household_id;municipality_id;grid_id;HLA;HSC;HSI;age;FAM;SEX;AG2;EMP
057540036036-0;057540036036;100mN31972E42268;MC;NA;4;51;M;M;5064;NEP
057540036036-0;057540036036;100mN31972E42268;MC;NA;4;55;M;F;5064;NEP
057540036036-0;057540036036;100mN31972E42268;MC;NA;4;3;S;M;0305;NEP
057540036036-0;057540036036;100mN31972E42268;MC;NA;4;10;S;F;0614;NEP
057540036036-1;057540036036;100mN32014E42239;PO;OS;2;66;S;M;6574;EMP
057540036036-1;057540036036;100mN32014E42239;PO;OS;2;65;S;M;6574;EMP
057540036036-2;057540036036;100mN31988E42272;MC;NA;2;20;M;M;1824;EMP
057540036036-2;057540036036;100mN31988E42272;MC;NA;2;18;M;F;1824;EMP
057540036036-3;057540036036;100mN32003E42261;S;OS;1;31;M;F;3039;EMP
057540036036-4;057540036036;100mN32019E42246;MC;NA;2;21;M;F;1824;EMP
057540036036-4;057540036036;100mN32019E42246;MC;NA;2;47;M;M;4049;NEP
057540036036-5;057540036036;100mN32014E42239;S;NA;1;46;S;F;4049;EMP
057540036036-6;057540036036;100mN32014E42239;S;NA;1;62;M;F;5064;NEP
057540036036-7;057540036036;100mN32016E42241;MC;OS;3;65;M;F;6574;NEP
057540036036-7;057540036036;100mN32016E42241;MC;OS;3;67;M;M;6574;EMP
057540036036-7;057540036036;100mN32016E42241;MC;OS;3;66;M;M;6574;EMP
057540036036-8;057540036036;100mN31993E42260;S;NA;1;61;S;M;5064;EMP
057540036036-9;057540036036;100mN31999E42255;MC;MIX;4;71;W;M;6574;UEP
057540036036-9;057540036036;100mN31999E42255;MC;MIX;4;43;M;M;4049;EMP
057540036036-9;057540036036;100mN31999E42255;MC;MIX;4;38;M;F;3039;NEP
057540036036-9;057540036036;100mN31999E42255;MC;MIX;4;16;S;M;1517;EMP
057540036036-10;057540036036;100mN31963E42257;MC;NA;2;47;M;M;4049;EMP
057540036036-10;057540036036;100mN31963E42257;MC;NA;2;43;M;F;4049;NEP
057540036036-11;057540036036;100mN31995E42265;MC;NA;4;41;M;M;4049;EMP
057540036036-11;057540036036;100mN31995E42265;MC;NA;4;38;M;F;3039;NEP
057540036036-11;057540036036;100mN31995E42265;MC;NA;4;2;S;M;0003;NEP
057540036036-11;057540036036;100mN31995E42265;MC;NA;4;21;S;M;1824;EMP
057540036036-12;057540036036;100mN32011E42280;S;NA;1;66;M;F;6574;EMP
057540036036-13;057540036036;100mN32013E42228;S;NA;1;47;S;M;4049;NEP
057540036036-14;057540036036;100mN31975E42299;S;OS;1;48;S;F;4049;EMP
057540036036-15;057540036036;100mN31973E42251;S;NA;1;45;D;F;4049;EMP
057540036036-16;057540036036;100mN32026E42264;PO;OS;2;68;S;F;6574;EMP
057540036036-16;057540036036;100mN32026E42264;PO;OS;2;69;S;F;6574;NEP
057540036036-17;057540036036;100mN32005E42286;MC;NA;3;42;M;F;4049;NEP
057540036036-17;057540036036;100mN32005E42286;MC;NA;3;44;M;M;4049;EMP
057540036036-17;057540036036;100mN32005E42286;MC;NA;3;16;S;M;1517;UEP
057540036036-18;057540036036;100mN32007E42251;MC;NA;2;42;M;F;4049;EMP
057540036036-18;057540036036;100mN32007E42251;MC;NA;2;41;M;M;4049;EMP
057540036036-19;057540036036;100mN32010E42253;MC;OS;2;75;M;F;75XX;EMP
057540036036-19;057540036036;100mN32010E42253;MC;OS;2;79;M;M;75XX;EMP
057540036036-20;057540036036;100mN32009E42247;S;OS;1;38;M;F;3039;EMP
057540036036-21;057540036036;100mN31977E42268;S;OS;1;70;M;M;6574;NEP
057540036036-22;057540036036;100mN32016E42289;MC;NA;3;42;M;F;4049;EMP
057540036036-22;057540036036;100mN32016E42289;MC;NA;3;42;M;M;4049;EMP
057540036036-22;057540036036;100mN32016E42289;MC;NA;3;12;S;F;0614;NEP
057540036036-23;057540036036;100mN31969E42244;S;NA;1;75;S;M;75XX;EMP
057540036036-24;057540036036;100mN32016E42235;MC;OS;2;73;M;M;6574;EMP
057540036036-24;057540036036;100mN32016E42235;MC;OS;2;67;M;F;6574;NEP
057540036036-25;057540036036;100mN31966E42249;MC;NA;2;58;M;M;5064;NEP
057540036036-25;057540036036;100mN31966E42249;MC;NA;2;52;M;F;5064;EMP
057540036036-26;057540036036;100mN31989E42257;MC;NA;6;35;M;F;3039;EMP
057540036036-26;057540036036;100mN31989E42257;MC;NA;6;43;M;M;4049;EMP
057540036036-26;057540036036;100mN31989E42257;MC;NA;6;12;S;M;0614;NEP
057540036036-26;057540036036;100mN31989E42257;MC;NA;6;20;M;F;1824;NEP
057540036036-26;057540036036;100mN31989E42257;MC;NA;6;19;S;M;1824;EMP
057540036036-26;057540036036;100mN31989E42257;MC;NA;6;18;W;F;1824;EMP
057540036036-27;057540036036;100mN32002E42285;MC;OS;4;73;M;M;6574;EMP
057540036036-27;057540036036;100mN32002E42285;MC;OS;4;72;M;F;6574;NEP
057540036036-27;057540036036;100mN32002E42285;MC;OS;4;81;M;F;75XX;EMP
057540036036-27;057540036036;100mN32002E42285;MC;OS;4;70;S;F;6574;NEP
057540036036-28;057540036036;100mN32001E42259;MC;NA;4;40;M;M;4049;EMP
057540036036-28;057540036036;100mN32001E42259;MC;NA;4;36;M;F;3039;EMP
057540036036-28;057540036036;100mN32001E42259;MC;NA;4;11;S;F;0614;NEP
057540036036-28;057540036036;100mN32001E42259;MC;NA;4;9;S;F;0614;NEP
057540036036-29;057540036036;100mN32013E42288;MC;NA;2;48;M;M;4049;NEP
057540036036-29;057540036036;100mN32013E42288;MC;NA;2;51;M;F;5064;NEP
057540036036-30;057540036036;100mN32007E42281;S;OS;1;60;S;M;5064;EMP
057540036036-31;057540036036;100mN31973E42252;MC;NA;4;42;M;M;4049;EMP
057540036036-31;057540036036;100mN31973E42252;MC;NA;4;40;M;F;4049;EMP
057540036036-31;057540036036;100mN31973E42252;MC;NA;4;11;S;M;0614;NEP
057540036036-31;057540036036;100mN31973E42252;MC;NA;4;11;S;M;0614;NEP
057540036036-32;057540036036;100mN32002E42285;MC;OS;2;67;M;F;6574;EMP
057540036036-32;057540036036;100mN32002E42285;MC;OS;2;68;M;M;6574;EMP
057540036036-33;057540036036;100mN32013E42226;MC;NA;4;42;M;F;4049;NEP
057540036036-33;057540036036;100mN32013E42226;MC;NA;4;45;M;M;4049;NEP
057540036036-33;057540036036;100mN32013E42226;MC;NA;4;15;S;F;1517;NEP
057540036036-33;057540036036;100mN32013E42226;MC;NA;4;27;M;F;2529;NEP
057540036036-34;057540036036;100mN32013E42226;S;NA;1;27;M;M;2529;EMP
057540036036-35;057540036036;100mN31999E42256;MC;NA;2;43;M;M;4049;EMP
057540036036-35;057540036036;100mN31999E42256;MC;NA;2;40;M;F;4049;NEP
057540036036-36;057540036036;100mN32009E42279;SF;NA;2;63;W;F;5064;NEP
057540036036-36;057540036036;100mN32009E42279;SF;NA;2;3;S;F;0305;NEP
057540036036-37;057540036036;100mN32022E42252;SF;MIX;2;66;S;F;6574;EMP
057540036036-37;057540036036;100mN32022E42252;SF;MIX;2;4;S;M;0305;NEP
057540036036-38;057540036036;100mN32012E42243;MC;MIX;2;67;M;F;6574;EMP
057540036036-38;057540036036;100mN32012E42243;MC;MIX;2;42;S;M;4049;EMP
057540036036-39;057540036036;100mN31992E42267;MC;NA;2;42;M;M;4049;EMP
057540036036-39;057540036036;100mN31992E42267;MC;NA;2;42;M;F;4049;NEP
057540036036-40;057540036036;100mN32013E42226;MC;NA;4;42;M;F;4049;EMP
057540036036-40;057540036036;100mN32013E42226;MC;NA;4;43;M;M;4049;EMP
057540036036-40;057540036036;100mN32013E42226;MC;NA;4;26;M;F;2529;NEP
057540036036-40;057540036036;100mN32013E42226;MC;NA;4;1;S;M;0003;NEP
057540036036-41;057540036036;100mN31985E42302;MC;NA;2;53;M;M;5064;EMP
057540036036-41;057540036036;100mN31985E42302;MC;NA;2;48;M;F;4049;EMP
057540036036-42;057540036036;100mN31955E42261;MC;NA;2;55;M;F;5064;EMP
057540036036-42;057540036036;100mN31955E42261;MC;NA;2;59;M;M;5064;NEP
057540036036-43;057540036036;100mN32013E42226;S;OS;1;45;M;M;4049;EMP
057540036036-44;057540036036;100mN32013E42226;MC;NA;2;58;M;M;5064;EMP
057540036036-44;057540036036;100mN32013E42226;MC;NA;2;57;M;F;5064;NEP
057540036036-45;057540036036;100mN32013E42226;MC;NA;3;60;M;F;5064;EMP
057540036036-45;057540036036;100mN32013E42226;MC;NA;3;62;M;M;5064;EMP
057540036036-45;057540036036;100mN32013E42226;MC;NA;3;13;S;F;0614;NEP
057540036036-46;057540036036;100mN32003E42258;SF;MIX;2;66;W;F;6574;NEP
057540036036-46;057540036036;100mN32003E42258;SF;MIX;2;10;S;M;0614;NEP
057540036036-47;057540036036;100mN32013E42226;PO;OS;4;72;S;M;6574;EMP
057540036036-47;057540036036;100mN32013E42226;PO;OS;4;71;S;F;6574;EMP
057540036036-47;057540036036;100mN32013E42226;PO;OS;4;70;D;M;6574;EMP
057540036036-47;057540036036;100mN32013E42226;PO;OS;4;87;M;M;75XX;NEP
057540036036-48;057540036036;100mN31962E42308;SF;MIX;2;71;S;F;6574;EMP
057540036036-48;057540036036;100mN31962E42308;SF;MIX;2;50;D;M;5064;NEP
057540036036-49;057540036036;100mN31973E42247;MC;NA;2;53;M;F;5064;EMP
057540036036-49;057540036036;100mN31973E42247;MC;NA;2;53;M;M;5064;EMP
057540036036-50;057540036036;100mN31977E42265;MC;NA;2;44;M;F;4049;EMP
057540036036-50;057540036036;100mN31977E42265;MC;NA;2;50;M;M;5064;EMP
057540036036-51;057540036036;100mN32004E42258;S;NA;1;69;M;M;6574;EMP
057540036036-52;057540036036;100mN32002E42255;MC;NA;2;52;M;F;5064;EMP
057540036036-52;057540036036;100mN32002E42255;MC;NA;2;18;M;M;1824;EMP
057540036036-53;057540036036;100mN31977E42259;S;NA;1;46;S;F;4049;NEP
057540036036-54;057540036036;100mN32012E42251;MC;NA;4;31;M;M;3039;EMP
057540036036-54;057540036036;100mN32012E42251;MC;NA;4;22;M;F;1824;NEP
057540036036-54;057540036036;100mN32012E42251;MC;NA;4;16;S;F;1517;NEP
057540036036-54;057540036036;100mN32012E42251;MC;NA;4;4;S;M;0305;NEP
057540036036-55;057540036036;100mN32019E42242;MC;OS;2;82;M;F;75XX;EMP
057540036036-55;057540036036;100mN32019E42242;MC;OS;2;84;M;M;75XX;EMP
057540036036-56;057540036036;100mN32004E42282;MC;OS;2;89;M;F;75XX;NEP
057540036036-56;057540036036;100mN32004E42282;MC;OS;2;85;M;M;75XX;EMP
057540036036-57;057540036036;100mN32010E42287;S;OS;1;66;S;F;6574;EMP
057540036036-58;057540036036;100mN32015E42248;NA;OS;4;88;D;F;75XX;NEP
057540036036-58;057540036036;100mN32015E42248;NA;OS;4;20;D;M;1824;EMP
057540036036-58;057540036036;100mN32015E42248;NA;OS;4;63;M;M;5064;EMP
057540036036-58;057540036036;100mN32015E42248;NA;OS;4;51;S;F;5064;EMP
057540036036-59;057540036036;100mN31987E42277;S;OS;1;67;M;M;6574;EMP
057540036036-60;057540036036;100mN32013E42229;MC;NA;2;21;M;F;1824;NEP
057540036036-60;057540036036;100mN32013E42229;MC;NA;2;28;M;M;2529;EMP
057540036036-61;057540036036;100mN31986E42272;MC;MIX;2;76;M;F;75XX;NEP
057540036036-61;057540036036;100mN31986E42272;MC;MIX;2;43;M;F;4049;EMP
057540036036-62;057540036036;100mN32008E42288;PO;NA;2;48;S;F;4049;NEP
057540036036-62;057540036036;100mN32008E42288;PO;NA;2;51;S;M;5064;EMP
057540036036-63;057540036036;100mN31973E42270;MC;NA;6;54;M;M;5064;EMP
057540036036-63;057540036036;100mN31973E42270;MC;NA;6;47;M;F;4049;EMP
057540036036-63;057540036036;100mN31973E42270;MC;NA;6;8;S;M;0614;NEP
057540036036-63;057540036036;100mN31973E42270;MC;NA;6;15;S;F;1517;NEP
057540036036-63;057540036036;100mN31973E42270;MC;NA;6;11;S;M;0614;NEP
057540036036-63;057540036036;100mN31973E42270;MC;NA;6;2;S;F;0003;NEP
057540036036-64;057540036036;100mN32016E42249;S;NA;1;89;D;M;75XX;EMP
057540036036-65;057540036036;100mN32011E42228;MC;NA;2;54;M;F;5064;NEP
057540036036-65;057540036036;100mN32011E42228;MC;NA;2;55;M;M;5064;EMP
057540036036-66;057540036036;100mN31967E42276;S;OS;1;70;W;F;6574;EMP
057540036036-67;057540036036;100mN32015E42253;MC;NA;3;40;M;F;4049;EMP
057540036036-67;057540036036;100mN32015E42253;MC;NA;3;43;M;M;4049;EMP
057540036036-67;057540036036;100mN32015E42253;MC;NA;3;12;S;M;0614;NEP
057540036036-68;057540036036;100mN31971E42251;S;NA;1;34;M;F;3039;NEP
057540036036-69;057540036036;100mN32008E42278;MC;NA;2;47;M;M;4049;EMP
057540036036-69;057540036036;100mN32008E42278;MC;NA;2;44;M;F;4049;EMP
057540036036-70;057540036036;100mN32005E42280;MC;MIX;6;67;M;M;6574;UEP
057540036036-70;057540036036;100mN32005E42280;MC;MIX;6;50;M;F;5064;EMP
057540036036-70;057540036036;100mN32005E42280;MC;MIX;6;52;M;M;5064;EMP
057540036036-70;057540036036;100mN32005E42280;MC;MIX;6;35;S;F;3039;EMP
057540036036-70;057540036036;100mN32005E42280;MC;MIX;6;0;S;M;0003;NEP
057540036036-70;057540036036;100mN32005E42280;MC;MIX;6;9;S;M;0614;NEP
057540036036-71;057540036036;100mN32004E42289;MC;NA;3;36;M;F;3039;EMP
057540036036-71;057540036036;100mN32004E42289;MC;NA;3;45;M;M;4049;NEP
057540036036-71;057540036036;100mN32004E42289;MC;NA;3;3;S;F;0305;NEP
057540036036-72;057540036036;100mN32004E42260;S;NA;1;48;S;M;4049;NEP
057540036036-73;057540036036;100mN31976E42248;PO;OS;2;65;S;F;6574;EMP
057540036036-73;057540036036;100mN31976E42248;PO;OS;2;67;S;F;6574;NEP
057540036036-74;057540036036;100mN32018E42267;NA;NA;3;16;S;M;1517;EMP
057540036036-74;057540036036;100mN32018E42267;NA;NA;3;59;M;F;5064;EMP
057540036036-74;057540036036;100mN32018E42267;NA;NA;3;69;M;F;6574;EMP
057540036036-75;057540036036;100mN32014E42248;MC;NA;4;60;M;M;5064;EMP
057540036036-75;057540036036;100mN32014E42248;MC;NA;4;54;M;F;5064;NEP
057540036036-75;057540036036;100mN32014E42248;MC;NA;4;22;M;F;1824;EMP
057540036036-75;057540036036;100mN32014E42248;MC;NA;4;21;M;M;1824;EMP
057540036036-76;057540036036;100mN32008E42248;MC;NA;2;52;M;M;5064;EMP
057540036036-76;057540036036;100mN32008E42248;MC;NA;2;51;M;F;5064;EMP
057540036036-77;057540036036;100mN31999E42264;MC;MIX;3;77;S;M;75XX;EMP
057540036036-77;057540036036;100mN31999E42264;MC;MIX;3;26;M;M;2529;EMP
057540036036-77;057540036036;100mN31999E42264;MC;MIX;3;26;M;F;2529;EMP
057540036036-78;057540036036;100mN31977E42251;S;NA;1;48;S;F;4049;NEP
057540036036-79;057540036036;100mN31999E42254;SM;NA;3;37;W;M;3039;EMP
057540036036-79;057540036036;100mN31999E42254;SM;NA;3;19;M;F;1824;EMP
057540036036-79;057540036036;100mN31999E42254;SM;NA;3;16;S;M;1517;EMP
057540036036-80;057540036036;100mN32014E42250;SF;NA;2;37;S;F;3039;EMP
057540036036-80;057540036036;100mN32014E42250;SF;NA;2;16;S;F;1517;EMP
057540036036-81;057540036036;100mN32018E42289;SF;NA;3;37;D;F;3039;EMP
057540036036-81;057540036036;100mN32018E42289;SF;NA;3;16;S;F;1517;EMP
057540036036-81;057540036036;100mN32018E42289;SF;NA;3;18;M;F;1824;NEP
057540036036-82;057540036036;100mN31977E42286;S;OS;1;51;W;F;5064;NEP
057540036036-83;057540036036;100mN32007E42303;S;NA;1;44;D;M;4049;EMP
057540036036-84;057540036036;100mN31977E42251;MC;OS;4;73;M;M;6574;EMP
057540036036-84;057540036036;100mN31977E42251;MC;OS;4;73;M;F;6574;NEP
057540036036-84;057540036036;100mN31977E42251;MC;OS;4;82;S;M;75XX;NEP
057540036036-84;057540036036;100mN31977E42251;MC;OS;4;69;S;F;6574;NEP
057540036036-85;057540036036;100mN31977E42251;S;NA;1;72;W;F;6574;NEP
057540036036-86;057540036036;100mN31999E42257;S;NA;1;25;W;F;2529;NEP
057540036036-87;057540036036;100mN32004E42287;MC;NA;2;27;M;F;2529;EMP
057540036036-87;057540036036;100mN32004E42287;MC;NA;2;33;M;M;3039;EMP
057540036036-88;057540036036;100mN32011E42284;S;NA;1;54;M;F;5064;EMP
057540036036-89;057540036036;100mN32007E42252;MC;OS;2;89;M;M;75XX;EMP
057540036036-89;057540036036;100mN32007E42252;MC;OS;2;88;M;F;75XX;EMP
057540036036-90;057540036036;100mN32014E42228;MC;NA;4;27;M;F;2529;EMP
057540036036-90;057540036036;100mN32014E42228;MC;NA;4;26;M;M;2529;EMP
057540036036-90;057540036036;100mN32014E42228;MC;NA;4;11;S;M;0614;NEP
057540036036-90;057540036036;100mN32014E42228;MC;NA;4;7;S;M;0614;NEP
057540036036-91;057540036036;100mN32004E42280;MC;OS;2;77;M;M;75XX;EMP
057540036036-91;057540036036;100mN32004E42280;MC;OS;2;82;M;F;75XX;EMP
057540036036-92;057540036036;100mN31979E42257;MC;NA;4;46;M;M;4049;EMP
057540036036-92;057540036036;100mN31979E42257;MC;NA;4;52;M;F;5064;EMP
057540036036-92;057540036036;100mN31979E42257;MC;NA;4;26;W;M;2529;EMP
057540036036-92;057540036036;100mN31979E42257;MC;NA;4;1;S;M;0003;NEP
057540036036-93;057540036036;100mN32017E42241;MC;NA;2;30;M;F;3039;EMP
057540036036-93;057540036036;100mN32017E42241;MC;NA;2;30;M;M;3039;EMP
057540036036-94;057540036036;100mN32006E42286;MC;MIX;2;79;M;F;75XX;EMP
057540036036-94;057540036036;100mN32006E42286;MC;MIX;2;56;S;F;5064;EMP
057540036036-95;057540036036;100mN32014E42228;PO;MIX;2;87;S;M;75XX;EMP
057540036036-95;057540036036;100mN32014E42228;PO;MIX;2;28;M;M;2529;EMP
057540036036-96;057540036036;100mN32009E42288;S;OS;1;35;M;M;3039;EMP
057540036036-97;057540036036;100mN32017E42239;MC;NA;2;31;M;M;3039;EMP
057540036036-97;057540036036;100mN32017E42239;MC;NA;2;30;M;F;3039;EMP
057540036036-98;057540036036;100mN32013E42238;S;NA;1;37;D;F;3039;EMP
057540036036-99;057540036036;100mN32005E42277;S;OS;1;19;S;M;1824;EMP
057540036036-100;057540036036;100mN32017E42253;S;OS;1;41;S;M;4049;NEP
057540036036-101;057540036036;100mN32005E42277;MC;NA;4;32;M;F;3039;EMP
057540036036-101;057540036036;100mN32005E42277;MC;NA;4;41;M;M;4049;EMP
057540036036-101;057540036036;100mN32005E42277;MC;NA;4;10;S;M;0614;NEP
057540036036-101;057540036036;100mN32005E42277;MC;NA;4;2;S;M;0003;NEP
057540036036-102;057540036036;100mN32017E42239;S;NA;1;51;M;M;5064;EMP
057540036036-103;057540036036;100mN32017E42239;S;NA;1;44;M;F;4049;EMP
057540036036-104;057540036036;100mN32017E42239;MC;NA;4;34;M;F;3039;NEP
057540036036-104;057540036036;100mN32017E42239;MC;NA;4;42;M;M;4049;EMP
057540036036-104;057540036036;100mN32017E42239;MC;NA;4;6;S;M;0614;NEP
057540036036-104;057540036036;100mN32017E42239;MC;NA;4;1;S;F;0003;NEP
057540036036-105;057540036036;100mN31990E42259;SF;MIX;3;65;M;F;6574;EMP
057540036036-105;057540036036;100mN31990E42259;SF;MIX;3;61;S;F;5064;NEP
057540036036-105;057540036036;100mN31990E42259;SF;MIX;3;10;S;M;0614;NEP
057540036036-106;057540036036;100mN31993E42261;S;OS;1;51;M;F;5064;NEP
057540036036-107;057540036036;100mN31988E42298;SF;NA;4;31;S;F;3039;EMP
057540036036-107;057540036036;100mN31988E42298;SF;NA;4;4;S;F;0305;NEP
057540036036-107;057540036036;100mN31988E42298;SF;NA;4;0;S;M;0003;NEP
057540036036-107;057540036036;100mN31988E42298;SF;NA;4;2;S;M;0003;NEP
057540036036-108;057540036036;100mN32010E42252;SM;NA;2;44;D;M;4049;EMP
057540036036-108;057540036036;100mN32010E42252;SM;NA;2;27;S;M;2529;EMP
057540036036-109;057540036036;100mN32001E42290;MC;OS;2;68;M;F;6574;EMP
057540036036-109;057540036036;100mN32001E42290;MC;OS;2;70;M;M;6574;NEP
057540036036-110;057540036036;100mN32002E42258;MC;NA;2;42;M;M;4049;NEP
057540036036-110;057540036036;100mN32002E42258;MC;NA;2;48;M;F;4049;EMP
057540036036-111;057540036036;100mN32009E42285;SF;NA;4;62;W;F;5064;EMP
057540036036-111;057540036036;100mN32009E42285;SF;NA;4;13;S;F;0614;NEP
057540036036-111;057540036036;100mN32009E42285;SF;NA;4;2;S;F;0003;NEP
057540036036-111;057540036036;100mN32009E42285;SF;NA;4;6;S;M;0614;NEP
057540036036-112;057540036036;100mN31958E42263;NA;NA;2;46;D;M;4049;EMP
057540036036-112;057540036036;100mN31958E42263;NA;NA;2;75;M;M;75XX;EMP
057540036036-113;057540036036;100mN32017E42231;MC;NA;2;62;M;M;5064;EMP
057540036036-113;057540036036;100mN32017E42231;MC;NA;2;58;M;F;5064;NEP
057540036036-114;057540036036;100mN32017E42231;MC;NA;2;26;M;M;2529;EMP
057540036036-114;057540036036;100mN32017E42231;MC;NA;2;26;M;F;2529;NEP
057540036036-115;057540036036;100mN32001E42259;S;NA;1;26;D;F;2529;NEP
057540036036-116;057540036036;100mN31975E42300;S;OS;1;87;M;M;75XX;EMP
057540036036-117;057540036036;100mN31973E42270;PO;NA;3;35;S;M;3039;EMP
057540036036-117;057540036036;100mN31973E42270;PO;NA;3;27;S;F;2529;EMP
057540036036-117;057540036036;100mN31973E42270;PO;NA;3;16;S;M;1517;EMP
057540036036-118;057540036036;100mN31957E42259;S;NA;1;19;S;M;1824;NEP
057540036036-119;057540036036;100mN32012E42251;MC;MIX;3;69;M;F;6574;EMP
057540036036-119;057540036036;100mN32012E42251;MC;MIX;3;42;M;M;4049;EMP
057540036036-119;057540036036;100mN32012E42251;MC;MIX;3;40;M;F;4049;EMP
057540036036-120;057540036036;100mN31976E42271;MC;NA;2;54;M;M;5064;EMP
057540036036-120;057540036036;100mN31976E42271;MC;NA;2;47;M;F;4049;NEP
057540036036-121;057540036036;100mN31997E42258;MC;OS;3;87;M;F;75XX;EMP
057540036036-121;057540036036;100mN31997E42258;MC;OS;3;88;M;M;75XX;EMP
057540036036-121;057540036036;100mN31997E42258;MC;OS;3;83;S;M;75XX;EMP
057540036036-122;057540036036;100mN32016E42251;PO;NA;4;33;S;M;3039;EMP
057540036036-122;057540036036;100mN32016E42251;PO;NA;4;25;S;M;2529;EMP
057540036036-122;057540036036;100mN32016E42251;PO;NA;4;18;M;M;1824;EMP
057540036036-122;057540036036;100mN32016E42251;PO;NA;4;18;W;F;1824;EMP
057540036036-123;057540036036;100mN31975E42300;MC;NA;3;56;M;M;5064;EMP
057540036036-123;057540036036;100mN31975E42300;MC;NA;3;54;M;F;5064;EMP
057540036036-123;057540036036;100mN31975E42300;MC;NA;3;16;S;F;1517;EMP
057540036036-124;057540036036;100mN31962E42301;S;OS;1;84;M;F;75XX;NEP
057540036036-125;057540036036;100mN31961E42266;SF;NA;4;60;W;F;5064;NEP
057540036036-125;057540036036;100mN31961E42266;SF;NA;4;25;W;M;2529;EMP
057540036036-125;057540036036;100mN31961E42266;SF;NA;4;10;S;M;0614;NEP
057540036036-125;057540036036;100mN31961E42266;SF;NA;4;15;S;F;1517;EMP
057540036036-126;057540036036;100mN31997E42259;PO;NA;5;54;S;M;5064;EMP
057540036036-126;057540036036;100mN31997E42259;PO;NA;5;61;S;F;5064;EMP
057540036036-126;057540036036;100mN31997E42259;PO;NA;5;0;S;M;0003;NEP
057540036036-126;057540036036;100mN31997E42259;PO;NA;5;4;S;F;0305;NEP
057540036036-126;057540036036;100mN31997E42259;PO;NA;5;12;S;M;0614;NEP
057540036036-127;057540036036;100mN31961E42282;MC;MIX;5;80;S;M;75XX;EMP
057540036036-127;057540036036;100mN31961E42282;MC;MIX;5;58;M;M;5064;EMP
057540036036-127;057540036036;100mN31961E42282;MC;MIX;5;52;M;F;5064;NEP
057540036036-127;057540036036;100mN31961E42282;MC;MIX;5;10;S;M;0614;NEP
057540036036-127;057540036036;100mN31961E42282;MC;MIX;5;12;S;F;0614;NEP
057540036036-128;057540036036;100mN32007E42251;MC;NA;3;44;M;M;4049;EMP
057540036036-128;057540036036;100mN32007E42251;MC;NA;3;55;M;F;5064;EMP
057540036036-128;057540036036;100mN32007E42251;MC;NA;3;6;S;F;0614;NEP
057540036036-129;057540036036;100mN32002E42287;MC;OS;3;79;M;F;75XX;EMP
057540036036-129;057540036036;100mN32002E42287;MC;OS;3;81;M;M;75XX;EMP
057540036036-129;057540036036;100mN32002E42287;MC;OS;3;73;S;F;6574;EMP
057540036036-130;057540036036;100mN32007E42282;MC;NA;2;38;M;M;3039;EMP
057540036036-130;057540036036;100mN32007E42282;MC;NA;2;34;M;F;3039;EMP
057540036036-131;057540036036;100mN31999E42272;S;OS;1;46;S;M;4049;EMP
057540036036-132;057540036036;100mN31972E42261;S;NA;1;59;S;M;5064;EMP
057540036036-133;057540036036;100mN31998E42254;S;NA;1;44;M;M;4049;NEP
057540036036-134;057540036036;100mN32005E42254;S;OS;1;61;S;F;5064;EMP
057540036036-135;057540036036;100mN31994E42263;MC;NA;4;23;M;M;1824;EMP
057540036036-135;057540036036;100mN31994E42263;MC;NA;4;18;M;F;1824;EMP
057540036036-135;057540036036;100mN31994E42263;MC;NA;4;6;S;F;0614;NEP
057540036036-135;057540036036;100mN31994E42263;MC;NA;4;7;S;F;0614;NEP
057540036036-136;057540036036;100mN31977E42286;S;NA;1;52;S;F;5064;EMP
057540036036-137;057540036036;100mN31977E42286;MC;NA;4;59;M;M;5064;EMP
057540036036-137;057540036036;100mN31977E42286;MC;NA;4;51;M;F;5064;EMP
057540036036-137;057540036036;100mN31977E42286;MC;NA;4;42;M;M;4049;NEP
057540036036-137;057540036036;100mN31977E42286;MC;NA;4;1;S;F;0003;NEP
057540036036-138;057540036036;100mN32019E42248;S;NA;1;55;M;F;5064;EMP
057540036036-139;057540036036;100mN32007E42251;MC;OS;2;68;M;F;6574;NEP
057540036036-139;057540036036;100mN32007E42251;MC;OS;2;70;M;M;6574;EMP
057540036036-140;057540036036;100mN32011E42248;S;NA;1;38;S;M;3039;EMP
057540036036-141;057540036036;100mN32017E42246;MC;NA;2;20;M;M;1824;EMP
057540036036-141;057540036036;100mN32017E42246;MC;NA;2;18;M;F;1824;NEP
057540036036-142;057540036036;100mN32017E42246;MC;NA;3;31;M;F;3039;NEP
057540036036-142;057540036036;100mN32017E42246;MC;NA;3;40;M;M;4049;EMP
057540036036-142;057540036036;100mN32017E42246;MC;NA;3;16;S;M;1517;UEP
057540036036-143;057540036036;100mN32018E42246;SF;NA;2;27;D;F;2529;EMP
057540036036-143;057540036036;100mN32018E42246;SF;NA;2;4;S;F;0305;NEP
057540036036-144;057540036036;100mN32017E42288;S;OS;1;22;S;M;1824;NEP
057540036036-145;057540036036;100mN32001E42257;S;NA;1;26;M;M;2529;UEP
057540036036-146;057540036036;100mN32005E42231;MC;NA;5;56;M;M;5064;EMP
057540036036-146;057540036036;100mN32005E42231;MC;NA;5;47;M;F;4049;NEP
057540036036-146;057540036036;100mN32005E42231;MC;NA;5;11;S;M;0614;NEP
057540036036-146;057540036036;100mN32005E42231;MC;NA;5;30;D;M;3039;NEP
057540036036-146;057540036036;100mN32005E42231;MC;NA;5;41;S;M;4049;UEP
057540036036-147;057540036036;100mN32017E42246;MC;OS;3;82;M;M;75XX;EMP
057540036036-147;057540036036;100mN32017E42246;MC;OS;3;82;M;F;75XX;EMP
057540036036-147;057540036036;100mN32017E42246;MC;OS;3;85;M;F;75XX;NEP
057540036036-148;057540036036;100mN32018E42249;S;OS;1;43;M;M;4049;EMP
057540036036-149;057540036036;100mN32019E42256;S;NA;1;72;S;M;6574;EMP
057540036036-150;057540036036;100mN31991E42259;MC;NA;2;59;M;M;5064;EMP
057540036036-150;057540036036;100mN31991E42259;MC;NA;2;51;M;F;5064;EMP
057540036036-151;057540036036;100mN31969E42256;NA;OS;2;43;S;F;4049;NEP
057540036036-151;057540036036;100mN31969E42256;NA;OS;2;31;M;F;3039;NEP
057540036036-152;057540036036;100mN32017E42246;PO;NA;2;47;S;M;4049;EMP
057540036036-152;057540036036;100mN32017E42246;PO;NA;2;18;S;M;1824;NEP
057540036036-153;057540036036;100mN32001E42255;MC;OS;3;89;M;F;75XX;NEP
057540036036-153;057540036036;100mN32001E42255;MC;OS;3;44;M;M;4049;NEP
057540036036-153;057540036036;100mN32001E42255;MC;OS;3;86;D;M;75XX;EMP
057540036036-154;057540036036;100mN32009E42280;MC;MIX;2;86;M;F;75XX;EMP
057540036036-154;057540036036;100mN32009E42280;MC;MIX;2;50;M;M;5064;EMP
057540036036-155;057540036036;100mN32017E42246;PO;NA;2;50;S;F;5064;NEP
057540036036-155;057540036036;100mN32017E42246;PO;NA;2;61;S;M;5064;EMP
057540036036-156;057540036036;100mN32017E42246;MC;NA;3;35;M;F;3039;EMP
057540036036-156;057540036036;100mN32017E42246;MC;NA;3;27;M;M;2529;EMP
057540036036-156;057540036036;100mN32017E42246;MC;NA;3;7;S;F;0614;NEP
057540036036-157;057540036036;100mN32017E42246;S;OS;1;79;M;F;75XX;NEP
057540036036-158;057540036036;100mN31998E42273;S;OS;1;66;M;M;6574;NEP
057540036036-159;057540036036;100mN31998E42259;MC;MIX;3;69;D;F;6574;NEP
057540036036-159;057540036036;100mN31998E42259;MC;MIX;3;25;M;F;2529;NEP
057540036036-159;057540036036;100mN31998E42259;MC;MIX;3;26;M;M;2529;EMP
057540036036-160;057540036036;100mN32022E42251;MC;NA;4;55;M;F;5064;NEP
057540036036-160;057540036036;100mN32022E42251;MC;NA;4;56;M;M;5064;EMP
057540036036-160;057540036036;100mN32022E42251;MC;NA;4;9;S;M;0614;NEP
057540036036-160;057540036036;100mN32022E42251;MC;NA;4;16;S;M;1517;EMP
057540036036-161;057540036036;100mN32001E42297;MC;NA;3;48;M;F;4049;NEP
057540036036-161;057540036036;100mN32001E42297;MC;NA;3;51;M;M;5064;NEP
057540036036-161;057540036036;100mN32001E42297;MC;NA;3;12;S;F;0614;NEP
057540036036-162;057540036036;100mN32018E42255;MC;NA;4;61;M;M;5064;NEP
057540036036-162;057540036036;100mN32018E42255;MC;NA;4;58;M;F;5064;EMP
057540036036-162;057540036036;100mN32018E42255;MC;NA;4;28;S;F;2529;NEP
057540036036-162;057540036036;100mN32018E42255;MC;NA;4;27;D;M;2529;EMP
057540036036-163;057540036036;100mN31999E42273;S;NA;1;28;S;F;2529;NEP
057540036036-164;057540036036;100mN32005E42253;MC;NA;3;41;M;M;4049;EMP
057540036036-164;057540036036;100mN32005E42253;MC;NA;3;18;M;F;1824;EMP
057540036036-164;057540036036;100mN32005E42253;MC;NA;3;11;S;F;0614;NEP
057540036036-165;057540036036;100mN31963E42307;MC;NA;4;56;M;M;5064;EMP
057540036036-165;057540036036;100mN31963E42307;MC;NA;4;55;M;F;5064;NEP
057540036036-165;057540036036;100mN31963E42307;MC;NA;4;8;S;F;0614;NEP
057540036036-165;057540036036;100mN31963E42307;MC;NA;4;9;S;F;0614;NEP
057540036036-166;057540036036;100mN31992E42257;MC;MIX;6;70;M;M;6574;EMP
057540036036-166;057540036036;100mN31992E42257;MC;MIX;6;62;M;M;5064;EMP
057540036036-166;057540036036;100mN31992E42257;MC;MIX;6;58;M;F;5064;NEP
057540036036-166;057540036036;100mN31992E42257;MC;MIX;6;16;S;F;1517;EMP
057540036036-166;057540036036;100mN31992E42257;MC;MIX;6;4;S;M;0305;NEP
057540036036-166;057540036036;100mN31992E42257;MC;MIX;6;7;S;F;0614;NEP
057540036036-167;057540036036;100mN32009E42247;SM;NA;2;55;S;M;5064;EMP
057540036036-167;057540036036;100mN32009E42247;SM;NA;2;7;S;M;0614;NEP
057540036036-168;057540036036;100mN31975E42299;MC;MIX;3;76;S;M;75XX;EMP
057540036036-168;057540036036;100mN31975E42299;MC;MIX;3;53;M;F;5064;EMP
057540036036-168;057540036036;100mN31975E42299;MC;MIX;3;50;M;M;5064;UEP
057540036036-169;057540036036;100mN32005E42253;MC;NA;3;53;M;F;5064;NEP
057540036036-169;057540036036;100mN32005E42253;MC;NA;3;60;M;M;5064;EMP
057540036036-169;057540036036;100mN32005E42253;MC;NA;3;11;S;F;0614;NEP
057540036036-170;057540036036;100mN31999E42273;MC;NA;4;43;M;M;4049;EMP
057540036036-170;057540036036;100mN31999E42273;MC;NA;4;51;M;F;5064;NEP
057540036036-170;057540036036;100mN31999E42273;MC;NA;4;12;S;F;0614;NEP
057540036036-170;057540036036;100mN31999E42273;MC;NA;4;9;S;M;0614;NEP
057540036036-171;057540036036;100mN32005E42253;SM;MIX;3;66;M;F;6574;NEP
057540036036-171;057540036036;100mN32005E42253;SM;MIX;3;45;S;M;4049;EMP
057540036036-171;057540036036;100mN32005E42253;SM;MIX;3;15;S;M;1517;NEP
057540036036-172;057540036036;100mN32005E42253;MC;OS;2;87;M;F;75XX;NEP
057540036036-172;057540036036;100mN32005E42253;MC;OS;2;89;M;M;75XX;EMP
057540036036-173;057540036036;100mN31990E42258;MC;OS;2;72;M;M;6574;EMP
057540036036-173;057540036036;100mN31990E42258;MC;OS;2;65;M;F;6574;NEP
057540036036-174;057540036036;100mN32009E42276;MC;NA;3;59;M;M;5064;EMP
057540036036-174;057540036036;100mN32009E42276;MC;NA;3;56;M;F;5064;NEP
057540036036-174;057540036036;100mN32009E42276;MC;NA;3;9;S;F;0614;NEP
057540036036-175;057540036036;100mN32005E42253;S;NA;1;51;W;M;5064;EMP
057540036036-176;057540036036;100mN31992E42256;MC;NA;3;63;M;M;5064;EMP
057540036036-176;057540036036;100mN31992E42256;MC;NA;3;43;S;F;4049;NEP
057540036036-176;057540036036;100mN31992E42256;MC;NA;3;32;S;F;3039;EMP
057540036036-177;057540036036;100mN31973E42252;MC;NA;2;42;M;F;4049;NEP
057540036036-177;057540036036;100mN31973E42252;MC;NA;2;41;M;M;4049;EMP
057540036036-178;057540036036;100mN32005E42253;S;NA;1;52;M;M;5064;NEP
057540036036-179;057540036036;100mN32001E42257;S;OS;1;42;D;F;4049;EMP
057540036036-180;057540036036;100mN32018E42254;MC;NA;2;40;M;F;4049;NEP
057540036036-180;057540036036;100mN32018E42254;MC;NA;2;36;M;M;3039;EMP
057540036036-181;057540036036;100mN32007E42280;MC;NA;2;50;M;M;5064;EMP
057540036036-181;057540036036;100mN32007E42280;MC;NA;2;47;M;F;4049;NEP
057540036036-182;057540036036;100mN31995E42254;S;OS;1;42;S;M;4049;EMP
057540036036-183;057540036036;100mN32017E42245;S;NA;1;46;M;M;4049;NEP
057540036036-184;057540036036;100mN31977E42290;S;NA;1;23;M;F;1824;NEP
057540036036-185;057540036036;100mN32010E42247;MC;MIX;2;65;M;M;6574;NEP
057540036036-185;057540036036;100mN32010E42247;MC;MIX;2;62;M;F;5064;EMP
057540036036-186;057540036036;100mN32018E42252;PO;NA;2;58;S;M;5064;NEP
057540036036-186;057540036036;100mN32018E42252;PO;NA;2;56;S;M;5064;NEP
057540036036-187;057540036036;100mN32002E42286;PO;OS;2;70;S;M;6574;NEP
057540036036-187;057540036036;100mN32002E42286;PO;OS;2;67;S;F;6574;EMP
057540036036-188;057540036036;100mN32002E42286;MC;NA;2;52;M;F;5064;EMP
057540036036-188;057540036036;100mN32002E42286;MC;NA;2;57;M;M;5064;EMP
057540036036-189;057540036036;100mN31992E42260;S;NA;1;37;S;M;3039;EMP
057540036036-190;057540036036;100mN31990E42257;MC;MIX;4;84;W;F;75XX;EMP
057540036036-190;057540036036;100mN31990E42257;MC;MIX;4;25;M;F;2529;EMP
057540036036-190;057540036036;100mN31990E42257;MC;MIX;4;26;M;M;2529;EMP
057540036036-190;057540036036;100mN31990E42257;MC;MIX;4;3;S;F;0305;NEP
057540036036-191;057540036036;100mN31973E42298;NA;NA;3;65;M;M;6574;EMP
057540036036-191;057540036036;100mN31973E42298;NA;NA;3;50;M;F;5064;NEP
057540036036-191;057540036036;100mN31973E42298;NA;NA;3;68;D;F;6574;NEP
057540036036-192;057540036036;100mN32002E42286;S;NA;1;67;M;M;6574;EMP
057540036036-193;057540036036;100mN31952E42251;NA;OS;2;58;M;F;5064;NEP
057540036036-193;057540036036;100mN31952E42251;NA;OS;2;66;M;F;6574;NEP
057540036036-194;057540036036;100mN32018E42246;S;OS;1;40;W;F;4049;NEP
057540036036-195;057540036036;100mN32001E42289;MC;OS;2;66;M;M;6574;EMP
057540036036-195;057540036036;100mN32001E42289;MC;OS;2;66;M;F;6574;EMP
057540036036-196;057540036036;100mN32016E42230;PO;NA;4;34;S;M;3039;EMP
057540036036-196;057540036036;100mN32016E42230;PO;NA;4;33;S;F;3039;NEP
057540036036-196;057540036036;100mN32016E42230;PO;NA;4;12;S;M;0614;NEP
057540036036-196;057540036036;100mN32016E42230;PO;NA;4;11;S;F;0614;NEP
057540036036-197;057540036036;100mN32013E42237;MC;NA;2;46;M;M;4049;EMP
057540036036-197;057540036036;100mN32013E42237;MC;NA;2;47;M;F;4049;NEP
057540036036-198;057540036036;100mN32002E42286;NA;NA;2;16;S;F;1517;NEP
057540036036-198;057540036036;100mN32002E42286;NA;NA;2;44;M;F;4049;EMP
057540036036-199;057540036036;100mN32002E42286;SF;NA;4;43;S;F;4049;EMP
057540036036-199;057540036036;100mN32002E42286;SF;NA;4;4;S;F;0305;NEP
057540036036-199;057540036036;100mN32002E42286;SF;NA;4;18;M;M;1824;NEP
057540036036-199;057540036036;100mN32002E42286;SF;NA;4;16;S;F;1517;EMP
057540036036-200;057540036036;100mN32002E42286;S;NA;1;44;M;F;4049;EMP
057540036036-201;057540036036;100mN32002E42286;SF;MIX;3;89;W;F;75XX;EMP
057540036036-201;057540036036;100mN32002E42286;SF;MIX;3;53;S;F;5064;EMP
057540036036-201;057540036036;100mN32002E42286;SF;MIX;3;35;M;M;3039;EMP
057540036036-202;057540036036;100mN32002E42286;MC;OS;4;83;M;F;75XX;NEP
057540036036-202;057540036036;100mN32002E42286;MC;OS;4;72;M;F;6574;EMP
057540036036-202;057540036036;100mN32002E42286;MC;OS;4;66;S;M;6574;NEP
057540036036-202;057540036036;100mN32002E42286;MC;OS;4;72;W;F;6574;EMP
057540036036-203;057540036036;100mN31996E42258;MC;OS;4;69;M;F;6574;EMP
057540036036-203;057540036036;100mN31996E42258;MC;OS;4;72;M;M;6574;EMP
057540036036-203;057540036036;100mN31996E42258;MC;OS;4;69;S;M;6574;EMP
057540036036-203;057540036036;100mN31996E42258;MC;OS;4;80;S;M;75XX;NEP
057540036036-204;057540036036;100mN32002E42291;MC;NA;2;48;M;F;4049;EMP
057540036036-204;057540036036;100mN32002E42291;MC;NA;2;51;M;M;5064;EMP
057540036036-205;057540036036;100mN32008E42300;SM;NA;3;89;D;M;75XX;NEP
057540036036-205;057540036036;100mN32008E42300;SM;NA;3;6;S;M;0614;NEP
057540036036-205;057540036036;100mN32008E42300;SM;NA;3;9;S;M;0614;NEP
057540036036-206;057540036036;100mN32013E42228;S;NA;1;47;S;M;4049;NEP
057540036036-207;057540036036;100mN31999E42256;MC;NA;5;44;M;F;4049;NEP
057540036036-207;057540036036;100mN31999E42256;MC;NA;5;52;M;M;5064;EMP
057540036036-207;057540036036;100mN31999E42256;MC;NA;5;22;D;M;1824;EMP
057540036036-207;057540036036;100mN31999E42256;MC;NA;5;27;S;M;2529;EMP
057540036036-207;057540036036;100mN31999E42256;MC;NA;5;4;S;M;0305;NEP
057540036036-208;057540036036;100mN32012E42250;SM;MIX;2;68;S;M;6574;EMP
057540036036-208;057540036036;100mN32012E42250;SM;MIX;2;33;M;F;3039;NEP
057540036036-209;057540036036;100mN31976E42251;MC;MIX;2;77;M;M;75XX;NEP
057540036036-209;057540036036;100mN31976E42251;MC;MIX;2;18;M;F;1824;NEP
057540036036-210;057540036036;100mN32002E42291;MC;NA;3;36;M;F;3039;EMP
057540036036-210;057540036036;100mN32002E42291;MC;NA;3;34;M;M;3039;EMP
057540036036-210;057540036036;100mN32002E42291;MC;NA;3;16;S;M;1517;NEP
057540036036-211;057540036036;100mN32002E42291;MC;NA;5;19;M;M;1824;EMP
057540036036-211;057540036036;100mN32002E42291;MC;NA;5;20;M;F;1824;NEP
057540036036-211;057540036036;100mN32002E42291;MC;NA;5;1;S;F;0003;NEP
057540036036-211;057540036036;100mN32002E42291;MC;NA;5;2;S;M;0003;NEP
057540036036-211;057540036036;100mN32002E42291;MC;NA;5;4;S;M;0305;NEP
057540036036-212;057540036036;100mN32017E42295;S;NA;1;44;M;F;4049;EMP
057540036036-213;057540036036;100mN32008E42289;MC;NA;3;32;M;F;3039;NEP
057540036036-213;057540036036;100mN32008E42289;MC;NA;3;33;M;M;3039;EMP
057540036036-213;057540036036;100mN32008E42289;MC;NA;3;7;S;M;0614;NEP
057540036036-214;057540036036;100mN32002E42291;MC;OS;2;69;M;M;6574;NEP
057540036036-214;057540036036;100mN32002E42291;MC;OS;2;66;M;F;6574;EMP
057540036036-215;057540036036;100mN31999E42254;MC;NA;3;47;M;M;4049;EMP
057540036036-215;057540036036;100mN31999E42254;MC;NA;3;47;M;F;4049;EMP
057540036036-215;057540036036;100mN31999E42254;MC;NA;3;13;S;M;0614;NEP
057540036036-216;057540036036;100mN31997E42259;PO;NA;5;54;S;M;5064;EMP
057540036036-216;057540036036;100mN31997E42259;PO;NA;5;61;S;F;5064;EMP
057540036036-216;057540036036;100mN31997E42259;PO;NA;5;0;S;M;0003;NEP
057540036036-216;057540036036;100mN31997E42259;PO;NA;5;4;S;F;0305;NEP
057540036036-216;057540036036;100mN31997E42259;PO;NA;5;12;S;M;0614;NEP
057540036036-217;057540036036;100mN32014E42229;PO;NA;2;50;S;F;5064;EMP
057540036036-217;057540036036;100mN32014E42229;PO;NA;2;54;S;F;5064;EMP
057540036036-218;057540036036;100mN31992E42291;MC;NA;3;48;M;F;4049;NEP
057540036036-218;057540036036;100mN31992E42291;MC;NA;3;52;M;M;5064;EMP
057540036036-218;057540036036;100mN31992E42291;MC;NA;3;9;S;F;0614;NEP
057540036036-219;057540036036;100mN32008E42248;MC;NA;3;62;M;F;5064;NEP
057540036036-219;057540036036;100mN32008E42248;MC;NA;3;63;M;M;5064;NEP
057540036036-219;057540036036;100mN32008E42248;MC;NA;3;47;M;F;4049;EMP
057540036036-220;057540036036;100mN32008E42248;MC;NA;2;52;M;M;5064;EMP
057540036036-220;057540036036;100mN32008E42248;MC;NA;2;51;M;F;5064;EMP
057540036036-221;057540036036;100mN31985E42302;S;NA;1;66;M;F;6574;NEP
057540036036-222;057540036036;100mN32013E42288;S;NA;1;21;M;M;1824;EMP
057540036036-223;057540036036;100mN32005E42287;S;OS;1;46;M;F;4049;EMP
057540036036-224;057540036036;100mN31976E42299;MC;NA;5;52;M;M;5064;EMP
057540036036-224;057540036036;100mN31976E42299;MC;NA;5;51;M;F;5064;EMP
057540036036-224;057540036036;100mN31976E42299;MC;NA;5;13;S;M;0614;NEP
057540036036-224;057540036036;100mN31976E42299;MC;NA;5;13;S;F;0614;NEP
057540036036-224;057540036036;100mN31976E42299;MC;NA;5;11;S;F;0614;NEP
057540036036-225;057540036036;100mN32013E42289;MC;NA;3;62;M;M;5064;NEP
057540036036-225;057540036036;100mN32013E42289;MC;NA;3;61;M;F;5064;EMP
057540036036-225;057540036036;100mN32013E42289;MC;NA;3;10;S;M;0614;NEP
057540036036-226;057540036036;100mN32008E42230;PO;NA;4;42;S;F;4049;NEP
057540036036-226;057540036036;100mN32008E42230;PO;NA;4;44;S;F;4049;EMP
057540036036-226;057540036036;100mN32008E42230;PO;NA;4;6;S;F;0614;NEP
057540036036-226;057540036036;100mN32008E42230;PO;NA;4;23;S;F;1824;EMP
057540036036-227;057540036036;100mN32008E42230;S;NA;1;42;M;M;4049;EMP
057540036036-228;057540036036;100mN31999E42257;MC;OS;3;66;M;M;6574;EMP
057540036036-228;057540036036;100mN31999E42257;MC;OS;3;65;M;F;6574;NEP
057540036036-228;057540036036;100mN31999E42257;MC;OS;3;87;M;M;75XX;EMP
057540036036-229;057540036036;100mN31998E42267;MC;NA;2;43;M;F;4049;EMP
057540036036-229;057540036036;100mN31998E42267;MC;NA;2;46;M;M;4049;EMP
057540036036-230;057540036036;100mN32014E42227;S;NA;1;71;M;F;6574;NEP
057540036036-231;057540036036;100mN32007E42285;S;NA;1;33;W;F;3039;NEP
057540036036-232;057540036036;100mN32011E42288;MC;NA;2;35;M;F;3039;NEP
057540036036-232;057540036036;100mN32011E42288;MC;NA;2;42;M;M;4049;NEP
057540036036-233;057540036036;100mN32011E42288;SF;MIX;4;68;M;F;6574;EMP
057540036036-233;057540036036;100mN32011E42288;SF;MIX;4;43;S;F;4049;EMP
057540036036-233;057540036036;100mN32011E42288;SF;MIX;4;6;S;F;0614;NEP
057540036036-233;057540036036;100mN32011E42288;SF;MIX;4;25;S;M;2529;EMP
057540036036-234;057540036036;100mN31963E42307;MC;NA;4;53;M;M;5064;EMP
057540036036-234;057540036036;100mN31963E42307;MC;NA;4;57;M;F;5064;EMP
057540036036-234;057540036036;100mN31963E42307;MC;NA;4;22;D;F;1824;NEP
057540036036-234;057540036036;100mN31963E42307;MC;NA;4;15;S;F;1517;NEP
057540036036-235;057540036036;100mN32011E42288;MC;OS;2;79;M;F;75XX;EMP
057540036036-235;057540036036;100mN32011E42288;MC;OS;2;82;M;M;75XX;EMP
057540036036-236;057540036036;100mN32019E42242;SF;NA;4;84;S;F;75XX;EMP
057540036036-236;057540036036;100mN32019E42242;SF;NA;4;16;S;M;1517;EMP
057540036036-236;057540036036;100mN32019E42242;SF;NA;4;8;S;M;0614;NEP
057540036036-236;057540036036;100mN32019E42242;SF;NA;4;7;S;M;0614;NEP
057540036036-237;057540036036;100mN32011E42288;S;OS;1;88;M;M;75XX;EMP
057540036036-238;057540036036;100mN31996E42261;MC;NA;4;28;M;M;2529;EMP
057540036036-238;057540036036;100mN31996E42261;MC;NA;4;26;M;F;2529;NEP
057540036036-238;057540036036;100mN31996E42261;MC;NA;4;7;S;M;0614;NEP
057540036036-238;057540036036;100mN31996E42261;MC;NA;4;6;S;M;0614;NEP
057540036036-239;057540036036;100mN32007E42287;MC;NA;5;26;M;M;2529;EMP
057540036036-239;057540036036;100mN32007E42287;MC;NA;5;23;M;F;1824;EMP
057540036036-239;057540036036;100mN32007E42287;MC;NA;5;7;S;F;0614;NEP
057540036036-239;057540036036;100mN32007E42287;MC;NA;5;6;S;M;0614;NEP
057540036036-239;057540036036;100mN32007E42287;MC;NA;5;9;S;F;0614;NEP
057540036036-240;057540036036;100mN31968E42255;PO;NA;4;20;S;M;1824;NEP
057540036036-240;057540036036;100mN31968E42255;PO;NA;4;18;S;M;1824;EMP
057540036036-240;057540036036;100mN31968E42255;PO;NA;4;1;S;M;0003;NEP
057540036036-240;057540036036;100mN31968E42255;PO;NA;4;0;S;M;0003;NEP
057540036036-241;057540036036;100mN32011E42288;PO;NA;2;54;S;M;5064;NEP
057540036036-241;057540036036;100mN32011E42288;PO;NA;2;18;S;M;1824;NEP
057540036036-242;057540036036;100mN31998E42263;MC;NA;3;58;M;F;5064;NEP
057540036036-242;057540036036;100mN31998E42263;MC;NA;3;59;M;M;5064;EMP
057540036036-242;057540036036;100mN31998E42263;MC;NA;3;26;W;F;2529;EMP
057540036036-243;057540036036;100mN32016E42248;SM;MIX;4;72;M;F;6574;NEP
057540036036-243;057540036036;100mN32016E42248;SM;MIX;4;28;D;M;2529;EMP
057540036036-243;057540036036;100mN32016E42248;SM;MIX;4;8;S;F;0614;NEP
057540036036-243;057540036036;100mN32016E42248;SM;MIX;4;3;S;M;0305;NEP
057540036036-244;057540036036;100mN31970E42257;MC;OS;2;67;M;F;6574;EMP
057540036036-244;057540036036;100mN31970E42257;MC;OS;2;69;M;M;6574;EMP
057540036036-245;057540036036;100mN32011E42288;MC;NA;2;26;M;M;2529;EMP
057540036036-245;057540036036;100mN32011E42288;MC;NA;2;18;M;F;1824;NEP
057540036036-246;057540036036;100mN31995E42270;MC;NA;3;56;M;F;5064;EMP
057540036036-246;057540036036;100mN31995E42270;MC;NA;3;59;M;M;5064;EMP
057540036036-246;057540036036;100mN31995E42270;MC;NA;3;33;M;M;3039;UEP
057540036036-247;057540036036;100mN32011E42288;S;NA;1;60;S;F;5064;NEP
057540036036-248;057540036036;100mN31998E42253;S;NA;1;32;D;F;3039;NEP
057540036036-249;057540036036;100mN32016E42251;MC;MIX;2;81;M;F;75XX;EMP
057540036036-249;057540036036;100mN32016E42251;MC;MIX;2;10;S;F;0614;NEP
057540036036-250;057540036036;100mN31999E42258;MC;NA;2;44;M;F;4049;EMP
057540036036-250;057540036036;100mN31999E42258;MC;NA;2;46;M;M;4049;NEP
057540036036-251;057540036036;100mN32013E42225;S;NA;1;19;M;M;1824;EMP
057540036036-252;057540036036;100mN32007E42282;PO;NA;4;47;S;M;4049;EMP
057540036036-252;057540036036;100mN32007E42282;PO;NA;4;38;S;M;3039;EMP
057540036036-252;057540036036;100mN32007E42282;PO;NA;4;10;S;M;0614;NEP
057540036036-252;057540036036;100mN32007E42282;PO;NA;4;15;S;M;1517;EMP
057540036036-253;057540036036;100mN31999E42254;MC;NA;2;27;M;M;2529;EMP
057540036036-253;057540036036;100mN31999E42254;MC;NA;2;21;M;F;1824;EMP
057540036036-254;057540036036;100mN32004E42276;MC;OS;2;80;M;F;75XX;NEP
057540036036-254;057540036036;100mN32004E42276;MC;OS;2;89;M;M;75XX;EMP
057540036036-255;057540036036;100mN31998E42251;MC;NA;6;60;M;M;5064;EMP
057540036036-255;057540036036;100mN31998E42251;MC;NA;6;61;M;F;5064;EMP
057540036036-255;057540036036;100mN31998E42251;MC;NA;6;38;M;M;3039;EMP
057540036036-255;057540036036;100mN31998E42251;MC;NA;6;0;S;M;0003;NEP
057540036036-255;057540036036;100mN31998E42251;MC;NA;6;28;S;M;2529;EMP
057540036036-255;057540036036;100mN31998E42251;MC;NA;6;1;S;M;0003;NEP
057540036036-256;057540036036;100mN32016E42239;MC;NA;4;60;M;M;5064;EMP
057540036036-256;057540036036;100mN32016E42239;MC;NA;4;62;M;F;5064;NEP
057540036036-256;057540036036;100mN32016E42239;MC;NA;4;0;S;F;0003;NEP
057540036036-256;057540036036;100mN32016E42239;MC;NA;4;8;S;M;0614;NEP
057540036036-257;057540036036;100mN31986E42271;MC;OS;2;70;M;M;6574;NEP
057540036036-257;057540036036;100mN31986E42271;MC;OS;2;77;M;F;75XX;EMP
057540036036-258;057540036036;100mN32003E42277;MC;NA;2;37;M;F;3039;NEP
057540036036-258;057540036036;100mN32003E42277;MC;NA;2;50;M;M;5064;EMP
057540036036-259;057540036036;100mN32015E42289;SF;NA;3;79;S;F;75XX;NEP
057540036036-259;057540036036;100mN32015E42289;SF;NA;3;48;S;M;4049;EMP
057540036036-259;057540036036;100mN32015E42289;SF;NA;3;33;M;M;3039;NEP
057540036036-260;057540036036;100mN31999E42257;MC;MIX;2;80;M;M;75XX;NEP
057540036036-260;057540036036;100mN31999E42257;MC;MIX;2;55;S;F;5064;EMP
057540036036-261;057540036036;100mN31969E42278;MC;MIX;4;66;M;F;6574;NEP
057540036036-261;057540036036;100mN31969E42278;MC;MIX;4;62;M;F;5064;EMP
057540036036-261;057540036036;100mN31969E42278;MC;MIX;4;48;D;F;4049;EMP
057540036036-261;057540036036;100mN31969E42278;MC;MIX;4;11;S;F;0614;NEP
057540036036-262;057540036036;100mN31993E42281;S;NA;1;26;D;F;2529;EMP
057540036036-263;057540036036;100mN31996E42257;MC;NA;4;21;M;M;1824;EMP
057540036036-263;057540036036;100mN31996E42257;MC;NA;4;26;M;F;2529;EMP
057540036036-263;057540036036;100mN31996E42257;MC;NA;4;3;S;M;0305;NEP
057540036036-263;057540036036;100mN31996E42257;MC;NA;4;6;S;M;0614;NEP
057540036036-264;057540036036;100mN32010E42238;PO;NA;2;44;S;M;4049;NEP
057540036036-264;057540036036;100mN32010E42238;PO;NA;2;41;S;M;4049;EMP
057540036036-265;057540036036;100mN31975E42298;S;NA;1;16;S;F;1517;NEP
057540036036-266;057540036036;100mN32018E42290;MC;OS;3;88;M;F;75XX;EMP
057540036036-266;057540036036;100mN32018E42290;MC;OS;3;69;M;F;6574;EMP
057540036036-266;057540036036;100mN32018E42290;MC;OS;3;87;W;F;75XX;EMP
057540036036-267;057540036036;100mN32009E42288;MC;NA;2;19;M;M;1824;NEP
057540036036-267;057540036036;100mN32009E42288;MC;NA;2;18;M;F;1824;EMP
057540036036-268;057540036036;100mN32010E42290;MC;OS;2;85;M;M;75XX;EMP
057540036036-268;057540036036;100mN32010E42290;MC;OS;2;83;M;F;75XX;NEP
057540036036-269;057540036036;100mN32007E42256;MC;NA;2;48;M;M;4049;NEP
057540036036-269;057540036036;100mN32007E42256;MC;NA;2;46;M;F;4049;EMP
057540036036-270;057540036036;100mN31997E42261;S;OS;1;55;D;F;5064;NEP
057540036036-271;057540036036;100mN32008E42281;S;NA;1;59;M;M;5064;EMP
057540036036-272;057540036036;100mN32014E42249;MC;NA;4;42;M;F;4049;EMP
057540036036-272;057540036036;100mN32014E42249;MC;NA;4;47;M;M;4049;NEP
057540036036-272;057540036036;100mN32014E42249;MC;NA;4;1;S;F;0003;NEP
057540036036-272;057540036036;100mN32014E42249;MC;NA;4;3;S;M;0305;NEP
057540036036-273;057540036036;100mN32016E42252;MC;NA;6;54;M;M;5064;UEP
057540036036-273;057540036036;100mN32016E42252;MC;NA;6;54;M;F;5064;EMP
057540036036-273;057540036036;100mN32016E42252;MC;NA;6;13;S;M;0614;NEP
057540036036-273;057540036036;100mN32016E42252;MC;NA;6;36;M;M;3039;NEP
057540036036-273;057540036036;100mN32016E42252;MC;NA;6;10;S;F;0614;NEP
057540036036-273;057540036036;100mN32016E42252;MC;NA;6;16;S;F;1517;EMP
057540036036-274;057540036036;100mN31998E42266;S;NA;1;68;M;F;6574;EMP
057540036036-275;057540036036;100mN31996E42283;MC;NA;2;41;M;F;4049;EMP
057540036036-275;057540036036;100mN31996E42283;MC;NA;2;38;M;M;3039;EMP
057540036036-276;057540036036;100mN32001E42258;SM;MIX;2;66;W;M;6574;NEP
057540036036-276;057540036036;100mN32001E42258;SM;MIX;2;3;S;F;0305;NEP
057540036036-277;057540036036;100mN31978E42256;MC;NA;2;59;M;F;5064;EMP
057540036036-277;057540036036;100mN31978E42256;MC;NA;2;62;M;M;5064;EMP
057540036036-278;057540036036;100mN31975E42271;PO;NA;4;56;S;M;5064;EMP
057540036036-278;057540036036;100mN31975E42271;PO;NA;4;54;S;F;5064;EMP
057540036036-278;057540036036;100mN31975E42271;PO;NA;4;21;M;F;1824;EMP
057540036036-278;057540036036;100mN31975E42271;PO;NA;4;6;S;M;0614;NEP
057540036036-279;057540036036;100mN32006E42285;MC;OS;2;68;M;F;6574;NEP
057540036036-279;057540036036;100mN32006E42285;MC;OS;2;71;M;M;6574;EMP
057540036036-280;057540036036;100mN32014E42249;MC;MIX;4;65;M;F;6574;EMP
057540036036-280;057540036036;100mN32014E42249;MC;MIX;4;55;M;F;5064;EMP
057540036036-280;057540036036;100mN32014E42249;MC;MIX;4;57;M;M;5064;NEP
057540036036-280;057540036036;100mN32014E42249;MC;MIX;4;18;M;M;1824;EMP
057540036036-281;057540036036;100mN32014E42249;MC;NA;3;48;M;M;4049;EMP
057540036036-281;057540036036;100mN32014E42249;MC;NA;3;40;M;F;4049;NEP
057540036036-281;057540036036;100mN32014E42249;MC;NA;3;25;D;F;2529;NEP
057540036036-282;057540036036;100mN32014E42249;MC;NA;2;60;M;M;5064;EMP
057540036036-282;057540036036;100mN32014E42249;MC;NA;2;51;M;F;5064;EMP
057540036036-283;057540036036;100mN32014E42249;PO;MIX;2;86;S;F;75XX;NEP
057540036036-283;057540036036;100mN32014E42249;PO;MIX;2;16;S;F;1517;EMP
057540036036-284;057540036036;100mN32014E42249;S;NA;1;18;S;F;1824;NEP
057540036036-285;057540036036;100mN32004E42277;SF;NA;2;56;W;F;5064;NEP
057540036036-285;057540036036;100mN32004E42277;SF;NA;2;37;M;M;3039;UEP
057540036036-286;057540036036;100mN31973E42255;NA;NA;6;40;S;M;4049;EMP
057540036036-286;057540036036;100mN31973E42255;NA;NA;6;62;M;F;5064;EMP
057540036036-286;057540036036;100mN31973E42255;NA;NA;6;47;M;M;4049;EMP
057540036036-286;057540036036;100mN31973E42255;NA;NA;6;52;W;F;5064;NEP
057540036036-286;057540036036;100mN31973E42255;NA;NA;6;38;W;F;3039;EMP
057540036036-286;057540036036;100mN31973E42255;NA;NA;6;41;W;F;4049;NEP
057540036036-287;057540036036;100mN32014E42249;SM;NA;2;66;S;M;6574;EMP
057540036036-287;057540036036;100mN32014E42249;SM;NA;2;11;S;F;0614;NEP
057540036036-288;057540036036;100mN32010E42280;S;OS;1;51;M;F;5064;EMP
057540036036-289;057540036036;100mN32023E42251;S;NA;1;55;D;M;5064;EMP
057540036036-290;057540036036;100mN32005E42252;MC;NA;3;37;M;F;3039;EMP
057540036036-290;057540036036;100mN32005E42252;MC;NA;3;56;M;M;5064;EMP
057540036036-290;057540036036;100mN32005E42252;MC;NA;3;22;W;M;1824;EMP
057540036036-291;057540036036;100mN31994E42254;PO;NA;2;40;S;M;4049;EMP
057540036036-291;057540036036;100mN31994E42254;PO;NA;2;37;S;M;3039;NEP
057540036036-292;057540036036;100mN31982E42258;MC;NA;2;19;M;F;1824;EMP
057540036036-292;057540036036;100mN31982E42258;MC;NA;2;19;M;M;1824;EMP
057540036036-293;057540036036;100mN31979E42273;MC;NA;2;31;M;F;3039;NEP
057540036036-293;057540036036;100mN31979E42273;MC;NA;2;34;M;M;3039;EMP
057540036036-294;057540036036;100mN32014E42229;MC;NA;4;51;M;M;5064;EMP
057540036036-294;057540036036;100mN32014E42229;MC;NA;4;45;M;F;4049;EMP
057540036036-294;057540036036;100mN32014E42229;MC;NA;4;19;M;M;1824;NEP
057540036036-294;057540036036;100mN32014E42229;MC;NA;4;26;M;M;2529;EMP
057540036036-295;057540036036;100mN32014E42229;MC;NA;4;55;M;M;5064;EMP
057540036036-295;057540036036;100mN32014E42229;MC;NA;4;48;M;F;4049;NEP
057540036036-295;057540036036;100mN32014E42229;MC;NA;4;3;S;M;0305;NEP
057540036036-295;057540036036;100mN32014E42229;MC;NA;4;6;S;F;0614;NEP
057540036036-296;057540036036;100mN31991E42257;PO;OS;3;85;S;F;75XX;NEP
057540036036-296;057540036036;100mN31991E42257;PO;OS;3;84;S;M;75XX;EMP
057540036036-296;057540036036;100mN31991E42257;PO;OS;3;84;S;F;75XX;NEP
057540036036-297;057540036036;100mN31976E42253;MC;NA;4;56;M;M;5064;NEP
057540036036-297;057540036036;100mN31976E42253;MC;NA;4;57;M;F;5064;NEP
057540036036-297;057540036036;100mN31976E42253;MC;NA;4;11;S;F;0614;NEP
057540036036-297;057540036036;100mN31976E42253;MC;NA;4;12;S;F;0614;NEP
057540036036-298;057540036036;100mN31995E42255;S;NA;1;56;D;F;5064;EMP
057540036036-299;057540036036;100mN32005E42231;S;NA;1;27;M;M;2529;EMP
057540036036-300;057540036036;100mN31950E42246;MC;NA;2;41;M;M;4049;EMP
057540036036-300;057540036036;100mN31950E42246;MC;NA;2;18;M;F;1824;EMP
057540036036-301;057540036036;100mN31960E42299;MC;NA;4;30;M;F;3039;EMP
057540036036-301;057540036036;100mN31960E42299;MC;NA;4;32;M;M;3039;EMP
057540036036-301;057540036036;100mN31960E42299;MC;NA;4;12;S;F;0614;NEP
057540036036-301;057540036036;100mN31960E42299;MC;NA;4;7;S;M;0614;NEP
057540036036-302;057540036036;100mN32006E42289;MC;OS;3;70;M;M;6574;EMP
057540036036-302;057540036036;100mN32006E42289;MC;OS;3;73;M;F;6574;NEP
057540036036-302;057540036036;100mN32006E42289;MC;OS;3;85;S;M;75XX;EMP
057540036036-303;057540036036;100mN32016E42247;PO;OS;2;87;S;F;75XX;NEP
057540036036-303;057540036036;100mN32016E42247;PO;OS;2;6;S;M;0614;NEP
057540036036-304;057540036036;100mN32016E42247;PO;MIX;2;86;S;F;75XX;NEP
057540036036-304;057540036036;100mN32016E42247;PO;MIX;2;46;W;F;4049;NEP
057540036036-305;057540036036;100mN32016E42247;MC;MIX;3;89;S;M;75XX;EMP
057540036036-305;057540036036;100mN32016E42247;MC;MIX;3;52;M;F;5064;EMP
057540036036-305;057540036036;100mN32016E42247;MC;MIX;3;55;M;M;5064;EMP
057540036036-306;057540036036;100mN32005E42258;MC;NA;3;42;M;M;4049;EMP
057540036036-306;057540036036;100mN32005E42258;MC;NA;3;40;M;F;4049;EMP
057540036036-306;057540036036;100mN32005E42258;MC;NA;3;2;S;M;0003;NEP
057540036036-307;057540036036;100mN32016E42247;SF;NA;3;43;W;F;4049;NEP
057540036036-307;057540036036;100mN32016E42247;SF;NA;3;2;S;F;0003;NEP
057540036036-307;057540036036;100mN32016E42247;SF;NA;3;4;S;M;0305;NEP
057540036036-308;057540036036;100mN31976E42271;NA;NA;2;48;S;M;4049;EMP
057540036036-308;057540036036;100mN31976E42271;NA;NA;2;41;M;M;4049;UEP
057540036036-309;057540036036;100mN31976E42280;MC;NA;3;26;M;F;2529;EMP
057540036036-309;057540036036;100mN31976E42280;MC;NA;3;60;M;M;5064;EMP
057540036036-309;057540036036;100mN31976E42280;MC;NA;3;6;S;M;0614;NEP
057540036036-310;057540036036;100mN32015E42292;MC;NA;3;60;M;M;5064;EMP
057540036036-310;057540036036;100mN32015E42292;MC;NA;3;57;M;F;5064;EMP
057540036036-310;057540036036;100mN32015E42292;MC;NA;3;41;M;F;4049;EMP
057540036036-311;057540036036;100mN32016E42247;S;NA;1;84;M;M;75XX;NEP
057540036036-312;057540036036;100mN32008E42255;MC;MIX;2;75;M;F;75XX;EMP
057540036036-312;057540036036;100mN32008E42255;MC;MIX;2;46;M;F;4049;NEP
057540036036-313;057540036036;100mN32011E42252;MC;NA;3;31;M;M;3039;EMP
057540036036-313;057540036036;100mN32011E42252;MC;NA;3;30;M;F;3039;NEP
057540036036-313;057540036036;100mN32011E42252;MC;NA;3;16;S;M;1517;EMP
057540036036-314;057540036036;100mN31992E42257;S;NA;1;87;M;F;75XX;NEP
057540036036-315;057540036036;100mN32016E42247;SF;NA;3;56;W;F;5064;NEP
057540036036-315;057540036036;100mN32016E42247;SF;NA;3;4;S;M;0305;NEP
057540036036-315;057540036036;100mN32016E42247;SF;NA;3;4;S;F;0305;NEP
057540036036-316;057540036036;100mN32007E42255;NA;NA;4;32;M;M;3039;NEP
057540036036-316;057540036036;100mN32007E42255;NA;NA;4;83;S;M;75XX;EMP
057540036036-316;057540036036;100mN32007E42255;NA;NA;4;33;D;F;3039;EMP
057540036036-316;057540036036;100mN32007E42255;NA;NA;4;67;S;M;6574;EMP
057540036036-317;057540036036;100mN32008E42289;SF;NA;2;48;D;F;4049;EMP
057540036036-317;057540036036;100mN32008E42289;SF;NA;2;9;S;F;0614;NEP
057540036036-318;057540036036;100mN31999E42256;MC;NA;6;40;M;F;4049;NEP
057540036036-318;057540036036;100mN31999E42256;MC;NA;6;46;M;M;4049;EMP
057540036036-318;057540036036;100mN31999E42256;MC;NA;6;16;S;M;1517;EMP
057540036036-318;057540036036;100mN31999E42256;MC;NA;6;23;M;M;1824;EMP
057540036036-318;057540036036;100mN31999E42256;MC;NA;6;16;S;M;1517;EMP
057540036036-318;057540036036;100mN31999E42256;MC;NA;6;6;S;F;0614;NEP
057540036036-319;057540036036;100mN32016E42247;S;NA;1;57;M;M;5064;NEP
057540036036-320;057540036036;100mN32018E42230;SF;MIX;3;89;M;M;75XX;EMP
057540036036-320;057540036036;100mN32018E42230;SF;MIX;3;38;S;F;3039;EMP
057540036036-320;057540036036;100mN32018E42230;SF;MIX;3;12;S;F;0614;NEP
057540036036-321;057540036036;100mN31972E42252;SF;NA;2;28;S;F;2529;EMP
057540036036-321;057540036036;100mN31972E42252;SF;NA;2;9;S;F;0614;NEP
057540036036-322;057540036036;100mN31984E42268;MC;NA;4;62;M;F;5064;NEP
057540036036-322;057540036036;100mN31984E42268;MC;NA;4;63;M;M;5064;NEP
057540036036-322;057540036036;100mN31984E42268;MC;NA;4;35;W;F;3039;EMP
057540036036-322;057540036036;100mN31984E42268;MC;NA;4;11;S;F;0614;NEP
057540036036-323;057540036036;100mN31971E42297;MC;NA;3;59;M;F;5064;NEP
057540036036-323;057540036036;100mN31971E42297;MC;NA;3;63;M;M;5064;NEP
057540036036-323;057540036036;100mN31971E42297;MC;NA;3;23;S;F;1824;EMP
057540036036-324;057540036036;100mN31998E42260;MC;MIX;2;65;M;F;6574;NEP
057540036036-324;057540036036;100mN31998E42260;MC;MIX;2;43;M;F;4049;EMP
057540036036-325;057540036036;100mN32007E42287;MC;NA;2;59;M;F;5064;EMP
057540036036-325;057540036036;100mN32007E42287;MC;NA;2;53;M;M;5064;EMP
057540036036-326;057540036036;100mN32021E42251;MC;NA;2;53;M;M;5064;NEP
057540036036-326;057540036036;100mN32021E42251;MC;NA;2;46;M;F;4049;NEP
057540036036-327;057540036036;100mN31972E42250;PO;NA;4;45;S;M;4049;NEP
057540036036-327;057540036036;100mN31972E42250;PO;NA;4;42;S;M;4049;NEP
057540036036-327;057540036036;100mN31972E42250;PO;NA;4;30;M;M;3039;EMP
057540036036-327;057540036036;100mN31972E42250;PO;NA;4;18;W;F;1824;NEP
057540036036-328;057540036036;100mN31999E42262;NA;NA;6;82;D;F;75XX;EMP
057540036036-328;057540036036;100mN31999E42262;NA;NA;6;67;S;F;6574;EMP
057540036036-328;057540036036;100mN31999E42262;NA;NA;6;70;M;M;6574;EMP
057540036036-328;057540036036;100mN31999E42262;NA;NA;6;47;D;M;4049;EMP
057540036036-328;057540036036;100mN31999E42262;NA;NA;6;86;S;M;75XX;NEP
057540036036-328;057540036036;100mN31999E42262;NA;NA;6;48;M;F;4049;NEP
057540036036-329;057540036036;100mN32000E42256;MC;MIX;2;68;M;F;6574;NEP
057540036036-329;057540036036;100mN32000E42256;MC;MIX;2;0;S;M;0003;NEP
057540036036-330;057540036036;100mN32003E42256;S;NA;1;67;S;F;6574;NEP
057540036036-331;057540036036;100mN31962E42308;MC;NA;2;57;M;M;5064;NEP
057540036036-331;057540036036;100mN31962E42308;MC;NA;2;62;M;F;5064;NEP
057540036036-332;057540036036;100mN32000E42256;MC;NA;2;61;M;F;5064;EMP
057540036036-332;057540036036;100mN32000E42256;MC;NA;2;63;M;M;5064;EMP
057540036036-333;057540036036;100mN31992E42280;MC;NA;6;55;M;F;5064;NEP
057540036036-333;057540036036;100mN31992E42280;MC;NA;6;58;M;M;5064;EMP
057540036036-333;057540036036;100mN31992E42280;MC;NA;6;11;S;F;0614;NEP
057540036036-333;057540036036;100mN31992E42280;MC;NA;6;15;S;M;1517;EMP
057540036036-333;057540036036;100mN31992E42280;MC;NA;6;15;S;M;1517;EMP
057540036036-333;057540036036;100mN31992E42280;MC;NA;6;6;S;M;0614;NEP
057540036036-334;057540036036;100mN32000E42256;MC;OS;3;88;M;F;75XX;EMP
057540036036-334;057540036036;100mN32000E42256;MC;OS;3;26;M;F;2529;EMP
057540036036-334;057540036036;100mN32000E42256;MC;OS;3;71;M;F;6574;NEP
057540036036-335;057540036036;100mN32018E42256;MC;NA;2;57;M;M;5064;NEP
057540036036-335;057540036036;100mN32018E42256;MC;NA;2;10;S;F;0614;NEP
057540036036-336;057540036036;100mN32000E42256;S;NA;1;16;S;M;1517;EMP
057540036036-337;057540036036;100mN32011E42286;MC;NA;3;55;M;M;5064;EMP
057540036036-337;057540036036;100mN32011E42286;MC;NA;3;61;M;F;5064;EMP
057540036036-337;057540036036;100mN32011E42286;MC;NA;3;27;S;F;2529;NEP
057540036036-338;057540036036;100mN32000E42256;SF;NA;2;48;D;F;4049;NEP
057540036036-338;057540036036;100mN32000E42256;SF;NA;2;15;S;M;1517;EMP
057540036036-339;057540036036;100mN32000E42256;S;NA;1;16;S;F;1517;NEP
057540036036-340;057540036036;100mN32003E42257;MC;NA;4;62;M;F;5064;EMP
057540036036-340;057540036036;100mN32003E42257;MC;NA;4;40;S;M;4049;UEP
057540036036-340;057540036036;100mN32003E42257;MC;NA;4;30;S;M;3039;EMP
057540036036-340;057540036036;100mN32003E42257;MC;NA;4;45;M;M;4049;EMP
057540036036-341;057540036036;100mN32000E42256;NA;NA;5;19;S;F;1824;EMP
057540036036-341;057540036036;100mN32000E42256;NA;NA;5;50;S;F;5064;EMP
057540036036-341;057540036036;100mN32000E42256;NA;NA;5;38;S;M;3039;EMP
057540036036-341;057540036036;100mN32000E42256;NA;NA;5;50;M;M;5064;EMP
057540036036-341;057540036036;100mN32000E42256;NA;NA;5;30;M;M;3039;EMP
057540036036-342;057540036036;100mN32002E42287;MC;MIX;2;81;M;F;75XX;NEP
057540036036-342;057540036036;100mN32002E42287;MC;MIX;2;42;M;F;4049;NEP
057540036036-343;057540036036;100mN31993E42261;S;NA;1;45;S;M;4049;EMP
057540036036-344;057540036036;100mN32010E42279;PO;NA;2;23;S;M;1824;EMP
057540036036-344;057540036036;100mN32010E42279;PO;NA;2;23;S;F;1824;NEP
057540036036-345;057540036036;100mN32009E42278;MC;NA;3;48;M;M;4049;NEP
057540036036-345;057540036036;100mN32009E42278;MC;NA;3;50;M;F;5064;EMP
057540036036-345;057540036036;100mN32009E42278;MC;NA;3;21;S;F;1824;NEP
057540036036-346;057540036036;100mN32007E42287;MC;MIX;3;65;M;M;6574;EMP
057540036036-346;057540036036;100mN32007E42287;MC;MIX;3;40;M;M;4049;EMP
057540036036-346;057540036036;100mN32007E42287;MC;MIX;3;45;M;F;4049;NEP
057540036036-347;057540036036;100mN32000E42256;S;NA;1;40;M;F;4049;NEP
057540036036-348;057540036036;100mN31989E42259;S;NA;1;41;S;M;4049;NEP
057540036036-349;057540036036;100mN32009E42247;MC;NA;3;45;M;M;4049;NEP
057540036036-349;057540036036;100mN32009E42247;MC;NA;3;43;M;F;4049;NEP
057540036036-349;057540036036;100mN32009E42247;MC;NA;3;26;S;M;2529;EMP
057540036036-350;057540036036;100mN32019E42239;S;NA;1;62;W;F;5064;EMP
057540036036-351;057540036036;100mN32001E42260;PO;NA;4;45;S;F;4049;NEP
057540036036-351;057540036036;100mN32001E42260;PO;NA;4;59;S;F;5064;EMP
057540036036-351;057540036036;100mN32001E42260;PO;NA;4;22;S;F;1824;NEP
057540036036-351;057540036036;100mN32001E42260;PO;NA;4;6;S;M;0614;NEP
057540036036-352;057540036036;100mN32001E42276;NA;NA;5;25;S;F;2529;EMP
057540036036-352;057540036036;100mN32001E42276;NA;NA;5;80;M;F;75XX;NEP
057540036036-352;057540036036;100mN32001E42276;NA;NA;5;38;D;F;3039;EMP
057540036036-352;057540036036;100mN32001E42276;NA;NA;5;45;S;M;4049;EMP
057540036036-352;057540036036;100mN32001E42276;NA;NA;5;51;S;M;5064;EMP
057540036036-353;057540036036;100mN32010E42281;S;NA;1;25;M;M;2529;EMP
057540036036-354;057540036036;100mN31996E42256;S;NA;1;30;S;F;3039;EMP
057540036036-355;057540036036;100mN32000E42256;S;OS;1;37;M;M;3039;EMP
057540036036-356;057540036036;100mN32000E42256;PO;MIX;4;72;M;M;6574;EMP
057540036036-356;057540036036;100mN32000E42256;PO;MIX;4;53;S;M;5064;NEP
057540036036-356;057540036036;100mN32000E42256;PO;MIX;4;51;S;M;5064;NEP
057540036036-356;057540036036;100mN32000E42256;PO;MIX;4;15;S;F;1517;NEP
057540036036-357;057540036036;100mN32015E42239;S;NA;1;69;M;M;6574;NEP
057540036036-358;057540036036;100mN32015E42244;S;NA;1;40;S;M;4049;NEP
057540036036-359;057540036036;100mN31990E42265;MC;OS;2;75;M;M;75XX;UEP
057540036036-359;057540036036;100mN31990E42265;MC;OS;2;73;M;F;6574;NEP
057540036036-360;057540036036;100mN32005E42283;MC;NA;3;47;M;M;4049;UEP
057540036036-360;057540036036;100mN32005E42283;MC;NA;3;55;M;F;5064;NEP
057540036036-360;057540036036;100mN32005E42283;MC;NA;3;12;S;F;0614;NEP
057540036036-361;057540036036;100mN31996E42258;MC;NA;3;47;M;M;4049;UEP
057540036036-361;057540036036;100mN31996E42258;MC;NA;3;42;M;F;4049;EMP
057540036036-361;057540036036;100mN31996E42258;MC;NA;3;8;S;F;0614;NEP
057540036036-362;057540036036;100mN32000E42256;MC;NA;2;61;M;F;5064;EMP
057540036036-362;057540036036;100mN32000E42256;MC;NA;2;13;S;M;0614;NEP
057540036036-363;057540036036;100mN31994E42257;MC;NA;4;55;M;F;5064;NEP
057540036036-363;057540036036;100mN31994E42257;MC;NA;4;48;M;M;4049;EMP
057540036036-363;057540036036;100mN31994E42257;MC;NA;4;9;S;F;0614;NEP
057540036036-363;057540036036;100mN31994E42257;MC;NA;4;34;S;F;3039;EMP
057540036036-364;057540036036;100mN32001E42258;MC;NA;2;60;M;F;5064;NEP
057540036036-364;057540036036;100mN32001E42258;MC;NA;2;69;S;M;6574;EMP
057540036036-365;057540036036;100mN31971E42293;S;NA;1;46;S;F;4049;EMP
057540036036-366;057540036036;100mN32007E42251;MC;NA;3;28;M;M;2529;EMP
057540036036-366;057540036036;100mN32007E42251;MC;NA;3;26;M;F;2529;EMP
057540036036-366;057540036036;100mN32007E42251;MC;NA;3;11;S;F;0614;NEP
057540036036-367;057540036036;100mN31977E42252;MC;OS;3;78;M;F;75XX;EMP
057540036036-367;057540036036;100mN31977E42252;MC;OS;3;80;M;M;75XX;NEP
057540036036-367;057540036036;100mN31977E42252;MC;OS;3;68;M;F;6574;EMP
057540036036-368;057540036036;100mN32010E42247;MC;NA;2;43;M;M;4049;EMP
057540036036-368;057540036036;100mN32010E42247;MC;NA;2;42;M;F;4049;NEP
057540036036-369;057540036036;100mN31977E42252;MC;MIX;4;77;S;M;75XX;EMP
057540036036-369;057540036036;100mN31977E42252;MC;MIX;4;33;M;F;3039;EMP
057540036036-369;057540036036;100mN31977E42252;MC;MIX;4;34;M;M;3039;NEP
057540036036-369;057540036036;100mN31977E42252;MC;MIX;4;18;M;M;1824;EMP
057540036036-370;057540036036;100mN32002E42258;S;NA;1;59;S;F;5064;NEP
057540036036-371;057540036036;100mN31987E42272;PO;NA;2;45;S;M;4049;NEP
057540036036-371;057540036036;100mN31987E42272;PO;NA;2;44;S;M;4049;EMP
057540036036-372;057540036036;100mN32008E42225;MC;NA;5;62;M;M;5064;EMP
057540036036-372;057540036036;100mN32008E42225;MC;NA;5;61;M;F;5064;EMP
057540036036-372;057540036036;100mN32008E42225;MC;NA;5;9;S;M;0614;NEP
057540036036-372;057540036036;100mN32008E42225;MC;NA;5;21;S;M;1824;EMP
057540036036-372;057540036036;100mN32008E42225;MC;NA;5;23;M;M;1824;EMP
057540036036-373;057540036036;100mN31998E42255;PO;OS;3;66;S;F;6574;EMP
057540036036-373;057540036036;100mN31998E42255;PO;OS;3;68;S;M;6574;NEP
057540036036-373;057540036036;100mN31998E42255;PO;OS;3;70;W;F;6574;NEP
057540036036-374;057540036036;100mN32008E42225;MC;NA;4;23;M;F;1824;NEP
057540036036-374;057540036036;100mN32008E42225;MC;NA;4;21;M;M;1824;UEP
057540036036-374;057540036036;100mN32008E42225;MC;NA;4;4;S;F;0305;NEP
057540036036-374;057540036036;100mN32008E42225;MC;NA;4;1;S;F;0003;NEP
057540036036-375;057540036036;100mN31976E42251;SF;NA;2;25;S;F;2529;EMP
057540036036-375;057540036036;100mN31976E42251;SF;NA;2;10;S;F;0614;NEP
057540036036-376;057540036036;100mN31972E42261;S;NA;1;59;S;M;5064;EMP
057540036036-377;057540036036;100mN32000E42273;S;NA;1;52;M;M;5064;EMP
057540036036-378;057540036036;100mN31962E42307;MC;NA;2;51;M;M;5064;EMP
057540036036-378;057540036036;100mN31962E42307;MC;NA;2;61;M;F;5064;EMP
057540036036-379;057540036036;100mN32004E42279;MC;NA;2;40;M;F;4049;NEP
057540036036-379;057540036036;100mN32004E42279;MC;NA;2;47;M;M;4049;NEP
057540036036-380;057540036036;100mN32000E42273;SF;NA;5;44;S;F;4049;EMP
057540036036-380;057540036036;100mN32000E42273;SF;NA;5;18;D;F;1824;EMP
057540036036-380;057540036036;100mN32000E42273;SF;NA;5;9;S;F;0614;NEP
057540036036-380;057540036036;100mN32000E42273;SF;NA;5;11;S;F;0614;NEP
057540036036-380;057540036036;100mN32000E42273;SF;NA;5;28;M;F;2529;EMP
057540036036-381;057540036036;100mN31986E42260;MC;NA;3;62;M;M;5064;NEP
057540036036-381;057540036036;100mN31986E42260;MC;NA;3;61;M;F;5064;EMP
057540036036-381;057540036036;100mN31986E42260;MC;NA;3;8;S;M;0614;NEP
057540036036-382;057540036036;100mN32000E42273;SF;NA;4;44;D;F;4049;NEP
057540036036-382;057540036036;100mN32000E42273;SF;NA;4;15;S;F;1517;EMP
057540036036-382;057540036036;100mN32000E42273;SF;NA;4;7;S;M;0614;NEP
057540036036-382;057540036036;100mN32000E42273;SF;NA;4;4;S;F;0305;NEP
057540036036-383;057540036036;100mN32016E42246;MC;NA;2;50;M;F;5064;NEP
057540036036-383;057540036036;100mN32016E42246;MC;NA;2;47;M;M;4049;EMP
057540036036-384;057540036036;100mN32000E42273;PO;NA;3;58;S;M;5064;NEP
057540036036-384;057540036036;100mN32000E42273;PO;NA;3;53;S;M;5064;NEP
057540036036-384;057540036036;100mN32000E42273;PO;NA;3;11;S;M;0614;NEP
057540036036-385;057540036036;100mN31992E42291;MC;NA;3;48;M;F;4049;NEP
057540036036-385;057540036036;100mN31992E42291;MC;NA;3;52;M;M;5064;EMP
057540036036-385;057540036036;100mN31992E42291;MC;NA;3;9;S;F;0614;NEP
057540036036-386;057540036036;100mN32000E42273;NA;NA;3;44;W;F;4049;NEP
057540036036-386;057540036036;100mN32000E42273;NA;NA;3;28;M;F;2529;EMP
057540036036-386;057540036036;100mN32000E42273;NA;NA;3;41;M;F;4049;NEP
057540036036-387;057540036036;100mN31999E42258;MC;OS;2;68;M;F;6574;NEP
057540036036-387;057540036036;100mN31999E42258;MC;OS;2;65;M;M;6574;EMP
057540036036-388;057540036036;100mN32000E42273;S;OS;1;32;D;F;3039;EMP
057540036036-389;057540036036;100mN32018E42246;MC;NA;3;35;M;M;3039;EMP
057540036036-389;057540036036;100mN32018E42246;MC;NA;3;37;M;F;3039;EMP
057540036036-389;057540036036;100mN32018E42246;MC;NA;3;20;D;M;1824;NEP
057540036036-390;057540036036;100mN32007E42288;MC;NA;3;46;M;F;4049;NEP
057540036036-390;057540036036;100mN32007E42288;MC;NA;3;47;M;M;4049;NEP
057540036036-390;057540036036;100mN32007E42288;MC;NA;3;28;M;F;2529;NEP
057540036036-391;057540036036;100mN31962E42308;MC;MIX;2;72;M;F;6574;NEP
057540036036-391;057540036036;100mN31962E42308;MC;MIX;2;44;M;M;4049;NEP
057540036036-392;057540036036;100mN32004E42287;SF;NA;3;35;S;F;3039;EMP
057540036036-392;057540036036;100mN32004E42287;SF;NA;3;16;S;M;1517;NEP
057540036036-392;057540036036;100mN32004E42287;SF;NA;3;13;S;M;0614;NEP
057540036036-393;057540036036;100mN32020E42254;S;NA;1;47;M;F;4049;EMP
057540036036-394;057540036036;100mN31976E42270;MC;NA;2;45;M;M;4049;UEP
057540036036-394;057540036036;100mN31976E42270;MC;NA;2;42;M;F;4049;EMP
057540036036-395;057540036036;100mN32016E42255;MC;NA;3;20;M;M;1824;EMP
057540036036-395;057540036036;100mN32016E42255;MC;NA;3;18;M;F;1824;EMP
057540036036-395;057540036036;100mN32016E42255;MC;NA;3;4;S;M;0305;NEP
057540036036-396;057540036036;100mN32016E42255;SF;NA;2;18;D;F;1824;NEP
057540036036-396;057540036036;100mN32016E42255;SF;NA;2;0;S;M;0003;NEP
057540036036-397;057540036036;100mN31999E42255;MC;NA;3;40;M;M;4049;EMP
057540036036-397;057540036036;100mN31999E42255;MC;NA;3;18;M;F;1824;EMP
057540036036-397;057540036036;100mN31999E42255;MC;NA;3;6;S;F;0614;NEP
057540036036-398;057540036036;100mN32016E42289;MC;NA;4;52;M;F;5064;NEP
057540036036-398;057540036036;100mN32016E42289;MC;NA;4;50;M;M;5064;EMP
057540036036-398;057540036036;100mN32016E42289;MC;NA;4;6;S;F;0614;NEP
057540036036-398;057540036036;100mN32016E42289;MC;NA;4;13;S;F;0614;NEP
057540036036-399;057540036036;100mN32001E42286;MC;NA;2;54;M;M;5064;UEP
057540036036-399;057540036036;100mN32001E42286;MC;NA;2;4;S;M;0305;NEP
057540036036-400;057540036036;100mN32001E42289;MC;MIX;5;71;M;M;6574;EMP
057540036036-400;057540036036;100mN32001E42289;MC;MIX;5;41;M;F;4049;NEP
057540036036-400;057540036036;100mN32001E42289;MC;MIX;5;42;M;M;4049;NEP
057540036036-400;057540036036;100mN32001E42289;MC;MIX;5;3;S;M;0305;NEP
057540036036-400;057540036036;100mN32001E42289;MC;MIX;5;9;S;M;0614;NEP
057540036036-401;057540036036;100mN32007E42287;S;NA;1;20;S;F;1824;EMP
057540036036-402;057540036036;100mN32016E42289;MC;NA;2;18;M;F;1824;EMP
057540036036-402;057540036036;100mN32016E42289;MC;NA;2;18;M;M;1824;NEP
057540036036-403;057540036036;100mN32016E42289;MC;NA;2;28;M;M;2529;EMP
057540036036-403;057540036036;100mN32016E42289;MC;NA;2;26;M;F;2529;NEP
057540036036-404;057540036036;100mN32016E42289;MC;NA;2;44;M;M;4049;NEP
057540036036-404;057540036036;100mN32016E42289;MC;NA;2;44;M;F;4049;EMP
057540036036-405;057540036036;100mN31957E42259;SF;NA;2;65;D;F;6574;EMP
057540036036-405;057540036036;100mN31957E42259;SF;NA;2;10;S;F;0614;NEP
057540036036-406;057540036036;100mN32018E42248;S;OS;1;50;W;F;5064;NEP
057540036036-407;057540036036;100mN32016E42289;MC;NA;3;42;M;F;4049;EMP
057540036036-407;057540036036;100mN32016E42289;MC;NA;3;42;M;M;4049;EMP
057540036036-407;057540036036;100mN32016E42289;MC;NA;3;12;S;F;0614;NEP
057540036036-408;057540036036;100mN32014E42290;S;OS;1;48;M;F;4049;NEP
057540036036-409;057540036036;100mN32016E42289;SF;MIX;2;70;S;F;6574;EMP
057540036036-409;057540036036;100mN32016E42289;SF;MIX;2;44;S;M;4049;EMP
057540036036-410;057540036036;100mN32012E42249;MC;NA;5;40;M;M;4049;EMP
057540036036-410;057540036036;100mN32012E42249;MC;NA;5;43;M;F;4049;EMP
057540036036-410;057540036036;100mN32012E42249;MC;NA;5;13;S;M;0614;NEP
057540036036-410;057540036036;100mN32012E42249;MC;NA;5;6;S;M;0614;NEP
057540036036-410;057540036036;100mN32012E42249;MC;NA;5;21;M;F;1824;NEP
057540036036-411;057540036036;100mN32012E42243;MC;NA;4;62;M;F;5064;NEP
057540036036-411;057540036036;100mN32012E42243;MC;NA;4;68;S;M;6574;EMP
057540036036-411;057540036036;100mN32012E42243;MC;NA;4;2;S;M;0003;NEP
057540036036-411;057540036036;100mN32012E42243;MC;NA;4;13;S;F;0614;NEP
057540036036-412;057540036036;100mN31989E42259;MC;NA;2;42;M;F;4049;EMP
057540036036-412;057540036036;100mN31989E42259;MC;NA;2;51;M;M;5064;EMP
057540036036-413;057540036036;100mN32018E42243;S;OS;1;71;M;F;6574;EMP
057540036036-414;057540036036;100mN31995E42258;MC;NA;5;40;M;M;4049;EMP
057540036036-414;057540036036;100mN31995E42258;MC;NA;5;44;M;F;4049;EMP
057540036036-414;057540036036;100mN31995E42258;MC;NA;5;6;S;M;0614;NEP
057540036036-414;057540036036;100mN31995E42258;MC;NA;5;8;S;M;0614;NEP
057540036036-414;057540036036;100mN31995E42258;MC;NA;5;7;S;F;0614;NEP
057540036036-415;057540036036;100mN32005E42282;S;OS;1;46;M;F;4049;NEP
057540036036-416;057540036036;100mN32003E42258;SF;NA;5;50;W;F;5064;NEP
057540036036-416;057540036036;100mN32003E42258;SF;NA;5;32;M;F;3039;NEP
057540036036-416;057540036036;100mN32003E42258;SF;NA;5;16;S;F;1517;NEP
057540036036-416;057540036036;100mN32003E42258;SF;NA;5;8;S;M;0614;NEP
057540036036-416;057540036036;100mN32003E42258;SF;NA;5;16;S;M;1517;EMP
057540036036-417;057540036036;100mN32016E42246;S;NA;1;33;D;F;3039;EMP
057540036036-418;057540036036;100mN32011E42279;S;NA;1;45;S;F;4049;NEP
057540036036-419;057540036036;100mN31963E42300;SF;NA;2;88;D;F;75XX;EMP
057540036036-419;057540036036;100mN31963E42300;SF;NA;2;1;S;M;0003;NEP
057540036036-420;057540036036;100mN32003E42260;MC;NA;2;44;M;M;4049;EMP
057540036036-420;057540036036;100mN32003E42260;MC;NA;2;43;M;F;4049;EMP
057540036036-421;057540036036;100mN32015E42244;S;NA;1;40;S;M;4049;NEP
057540036036-422;057540036036;100mN32011E42279;S;NA;1;76;M;F;75XX;NEP
057540036036-423;057540036036;100mN32001E42288;MC;OS;2;86;M;F;75XX;NEP
057540036036-423;057540036036;100mN32001E42288;MC;OS;2;82;M;M;75XX;EMP
057540036036-424;057540036036;100mN32011E42279;MC;OS;2;76;M;F;75XX;EMP
057540036036-424;057540036036;100mN32011E42279;MC;OS;2;78;M;M;75XX;EMP
057540036036-425;057540036036;100mN32010E42287;MC;NA;3;30;M;M;3039;EMP
057540036036-425;057540036036;100mN32010E42287;MC;NA;3;28;M;F;2529;NEP
057540036036-425;057540036036;100mN32010E42287;MC;NA;3;6;S;F;0614;NEP
057540036036-426;057540036036;100mN32011E42279;MC;NA;2;22;M;F;1824;EMP
057540036036-426;057540036036;100mN32011E42279;MC;NA;2;25;M;M;2529;EMP
057540036036-427;057540036036;100mN31995E42258;MC;NA;2;41;M;F;4049;EMP
057540036036-427;057540036036;100mN31995E42258;MC;NA;2;37;M;M;3039;NEP
057540036036-428;057540036036;100mN32018E42231;MC;NA;3;25;M;M;2529;NEP
057540036036-428;057540036036;100mN32018E42231;MC;NA;3;18;M;F;1824;EMP
057540036036-428;057540036036;100mN32018E42231;MC;NA;3;4;S;M;0305;NEP
057540036036-429;057540036036;100mN32008E42281;S;OS;1;30;M;M;3039;EMP
057540036036-430;057540036036;100mN32011E42279;S;NA;1;31;M;F;3039;EMP
057540036036-431;057540036036;100mN31997E42260;MC;NA;2;42;M;M;4049;EMP
057540036036-431;057540036036;100mN31997E42260;MC;NA;2;41;M;F;4049;EMP
057540036036-432;057540036036;100mN32019E42256;MC;NA;5;41;M;F;4049;EMP
057540036036-432;057540036036;100mN32019E42256;MC;NA;5;42;M;M;4049;NEP
057540036036-432;057540036036;100mN32019E42256;MC;NA;5;25;M;M;2529;EMP
057540036036-432;057540036036;100mN32019E42256;MC;NA;5;10;S;M;0614;NEP
057540036036-432;057540036036;100mN32019E42256;MC;NA;5;10;S;M;0614;NEP
057540036036-433;057540036036;100mN32022E42255;MC;NA;3;58;M;F;5064;NEP
057540036036-433;057540036036;100mN32022E42255;MC;NA;3;61;M;M;5064;EMP
057540036036-433;057540036036;100mN32022E42255;MC;NA;3;6;S;F;0614;NEP
057540036036-434;057540036036;100mN32002E42256;PO;NA;3;60;S;M;5064;EMP
057540036036-434;057540036036;100mN32002E42256;PO;NA;3;53;S;M;5064;EMP
057540036036-434;057540036036;100mN32002E42256;PO;NA;3;6;S;M;0614;NEP
057540036036-435;057540036036;100mN32018E42238;S;OS;1;71;D;F;6574;EMP
057540036036-436;057540036036;100mN32019E42238;SF;NA;2;19;S;F;1824;EMP
057540036036-436;057540036036;100mN32019E42238;SF;NA;2;1;S;F;0003;NEP
057540036036-437;057540036036;100mN31977E42249;MC;NA;3;21;M;F;1824;EMP
057540036036-437;057540036036;100mN31977E42249;MC;NA;3;19;M;M;1824;EMP
057540036036-437;057540036036;100mN31977E42249;MC;NA;3;2;S;M;0003;NEP
057540036036-438;057540036036;100mN31977E42249;MC;NA;2;22;M;F;1824;EMP
057540036036-438;057540036036;100mN31977E42249;MC;NA;2;27;M;M;2529;EMP
057540036036-439;057540036036;100mN32007E42288;S;OS;1;80;M;F;75XX;EMP
057540036036-440;057540036036;100mN32005E42287;S;OS;1;46;M;F;4049;EMP
057540036036-441;057540036036;100mN31999E42257;MC;NA;3;42;M;M;4049;NEP
057540036036-441;057540036036;100mN31999E42257;MC;NA;3;45;M;F;4049;EMP
057540036036-441;057540036036;100mN31999E42257;MC;NA;3;8;S;M;0614;NEP
057540036036-442;057540036036;100mN32016E42241;S;NA;1;27;S;F;2529;NEP
057540036036-443;057540036036;100mN32013E42228;MC;NA;3;58;M;F;5064;NEP
057540036036-443;057540036036;100mN32013E42228;MC;NA;3;60;M;M;5064;NEP
057540036036-443;057540036036;100mN32013E42228;MC;NA;3;8;S;F;0614;NEP
057540036036-444;057540036036;100mN32021E42247;MC;NA;2;55;M;M;5064;EMP
057540036036-444;057540036036;100mN32021E42247;MC;NA;2;54;M;F;5064;NEP
057540036036-445;057540036036;100mN32013E42228;MC;OS;3;77;M;M;75XX;NEP
057540036036-445;057540036036;100mN32013E42228;MC;OS;3;69;M;F;6574;NEP
057540036036-445;057540036036;100mN32013E42228;MC;OS;3;69;S;M;6574;EMP
057540036036-446;057540036036;100mN32013E42228;S;NA;1;68;M;M;6574;EMP
057540036036-447;057540036036;100mN31992E42277;MC;NA;4;38;M;F;3039;EMP
057540036036-447;057540036036;100mN31992E42277;MC;NA;4;41;M;M;4049;NEP
057540036036-447;057540036036;100mN31992E42277;MC;NA;4;16;S;M;1517;UEP
057540036036-447;057540036036;100mN31992E42277;MC;NA;4;23;D;M;1824;EMP
057540036036-448;057540036036;100mN32013E42228;MC;NA;4;53;M;M;5064;NEP
057540036036-448;057540036036;100mN32013E42228;MC;NA;4;44;M;F;4049;NEP
057540036036-448;057540036036;100mN32013E42228;MC;NA;4;15;S;F;1517;EMP
057540036036-448;057540036036;100mN32013E42228;MC;NA;4;6;S;M;0614;NEP
057540036036-449;057540036036;100mN32013E42228;SM;NA;2;63;S;M;5064;NEP
057540036036-449;057540036036;100mN32013E42228;SM;NA;2;48;M;F;4049;EMP
057540036036-450;057540036036;100mN32013E42228;MC;NA;2;18;M;F;1824;EMP
057540036036-450;057540036036;100mN32013E42228;MC;NA;2;26;M;M;2529;EMP
057540036036-451;057540036036;100mN32013E42228;S;OS;1;34;M;F;3039;NEP
057540036036-452;057540036036;100mN31971E42249;SF;NA;5;58;S;F;5064;EMP
057540036036-452;057540036036;100mN31971E42249;SF;NA;5;16;S;M;1517;EMP
057540036036-452;057540036036;100mN31971E42249;SF;NA;5;8;S;F;0614;NEP
057540036036-452;057540036036;100mN31971E42249;SF;NA;5;16;S;M;1517;EMP
057540036036-452;057540036036;100mN31971E42249;SF;NA;5;32;M;F;3039;NEP
057540036036-453;057540036036;100mN31992E42260;MC;NA;3;41;M;M;4049;EMP
057540036036-453;057540036036;100mN31992E42260;MC;NA;3;40;M;F;4049;EMP
057540036036-453;057540036036;100mN31992E42260;MC;NA;3;21;S;M;1824;EMP
057540036036-454;057540036036;100mN32013E42228;MC;NA;5;30;M;M;3039;EMP
057540036036-454;057540036036;100mN32013E42228;MC;NA;5;23;M;F;1824;NEP
057540036036-454;057540036036;100mN32013E42228;MC;NA;5;7;S;M;0614;NEP
057540036036-454;057540036036;100mN32013E42228;MC;NA;5;10;S;M;0614;NEP
057540036036-454;057540036036;100mN32013E42228;MC;NA;5;15;S;M;1517;EMP
057540036036-455;057540036036;100mN31972E42250;SF;NA;3;69;W;F;6574;NEP
057540036036-455;057540036036;100mN31972E42250;SF;NA;3;1;S;F;0003;NEP
057540036036-455;057540036036;100mN31972E42250;SF;NA;3;2;S;M;0003;NEP
057540036036-456;057540036036;100mN32007E42250;SF;NA;4;44;S;F;4049;EMP
057540036036-456;057540036036;100mN32007E42250;SF;NA;4;18;M;M;1824;EMP
057540036036-456;057540036036;100mN32007E42250;SF;NA;4;16;S;M;1517;EMP
057540036036-456;057540036036;100mN32007E42250;SF;NA;4;13;S;F;0614;NEP
057540036036-457;057540036036;100mN32013E42228;MC;NA;6;47;M;F;4049;NEP
057540036036-457;057540036036;100mN32013E42228;MC;NA;6;52;M;M;5064;NEP
057540036036-457;057540036036;100mN32013E42228;MC;NA;6;12;S;F;0614;NEP
057540036036-457;057540036036;100mN32013E42228;MC;NA;6;15;S;F;1517;EMP
057540036036-457;057540036036;100mN32013E42228;MC;NA;6;3;S;F;0305;NEP
057540036036-457;057540036036;100mN32013E42228;MC;NA;6;9;S;F;0614;NEP
057540036036-458;057540036036;100mN32013E42228;MC;MIX;4;71;M;F;6574;NEP
057540036036-458;057540036036;100mN32013E42228;MC;MIX;4;37;M;F;3039;NEP
057540036036-458;057540036036;100mN32013E42228;MC;MIX;4;34;M;M;3039;NEP
057540036036-458;057540036036;100mN32013E42228;MC;MIX;4;15;S;M;1517;EMP
057540036036-459;057540036036;100mN32013E42228;PO;MIX;4;71;S;M;6574;EMP
057540036036-459;057540036036;100mN32013E42228;PO;MIX;4;61;S;F;5064;NEP
057540036036-459;057540036036;100mN32013E42228;PO;MIX;4;61;S;M;5064;NEP
057540036036-459;057540036036;100mN32013E42228;PO;MIX;4;7;S;M;0614;NEP
057540036036-460;057540036036;100mN32013E42228;S;NA;1;30;M;F;3039;EMP
057540036036-461;057540036036;100mN32013E42228;MC;NA;2;54;M;F;5064;NEP
057540036036-461;057540036036;100mN32013E42228;MC;NA;2;56;M;M;5064;EMP
057540036036-462;057540036036;100mN32003E42290;MC;NA;2;19;M;F;1824;EMP
057540036036-462;057540036036;100mN32003E42290;MC;NA;2;20;M;M;1824;EMP
057540036036-463;057540036036;100mN32013E42228;MC;MIX;3;71;S;M;6574;EMP
057540036036-463;057540036036;100mN32013E42228;MC;MIX;3;33;M;M;3039;EMP
057540036036-463;057540036036;100mN32013E42228;MC;MIX;3;18;M;F;1824;EMP
057540036036-464;057540036036;100mN32017E42248;MC;NA;4;43;M;M;4049;NEP
057540036036-464;057540036036;100mN32017E42248;MC;NA;4;40;M;F;4049;NEP
057540036036-464;057540036036;100mN32017E42248;MC;NA;4;8;S;F;0614;NEP
057540036036-464;057540036036;100mN32017E42248;MC;NA;4;12;S;F;0614;NEP
057540036036-465;057540036036;100mN32012E42248;MC;MIX;4;83;S;M;75XX;EMP
057540036036-465;057540036036;100mN32012E42248;MC;MIX;4;32;M;M;3039;NEP
057540036036-465;057540036036;100mN32012E42248;MC;MIX;4;38;M;F;3039;EMP
057540036036-465;057540036036;100mN32012E42248;MC;MIX;4;13;S;M;0614;NEP
057540036036-466;057540036036;100mN32014E42250;MC;MIX;5;78;M;F;75XX;EMP
057540036036-466;057540036036;100mN32014E42250;MC;MIX;5;34;M;F;3039;NEP
057540036036-466;057540036036;100mN32014E42250;MC;MIX;5;30;M;M;3039;EMP
057540036036-466;057540036036;100mN32014E42250;MC;MIX;5;16;S;M;1517;NEP
057540036036-466;057540036036;100mN32014E42250;MC;MIX;5;4;S;M;0305;NEP
057540036036-467;057540036036;100mN31985E42270;MC;MIX;2;76;M;M;75XX;UEP
057540036036-467;057540036036;100mN31985E42270;MC;MIX;2;32;M;M;3039;EMP
057540036036-468;057540036036;100mN32014E42250;SF;NA;2;37;S;F;3039;EMP
057540036036-468;057540036036;100mN32014E42250;SF;NA;2;16;S;F;1517;EMP
057540036036-469;057540036036;100mN32014E42250;S;NA;1;54;S;M;5064;NEP
057540036036-470;057540036036;100mN32014E42250;NA;NA;2;41;M;F;4049;NEP
057540036036-470;057540036036;100mN32014E42250;NA;NA;2;18;M;F;1824;NEP
057540036036-471;057540036036;100mN32007E42287;MC;MIX;3;81;S;F;75XX;EMP
057540036036-471;057540036036;100mN32007E42287;MC;MIX;3;58;M;M;5064;NEP
057540036036-471;057540036036;100mN32007E42287;MC;MIX;3;63;M;F;5064;EMP
057540036036-472;057540036036;100mN31969E42256;S;NA;1;60;S;M;5064;EMP
057540036036-473;057540036036;100mN32017E42250;MC;NA;2;40;M;F;4049;EMP
057540036036-473;057540036036;100mN32017E42250;MC;NA;2;45;M;M;4049;EMP
057540036036-474;057540036036;100mN32014E42250;MC;NA;2;41;M;M;4049;UEP
057540036036-474;057540036036;100mN32014E42250;MC;NA;2;41;M;F;4049;NEP
057540036036-475;057540036036;100mN32005E42281;SM;NA;2;27;S;M;2529;EMP
057540036036-475;057540036036;100mN32005E42281;SM;NA;2;6;S;M;0614;NEP
057540036036-476;057540036036;100mN32017E42251;S;NA;1;61;S;M;5064;EMP
057540036036-477;057540036036;100mN32013E42288;MC;NA;3;43;M;M;4049;EMP
057540036036-477;057540036036;100mN32013E42288;MC;NA;3;34;M;F;3039;NEP
057540036036-477;057540036036;100mN32013E42288;MC;NA;3;18;D;F;1824;EMP
057540036036-478;057540036036;100mN31969E42255;MC;NA;2;19;M;F;1824;EMP
057540036036-478;057540036036;100mN31969E42255;MC;NA;2;19;M;M;1824;EMP
057540036036-479;057540036036;100mN32014E42250;S;NA;1;43;W;M;4049;EMP
057540036036-480;057540036036;100mN31989E42262;MC;NA;5;23;M;M;1824;UEP
057540036036-480;057540036036;100mN31989E42262;MC;NA;5;21;M;F;1824;NEP
057540036036-480;057540036036;100mN31989E42262;MC;NA;5;3;S;M;0305;NEP
057540036036-480;057540036036;100mN31989E42262;MC;NA;5;6;S;M;0614;NEP
057540036036-480;057540036036;100mN31989E42262;MC;NA;5;4;S;F;0305;NEP
057540036036-481;057540036036;100mN32014E42250;SF;NA;4;62;W;F;5064;NEP
057540036036-481;057540036036;100mN32014E42250;SF;NA;4;0;S;M;0003;NEP
057540036036-481;057540036036;100mN32014E42250;SF;NA;4;7;S;F;0614;NEP
057540036036-481;057540036036;100mN32014E42250;SF;NA;4;20;M;F;1824;NEP
057540036036-482;057540036036;100mN31990E42263;MC;MIX;6;66;M;M;6574;EMP
057540036036-482;057540036036;100mN31990E42263;MC;MIX;6;42;M;F;4049;EMP
057540036036-482;057540036036;100mN31990E42263;MC;MIX;6;46;M;M;4049;UEP
057540036036-482;057540036036;100mN31990E42263;MC;MIX;6;22;S;F;1824;EMP
057540036036-482;057540036036;100mN31990E42263;MC;MIX;6;6;S;M;0614;NEP
057540036036-482;057540036036;100mN31990E42263;MC;MIX;6;25;D;F;2529;NEP
057540036036-483;057540036036;100mN31969E42256;SF;NA;2;72;S;F;6574;NEP
057540036036-483;057540036036;100mN31969E42256;SF;NA;2;57;D;M;5064;NEP
057540036036-484;057540036036;100mN32000E42297;MC;OS;2;65;M;M;6574;NEP
057540036036-484;057540036036;100mN32000E42297;MC;OS;2;65;M;F;6574;NEP
057540036036-485;057540036036;100mN32007E42252;MC;OS;2;89;M;M;75XX;EMP
057540036036-485;057540036036;100mN32007E42252;MC;OS;2;88;M;F;75XX;EMP
057540036036-486;057540036036;100mN31995E42262;MC;NA;4;60;M;M;5064;EMP
057540036036-486;057540036036;100mN31995E42262;MC;NA;4;58;M;F;5064;NEP
057540036036-486;057540036036;100mN31995E42262;MC;NA;4;3;S;M;0305;NEP
057540036036-486;057540036036;100mN31995E42262;MC;NA;4;44;S;M;4049;EMP
057540036036-487;057540036036;100mN31957E42253;MC;MIX;2;71;M;F;6574;EMP
057540036036-487;057540036036;100mN31957E42253;MC;MIX;2;63;M;M;5064;EMP
057540036036-488;057540036036;100mN31957E42253;PO;NA;3;44;S;M;4049;EMP
057540036036-488;057540036036;100mN31957E42253;PO;NA;3;35;S;M;3039;EMP
057540036036-488;057540036036;100mN31957E42253;PO;NA;3;16;S;F;1517;EMP
057540036036-489;057540036036;100mN31987E42258;NA;NA;4;25;W;F;2529;EMP
057540036036-489;057540036036;100mN31987E42258;NA;NA;4;44;M;M;4049;NEP
057540036036-489;057540036036;100mN31987E42258;NA;NA;4;16;S;M;1517;NEP
057540036036-489;057540036036;100mN31987E42258;NA;NA;4;46;W;F;4049;EMP
057540036036-490;057540036036;100mN31989E42259;MC;NA;2;42;M;F;4049;EMP
057540036036-490;057540036036;100mN31989E42259;MC;NA;2;51;M;M;5064;EMP
057540036036-491;057540036036;100mN32022E42251;PO;MIX;4;72;M;M;6574;EMP
057540036036-491;057540036036;100mN32022E42251;PO;MIX;4;33;S;M;3039;EMP
057540036036-491;057540036036;100mN32022E42251;PO;MIX;4;30;S;M;3039;NEP
057540036036-491;057540036036;100mN32022E42251;PO;MIX;4;10;S;M;0614;NEP
057540036036-492;057540036036;100mN32005E42254;MC;OS;3;78;M;F;75XX;NEP
057540036036-492;057540036036;100mN32005E42254;MC;OS;3;80;M;M;75XX;EMP
057540036036-492;057540036036;100mN32005E42254;MC;OS;3;89;S;F;75XX;EMP
057540036036-493;057540036036;100mN32020E42220;MC;OS;2;89;M;M;75XX;EMP
057540036036-493;057540036036;100mN32020E42220;MC;OS;2;86;M;F;75XX;NEP
057540036036-494;057540036036;100mN31996E42259;NA;NA;5;47;M;M;4049;EMP
057540036036-494;057540036036;100mN31996E42259;NA;NA;5;59;M;F;5064;EMP
057540036036-494;057540036036;100mN31996E42259;NA;NA;5;58;S;F;5064;EMP
057540036036-494;057540036036;100mN31996E42259;NA;NA;5;63;S;F;5064;NEP
057540036036-494;057540036036;100mN31996E42259;NA;NA;5;71;M;F;6574;EMP
057540036036-495;057540036036;100mN32018E42289;PO;NA;3;41;S;F;4049;NEP
057540036036-495;057540036036;100mN32018E42289;PO;NA;3;44;S;F;4049;EMP
057540036036-495;057540036036;100mN32018E42289;PO;NA;3;10;S;M;0614;NEP
057540036036-496;057540036036;100mN32021E42256;MC;NA;2;45;M;F;4049;NEP
057540036036-496;057540036036;100mN32021E42256;MC;NA;2;48;M;M;4049;EMP
057540036036-497;057540036036;100mN31989E42260;MC;NA;2;47;M;F;4049;EMP
057540036036-497;057540036036;100mN31989E42260;MC;NA;2;56;M;M;5064;NEP
057540036036-498;057540036036;100mN32016E42252;MC;NA;3;61;M;M;5064;EMP
057540036036-498;057540036036;100mN32016E42252;MC;NA;3;26;M;F;2529;NEP
057540036036-498;057540036036;100mN32016E42252;MC;NA;3;9;S;F;0614;NEP
057540036036-499;057540036036;100mN32018E42289;MC;NA;2;41;M;F;4049;EMP
057540036036-499;057540036036;100mN32018E42289;MC;NA;2;47;M;M;4049;EMP
057540036036-500;057540036036;100mN32010E42238;PO;NA;2;44;S;M;4049;NEP
057540036036-500;057540036036;100mN32010E42238;PO;NA;2;41;S;M;4049;EMP
057540036036-501;057540036036;100mN31990E42263;S;NA;1;42;M;M;4049;NEP
057540036036-502;057540036036;100mN32016E42252;MC;NA;6;54;M;M;5064;UEP
057540036036-502;057540036036;100mN32016E42252;MC;NA;6;54;M;F;5064;EMP
057540036036-502;057540036036;100mN32016E42252;MC;NA;6;13;S;M;0614;NEP
057540036036-502;057540036036;100mN32016E42252;MC;NA;6;36;M;M;3039;NEP
057540036036-502;057540036036;100mN32016E42252;MC;NA;6;10;S;F;0614;NEP
057540036036-502;057540036036;100mN32016E42252;MC;NA;6;16;S;F;1517;EMP
057540036036-503;057540036036;100mN31995E42259;S;NA;1;38;W;F;3039;EMP
057540036036-504;057540036036;100mN32009E42279;SF;NA;2;63;W;F;5064;NEP
057540036036-504;057540036036;100mN32009E42279;SF;NA;2;3;S;F;0305;NEP
057540036036-505;057540036036;100mN31998E42260;MC;MIX;5;84;M;F;75XX;NEP
057540036036-505;057540036036;100mN31998E42260;MC;MIX;5;32;M;M;3039;EMP
057540036036-505;057540036036;100mN31998E42260;MC;MIX;5;25;M;F;2529;NEP
057540036036-505;057540036036;100mN31998E42260;MC;MIX;5;8;S;F;0614;NEP
057540036036-505;057540036036;100mN31998E42260;MC;MIX;5;16;S;M;1517;EMP
057540036036-506;057540036036;100mN32016E42252;S;NA;1;31;W;F;3039;NEP
057540036036-507;057540036036;100mN32016E42252;PO;NA;2;21;S;F;1824;EMP
057540036036-507;057540036036;100mN32016E42252;PO;NA;2;27;S;F;2529;EMP
057540036036-508;057540036036;100mN31962E42308;MC;NA;4;52;M;M;5064;EMP
057540036036-508;057540036036;100mN31962E42308;MC;NA;4;52;M;F;5064;EMP
057540036036-508;057540036036;100mN31962E42308;MC;NA;4;10;S;F;0614;NEP
057540036036-508;057540036036;100mN31962E42308;MC;NA;4;34;M;M;3039;EMP
057540036036-509;057540036036;100mN32009E42279;S;NA;1;41;S;M;4049;EMP
057540036036-510;057540036036;100mN32016E42252;MC;NA;2;47;M;M;4049;EMP
057540036036-510;057540036036;100mN32016E42252;MC;NA;2;44;M;F;4049;NEP
057540036036-511;057540036036;100mN32016E42252;MC;NA;2;35;M;M;3039;EMP
057540036036-511;057540036036;100mN32016E42252;MC;NA;2;37;M;F;3039;EMP
057540036036-512;057540036036;100mN31985E42302;PO;OS;3;73;S;M;6574;UEP
057540036036-512;057540036036;100mN31985E42302;PO;OS;3;66;S;M;6574;EMP
057540036036-512;057540036036;100mN31985E42302;PO;OS;3;85;M;M;75XX;EMP
057540036036-513;057540036036;100mN32005E42282;S;NA;1;62;W;F;5064;NEP
057540036036-514;057540036036;100mN31957E42254;MC;NA;3;48;M;F;4049;EMP
057540036036-514;057540036036;100mN31957E42254;MC;NA;3;48;M;M;4049;EMP
057540036036-514;057540036036;100mN31957E42254;MC;NA;3;25;M;M;2529;EMP
057540036036-515;057540036036;100mN32006E42288;MC;NA;2;26;M;M;2529;EMP
057540036036-515;057540036036;100mN32006E42288;MC;NA;2;27;M;F;2529;EMP
057540036036-516;057540036036;100mN31957E42254;MC;NA;2;45;M;F;4049;EMP
057540036036-516;057540036036;100mN31957E42254;MC;NA;2;45;M;M;4049;EMP
057540036036-517;057540036036;100mN31976E42271;NA;NA;2;48;S;M;4049;EMP
057540036036-517;057540036036;100mN31976E42271;NA;NA;2;41;M;M;4049;UEP
057540036036-518;057540036036;100mN32011E42291;MC;OS;3;67;M;M;6574;EMP
057540036036-518;057540036036;100mN32011E42291;MC;OS;3;76;M;F;75XX;EMP
057540036036-518;057540036036;100mN32011E42291;MC;OS;3;70;M;F;6574;EMP
057540036036-519;057540036036;100mN31998E42284;MC;NA;2;46;M;M;4049;EMP
057540036036-519;057540036036;100mN31998E42284;MC;NA;2;54;M;F;5064;NEP
057540036036-520;057540036036;100mN32008E42277;MC;NA;2;36;M;F;3039;NEP
057540036036-520;057540036036;100mN32008E42277;MC;NA;2;33;M;M;3039;EMP
057540036036-521;057540036036;100mN32008E42250;MC;NA;2;62;M;M;5064;EMP
057540036036-521;057540036036;100mN32008E42250;MC;NA;2;53;M;F;5064;NEP
057540036036-522;057540036036;100mN31972E42258;S;OS;1;26;M;M;2529;EMP
057540036036-523;057540036036;100mN32012E42250;SM;MIX;2;68;S;M;6574;EMP
057540036036-523;057540036036;100mN32012E42250;SM;MIX;2;33;M;F;3039;NEP
057540036036-524;057540036036;100mN31971E42297;MC;NA;3;59;M;F;5064;NEP
057540036036-524;057540036036;100mN31971E42297;MC;NA;3;63;M;M;5064;NEP
057540036036-524;057540036036;100mN31971E42297;MC;NA;3;23;S;F;1824;EMP
057540036036-525;057540036036;100mN32016E42290;PO;NA;4;33;S;F;3039;NEP
057540036036-525;057540036036;100mN32016E42290;PO;NA;4;35;S;F;3039;EMP
057540036036-525;057540036036;100mN32016E42290;PO;NA;4;18;S;F;1824;NEP
057540036036-525;057540036036;100mN32016E42290;PO;NA;4;18;M;F;1824;NEP
057540036036-526;057540036036;100mN32000E42257;S;NA;1;63;S;M;5064;UEP
057540036036-527;057540036036;100mN32016E42246;MC;MIX;2;67;M;F;6574;EMP
057540036036-527;057540036036;100mN32016E42246;MC;MIX;2;40;S;F;4049;EMP
057540036036-528;057540036036;100mN31986E42259;MC;NA;3;28;M;M;2529;EMP
057540036036-528;057540036036;100mN31986E42259;MC;NA;3;27;M;F;2529;EMP
057540036036-528;057540036036;100mN31986E42259;MC;NA;3;4;S;F;0305;NEP
057540036036-529;057540036036;100mN31996E42256;MC;NA;4;63;M;M;5064;EMP
057540036036-529;057540036036;100mN31996E42256;MC;NA;4;54;M;F;5064;EMP
057540036036-529;057540036036;100mN31996E42256;MC;NA;4;10;S;F;0614;NEP
057540036036-529;057540036036;100mN31996E42256;MC;NA;4;44;M;M;4049;EMP
057540036036-530;057540036036;100mN32016E42288;MC;OS;2;71;M;M;6574;EMP
057540036036-530;057540036036;100mN32016E42288;MC;OS;2;80;M;F;75XX;EMP
057540036036-531;057540036036;100mN31999E42257;PO;NA;4;36;S;M;3039;EMP
057540036036-531;057540036036;100mN31999E42257;PO;NA;4;34;S;F;3039;EMP
057540036036-531;057540036036;100mN31999E42257;PO;NA;4;15;S;M;1517;EMP
057540036036-531;057540036036;100mN31999E42257;PO;NA;4;19;S;F;1824;NEP
057540036036-532;057540036036;100mN32017E42288;MC;NA;2;34;M;F;3039;EMP
057540036036-532;057540036036;100mN32017E42288;MC;NA;2;27;M;M;2529;UEP
057540036036-533;057540036036;100mN32011E42289;MC;NA;2;63;M;M;5064;EMP
057540036036-533;057540036036;100mN32011E42289;MC;NA;2;47;M;F;4049;NEP
057540036036-534;057540036036;100mN32011E42289;MC;NA;3;23;M;M;1824;EMP
057540036036-534;057540036036;100mN32011E42289;MC;NA;3;18;M;F;1824;EMP
057540036036-534;057540036036;100mN32011E42289;MC;NA;3;4;S;F;0305;NEP
057540036036-535;057540036036;100mN31962E42300;S;NA;1;47;W;F;4049;EMP
057540036036-536;057540036036;100mN31972E42250;PO;NA;4;45;S;M;4049;NEP
057540036036-536;057540036036;100mN31972E42250;PO;NA;4;42;S;M;4049;NEP
057540036036-536;057540036036;100mN31972E42250;PO;NA;4;30;M;M;3039;EMP
057540036036-536;057540036036;100mN31972E42250;PO;NA;4;18;W;F;1824;NEP
057540036036-537;057540036036;100mN32001E42259;MC;NA;3;23;M;F;1824;EMP
057540036036-537;057540036036;100mN32001E42259;MC;NA;3;21;M;M;1824;NEP
057540036036-537;057540036036;100mN32001E42259;MC;NA;3;3;S;F;0305;NEP
057540036036-538;057540036036;100mN31964E42309;MC;NA;2;51;M;M;5064;EMP
057540036036-538;057540036036;100mN31964E42309;MC;NA;2;50;M;F;5064;EMP
057540036036-539;057540036036;100mN31992E42260;SF;NA;3;53;S;F;5064;EMP
057540036036-539;057540036036;100mN31992E42260;SF;NA;3;8;S;F;0614;NEP
057540036036-539;057540036036;100mN31992E42260;SF;NA;3;37;M;M;3039;UEP
057540036036-540;057540036036;100mN32003E42256;MC;NA;5;55;M;F;5064;EMP
057540036036-540;057540036036;100mN32003E42256;MC;NA;5;59;M;M;5064;EMP
057540036036-540;057540036036;100mN32003E42256;MC;NA;5;21;S;F;1824;NEP
057540036036-540;057540036036;100mN32003E42256;MC;NA;5;16;S;M;1517;EMP
057540036036-540;057540036036;100mN32003E42256;MC;NA;5;28;M;M;2529;EMP
057540036036-541;057540036036;100mN31971E42293;S;NA;1;46;S;F;4049;EMP
057540036036-542;057540036036;100mN31998E42274;MC;NA;2;25;M;M;2529;NEP
057540036036-542;057540036036;100mN31998E42274;MC;NA;2;18;M;F;1824;EMP
057540036036-543;057540036036;100mN32021E42247;NA;OS;3;60;S;F;5064;EMP
057540036036-543;057540036036;100mN32021E42247;NA;OS;3;22;M;M;1824;EMP
057540036036-543;057540036036;100mN32021E42247;NA;OS;3;23;S;M;1824;NEP
057540036036-544;057540036036;100mN32008E42289;SF;NA;2;51;W;F;5064;NEP
057540036036-544;057540036036;100mN32008E42289;SF;NA;2;11;S;M;0614;NEP
057540036036-545;057540036036;100mN32019E42245;MC;MIX;2;73;M;M;6574;NEP
057540036036-545;057540036036;100mN32019E42245;MC;MIX;2;13;S;M;0614;NEP
057540036036-546;057540036036;100mN32011E42289;S;NA;1;58;M;F;5064;NEP
057540036036-547;057540036036;100mN31999E42261;MC;NA;2;22;M;M;1824;EMP
057540036036-547;057540036036;100mN31999E42261;MC;NA;2;25;M;F;2529;NEP
057540036036-548;057540036036;100mN32001E42257;S;OS;1;42;D;F;4049;EMP
057540036036-549;057540036036;100mN32015E42253;S;NA;1;61;M;M;5064;EMP
057540036036-550;057540036036;100mN32002E42298;MC;NA;2;59;M;M;5064;NEP
057540036036-550;057540036036;100mN32002E42298;MC;NA;2;56;M;F;5064;EMP
057540036036-551;057540036036;100mN31973E42247;MC;NA;6;45;M;M;4049;EMP
057540036036-551;057540036036;100mN31973E42247;MC;NA;6;42;M;F;4049;EMP
057540036036-551;057540036036;100mN31973E42247;MC;NA;6;26;W;M;2529;EMP
057540036036-551;057540036036;100mN31973E42247;MC;NA;6;7;S;F;0614;NEP
057540036036-551;057540036036;100mN31973E42247;MC;NA;6;7;S;M;0614;NEP
057540036036-551;057540036036;100mN31973E42247;MC;NA;6;13;S;M;0614;NEP
057540036036-552;057540036036;100mN32011E42288;MC;NA;2;34;M;F;3039;NEP
057540036036-552;057540036036;100mN32011E42288;MC;NA;2;46;M;M;4049;EMP
057540036036-553;057540036036;100mN32010E42253;MC;OS;2;89;M;M;75XX;EMP
057540036036-553;057540036036;100mN32010E42253;MC;OS;2;50;D;F;5064;NEP
057540036036-554;057540036036;100mN32010E42279;MC;NA;2;52;M;F;5064;EMP
057540036036-554;057540036036;100mN32010E42279;MC;NA;2;54;M;M;5064;EMP
057540036036-555;057540036036;100mN32008E42281;MC;OS;2;65;M;M;6574;NEP
057540036036-555;057540036036;100mN32008E42281;MC;OS;2;67;M;F;6574;EMP
057540036036-556;057540036036;100mN32005E42251;PO;NA;2;59;S;M;5064;EMP
057540036036-556;057540036036;100mN32005E42251;PO;NA;2;58;S;F;5064;NEP
057540036036-557;057540036036;100mN31999E42261;MC;NA;2;35;M;F;3039;EMP
057540036036-557;057540036036;100mN31999E42261;MC;NA;2;37;M;M;3039;EMP
057540036036-558;057540036036;100mN32019E42230;MC;OS;4;71;M;F;6574;NEP
057540036036-558;057540036036;100mN32019E42230;MC;OS;4;71;M;M;6574;EMP
057540036036-558;057540036036;100mN32019E42230;MC;OS;4;79;M;F;75XX;EMP
057540036036-558;057540036036;100mN32019E42230;MC;OS;4;86;W;F;75XX;EMP
057540036036-559;057540036036;100mN32019E42230;S;NA;1;51;M;M;5064;EMP
057540036036-560;057540036036;100mN32001E42262;S;OS;1;35;S;M;3039;EMP
057540036036-561;057540036036;100mN31974E42271;S;NA;1;82;M;F;75XX;EMP
057540036036-562;057540036036;100mN32007E42303;S;NA;1;44;D;M;4049;EMP
057540036036-563;057540036036;100mN32007E42287;PO;NA;2;40;S;F;4049;EMP
057540036036-563;057540036036;100mN32007E42287;PO;NA;2;45;S;F;4049;NEP
057540036036-564;057540036036;100mN32018E42267;MC;NA;5;52;M;M;5064;EMP
057540036036-564;057540036036;100mN32018E42267;MC;NA;5;57;M;F;5064;NEP
057540036036-564;057540036036;100mN32018E42267;MC;NA;5;20;S;M;1824;NEP
057540036036-564;057540036036;100mN32018E42267;MC;NA;5;31;M;F;3039;EMP
057540036036-564;057540036036;100mN32018E42267;MC;NA;5;27;D;F;2529;EMP
057540036036-565;057540036036;100mN32007E42283;S;NA;1;43;D;M;4049;NEP
057540036036-566;057540036036;100mN32019E42230;MC;OS;2;81;M;F;75XX;NEP
057540036036-566;057540036036;100mN32019E42230;MC;OS;2;83;M;M;75XX;EMP
057540036036-567;057540036036;100mN32011E42228;MC;NA;2;54;M;F;5064;NEP
057540036036-567;057540036036;100mN32011E42228;MC;NA;2;55;M;M;5064;EMP
057540036036-568;057540036036;100mN32011E42228;MC;NA;3;40;M;M;4049;EMP
057540036036-568;057540036036;100mN32011E42228;MC;NA;3;31;M;F;3039;EMP
057540036036-568;057540036036;100mN32011E42228;MC;NA;3;16;S;F;1517;EMP
057540036036-569;057540036036;100mN32018E42290;SF;NA;2;43;D;F;4049;EMP
057540036036-569;057540036036;100mN32018E42290;SF;NA;2;13;S;M;0614;NEP
057540036036-570;057540036036;100mN32017E42230;S;NA;1;45;M;M;4049;EMP
057540036036-571;057540036036;100mN32000E42305;SF;NA;6;66;S;F;6574;EMP
057540036036-571;057540036036;100mN32000E42305;SF;NA;6;26;D;F;2529;NEP
057540036036-571;057540036036;100mN32000E42305;SF;NA;6;2;S;M;0003;NEP
057540036036-571;057540036036;100mN32000E42305;SF;NA;6;10;S;F;0614;NEP
057540036036-571;057540036036;100mN32000E42305;SF;NA;6;3;S;F;0305;NEP
057540036036-571;057540036036;100mN32000E42305;SF;NA;6;15;S;F;1517;EMP
057540036036-572;057540036036;100mN31988E42267;MC;OS;2;68;M;F;6574;NEP
057540036036-572;057540036036;100mN31988E42267;MC;OS;2;71;M;M;6574;EMP
057540036036-573;057540036036;100mN32017E42230;MC;NA;2;37;M;F;3039;EMP
057540036036-573;057540036036;100mN32017E42230;MC;NA;2;38;M;M;3039;EMP
057540036036-574;057540036036;100mN31976E42299;PO;NA;3;26;S;M;2529;NEP
057540036036-574;057540036036;100mN31976E42299;PO;NA;3;26;S;M;2529;EMP
057540036036-574;057540036036;100mN31976E42299;PO;NA;3;0;S;M;0003;NEP
057540036036-575;057540036036;100mN32016E42245;SF;NA;2;21;S;F;1824;EMP
057540036036-575;057540036036;100mN32016E42245;SF;NA;2;3;S;M;0305;NEP
057540036036-576;057540036036;100mN32002E42287;MC;MIX;2;81;M;F;75XX;NEP
057540036036-576;057540036036;100mN32002E42287;MC;MIX;2;42;M;F;4049;NEP
057540036036-577;057540036036;100mN32003E42261;MC;MIX;3;81;M;M;75XX;EMP
057540036036-577;057540036036;100mN32003E42261;MC;MIX;3;42;M;M;4049;EMP
057540036036-577;057540036036;100mN32003E42261;MC;MIX;3;40;M;F;4049;EMP
057540036036-578;057540036036;100mN32017E42230;S;NA;1;16;S;M;1517;EMP
057540036036-579;057540036036;100mN32008E42289;MC;MIX;2;84;M;F;75XX;EMP
057540036036-579;057540036036;100mN32008E42289;MC;MIX;2;20;S;M;1824;EMP
057540036036-580;057540036036;100mN31971E42264;MC;MIX;2;70;M;M;6574;NEP
057540036036-580;057540036036;100mN31971E42264;MC;MIX;2;61;M;F;5064;EMP
057540036036-581;057540036036;100mN31995E42261;PO;NA;5;27;S;M;2529;EMP
057540036036-581;057540036036;100mN31995E42261;PO;NA;5;18;S;F;1824;EMP
057540036036-581;057540036036;100mN31995E42261;PO;NA;5;11;S;M;0614;NEP
057540036036-581;057540036036;100mN31995E42261;PO;NA;5;0;S;M;0003;NEP
057540036036-581;057540036036;100mN31995E42261;PO;NA;5;7;S;F;0614;NEP
057540036036-582;057540036036;100mN32017E42255;MC;NA;5;43;M;M;4049;NEP
057540036036-582;057540036036;100mN32017E42255;MC;NA;5;36;M;F;3039;NEP
057540036036-582;057540036036;100mN32017E42255;MC;NA;5;13;S;M;0614;NEP
057540036036-582;057540036036;100mN32017E42255;MC;NA;5;25;D;M;2529;NEP
057540036036-582;057540036036;100mN32017E42255;MC;NA;5;27;S;M;2529;EMP
057540036036-583;057540036036;100mN31988E42259;S;NA;1;65;M;M;6574;NEP
057540036036-584;057540036036;100mN32015E42290;MC;OS;2;78;M;M;75XX;EMP
057540036036-584;057540036036;100mN32015E42290;MC;OS;2;88;M;F;75XX;EMP
057540036036-585;057540036036;100mN31983E42280;S;OS;1;48;M;M;4049;EMP
057540036036-586;057540036036;100mN32007E42285;S;NA;1;33;W;F;3039;NEP
057540036036-587;057540036036;100mN32015E42290;MC;NA;2;25;M;M;2529;NEP
057540036036-587;057540036036;100mN32015E42290;MC;NA;2;18;M;F;1824;EMP
057540036036-588;057540036036;100mN31992E42279;S;OS;1;33;D;M;3039;EMP
057540036036-589;057540036036;100mN32018E42253;MC;NA;2;55;M;F;5064;EMP
057540036036-589;057540036036;100mN32018E42253;MC;NA;2;56;M;M;5064;EMP
057540036036-590;057540036036;100mN31997E42267;MC;NA;4;37;M;M;3039;EMP
057540036036-590;057540036036;100mN31997E42267;MC;NA;4;44;M;F;4049;EMP
057540036036-590;057540036036;100mN31997E42267;MC;NA;4;7;S;M;0614;NEP
057540036036-590;057540036036;100mN31997E42267;MC;NA;4;21;D;M;1824;EMP
057540036036-591;057540036036;100mN31999E42273;S;NA;1;55;S;M;5064;EMP
057540036036-592;057540036036;100mN32015E42290;NA;NA;2;68;M;M;6574;NEP
057540036036-592;057540036036;100mN32015E42290;NA;NA;2;46;M;M;4049;NEP
057540036036-593;057540036036;100mN32015E42290;MC;NA;2;18;M;M;1824;NEP
057540036036-593;057540036036;100mN32015E42290;MC;NA;2;18;M;F;1824;NEP
057540036036-594;057540036036;100mN32001E42286;PC;NA;3;35;P;F;3039;EMP
057540036036-594;057540036036;100mN32001E42286;PC;NA;3;42;P;F;4049;EMP
057540036036-594;057540036036;100mN32001E42286;PC;NA;3;18;M;M;1824;EMP
057540036036-595;057540036036;100mN32009E42279;MC;NA;4;34;M;M;3039;EMP
057540036036-595;057540036036;100mN32009E42279;MC;NA;4;26;M;F;2529;NEP
057540036036-595;057540036036;100mN32009E42279;MC;NA;4;18;D;M;1824;EMP
057540036036-595;057540036036;100mN32009E42279;MC;NA;4;18;S;F;1824;EMP
057540036036-596;057540036036;100mN31976E42253;PO;NA;3;58;S;F;5064;NEP
057540036036-596;057540036036;100mN31976E42253;PO;NA;3;58;S;F;5064;EMP
057540036036-596;057540036036;100mN31976E42253;PO;NA;3;8;S;M;0614;NEP
057540036036-597;057540036036;100mN31986E42270;MC;NA;2;33;M;M;3039;EMP
057540036036-597;057540036036;100mN31986E42270;MC;NA;2;32;M;F;3039;EMP
057540036036-598;057540036036;100mN31993E42268;MC;NA;4;48;M;M;4049;NEP
057540036036-598;057540036036;100mN31993E42268;MC;NA;4;44;M;F;4049;NEP
057540036036-598;057540036036;100mN31993E42268;MC;NA;4;25;W;F;2529;EMP
057540036036-598;057540036036;100mN31993E42268;MC;NA;4;0;S;F;0003;NEP
057540036036-599;057540036036;100mN31992E42262;MC;NA;4;55;M;M;5064;NEP
057540036036-599;057540036036;100mN31992E42262;MC;NA;4;58;M;F;5064;EMP
057540036036-599;057540036036;100mN31992E42262;MC;NA;4;37;M;M;3039;EMP
057540036036-599;057540036036;100mN31992E42262;MC;NA;4;15;S;M;1517;EMP
057540036036-600;057540036036;100mN32018E42256;MC;NA;5;28;M;M;2529;EMP
057540036036-600;057540036036;100mN32018E42256;MC;NA;5;23;M;F;1824;NEP
057540036036-600;057540036036;100mN32018E42256;MC;NA;5;10;S;M;0614;NEP
057540036036-600;057540036036;100mN32018E42256;MC;NA;5;0;S;M;0003;NEP
057540036036-600;057540036036;100mN32018E42256;MC;NA;5;6;S;F;0614;NEP
057540036036-601;057540036036;100mN32019E42231;S;NA;1;81;M;F;75XX;NEP
057540036036-602;057540036036;100mN31986E42270;PO;NA;2;58;S;F;5064;EMP
057540036036-602;057540036036;100mN31986E42270;PO;NA;2;61;S;M;5064;NEP
057540036036-603;057540036036;100mN31991E42258;MC;NA;2;43;M;M;4049;NEP
057540036036-603;057540036036;100mN31991E42258;MC;NA;2;41;M;F;4049;EMP
057540036036-604;057540036036;100mN32019E42231;S;NA;1;48;M;M;4049;NEP
057540036036-605;057540036036;100mN32014E42241;S;NA;1;52;M;M;5064;EMP
057540036036-606;057540036036;100mN31999E42272;S;OS;1;46;S;M;4049;EMP
057540036036-607;057540036036;100mN31998E42266;MC;NA;2;56;M;M;5064;EMP
057540036036-607;057540036036;100mN31998E42266;MC;NA;2;56;M;F;5064;NEP
057540036036-608;057540036036;100mN32019E42231;MC;NA;2;18;M;F;1824;EMP
057540036036-608;057540036036;100mN32019E42231;MC;NA;2;23;M;M;1824;NEP
057540036036-609;057540036036;100mN32012E42286;MC;MIX;4;69;M;F;6574;EMP
057540036036-609;057540036036;100mN32012E42286;MC;MIX;4;51;M;M;5064;EMP
057540036036-609;057540036036;100mN32012E42286;MC;MIX;4;56;M;F;5064;EMP
057540036036-609;057540036036;100mN32012E42286;MC;MIX;4;16;S;M;1517;NEP
057540036036-610;057540036036;100mN31957E42263;MC;NA;3;56;M;M;5064;EMP
057540036036-610;057540036036;100mN31957E42263;MC;NA;3;59;M;F;5064;NEP
057540036036-610;057540036036;100mN31957E42263;MC;NA;3;22;M;M;1824;NEP
057540036036-611;057540036036;100mN32022E42248;SF;MIX;3;70;S;F;6574;NEP
057540036036-611;057540036036;100mN32022E42248;SF;MIX;3;26;W;F;2529;NEP
057540036036-611;057540036036;100mN32022E42248;SF;MIX;3;10;S;M;0614;NEP
057540036036-612;057540036036;100mN31978E42275;MC;NA;2;27;M;M;2529;EMP
057540036036-612;057540036036;100mN31978E42275;MC;NA;2;20;M;F;1824;NEP
057540036036-613;057540036036;100mN31985E42281;MC;NA;3;57;M;M;5064;EMP
057540036036-613;057540036036;100mN31985E42281;MC;NA;3;56;M;F;5064;EMP
057540036036-613;057540036036;100mN31985E42281;MC;NA;3;8;S;M;0614;NEP
057540036036-614;057540036036;100mN32015E42254;MC;MIX;2;77;M;F;75XX;NEP
057540036036-614;057540036036;100mN32015E42254;MC;MIX;2;27;D;M;2529;EMP
057540036036-615;057540036036;100mN32015E42254;MC;MIX;2;65;M;M;6574;EMP
057540036036-615;057540036036;100mN32015E42254;MC;MIX;2;50;M;F;5064;EMP
057540036036-616;057540036036;100mN31998E42257;MC;OS;4;81;M;M;75XX;EMP
057540036036-616;057540036036;100mN31998E42257;MC;OS;4;79;M;F;75XX;NEP
057540036036-616;057540036036;100mN31998E42257;MC;OS;4;73;S;M;6574;UEP
057540036036-616;057540036036;100mN31998E42257;MC;OS;4;72;M;F;6574;NEP
057540036036-617;057540036036;100mN32015E42254;S;OS;1;83;M;F;75XX;NEP
057540036036-618;057540036036;100mN32015E42288;MC;NA;2;51;M;F;5064;EMP
057540036036-618;057540036036;100mN32015E42288;MC;NA;2;52;M;M;5064;EMP
057540036036-619;057540036036;100mN32010E42253;MC;OS;2;89;M;M;75XX;EMP
057540036036-619;057540036036;100mN32010E42253;MC;OS;2;50;D;F;5064;NEP
057540036036-620;057540036036;100mN32017E42230;SF;NA;4;48;W;F;4049;NEP
057540036036-620;057540036036;100mN32017E42230;SF;NA;4;11;S;F;0614;NEP
057540036036-620;057540036036;100mN32017E42230;SF;NA;4;15;S;M;1517;EMP
057540036036-620;057540036036;100mN32017E42230;SF;NA;4;3;S;M;0305;NEP
057540036036-621;057540036036;100mN32011E42287;SF;NA;2;88;S;F;75XX;EMP
057540036036-621;057540036036;100mN32011E42287;SF;NA;2;15;S;F;1517;NEP
057540036036-622;057540036036;100mN32005E42281;MC;OS;2;80;M;M;75XX;NEP
057540036036-622;057540036036;100mN32005E42281;MC;OS;2;40;M;F;4049;NEP
057540036036-623;057540036036;100mN32015E42226;MC;NA;3;33;M;M;3039;UEP
057540036036-623;057540036036;100mN32015E42226;MC;NA;3;33;M;F;3039;EMP
057540036036-623;057540036036;100mN32015E42226;MC;NA;3;4;S;F;0305;NEP
057540036036-624;057540036036;100mN32015E42288;MC;OS;2;70;M;F;6574;EMP
057540036036-624;057540036036;100mN32015E42288;MC;OS;2;76;M;M;75XX;EMP
057540036036-625;057540036036;100mN31976E42273;MC;NA;4;41;M;F;4049;EMP
057540036036-625;057540036036;100mN31976E42273;MC;NA;4;44;M;M;4049;EMP
057540036036-625;057540036036;100mN31976E42273;MC;NA;4;10;S;M;0614;NEP
057540036036-625;057540036036;100mN31976E42273;MC;NA;4;20;M;M;1824;UEP
057540036036-626;057540036036;100mN32018E42290;S;NA;1;80;W;F;75XX;EMP
057540036036-627;057540036036;100mN32018E42255;MC;NA;2;45;M;F;4049;NEP
057540036036-627;057540036036;100mN32018E42255;MC;NA;2;53;M;M;5064;EMP
057540036036-628;057540036036;100mN31995E42259;S;OS;1;31;D;M;3039;EMP
057540036036-629;057540036036;100mN32015E42288;SF;NA;2;19;W;F;1824;NEP
057540036036-629;057540036036;100mN32015E42288;SF;NA;2;0;S;F;0003;NEP
057540036036-630;057540036036;100mN32015E42288;PO;OS;2;83;S;F;75XX;NEP
057540036036-630;057540036036;100mN32015E42288;PO;OS;2;85;S;F;75XX;EMP
057540036036-631;057540036036;100mN32017E42240;MC;OS;2;71;M;F;6574;EMP
057540036036-631;057540036036;100mN32017E42240;MC;OS;2;70;M;M;6574;EMP
057540036036-632;057540036036;100mN31977E42255;MC;NA;2;20;M;M;1824;EMP
057540036036-632;057540036036;100mN31977E42255;MC;NA;2;18;M;F;1824;NEP
057540036036-633;057540036036;100mN31951E42252;SM;NA;4;59;S;M;5064;EMP
057540036036-633;057540036036;100mN31951E42252;SM;NA;4;43;W;F;4049;NEP
057540036036-633;057540036036;100mN31951E42252;SM;NA;4;42;M;M;4049;EMP
057540036036-633;057540036036;100mN31951E42252;SM;NA;4;22;S;M;1824;NEP
057540036036-634;057540036036;100mN32005E42232;PO;NA;2;41;S;M;4049;EMP
057540036036-634;057540036036;100mN32005E42232;PO;NA;2;40;S;F;4049;EMP
057540036036-635;057540036036;100mN32014E42290;SF;NA;4;46;S;F;4049;EMP
057540036036-635;057540036036;100mN32014E42290;SF;NA;4;2;S;M;0003;NEP
057540036036-635;057540036036;100mN32014E42290;SF;NA;4;10;S;F;0614;NEP
057540036036-635;057540036036;100mN32014E42290;SF;NA;4;16;S;F;1517;EMP
057540036036-636;057540036036;100mN32024E42222;MC;MIX;4;81;M;F;75XX;NEP
057540036036-636;057540036036;100mN32024E42222;MC;MIX;4;42;M;F;4049;NEP
057540036036-636;057540036036;100mN32024E42222;MC;MIX;4;50;M;M;5064;EMP
057540036036-636;057540036036;100mN32024E42222;MC;MIX;4;13;S;M;0614;NEP
057540036036-637;057540036036;100mN31992E42263;MC;NA;2;30;M;M;3039;EMP
057540036036-637;057540036036;100mN31992E42263;MC;NA;2;25;M;F;2529;EMP
057540036036-638;057540036036;100mN31990E42259;SF;MIX;3;65;M;F;6574;EMP
057540036036-638;057540036036;100mN31990E42259;SF;MIX;3;61;S;F;5064;NEP
057540036036-638;057540036036;100mN31990E42259;SF;MIX;3;10;S;M;0614;NEP
057540036036-639;057540036036;100mN32009E42291;S;OS;1;26;M;M;2529;NEP
057540036036-640;057540036036;100mN32000E42255;MC;NA;2;28;M;F;2529;EMP
057540036036-640;057540036036;100mN32000E42255;MC;NA;2;32;M;M;3039;NEP
057540036036-641;057540036036;100mN32000E42255;S;NA;1;58;M;F;5064;EMP
057540036036-642;057540036036;100mN32004E42278;S;NA;1;53;S;F;5064;EMP
057540036036-643;057540036036;100mN32004E42277;MC;MIX;3;84;M;F;75XX;EMP
057540036036-643;057540036036;100mN32004E42277;MC;MIX;3;40;M;M;4049;NEP
057540036036-643;057540036036;100mN32004E42277;MC;MIX;3;35;M;F;3039;NEP
057540036036-644;057540036036;100mN32019E42242;MC;OS;3;65;M;M;6574;EMP
057540036036-644;057540036036;100mN32019E42242;MC;OS;3;65;M;F;6574;NEP
057540036036-644;057540036036;100mN32019E42242;MC;OS;3;68;W;M;6574;EMP
057540036036-645;057540036036;100mN31964E42308;PO;NA;6;61;S;M;5064;EMP
057540036036-645;057540036036;100mN31964E42308;PO;NA;6;62;S;F;5064;EMP
057540036036-645;057540036036;100mN31964E42308;PO;NA;6;3;S;M;0305;NEP
057540036036-645;057540036036;100mN31964E42308;PO;NA;6;31;M;M;3039;EMP
057540036036-645;057540036036;100mN31964E42308;PO;NA;6;3;S;F;0305;NEP
057540036036-645;057540036036;100mN31964E42308;PO;NA;6;7;S;M;0614;NEP
057540036036-646;057540036036;100mN31996E42254;MC;OS;4;85;M;M;75XX;NEP
057540036036-646;057540036036;100mN31996E42254;MC;OS;4;84;M;F;75XX;NEP
057540036036-646;057540036036;100mN31996E42254;MC;OS;4;71;S;F;6574;EMP
057540036036-646;057540036036;100mN31996E42254;MC;OS;4;73;W;F;6574;EMP
057540036036-647;057540036036;100mN32016E42251;S;NA;1;56;M;M;5064;EMP
057540036036-648;057540036036;100mN32000E42255;S;NA;1;59;M;M;5064;NEP
057540036036-649;057540036036;100mN31986E42272;MC;MIX;2;76;M;F;75XX;NEP
057540036036-649;057540036036;100mN31986E42272;MC;MIX;2;43;M;F;4049;EMP
057540036036-650;057540036036;100mN31993E42261;MC;OS;2;68;M;F;6574;EMP
057540036036-650;057540036036;100mN31993E42261;MC;OS;2;84;M;M;75XX;EMP
057540036036-651;057540036036;100mN32022E42255;MC;NA;3;58;M;F;5064;NEP
057540036036-651;057540036036;100mN32022E42255;MC;NA;3;61;M;M;5064;EMP
057540036036-651;057540036036;100mN32022E42255;MC;NA;3;6;S;F;0614;NEP
057540036036-652;057540036036;100mN31963E42305;MC;NA;3;45;M;M;4049;EMP
057540036036-652;057540036036;100mN31963E42305;MC;NA;3;43;M;F;4049;EMP
057540036036-652;057540036036;100mN31963E42305;MC;NA;3;28;M;F;2529;NEP
057540036036-653;057540036036;100mN32000E42255;S;NA;1;68;M;M;6574;NEP
057540036036-654;057540036036;100mN32000E42255;S;NA;1;25;M;M;2529;NEP
057540036036-655;057540036036;100mN31991E42259;PO;NA;3;46;S;F;4049;NEP
057540036036-655;057540036036;100mN31991E42259;PO;NA;3;45;S;M;4049;EMP
057540036036-655;057540036036;100mN31991E42259;PO;NA;3;7;S;M;0614;NEP
057540036036-656;057540036036;100mN32007E42278;MC;NA;3;20;M;F;1824;EMP
057540036036-656;057540036036;100mN32007E42278;MC;NA;3;23;M;M;1824;UEP
057540036036-656;057540036036;100mN32007E42278;MC;NA;3;4;S;M;0305;NEP
057540036036-657;057540036036;100mN32000E42255;MC;OS;4;68;M;F;6574;NEP
057540036036-657;057540036036;100mN32000E42255;MC;OS;4;71;M;M;6574;EMP
057540036036-657;057540036036;100mN32000E42255;MC;OS;4;79;M;F;75XX;EMP
057540036036-657;057540036036;100mN32000E42255;MC;OS;4;71;W;M;6574;EMP
057540036036-658;057540036036;100mN32000E42258;MC;NA;3;40;M;M;4049;EMP
057540036036-658;057540036036;100mN32000E42258;MC;NA;3;32;M;F;3039;EMP
057540036036-658;057540036036;100mN32000E42258;MC;NA;3;9;S;F;0614;NEP
057540036036-659;057540036036;100mN31989E42274;MC;MIX;5;68;W;M;6574;EMP
057540036036-659;057540036036;100mN31989E42274;MC;MIX;5;28;M;F;2529;EMP
057540036036-659;057540036036;100mN31989E42274;MC;MIX;5;30;M;M;3039;EMP
057540036036-659;057540036036;100mN31989E42274;MC;MIX;5;1;S;F;0003;NEP
057540036036-659;057540036036;100mN31989E42274;MC;MIX;5;7;S;M;0614;NEP
057540036036-660;057540036036;100mN32000E42258;PO;OS;4;66;S;M;6574;EMP
057540036036-660;057540036036;100mN32000E42258;PO;OS;4;65;S;M;6574;EMP
057540036036-660;057540036036;100mN32000E42258;PO;OS;4;80;M;F;75XX;EMP
057540036036-660;057540036036;100mN32000E42258;PO;OS;4;65;S;F;6574;NEP
057540036036-661;057540036036;100mN31995E42259;S;NA;1;48;S;M;4049;EMP
057540036036-662;057540036036;100mN32000E42258;MC;NA;2;40;M;F;4049;NEP
057540036036-662;057540036036;100mN32000E42258;MC;NA;2;32;M;M;3039;EMP
057540036036-663;057540036036;100mN32012E42291;MC;NA;5;50;M;F;5064;EMP
057540036036-663;057540036036;100mN32012E42291;MC;NA;5;47;M;M;4049;NEP
057540036036-663;057540036036;100mN32012E42291;MC;NA;5;16;S;M;1517;EMP
057540036036-663;057540036036;100mN32012E42291;MC;NA;5;9;S;M;0614;NEP
057540036036-663;057540036036;100mN32012E42291;MC;NA;5;10;S;M;0614;NEP
057540036036-664;057540036036;100mN32000E42258;S;NA;1;26;M;F;2529;NEP
057540036036-665;057540036036;100mN32007E42256;SF;NA;2;45;W;F;4049;EMP
057540036036-665;057540036036;100mN32007E42256;SF;NA;2;28;S;M;2529;EMP
057540036036-666;057540036036;100mN32009E42249;MC;NA;2;18;M;M;1824;EMP
057540036036-666;057540036036;100mN32009E42249;MC;NA;2;18;M;F;1824;NEP
057540036036-667;057540036036;100mN32005E42258;SM;MIX;5;70;M;M;6574;EMP
057540036036-667;057540036036;100mN32005E42258;SM;MIX;5;46;D;M;4049;NEP
057540036036-667;057540036036;100mN32005E42258;SM;MIX;5;2;S;M;0003;NEP
057540036036-667;057540036036;100mN32005E42258;SM;MIX;5;30;D;F;3039;NEP
057540036036-667;057540036036;100mN32005E42258;SM;MIX;5;16;S;F;1517;EMP
057540036036-668;057540036036;100mN32000E42258;MC;NA;4;59;M;M;5064;NEP
057540036036-668;057540036036;100mN32000E42258;MC;NA;4;50;M;F;5064;EMP
057540036036-668;057540036036;100mN32000E42258;MC;NA;4;16;S;M;1517;EMP
057540036036-668;057540036036;100mN32000E42258;MC;NA;4;12;S;M;0614;NEP
057540036036-669;057540036036;100mN32000E42258;MC;NA;2;59;M;M;5064;EMP
057540036036-669;057540036036;100mN32000E42258;MC;NA;2;59;M;F;5064;EMP
057540036036-670;057540036036;100mN32016E42235;MC;MIX;5;66;S;F;6574;EMP
057540036036-670;057540036036;100mN32016E42235;MC;MIX;5;31;M;F;3039;NEP
057540036036-670;057540036036;100mN32016E42235;MC;MIX;5;40;M;M;4049;EMP
057540036036-670;057540036036;100mN32016E42235;MC;MIX;5;16;S;F;1517;EMP
057540036036-670;057540036036;100mN32016E42235;MC;MIX;5;10;S;M;0614;NEP
057540036036-671;057540036036;100mN31996E42258;S;NA;1;19;S;M;1824;EMP
057540036036-672;057540036036;100mN32009E42288;MC;NA;6;44;M;F;4049;NEP
057540036036-672;057540036036;100mN32009E42288;MC;NA;6;51;M;M;5064;EMP
057540036036-672;057540036036;100mN32009E42288;MC;NA;6;16;S;M;1517;NEP
057540036036-672;057540036036;100mN32009E42288;MC;NA;6;6;S;M;0614;NEP
057540036036-672;057540036036;100mN32009E42288;MC;NA;6;12;S;F;0614;NEP
057540036036-672;057540036036;100mN32009E42288;MC;NA;6;4;S;M;0305;NEP
057540036036-673;057540036036;100mN31998E42275;SF;NA;4;69;W;F;6574;EMP
057540036036-673;057540036036;100mN31998E42275;SF;NA;4;13;S;M;0614;NEP
057540036036-673;057540036036;100mN31998E42275;SF;NA;4;41;D;M;4049;EMP
057540036036-673;057540036036;100mN31998E42275;SF;NA;4;3;S;F;0305;NEP
057540036036-674;057540036036;100mN32012E42243;MC;NA;4;62;M;F;5064;NEP
057540036036-674;057540036036;100mN32012E42243;MC;NA;4;68;S;M;6574;EMP
057540036036-674;057540036036;100mN32012E42243;MC;NA;4;2;S;M;0003;NEP
057540036036-674;057540036036;100mN32012E42243;MC;NA;4;13;S;F;0614;NEP
057540036036-675;057540036036;100mN31997E42245;MC;NA;2;54;M;M;5064;EMP
057540036036-675;057540036036;100mN31997E42245;MC;NA;2;48;M;F;4049;NEP
057540036036-676;057540036036;100mN32016E42248;MC;NA;2;34;M;F;3039;NEP
057540036036-676;057540036036;100mN32016E42248;MC;NA;2;36;M;M;3039;EMP
057540036036-677;057540036036;100mN32016E42248;SM;MIX;4;72;M;F;6574;NEP
057540036036-677;057540036036;100mN32016E42248;SM;MIX;4;28;D;M;2529;EMP
057540036036-677;057540036036;100mN32016E42248;SM;MIX;4;8;S;F;0614;NEP
057540036036-677;057540036036;100mN32016E42248;SM;MIX;4;3;S;M;0305;NEP
057540036036-678;057540036036;100mN32016E42248;SF;NA;3;25;S;F;2529;NEP
057540036036-678;057540036036;100mN32016E42248;SF;NA;3;10;S;M;0614;NEP
057540036036-678;057540036036;100mN32016E42248;SF;NA;3;9;S;M;0614;NEP
057540036036-679;057540036036;100mN32016E42248;MC;NA;4;40;M;M;4049;EMP
057540036036-679;057540036036;100mN32016E42248;MC;NA;4;37;M;F;3039;NEP
057540036036-679;057540036036;100mN32016E42248;MC;NA;4;2;S;M;0003;NEP
057540036036-679;057540036036;100mN32016E42248;MC;NA;4;18;M;M;1824;EMP
057540036036-680;057540036036;100mN32007E42285;MC;MIX;2;73;M;F;6574;EMP
057540036036-680;057540036036;100mN32007E42285;MC;MIX;2;31;S;M;3039;NEP
057540036036-681;057540036036;100mN32016E42248;PO;NA;2;44;S;M;4049;EMP
057540036036-681;057540036036;100mN32016E42248;PO;NA;2;18;S;M;1824;NEP
057540036036-682;057540036036;100mN32016E42248;MC;MIX;5;69;M;M;6574;EMP
057540036036-682;057540036036;100mN32016E42248;MC;MIX;5;41;M;M;4049;EMP
057540036036-682;057540036036;100mN32016E42248;MC;MIX;5;38;M;F;3039;EMP
057540036036-682;057540036036;100mN32016E42248;MC;MIX;5;25;M;F;2529;EMP
057540036036-682;057540036036;100mN32016E42248;MC;MIX;5;4;S;M;0305;NEP
057540036036-683;057540036036;100mN32014E42290;PO;NA;3;50;S;F;5064;NEP
057540036036-683;057540036036;100mN32014E42290;PO;NA;3;55;S;F;5064;EMP
057540036036-683;057540036036;100mN32014E42290;PO;NA;3;12;S;M;0614;NEP
057540036036-684;057540036036;100mN32011E42246;S;OS;1;51;M;F;5064;EMP
057540036036-685;057540036036;100mN31952E42251;NA;NA;4;46;S;F;4049;NEP
057540036036-685;057540036036;100mN31952E42251;NA;NA;4;53;M;F;5064;EMP
057540036036-685;057540036036;100mN31952E42251;NA;NA;4;89;M;F;75XX;NEP
057540036036-685;057540036036;100mN31952E42251;NA;NA;4;83;W;F;75XX;EMP
057540036036-686;057540036036;100mN32011E42253;MC;NA;2;22;M;M;1824;EMP
057540036036-686;057540036036;100mN32011E42253;MC;NA;2;25;M;F;2529;EMP
057540036036-687;057540036036;100mN32010E42288;S;NA;1;63;W;F;5064;NEP
057540036036-688;057540036036;100mN32008E42277;SF;NA;6;65;W;F;6574;EMP
057540036036-688;057540036036;100mN32008E42277;SF;NA;6;9;S;F;0614;NEP
057540036036-688;057540036036;100mN32008E42277;SF;NA;6;12;S;F;0614;NEP
057540036036-688;057540036036;100mN32008E42277;SF;NA;6;21;M;F;1824;NEP
057540036036-688;057540036036;100mN32008E42277;SF;NA;6;6;S;F;0614;NEP
057540036036-688;057540036036;100mN32008E42277;SF;NA;6;21;M;M;1824;EMP
057540036036-689;057540036036;100mN32011E42253;MC;NA;3;26;M;F;2529;EMP
057540036036-689;057540036036;100mN32011E42253;MC;NA;3;25;M;M;2529;EMP
057540036036-689;057540036036;100mN32011E42253;MC;NA;3;1;S;M;0003;NEP
057540036036-690;057540036036;100mN32011E42253;S;NA;1;51;M;M;5064;EMP
057540036036-691;057540036036;100mN32017E42242;S;NA;1;47;S;F;4049;EMP
057540036036-692;057540036036;100mN32016E42231;S;NA;1;43;M;M;4049;NEP
057540036036-693;057540036036;100mN31972E42251;S;NA;1;41;D;F;4049;NEP
057540036036-694;057540036036;100mN32001E42290;MC;NA;3;32;M;M;3039;UEP
057540036036-694;057540036036;100mN32001E42290;MC;NA;3;32;M;F;3039;EMP
057540036036-694;057540036036;100mN32001E42290;MC;NA;3;9;S;M;0614;NEP
057540036036-695;057540036036;100mN31986E42278;S;OS;1;72;M;F;6574;EMP
057540036036-696;057540036036;100mN32001E42289;MC;NA;2;44;M;F;4049;EMP
057540036036-696;057540036036;100mN32001E42289;MC;NA;2;45;M;M;4049;EMP
057540036036-697;057540036036;100mN31991E42256;MC;NA;2;44;M;F;4049;NEP
057540036036-697;057540036036;100mN31991E42256;MC;NA;2;47;M;M;4049;EMP
057540036036-698;057540036036;100mN32017E42248;PO;OS;2;89;S;F;75XX;NEP
057540036036-698;057540036036;100mN32017E42248;PO;OS;2;6;S;F;0614;NEP
057540036036-699;057540036036;100mN31975E42298;S;NA;1;58;M;M;5064;EMP
057540036036-700;057540036036;100mN32010E42239;MC;NA;3;56;M;M;5064;NEP
057540036036-700;057540036036;100mN32010E42239;MC;NA;3;53;M;F;5064;EMP
057540036036-700;057540036036;100mN32010E42239;MC;NA;3;12;S;F;0614;NEP
057540036036-701;057540036036;100mN31989E42261;S;NA;1;38;M;M;3039;EMP
057540036036-702;057540036036;100mN32017E42248;MC;MIX;2;82;M;M;75XX;EMP
057540036036-702;057540036036;100mN32017E42248;MC;MIX;2;53;S;M;5064;NEP
057540036036-703;057540036036;100mN32007E42280;MC;NA;2;50;M;M;5064;EMP
057540036036-703;057540036036;100mN32007E42280;MC;NA;2;47;M;F;4049;NEP
057540036036-704;057540036036;100mN32004E42258;MC;OS;3;87;M;F;75XX;NEP
057540036036-704;057540036036;100mN32004E42258;MC;OS;3;68;S;M;6574;EMP
057540036036-704;057540036036;100mN32004E42258;MC;OS;3;66;M;F;6574;NEP
057540036036-705;057540036036;100mN32021E42248;S;NA;1;30;W;F;3039;EMP
057540036036-706;057540036036;100mN32018E42240;S;OS;1;22;M;F;1824;EMP
057540036036-707;057540036036;100mN32009E42250;SF;NA;4;43;D;F;4049;NEP
057540036036-707;057540036036;100mN32009E42250;SF;NA;4;26;M;M;2529;UEP
057540036036-707;057540036036;100mN32009E42250;SF;NA;4;8;S;M;0614;NEP
057540036036-707;057540036036;100mN32009E42250;SF;NA;4;15;S;M;1517;EMP
057540036036-708;057540036036;100mN32015E42248;MC;NA;4;38;M;M;3039;EMP
057540036036-708;057540036036;100mN32015E42248;MC;NA;4;38;M;F;3039;EMP
057540036036-708;057540036036;100mN32015E42248;MC;NA;4;12;S;F;0614;NEP
057540036036-708;057540036036;100mN32015E42248;MC;NA;4;20;M;F;1824;NEP
057540036036-709;057540036036;100mN32004E42282;MC;NA;2;34;M;M;3039;EMP
057540036036-709;057540036036;100mN32004E42282;MC;NA;2;30;M;F;3039;EMP
057540036036-710;057540036036;100mN32017E42248;MC;NA;4;43;M;M;4049;NEP
057540036036-710;057540036036;100mN32017E42248;MC;NA;4;40;M;F;4049;NEP
057540036036-710;057540036036;100mN32017E42248;MC;NA;4;8;S;F;0614;NEP
057540036036-710;057540036036;100mN32017E42248;MC;NA;4;12;S;F;0614;NEP
057540036036-711;057540036036;100mN32017E42248;SF;NA;3;47;S;F;4049;NEP
057540036036-711;057540036036;100mN32017E42248;SF;NA;3;9;S;M;0614;NEP
057540036036-711;057540036036;100mN32017E42248;SF;NA;3;12;S;M;0614;NEP
057540036036-712;057540036036;100mN31976E42252;S;NA;1;44;M;M;4049;EMP
057540036036-713;057540036036;100mN32017E42248;MC;MIX;3;76;D;F;75XX;EMP
057540036036-713;057540036036;100mN32017E42248;MC;MIX;3;43;M;F;4049;NEP
057540036036-713;057540036036;100mN32017E42248;MC;MIX;3;46;M;M;4049;EMP
057540036036-714;057540036036;100mN31965E42249;MC;NA;2;53;M;F;5064;NEP
057540036036-714;057540036036;100mN31965E42249;MC;NA;2;60;M;M;5064;EMP
057540036036-715;057540036036;100mN31963E42306;MC;MIX;5;84;W;M;75XX;EMP
057540036036-715;057540036036;100mN31963E42306;MC;MIX;5;56;M;M;5064;EMP
057540036036-715;057540036036;100mN31963E42306;MC;MIX;5;47;M;F;4049;EMP
057540036036-715;057540036036;100mN31963E42306;MC;MIX;5;16;S;F;1517;EMP
057540036036-715;057540036036;100mN31963E42306;MC;MIX;5;15;S;M;1517;EMP
057540036036-716;057540036036;100mN32014E42245;MC;NA;2;53;M;M;5064;NEP
057540036036-716;057540036036;100mN32014E42245;MC;NA;2;44;M;F;4049;EMP
057540036036-717;057540036036;100mN32005E42287;S;NA;1;23;S;F;1824;EMP
057540036036-718;057540036036;100mN32021E42247;MC;NA;3;43;M;M;4049;NEP
057540036036-718;057540036036;100mN32021E42247;MC;NA;3;37;M;F;3039;EMP
057540036036-718;057540036036;100mN32021E42247;MC;NA;3;8;S;F;0614;NEP
057540036036-719;057540036036;100mN32000E42257;S;NA;1;32;S;F;3039;NEP
057540036036-720;057540036036;100mN32010E42285;MC;NA;4;55;M;M;5064;EMP
057540036036-720;057540036036;100mN32010E42285;MC;NA;4;46;M;F;4049;NEP
057540036036-720;057540036036;100mN32010E42285;MC;NA;4;10;S;M;0614;NEP
057540036036-720;057540036036;100mN32010E42285;MC;NA;4;13;S;M;0614;NEP
057540036036-721;057540036036;100mN32000E42257;MC;NA;2;25;M;M;2529;EMP
057540036036-721;057540036036;100mN32000E42257;MC;NA;2;18;M;F;1824;EMP
057540036036-722;057540036036;100mN32007E42255;S;OS;1;62;D;F;5064;EMP
057540036036-723;057540036036;100mN32000E42257;MC;NA;3;31;M;M;3039;EMP
057540036036-723;057540036036;100mN32000E42257;MC;NA;3;32;M;F;3039;EMP
057540036036-723;057540036036;100mN32000E42257;MC;NA;3;13;S;F;0614;NEP
057540036036-724;057540036036;100mN32021E42252;MC;OS;3;87;M;F;75XX;EMP
057540036036-724;057540036036;100mN32021E42252;MC;OS;3;72;M;M;6574;EMP
057540036036-724;057540036036;100mN32021E42252;MC;OS;3;84;W;F;75XX;EMP
057540036036-725;057540036036;100mN31999E42257;SF;NA;6;31;S;F;3039;NEP
057540036036-725;057540036036;100mN31999E42257;SF;NA;6;7;S;F;0614;NEP
057540036036-725;057540036036;100mN31999E42257;SF;NA;6;9;S;M;0614;NEP
057540036036-725;057540036036;100mN31999E42257;SF;NA;6;8;S;F;0614;NEP
057540036036-725;057540036036;100mN31999E42257;SF;NA;6;8;S;M;0614;NEP
057540036036-725;057540036036;100mN31999E42257;SF;NA;6;6;S;M;0614;NEP
057540036036-726;057540036036;100mN31993E42269;S;OS;1;52;M;F;5064;EMP
057540036036-727;057540036036;100mN32016E42229;S;NA;1;69;D;F;6574;NEP
057540036036-728;057540036036;100mN31996E42258;S;NA;1;56;M;M;5064;NEP
057540036036-729;057540036036;100mN32004E42277;PO;NA;4;38;S;M;3039;EMP
057540036036-729;057540036036;100mN32004E42277;PO;NA;4;35;S;F;3039;EMP
057540036036-729;057540036036;100mN32004E42277;PO;NA;4;21;W;F;1824;EMP
057540036036-729;057540036036;100mN32004E42277;PO;NA;4;9;S;F;0614;NEP
057540036036-730;057540036036;100mN31994E42259;S;NA;1;46;M;M;4049;EMP
057540036036-731;057540036036;100mN32004E42289;MC;NA;2;18;M;M;1824;EMP
057540036036-731;057540036036;100mN32004E42289;MC;NA;2;26;M;F;2529;EMP
057540036036-732;057540036036;100mN31992E42279;PO;NA;2;28;S;M;2529;EMP
057540036036-732;057540036036;100mN31992E42279;PO;NA;2;26;S;M;2529;EMP
057540036036-733;057540036036;100mN31994E42261;S;NA;1;41;D;M;4049;EMP
057540036036-734;057540036036;100mN31986E42271;PO;NA;5;52;S;M;5064;EMP
057540036036-734;057540036036;100mN31986E42271;PO;NA;5;45;S;M;4049;EMP
057540036036-734;057540036036;100mN31986E42271;PO;NA;5;32;M;M;3039;EMP
057540036036-734;057540036036;100mN31986E42271;PO;NA;5;23;W;F;1824;EMP
057540036036-734;057540036036;100mN31986E42271;PO;NA;5;28;D;F;2529;EMP
057540036036-735;057540036036;100mN32000E42257;MC;NA;3;57;M;M;5064;EMP
057540036036-735;057540036036;100mN32000E42257;MC;NA;3;57;M;F;5064;NEP
057540036036-735;057540036036;100mN32000E42257;MC;NA;3;42;D;M;4049;NEP
057540036036-736;057540036036;100mN32001E42258;PO;NA;4;28;S;M;2529;EMP
057540036036-736;057540036036;100mN32001E42258;PO;NA;4;26;S;F;2529;EMP
057540036036-736;057540036036;100mN32001E42258;PO;NA;4;0;S;F;0003;NEP
057540036036-736;057540036036;100mN32001E42258;PO;NA;4;3;S;M;0305;NEP
057540036036-737;057540036036;100mN32000E42257;MC;NA;4;32;M;F;3039;NEP
057540036036-737;057540036036;100mN32000E42257;MC;NA;4;41;M;M;4049;NEP
057540036036-737;057540036036;100mN32000E42257;MC;NA;4;3;S;F;0305;NEP
057540036036-737;057540036036;100mN32000E42257;MC;NA;4;15;S;F;1517;EMP
057540036036-738;057540036036;100mN32000E42257;S;NA;1;28;M;M;2529;EMP
057540036036-739;057540036036;100mN32019E42240;S;OS;1;75;M;F;75XX;NEP
057540036036-740;057540036036;100mN32000E42257;MC;NA;4;55;M;M;5064;EMP
057540036036-740;057540036036;100mN32000E42257;MC;NA;4;56;M;F;5064;EMP
057540036036-740;057540036036;100mN32000E42257;MC;NA;4;31;M;M;3039;EMP
057540036036-740;057540036036;100mN32000E42257;MC;NA;4;27;S;M;2529;EMP
057540036036-741;057540036036;100mN31999E42288;NA;MIX;6;45;M;M;4049;EMP
057540036036-741;057540036036;100mN31999E42288;NA;MIX;6;56;W;F;5064;NEP
057540036036-741;057540036036;100mN31999E42288;NA;MIX;6;26;M;M;2529;UEP
057540036036-741;057540036036;100mN31999E42288;NA;MIX;6;47;M;M;4049;EMP
057540036036-741;057540036036;100mN31999E42288;NA;MIX;6;38;S;M;3039;NEP
057540036036-741;057540036036;100mN31999E42288;NA;MIX;6;66;M;M;6574;EMP
057540036036-742;057540036036;100mN32000E42257;S;NA;1;85;M;F;75XX;NEP
057540036036-743;057540036036;100mN32000E42257;MC;NA;2;26;M;M;2529;EMP
057540036036-743;057540036036;100mN32000E42257;MC;NA;2;23;M;F;1824;EMP
057540036036-744;057540036036;100mN31992E42259;SM;NA;3;67;D;M;6574;NEP
057540036036-744;057540036036;100mN31992E42259;SM;NA;3;2;S;M;0003;NEP
057540036036-744;057540036036;100mN31992E42259;SM;NA;3;15;S;M;1517;UEP
057540036036-745;057540036036;100mN31957E42248;S;OS;1;62;D;F;5064;NEP
057540036036-746;057540036036;100mN32000E42257;S;NA;1;40;M;M;4049;EMP
057540036036-747;057540036036;100mN32017E42251;S;NA;1;41;M;F;4049;EMP
057540036036-748;057540036036;100mN32000E42257;MC;NA;3;52;M;F;5064;EMP
057540036036-748;057540036036;100mN32000E42257;MC;NA;3;52;M;M;5064;EMP
057540036036-748;057540036036;100mN32000E42257;MC;NA;3;16;S;F;1517;EMP
057540036036-749;057540036036;100mN32000E42257;MC;NA;2;55;M;M;5064;EMP
057540036036-749;057540036036;100mN32000E42257;MC;NA;2;52;M;F;5064;EMP
057540036036-750;057540036036;100mN32000E42257;SF;NA;2;61;W;F;5064;EMP
057540036036-750;057540036036;100mN32000E42257;SF;NA;2;19;M;F;1824;NEP
057540036036-751;057540036036;100mN31954E42289;SF;NA;2;36;W;F;3039;EMP
057540036036-751;057540036036;100mN31954E42289;SF;NA;2;20;M;F;1824;NEP
057540036036-752;057540036036;100mN31999E42255;PO;NA;3;57;S;F;5064;EMP
057540036036-752;057540036036;100mN31999E42255;PO;NA;3;60;S;M;5064;EMP
057540036036-752;057540036036;100mN31999E42255;PO;NA;3;4;S;F;0305;NEP
057540036036-753;057540036036;100mN32000E42257;MC;NA;2;51;M;F;5064;EMP
057540036036-753;057540036036;100mN32000E42257;MC;NA;2;59;M;M;5064;NEP
057540036036-754;057540036036;100mN32000E42257;S;NA;1;80;S;F;75XX;EMP
057540036036-755;057540036036;100mN32000E42257;S;OS;1;69;S;F;6574;NEP
057540036036-756;057540036036;100mN32000E42257;MC;NA;3;34;M;F;3039;EMP
057540036036-756;057540036036;100mN32000E42257;MC;NA;3;35;M;M;3039;NEP
057540036036-756;057540036036;100mN32000E42257;MC;NA;3;19;W;F;1824;NEP
057540036036-757;057540036036;100mN32000E42257;MC;MIX;2;88;M;F;75XX;NEP
057540036036-757;057540036036;100mN32000E42257;MC;MIX;2;2;S;M;0003;NEP
057540036036-758;057540036036;100mN31968E42255;SF;NA;3;40;W;F;4049;EMP
057540036036-758;057540036036;100mN31968E42255;SF;NA;3;23;W;F;1824;NEP
057540036036-758;057540036036;100mN31968E42255;SF;NA;3;22;D;M;1824;EMP
057540036036-759;057540036036;100mN32000E42257;S;NA;1;30;M;M;3039;EMP
057540036036-760;057540036036;100mN32000E42257;MC;OS;4;82;M;F;75XX;EMP
057540036036-760;057540036036;100mN32000E42257;MC;OS;4;67;M;M;6574;EMP
057540036036-760;057540036036;100mN32000E42257;MC;OS;4;68;W;F;6574;EMP
057540036036-760;057540036036;100mN32000E42257;MC;OS;4;81;S;F;75XX;NEP
057540036036-761;057540036036;100mN32000E42257;S;OS;1;36;M;M;3039;EMP
057540036036-762;057540036036;100mN32003E42285;PO;OS;2;65;S;M;6574;NEP
057540036036-762;057540036036;100mN32003E42285;PO;OS;2;83;S;F;75XX;NEP
057540036036-763;057540036036;100mN31989E42259;S;NA;1;38;M;M;3039;EMP
057540036036-764;057540036036;100mN31999E42261;MC;NA;3;32;M;M;3039;EMP
057540036036-764;057540036036;100mN31999E42261;MC;NA;3;31;M;F;3039;EMP
057540036036-764;057540036036;100mN31999E42261;MC;NA;3;15;S;M;1517;EMP
057540036036-765;057540036036;100mN32005E42282;MC;NA;2;60;M;M;5064;EMP
057540036036-765;057540036036;100mN32005E42282;MC;NA;2;51;M;F;5064;EMP
057540036036-766;057540036036;100mN32016E42253;S;NA;1;63;S;M;5064;EMP
057540036036-767;057540036036;100mN31954E42245;MC;MIX;2;88;M;F;75XX;NEP
057540036036-767;057540036036;100mN31954E42245;MC;MIX;2;27;M;M;2529;NEP
057540036036-768;057540036036;100mN31974E42298;PO;NA;2;51;S;F;5064;EMP
057540036036-768;057540036036;100mN31974E42298;PO;NA;2;52;S;F;5064;EMP
057540036036-769;057540036036;100mN32011E42286;PO;NA;4;41;S;M;4049;EMP
057540036036-769;057540036036;100mN32011E42286;PO;NA;4;40;S;F;4049;NEP
057540036036-769;057540036036;100mN32011E42286;PO;NA;4;11;S;M;0614;NEP
057540036036-769;057540036036;100mN32011E42286;PO;NA;4;11;S;F;0614;NEP
057540036036-770;057540036036;100mN32000E42257;MC;NA;4;55;M;M;5064;EMP
057540036036-770;057540036036;100mN32000E42257;MC;NA;4;46;M;F;4049;EMP
057540036036-770;057540036036;100mN32000E42257;MC;NA;4;0;S;M;0003;NEP
057540036036-770;057540036036;100mN32000E42257;MC;NA;4;28;M;F;2529;EMP
057540036036-771;057540036036;100mN32007E42253;PO;OS;4;69;S;F;6574;EMP
057540036036-771;057540036036;100mN32007E42253;PO;OS;4;69;S;M;6574;NEP
057540036036-771;057540036036;100mN32007E42253;PO;OS;4;73;S;F;6574;EMP
057540036036-771;057540036036;100mN32007E42253;PO;OS;4;69;M;M;6574;NEP
057540036036-772;057540036036;100mN32000E42257;MC;NA;5;58;M;F;5064;NEP
057540036036-772;057540036036;100mN32000E42257;MC;NA;5;59;M;M;5064;EMP
057540036036-772;057540036036;100mN32000E42257;MC;NA;5;11;S;F;0614;NEP
057540036036-772;057540036036;100mN32000E42257;MC;NA;5;20;S;F;1824;EMP
057540036036-772;057540036036;100mN32000E42257;MC;NA;5;1;S;M;0003;NEP
057540036036-773;057540036036;100mN32001E42255;MC;NA;3;45;M;F;4049;EMP
057540036036-773;057540036036;100mN32001E42255;MC;NA;3;47;M;M;4049;NEP
057540036036-773;057540036036;100mN32001E42255;MC;NA;3;22;M;M;1824;EMP
057540036036-774;057540036036;100mN31995E42268;MC;MIX;4;70;S;M;6574;EMP
057540036036-774;057540036036;100mN31995E42268;MC;MIX;4;42;M;M;4049;EMP
057540036036-774;057540036036;100mN31995E42268;MC;MIX;4;37;M;F;3039;EMP
057540036036-774;057540036036;100mN31995E42268;MC;MIX;4;2;S;F;0003;NEP
057540036036-775;057540036036;100mN31976E42256;MC;NA;3;50;M;M;5064;NEP
057540036036-775;057540036036;100mN31976E42256;MC;NA;3;48;M;F;4049;EMP
057540036036-775;057540036036;100mN31976E42256;MC;NA;3;35;M;F;3039;EMP
057540036036-776;057540036036;100mN32015E42252;S;OS;1;59;M;M;5064;EMP
057540036036-777;057540036036;100mN31995E42259;S;NA;1;48;S;M;4049;EMP
057540036036-778;057540036036;100mN32009E42288;MC;NA;4;60;M;M;5064;NEP
057540036036-778;057540036036;100mN32009E42288;MC;NA;4;60;M;F;5064;EMP
057540036036-778;057540036036;100mN32009E42288;MC;NA;4;6;S;M;0614;NEP
057540036036-778;057540036036;100mN32009E42288;MC;NA;4;33;S;M;3039;UEP
057540036036-779;057540036036;100mN32016E42253;S;NA;1;25;S;F;2529;EMP
057540036036-780;057540036036;100mN32002E42290;MC;NA;3;41;M;M;4049;NEP
057540036036-780;057540036036;100mN32002E42290;MC;NA;3;38;M;F;3039;NEP
057540036036-780;057540036036;100mN32002E42290;MC;NA;3;26;D;F;2529;EMP
057540036036-781;057540036036;100mN32016E42253;S;NA;1;41;S;F;4049;EMP
057540036036-782;057540036036;100mN32011E42248;MC;NA;4;62;M;M;5064;EMP
057540036036-782;057540036036;100mN32011E42248;MC;NA;4;61;M;F;5064;EMP
057540036036-782;057540036036;100mN32011E42248;MC;NA;4;12;S;M;0614;NEP
057540036036-782;057540036036;100mN32011E42248;MC;NA;4;4;S;M;0305;NEP
057540036036-783;057540036036;100mN32020E42249;S;NA;1;41;S;M;4049;EMP
057540036036-784;057540036036;100mN32016E42253;MC;OS;4;84;M;F;75XX;EMP
057540036036-784;057540036036;100mN32016E42253;MC;OS;4;87;M;M;75XX;EMP
057540036036-784;057540036036;100mN32016E42253;MC;OS;4;83;M;M;75XX;EMP
057540036036-784;057540036036;100mN32016E42253;MC;OS;4;85;M;M;75XX;NEP
057540036036-785;057540036036;100mN32016E42253;MC;NA;2;40;M;F;4049;NEP
057540036036-785;057540036036;100mN32016E42253;MC;NA;2;40;M;M;4049;EMP
057540036036-786;057540036036;100mN32016E42253;MC;NA;5;56;M;F;5064;EMP
057540036036-786;057540036036;100mN32016E42253;MC;NA;5;63;M;M;5064;NEP
057540036036-786;057540036036;100mN32016E42253;MC;NA;5;25;M;M;2529;UEP
057540036036-786;057540036036;100mN32016E42253;MC;NA;5;19;M;M;1824;EMP
057540036036-786;057540036036;100mN32016E42253;MC;NA;5;4;S;M;0305;NEP
057540036036-787;057540036036;100mN32021E42251;MC;NA;4;46;M;M;4049;EMP
057540036036-787;057540036036;100mN32021E42251;MC;NA;4;46;M;F;4049;EMP
057540036036-787;057540036036;100mN32021E42251;MC;NA;4;3;S;M;0305;NEP
057540036036-787;057540036036;100mN32021E42251;MC;NA;4;19;M;F;1824;NEP
057540036036-788;057540036036;100mN32003E42274;MC;NA;3;61;M;M;5064;NEP
057540036036-788;057540036036;100mN32003E42274;MC;NA;3;72;D;M;6574;EMP
057540036036-788;057540036036;100mN32003E42274;MC;NA;3;16;S;F;1517;EMP
057540036036-789;057540036036;100mN32016E42253;S;NA;1;63;D;F;5064;EMP
057540036036-790;057540036036;100mN32016E42253;S;OS;1;58;M;F;5064;EMP
057540036036-791;057540036036;100mN32016E42253;MC;NA;2;59;M;F;5064;NEP
057540036036-791;057540036036;100mN32016E42253;MC;NA;2;62;M;M;5064;EMP
057540036036-792;057540036036;100mN31995E42257;S;NA;1;70;S;M;6574;EMP
057540036036-793;057540036036;100mN32005E42276;NA;NA;4;59;D;F;5064;NEP
057540036036-793;057540036036;100mN32005E42276;NA;NA;4;42;S;F;4049;NEP
057540036036-793;057540036036;100mN32005E42276;NA;NA;4;22;M;F;1824;NEP
057540036036-793;057540036036;100mN32005E42276;NA;NA;4;44;M;M;4049;EMP
057540036036-794;057540036036;100mN31999E42259;MC;NA;2;53;M;F;5064;EMP
057540036036-794;057540036036;100mN31999E42259;MC;NA;2;58;M;M;5064;EMP
057540036036-795;057540036036;100mN32005E42258;SM;MIX;5;70;M;M;6574;EMP
057540036036-795;057540036036;100mN32005E42258;SM;MIX;5;46;D;M;4049;NEP
057540036036-795;057540036036;100mN32005E42258;SM;MIX;5;2;S;M;0003;NEP
057540036036-795;057540036036;100mN32005E42258;SM;MIX;5;30;D;F;3039;NEP
057540036036-795;057540036036;100mN32005E42258;SM;MIX;5;16;S;F;1517;EMP
057540036036-796;057540036036;100mN32016E42253;MC;MIX;2;66;M;F;6574;NEP
057540036036-796;057540036036;100mN32016E42253;MC;MIX;2;57;M;M;5064;EMP
057540036036-797;057540036036;100mN32016E42253;S;NA;1;63;S;M;5064;EMP
057540036036-798;057540036036;100mN32019E42256;S;NA;1;40;M;F;4049;EMP
057540036036-799;057540036036;100mN31957E42248;MC;NA;4;63;M;F;5064;EMP
057540036036-799;057540036036;100mN31957E42248;MC;NA;4;18;S;F;1824;EMP
057540036036-799;057540036036;100mN31957E42248;MC;NA;4;11;S;F;0614;NEP
057540036036-799;057540036036;100mN31957E42248;MC;NA;4;0;S;F;0003;NEP
057540036036-800;057540036036;100mN31995E42259;MC;NA;2;25;M;M;2529;EMP
057540036036-800;057540036036;100mN31995E42259;MC;NA;2;18;M;F;1824;EMP
057540036036-801;057540036036;100mN31957E42248;MC;OS;2;81;M;F;75XX;EMP
057540036036-801;057540036036;100mN31957E42248;MC;OS;2;78;M;M;75XX;EMP
057540036036-802;057540036036;100mN32015E42242;S;NA;1;18;M;M;1824;EMP
057540036036-803;057540036036;100mN31957E42248;S;OS;1;62;D;F;5064;NEP
057540036036-804;057540036036;100mN32011E42248;S;NA;1;38;S;M;3039;EMP
057540036036-805;057540036036;100mN32011E42248;MC;OS;5;89;M;M;75XX;EMP
057540036036-805;057540036036;100mN32011E42248;MC;OS;5;82;M;F;75XX;EMP
057540036036-805;057540036036;100mN32011E42248;MC;OS;5;81;S;F;75XX;EMP
057540036036-805;057540036036;100mN32011E42248;MC;OS;5;85;S;F;75XX;EMP
057540036036-805;057540036036;100mN32011E42248;MC;OS;5;65;M;M;6574;EMP
057540036036-806;057540036036;100mN31971E42259;S;NA;1;16;S;M;1517;EMP
057540036036-807;057540036036;100mN31976E42247;MC;NA;4;52;M;M;5064;EMP
057540036036-807;057540036036;100mN31976E42247;MC;NA;4;50;M;F;5064;EMP
057540036036-807;057540036036;100mN31976E42247;MC;NA;4;0;S;M;0003;NEP
057540036036-807;057540036036;100mN31976E42247;MC;NA;4;11;S;F;0614;NEP
057540036036-808;057540036036;100mN31990E42263;MC;MIX;5;83;S;M;75XX;EMP
057540036036-808;057540036036;100mN31990E42263;MC;MIX;5;18;M;M;1824;EMP
057540036036-808;057540036036;100mN31990E42263;MC;MIX;5;18;M;F;1824;EMP
057540036036-808;057540036036;100mN31990E42263;MC;MIX;5;0;S;F;0003;NEP
057540036036-808;057540036036;100mN31990E42263;MC;MIX;5;3;S;M;0305;NEP
057540036036-809;057540036036;100mN32011E42248;MC;OS;2;68;M;M;6574;NEP
057540036036-809;057540036036;100mN32011E42248;MC;OS;2;67;M;F;6574;EMP
057540036036-810;057540036036;100mN31976E42251;MC;NA;4;41;M;M;4049;EMP
057540036036-810;057540036036;100mN31976E42251;MC;NA;4;36;M;F;3039;EMP
057540036036-810;057540036036;100mN31976E42251;MC;NA;4;26;M;M;2529;EMP
057540036036-810;057540036036;100mN31976E42251;MC;NA;4;25;S;F;2529;NEP
057540036036-811;057540036036;100mN32011E42248;S;OS;1;54;S;M;5064;EMP
057540036036-812;057540036036;100mN32011E42248;MC;NA;3;36;M;F;3039;NEP
057540036036-812;057540036036;100mN32011E42248;MC;NA;3;40;M;M;4049;EMP
057540036036-812;057540036036;100mN32011E42248;MC;NA;3;19;M;M;1824;EMP
057540036036-813;057540036036;100mN32005E42290;S;NA;1;16;S;F;1517;EMP
057540036036-814;057540036036;100mN32004E42283;PO;NA;3;35;S;M;3039;EMP
057540036036-814;057540036036;100mN32004E42283;PO;NA;3;27;S;F;2529;EMP
057540036036-814;057540036036;100mN32004E42283;PO;NA;3;8;S;F;0614;NEP
057540036036-815;057540036036;100mN32022E42250;PO;NA;3;31;S;M;3039;EMP
057540036036-815;057540036036;100mN32022E42250;PO;NA;3;26;S;F;2529;NEP
057540036036-815;057540036036;100mN32022E42250;PO;NA;3;11;S;M;0614;NEP
057540036036-816;057540036036;100mN32013E42248;MC;NA;6;27;M;F;2529;EMP
057540036036-816;057540036036;100mN32013E42248;MC;NA;6;26;M;M;2529;NEP
057540036036-816;057540036036;100mN32013E42248;MC;NA;6;6;S;F;0614;NEP
057540036036-816;057540036036;100mN32013E42248;MC;NA;6;11;S;M;0614;NEP
057540036036-816;057540036036;100mN32013E42248;MC;NA;6;1;S;M;0003;NEP
057540036036-816;057540036036;100mN32013E42248;MC;NA;6;3;S;F;0305;NEP
057540036036-817;057540036036;100mN32003E42259;MC;NA;3;47;M;M;4049;NEP
057540036036-817;057540036036;100mN32003E42259;MC;NA;3;40;M;F;4049;EMP
057540036036-817;057540036036;100mN32003E42259;MC;NA;3;12;S;M;0614;NEP
057540036036-818;057540036036;100mN32011E42248;MC;OS;2;69;M;F;6574;EMP
057540036036-818;057540036036;100mN32011E42248;MC;OS;2;65;M;M;6574;NEP
057540036036-819;057540036036;100mN31996E42258;MC;NA;2;42;M;M;4049;EMP
057540036036-819;057540036036;100mN31996E42258;MC;NA;2;40;M;F;4049;NEP
057540036036-820;057540036036;100mN31995E42267;S;NA;1;45;M;F;4049;NEP
057540036036-821;057540036036;100mN31987E42271;MC;NA;4;43;M;M;4049;EMP
057540036036-821;057540036036;100mN31987E42271;MC;NA;4;37;M;F;3039;NEP
057540036036-821;057540036036;100mN31987E42271;MC;NA;4;23;M;M;1824;EMP
057540036036-821;057540036036;100mN31987E42271;MC;NA;4;18;M;M;1824;NEP
057540036036-822;057540036036;100mN32008E42278;S;NA;1;19;W;F;1824;EMP
057540036036-823;057540036036;100mN31986E42271;MC;OS;3;68;M;M;6574;NEP
057540036036-823;057540036036;100mN31986E42271;MC;OS;3;67;M;F;6574;EMP
057540036036-823;057540036036;100mN31986E42271;MC;OS;3;70;S;F;6574;NEP
057540036036-824;057540036036;100mN31984E42267;SF;NA;3;69;W;F;6574;EMP
057540036036-824;057540036036;100mN31984E42267;SF;NA;3;3;S;M;0305;NEP
057540036036-824;057540036036;100mN31984E42267;SF;NA;3;16;S;F;1517;NEP
057540036036-825;057540036036;100mN31995E42257;MC;NA;3;51;M;F;5064;EMP
057540036036-825;057540036036;100mN31995E42257;MC;NA;3;54;M;M;5064;EMP
057540036036-825;057540036036;100mN31995E42257;MC;NA;3;11;S;F;0614;NEP
057540036036-826;057540036036;100mN31976E42248;MC;NA;4;54;M;M;5064;EMP
057540036036-826;057540036036;100mN31976E42248;MC;NA;4;47;M;F;4049;EMP
057540036036-826;057540036036;100mN31976E42248;MC;NA;4;6;S;F;0614;NEP
057540036036-826;057540036036;100mN31976E42248;MC;NA;4;4;S;F;0305;NEP
057540036036-827;057540036036;100mN31984E42267;PO;MIX;2;86;S;M;75XX;EMP
057540036036-827;057540036036;100mN31984E42267;PO;MIX;2;40;M;F;4049;EMP
057540036036-828;057540036036;100mN32016E42251;MC;NA;2;33;M;M;3039;NEP
057540036036-828;057540036036;100mN32016E42251;MC;NA;2;31;M;F;3039;EMP
057540036036-829;057540036036;100mN32016E42251;MC;OS;2;68;M;M;6574;EMP
057540036036-829;057540036036;100mN32016E42251;MC;OS;2;67;M;F;6574;NEP
057540036036-830;057540036036;100mN32016E42251;S;NA;1;25;M;F;2529;NEP
057540036036-831;057540036036;100mN31996E42261;MC;OS;2;71;M;F;6574;EMP
057540036036-831;057540036036;100mN31996E42261;MC;OS;2;73;M;M;6574;EMP
057540036036-832;057540036036;100mN31975E42248;MC;NA;4;53;M;M;5064;UEP
057540036036-832;057540036036;100mN31975E42248;MC;NA;4;56;M;F;5064;NEP
057540036036-832;057540036036;100mN31975E42248;MC;NA;4;12;S;M;0614;NEP
057540036036-832;057540036036;100mN31975E42248;MC;NA;4;15;S;F;1517;NEP
057540036036-833;057540036036;100mN31972E42258;MC;NA;4;61;M;M;5064;EMP
057540036036-833;057540036036;100mN31972E42258;MC;NA;4;59;M;F;5064;EMP
057540036036-833;057540036036;100mN31972E42258;MC;NA;4;6;S;M;0614;NEP
057540036036-833;057540036036;100mN31972E42258;MC;NA;4;7;S;M;0614;NEP
057540036036-834;057540036036;100mN32016E42251;PO;NA;4;33;S;M;3039;EMP
057540036036-834;057540036036;100mN32016E42251;PO;NA;4;25;S;M;2529;EMP
057540036036-834;057540036036;100mN32016E42251;PO;NA;4;18;M;M;1824;EMP
057540036036-834;057540036036;100mN32016E42251;PO;NA;4;18;W;F;1824;EMP
057540036036-835;057540036036;100mN32016E42251;MC;MIX;2;81;M;F;75XX;EMP
057540036036-835;057540036036;100mN32016E42251;MC;MIX;2;10;S;F;0614;NEP
057540036036-836;057540036036;100mN32003E42286;S;OS;1;76;M;M;75XX;EMP
057540036036-837;057540036036;100mN32016E42251;S;NA;1;56;M;M;5064;EMP
057540036036-838;057540036036;100mN32016E42229;MC;NA;4;47;M;M;4049;EMP
057540036036-838;057540036036;100mN32016E42229;MC;NA;4;50;M;F;5064;EMP
057540036036-838;057540036036;100mN32016E42229;MC;NA;4;16;S;M;1517;EMP
057540036036-838;057540036036;100mN32016E42229;MC;NA;4;3;S;M;0305;NEP
057540036036-839;057540036036;100mN32016E42251;MC;MIX;2;72;M;M;6574;NEP
057540036036-839;057540036036;100mN32016E42251;MC;MIX;2;63;M;F;5064;EMP
057540036036-840;057540036036;100mN31991E42258;MC;MIX;4;78;M;M;75XX;EMP
057540036036-840;057540036036;100mN31991E42258;MC;MIX;4;48;M;M;4049;EMP
057540036036-840;057540036036;100mN31991E42258;MC;MIX;4;44;M;F;4049;EMP
057540036036-840;057540036036;100mN31991E42258;MC;MIX;4;9;S;F;0614;NEP
057540036036-841;057540036036;100mN32018E42243;MC;NA;2;40;M;F;4049;EMP
057540036036-841;057540036036;100mN32018E42243;MC;NA;2;41;M;M;4049;EMP
057540036036-842;057540036036;100mN32016E42251;SF;NA;3;51;D;F;5064;NEP
057540036036-842;057540036036;100mN32016E42251;SF;NA;3;0;S;M;0003;NEP
057540036036-842;057540036036;100mN32016E42251;SF;NA;3;16;S;M;1517;EMP
057540036036-843;057540036036;100mN31961E42258;MC;NA;2;48;M;M;4049;EMP
057540036036-843;057540036036;100mN31961E42258;MC;NA;2;45;M;F;4049;EMP
057540036036-844;057540036036;100mN32011E42286;S;NA;1;84;S;F;75XX;EMP
057540036036-845;057540036036;100mN32015E42228;S;NA;1;41;D;M;4049;EMP
057540036036-846;057540036036;100mN31963E42303;MC;NA;3;31;M;M;3039;EMP
057540036036-846;057540036036;100mN31963E42303;MC;NA;3;31;M;F;3039;EMP
057540036036-846;057540036036;100mN31963E42303;MC;NA;3;16;S;F;1517;NEP
057540036036-847;057540036036;100mN32011E42286;PO;NA;4;41;S;M;4049;EMP
057540036036-847;057540036036;100mN32011E42286;PO;NA;4;40;S;F;4049;NEP
057540036036-847;057540036036;100mN32011E42286;PO;NA;4;11;S;M;0614;NEP
057540036036-847;057540036036;100mN32011E42286;PO;NA;4;11;S;F;0614;NEP
057540036036-848;057540036036;100mN31972E42258;MC;NA;4;62;M;M;5064;EMP
057540036036-848;057540036036;100mN31972E42258;MC;NA;4;59;M;F;5064;NEP
057540036036-848;057540036036;100mN31972E42258;MC;NA;4;41;M;M;4049;NEP
057540036036-848;057540036036;100mN31972E42258;MC;NA;4;10;S;M;0614;NEP
057540036036-849;057540036036;100mN32011E42286;MC;OS;2;86;M;F;75XX;EMP
057540036036-849;057540036036;100mN32011E42286;MC;OS;2;85;M;M;75XX;EMP
057540036036-850;057540036036;100mN31996E42261;MC;OS;2;71;M;F;6574;EMP
057540036036-850;057540036036;100mN31996E42261;MC;OS;2;73;M;M;6574;EMP
057540036036-851;057540036036;100mN32008E42286;MC;NA;2;32;M;F;3039;NEP
057540036036-851;057540036036;100mN32008E42286;MC;NA;2;32;M;M;3039;EMP
057540036036-852;057540036036;100mN31993E42257;PO;NA;2;57;S;M;5064;NEP
057540036036-852;057540036036;100mN31993E42257;PO;NA;2;55;S;F;5064;EMP
057540036036-853;057540036036;100mN32005E42279;MC;NA;5;31;M;F;3039;EMP
057540036036-853;057540036036;100mN32005E42279;MC;NA;5;30;M;M;3039;NEP
057540036036-853;057540036036;100mN32005E42279;MC;NA;5;11;S;M;0614;NEP
057540036036-853;057540036036;100mN32005E42279;MC;NA;5;12;S;F;0614;NEP
057540036036-853;057540036036;100mN32005E42279;MC;NA;5;15;S;F;1517;EMP
057540036036-854;057540036036;100mN32004E42279;MC;OS;2;77;M;M;75XX;EMP
057540036036-854;057540036036;100mN32004E42279;MC;OS;2;71;M;F;6574;NEP
057540036036-855;057540036036;100mN32003E42260;MC;NA;2;44;M;M;4049;EMP
057540036036-855;057540036036;100mN32003E42260;MC;NA;2;43;M;F;4049;EMP
057540036036-856;057540036036;100mN32011E42286;MC;NA;2;61;M;M;5064;EMP
057540036036-856;057540036036;100mN32011E42286;MC;NA;2;54;M;F;5064;EMP
057540036036-857;057540036036;100mN31997E42257;PO;NA;4;45;S;F;4049;NEP
057540036036-857;057540036036;100mN31997E42257;PO;NA;4;44;S;F;4049;NEP
057540036036-857;057540036036;100mN31997E42257;PO;NA;4;19;M;M;1824;EMP
057540036036-857;057540036036;100mN31997E42257;PO;NA;4;16;S;M;1517;EMP
057540036036-858;057540036036;100mN32008E42277;MC;NA;2;30;M;M;3039;NEP
057540036036-858;057540036036;100mN32008E42277;MC;NA;2;34;M;F;3039;EMP
057540036036-859;057540036036;100mN31999E42255;MC;NA;4;41;M;F;4049;NEP
057540036036-859;057540036036;100mN31999E42255;MC;NA;4;53;M;M;5064;EMP
057540036036-859;057540036036;100mN31999E42255;MC;NA;4;20;S;M;1824;NEP
057540036036-859;057540036036;100mN31999E42255;MC;NA;4;13;S;M;0614;NEP
057540036036-860;057540036036;100mN31958E42263;NA;NA;2;46;D;M;4049;EMP
057540036036-860;057540036036;100mN31958E42263;NA;NA;2;75;M;M;75XX;EMP
057540036036-861;057540036036;100mN31976E42299;S;NA;1;44;W;F;4049;EMP
057540036036-862;057540036036;100mN32011E42286;MC;NA;2;38;M;F;3039;NEP
057540036036-862;057540036036;100mN32011E42286;MC;NA;2;41;M;M;4049;EMP
057540036036-863;057540036036;100mN32005E42260;S;OS;1;41;M;F;4049;EMP
057540036036-864;057540036036;100mN32007E42282;MC;NA;5;32;M;M;3039;EMP
057540036036-864;057540036036;100mN32007E42282;MC;NA;5;23;M;F;1824;EMP
057540036036-864;057540036036;100mN32007E42282;MC;NA;5;16;S;F;1517;EMP
057540036036-864;057540036036;100mN32007E42282;MC;NA;5;6;S;M;0614;NEP
057540036036-864;057540036036;100mN32007E42282;MC;NA;5;12;S;F;0614;NEP
057540036036-865;057540036036;100mN32011E42286;MC;OS;2;73;M;F;6574;EMP
057540036036-865;057540036036;100mN32011E42286;MC;OS;2;70;M;M;6574;NEP
057540036036-866;057540036036;100mN31991E42257;S;NA;1;25;M;M;2529;EMP
057540036036-867;057540036036;100mN32008E42283;MC;NA;4;63;M;M;5064;EMP
057540036036-867;057540036036;100mN32008E42283;MC;NA;4;63;M;F;5064;EMP
057540036036-867;057540036036;100mN32008E42283;MC;NA;4;8;S;M;0614;NEP
057540036036-867;057540036036;100mN32008E42283;MC;NA;4;7;S;M;0614;NEP
057540036036-868;057540036036;100mN32011E42286;PO;NA;2;25;S;M;2529;EMP
057540036036-868;057540036036;100mN32011E42286;PO;NA;2;18;S;M;1824;EMP
057540036036-869;057540036036;100mN32011E42286;MC;OS;2;71;M;F;6574;EMP
057540036036-869;057540036036;100mN32011E42286;MC;OS;2;72;M;M;6574;EMP
057540036036-870;057540036036;100mN32011E42286;S;OS;1;19;M;M;1824;EMP
057540036036-871;057540036036;100mN32004E42257;MC;OS;3;72;M;M;6574;EMP
057540036036-871;057540036036;100mN32004E42257;MC;OS;3;66;M;F;6574;EMP
057540036036-871;057540036036;100mN32004E42257;MC;OS;3;79;M;F;75XX;EMP
057540036036-872;057540036036;100mN32003E42276;S;OS;1;71;S;F;6574;NEP
057540036036-873;057540036036;100mN31976E42251;S;OS;1;19;S;M;1824;EMP
057540036036-874;057540036036;100mN32011E42286;MC;OS;2;66;M;M;6574;EMP
057540036036-874;057540036036;100mN32011E42286;MC;OS;2;67;M;F;6574;NEP
057540036036-875;057540036036;100mN31964E42280;MC;NA;3;53;M;F;5064;NEP
057540036036-875;057540036036;100mN31964E42280;MC;NA;3;57;M;M;5064;NEP
057540036036-875;057540036036;100mN31964E42280;MC;NA;3;11;S;F;0614;NEP
057540036036-876;057540036036;100mN31994E42259;MC;NA;2;35;M;M;3039;UEP
057540036036-876;057540036036;100mN31994E42259;MC;NA;2;33;M;F;3039;NEP
057540036036-877;057540036036;100mN32010E42280;S;OS;1;57;W;F;5064;EMP
057540036036-878;057540036036;100mN31995E42259;PO;OS;4;83;S;M;75XX;EMP
057540036036-878;057540036036;100mN31995E42259;PO;OS;4;87;S;F;75XX;EMP
057540036036-878;057540036036;100mN31995E42259;PO;OS;4;75;D;M;75XX;EMP
057540036036-878;057540036036;100mN31995E42259;PO;OS;4;78;D;F;75XX;EMP
057540036036-879;057540036036;100mN32011E42286;MC;NA;3;55;M;M;5064;EMP
057540036036-879;057540036036;100mN32011E42286;MC;NA;3;61;M;F;5064;EMP
057540036036-879;057540036036;100mN32011E42286;MC;NA;3;27;S;F;2529;NEP
057540036036-880;057540036036;100mN32003E42258;MC;MIX;4;70;W;F;6574;EMP
057540036036-880;057540036036;100mN32003E42258;MC;MIX;4;45;M;F;4049;EMP
057540036036-880;057540036036;100mN32003E42258;MC;MIX;4;54;M;M;5064;NEP
057540036036-880;057540036036;100mN32003E42258;MC;MIX;4;16;S;M;1517;NEP
057540036036-881;057540036036;100mN32005E42285;S;NA;1;55;S;F;5064;NEP
057540036036-882;057540036036;100mN32021E42249;MC;NA;4;59;M;M;5064;EMP
057540036036-882;057540036036;100mN32021E42249;MC;NA;4;58;M;F;5064;EMP
057540036036-882;057540036036;100mN32021E42249;MC;NA;4;33;M;F;3039;EMP
057540036036-882;057540036036;100mN32021E42249;MC;NA;4;12;S;F;0614;NEP
057540036036-883;057540036036;100mN32002E42290;MC;NA;3;41;M;M;4049;NEP
057540036036-883;057540036036;100mN32002E42290;MC;NA;3;38;M;F;3039;NEP
057540036036-883;057540036036;100mN32002E42290;MC;NA;3;26;D;F;2529;EMP
057540036036-884;057540036036;100mN31976E42250;MC;NA;2;36;M;M;3039;UEP
057540036036-884;057540036036;100mN31976E42250;MC;NA;2;38;M;F;3039;EMP
057540036036-885;057540036036;100mN32011E42247;PO;NA;4;33;S;F;3039;EMP
057540036036-885;057540036036;100mN32011E42247;PO;NA;4;36;S;F;3039;EMP
057540036036-885;057540036036;100mN32011E42247;PO;NA;4;7;S;M;0614;NEP
057540036036-885;057540036036;100mN32011E42247;PO;NA;4;4;S;M;0305;NEP
057540036036-886;057540036036;100mN32002E42290;MC;NA;2;56;M;F;5064;NEP
057540036036-886;057540036036;100mN32002E42290;MC;NA;2;59;M;M;5064;EMP
057540036036-887;057540036036;100mN32014E42227;S;NA;1;66;W;F;6574;EMP
057540036036-888;057540036036;100mN32018E42248;S;NA;1;53;M;M;5064;EMP
057540036036-889;057540036036;100mN31995E42258;SF;NA;2;86;D;F;75XX;NEP
057540036036-889;057540036036;100mN31995E42258;SF;NA;2;13;S;M;0614;NEP
057540036036-890;057540036036;100mN32002E42290;S;NA;1;53;M;F;5064;NEP
057540036036-891;057540036036;100mN31990E42262;MC;NA;3;46;M;M;4049;EMP
057540036036-891;057540036036;100mN31990E42262;MC;NA;3;43;M;F;4049;EMP
057540036036-891;057540036036;100mN31990E42262;MC;NA;3;6;S;M;0614;NEP
057540036036-892;057540036036;100mN31995E42261;S;NA;1;50;M;M;5064;EMP
057540036036-893;057540036036;100mN31963E42245;PO;NA;4;25;S;M;2529;EMP
057540036036-893;057540036036;100mN31963E42245;PO;NA;4;18;S;M;1824;EMP
057540036036-893;057540036036;100mN31963E42245;PO;NA;4;8;S;F;0614;NEP
057540036036-893;057540036036;100mN31963E42245;PO;NA;4;9;S;F;0614;NEP
057540036036-894;057540036036;100mN32005E42279;S;NA;1;26;S;M;2529;EMP
057540036036-895;057540036036;100mN32002E42290;MC;NA;2;20;M;M;1824;EMP
057540036036-895;057540036036;100mN32002E42290;MC;NA;2;18;M;F;1824;NEP
057540036036-896;057540036036;100mN32018E42248;S;NA;1;23;M;F;1824;NEP
057540036036-897;057540036036;100mN31963E42302;MC;NA;4;47;M;M;4049;UEP
057540036036-897;057540036036;100mN31963E42302;MC;NA;4;47;M;F;4049;EMP
057540036036-897;057540036036;100mN31963E42302;MC;NA;4;15;S;F;1517;EMP
057540036036-897;057540036036;100mN31963E42302;MC;NA;4;12;S;M;0614;NEP
057540036036-898;057540036036;100mN32020E42246;MC;NA;2;47;M;F;4049;NEP
057540036036-898;057540036036;100mN32020E42246;MC;NA;2;50;M;M;5064;NEP
057540036036-899;057540036036;100mN32002E42290;MC;NA;2;52;M;M;5064;EMP
057540036036-899;057540036036;100mN32002E42290;MC;NA;2;50;M;F;5064;NEP
057540036036-900;057540036036;100mN32002E42290;PO;NA;2;20;S;M;1824;EMP
057540036036-900;057540036036;100mN32002E42290;PO;NA;2;18;S;F;1824;NEP
057540036036-901;057540036036;100mN32019E42229;MC;NA;4;40;M;F;4049;EMP
057540036036-901;057540036036;100mN32019E42229;MC;NA;4;41;M;M;4049;EMP
057540036036-901;057540036036;100mN32019E42229;MC;NA;4;13;S;M;0614;NEP
057540036036-901;057540036036;100mN32019E42229;MC;NA;4;0;S;F;0003;NEP
057540036036-902;057540036036;100mN31975E42301;MC;NA;3;26;M;M;2529;EMP
057540036036-902;057540036036;100mN31975E42301;MC;NA;3;18;M;F;1824;NEP
057540036036-902;057540036036;100mN31975E42301;MC;NA;3;11;S;F;0614;NEP
057540036036-903;057540036036;100mN31994E42260;SM;NA;2;30;S;M;3039;EMP
057540036036-903;057540036036;100mN31994E42260;SM;NA;2;11;S;F;0614;NEP
057540036036-904;057540036036;100mN32002E42290;MC;OS;4;72;M;M;6574;EMP
057540036036-904;057540036036;100mN32002E42290;MC;OS;4;77;M;F;75XX;EMP
057540036036-904;057540036036;100mN32002E42290;MC;OS;4;73;M;M;6574;EMP
057540036036-904;057540036036;100mN32002E42290;MC;OS;4;73;M;F;6574;NEP
057540036036-905;057540036036;100mN32002E42290;PO;NA;3;30;S;M;3039;EMP
057540036036-905;057540036036;100mN32002E42290;PO;NA;3;36;S;M;3039;EMP
057540036036-905;057540036036;100mN32002E42290;PO;NA;3;3;S;M;0305;NEP
057540036036-906;057540036036;100mN31975E42274;S;OS;1;55;M;M;5064;EMP
057540036036-907;057540036036;100mN31999E42259;MC;MIX;2;66;M;F;6574;NEP
057540036036-907;057540036036;100mN31999E42259;MC;MIX;2;31;S;M;3039;NEP
057540036036-908;057540036036;100mN32002E42290;PO;MIX;4;69;M;M;6574;EMP
057540036036-908;057540036036;100mN32002E42290;PO;MIX;4;54;S;M;5064;EMP
057540036036-908;057540036036;100mN32002E42290;PO;MIX;4;50;S;F;5064;EMP
057540036036-908;057540036036;100mN32002E42290;PO;MIX;4;3;S;M;0305;NEP
057540036036-909;057540036036;100mN32008E42289;SF;NA;3;57;W;F;5064;NEP
057540036036-909;057540036036;100mN32008E42289;SF;NA;3;34;M;M;3039;EMP
057540036036-909;057540036036;100mN32008E42289;SF;NA;3;27;W;F;2529;EMP
057540036036-910;057540036036;100mN32005E42258;S;OS;1;37;M;M;3039;EMP
057540036036-911;057540036036;100mN32018E42252;MC;NA;2;47;M;M;4049;EMP
057540036036-911;057540036036;100mN32018E42252;MC;NA;2;41;M;F;4049;NEP
057540036036-912;057540036036;100mN32013E42286;S;NA;1;80;D;M;75XX;NEP
057540036036-913;057540036036;100mN32019E42256;MC;MIX;3;76;W;M;75XX;NEP
057540036036-913;057540036036;100mN32019E42256;MC;MIX;3;31;M;M;3039;EMP
057540036036-913;057540036036;100mN32019E42256;MC;MIX;3;32;M;F;3039;EMP
057540036036-914;057540036036;100mN31977E42242;MC;NA;2;59;M;F;5064;EMP
057540036036-914;057540036036;100mN31977E42242;MC;NA;2;60;M;M;5064;EMP
057540036036-915;057540036036;100mN32015E42250;PO;NA;2;61;S;M;5064;EMP
057540036036-915;057540036036;100mN32015E42250;PO;NA;2;61;S;F;5064;EMP
057540036036-916;057540036036;100mN31974E42271;S;NA;1;44;M;M;4049;NEP
057540036036-917;057540036036;100mN32005E42278;S;NA;1;54;M;M;5064;EMP
057540036036-918;057540036036;100mN31972E42299;S;OS;1;86;S;F;75XX;NEP
057540036036-919;057540036036;100mN31978E42267;S;NA;1;45;S;M;4049;NEP
057540036036-920;057540036036;100mN31999E42259;MC;NA;3;60;M;F;5064;NEP
057540036036-920;057540036036;100mN31999E42259;MC;NA;3;54;M;F;5064;NEP
057540036036-920;057540036036;100mN31999E42259;MC;NA;3;16;S;M;1517;EMP
057540036036-921;057540036036;100mN32019E42229;MC;NA;2;47;M;F;4049;NEP
057540036036-921;057540036036;100mN32019E42229;MC;NA;2;51;M;M;5064;EMP
057540036036-922;057540036036;100mN32019E42229;MC;NA;4;40;M;F;4049;EMP
057540036036-922;057540036036;100mN32019E42229;MC;NA;4;41;M;M;4049;EMP
057540036036-922;057540036036;100mN32019E42229;MC;NA;4;13;S;M;0614;NEP
057540036036-922;057540036036;100mN32019E42229;MC;NA;4;0;S;F;0003;NEP
057540036036-923;057540036036;100mN31976E42251;SF;NA;2;25;S;F;2529;EMP
057540036036-923;057540036036;100mN31976E42251;SF;NA;2;10;S;F;0614;NEP
057540036036-924;057540036036;100mN31996E42267;S;OS;1;20;M;F;1824;EMP
057540036036-925;057540036036;100mN32010E42252;MC;NA;2;43;M;F;4049;NEP
057540036036-925;057540036036;100mN32010E42252;MC;NA;2;47;M;M;4049;EMP
057540036036-926;057540036036;100mN32004E42281;S;NA;1;59;W;F;5064;NEP
057540036036-927;057540036036;100mN31989E42274;S;NA;1;63;M;M;5064;EMP
057540036036-928;057540036036;100mN32021E42255;MC;NA;2;27;M;M;2529;EMP
057540036036-928;057540036036;100mN32021E42255;MC;NA;2;25;M;F;2529;NEP
057540036036-929;057540036036;100mN32006E42252;MC;MIX;5;73;D;M;6574;EMP
057540036036-929;057540036036;100mN32006E42252;MC;MIX;5;55;M;F;5064;NEP
057540036036-929;057540036036;100mN32006E42252;MC;MIX;5;59;M;M;5064;UEP
057540036036-929;057540036036;100mN32006E42252;MC;MIX;5;10;S;M;0614;NEP
057540036036-929;057540036036;100mN32006E42252;MC;MIX;5;16;S;M;1517;NEP
057540036036-930;057540036036;100mN32011E42291;MC;OS;2;79;M;F;75XX;EMP
057540036036-930;057540036036;100mN32011E42291;MC;OS;2;82;M;M;75XX;EMP
057540036036-931;057540036036;100mN31996E42257;S;NA;1;40;D;M;4049;UEP
057540036036-932;057540036036;100mN32011E42285;PO;OS;2;87;S;F;75XX;NEP
057540036036-932;057540036036;100mN32011E42285;PO;OS;2;88;S;F;75XX;EMP
057540036036-933;057540036036;100mN32014E42225;S;NA;1;40;S;M;4049;UEP
057540036036-934;057540036036;100mN32011E42285;MC;NA;2;60;M;M;5064;EMP
057540036036-934;057540036036;100mN32011E42285;MC;NA;2;57;M;F;5064;EMP
057540036036-935;057540036036;100mN32018E42248;MC;NA;2;54;M;F;5064;EMP
057540036036-935;057540036036;100mN32018E42248;MC;NA;2;63;M;M;5064;NEP
057540036036-936;057540036036;100mN32005E42277;S;NA;1;48;S;F;4049;EMP
057540036036-937;057540036036;100mN32017E42243;MC;MIX;3;66;S;M;6574;EMP
057540036036-937;057540036036;100mN32017E42243;MC;MIX;3;41;M;M;4049;EMP
057540036036-937;057540036036;100mN32017E42243;MC;MIX;3;33;M;F;3039;EMP
057540036036-938;057540036036;100mN32005E42258;MC;NA;4;46;M;M;4049;UEP
057540036036-938;057540036036;100mN32005E42258;MC;NA;4;41;M;F;4049;NEP
057540036036-938;057540036036;100mN32005E42258;MC;NA;4;9;S;M;0614;NEP
057540036036-938;057540036036;100mN32005E42258;MC;NA;4;0;S;F;0003;NEP
057540036036-939;057540036036;100mN32005E42233;MC;NA;2;45;M;F;4049;EMP
057540036036-939;057540036036;100mN32005E42233;MC;NA;2;50;M;M;5064;EMP
057540036036-940;057540036036;100mN31999E42255;SF;MIX;5;65;M;F;6574;EMP
057540036036-940;057540036036;100mN31999E42255;SF;MIX;5;52;W;F;5064;NEP
057540036036-940;057540036036;100mN31999E42255;SF;MIX;5;34;M;M;3039;EMP
057540036036-940;057540036036;100mN31999E42255;SF;MIX;5;7;S;M;0614;NEP
057540036036-940;057540036036;100mN31999E42255;SF;MIX;5;16;S;F;1517;NEP
057540036036-941;057540036036;100mN32022E42251;MC;NA;3;42;M;F;4049;NEP
057540036036-941;057540036036;100mN32022E42251;MC;NA;3;48;M;M;4049;EMP
057540036036-941;057540036036;100mN32022E42251;MC;NA;3;13;S;M;0614;NEP
057540036036-942;057540036036;100mN32012E42244;PO;NA;3;42;S;M;4049;EMP
057540036036-942;057540036036;100mN32012E42244;PO;NA;3;43;S;M;4049;EMP
057540036036-942;057540036036;100mN32012E42244;PO;NA;3;15;S;M;1517;UEP
057540036036-943;057540036036;100mN32016E42246;MC;OS;2;69;M;M;6574;EMP
057540036036-943;057540036036;100mN32016E42246;MC;OS;2;68;M;F;6574;EMP
057540036036-944;057540036036;100mN32011E42278;MC;NA;2;34;M;F;3039;NEP
057540036036-944;057540036036;100mN32011E42278;MC;NA;2;42;M;M;4049;NEP
057540036036-945;057540036036;100mN32019E42238;MC;NA;5;33;M;M;3039;EMP
057540036036-945;057540036036;100mN32019E42238;MC;NA;5;27;M;F;2529;EMP
057540036036-945;057540036036;100mN32019E42238;MC;NA;5;7;S;F;0614;NEP
057540036036-945;057540036036;100mN32019E42238;MC;NA;5;4;S;M;0305;NEP
057540036036-945;057540036036;100mN32019E42238;MC;NA;5;18;W;M;1824;NEP
057540036036-946;057540036036;100mN32019E42238;MC;NA;3;21;M;M;1824;EMP
057540036036-946;057540036036;100mN32019E42238;MC;NA;3;20;M;F;1824;NEP
057540036036-946;057540036036;100mN32019E42238;MC;NA;3;2;S;M;0003;NEP
057540036036-947;057540036036;100mN32005E42285;MC;OS;5;68;M;F;6574;NEP
057540036036-947;057540036036;100mN32005E42285;MC;OS;5;68;M;M;6574;EMP
057540036036-947;057540036036;100mN32005E42285;MC;OS;5;66;D;M;6574;EMP
057540036036-947;057540036036;100mN32005E42285;MC;OS;5;70;M;M;6574;EMP
057540036036-947;057540036036;100mN32005E42285;MC;OS;5;79;W;F;75XX;NEP
057540036036-948;057540036036;100mN32001E42289;MC;NA;3;34;M;M;3039;EMP
057540036036-948;057540036036;100mN32001E42289;MC;NA;3;33;M;F;3039;NEP
057540036036-948;057540036036;100mN32001E42289;MC;NA;3;4;S;F;0305;NEP
057540036036-949;057540036036;100mN32019E42238;S;NA;1;40;M;M;4049;EMP
057540036036-950;057540036036;100mN31961E42300;SM;NA;2;19;W;M;1824;NEP
057540036036-950;057540036036;100mN31961E42300;SM;NA;2;4;S;F;0305;NEP
057540036036-951;057540036036;100mN32019E42238;S;NA;1;36;W;F;3039;EMP
057540036036-952;057540036036;100mN32019E42238;MC;NA;3;33;M;F;3039;NEP
057540036036-952;057540036036;100mN32019E42238;MC;NA;3;34;M;M;3039;EMP
057540036036-952;057540036036;100mN32019E42238;MC;NA;3;13;S;M;0614;NEP
057540036036-953;057540036036;100mN32016E42245;SF;NA;2;21;S;F;1824;EMP
057540036036-953;057540036036;100mN32016E42245;SF;NA;2;3;S;M;0305;NEP
057540036036-954;057540036036;100mN32019E42238;SF;NA;2;19;S;F;1824;EMP
057540036036-954;057540036036;100mN32019E42238;SF;NA;2;1;S;F;0003;NEP
057540036036-955;057540036036;100mN31988E42283;MC;NA;2;40;M;M;4049;EMP
057540036036-955;057540036036;100mN31988E42283;MC;NA;2;42;M;F;4049;EMP
057540036036-956;057540036036;100mN31962E42308;MC;NA;2;25;M;F;2529;NEP
057540036036-956;057540036036;100mN31962E42308;MC;NA;2;25;M;M;2529;EMP
057540036036-957;057540036036;100mN31988E42283;MC;NA;2;42;M;F;4049;NEP
057540036036-957;057540036036;100mN31988E42283;MC;NA;2;60;M;M;5064;EMP
057540036036-958;057540036036;100mN32003E42259;SF;MIX;2;83;S;F;75XX;EMP
057540036036-958;057540036036;100mN32003E42259;SF;MIX;2;13;S;F;0614;NEP
057540036036-959;057540036036;100mN32019E42232;MC;OS;2;65;M;F;6574;NEP
057540036036-959;057540036036;100mN32019E42232;MC;OS;2;65;M;M;6574;EMP
057540036036-960;057540036036;100mN32018E42246;MC;NA;2;38;M;M;3039;EMP
057540036036-960;057540036036;100mN32018E42246;MC;NA;2;32;M;F;3039;EMP
057540036036-961;057540036036;100mN32014E42240;MC;NA;4;58;M;F;5064;EMP
057540036036-961;057540036036;100mN32014E42240;MC;NA;4;56;M;M;5064;NEP
057540036036-961;057540036036;100mN32014E42240;MC;NA;4;18;M;M;1824;EMP
057540036036-961;057540036036;100mN32014E42240;MC;NA;4;13;S;M;0614;NEP
057540036036-962;057540036036;100mN31973E42245;PO;NA;3;57;S;M;5064;EMP
057540036036-962;057540036036;100mN31973E42245;PO;NA;3;48;S;F;4049;NEP
057540036036-962;057540036036;100mN31973E42245;PO;NA;3;35;S;M;3039;NEP
057540036036-963;057540036036;100mN32013E42285;MC;NA;3;48;M;F;4049;NEP
057540036036-963;057540036036;100mN32013E42285;MC;NA;3;52;M;M;5064;NEP
057540036036-963;057540036036;100mN32013E42285;MC;NA;3;31;W;F;3039;EMP
057540036036-964;057540036036;100mN32020E42234;MC;NA;3;40;M;M;4049;EMP
057540036036-964;057540036036;100mN32020E42234;MC;NA;3;40;M;F;4049;EMP
057540036036-964;057540036036;100mN32020E42234;MC;NA;3;15;S;M;1517;EMP
057540036036-965;057540036036;100mN32002E42287;MC;MIX;2;81;M;F;75XX;NEP
057540036036-965;057540036036;100mN32002E42287;MC;MIX;2;42;M;F;4049;NEP
057540036036-966;057540036036;100mN32002E42256;PO;NA;3;60;S;M;5064;EMP
057540036036-966;057540036036;100mN32002E42256;PO;NA;3;53;S;M;5064;EMP
057540036036-966;057540036036;100mN32002E42256;PO;NA;3;6;S;M;0614;NEP
057540036036-967;057540036036;100mN32005E42285;MC;NA;4;50;M;M;5064;EMP
057540036036-967;057540036036;100mN32005E42285;MC;NA;4;47;M;F;4049;EMP
057540036036-967;057540036036;100mN32005E42285;MC;NA;4;23;S;F;1824;EMP
057540036036-967;057540036036;100mN32005E42285;MC;NA;4;13;S;M;0614;NEP
057540036036-968;057540036036;100mN32014E42240;MC;MIX;6;72;M;F;6574;EMP
057540036036-968;057540036036;100mN32014E42240;MC;MIX;6;27;M;F;2529;NEP
057540036036-968;057540036036;100mN32014E42240;MC;MIX;6;35;M;M;3039;EMP
057540036036-968;057540036036;100mN32014E42240;MC;MIX;6;4;S;F;0305;NEP
057540036036-968;057540036036;100mN32014E42240;MC;MIX;6;3;S;M;0305;NEP
057540036036-968;057540036036;100mN32014E42240;MC;MIX;6;10;S;M;0614;NEP
057540036036-969;057540036036;100mN32014E42240;MC;NA;4;23;M;F;1824;NEP
057540036036-969;057540036036;100mN32014E42240;MC;NA;4;23;M;M;1824;EMP
057540036036-969;057540036036;100mN32014E42240;MC;NA;4;4;S;F;0305;NEP
057540036036-969;057540036036;100mN32014E42240;MC;NA;4;3;S;M;0305;NEP
057540036036-970;057540036036;100mN31979E42245;MC;NA;2;20;M;M;1824;EMP
057540036036-970;057540036036;100mN31979E42245;MC;NA;2;18;M;F;1824;NEP
057540036036-971;057540036036;100mN31999E42261;S;NA;1;53;M;F;5064;EMP
057540036036-972;057540036036;100mN32018E42256;S;NA;1;45;M;M;4049;EMP
057540036036-973;057540036036;100mN32010E42287;MC;NA;2;58;M;M;5064;EMP
057540036036-973;057540036036;100mN32010E42287;MC;NA;2;52;M;F;5064;EMP
057540036036-974;057540036036;100mN32016E42285;MC;NA;2;27;M;F;2529;EMP
057540036036-974;057540036036;100mN32016E42285;MC;NA;2;28;M;M;2529;NEP
057540036036-975;057540036036;100mN32016E42285;MC;OS;5;68;M;F;6574;EMP
057540036036-975;057540036036;100mN32016E42285;MC;OS;5;72;M;M;6574;EMP
057540036036-975;057540036036;100mN32016E42285;MC;OS;5;71;W;M;6574;UEP
057540036036-975;057540036036;100mN32016E42285;MC;OS;5;86;M;M;75XX;NEP
057540036036-975;057540036036;100mN32016E42285;MC;OS;5;67;M;F;6574;NEP
057540036036-976;057540036036;100mN32016E42285;MC;NA;3;21;M;M;1824;EMP
057540036036-976;057540036036;100mN32016E42285;MC;NA;3;21;M;F;1824;NEP
057540036036-976;057540036036;100mN32016E42285;MC;NA;3;2;S;F;0003;NEP
057540036036-977;057540036036;100mN32008E42289;SF;NA;3;57;W;F;5064;NEP
057540036036-977;057540036036;100mN32008E42289;SF;NA;3;34;M;M;3039;EMP
057540036036-977;057540036036;100mN32008E42289;SF;NA;3;27;W;F;2529;EMP
057540036036-978;057540036036;100mN31990E42260;MC;NA;2;44;M;M;4049;NEP
057540036036-978;057540036036;100mN31990E42260;MC;NA;2;40;M;F;4049;NEP
057540036036-979;057540036036;100mN32017E42241;SF;NA;2;45;D;F;4049;NEP
057540036036-979;057540036036;100mN32017E42241;SF;NA;2;12;S;M;0614;NEP
057540036036-980;057540036036;100mN32010E42281;PO;MIX;4;70;M;M;6574;EMP
057540036036-980;057540036036;100mN32010E42281;PO;MIX;4;34;S;F;3039;NEP
057540036036-980;057540036036;100mN32010E42281;PO;MIX;4;31;S;F;3039;EMP
057540036036-980;057540036036;100mN32010E42281;PO;MIX;4;11;S;F;0614;NEP
057540036036-981;057540036036;100mN32017E42241;MC;NA;2;30;M;F;3039;EMP
057540036036-981;057540036036;100mN32017E42241;MC;NA;2;30;M;M;3039;EMP
057540036036-982;057540036036;100mN32017E42241;S;NA;1;44;W;M;4049;NEP
057540036036-983;057540036036;100mN32017E42244;MC;NA;4;46;M;F;4049;EMP
057540036036-983;057540036036;100mN32017E42244;MC;NA;4;56;M;M;5064;EMP
057540036036-983;057540036036;100mN32017E42244;MC;NA;4;27;D;M;2529;EMP
057540036036-983;057540036036;100mN32017E42244;MC;NA;4;0;S;F;0003;NEP
057540036036-984;057540036036;100mN31976E42299;MC;MIX;3;67;S;M;6574;EMP
057540036036-984;057540036036;100mN31976E42299;MC;MIX;3;60;M;F;5064;EMP
057540036036-984;057540036036;100mN31976E42299;MC;MIX;3;62;M;M;5064;EMP
057540036036-985;057540036036;100mN31994E42257;MC;OS;2;70;M;F;6574;NEP
057540036036-985;057540036036;100mN31994E42257;MC;OS;2;66;M;M;6574;EMP
057540036036-986;057540036036;100mN32003E42256;S;NA;1;46;M;F;4049;NEP
057540036036-987;057540036036;100mN32018E42232;MC;NA;3;31;M;F;3039;EMP
057540036036-987;057540036036;100mN32018E42232;MC;NA;3;34;M;M;3039;NEP
057540036036-987;057540036036;100mN32018E42232;MC;NA;3;3;S;M;0305;NEP
057540036036-988;057540036036;100mN32006E42280;S;NA;1;73;M;F;6574;EMP
057540036036-989;057540036036;100mN31992E42256;MC;NA;3;63;M;M;5064;EMP
057540036036-989;057540036036;100mN31992E42256;MC;NA;3;43;S;F;4049;NEP
057540036036-989;057540036036;100mN31992E42256;MC;NA;3;32;S;F;3039;EMP
057540036036-990;057540036036;100mN32007E42281;MC;NA;4;35;M;F;3039;EMP
057540036036-990;057540036036;100mN32007E42281;MC;NA;4;40;M;M;4049;EMP
057540036036-990;057540036036;100mN32007E42281;MC;NA;4;6;S;M;0614;NEP
057540036036-990;057540036036;100mN32007E42281;MC;NA;4;19;M;F;1824;EMP
057540036036-991;057540036036;100mN31996E42268;MC;OS;4;88;M;F;75XX;EMP
057540036036-991;057540036036;100mN31996E42268;MC;OS;4;42;S;M;4049;EMP
057540036036-991;057540036036;100mN31996E42268;MC;OS;4;73;M;F;6574;EMP
057540036036-991;057540036036;100mN31996E42268;MC;OS;4;76;W;M;75XX;EMP
057540036036-992;057540036036;100mN32006E42280;MC;NA;2;57;M;M;5064;EMP
057540036036-992;057540036036;100mN32006E42280;MC;NA;2;57;M;F;5064;NEP
057540036036-993;057540036036;100mN32006E42280;MC;NA;3;34;M;M;3039;EMP
057540036036-993;057540036036;100mN32006E42280;MC;NA;3;38;M;F;3039;EMP
057540036036-993;057540036036;100mN32006E42280;MC;NA;3;4;S;M;0305;NEP
057540036036-994;057540036036;100mN32006E42280;MC;OS;2;68;M;M;6574;EMP
057540036036-994;057540036036;100mN32006E42280;MC;OS;2;79;M;F;75XX;NEP
057540036036-995;057540036036;100mN31997E42257;MC;NA;6;46;M;F;4049;EMP
057540036036-995;057540036036;100mN31997E42257;MC;NA;6;48;M;M;4049;EMP
057540036036-995;057540036036;100mN31997E42257;MC;NA;6;13;S;F;0614;NEP
057540036036-995;057540036036;100mN31997E42257;MC;NA;6;20;M;M;1824;NEP
057540036036-995;057540036036;100mN31997E42257;MC;NA;6;18;P;F;1824;NEP
057540036036-995;057540036036;100mN31997E42257;MC;NA;6;22;S;M;1824;EMP
057540036036-996;057540036036;100mN32015E42248;NA;OS;4;88;D;F;75XX;NEP
057540036036-996;057540036036;100mN32015E42248;NA;OS;4;20;D;M;1824;EMP
057540036036-996;057540036036;100mN32015E42248;NA;OS;4;63;M;M;5064;EMP
057540036036-996;057540036036;100mN32015E42248;NA;OS;4;51;S;F;5064;EMP
057540036036-997;057540036036;100mN31961E42258;MC;NA;2;48;M;M;4049;EMP
057540036036-997;057540036036;100mN31961E42258;MC;NA;2;45;M;F;4049;EMP
057540036036-998;057540036036;100mN32006E42280;MC;NA;3;19;M;F;1824;EMP
057540036036-998;057540036036;100mN32006E42280;MC;NA;3;21;M;M;1824;EMP
057540036036-998;057540036036;100mN32006E42280;MC;NA;3;4;S;M;0305;NEP
057540036036-999;057540036036;100mN32007E42255;S;NA;1;35;M;F;3039;EMP
057540036036-1000;057540036036;100mN31998E42260;MC;NA;5;45;M;F;4049;EMP
057540036036-1000;057540036036;100mN31998E42260;MC;NA;5;51;M;M;5064;EMP
057540036036-1000;057540036036;100mN31998E42260;MC;NA;5;16;S;M;1517;EMP
057540036036-1000;057540036036;100mN31998E42260;MC;NA;5;11;S;M;0614;NEP
057540036036-1000;057540036036;100mN31998E42260;MC;NA;5;7;S;F;0614;NEP
057540036036-1001;057540036036;100mN32006E42280;MC;NA;4;42;M;F;4049;EMP
057540036036-1001;057540036036;100mN32006E42280;MC;NA;4;36;M;M;3039;EMP
057540036036-1001;057540036036;100mN32006E42280;MC;NA;4;10;S;F;0614;NEP
057540036036-1001;057540036036;100mN32006E42280;MC;NA;4;18;M;M;1824;EMP
057540036036-1002;057540036036;100mN32006E42280;MC;NA;2;30;M;M;3039;NEP
057540036036-1002;057540036036;100mN32006E42280;MC;NA;2;27;M;F;2529;EMP
057540036036-1003;057540036036;100mN32006E42280;MC;MIX;3;89;M;F;75XX;NEP
057540036036-1003;057540036036;100mN32006E42280;MC;MIX;3;55;M;M;5064;EMP
057540036036-1003;057540036036;100mN32006E42280;MC;MIX;3;55;M;F;5064;NEP
057540036036-1004;057540036036;100mN32006E42280;S;NA;1;56;M;M;5064;EMP
057540036036-1005;057540036036;100mN31962E42308;S;NA;1;47;S;M;4049;EMP
057540036036-1006;057540036036;100mN32006E42280;MC;OS;2;71;M;M;6574;NEP
057540036036-1006;057540036036;100mN32006E42280;MC;OS;2;70;M;F;6574;EMP
057540036036-1007;057540036036;100mN32009E42279;MC;NA;3;59;M;M;5064;NEP
057540036036-1007;057540036036;100mN32009E42279;MC;NA;3;58;M;F;5064;NEP
057540036036-1007;057540036036;100mN32009E42279;MC;NA;3;1;S;M;0003;NEP
057540036036-1008;057540036036;100mN32018E42256;S;NA;1;73;M;M;6574;NEP
057540036036-1009;057540036036;100mN31998E42253;MC;NA;2;47;M;M;4049;EMP
057540036036-1009;057540036036;100mN31998E42253;MC;NA;2;60;M;F;5064;NEP
057540036036-1010;057540036036;100mN32016E42240;MC;OS;4;68;M;F;6574;EMP
057540036036-1010;057540036036;100mN32016E42240;MC;OS;4;70;M;M;6574;EMP
057540036036-1010;057540036036;100mN32016E42240;MC;OS;4;75;D;F;75XX;EMP
057540036036-1010;057540036036;100mN32016E42240;MC;OS;4;68;M;M;6574;EMP
057540036036-1011;057540036036;100mN31985E42302;PO;OS;3;73;S;M;6574;UEP
057540036036-1011;057540036036;100mN31985E42302;PO;OS;3;66;S;M;6574;EMP
057540036036-1011;057540036036;100mN31985E42302;PO;OS;3;85;M;M;75XX;EMP
057540036036-1012;057540036036;100mN32001E42286;SF;NA;3;62;S;F;5064;NEP
057540036036-1012;057540036036;100mN32001E42286;SF;NA;3;30;M;M;3039;NEP
057540036036-1012;057540036036;100mN32001E42286;SF;NA;3;11;S;M;0614;NEP
057540036036-1013;057540036036;100mN32006E42252;S;NA;1;50;M;M;5064;EMP
057540036036-1014;057540036036;100mN32006E42281;MC;NA;2;55;M;M;5064;EMP
057540036036-1014;057540036036;100mN32006E42281;MC;NA;2;53;M;F;5064;EMP
057540036036-1015;057540036036;100mN32010E42286;MC;NA;4;33;M;F;3039;NEP
057540036036-1015;057540036036;100mN32010E42286;MC;NA;4;31;M;M;3039;EMP
057540036036-1015;057540036036;100mN32010E42286;MC;NA;4;7;S;M;0614;NEP
057540036036-1015;057540036036;100mN32010E42286;MC;NA;4;2;S;F;0003;NEP
057540036036-1016;057540036036;100mN32004E42253;MC;NA;4;42;M;F;4049;NEP
057540036036-1016;057540036036;100mN32004E42253;MC;NA;4;42;M;M;4049;NEP
057540036036-1016;057540036036;100mN32004E42253;MC;NA;4;27;W;F;2529;EMP
057540036036-1016;057540036036;100mN32004E42253;MC;NA;4;19;S;M;1824;EMP
057540036036-1017;057540036036;100mN32021E42246;MC;NA;3;51;M;M;5064;EMP
057540036036-1017;057540036036;100mN32021E42246;MC;NA;3;47;M;F;4049;EMP
057540036036-1017;057540036036;100mN32021E42246;MC;NA;3;13;S;M;0614;NEP
057540036036-1018;057540036036;100mN32006E42281;MC;OS;3;79;M;F;75XX;EMP
057540036036-1018;057540036036;100mN32006E42281;MC;OS;3;80;M;M;75XX;NEP
057540036036-1018;057540036036;100mN32006E42281;MC;OS;3;77;S;F;75XX;EMP
057540036036-1019;057540036036;100mN32006E42281;MC;NA;3;54;M;F;5064;NEP
057540036036-1019;057540036036;100mN32006E42281;MC;NA;3;56;M;M;5064;EMP
057540036036-1019;057540036036;100mN32006E42281;MC;NA;3;4;S;F;0305;NEP
057540036036-1020;057540036036;100mN31999E42254;MC;NA;2;50;M;F;5064;EMP
057540036036-1020;057540036036;100mN31999E42254;MC;NA;2;50;M;M;5064;EMP
057540036036-1021;057540036036;100mN32006E42281;MC;NA;3;60;M;M;5064;EMP
057540036036-1021;057540036036;100mN32006E42281;MC;NA;3;63;M;F;5064;NEP
057540036036-1021;057540036036;100mN32006E42281;MC;NA;3;42;M;F;4049;NEP
057540036036-1022;057540036036;100mN32004E42281;MC;NA;5;56;M;F;5064;NEP
057540036036-1022;057540036036;100mN32004E42281;MC;NA;5;59;M;M;5064;EMP
057540036036-1022;057540036036;100mN32004E42281;MC;NA;5;16;S;M;1517;UEP
057540036036-1022;057540036036;100mN32004E42281;MC;NA;5;16;S;M;1517;EMP
057540036036-1022;057540036036;100mN32004E42281;MC;NA;5;9;S;M;0614;NEP
057540036036-1023;057540036036;100mN32006E42281;MC;NA;2;60;M;M;5064;EMP
057540036036-1023;057540036036;100mN32006E42281;MC;NA;2;54;M;F;5064;NEP
057540036036-1024;057540036036;100mN31958E42295;MC;NA;3;37;M;M;3039;NEP
057540036036-1024;057540036036;100mN31958E42295;MC;NA;3;35;M;F;3039;NEP
057540036036-1024;057540036036;100mN31958E42295;MC;NA;3;12;S;F;0614;NEP
057540036036-1025;057540036036;100mN32001E42289;MC;NA;2;44;M;F;4049;EMP
057540036036-1025;057540036036;100mN32001E42289;MC;NA;2;45;M;M;4049;EMP
057540036036-1026;057540036036;100mN31999E42257;S;NA;1;77;W;F;75XX;NEP
057540036036-1027;057540036036;100mN32000E42260;MC;NA;3;27;M;M;2529;EMP
057540036036-1027;057540036036;100mN32000E42260;MC;NA;3;28;M;F;2529;EMP
057540036036-1027;057540036036;100mN32000E42260;MC;NA;3;2;S;F;0003;NEP
057540036036-1028;057540036036;100mN32003E42257;S;OS;1;35;S;F;3039;EMP
057540036036-1029;057540036036;100mN32000E42260;PO;NA;3;44;S;M;4049;NEP
057540036036-1029;057540036036;100mN32000E42260;PO;NA;3;36;S;F;3039;EMP
057540036036-1029;057540036036;100mN32000E42260;PO;NA;3;4;S;F;0305;NEP
057540036036-1030;057540036036;100mN32000E42260;S;NA;1;76;M;F;75XX;EMP
057540036036-1031;057540036036;100mN32000E42260;MC;NA;4;44;M;M;4049;EMP
057540036036-1031;057540036036;100mN32000E42260;MC;NA;4;36;M;F;3039;EMP
057540036036-1031;057540036036;100mN32000E42260;MC;NA;4;3;S;F;0305;NEP
057540036036-1031;057540036036;100mN32000E42260;MC;NA;4;4;S;M;0305;NEP
057540036036-1032;057540036036;100mN32012E42244;S;NA;1;32;M;M;3039;NEP
057540036036-1033;057540036036;100mN32019E42237;MC;OS;2;73;M;F;6574;EMP
057540036036-1033;057540036036;100mN32019E42237;MC;OS;2;75;M;M;75XX;NEP
057540036036-1034;057540036036;100mN32000E42260;MC;NA;2;35;M;F;3039;EMP
057540036036-1034;057540036036;100mN32000E42260;MC;NA;2;40;M;M;4049;NEP
057540036036-1035;057540036036;100mN32011E42287;S;NA;1;32;M;M;3039;EMP
057540036036-1036;057540036036;100mN32011E42287;MC;NA;2;33;M;F;3039;NEP
057540036036-1036;057540036036;100mN32011E42287;MC;NA;2;40;M;M;4049;EMP
057540036036-1037;057540036036;100mN31971E42307;MC;NA;2;25;M;M;2529;UEP
057540036036-1037;057540036036;100mN31971E42307;MC;NA;2;18;M;F;1824;EMP
057540036036-1038;057540036036;100mN31993E42261;S;NA;1;34;W;F;3039;NEP
057540036036-1039;057540036036;100mN32011E42287;MC;OS;2;84;M;M;75XX;EMP
057540036036-1039;057540036036;100mN32011E42287;MC;OS;2;81;M;F;75XX;NEP
057540036036-1040;057540036036;100mN32011E42287;S;NA;1;45;M;M;4049;EMP
057540036036-1041;057540036036;100mN32011E42287;S;OS;1;72;S;M;6574;NEP
057540036036-1042;057540036036;100mN32011E42287;SF;NA;2;88;S;F;75XX;EMP
057540036036-1042;057540036036;100mN32011E42287;SF;NA;2;15;S;F;1517;NEP
057540036036-1043;057540036036;100mN32021E42241;MC;OS;5;69;M;F;6574;NEP
057540036036-1043;057540036036;100mN32021E42241;MC;OS;5;70;M;M;6574;EMP
057540036036-1043;057540036036;100mN32021E42241;MC;OS;5;88;S;M;75XX;EMP
057540036036-1043;057540036036;100mN32021E42241;MC;OS;5;65;M;F;6574;NEP
057540036036-1043;057540036036;100mN32021E42241;MC;OS;5;86;W;F;75XX;EMP
057540036036-1044;057540036036;100mN32017E42251;S;NA;1;61;S;M;5064;EMP
057540036036-1045;057540036036;100mN31986E42269;S;NA;1;81;D;M;75XX;EMP
057540036036-1046;057540036036;100mN32011E42301;S;NA;1;50;M;F;5064;EMP
057540036036-1047;057540036036;100mN32011E42301;MC;NA;3;48;M;M;4049;EMP
057540036036-1047;057540036036;100mN32011E42301;MC;NA;3;45;M;F;4049;NEP
057540036036-1047;057540036036;100mN32011E42301;MC;NA;3;3;S;M;0305;NEP
057540036036-1048;057540036036;100mN32001E42289;MC;NA;2;45;M;M;4049;EMP
057540036036-1048;057540036036;100mN32001E42289;MC;NA;2;41;M;F;4049;EMP
057540036036-1049;057540036036;100mN32013E42227;MC;NA;4;20;M;F;1824;EMP
057540036036-1049;057540036036;100mN32013E42227;MC;NA;4;21;M;M;1824;NEP
057540036036-1049;057540036036;100mN32013E42227;MC;NA;4;4;S;F;0305;NEP
057540036036-1049;057540036036;100mN32013E42227;MC;NA;4;0;S;M;0003;NEP
057540036036-1050;057540036036;100mN32005E42289;NA;NA;2;59;W;F;5064;EMP
057540036036-1050;057540036036;100mN32005E42289;NA;NA;2;16;S;M;1517;EMP
057540036036-1051;057540036036;100mN32005E42258;S;OS;1;37;M;M;3039;EMP
057540036036-1052;057540036036;100mN32001E42287;PO;NA;4;62;S;M;5064;EMP
057540036036-1052;057540036036;100mN32001E42287;PO;NA;4;59;S;M;5064;EMP
057540036036-1052;057540036036;100mN32001E42287;PO;NA;4;35;S;F;3039;EMP
057540036036-1052;057540036036;100mN32001E42287;PO;NA;4;31;W;F;3039;NEP
057540036036-1053;057540036036;100mN32001E42258;PO;NA;4;28;S;M;2529;EMP
057540036036-1053;057540036036;100mN32001E42258;PO;NA;4;26;S;F;2529;EMP
057540036036-1053;057540036036;100mN32001E42258;PO;NA;4;0;S;F;0003;NEP
057540036036-1053;057540036036;100mN32001E42258;PO;NA;4;3;S;M;0305;NEP
057540036036-1054;057540036036;100mN32013E42227;PO;NA;2;26;S;M;2529;NEP
057540036036-1054;057540036036;100mN32013E42227;PO;NA;2;23;S;F;1824;EMP
057540036036-1055;057540036036;100mN31992E42262;MC;NA;6;57;M;M;5064;EMP
057540036036-1055;057540036036;100mN31992E42262;MC;NA;6;60;M;F;5064;EMP
057540036036-1055;057540036036;100mN31992E42262;MC;NA;6;31;D;M;3039;NEP
057540036036-1055;057540036036;100mN31992E42262;MC;NA;6;10;S;M;0614;NEP
057540036036-1055;057540036036;100mN31992E42262;MC;NA;6;15;S;F;1517;EMP
057540036036-1055;057540036036;100mN31992E42262;MC;NA;6;19;M;F;1824;NEP
057540036036-1056;057540036036;100mN32013E42227;MC;NA;4;31;M;F;3039;EMP
057540036036-1056;057540036036;100mN32013E42227;MC;NA;4;40;M;M;4049;EMP
057540036036-1056;057540036036;100mN32013E42227;MC;NA;4;4;S;F;0305;NEP
057540036036-1056;057540036036;100mN32013E42227;MC;NA;4;16;S;F;1517;NEP
057540036036-1057;057540036036;100mN31997E42266;MC;NA;2;34;M;M;3039;NEP
057540036036-1057;057540036036;100mN31997E42266;MC;NA;2;28;M;F;2529;EMP
057540036036-1058;057540036036;100mN32013E42244;MC;NA;2;33;M;F;3039;NEP
057540036036-1058;057540036036;100mN32013E42244;MC;NA;2;35;M;M;3039;EMP
057540036036-1059;057540036036;100mN31977E42250;MC;NA;2;25;M;F;2529;EMP
057540036036-1059;057540036036;100mN31977E42250;MC;NA;2;60;M;M;5064;EMP
057540036036-1060;057540036036;100mN32010E42279;S;OS;1;27;S;M;2529;NEP
057540036036-1061;057540036036;100mN32016E42240;S;NA;1;87;M;F;75XX;EMP
057540036036-1062;057540036036;100mN31991E42258;MC;MIX;2;66;M;F;6574;NEP
057540036036-1062;057540036036;100mN31991E42258;MC;MIX;2;58;W;F;5064;EMP
057540036036-1063;057540036036;100mN31990E42260;S;NA;1;70;D;M;6574;EMP
057540036036-1064;057540036036;100mN31998E42292;PO;NA;2;60;S;M;5064;EMP
057540036036-1064;057540036036;100mN31998E42292;PO;NA;2;61;S;M;5064;EMP
057540036036-1065;057540036036;100mN32016E42240;MC;NA;2;48;M;M;4049;EMP
057540036036-1065;057540036036;100mN32016E42240;MC;NA;2;40;M;F;4049;EMP
057540036036-1066;057540036036;100mN32016E42240;PO;OS;2;77;S;F;75XX;EMP
057540036036-1066;057540036036;100mN32016E42240;PO;OS;2;70;S;F;6574;NEP
057540036036-1067;057540036036;100mN32016E42240;MC;OS;4;68;M;F;6574;EMP
057540036036-1067;057540036036;100mN32016E42240;MC;OS;4;70;M;M;6574;EMP
057540036036-1067;057540036036;100mN32016E42240;MC;OS;4;75;D;F;75XX;EMP
057540036036-1067;057540036036;100mN32016E42240;MC;OS;4;68;M;M;6574;EMP
057540036036-1068;057540036036;100mN32010E42290;MC;NA;3;42;M;F;4049;NEP
057540036036-1068;057540036036;100mN32010E42290;MC;NA;3;45;M;M;4049;EMP
057540036036-1068;057540036036;100mN32010E42290;MC;NA;3;12;S;F;0614;NEP
057540036036-1069;057540036036;100mN32016E42240;S;NA;1;50;M;M;5064;EMP
057540036036-1070;057540036036;100mN32003E42273;PO;NA;5;38;S;F;3039;EMP
057540036036-1070;057540036036;100mN32003E42273;PO;NA;5;40;S;F;4049;EMP
057540036036-1070;057540036036;100mN32003E42273;PO;NA;5;12;S;F;0614;NEP
057540036036-1070;057540036036;100mN32003E42273;PO;NA;5;1;S;F;0003;NEP
057540036036-1070;057540036036;100mN32003E42273;PO;NA;5;12;S;F;0614;NEP
057540036036-1071;057540036036;100mN32016E42240;SF;MIX;3;72;M;M;6574;EMP
057540036036-1071;057540036036;100mN32016E42240;SF;MIX;3;87;S;F;75XX;NEP
057540036036-1071;057540036036;100mN32016E42240;SF;MIX;3;6;S;M;0614;NEP
057540036036-1072;057540036036;100mN32016E42240;MC;NA;4;43;M;M;4049;EMP
057540036036-1072;057540036036;100mN32016E42240;MC;NA;4;42;M;F;4049;EMP
057540036036-1072;057540036036;100mN32016E42240;MC;NA;4;0;S;M;0003;NEP
057540036036-1072;057540036036;100mN32016E42240;MC;NA;4;1;S;F;0003;NEP
057540036036-1073;057540036036;100mN32016E42240;S;NA;1;55;S;M;5064;NEP
057540036036-1074;057540036036;100mN31992E42279;S;NA;1;19;S;M;1824;EMP
057540036036-1075;057540036036;100mN32016E42240;MC;OS;4;73;M;M;6574;EMP
057540036036-1075;057540036036;100mN32016E42240;MC;OS;4;65;M;F;6574;EMP
057540036036-1075;057540036036;100mN32016E42240;MC;OS;4;70;S;F;6574;NEP
057540036036-1075;057540036036;100mN32016E42240;MC;OS;4;66;M;M;6574;NEP
057540036036-1076;057540036036;100mN32010E42246;MC;NA;3;42;M;M;4049;NEP
057540036036-1076;057540036036;100mN32010E42246;MC;NA;3;40;M;F;4049;EMP
057540036036-1076;057540036036;100mN32010E42246;MC;NA;3;21;W;F;1824;EMP
057540036036-1077;057540036036;100mN32004E42261;MC;OS;5;86;M;F;75XX;NEP
057540036036-1077;057540036036;100mN32004E42261;MC;OS;5;10;S;F;0614;NEP
057540036036-1077;057540036036;100mN32004E42261;MC;OS;5;71;S;F;6574;EMP
057540036036-1077;057540036036;100mN32004E42261;MC;OS;5;80;S;F;75XX;EMP
057540036036-1077;057540036036;100mN32004E42261;MC;OS;5;71;M;F;6574;NEP
057540036036-1078;057540036036;100mN31975E42270;MC;NA;5;32;M;F;3039;EMP
057540036036-1078;057540036036;100mN31975E42270;MC;NA;5;45;M;M;4049;NEP
057540036036-1078;057540036036;100mN31975E42270;MC;NA;5;8;S;M;0614;NEP
057540036036-1078;057540036036;100mN31975E42270;MC;NA;5;0;S;F;0003;NEP
057540036036-1078;057540036036;100mN31975E42270;MC;NA;5;3;S;M;0305;NEP
057540036036-1079;057540036036;100mN32016E42240;MC;NA;2;51;M;F;5064;NEP
057540036036-1079;057540036036;100mN32016E42240;MC;NA;2;51;M;M;5064;EMP
057540036036-1080;057540036036;100mN31989E42257;S;OS;1;54;S;F;5064;NEP
057540036036-1081;057540036036;100mN32016E42240;S;NA;1;53;S;M;5064;EMP
057540036036-1082;057540036036;100mN32001E42288;S;OS;1;77;M;F;75XX;EMP
057540036036-1083;057540036036;100mN32007E42281;S;NA;1;41;M;M;4049;EMP
057540036036-1084;057540036036;100mN32011E42244;MC;NA;2;42;M;M;4049;NEP
057540036036-1084;057540036036;100mN32011E42244;MC;NA;2;18;M;F;1824;NEP
057540036036-1085;057540036036;100mN32011E42244;S;OS;1;51;M;F;5064;EMP
057540036036-1086;057540036036;100mN32005E42278;MC;MIX;2;85;M;F;75XX;NEP
057540036036-1086;057540036036;100mN32005E42278;MC;MIX;2;55;S;M;5064;NEP
057540036036-1087;057540036036;100mN32004E42282;MC;NA;2;60;M;F;5064;EMP
057540036036-1087;057540036036;100mN32004E42282;MC;NA;2;63;M;M;5064;EMP
057540036036-1088;057540036036;100mN32011E42246;S;OS;1;51;M;F;5064;EMP
057540036036-1089;057540036036;100mN31952E42249;NA;OS;2;78;M;M;75XX;EMP
057540036036-1089;057540036036;100mN31952E42249;NA;OS;2;44;D;F;4049;NEP
057540036036-1090;057540036036;100mN31998E42251;MC;NA;6;60;M;M;5064;EMP
057540036036-1090;057540036036;100mN31998E42251;MC;NA;6;61;M;F;5064;EMP
057540036036-1090;057540036036;100mN31998E42251;MC;NA;6;38;M;M;3039;EMP
057540036036-1090;057540036036;100mN31998E42251;MC;NA;6;0;S;M;0003;NEP
057540036036-1090;057540036036;100mN31998E42251;MC;NA;6;28;S;M;2529;EMP
057540036036-1090;057540036036;100mN31998E42251;MC;NA;6;1;S;M;0003;NEP
057540036036-1091;057540036036;100mN32022E42252;SF;NA;3;41;W;F;4049;NEP
057540036036-1091;057540036036;100mN32022E42252;SF;NA;3;15;S;M;1517;EMP
057540036036-1091;057540036036;100mN32022E42252;SF;NA;3;11;S;M;0614;NEP
057540036036-1092;057540036036;100mN32007E42291;MC;OS;2;85;M;M;75XX;EMP
057540036036-1092;057540036036;100mN32007E42291;MC;OS;2;80;M;F;75XX;EMP
057540036036-1093;057540036036;100mN32007E42285;MC;MIX;2;73;M;F;6574;EMP
057540036036-1093;057540036036;100mN32007E42285;MC;MIX;2;31;S;M;3039;NEP
057540036036-1094;057540036036;100mN32006E42252;S;OS;1;68;D;M;6574;EMP
057540036036-1095;057540036036;100mN32006E42252;MC;OS;3;84;M;F;75XX;NEP
057540036036-1095;057540036036;100mN32006E42252;MC;OS;3;89;M;M;75XX;EMP
057540036036-1095;057540036036;100mN32006E42252;MC;OS;3;71;M;M;6574;EMP
057540036036-1096;057540036036;100mN32006E42252;MC;NA;5;25;M;M;2529;EMP
057540036036-1096;057540036036;100mN32006E42252;MC;NA;5;18;M;F;1824;EMP
057540036036-1096;057540036036;100mN32006E42252;MC;NA;5;8;S;F;0614;NEP
057540036036-1096;057540036036;100mN32006E42252;MC;NA;5;4;S;M;0305;NEP
057540036036-1096;057540036036;100mN32006E42252;MC;NA;5;6;S;M;0614;NEP
057540036036-1097;057540036036;100mN31999E42260;MC;NA;3;34;M;M;3039;EMP
057540036036-1097;057540036036;100mN31999E42260;MC;NA;3;43;M;F;4049;EMP
057540036036-1097;057540036036;100mN31999E42260;MC;NA;3;13;S;F;0614;NEP
057540036036-1098;057540036036;100mN32006E42252;S;NA;1;50;M;M;5064;EMP
057540036036-1099;057540036036;100mN31992E42262;MC;OS;2;77;M;F;75XX;EMP
057540036036-1099;057540036036;100mN31992E42262;MC;OS;2;87;M;M;75XX;UEP
057540036036-1100;057540036036;100mN32004E42282;S;NA;1;50;M;F;5064;EMP
057540036036-1101;057540036036;100mN32006E42252;S;NA;1;41;D;M;4049;EMP
057540036036-1102;057540036036;100mN32006E42252;PO;NA;2;46;S;M;4049;NEP
057540036036-1102;057540036036;100mN32006E42252;PO;NA;2;44;S;F;4049;EMP
057540036036-1103;057540036036;100mN32016E42244;S;OS;1;48;W;F;4049;NEP
057540036036-1104;057540036036;100mN31998E42261;PO;NA;3;53;S;F;5064;EMP
057540036036-1104;057540036036;100mN31998E42261;PO;NA;3;60;S;M;5064;NEP
057540036036-1104;057540036036;100mN31998E42261;PO;NA;3;27;M;F;2529;NEP
057540036036-1105;057540036036;100mN31991E42255;MC;NA;4;35;M;M;3039;EMP
057540036036-1105;057540036036;100mN31991E42255;MC;NA;4;42;M;F;4049;EMP
057540036036-1105;057540036036;100mN31991E42255;MC;NA;4;20;M;F;1824;NEP
057540036036-1105;057540036036;100mN31991E42255;MC;NA;4;19;W;F;1824;NEP
057540036036-1106;057540036036;100mN31999E42272;SF;NA;3;32;W;F;3039;NEP
057540036036-1106;057540036036;100mN31999E42272;SF;NA;3;16;S;F;1517;EMP
057540036036-1106;057540036036;100mN31999E42272;SF;NA;3;12;S;M;0614;NEP
057540036036-1107;057540036036;100mN32006E42252;PO;OS;5;76;S;M;75XX;EMP
057540036036-1107;057540036036;100mN32006E42252;PO;OS;5;71;S;F;6574;EMP
057540036036-1107;057540036036;100mN32006E42252;PO;OS;5;86;W;F;75XX;NEP
057540036036-1107;057540036036;100mN32006E42252;PO;OS;5;65;W;F;6574;EMP
057540036036-1107;057540036036;100mN32006E42252;PO;OS;5;89;M;M;75XX;EMP
057540036036-1108;057540036036;100mN32006E42252;S;OS;1;81;M;M;75XX;EMP
057540036036-1109;057540036036;100mN32004E42254;S;NA;1;27;M;M;2529;NEP
057540036036-1110;057540036036;100mN32006E42252;MC;NA;2;45;M;F;4049;EMP
057540036036-1110;057540036036;100mN32006E42252;MC;NA;2;50;M;M;5064;EMP
057540036036-1111;057540036036;100mN31992E42259;SM;NA;3;67;D;M;6574;NEP
057540036036-1111;057540036036;100mN31992E42259;SM;NA;3;2;S;M;0003;NEP
057540036036-1111;057540036036;100mN31992E42259;SM;NA;3;15;S;M;1517;UEP
057540036036-1112;057540036036;100mN32001E42260;PO;MIX;2;89;S;M;75XX;NEP
057540036036-1112;057540036036;100mN32001E42260;PO;MIX;2;30;S;M;3039;EMP
057540036036-1113;057540036036;100mN32006E42252;S;NA;1;51;M;F;5064;EMP
057540036036-1114;057540036036;100mN32006E42252;S;NA;1;40;D;F;4049;NEP
057540036036-1115;057540036036;100mN32006E42252;NA;OS;4;56;M;M;5064;EMP
057540036036-1115;057540036036;100mN32006E42252;NA;OS;4;84;M;F;75XX;EMP
057540036036-1115;057540036036;100mN32006E42252;NA;OS;4;43;M;M;4049;UEP
057540036036-1115;057540036036;100mN32006E42252;NA;OS;4;58;M;M;5064;NEP
057540036036-1116;057540036036;100mN32021E42253;MC;MIX;3;73;S;M;6574;EMP
057540036036-1116;057540036036;100mN32021E42253;MC;MIX;3;30;M;F;3039;NEP
057540036036-1116;057540036036;100mN32021E42253;MC;MIX;3;32;M;M;3039;EMP
057540036036-1117;057540036036;100mN32006E42252;MC;MIX;5;73;D;M;6574;EMP
057540036036-1117;057540036036;100mN32006E42252;MC;MIX;5;55;M;F;5064;NEP
057540036036-1117;057540036036;100mN32006E42252;MC;MIX;5;59;M;M;5064;UEP
057540036036-1117;057540036036;100mN32006E42252;MC;MIX;5;10;S;M;0614;NEP
057540036036-1117;057540036036;100mN32006E42252;MC;MIX;5;16;S;M;1517;NEP
057540036036-1118;057540036036;100mN32005E42289;MC;NA;4;62;M;F;5064;NEP
057540036036-1118;057540036036;100mN32005E42289;MC;NA;4;63;M;M;5064;EMP
057540036036-1118;057540036036;100mN32005E42289;MC;NA;4;40;S;F;4049;NEP
057540036036-1118;057540036036;100mN32005E42289;MC;NA;4;6;S;F;0614;NEP
057540036036-1119;057540036036;100mN32006E42254;S;NA;1;41;M;F;4049;EMP
057540036036-1120;057540036036;100mN32006E42254;MC;OS;2;79;M;M;75XX;EMP
057540036036-1120;057540036036;100mN32006E42254;MC;OS;2;72;M;F;6574;NEP
057540036036-1121;057540036036;100mN31994E42260;SM;NA;2;66;S;M;6574;EMP
057540036036-1121;057540036036;100mN31994E42260;SM;NA;2;7;S;M;0614;NEP
057540036036-1122;057540036036;100mN32006E42254;MC;NA;5;37;M;M;3039;EMP
057540036036-1122;057540036036;100mN32006E42254;MC;NA;5;41;M;F;4049;EMP
057540036036-1122;057540036036;100mN32006E42254;MC;NA;5;0;S;F;0003;NEP
057540036036-1122;057540036036;100mN32006E42254;MC;NA;5;0;S;M;0003;NEP
057540036036-1122;057540036036;100mN32006E42254;MC;NA;5;16;S;F;1517;NEP
057540036036-1123;057540036036;100mN32006E42254;MC;NA;4;44;M;M;4049;EMP
057540036036-1123;057540036036;100mN32006E42254;MC;NA;4;43;M;F;4049;NEP
057540036036-1123;057540036036;100mN32006E42254;MC;NA;4;26;M;F;2529;EMP
057540036036-1123;057540036036;100mN32006E42254;MC;NA;4;23;M;M;1824;EMP
057540036036-1124;057540036036;100mN31991E42261;MC;NA;4;58;M;F;5064;EMP
057540036036-1124;057540036036;100mN31991E42261;MC;NA;4;55;M;M;5064;EMP
057540036036-1124;057540036036;100mN31991E42261;MC;NA;4;20;M;M;1824;EMP
057540036036-1124;057540036036;100mN31991E42261;MC;NA;4;12;S;F;0614;NEP
057540036036-1125;057540036036;100mN32007E42281;S;NA;1;50;S;M;5064;NEP
057540036036-1126;057540036036;100mN31996E42267;MC;OS;2;86;M;F;75XX;EMP
057540036036-1126;057540036036;100mN31996E42267;MC;OS;2;38;W;F;3039;NEP
057540036036-1127;057540036036;100mN31983E42296;S;NA;1;19;M;M;1824;EMP
057540036036-1128;057540036036;100mN32000E42261;MC;OS;2;67;M;F;6574;NEP
057540036036-1128;057540036036;100mN32000E42261;MC;OS;2;73;M;M;6574;EMP
057540036036-1129;057540036036;100mN32009E42285;SF;NA;4;62;W;F;5064;EMP
057540036036-1129;057540036036;100mN32009E42285;SF;NA;4;13;S;F;0614;NEP
057540036036-1129;057540036036;100mN32009E42285;SF;NA;4;2;S;F;0003;NEP
057540036036-1129;057540036036;100mN32009E42285;SF;NA;4;6;S;M;0614;NEP
057540036036-1130;057540036036;100mN31996E42284;MC;NA;4;43;M;M;4049;EMP
057540036036-1130;057540036036;100mN31996E42284;MC;NA;4;41;M;F;4049;NEP
057540036036-1130;057540036036;100mN31996E42284;MC;NA;4;15;S;F;1517;NEP
057540036036-1130;057540036036;100mN31996E42284;MC;NA;4;13;S;M;0614;NEP
057540036036-1131;057540036036;100mN32010E42251;MC;NA;4;21;M;M;1824;EMP
057540036036-1131;057540036036;100mN32010E42251;MC;NA;4;18;M;F;1824;NEP
057540036036-1131;057540036036;100mN32010E42251;MC;NA;4;2;S;M;0003;NEP
057540036036-1131;057540036036;100mN32010E42251;MC;NA;4;4;S;M;0305;NEP
057540036036-1132;057540036036;100mN31996E42278;MC;OS;4;67;M;F;6574;EMP
057540036036-1132;057540036036;100mN31996E42278;MC;OS;4;69;M;M;6574;EMP
057540036036-1132;057540036036;100mN31996E42278;MC;OS;4;72;M;F;6574;NEP
057540036036-1132;057540036036;100mN31996E42278;MC;OS;4;72;D;F;6574;EMP
057540036036-1133;057540036036;100mN31997E42262;S;NA;1;50;M;M;5064;EMP
057540036036-1134;057540036036;100mN31997E42255;MC;OS;4;79;M;F;75XX;NEP
057540036036-1134;057540036036;100mN31997E42255;MC;OS;4;82;M;M;75XX;EMP
057540036036-1134;057540036036;100mN31997E42255;MC;OS;4;69;S;M;6574;NEP
057540036036-1134;057540036036;100mN31997E42255;MC;OS;4;84;M;M;75XX;EMP
057540036036-1135;057540036036;100mN32013E42237;MC;NA;2;47;M;F;4049;NEP
057540036036-1135;057540036036;100mN32013E42237;MC;NA;2;50;M;M;5064;EMP
057540036036-1136;057540036036;100mN31997E42257;PO;NA;4;45;S;F;4049;NEP
057540036036-1136;057540036036;100mN31997E42257;PO;NA;4;44;S;F;4049;NEP
057540036036-1136;057540036036;100mN31997E42257;PO;NA;4;19;M;M;1824;EMP
057540036036-1136;057540036036;100mN31997E42257;PO;NA;4;16;S;M;1517;EMP
057540036036-1137;057540036036;100mN31999E42257;MC;OS;4;65;M;M;6574;NEP
057540036036-1137;057540036036;100mN31999E42257;MC;OS;4;72;M;F;6574;EMP
057540036036-1137;057540036036;100mN31999E42257;MC;OS;4;67;M;M;6574;NEP
057540036036-1137;057540036036;100mN31999E42257;MC;OS;4;68;W;M;6574;EMP
057540036036-1138;057540036036;100mN32021E42256;MC;MIX;2;89;M;F;75XX;EMP
057540036036-1138;057540036036;100mN32021E42256;MC;MIX;2;7;S;M;0614;NEP
057540036036-1139;057540036036;100mN32013E42250;S;NA;1;66;S;M;6574;EMP
057540036036-1140;057540036036;100mN32008E42277;MC;MIX;2;75;M;M;75XX;EMP
057540036036-1140;057540036036;100mN32008E42277;MC;MIX;2;23;M;M;1824;UEP
057540036036-1141;057540036036;100mN31997E42255;S;NA;1;36;M;M;3039;NEP
057540036036-1142;057540036036;100mN31963E42279;PO;NA;3;50;S;F;5064;EMP
057540036036-1142;057540036036;100mN31963E42279;PO;NA;3;53;S;M;5064;EMP
057540036036-1142;057540036036;100mN31963E42279;PO;NA;3;27;S;F;2529;EMP
057540036036-1143;057540036036;100mN31997E42255;S;NA;1;63;M;M;5064;EMP
057540036036-1144;057540036036;100mN32018E42254;MC;NA;2;40;M;F;4049;NEP
057540036036-1144;057540036036;100mN32018E42254;MC;NA;2;36;M;M;3039;EMP
057540036036-1145;057540036036;100mN31997E42255;MC;OS;2;87;M;M;75XX;EMP
057540036036-1145;057540036036;100mN31997E42255;MC;OS;2;84;M;F;75XX;NEP
057540036036-1146;057540036036;100mN32017E42240;S;NA;1;83;S;M;75XX;EMP
057540036036-1147;057540036036;100mN32017E42231;MC;NA;2;52;M;M;5064;EMP
057540036036-1147;057540036036;100mN32017E42231;MC;NA;2;50;M;F;5064;EMP
057540036036-1148;057540036036;100mN31997E42255;SF;NA;3;78;S;F;75XX;EMP
057540036036-1148;057540036036;100mN31997E42255;SF;NA;3;41;M;F;4049;NEP
057540036036-1148;057540036036;100mN31997E42255;SF;NA;3;36;M;M;3039;EMP
057540036036-1149;057540036036;100mN32010E42238;PO;NA;2;44;S;M;4049;NEP
057540036036-1149;057540036036;100mN32010E42238;PO;NA;2;41;S;M;4049;EMP
057540036036-1150;057540036036;100mN31997E42268;MC;MIX;5;87;S;F;75XX;NEP
057540036036-1150;057540036036;100mN31997E42268;MC;MIX;5;34;M;F;3039;NEP
057540036036-1150;057540036036;100mN31997E42268;MC;MIX;5;40;M;M;4049;EMP
057540036036-1150;057540036036;100mN31997E42268;MC;MIX;5;15;S;M;1517;EMP
057540036036-1150;057540036036;100mN31997E42268;MC;MIX;5;18;M;M;1824;EMP
057540036036-1151;057540036036;100mN32004E42285;MC;NA;2;32;M;M;3039;EMP
057540036036-1151;057540036036;100mN32004E42285;MC;NA;2;30;M;F;3039;NEP
057540036036-1152;057540036036;100mN32016E42245;PO;NA;3;21;S;F;1824;EMP
057540036036-1152;057540036036;100mN32016E42245;PO;NA;3;23;S;F;1824;NEP
057540036036-1152;057540036036;100mN32016E42245;PO;NA;3;2;S;M;0003;NEP
057540036036-1153;057540036036;100mN32006E42287;MC;NA;2;33;M;M;3039;EMP
057540036036-1153;057540036036;100mN32006E42287;MC;NA;2;30;M;F;3039;NEP
057540036036-1154;057540036036;100mN32019E42247;S;OS;1;45;S;M;4049;EMP
057540036036-1155;057540036036;100mN32015E42253;S;OS;1;73;W;F;6574;EMP
057540036036-1156;057540036036;100mN32007E42287;SF;NA;2;87;W;F;75XX;NEP
057540036036-1156;057540036036;100mN32007E42287;SF;NA;2;3;S;M;0305;NEP
057540036036-1157;057540036036;100mN32016E42241;MC;OS;3;65;M;F;6574;NEP
057540036036-1157;057540036036;100mN32016E42241;MC;OS;3;67;M;M;6574;EMP
057540036036-1157;057540036036;100mN32016E42241;MC;OS;3;66;M;M;6574;EMP
057540036036-1158;057540036036;100mN32009E42247;MC;NA;3;45;M;M;4049;NEP
057540036036-1158;057540036036;100mN32009E42247;MC;NA;3;43;M;F;4049;NEP
057540036036-1158;057540036036;100mN32009E42247;MC;NA;3;26;S;M;2529;EMP
057540036036-1159;057540036036;100mN32016E42241;S;NA;1;42;S;M;4049;EMP
057540036036-1160;057540036036;100mN32016E42241;S;NA;1;27;S;F;2529;NEP
057540036036-1161;057540036036;100mN31971E42251;SF;NA;2;18;W;F;1824;NEP
057540036036-1161;057540036036;100mN31971E42251;SF;NA;2;0;S;M;0003;NEP
057540036036-1162;057540036036;100mN31994E42263;MC;NA;4;23;M;M;1824;EMP
057540036036-1162;057540036036;100mN31994E42263;MC;NA;4;18;M;F;1824;EMP
057540036036-1162;057540036036;100mN31994E42263;MC;NA;4;6;S;F;0614;NEP
057540036036-1162;057540036036;100mN31994E42263;MC;NA;4;7;S;F;0614;NEP
057540036036-1163;057540036036;100mN32012E42243;S;NA;1;42;M;M;4049;EMP
057540036036-1164;057540036036;100mN31995E42261;S;NA;1;18;D;F;1824;NEP
057540036036-1165;057540036036;100mN32015E42253;MC;NA;3;42;M;M;4049;EMP
057540036036-1165;057540036036;100mN32015E42253;MC;NA;3;40;M;F;4049;EMP
057540036036-1165;057540036036;100mN32015E42253;MC;NA;3;10;S;M;0614;NEP
057540036036-1166;057540036036;100mN32019E42244;MC;NA;2;41;M;M;4049;NEP
057540036036-1166;057540036036;100mN32019E42244;MC;NA;2;41;M;F;4049;EMP
057540036036-1167;057540036036;100mN32003E42288;S;NA;1;68;S;M;6574;NEP
057540036036-1168;057540036036;100mN32016E42241;S;NA;1;37;M;M;3039;NEP
057540036036-1169;057540036036;100mN32012E42288;MC;OS;3;85;M;M;75XX;EMP
057540036036-1169;057540036036;100mN32012E42288;MC;OS;3;89;M;F;75XX;EMP
057540036036-1169;057540036036;100mN32012E42288;MC;OS;3;85;S;F;75XX;NEP
057540036036-1170;057540036036;100mN32003E42290;S;OS;1;57;M;M;5064;EMP
057540036036-1171;057540036036;100mN32021E42253;MC;MIX;3;73;S;M;6574;EMP
057540036036-1171;057540036036;100mN32021E42253;MC;MIX;3;30;M;F;3039;NEP
057540036036-1171;057540036036;100mN32021E42253;MC;MIX;3;32;M;M;3039;EMP
057540036036-1172;057540036036;100mN31964E42307;MC;NA;2;26;M;M;2529;EMP
057540036036-1172;057540036036;100mN31964E42307;MC;NA;2;18;M;F;1824;EMP
057540036036-1173;057540036036;100mN32016E42241;MC;NA;2;18;M;F;1824;EMP
057540036036-1173;057540036036;100mN32016E42241;MC;NA;2;22;M;M;1824;EMP
057540036036-1174;057540036036;100mN32010E42287;SF;MIX;2;75;S;F;75XX;NEP
057540036036-1174;057540036036;100mN32010E42287;SF;MIX;2;10;S;F;0614;NEP
057540036036-1175;057540036036;100mN32004E42260;S;NA;1;21;D;M;1824;EMP
057540036036-1176;057540036036;100mN31999E42292;S;OS;1;20;W;M;1824;NEP
057540036036-1177;057540036036;100mN32010E42277;MC;MIX;2;82;M;M;75XX;EMP
057540036036-1177;057540036036;100mN32010E42277;MC;MIX;2;48;M;F;4049;EMP
057540036036-1178;057540036036;100mN32008E42289;MC;OS;2;65;M;M;6574;EMP
057540036036-1178;057540036036;100mN32008E42289;MC;OS;2;72;M;F;6574;NEP
057540036036-1179;057540036036;100mN32016E42241;PO;NA;2;63;S;M;5064;EMP
057540036036-1179;057540036036;100mN32016E42241;PO;NA;2;62;S;M;5064;NEP
057540036036-1180;057540036036;100mN32016E42241;MC;NA;5;31;M;F;3039;NEP
057540036036-1180;057540036036;100mN32016E42241;MC;NA;5;32;M;M;3039;NEP
057540036036-1180;057540036036;100mN32016E42241;MC;NA;5;9;S;M;0614;NEP
057540036036-1180;057540036036;100mN32016E42241;MC;NA;5;11;S;F;0614;NEP
057540036036-1180;057540036036;100mN32016E42241;MC;NA;5;0;S;M;0003;NEP
057540036036-1181;057540036036;100mN32004E42288;PO;NA;2;19;S;M;1824;NEP
057540036036-1181;057540036036;100mN32004E42288;PO;NA;2;19;S;F;1824;EMP
057540036036-1182;057540036036;100mN32019E42250;MC;OS;4;69;M;M;6574;EMP
057540036036-1182;057540036036;100mN32019E42250;MC;OS;4;71;M;F;6574;NEP
057540036036-1182;057540036036;100mN32019E42250;MC;OS;4;88;S;M;75XX;EMP
057540036036-1182;057540036036;100mN32019E42250;MC;OS;4;68;M;M;6574;NEP
057540036036-1183;057540036036;100mN32016E42241;MC;NA;4;55;M;M;5064;EMP
057540036036-1183;057540036036;100mN32016E42241;MC;NA;4;48;M;F;4049;EMP
057540036036-1183;057540036036;100mN32016E42241;MC;NA;4;16;S;M;1517;EMP
057540036036-1183;057540036036;100mN32016E42241;MC;NA;4;27;M;M;2529;EMP
057540036036-1184;057540036036;100mN31960E42298;S;NA;1;54;M;F;5064;EMP
057540036036-1185;057540036036;100mN32016E42241;SF;MIX;2;72;S;F;6574;NEP
057540036036-1185;057540036036;100mN32016E42241;SF;MIX;2;8;S;M;0614;NEP
057540036036-1186;057540036036;100mN32016E42241;MC;MIX;4;78;M;M;75XX;EMP
057540036036-1186;057540036036;100mN32016E42241;MC;MIX;4;23;M;F;1824;EMP
057540036036-1186;057540036036;100mN32016E42241;MC;MIX;4;30;M;M;3039;EMP
057540036036-1186;057540036036;100mN32016E42241;MC;MIX;4;2;S;M;0003;NEP
057540036036-1187;057540036036;100mN31987E42271;PO;MIX;6;67;M;F;6574;NEP
057540036036-1187;057540036036;100mN31987E42271;PO;MIX;6;58;S;M;5064;NEP
057540036036-1187;057540036036;100mN31987E42271;PO;MIX;6;55;S;M;5064;NEP
057540036036-1187;057540036036;100mN31987E42271;PO;MIX;6;7;S;M;0614;NEP
057540036036-1187;057540036036;100mN31987E42271;PO;MIX;6;11;S;M;0614;NEP
057540036036-1187;057540036036;100mN31987E42271;PO;MIX;6;34;M;F;3039;EMP
057540036036-1188;057540036036;100mN31992E42279;MC;OS;2;73;M;M;6574;NEP
057540036036-1188;057540036036;100mN31992E42279;MC;OS;2;75;M;F;75XX;NEP
057540036036-1189;057540036036;100mN32011E42239;S;NA;1;68;M;F;6574;EMP
057540036036-1190;057540036036;100mN31995E42257;MC;NA;4;41;M;M;4049;EMP
057540036036-1190;057540036036;100mN31995E42257;MC;NA;4;36;M;F;3039;EMP
057540036036-1190;057540036036;100mN31995E42257;MC;NA;4;9;S;M;0614;NEP
057540036036-1190;057540036036;100mN31995E42257;MC;NA;4;15;S;F;1517;NEP
057540036036-1191;057540036036;100mN31991E42258;MC;MIX;2;68;M;M;6574;EMP
057540036036-1191;057540036036;100mN31991E42258;MC;MIX;2;63;M;F;5064;NEP
057540036036-1192;057540036036;100mN32019E42250;MC;NA;2;37;M;M;3039;NEP
057540036036-1192;057540036036;100mN32019E42250;MC;NA;2;34;M;F;3039;NEP
057540036036-1193;057540036036;100mN32002E42289;MC;NA;2;32;M;M;3039;NEP
057540036036-1193;057540036036;100mN32002E42289;MC;NA;2;31;M;F;3039;NEP
057540036036-1194;057540036036;100mN32002E42289;MC;MIX;3;76;M;F;75XX;NEP
057540036036-1194;057540036036;100mN32002E42289;MC;MIX;3;50;M;M;5064;NEP
057540036036-1194;057540036036;100mN32002E42289;MC;MIX;3;47;M;F;4049;EMP
057540036036-1195;057540036036;100mN31998E42260;MC;NA;3;40;M;M;4049;EMP
057540036036-1195;057540036036;100mN31998E42260;MC;NA;3;33;M;F;3039;NEP
057540036036-1195;057540036036;100mN31998E42260;MC;NA;3;15;S;M;1517;NEP
057540036036-1196;057540036036;100mN31962E42308;S;NA;1;48;W;F;4049;EMP
057540036036-1197;057540036036;100mN32020E42234;S;OS;1;16;S;M;1517;NEP
057540036036-1198;057540036036;100mN32019E42254;PO;OS;5;75;S;M;75XX;NEP
057540036036-1198;057540036036;100mN32019E42254;PO;OS;5;68;S;M;6574;EMP
057540036036-1198;057540036036;100mN32019E42254;PO;OS;5;72;W;M;6574;NEP
057540036036-1198;057540036036;100mN32019E42254;PO;OS;5;79;W;F;75XX;EMP
057540036036-1198;057540036036;100mN32019E42254;PO;OS;5;70;M;M;6574;NEP
057540036036-1199;057540036036;100mN32008E42278;PO;NA;5;31;S;M;3039;NEP
057540036036-1199;057540036036;100mN32008E42278;PO;NA;5;30;S;M;3039;EMP
057540036036-1199;057540036036;100mN32008E42278;PO;NA;5;13;S;M;0614;NEP
057540036036-1199;057540036036;100mN32008E42278;PO;NA;5;12;S;F;0614;NEP
057540036036-1199;057540036036;100mN32008E42278;PO;NA;5;10;S;M;0614;NEP
057540036036-1200;057540036036;100mN32012E42286;S;NA;1;30;M;M;3039;EMP
057540036036-1201;057540036036;100mN32012E42286;S;OS;1;50;D;F;5064;NEP
057540036036-1202;057540036036;100mN32005E42283;MC;OS;4;67;M;M;6574;EMP
057540036036-1202;057540036036;100mN32005E42283;MC;OS;4;66;M;F;6574;NEP
057540036036-1202;057540036036;100mN32005E42283;MC;OS;4;65;W;F;6574;NEP
057540036036-1202;057540036036;100mN32005E42283;MC;OS;4;77;S;F;75XX;EMP
057540036036-1203;057540036036;100mN32011E42291;MC;NA;3;59;M;F;5064;EMP
057540036036-1203;057540036036;100mN32011E42291;MC;NA;3;61;M;M;5064;NEP
057540036036-1203;057540036036;100mN32011E42291;MC;NA;3;10;S;F;0614;NEP
057540036036-1204;057540036036;100mN32011E42291;MC;OS;3;67;M;M;6574;EMP
057540036036-1204;057540036036;100mN32011E42291;MC;OS;3;76;M;F;75XX;EMP
057540036036-1204;057540036036;100mN32011E42291;MC;OS;3;70;M;F;6574;EMP
057540036036-1205;057540036036;100mN32011E42291;MC;OS;2;79;M;F;75XX;EMP
057540036036-1205;057540036036;100mN32011E42291;MC;OS;2;82;M;M;75XX;EMP
057540036036-1206;057540036036;100mN31991E42272;S;NA;1;54;S;F;5064;EMP
057540036036-1207;057540036036;100mN32011E42291;S;NA;1;58;M;M;5064;NEP
057540036036-1208;057540036036;100mN32011E42291;PO;NA;5;60;S;M;5064;NEP
057540036036-1208;057540036036;100mN32011E42291;PO;NA;5;57;S;M;5064;NEP
057540036036-1208;057540036036;100mN32011E42291;PO;NA;5;16;S;F;1517;EMP
057540036036-1208;057540036036;100mN32011E42291;PO;NA;5;16;S;F;1517;EMP
057540036036-1208;057540036036;100mN32011E42291;PO;NA;5;40;M;F;4049;NEP
057540036036-1209;057540036036;100mN32019E42242;S;NA;1;85;D;M;75XX;EMP
057540036036-1210;057540036036;100mN32001E42255;MC;NA;6;34;M;F;3039;NEP
057540036036-1210;057540036036;100mN32001E42255;MC;NA;6;40;M;M;4049;EMP
057540036036-1210;057540036036;100mN32001E42255;MC;NA;6;16;S;M;1517;EMP
057540036036-1210;057540036036;100mN32001E42255;MC;NA;6;1;S;F;0003;NEP
057540036036-1210;057540036036;100mN32001E42255;MC;NA;6;13;S;M;0614;NEP
057540036036-1210;057540036036;100mN32001E42255;MC;NA;6;15;S;M;1517;UEP
057540036036-1211;057540036036;100mN31967E42276;MC;NA;6;59;M;M;5064;NEP
057540036036-1211;057540036036;100mN31967E42276;MC;NA;6;59;M;F;5064;EMP
057540036036-1211;057540036036;100mN31967E42276;MC;NA;6;4;S;M;0305;NEP
057540036036-1211;057540036036;100mN31967E42276;MC;NA;6;42;M;M;4049;EMP
057540036036-1211;057540036036;100mN31967E42276;MC;NA;6;3;S;F;0305;NEP
057540036036-1211;057540036036;100mN31967E42276;MC;NA;6;11;S;F;0614;NEP
057540036036-1212;057540036036;100mN32011E42291;PO;OS;4;86;S;F;75XX;EMP
057540036036-1212;057540036036;100mN32011E42291;PO;OS;4;86;S;M;75XX;NEP
057540036036-1212;057540036036;100mN32011E42291;PO;OS;4;69;M;M;6574;EMP
057540036036-1212;057540036036;100mN32011E42291;PO;OS;4;85;S;F;75XX;NEP
057540036036-1213;057540036036;100mN32019E42248;NA;OS;2;44;M;M;4049;EMP
057540036036-1213;057540036036;100mN32019E42248;NA;OS;2;31;D;M;3039;NEP
057540036036-1214;057540036036;100mN32011E42291;MC;NA;4;42;M;F;4049;NEP
057540036036-1214;057540036036;100mN32011E42291;MC;NA;4;33;M;M;3039;NEP
057540036036-1214;057540036036;100mN32011E42291;MC;NA;4;19;M;F;1824;NEP
057540036036-1214;057540036036;100mN32011E42291;MC;NA;4;6;S;F;0614;NEP
057540036036-1215;057540036036;100mN32011E42291;S;OS;1;83;M;F;75XX;EMP
057540036036-1216;057540036036;100mN31999E42257;SF;NA;5;30;W;F;3039;NEP
057540036036-1216;057540036036;100mN31999E42257;SF;NA;5;4;S;F;0305;NEP
057540036036-1216;057540036036;100mN31999E42257;SF;NA;5;8;S;M;0614;NEP
057540036036-1216;057540036036;100mN31999E42257;SF;NA;5;8;S;F;0614;NEP
057540036036-1216;057540036036;100mN31999E42257;SF;NA;5;2;S;M;0003;NEP
057540036036-1217;057540036036;100mN32011E42291;MC;NA;2;61;M;M;5064;EMP
057540036036-1217;057540036036;100mN32011E42291;MC;NA;2;58;M;F;5064;NEP
057540036036-1218;057540036036;100mN32011E42291;MC;NA;4;30;M;M;3039;EMP
057540036036-1218;057540036036;100mN32011E42291;MC;NA;4;23;M;F;1824;EMP
057540036036-1218;057540036036;100mN32011E42291;MC;NA;4;15;S;M;1517;EMP
057540036036-1218;057540036036;100mN32011E42291;MC;NA;4;6;S;F;0614;NEP
057540036036-1219;057540036036;100mN31981E42242;SF;MIX;3;86;W;F;75XX;NEP
057540036036-1219;057540036036;100mN31981E42242;SF;MIX;3;20;W;F;1824;EMP
057540036036-1219;057540036036;100mN31981E42242;SF;MIX;3;2;S;F;0003;NEP
057540036036-1220;057540036036;100mN32019E42240;S;NA;1;21;W;F;1824;EMP
057540036036-1221;057540036036;100mN32003E42261;MC;OS;3;81;M;F;75XX;EMP
057540036036-1221;057540036036;100mN32003E42261;MC;OS;3;72;M;M;6574;EMP
057540036036-1221;057540036036;100mN32003E42261;MC;OS;3;72;S;F;6574;EMP
057540036036-1222;057540036036;100mN32013E42239;PO;NA;2;45;S;M;4049;EMP
057540036036-1222;057540036036;100mN32013E42239;PO;NA;2;37;S;M;3039;EMP
057540036036-1223;057540036036;100mN32011E42278;MC;NA;2;50;M;M;5064;EMP
057540036036-1223;057540036036;100mN32011E42278;MC;NA;2;57;M;F;5064;NEP
057540036036-1224;057540036036;100mN32011E42278;MC;NA;2;34;M;F;3039;NEP
057540036036-1224;057540036036;100mN32011E42278;MC;NA;2;42;M;M;4049;NEP
057540036036-1225;057540036036;100mN32001E42288;MC;NA;2;54;M;F;5064;EMP
057540036036-1225;057540036036;100mN32001E42288;MC;NA;2;54;M;M;5064;EMP
057540036036-1226;057540036036;100mN32011E42278;S;NA;1;47;M;M;4049;EMP
057540036036-1227;057540036036;100mN32011E42278;PO;NA;2;25;S;F;2529;EMP
057540036036-1227;057540036036;100mN32011E42278;PO;NA;2;18;S;F;1824;EMP
057540036036-1228;057540036036;100mN32018E42242;S;NA;1;59;M;F;5064;NEP
057540036036-1229;057540036036;100mN31999E42272;S;OS;1;32;W;F;3039;EMP
057540036036-1230;057540036036;100mN31998E42275;SF;NA;4;69;W;F;6574;EMP
057540036036-1230;057540036036;100mN31998E42275;SF;NA;4;13;S;M;0614;NEP
057540036036-1230;057540036036;100mN31998E42275;SF;NA;4;41;D;M;4049;EMP
057540036036-1230;057540036036;100mN31998E42275;SF;NA;4;3;S;F;0305;NEP
057540036036-1231;057540036036;100mN32005E42282;NA;NA;2;43;W;F;4049;EMP
057540036036-1231;057540036036;100mN32005E42282;NA;NA;2;41;W;F;4049;NEP
057540036036-1232;057540036036;100mN32003E42276;MC;NA;2;59;M;F;5064;EMP
057540036036-1232;057540036036;100mN32003E42276;MC;NA;2;60;M;M;5064;EMP
057540036036-1233;057540036036;100mN32021E42249;SF;NA;6;38;W;F;3039;NEP
057540036036-1233;057540036036;100mN32021E42249;SF;NA;6;15;S;M;1517;NEP
057540036036-1233;057540036036;100mN32021E42249;SF;NA;6;15;S;F;1517;EMP
057540036036-1233;057540036036;100mN32021E42249;SF;NA;6;18;S;M;1824;EMP
057540036036-1233;057540036036;100mN32021E42249;SF;NA;6;0;S;M;0003;NEP
057540036036-1233;057540036036;100mN32021E42249;SF;NA;6;19;S;M;1824;EMP
057540036036-1234;057540036036;100mN32002E42254;MC;MIX;2;81;M;F;75XX;NEP
057540036036-1234;057540036036;100mN32002E42254;MC;MIX;2;58;M;M;5064;EMP
057540036036-1235;057540036036;100mN32011E42278;SF;NA;5;54;S;F;5064;EMP
057540036036-1235;057540036036;100mN32011E42278;SF;NA;5;8;S;M;0614;NEP
057540036036-1235;057540036036;100mN32011E42278;SF;NA;5;11;S;M;0614;NEP
057540036036-1235;057540036036;100mN32011E42278;SF;NA;5;35;M;M;3039;EMP
057540036036-1235;057540036036;100mN32011E42278;SF;NA;5;15;S;F;1517;EMP
057540036036-1236;057540036036;100mN31991E42256;S;OS;1;52;M;F;5064;EMP
057540036036-1237;057540036036;100mN31988E42272;SM;NA;4;47;S;M;4049;EMP
057540036036-1237;057540036036;100mN31988E42272;SM;NA;4;4;S;M;0305;NEP
057540036036-1237;057540036036;100mN31988E42272;SM;NA;4;8;S;F;0614;NEP
057540036036-1237;057540036036;100mN31988E42272;SM;NA;4;2;S;F;0003;NEP
057540036036-1238;057540036036;100mN31988E42272;MC;NA;4;33;M;F;3039;NEP
057540036036-1238;057540036036;100mN31988E42272;MC;NA;4;42;M;M;4049;EMP
057540036036-1238;057540036036;100mN31988E42272;MC;NA;4;3;S;M;0305;NEP
057540036036-1238;057540036036;100mN31988E42272;MC;NA;4;9;S;M;0614;NEP
057540036036-1239;057540036036;100mN31988E42272;MC;NA;2;20;M;M;1824;EMP
057540036036-1239;057540036036;100mN31988E42272;MC;NA;2;18;M;F;1824;EMP
057540036036-1240;057540036036;100mN32009E42289;S;OS;1;28;D;M;2529;EMP
057540036036-1241;057540036036;100mN31988E42272;MC;NA;2;57;M;F;5064;NEP
057540036036-1241;057540036036;100mN31988E42272;MC;NA;2;57;M;M;5064;EMP
057540036036-1242;057540036036;100mN32004E42275;S;NA;1;51;M;F;5064;EMP
057540036036-1243;057540036036;100mN32019E42255;MC;NA;2;57;M;F;5064;EMP
057540036036-1243;057540036036;100mN32019E42255;MC;NA;2;59;M;M;5064;EMP
057540036036-1244;057540036036;100mN31988E42272;MC;NA;2;60;M;M;5064;EMP
057540036036-1244;057540036036;100mN31988E42272;MC;NA;2;36;M;M;3039;EMP
057540036036-1245;057540036036;100mN31988E42272;S;OS;1;16;S;F;1517;EMP
057540036036-1246;057540036036;100mN31988E42272;MC;NA;3;45;M;M;4049;EMP
057540036036-1246;057540036036;100mN31988E42272;MC;NA;3;45;M;F;4049;NEP
057540036036-1246;057540036036;100mN31988E42272;MC;NA;3;19;S;M;1824;EMP
057540036036-1247;057540036036;100mN31988E42272;MC;NA;2;21;M;F;1824;NEP
057540036036-1247;057540036036;100mN31988E42272;MC;NA;2;22;M;M;1824;NEP
057540036036-1248;057540036036;100mN31988E42272;S;NA;1;58;M;M;5064;EMP
057540036036-1249;057540036036;100mN32007E42282;MC;NA;6;58;M;M;5064;NEP
057540036036-1249;057540036036;100mN32007E42282;MC;NA;6;53;M;F;5064;NEP
057540036036-1249;057540036036;100mN32007E42282;MC;NA;6;3;S;M;0305;NEP
057540036036-1249;057540036036;100mN32007E42282;MC;NA;6;7;S;M;0614;NEP
057540036036-1249;057540036036;100mN32007E42282;MC;NA;6;15;S;M;1517;NEP
057540036036-1249;057540036036;100mN32007E42282;MC;NA;6;13;S;M;0614;NEP
057540036036-1250;057540036036;100mN31989E42258;S;OS;1;61;M;M;5064;EMP
057540036036-1251;057540036036;100mN32009E42276;SF;NA;6;51;W;F;5064;EMP
057540036036-1251;057540036036;100mN32009E42276;SF;NA;6;4;S;M;0305;NEP
057540036036-1251;057540036036;100mN32009E42276;SF;NA;6;9;S;F;0614;NEP
057540036036-1251;057540036036;100mN32009E42276;SF;NA;6;30;M;F;3039;NEP
057540036036-1251;057540036036;100mN32009E42276;SF;NA;6;16;S;F;1517;NEP
057540036036-1251;057540036036;100mN32009E42276;SF;NA;6;6;S;M;0614;NEP
057540036036-1252;057540036036;100mN32008E42256;S;OS;1;58;M;F;5064;EMP
057540036036-1253;057540036036;100mN31982E42258;MC;NA;2;19;M;F;1824;EMP
057540036036-1253;057540036036;100mN31982E42258;MC;NA;2;19;M;M;1824;EMP
057540036036-1254;057540036036;100mN31988E42272;PO;MIX;2;66;S;F;6574;NEP
057540036036-1254;057540036036;100mN31988E42272;PO;MIX;2;71;S;M;6574;EMP
057540036036-1255;057540036036;100mN31991E42256;S;NA;1;40;M;F;4049;EMP
057540036036-1256;057540036036;100mN32005E42288;MC;MIX;2;85;M;M;75XX;EMP
057540036036-1256;057540036036;100mN32005E42288;MC;MIX;2;21;W;M;1824;EMP
057540036036-1257;057540036036;100mN31988E42272;MC;NA;4;57;M;M;5064;EMP
057540036036-1257;057540036036;100mN31988E42272;MC;NA;4;61;M;F;5064;EMP
057540036036-1257;057540036036;100mN31988E42272;MC;NA;4;20;S;M;1824;EMP
057540036036-1257;057540036036;100mN31988E42272;MC;NA;4;1;S;F;0003;NEP
057540036036-1258;057540036036;100mN32012E42291;MC;NA;3;38;M;M;3039;EMP
057540036036-1258;057540036036;100mN32012E42291;MC;NA;3;38;M;F;3039;NEP
057540036036-1258;057540036036;100mN32012E42291;MC;NA;3;3;S;F;0305;NEP
057540036036-1259;057540036036;100mN31990E42261;MC;NA;2;61;M;M;5064;EMP
057540036036-1259;057540036036;100mN31990E42261;MC;NA;2;44;M;M;4049;EMP
057540036036-1260;057540036036;100mN31967E42251;MC;OS;2;70;M;F;6574;EMP
057540036036-1260;057540036036;100mN31967E42251;MC;OS;2;66;M;M;6574;EMP
057540036036-1261;057540036036;100mN32019E42242;MC;OS;2;82;M;F;75XX;EMP
057540036036-1261;057540036036;100mN32019E42242;MC;OS;2;84;M;M;75XX;EMP
057540036036-1262;057540036036;100mN32011E42251;S;NA;1;21;D;F;1824;EMP
057540036036-1263;057540036036;100mN31974E42252;NA;NA;2;50;M;M;5064;EMP
057540036036-1263;057540036036;100mN31974E42252;NA;NA;2;37;M;F;3039;NEP
057540036036-1264;057540036036;100mN32011E42251;MC;NA;3;58;M;M;5064;NEP
057540036036-1264;057540036036;100mN32011E42251;MC;NA;3;58;M;F;5064;NEP
057540036036-1264;057540036036;100mN32011E42251;MC;NA;3;3;S;M;0305;NEP
057540036036-1265;057540036036;100mN32008E42249;MC;NA;2;62;M;F;5064;NEP
057540036036-1265;057540036036;100mN32008E42249;MC;NA;2;59;M;M;5064;EMP
057540036036-1266;057540036036;100mN32011E42288;MC;NA;2;34;M;F;3039;NEP
057540036036-1266;057540036036;100mN32011E42288;MC;NA;2;46;M;M;4049;EMP
057540036036-1267;057540036036;100mN32008E42249;MC;NA;2;61;M;F;5064;NEP
057540036036-1267;057540036036;100mN32008E42249;MC;NA;2;42;M;F;4049;EMP
057540036036-1268;057540036036;100mN31997E42268;MC;MIX;3;68;S;M;6574;EMP
057540036036-1268;057540036036;100mN31997E42268;MC;MIX;3;45;M;M;4049;EMP
057540036036-1268;057540036036;100mN31997E42268;MC;MIX;3;40;M;F;4049;EMP
057540036036-1269;057540036036;100mN32004E42280;S;OS;1;73;W;F;6574;NEP
057540036036-1270;057540036036;100mN31994E42262;PO;NA;2;42;S;M;4049;NEP
057540036036-1270;057540036036;100mN31994E42262;PO;NA;2;38;S;F;3039;NEP
057540036036-1271;057540036036;100mN31997E42268;MC;MIX;5;87;S;F;75XX;NEP
057540036036-1271;057540036036;100mN31997E42268;MC;MIX;5;34;M;F;3039;NEP
057540036036-1271;057540036036;100mN31997E42268;MC;MIX;5;40;M;M;4049;EMP
057540036036-1271;057540036036;100mN31997E42268;MC;MIX;5;15;S;M;1517;EMP
057540036036-1271;057540036036;100mN31997E42268;MC;MIX;5;18;M;M;1824;EMP
057540036036-1272;057540036036;100mN32016E42233;MC;MIX;2;67;M;M;6574;EMP
057540036036-1272;057540036036;100mN32016E42233;MC;MIX;2;68;S;M;6574;NEP
057540036036-1273;057540036036;100mN32005E42260;MC;NA;3;56;M;F;5064;NEP
057540036036-1273;057540036036;100mN32005E42260;MC;NA;3;55;M;M;5064;EMP
057540036036-1273;057540036036;100mN32005E42260;MC;NA;3;34;S;F;3039;EMP
057540036036-1274;057540036036;100mN31974E42298;MC;OS;2;85;M;F;75XX;NEP
057540036036-1274;057540036036;100mN31974E42298;MC;OS;2;70;M;M;6574;EMP
057540036036-1275;057540036036;100mN31975E42248;MC;NA;2;63;M;M;5064;EMP
057540036036-1275;057540036036;100mN31975E42248;MC;NA;2;58;M;F;5064;EMP
057540036036-1276;057540036036;100mN31999E42265;S;NA;1;76;D;M;75XX;EMP
057540036036-1277;057540036036;100mN31953E42256;MC;MIX;4;68;M;F;6574;EMP
057540036036-1277;057540036036;100mN31953E42256;MC;MIX;4;44;M;M;4049;EMP
057540036036-1277;057540036036;100mN31953E42256;MC;MIX;4;50;M;F;5064;EMP
057540036036-1277;057540036036;100mN31953E42256;MC;MIX;4;8;S;F;0614;NEP
057540036036-1278;057540036036;100mN32006E42279;MC;OS;2;65;M;F;6574;NEP
057540036036-1278;057540036036;100mN32006E42279;MC;OS;2;69;M;M;6574;EMP
057540036036-1279;057540036036;100mN31987E42259;S;NA;1;41;S;M;4049;EMP
057540036036-1280;057540036036;100mN31985E42282;S;OS;1;28;M;F;2529;EMP
057540036036-1281;057540036036;100mN32006E42255;MC;OS;3;77;M;F;75XX;EMP
057540036036-1281;057540036036;100mN32006E42255;MC;OS;3;82;M;M;75XX;EMP
057540036036-1281;057540036036;100mN32006E42255;MC;OS;3;87;M;M;75XX;EMP
057540036036-1282;057540036036;100mN32020E42234;S;OS;1;16;S;M;1517;NEP
057540036036-1283;057540036036;100mN32020E42241;S;NA;1;20;D;F;1824;EMP
057540036036-1284;057540036036;100mN31997E42272;MC;NA;2;52;M;F;5064;EMP
057540036036-1284;057540036036;100mN31997E42272;MC;NA;2;50;M;M;5064;EMP
057540036036-1285;057540036036;100mN31997E42272;MC;OS;2;72;M;M;6574;NEP
057540036036-1285;057540036036;100mN31997E42272;MC;OS;2;72;M;F;6574;EMP
057540036036-1286;057540036036;100mN31997E42272;MC;NA;4;20;M;F;1824;NEP
057540036036-1286;057540036036;100mN31997E42272;MC;NA;4;20;M;M;1824;EMP
057540036036-1286;057540036036;100mN31997E42272;MC;NA;4;3;S;M;0305;NEP
057540036036-1286;057540036036;100mN31997E42272;MC;NA;4;2;S;F;0003;NEP
057540036036-1287;057540036036;100mN32005E42283;MC;NA;3;62;M;F;5064;EMP
057540036036-1287;057540036036;100mN32005E42283;MC;NA;3;62;M;M;5064;EMP
057540036036-1287;057540036036;100mN32005E42283;MC;NA;3;25;S;M;2529;EMP
057540036036-1288;057540036036;100mN32006E42283;MC;NA;3;59;M;M;5064;NEP
057540036036-1288;057540036036;100mN32006E42283;MC;NA;3;57;M;F;5064;EMP
057540036036-1288;057540036036;100mN32006E42283;MC;NA;3;18;M;F;1824;NEP
057540036036-1289;057540036036;100mN32006E42279;MC;NA;2;41;M;M;4049;EMP
057540036036-1289;057540036036;100mN32006E42279;MC;NA;2;40;M;F;4049;NEP
057540036036-1290;057540036036;100mN32010E42278;PO;NA;2;26;S;M;2529;NEP
057540036036-1290;057540036036;100mN32010E42278;PO;NA;2;26;S;F;2529;EMP
057540036036-1291;057540036036;100mN32004E42276;S;NA;1;21;M;M;1824;NEP
057540036036-1292;057540036036;100mN32016E42245;SF;NA;2;21;S;F;1824;EMP
057540036036-1292;057540036036;100mN32016E42245;SF;NA;2;3;S;M;0305;NEP
057540036036-1293;057540036036;100mN31996E42257;S;NA;1;71;D;M;6574;EMP
057540036036-1294;057540036036;100mN32011E42226;PO;NA;2;40;S;M;4049;EMP
057540036036-1294;057540036036;100mN32011E42226;PO;NA;2;37;S;M;3039;EMP
057540036036-1295;057540036036;100mN32011E42226;S;OS;1;66;M;M;6574;NEP
057540036036-1296;057540036036;100mN32011E42226;MC;NA;4;53;M;F;5064;EMP
057540036036-1296;057540036036;100mN32011E42226;MC;NA;4;58;M;M;5064;NEP
057540036036-1296;057540036036;100mN32011E42226;MC;NA;4;37;S;M;3039;NEP
057540036036-1296;057540036036;100mN32011E42226;MC;NA;4;7;S;F;0614;NEP
057540036036-1297;057540036036;100mN31995E42255;MC;NA;6;61;M;F;5064;EMP
057540036036-1297;057540036036;100mN31995E42255;MC;NA;6;34;S;F;3039;NEP
057540036036-1297;057540036036;100mN31995E42255;MC;NA;6;16;S;F;1517;NEP
057540036036-1297;057540036036;100mN31995E42255;MC;NA;6;10;S;M;0614;NEP
057540036036-1297;057540036036;100mN31995E42255;MC;NA;6;13;S;M;0614;NEP
057540036036-1297;057540036036;100mN31995E42255;MC;NA;6;11;S;M;0614;NEP
057540036036-1298;057540036036;100mN31994E42261;S;NA;1;41;D;M;4049;EMP
057540036036-1299;057540036036;100mN32011E42226;S;OS;1;43;M;F;4049;NEP
057540036036-1300;057540036036;100mN32011E42226;SF;NA;6;48;S;F;4049;EMP
057540036036-1300;057540036036;100mN32011E42226;SF;NA;6;12;S;F;0614;NEP
057540036036-1300;057540036036;100mN32011E42226;SF;NA;6;1;S;F;0003;NEP
057540036036-1300;057540036036;100mN32011E42226;SF;NA;6;22;M;M;1824;EMP
057540036036-1300;057540036036;100mN32011E42226;SF;NA;6;31;M;F;3039;EMP
057540036036-1300;057540036036;100mN32011E42226;SF;NA;6;8;S;M;0614;NEP
057540036036-1301;057540036036;100mN32012E42250;MC;NA;3;27;M;F;2529;EMP
057540036036-1301;057540036036;100mN32012E42250;MC;NA;3;34;M;M;3039;EMP
057540036036-1301;057540036036;100mN32012E42250;MC;NA;3;10;S;F;0614;NEP
057540036036-1302;057540036036;100mN32009E42249;S;NA;1;18;S;M;1824;EMP
057540036036-1303;057540036036;100mN31997E42278;MC;NA;2;43;M;F;4049;EMP
057540036036-1303;057540036036;100mN31997E42278;MC;NA;2;46;M;M;4049;EMP
057540036036-1304;057540036036;100mN31997E42278;MC;NA;5;43;M;M;4049;EMP
057540036036-1304;057540036036;100mN31997E42278;MC;NA;5;42;M;F;4049;NEP
057540036036-1304;057540036036;100mN31997E42278;MC;NA;5;2;S;F;0003;NEP
057540036036-1304;057540036036;100mN31997E42278;MC;NA;5;9;S;M;0614;NEP
057540036036-1304;057540036036;100mN31997E42278;MC;NA;5;18;M;F;1824;NEP
057540036036-1305;057540036036;100mN32006E42278;PO;OS;2;65;S;F;6574;EMP
057540036036-1305;057540036036;100mN32006E42278;PO;OS;2;72;S;F;6574;EMP
057540036036-1306;057540036036;100mN32006E42278;MC;NA;2;20;M;M;1824;UEP
057540036036-1306;057540036036;100mN32006E42278;MC;NA;2;18;M;F;1824;EMP
057540036036-1307;057540036036;100mN32014E42291;MC;NA;4;44;M;M;4049;EMP
057540036036-1307;057540036036;100mN32014E42291;MC;NA;4;42;M;F;4049;NEP
057540036036-1307;057540036036;100mN32014E42291;MC;NA;4;25;D;M;2529;NEP
057540036036-1307;057540036036;100mN32014E42291;MC;NA;4;4;S;M;0305;NEP
057540036036-1308;057540036036;100mN32006E42278;MC;OS;2;89;M;M;75XX;EMP
057540036036-1308;057540036036;100mN32006E42278;MC;OS;2;2;S;M;0003;NEP
057540036036-1309;057540036036;100mN32006E42278;MC;MIX;2;89;M;F;75XX;EMP
057540036036-1309;057540036036;100mN32006E42278;MC;MIX;2;4;S;M;0305;NEP
057540036036-1310;057540036036;100mN32006E42278;MC;OS;3;67;M;M;6574;EMP
057540036036-1310;057540036036;100mN32006E42278;MC;OS;3;75;M;F;75XX;EMP
057540036036-1310;057540036036;100mN32006E42278;MC;OS;3;68;S;M;6574;EMP
057540036036-1311;057540036036;100mN31990E42258;MC;OS;5;78;M;F;75XX;EMP
057540036036-1311;057540036036;100mN31990E42258;MC;OS;5;69;M;M;6574;NEP
057540036036-1311;057540036036;100mN31990E42258;MC;OS;5;88;M;F;75XX;EMP
057540036036-1311;057540036036;100mN31990E42258;MC;OS;5;71;S;F;6574;EMP
057540036036-1311;057540036036;100mN31990E42258;MC;OS;5;70;W;F;6574;EMP
057540036036-1312;057540036036;100mN32005E42290;SF;NA;2;62;D;F;5064;NEP
057540036036-1312;057540036036;100mN32005E42290;SF;NA;2;0;S;M;0003;NEP
057540036036-1313;057540036036;100mN31972E42269;MC;NA;4;55;M;M;5064;EMP
057540036036-1313;057540036036;100mN31972E42269;MC;NA;4;52;M;F;5064;EMP
057540036036-1313;057540036036;100mN31972E42269;MC;NA;4;9;S;F;0614;NEP
057540036036-1313;057540036036;100mN31972E42269;MC;NA;4;11;S;F;0614;NEP
057540036036-1314;057540036036;100mN31995E42258;MC;NA;5;40;M;M;4049;EMP
057540036036-1314;057540036036;100mN31995E42258;MC;NA;5;44;M;F;4049;EMP
057540036036-1314;057540036036;100mN31995E42258;MC;NA;5;6;S;M;0614;NEP
057540036036-1314;057540036036;100mN31995E42258;MC;NA;5;8;S;M;0614;NEP
057540036036-1314;057540036036;100mN31995E42258;MC;NA;5;7;S;F;0614;NEP
057540036036-1315;057540036036;100mN32017E42255;MC;MIX;2;72;M;M;6574;EMP
057540036036-1315;057540036036;100mN32017E42255;MC;MIX;2;47;D;F;4049;NEP
057540036036-1316;057540036036;100mN32006E42278;PO;NA;2;52;S;M;5064;EMP
057540036036-1316;057540036036;100mN32006E42278;PO;NA;2;45;S;M;4049;NEP
057540036036-1317;057540036036;100mN32006E42278;MC;NA;4;58;M;M;5064;EMP
057540036036-1317;057540036036;100mN32006E42278;MC;NA;4;51;M;F;5064;NEP
057540036036-1317;057540036036;100mN32006E42278;MC;NA;4;11;S;M;0614;NEP
057540036036-1317;057540036036;100mN32006E42278;MC;NA;4;4;S;F;0305;NEP
057540036036-1318;057540036036;100mN32007E42255;S;NA;1;45;S;M;4049;EMP
057540036036-1319;057540036036;100mN32006E42278;MC;OS;3;71;M;M;6574;EMP
057540036036-1319;057540036036;100mN32006E42278;MC;OS;3;72;M;F;6574;EMP
057540036036-1319;057540036036;100mN32006E42278;MC;OS;3;83;W;F;75XX;EMP
057540036036-1320;057540036036;100mN32006E42286;MC;NA;2;58;M;M;5064;EMP
057540036036-1320;057540036036;100mN32006E42286;MC;NA;2;45;M;F;4049;EMP
057540036036-1321;057540036036;100mN31963E42307;MC;NA;4;53;M;M;5064;EMP
057540036036-1321;057540036036;100mN31963E42307;MC;NA;4;57;M;F;5064;EMP
057540036036-1321;057540036036;100mN31963E42307;MC;NA;4;22;D;F;1824;NEP
057540036036-1321;057540036036;100mN31963E42307;MC;NA;4;15;S;F;1517;NEP
057540036036-1322;057540036036;100mN32015E42291;S;OS;1;36;S;M;3039;EMP
057540036036-1323;057540036036;100mN32006E42278;MC;NA;2;35;M;F;3039;EMP
057540036036-1323;057540036036;100mN32006E42278;MC;NA;2;36;M;M;3039;NEP
057540036036-1324;057540036036;100mN32004E42258;MC;MIX;3;88;S;F;75XX;EMP
057540036036-1324;057540036036;100mN32004E42258;MC;MIX;3;25;M;F;2529;EMP
057540036036-1324;057540036036;100mN32004E42258;MC;MIX;3;25;M;M;2529;NEP
057540036036-1325;057540036036;100mN31997E42277;MC;MIX;2;88;M;F;75XX;NEP
057540036036-1325;057540036036;100mN31997E42277;MC;MIX;2;42;M;F;4049;EMP
057540036036-1326;057540036036;100mN31955E42260;MC;NA;3;31;M;F;3039;EMP
057540036036-1326;057540036036;100mN31955E42260;MC;NA;3;37;M;M;3039;EMP
057540036036-1326;057540036036;100mN31955E42260;MC;NA;3;8;S;F;0614;NEP
057540036036-1327;057540036036;100mN32022E42251;S;OS;1;45;S;F;4049;NEP
057540036036-1328;057540036036;100mN32001E42297;MC;NA;2;47;M;F;4049;NEP
057540036036-1328;057540036036;100mN32001E42297;MC;NA;2;51;M;M;5064;EMP
057540036036-1329;057540036036;100mN31998E42253;S;NA;1;72;S;M;6574;NEP
057540036036-1330;057540036036;100mN32014E42237;MC;MIX;6;82;M;M;75XX;NEP
057540036036-1330;057540036036;100mN32014E42237;MC;MIX;6;23;M;F;1824;NEP
057540036036-1330;057540036036;100mN32014E42237;MC;MIX;6;23;M;M;1824;EMP
057540036036-1330;057540036036;100mN32014E42237;MC;MIX;6;2;S;M;0003;NEP
057540036036-1330;057540036036;100mN32014E42237;MC;MIX;6;0;S;F;0003;NEP
057540036036-1330;057540036036;100mN32014E42237;MC;MIX;6;1;S;M;0003;NEP
057540036036-1331;057540036036;100mN32001E42286;MC;NA;2;52;M;M;5064;NEP
057540036036-1331;057540036036;100mN32001E42286;MC;NA;2;51;M;F;5064;NEP
057540036036-1332;057540036036;100mN32004E42258;S;NA;1;84;D;F;75XX;NEP
057540036036-1333;057540036036;100mN31977E42255;MC;NA;2;20;M;M;1824;EMP
057540036036-1333;057540036036;100mN31977E42255;MC;NA;2;18;M;F;1824;NEP
057540036036-1334;057540036036;100mN31998E42259;MC;NA;2;21;M;F;1824;EMP
057540036036-1334;057540036036;100mN31998E42259;MC;NA;2;21;M;M;1824;EMP
057540036036-1335;057540036036;100mN31999E42254;PO;NA;5;63;S;F;5064;EMP
057540036036-1335;057540036036;100mN31999E42254;PO;NA;5;18;M;M;1824;NEP
057540036036-1335;057540036036;100mN31999E42254;PO;NA;5;30;S;M;3039;EMP
057540036036-1335;057540036036;100mN31999E42254;PO;NA;5;6;S;M;0614;NEP
057540036036-1335;057540036036;100mN31999E42254;PO;NA;5;20;S;F;1824;EMP
057540036036-1336;057540036036;100mN32018E42243;SF;NA;3;58;W;F;5064;NEP
057540036036-1336;057540036036;100mN32018E42243;SF;NA;3;16;S;M;1517;EMP
057540036036-1336;057540036036;100mN32018E42243;SF;NA;3;16;S;M;1517;EMP
057540036036-1337;057540036036;100mN31977E42255;MC;OS;4;80;M;F;75XX;NEP
057540036036-1337;057540036036;100mN31977E42255;MC;OS;4;81;M;M;75XX;NEP
057540036036-1337;057540036036;100mN31977E42255;MC;OS;4;68;S;M;6574;EMP
057540036036-1337;057540036036;100mN31977E42255;MC;OS;4;71;M;M;6574;EMP
057540036036-1338;057540036036;100mN31964E42308;S;NA;1;23;W;M;1824;EMP
057540036036-1339;057540036036;100mN32016E42293;MC;NA;3;55;M;F;5064;NEP
057540036036-1339;057540036036;100mN32016E42293;MC;NA;3;56;M;M;5064;EMP
057540036036-1339;057540036036;100mN32016E42293;MC;NA;3;30;S;M;3039;EMP
057540036036-1340;057540036036;100mN32016E42293;MC;NA;3;32;M;M;3039;NEP
057540036036-1340;057540036036;100mN32016E42293;MC;NA;3;18;M;F;1824;NEP
057540036036-1340;057540036036;100mN32016E42293;MC;NA;3;8;S;F;0614;NEP
057540036036-1341;057540036036;100mN32016E42293;MC;OS;2;80;M;F;75XX;EMP
057540036036-1341;057540036036;100mN32016E42293;MC;OS;2;88;M;M;75XX;EMP
057540036036-1342;057540036036;100mN31985E42281;MC;NA;2;52;M;M;5064;EMP
057540036036-1342;057540036036;100mN31985E42281;MC;NA;2;50;M;F;5064;NEP
057540036036-1343;057540036036;100mN31998E42265;MC;NA;2;55;M;M;5064;EMP
057540036036-1343;057540036036;100mN31998E42265;MC;NA;2;18;M;F;1824;NEP
057540036036-1344;057540036036;100mN31995E42283;PO;NA;2;41;S;F;4049;NEP
057540036036-1344;057540036036;100mN31995E42283;PO;NA;2;45;S;M;4049;EMP
057540036036-1345;057540036036;100mN31995E42262;PO;OS;2;65;S;M;6574;EMP
057540036036-1345;057540036036;100mN31995E42262;PO;OS;2;77;S;M;75XX;EMP
057540036036-1346;057540036036;100mN31970E42274;MC;NA;2;32;M;F;3039;EMP
057540036036-1346;057540036036;100mN31970E42274;MC;NA;2;40;M;M;4049;EMP
057540036036-1347;057540036036;100mN31974E42270;PO;NA;5;59;S;F;5064;NEP
057540036036-1347;057540036036;100mN31974E42270;PO;NA;5;60;S;M;5064;EMP
057540036036-1347;057540036036;100mN31974E42270;PO;NA;5;11;S;F;0614;NEP
057540036036-1347;057540036036;100mN31974E42270;PO;NA;5;11;S;M;0614;NEP
057540036036-1347;057540036036;100mN31974E42270;PO;NA;5;3;S;F;0305;NEP
057540036036-1348;057540036036;100mN31985E42279;MC;NA;2;53;M;M;5064;EMP
057540036036-1348;057540036036;100mN31985E42279;MC;NA;2;60;M;F;5064;EMP
057540036036-1349;057540036036;100mN32011E42250;SF;NA;2;19;S;F;1824;EMP
057540036036-1349;057540036036;100mN32011E42250;SF;NA;2;3;S;M;0305;NEP
057540036036-1350;057540036036;100mN31974E42270;MC;OS;3;66;M;M;6574;EMP
057540036036-1350;057540036036;100mN31974E42270;MC;OS;3;65;M;F;6574;EMP
057540036036-1350;057540036036;100mN31974E42270;MC;OS;3;71;S;M;6574;EMP
057540036036-1351;057540036036;100mN31974E42270;MC;NA;4;20;M;M;1824;EMP
057540036036-1351;057540036036;100mN31974E42270;MC;NA;4;26;M;F;2529;EMP
057540036036-1351;057540036036;100mN31974E42270;MC;NA;4;4;S;M;0305;NEP
057540036036-1351;057540036036;100mN31974E42270;MC;NA;4;0;S;F;0003;NEP
057540036036-1352;057540036036;100mN32015E42242;PO;NA;6;41;S;M;4049;EMP
057540036036-1352;057540036036;100mN32015E42242;PO;NA;6;41;S;M;4049;EMP
057540036036-1352;057540036036;100mN32015E42242;PO;NA;6;10;S;F;0614;NEP
057540036036-1352;057540036036;100mN32015E42242;PO;NA;6;18;M;M;1824;EMP
057540036036-1352;057540036036;100mN32015E42242;PO;NA;6;8;S;F;0614;NEP
057540036036-1352;057540036036;100mN32015E42242;PO;NA;6;23;M;M;1824;NEP
057540036036-1353;057540036036;100mN32010E42279;MC;NA;2;54;M;F;5064;NEP
057540036036-1353;057540036036;100mN32010E42279;MC;NA;2;60;M;M;5064;UEP
057540036036-1354;057540036036;100mN31970E42278;MC;NA;2;34;M;M;3039;EMP
057540036036-1354;057540036036;100mN31970E42278;MC;NA;2;18;M;F;1824;NEP
057540036036-1355;057540036036;100mN31970E42278;PO;MIX;2;86;S;M;75XX;EMP
057540036036-1355;057540036036;100mN31970E42278;PO;MIX;2;45;S;M;4049;EMP
057540036036-1356;057540036036;100mN32007E42287;MC;MIX;3;66;M;M;6574;EMP
057540036036-1356;057540036036;100mN32007E42287;MC;MIX;3;63;M;M;5064;EMP
057540036036-1356;057540036036;100mN32007E42287;MC;MIX;3;54;M;F;5064;EMP
057540036036-1357;057540036036;100mN32009E42250;PO;NA;2;47;S;M;4049;NEP
057540036036-1357;057540036036;100mN32009E42250;PO;NA;2;41;S;M;4049;EMP
057540036036-1358;057540036036;100mN32006E42257;MC;NA;4;51;M;M;5064;EMP
057540036036-1358;057540036036;100mN32006E42257;MC;NA;4;42;M;F;4049;NEP
057540036036-1358;057540036036;100mN32006E42257;MC;NA;4;4;S;M;0305;NEP
057540036036-1358;057540036036;100mN32006E42257;MC;NA;4;7;S;F;0614;NEP
057540036036-1359;057540036036;100mN32006E42257;MC;NA;5;20;M;M;1824;EMP
057540036036-1359;057540036036;100mN32006E42257;MC;NA;5;18;M;F;1824;EMP
057540036036-1359;057540036036;100mN32006E42257;MC;NA;5;2;S;F;0003;NEP
057540036036-1359;057540036036;100mN32006E42257;MC;NA;5;4;S;M;0305;NEP
057540036036-1359;057540036036;100mN32006E42257;MC;NA;5;2;S;F;0003;NEP
057540036036-1360;057540036036;100mN32004E42259;SF;NA;2;66;S;F;6574;EMP
057540036036-1360;057540036036;100mN32004E42259;SF;NA;2;47;D;M;4049;EMP
057540036036-1361;057540036036;100mN32005E42277;S;NA;1;48;S;F;4049;EMP
057540036036-1362;057540036036;100mN32003E42260;MC;NA;2;28;M;M;2529;EMP
057540036036-1362;057540036036;100mN32003E42260;MC;NA;2;33;M;F;3039;NEP
057540036036-1363;057540036036;100mN31989E42264;MC;NA;3;42;M;F;4049;EMP
057540036036-1363;057540036036;100mN31989E42264;MC;NA;3;41;M;M;4049;EMP
057540036036-1363;057540036036;100mN31989E42264;MC;NA;3;16;S;M;1517;EMP
057540036036-1364;057540036036;100mN32015E42231;MC;NA;2;60;M;M;5064;EMP
057540036036-1364;057540036036;100mN32015E42231;MC;NA;2;60;M;F;5064;NEP
057540036036-1365;057540036036;100mN31988E42259;S;NA;1;25;M;F;2529;EMP
057540036036-1366;057540036036;100mN32018E42245;MC;OS;4;87;M;M;75XX;EMP
057540036036-1366;057540036036;100mN32018E42245;MC;OS;4;85;M;F;75XX;NEP
057540036036-1366;057540036036;100mN32018E42245;MC;OS;4;81;D;F;75XX;EMP
057540036036-1366;057540036036;100mN32018E42245;MC;OS;4;70;M;F;6574;EMP
057540036036-1367;057540036036;100mN32024E42240;S;NA;1;63;S;F;5064;EMP
057540036036-1368;057540036036;100mN32024E42240;MC;OS;2;81;M;F;75XX;NEP
057540036036-1368;057540036036;100mN32024E42240;MC;OS;2;85;M;M;75XX;NEP
057540036036-1369;057540036036;100mN31988E42258;S;NA;1;40;M;M;4049;EMP
057540036036-1370;057540036036;100mN32003E42254;MC;MIX;2;65;M;M;6574;EMP
057540036036-1370;057540036036;100mN32003E42254;MC;MIX;2;63;M;F;5064;NEP
057540036036-1371;057540036036;100mN32016E42243;MC;MIX;2;65;M;M;6574;NEP
057540036036-1371;057540036036;100mN32016E42243;MC;MIX;2;62;M;F;5064;EMP
057540036036-1372;057540036036;100mN31989E42259;S;NA;1;41;S;M;4049;NEP
057540036036-1373;057540036036;100mN32013E42238;S;NA;1;37;D;F;3039;EMP
057540036036-1374;057540036036;100mN31963E42306;S;NA;1;20;S;M;1824;EMP
057540036036-1375;057540036036;100mN32016E42243;MC;NA;2;47;M;M;4049;NEP
057540036036-1375;057540036036;100mN32016E42243;MC;NA;2;41;M;F;4049;NEP
057540036036-1376;057540036036;100mN31989E42258;PO;NA;3;35;S;F;3039;NEP
057540036036-1376;057540036036;100mN31989E42258;PO;NA;3;38;S;M;3039;EMP
057540036036-1376;057540036036;100mN31989E42258;PO;NA;3;6;S;M;0614;NEP
057540036036-1377;057540036036;100mN32016E42243;MC;NA;4;59;M;F;5064;NEP
057540036036-1377;057540036036;100mN32016E42243;MC;NA;4;62;M;M;5064;NEP
057540036036-1377;057540036036;100mN32016E42243;MC;NA;4;13;S;F;0614;NEP
057540036036-1377;057540036036;100mN32016E42243;MC;NA;4;43;M;M;4049;EMP
057540036036-1378;057540036036;100mN31996E42267;MC;NA;2;43;M;M;4049;EMP
057540036036-1378;057540036036;100mN31996E42267;MC;NA;2;37;M;F;3039;EMP
057540036036-1379;057540036036;100mN32016E42239;MC;MIX;2;78;M;M;75XX;EMP
057540036036-1379;057540036036;100mN32016E42239;MC;MIX;2;42;W;F;4049;NEP
057540036036-1380;057540036036;100mN32017E42244;MC;NA;4;42;M;F;4049;EMP
057540036036-1380;057540036036;100mN32017E42244;MC;NA;4;59;M;M;5064;EMP
057540036036-1380;057540036036;100mN32017E42244;MC;NA;4;26;S;M;2529;EMP
057540036036-1380;057540036036;100mN32017E42244;MC;NA;4;25;S;F;2529;EMP
057540036036-1381;057540036036;100mN31999E42255;MC;NA;4;42;M;F;4049;EMP
057540036036-1381;057540036036;100mN31999E42255;MC;NA;4;45;M;M;4049;EMP
057540036036-1381;057540036036;100mN31999E42255;MC;NA;4;3;S;M;0305;NEP
057540036036-1381;057540036036;100mN31999E42255;MC;NA;4;8;S;M;0614;NEP
057540036036-1382;057540036036;100mN32018E42252;PO;NA;2;58;S;M;5064;NEP
057540036036-1382;057540036036;100mN32018E42252;PO;NA;2;56;S;M;5064;NEP
057540036036-1383;057540036036;100mN31985E42270;S;NA;1;16;S;M;1517;EMP
057540036036-1384;057540036036;100mN31998E42259;MC;NA;2;21;M;F;1824;EMP
057540036036-1384;057540036036;100mN31998E42259;MC;NA;2;22;M;M;1824;EMP
057540036036-1385;057540036036;100mN32006E42289;PO;NA;3;22;S;M;1824;EMP
057540036036-1385;057540036036;100mN32006E42289;PO;NA;3;20;S;M;1824;NEP
057540036036-1385;057540036036;100mN32006E42289;PO;NA;3;6;S;M;0614;NEP
057540036036-1386;057540036036;100mN31997E42245;MC;NA;2;54;M;M;5064;EMP
057540036036-1386;057540036036;100mN31997E42245;MC;NA;2;48;M;F;4049;NEP
057540036036-1387;057540036036;100mN32000E42305;MC;MIX;3;66;M;F;6574;EMP
057540036036-1387;057540036036;100mN32000E42305;MC;MIX;3;32;M;M;3039;EMP
057540036036-1387;057540036036;100mN32000E42305;MC;MIX;3;28;M;F;2529;NEP
057540036036-1388;057540036036;100mN31962E42301;S;NA;1;41;S;M;4049;EMP
057540036036-1389;057540036036;100mN31977E42245;S;NA;1;47;M;M;4049;EMP
057540036036-1390;057540036036;100mN31977E42245;S;NA;1;28;S;F;2529;EMP
057540036036-1391;057540036036;100mN32005E42258;MC;NA;4;51;M;F;5064;EMP
057540036036-1391;057540036036;100mN32005E42258;MC;NA;4;44;M;M;4049;EMP
057540036036-1391;057540036036;100mN32005E42258;MC;NA;4;30;S;F;3039;NEP
057540036036-1391;057540036036;100mN32005E42258;MC;NA;4;16;S;M;1517;EMP
057540036036-1392;057540036036;100mN32024E42247;MC;NA;3;23;M;F;1824;NEP
057540036036-1392;057540036036;100mN32024E42247;MC;NA;3;28;M;M;2529;NEP
057540036036-1392;057540036036;100mN32024E42247;MC;NA;3;3;S;M;0305;NEP
057540036036-1393;057540036036;100mN31964E42308;MC;NA;4;48;M;F;4049;NEP
057540036036-1393;057540036036;100mN31964E42308;MC;NA;4;54;M;M;5064;EMP
057540036036-1393;057540036036;100mN31964E42308;MC;NA;4;10;S;M;0614;NEP
057540036036-1393;057540036036;100mN31964E42308;MC;NA;4;28;W;F;2529;EMP
057540036036-1394;057540036036;100mN32005E42290;SF;NA;2;62;D;F;5064;NEP
057540036036-1394;057540036036;100mN32005E42290;SF;NA;2;0;S;M;0003;NEP
057540036036-1395;057540036036;100mN31963E42302;MC;NA;3;53;M;F;5064;NEP
057540036036-1395;057540036036;100mN31963E42302;MC;NA;3;56;M;M;5064;EMP
057540036036-1395;057540036036;100mN31963E42302;MC;NA;3;12;S;M;0614;NEP
057540036036-1396;057540036036;100mN32013E42238;S;NA;1;37;D;F;3039;EMP
057540036036-1397;057540036036;100mN32001E42258;PO;NA;4;41;S;F;4049;EMP
057540036036-1397;057540036036;100mN32001E42258;PO;NA;4;33;S;M;3039;EMP
057540036036-1397;057540036036;100mN32001E42258;PO;NA;4;6;S;M;0614;NEP
057540036036-1397;057540036036;100mN32001E42258;PO;NA;4;3;S;M;0305;NEP
057540036036-1398;057540036036;100mN32016E42254;MC;MIX;3;71;S;M;6574;NEP
057540036036-1398;057540036036;100mN32016E42254;MC;MIX;3;52;M;M;5064;NEP
057540036036-1398;057540036036;100mN32016E42254;MC;MIX;3;50;M;F;5064;EMP
057540036036-1399;057540036036;100mN31988E42259;MC;NA;2;32;M;M;3039;EMP
057540036036-1399;057540036036;100mN31988E42259;MC;NA;2;32;M;F;3039;EMP
057540036036-1400;057540036036;100mN31962E42259;S;NA;1;37;S;M;3039;EMP
057540036036-1401;057540036036;100mN32016E42254;S;NA;1;52;M;F;5064;NEP
057540036036-1402;057540036036;100mN32016E42254;MC;NA;4;21;M;F;1824;NEP
057540036036-1402;057540036036;100mN32016E42254;MC;NA;4;23;M;M;1824;NEP
057540036036-1402;057540036036;100mN32016E42254;MC;NA;4;3;S;M;0305;NEP
057540036036-1402;057540036036;100mN32016E42254;MC;NA;4;6;S;M;0614;NEP
057540036036-1403;057540036036;100mN31989E42264;S;OS;1;25;M;F;2529;EMP
057540036036-1404;057540036036;100mN32016E42254;MC;OS;2;66;M;M;6574;EMP
057540036036-1404;057540036036;100mN32016E42254;MC;OS;2;65;M;F;6574;NEP
057540036036-1405;057540036036;100mN32000E42262;MC;NA;5;32;M;M;3039;EMP
057540036036-1405;057540036036;100mN32000E42262;MC;NA;5;33;M;F;3039;NEP
057540036036-1405;057540036036;100mN32000E42262;MC;NA;5;10;S;F;0614;NEP
057540036036-1405;057540036036;100mN32000E42262;MC;NA;5;8;S;M;0614;NEP
057540036036-1405;057540036036;100mN32000E42262;MC;NA;5;16;S;M;1517;EMP
057540036036-1406;057540036036;100mN32012E42243;MC;NA;2;56;M;F;5064;NEP
057540036036-1406;057540036036;100mN32012E42243;MC;NA;2;62;M;M;5064;NEP
057540036036-1407;057540036036;100mN32023E42251;S;NA;1;55;D;M;5064;EMP
057540036036-1408;057540036036;100mN32005E42260;S;OS;1;16;S;M;1517;EMP
057540036036-1409;057540036036;100mN32016E42254;SF;NA;2;33;D;F;3039;EMP
057540036036-1409;057540036036;100mN32016E42254;SF;NA;2;7;S;M;0614;NEP
057540036036-1410;057540036036;100mN31987E42271;MC;NA;6;48;M;M;4049;EMP
057540036036-1410;057540036036;100mN31987E42271;MC;NA;6;45;M;F;4049;EMP
057540036036-1410;057540036036;100mN31987E42271;MC;NA;6;31;M;M;3039;EMP
057540036036-1410;057540036036;100mN31987E42271;MC;NA;6;32;M;M;3039;EMP
057540036036-1410;057540036036;100mN31987E42271;MC;NA;6;11;S;M;0614;NEP
057540036036-1410;057540036036;100mN31987E42271;MC;NA;6;13;S;M;0614;NEP
057540036036-1411;057540036036;100mN32007E42287;SM;NA;4;77;D;M;75XX;NEP
057540036036-1411;057540036036;100mN32007E42287;SM;NA;4;9;S;M;0614;NEP
057540036036-1411;057540036036;100mN32007E42287;SM;NA;4;16;S;F;1517;EMP
057540036036-1411;057540036036;100mN32007E42287;SM;NA;4;50;M;F;5064;NEP
057540036036-1412;057540036036;100mN32005E42277;MC;NA;3;44;M;F;4049;EMP
057540036036-1412;057540036036;100mN32005E42277;MC;NA;3;46;M;M;4049;EMP
057540036036-1412;057540036036;100mN32005E42277;MC;NA;3;6;S;F;0614;NEP
057540036036-1413;057540036036;100mN31975E42300;S;OS;1;81;M;F;75XX;EMP
057540036036-1414;057540036036;100mN32020E42240;MC;NA;2;60;M;M;5064;NEP
057540036036-1414;057540036036;100mN32020E42240;MC;NA;2;51;M;F;5064;NEP
057540036036-1415;057540036036;100mN32017E42242;MC;NA;2;20;M;F;1824;EMP
057540036036-1415;057540036036;100mN32017E42242;MC;NA;2;22;M;M;1824;EMP
057540036036-1416;057540036036;100mN32017E42242;MC;NA;4;20;M;F;1824;NEP
057540036036-1416;057540036036;100mN32017E42242;MC;NA;4;22;M;M;1824;NEP
057540036036-1416;057540036036;100mN32017E42242;MC;NA;4;4;S;F;0305;NEP
057540036036-1416;057540036036;100mN32017E42242;MC;NA;4;0;S;M;0003;NEP
057540036036-1417;057540036036;100mN32017E42242;SF;NA;4;51;W;F;5064;NEP
057540036036-1417;057540036036;100mN32017E42242;SF;NA;4;11;S;M;0614;NEP
057540036036-1417;057540036036;100mN32017E42242;SF;NA;4;4;S;F;0305;NEP
057540036036-1417;057540036036;100mN32017E42242;SF;NA;4;21;S;M;1824;NEP
057540036036-1418;057540036036;100mN32017E42242;SF;NA;2;53;W;F;5064;EMP
057540036036-1418;057540036036;100mN32017E42242;SF;NA;2;21;M;F;1824;EMP
057540036036-1419;057540036036;100mN32018E42240;S;OS;1;53;M;F;5064;EMP
057540036036-1420;057540036036;100mN31997E42261;S;OS;1;55;D;F;5064;NEP
057540036036-1421;057540036036;100mN32017E42242;S;NA;1;47;S;F;4049;EMP
057540036036-1422;057540036036;100mN32008E42278;S;NA;1;70;D;M;6574;EMP
057540036036-1423;057540036036;100mN31986E42270;NA;MIX;4;59;S;M;5064;EMP
057540036036-1423;057540036036;100mN31986E42270;NA;MIX;4;16;S;F;1517;EMP
057540036036-1423;057540036036;100mN31986E42270;NA;MIX;4;28;M;M;2529;NEP
057540036036-1423;057540036036;100mN31986E42270;NA;MIX;4;42;M;M;4049;EMP
057540036036-1424;057540036036;100mN31992E42255;PO;OS;2;85;S;F;75XX;EMP
057540036036-1424;057540036036;100mN31992E42255;PO;OS;2;88;S;F;75XX;NEP
057540036036-1425;057540036036;100mN32008E42289;MC;NA;3;32;M;F;3039;NEP
057540036036-1425;057540036036;100mN32008E42289;MC;NA;3;33;M;M;3039;EMP
057540036036-1425;057540036036;100mN32008E42289;MC;NA;3;7;S;M;0614;NEP
057540036036-1426;057540036036;100mN32001E42290;MC;NA;3;32;M;M;3039;UEP
057540036036-1426;057540036036;100mN32001E42290;MC;NA;3;32;M;F;3039;EMP
057540036036-1426;057540036036;100mN32001E42290;MC;NA;3;9;S;M;0614;NEP
057540036036-1427;057540036036;100mN32017E42242;S;NA;1;63;S;F;5064;EMP
057540036036-1428;057540036036;100mN32017E42242;NA;NA;3;34;M;M;3039;NEP
057540036036-1428;057540036036;100mN32017E42242;NA;NA;3;79;M;F;75XX;NEP
057540036036-1428;057540036036;100mN32017E42242;NA;NA;3;51;D;F;5064;NEP
057540036036-1429;057540036036;100mN31963E42307;MC;MIX;3;69;D;F;6574;EMP
057540036036-1429;057540036036;100mN31963E42307;MC;MIX;3;34;M;F;3039;EMP
057540036036-1429;057540036036;100mN31963E42307;MC;MIX;3;35;M;M;3039;EMP
057540036036-1430;057540036036;100mN31996E42254;MC;OS;4;85;M;M;75XX;NEP
057540036036-1430;057540036036;100mN31996E42254;MC;OS;4;84;M;F;75XX;NEP
057540036036-1430;057540036036;100mN31996E42254;MC;OS;4;71;S;F;6574;EMP
057540036036-1430;057540036036;100mN31996E42254;MC;OS;4;73;W;F;6574;EMP
057540036036-1431;057540036036;100mN31999E42265;S;NA;1;41;D;F;4049;NEP
057540036036-1432;057540036036;100mN32007E42282;PO;NA;4;47;S;M;4049;NEP
057540036036-1432;057540036036;100mN32007E42282;PO;NA;4;38;S;M;3039;NEP
057540036036-1432;057540036036;100mN32007E42282;PO;NA;4;23;D;F;1824;EMP
057540036036-1432;057540036036;100mN32007E42282;PO;NA;4;8;S;M;0614;NEP
057540036036-1433;057540036036;100mN32022E42252;MC;NA;2;58;M;F;5064;NEP
057540036036-1433;057540036036;100mN32022E42252;MC;NA;2;63;M;M;5064;UEP
057540036036-1434;057540036036;100mN32017E42245;MC;MIX;4;85;M;F;75XX;NEP
057540036036-1434;057540036036;100mN32017E42245;MC;MIX;4;19;M;F;1824;NEP
057540036036-1434;057540036036;100mN32017E42245;MC;MIX;4;19;M;M;1824;EMP
057540036036-1434;057540036036;100mN32017E42245;MC;MIX;4;0;S;M;0003;NEP
057540036036-1435;057540036036;100mN31988E42258;S;OS;1;56;M;F;5064;EMP
057540036036-1436;057540036036;100mN31988E42258;MC;NA;2;47;M;M;4049;NEP
057540036036-1436;057540036036;100mN31988E42258;MC;NA;2;47;M;F;4049;NEP
057540036036-1437;057540036036;100mN32002E42275;PO;NA;4;47;S;M;4049;EMP
057540036036-1437;057540036036;100mN32002E42275;PO;NA;4;54;S;M;5064;EMP
057540036036-1437;057540036036;100mN32002E42275;PO;NA;4;26;S;M;2529;EMP
057540036036-1437;057540036036;100mN32002E42275;PO;NA;4;32;M;M;3039;EMP
057540036036-1438;057540036036;100mN31988E42258;SM;NA;3;16;S;M;1517;EMP
057540036036-1438;057540036036;100mN31988E42258;SM;NA;3;0;S;F;0003;NEP
057540036036-1438;057540036036;100mN31988E42258;SM;NA;3;0;S;F;0003;NEP
057540036036-1439;057540036036;100mN31988E42258;S;NA;1;40;M;M;4049;EMP
057540036036-1440;057540036036;100mN31988E42258;MC;NA;2;45;M;M;4049;NEP
057540036036-1440;057540036036;100mN31988E42258;MC;NA;2;41;M;F;4049;EMP
057540036036-1441;057540036036;100mN31988E42258;MC;OS;3;69;M;M;6574;EMP
057540036036-1441;057540036036;100mN31988E42258;MC;OS;3;70;M;F;6574;EMP
057540036036-1441;057540036036;100mN31988E42258;MC;OS;3;82;S;M;75XX;NEP
057540036036-1442;057540036036;100mN32013E42239;MC;OS;3;85;M;M;75XX;EMP
057540036036-1442;057540036036;100mN32013E42239;MC;OS;3;83;M;F;75XX;NEP
057540036036-1442;057540036036;100mN32013E42239;MC;OS;3;66;S;F;6574;EMP
057540036036-1443;057540036036;100mN31991E42257;S;NA;1;55;S;M;5064;EMP
057540036036-1444;057540036036;100mN31963E42301;PO;NA;6;31;S;M;3039;NEP
057540036036-1444;057540036036;100mN31963E42301;PO;NA;6;31;S;F;3039;NEP
057540036036-1444;057540036036;100mN31963E42301;PO;NA;6;6;S;M;0614;NEP
057540036036-1444;057540036036;100mN31963E42301;PO;NA;6;12;S;M;0614;NEP
057540036036-1444;057540036036;100mN31963E42301;PO;NA;6;15;S;F;1517;NEP
057540036036-1444;057540036036;100mN31963E42301;PO;NA;6;12;S;F;0614;NEP
057540036036-1445;057540036036;100mN32013E42239;MC;NA;2;35;M;F;3039;NEP
057540036036-1445;057540036036;100mN32013E42239;MC;NA;2;32;M;M;3039;NEP
057540036036-1446;057540036036;100mN32013E42239;PO;NA;2;45;S;M;4049;EMP
057540036036-1446;057540036036;100mN32013E42239;PO;NA;2;37;S;M;3039;EMP
057540036036-1447;057540036036;100mN32017E42256;S;NA;1;69;D;F;6574;EMP
057540036036-1448;057540036036;100mN32019E42245;MC;OS;3;87;M;F;75XX;NEP
057540036036-1448;057540036036;100mN32019E42245;MC;OS;3;18;S;M;1824;EMP
057540036036-1448;057540036036;100mN32019E42245;MC;OS;3;68;M;M;6574;EMP
057540036036-1449;057540036036;100mN31970E42256;S;OS;1;54;S;M;5064;EMP
057540036036-1450;057540036036;100mN32015E42244;S;NA;1;40;S;M;4049;NEP
057540036036-1451;057540036036;100mN32015E42244;MC;OS;2;71;M;F;6574;NEP
057540036036-1451;057540036036;100mN32015E42244;MC;OS;2;75;M;M;75XX;EMP
057540036036-1452;057540036036;100mN32015E42244;SF;NA;3;20;D;F;1824;NEP
057540036036-1452;057540036036;100mN32015E42244;SF;NA;3;2;S;F;0003;NEP
057540036036-1452;057540036036;100mN32015E42244;SF;NA;3;1;S;F;0003;NEP
057540036036-1453;057540036036;100mN32015E42244;S;NA;1;51;W;M;5064;EMP
057540036036-1454;057540036036;100mN32018E42237;PO;NA;3;48;S;F;4049;EMP
057540036036-1454;057540036036;100mN32018E42237;PO;NA;3;53;S;F;5064;EMP
057540036036-1454;057540036036;100mN32018E42237;PO;NA;3;30;D;F;3039;EMP
057540036036-1455;057540036036;100mN32020E42242;S;NA;1;69;W;F;6574;EMP
057540036036-1456;057540036036;100mN32015E42244;MC;NA;4;48;M;M;4049;NEP
057540036036-1456;057540036036;100mN32015E42244;MC;NA;4;57;M;F;5064;EMP
057540036036-1456;057540036036;100mN32015E42244;MC;NA;4;30;W;F;3039;NEP
057540036036-1456;057540036036;100mN32015E42244;MC;NA;4;8;S;F;0614;NEP
057540036036-1457;057540036036;100mN31962E42308;S;NA;1;48;W;F;4049;EMP
057540036036-1458;057540036036;100mN32015E42244;MC;NA;4;51;M;M;5064;EMP
057540036036-1458;057540036036;100mN32015E42244;MC;NA;4;46;M;F;4049;NEP
057540036036-1458;057540036036;100mN32015E42244;MC;NA;4;26;M;F;2529;EMP
057540036036-1458;057540036036;100mN32015E42244;MC;NA;4;10;S;F;0614;NEP
057540036036-1459;057540036036;100mN31991E42255;MC;NA;3;26;M;F;2529;NEP
057540036036-1459;057540036036;100mN31991E42255;MC;NA;3;28;M;M;2529;EMP
057540036036-1459;057540036036;100mN31991E42255;MC;NA;3;4;S;F;0305;NEP
057540036036-1460;057540036036;100mN32015E42244;PO;NA;2;23;S;M;1824;NEP
057540036036-1460;057540036036;100mN32015E42244;PO;NA;2;23;S;F;1824;EMP
057540036036-1461;057540036036;100mN31972E42261;S;NA;1;59;S;M;5064;EMP
057540036036-1462;057540036036;100mN32019E42256;MC;MIX;3;76;W;M;75XX;NEP
057540036036-1462;057540036036;100mN32019E42256;MC;MIX;3;31;M;M;3039;EMP
057540036036-1462;057540036036;100mN32019E42256;MC;MIX;3;32;M;F;3039;EMP
057540036036-1463;057540036036;100mN31991E42264;PO;OS;3;84;S;F;75XX;EMP
057540036036-1463;057540036036;100mN31991E42264;PO;OS;3;88;S;M;75XX;EMP
057540036036-1463;057540036036;100mN31991E42264;PO;OS;3;73;S;M;6574;EMP
057540036036-1464;057540036036;100mN32018E42289;MC;NA;2;51;M;M;5064;EMP
057540036036-1464;057540036036;100mN32018E42289;MC;NA;2;48;M;F;4049;NEP
057540036036-1465;057540036036;100mN32007E42255;MC;NA;3;59;M;M;5064;EMP
057540036036-1465;057540036036;100mN32007E42255;MC;NA;3;59;M;F;5064;EMP
057540036036-1465;057540036036;100mN32007E42255;MC;NA;3;34;D;F;3039;NEP
057540036036-1466;057540036036;100mN32009E42286;S;NA;1;51;M;M;5064;EMP
057540036036-1467;057540036036;100mN32015E42249;PO;MIX;3;68;M;F;6574;EMP
057540036036-1467;057540036036;100mN32015E42249;PO;MIX;3;48;S;F;4049;EMP
057540036036-1467;057540036036;100mN32015E42249;PO;MIX;3;55;S;F;5064;EMP
057540036036-1468;057540036036;100mN32001E42289;S;NA;1;70;M;M;6574;EMP
057540036036-1469;057540036036;100mN31994E42260;MC;NA;4;43;M;M;4049;NEP
057540036036-1469;057540036036;100mN31994E42260;MC;NA;4;40;M;F;4049;EMP
057540036036-1469;057540036036;100mN31994E42260;MC;NA;4;4;S;M;0305;NEP
057540036036-1469;057540036036;100mN31994E42260;MC;NA;4;28;S;F;2529;EMP
057540036036-1470;057540036036;100mN31991E42264;MC;OS;2;66;M;M;6574;EMP
057540036036-1470;057540036036;100mN31991E42264;MC;OS;2;66;M;F;6574;EMP
057540036036-1471;057540036036;100mN31999E42255;MC;MIX;4;71;W;M;6574;UEP
057540036036-1471;057540036036;100mN31999E42255;MC;MIX;4;43;M;M;4049;EMP
057540036036-1471;057540036036;100mN31999E42255;MC;MIX;4;38;M;F;3039;NEP
057540036036-1471;057540036036;100mN31999E42255;MC;MIX;4;16;S;M;1517;EMP
057540036036-1472;057540036036;100mN31991E42264;MC;NA;4;62;M;M;5064;EMP
057540036036-1472;057540036036;100mN31991E42264;MC;NA;4;56;M;F;5064;EMP
057540036036-1472;057540036036;100mN31991E42264;MC;NA;4;16;S;F;1517;NEP
057540036036-1472;057540036036;100mN31991E42264;MC;NA;4;10;S;F;0614;NEP
057540036036-1473;057540036036;100mN31965E42308;S;NA;1;66;S;M;6574;NEP
057540036036-1474;057540036036;100mN31965E42308;MC;NA;6;46;M;F;4049;NEP
057540036036-1474;057540036036;100mN31965E42308;MC;NA;6;44;M;M;4049;EMP
057540036036-1474;057540036036;100mN31965E42308;MC;NA;6;7;S;M;0614;NEP
057540036036-1474;057540036036;100mN31965E42308;MC;NA;6;12;S;M;0614;NEP
057540036036-1474;057540036036;100mN31965E42308;MC;NA;6;31;M;M;3039;EMP
057540036036-1474;057540036036;100mN31965E42308;MC;NA;6;15;S;F;1517;EMP
057540036036-1475;057540036036;100mN32001E42287;PO;NA;4;62;S;M;5064;EMP
057540036036-1475;057540036036;100mN32001E42287;PO;NA;4;59;S;M;5064;EMP
057540036036-1475;057540036036;100mN32001E42287;PO;NA;4;35;S;F;3039;EMP
057540036036-1475;057540036036;100mN32001E42287;PO;NA;4;31;W;F;3039;NEP
057540036036-1476;057540036036;100mN32003E42254;MC;MIX;2;65;M;M;6574;EMP
057540036036-1476;057540036036;100mN32003E42254;MC;MIX;2;63;M;F;5064;NEP
057540036036-1477;057540036036;100mN32004E42278;MC;NA;2;36;M;F;3039;EMP
057540036036-1477;057540036036;100mN32004E42278;MC;NA;2;18;M;M;1824;UEP
057540036036-1478;057540036036;100mN32016E42242;S;OS;1;19;M;F;1824;EMP
057540036036-1479;057540036036;100mN31990E42276;SF;NA;2;59;S;F;5064;EMP
057540036036-1479;057540036036;100mN31990E42276;SF;NA;2;10;S;F;0614;NEP
057540036036-1480;057540036036;100mN31963E42301;PO;MIX;2;79;S;F;75XX;NEP
057540036036-1480;057540036036;100mN31963E42301;PO;MIX;2;13;S;F;0614;NEP
057540036036-1481;057540036036;100mN32004E42286;MC;NA;4;48;M;M;4049;EMP
057540036036-1481;057540036036;100mN32004E42286;MC;NA;4;51;M;F;5064;EMP
057540036036-1481;057540036036;100mN32004E42286;MC;NA;4;4;S;F;0305;NEP
057540036036-1481;057540036036;100mN32004E42286;MC;NA;4;15;S;F;1517;EMP
057540036036-1482;057540036036;100mN32016E42242;MC;NA;3;38;M;M;3039;EMP
057540036036-1482;057540036036;100mN32016E42242;MC;NA;3;37;M;F;3039;EMP
057540036036-1482;057540036036;100mN32016E42242;MC;NA;3;18;M;F;1824;NEP
057540036036-1483;057540036036;100mN32018E42250;MC;NA;3;60;M;F;5064;NEP
057540036036-1483;057540036036;100mN32018E42250;MC;NA;3;62;M;M;5064;EMP
057540036036-1483;057540036036;100mN32018E42250;MC;NA;3;40;W;M;4049;EMP
057540036036-1484;057540036036;100mN32019E42242;MC;NA;2;42;M;F;4049;EMP
057540036036-1484;057540036036;100mN32019E42242;MC;NA;2;42;M;M;4049;EMP
057540036036-1485;057540036036;100mN31965E42278;S;OS;1;77;W;M;75XX;NEP
057540036036-1486;057540036036;100mN32016E42242;MC;MIX;3;72;M;M;6574;EMP
057540036036-1486;057540036036;100mN32016E42242;MC;MIX;3;53;M;F;5064;NEP
057540036036-1486;057540036036;100mN32016E42242;MC;MIX;3;58;M;M;5064;NEP
057540036036-1487;057540036036;100mN32016E42246;MC;MIX;2;67;M;F;6574;EMP
057540036036-1487;057540036036;100mN32016E42246;MC;MIX;2;40;S;F;4049;EMP
057540036036-1488;057540036036;100mN32016E42242;MC;NA;2;38;M;F;3039;NEP
057540036036-1488;057540036036;100mN32016E42242;MC;NA;2;40;M;M;4049;EMP
057540036036-1489;057540036036;100mN31998E42255;NA;NA;2;67;M;F;6574;EMP
057540036036-1489;057540036036;100mN31998E42255;NA;NA;2;19;W;F;1824;EMP
057540036036-1490;057540036036;100mN32016E42242;S;NA;1;69;S;F;6574;EMP
057540036036-1491;057540036036;100mN32012E42284;S;OS;1;41;M;M;4049;EMP
057540036036-1492;057540036036;100mN32016E42242;S;NA;1;38;W;F;3039;EMP
057540036036-1493;057540036036;100mN32016E42242;MC;NA;3;46;M;M;4049;EMP
057540036036-1493;057540036036;100mN32016E42242;MC;NA;3;41;M;F;4049;EMP
057540036036-1493;057540036036;100mN32016E42242;MC;NA;3;27;M;F;2529;NEP
057540036036-1494;057540036036;100mN32020E42250;SF;NA;3;35;S;F;3039;NEP
057540036036-1494;057540036036;100mN32020E42250;SF;NA;3;20;S;M;1824;EMP
057540036036-1494;057540036036;100mN32020E42250;SF;NA;3;6;S;M;0614;NEP
057540036036-1495;057540036036;100mN32016E42242;MC;NA;4;53;M;F;5064;NEP
057540036036-1495;057540036036;100mN32016E42242;MC;NA;4;56;M;M;5064;EMP
057540036036-1495;057540036036;100mN32016E42242;MC;NA;4;3;S;M;0305;NEP
057540036036-1495;057540036036;100mN32016E42242;MC;NA;4;12;S;M;0614;NEP
057540036036-1496;057540036036;100mN32016E42242;MC;NA;4;51;M;M;5064;EMP
057540036036-1496;057540036036;100mN32016E42242;MC;NA;4;46;M;F;4049;EMP
057540036036-1496;057540036036;100mN32016E42242;MC;NA;4;12;S;M;0614;NEP
057540036036-1496;057540036036;100mN32016E42242;MC;NA;4;13;S;M;0614;NEP
057540036036-1497;057540036036;100mN32012E42291;S;NA;1;16;S;M;1517;EMP
057540036036-1498;057540036036;100mN31984E42268;S;NA;1;67;M;F;6574;EMP
057540036036-1499;057540036036;100mN32005E42289;S;NA;1;52;W;F;5064;EMP
057540036036-1500;057540036036;100mN31976E42251;MC;MIX;4;65;M;F;6574;EMP
057540036036-1500;057540036036;100mN31976E42251;MC;MIX;4;46;M;M;4049;EMP
057540036036-1500;057540036036;100mN31976E42251;MC;MIX;4;44;M;F;4049;NEP
057540036036-1500;057540036036;100mN31976E42251;MC;MIX;4;8;S;F;0614;NEP
057540036036-1501;057540036036;100mN31984E42268;MC;NA;4;62;M;F;5064;NEP
057540036036-1501;057540036036;100mN31984E42268;MC;NA;4;63;M;M;5064;NEP
057540036036-1501;057540036036;100mN31984E42268;MC;NA;4;35;W;F;3039;EMP
057540036036-1501;057540036036;100mN31984E42268;MC;NA;4;11;S;F;0614;NEP
057540036036-1502;057540036036;100mN31976E42288;PO;NA;3;48;S;M;4049;NEP
057540036036-1502;057540036036;100mN31976E42288;PO;NA;3;41;S;M;4049;NEP
057540036036-1502;057540036036;100mN31976E42288;PO;NA;3;10;S;M;0614;NEP
057540036036-1503;057540036036;100mN31976E42288;MC;NA;3;45;M;M;4049;EMP
057540036036-1503;057540036036;100mN31976E42288;MC;NA;3;42;M;F;4049;EMP
057540036036-1503;057540036036;100mN31976E42288;MC;NA;3;22;S;M;1824;EMP
057540036036-1504;057540036036;100mN31976E42248;PO;OS;2;65;S;F;6574;EMP
057540036036-1504;057540036036;100mN31976E42248;PO;OS;2;67;S;F;6574;NEP
057540036036-1505;057540036036;100mN32016E42239;MC;NA;4;60;M;M;5064;EMP
057540036036-1505;057540036036;100mN32016E42239;MC;NA;4;62;M;F;5064;NEP
057540036036-1505;057540036036;100mN32016E42239;MC;NA;4;0;S;F;0003;NEP
057540036036-1505;057540036036;100mN32016E42239;MC;NA;4;8;S;M;0614;NEP
057540036036-1506;057540036036;100mN32016E42239;MC;OS;3;89;M;M;75XX;EMP
057540036036-1506;057540036036;100mN32016E42239;MC;OS;3;88;M;F;75XX;NEP
057540036036-1506;057540036036;100mN32016E42239;MC;OS;3;88;M;F;75XX;EMP
057540036036-1507;057540036036;100mN31961E42299;SF;NA;2;20;W;F;1824;EMP
057540036036-1507;057540036036;100mN31961E42299;SF;NA;2;4;S;M;0305;NEP
057540036036-1508;057540036036;100mN32016E42239;MC;MIX;2;78;M;M;75XX;EMP
057540036036-1508;057540036036;100mN32016E42239;MC;MIX;2;42;W;F;4049;NEP
057540036036-1509;057540036036;100mN32001E42295;S;NA;1;60;S;F;5064;EMP
057540036036-1510;057540036036;100mN32016E42239;S;NA;1;31;M;F;3039;EMP
057540036036-1511;057540036036;100mN31996E42262;MC;NA;2;22;M;F;1824;NEP
057540036036-1511;057540036036;100mN31996E42262;MC;NA;2;18;M;M;1824;EMP
057540036036-1512;057540036036;100mN31994E42268;MC;OS;3;70;M;F;6574;EMP
057540036036-1512;057540036036;100mN31994E42268;MC;OS;3;70;M;M;6574;EMP
057540036036-1512;057540036036;100mN31994E42268;MC;OS;3;69;S;M;6574;EMP
057540036036-1513;057540036036;100mN31989E42258;MC;OS;4;66;M;M;6574;EMP
057540036036-1513;057540036036;100mN31989E42258;MC;OS;4;87;M;F;75XX;EMP
057540036036-1513;057540036036;100mN31989E42258;MC;OS;4;68;S;F;6574;EMP
057540036036-1513;057540036036;100mN31989E42258;MC;OS;4;80;D;F;75XX;EMP
057540036036-1514;057540036036;100mN32012E42249;MC;MIX;3;70;D;M;6574;EMP
057540036036-1514;057540036036;100mN32012E42249;MC;MIX;3;40;M;F;4049;NEP
057540036036-1514;057540036036;100mN32012E42249;MC;MIX;3;43;M;M;4049;EMP
057540036036-1515;057540036036;100mN32016E42239;SF;NA;2;69;S;F;6574;EMP
057540036036-1515;057540036036;100mN32016E42239;SF;NA;2;8;S;F;0614;NEP
057540036036-1516;057540036036;100mN32003E42287;S;NA;1;51;D;M;5064;EMP
057540036036-1517;057540036036;100mN31953E42244;PO;OS;3;72;S;F;6574;EMP
057540036036-1517;057540036036;100mN31953E42244;PO;OS;3;76;S;M;75XX;NEP
057540036036-1517;057540036036;100mN31953E42244;PO;OS;3;71;S;M;6574;EMP
057540036036-1518;057540036036;100mN31990E42263;MC;OS;2;87;M;F;75XX;NEP
057540036036-1518;057540036036;100mN31990E42263;MC;OS;2;41;D;F;4049;EMP
057540036036-1519;057540036036;100mN32005E42281;MC;NA;5;37;M;F;3039;EMP
057540036036-1519;057540036036;100mN32005E42281;MC;NA;5;40;M;M;4049;EMP
057540036036-1519;057540036036;100mN32005E42281;MC;NA;5;13;S;F;0614;NEP
057540036036-1519;057540036036;100mN32005E42281;MC;NA;5;7;S;F;0614;NEP
057540036036-1519;057540036036;100mN32005E42281;MC;NA;5;18;W;F;1824;NEP
057540036036-1520;057540036036;100mN31988E42263;MC;NA;2;27;M;M;2529;EMP
057540036036-1520;057540036036;100mN31988E42263;MC;NA;2;42;M;F;4049;NEP
057540036036-1521;057540036036;100mN32012E42248;MC;MIX;4;83;S;M;75XX;EMP
057540036036-1521;057540036036;100mN32012E42248;MC;MIX;4;32;M;M;3039;NEP
057540036036-1521;057540036036;100mN32012E42248;MC;MIX;4;38;M;F;3039;EMP
057540036036-1521;057540036036;100mN32012E42248;MC;MIX;4;13;S;M;0614;NEP
057540036036-1522;057540036036;100mN32014E42239;SM;NA;2;60;S;M;5064;NEP
057540036036-1522;057540036036;100mN32014E42239;SM;NA;2;45;W;F;4049;EMP
057540036036-1523;057540036036;100mN32017E42245;SF;NA;3;32;S;F;3039;EMP
057540036036-1523;057540036036;100mN32017E42245;SF;NA;3;7;S;F;0614;NEP
057540036036-1523;057540036036;100mN32017E42245;SF;NA;3;3;S;M;0305;NEP
057540036036-1524;057540036036;100mN31957E42262;S;OS;1;45;M;F;4049;EMP
057540036036-1525;057540036036;100mN31957E42262;MC;NA;2;56;M;F;5064;EMP
057540036036-1525;057540036036;100mN31957E42262;MC;NA;2;50;M;M;5064;EMP
057540036036-1526;057540036036;100mN32015E42248;MC;NA;2;35;M;F;3039;EMP
057540036036-1526;057540036036;100mN32015E42248;MC;NA;2;36;M;M;3039;EMP
057540036036-1527;057540036036;100mN31988E42273;SF;NA;4;59;W;F;5064;NEP
057540036036-1527;057540036036;100mN31988E42273;SF;NA;4;1;S;F;0003;NEP
057540036036-1527;057540036036;100mN31988E42273;SF;NA;4;4;S;F;0305;NEP
057540036036-1527;057540036036;100mN31988E42273;SF;NA;4;10;S;F;0614;NEP
057540036036-1528;057540036036;100mN32004E42253;MC;NA;4;42;M;F;4049;NEP
057540036036-1528;057540036036;100mN32004E42253;MC;NA;4;42;M;M;4049;NEP
057540036036-1528;057540036036;100mN32004E42253;MC;NA;4;27;W;F;2529;EMP
057540036036-1528;057540036036;100mN32004E42253;MC;NA;4;19;S;M;1824;EMP
057540036036-1529;057540036036;100mN32019E42242;MC;NA;2;42;M;F;4049;EMP
057540036036-1529;057540036036;100mN32019E42242;MC;NA;2;42;M;M;4049;EMP
057540036036-1530;057540036036;100mN32010E42287;MC;OS;2;71;M;F;6574;NEP
057540036036-1530;057540036036;100mN32010E42287;MC;OS;2;68;M;M;6574;EMP
057540036036-1531;057540036036;100mN32003E42255;SF;NA;2;28;D;F;2529;NEP
057540036036-1531;057540036036;100mN32003E42255;SF;NA;2;3;S;F;0305;NEP
057540036036-1532;057540036036;100mN31996E42267;PO;NA;2;47;S;F;4049;NEP
057540036036-1532;057540036036;100mN31996E42267;PO;NA;2;55;S;M;5064;EMP
057540036036-1533;057540036036;100mN31976E42248;S;NA;1;63;S;F;5064;EMP
057540036036-1534;057540036036;100mN31973E42255;NA;NA;6;40;S;M;4049;EMP
057540036036-1534;057540036036;100mN31973E42255;NA;NA;6;62;M;F;5064;EMP
057540036036-1534;057540036036;100mN31973E42255;NA;NA;6;47;M;M;4049;EMP
057540036036-1534;057540036036;100mN31973E42255;NA;NA;6;52;W;F;5064;NEP
057540036036-1534;057540036036;100mN31973E42255;NA;NA;6;38;W;F;3039;EMP
057540036036-1534;057540036036;100mN31973E42255;NA;NA;6;41;W;F;4049;NEP
057540036036-1535;057540036036;100mN31998E42275;SF;NA;4;69;W;F;6574;EMP
057540036036-1535;057540036036;100mN31998E42275;SF;NA;4;13;S;M;0614;NEP
057540036036-1535;057540036036;100mN31998E42275;SF;NA;4;41;D;M;4049;EMP
057540036036-1535;057540036036;100mN31998E42275;SF;NA;4;3;S;F;0305;NEP
057540036036-1536;057540036036;100mN32000E42259;PO;NA;2;51;S;M;5064;NEP
057540036036-1536;057540036036;100mN32000E42259;PO;NA;2;48;S;M;4049;EMP
057540036036-1537;057540036036;100mN32000E42259;PO;NA;3;55;S;F;5064;EMP
057540036036-1537;057540036036;100mN32000E42259;PO;NA;3;63;S;F;5064;NEP
057540036036-1537;057540036036;100mN32000E42259;PO;NA;3;13;S;M;0614;NEP
057540036036-1538;057540036036;100mN32019E42248;SF;NA;4;53;S;F;5064;EMP
057540036036-1538;057540036036;100mN32019E42248;SF;NA;4;20;M;F;1824;NEP
057540036036-1538;057540036036;100mN32019E42248;SF;NA;4;7;S;M;0614;NEP
057540036036-1538;057540036036;100mN32019E42248;SF;NA;4;16;S;F;1517;EMP
057540036036-1539;057540036036;100mN32010E42279;MC;MIX;3;68;D;F;6574;EMP
057540036036-1539;057540036036;100mN32010E42279;MC;MIX;3;59;M;M;5064;NEP
057540036036-1539;057540036036;100mN32010E42279;MC;MIX;3;58;M;F;5064;EMP
057540036036-1540;057540036036;100mN31973E42268;MC;OS;2;89;M;F;75XX;NEP
057540036036-1540;057540036036;100mN31973E42268;MC;OS;2;46;S;M;4049;NEP
057540036036-1541;057540036036;100mN31996E42278;MC;OS;4;67;M;F;6574;EMP
057540036036-1541;057540036036;100mN31996E42278;MC;OS;4;69;M;M;6574;EMP
057540036036-1541;057540036036;100mN31996E42278;MC;OS;4;72;M;F;6574;NEP
057540036036-1541;057540036036;100mN31996E42278;MC;OS;4;72;D;F;6574;EMP
057540036036-1542;057540036036;100mN32006E42279;MC;NA;3;30;M;M;3039;EMP
057540036036-1542;057540036036;100mN32006E42279;MC;NA;3;25;M;F;2529;NEP
057540036036-1542;057540036036;100mN32006E42279;MC;NA;3;15;S;M;1517;EMP
057540036036-1543;057540036036;100mN31964E42308;PO;NA;6;61;S;M;5064;EMP
057540036036-1543;057540036036;100mN31964E42308;PO;NA;6;62;S;F;5064;EMP
057540036036-1543;057540036036;100mN31964E42308;PO;NA;6;3;S;M;0305;NEP
057540036036-1543;057540036036;100mN31964E42308;PO;NA;6;31;M;M;3039;EMP
057540036036-1543;057540036036;100mN31964E42308;PO;NA;6;3;S;F;0305;NEP
057540036036-1543;057540036036;100mN31964E42308;PO;NA;6;7;S;M;0614;NEP
057540036036-1544;057540036036;100mN31974E42268;S;NA;1;35;M;M;3039;EMP
057540036036-1545;057540036036;100mN31985E42281;MC;NA;3;57;M;M;5064;EMP
057540036036-1545;057540036036;100mN31985E42281;MC;NA;3;56;M;F;5064;EMP
057540036036-1545;057540036036;100mN31985E42281;MC;NA;3;8;S;M;0614;NEP
057540036036-1546;057540036036;100mN31974E42268;MC;NA;4;43;M;M;4049;EMP
057540036036-1546;057540036036;100mN31974E42268;MC;NA;4;37;M;F;3039;EMP
057540036036-1546;057540036036;100mN31974E42268;MC;NA;4;8;S;F;0614;NEP
057540036036-1546;057540036036;100mN31974E42268;MC;NA;4;28;M;M;2529;NEP
057540036036-1547;057540036036;100mN31988E42268;S;NA;1;19;M;M;1824;EMP
057540036036-1548;057540036036;100mN31979E42257;MC;NA;4;46;M;M;4049;EMP
057540036036-1548;057540036036;100mN31979E42257;MC;NA;4;52;M;F;5064;EMP
057540036036-1548;057540036036;100mN31979E42257;MC;NA;4;26;W;M;2529;EMP
057540036036-1548;057540036036;100mN31979E42257;MC;NA;4;1;S;M;0003;NEP
057540036036-1549;057540036036;100mN32016E42289;SF;NA;4;40;S;F;4049;NEP
057540036036-1549;057540036036;100mN32016E42289;SF;NA;4;13;S;M;0614;NEP
057540036036-1549;057540036036;100mN32016E42289;SF;NA;4;22;D;F;1824;EMP
057540036036-1549;057540036036;100mN32016E42289;SF;NA;4;11;S;M;0614;NEP
057540036036-1550;057540036036;100mN31949E42247;SF;NA;5;48;S;F;4049;NEP
057540036036-1550;057540036036;100mN31949E42247;SF;NA;5;23;S;M;1824;EMP
057540036036-1550;057540036036;100mN31949E42247;SF;NA;5;2;S;M;0003;NEP
057540036036-1550;057540036036;100mN31949E42247;SF;NA;5;9;S;F;0614;NEP
057540036036-1550;057540036036;100mN31949E42247;SF;NA;5;8;S;M;0614;NEP
057540036036-1551;057540036036;100mN32022E42251;MC;NA;3;48;M;F;4049;NEP
057540036036-1551;057540036036;100mN32022E42251;MC;NA;3;43;M;M;4049;NEP
057540036036-1551;057540036036;100mN32022E42251;MC;NA;3;13;S;F;0614;NEP
057540036036-1552;057540036036;100mN31972E42243;MC;OS;3;77;M;F;75XX;NEP
057540036036-1552;057540036036;100mN31972E42243;MC;OS;3;80;M;M;75XX;EMP
057540036036-1552;057540036036;100mN31972E42243;MC;OS;3;70;M;M;6574;NEP
057540036036-1553;057540036036;100mN31997E42262;S;NA;1;50;M;M;5064;EMP
057540036036-1554;057540036036;100mN32021E42254;S;NA;1;83;S;F;75XX;NEP
057540036036-1555;057540036036;100mN32015E42302;SF;NA;3;30;W;F;3039;EMP
057540036036-1555;057540036036;100mN32015E42302;SF;NA;3;2;S;M;0003;NEP
057540036036-1555;057540036036;100mN32015E42302;SF;NA;3;8;S;M;0614;NEP
057540036036-1556;057540036036;100mN32021E42248;MC;NA;3;45;M;F;4049;EMP
057540036036-1556;057540036036;100mN32021E42248;MC;NA;3;41;M;M;4049;EMP
057540036036-1556;057540036036;100mN32021E42248;MC;NA;3;10;S;M;0614;NEP
057540036036-1557;057540036036;100mN31963E42303;NA;MIX;3;55;S;M;5064;EMP
057540036036-1557;057540036036;100mN31963E42303;NA;MIX;3;42;M;F;4049;NEP
057540036036-1557;057540036036;100mN31963E42303;NA;MIX;3;84;D;F;75XX;NEP
057540036036-1558;057540036036;100mN32008E42281;S;NA;1;50;W;M;5064;EMP
057540036036-1559;057540036036;100mN31997E42262;SF;NA;5;77;D;F;75XX;EMP
057540036036-1559;057540036036;100mN31997E42262;SF;NA;5;16;S;F;1517;EMP
057540036036-1559;057540036036;100mN31997E42262;SF;NA;5;59;M;F;5064;NEP
057540036036-1559;057540036036;100mN31997E42262;SF;NA;5;9;S;F;0614;NEP
057540036036-1559;057540036036;100mN31997E42262;SF;NA;5;2;S;M;0003;NEP
057540036036-1560;057540036036;100mN32012E42226;MC;OS;2;68;M;M;6574;EMP
057540036036-1560;057540036036;100mN32012E42226;MC;OS;2;86;M;F;75XX;EMP
057540036036-1561;057540036036;100mN32020E42250;MC;NA;4;61;M;F;5064;NEP
057540036036-1561;057540036036;100mN32020E42250;MC;NA;4;62;M;M;5064;EMP
057540036036-1561;057540036036;100mN32020E42250;MC;NA;4;13;S;F;0614;NEP
057540036036-1561;057540036036;100mN32020E42250;MC;NA;4;12;S;F;0614;NEP
057540036036-1562;057540036036;100mN32013E42250;MC;OS;2;82;M;M;75XX;EMP
057540036036-1562;057540036036;100mN32013E42250;MC;OS;2;81;M;F;75XX;EMP
057540036036-1563;057540036036;100mN32017E42251;SF;MIX;5;80;M;F;75XX;NEP
057540036036-1563;057540036036;100mN32017E42251;SF;MIX;5;45;W;F;4049;EMP
057540036036-1563;057540036036;100mN32017E42251;SF;MIX;5;4;S;M;0305;NEP
057540036036-1563;057540036036;100mN32017E42251;SF;MIX;5;30;S;M;3039;EMP
057540036036-1563;057540036036;100mN32017E42251;SF;MIX;5;9;S;F;0614;NEP
057540036036-1564;057540036036;100mN32005E42281;MC;NA;5;37;M;F;3039;EMP
057540036036-1564;057540036036;100mN32005E42281;MC;NA;5;40;M;M;4049;EMP
057540036036-1564;057540036036;100mN32005E42281;MC;NA;5;13;S;F;0614;NEP
057540036036-1564;057540036036;100mN32005E42281;MC;NA;5;7;S;F;0614;NEP
057540036036-1564;057540036036;100mN32005E42281;MC;NA;5;18;W;F;1824;NEP
057540036036-1565;057540036036;100mN32018E42245;S;NA;1;22;M;M;1824;NEP
057540036036-1566;057540036036;100mN32019E42242;SF;NA;4;63;W;F;5064;EMP
057540036036-1566;057540036036;100mN32019E42242;SF;NA;4;16;S;F;1517;EMP
057540036036-1566;057540036036;100mN32019E42242;SF;NA;4;42;M;M;4049;EMP
057540036036-1566;057540036036;100mN32019E42242;SF;NA;4;1;S;F;0003;NEP
057540036036-1567;057540036036;100mN32009E42289;S;NA;1;37;M;F;3039;EMP
057540036036-1568;057540036036;100mN31995E42255;SF;MIX;4;86;S;F;75XX;EMP
057540036036-1568;057540036036;100mN31995E42255;SF;MIX;4;30;D;F;3039;EMP
057540036036-1568;057540036036;100mN31995E42255;SF;MIX;4;0;S;M;0003;NEP
057540036036-1568;057540036036;100mN31995E42255;SF;MIX;4;9;S;F;0614;NEP
057540036036-1569;057540036036;100mN32015E42228;MC;NA;2;46;M;F;4049;NEP
057540036036-1569;057540036036;100mN32015E42228;MC;NA;2;48;M;M;4049;EMP
057540036036-1570;057540036036;100mN31995E42266;S;NA;1;35;M;F;3039;EMP
057540036036-1571;057540036036;100mN32015E42228;MC;NA;2;34;M;F;3039;NEP
057540036036-1571;057540036036;100mN32015E42228;MC;NA;2;38;M;M;3039;NEP
057540036036-1572;057540036036;100mN32015E42228;S;NA;1;41;D;M;4049;EMP
057540036036-1573;057540036036;100mN32017E42247;NA;NA;3;44;M;M;4049;EMP
057540036036-1573;057540036036;100mN32017E42247;NA;NA;3;55;W;F;5064;EMP
057540036036-1573;057540036036;100mN32017E42247;NA;NA;3;52;S;M;5064;EMP
057540036036-1574;057540036036;100mN32015E42228;S;NA;1;54;M;F;5064;EMP
057540036036-1575;057540036036;100mN32015E42228;MC;NA;4;26;M;M;2529;EMP
057540036036-1575;057540036036;100mN32015E42228;MC;NA;4;34;M;F;3039;EMP
057540036036-1575;057540036036;100mN32015E42228;MC;NA;4;8;S;M;0614;NEP
057540036036-1575;057540036036;100mN32015E42228;MC;NA;4;2;S;F;0003;NEP
057540036036-1576;057540036036;100mN31989E42261;S;NA;1;73;S;F;6574;EMP
057540036036-1577;057540036036;100mN32015E42228;MC;MIX;2;83;M;F;75XX;EMP
057540036036-1577;057540036036;100mN32015E42228;MC;MIX;2;52;M;F;5064;EMP
057540036036-1578;057540036036;100mN31972E42269;MC;NA;4;55;M;M;5064;EMP
057540036036-1578;057540036036;100mN31972E42269;MC;NA;4;52;M;F;5064;EMP
057540036036-1578;057540036036;100mN31972E42269;MC;NA;4;9;S;F;0614;NEP
057540036036-1578;057540036036;100mN31972E42269;MC;NA;4;11;S;F;0614;NEP
057540036036-1579;057540036036;100mN32015E42228;MC;OS;2;68;M;F;6574;NEP
057540036036-1579;057540036036;100mN32015E42228;MC;OS;2;68;M;M;6574;EMP
057540036036-1580;057540036036;100mN32010E42246;MC;NA;2;46;M;F;4049;EMP
057540036036-1580;057540036036;100mN32010E42246;MC;NA;2;44;M;M;4049;EMP
057540036036-1581;057540036036;100mN31972E42298;MC;MIX;2;70;M;M;6574;NEP
057540036036-1581;057540036036;100mN31972E42298;MC;MIX;2;21;S;F;1824;EMP
057540036036-1582;057540036036;100mN31999E42254;PO;NA;5;63;S;F;5064;EMP
057540036036-1582;057540036036;100mN31999E42254;PO;NA;5;18;M;M;1824;NEP
057540036036-1582;057540036036;100mN31999E42254;PO;NA;5;30;S;M;3039;EMP
057540036036-1582;057540036036;100mN31999E42254;PO;NA;5;6;S;M;0614;NEP
057540036036-1582;057540036036;100mN31999E42254;PO;NA;5;20;S;F;1824;EMP
057540036036-1583;057540036036;100mN32013E42244;SF;NA;2;69;W;F;6574;EMP
057540036036-1583;057540036036;100mN32013E42244;SF;NA;2;35;W;F;3039;NEP
057540036036-1584;057540036036;100mN31988E42259;MC;NA;2;48;M;F;4049;NEP
057540036036-1584;057540036036;100mN31988E42259;MC;NA;2;56;M;M;5064;NEP
057540036036-1585;057540036036;100mN31988E42259;S;NA;1;65;M;M;6574;NEP
057540036036-1586;057540036036;100mN31988E42259;MC;MIX;4;71;M;F;6574;EMP
057540036036-1586;057540036036;100mN31988E42259;MC;MIX;4;62;M;M;5064;NEP
057540036036-1586;057540036036;100mN31988E42259;MC;MIX;4;62;M;F;5064;EMP
057540036036-1586;057540036036;100mN31988E42259;MC;MIX;4;19;S;M;1824;EMP
057540036036-1587;057540036036;100mN32017E42229;S;NA;1;16;S;F;1517;NEP
057540036036-1588;057540036036;100mN31988E42259;MC;NA;2;32;M;M;3039;EMP
057540036036-1588;057540036036;100mN31988E42259;MC;NA;2;32;M;F;3039;EMP
057540036036-1589;057540036036;100mN32006E42285;MC;NA;2;48;M;M;4049;EMP
057540036036-1589;057540036036;100mN32006E42285;MC;NA;2;45;M;F;4049;NEP
057540036036-1590;057540036036;100mN31988E42259;S;NA;1;25;M;F;2529;EMP
057540036036-1591;057540036036;100mN31988E42259;MC;MIX;3;73;D;M;6574;EMP
057540036036-1591;057540036036;100mN31988E42259;MC;MIX;3;20;M;F;1824;EMP
057540036036-1591;057540036036;100mN31988E42259;MC;MIX;3;18;M;M;1824;EMP
057540036036-1592;057540036036;100mN32010E42280;MC;NA;3;27;M;F;2529;NEP
057540036036-1592;057540036036;100mN32010E42280;MC;NA;3;28;M;M;2529;EMP
057540036036-1592;057540036036;100mN32010E42280;MC;NA;3;9;S;F;0614;NEP
057540036036-1593;057540036036;100mN32007E42282;SF;MIX;2;71;D;F;6574;EMP
057540036036-1593;057540036036;100mN32007E42282;SF;MIX;2;3;S;F;0305;NEP
057540036036-1594;057540036036;100mN31971E42264;MC;OS;4;82;M;F;75XX;EMP
057540036036-1594;057540036036;100mN31971E42264;MC;OS;4;86;M;M;75XX;EMP
057540036036-1594;057540036036;100mN31971E42264;MC;OS;4;80;S;F;75XX;EMP
057540036036-1594;057540036036;100mN31971E42264;MC;OS;4;65;S;F;6574;NEP
057540036036-1595;057540036036;100mN31971E42264;MC;NA;5;41;M;F;4049;EMP
057540036036-1595;057540036036;100mN31971E42264;MC;NA;5;40;M;M;4049;NEP
057540036036-1595;057540036036;100mN31971E42264;MC;NA;5;21;M;M;1824;NEP
057540036036-1595;057540036036;100mN31971E42264;MC;NA;5;12;S;M;0614;NEP
057540036036-1595;057540036036;100mN31971E42264;MC;NA;5;23;M;F;1824;NEP
057540036036-1596;057540036036;100mN32012E42250;MC;NA;2;47;M;M;4049;NEP
057540036036-1596;057540036036;100mN32012E42250;MC;NA;2;44;M;F;4049;EMP
057540036036-1597;057540036036;100mN31971E42264;MC;MIX;2;70;M;M;6574;NEP
057540036036-1597;057540036036;100mN31971E42264;MC;MIX;2;61;M;F;5064;EMP
057540036036-1598;057540036036;100mN32016E42228;MC;NA;3;52;M;M;5064;EMP
057540036036-1598;057540036036;100mN32016E42228;MC;NA;3;43;M;F;4049;EMP
057540036036-1598;057540036036;100mN32016E42228;MC;NA;3;19;M;M;1824;EMP
057540036036-1599;057540036036;100mN32016E42228;MC;NA;4;36;M;F;3039;EMP
057540036036-1599;057540036036;100mN32016E42228;MC;NA;4;37;M;M;3039;EMP
057540036036-1599;057540036036;100mN32016E42228;MC;NA;4;18;M;F;1824;NEP
057540036036-1599;057540036036;100mN32016E42228;MC;NA;4;3;S;M;0305;NEP
057540036036-1600;057540036036;100mN32004E42289;MC;NA;2;44;M;M;4049;UEP
057540036036-1600;057540036036;100mN32004E42289;MC;NA;2;41;M;F;4049;EMP
057540036036-1601;057540036036;100mN31979E42242;SF;NA;5;38;S;F;3039;NEP
057540036036-1601;057540036036;100mN31979E42242;SF;NA;5;7;S;F;0614;NEP
057540036036-1601;057540036036;100mN31979E42242;SF;NA;5;22;M;M;1824;NEP
057540036036-1601;057540036036;100mN31979E42242;SF;NA;5;20;M;F;1824;NEP
057540036036-1601;057540036036;100mN31979E42242;SF;NA;5;11;S;F;0614;NEP
057540036036-1602;057540036036;100mN31998E42261;MC;OS;4;86;M;F;75XX;NEP
057540036036-1602;057540036036;100mN31998E42261;MC;OS;4;15;S;M;1517;EMP
057540036036-1602;057540036036;100mN31998E42261;MC;OS;4;65;M;F;6574;NEP
057540036036-1602;057540036036;100mN31998E42261;MC;OS;4;76;W;F;75XX;NEP
057540036036-1603;057540036036;100mN32006E42288;MC;NA;2;47;M;F;4049;EMP
057540036036-1603;057540036036;100mN32006E42288;MC;NA;2;41;M;M;4049;EMP
057540036036-1604;057540036036;100mN31985E42270;MC;NA;2;43;M;F;4049;EMP
057540036036-1604;057540036036;100mN31985E42270;MC;NA;2;50;M;M;5064;EMP
057540036036-1605;057540036036;100mN32006E42288;PO;OS;2;70;S;M;6574;NEP
057540036036-1605;057540036036;100mN32006E42288;PO;OS;2;65;S;F;6574;NEP
057540036036-1606;057540036036;100mN32007E42255;MC;NA;3;59;M;M;5064;EMP
057540036036-1606;057540036036;100mN32007E42255;MC;NA;3;59;M;F;5064;EMP
057540036036-1606;057540036036;100mN32007E42255;MC;NA;3;34;D;F;3039;NEP
057540036036-1607;057540036036;100mN32006E42288;MC;OS;4;75;M;M;75XX;EMP
057540036036-1607;057540036036;100mN32006E42288;MC;OS;4;67;M;F;6574;NEP
057540036036-1607;057540036036;100mN32006E42288;MC;OS;4;68;M;F;6574;EMP
057540036036-1607;057540036036;100mN32006E42288;MC;OS;4;67;M;M;6574;EMP
057540036036-1608;057540036036;100mN31993E42261;MC;NA;2;35;M;M;3039;UEP
057540036036-1608;057540036036;100mN31993E42261;MC;NA;2;34;M;F;3039;EMP
057540036036-1609;057540036036;100mN32006E42288;MC;NA;2;26;M;M;2529;EMP
057540036036-1609;057540036036;100mN32006E42288;MC;NA;2;27;M;F;2529;EMP
057540036036-1610;057540036036;100mN31988E42260;MC;NA;4;63;M;M;5064;EMP
057540036036-1610;057540036036;100mN31988E42260;MC;NA;4;55;M;F;5064;EMP
057540036036-1610;057540036036;100mN31988E42260;MC;NA;4;10;S;F;0614;NEP
057540036036-1610;057540036036;100mN31988E42260;MC;NA;4;12;S;M;0614;NEP
057540036036-1611;057540036036;100mN31988E42260;MC;NA;4;63;M;M;5064;EMP
057540036036-1611;057540036036;100mN31988E42260;MC;NA;4;63;M;F;5064;EMP
057540036036-1611;057540036036;100mN31988E42260;MC;NA;4;3;S;M;0305;NEP
057540036036-1611;057540036036;100mN31988E42260;MC;NA;4;16;S;M;1517;EMP
057540036036-1612;057540036036;100mN32001E42286;MC;NA;2;54;M;M;5064;UEP
057540036036-1612;057540036036;100mN32001E42286;MC;NA;2;4;S;M;0305;NEP
057540036036-1613;057540036036;100mN32003E42258;S;NA;1;55;D;F;5064;NEP
057540036036-1614;057540036036;100mN32011E42290;MC;OS;3;80;M;M;75XX;EMP
057540036036-1614;057540036036;100mN32011E42290;MC;OS;3;88;M;F;75XX;NEP
057540036036-1614;057540036036;100mN32011E42290;MC;OS;3;73;S;F;6574;EMP
057540036036-1615;057540036036;100mN32007E42281;MC;NA;4;35;M;F;3039;EMP
057540036036-1615;057540036036;100mN32007E42281;MC;NA;4;40;M;M;4049;EMP
057540036036-1615;057540036036;100mN32007E42281;MC;NA;4;6;S;M;0614;NEP
057540036036-1615;057540036036;100mN32007E42281;MC;NA;4;19;M;F;1824;EMP
057540036036-1616;057540036036;100mN32011E42290;MC;NA;4;30;M;F;3039;NEP
057540036036-1616;057540036036;100mN32011E42290;MC;NA;4;33;M;M;3039;EMP
057540036036-1616;057540036036;100mN32011E42290;MC;NA;4;7;S;F;0614;NEP
057540036036-1616;057540036036;100mN32011E42290;MC;NA;4;6;S;M;0614;NEP
057540036036-1617;057540036036;100mN32003E42256;S;NA;1;67;S;F;6574;NEP
057540036036-1618;057540036036;100mN32019E42248;MC;NA;3;47;M;F;4049;NEP
057540036036-1618;057540036036;100mN32019E42248;MC;NA;3;56;M;M;5064;EMP
057540036036-1618;057540036036;100mN32019E42248;MC;NA;3;4;S;M;0305;NEP
057540036036-1619;057540036036;100mN31989E42264;PO;NA;2;27;S;M;2529;EMP
057540036036-1619;057540036036;100mN31989E42264;PO;NA;2;36;S;F;3039;EMP
057540036036-1620;057540036036;100mN32018E42246;MC;NA;3;32;M;F;3039;EMP
057540036036-1620;057540036036;100mN32018E42246;MC;NA;3;33;M;M;3039;EMP
057540036036-1620;057540036036;100mN32018E42246;MC;NA;3;4;S;F;0305;NEP
057540036036-1621;057540036036;100mN32006E42251;NA;NA;2;41;M;M;4049;UEP
057540036036-1621;057540036036;100mN32006E42251;NA;NA;2;32;S;M;3039;EMP
057540036036-1622;057540036036;100mN32018E42246;MC;NA;3;35;M;M;3039;EMP
057540036036-1622;057540036036;100mN32018E42246;MC;NA;3;37;M;F;3039;EMP
057540036036-1622;057540036036;100mN32018E42246;MC;NA;3;20;D;M;1824;NEP
057540036036-1623;057540036036;100mN32014E42239;SM;NA;2;60;S;M;5064;NEP
057540036036-1623;057540036036;100mN32014E42239;SM;NA;2;45;W;F;4049;EMP
057540036036-1624;057540036036;100mN32011E42290;MC;MIX;3;66;M;M;6574;NEP
057540036036-1624;057540036036;100mN32011E42290;MC;MIX;3;27;M;F;2529;EMP
057540036036-1624;057540036036;100mN32011E42290;MC;MIX;3;27;M;M;2529;EMP
057540036036-1625;057540036036;100mN32016E42230;SF;NA;2;68;D;F;6574;NEP
057540036036-1625;057540036036;100mN32016E42230;SF;NA;2;50;M;F;5064;EMP
057540036036-1626;057540036036;100mN31988E42275;S;OS;1;83;D;M;75XX;EMP
057540036036-1627;057540036036;100mN31995E42257;S;NA;1;30;W;F;3039;NEP
057540036036-1628;057540036036;100mN32014E42241;MC;OS;4;68;M;F;6574;EMP
057540036036-1628;057540036036;100mN32014E42241;MC;OS;4;71;M;M;6574;EMP
057540036036-1628;057540036036;100mN32014E42241;MC;OS;4;80;M;F;75XX;NEP
057540036036-1628;057540036036;100mN32014E42241;MC;OS;4;69;M;M;6574;NEP
057540036036-1629;057540036036;100mN32014E42241;S;NA;1;52;M;M;5064;EMP
057540036036-1630;057540036036;100mN32014E42241;S;NA;1;30;M;F;3039;EMP
057540036036-1631;057540036036;100mN32014E42241;S;NA;1;55;M;F;5064;EMP
057540036036-1632;057540036036;100mN32011E42250;SF;NA;2;19;S;F;1824;EMP
057540036036-1632;057540036036;100mN32011E42250;SF;NA;2;3;S;M;0305;NEP
057540036036-1633;057540036036;100mN32011E42250;SF;NA;3;35;S;F;3039;NEP
057540036036-1633;057540036036;100mN32011E42250;SF;NA;3;0;S;M;0003;NEP
057540036036-1633;057540036036;100mN32011E42250;SF;NA;3;18;S;M;1824;EMP
057540036036-1634;057540036036;100mN31970E42302;MC;NA;3;34;M;M;3039;EMP
057540036036-1634;057540036036;100mN31970E42302;MC;NA;3;30;M;F;3039;NEP
057540036036-1634;057540036036;100mN31970E42302;MC;NA;3;15;S;M;1517;UEP
057540036036-1635;057540036036;100mN32004E42288;PO;NA;2;19;S;M;1824;NEP
057540036036-1635;057540036036;100mN32004E42288;PO;NA;2;19;S;F;1824;EMP
057540036036-1636;057540036036;100mN32005E42260;MC;NA;3;56;M;F;5064;NEP
057540036036-1636;057540036036;100mN32005E42260;MC;NA;3;55;M;M;5064;EMP
057540036036-1636;057540036036;100mN32005E42260;MC;NA;3;34;S;F;3039;EMP
057540036036-1637;057540036036;100mN31999E42260;MC;MIX;2;71;M;M;6574;EMP
057540036036-1637;057540036036;100mN31999E42260;MC;MIX;2;36;S;M;3039;EMP
057540036036-1638;057540036036;100mN32011E42250;MC;NA;2;19;M;F;1824;EMP
057540036036-1638;057540036036;100mN32011E42250;MC;NA;2;18;M;M;1824;EMP
057540036036-1639;057540036036;100mN32017E42293;S;NA;1;61;W;F;5064;NEP
057540036036-1640;057540036036;100mN32012E42239;MC;NA;2;31;M;F;3039;EMP
057540036036-1640;057540036036;100mN32012E42239;MC;NA;2;40;M;M;4049;EMP
057540036036-1641;057540036036;100mN31962E42301;S;NA;1;41;S;M;4049;EMP
057540036036-1642;057540036036;100mN32004E42276;MC;NA;4;42;M;M;4049;EMP
057540036036-1642;057540036036;100mN32004E42276;MC;NA;4;41;M;F;4049;EMP
057540036036-1642;057540036036;100mN32004E42276;MC;NA;4;25;M;F;2529;EMP
057540036036-1642;057540036036;100mN32004E42276;MC;NA;4;13;S;F;0614;NEP
057540036036-1643;057540036036;100mN32011E42250;MC;NA;3;56;M;F;5064;NEP
057540036036-1643;057540036036;100mN32011E42250;MC;NA;3;56;M;M;5064;EMP
057540036036-1643;057540036036;100mN32011E42250;MC;NA;3;12;S;F;0614;NEP
057540036036-1644;057540036036;100mN32010E42280;MC;NA;2;57;M;F;5064;EMP
057540036036-1644;057540036036;100mN32010E42280;MC;NA;2;59;M;M;5064;EMP
057540036036-1645;057540036036;100mN32010E42253;MC;OS;2;89;M;M;75XX;EMP
057540036036-1645;057540036036;100mN32010E42253;MC;OS;2;50;D;F;5064;NEP
057540036036-1646;057540036036;100mN31990E42261;SF;MIX;2;67;W;F;6574;EMP
057540036036-1646;057540036036;100mN31990E42261;SF;MIX;2;13;S;F;0614;NEP
057540036036-1647;057540036036;100mN31995E42254;PO;NA;2;50;S;M;5064;NEP
057540036036-1647;057540036036;100mN31995E42254;PO;NA;2;52;S;M;5064;EMP
057540036036-1648;057540036036;100mN32011E42250;MC;NA;5;60;M;F;5064;NEP
057540036036-1648;057540036036;100mN32011E42250;MC;NA;5;62;M;M;5064;NEP
057540036036-1648;057540036036;100mN32011E42250;MC;NA;5;2;S;F;0003;NEP
057540036036-1648;057540036036;100mN32011E42250;MC;NA;5;15;S;F;1517;NEP
057540036036-1648;057540036036;100mN32011E42250;MC;NA;5;10;S;F;0614;NEP
057540036036-1649;057540036036;100mN31996E42259;S;OS;1;32;M;F;3039;EMP
057540036036-1650;057540036036;100mN32011E42249;S;NA;1;43;M;F;4049;EMP
057540036036-1651;057540036036;100mN32017E42243;MC;NA;2;51;M;F;5064;NEP
057540036036-1651;057540036036;100mN32017E42243;MC;NA;2;54;M;M;5064;EMP
057540036036-1652;057540036036;100mN32020E42246;PO;NA;4;36;S;M;3039;EMP
057540036036-1652;057540036036;100mN32020E42246;PO;NA;4;33;S;M;3039;EMP
057540036036-1652;057540036036;100mN32020E42246;PO;NA;4;13;S;M;0614;NEP
057540036036-1652;057540036036;100mN32020E42246;PO;NA;4;21;M;M;1824;EMP
057540036036-1653;057540036036;100mN32011E42249;MC;NA;4;42;M;M;4049;EMP
057540036036-1653;057540036036;100mN32011E42249;MC;NA;4;40;M;F;4049;EMP
057540036036-1653;057540036036;100mN32011E42249;MC;NA;4;26;W;F;2529;NEP
057540036036-1653;057540036036;100mN32011E42249;MC;NA;4;1;S;M;0003;NEP
057540036036-1654;057540036036;100mN32011E42249;MC;NA;2;47;M;M;4049;NEP
057540036036-1654;057540036036;100mN32011E42249;MC;NA;2;41;M;F;4049;NEP
057540036036-1655;057540036036;100mN32011E42249;S;NA;1;26;D;M;2529;NEP
057540036036-1656;057540036036;100mN31975E42300;SF;NA;2;72;W;F;6574;NEP
057540036036-1656;057540036036;100mN31975E42300;SF;NA;2;45;W;F;4049;EMP
057540036036-1657;057540036036;100mN32007E42250;S;NA;1;16;S;F;1517;NEP
057540036036-1658;057540036036;100mN32010E42250;MC;OS;2;72;M;F;6574;NEP
057540036036-1658;057540036036;100mN32010E42250;MC;OS;2;73;M;M;6574;EMP
057540036036-1659;057540036036;100mN31997E42268;SF;NA;2;87;S;F;75XX;NEP
057540036036-1659;057540036036;100mN31997E42268;SF;NA;2;9;S;M;0614;NEP
057540036036-1660;057540036036;100mN32011E42249;MC;NA;4;51;M;M;5064;EMP
057540036036-1660;057540036036;100mN32011E42249;MC;NA;4;47;M;F;4049;EMP
057540036036-1660;057540036036;100mN32011E42249;MC;NA;4;36;M;F;3039;EMP
057540036036-1660;057540036036;100mN32011E42249;MC;NA;4;1;S;F;0003;NEP
057540036036-1661;057540036036;100mN32011E42249;MC;NA;2;43;M;M;4049;NEP
057540036036-1661;057540036036;100mN32011E42249;MC;NA;2;34;M;F;3039;EMP
057540036036-1662;057540036036;100mN31997E42267;S;NA;1;45;S;F;4049;NEP
057540036036-1663;057540036036;100mN32006E42230;S;NA;1;53;M;M;5064;EMP
057540036036-1664;057540036036;100mN31992E42256;S;OS;1;53;M;M;5064;EMP
057540036036-1665;057540036036;100mN32006E42282;S;NA;1;86;W;F;75XX;NEP
057540036036-1666;057540036036;100mN32012E42289;PO;NA;2;36;S;M;3039;NEP
057540036036-1666;057540036036;100mN32012E42289;PO;NA;2;30;S;M;3039;NEP
057540036036-1667;057540036036;100mN32006E42282;MC;NA;5;52;M;M;5064;EMP
057540036036-1667;057540036036;100mN32006E42282;MC;NA;5;55;M;F;5064;EMP
057540036036-1667;057540036036;100mN32006E42282;MC;NA;5;12;S;M;0614;NEP
057540036036-1667;057540036036;100mN32006E42282;MC;NA;5;1;S;M;0003;NEP
057540036036-1667;057540036036;100mN32006E42282;MC;NA;5;0;S;M;0003;NEP
057540036036-1668;057540036036;100mN32018E42240;MC;NA;2;33;M;M;3039;EMP
057540036036-1668;057540036036;100mN32018E42240;MC;NA;2;30;M;F;3039;NEP
057540036036-1669;057540036036;100mN32012E42225;NA;NA;3;22;W;F;1824;NEP
057540036036-1669;057540036036;100mN32012E42225;NA;NA;3;58;S;F;5064;EMP
057540036036-1669;057540036036;100mN32012E42225;NA;NA;3;53;D;F;5064;EMP
057540036036-1670;057540036036;100mN32009E42278;SM;NA;2;41;D;M;4049;UEP
057540036036-1670;057540036036;100mN32009E42278;SM;NA;2;16;S;M;1517;EMP
057540036036-1671;057540036036;100mN32006E42282;MC;OS;4;76;M;F;75XX;NEP
057540036036-1671;057540036036;100mN32006E42282;MC;OS;4;72;M;M;6574;EMP
057540036036-1671;057540036036;100mN32006E42282;MC;OS;4;71;S;F;6574;EMP
057540036036-1671;057540036036;100mN32006E42282;MC;OS;4;82;M;F;75XX;NEP
057540036036-1672;057540036036;100mN31972E42258;MC;NA;4;62;M;M;5064;EMP
057540036036-1672;057540036036;100mN31972E42258;MC;NA;4;59;M;F;5064;NEP
057540036036-1672;057540036036;100mN31972E42258;MC;NA;4;41;M;M;4049;NEP
057540036036-1672;057540036036;100mN31972E42258;MC;NA;4;10;S;M;0614;NEP
057540036036-1673;057540036036;100mN32006E42282;PO;NA;6;60;S;F;5064;NEP
057540036036-1673;057540036036;100mN32006E42282;PO;NA;6;31;S;F;3039;NEP
057540036036-1673;057540036036;100mN32006E42282;PO;NA;6;21;W;F;1824;EMP
057540036036-1673;057540036036;100mN32006E42282;PO;NA;6;11;S;M;0614;NEP
057540036036-1673;057540036036;100mN32006E42282;PO;NA;6;19;S;F;1824;NEP
057540036036-1673;057540036036;100mN32006E42282;PO;NA;6;7;S;F;0614;NEP
057540036036-1674;057540036036;100mN31994E42284;MC;NA;6;61;M;M;5064;EMP
057540036036-1674;057540036036;100mN31994E42284;MC;NA;6;53;M;F;5064;EMP
057540036036-1674;057540036036;100mN31994E42284;MC;NA;6;2;S;F;0003;NEP
057540036036-1674;057540036036;100mN31994E42284;MC;NA;6;12;S;F;0614;NEP
057540036036-1674;057540036036;100mN31994E42284;MC;NA;6;3;S;F;0305;NEP
057540036036-1674;057540036036;100mN31994E42284;MC;NA;6;4;S;M;0305;NEP
057540036036-1675;057540036036;100mN32003E42255;MC;NA;4;21;M;F;1824;NEP
057540036036-1675;057540036036;100mN32003E42255;MC;NA;4;19;M;M;1824;EMP
057540036036-1675;057540036036;100mN32003E42255;MC;NA;4;0;S;M;0003;NEP
057540036036-1675;057540036036;100mN32003E42255;MC;NA;4;1;S;F;0003;NEP
057540036036-1676;057540036036;100mN31998E42266;MC;NA;2;56;M;M;5064;EMP
057540036036-1676;057540036036;100mN31998E42266;MC;NA;2;56;M;F;5064;NEP
057540036036-1677;057540036036;100mN32017E42232;S;OS;1;16;S;M;1517;EMP
057540036036-1678;057540036036;100mN32006E42282;MC;NA;5;42;M;F;4049;EMP
057540036036-1678;057540036036;100mN32006E42282;MC;NA;5;48;M;M;4049;NEP
057540036036-1678;057540036036;100mN32006E42282;MC;NA;5;7;S;M;0614;NEP
057540036036-1678;057540036036;100mN32006E42282;MC;NA;5;15;S;M;1517;EMP
057540036036-1678;057540036036;100mN32006E42282;MC;NA;5;9;S;F;0614;NEP
057540036036-1679;057540036036;100mN31991E42261;MC;NA;4;43;M;F;4049;EMP
057540036036-1679;057540036036;100mN31991E42261;MC;NA;4;46;M;M;4049;EMP
057540036036-1679;057540036036;100mN31991E42261;MC;NA;4;8;S;F;0614;NEP
057540036036-1679;057540036036;100mN31991E42261;MC;NA;4;2;S;M;0003;NEP
057540036036-1680;057540036036;100mN31980E42242;MC;NA;4;51;M;M;5064;EMP
057540036036-1680;057540036036;100mN31980E42242;MC;NA;4;54;M;F;5064;NEP
057540036036-1680;057540036036;100mN31980E42242;MC;NA;4;21;D;F;1824;EMP
057540036036-1680;057540036036;100mN31980E42242;MC;NA;4;27;M;F;2529;EMP
057540036036-1681;057540036036;100mN31980E42242;S;NA;1;41;M;M;4049;EMP
057540036036-1682;057540036036;100mN32003E42256;SF;NA;5;59;D;F;5064;EMP
057540036036-1682;057540036036;100mN32003E42256;SF;NA;5;12;S;M;0614;NEP
057540036036-1682;057540036036;100mN32003E42256;SF;NA;5;7;S;M;0614;NEP
057540036036-1682;057540036036;100mN32003E42256;SF;NA;5;36;D;F;3039;NEP
057540036036-1682;057540036036;100mN32003E42256;SF;NA;5;36;M;M;3039;NEP
057540036036-1683;057540036036;100mN31974E42298;SF;NA;3;73;S;F;6574;EMP
057540036036-1683;057540036036;100mN31974E42298;SF;NA;3;12;S;M;0614;NEP
057540036036-1683;057540036036;100mN31974E42298;SF;NA;3;6;S;F;0614;NEP
057540036036-1684;057540036036;100mN31988E42271;MC;NA;4;40;M;M;4049;EMP
057540036036-1684;057540036036;100mN31988E42271;MC;NA;4;35;M;F;3039;NEP
057540036036-1684;057540036036;100mN31988E42271;MC;NA;4;22;S;F;1824;NEP
057540036036-1684;057540036036;100mN31988E42271;MC;NA;4;16;S;F;1517;EMP
057540036036-1685;057540036036;100mN31988E42271;SF;NA;2;50;S;F;5064;EMP
057540036036-1685;057540036036;100mN31988E42271;SF;NA;2;9;S;F;0614;NEP
057540036036-1686;057540036036;100mN31988E42271;MC;NA;2;27;M;M;2529;NEP
057540036036-1686;057540036036;100mN31988E42271;MC;NA;2;27;M;F;2529;EMP
057540036036-1687;057540036036;100mN31996E42262;MC;NA;3;35;M;M;3039;EMP
057540036036-1687;057540036036;100mN31996E42262;MC;NA;3;31;M;F;3039;EMP
057540036036-1687;057540036036;100mN31996E42262;MC;NA;3;20;M;F;1824;EMP
057540036036-1688;057540036036;100mN32018E42252;MC;NA;2;47;M;M;4049;EMP
057540036036-1688;057540036036;100mN32018E42252;MC;NA;2;41;M;F;4049;NEP
057540036036-1689;057540036036;100mN31993E42297;MC;MIX;2;65;M;M;6574;NEP
057540036036-1689;057540036036;100mN31993E42297;MC;MIX;2;62;M;F;5064;EMP
057540036036-1690;057540036036;100mN32017E42244;MC;NA;4;46;M;F;4049;EMP
057540036036-1690;057540036036;100mN32017E42244;MC;NA;4;56;M;M;5064;EMP
057540036036-1690;057540036036;100mN32017E42244;MC;NA;4;27;D;M;2529;EMP
057540036036-1690;057540036036;100mN32017E42244;MC;NA;4;0;S;F;0003;NEP
057540036036-1691;057540036036;100mN31993E42261;S;NA;1;40;S;F;4049;EMP
057540036036-1692;057540036036;100mN32004E42277;MC;OS;4;68;M;M;6574;NEP
057540036036-1692;057540036036;100mN32004E42277;MC;OS;4;67;M;F;6574;EMP
057540036036-1692;057540036036;100mN32004E42277;MC;OS;4;81;S;F;75XX;NEP
057540036036-1692;057540036036;100mN32004E42277;MC;OS;4;69;D;F;6574;NEP
057540036036-1693;057540036036;100mN31997E42257;MC;NA;6;46;M;F;4049;EMP
057540036036-1693;057540036036;100mN31997E42257;MC;NA;6;48;M;M;4049;EMP
057540036036-1693;057540036036;100mN31997E42257;MC;NA;6;13;S;F;0614;NEP
057540036036-1693;057540036036;100mN31997E42257;MC;NA;6;20;M;M;1824;NEP
057540036036-1693;057540036036;100mN31997E42257;MC;NA;6;18;P;F;1824;NEP
057540036036-1693;057540036036;100mN31997E42257;MC;NA;6;22;S;M;1824;EMP
057540036036-1694;057540036036;100mN32018E42249;S;NA;1;63;W;M;5064;EMP
057540036036-1695;057540036036;100mN31997E42257;MC;NA;4;42;M;M;4049;NEP
057540036036-1695;057540036036;100mN31997E42257;MC;NA;4;35;M;F;3039;EMP
057540036036-1695;057540036036;100mN31997E42257;MC;NA;4;18;M;F;1824;EMP
057540036036-1695;057540036036;100mN31997E42257;MC;NA;4;15;S;F;1517;EMP
057540036036-1696;057540036036;100mN31999E42312;SF;NA;2;56;W;F;5064;NEP
057540036036-1696;057540036036;100mN31999E42312;SF;NA;2;27;D;F;2529;NEP
057540036036-1697;057540036036;100mN31995E42267;S;NA;1;43;W;M;4049;NEP
057540036036-1698;057540036036;100mN31962E42307;MC;NA;2;47;M;M;4049;EMP
057540036036-1698;057540036036;100mN31962E42307;MC;NA;2;48;M;F;4049;EMP
057540036036-1699;057540036036;100mN31997E42257;MC;OS;3;83;M;F;75XX;NEP
057540036036-1699;057540036036;100mN31997E42257;MC;OS;3;88;M;M;75XX;EMP
057540036036-1699;057540036036;100mN31997E42257;MC;OS;3;65;M;F;6574;EMP
057540036036-1700;057540036036;100mN32003E42258;S;NA;1;71;W;F;6574;EMP
057540036036-1701;057540036036;100mN31997E42257;MC;NA;3;22;M;M;1824;EMP
057540036036-1701;057540036036;100mN31997E42257;MC;NA;3;61;M;F;5064;NEP
057540036036-1701;057540036036;100mN31997E42257;MC;NA;3;0;S;F;0003;NEP
057540036036-1702;057540036036;100mN32020E42240;MC;NA;3;31;M;M;3039;EMP
057540036036-1702;057540036036;100mN32020E42240;MC;NA;3;31;M;F;3039;EMP
057540036036-1702;057540036036;100mN32020E42240;MC;NA;3;16;S;M;1517;EMP
057540036036-1703;057540036036;100mN32016E42246;MC;NA;2;36;M;M;3039;NEP
057540036036-1703;057540036036;100mN32016E42246;MC;NA;2;51;M;F;5064;NEP
057540036036-1704;057540036036;100mN31997E42257;MC;OS;2;81;M;F;75XX;EMP
057540036036-1704;057540036036;100mN31997E42257;MC;OS;2;85;M;M;75XX;EMP
057540036036-1705;057540036036;100mN31997E42257;PO;NA;4;45;S;F;4049;NEP
057540036036-1705;057540036036;100mN31997E42257;PO;NA;4;44;S;F;4049;NEP
057540036036-1705;057540036036;100mN31997E42257;PO;NA;4;19;M;M;1824;EMP
057540036036-1705;057540036036;100mN31997E42257;PO;NA;4;16;S;M;1517;EMP
057540036036-1706;057540036036;100mN32016E42245;MC;NA;2;45;M;M;4049;EMP
057540036036-1706;057540036036;100mN32016E42245;MC;NA;2;41;M;F;4049;EMP
057540036036-1707;057540036036;100mN32016E42235;MC;MIX;5;66;S;F;6574;EMP
057540036036-1707;057540036036;100mN32016E42235;MC;MIX;5;31;M;F;3039;NEP
057540036036-1707;057540036036;100mN32016E42235;MC;MIX;5;40;M;M;4049;EMP
057540036036-1707;057540036036;100mN32016E42235;MC;MIX;5;16;S;F;1517;EMP
057540036036-1707;057540036036;100mN32016E42235;MC;MIX;5;10;S;M;0614;NEP
057540036036-1708;057540036036;100mN31963E42301;MC;NA;3;40;M;M;4049;EMP
057540036036-1708;057540036036;100mN31963E42301;MC;NA;3;41;M;F;4049;EMP
057540036036-1708;057540036036;100mN31963E42301;MC;NA;3;11;S;F;0614;NEP
057540036036-1709;057540036036;100mN31974E42271;MC;MIX;2;87;M;M;75XX;EMP
057540036036-1709;057540036036;100mN31974E42271;MC;MIX;2;46;M;M;4049;EMP
057540036036-1710;057540036036;100mN31974E42271;MC;OS;3;89;M;F;75XX;EMP
057540036036-1710;057540036036;100mN31974E42271;MC;OS;3;89;M;M;75XX;EMP
057540036036-1710;057540036036;100mN31974E42271;MC;OS;3;77;S;M;75XX;NEP
057540036036-1711;057540036036;100mN31995E42267;MC;NA;2;27;M;F;2529;EMP
057540036036-1711;057540036036;100mN31995E42267;MC;NA;2;25;M;M;2529;EMP
057540036036-1712;057540036036;100mN32019E42240;PO;NA;2;42;S;M;4049;EMP
057540036036-1712;057540036036;100mN32019E42240;PO;NA;2;42;S;F;4049;EMP
057540036036-1713;057540036036;100mN31974E42271;S;NA;1;44;M;M;4049;NEP
057540036036-1714;057540036036;100mN31974E42271;S;NA;1;82;M;F;75XX;EMP
057540036036-1715;057540036036;100mN31974E42271;MC;NA;2;34;M;F;3039;NEP
057540036036-1715;057540036036;100mN31974E42271;MC;NA;2;34;M;M;3039;NEP
057540036036-1716;057540036036;100mN31994E42255;MC;NA;2;37;M;F;3039;NEP
057540036036-1716;057540036036;100mN31994E42255;MC;NA;2;41;M;M;4049;UEP
057540036036-1717;057540036036;100mN32016E42289;SF;NA;4;40;S;F;4049;NEP
057540036036-1717;057540036036;100mN32016E42289;SF;NA;4;13;S;M;0614;NEP
057540036036-1717;057540036036;100mN32016E42289;SF;NA;4;22;D;F;1824;EMP
057540036036-1717;057540036036;100mN32016E42289;SF;NA;4;11;S;M;0614;NEP
057540036036-1718;057540036036;100mN31974E42271;MC;NA;2;46;M;M;4049;EMP
057540036036-1718;057540036036;100mN31974E42271;MC;NA;2;44;M;F;4049;EMP
057540036036-1719;057540036036;100mN31988E42267;MC;NA;2;40;M;M;4049;EMP
057540036036-1719;057540036036;100mN31988E42267;MC;NA;2;18;M;F;1824;NEP
057540036036-1720;057540036036;100mN32012E42291;NA;OS;4;55;S;M;5064;EMP
057540036036-1720;057540036036;100mN32012E42291;NA;OS;4;42;M;M;4049;NEP
057540036036-1720;057540036036;100mN32012E42291;NA;OS;4;33;M;M;3039;NEP
057540036036-1720;057540036036;100mN32012E42291;NA;OS;4;62;S;F;5064;EMP
057540036036-1721;057540036036;100mN32012E42225;S;NA;1;40;M;F;4049;EMP
057540036036-1722;057540036036;100mN32021E42254;MC;OS;2;73;M;F;6574;EMP
057540036036-1722;057540036036;100mN32021E42254;MC;OS;2;85;M;M;75XX;EMP
057540036036-1723;057540036036;100mN31997E42258;S;NA;1;19;M;M;1824;NEP
057540036036-1724;057540036036;100mN32013E42244;MC;NA;4;48;M;M;4049;EMP
057540036036-1724;057540036036;100mN32013E42244;MC;NA;4;56;M;F;5064;EMP
057540036036-1724;057540036036;100mN32013E42244;MC;NA;4;12;S;M;0614;NEP
057540036036-1724;057540036036;100mN32013E42244;MC;NA;4;10;S;F;0614;NEP
057540036036-1725;057540036036;100mN31988E42267;MC;OS;2;68;M;F;6574;NEP
057540036036-1725;057540036036;100mN31988E42267;MC;OS;2;71;M;M;6574;EMP
057540036036-1726;057540036036;100mN31963E42301;PO;NA;6;31;S;M;3039;NEP
057540036036-1726;057540036036;100mN31963E42301;PO;NA;6;31;S;F;3039;NEP
057540036036-1726;057540036036;100mN31963E42301;PO;NA;6;6;S;M;0614;NEP
057540036036-1726;057540036036;100mN31963E42301;PO;NA;6;12;S;M;0614;NEP
057540036036-1726;057540036036;100mN31963E42301;PO;NA;6;15;S;F;1517;NEP
057540036036-1726;057540036036;100mN31963E42301;PO;NA;6;12;S;F;0614;NEP
057540036036-1727;057540036036;100mN32010E42277;MC;OS;2;70;M;M;6574;NEP
057540036036-1727;057540036036;100mN32010E42277;MC;OS;2;71;M;F;6574;EMP
057540036036-1728;057540036036;100mN31971E42305;S;NA;1;40;S;M;4049;EMP
057540036036-1729;057540036036;100mN31998E42292;PO;NA;2;60;S;M;5064;EMP
057540036036-1729;057540036036;100mN31998E42292;PO;NA;2;61;S;M;5064;EMP
057540036036-1730;057540036036;100mN31995E42259;MC;NA;2;25;M;M;2529;EMP
057540036036-1730;057540036036;100mN31995E42259;MC;NA;2;18;M;F;1824;EMP
057540036036-1731;057540036036;100mN31997E42254;MC;NA;2;45;M;F;4049;EMP
057540036036-1731;057540036036;100mN31997E42254;MC;NA;2;43;M;M;4049;EMP
057540036036-1732;057540036036;100mN32013E42288;MC;MIX;2;89;M;F;75XX;EMP
057540036036-1732;057540036036;100mN32013E42288;MC;MIX;2;45;M;M;4049;EMP
057540036036-1733;057540036036;100mN32009E42276;PO;NA;4;25;S;M;2529;EMP
057540036036-1733;057540036036;100mN32009E42276;PO;NA;4;22;S;M;1824;EMP
057540036036-1733;057540036036;100mN32009E42276;PO;NA;4;6;S;M;0614;NEP
057540036036-1733;057540036036;100mN32009E42276;PO;NA;4;2;S;M;0003;NEP
057540036036-1734;057540036036;100mN31997E42254;SF;NA;5;30;S;F;3039;NEP
057540036036-1734;057540036036;100mN31997E42254;SF;NA;5;8;S;F;0614;NEP
057540036036-1734;057540036036;100mN31997E42254;SF;NA;5;6;S;M;0614;NEP
057540036036-1734;057540036036;100mN31997E42254;SF;NA;5;6;S;F;0614;NEP
057540036036-1734;057540036036;100mN31997E42254;SF;NA;5;15;S;F;1517;EMP
057540036036-1735;057540036036;100mN31997E42259;S;OS;1;36;W;F;3039;EMP
057540036036-1736;057540036036;100mN31997E42254;S;NA;1;63;M;M;5064;NEP
057540036036-1737;057540036036;100mN32002E42290;SF;NA;2;51;W;F;5064;NEP
057540036036-1737;057540036036;100mN32002E42290;SF;NA;2;8;S;F;0614;NEP
057540036036-1738;057540036036;100mN31963E42307;MC;NA;5;47;M;M;4049;NEP
057540036036-1738;057540036036;100mN31963E42307;MC;NA;5;45;M;F;4049;EMP
057540036036-1738;057540036036;100mN31963E42307;MC;NA;5;7;S;M;0614;NEP
057540036036-1738;057540036036;100mN31963E42307;MC;NA;5;22;M;F;1824;NEP
057540036036-1738;057540036036;100mN31963E42307;MC;NA;5;16;S;M;1517;EMP
057540036036-1739;057540036036;100mN31997E42254;S;NA;1;45;M;M;4049;EMP
057540036036-1740;057540036036;100mN31997E42254;MC;NA;2;33;M;F;3039;NEP
057540036036-1740;057540036036;100mN31997E42254;MC;NA;2;35;M;M;3039;EMP
057540036036-1741;057540036036;100mN32020E42241;MC;OS;4;83;M;M;75XX;NEP
057540036036-1741;057540036036;100mN32020E42241;MC;OS;4;83;M;F;75XX;NEP
057540036036-1741;057540036036;100mN32020E42241;MC;OS;4;68;M;F;6574;EMP
057540036036-1741;057540036036;100mN32020E42241;MC;OS;4;70;W;F;6574;NEP
057540036036-1742;057540036036;100mN31985E42270;MC;NA;2;43;M;F;4049;EMP
057540036036-1742;057540036036;100mN31985E42270;MC;NA;2;50;M;M;5064;EMP
057540036036-1743;057540036036;100mN31997E42254;S;NA;1;51;M;M;5064;EMP
057540036036-1744;057540036036;100mN31992E42256;MC;MIX;6;73;M;M;6574;NEP
057540036036-1744;057540036036;100mN31992E42256;MC;MIX;6;48;M;M;4049;NEP
057540036036-1744;057540036036;100mN31992E42256;MC;MIX;6;48;M;F;4049;EMP
057540036036-1744;057540036036;100mN31992E42256;MC;MIX;6;27;M;M;2529;NEP
057540036036-1744;057540036036;100mN31992E42256;MC;MIX;6;20;D;F;1824;EMP
057540036036-1744;057540036036;100mN31992E42256;MC;MIX;6;8;S;F;0614;NEP
057540036036-1745;057540036036;100mN31997E42260;S;NA;1;34;D;M;3039;EMP
057540036036-1746;057540036036;100mN32008E42306;MC;OS;2;86;M;F;75XX;NEP
057540036036-1746;057540036036;100mN32008E42306;MC;OS;2;86;M;M;75XX;UEP
057540036036-1747;057540036036;100mN32016E42245;PO;NA;3;21;S;F;1824;EMP
057540036036-1747;057540036036;100mN32016E42245;PO;NA;3;23;S;F;1824;NEP
057540036036-1747;057540036036;100mN32016E42245;PO;NA;3;2;S;M;0003;NEP
057540036036-1748;057540036036;100mN31989E42264;PO;OS;2;65;S;M;6574;EMP
057540036036-1748;057540036036;100mN31989E42264;PO;OS;2;72;S;F;6574;EMP
057540036036-1749;057540036036;100mN31990E42295;S;NA;1;88;W;M;75XX;EMP
057540036036-1750;057540036036;100mN32012E42287;PO;NA;2;63;S;M;5064;EMP
057540036036-1750;057540036036;100mN32012E42287;PO;NA;2;58;S;F;5064;EMP
057540036036-1751;057540036036;100mN31999E42262;MC;NA;2;51;M;F;5064;EMP
057540036036-1751;057540036036;100mN31999E42262;MC;NA;2;53;M;M;5064;NEP
057540036036-1752;057540036036;100mN31997E42258;MC;NA;6;34;M;F;3039;NEP
057540036036-1752;057540036036;100mN31997E42258;MC;NA;6;34;M;M;3039;NEP
057540036036-1752;057540036036;100mN31997E42258;MC;NA;6;18;M;F;1824;NEP
057540036036-1752;057540036036;100mN31997E42258;MC;NA;6;7;S;F;0614;NEP
057540036036-1752;057540036036;100mN31997E42258;MC;NA;6;18;M;M;1824;EMP
057540036036-1752;057540036036;100mN31997E42258;MC;NA;6;15;S;M;1517;EMP
057540036036-1753;057540036036;100mN32016E42245;MC;NA;2;34;M;F;3039;EMP
057540036036-1753;057540036036;100mN32016E42245;MC;NA;2;25;M;M;2529;EMP
057540036036-1754;057540036036;100mN32016E42245;SF;NA;2;21;S;F;1824;EMP
057540036036-1754;057540036036;100mN32016E42245;SF;NA;2;3;S;M;0305;NEP
057540036036-1755;057540036036;100mN32003E42258;SF;MIX;2;66;W;F;6574;NEP
057540036036-1755;057540036036;100mN32003E42258;SF;MIX;2;10;S;M;0614;NEP
057540036036-1756;057540036036;100mN32004E42287;S;OS;1;16;S;M;1517;EMP
057540036036-1757;057540036036;100mN32016E42245;MC;NA;2;37;M;M;3039;EMP
057540036036-1757;057540036036;100mN32016E42245;MC;NA;2;37;M;F;3039;EMP
057540036036-1758;057540036036;100mN32018E42245;MC;MIX;3;67;S;M;6574;EMP
057540036036-1758;057540036036;100mN32018E42245;MC;MIX;3;36;M;M;3039;EMP
057540036036-1758;057540036036;100mN32018E42245;MC;MIX;3;35;M;F;3039;EMP
057540036036-1759;057540036036;100mN32016E42245;MC;NA;2;45;M;M;4049;EMP
057540036036-1759;057540036036;100mN32016E42245;MC;NA;2;41;M;F;4049;EMP
057540036036-1760;057540036036;100mN32017E42232;S;OS;1;16;S;M;1517;EMP
057540036036-1761;057540036036;100mN31974E42252;SF;NA;3;26;W;F;2529;NEP
057540036036-1761;057540036036;100mN31974E42252;SF;NA;3;10;S;M;0614;NEP
057540036036-1761;057540036036;100mN31974E42252;SF;NA;3;3;S;M;0305;NEP
057540036036-1762;057540036036;100mN32018E42247;SF;NA;4;37;W;F;3039;EMP
057540036036-1762;057540036036;100mN32018E42247;SF;NA;4;13;S;F;0614;NEP
057540036036-1762;057540036036;100mN32018E42247;SF;NA;4;13;S;M;0614;NEP
057540036036-1762;057540036036;100mN32018E42247;SF;NA;4;9;S;M;0614;NEP
057540036036-1763;057540036036;100mN32008E42277;PO;NA;3;51;S;M;5064;EMP
057540036036-1763;057540036036;100mN32008E42277;PO;NA;3;48;S;F;4049;NEP
057540036036-1763;057540036036;100mN32008E42277;PO;NA;3;16;S;M;1517;NEP
057540036036-1764;057540036036;100mN31974E42252;MC;OS;2;70;M;M;6574;EMP
057540036036-1764;057540036036;100mN31974E42252;MC;OS;2;65;M;F;6574;EMP
057540036036-1765;057540036036;100mN32001E42257;S;OS;1;42;D;F;4049;EMP
057540036036-1766;057540036036;100mN31962E42307;MC;NA;6;25;M;M;2529;EMP
057540036036-1766;057540036036;100mN31962E42307;MC;NA;6;18;M;F;1824;EMP
057540036036-1766;057540036036;100mN31962E42307;MC;NA;6;4;S;M;0305;NEP
057540036036-1766;057540036036;100mN31962E42307;MC;NA;6;10;S;F;0614;NEP
057540036036-1766;057540036036;100mN31962E42307;MC;NA;6;7;S;M;0614;NEP
057540036036-1766;057540036036;100mN31962E42307;MC;NA;6;8;S;F;0614;NEP
057540036036-1767;057540036036;100mN31974E42252;NA;NA;2;50;M;M;5064;EMP
057540036036-1767;057540036036;100mN31974E42252;NA;NA;2;37;M;F;3039;NEP
057540036036-1768;057540036036;100mN31986E42271;PO;NA;5;52;S;M;5064;EMP
057540036036-1768;057540036036;100mN31986E42271;PO;NA;5;45;S;M;4049;EMP
057540036036-1768;057540036036;100mN31986E42271;PO;NA;5;32;M;M;3039;EMP
057540036036-1768;057540036036;100mN31986E42271;PO;NA;5;23;W;F;1824;EMP
057540036036-1768;057540036036;100mN31986E42271;PO;NA;5;28;D;F;2529;EMP
057540036036-1769;057540036036;100mN32017E42288;MC;NA;2;34;M;F;3039;EMP
057540036036-1769;057540036036;100mN32017E42288;MC;NA;2;27;M;M;2529;UEP
057540036036-1770;057540036036;100mN31999E42273;S;OS;1;40;D;F;4049;NEP
057540036036-1771;057540036036;100mN32008E42278;S;NA;1;38;S;M;3039;EMP
057540036036-1772;057540036036;100mN31988E42274;MC;NA;3;46;M;F;4049;NEP
057540036036-1772;057540036036;100mN31988E42274;MC;NA;3;47;M;M;4049;EMP
057540036036-1772;057540036036;100mN31988E42274;MC;NA;3;26;M;M;2529;EMP
057540036036-1773;057540036036;100mN31956E42259;SF;NA;2;18;W;F;1824;NEP
057540036036-1773;057540036036;100mN31956E42259;SF;NA;2;3;S;M;0305;NEP
057540036036-1774;057540036036;100mN32016E42244;S;NA;1;28;W;M;2529;EMP
057540036036-1775;057540036036;100mN31973E42271;SF;NA;3;35;S;F;3039;EMP
057540036036-1775;057540036036;100mN31973E42271;SF;NA;3;8;S;M;0614;NEP
057540036036-1775;057540036036;100mN31973E42271;SF;NA;3;12;S;M;0614;NEP
057540036036-1776;057540036036;100mN32016E42244;MC;NA;3;28;M;M;2529;NEP
057540036036-1776;057540036036;100mN32016E42244;MC;NA;3;19;M;F;1824;EMP
057540036036-1776;057540036036;100mN32016E42244;MC;NA;3;10;S;F;0614;NEP
057540036036-1777;057540036036;100mN32015E42248;S;OS;1;46;M;F;4049;EMP
057540036036-1778;057540036036;100mN32007E42287;MC;MIX;3;68;M;F;6574;NEP
057540036036-1778;057540036036;100mN32007E42287;MC;MIX;3;52;M;F;5064;EMP
057540036036-1778;057540036036;100mN32007E42287;MC;MIX;3;61;M;M;5064;EMP
057540036036-1779;057540036036;100mN32005E42283;MC;NA;3;47;M;M;4049;UEP
057540036036-1779;057540036036;100mN32005E42283;MC;NA;3;55;M;F;5064;NEP
057540036036-1779;057540036036;100mN32005E42283;MC;NA;3;12;S;F;0614;NEP
057540036036-1780;057540036036;100mN32017E42245;MC;NA;2;33;M;M;3039;EMP
057540036036-1780;057540036036;100mN32017E42245;MC;NA;2;27;M;F;2529;EMP
057540036036-1781;057540036036;100mN32016E42244;S;OS;1;43;M;F;4049;NEP
057540036036-1782;057540036036;100mN32007E42281;S;NA;1;27;W;F;2529;EMP
057540036036-1783;057540036036;100mN31999E42273;MC;NA;4;43;M;M;4049;EMP
057540036036-1783;057540036036;100mN31999E42273;MC;NA;4;51;M;F;5064;NEP
057540036036-1783;057540036036;100mN31999E42273;MC;NA;4;12;S;F;0614;NEP
057540036036-1783;057540036036;100mN31999E42273;MC;NA;4;9;S;M;0614;NEP
057540036036-1784;057540036036;100mN32004E42258;SF;NA;4;88;W;F;75XX;NEP
057540036036-1784;057540036036;100mN32004E42258;SF;NA;4;12;S;F;0614;NEP
057540036036-1784;057540036036;100mN32004E42258;SF;NA;4;47;S;F;4049;NEP
057540036036-1784;057540036036;100mN32004E42258;SF;NA;4;1;S;F;0003;NEP
057540036036-1785;057540036036;100mN31996E42258;MC;NA;2;42;M;M;4049;EMP
057540036036-1785;057540036036;100mN31996E42258;MC;NA;2;40;M;F;4049;NEP
057540036036-1786;057540036036;100mN32016E42244;MC;NA;3;28;M;F;2529;EMP
057540036036-1786;057540036036;100mN32016E42244;MC;NA;3;30;M;M;3039;EMP
057540036036-1786;057540036036;100mN32016E42244;MC;NA;3;4;S;M;0305;NEP
057540036036-1787;057540036036;100mN32016E42244;MC;NA;2;36;M;F;3039;NEP
057540036036-1787;057540036036;100mN32016E42244;MC;NA;2;36;M;M;3039;EMP
057540036036-1788;057540036036;100mN32021E42247;MC;NA;2;55;M;M;5064;EMP
057540036036-1788;057540036036;100mN32021E42247;MC;NA;2;54;M;F;5064;NEP
057540036036-1789;057540036036;100mN32022E42250;MC;MIX;4;80;W;F;75XX;EMP
057540036036-1789;057540036036;100mN32022E42250;MC;MIX;4;25;M;M;2529;NEP
057540036036-1789;057540036036;100mN32022E42250;MC;MIX;4;18;M;F;1824;EMP
057540036036-1789;057540036036;100mN32022E42250;MC;MIX;4;10;S;F;0614;NEP
057540036036-1790;057540036036;100mN32016E42244;S;OS;1;48;W;F;4049;NEP
057540036036-1791;057540036036;100mN32007E42282;MC;NA;3;30;M;M;3039;NEP
057540036036-1791;057540036036;100mN32007E42282;MC;NA;3;27;M;F;2529;EMP
057540036036-1791;057540036036;100mN32007E42282;MC;NA;3;4;S;M;0305;NEP
057540036036-1792;057540036036;100mN31994E42244;SF;NA;2;46;D;F;4049;EMP
057540036036-1792;057540036036;100mN31994E42244;SF;NA;2;15;S;F;1517;NEP
057540036036-1793;057540036036;100mN32007E42281;MC;NA;2;50;M;F;5064;EMP
057540036036-1793;057540036036;100mN32007E42281;MC;NA;2;60;M;M;5064;NEP
057540036036-1794;057540036036;100mN31970E42270;MC;NA;5;20;M;F;1824;NEP
057540036036-1794;057540036036;100mN31970E42270;MC;NA;5;18;M;M;1824;EMP
057540036036-1794;057540036036;100mN31970E42270;MC;NA;5;3;S;M;0305;NEP
057540036036-1794;057540036036;100mN31970E42270;MC;NA;5;3;S;F;0305;NEP
057540036036-1794;057540036036;100mN31970E42270;MC;NA;5;0;S;M;0003;NEP
057540036036-1795;057540036036;100mN31962E42308;SF;MIX;2;71;S;F;6574;EMP
057540036036-1795;057540036036;100mN31962E42308;SF;MIX;2;50;D;M;5064;NEP
057540036036-1796;057540036036;100mN32015E42291;MC;NA;4;63;M;F;5064;NEP
057540036036-1796;057540036036;100mN32015E42291;MC;NA;4;79;D;F;75XX;EMP
057540036036-1796;057540036036;100mN32015E42291;MC;NA;4;10;S;M;0614;NEP
057540036036-1796;057540036036;100mN32015E42291;MC;NA;4;7;S;M;0614;NEP
057540036036-1797;057540036036;100mN32011E42247;MC;NA;2;38;M;M;3039;NEP
057540036036-1797;057540036036;100mN32011E42247;MC;NA;2;32;M;F;3039;NEP
057540036036-1798;057540036036;100mN32011E42247;MC;NA;4;30;M;F;3039;NEP
057540036036-1798;057540036036;100mN32011E42247;MC;NA;4;38;M;M;3039;EMP
057540036036-1798;057540036036;100mN32011E42247;MC;NA;4;13;S;F;0614;NEP
057540036036-1798;057540036036;100mN32011E42247;MC;NA;4;6;S;M;0614;NEP
057540036036-1799;057540036036;100mN32011E42247;MC;OS;3;82;M;M;75XX;EMP
057540036036-1799;057540036036;100mN32011E42247;MC;OS;3;79;M;F;75XX;NEP
057540036036-1799;057540036036;100mN32011E42247;MC;OS;3;75;M;F;75XX;EMP
057540036036-1800;057540036036;100mN32011E42247;NA;OS;2;33;M;F;3039;NEP
057540036036-1800;057540036036;100mN32011E42247;NA;OS;2;35;M;F;3039;NEP
057540036036-1801;057540036036;100mN32011E42247;SF;MIX;2;80;S;F;75XX;EMP
057540036036-1801;057540036036;100mN32011E42247;SF;MIX;2;9;S;M;0614;NEP
057540036036-1802;057540036036;100mN31990E42256;MC;NA;4;47;M;M;4049;EMP
057540036036-1802;057540036036;100mN31990E42256;MC;NA;4;43;M;F;4049;EMP
057540036036-1802;057540036036;100mN31990E42256;MC;NA;4;13;S;M;0614;NEP
057540036036-1802;057540036036;100mN31990E42256;MC;NA;4;3;S;F;0305;NEP
057540036036-1803;057540036036;100mN32011E42247;PO;NA;4;33;S;F;3039;EMP
057540036036-1803;057540036036;100mN32011E42247;PO;NA;4;36;S;F;3039;EMP
057540036036-1803;057540036036;100mN32011E42247;PO;NA;4;7;S;M;0614;NEP
057540036036-1803;057540036036;100mN32011E42247;PO;NA;4;4;S;M;0305;NEP
057540036036-1804;057540036036;100mN31999E42256;SF;NA;4;47;S;F;4049;EMP
057540036036-1804;057540036036;100mN31999E42256;SF;NA;4;8;S;M;0614;NEP
057540036036-1804;057540036036;100mN31999E42256;SF;NA;4;15;S;M;1517;EMP
057540036036-1804;057540036036;100mN31999E42256;SF;NA;4;9;S;M;0614;NEP
057540036036-1805;057540036036;100mN31992E42255;PO;OS;2;85;S;F;75XX;EMP
057540036036-1805;057540036036;100mN31992E42255;PO;OS;2;88;S;F;75XX;NEP
057540036036-1806;057540036036;100mN31968E42297;MC;NA;2;58;M;F;5064;NEP
057540036036-1806;057540036036;100mN31968E42297;MC;NA;2;62;M;M;5064;EMP
057540036036-1807;057540036036;100mN32010E42281;PO;MIX;4;70;M;M;6574;EMP
057540036036-1807;057540036036;100mN32010E42281;PO;MIX;4;34;S;F;3039;NEP
057540036036-1807;057540036036;100mN32010E42281;PO;MIX;4;31;S;F;3039;EMP
057540036036-1807;057540036036;100mN32010E42281;PO;MIX;4;11;S;F;0614;NEP
057540036036-1808;057540036036;100mN32015E42246;SM;NA;2;22;D;M;1824;EMP
057540036036-1808;057540036036;100mN32015E42246;SM;NA;2;3;S;M;0305;NEP
057540036036-1809;057540036036;100mN31995E42278;S;NA;1;85;M;F;75XX;NEP
057540036036-1810;057540036036;100mN32014E42289;S;NA;1;30;S;M;3039;EMP
057540036036-1811;057540036036;100mN31995E42278;S;OS;1;34;M;M;3039;EMP
057540036036-1812;057540036036;100mN32005E42258;S;NA;1;73;M;F;6574;NEP
057540036036-1813;057540036036;100mN32005E42285;MC;MIX;2;69;M;M;6574;NEP
057540036036-1813;057540036036;100mN32005E42285;MC;MIX;2;84;W;M;75XX;EMP
057540036036-1814;057540036036;100mN32005E42231;MC;NA;5;56;M;M;5064;EMP
057540036036-1814;057540036036;100mN32005E42231;MC;NA;5;47;M;F;4049;NEP
057540036036-1814;057540036036;100mN32005E42231;MC;NA;5;11;S;M;0614;NEP
057540036036-1814;057540036036;100mN32005E42231;MC;NA;5;30;D;M;3039;NEP
057540036036-1814;057540036036;100mN32005E42231;MC;NA;5;41;S;M;4049;UEP
057540036036-1815;057540036036;100mN32019E42252;MC;NA;2;63;M;F;5064;EMP
057540036036-1815;057540036036;100mN32019E42252;MC;NA;2;76;M;M;75XX;EMP
057540036036-1816;057540036036;100mN32019E42242;S;NA;1;85;D;M;75XX;EMP
057540036036-1817;057540036036;100mN32008E42281;NA;NA;3;63;M;M;5064;EMP
057540036036-1817;057540036036;100mN32008E42281;NA;NA;3;16;S;M;1517;EMP
057540036036-1817;057540036036;100mN32008E42281;NA;NA;3;70;M;F;6574;EMP
057540036036-1818;057540036036;100mN32001E42256;MC;NA;4;42;M;M;4049;UEP
057540036036-1818;057540036036;100mN32001E42256;MC;NA;4;40;M;F;4049;NEP
057540036036-1818;057540036036;100mN32001E42256;MC;NA;4;7;S;M;0614;NEP
057540036036-1818;057540036036;100mN32001E42256;MC;NA;4;3;S;M;0305;NEP
057540036036-1819;057540036036;100mN31996E42259;NA;NA;5;47;M;M;4049;EMP
057540036036-1819;057540036036;100mN31996E42259;NA;NA;5;59;M;F;5064;EMP
057540036036-1819;057540036036;100mN31996E42259;NA;NA;5;58;S;F;5064;EMP
057540036036-1819;057540036036;100mN31996E42259;NA;NA;5;63;S;F;5064;NEP
057540036036-1819;057540036036;100mN31996E42259;NA;NA;5;71;M;F;6574;EMP
057540036036-1820;057540036036;100mN32019E42252;MC;NA;2;27;M;F;2529;NEP
057540036036-1820;057540036036;100mN32019E42252;MC;NA;2;30;M;M;3039;NEP
057540036036-1821;057540036036;100mN31966E42249;SF;NA;2;77;S;F;75XX;NEP
057540036036-1821;057540036036;100mN31966E42249;SF;NA;2;60;W;F;5064;NEP
057540036036-1822;057540036036;100mN31999E42256;MC;NA;6;60;M;M;5064;EMP
057540036036-1822;057540036036;100mN31999E42256;MC;NA;6;36;M;F;3039;NEP
057540036036-1822;057540036036;100mN31999E42256;MC;NA;6;45;W;F;4049;EMP
057540036036-1822;057540036036;100mN31999E42256;MC;NA;6;10;S;M;0614;NEP
057540036036-1822;057540036036;100mN31999E42256;MC;NA;6;44;S;M;4049;NEP
057540036036-1822;057540036036;100mN31999E42256;MC;NA;6;44;S;M;4049;NEP
057540036036-1823;057540036036;100mN31987E42272;PO;NA;4;36;S;F;3039;EMP
057540036036-1823;057540036036;100mN31987E42272;PO;NA;4;40;S;F;4049;EMP
057540036036-1823;057540036036;100mN31987E42272;PO;NA;4;11;S;M;0614;NEP
057540036036-1823;057540036036;100mN31987E42272;PO;NA;4;4;S;M;0305;NEP
057540036036-1824;057540036036;100mN31995E42294;S;NA;1;42;S;M;4049;EMP
057540036036-1825;057540036036;100mN31995E42302;MC;NA;4;35;M;M;3039;EMP
057540036036-1825;057540036036;100mN31995E42302;MC;NA;4;40;M;F;4049;EMP
057540036036-1825;057540036036;100mN31995E42302;MC;NA;4;15;S;F;1517;NEP
057540036036-1825;057540036036;100mN31995E42302;MC;NA;4;13;S;F;0614;NEP
057540036036-1826;057540036036;100mN32018E42289;MC;NA;3;47;M;F;4049;EMP
057540036036-1826;057540036036;100mN32018E42289;MC;NA;3;51;M;M;5064;EMP
057540036036-1826;057540036036;100mN32018E42289;MC;NA;3;13;S;M;0614;NEP
057540036036-1827;057540036036;100mN32015E42241;MC;MIX;2;80;M;F;75XX;EMP
057540036036-1827;057540036036;100mN32015E42241;MC;MIX;2;9;S;M;0614;NEP
057540036036-1828;057540036036;100mN31975E42300;SM;NA;2;47;W;M;4049;EMP
057540036036-1828;057540036036;100mN31975E42300;SM;NA;2;4;S;M;0305;NEP
057540036036-1829;057540036036;100mN32009E42279;MC;OS;2;71;M;F;6574;NEP
057540036036-1829;057540036036;100mN32009E42279;MC;OS;2;87;M;M;75XX;UEP
057540036036-1830;057540036036;100mN32015E42241;S;NA;1;68;M;F;6574;EMP
057540036036-1831;057540036036;100mN32015E42241;MC;OS;4;67;M;M;6574;EMP
057540036036-1831;057540036036;100mN32015E42241;MC;OS;4;65;M;F;6574;EMP
057540036036-1831;057540036036;100mN32015E42241;MC;OS;4;81;M;M;75XX;NEP
057540036036-1831;057540036036;100mN32015E42241;MC;OS;4;68;M;M;6574;EMP
057540036036-1832;057540036036;100mN31970E42256;S;OS;1;54;S;M;5064;EMP
057540036036-1833;057540036036;100mN31990E42259;MC;NA;2;32;M;F;3039;NEP
057540036036-1833;057540036036;100mN31990E42259;MC;NA;2;33;M;M;3039;NEP
057540036036-1834;057540036036;100mN32001E42290;MC;NA;2;46;M;M;4049;EMP
057540036036-1834;057540036036;100mN32001E42290;MC;NA;2;41;M;F;4049;EMP
057540036036-1835;057540036036;100mN32015E42241;MC;NA;3;48;M;M;4049;EMP
057540036036-1835;057540036036;100mN32015E42241;MC;NA;3;47;M;F;4049;EMP
057540036036-1835;057540036036;100mN32015E42241;MC;NA;3;3;S;M;0305;NEP
057540036036-1836;057540036036;100mN32009E42278;MC;NA;3;56;M;F;5064;EMP
057540036036-1836;057540036036;100mN32009E42278;MC;NA;3;59;M;F;5064;NEP
057540036036-1836;057540036036;100mN32009E42278;MC;NA;3;13;S;F;0614;NEP
057540036036-1837;057540036036;100mN32001E42256;MC;NA;6;57;M;F;5064;EMP
057540036036-1837;057540036036;100mN32001E42256;MC;NA;6;56;M;M;5064;EMP
057540036036-1837;057540036036;100mN32001E42256;MC;NA;6;11;S;M;0614;NEP
057540036036-1837;057540036036;100mN32001E42256;MC;NA;6;2;S;M;0003;NEP
057540036036-1837;057540036036;100mN32001E42256;MC;NA;6;20;M;M;1824;EMP
057540036036-1837;057540036036;100mN32001E42256;MC;NA;6;10;S;F;0614;NEP
057540036036-1838;057540036036;100mN32015E42241;MC;MIX;2;69;M;F;6574;EMP
057540036036-1838;057540036036;100mN32015E42241;MC;MIX;2;68;M;M;6574;EMP
057540036036-1839;057540036036;100mN32015E42241;S;NA;1;30;S;M;3039;NEP
057540036036-1840;057540036036;100mN31999E42292;S;OS;1;20;W;M;1824;NEP
057540036036-1841;057540036036;100mN31990E42256;S;NA;1;43;S;F;4049;EMP
057540036036-1842;057540036036;100mN32017E42232;MC;NA;5;41;M;M;4049;EMP
057540036036-1842;057540036036;100mN32017E42232;MC;NA;5;18;M;F;1824;NEP
057540036036-1842;057540036036;100mN32017E42232;MC;NA;5;11;S;M;0614;NEP
057540036036-1842;057540036036;100mN32017E42232;MC;NA;5;21;M;F;1824;EMP
057540036036-1842;057540036036;100mN32017E42232;MC;NA;5;7;S;M;0614;NEP
057540036036-1843;057540036036;100mN32015E42241;MC;NA;2;21;M;F;1824;EMP
057540036036-1843;057540036036;100mN32015E42241;MC;NA;2;22;M;M;1824;NEP
057540036036-1844;057540036036;100mN32020E42219;MC;NA;4;34;M;M;3039;EMP
057540036036-1844;057540036036;100mN32020E42219;MC;NA;4;40;M;F;4049;NEP
057540036036-1844;057540036036;100mN32020E42219;MC;NA;4;0;S;M;0003;NEP
057540036036-1844;057540036036;100mN32020E42219;MC;NA;4;19;W;F;1824;EMP
057540036036-1845;057540036036;100mN32010E42278;MC;NA;4;42;M;M;4049;EMP
057540036036-1845;057540036036;100mN32010E42278;MC;NA;4;41;M;F;4049;EMP
057540036036-1845;057540036036;100mN32010E42278;MC;NA;4;2;S;M;0003;NEP
057540036036-1845;057540036036;100mN32010E42278;MC;NA;4;21;W;M;1824;EMP
057540036036-1846;057540036036;100mN31994E42261;MC;NA;6;60;M;M;5064;EMP
057540036036-1846;057540036036;100mN31994E42261;MC;NA;6;11;S;F;0614;NEP
057540036036-1846;057540036036;100mN31994E42261;MC;NA;6;16;S;M;1517;EMP
057540036036-1846;057540036036;100mN31994E42261;MC;NA;6;32;M;M;3039;EMP
057540036036-1846;057540036036;100mN31994E42261;MC;NA;6;43;M;F;4049;EMP
057540036036-1846;057540036036;100mN31994E42261;MC;NA;6;11;S;M;0614;NEP
057540036036-1847;057540036036;100mN32005E42289;S;OS;1;23;S;F;1824;NEP
057540036036-1848;057540036036;100mN32010E42248;MC;NA;2;27;M;M;2529;EMP
057540036036-1848;057540036036;100mN32010E42248;MC;NA;2;26;M;F;2529;EMP
057540036036-1849;057540036036;100mN32019E42249;MC;MIX;3;71;M;F;6574;EMP
057540036036-1849;057540036036;100mN32019E42249;MC;MIX;3;41;M;M;4049;NEP
057540036036-1849;057540036036;100mN32019E42249;MC;MIX;3;40;M;F;4049;EMP
057540036036-1850;057540036036;100mN32019E42246;MC;MIX;3;65;S;M;6574;EMP
057540036036-1850;057540036036;100mN32019E42246;MC;MIX;3;41;M;F;4049;NEP
057540036036-1850;057540036036;100mN32019E42246;MC;MIX;3;41;M;M;4049;EMP
057540036036-1851;057540036036;100mN31989E42262;MC;NA;3;31;M;M;3039;EMP
057540036036-1851;057540036036;100mN31989E42262;MC;NA;3;22;M;F;1824;EMP
057540036036-1851;057540036036;100mN31989E42262;MC;NA;3;13;S;F;0614;NEP
057540036036-1852;057540036036;100mN32021E42250;NA;MIX;2;25;W;F;2529;NEP
057540036036-1852;057540036036;100mN32021E42250;NA;MIX;2;21;M;F;1824;NEP
057540036036-1853;057540036036;100mN32019E42249;MC;OS;4;70;M;F;6574;EMP
057540036036-1853;057540036036;100mN32019E42249;MC;OS;4;75;M;M;75XX;UEP
057540036036-1853;057540036036;100mN32019E42249;MC;OS;4;72;W;F;6574;EMP
057540036036-1853;057540036036;100mN32019E42249;MC;OS;4;77;M;F;75XX;NEP
057540036036-1854;057540036036;100mN32017E42240;MC;MIX;6;65;M;M;6574;EMP
057540036036-1854;057540036036;100mN32017E42240;MC;MIX;6;61;M;M;5064;EMP
057540036036-1854;057540036036;100mN32017E42240;MC;MIX;6;58;M;F;5064;NEP
057540036036-1854;057540036036;100mN32017E42240;MC;MIX;6;16;S;M;1517;EMP
057540036036-1854;057540036036;100mN32017E42240;MC;MIX;6;1;S;M;0003;NEP
057540036036-1854;057540036036;100mN32017E42240;MC;MIX;6;46;M;F;4049;NEP
057540036036-1855;057540036036;100mN32019E42249;SF;NA;2;48;S;F;4049;EMP
057540036036-1855;057540036036;100mN32019E42249;SF;NA;2;7;S;F;0614;NEP
057540036036-1856;057540036036;100mN32005E42252;MC;NA;2;42;M;M;4049;EMP
057540036036-1856;057540036036;100mN32005E42252;MC;NA;2;43;M;F;4049;EMP
057540036036-1857;057540036036;100mN32019E42249;MC;NA;6;37;M;M;3039;EMP
057540036036-1857;057540036036;100mN32019E42249;MC;NA;6;31;M;F;3039;NEP
057540036036-1857;057540036036;100mN32019E42249;MC;NA;6;15;S;M;1517;NEP
057540036036-1857;057540036036;100mN32019E42249;MC;NA;6;3;S;F;0305;NEP
057540036036-1857;057540036036;100mN32019E42249;MC;NA;6;12;S;F;0614;NEP
057540036036-1857;057540036036;100mN32019E42249;MC;NA;6;20;S;M;1824;EMP
057540036036-1858;057540036036;100mN31973E42247;MC;NA;6;45;M;M;4049;EMP
057540036036-1858;057540036036;100mN31973E42247;MC;NA;6;42;M;F;4049;EMP
057540036036-1858;057540036036;100mN31973E42247;MC;NA;6;26;W;M;2529;EMP
057540036036-1858;057540036036;100mN31973E42247;MC;NA;6;7;S;F;0614;NEP
057540036036-1858;057540036036;100mN31973E42247;MC;NA;6;7;S;M;0614;NEP
057540036036-1858;057540036036;100mN31973E42247;MC;NA;6;13;S;M;0614;NEP
057540036036-1859;057540036036;100mN32005E42286;MC;NA;3;42;M;F;4049;NEP
057540036036-1859;057540036036;100mN32005E42286;MC;NA;3;44;M;M;4049;EMP
057540036036-1859;057540036036;100mN32005E42286;MC;NA;3;16;S;M;1517;UEP
057540036036-1860;057540036036;100mN32018E42240;MC;NA;4;48;M;F;4049;EMP
057540036036-1860;057540036036;100mN32018E42240;MC;NA;4;51;M;M;5064;EMP
057540036036-1860;057540036036;100mN32018E42240;MC;NA;4;7;S;F;0614;NEP
057540036036-1860;057540036036;100mN32018E42240;MC;NA;4;10;S;F;0614;NEP
057540036036-1861;057540036036;100mN32016E42251;MC;MIX;4;84;M;M;75XX;EMP
057540036036-1861;057540036036;100mN32016E42251;MC;MIX;4;50;M;M;5064;EMP
057540036036-1861;057540036036;100mN32016E42251;MC;MIX;4;50;M;F;5064;EMP
057540036036-1861;057540036036;100mN32016E42251;MC;MIX;4;3;S;M;0305;NEP
057540036036-1862;057540036036;100mN32016E42246;MC;OS;2;69;M;M;6574;EMP
057540036036-1862;057540036036;100mN32016E42246;MC;OS;2;68;M;F;6574;EMP
057540036036-1863;057540036036;100mN32016E42246;MC;NA;2;36;M;M;3039;NEP
057540036036-1863;057540036036;100mN32016E42246;MC;NA;2;51;M;F;5064;NEP
057540036036-1864;057540036036;100mN32016E42246;S;NA;1;59;M;F;5064;EMP
057540036036-1865;057540036036;100mN32019E42247;S;NA;1;51;S;M;5064;EMP
057540036036-1866;057540036036;100mN32010E42252;S;OS;1;37;S;F;3039;NEP
057540036036-1867;057540036036;100mN32016E42246;MC;MIX;2;67;M;F;6574;EMP
057540036036-1867;057540036036;100mN32016E42246;MC;MIX;2;40;S;F;4049;EMP
057540036036-1868;057540036036;100mN31987E42258;S;NA;1;34;W;F;3039;EMP
057540036036-1869;057540036036;100mN32004E42261;S;NA;1;31;M;F;3039;NEP
057540036036-1870;057540036036;100mN32016E42246;MC;NA;2;50;M;F;5064;NEP
057540036036-1870;057540036036;100mN32016E42246;MC;NA;2;47;M;M;4049;EMP
057540036036-1871;057540036036;100mN32018E42243;SF;NA;2;46;W;F;4049;NEP
057540036036-1871;057540036036;100mN32018E42243;SF;NA;2;12;S;M;0614;NEP
057540036036-1872;057540036036;100mN32023E42251;S;NA;1;42;M;F;4049;NEP
057540036036-1873;057540036036;100mN32005E42258;MC;NA;3;42;M;M;4049;EMP
057540036036-1873;057540036036;100mN32005E42258;MC;NA;3;40;M;F;4049;EMP
057540036036-1873;057540036036;100mN32005E42258;MC;NA;3;2;S;M;0003;NEP
057540036036-1874;057540036036;100mN32005E42285;MC;OS;5;68;M;F;6574;NEP
057540036036-1874;057540036036;100mN32005E42285;MC;OS;5;68;M;M;6574;EMP
057540036036-1874;057540036036;100mN32005E42285;MC;OS;5;66;D;M;6574;EMP
057540036036-1874;057540036036;100mN32005E42285;MC;OS;5;70;M;M;6574;EMP
057540036036-1874;057540036036;100mN32005E42285;MC;OS;5;79;W;F;75XX;NEP
057540036036-1875;057540036036;100mN32017E42288;PO;OS;2;78;S;M;75XX;EMP
057540036036-1875;057540036036;100mN32017E42288;PO;OS;2;77;S;M;75XX;EMP
057540036036-1876;057540036036;100mN32016E42246;S;NA;1;33;D;F;3039;EMP
057540036036-1877;057540036036;100mN32016E42246;S;NA;1;38;M;M;3039;NEP
057540036036-1878;057540036036;100mN31995E42255;SF;MIX;4;86;S;F;75XX;EMP
057540036036-1878;057540036036;100mN31995E42255;SF;MIX;4;30;D;F;3039;EMP
057540036036-1878;057540036036;100mN31995E42255;SF;MIX;4;0;S;M;0003;NEP
057540036036-1878;057540036036;100mN31995E42255;SF;MIX;4;9;S;F;0614;NEP
057540036036-1879;057540036036;100mN32016E42246;MC;OS;4;82;M;M;75XX;EMP
057540036036-1879;057540036036;100mN32016E42246;MC;OS;4;78;M;F;75XX;NEP
057540036036-1879;057540036036;100mN32016E42246;MC;OS;4;72;M;M;6574;EMP
057540036036-1879;057540036036;100mN32016E42246;MC;OS;4;78;S;M;75XX;NEP
057540036036-1880;057540036036;100mN31986E42270;MC;NA;2;63;M;M;5064;EMP
057540036036-1880;057540036036;100mN31986E42270;MC;NA;2;60;M;F;5064;EMP
057540036036-1881;057540036036;100mN31995E42255;MC;NA;2;48;M;F;4049;NEP
057540036036-1881;057540036036;100mN31995E42255;MC;NA;2;18;M;M;1824;EMP
057540036036-1882;057540036036;100mN32003E42261;S;OS;1;36;W;F;3039;EMP
057540036036-1883;057540036036;100mN32007E42230;SF;NA;4;44;S;F;4049;EMP
057540036036-1883;057540036036;100mN32007E42230;SF;NA;4;15;S;M;1517;EMP
057540036036-1883;057540036036;100mN32007E42230;SF;NA;4;15;S;M;1517;UEP
057540036036-1883;057540036036;100mN32007E42230;SF;NA;4;22;M;F;1824;NEP
057540036036-1884;057540036036;100mN31981E42242;S;NA;1;41;W;F;4049;NEP
057540036036-1885;057540036036;100mN32010E42248;MC;MIX;5;67;W;M;6574;EMP
057540036036-1885;057540036036;100mN32010E42248;MC;MIX;5;44;M;M;4049;NEP
057540036036-1885;057540036036;100mN32010E42248;MC;MIX;5;43;M;F;4049;EMP
057540036036-1885;057540036036;100mN32010E42248;MC;MIX;5;13;S;F;0614;NEP
057540036036-1885;057540036036;100mN32010E42248;MC;MIX;5;26;S;F;2529;EMP
057540036036-1886;057540036036;100mN31967E42280;S;OS;1;66;S;F;6574;NEP
057540036036-1887;057540036036;100mN32020E42254;PO;NA;3;41;S;M;4049;NEP
057540036036-1887;057540036036;100mN32020E42254;PO;NA;3;38;S;F;3039;NEP
057540036036-1887;057540036036;100mN32020E42254;PO;NA;3;15;S;M;1517;EMP
057540036036-1888;057540036036;100mN32001E42301;MC;NA;3;45;M;F;4049;EMP
057540036036-1888;057540036036;100mN32001E42301;MC;NA;3;48;M;M;4049;EMP
057540036036-1888;057540036036;100mN32001E42301;MC;NA;3;0;S;M;0003;NEP
057540036036-1889;057540036036;100mN32002E42255;MC;NA;2;52;M;F;5064;EMP
057540036036-1889;057540036036;100mN32002E42255;MC;NA;2;18;M;M;1824;EMP
057540036036-1890;057540036036;100mN32002E42255;S;OS;1;77;S;M;75XX;EMP
057540036036-1891;057540036036;100mN32012E42227;MC;NA;3;54;M;M;5064;EMP
057540036036-1891;057540036036;100mN32012E42227;MC;NA;3;45;M;F;4049;NEP
057540036036-1891;057540036036;100mN32012E42227;MC;NA;3;33;S;M;3039;NEP
057540036036-1892;057540036036;100mN31998E42257;MC;NA;3;45;M;M;4049;EMP
057540036036-1892;057540036036;100mN31998E42257;MC;NA;3;42;M;F;4049;NEP
057540036036-1892;057540036036;100mN31998E42257;MC;NA;3;25;D;F;2529;EMP
057540036036-1893;057540036036;100mN32010E42252;MC;NA;3;60;M;F;5064;EMP
057540036036-1893;057540036036;100mN32010E42252;MC;NA;3;62;M;M;5064;EMP
057540036036-1893;057540036036;100mN32010E42252;MC;NA;3;16;S;M;1517;EMP
057540036036-1894;057540036036;100mN31998E42259;MC;NA;4;45;M;F;4049;EMP
057540036036-1894;057540036036;100mN31998E42259;MC;NA;4;47;M;M;4049;EMP
057540036036-1894;057540036036;100mN31998E42259;MC;NA;4;13;S;M;0614;NEP
057540036036-1894;057540036036;100mN31998E42259;MC;NA;4;3;S;F;0305;NEP
057540036036-1895;057540036036;100mN32002E42256;MC;NA;2;57;M;M;5064;NEP
057540036036-1895;057540036036;100mN32002E42256;MC;NA;2;58;M;F;5064;EMP
057540036036-1896;057540036036;100mN32004E42283;PO;NA;3;44;S;M;4049;NEP
057540036036-1896;057540036036;100mN32004E42283;PO;NA;3;41;S;M;4049;EMP
057540036036-1896;057540036036;100mN32004E42283;PO;NA;3;3;S;F;0305;NEP
057540036036-1897;057540036036;100mN31990E42264;S;NA;1;48;S;F;4049;NEP
057540036036-1898;057540036036;100mN32005E42279;S;NA;1;28;M;F;2529;EMP
057540036036-1899;057540036036;100mN32002E42256;PO;NA;3;60;S;M;5064;EMP
057540036036-1899;057540036036;100mN32002E42256;PO;NA;3;53;S;M;5064;EMP
057540036036-1899;057540036036;100mN32002E42256;PO;NA;3;6;S;M;0614;NEP
057540036036-1900;057540036036;100mN32015E42227;MC;NA;3;48;M;F;4049;NEP
057540036036-1900;057540036036;100mN32015E42227;MC;NA;3;57;M;M;5064;NEP
057540036036-1900;057540036036;100mN32015E42227;MC;NA;3;10;S;F;0614;NEP
057540036036-1901;057540036036;100mN32018E42255;PO;NA;4;54;S;M;5064;EMP
057540036036-1901;057540036036;100mN32018E42255;PO;NA;4;52;S;F;5064;NEP
057540036036-1901;057540036036;100mN32018E42255;PO;NA;4;1;S;M;0003;NEP
057540036036-1901;057540036036;100mN32018E42255;PO;NA;4;8;S;F;0614;NEP
057540036036-1902;057540036036;100mN31992E42263;PO;MIX;4;69;M;M;6574;EMP
057540036036-1902;057540036036;100mN31992E42263;PO;MIX;4;28;S;F;2529;EMP
057540036036-1902;057540036036;100mN31992E42263;PO;MIX;4;37;S;M;3039;EMP
057540036036-1902;057540036036;100mN31992E42263;PO;MIX;4;11;S;M;0614;NEP
057540036036-1903;057540036036;100mN32002E42256;PO;NA;2;53;S;M;5064;NEP
057540036036-1903;057540036036;100mN32002E42256;PO;NA;2;45;S;F;4049;EMP
057540036036-1904;057540036036;100mN31987E42271;MC;NA;3;57;M;M;5064;NEP
057540036036-1904;057540036036;100mN31987E42271;MC;NA;3;57;M;F;5064;NEP
057540036036-1904;057540036036;100mN31987E42271;MC;NA;3;15;S;M;1517;EMP
057540036036-1905;057540036036;100mN31994E42257;SF;NA;4;79;W;F;75XX;EMP
057540036036-1905;057540036036;100mN31994E42257;SF;NA;4;3;S;F;0305;NEP
057540036036-1905;057540036036;100mN31994E42257;SF;NA;4;6;S;F;0614;NEP
057540036036-1905;057540036036;100mN31994E42257;SF;NA;4;15;S;F;1517;EMP
057540036036-1906;057540036036;100mN32002E42256;MC;NA;3;60;M;F;5064;EMP
057540036036-1906;057540036036;100mN32002E42256;MC;NA;3;53;M;M;5064;EMP
057540036036-1906;057540036036;100mN32002E42256;MC;NA;3;3;S;F;0305;NEP
057540036036-1907;057540036036;100mN32002E42256;S;NA;1;33;S;M;3039;NEP
057540036036-1908;057540036036;100mN32001E42256;MC;NA;6;57;M;F;5064;EMP
057540036036-1908;057540036036;100mN32001E42256;MC;NA;6;56;M;M;5064;EMP
057540036036-1908;057540036036;100mN32001E42256;MC;NA;6;11;S;M;0614;NEP
057540036036-1908;057540036036;100mN32001E42256;MC;NA;6;2;S;M;0003;NEP
057540036036-1908;057540036036;100mN32001E42256;MC;NA;6;20;M;M;1824;EMP
057540036036-1908;057540036036;100mN32001E42256;MC;NA;6;10;S;F;0614;NEP
057540036036-1909;057540036036;100mN32004E42259;MC;NA;2;43;M;F;4049;EMP
057540036036-1909;057540036036;100mN32004E42259;MC;NA;2;43;M;M;4049;NEP
057540036036-1910;057540036036;100mN31983E42280;MC;NA;2;42;M;M;4049;UEP
057540036036-1910;057540036036;100mN31983E42280;MC;NA;2;44;M;F;4049;NEP
057540036036-1911;057540036036;100mN31973E42252;MC;OS;2;70;M;M;6574;EMP
057540036036-1911;057540036036;100mN31973E42252;MC;OS;2;72;M;F;6574;EMP
057540036036-1912;057540036036;100mN32004E42258;SF;NA;4;88;W;F;75XX;NEP
057540036036-1912;057540036036;100mN32004E42258;SF;NA;4;12;S;F;0614;NEP
057540036036-1912;057540036036;100mN32004E42258;SF;NA;4;47;S;F;4049;NEP
057540036036-1912;057540036036;100mN32004E42258;SF;NA;4;1;S;F;0003;NEP
057540036036-1913;057540036036;100mN32011E42252;MC;NA;3;31;M;M;3039;EMP
057540036036-1913;057540036036;100mN32011E42252;MC;NA;3;30;M;F;3039;NEP
057540036036-1913;057540036036;100mN32011E42252;MC;NA;3;16;S;M;1517;EMP
057540036036-1914;057540036036;100mN32011E42252;MC;OS;4;81;M;M;75XX;EMP
057540036036-1914;057540036036;100mN32011E42252;MC;OS;4;72;M;F;6574;NEP
057540036036-1914;057540036036;100mN32011E42252;MC;OS;4;84;W;F;75XX;EMP
057540036036-1914;057540036036;100mN32011E42252;MC;OS;4;73;D;M;6574;EMP
057540036036-1915;057540036036;100mN32020E42240;MC;NA;2;18;M;M;1824;EMP
057540036036-1915;057540036036;100mN32020E42240;MC;NA;2;18;M;F;1824;NEP
057540036036-1916;057540036036;100mN32012E42249;MC;OS;2;78;M;M;75XX;EMP
057540036036-1916;057540036036;100mN32012E42249;MC;OS;2;69;M;F;6574;NEP
057540036036-1917;057540036036;100mN32003E42259;PO;OS;4;69;S;F;6574;EMP
057540036036-1917;057540036036;100mN32003E42259;PO;OS;4;73;S;M;6574;UEP
057540036036-1917;057540036036;100mN32003E42259;PO;OS;4;87;S;M;75XX;EMP
057540036036-1917;057540036036;100mN32003E42259;PO;OS;4;70;S;M;6574;NEP
057540036036-1918;057540036036;100mN32003E42259;MC;NA;2;40;M;M;4049;NEP
057540036036-1918;057540036036;100mN32003E42259;MC;NA;2;33;M;F;3039;EMP
057540036036-1919;057540036036;100mN32005E42278;SF;NA;5;86;S;F;75XX;EMP
057540036036-1919;057540036036;100mN32005E42278;SF;NA;5;1;S;M;0003;NEP
057540036036-1919;057540036036;100mN32005E42278;SF;NA;5;8;S;M;0614;NEP
057540036036-1919;057540036036;100mN32005E42278;SF;NA;5;11;S;F;0614;NEP
057540036036-1919;057540036036;100mN32005E42278;SF;NA;5;1;S;M;0003;NEP
057540036036-1920;057540036036;100mN31985E42270;MC;NA;2;43;M;F;4049;EMP
057540036036-1920;057540036036;100mN31985E42270;MC;NA;2;50;M;M;5064;EMP
057540036036-1921;057540036036;100mN32003E42259;MC;NA;2;22;M;M;1824;NEP
057540036036-1921;057540036036;100mN32003E42259;MC;NA;2;18;M;F;1824;NEP
057540036036-1922;057540036036;100mN32003E42259;MC;OS;3;73;M;M;6574;NEP
057540036036-1922;057540036036;100mN32003E42259;MC;OS;3;73;M;F;6574;EMP
057540036036-1922;057540036036;100mN32003E42259;MC;OS;3;67;S;F;6574;NEP
057540036036-1923;057540036036;100mN32010E42288;S;OS;1;37;M;F;3039;EMP
057540036036-1924;057540036036;100mN31997E42258;MC;NA;2;51;M;F;5064;EMP
057540036036-1924;057540036036;100mN31997E42258;MC;NA;2;53;M;M;5064;NEP
057540036036-1925;057540036036;100mN32017E42250;MC;NA;5;32;M;F;3039;EMP
057540036036-1925;057540036036;100mN32017E42250;MC;NA;5;34;M;M;3039;EMP
057540036036-1925;057540036036;100mN32017E42250;MC;NA;5;12;S;M;0614;NEP
057540036036-1925;057540036036;100mN32017E42250;MC;NA;5;10;S;M;0614;NEP
057540036036-1925;057540036036;100mN32017E42250;MC;NA;5;13;S;M;0614;NEP
057540036036-1926;057540036036;100mN31975E42299;MC;NA;4;30;M;M;3039;EMP
057540036036-1926;057540036036;100mN31975E42299;MC;NA;4;33;M;F;3039;EMP
057540036036-1926;057540036036;100mN31975E42299;MC;NA;4;10;S;F;0614;NEP
057540036036-1926;057540036036;100mN31975E42299;MC;NA;4;9;S;F;0614;NEP
057540036036-1927;057540036036;100mN32003E42259;MC;NA;3;34;M;F;3039;NEP
057540036036-1927;057540036036;100mN32003E42259;MC;NA;3;34;M;M;3039;EMP
057540036036-1927;057540036036;100mN32003E42259;MC;NA;3;8;S;M;0614;NEP
057540036036-1928;057540036036;100mN31999E42254;S;OS;1;26;M;M;2529;NEP
057540036036-1929;057540036036;100mN32004E42276;S;NA;1;38;M;F;3039;EMP
057540036036-1930;057540036036;100mN32003E42259;MC;MIX;2;82;M;F;75XX;EMP
057540036036-1930;057540036036;100mN32003E42259;MC;MIX;2;13;S;M;0614;NEP
057540036036-1931;057540036036;100mN32003E42259;MC;NA;3;46;M;M;4049;EMP
057540036036-1931;057540036036;100mN32003E42259;MC;NA;3;43;M;F;4049;EMP
057540036036-1931;057540036036;100mN32003E42259;MC;NA;3;27;M;F;2529;EMP
057540036036-1932;057540036036;100mN32006E42286;MC;NA;4;60;M;M;5064;EMP
057540036036-1932;057540036036;100mN32006E42286;MC;NA;4;57;M;F;5064;EMP
057540036036-1932;057540036036;100mN32006E42286;MC;NA;4;3;S;F;0305;NEP
057540036036-1932;057540036036;100mN32006E42286;MC;NA;4;40;S;F;4049;EMP
057540036036-1933;057540036036;100mN32021E42253;S;NA;1;63;D;M;5064;EMP
057540036036-1934;057540036036;100mN31996E42265;MC;OS;2;79;M;F;75XX;EMP
057540036036-1934;057540036036;100mN31996E42265;MC;OS;2;82;M;M;75XX;EMP
057540036036-1935;057540036036;100mN32007E42287;MC;NA;3;48;M;M;4049;EMP
057540036036-1935;057540036036;100mN32007E42287;MC;NA;3;62;M;F;5064;EMP
057540036036-1935;057540036036;100mN32007E42287;MC;NA;3;15;S;M;1517;EMP
057540036036-1936;057540036036;100mN32018E42241;MC;NA;3;36;M;F;3039;EMP
057540036036-1936;057540036036;100mN32018E42241;MC;NA;3;33;M;M;3039;EMP
057540036036-1936;057540036036;100mN32018E42241;MC;NA;3;6;S;M;0614;NEP
057540036036-1937;057540036036;100mN32005E42286;MC;NA;2;31;M;M;3039;EMP
057540036036-1937;057540036036;100mN32005E42286;MC;NA;2;32;M;F;3039;EMP
057540036036-1938;057540036036;100mN32007E42291;MC;OS;2;85;M;M;75XX;EMP
057540036036-1938;057540036036;100mN32007E42291;MC;OS;2;80;M;F;75XX;EMP
057540036036-1939;057540036036;100mN32010E42276;MC;OS;2;69;M;F;6574;EMP
057540036036-1939;057540036036;100mN32010E42276;MC;OS;2;69;M;M;6574;EMP
057540036036-1940;057540036036;100mN32022E42251;MC;NA;4;45;M;M;4049;EMP
057540036036-1940;057540036036;100mN32022E42251;MC;NA;4;52;M;F;5064;EMP
057540036036-1940;057540036036;100mN32022E42251;MC;NA;4;6;S;M;0614;NEP
057540036036-1940;057540036036;100mN32022E42251;MC;NA;4;9;S;F;0614;NEP
057540036036-1941;057540036036;100mN32008E42277;MC;NA;6;40;M;M;4049;EMP
057540036036-1941;057540036036;100mN32008E42277;MC;NA;6;41;M;F;4049;EMP
057540036036-1941;057540036036;100mN32008E42277;MC;NA;6;11;S;M;0614;NEP
057540036036-1941;057540036036;100mN32008E42277;MC;NA;6;16;S;M;1517;EMP
057540036036-1941;057540036036;100mN32008E42277;MC;NA;6;0;S;F;0003;NEP
057540036036-1941;057540036036;100mN32008E42277;MC;NA;6;6;S;F;0614;NEP
057540036036-1942;057540036036;100mN32002E42258;MC;NA;4;34;M;M;3039;NEP
057540036036-1942;057540036036;100mN32002E42258;MC;NA;4;33;M;F;3039;NEP
057540036036-1942;057540036036;100mN32002E42258;MC;NA;4;4;S;M;0305;NEP
057540036036-1942;057540036036;100mN32002E42258;MC;NA;4;19;W;F;1824;NEP
057540036036-1943;057540036036;100mN32003E42259;PO;NA;2;51;S;M;5064;EMP
057540036036-1943;057540036036;100mN32003E42259;PO;NA;2;46;S;F;4049;NEP
057540036036-1944;057540036036;100mN32003E42259;S;NA;1;77;S;F;75XX;EMP
057540036036-1945;057540036036;100mN32021E42250;S;NA;1;72;D;M;6574;EMP
057540036036-1946;057540036036;100mN32003E42259;SF;MIX;2;83;S;F;75XX;EMP
057540036036-1946;057540036036;100mN32003E42259;SF;MIX;2;13;S;F;0614;NEP
057540036036-1947;057540036036;100mN32003E42259;NA;NA;2;62;M;M;5064;NEP
057540036036-1947;057540036036;100mN32003E42259;NA;NA;2;51;M;F;5064;EMP
057540036036-1948;057540036036;100mN32003E42259;MC;NA;3;47;M;M;4049;NEP
057540036036-1948;057540036036;100mN32003E42259;MC;NA;3;40;M;F;4049;EMP
057540036036-1948;057540036036;100mN32003E42259;MC;NA;3;12;S;M;0614;NEP
057540036036-1949;057540036036;100mN32003E42259;S;NA;1;45;S;F;4049;EMP
057540036036-1950;057540036036;100mN32018E42251;MC;NA;3;57;M;M;5064;NEP
057540036036-1950;057540036036;100mN32018E42251;MC;NA;3;57;M;F;5064;NEP
057540036036-1950;057540036036;100mN32018E42251;MC;NA;3;3;S;F;0305;NEP
057540036036-1951;057540036036;100mN31985E42269;SF;NA;3;48;S;F;4049;EMP
057540036036-1951;057540036036;100mN31985E42269;SF;NA;3;19;M;M;1824;EMP
057540036036-1951;057540036036;100mN31985E42269;SF;NA;3;6;S;M;0614;NEP
057540036036-1952;057540036036;100mN31966E42249;MC;NA;2;37;M;F;3039;EMP
057540036036-1952;057540036036;100mN31966E42249;MC;NA;2;52;M;M;5064;EMP
057540036036-1953;057540036036;100mN32001E42288;SF;NA;2;65;W;F;6574;EMP
057540036036-1953;057540036036;100mN32001E42288;SF;NA;2;15;S;M;1517;NEP
057540036036-1954;057540036036;100mN31994E42302;SF;NA;2;44;W;F;4049;EMP
057540036036-1954;057540036036;100mN31994E42302;SF;NA;2;2;S;F;0003;NEP
057540036036-1955;057540036036;100mN31989E42265;MC;NA;2;54;M;M;5064;EMP
057540036036-1955;057540036036;100mN31989E42265;MC;NA;2;51;M;F;5064;NEP
057540036036-1956;057540036036;100mN32003E42259;MC;NA;3;44;M;F;4049;EMP
057540036036-1956;057540036036;100mN32003E42259;MC;NA;3;45;M;M;4049;EMP
057540036036-1956;057540036036;100mN32003E42259;MC;NA;3;22;S;M;1824;EMP
057540036036-1957;057540036036;100mN32015E42247;MC;NA;2;20;M;M;1824;UEP
057540036036-1957;057540036036;100mN32015E42247;MC;NA;2;18;M;F;1824;NEP
057540036036-1958;057540036036;100mN32003E42259;S;NA;1;62;M;F;5064;EMP
057540036036-1959;057540036036;100mN31972E42298;MC;MIX;2;70;M;M;6574;NEP
057540036036-1959;057540036036;100mN31972E42298;MC;MIX;2;21;S;F;1824;EMP
057540036036-1960;057540036036;100mN32014E42226;MC;NA;3;35;M;F;3039;NEP
057540036036-1960;057540036036;100mN32014E42226;MC;NA;3;36;M;M;3039;EMP
057540036036-1960;057540036036;100mN32014E42226;MC;NA;3;19;M;F;1824;EMP
057540036036-1961;057540036036;100mN31972E42298;SF;NA;2;42;S;F;4049;EMP
057540036036-1961;057540036036;100mN31972E42298;SF;NA;2;1;S;F;0003;NEP
057540036036-1962;057540036036;100mN31975E42279;MC;NA;4;42;M;F;4049;NEP
057540036036-1962;057540036036;100mN31975E42279;MC;NA;4;45;M;M;4049;EMP
057540036036-1962;057540036036;100mN31975E42279;MC;NA;4;23;W;F;1824;NEP
057540036036-1962;057540036036;100mN31975E42279;MC;NA;4;6;S;F;0614;NEP
057540036036-1963;057540036036;100mN32007E42287;MC;NA;2;59;M;F;5064;EMP
057540036036-1963;057540036036;100mN32007E42287;MC;NA;2;53;M;M;5064;EMP
057540036036-1964;057540036036;100mN32004E42256;S;NA;1;59;S;F;5064;EMP
057540036036-1965;057540036036;100mN32010E42249;MC;NA;2;37;M;F;3039;NEP
057540036036-1965;057540036036;100mN32010E42249;MC;NA;2;40;M;M;4049;EMP
057540036036-1966;057540036036;100mN31997E42260;MC;OS;2;86;M;M;75XX;EMP
057540036036-1966;057540036036;100mN31997E42260;MC;OS;2;80;M;F;75XX;EMP
057540036036-1967;057540036036;100mN31999E42254;MC;NA;2;50;M;F;5064;EMP
057540036036-1967;057540036036;100mN31999E42254;MC;NA;2;50;M;M;5064;EMP
057540036036-1968;057540036036;100mN32017E42256;S;NA;1;69;D;F;6574;EMP
057540036036-1969;057540036036;100mN32010E42249;SF;MIX;2;72;S;F;6574;NEP
057540036036-1969;057540036036;100mN32010E42249;SF;MIX;2;12;S;F;0614;NEP
057540036036-1970;057540036036;100mN32010E42249;MC;NA;2;54;M;M;5064;EMP
057540036036-1970;057540036036;100mN32010E42249;MC;NA;2;53;M;F;5064;EMP
057540036036-1971;057540036036;100mN32005E42278;S;NA;1;54;M;M;5064;EMP
057540036036-1972;057540036036;100mN31993E42283;MC;NA;2;62;M;M;5064;EMP
057540036036-1972;057540036036;100mN31993E42283;MC;NA;2;62;M;F;5064;EMP
057540036036-1973;057540036036;100mN32010E42249;SF;MIX;2;86;S;F;75XX;NEP
057540036036-1973;057540036036;100mN32010E42249;SF;MIX;2;54;M;M;5064;EMP
057540036036-1974;057540036036;100mN32010E42249;MC;MIX;5;71;M;F;6574;NEP
057540036036-1974;057540036036;100mN32010E42249;MC;MIX;5;44;M;M;4049;EMP
057540036036-1974;057540036036;100mN32010E42249;MC;MIX;5;37;M;F;3039;EMP
057540036036-1974;057540036036;100mN32010E42249;MC;MIX;5;15;S;M;1517;NEP
057540036036-1974;057540036036;100mN32010E42249;MC;MIX;5;8;S;M;0614;NEP
057540036036-1975;057540036036;100mN32010E42249;MC;OS;3;68;M;M;6574;EMP
057540036036-1975;057540036036;100mN32010E42249;MC;OS;3;72;M;F;6574;NEP
057540036036-1975;057540036036;100mN32010E42249;MC;OS;3;85;M;M;75XX;NEP
057540036036-1976;057540036036;100mN32008E42279;MC;OS;3;83;M;M;75XX;EMP
057540036036-1976;057540036036;100mN32008E42279;MC;OS;3;80;M;F;75XX;EMP
057540036036-1976;057540036036;100mN32008E42279;MC;OS;3;68;M;F;6574;EMP
057540036036-1977;057540036036;100mN32010E42249;PO;MIX;6;71;W;F;6574;NEP
057540036036-1977;057540036036;100mN32010E42249;PO;MIX;6;51;S;M;5064;EMP
057540036036-1977;057540036036;100mN32010E42249;PO;MIX;6;53;S;F;5064;NEP
057540036036-1977;057540036036;100mN32010E42249;PO;MIX;6;6;S;F;0614;NEP
057540036036-1977;057540036036;100mN32010E42249;PO;MIX;6;3;S;M;0305;NEP
057540036036-1977;057540036036;100mN32010E42249;PO;MIX;6;20;M;F;1824;NEP
057540036036-1978;057540036036;100mN31992E42279;S;OS;1;33;D;M;3039;EMP
057540036036-1979;057540036036;100mN32006E42279;MC;NA;2;41;M;M;4049;EMP
057540036036-1979;057540036036;100mN32006E42279;MC;NA;2;40;M;F;4049;NEP
057540036036-1980;057540036036;100mN32009E42278;SM;NA;2;41;D;M;4049;UEP
057540036036-1980;057540036036;100mN32009E42278;SM;NA;2;16;S;M;1517;EMP
057540036036-1981;057540036036;100mN31963E42304;S;NA;1;42;W;F;4049;EMP
057540036036-1982;057540036036;100mN31990E42257;MC;OS;2;80;M;F;75XX;NEP
057540036036-1982;057540036036;100mN31990E42257;MC;OS;2;83;M;M;75XX;EMP
057540036036-1983;057540036036;100mN32001E42289;PO;OS;2;87;S;F;75XX;EMP
057540036036-1983;057540036036;100mN32001E42289;PO;OS;2;69;M;M;6574;EMP
057540036036-1984;057540036036;100mN31974E42256;S;NA;1;56;M;M;5064;EMP
057540036036-1985;057540036036;100mN31986E42272;MC;NA;4;44;M;M;4049;NEP
057540036036-1985;057540036036;100mN31986E42272;MC;NA;4;43;M;F;4049;EMP
057540036036-1985;057540036036;100mN31986E42272;MC;NA;4;28;M;F;2529;EMP
057540036036-1985;057540036036;100mN31986E42272;MC;NA;4;9;S;F;0614;NEP
057540036036-1986;057540036036;100mN32005E42259;MC;OS;3;71;M;F;6574;EMP
057540036036-1986;057540036036;100mN32005E42259;MC;OS;3;72;M;M;6574;NEP
057540036036-1986;057540036036;100mN32005E42259;MC;OS;3;72;S;F;6574;NEP
057540036036-1987;057540036036;100mN31990E42258;MC;OS;5;78;M;F;75XX;EMP
057540036036-1987;057540036036;100mN31990E42258;MC;OS;5;69;M;M;6574;NEP
057540036036-1987;057540036036;100mN31990E42258;MC;OS;5;88;M;F;75XX;EMP
057540036036-1987;057540036036;100mN31990E42258;MC;OS;5;71;S;F;6574;EMP
057540036036-1987;057540036036;100mN31990E42258;MC;OS;5;70;W;F;6574;EMP
057540036036-1988;057540036036;100mN31990E42258;S;NA;1;26;M;M;2529;NEP
057540036036-1989;057540036036;100mN32005E42258;MC;NA;4;46;M;M;4049;UEP
057540036036-1989;057540036036;100mN32005E42258;MC;NA;4;41;M;F;4049;NEP
057540036036-1989;057540036036;100mN32005E42258;MC;NA;4;9;S;M;0614;NEP
057540036036-1989;057540036036;100mN32005E42258;MC;NA;4;0;S;F;0003;NEP
057540036036-1990;057540036036;100mN31966E42256;MC;MIX;2;66;M;F;6574;NEP
057540036036-1990;057540036036;100mN31966E42256;MC;MIX;2;26;D;M;2529;NEP
057540036036-1991;057540036036;100mN32008E42289;PO;MIX;3;83;M;M;75XX;NEP
057540036036-1991;057540036036;100mN32008E42289;PO;MIX;3;30;S;M;3039;NEP
057540036036-1991;057540036036;100mN32008E42289;PO;MIX;3;27;S;F;2529;EMP
057540036036-1992;057540036036;100mN32017E42245;S;OS;1;75;W;F;75XX;NEP
057540036036-1993;057540036036;100mN31990E42258;MC;NA;2;45;M;F;4049;EMP
057540036036-1993;057540036036;100mN31990E42258;MC;NA;2;59;M;M;5064;NEP
057540036036-1994;057540036036;100mN31990E42258;SF;NA;2;72;S;F;6574;EMP
057540036036-1994;057540036036;100mN31990E42258;SF;NA;2;13;S;F;0614;NEP
057540036036-1995;057540036036;100mN31990E42258;MC;OS;2;72;M;M;6574;EMP
057540036036-1995;057540036036;100mN31990E42258;MC;OS;2;65;M;F;6574;NEP
057540036036-1996;057540036036;100mN32023E42252;S;OS;1;67;M;M;6574;NEP
057540036036-1997;057540036036;100mN31990E42258;SM;NA;2;18;S;M;1824;NEP
057540036036-1997;057540036036;100mN31990E42258;SM;NA;2;1;S;F;0003;NEP
057540036036-1998;057540036036;100mN32006E42286;MC;NA;2;51;M;F;5064;NEP
057540036036-1998;057540036036;100mN32006E42286;MC;NA;2;54;M;M;5064;EMP
057540036036-1999;057540036036;100mN32020E42256;PO;NA;2;43;S;F;4049;EMP
057540036036-1999;057540036036;100mN32020E42256;PO;NA;2;48;S;M;4049;EMP
057540036036-2000;057540036036;100mN32020E42256;MC;NA;2;56;M;M;5064;EMP
057540036036-2000;057540036036;100mN32020E42256;MC;NA;2;61;M;F;5064;EMP
057540036036-2001;057540036036;100mN31987E42260;SF;NA;2;43;W;F;4049;EMP
057540036036-2001;057540036036;100mN31987E42260;SF;NA;2;6;S;M;0614;NEP
057540036036-2002;057540036036;100mN32020E42256;PO;NA;2;52;S;M;5064;EMP
057540036036-2002;057540036036;100mN32020E42256;PO;NA;2;52;S;M;5064;EMP
057540036036-2003;057540036036;100mN32001E42295;S;NA;1;60;S;F;5064;EMP
057540036036-2004;057540036036;100mN32015E42245;MC;OS;2;79;M;F;75XX;EMP
057540036036-2004;057540036036;100mN32015E42245;MC;OS;2;79;M;M;75XX;EMP
057540036036-2005;057540036036;100mN31995E42256;MC;NA;5;52;M;F;5064;NEP
057540036036-2005;057540036036;100mN31995E42256;MC;NA;5;54;M;M;5064;EMP
057540036036-2005;057540036036;100mN31995E42256;MC;NA;5;20;S;M;1824;EMP
057540036036-2005;057540036036;100mN31995E42256;MC;NA;5;12;S;M;0614;NEP
057540036036-2005;057540036036;100mN31995E42256;MC;NA;5;35;S;M;3039;EMP
057540036036-2006;057540036036;100mN31997E42260;MC;MIX;2;87;M;F;75XX;EMP
057540036036-2006;057540036036;100mN31997E42260;MC;MIX;2;31;W;F;3039;NEP
057540036036-2007;057540036036;100mN32022E42248;MC;NA;2;38;M;F;3039;EMP
057540036036-2007;057540036036;100mN32022E42248;MC;NA;2;42;M;M;4049;NEP
057540036036-2008;057540036036;100mN32018E42254;S;OS;1;32;S;F;3039;EMP
057540036036-2009;057540036036;100mN32020E42242;MC;NA;3;27;M;F;2529;EMP
057540036036-2009;057540036036;100mN32020E42242;MC;NA;3;28;M;M;2529;EMP
057540036036-2009;057540036036;100mN32020E42242;MC;NA;3;11;S;M;0614;NEP
057540036036-2010;057540036036;100mN32015E42226;MC;NA;3;33;M;M;3039;UEP
057540036036-2010;057540036036;100mN32015E42226;MC;NA;3;33;M;F;3039;EMP
057540036036-2010;057540036036;100mN32015E42226;MC;NA;3;4;S;F;0305;NEP
057540036036-2011;057540036036;100mN32017E42290;MC;NA;4;46;M;M;4049;EMP
057540036036-2011;057540036036;100mN32017E42290;MC;NA;4;45;M;F;4049;NEP
057540036036-2011;057540036036;100mN32017E42290;MC;NA;4;7;S;M;0614;NEP
057540036036-2011;057540036036;100mN32017E42290;MC;NA;4;31;S;M;3039;NEP
057540036036-2012;057540036036;100mN32020E42253;S;OS;1;21;M;F;1824;EMP
057540036036-2013;057540036036;100mN32005E42258;MC;NA;5;41;M;F;4049;NEP
057540036036-2013;057540036036;100mN32005E42258;MC;NA;5;48;M;M;4049;UEP
057540036036-2013;057540036036;100mN32005E42258;MC;NA;5;10;S;M;0614;NEP
057540036036-2013;057540036036;100mN32005E42258;MC;NA;5;26;M;F;2529;EMP
057540036036-2013;057540036036;100mN32005E42258;MC;NA;5;3;S;F;0305;NEP
057540036036-2014;057540036036;100mN31974E42255;S;NA;1;79;M;M;75XX;UEP
057540036036-2015;057540036036;100mN31996E42259;MC;NA;2;46;M;F;4049;EMP
057540036036-2015;057540036036;100mN31996E42259;MC;NA;2;44;M;M;4049;EMP
057540036036-2016;057540036036;100mN32021E42256;MC;NA;2;41;M;M;4049;NEP
057540036036-2016;057540036036;100mN32021E42256;MC;NA;2;43;M;F;4049;EMP
057540036036-2017;057540036036;100mN31974E42255;PO;OS;2;75;S;F;75XX;EMP
057540036036-2017;057540036036;100mN31974E42255;PO;OS;2;77;S;M;75XX;EMP
057540036036-2018;057540036036;100mN31994E42302;MC;OS;2;69;M;M;6574;EMP
057540036036-2018;057540036036;100mN31994E42302;MC;OS;2;68;M;F;6574;EMP
057540036036-2019;057540036036;100mN32001E42298;SF;MIX;5;80;M;F;75XX;EMP
057540036036-2019;057540036036;100mN32001E42298;SF;MIX;5;40;D;F;4049;EMP
057540036036-2019;057540036036;100mN32001E42298;SF;MIX;5;13;S;M;0614;NEP
057540036036-2019;057540036036;100mN32001E42298;SF;MIX;5;15;S;M;1517;NEP
057540036036-2019;057540036036;100mN32001E42298;SF;MIX;5;10;S;M;0614;NEP
057540036036-2020;057540036036;100mN31974E42255;MC;NA;3;58;M;M;5064;NEP
057540036036-2020;057540036036;100mN31974E42255;MC;NA;3;50;M;F;5064;NEP
057540036036-2020;057540036036;100mN31974E42255;MC;NA;3;43;M;M;4049;NEP
057540036036-2021;057540036036;100mN31995E42254;PO;NA;2;50;S;M;5064;NEP
057540036036-2021;057540036036;100mN31995E42254;PO;NA;2;52;S;M;5064;EMP
057540036036-2022;057540036036;100mN31955E42252;S;NA;1;61;D;F;5064;NEP
057540036036-2023;057540036036;100mN31995E42268;MC;NA;4;31;M;M;3039;EMP
057540036036-2023;057540036036;100mN31995E42268;MC;NA;4;27;M;F;2529;NEP
057540036036-2023;057540036036;100mN31995E42268;MC;NA;4;4;S;M;0305;NEP
057540036036-2023;057540036036;100mN31995E42268;MC;NA;4;9;S;F;0614;NEP
057540036036-2024;057540036036;100mN32002E42287;MC;NA;2;52;M;M;5064;NEP
057540036036-2024;057540036036;100mN32002E42287;MC;NA;2;43;M;F;4049;EMP
057540036036-2025;057540036036;100mN32018E42230;MC;OS;2;70;M;M;6574;EMP
057540036036-2025;057540036036;100mN32018E42230;MC;OS;2;66;M;F;6574;EMP
057540036036-2026;057540036036;100mN31996E42258;MC;OS;4;69;M;F;6574;EMP
057540036036-2026;057540036036;100mN31996E42258;MC;OS;4;72;M;M;6574;EMP
057540036036-2026;057540036036;100mN31996E42258;MC;OS;4;69;S;M;6574;EMP
057540036036-2026;057540036036;100mN31996E42258;MC;OS;4;80;S;M;75XX;NEP
057540036036-2027;057540036036;100mN32002E42287;S;NA;1;47;W;M;4049;NEP
057540036036-2028;057540036036;100mN32002E42287;MC;MIX;5;78;M;M;75XX;NEP
057540036036-2028;057540036036;100mN32002E42287;MC;MIX;5;61;M;F;5064;EMP
057540036036-2028;057540036036;100mN32002E42287;MC;MIX;5;48;M;M;4049;EMP
057540036036-2028;057540036036;100mN32002E42287;MC;MIX;5;6;S;M;0614;NEP
057540036036-2028;057540036036;100mN32002E42287;MC;MIX;5;8;S;F;0614;NEP
057540036036-2029;057540036036;100mN32013E42243;S;OS;1;38;S;M;3039;NEP
057540036036-2030;057540036036;100mN32002E42287;MC;NA;2;52;M;F;5064;EMP
057540036036-2030;057540036036;100mN32002E42287;MC;NA;2;55;M;M;5064;NEP
057540036036-2031;057540036036;100mN32002E42287;S;NA;1;63;M;M;5064;EMP
057540036036-2032;057540036036;100mN32002E42287;MC;MIX;2;81;M;F;75XX;NEP
057540036036-2032;057540036036;100mN32002E42287;MC;MIX;2;42;M;F;4049;NEP
057540036036-2033;057540036036;100mN32002E42287;S;OS;1;60;S;M;5064;NEP
057540036036-2034;057540036036;100mN32002E42287;S;NA;1;58;M;F;5064;NEP
057540036036-2035;057540036036;100mN32002E42287;MC;NA;2;59;M;M;5064;NEP
057540036036-2035;057540036036;100mN32002E42287;MC;NA;2;22;M;F;1824;NEP
057540036036-2036;057540036036;100mN32019E42244;MC;MIX;3;89;W;F;75XX;NEP
057540036036-2036;057540036036;100mN32019E42244;MC;MIX;3;37;M;M;3039;NEP
057540036036-2036;057540036036;100mN32019E42244;MC;MIX;3;37;M;F;3039;EMP
057540036036-2037;057540036036;100mN32002E42287;S;NA;1;40;D;F;4049;NEP
057540036036-2038;057540036036;100mN31999E42256;PO;NA;4;44;S;M;4049;EMP
057540036036-2038;057540036036;100mN31999E42256;PO;NA;4;44;S;M;4049;EMP
057540036036-2038;057540036036;100mN31999E42256;PO;NA;4;6;S;M;0614;NEP
057540036036-2038;057540036036;100mN31999E42256;PO;NA;4;18;M;F;1824;NEP
057540036036-2039;057540036036;100mN32002E42287;MC;NA;5;45;M;M;4049;NEP
057540036036-2039;057540036036;100mN32002E42287;MC;NA;5;43;M;F;4049;NEP
057540036036-2039;057540036036;100mN32002E42287;MC;NA;5;8;S;F;0614;NEP
057540036036-2039;057540036036;100mN32002E42287;MC;NA;5;13;S;F;0614;NEP
057540036036-2039;057540036036;100mN32002E42287;MC;NA;5;11;S;M;0614;NEP
057540036036-2040;057540036036;100mN32019E42247;S;OS;1;45;S;M;4049;EMP
057540036036-2041;057540036036;100mN32002E42287;MC;OS;2;65;M;F;6574;EMP
057540036036-2041;057540036036;100mN32002E42287;MC;OS;2;72;M;M;6574;EMP
057540036036-2042;057540036036;100mN32002E42287;MC;MIX;4;70;M;F;6574;EMP
057540036036-2042;057540036036;100mN32002E42287;MC;MIX;4;37;M;F;3039;NEP
057540036036-2042;057540036036;100mN32002E42287;MC;MIX;4;28;M;M;2529;EMP
057540036036-2042;057540036036;100mN32002E42287;MC;MIX;4;0;S;F;0003;NEP
057540036036-2043;057540036036;100mN32007E42287;S;NA;1;53;M;M;5064;EMP
057540036036-2044;057540036036;100mN32002E42287;MC;OS;3;79;M;F;75XX;EMP
057540036036-2044;057540036036;100mN32002E42287;MC;OS;3;81;M;M;75XX;EMP
057540036036-2044;057540036036;100mN32002E42287;MC;OS;3;73;S;F;6574;EMP
057540036036-2045;057540036036;100mN31985E42270;MC;MIX;2;76;M;M;75XX;UEP
057540036036-2045;057540036036;100mN31985E42270;MC;MIX;2;32;M;M;3039;EMP
057540036036-2046;057540036036;100mN32015E42253;S;NA;1;20;M;M;1824;EMP
057540036036-2047;057540036036;100mN32021E42255;SF;NA;3;88;S;F;75XX;NEP
057540036036-2047;057540036036;100mN32021E42255;SF;NA;3;15;S;M;1517;EMP
057540036036-2047;057540036036;100mN32021E42255;SF;NA;3;12;S;M;0614;NEP
057540036036-2048;057540036036;100mN32015E42253;MC;OS;3;69;M;M;6574;EMP
057540036036-2048;057540036036;100mN32015E42253;MC;OS;3;78;M;F;75XX;EMP
057540036036-2048;057540036036;100mN32015E42253;MC;OS;3;72;M;M;6574;EMP
057540036036-2049;057540036036;100mN31999E42260;MC;NA;2;54;M;F;5064;EMP
057540036036-2049;057540036036;100mN31999E42260;MC;NA;2;54;M;M;5064;EMP
057540036036-2050;057540036036;100mN32009E42248;SF;NA;2;62;S;F;5064;NEP
057540036036-2050;057540036036;100mN32009E42248;SF;NA;2;15;S;F;1517;NEP
057540036036-2051;057540036036;100mN32015E42253;SM;NA;3;63;S;M;5064;NEP
057540036036-2051;057540036036;100mN32015E42253;SM;NA;3;26;M;M;2529;EMP
057540036036-2051;057540036036;100mN32015E42253;SM;NA;3;40;M;F;4049;NEP
057540036036-2052;057540036036;100mN31998E42257;PO;NA;2;48;S;M;4049;EMP
057540036036-2052;057540036036;100mN31998E42257;PO;NA;2;48;S;F;4049;NEP
057540036036-2053;057540036036;100mN32015E42253;MC;OS;4;84;M;F;75XX;EMP
057540036036-2053;057540036036;100mN32015E42253;MC;OS;4;85;M;M;75XX;NEP
057540036036-2053;057540036036;100mN32015E42253;MC;OS;4;67;M;M;6574;EMP
057540036036-2053;057540036036;100mN32015E42253;MC;OS;4;67;W;F;6574;EMP
057540036036-2054;057540036036;100mN32006E42279;S;NA;1;51;S;M;5064;EMP
057540036036-2055;057540036036;100mN31999E42256;S;NA;1;33;S;M;3039;EMP
057540036036-2056;057540036036;100mN31979E42245;MC;OS;4;77;M;M;75XX;EMP
057540036036-2056;057540036036;100mN31979E42245;MC;OS;4;68;M;F;6574;NEP
057540036036-2056;057540036036;100mN31979E42245;MC;OS;4;72;S;F;6574;NEP
057540036036-2056;057540036036;100mN31979E42245;MC;OS;4;69;W;F;6574;EMP
057540036036-2057;057540036036;100mN32015E42253;MC;OS;4;88;M;M;75XX;EMP
057540036036-2057;057540036036;100mN32015E42253;MC;OS;4;85;M;F;75XX;NEP
057540036036-2057;057540036036;100mN32015E42253;MC;OS;4;67;M;F;6574;NEP
057540036036-2057;057540036036;100mN32015E42253;MC;OS;4;87;S;F;75XX;NEP
057540036036-2058;057540036036;100mN32008E42282;MC;NA;2;48;M;F;4049;NEP
057540036036-2058;057540036036;100mN32008E42282;MC;NA;2;48;M;M;4049;UEP
057540036036-2059;057540036036;100mN32015E42253;MC;OS;2;67;M;F;6574;NEP
057540036036-2059;057540036036;100mN32015E42253;MC;OS;2;72;M;M;6574;EMP
057540036036-2060;057540036036;100mN32005E42278;MC;NA;3;23;M;F;1824;NEP
057540036036-2060;057540036036;100mN32005E42278;MC;NA;3;26;M;M;2529;NEP
057540036036-2060;057540036036;100mN32005E42278;MC;NA;3;4;S;M;0305;NEP
057540036036-2061;057540036036;100mN32005E42260;S;OS;1;41;M;F;4049;EMP
057540036036-2062;057540036036;100mN32015E42253;S;NA;1;61;M;M;5064;EMP
057540036036-2063;057540036036;100mN32015E42253;MC;OS;2;75;M;F;75XX;NEP
057540036036-2063;057540036036;100mN32015E42253;MC;OS;2;77;M;M;75XX;EMP
057540036036-2064;057540036036;100mN32015E42253;MC;NA;5;22;M;M;1824;EMP
057540036036-2064;057540036036;100mN32015E42253;MC;NA;5;22;M;F;1824;NEP
057540036036-2064;057540036036;100mN32015E42253;MC;NA;5;4;S;F;0305;NEP
057540036036-2064;057540036036;100mN32015E42253;MC;NA;5;3;S;F;0305;NEP
057540036036-2064;057540036036;100mN32015E42253;MC;NA;5;7;S;F;0614;NEP
057540036036-2065;057540036036;100mN31999E42273;MC;NA;4;20;M;M;1824;NEP
057540036036-2065;057540036036;100mN31999E42273;MC;NA;4;37;M;F;3039;NEP
057540036036-2065;057540036036;100mN31999E42273;MC;NA;4;1;S;M;0003;NEP
057540036036-2065;057540036036;100mN31999E42273;MC;NA;4;3;S;F;0305;NEP
057540036036-2066;057540036036;100mN32015E42253;MC;OS;2;70;M;F;6574;EMP
057540036036-2066;057540036036;100mN32015E42253;MC;OS;2;65;M;M;6574;EMP
057540036036-2067;057540036036;100mN32015E42253;MC;NA;2;46;M;F;4049;NEP
057540036036-2067;057540036036;100mN32015E42253;MC;NA;2;41;M;M;4049;EMP
057540036036-2068;057540036036;100mN32015E42253;S;OS;1;73;W;F;6574;EMP
057540036036-2069;057540036036;100mN32018E42244;S;OS;1;32;M;F;3039;EMP
057540036036-2070;057540036036;100mN31998E42267;S;NA;1;60;M;M;5064;EMP
057540036036-2071;057540036036;100mN32015E42253;MC;NA;3;42;M;M;4049;EMP
057540036036-2071;057540036036;100mN32015E42253;MC;NA;3;40;M;F;4049;EMP
057540036036-2071;057540036036;100mN32015E42253;MC;NA;3;10;S;M;0614;NEP
057540036036-2072;057540036036;100mN32010E42278;S;NA;1;34;M;F;3039;NEP
057540036036-2073;057540036036;100mN31999E42266;PO;NA;2;62;S;F;5064;EMP
057540036036-2073;057540036036;100mN31999E42266;PO;NA;2;63;S;M;5064;NEP
057540036036-2074;057540036036;100mN32015E42253;MC;NA;3;40;M;F;4049;EMP
057540036036-2074;057540036036;100mN32015E42253;MC;NA;3;43;M;M;4049;EMP
057540036036-2074;057540036036;100mN32015E42253;MC;NA;3;12;S;M;0614;NEP
057540036036-2075;057540036036;100mN32015E42253;MC;NA;3;30;M;F;3039;EMP
057540036036-2075;057540036036;100mN32015E42253;MC;NA;3;31;M;M;3039;EMP
057540036036-2075;057540036036;100mN32015E42253;MC;NA;3;15;S;M;1517;NEP
057540036036-2076;057540036036;100mN32004E42252;MC;NA;2;35;M;M;3039;EMP
057540036036-2076;057540036036;100mN32004E42252;MC;NA;2;33;M;F;3039;NEP
057540036036-2077;057540036036;100mN32018E42256;S;NA;1;72;M;F;6574;EMP
057540036036-2078;057540036036;100mN31977E42254;MC;NA;2;57;M;M;5064;EMP
057540036036-2078;057540036036;100mN31977E42254;MC;NA;2;57;M;F;5064;EMP
057540036036-2079;057540036036;100mN31977E42254;PO;NA;4;48;S;F;4049;NEP
057540036036-2079;057540036036;100mN31977E42254;PO;NA;4;51;S;F;5064;NEP
057540036036-2079;057540036036;100mN31977E42254;PO;NA;4;15;S;F;1517;EMP
057540036036-2079;057540036036;100mN31977E42254;PO;NA;4;19;S;F;1824;EMP
057540036036-2080;057540036036;100mN31977E42254;PO;NA;3;60;S;F;5064;NEP
057540036036-2080;057540036036;100mN31977E42254;PO;NA;3;63;S;M;5064;EMP
057540036036-2080;057540036036;100mN31977E42254;PO;NA;3;30;M;F;3039;EMP
057540036036-2081;057540036036;100mN31963E42307;MC;NA;4;53;M;M;5064;EMP
057540036036-2081;057540036036;100mN31963E42307;MC;NA;4;57;M;F;5064;EMP
057540036036-2081;057540036036;100mN31963E42307;MC;NA;4;22;D;F;1824;NEP
057540036036-2081;057540036036;100mN31963E42307;MC;NA;4;15;S;F;1517;NEP
057540036036-2082;057540036036;100mN32013E42244;SF;NA;2;69;W;F;6574;EMP
057540036036-2082;057540036036;100mN32013E42244;SF;NA;2;35;W;F;3039;NEP
057540036036-2083;057540036036;100mN32004E42278;MC;NA;3;43;M;F;4049;NEP
057540036036-2083;057540036036;100mN32004E42278;MC;NA;3;48;M;M;4049;EMP
057540036036-2083;057540036036;100mN32004E42278;MC;NA;3;25;W;F;2529;NEP
057540036036-2084;057540036036;100mN32012E42244;S;NA;1;32;M;M;3039;NEP
057540036036-2085;057540036036;100mN32006E42307;MC;NA;3;40;M;M;4049;NEP
057540036036-2085;057540036036;100mN32006E42307;MC;NA;3;42;M;F;4049;NEP
057540036036-2085;057540036036;100mN32006E42307;MC;NA;3;21;S;M;1824;EMP
057540036036-2086;057540036036;100mN32006E42307;SF;NA;4;51;D;F;5064;EMP
057540036036-2086;057540036036;100mN32006E42307;SF;NA;4;6;S;M;0614;NEP
057540036036-2086;057540036036;100mN32006E42307;SF;NA;4;8;S;M;0614;NEP
057540036036-2086;057540036036;100mN32006E42307;SF;NA;4;16;S;M;1517;EMP
057540036036-2087;057540036036;100mN31976E42253;MC;MIX;2;82;M;F;75XX;NEP
057540036036-2087;057540036036;100mN31976E42253;MC;MIX;2;59;S;F;5064;EMP
057540036036-2088;057540036036;100mN32001E42258;MC;NA;4;47;M;M;4049;EMP
057540036036-2088;057540036036;100mN32001E42258;MC;NA;4;42;M;F;4049;EMP
057540036036-2088;057540036036;100mN32001E42258;MC;NA;4;3;S;F;0305;NEP
057540036036-2088;057540036036;100mN32001E42258;MC;NA;4;9;S;F;0614;NEP
057540036036-2089;057540036036;100mN32018E42248;MC;NA;4;46;M;F;4049;NEP
057540036036-2089;057540036036;100mN32018E42248;MC;NA;4;52;M;M;5064;NEP
057540036036-2089;057540036036;100mN32018E42248;MC;NA;4;9;S;M;0614;NEP
057540036036-2089;057540036036;100mN32018E42248;MC;NA;4;31;W;F;3039;NEP
057540036036-2090;057540036036;100mN32009E42276;SF;NA;2;68;D;F;6574;EMP
057540036036-2090;057540036036;100mN32009E42276;SF;NA;2;12;S;F;0614;NEP
057540036036-2091;057540036036;100mN31996E42259;S;OS;1;40;W;M;4049;EMP
057540036036-2092;057540036036;100mN32011E42223;MC;OS;3;70;M;F;6574;EMP
057540036036-2092;057540036036;100mN32011E42223;MC;OS;3;65;M;M;6574;NEP
057540036036-2092;057540036036;100mN32011E42223;MC;OS;3;71;S;F;6574;NEP
057540036036-2093;057540036036;100mN31991E42263;S;NA;1;44;S;F;4049;EMP
057540036036-2094;057540036036;100mN31996E42267;MC;NA;2;19;M;F;1824;EMP
057540036036-2094;057540036036;100mN31996E42267;MC;NA;2;18;M;M;1824;EMP
057540036036-2095;057540036036;100mN31988E42265;S;OS;1;65;S;M;6574;EMP
057540036036-2096;057540036036;100mN31988E42265;MC;NA;2;61;M;F;5064;NEP
057540036036-2096;057540036036;100mN31988E42265;MC;NA;2;58;M;M;5064;EMP
057540036036-2097;057540036036;100mN32007E42256;SF;NA;2;45;W;F;4049;EMP
057540036036-2097;057540036036;100mN32007E42256;SF;NA;2;28;S;M;2529;EMP
057540036036-2098;057540036036;100mN32007E42249;MC;NA;4;30;M;M;3039;EMP
057540036036-2098;057540036036;100mN32007E42249;MC;NA;4;30;M;F;3039;EMP
057540036036-2098;057540036036;100mN32007E42249;MC;NA;4;4;S;M;0305;NEP
057540036036-2098;057540036036;100mN32007E42249;MC;NA;4;11;S;F;0614;NEP
057540036036-2099;057540036036;100mN32007E42256;MC;NA;3;37;M;M;3039;NEP
057540036036-2099;057540036036;100mN32007E42256;MC;NA;3;28;M;F;2529;NEP
057540036036-2099;057540036036;100mN32007E42256;MC;NA;3;18;S;M;1824;EMP
057540036036-2100;057540036036;100mN31966E42250;MC;NA;2;50;M;M;5064;EMP
057540036036-2100;057540036036;100mN31966E42250;MC;NA;2;47;M;F;4049;EMP
057540036036-2101;057540036036;100mN32007E42256;MC;NA;2;46;M;M;4049;EMP
057540036036-2101;057540036036;100mN32007E42256;MC;NA;2;40;M;F;4049;EMP
057540036036-2102;057540036036;100mN32007E42256;S;NA;1;47;M;M;4049;EMP
057540036036-2103;057540036036;100mN31990E42260;S;NA;1;46;S;F;4049;NEP
057540036036-2104;057540036036;100mN32007E42256;S;OS;1;21;M;M;1824;EMP
057540036036-2105;057540036036;100mN32004E42277;S;OS;1;23;S;M;1824;NEP
057540036036-2106;057540036036;100mN32007E42256;S;NA;1;71;M;M;6574;EMP
057540036036-2107;057540036036;100mN32007E42256;SM;NA;4;40;W;M;4049;EMP
057540036036-2107;057540036036;100mN32007E42256;SM;NA;4;10;S;M;0614;NEP
057540036036-2107;057540036036;100mN32007E42256;SM;NA;4;2;S;F;0003;NEP
057540036036-2107;057540036036;100mN32007E42256;SM;NA;4;19;W;F;1824;EMP
057540036036-2108;057540036036;100mN32007E42256;MC;NA;2;36;M;M;3039;EMP
057540036036-2108;057540036036;100mN32007E42256;MC;NA;2;33;M;F;3039;EMP
057540036036-2109;057540036036;100mN31990E42257;MC;MIX;4;84;W;F;75XX;EMP
057540036036-2109;057540036036;100mN31990E42257;MC;MIX;4;25;M;F;2529;EMP
057540036036-2109;057540036036;100mN31990E42257;MC;MIX;4;26;M;M;2529;EMP
057540036036-2109;057540036036;100mN31990E42257;MC;MIX;4;3;S;F;0305;NEP
057540036036-2110;057540036036;100mN32007E42256;S;OS;1;51;M;M;5064;EMP
057540036036-2111;057540036036;100mN32007E42256;MC;NA;2;48;M;M;4049;NEP
057540036036-2111;057540036036;100mN32007E42256;MC;NA;2;46;M;F;4049;EMP
057540036036-2112;057540036036;100mN32010E42289;MC;OS;2;82;M;F;75XX;NEP
057540036036-2112;057540036036;100mN32010E42289;MC;OS;2;84;M;M;75XX;EMP
057540036036-2113;057540036036;100mN31962E42302;SF;NA;3;27;W;F;2529;NEP
057540036036-2113;057540036036;100mN31962E42302;SF;NA;3;0;S;F;0003;NEP
057540036036-2113;057540036036;100mN31962E42302;SF;NA;3;9;S;M;0614;NEP
057540036036-2114;057540036036;100mN31963E42301;PO;NA;6;31;S;M;3039;NEP
057540036036-2114;057540036036;100mN31963E42301;PO;NA;6;31;S;F;3039;NEP
057540036036-2114;057540036036;100mN31963E42301;PO;NA;6;6;S;M;0614;NEP
057540036036-2114;057540036036;100mN31963E42301;PO;NA;6;12;S;M;0614;NEP
057540036036-2114;057540036036;100mN31963E42301;PO;NA;6;15;S;F;1517;NEP
057540036036-2114;057540036036;100mN31963E42301;PO;NA;6;12;S;F;0614;NEP
057540036036-2115;057540036036;100mN32018E42243;SF;NA;2;46;W;F;4049;NEP
057540036036-2115;057540036036;100mN32018E42243;SF;NA;2;12;S;M;0614;NEP
057540036036-2116;057540036036;100mN31992E42261;NA;MIX;2;42;S;M;4049;EMP
057540036036-2116;057540036036;100mN31992E42261;NA;MIX;2;28;S;M;2529;EMP
057540036036-2117;057540036036;100mN32004E42285;S;OS;1;73;S;M;6574;NEP
057540036036-2118;057540036036;100mN31998E42262;MC;OS;2;75;M;M;75XX;EMP
057540036036-2118;057540036036;100mN31998E42262;MC;OS;2;72;M;F;6574;EMP
057540036036-2119;057540036036;100mN31998E42262;MC;NA;2;57;M;M;5064;EMP
057540036036-2119;057540036036;100mN31998E42262;MC;NA;2;54;M;F;5064;NEP
057540036036-2120;057540036036;100mN32017E42253;S;OS;1;41;S;M;4049;NEP
057540036036-2121;057540036036;100mN32020E42219;MC;NA;4;34;M;M;3039;EMP
057540036036-2121;057540036036;100mN32020E42219;MC;NA;4;40;M;F;4049;NEP
057540036036-2121;057540036036;100mN32020E42219;MC;NA;4;0;S;M;0003;NEP
057540036036-2121;057540036036;100mN32020E42219;MC;NA;4;19;W;F;1824;EMP
057540036036-2122;057540036036;100mN31998E42262;MC;NA;2;52;M;M;5064;NEP
057540036036-2122;057540036036;100mN31998E42262;MC;NA;2;52;M;F;5064;NEP
057540036036-2123;057540036036;100mN32005E42279;MC;NA;2;50;M;M;5064;UEP
057540036036-2123;057540036036;100mN32005E42279;MC;NA;2;46;M;F;4049;NEP
057540036036-2124;057540036036;100mN31964E42280;MC;NA;3;53;M;F;5064;NEP
057540036036-2124;057540036036;100mN31964E42280;MC;NA;3;57;M;M;5064;NEP
057540036036-2124;057540036036;100mN31964E42280;MC;NA;3;11;S;F;0614;NEP
057540036036-2125;057540036036;100mN31976E42280;MC;NA;3;26;M;F;2529;EMP
057540036036-2125;057540036036;100mN31976E42280;MC;NA;3;60;M;M;5064;EMP
057540036036-2125;057540036036;100mN31976E42280;MC;NA;3;6;S;M;0614;NEP
057540036036-2126;057540036036;100mN32004E42258;S;NA;1;43;S;M;4049;EMP
057540036036-2127;057540036036;100mN32013E42241;PO;NA;2;20;S;F;1824;NEP
057540036036-2127;057540036036;100mN32013E42241;PO;NA;2;59;S;M;5064;EMP
057540036036-2128;057540036036;100mN32013E42241;S;OS;1;21;M;M;1824;NEP
057540036036-2129;057540036036;100mN31992E42259;SM;NA;3;67;D;M;6574;NEP
057540036036-2129;057540036036;100mN31992E42259;SM;NA;3;2;S;M;0003;NEP
057540036036-2129;057540036036;100mN31992E42259;SM;NA;3;15;S;M;1517;UEP
057540036036-2130;057540036036;100mN32013E42241;MC;NA;3;26;M;M;2529;EMP
057540036036-2130;057540036036;100mN32013E42241;MC;NA;3;28;M;F;2529;NEP
057540036036-2130;057540036036;100mN32013E42241;MC;NA;3;9;S;F;0614;NEP
057540036036-2131;057540036036;100mN32013E42241;MC;OS;4;69;M;M;6574;EMP
057540036036-2131;057540036036;100mN32013E42241;MC;OS;4;66;M;F;6574;NEP
057540036036-2131;057540036036;100mN32013E42241;MC;OS;4;86;S;M;75XX;NEP
057540036036-2131;057540036036;100mN32013E42241;MC;OS;4;72;M;M;6574;EMP
057540036036-2132;057540036036;100mN32013E42241;S;NA;1;62;W;F;5064;EMP
057540036036-2133;057540036036;100mN31989E42264;MC;NA;3;44;M;F;4049;EMP
057540036036-2133;057540036036;100mN31989E42264;MC;NA;3;45;M;M;4049;EMP
057540036036-2133;057540036036;100mN31989E42264;MC;NA;3;18;S;F;1824;EMP
057540036036-2134;057540036036;100mN31999E42256;PO;OS;2;72;S;M;6574;NEP
057540036036-2134;057540036036;100mN31999E42256;PO;OS;2;68;S;F;6574;EMP
057540036036-2135;057540036036;100mN31995E42257;PO;NA;2;41;S;F;4049;NEP
057540036036-2135;057540036036;100mN31995E42257;PO;NA;2;36;S;F;3039;NEP
057540036036-2136;057540036036;100mN31998E42263;MC;NA;2;45;M;M;4049;EMP
057540036036-2136;057540036036;100mN31998E42263;MC;NA;2;18;M;F;1824;NEP
057540036036-2137;057540036036;100mN31992E42262;MC;NA;4;55;M;M;5064;NEP
057540036036-2137;057540036036;100mN31992E42262;MC;NA;4;58;M;F;5064;EMP
057540036036-2137;057540036036;100mN31992E42262;MC;NA;4;37;M;M;3039;EMP
057540036036-2137;057540036036;100mN31992E42262;MC;NA;4;15;S;M;1517;EMP
057540036036-2138;057540036036;100mN31998E42263;S;NA;1;23;S;F;1824;NEP
057540036036-2139;057540036036;100mN32002E42290;SF;NA;2;51;W;F;5064;NEP
057540036036-2139;057540036036;100mN32002E42290;SF;NA;2;8;S;F;0614;NEP
057540036036-2140;057540036036;100mN31998E42263;MC;NA;3;58;M;F;5064;NEP
057540036036-2140;057540036036;100mN31998E42263;MC;NA;3;59;M;M;5064;EMP
057540036036-2140;057540036036;100mN31998E42263;MC;NA;3;26;W;F;2529;EMP
057540036036-2141;057540036036;100mN32013E42286;MC;NA;4;63;M;M;5064;EMP
057540036036-2141;057540036036;100mN32013E42286;MC;NA;4;55;M;F;5064;EMP
057540036036-2141;057540036036;100mN32013E42286;MC;NA;4;46;M;F;4049;NEP
057540036036-2141;057540036036;100mN32013E42286;MC;NA;4;0;S;F;0003;NEP
057540036036-2142;057540036036;100mN31998E42263;MC;NA;4;55;M;F;5064;EMP
057540036036-2142;057540036036;100mN31998E42263;MC;NA;4;57;M;M;5064;NEP
057540036036-2142;057540036036;100mN31998E42263;MC;NA;4;1;S;M;0003;NEP
057540036036-2142;057540036036;100mN31998E42263;MC;NA;4;15;S;M;1517;EMP
057540036036-2143;057540036036;100mN32005E42286;MC;NA;5;31;M;F;3039;EMP
057540036036-2143;057540036036;100mN32005E42286;MC;NA;5;34;M;M;3039;NEP
057540036036-2143;057540036036;100mN32005E42286;MC;NA;5;9;S;F;0614;NEP
057540036036-2143;057540036036;100mN32005E42286;MC;NA;5;7;S;F;0614;NEP
057540036036-2143;057540036036;100mN32005E42286;MC;NA;5;0;S;M;0003;NEP
057540036036-2144;057540036036;100mN31998E42263;S;NA;1;59;M;M;5064;NEP
057540036036-2145;057540036036;100mN31981E42242;S;NA;1;41;W;F;4049;NEP
057540036036-2146;057540036036;100mN31998E42263;S;NA;1;21;M;M;1824;EMP
057540036036-2147;057540036036;100mN31998E42263;S;NA;1;55;W;M;5064;EMP
057540036036-2148;057540036036;100mN31998E42263;MC;OS;4;71;M;F;6574;NEP
057540036036-2148;057540036036;100mN31998E42263;MC;OS;4;72;M;M;6574;NEP
057540036036-2148;057540036036;100mN31998E42263;MC;OS;4;87;M;F;75XX;NEP
057540036036-2148;057540036036;100mN31998E42263;MC;OS;4;68;M;F;6574;EMP
057540036036-2149;057540036036;100mN32030E42256;MC;NA;3;43;M;F;4049;EMP
057540036036-2149;057540036036;100mN32030E42256;MC;NA;3;47;M;M;4049;EMP
057540036036-2149;057540036036;100mN32030E42256;MC;NA;3;11;S;F;0614;NEP
057540036036-2150;057540036036;100mN31994E42244;SF;NA;2;46;D;F;4049;EMP
057540036036-2150;057540036036;100mN31994E42244;SF;NA;2;15;S;F;1517;NEP
057540036036-2151;057540036036;100mN31963E42307;MC;NA;5;47;M;M;4049;NEP
057540036036-2151;057540036036;100mN31963E42307;MC;NA;5;45;M;F;4049;EMP
057540036036-2151;057540036036;100mN31963E42307;MC;NA;5;7;S;M;0614;NEP
057540036036-2151;057540036036;100mN31963E42307;MC;NA;5;22;M;F;1824;NEP
057540036036-2151;057540036036;100mN31963E42307;MC;NA;5;16;S;M;1517;EMP
057540036036-2152;057540036036;100mN32024E42222;MC;NA;3;62;M;M;5064;EMP
057540036036-2152;057540036036;100mN32024E42222;MC;NA;3;63;M;F;5064;NEP
057540036036-2152;057540036036;100mN32024E42222;MC;NA;3;12;S;M;0614;NEP
057540036036-2153;057540036036;100mN32024E42222;MC;MIX;4;81;M;F;75XX;NEP
057540036036-2153;057540036036;100mN32024E42222;MC;MIX;4;42;M;F;4049;NEP
057540036036-2153;057540036036;100mN32024E42222;MC;MIX;4;50;M;M;5064;EMP
057540036036-2153;057540036036;100mN32024E42222;MC;MIX;4;13;S;M;0614;NEP
057540036036-2154;057540036036;100mN31993E42261;S;NA;1;45;S;M;4049;EMP
057540036036-2155;057540036036;100mN31999E42254;MC;NA;2;54;M;F;5064;EMP
057540036036-2155;057540036036;100mN31999E42254;MC;NA;2;56;M;M;5064;EMP
057540036036-2156;057540036036;100mN31995E42255;MC;NA;5;55;M;F;5064;EMP
057540036036-2156;057540036036;100mN31995E42255;MC;NA;5;50;M;M;5064;EMP
057540036036-2156;057540036036;100mN31995E42255;MC;NA;5;8;S;M;0614;NEP
057540036036-2156;057540036036;100mN31995E42255;MC;NA;5;27;D;M;2529;EMP
057540036036-2156;057540036036;100mN31995E42255;MC;NA;5;1;S;M;0003;NEP
057540036036-2157;057540036036;100mN31999E42273;S;NA;1;55;S;M;5064;EMP
057540036036-2158;057540036036;100mN31964E42306;MC;NA;2;36;M;M;3039;EMP
057540036036-2158;057540036036;100mN31964E42306;MC;NA;2;34;M;F;3039;EMP
057540036036-2159;057540036036;100mN31964E42306;MC;NA;2;40;M;F;4049;EMP
057540036036-2159;057540036036;100mN31964E42306;MC;NA;2;37;M;M;3039;EMP
057540036036-2160;057540036036;100mN31964E42306;S;NA;1;32;M;F;3039;EMP
057540036036-2161;057540036036;100mN31964E42306;S;OS;1;53;S;F;5064;EMP
057540036036-2162;057540036036;100mN32017E42256;S;NA;1;41;D;F;4049;NEP
057540036036-2163;057540036036;100mN31987E42271;MC;NA;5;55;M;F;5064;EMP
057540036036-2163;057540036036;100mN31987E42271;MC;NA;5;57;M;M;5064;EMP
057540036036-2163;057540036036;100mN31987E42271;MC;NA;5;15;S;M;1517;UEP
057540036036-2163;057540036036;100mN31987E42271;MC;NA;5;4;S;F;0305;NEP
057540036036-2163;057540036036;100mN31987E42271;MC;NA;5;37;M;F;3039;EMP
057540036036-2164;057540036036;100mN32020E42240;MC;NA;2;18;M;M;1824;EMP
057540036036-2164;057540036036;100mN32020E42240;MC;NA;2;18;M;F;1824;NEP
057540036036-2165;057540036036;100mN31986E42270;MC;MIX;2;66;M;F;6574;EMP
057540036036-2165;057540036036;100mN31986E42270;MC;MIX;2;61;M;M;5064;EMP
057540036036-2166;057540036036;100mN32014E42289;SM;NA;5;57;S;M;5064;EMP
057540036036-2166;057540036036;100mN32014E42289;SM;NA;5;16;S;M;1517;EMP
057540036036-2166;057540036036;100mN32014E42289;SM;NA;5;34;M;M;3039;EMP
057540036036-2166;057540036036;100mN32014E42289;SM;NA;5;11;S;M;0614;NEP
057540036036-2166;057540036036;100mN32014E42289;SM;NA;5;11;S;M;0614;NEP
057540036036-2167;057540036036;100mN31964E42306;MC;MIX;3;82;M;F;75XX;NEP
057540036036-2167;057540036036;100mN31964E42306;MC;MIX;3;42;M;F;4049;NEP
057540036036-2167;057540036036;100mN31964E42306;MC;MIX;3;46;M;M;4049;EMP
057540036036-2168;057540036036;100mN31999E42254;PO;NA;5;63;S;F;5064;EMP
057540036036-2168;057540036036;100mN31999E42254;PO;NA;5;18;M;M;1824;NEP
057540036036-2168;057540036036;100mN31999E42254;PO;NA;5;30;S;M;3039;EMP
057540036036-2168;057540036036;100mN31999E42254;PO;NA;5;6;S;M;0614;NEP
057540036036-2168;057540036036;100mN31999E42254;PO;NA;5;20;S;F;1824;EMP
057540036036-2169;057540036036;100mN31997E42300;MC;NA;2;61;M;F;5064;NEP
057540036036-2169;057540036036;100mN31997E42300;MC;NA;2;44;M;M;4049;EMP
057540036036-2170;057540036036;100mN31997E42300;MC;NA;4;47;M;M;4049;EMP
057540036036-2170;057540036036;100mN31997E42300;MC;NA;4;40;M;F;4049;EMP
057540036036-2170;057540036036;100mN31997E42300;MC;NA;4;26;W;F;2529;NEP
057540036036-2170;057540036036;100mN31997E42300;MC;NA;4;15;S;M;1517;EMP
057540036036-2171;057540036036;100mN31997E42268;MC;OS;3;71;M;F;6574;EMP
057540036036-2171;057540036036;100mN31997E42268;MC;OS;3;79;M;M;75XX;EMP
057540036036-2171;057540036036;100mN31997E42268;MC;OS;3;73;W;F;6574;NEP
057540036036-2172;057540036036;100mN31999E42254;MC;NA;2;54;M;F;5064;EMP
057540036036-2172;057540036036;100mN31999E42254;MC;NA;2;56;M;M;5064;EMP
057540036036-2173;057540036036;100mN32000E42289;PO;NA;2;30;S;F;3039;EMP
057540036036-2173;057540036036;100mN32000E42289;PO;NA;2;26;S;M;2529;EMP
057540036036-2174;057540036036;100mN32004E42285;S;OS;1;53;M;M;5064;EMP
057540036036-2175;057540036036;100mN32000E42289;MC;NA;2;28;M;M;2529;NEP
057540036036-2175;057540036036;100mN32000E42289;MC;NA;2;25;M;F;2529;NEP
057540036036-2176;057540036036;100mN32002E42258;MC;NA;4;34;M;M;3039;NEP
057540036036-2176;057540036036;100mN32002E42258;MC;NA;4;33;M;F;3039;NEP
057540036036-2176;057540036036;100mN32002E42258;MC;NA;4;4;S;M;0305;NEP
057540036036-2176;057540036036;100mN32002E42258;MC;NA;4;19;W;F;1824;NEP
057540036036-2177;057540036036;100mN32016E42230;SF;NA;2;68;D;F;6574;NEP
057540036036-2177;057540036036;100mN32016E42230;SF;NA;2;50;M;F;5064;EMP
057540036036-2178;057540036036;100mN32002E42258;MC;NA;4;26;M;M;2529;EMP
057540036036-2178;057540036036;100mN32002E42258;MC;NA;4;25;M;F;2529;EMP
057540036036-2178;057540036036;100mN32002E42258;MC;NA;4;11;S;M;0614;NEP
057540036036-2178;057540036036;100mN32002E42258;MC;NA;4;11;S;M;0614;NEP
057540036036-2179;057540036036;100mN32002E42258;MC;NA;3;46;M;M;4049;NEP
057540036036-2179;057540036036;100mN32002E42258;MC;NA;3;46;M;F;4049;EMP
057540036036-2179;057540036036;100mN32002E42258;MC;NA;3;10;S;F;0614;NEP
057540036036-2180;057540036036;100mN32002E42258;S;NA;1;59;S;F;5064;NEP
057540036036-2181;057540036036;100mN32002E42258;MC;NA;2;34;M;M;3039;EMP
057540036036-2181;057540036036;100mN32002E42258;MC;NA;2;28;M;F;2529;NEP
057540036036-2182;057540036036;100mN32004E42290;MC;NA;3;51;M;M;5064;EMP
057540036036-2182;057540036036;100mN32004E42290;MC;NA;3;18;M;F;1824;NEP
057540036036-2182;057540036036;100mN32004E42290;MC;NA;3;7;S;F;0614;NEP
057540036036-2183;057540036036;100mN32002E42258;S;OS;1;83;W;F;75XX;EMP
057540036036-2184;057540036036;100mN32002E42258;MC;NA;2;42;M;M;4049;NEP
057540036036-2184;057540036036;100mN32002E42258;MC;NA;2;48;M;F;4049;EMP
057540036036-2185;057540036036;100mN32002E42258;MC;NA;3;58;M;M;5064;NEP
057540036036-2185;057540036036;100mN32002E42258;MC;NA;3;53;M;F;5064;EMP
057540036036-2185;057540036036;100mN32002E42258;MC;NA;3;2;S;M;0003;NEP
057540036036-2186;057540036036;100mN32017E42245;S;OS;1;75;W;F;75XX;NEP
057540036036-2187;057540036036;100mN32010E42278;S;NA;1;34;M;F;3039;NEP
057540036036-2188;057540036036;100mN31997E42260;MC;MIX;4;69;M;F;6574;EMP
057540036036-2188;057540036036;100mN31997E42260;MC;MIX;4;40;M;M;4049;EMP
057540036036-2188;057540036036;100mN31997E42260;MC;MIX;4;48;M;F;4049;NEP
057540036036-2188;057540036036;100mN31997E42260;MC;MIX;4;12;S;F;0614;NEP
057540036036-2189;057540036036;100mN32003E42260;S;OS;1;60;M;F;5064;NEP
057540036036-2190;057540036036;100mN32012E42244;MC;NA;2;26;M;M;2529;EMP
057540036036-2190;057540036036;100mN32012E42244;MC;NA;2;18;M;F;1824;NEP
057540036036-2191;057540036036;100mN31964E42279;S;OS;1;18;W;M;1824;EMP
057540036036-2192;057540036036;100mN32007E42282;MC;NA;3;43;M;F;4049;EMP
057540036036-2192;057540036036;100mN32007E42282;MC;NA;3;48;M;M;4049;EMP
057540036036-2192;057540036036;100mN32007E42282;MC;NA;3;0;S;M;0003;NEP
057540036036-2193;057540036036;100mN32003E42260;MC;MIX;2;77;M;M;75XX;EMP
057540036036-2193;057540036036;100mN32003E42260;MC;MIX;2;84;W;F;75XX;NEP
057540036036-2194;057540036036;100mN32005E42290;S;NA;1;28;W;F;2529;EMP
057540036036-2195;057540036036;100mN31995E42261;S;OS;1;48;S;M;4049;EMP
057540036036-2196;057540036036;100mN32018E42246;MC;NA;3;35;M;M;3039;EMP
057540036036-2196;057540036036;100mN32018E42246;MC;NA;3;37;M;F;3039;EMP
057540036036-2196;057540036036;100mN32018E42246;MC;NA;3;20;D;M;1824;NEP
057540036036-2197;057540036036;100mN32012E42244;MC;NA;2;26;M;M;2529;EMP
057540036036-2197;057540036036;100mN32012E42244;MC;NA;2;18;M;F;1824;NEP
057540036036-2198;057540036036;100mN32003E42260;MC;NA;2;44;M;M;4049;EMP
057540036036-2198;057540036036;100mN32003E42260;MC;NA;2;43;M;F;4049;EMP
057540036036-2199;057540036036;100mN31979E42273;S;NA;1;72;D;F;6574;EMP
057540036036-2200;057540036036;100mN31963E42306;S;NA;1;37;D;M;3039;EMP
057540036036-2201;057540036036;100mN32012E42287;MC;NA;2;40;M;F;4049;EMP
057540036036-2201;057540036036;100mN32012E42287;MC;NA;2;41;M;M;4049;EMP
057540036036-2202;057540036036;100mN32003E42260;MC;NA;4;51;M;M;5064;EMP
057540036036-2202;057540036036;100mN32003E42260;MC;NA;4;51;M;F;5064;NEP
057540036036-2202;057540036036;100mN32003E42260;MC;NA;4;35;M;F;3039;EMP
057540036036-2202;057540036036;100mN32003E42260;MC;NA;4;28;M;M;2529;NEP
057540036036-2203;057540036036;100mN31991E42258;MC;OS;2;67;M;F;6574;EMP
057540036036-2203;057540036036;100mN31991E42258;MC;OS;2;69;M;M;6574;EMP
057540036036-2204;057540036036;100mN32003E42260;S;OS;1;28;S;M;2529;EMP
057540036036-2205;057540036036;100mN32003E42260;MC;OS;3;72;M;M;6574;NEP
057540036036-2205;057540036036;100mN32003E42260;MC;OS;3;71;M;F;6574;EMP
057540036036-2205;057540036036;100mN32003E42260;MC;OS;3;82;M;M;75XX;EMP
057540036036-2206;057540036036;100mN32003E42260;SM;NA;3;56;S;M;5064;EMP
057540036036-2206;057540036036;100mN32003E42260;SM;NA;3;7;S;M;0614;NEP
057540036036-2206;057540036036;100mN32003E42260;SM;NA;3;31;M;F;3039;EMP
057540036036-2207;057540036036;100mN32003E42260;SM;NA;2;63;S;M;5064;NEP
057540036036-2207;057540036036;100mN32003E42260;SM;NA;2;3;S;M;0305;NEP
057540036036-2208;057540036036;100mN32009E42289;MC;OS;2;65;M;F;6574;NEP
057540036036-2208;057540036036;100mN32009E42289;MC;OS;2;66;M;M;6574;EMP
057540036036-2209;057540036036;100mN31996E42259;S;OS;1;40;W;M;4049;EMP
057540036036-2210;057540036036;100mN32003E42260;MC;NA;2;59;M;F;5064;NEP
057540036036-2210;057540036036;100mN32003E42260;MC;NA;2;59;M;M;5064;EMP
057540036036-2211;057540036036;100mN32003E42260;MC;NA;2;47;M;F;4049;NEP
057540036036-2211;057540036036;100mN32003E42260;MC;NA;2;59;M;M;5064;EMP
057540036036-2212;057540036036;100mN31973E42245;PO;NA;3;57;S;M;5064;EMP
057540036036-2212;057540036036;100mN31973E42245;PO;NA;3;48;S;F;4049;NEP
057540036036-2212;057540036036;100mN31973E42245;PO;NA;3;35;S;M;3039;NEP
057540036036-2213;057540036036;100mN32019E42248;NA;OS;2;44;M;M;4049;EMP
057540036036-2213;057540036036;100mN32019E42248;NA;OS;2;31;D;M;3039;NEP
057540036036-2214;057540036036;100mN32003E42260;MC;MIX;3;83;S;M;75XX;NEP
057540036036-2214;057540036036;100mN32003E42260;MC;MIX;3;41;M;F;4049;EMP
057540036036-2214;057540036036;100mN32003E42260;MC;MIX;3;44;M;M;4049;EMP
057540036036-2215;057540036036;100mN32003E42260;MC;NA;2;34;M;F;3039;EMP
057540036036-2215;057540036036;100mN32003E42260;MC;NA;2;32;M;M;3039;NEP
057540036036-2216;057540036036;100mN32003E42260;S;NA;1;38;M;F;3039;NEP
057540036036-2217;057540036036;100mN32012E42286;MC;NA;3;57;M;F;5064;EMP
057540036036-2217;057540036036;100mN32012E42286;MC;NA;3;62;M;M;5064;EMP
057540036036-2217;057540036036;100mN32012E42286;MC;NA;3;12;S;F;0614;NEP
057540036036-2218;057540036036;100mN32014E42288;MC;MIX;2;83;M;M;75XX;EMP
057540036036-2218;057540036036;100mN32014E42288;MC;MIX;2;7;S;M;0614;NEP
057540036036-2219;057540036036;100mN31972E42293;S;OS;1;51;W;F;5064;NEP
057540036036-2220;057540036036;100mN32003E42260;MC;NA;4;34;M;F;3039;EMP
057540036036-2220;057540036036;100mN32003E42260;MC;NA;4;35;M;M;3039;EMP
057540036036-2220;057540036036;100mN32003E42260;MC;NA;4;18;M;F;1824;NEP
057540036036-2220;057540036036;100mN32003E42260;MC;NA;4;19;W;F;1824;EMP
057540036036-2221;057540036036;100mN32003E42260;S;NA;1;56;W;F;5064;NEP
057540036036-2222;057540036036;100mN32003E42260;S;NA;1;54;S;M;5064;EMP
057540036036-2223;057540036036;100mN32003E42260;MC;NA;2;28;M;M;2529;EMP
057540036036-2223;057540036036;100mN32003E42260;MC;NA;2;33;M;F;3039;NEP
057540036036-2224;057540036036;100mN32003E42260;S;OS;1;68;M;M;6574;EMP
057540036036-2225;057540036036;100mN32018E42243;SF;NA;2;46;W;F;4049;NEP
057540036036-2225;057540036036;100mN32018E42243;SF;NA;2;12;S;M;0614;NEP
057540036036-2226;057540036036;100mN31996E42282;MC;NA;2;48;M;F;4049;EMP
057540036036-2226;057540036036;100mN31996E42282;MC;NA;2;51;M;M;5064;EMP
057540036036-2227;057540036036;100mN32003E42260;S;NA;1;40;M;F;4049;NEP
057540036036-2228;057540036036;100mN32007E42282;MC;NA;4;30;M;F;3039;EMP
057540036036-2228;057540036036;100mN32007E42282;MC;NA;4;31;M;M;3039;EMP
057540036036-2228;057540036036;100mN32007E42282;MC;NA;4;2;S;F;0003;NEP
057540036036-2228;057540036036;100mN32007E42282;MC;NA;4;15;S;M;1517;EMP
057540036036-2229;057540036036;100mN32006E42285;MC;MIX;4;82;W;F;75XX;NEP
057540036036-2229;057540036036;100mN32006E42285;MC;MIX;4;27;M;F;2529;NEP
057540036036-2229;057540036036;100mN32006E42285;MC;MIX;4;54;M;M;5064;EMP
057540036036-2229;057540036036;100mN32006E42285;MC;MIX;4;9;S;M;0614;NEP
057540036036-2230;057540036036;100mN32005E42281;MC;OS;2;66;M;M;6574;EMP
057540036036-2230;057540036036;100mN32005E42281;MC;OS;2;89;M;F;75XX;EMP
057540036036-2231;057540036036;100mN31999E42262;MC;NA;3;20;M;F;1824;NEP
057540036036-2231;057540036036;100mN31999E42262;MC;NA;3;26;M;M;2529;EMP
057540036036-2231;057540036036;100mN31999E42262;MC;NA;3;3;S;M;0305;NEP
057540036036-2232;057540036036;100mN31999E42262;MC;NA;2;33;M;M;3039;EMP
057540036036-2232;057540036036;100mN31999E42262;MC;NA;2;30;M;F;3039;EMP
057540036036-2233;057540036036;100mN31980E42266;MC;MIX;3;84;M;F;75XX;NEP
057540036036-2233;057540036036;100mN31980E42266;MC;MIX;3;61;M;M;5064;EMP
057540036036-2233;057540036036;100mN31980E42266;MC;MIX;3;60;M;F;5064;EMP
057540036036-2234;057540036036;100mN32008E42289;SF;NA;2;51;W;F;5064;NEP
057540036036-2234;057540036036;100mN32008E42289;SF;NA;2;11;S;M;0614;NEP
057540036036-2235;057540036036;100mN31999E42262;SF;NA;2;22;S;F;1824;EMP
057540036036-2235;057540036036;100mN31999E42262;SF;NA;2;4;S;F;0305;NEP
057540036036-2236;057540036036;100mN31999E42262;MC;NA;4;50;M;F;5064;EMP
057540036036-2236;057540036036;100mN31999E42262;MC;NA;4;53;M;M;5064;EMP
057540036036-2236;057540036036;100mN31999E42262;MC;NA;4;23;W;F;1824;EMP
057540036036-2236;057540036036;100mN31999E42262;MC;NA;4;16;S;M;1517;EMP
057540036036-2237;057540036036;100mN31999E42262;MC;NA;2;51;M;F;5064;EMP
057540036036-2237;057540036036;100mN31999E42262;MC;NA;2;53;M;M;5064;NEP
057540036036-2238;057540036036;100mN31973E42247;MC;NA;2;53;M;F;5064;EMP
057540036036-2238;057540036036;100mN31973E42247;MC;NA;2;53;M;M;5064;EMP
057540036036-2239;057540036036;100mN31999E42262;MC;NA;2;25;M;M;2529;EMP
057540036036-2239;057540036036;100mN31999E42262;MC;NA;2;18;M;F;1824;EMP
057540036036-2240;057540036036;100mN31992E42279;MC;NA;2;61;M;F;5064;EMP
057540036036-2240;057540036036;100mN31992E42279;MC;NA;2;63;M;M;5064;EMP
057540036036-2241;057540036036;100mN31999E42262;NA;NA;6;82;D;F;75XX;EMP
057540036036-2241;057540036036;100mN31999E42262;NA;NA;6;67;S;F;6574;EMP
057540036036-2241;057540036036;100mN31999E42262;NA;NA;6;70;M;M;6574;EMP
057540036036-2241;057540036036;100mN31999E42262;NA;NA;6;47;D;M;4049;EMP
057540036036-2241;057540036036;100mN31999E42262;NA;NA;6;86;S;M;75XX;NEP
057540036036-2241;057540036036;100mN31999E42262;NA;NA;6;48;M;F;4049;NEP
057540036036-2242;057540036036;100mN32021E42253;S;NA;1;36;S;F;3039;EMP
057540036036-2243;057540036036;100mN31999E42262;MC;NA;4;33;M;M;3039;EMP
057540036036-2243;057540036036;100mN31999E42262;MC;NA;4;27;M;F;2529;EMP
057540036036-2243;057540036036;100mN31999E42262;MC;NA;4;13;S;F;0614;NEP
057540036036-2243;057540036036;100mN31999E42262;MC;NA;4;6;S;M;0614;NEP
057540036036-2244;057540036036;100mN31999E42262;MC;NA;2;38;M;F;3039;EMP
057540036036-2244;057540036036;100mN31999E42262;MC;NA;2;38;M;M;3039;EMP
057540036036-2245;057540036036;100mN32010E42277;MC;NA;6;62;M;F;5064;EMP
057540036036-2245;057540036036;100mN32010E42277;MC;NA;6;63;M;M;5064;EMP
057540036036-2245;057540036036;100mN32010E42277;MC;NA;6;3;S;M;0305;NEP
057540036036-2245;057540036036;100mN32010E42277;MC;NA;6;7;S;F;0614;NEP
057540036036-2245;057540036036;100mN32010E42277;MC;NA;6;44;D;M;4049;EMP
057540036036-2245;057540036036;100mN32010E42277;MC;NA;6;16;S;F;1517;NEP
057540036036-2246;057540036036;100mN31995E42267;MC;OS;4;88;M;F;75XX;EMP
057540036036-2246;057540036036;100mN31995E42267;MC;OS;4;89;M;M;75XX;EMP
057540036036-2246;057540036036;100mN31995E42267;MC;OS;4;73;D;M;6574;NEP
057540036036-2246;057540036036;100mN31995E42267;MC;OS;4;77;S;M;75XX;EMP
057540036036-2247;057540036036;100mN32003E42285;MC;NA;2;28;M;M;2529;NEP
057540036036-2247;057540036036;100mN32003E42285;MC;NA;2;26;M;F;2529;NEP
057540036036-2248;057540036036;100mN31999E42262;MC;NA;5;32;M;F;3039;NEP
057540036036-2248;057540036036;100mN31999E42262;MC;NA;5;18;M;M;1824;EMP
057540036036-2248;057540036036;100mN31999E42262;MC;NA;5;8;S;M;0614;NEP
057540036036-2248;057540036036;100mN31999E42262;MC;NA;5;10;S;M;0614;NEP
057540036036-2248;057540036036;100mN31999E42262;MC;NA;5;4;S;F;0305;NEP
057540036036-2249;057540036036;100mN31975E42248;MC;MIX;2;81;M;F;75XX;EMP
057540036036-2249;057540036036;100mN31975E42248;MC;MIX;2;63;M;M;5064;EMP
057540036036-2250;057540036036;100mN31999E42262;MC;MIX;4;67;S;F;6574;EMP
057540036036-2250;057540036036;100mN31999E42262;MC;MIX;4;19;M;M;1824;EMP
057540036036-2250;057540036036;100mN31999E42262;MC;MIX;4;18;M;F;1824;EMP
057540036036-2250;057540036036;100mN31999E42262;MC;MIX;4;3;S;F;0305;NEP
057540036036-2251;057540036036;100mN31998E42276;NA;NA;4;48;S;F;4049;NEP
057540036036-2251;057540036036;100mN31998E42276;NA;NA;4;18;W;F;1824;NEP
057540036036-2251;057540036036;100mN31998E42276;NA;NA;4;35;M;F;3039;EMP
057540036036-2251;057540036036;100mN31998E42276;NA;NA;4;60;S;M;5064;NEP
057540036036-2252;057540036036;100mN32021E42254;MC;MIX;4;83;S;M;75XX;EMP
057540036036-2252;057540036036;100mN32021E42254;MC;MIX;4;63;M;M;5064;EMP
057540036036-2252;057540036036;100mN32021E42254;MC;MIX;4;62;M;F;5064;NEP
057540036036-2252;057540036036;100mN32021E42254;MC;MIX;4;13;S;M;0614;NEP
057540036036-2253;057540036036;100mN32018E42232;MC;NA;3;31;M;F;3039;EMP
057540036036-2253;057540036036;100mN32018E42232;MC;NA;3;34;M;M;3039;NEP
057540036036-2253;057540036036;100mN32018E42232;MC;NA;3;3;S;M;0305;NEP
057540036036-2254;057540036036;100mN32020E42250;MC;OS;3;70;M;M;6574;EMP
057540036036-2254;057540036036;100mN32020E42250;MC;OS;3;72;M;F;6574;NEP
057540036036-2254;057540036036;100mN32020E42250;MC;OS;3;71;M;F;6574;EMP
057540036036-2255;057540036036;100mN32019E42257;MC;NA;6;36;M;F;3039;NEP
057540036036-2255;057540036036;100mN32019E42257;MC;NA;6;34;M;M;3039;EMP
057540036036-2255;057540036036;100mN32019E42257;MC;NA;6;15;S;F;1517;NEP
057540036036-2255;057540036036;100mN32019E42257;MC;NA;6;20;S;M;1824;EMP
057540036036-2255;057540036036;100mN32019E42257;MC;NA;6;3;S;F;0305;NEP
057540036036-2255;057540036036;100mN32019E42257;MC;NA;6;21;M;F;1824;NEP
057540036036-2256;057540036036;100mN31998E42254;S;NA;1;81;D;M;75XX;NEP
057540036036-2257;057540036036;100mN31997E42265;S;OS;1;63;M;M;5064;EMP
057540036036-2258;057540036036;100mN31995E42280;MC;OS;3;84;M;F;75XX;NEP
057540036036-2258;057540036036;100mN31995E42280;MC;OS;3;83;M;M;75XX;EMP
057540036036-2258;057540036036;100mN31995E42280;MC;OS;3;68;S;F;6574;NEP
057540036036-2259;057540036036;100mN31995E42280;MC;MIX;2;71;M;F;6574;NEP
057540036036-2259;057540036036;100mN31995E42280;MC;MIX;2;33;M;F;3039;EMP
057540036036-2260;057540036036;100mN32019E42239;SF;NA;4;58;W;F;5064;EMP
057540036036-2260;057540036036;100mN32019E42239;SF;NA;4;31;W;F;3039;NEP
057540036036-2260;057540036036;100mN32019E42239;SF;NA;4;1;S;M;0003;NEP
057540036036-2260;057540036036;100mN32019E42239;SF;NA;4;13;S;F;0614;NEP
057540036036-2261;057540036036;100mN31997E42267;MC;NA;3;48;M;F;4049;NEP
057540036036-2261;057540036036;100mN31997E42267;MC;NA;3;46;M;M;4049;NEP
057540036036-2261;057540036036;100mN31997E42267;MC;NA;3;16;S;F;1517;EMP
057540036036-2262;057540036036;100mN31985E42283;MC;OS;2;76;M;F;75XX;NEP
057540036036-2262;057540036036;100mN31985E42283;MC;OS;2;76;M;M;75XX;EMP
057540036036-2263;057540036036;100mN32009E42286;MC;NA;4;58;M;M;5064;NEP
057540036036-2263;057540036036;100mN32009E42286;MC;NA;4;52;M;F;5064;EMP
057540036036-2263;057540036036;100mN32009E42286;MC;NA;4;10;S;F;0614;NEP
057540036036-2263;057540036036;100mN32009E42286;MC;NA;4;16;S;F;1517;EMP
057540036036-2264;057540036036;100mN32007E42255;S;NA;1;28;S;F;2529;EMP
057540036036-2265;057540036036;100mN32007E42255;S;NA;1;35;M;F;3039;EMP
057540036036-2266;057540036036;100mN32007E42255;S;NA;1;45;S;M;4049;EMP
057540036036-2267;057540036036;100mN31999E42254;MC;NA;6;38;M;F;3039;EMP
057540036036-2267;057540036036;100mN31999E42254;MC;NA;6;47;M;M;4049;EMP
057540036036-2267;057540036036;100mN31999E42254;MC;NA;6;7;S;M;0614;NEP
057540036036-2267;057540036036;100mN31999E42254;MC;NA;6;0;S;M;0003;NEP
057540036036-2267;057540036036;100mN31999E42254;MC;NA;6;12;S;F;0614;NEP
057540036036-2267;057540036036;100mN31999E42254;MC;NA;6;16;S;M;1517;EMP
057540036036-2268;057540036036;100mN32007E42255;S;OS;1;44;D;M;4049;EMP
057540036036-2269;057540036036;100mN32005E42285;MC;NA;4;54;M;M;5064;EMP
057540036036-2269;057540036036;100mN32005E42285;MC;NA;4;51;M;F;5064;NEP
057540036036-2269;057540036036;100mN32005E42285;MC;NA;4;10;S;F;0614;NEP
057540036036-2269;057540036036;100mN32005E42285;MC;NA;4;10;S;M;0614;NEP
057540036036-2270;057540036036;100mN32007E42255;S;NA;1;69;M;F;6574;NEP
057540036036-2271;057540036036;100mN32007E42255;S;OS;1;62;D;F;5064;EMP
057540036036-2272;057540036036;100mN31999E42272;S;OS;1;32;W;F;3039;EMP
057540036036-2273;057540036036;100mN32007E42255;MC;OS;2;67;M;F;6574;EMP
057540036036-2273;057540036036;100mN32007E42255;MC;OS;2;73;M;M;6574;EMP
057540036036-2274;057540036036;100mN31990E42261;MC;NA;2;61;M;M;5064;EMP
057540036036-2274;057540036036;100mN31990E42261;MC;NA;2;28;M;M;2529;NEP
057540036036-2275;057540036036;100mN32012E42286;S;OS;1;50;D;F;5064;NEP
057540036036-2276;057540036036;100mN32019E42244;MC;OS;2;85;M;F;75XX;NEP
057540036036-2276;057540036036;100mN32019E42244;MC;OS;2;88;M;M;75XX;EMP
057540036036-2277;057540036036;100mN31962E42300;S;NA;1;47;W;F;4049;EMP
057540036036-2278;057540036036;100mN32007E42255;MC;OS;3;75;M;M;75XX;EMP
057540036036-2278;057540036036;100mN32007E42255;MC;OS;3;83;M;F;75XX;NEP
057540036036-2278;057540036036;100mN32007E42255;MC;OS;3;83;M;M;75XX;EMP
057540036036-2279;057540036036;100mN32007E42255;MC;NA;3;59;M;M;5064;EMP
057540036036-2279;057540036036;100mN32007E42255;MC;NA;3;59;M;F;5064;EMP
057540036036-2279;057540036036;100mN32007E42255;MC;NA;3;34;D;F;3039;NEP
057540036036-2280;057540036036;100mN32007E42281;MC;NA;4;33;M;M;3039;NEP
057540036036-2280;057540036036;100mN32007E42281;MC;NA;4;36;M;F;3039;EMP
057540036036-2280;057540036036;100mN32007E42281;MC;NA;4;10;S;F;0614;NEP
057540036036-2280;057540036036;100mN32007E42281;MC;NA;4;18;W;F;1824;EMP
057540036036-2281;057540036036;100mN32010E42279;MC;NA;3;20;M;F;1824;EMP
057540036036-2281;057540036036;100mN32010E42279;MC;NA;3;21;M;M;1824;EMP
057540036036-2281;057540036036;100mN32010E42279;MC;NA;3;2;S;M;0003;NEP
057540036036-2282;057540036036;100mN32007E42255;MC;NA;3;41;M;F;4049;NEP
057540036036-2282;057540036036;100mN32007E42255;MC;NA;3;46;M;M;4049;NEP
057540036036-2282;057540036036;100mN32007E42255;MC;NA;3;9;S;M;0614;NEP
057540036036-2283;057540036036;100mN32007E42255;NA;NA;4;32;M;M;3039;NEP
057540036036-2283;057540036036;100mN32007E42255;NA;NA;4;83;S;M;75XX;EMP
057540036036-2283;057540036036;100mN32007E42255;NA;NA;4;33;D;F;3039;EMP
057540036036-2283;057540036036;100mN32007E42255;NA;NA;4;67;S;M;6574;EMP
057540036036-2284;057540036036;100mN31992E42260;MC;MIX;3;73;M;M;6574;NEP
057540036036-2284;057540036036;100mN31992E42260;MC;MIX;3;33;M;M;3039;EMP
057540036036-2284;057540036036;100mN31992E42260;MC;MIX;3;28;M;F;2529;NEP
057540036036-2285;057540036036;100mN32007E42255;MC;NA;2;62;M;F;5064;EMP
057540036036-2285;057540036036;100mN32007E42255;MC;NA;2;70;D;F;6574;NEP
057540036036-2286;057540036036;100mN32010E42248;MC;NA;2;36;M;M;3039;NEP
057540036036-2286;057540036036;100mN32010E42248;MC;NA;2;35;M;F;3039;EMP
057540036036-2287;057540036036;100mN31975E42277;MC;NA;2;41;M;M;4049;UEP
057540036036-2287;057540036036;100mN31975E42277;MC;NA;2;36;M;F;3039;EMP
057540036036-2288;057540036036;100mN32007E42255;MC;OS;4;73;M;F;6574;EMP
057540036036-2288;057540036036;100mN32007E42255;MC;OS;4;82;M;M;75XX;EMP
057540036036-2288;057540036036;100mN32007E42255;MC;OS;4;76;D;F;75XX;NEP
057540036036-2288;057540036036;100mN32007E42255;MC;OS;4;67;S;F;6574;EMP
057540036036-2289;057540036036;100mN32007E42255;MC;NA;2;20;M;F;1824;NEP
057540036036-2289;057540036036;100mN32007E42255;MC;NA;2;23;M;M;1824;EMP
057540036036-2290;057540036036;100mN32007E42255;MC;OS;3;65;M;F;6574;EMP
057540036036-2290;057540036036;100mN32007E42255;MC;OS;3;72;M;M;6574;NEP
057540036036-2290;057540036036;100mN32007E42255;MC;OS;3;80;M;F;75XX;NEP
057540036036-2291;057540036036;100mN31999E42261;S;OS;1;32;S;M;3039;NEP
057540036036-2292;057540036036;100mN31962E42302;S;NA;1;57;S;M;5064;EMP
057540036036-2293;057540036036;100mN32013E42286;MC;NA;4;63;M;M;5064;EMP
057540036036-2293;057540036036;100mN32013E42286;MC;NA;4;55;M;F;5064;EMP
057540036036-2293;057540036036;100mN32013E42286;MC;NA;4;46;M;F;4049;NEP
057540036036-2293;057540036036;100mN32013E42286;MC;NA;4;0;S;F;0003;NEP
057540036036-2294;057540036036;100mN32021E42256;SF;NA;2;46;S;F;4049;NEP
057540036036-2294;057540036036;100mN32021E42256;SF;NA;2;10;S;M;0614;NEP
057540036036-2295;057540036036;100mN32020E42248;MC;NA;2;42;M;F;4049;EMP
057540036036-2295;057540036036;100mN32020E42248;MC;NA;2;43;M;M;4049;NEP
057540036036-2296;057540036036;100mN32020E42248;MC;MIX;3;73;S;M;6574;UEP
057540036036-2296;057540036036;100mN32020E42248;MC;MIX;3;61;M;M;5064;NEP
057540036036-2296;057540036036;100mN32020E42248;MC;MIX;3;61;M;F;5064;EMP
057540036036-2297;057540036036;100mN32018E42249;S;NA;1;63;W;M;5064;EMP
057540036036-2298;057540036036;100mN32020E42248;MC;NA;2;44;M;M;4049;NEP
057540036036-2298;057540036036;100mN32020E42248;MC;NA;2;38;M;F;3039;NEP
057540036036-2299;057540036036;100mN31999E42254;MC;NA;3;57;M;M;5064;EMP
057540036036-2299;057540036036;100mN31999E42254;MC;NA;3;51;M;F;5064;NEP
057540036036-2299;057540036036;100mN31999E42254;MC;NA;3;3;S;M;0305;NEP
057540036036-2300;057540036036;100mN32017E42252;S;NA;1;16;S;F;1517;EMP
057540036036-2301;057540036036;100mN32015E42237;MC;NA;2;46;M;M;4049;NEP
057540036036-2301;057540036036;100mN32015E42237;MC;NA;2;18;M;F;1824;EMP
057540036036-2302;057540036036;100mN31976E42270;S;OS;1;38;S;F;3039;EMP
057540036036-2303;057540036036;100mN31997E42258;SF;NA;2;79;S;F;75XX;NEP
057540036036-2303;057540036036;100mN31997E42258;SF;NA;2;32;S;F;3039;NEP
057540036036-2304;057540036036;100mN31997E42266;PO;NA;4;31;S;F;3039;EMP
057540036036-2304;057540036036;100mN31997E42266;PO;NA;4;33;S;M;3039;EMP
057540036036-2304;057540036036;100mN31997E42266;PO;NA;4;11;S;M;0614;NEP
057540036036-2304;057540036036;100mN31997E42266;PO;NA;4;8;S;F;0614;NEP
057540036036-2305;057540036036;100mN31997E42266;MC;OS;3;73;M;F;6574;EMP
057540036036-2305;057540036036;100mN31997E42266;MC;OS;3;77;M;M;75XX;EMP
057540036036-2305;057540036036;100mN31997E42266;MC;OS;3;89;M;M;75XX;EMP
057540036036-2306;057540036036;100mN31997E42266;S;NA;1;47;M;M;4049;EMP
057540036036-2307;057540036036;100mN31998E42272;MC;NA;2;45;M;M;4049;EMP
057540036036-2307;057540036036;100mN31998E42272;MC;NA;2;46;M;F;4049;EMP
057540036036-2308;057540036036;100mN31997E42266;MC;NA;4;23;M;F;1824;NEP
057540036036-2308;057540036036;100mN31997E42266;MC;NA;4;23;M;M;1824;EMP
057540036036-2308;057540036036;100mN31997E42266;MC;NA;4;3;S;F;0305;NEP
057540036036-2308;057540036036;100mN31997E42266;MC;NA;4;7;S;F;0614;NEP
057540036036-2309;057540036036;100mN31997E42266;PO;NA;4;40;S;F;4049;NEP
057540036036-2309;057540036036;100mN31997E42266;PO;NA;4;47;S;M;4049;NEP
057540036036-2309;057540036036;100mN31997E42266;PO;NA;4;0;S;F;0003;NEP
057540036036-2309;057540036036;100mN31997E42266;PO;NA;4;10;S;F;0614;NEP
057540036036-2310;057540036036;100mN31997E42266;S;NA;1;43;S;M;4049;NEP
057540036036-2311;057540036036;100mN32022E42254;MC;OS;2;76;M;F;75XX;EMP
057540036036-2311;057540036036;100mN32022E42254;MC;OS;2;76;M;M;75XX;EMP
057540036036-2312;057540036036;100mN31997E42266;MC;NA;2;57;M;M;5064;EMP
057540036036-2312;057540036036;100mN31997E42266;MC;NA;2;52;M;F;5064;NEP
057540036036-2313;057540036036;100mN31997E42266;S;OS;1;21;M;M;1824;EMP
057540036036-2314;057540036036;100mN31976E42251;MC;NA;2;46;M;F;4049;NEP
057540036036-2314;057540036036;100mN31976E42251;MC;NA;2;55;M;M;5064;NEP
057540036036-2315;057540036036;100mN31997E42266;MC;NA;2;40;M;M;4049;EMP
057540036036-2315;057540036036;100mN31997E42266;MC;NA;2;37;M;F;3039;EMP
057540036036-2316;057540036036;100mN31997E42266;S;OS;1;44;M;F;4049;EMP
057540036036-2317;057540036036;100mN31999E42257;PO;NA;4;36;S;M;3039;EMP
057540036036-2317;057540036036;100mN31999E42257;PO;NA;4;34;S;F;3039;EMP
057540036036-2317;057540036036;100mN31999E42257;PO;NA;4;15;S;M;1517;EMP
057540036036-2317;057540036036;100mN31999E42257;PO;NA;4;19;S;F;1824;NEP
057540036036-2318;057540036036;100mN31997E42266;MC;NA;2;34;M;M;3039;NEP
057540036036-2318;057540036036;100mN31997E42266;MC;NA;2;28;M;F;2529;EMP
057540036036-2319;057540036036;100mN32004E42277;MC;NA;2;18;M;M;1824;EMP
057540036036-2319;057540036036;100mN32004E42277;MC;NA;2;18;M;F;1824;NEP
057540036036-2320;057540036036;100mN32022E42250;MC;MIX;2;82;M;F;75XX;EMP
057540036036-2320;057540036036;100mN32022E42250;MC;MIX;2;46;M;F;4049;NEP
057540036036-2321;057540036036;100mN31999E42292;MC;NA;6;44;M;M;4049;NEP
057540036036-2321;057540036036;100mN31999E42292;MC;NA;6;36;M;F;3039;NEP
057540036036-2321;057540036036;100mN31999E42292;MC;NA;6;10;S;M;0614;NEP
057540036036-2321;057540036036;100mN31999E42292;MC;NA;6;13;S;F;0614;NEP
057540036036-2321;057540036036;100mN31999E42292;MC;NA;6;6;S;F;0614;NEP
057540036036-2321;057540036036;100mN31999E42292;MC;NA;6;4;S;F;0305;NEP
057540036036-2322;057540036036;100mN32019E42248;S;NA;1;32;S;M;3039;EMP
057540036036-2323;057540036036;100mN32020E42251;MC;NA;2;60;M;M;5064;EMP
057540036036-2323;057540036036;100mN32020E42251;MC;NA;2;59;M;F;5064;NEP
057540036036-2324;057540036036;100mN31991E42259;MC;NA;2;56;M;M;5064;EMP
057540036036-2324;057540036036;100mN31991E42259;MC;NA;2;55;M;F;5064;NEP
057540036036-2325;057540036036;100mN32020E42251;S;NA;1;70;D;F;6574;NEP
057540036036-2326;057540036036;100mN32020E42251;MC;NA;2;35;M;F;3039;EMP
057540036036-2326;057540036036;100mN32020E42251;MC;NA;2;40;M;M;4049;EMP
057540036036-2327;057540036036;100mN32022E42254;SF;NA;2;35;D;F;3039;EMP
057540036036-2327;057540036036;100mN32022E42254;SF;NA;2;18;M;M;1824;EMP
057540036036-2328;057540036036;100mN32001E42255;MC;NA;4;26;M;F;2529;EMP
057540036036-2328;057540036036;100mN32001E42255;MC;NA;4;27;M;M;2529;UEP
057540036036-2328;057540036036;100mN32001E42255;MC;NA;4;9;S;F;0614;NEP
057540036036-2328;057540036036;100mN32001E42255;MC;NA;4;7;S;M;0614;NEP
057540036036-2329;057540036036;100mN32020E42251;MC;NA;3;61;M;M;5064;EMP
057540036036-2329;057540036036;100mN32020E42251;MC;NA;3;61;M;F;5064;EMP
057540036036-2329;057540036036;100mN32020E42251;MC;NA;3;8;S;M;0614;NEP
057540036036-2330;057540036036;100mN32013E42244;PO;NA;2;21;S;F;1824;NEP
057540036036-2330;057540036036;100mN32013E42244;PO;NA;2;18;S;F;1824;EMP
057540036036-2331;057540036036;100mN31973E42298;S;NA;1;25;D;F;2529;EMP
057540036036-2332;057540036036;100mN31997E42268;S;NA;1;82;M;M;75XX;EMP
057540036036-2333;057540036036;100mN31989E42275;MC;NA;6;40;M;F;4049;NEP
057540036036-2333;057540036036;100mN31989E42275;MC;NA;6;48;M;M;4049;NEP
057540036036-2333;057540036036;100mN31989E42275;MC;NA;6;16;S;M;1517;EMP
057540036036-2333;057540036036;100mN31989E42275;MC;NA;6;22;M;M;1824;EMP
057540036036-2333;057540036036;100mN31989E42275;MC;NA;6;7;S;M;0614;NEP
057540036036-2333;057540036036;100mN31989E42275;MC;NA;6;23;S;F;1824;EMP
057540036036-2334;057540036036;100mN31976E42269;SF;MIX;3;80;W;F;75XX;NEP
057540036036-2334;057540036036;100mN31976E42269;SF;MIX;3;61;S;F;5064;EMP
057540036036-2334;057540036036;100mN31976E42269;SF;MIX;3;44;W;F;4049;EMP
057540036036-2335;057540036036;100mN32020E42251;MC;NA;6;44;M;M;4049;EMP
057540036036-2335;057540036036;100mN32020E42251;MC;NA;6;44;M;F;4049;NEP
057540036036-2335;057540036036;100mN32020E42251;MC;NA;6;13;S;F;0614;NEP
057540036036-2335;057540036036;100mN32020E42251;MC;NA;6;11;S;F;0614;NEP
057540036036-2335;057540036036;100mN32020E42251;MC;NA;6;12;S;F;0614;NEP
057540036036-2335;057540036036;100mN32020E42251;MC;NA;6;3;S;F;0305;NEP
057540036036-2336;057540036036;100mN32020E42251;PO;NA;3;28;S;M;2529;NEP
057540036036-2336;057540036036;100mN32020E42251;PO;NA;3;23;S;F;1824;NEP
057540036036-2336;057540036036;100mN32020E42251;PO;NA;3;6;S;F;0614;NEP
057540036036-2337;057540036036;100mN31989E42262;MC;OS;2;70;M;F;6574;EMP
057540036036-2337;057540036036;100mN31989E42262;MC;OS;2;89;M;M;75XX;EMP
057540036036-2338;057540036036;100mN31972E42251;MC;NA;2;26;M;M;2529;EMP
057540036036-2338;057540036036;100mN31972E42251;MC;NA;2;26;M;F;2529;EMP
057540036036-2339;057540036036;100mN32020E42251;MC;NA;3;44;M;M;4049;NEP
057540036036-2339;057540036036;100mN32020E42251;MC;NA;3;44;M;F;4049;EMP
057540036036-2339;057540036036;100mN32020E42251;MC;NA;3;16;S;F;1517;EMP
057540036036-2340;057540036036;100mN31962E42308;PO;NA;4;25;S;M;2529;EMP
057540036036-2340;057540036036;100mN31962E42308;PO;NA;4;22;S;F;1824;EMP
057540036036-2340;057540036036;100mN31962E42308;PO;NA;4;10;S;F;0614;NEP
057540036036-2340;057540036036;100mN31962E42308;PO;NA;4;7;S;F;0614;NEP
057540036036-2341;057540036036;100mN32009E42248;SF;NA;2;62;S;F;5064;NEP
057540036036-2341;057540036036;100mN32009E42248;SF;NA;2;15;S;F;1517;NEP
057540036036-2342;057540036036;100mN32007E42287;SM;NA;4;77;D;M;75XX;NEP
057540036036-2342;057540036036;100mN32007E42287;SM;NA;4;9;S;M;0614;NEP
057540036036-2342;057540036036;100mN32007E42287;SM;NA;4;16;S;F;1517;EMP
057540036036-2342;057540036036;100mN32007E42287;SM;NA;4;50;M;F;5064;NEP
057540036036-2343;057540036036;100mN32012E42243;S;NA;1;57;M;F;5064;EMP
057540036036-2344;057540036036;100mN31976E42252;MC;NA;4;47;M;F;4049;NEP
057540036036-2344;057540036036;100mN31976E42252;MC;NA;4;53;M;M;5064;EMP
057540036036-2344;057540036036;100mN31976E42252;MC;NA;4;11;S;M;0614;NEP
057540036036-2344;057540036036;100mN31976E42252;MC;NA;4;3;S;M;0305;NEP
057540036036-2345;057540036036;100mN31966E42250;S;NA;1;50;M;M;5064;EMP
057540036036-2346;057540036036;100mN31975E42248;SF;NA;2;50;S;F;5064;EMP
057540036036-2346;057540036036;100mN31975E42248;SF;NA;2;19;S;M;1824;EMP
057540036036-2347;057540036036;100mN31998E42257;MC;NA;4;27;M;F;2529;NEP
057540036036-2347;057540036036;100mN31998E42257;MC;NA;4;28;M;M;2529;EMP
057540036036-2347;057540036036;100mN31998E42257;MC;NA;4;12;S;M;0614;NEP
057540036036-2347;057540036036;100mN31998E42257;MC;NA;4;3;S;M;0305;NEP
057540036036-2348;057540036036;100mN32002E42254;MC;MIX;2;80;M;F;75XX;NEP
057540036036-2348;057540036036;100mN32002E42254;MC;MIX;2;16;S;F;1517;NEP
057540036036-2349;057540036036;100mN32014E42244;MC;NA;2;50;M;F;5064;EMP
057540036036-2349;057540036036;100mN32014E42244;MC;NA;2;46;M;M;4049;EMP
057540036036-2350;057540036036;100mN31958E42295;MC;NA;3;22;M;F;1824;NEP
057540036036-2350;057540036036;100mN31958E42295;MC;NA;3;48;M;M;4049;EMP
057540036036-2350;057540036036;100mN31958E42295;MC;NA;3;7;S;M;0614;NEP
057540036036-2351;057540036036;100mN32017E42255;SF;NA;2;27;W;F;2529;NEP
057540036036-2351;057540036036;100mN32017E42255;SF;NA;2;0;S;M;0003;NEP
057540036036-2352;057540036036;100mN32002E42254;MC;MIX;2;81;M;F;75XX;NEP
057540036036-2352;057540036036;100mN32002E42254;MC;MIX;2;58;M;M;5064;EMP
057540036036-2353;057540036036;100mN32002E42254;PO;NA;2;59;S;F;5064;EMP
057540036036-2353;057540036036;100mN32002E42254;PO;NA;2;60;S;M;5064;NEP
057540036036-2354;057540036036;100mN31962E42308;MC;NA;2;23;M;M;1824;UEP
057540036036-2354;057540036036;100mN31962E42308;MC;NA;2;31;M;F;3039;EMP
057540036036-2355;057540036036;100mN32004E42279;MC;NA;3;45;M;M;4049;NEP
057540036036-2355;057540036036;100mN32004E42279;MC;NA;3;42;M;F;4049;NEP
057540036036-2355;057540036036;100mN32004E42279;MC;NA;3;1;S;F;0003;NEP
057540036036-2356;057540036036;100mN32002E42254;SF;NA;2;26;S;F;2529;EMP
057540036036-2356;057540036036;100mN32002E42254;SF;NA;2;3;S;M;0305;NEP
057540036036-2357;057540036036;100mN31963E42279;MC;NA;2;60;M;F;5064;EMP
057540036036-2357;057540036036;100mN31963E42279;MC;NA;2;62;M;M;5064;EMP
057540036036-2358;057540036036;100mN32002E42254;MC;MIX;2;80;M;F;75XX;NEP
057540036036-2358;057540036036;100mN32002E42254;MC;MIX;2;16;S;F;1517;NEP
057540036036-2359;057540036036;100mN32002E42254;MC;NA;6;27;M;M;2529;EMP
057540036036-2359;057540036036;100mN32002E42254;MC;NA;6;21;M;F;1824;EMP
057540036036-2359;057540036036;100mN32002E42254;MC;NA;6;3;S;M;0305;NEP
057540036036-2359;057540036036;100mN32002E42254;MC;NA;6;6;S;M;0614;NEP
057540036036-2359;057540036036;100mN32002E42254;MC;NA;6;11;S;F;0614;NEP
057540036036-2359;057540036036;100mN32002E42254;MC;NA;6;2;S;F;0003;NEP
057540036036-2360;057540036036;100mN31986E42271;S;NA;1;45;M;M;4049;EMP
057540036036-2361;057540036036;100mN32002E42254;MC;NA;4;42;M;M;4049;EMP
057540036036-2361;057540036036;100mN32002E42254;MC;NA;4;45;M;F;4049;NEP
057540036036-2361;057540036036;100mN32002E42254;MC;NA;4;21;M;M;1824;NEP
057540036036-2361;057540036036;100mN32002E42254;MC;NA;4;11;S;M;0614;NEP
057540036036-2362;057540036036;100mN31996E42259;S;OS;1;54;M;F;5064;EMP
057540036036-2363;057540036036;100mN32017E42232;PO;NA;4;28;S;M;2529;EMP
057540036036-2363;057540036036;100mN32017E42232;PO;NA;4;26;S;F;2529;NEP
057540036036-2363;057540036036;100mN32017E42232;PO;NA;4;7;S;M;0614;NEP
057540036036-2363;057540036036;100mN32017E42232;PO;NA;4;1;S;F;0003;NEP
057540036036-2364;057540036036;100mN31967E42276;S;NA;1;67;S;M;6574;EMP
057540036036-2365;057540036036;100mN32005E42251;PO;NA;2;59;S;M;5064;EMP
057540036036-2365;057540036036;100mN32005E42251;PO;NA;2;58;S;F;5064;NEP
057540036036-2366;057540036036;100mN32002E42254;MC;NA;2;31;M;F;3039;EMP
057540036036-2366;057540036036;100mN32002E42254;MC;NA;2;36;M;M;3039;UEP
057540036036-2367;057540036036;100mN32003E42281;MC;OS;2;66;M;M;6574;EMP
057540036036-2367;057540036036;100mN32003E42281;MC;OS;2;66;M;F;6574;NEP
057540036036-2368;057540036036;100mN31993E42261;S;NA;1;40;S;F;4049;EMP
057540036036-2369;057540036036;100mN31990E42261;MC;NA;2;61;M;M;5064;EMP
057540036036-2369;057540036036;100mN31990E42261;MC;NA;2;28;M;M;2529;NEP
057540036036-2370;057540036036;100mN32012E42244;PO;NA;3;42;S;M;4049;EMP
057540036036-2370;057540036036;100mN32012E42244;PO;NA;3;43;S;M;4049;EMP
057540036036-2370;057540036036;100mN32012E42244;PO;NA;3;15;S;M;1517;UEP
057540036036-2371;057540036036;100mN31972E42252;SF;NA;3;56;W;F;5064;NEP
057540036036-2371;057540036036;100mN31972E42252;SF;NA;3;30;S;F;3039;EMP
057540036036-2371;057540036036;100mN31972E42252;SF;NA;3;28;S;F;2529;NEP
057540036036-2372;057540036036;100mN31994E42302;MC;OS;2;69;M;M;6574;EMP
057540036036-2372;057540036036;100mN31994E42302;MC;OS;2;68;M;F;6574;EMP
057540036036-2373;057540036036;100mN32022E42251;PO;MIX;4;72;M;M;6574;EMP
057540036036-2373;057540036036;100mN32022E42251;PO;MIX;4;33;S;M;3039;EMP
057540036036-2373;057540036036;100mN32022E42251;PO;MIX;4;30;S;M;3039;NEP
057540036036-2373;057540036036;100mN32022E42251;PO;MIX;4;10;S;M;0614;NEP
057540036036-2374;057540036036;100mN31974E42299;MC;NA;2;61;M;M;5064;EMP
057540036036-2374;057540036036;100mN31974E42299;MC;NA;2;59;M;F;5064;EMP
057540036036-2375;057540036036;100mN31991E42275;MC;NA;2;52;M;F;5064;EMP
057540036036-2375;057540036036;100mN31991E42275;MC;NA;2;60;M;M;5064;NEP
057540036036-2376;057540036036;100mN31991E42275;MC;NA;2;44;M;F;4049;EMP
057540036036-2376;057540036036;100mN31991E42275;MC;NA;2;54;M;M;5064;NEP
057540036036-2377;057540036036;100mN31991E42275;MC;MIX;4;67;M;M;6574;NEP
057540036036-2377;057540036036;100mN31991E42275;MC;MIX;4;23;M;F;1824;NEP
057540036036-2377;057540036036;100mN31991E42275;MC;MIX;4;25;M;M;2529;NEP
057540036036-2377;057540036036;100mN31991E42275;MC;MIX;4;8;S;F;0614;NEP
057540036036-2378;057540036036;100mN32005E42282;MC;NA;4;43;M;M;4049;EMP
057540036036-2378;057540036036;100mN32005E42282;MC;NA;4;41;M;F;4049;EMP
057540036036-2378;057540036036;100mN32005E42282;MC;NA;4;15;S;F;1517;NEP
057540036036-2378;057540036036;100mN32005E42282;MC;NA;4;23;S;M;1824;NEP
057540036036-2379;057540036036;100mN31991E42275;S;OS;1;53;M;M;5064;EMP
057540036036-2380;057540036036;100mN31995E42257;MC;NA;2;57;M;F;5064;EMP
057540036036-2380;057540036036;100mN31995E42257;MC;NA;2;62;M;M;5064;UEP
057540036036-2381;057540036036;100mN32018E42254;MC;NA;2;42;M;F;4049;EMP
057540036036-2381;057540036036;100mN32018E42254;MC;NA;2;44;M;M;4049;EMP
057540036036-2382;057540036036;100mN31961E42282;MC;MIX;5;80;S;M;75XX;EMP
057540036036-2382;057540036036;100mN31961E42282;MC;MIX;5;58;M;M;5064;EMP
057540036036-2382;057540036036;100mN31961E42282;MC;MIX;5;52;M;F;5064;NEP
057540036036-2382;057540036036;100mN31961E42282;MC;MIX;5;10;S;M;0614;NEP
057540036036-2382;057540036036;100mN31961E42282;MC;MIX;5;12;S;F;0614;NEP
057540036036-2383;057540036036;100mN31976E42248;S;NA;1;63;S;F;5064;EMP
057540036036-2384;057540036036;100mN31974E42298;PO;NA;2;51;S;F;5064;EMP
057540036036-2384;057540036036;100mN31974E42298;PO;NA;2;52;S;F;5064;EMP
057540036036-2385;057540036036;100mN31974E42298;PO;NA;4;42;S;M;4049;EMP
057540036036-2385;057540036036;100mN31974E42298;PO;NA;4;41;S;M;4049;EMP
057540036036-2385;057540036036;100mN31974E42298;PO;NA;4;27;S;F;2529;EMP
057540036036-2385;057540036036;100mN31974E42298;PO;NA;4;25;W;M;2529;EMP
057540036036-2386;057540036036;100mN31975E42248;MC;NA;2;42;M;F;4049;NEP
057540036036-2386;057540036036;100mN31975E42248;MC;NA;2;42;M;M;4049;EMP
057540036036-2387;057540036036;100mN31974E42298;MC;OS;2;85;M;F;75XX;NEP
057540036036-2387;057540036036;100mN31974E42298;MC;OS;2;70;M;M;6574;EMP
057540036036-2388;057540036036;100mN31974E42298;S;NA;1;82;M;F;75XX;EMP
057540036036-2389;057540036036;100mN32014E42290;PO;NA;3;50;S;F;5064;NEP
057540036036-2389;057540036036;100mN32014E42290;PO;NA;3;55;S;F;5064;EMP
057540036036-2389;057540036036;100mN32014E42290;PO;NA;3;12;S;M;0614;NEP
057540036036-2390;057540036036;100mN31974E42298;SF;NA;3;73;S;F;6574;EMP
057540036036-2390;057540036036;100mN31974E42298;SF;NA;3;12;S;M;0614;NEP
057540036036-2390;057540036036;100mN31974E42298;SF;NA;3;6;S;F;0614;NEP
057540036036-2391;057540036036;100mN32005E42282;S;NA;1;66;P;F;6574;EMP
057540036036-2392;057540036036;100mN31993E42268;MC;NA;2;44;M;M;4049;EMP
057540036036-2392;057540036036;100mN31993E42268;MC;NA;2;43;M;F;4049;EMP
057540036036-2393;057540036036;100mN31974E42298;S;OS;1;30;D;F;3039;EMP
057540036036-2394;057540036036;100mN32006E42309;MC;NA;2;21;M;M;1824;EMP
057540036036-2394;057540036036;100mN32006E42309;MC;NA;2;21;M;F;1824;NEP
057540036036-2395;057540036036;100mN32008E42250;MC;NA;2;47;M;F;4049;EMP
057540036036-2395;057540036036;100mN32008E42250;MC;NA;2;50;M;M;5064;EMP
057540036036-2396;057540036036;100mN32006E42309;MC;NA;3;55;M;M;5064;EMP
057540036036-2396;057540036036;100mN32006E42309;MC;NA;3;53;M;F;5064;EMP
057540036036-2396;057540036036;100mN32006E42309;MC;NA;3;30;M;F;3039;EMP
057540036036-2397;057540036036;100mN31990E42260;S;NA;1;46;S;F;4049;NEP
057540036036-2398;057540036036;100mN31964E42280;MC;NA;3;53;M;F;5064;NEP
057540036036-2398;057540036036;100mN31964E42280;MC;NA;3;57;M;M;5064;NEP
057540036036-2398;057540036036;100mN31964E42280;MC;NA;3;11;S;F;0614;NEP
057540036036-2399;057540036036;100mN32017E42293;PO;OS;2;72;S;F;6574;NEP
057540036036-2399;057540036036;100mN32017E42293;PO;OS;2;80;S;F;75XX;NEP
057540036036-2400;057540036036;100mN31998E42258;MC;NA;2;37;M;M;3039;EMP
057540036036-2400;057540036036;100mN31998E42258;MC;NA;2;32;M;F;3039;EMP
057540036036-2401;057540036036;100mN31998E42258;S;NA;1;23;M;F;1824;EMP
057540036036-2402;057540036036;100mN32020E42240;S;OS;1;59;M;F;5064;NEP
057540036036-2403;057540036036;100mN31981E42264;S;NA;1;36;W;F;3039;NEP
057540036036-2404;057540036036;100mN32005E42278;SF;NA;5;86;S;F;75XX;EMP
057540036036-2404;057540036036;100mN32005E42278;SF;NA;5;1;S;M;0003;NEP
057540036036-2404;057540036036;100mN32005E42278;SF;NA;5;8;S;M;0614;NEP
057540036036-2404;057540036036;100mN32005E42278;SF;NA;5;11;S;F;0614;NEP
057540036036-2404;057540036036;100mN32005E42278;SF;NA;5;1;S;M;0003;NEP
057540036036-2405;057540036036;100mN31998E42258;MC;MIX;3;86;M;F;75XX;EMP
057540036036-2405;057540036036;100mN31998E42258;MC;MIX;3;54;M;F;5064;NEP
057540036036-2405;057540036036;100mN31998E42258;MC;MIX;3;59;M;M;5064;EMP
057540036036-2406;057540036036;100mN31998E42258;S;NA;1;67;M;F;6574;NEP
057540036036-2407;057540036036;100mN31957E42248;MC;NA;2;40;M;M;4049;NEP
057540036036-2407;057540036036;100mN31957E42248;MC;NA;2;34;M;F;3039;EMP
057540036036-2408;057540036036;100mN31987E42271;MC;NA;2;52;M;F;5064;EMP
057540036036-2408;057540036036;100mN31987E42271;MC;NA;2;61;M;M;5064;EMP
057540036036-2409;057540036036;100mN31967E42261;MC;OS;2;77;M;F;75XX;EMP
057540036036-2409;057540036036;100mN31967E42261;MC;OS;2;79;M;M;75XX;EMP
057540036036-2410;057540036036;100mN31998E42258;MC;NA;2;32;M;F;3039;EMP
057540036036-2410;057540036036;100mN31998E42258;MC;NA;2;35;M;M;3039;NEP
057540036036-2411;057540036036;100mN31992E42277;MC;NA;4;38;M;F;3039;EMP
057540036036-2411;057540036036;100mN31992E42277;MC;NA;4;41;M;M;4049;NEP
057540036036-2411;057540036036;100mN31992E42277;MC;NA;4;16;S;M;1517;UEP
057540036036-2411;057540036036;100mN31992E42277;MC;NA;4;23;D;M;1824;EMP
057540036036-2412;057540036036;100mN31956E42295;S;NA;1;60;M;M;5064;EMP
057540036036-2413;057540036036;100mN32023E42228;S;NA;1;62;W;F;5064;EMP
057540036036-2414;057540036036;100mN31964E42309;MC;NA;2;51;M;M;5064;EMP
057540036036-2414;057540036036;100mN31964E42309;MC;NA;2;50;M;F;5064;EMP
057540036036-2415;057540036036;100mN31956E42295;MC;NA;5;34;M;F;3039;NEP
057540036036-2415;057540036036;100mN31956E42295;MC;NA;5;43;M;M;4049;NEP
057540036036-2415;057540036036;100mN31956E42295;MC;NA;5;1;S;F;0003;NEP
057540036036-2415;057540036036;100mN31956E42295;MC;NA;5;18;M;F;1824;EMP
057540036036-2415;057540036036;100mN31956E42295;MC;NA;5;1;S;F;0003;NEP
057540036036-2416;057540036036;100mN31998E42265;MC;OS;2;66;M;M;6574;EMP
057540036036-2416;057540036036;100mN31998E42265;MC;OS;2;66;M;F;6574;NEP
057540036036-2417;057540036036;100mN32004E42258;SM;NA;6;53;S;M;5064;EMP
057540036036-2417;057540036036;100mN32004E42258;SM;NA;6;8;S;M;0614;NEP
057540036036-2417;057540036036;100mN32004E42258;SM;NA;6;19;M;F;1824;EMP
057540036036-2417;057540036036;100mN32004E42258;SM;NA;6;4;S;F;0305;NEP
057540036036-2417;057540036036;100mN32004E42258;SM;NA;6;7;S;F;0614;NEP
057540036036-2417;057540036036;100mN32004E42258;SM;NA;6;12;S;M;0614;NEP
057540036036-2418;057540036036;100mN32007E42287;SF;NA;2;52;S;F;5064;NEP
057540036036-2418;057540036036;100mN32007E42287;SF;NA;2;16;S;F;1517;EMP
057540036036-2419;057540036036;100mN31998E42254;MC;MIX;2;82;M;M;75XX;EMP
057540036036-2419;057540036036;100mN31998E42254;MC;MIX;2;67;M;M;6574;EMP
057540036036-2420;057540036036;100mN32008E42279;S;OS;1;34;D;M;3039;EMP
057540036036-2421;057540036036;100mN31999E42254;MC;NA;3;57;M;M;5064;EMP
057540036036-2421;057540036036;100mN31999E42254;MC;NA;3;51;M;F;5064;NEP
057540036036-2421;057540036036;100mN31999E42254;MC;NA;3;3;S;M;0305;NEP
057540036036-2422;057540036036;100mN31998E42254;S;NA;1;50;M;F;5064;EMP
057540036036-2423;057540036036;100mN31976E42251;MC;NA;2;46;M;F;4049;NEP
057540036036-2423;057540036036;100mN31976E42251;MC;NA;2;55;M;M;5064;NEP
057540036036-2424;057540036036;100mN31998E42254;MC;NA;3;60;M;M;5064;EMP
057540036036-2424;057540036036;100mN31998E42254;MC;NA;3;57;M;F;5064;NEP
057540036036-2424;057540036036;100mN31998E42254;MC;NA;3;9;S;M;0614;NEP
057540036036-2425;057540036036;100mN31998E42254;PO;NA;5;19;S;F;1824;EMP
057540036036-2425;057540036036;100mN31998E42254;PO;NA;5;20;S;M;1824;EMP
057540036036-2425;057540036036;100mN31998E42254;PO;NA;5;4;S;F;0305;NEP
057540036036-2425;057540036036;100mN31998E42254;PO;NA;5;4;S;M;0305;NEP
057540036036-2425;057540036036;100mN31998E42254;PO;NA;5;4;S;F;0305;NEP
057540036036-2426;057540036036;100mN31965E42240;NA;NA;2;63;W;F;5064;EMP
057540036036-2426;057540036036;100mN31965E42240;NA;NA;2;48;S;M;4049;EMP
057540036036-2427;057540036036;100mN31998E42254;PO;NA;5;25;S;M;2529;EMP
057540036036-2427;057540036036;100mN31998E42254;PO;NA;5;25;S;M;2529;EMP
057540036036-2427;057540036036;100mN31998E42254;PO;NA;5;1;S;M;0003;NEP
057540036036-2427;057540036036;100mN31998E42254;PO;NA;5;10;S;M;0614;NEP
057540036036-2427;057540036036;100mN31998E42254;PO;NA;5;1;S;F;0003;NEP
057540036036-2428;057540036036;100mN32001E42287;MC;NA;3;25;M;F;2529;EMP
057540036036-2428;057540036036;100mN32001E42287;MC;NA;3;31;M;M;3039;EMP
057540036036-2428;057540036036;100mN32001E42287;MC;NA;3;7;S;M;0614;NEP
057540036036-2429;057540036036;100mN31998E42254;S;NA;1;81;D;M;75XX;NEP
057540036036-2430;057540036036;100mN31998E42254;S;NA;1;44;M;M;4049;NEP
057540036036-2431;057540036036;100mN31992E42260;S;NA;1;80;D;F;75XX;EMP
057540036036-2432;057540036036;100mN32021E42253;S;NA;1;63;D;M;5064;EMP
057540036036-2433;057540036036;100mN31998E42254;S;NA;1;20;S;F;1824;EMP
057540036036-2434;057540036036;100mN32010E42278;MC;NA;2;31;M;F;3039;NEP
057540036036-2434;057540036036;100mN32010E42278;MC;NA;2;33;M;M;3039;EMP
057540036036-2435;057540036036;100mN32009E42278;MC;NA;3;43;M;F;4049;NEP
057540036036-2435;057540036036;100mN32009E42278;MC;NA;3;41;M;M;4049;NEP
057540036036-2435;057540036036;100mN32009E42278;MC;NA;3;22;S;M;1824;UEP
057540036036-2436;057540036036;100mN31998E42254;MC;NA;3;35;M;M;3039;NEP
057540036036-2436;057540036036;100mN31998E42254;MC;NA;3;32;M;F;3039;EMP
057540036036-2436;057540036036;100mN31998E42254;MC;NA;3;4;S;F;0305;NEP
057540036036-2437;057540036036;100mN31998E42260;MC;NA;2;46;M;M;4049;EMP
057540036036-2437;057540036036;100mN31998E42260;MC;NA;2;43;M;F;4049;EMP
057540036036-2438;057540036036;100mN32008E42289;MC;NA;5;44;M;M;4049;EMP
057540036036-2438;057540036036;100mN32008E42289;MC;NA;5;43;M;F;4049;NEP
057540036036-2438;057540036036;100mN32008E42289;MC;NA;5;12;S;F;0614;NEP
057540036036-2438;057540036036;100mN32008E42289;MC;NA;5;20;S;M;1824;EMP
057540036036-2438;057540036036;100mN32008E42289;MC;NA;5;9;S;F;0614;NEP
057540036036-2439;057540036036;100mN31959E42250;S;OS;1;42;S;M;4049;EMP
057540036036-2440;057540036036;100mN32015E42242;S;OS;1;70;S;F;6574;EMP
057540036036-2441;057540036036;100mN31998E42254;MC;NA;5;31;M;M;3039;EMP
057540036036-2441;057540036036;100mN31998E42254;MC;NA;5;31;M;F;3039;EMP
057540036036-2441;057540036036;100mN31998E42254;MC;NA;5;12;S;F;0614;NEP
057540036036-2441;057540036036;100mN31998E42254;MC;NA;5;12;S;M;0614;NEP
057540036036-2441;057540036036;100mN31998E42254;MC;NA;5;1;S;F;0003;NEP
057540036036-2442;057540036036;100mN32018E42239;MC;NA;3;45;M;M;4049;EMP
057540036036-2442;057540036036;100mN32018E42239;MC;NA;3;44;M;F;4049;EMP
057540036036-2442;057540036036;100mN32018E42239;MC;NA;3;25;D;F;2529;NEP
057540036036-2443;057540036036;100mN31990E42259;S;NA;1;48;M;F;4049;NEP
057540036036-2444;057540036036;100mN31986E42270;MC;MIX;2;66;M;F;6574;EMP
057540036036-2444;057540036036;100mN31986E42270;MC;MIX;2;61;M;M;5064;EMP
057540036036-2445;057540036036;100mN32005E42283;MC;NA;2;52;M;F;5064;NEP
057540036036-2445;057540036036;100mN32005E42283;MC;NA;2;53;M;M;5064;EMP
057540036036-2446;057540036036;100mN31998E42254;S;NA;1;56;M;F;5064;EMP
057540036036-2447;057540036036;100mN32009E42249;S;NA;1;59;M;F;5064;EMP
057540036036-2448;057540036036;100mN32013E42240;MC;MIX;6;67;D;F;6574;EMP
057540036036-2448;057540036036;100mN32013E42240;MC;MIX;6;46;M;F;4049;EMP
057540036036-2448;057540036036;100mN32013E42240;MC;MIX;6;43;M;M;4049;EMP
057540036036-2448;057540036036;100mN32013E42240;MC;MIX;6;15;S;F;1517;NEP
057540036036-2448;057540036036;100mN32013E42240;MC;MIX;6;4;S;M;0305;NEP
057540036036-2448;057540036036;100mN32013E42240;MC;MIX;6;23;S;F;1824;EMP
057540036036-2449;057540036036;100mN31950E42250;NA;MIX;3;36;S;M;3039;EMP
057540036036-2449;057540036036;100mN31950E42250;NA;MIX;3;44;M;F;4049;NEP
057540036036-2449;057540036036;100mN31950E42250;NA;MIX;3;77;D;M;75XX;NEP
057540036036-2450;057540036036;100mN32004E42281;S;NA;1;40;S;F;4049;NEP
057540036036-2451;057540036036;100mN31998E42254;S;NA;1;34;S;M;3039;EMP
057540036036-2452;057540036036;100mN31998E42254;MC;NA;2;46;M;M;4049;NEP
057540036036-2452;057540036036;100mN31998E42254;MC;NA;2;41;M;F;4049;NEP
057540036036-2453;057540036036;100mN31998E42254;MC;NA;3;61;M;F;5064;NEP
057540036036-2453;057540036036;100mN31998E42254;MC;NA;3;63;M;M;5064;EMP
057540036036-2453;057540036036;100mN31998E42254;MC;NA;3;12;S;F;0614;NEP
057540036036-2454;057540036036;100mN31998E42254;MC;NA;4;54;M;M;5064;NEP
057540036036-2454;057540036036;100mN31998E42254;MC;NA;4;50;M;F;5064;NEP
057540036036-2454;057540036036;100mN31998E42254;MC;NA;4;13;S;F;0614;NEP
057540036036-2454;057540036036;100mN31998E42254;MC;NA;4;37;S;M;3039;NEP
057540036036-2455;057540036036;100mN31998E42254;MC;MIX;3;75;M;F;75XX;EMP
057540036036-2455;057540036036;100mN31998E42254;MC;MIX;3;38;M;F;3039;EMP
057540036036-2455;057540036036;100mN31998E42254;MC;MIX;3;38;M;M;3039;EMP
057540036036-2456;057540036036;100mN31987E42295;MC;NA;3;32;M;F;3039;EMP
057540036036-2456;057540036036;100mN31987E42295;MC;NA;3;25;M;M;2529;EMP
057540036036-2456;057540036036;100mN31987E42295;MC;NA;3;7;S;F;0614;NEP
057540036036-2457;057540036036;100mN31998E42254;MC;NA;5;30;M;F;3039;NEP
057540036036-2457;057540036036;100mN31998E42254;MC;NA;5;30;M;M;3039;EMP
057540036036-2457;057540036036;100mN31998E42254;MC;NA;5;1;S;M;0003;NEP
057540036036-2457;057540036036;100mN31998E42254;MC;NA;5;8;S;M;0614;NEP
057540036036-2457;057540036036;100mN31998E42254;MC;NA;5;6;S;M;0614;NEP
057540036036-2458;057540036036;100mN31998E42254;PO;OS;2;69;S;M;6574;EMP
057540036036-2458;057540036036;100mN31998E42254;PO;OS;2;66;S;F;6574;EMP
057540036036-2459;057540036036;100mN31998E42254;S;NA;1;85;M;F;75XX;NEP
057540036036-2460;057540036036;100mN31998E42254;S;OS;1;72;M;F;6574;EMP
057540036036-2461;057540036036;100mN31973E42297;S;NA;1;83;S;M;75XX;EMP
057540036036-2462;057540036036;100mN31999E42259;MC;MIX;2;66;M;F;6574;NEP
057540036036-2462;057540036036;100mN31999E42259;MC;MIX;2;31;S;M;3039;NEP
057540036036-2463;057540036036;100mN31994E42261;MC;NA;3;41;M;F;4049;NEP
057540036036-2463;057540036036;100mN31994E42261;MC;NA;3;44;M;M;4049;EMP
057540036036-2463;057540036036;100mN31994E42261;MC;NA;3;1;S;M;0003;NEP
057540036036-2464;057540036036;100mN31998E42254;MC;OS;4;77;M;F;75XX;EMP
057540036036-2464;057540036036;100mN31998E42254;MC;OS;4;79;M;M;75XX;NEP
057540036036-2464;057540036036;100mN31998E42254;MC;OS;4;73;S;F;6574;EMP
057540036036-2464;057540036036;100mN31998E42254;MC;OS;4;70;S;M;6574;EMP
057540036036-2465;057540036036;100mN31998E42254;MC;OS;2;78;M;F;75XX;EMP
057540036036-2465;057540036036;100mN31998E42254;MC;OS;2;81;M;M;75XX;EMP
057540036036-2466;057540036036;100mN32018E42267;MC;NA;4;41;M;M;4049;EMP
057540036036-2466;057540036036;100mN32018E42267;MC;NA;4;38;M;F;3039;EMP
057540036036-2466;057540036036;100mN32018E42267;MC;NA;4;26;S;F;2529;EMP
057540036036-2466;057540036036;100mN32018E42267;MC;NA;4;8;S;F;0614;NEP
057540036036-2467;057540036036;100mN32006E42279;MC;NA;2;41;M;M;4049;EMP
057540036036-2467;057540036036;100mN32006E42279;MC;NA;2;40;M;F;4049;NEP
057540036036-2468;057540036036;100mN32018E42255;S;OS;1;84;M;F;75XX;NEP
057540036036-2469;057540036036;100mN32010E42278;S;NA;1;51;W;F;5064;EMP
057540036036-2470;057540036036;100mN31997E42261;MC;MIX;2;68;M;F;6574;NEP
057540036036-2470;057540036036;100mN31997E42261;MC;MIX;2;45;M;F;4049;EMP
057540036036-2471;057540036036;100mN32004E42278;MC;NA;3;43;M;F;4049;NEP
057540036036-2471;057540036036;100mN32004E42278;MC;NA;3;48;M;M;4049;EMP
057540036036-2471;057540036036;100mN32004E42278;MC;NA;3;25;W;F;2529;NEP
057540036036-2472;057540036036;100mN32022E42252;MC;MIX;6;85;W;F;75XX;NEP
057540036036-2472;057540036036;100mN32022E42252;MC;MIX;6;52;M;F;5064;NEP
057540036036-2472;057540036036;100mN32022E42252;MC;MIX;6;53;M;M;5064;EMP
057540036036-2472;057540036036;100mN32022E42252;MC;MIX;6;7;S;F;0614;NEP
057540036036-2472;057540036036;100mN32022E42252;MC;MIX;6;7;S;F;0614;NEP
057540036036-2472;057540036036;100mN32022E42252;MC;MIX;6;15;S;M;1517;EMP
057540036036-2473;057540036036;100mN32004E42281;MC;NA;3;40;M;M;4049;NEP
057540036036-2473;057540036036;100mN32004E42281;MC;NA;3;32;M;F;3039;EMP
057540036036-2473;057540036036;100mN32004E42281;MC;NA;3;1;S;M;0003;NEP
057540036036-2474;057540036036;100mN31976E42251;S;NA;1;70;D;M;6574;EMP
057540036036-2475;057540036036;100mN31997E42261;MC;MIX;2;72;M;F;6574;NEP
057540036036-2475;057540036036;100mN31997E42261;MC;MIX;2;71;M;M;6574;EMP
057540036036-2476;057540036036;100mN31997E42261;MC;NA;3;34;M;M;3039;NEP
057540036036-2476;057540036036;100mN31997E42261;MC;NA;3;31;M;F;3039;EMP
057540036036-2476;057540036036;100mN31997E42261;MC;NA;3;10;S;M;0614;NEP
057540036036-2477;057540036036;100mN31995E42262;MC;NA;3;63;M;M;5064;EMP
057540036036-2477;057540036036;100mN31995E42262;MC;NA;3;63;M;F;5064;EMP
057540036036-2477;057540036036;100mN31995E42262;MC;NA;3;10;S;M;0614;NEP
057540036036-2478;057540036036;100mN31956E42259;SF;NA;2;18;W;F;1824;NEP
057540036036-2478;057540036036;100mN31956E42259;SF;NA;2;3;S;M;0305;NEP
057540036036-2479;057540036036;100mN31997E42261;S;OS;1;55;D;F;5064;NEP
057540036036-2480;057540036036;100mN31976E42248;S;OS;1;28;W;F;2529;EMP
057540036036-2481;057540036036;100mN32014E42288;MC;MIX;2;78;M;M;75XX;EMP
057540036036-2481;057540036036;100mN32014E42288;MC;MIX;2;59;W;F;5064;EMP
057540036036-2482;057540036036;100mN32010E42279;MC;NA;2;54;M;F;5064;NEP
057540036036-2482;057540036036;100mN32010E42279;MC;NA;2;60;M;M;5064;UEP
057540036036-2483;057540036036;100mN32015E42240;S;NA;1;45;M;M;4049;EMP
057540036036-2484;057540036036;100mN31995E42266;SF;NA;4;53;W;F;5064;NEP
057540036036-2484;057540036036;100mN31995E42266;SF;NA;4;34;M;M;3039;EMP
057540036036-2484;057540036036;100mN31995E42266;SF;NA;4;1;S;M;0003;NEP
057540036036-2484;057540036036;100mN31995E42266;SF;NA;4;37;W;F;3039;NEP
057540036036-2485;057540036036;100mN31997E42261;S;NA;1;59;S;M;5064;EMP
057540036036-2486;057540036036;100mN31997E42265;PO;NA;4;53;S;M;5064;EMP
057540036036-2486;057540036036;100mN31997E42265;PO;NA;4;50;S;F;5064;EMP
057540036036-2486;057540036036;100mN31997E42265;PO;NA;4;36;M;F;3039;EMP
057540036036-2486;057540036036;100mN31997E42265;PO;NA;4;30;D;M;3039;EMP
057540036036-2487;057540036036;100mN31976E42253;PO;NA;3;58;S;F;5064;NEP
057540036036-2487;057540036036;100mN31976E42253;PO;NA;3;58;S;F;5064;EMP
057540036036-2487;057540036036;100mN31976E42253;PO;NA;3;8;S;M;0614;NEP
057540036036-2488;057540036036;100mN32018E42250;PO;NA;4;60;S;M;5064;EMP
057540036036-2488;057540036036;100mN32018E42250;PO;NA;4;53;S;F;5064;EMP
057540036036-2488;057540036036;100mN32018E42250;PO;NA;4;30;M;M;3039;NEP
057540036036-2488;057540036036;100mN32018E42250;PO;NA;4;11;S;F;0614;NEP
057540036036-2489;057540036036;100mN31996E42259;SM;NA;6;25;W;M;2529;EMP
057540036036-2489;057540036036;100mN31996E42259;SM;NA;6;8;S;M;0614;NEP
057540036036-2489;057540036036;100mN31996E42259;SM;NA;6;6;S;F;0614;NEP
057540036036-2489;057540036036;100mN31996E42259;SM;NA;6;2;S;F;0003;NEP
057540036036-2489;057540036036;100mN31996E42259;SM;NA;6;10;S;F;0614;NEP
057540036036-2489;057540036036;100mN31996E42259;SM;NA;6;8;S;F;0614;NEP
057540036036-2490;057540036036;100mN32002E42275;S;NA;1;35;M;F;3039;NEP
057540036036-2491;057540036036;100mN32002E42275;PO;NA;4;47;S;M;4049;EMP
057540036036-2491;057540036036;100mN32002E42275;PO;NA;4;54;S;M;5064;EMP
057540036036-2491;057540036036;100mN32002E42275;PO;NA;4;26;S;M;2529;EMP
057540036036-2491;057540036036;100mN32002E42275;PO;NA;4;32;M;M;3039;EMP
057540036036-2492;057540036036;100mN32014E42249;MC;NA;2;43;M;M;4049;NEP
057540036036-2492;057540036036;100mN32014E42249;MC;NA;2;38;M;F;3039;EMP
057540036036-2493;057540036036;100mN31952E42245;S;NA;1;50;M;M;5064;NEP
057540036036-2494;057540036036;100mN31999E42254;MC;NA;3;57;M;M;5064;EMP
057540036036-2494;057540036036;100mN31999E42254;MC;NA;3;51;M;F;5064;NEP
057540036036-2494;057540036036;100mN31999E42254;MC;NA;3;3;S;M;0305;NEP
057540036036-2495;057540036036;100mN32005E42283;SM;NA;2;61;W;M;5064;EMP
057540036036-2495;057540036036;100mN32005E42283;SM;NA;2;21;S;M;1824;EMP
057540036036-2496;057540036036;100mN32020E42255;SF;NA;2;22;W;F;1824;NEP
057540036036-2496;057540036036;100mN32020E42255;SF;NA;2;7;S;F;0614;NEP
057540036036-2497;057540036036;100mN32020E42255;S;NA;1;28;S;F;2529;NEP
057540036036-2498;057540036036;100mN32001E42289;S;NA;1;27;W;M;2529;NEP
057540036036-2499;057540036036;100mN31985E42270;S;OS;1;50;S;F;5064;EMP
057540036036-2500;057540036036;100mN31964E42308;S;NA;1;60;S;M;5064;NEP
057540036036-2501;057540036036;100mN31999E42257;PO;NA;4;36;S;M;3039;EMP
057540036036-2501;057540036036;100mN31999E42257;PO;NA;4;34;S;F;3039;EMP
057540036036-2501;057540036036;100mN31999E42257;PO;NA;4;15;S;M;1517;EMP
057540036036-2501;057540036036;100mN31999E42257;PO;NA;4;19;S;F;1824;NEP
057540036036-2502;057540036036;100mN31992E42257;MC;NA;2;48;M;M;4049;NEP
057540036036-2502;057540036036;100mN31992E42257;MC;NA;2;44;M;F;4049;EMP
057540036036-2503;057540036036;100mN32020E42255;MC;NA;4;44;M;M;4049;EMP
057540036036-2503;057540036036;100mN32020E42255;MC;NA;4;41;M;F;4049;EMP
057540036036-2503;057540036036;100mN32020E42255;MC;NA;4;20;M;M;1824;EMP
057540036036-2503;057540036036;100mN32020E42255;MC;NA;4;9;S;F;0614;NEP
057540036036-2504;057540036036;100mN32013E42243;MC;NA;4;35;M;F;3039;NEP
057540036036-2504;057540036036;100mN32013E42243;MC;NA;4;44;M;M;4049;EMP
057540036036-2504;057540036036;100mN32013E42243;MC;NA;4;18;M;M;1824;EMP
057540036036-2504;057540036036;100mN32013E42243;MC;NA;4;2;S;F;0003;NEP
057540036036-2505;057540036036;100mN32018E42256;MC;OS;3;65;M;F;6574;EMP
057540036036-2505;057540036036;100mN32018E42256;MC;OS;3;84;M;M;75XX;EMP
057540036036-2505;057540036036;100mN32018E42256;MC;OS;3;76;S;M;75XX;EMP
057540036036-2506;057540036036;100mN32009E42278;SM;NA;2;41;D;M;4049;UEP
057540036036-2506;057540036036;100mN32009E42278;SM;NA;2;16;S;M;1517;EMP
057540036036-2507;057540036036;100mN32005E42279;S;NA;1;37;W;M;3039;EMP
057540036036-2508;057540036036;100mN32020E42255;S;NA;1;58;M;F;5064;EMP
057540036036-2509;057540036036;100mN32009E42288;S;OS;1;35;M;M;3039;EMP
057540036036-2510;057540036036;100mN31972E42259;S;NA;1;21;M;F;1824;EMP
057540036036-2511;057540036036;100mN32023E42251;PO;NA;4;56;S;F;5064;NEP
057540036036-2511;057540036036;100mN32023E42251;PO;NA;4;60;S;M;5064;NEP
057540036036-2511;057540036036;100mN32023E42251;PO;NA;4;41;S;M;4049;NEP
057540036036-2511;057540036036;100mN32023E42251;PO;NA;4;12;S;F;0614;NEP
057540036036-2512;057540036036;100mN32007E42249;S;NA;1;23;M;F;1824;NEP
057540036036-2513;057540036036;100mN31999E42256;MC;NA;3;60;M;M;5064;NEP
057540036036-2513;057540036036;100mN31999E42256;MC;NA;3;83;W;F;75XX;EMP
057540036036-2513;057540036036;100mN31999E42256;MC;NA;3;13;S;M;0614;NEP
057540036036-2514;057540036036;100mN31998E42266;MC;MIX;2;70;M;F;6574;NEP
057540036036-2514;057540036036;100mN31998E42266;MC;MIX;2;36;M;F;3039;NEP
057540036036-2515;057540036036;100mN32018E42232;SF;NA;4;37;D;F;3039;NEP
057540036036-2515;057540036036;100mN32018E42232;SF;NA;4;21;M;F;1824;NEP
057540036036-2515;057540036036;100mN32018E42232;SF;NA;4;9;S;F;0614;NEP
057540036036-2515;057540036036;100mN32018E42232;SF;NA;4;16;S;F;1517;EMP
057540036036-2516;057540036036;100mN31998E42266;MC;NA;3;43;M;F;4049;EMP
057540036036-2516;057540036036;100mN31998E42266;MC;NA;3;47;M;M;4049;EMP
057540036036-2516;057540036036;100mN31998E42266;MC;NA;3;12;S;M;0614;NEP
057540036036-2517;057540036036;100mN32001E42255;MC;NA;4;26;M;F;2529;EMP
057540036036-2517;057540036036;100mN32001E42255;MC;NA;4;27;M;M;2529;UEP
057540036036-2517;057540036036;100mN32001E42255;MC;NA;4;9;S;F;0614;NEP
057540036036-2517;057540036036;100mN32001E42255;MC;NA;4;7;S;M;0614;NEP
057540036036-2518;057540036036;100mN32004E42259;S;NA;1;46;W;F;4049;NEP
057540036036-2519;057540036036;100mN31989E42264;PO;NA;2;27;S;M;2529;EMP
057540036036-2519;057540036036;100mN31989E42264;PO;NA;2;36;S;F;3039;EMP
057540036036-2520;057540036036;100mN31998E42266;S;OS;1;69;S;M;6574;EMP
057540036036-2521;057540036036;100mN31998E42266;S;NA;1;68;M;F;6574;EMP
057540036036-2522;057540036036;100mN31998E42266;PC;OS;2;75;P;F;75XX;EMP
057540036036-2522;057540036036;100mN31998E42266;PC;OS;2;77;P;F;75XX;NEP
057540036036-2523;057540036036;100mN31998E42266;MC;NA;2;56;M;M;5064;EMP
057540036036-2523;057540036036;100mN31998E42266;MC;NA;2;56;M;F;5064;NEP
057540036036-2524;057540036036;100mN31998E42266;SF;NA;2;52;S;F;5064;EMP
057540036036-2524;057540036036;100mN31998E42266;SF;NA;2;25;S;M;2529;EMP
057540036036-2525;057540036036;100mN31998E42266;S;NA;1;44;M;M;4049;EMP
057540036036-2526;057540036036;100mN31998E42266;S;NA;1;58;M;M;5064;NEP
057540036036-2527;057540036036;100mN31998E42266;MC;NA;3;54;M;F;5064;NEP
057540036036-2527;057540036036;100mN31998E42266;MC;NA;3;60;M;M;5064;EMP
057540036036-2527;057540036036;100mN31998E42266;MC;NA;3;9;S;F;0614;NEP
057540036036-2528;057540036036;100mN31966E42249;SF;NA;2;77;S;F;75XX;NEP
057540036036-2528;057540036036;100mN31966E42249;SF;NA;2;60;W;F;5064;NEP
057540036036-2529;057540036036;100mN31955E42260;MC;NA;3;31;M;F;3039;EMP
057540036036-2529;057540036036;100mN31955E42260;MC;NA;3;37;M;M;3039;EMP
057540036036-2529;057540036036;100mN31955E42260;MC;NA;3;8;S;F;0614;NEP
057540036036-2530;057540036036;100mN32010E42287;MC;NA;2;28;M;M;2529;EMP
057540036036-2530;057540036036;100mN32010E42287;MC;NA;2;19;M;F;1824;EMP
057540036036-2531;057540036036;100mN31970E42302;MC;NA;3;34;M;M;3039;EMP
057540036036-2531;057540036036;100mN31970E42302;MC;NA;3;30;M;F;3039;NEP
057540036036-2531;057540036036;100mN31970E42302;MC;NA;3;15;S;M;1517;UEP
057540036036-2532;057540036036;100mN32010E42247;PO;NA;2;50;S;M;5064;EMP
057540036036-2532;057540036036;100mN32010E42247;PO;NA;2;41;S;M;4049;NEP
057540036036-2533;057540036036;100mN32001E42290;S;NA;1;53;M;F;5064;NEP
057540036036-2534;057540036036;100mN32015E42245;MC;NA;2;19;M;F;1824;NEP
057540036036-2534;057540036036;100mN32015E42245;MC;NA;2;21;M;M;1824;EMP
057540036036-2535;057540036036;100mN32015E42245;MC;OS;2;79;M;F;75XX;EMP
057540036036-2535;057540036036;100mN32015E42245;MC;OS;2;79;M;M;75XX;EMP
057540036036-2536;057540036036;100mN32008E42289;SF;NA;2;48;D;F;4049;EMP
057540036036-2536;057540036036;100mN32008E42289;SF;NA;2;9;S;F;0614;NEP
057540036036-2537;057540036036;100mN32015E42245;MC;NA;2;35;M;M;3039;EMP
057540036036-2537;057540036036;100mN32015E42245;MC;NA;2;31;M;F;3039;NEP
057540036036-2538;057540036036;100mN32007E42287;MC;MIX;2;66;M;F;6574;NEP
057540036036-2538;057540036036;100mN32007E42287;MC;MIX;2;62;S;M;5064;EMP
057540036036-2539;057540036036;100mN31972E42252;SF;NA;3;56;W;F;5064;NEP
057540036036-2539;057540036036;100mN31972E42252;SF;NA;3;30;S;F;3039;EMP
057540036036-2539;057540036036;100mN31972E42252;SF;NA;3;28;S;F;2529;NEP
057540036036-2540;057540036036;100mN31994E42266;S;NA;1;83;S;F;75XX;EMP
057540036036-2541;057540036036;100mN32015E42245;MC;NA;2;43;M;M;4049;EMP
057540036036-2541;057540036036;100mN32015E42245;MC;NA;2;52;M;F;5064;EMP
057540036036-2542;057540036036;100mN32020E42249;MC;MIX;6;78;M;M;75XX;EMP
057540036036-2542;057540036036;100mN32020E42249;MC;MIX;6;63;M;M;5064;EMP
057540036036-2542;057540036036;100mN32020E42249;MC;MIX;6;63;M;F;5064;EMP
057540036036-2542;057540036036;100mN32020E42249;MC;MIX;6;31;D;F;3039;EMP
057540036036-2542;057540036036;100mN32020E42249;MC;MIX;6;6;S;M;0614;NEP
057540036036-2542;057540036036;100mN32020E42249;MC;MIX;6;1;S;F;0003;NEP
057540036036-2543;057540036036;100mN31993E42257;S;NA;1;48;S;M;4049;EMP
057540036036-2544;057540036036;100mN32013E42240;MC;MIX;6;67;D;F;6574;EMP
057540036036-2544;057540036036;100mN32013E42240;MC;MIX;6;46;M;F;4049;EMP
057540036036-2544;057540036036;100mN32013E42240;MC;MIX;6;43;M;M;4049;EMP
057540036036-2544;057540036036;100mN32013E42240;MC;MIX;6;15;S;F;1517;NEP
057540036036-2544;057540036036;100mN32013E42240;MC;MIX;6;4;S;M;0305;NEP
057540036036-2544;057540036036;100mN32013E42240;MC;MIX;6;23;S;F;1824;EMP
057540036036-2545;057540036036;100mN32018E42252;SF;NA;4;57;S;F;5064;EMP
057540036036-2545;057540036036;100mN32018E42252;SF;NA;4;9;S;M;0614;NEP
057540036036-2545;057540036036;100mN32018E42252;SF;NA;4;3;S;F;0305;NEP
057540036036-2545;057540036036;100mN32018E42252;SF;NA;4;32;M;F;3039;NEP
057540036036-2546;057540036036;100mN32020E42249;S;NA;1;61;M;M;5064;EMP
057540036036-2547;057540036036;100mN32020E42249;S;NA;1;48;M;M;4049;NEP
057540036036-2548;057540036036;100mN32020E42249;MC;MIX;3;80;M;F;75XX;EMP
057540036036-2548;057540036036;100mN32020E42249;MC;MIX;3;32;M;M;3039;EMP
057540036036-2548;057540036036;100mN32020E42249;MC;MIX;3;23;M;F;1824;EMP
057540036036-2549;057540036036;100mN32013E42240;MC;MIX;6;67;D;F;6574;EMP
057540036036-2549;057540036036;100mN32013E42240;MC;MIX;6;46;M;F;4049;EMP
057540036036-2549;057540036036;100mN32013E42240;MC;MIX;6;43;M;M;4049;EMP
057540036036-2549;057540036036;100mN32013E42240;MC;MIX;6;15;S;F;1517;NEP
057540036036-2549;057540036036;100mN32013E42240;MC;MIX;6;4;S;M;0305;NEP
057540036036-2549;057540036036;100mN32013E42240;MC;MIX;6;23;S;F;1824;EMP
057540036036-2550;057540036036;100mN32020E42249;PO;NA;2;26;S;F;2529;EMP
057540036036-2550;057540036036;100mN32020E42249;PO;NA;2;35;S;F;3039;EMP
057540036036-2551;057540036036;100mN32020E42249;MC;NA;2;52;M;M;5064;EMP
057540036036-2551;057540036036;100mN32020E42249;MC;NA;2;61;M;F;5064;EMP
057540036036-2552;057540036036;100mN32005E42285;MC;NA;2;53;M;F;5064;EMP
057540036036-2552;057540036036;100mN32005E42285;MC;NA;2;63;M;M;5064;EMP
057540036036-2553;057540036036;100mN32007E42281;MC;NA;3;48;M;M;4049;EMP
057540036036-2553;057540036036;100mN32007E42281;MC;NA;3;45;M;F;4049;NEP
057540036036-2553;057540036036;100mN32007E42281;MC;NA;3;31;S;F;3039;EMP
057540036036-2554;057540036036;100mN32020E42249;S;NA;1;41;S;M;4049;EMP
057540036036-2555;057540036036;100mN32020E42249;SF;MIX;3;86;M;F;75XX;EMP
057540036036-2555;057540036036;100mN32020E42249;SF;MIX;3;66;S;F;6574;EMP
057540036036-2555;057540036036;100mN32020E42249;SF;MIX;3;42;M;F;4049;EMP
057540036036-2556;057540036036;100mN31990E42260;SF;NA;5;81;S;F;75XX;NEP
057540036036-2556;057540036036;100mN31990E42260;SF;NA;5;4;S;M;0305;NEP
057540036036-2556;057540036036;100mN31990E42260;SF;NA;5;10;S;F;0614;NEP
057540036036-2556;057540036036;100mN31990E42260;SF;NA;5;6;S;F;0614;NEP
057540036036-2556;057540036036;100mN31990E42260;SF;NA;5;44;D;F;4049;EMP
057540036036-2557;057540036036;100mN32020E42249;SF;NA;2;57;W;F;5064;EMP
057540036036-2557;057540036036;100mN32020E42249;SF;NA;2;4;S;F;0305;NEP
057540036036-2558;057540036036;100mN31985E42268;MC;NA;4;41;M;F;4049;EMP
057540036036-2558;057540036036;100mN31985E42268;MC;NA;4;44;M;M;4049;NEP
057540036036-2558;057540036036;100mN31985E42268;MC;NA;4;4;S;M;0305;NEP
057540036036-2558;057540036036;100mN31985E42268;MC;NA;4;6;S;F;0614;NEP
057540036036-2559;057540036036;100mN31999E42254;MC;OS;2;88;M;M;75XX;EMP
057540036036-2559;057540036036;100mN31999E42254;MC;OS;2;80;M;F;75XX;EMP
057540036036-2560;057540036036;100mN32017E42247;PO;MIX;5;65;M;F;6574;NEP
057540036036-2560;057540036036;100mN32017E42247;PO;MIX;5;34;S;M;3039;NEP
057540036036-2560;057540036036;100mN32017E42247;PO;MIX;5;31;S;F;3039;NEP
057540036036-2560;057540036036;100mN32017E42247;PO;MIX;5;18;W;F;1824;EMP
057540036036-2560;057540036036;100mN32017E42247;PO;MIX;5;9;S;M;0614;NEP
057540036036-2561;057540036036;100mN31989E42275;S;NA;1;56;M;M;5064;EMP
057540036036-2562;057540036036;100mN31996E42269;S;OS;1;60;S;M;5064;NEP
057540036036-2563;057540036036;100mN31972E42295;MC;NA;5;36;M;F;3039;EMP
057540036036-2563;057540036036;100mN31972E42295;MC;NA;5;28;M;M;2529;EMP
057540036036-2563;057540036036;100mN31972E42295;MC;NA;5;7;S;M;0614;NEP
057540036036-2563;057540036036;100mN31972E42295;MC;NA;5;11;S;F;0614;NEP
057540036036-2563;057540036036;100mN31972E42295;MC;NA;5;4;S;F;0305;NEP
057540036036-2564;057540036036;100mN31999E42257;MC;MIX;2;86;M;M;75XX;NEP
057540036036-2564;057540036036;100mN31999E42257;MC;MIX;2;16;S;F;1517;EMP
057540036036-2565;057540036036;100mN31977E42268;MC;MIX;2;76;M;M;75XX;EMP
057540036036-2565;057540036036;100mN31977E42268;MC;MIX;2;42;W;F;4049;EMP
057540036036-2566;057540036036;100mN31996E42255;MC;NA;3;30;M;F;3039;EMP
057540036036-2566;057540036036;100mN31996E42255;MC;NA;3;28;M;M;2529;EMP
057540036036-2566;057540036036;100mN31996E42255;MC;NA;3;11;S;M;0614;NEP
057540036036-2567;057540036036;100mN31998E42281;MC;NA;4;60;M;F;5064;NEP
057540036036-2567;057540036036;100mN31998E42281;MC;NA;4;61;M;M;5064;EMP
057540036036-2567;057540036036;100mN31998E42281;MC;NA;4;25;S;M;2529;NEP
057540036036-2567;057540036036;100mN31998E42281;MC;NA;4;32;M;M;3039;EMP
057540036036-2568;057540036036;100mN31990E42259;S;NA;1;48;M;F;4049;NEP
057540036036-2569;057540036036;100mN31973E42245;MC;NA;3;60;M;F;5064;NEP
057540036036-2569;057540036036;100mN31973E42245;MC;NA;3;54;M;M;5064;NEP
057540036036-2569;057540036036;100mN31973E42245;MC;NA;3;43;M;F;4049;NEP
057540036036-2570;057540036036;100mN32001E42289;MC;NA;2;43;M;M;4049;EMP
057540036036-2570;057540036036;100mN32001E42289;MC;NA;2;35;M;F;3039;EMP
057540036036-2571;057540036036;100mN31996E42255;MC;OS;3;67;M;M;6574;EMP
057540036036-2571;057540036036;100mN31996E42255;MC;OS;3;66;M;F;6574;EMP
057540036036-2571;057540036036;100mN31996E42255;MC;OS;3;70;W;F;6574;NEP
057540036036-2572;057540036036;100mN31995E42259;SF;NA;2;87;S;F;75XX;EMP
057540036036-2572;057540036036;100mN31995E42259;SF;NA;2;0;S;M;0003;NEP
057540036036-2573;057540036036;100mN32008E42278;S;NA;1;38;S;M;3039;EMP
057540036036-2574;057540036036;100mN31996E42255;MC;NA;4;47;M;F;4049;EMP
057540036036-2574;057540036036;100mN31996E42255;MC;NA;4;44;M;M;4049;NEP
057540036036-2574;057540036036;100mN31996E42255;MC;NA;4;30;M;F;3039;EMP
057540036036-2574;057540036036;100mN31996E42255;MC;NA;4;4;S;M;0305;NEP
057540036036-2575;057540036036;100mN32006E42279;MC;MIX;2;80;M;M;75XX;EMP
057540036036-2575;057540036036;100mN32006E42279;MC;MIX;2;38;W;F;3039;NEP
057540036036-2576;057540036036;100mN32018E42249;S;NA;1;63;W;M;5064;EMP
057540036036-2577;057540036036;100mN32018E42240;S;OS;1;22;M;F;1824;EMP
057540036036-2578;057540036036;100mN31999E42254;MC;NA;2;48;M;F;4049;EMP
057540036036-2578;057540036036;100mN31999E42254;MC;NA;2;54;M;M;5064;UEP
057540036036-2579;057540036036;100mN31998E42281;MC;NA;2;37;M;F;3039;NEP
057540036036-2579;057540036036;100mN31998E42281;MC;NA;2;43;M;M;4049;EMP
057540036036-2580;057540036036;100mN31998E42281;MC;NA;4;60;M;F;5064;NEP
057540036036-2580;057540036036;100mN31998E42281;MC;NA;4;61;M;M;5064;EMP
057540036036-2580;057540036036;100mN31998E42281;MC;NA;4;25;S;M;2529;NEP
057540036036-2580;057540036036;100mN31998E42281;MC;NA;4;32;M;M;3039;EMP
057540036036-2581;057540036036;100mN32020E42239;MC;NA;2;59;M;F;5064;EMP
057540036036-2581;057540036036;100mN32020E42239;MC;NA;2;58;M;M;5064;EMP
057540036036-2582;057540036036;100mN32012E42250;S;NA;1;25;D;F;2529;NEP
057540036036-2583;057540036036;100mN32015E42248;MC;NA;4;38;M;M;3039;EMP
057540036036-2583;057540036036;100mN32015E42248;MC;NA;4;38;M;F;3039;EMP
057540036036-2583;057540036036;100mN32015E42248;MC;NA;4;12;S;F;0614;NEP
057540036036-2583;057540036036;100mN32015E42248;MC;NA;4;20;M;F;1824;NEP
057540036036-2584;057540036036;100mN31999E42260;S;OS;1;37;M;M;3039;EMP
057540036036-2585;057540036036;100mN32001E42257;MC;MIX;4;65;M;F;6574;EMP
057540036036-2585;057540036036;100mN32001E42257;MC;MIX;4;31;M;F;3039;NEP
057540036036-2585;057540036036;100mN32001E42257;MC;MIX;4;53;M;M;5064;NEP
057540036036-2585;057540036036;100mN32001E42257;MC;MIX;4;3;S;M;0305;NEP
057540036036-2586;057540036036;100mN32004E42253;MC;NA;4;42;M;F;4049;NEP
057540036036-2586;057540036036;100mN32004E42253;MC;NA;4;42;M;M;4049;NEP
057540036036-2586;057540036036;100mN32004E42253;MC;NA;4;27;W;F;2529;EMP
057540036036-2586;057540036036;100mN32004E42253;MC;NA;4;19;S;M;1824;EMP
057540036036-2587;057540036036;100mN32005E42258;MC;MIX;2;89;M;F;75XX;EMP
057540036036-2587;057540036036;100mN32005E42258;MC;MIX;2;40;S;F;4049;EMP
057540036036-2588;057540036036;100mN32007E42286;MC;OS;2;69;M;F;6574;NEP
057540036036-2588;057540036036;100mN32007E42286;MC;OS;2;73;M;M;6574;EMP
057540036036-2589;057540036036;100mN31963E42306;S;NA;1;50;S;M;5064;EMP
057540036036-2590;057540036036;100mN31963E42279;MC;NA;3;44;M;M;4049;EMP
057540036036-2590;057540036036;100mN31963E42279;MC;NA;3;40;M;F;4049;EMP
057540036036-2590;057540036036;100mN31963E42279;MC;NA;3;21;D;M;1824;EMP
057540036036-2591;057540036036;100mN31970E42266;MC;NA;3;34;M;M;3039;EMP
057540036036-2591;057540036036;100mN31970E42266;MC;NA;3;57;M;F;5064;NEP
057540036036-2591;057540036036;100mN31970E42266;MC;NA;3;18;S;M;1824;EMP
057540036036-2592;057540036036;100mN32015E42248;MC;NA;2;35;M;F;3039;EMP
057540036036-2592;057540036036;100mN32015E42248;MC;NA;2;36;M;M;3039;EMP
057540036036-2593;057540036036;100mN32015E42248;NA;OS;4;88;D;F;75XX;NEP
057540036036-2593;057540036036;100mN32015E42248;NA;OS;4;20;D;M;1824;EMP
057540036036-2593;057540036036;100mN32015E42248;NA;OS;4;63;M;M;5064;EMP
057540036036-2593;057540036036;100mN32015E42248;NA;OS;4;51;S;F;5064;EMP
057540036036-2594;057540036036;100mN32015E42248;S;NA;1;19;M;F;1824;EMP
057540036036-2595;057540036036;100mN32015E42248;S;OS;1;46;M;F;4049;EMP
057540036036-2596;057540036036;100mN32010E42248;MC;NA;2;36;M;M;3039;NEP
057540036036-2596;057540036036;100mN32010E42248;MC;NA;2;35;M;F;3039;EMP
057540036036-2597;057540036036;100mN31995E42261;S;NA;1;50;M;M;5064;EMP
057540036036-2598;057540036036;100mN32004E42278;MC;MIX;3;73;S;M;6574;NEP
057540036036-2598;057540036036;100mN32004E42278;MC;MIX;3;54;M;M;5064;NEP
057540036036-2598;057540036036;100mN32004E42278;MC;MIX;3;53;M;F;5064;EMP
057540036036-2599;057540036036;100mN32012E42226;MC;NA;2;58;M;M;5064;EMP
057540036036-2599;057540036036;100mN32012E42226;MC;NA;2;58;M;F;5064;EMP
057540036036-2600;057540036036;100mN32005E42257;MC;NA;2;48;M;M;4049;NEP
057540036036-2600;057540036036;100mN32005E42257;MC;NA;2;46;M;F;4049;NEP
057540036036-2601;057540036036;100mN32005E42257;PO;NA;2;48;S;M;4049;NEP
057540036036-2601;057540036036;100mN32005E42257;PO;NA;2;48;S;F;4049;EMP
057540036036-2602;057540036036;100mN32005E42257;PO;NA;4;30;S;F;3039;EMP
057540036036-2602;057540036036;100mN32005E42257;PO;NA;4;37;S;M;3039;EMP
057540036036-2602;057540036036;100mN32005E42257;PO;NA;4;15;S;F;1517;EMP
057540036036-2602;057540036036;100mN32005E42257;PO;NA;4;10;S;M;0614;NEP
057540036036-2603;057540036036;100mN31992E42256;MC;MIX;2;71;M;F;6574;EMP
057540036036-2603;057540036036;100mN31992E42256;MC;MIX;2;27;S;M;2529;EMP
057540036036-2604;057540036036;100mN32018E42247;S;NA;1;44;S;M;4049;EMP
057540036036-2605;057540036036;100mN32012E42290;S;NA;1;63;M;M;5064;EMP
057540036036-2606;057540036036;100mN31962E42308;SF;NA;4;56;W;F;5064;NEP
057540036036-2606;057540036036;100mN31962E42308;SF;NA;4;3;S;F;0305;NEP
057540036036-2606;057540036036;100mN31962E42308;SF;NA;4;12;S;M;0614;NEP
057540036036-2606;057540036036;100mN31962E42308;SF;NA;4;23;W;F;1824;EMP
057540036036-2607;057540036036;100mN32005E42257;S;NA;1;56;M;F;5064;EMP
057540036036-2608;057540036036;100mN31990E42295;S;NA;1;40;W;F;4049;NEP
057540036036-2609;057540036036;100mN32016E42252;MC;NA;3;45;M;F;4049;NEP
057540036036-2609;057540036036;100mN32016E42252;MC;NA;3;38;M;M;3039;EMP
057540036036-2609;057540036036;100mN32016E42252;MC;NA;3;22;W;M;1824;EMP
057540036036-2610;057540036036;100mN32017E42290;MC;NA;4;59;M;M;5064;EMP
057540036036-2610;057540036036;100mN32017E42290;MC;NA;4;57;M;F;5064;EMP
057540036036-2610;057540036036;100mN32017E42290;MC;NA;4;7;S;F;0614;NEP
057540036036-2610;057540036036;100mN32017E42290;MC;NA;4;6;S;F;0614;NEP
057540036036-2611;057540036036;100mN32026E42264;PO;OS;2;68;S;F;6574;EMP
057540036036-2611;057540036036;100mN32026E42264;PO;OS;2;69;S;F;6574;NEP
057540036036-2612;057540036036;100mN31978E42261;S;NA;1;16;S;M;1517;EMP
057540036036-2613;057540036036;100mN31978E42261;SF;NA;2;43;S;F;4049;EMP
057540036036-2613;057540036036;100mN31978E42261;SF;NA;2;9;S;M;0614;NEP
057540036036-2614;057540036036;100mN31978E42261;MC;MIX;4;66;M;M;6574;NEP
057540036036-2614;057540036036;100mN31978E42261;MC;MIX;4;27;M;M;2529;NEP
057540036036-2614;057540036036;100mN31978E42261;MC;MIX;4;18;M;F;1824;NEP
057540036036-2614;057540036036;100mN31978E42261;MC;MIX;4;8;S;M;0614;NEP
057540036036-2615;057540036036;100mN32013E42288;S;OS;1;19;M;M;1824;EMP
057540036036-2616;057540036036;100mN31990E42260;MC;NA;2;23;M;F;1824;EMP
057540036036-2616;057540036036;100mN31990E42260;MC;NA;2;25;M;M;2529;EMP
057540036036-2617;057540036036;100mN32018E42249;S;NA;1;36;M;M;3039;EMP
057540036036-2618;057540036036;100mN31974E42257;MC;NA;2;48;M;M;4049;NEP
057540036036-2618;057540036036;100mN31974E42257;MC;NA;2;48;M;F;4049;NEP
057540036036-2619;057540036036;100mN31974E42257;SF;MIX;4;83;W;F;75XX;NEP
057540036036-2619;057540036036;100mN31974E42257;SF;MIX;4;32;S;F;3039;NEP
057540036036-2619;057540036036;100mN31974E42257;SF;MIX;4;2;S;F;0003;NEP
057540036036-2619;057540036036;100mN31974E42257;SF;MIX;4;6;S;M;0614;NEP
057540036036-2620;057540036036;100mN32019E42239;MC;NA;2;32;M;M;3039;EMP
057540036036-2620;057540036036;100mN32019E42239;MC;NA;2;35;M;F;3039;EMP
057540036036-2621;057540036036;100mN32019E42239;S;NA;1;62;W;F;5064;EMP
057540036036-2622;057540036036;100mN32019E42239;SF;NA;4;58;W;F;5064;EMP
057540036036-2622;057540036036;100mN32019E42239;SF;NA;4;31;W;F;3039;NEP
057540036036-2622;057540036036;100mN32019E42239;SF;NA;4;1;S;M;0003;NEP
057540036036-2622;057540036036;100mN32019E42239;SF;NA;4;13;S;F;0614;NEP
057540036036-2623;057540036036;100mN31962E42280;MC;NA;2;58;M;M;5064;EMP
057540036036-2623;057540036036;100mN31962E42280;MC;NA;2;55;M;F;5064;NEP
057540036036-2624;057540036036;100mN32019E42239;MC;OS;2;75;M;F;75XX;NEP
057540036036-2624;057540036036;100mN32019E42239;MC;OS;2;78;M;M;75XX;NEP
057540036036-2625;057540036036;100mN32019E42239;S;NA;1;31;M;M;3039;EMP
057540036036-2626;057540036036;100mN31992E42258;MC;NA;2;61;M;M;5064;EMP
057540036036-2626;057540036036;100mN31992E42258;MC;NA;2;54;M;F;5064;EMP
057540036036-2627;057540036036;100mN32019E42239;MC;NA;4;54;M;F;5064;EMP
057540036036-2627;057540036036;100mN32019E42239;MC;NA;4;62;M;M;5064;NEP
057540036036-2627;057540036036;100mN32019E42239;MC;NA;4;12;S;F;0614;NEP
057540036036-2627;057540036036;100mN32019E42239;MC;NA;4;12;S;F;0614;NEP
057540036036-2628;057540036036;100mN32010E42247;MC;MIX;2;65;M;M;6574;NEP
057540036036-2628;057540036036;100mN32010E42247;MC;MIX;2;62;M;F;5064;EMP
057540036036-2629;057540036036;100mN32001E42289;MC;NA;2;43;M;M;4049;EMP
057540036036-2629;057540036036;100mN32001E42289;MC;NA;2;35;M;F;3039;EMP
057540036036-2630;057540036036;100mN32019E42239;MC;NA;4;62;M;M;5064;EMP
057540036036-2630;057540036036;100mN32019E42239;MC;NA;4;38;M;F;3039;EMP
057540036036-2630;057540036036;100mN32019E42239;MC;NA;4;10;S;M;0614;NEP
057540036036-2630;057540036036;100mN32019E42239;MC;NA;4;26;S;F;2529;NEP
057540036036-2631;057540036036;100mN31959E42250;S;OS;1;42;S;M;4049;EMP
057540036036-2632;057540036036;100mN32001E42287;S;NA;1;55;M;F;5064;EMP
057540036036-2633;057540036036;100mN32012E42243;MC;NA;2;56;M;F;5064;NEP
057540036036-2633;057540036036;100mN32012E42243;MC;NA;2;62;M;M;5064;NEP
057540036036-2634;057540036036;100mN32019E42239;PO;NA;3;21;S;M;1824;NEP
057540036036-2634;057540036036;100mN32019E42239;PO;NA;3;21;S;M;1824;EMP
057540036036-2634;057540036036;100mN32019E42239;PO;NA;3;2;S;M;0003;NEP
057540036036-2635;057540036036;100mN32008E42284;MC;NA;3;53;M;F;5064;EMP
057540036036-2635;057540036036;100mN32008E42284;MC;NA;3;53;M;M;5064;EMP
057540036036-2635;057540036036;100mN32008E42284;MC;NA;3;3;S;F;0305;NEP
057540036036-2636;057540036036;100mN31996E42259;MC;NA;2;46;M;F;4049;EMP
057540036036-2636;057540036036;100mN31996E42259;MC;NA;2;44;M;M;4049;EMP
057540036036-2637;057540036036;100mN31991E42259;MC;MIX;3;83;M;F;75XX;NEP
057540036036-2637;057540036036;100mN31991E42259;MC;MIX;3;54;M;M;5064;EMP
057540036036-2637;057540036036;100mN31991E42259;MC;MIX;3;58;M;F;5064;EMP
057540036036-2638;057540036036;100mN32019E42239;PO;NA;2;56;S;F;5064;NEP
057540036036-2638;057540036036;100mN32019E42239;PO;NA;2;59;S;F;5064;EMP
057540036036-2639;057540036036;100mN32019E42239;MC;NA;3;57;M;M;5064;EMP
057540036036-2639;057540036036;100mN32019E42239;MC;NA;3;50;M;F;5064;NEP
057540036036-2639;057540036036;100mN32019E42239;MC;NA;3;28;S;F;2529;EMP
057540036036-2640;057540036036;100mN31974E42300;MC;NA;5;52;M;F;5064;NEP
057540036036-2640;057540036036;100mN31974E42300;MC;NA;5;51;M;M;5064;EMP
057540036036-2640;057540036036;100mN31974E42300;MC;NA;5;8;S;F;0614;NEP
057540036036-2640;057540036036;100mN31974E42300;MC;NA;5;21;M;M;1824;EMP
057540036036-2640;057540036036;100mN31974E42300;MC;NA;5;6;S;F;0614;NEP
057540036036-2641;057540036036;100mN32008E42276;SF;NA;2;18;W;F;1824;NEP
057540036036-2641;057540036036;100mN32008E42276;SF;NA;2;2;S;M;0003;NEP
057540036036-2642;057540036036;100mN31996E42257;MC;NA;3;46;M;F;4049;EMP
057540036036-2642;057540036036;100mN31996E42257;MC;NA;3;51;M;M;5064;NEP
057540036036-2642;057540036036;100mN31996E42257;MC;NA;3;13;S;F;0614;NEP
057540036036-2643;057540036036;100mN32006E42279;S;NA;1;62;M;M;5064;NEP
057540036036-2644;057540036036;100mN31999E42260;S;NA;1;41;W;M;4049;NEP
057540036036-2645;057540036036;100mN32001E42301;PO;OS;6;68;S;M;6574;EMP
057540036036-2645;057540036036;100mN32001E42301;PO;OS;6;69;S;F;6574;EMP
057540036036-2645;057540036036;100mN32001E42301;PO;OS;6;84;S;F;75XX;EMP
057540036036-2645;057540036036;100mN32001E42301;PO;OS;6;84;S;M;75XX;EMP
057540036036-2645;057540036036;100mN32001E42301;PO;OS;6;69;D;F;6574;NEP
057540036036-2645;057540036036;100mN32001E42301;PO;OS;6;69;S;F;6574;EMP
057540036036-2646;057540036036;100mN32004E42289;MC;NA;2;50;M;F;5064;EMP
057540036036-2646;057540036036;100mN32004E42289;MC;NA;2;62;M;M;5064;EMP
057540036036-2647;057540036036;100mN31966E42256;MC;OS;2;71;M;M;6574;EMP
057540036036-2647;057540036036;100mN31966E42256;MC;OS;2;71;M;F;6574;NEP
057540036036-2648;057540036036;100mN32001E42286;S;NA;1;53;S;F;5064;EMP
057540036036-2649;057540036036;100mN32006E42279;MC;MIX;2;80;M;M;75XX;EMP
057540036036-2649;057540036036;100mN32006E42279;MC;MIX;2;38;W;F;3039;NEP
057540036036-2650;057540036036;100mN31992E42256;S;NA;1;40;M;M;4049;EMP
057540036036-2651;057540036036;100mN31963E42307;MC;NA;4;56;M;M;5064;EMP
057540036036-2651;057540036036;100mN31963E42307;MC;NA;4;55;M;F;5064;NEP
057540036036-2651;057540036036;100mN31963E42307;MC;NA;4;8;S;F;0614;NEP
057540036036-2651;057540036036;100mN31963E42307;MC;NA;4;9;S;F;0614;NEP
057540036036-2652;057540036036;100mN32006E42279;S;NA;1;67;S;M;6574;EMP
057540036036-2653;057540036036;100mN32018E42245;MC;MIX;2;70;M;F;6574;EMP
057540036036-2653;057540036036;100mN32018E42245;MC;MIX;2;6;S;M;0614;NEP
057540036036-2654;057540036036;100mN31986E42270;MC;NA;2;31;M;M;3039;EMP
057540036036-2654;057540036036;100mN31986E42270;MC;NA;2;40;M;F;4049;NEP
057540036036-2655;057540036036;100mN32014E42245;MC;NA;3;58;M;M;5064;NEP
057540036036-2655;057540036036;100mN32014E42245;MC;NA;3;50;M;F;5064;EMP
057540036036-2655;057540036036;100mN32014E42245;MC;NA;3;15;S;M;1517;UEP
057540036036-2656;057540036036;100mN32004E42276;S;NA;1;37;S;M;3039;NEP
057540036036-2657;057540036036;100mN32006E42279;MC;NA;3;30;M;M;3039;EMP
057540036036-2657;057540036036;100mN32006E42279;MC;NA;3;25;M;F;2529;NEP
057540036036-2657;057540036036;100mN32006E42279;MC;NA;3;15;S;M;1517;EMP
057540036036-2658;057540036036;100mN32006E42279;MC;NA;2;41;M;M;4049;EMP
057540036036-2658;057540036036;100mN32006E42279;MC;NA;2;40;M;F;4049;NEP
057540036036-2659;057540036036;100mN32006E42279;MC;OS;3;82;M;M;75XX;EMP
057540036036-2659;057540036036;100mN32006E42279;MC;OS;3;80;M;F;75XX;EMP
057540036036-2659;057540036036;100mN32006E42279;MC;OS;3;68;S;M;6574;EMP
057540036036-2660;057540036036;100mN32006E42279;MC;OS;2;65;M;F;6574;NEP
057540036036-2660;057540036036;100mN32006E42279;MC;OS;2;69;M;M;6574;EMP
057540036036-2661;057540036036;100mN32006E42279;MC;OS;4;69;M;F;6574;EMP
057540036036-2661;057540036036;100mN32006E42279;MC;OS;4;78;M;M;75XX;EMP
057540036036-2661;057540036036;100mN32006E42279;MC;OS;4;65;S;M;6574;EMP
057540036036-2661;057540036036;100mN32006E42279;MC;OS;4;83;S;M;75XX;EMP
057540036036-2662;057540036036;100mN32006E42279;MC;NA;2;41;M;M;4049;NEP
057540036036-2662;057540036036;100mN32006E42279;MC;NA;2;38;M;F;3039;NEP
057540036036-2663;057540036036;100mN32006E42279;S;NA;1;51;S;M;5064;EMP
057540036036-2664;057540036036;100mN32012E42243;MC;NA;4;36;M;M;3039;EMP
057540036036-2664;057540036036;100mN32012E42243;MC;NA;4;31;M;F;3039;EMP
057540036036-2664;057540036036;100mN32012E42243;MC;NA;4;6;S;M;0614;NEP
057540036036-2664;057540036036;100mN32012E42243;MC;NA;4;8;S;F;0614;NEP
057540036036-2665;057540036036;100mN32015E42227;MC;OS;3;65;M;F;6574;EMP
057540036036-2665;057540036036;100mN32015E42227;MC;OS;3;68;M;M;6574;EMP
057540036036-2665;057540036036;100mN32015E42227;MC;OS;3;71;S;F;6574;EMP
057540036036-2666;057540036036;100mN32006E42279;S;OS;1;89;S;F;75XX;EMP
057540036036-2667;057540036036;100mN31974E42297;MC;MIX;2;67;M;M;6574;NEP
057540036036-2667;057540036036;100mN31974E42297;MC;MIX;2;61;M;F;5064;EMP
057540036036-2668;057540036036;100mN32001E42257;S;NA;1;45;D;F;4049;EMP
057540036036-2669;057540036036;100mN31995E42258;S;OS;1;58;D;M;5064;EMP
057540036036-2670;057540036036;100mN31974E42297;PO;OS;4;81;S;M;75XX;EMP
057540036036-2670;057540036036;100mN31974E42297;PO;OS;4;79;S;F;75XX;EMP
057540036036-2670;057540036036;100mN31974E42297;PO;OS;4;78;D;F;75XX;NEP
057540036036-2670;057540036036;100mN31974E42297;PO;OS;4;83;S;F;75XX;EMP
057540036036-2671;057540036036;100mN32003E42276;MC;NA;2;59;M;F;5064;EMP
057540036036-2671;057540036036;100mN32003E42276;MC;NA;2;60;M;M;5064;EMP
057540036036-2672;057540036036;100mN32003E42261;MC;NA;4;57;M;F;5064;EMP
057540036036-2672;057540036036;100mN32003E42261;MC;NA;4;57;M;M;5064;EMP
057540036036-2672;057540036036;100mN32003E42261;MC;NA;4;27;W;F;2529;EMP
057540036036-2672;057540036036;100mN32003E42261;MC;NA;4;11;S;M;0614;NEP
057540036036-2673;057540036036;100mN32018E42256;NA;OS;2;81;M;F;75XX;NEP
057540036036-2673;057540036036;100mN32018E42256;NA;OS;2;47;S;F;4049;EMP
057540036036-2674;057540036036;100mN32003E42261;S;OS;1;31;M;F;3039;EMP
057540036036-2675;057540036036;100mN31967E42303;S;OS;1;40;D;F;4049;NEP
057540036036-2676;057540036036;100mN32004E42276;S;NA;1;37;S;M;3039;NEP
057540036036-2677;057540036036;100mN32003E42261;MC;MIX;2;73;M;F;6574;EMP
057540036036-2677;057540036036;100mN32003E42261;MC;MIX;2;52;M;F;5064;NEP
057540036036-2678;057540036036;100mN32003E42261;MC;NA;4;45;M;M;4049;EMP
057540036036-2678;057540036036;100mN32003E42261;MC;NA;4;54;M;F;5064;EMP
057540036036-2678;057540036036;100mN32003E42261;MC;NA;4;20;M;F;1824;EMP
057540036036-2678;057540036036;100mN32003E42261;MC;NA;4;26;M;F;2529;EMP
057540036036-2679;057540036036;100mN31962E42308;SF;NA;2;55;W;F;5064;NEP
057540036036-2679;057540036036;100mN31962E42308;SF;NA;2;30;S;M;3039;NEP
057540036036-2680;057540036036;100mN32022E42253;SM;NA;5;18;S;M;1824;EMP
057540036036-2680;057540036036;100mN32022E42253;SM;NA;5;1;S;M;0003;NEP
057540036036-2680;057540036036;100mN32022E42253;SM;NA;5;3;S;F;0305;NEP
057540036036-2680;057540036036;100mN32022E42253;SM;NA;5;3;S;F;0305;NEP
057540036036-2680;057540036036;100mN32022E42253;SM;NA;5;1;S;F;0003;NEP
057540036036-2681;057540036036;100mN32018E42245;MC;OS;4;87;M;M;75XX;EMP
057540036036-2681;057540036036;100mN32018E42245;MC;OS;4;85;M;F;75XX;NEP
057540036036-2681;057540036036;100mN32018E42245;MC;OS;4;81;D;F;75XX;EMP
057540036036-2681;057540036036;100mN32018E42245;MC;OS;4;70;M;F;6574;EMP
057540036036-2682;057540036036;100mN32003E42261;MC;OS;2;80;M;F;75XX;EMP
057540036036-2682;057540036036;100mN32003E42261;MC;OS;2;75;M;M;75XX;EMP
057540036036-2683;057540036036;100mN32003E42261;PO;NA;2;55;S;M;5064;EMP
057540036036-2683;057540036036;100mN32003E42261;PO;NA;2;57;S;F;5064;NEP
057540036036-2684;057540036036;100mN32007E42249;S;NA;1;23;M;F;1824;NEP
057540036036-2685;057540036036;100mN32003E42261;S;OS;1;36;W;F;3039;EMP
057540036036-2686;057540036036;100mN32003E42261;MC;OS;3;81;M;F;75XX;EMP
057540036036-2686;057540036036;100mN32003E42261;MC;OS;3;72;M;M;6574;EMP
057540036036-2686;057540036036;100mN32003E42261;MC;OS;3;72;S;F;6574;EMP
057540036036-2687;057540036036;100mN32005E42252;MC;NA;2;42;M;M;4049;EMP
057540036036-2687;057540036036;100mN32005E42252;MC;NA;2;43;M;F;4049;EMP
057540036036-2688;057540036036;100mN32003E42261;MC;NA;2;62;M;F;5064;EMP
057540036036-2688;057540036036;100mN32003E42261;MC;NA;2;31;M;M;3039;EMP
057540036036-2689;057540036036;100mN32008E42289;SF;NA;2;51;S;F;5064;EMP
057540036036-2689;057540036036;100mN32008E42289;SF;NA;2;2;S;M;0003;NEP
057540036036-2690;057540036036;100mN32003E42261;MC;MIX;3;81;M;M;75XX;EMP
057540036036-2690;057540036036;100mN32003E42261;MC;MIX;3;42;M;M;4049;EMP
057540036036-2690;057540036036;100mN32003E42261;MC;MIX;3;40;M;F;4049;EMP
057540036036-2691;057540036036;100mN32003E42261;S;NA;1;37;M;F;3039;EMP
057540036036-2692;057540036036;100mN31991E42257;S;NA;1;54;S;F;5064;NEP
057540036036-2693;057540036036;100mN32005E42289;SF;NA;2;46;W;F;4049;NEP
057540036036-2693;057540036036;100mN32005E42289;SF;NA;2;7;S;F;0614;NEP
057540036036-2694;057540036036;100mN31994E42284;MC;NA;6;61;M;M;5064;EMP
057540036036-2694;057540036036;100mN31994E42284;MC;NA;6;53;M;F;5064;EMP
057540036036-2694;057540036036;100mN31994E42284;MC;NA;6;2;S;F;0003;NEP
057540036036-2694;057540036036;100mN31994E42284;MC;NA;6;12;S;F;0614;NEP
057540036036-2694;057540036036;100mN31994E42284;MC;NA;6;3;S;F;0305;NEP
057540036036-2694;057540036036;100mN31994E42284;MC;NA;6;4;S;M;0305;NEP
057540036036-2695;057540036036;100mN31975E42270;MC;NA;2;35;M;F;3039;NEP
057540036036-2695;057540036036;100mN31975E42270;MC;NA;2;37;M;M;3039;EMP
057540036036-2696;057540036036;100mN32013E42244;MC;NA;2;33;M;F;3039;NEP
057540036036-2696;057540036036;100mN32013E42244;MC;NA;2;35;M;M;3039;EMP
057540036036-2697;057540036036;100mN32020E42239;MC;NA;2;59;M;F;5064;EMP
057540036036-2697;057540036036;100mN32020E42239;MC;NA;2;58;M;M;5064;EMP
057540036036-2698;057540036036;100mN32009E42234;S;NA;1;21;S;M;1824;EMP
057540036036-2699;057540036036;100mN32014E42303;MC;NA;2;62;M;F;5064;NEP
057540036036-2699;057540036036;100mN32014E42303;MC;NA;2;40;M;M;4049;EMP
057540036036-2700;057540036036;100mN32018E42245;S;NA;1;60;S;F;5064;EMP
057540036036-2701;057540036036;100mN31995E42258;S;OS;1;58;D;M;5064;EMP
057540036036-2702;057540036036;100mN31992E42277;SF;NA;2;83;D;F;75XX;EMP
057540036036-2702;057540036036;100mN31992E42277;SF;NA;2;3;S;M;0305;NEP
057540036036-2703;057540036036;100mN31971E42293;S;NA;1;46;S;F;4049;EMP
057540036036-2704;057540036036;100mN32014E42289;S;NA;1;30;S;M;3039;EMP
057540036036-2705;057540036036;100mN31989E42272;MC;NA;3;48;M;F;4049;EMP
057540036036-2705;057540036036;100mN31989E42272;MC;NA;3;51;M;M;5064;EMP
057540036036-2705;057540036036;100mN31989E42272;MC;NA;3;2;S;F;0003;NEP
057540036036-2706;057540036036;100mN31995E42259;PO;OS;4;83;S;M;75XX;EMP
057540036036-2706;057540036036;100mN31995E42259;PO;OS;4;87;S;F;75XX;EMP
057540036036-2706;057540036036;100mN31995E42259;PO;OS;4;75;D;M;75XX;EMP
057540036036-2706;057540036036;100mN31995E42259;PO;OS;4;78;D;F;75XX;EMP
057540036036-2707;057540036036;100mN31962E42301;MC;NA;4;28;M;F;2529;NEP
057540036036-2707;057540036036;100mN31962E42301;MC;NA;4;30;M;M;3039;EMP
057540036036-2707;057540036036;100mN31962E42301;MC;NA;4;13;S;M;0614;NEP
057540036036-2707;057540036036;100mN31962E42301;MC;NA;4;6;S;F;0614;NEP
057540036036-2708;057540036036;100mN31999E42273;S;NA;1;73;M;F;6574;EMP
057540036036-2709;057540036036;100mN31962E42301;MC;NA;3;27;M;M;2529;EMP
057540036036-2709;057540036036;100mN31962E42301;MC;NA;3;23;M;F;1824;EMP
057540036036-2709;057540036036;100mN31962E42301;MC;NA;3;7;S;F;0614;NEP
057540036036-2710;057540036036;100mN31962E42301;S;NA;1;41;S;M;4049;EMP
057540036036-2711;057540036036;100mN31994E42267;MC;MIX;3;88;D;F;75XX;EMP
057540036036-2711;057540036036;100mN31994E42267;MC;MIX;3;44;M;F;4049;EMP
057540036036-2711;057540036036;100mN31994E42267;MC;MIX;3;46;M;M;4049;EMP
057540036036-2712;057540036036;100mN32001E42289;S;NA;1;67;S;M;6574;EMP
057540036036-2713;057540036036;100mN31990E42264;S;NA;1;26;D;M;2529;NEP
057540036036-2714;057540036036;100mN31997E42259;PO;NA;5;54;S;M;5064;EMP
057540036036-2714;057540036036;100mN31997E42259;PO;NA;5;61;S;F;5064;EMP
057540036036-2714;057540036036;100mN31997E42259;PO;NA;5;0;S;M;0003;NEP
057540036036-2714;057540036036;100mN31997E42259;PO;NA;5;4;S;F;0305;NEP
057540036036-2714;057540036036;100mN31997E42259;PO;NA;5;12;S;M;0614;NEP
057540036036-2715;057540036036;100mN31962E42301;MC;NA;2;23;M;F;1824;NEP
057540036036-2715;057540036036;100mN31962E42301;MC;NA;2;23;M;M;1824;EMP
057540036036-2716;057540036036;100mN31962E42301;S;OS;1;84;M;F;75XX;NEP
057540036036-2717;057540036036;100mN31986E42270;PO;NA;3;55;S;M;5064;EMP
057540036036-2717;057540036036;100mN31986E42270;PO;NA;3;56;S;M;5064;EMP
057540036036-2717;057540036036;100mN31986E42270;PO;NA;3;2;S;F;0003;NEP
057540036036-2718;057540036036;100mN32016E42288;MC;NA;3;59;M;F;5064;EMP
057540036036-2718;057540036036;100mN32016E42288;MC;NA;3;56;M;M;5064;NEP
057540036036-2718;057540036036;100mN32016E42288;MC;NA;3;20;S;F;1824;NEP
057540036036-2719;057540036036;100mN31962E42301;S;NA;1;34;M;M;3039;NEP
057540036036-2720;057540036036;100mN31962E42301;MC;NA;3;46;M;F;4049;NEP
057540036036-2720;057540036036;100mN31962E42301;MC;NA;3;18;M;M;1824;NEP
057540036036-2720;057540036036;100mN31962E42301;MC;NA;3;0;S;M;0003;NEP
057540036036-2721;057540036036;100mN32018E42255;S;NA;1;54;D;F;5064;NEP
057540036036-2722;057540036036;100mN31993E42260;S;NA;1;61;S;M;5064;EMP
057540036036-2723;057540036036;100mN32020E42229;MC;OS;2;66;M;F;6574;NEP
057540036036-2723;057540036036;100mN32020E42229;MC;OS;2;65;M;M;6574;EMP
057540036036-2724;057540036036;100mN31999E42272;SM;NA;2;58;S;M;5064;UEP
057540036036-2724;057540036036;100mN31999E42272;SM;NA;2;16;S;F;1517;EMP
057540036036-2725;057540036036;100mN32020E42229;MC;NA;2;54;M;F;5064;EMP
057540036036-2725;057540036036;100mN32020E42229;MC;NA;2;60;M;M;5064;NEP
057540036036-2726;057540036036;100mN31954E42245;MC;MIX;2;88;M;F;75XX;NEP
057540036036-2726;057540036036;100mN31954E42245;MC;MIX;2;27;M;M;2529;NEP
057540036036-2727;057540036036;100mN32017E42240;S;NA;1;18;W;F;1824;NEP
057540036036-2728;057540036036;100mN31980E42294;MC;NA;3;25;M;F;2529;NEP
057540036036-2728;057540036036;100mN31980E42294;MC;NA;3;33;M;M;3039;NEP
057540036036-2728;057540036036;100mN31980E42294;MC;NA;3;9;S;F;0614;NEP
057540036036-2729;057540036036;100mN31999E42254;S;NA;1;73;D;M;6574;EMP
057540036036-2730;057540036036;100mN32007E42253;MC;MIX;3;88;M;F;75XX;EMP
057540036036-2730;057540036036;100mN32007E42253;MC;MIX;3;34;M;M;3039;NEP
057540036036-2730;057540036036;100mN32007E42253;MC;MIX;3;34;M;F;3039;NEP
057540036036-2731;057540036036;100mN32020E42254;MC;NA;3;43;M;F;4049;EMP
057540036036-2731;057540036036;100mN32020E42254;MC;NA;3;52;M;M;5064;EMP
057540036036-2731;057540036036;100mN32020E42254;MC;NA;3;18;S;M;1824;EMP
057540036036-2732;057540036036;100mN32007E42253;PO;OS;4;69;S;F;6574;EMP
057540036036-2732;057540036036;100mN32007E42253;PO;OS;4;69;S;M;6574;NEP
057540036036-2732;057540036036;100mN32007E42253;PO;OS;4;73;S;F;6574;EMP
057540036036-2732;057540036036;100mN32007E42253;PO;OS;4;69;M;M;6574;NEP
057540036036-2733;057540036036;100mN31994E42266;S;NA;1;83;S;F;75XX;EMP
057540036036-2734;057540036036;100mN31964E42281;MC;NA;4;56;M;M;5064;EMP
057540036036-2734;057540036036;100mN31964E42281;MC;NA;4;50;M;F;5064;EMP
057540036036-2734;057540036036;100mN31964E42281;MC;NA;4;31;D;F;3039;NEP
057540036036-2734;057540036036;100mN31964E42281;MC;NA;4;13;S;F;0614;NEP
057540036036-2735;057540036036;100mN32006E42286;MC;NA;3;31;M;F;3039;EMP
057540036036-2735;057540036036;100mN32006E42286;MC;NA;3;31;M;M;3039;EMP
057540036036-2735;057540036036;100mN32006E42286;MC;NA;3;16;S;M;1517;EMP
057540036036-2736;057540036036;100mN32006E42286;MC;MIX;2;79;M;F;75XX;EMP
057540036036-2736;057540036036;100mN32006E42286;MC;MIX;2;56;S;F;5064;EMP
057540036036-2737;057540036036;100mN31975E42298;MC;NA;4;48;M;F;4049;EMP
057540036036-2737;057540036036;100mN31975E42298;MC;NA;4;50;M;M;5064;EMP
057540036036-2737;057540036036;100mN31975E42298;MC;NA;4;2;S;M;0003;NEP
057540036036-2737;057540036036;100mN31975E42298;MC;NA;4;15;S;F;1517;EMP
057540036036-2738;057540036036;100mN32006E42286;S;NA;1;62;M;M;5064;EMP
057540036036-2739;057540036036;100mN31992E42291;MC;NA;3;48;M;F;4049;NEP
057540036036-2739;057540036036;100mN31992E42291;MC;NA;3;52;M;M;5064;EMP
057540036036-2739;057540036036;100mN31992E42291;MC;NA;3;9;S;F;0614;NEP
057540036036-2740;057540036036;100mN32013E42244;MC;NA;2;33;M;F;3039;NEP
057540036036-2740;057540036036;100mN32013E42244;MC;NA;2;35;M;M;3039;EMP
057540036036-2741;057540036036;100mN32013E42237;S;OS;1;55;M;F;5064;EMP
057540036036-2742;057540036036;100mN31987E42271;MC;NA;2;54;M;F;5064;NEP
057540036036-2742;057540036036;100mN31987E42271;MC;NA;2;54;M;M;5064;EMP
057540036036-2743;057540036036;100mN32012E42249;MC;MIX;3;70;D;M;6574;EMP
057540036036-2743;057540036036;100mN32012E42249;MC;MIX;3;40;M;F;4049;NEP
057540036036-2743;057540036036;100mN32012E42249;MC;MIX;3;43;M;M;4049;EMP
057540036036-2744;057540036036;100mN31965E42240;NA;NA;2;63;W;F;5064;EMP
057540036036-2744;057540036036;100mN31965E42240;NA;NA;2;48;S;M;4049;EMP
057540036036-2745;057540036036;100mN32010E42287;S;OS;1;66;S;F;6574;EMP
057540036036-2746;057540036036;100mN32006E42286;MC;NA;4;60;M;M;5064;EMP
057540036036-2746;057540036036;100mN32006E42286;MC;NA;4;57;M;F;5064;EMP
057540036036-2746;057540036036;100mN32006E42286;MC;NA;4;3;S;F;0305;NEP
057540036036-2746;057540036036;100mN32006E42286;MC;NA;4;40;S;F;4049;EMP
057540036036-2747;057540036036;100mN32006E42286;MC;NA;2;58;M;M;5064;EMP
057540036036-2747;057540036036;100mN32006E42286;MC;NA;2;45;M;F;4049;EMP
057540036036-2748;057540036036;100mN32006E42286;MC;OS;2;72;M;F;6574;EMP
057540036036-2748;057540036036;100mN32006E42286;MC;OS;2;73;M;M;6574;NEP
057540036036-2749;057540036036;100mN32006E42286;MC;NA;2;51;M;F;5064;NEP
057540036036-2749;057540036036;100mN32006E42286;MC;NA;2;54;M;M;5064;EMP
057540036036-2750;057540036036;100mN31994E42258;MC;OS;3;67;M;M;6574;EMP
057540036036-2750;057540036036;100mN31994E42258;MC;OS;3;82;M;F;75XX;EMP
057540036036-2750;057540036036;100mN31994E42258;MC;OS;3;66;D;F;6574;EMP
057540036036-2751;057540036036;100mN32010E42279;MC;NA;2;34;M;F;3039;EMP
057540036036-2751;057540036036;100mN32010E42279;MC;NA;2;43;M;M;4049;EMP
057540036036-2752;057540036036;100mN32017E42288;S;OS;1;22;S;M;1824;NEP
057540036036-2753;057540036036;100mN32020E42246;S;OS;1;58;M;M;5064;EMP
057540036036-2754;057540036036;100mN32017E42250;MC;NA;5;32;M;F;3039;EMP
057540036036-2754;057540036036;100mN32017E42250;MC;NA;5;34;M;M;3039;EMP
057540036036-2754;057540036036;100mN32017E42250;MC;NA;5;12;S;M;0614;NEP
057540036036-2754;057540036036;100mN32017E42250;MC;NA;5;10;S;M;0614;NEP
057540036036-2754;057540036036;100mN32017E42250;MC;NA;5;13;S;M;0614;NEP
057540036036-2755;057540036036;100mN32020E42254;S;NA;1;47;M;F;4049;EMP
057540036036-2756;057540036036;100mN32020E42254;MC;NA;3;43;M;F;4049;EMP
057540036036-2756;057540036036;100mN32020E42254;MC;NA;3;52;M;M;5064;EMP
057540036036-2756;057540036036;100mN32020E42254;MC;NA;3;18;S;M;1824;EMP
057540036036-2757;057540036036;100mN32020E42254;S;NA;1;57;M;F;5064;NEP
057540036036-2758;057540036036;100mN32020E42254;PO;NA;3;20;S;M;1824;EMP
057540036036-2758;057540036036;100mN32020E42254;PO;NA;3;18;S;M;1824;EMP
057540036036-2758;057540036036;100mN32020E42254;PO;NA;3;3;S;M;0305;NEP
057540036036-2759;057540036036;100mN32020E42254;S;NA;1;45;S;F;4049;NEP
057540036036-2760;057540036036;100mN32020E42254;MC;MIX;2;89;M;F;75XX;NEP
057540036036-2760;057540036036;100mN32020E42254;MC;MIX;2;0;S;M;0003;NEP
057540036036-2761;057540036036;100mN32014E42227;S;NA;1;66;W;F;6574;EMP
057540036036-2762;057540036036;100mN32019E42256;MC;MIX;3;76;W;M;75XX;NEP
057540036036-2762;057540036036;100mN32019E42256;MC;MIX;3;31;M;M;3039;EMP
057540036036-2762;057540036036;100mN32019E42256;MC;MIX;3;32;M;F;3039;EMP
057540036036-2763;057540036036;100mN31987E42272;PO;NA;4;36;S;F;3039;EMP
057540036036-2763;057540036036;100mN31987E42272;PO;NA;4;40;S;F;4049;EMP
057540036036-2763;057540036036;100mN31987E42272;PO;NA;4;11;S;M;0614;NEP
057540036036-2763;057540036036;100mN31987E42272;PO;NA;4;4;S;M;0305;NEP
057540036036-2764;057540036036;100mN32020E42254;S;OS;1;21;S;F;1824;EMP
057540036036-2765;057540036036;100mN32020E42254;MC;NA;3;42;M;M;4049;EMP
057540036036-2765;057540036036;100mN32020E42254;MC;NA;3;35;M;F;3039;EMP
057540036036-2765;057540036036;100mN32020E42254;MC;NA;3;13;S;F;0614;NEP
057540036036-2766;057540036036;100mN31973E42272;SF;NA;2;43;W;F;4049;EMP
057540036036-2766;057540036036;100mN31973E42272;SF;NA;2;15;S;M;1517;EMP
057540036036-2767;057540036036;100mN32020E42254;S;NA;1;69;M;M;6574;EMP
057540036036-2768;057540036036;100mN32020E42254;PO;NA;3;41;S;M;4049;NEP
057540036036-2768;057540036036;100mN32020E42254;PO;NA;3;38;S;F;3039;NEP
057540036036-2768;057540036036;100mN32020E42254;PO;NA;3;15;S;M;1517;EMP
057540036036-2769;057540036036;100mN31975E42300;MC;NA;3;56;M;M;5064;EMP
057540036036-2769;057540036036;100mN31975E42300;MC;NA;3;54;M;F;5064;EMP
057540036036-2769;057540036036;100mN31975E42300;MC;NA;3;16;S;F;1517;EMP
057540036036-2770;057540036036;100mN32013E42250;S;NA;1;65;D;F;6574;NEP
057540036036-2771;057540036036;100mN31999E42312;MC;NA;3;60;M;F;5064;EMP
057540036036-2771;057540036036;100mN31999E42312;MC;NA;3;34;M;M;3039;EMP
057540036036-2771;057540036036;100mN31999E42312;MC;NA;3;12;S;F;0614;NEP
057540036036-2772;057540036036;100mN32030E42256;S;NA;1;42;S;M;4049;NEP
057540036036-2773;057540036036;100mN32004E42290;MC;NA;6;28;M;F;2529;EMP
057540036036-2773;057540036036;100mN32004E42290;MC;NA;6;31;M;M;3039;EMP
057540036036-2773;057540036036;100mN32004E42290;MC;NA;6;6;S;F;0614;NEP
057540036036-2773;057540036036;100mN32004E42290;MC;NA;6;11;S;M;0614;NEP
057540036036-2773;057540036036;100mN32004E42290;MC;NA;6;3;S;M;0305;NEP
057540036036-2773;057540036036;100mN32004E42290;MC;NA;6;11;S;M;0614;NEP
057540036036-2774;057540036036;100mN31999E42256;MC;NA;2;43;M;M;4049;EMP
057540036036-2774;057540036036;100mN31999E42256;MC;NA;2;40;M;F;4049;NEP
057540036036-2775;057540036036;100mN32007E42280;MC;MIX;5;81;D;M;75XX;EMP
057540036036-2775;057540036036;100mN32007E42280;MC;MIX;5;34;M;F;3039;NEP
057540036036-2775;057540036036;100mN32007E42280;MC;MIX;5;36;M;M;3039;EMP
057540036036-2775;057540036036;100mN32007E42280;MC;MIX;5;18;M;M;1824;EMP
057540036036-2775;057540036036;100mN32007E42280;MC;MIX;5;18;D;M;1824;UEP
057540036036-2776;057540036036;100mN32000E42273;PO;NA;2;41;S;F;4049;NEP
057540036036-2776;057540036036;100mN32000E42273;PO;NA;2;48;S;F;4049;EMP
057540036036-2777;057540036036;100mN31969E42256;SF;NA;2;72;S;F;6574;NEP
057540036036-2777;057540036036;100mN31969E42256;SF;NA;2;57;D;M;5064;NEP
057540036036-2778;057540036036;100mN31997E42276;MC;NA;6;41;M;F;4049;EMP
057540036036-2778;057540036036;100mN31997E42276;MC;NA;6;48;M;M;4049;EMP
057540036036-2778;057540036036;100mN31997E42276;MC;NA;6;11;S;F;0614;NEP
057540036036-2778;057540036036;100mN31997E42276;MC;NA;6;11;S;M;0614;NEP
057540036036-2778;057540036036;100mN31997E42276;MC;NA;6;12;S;M;0614;NEP
057540036036-2778;057540036036;100mN31997E42276;MC;NA;6;18;M;M;1824;EMP
057540036036-2779;057540036036;100mN32016E42229;S;OS;1;36;W;F;3039;EMP
057540036036-2780;057540036036;100mN32018E42255;S;NA;1;62;S;F;5064;EMP
057540036036-2781;057540036036;100mN31992E42256;MC;NA;3;41;M;F;4049;EMP
057540036036-2781;057540036036;100mN31992E42256;MC;NA;3;40;M;M;4049;NEP
057540036036-2781;057540036036;100mN31992E42256;MC;NA;3;3;S;F;0305;NEP
057540036036-2782;057540036036;100mN32016E42229;MC;NA;4;36;M;F;3039;NEP
057540036036-2782;057540036036;100mN32016E42229;MC;NA;4;36;M;M;3039;NEP
057540036036-2782;057540036036;100mN32016E42229;MC;NA;4;21;M;M;1824;EMP
057540036036-2782;057540036036;100mN32016E42229;MC;NA;4;3;S;F;0305;NEP
057540036036-2783;057540036036;100mN32016E42229;MC;OS;2;84;M;F;75XX;EMP
057540036036-2783;057540036036;100mN32016E42229;MC;OS;2;85;M;M;75XX;EMP
057540036036-2784;057540036036;100mN32018E42255;SM;NA;4;61;S;M;5064;NEP
057540036036-2784;057540036036;100mN32018E42255;SM;NA;4;11;S;F;0614;NEP
057540036036-2784;057540036036;100mN32018E42255;SM;NA;4;40;S;M;4049;EMP
057540036036-2784;057540036036;100mN32018E42255;SM;NA;4;12;S;M;0614;NEP
057540036036-2785;057540036036;100mN31971E42259;MC;NA;2;54;M;M;5064;EMP
057540036036-2785;057540036036;100mN31971E42259;MC;NA;2;52;M;F;5064;EMP
057540036036-2786;057540036036;100mN32016E42229;MC;NA;4;47;M;M;4049;EMP
057540036036-2786;057540036036;100mN32016E42229;MC;NA;4;50;M;F;5064;EMP
057540036036-2786;057540036036;100mN32016E42229;MC;NA;4;16;S;M;1517;EMP
057540036036-2786;057540036036;100mN32016E42229;MC;NA;4;3;S;M;0305;NEP
057540036036-2787;057540036036;100mN31986E42271;MC;OS;2;70;M;M;6574;NEP
057540036036-2787;057540036036;100mN31986E42271;MC;OS;2;77;M;F;75XX;EMP
057540036036-2788;057540036036;100mN32016E42229;S;NA;1;69;D;F;6574;NEP
057540036036-2789;057540036036;100mN32016E42229;MC;OS;6;76;M;M;75XX;EMP
057540036036-2789;057540036036;100mN32016E42229;MC;OS;6;73;M;F;6574;EMP
057540036036-2789;057540036036;100mN32016E42229;MC;OS;6;66;M;F;6574;NEP
057540036036-2789;057540036036;100mN32016E42229;MC;OS;6;67;M;M;6574;EMP
057540036036-2789;057540036036;100mN32016E42229;MC;OS;6;65;W;F;6574;EMP
057540036036-2789;057540036036;100mN32016E42229;MC;OS;6;70;W;F;6574;EMP
057540036036-2790;057540036036;100mN32004E42277;MC;NA;4;28;M;M;2529;EMP
057540036036-2790;057540036036;100mN32004E42277;MC;NA;4;27;M;F;2529;EMP
057540036036-2790;057540036036;100mN32004E42277;MC;NA;4;8;S;M;0614;NEP
057540036036-2790;057540036036;100mN32004E42277;MC;NA;4;13;S;M;0614;NEP
057540036036-2791;057540036036;100mN32016E42229;PO;NA;2;52;S;M;5064;EMP
057540036036-2791;057540036036;100mN32016E42229;PO;NA;2;50;S;M;5064;NEP
057540036036-2792;057540036036;100mN32023E42248;S;NA;1;37;W;F;3039;EMP
057540036036-2793;057540036036;100mN32015E42240;MC;NA;2;61;M;F;5064;EMP
057540036036-2793;057540036036;100mN32015E42240;MC;NA;2;53;M;M;5064;NEP
057540036036-2794;057540036036;100mN32015E42240;MC;NA;4;47;M;M;4049;EMP
057540036036-2794;057540036036;100mN32015E42240;MC;NA;4;41;M;F;4049;EMP
057540036036-2794;057540036036;100mN32015E42240;MC;NA;4;12;S;F;0614;NEP
057540036036-2794;057540036036;100mN32015E42240;MC;NA;4;10;S;F;0614;NEP
057540036036-2795;057540036036;100mN32015E42240;MC;OS;4;65;M;M;6574;NEP
057540036036-2795;057540036036;100mN32015E42240;MC;OS;4;65;M;F;6574;NEP
057540036036-2795;057540036036;100mN32015E42240;MC;OS;4;67;S;M;6574;NEP
057540036036-2795;057540036036;100mN32015E42240;MC;OS;4;76;M;F;75XX;EMP
057540036036-2796;057540036036;100mN32015E42240;MC;OS;2;76;M;F;75XX;NEP
057540036036-2796;057540036036;100mN32015E42240;MC;OS;2;81;M;M;75XX;EMP
057540036036-2797;057540036036;100mN31983E42280;S;NA;1;38;S;M;3039;EMP
057540036036-2798;057540036036;100mN32005E42289;NA;NA;2;59;W;F;5064;EMP
057540036036-2798;057540036036;100mN32005E42289;NA;NA;2;16;S;M;1517;EMP
057540036036-2799;057540036036;100mN32015E42240;S;NA;1;45;M;M;4049;EMP
057540036036-2800;057540036036;100mN32019E42253;S;NA;1;30;S;M;3039;NEP
057540036036-2801;057540036036;100mN32010E42287;S;OS;1;36;S;F;3039;EMP
057540036036-2802;057540036036;100mN32019E42253;MC;NA;2;46;M;M;4049;EMP
057540036036-2802;057540036036;100mN32019E42253;MC;NA;2;55;M;F;5064;EMP
057540036036-2803;057540036036;100mN32019E42253;PO;MIX;2;66;S;M;6574;EMP
057540036036-2803;057540036036;100mN32019E42253;PO;MIX;2;63;S;M;5064;EMP
057540036036-2804;057540036036;100mN32003E42257;MC;NA;4;62;M;F;5064;EMP
057540036036-2804;057540036036;100mN32003E42257;MC;NA;4;40;S;M;4049;UEP
057540036036-2804;057540036036;100mN32003E42257;MC;NA;4;30;S;M;3039;EMP
057540036036-2804;057540036036;100mN32003E42257;MC;NA;4;45;M;M;4049;EMP
057540036036-2805;057540036036;100mN31992E42262;S;NA;1;44;S;M;4049;EMP
057540036036-2806;057540036036;100mN32019E42253;MC;OS;2;71;M;M;6574;EMP
057540036036-2806;057540036036;100mN32019E42253;MC;OS;2;70;M;F;6574;NEP
057540036036-2807;057540036036;100mN32022E42250;MC;NA;4;43;M;F;4049;EMP
057540036036-2807;057540036036;100mN32022E42250;MC;NA;4;45;M;M;4049;EMP
057540036036-2807;057540036036;100mN32022E42250;MC;NA;4;28;D;F;2529;NEP
057540036036-2807;057540036036;100mN32022E42250;MC;NA;4;21;M;M;1824;EMP
057540036036-2808;057540036036;100mN32019E42253;MC;OS;2;71;M;F;6574;NEP
057540036036-2808;057540036036;100mN32019E42253;MC;OS;2;73;M;M;6574;EMP
057540036036-2809;057540036036;100mN32001E42254;MC;OS;4;71;M;F;6574;NEP
057540036036-2809;057540036036;100mN32001E42254;MC;OS;4;71;M;M;6574;EMP
057540036036-2809;057540036036;100mN32001E42254;MC;OS;4;84;D;M;75XX;NEP
057540036036-2809;057540036036;100mN32001E42254;MC;OS;4;76;S;F;75XX;EMP
057540036036-2810;057540036036;100mN32014E42291;PO;NA;2;26;S;F;2529;EMP
057540036036-2810;057540036036;100mN32014E42291;PO;NA;2;27;S;F;2529;EMP
057540036036-2811;057540036036;100mN32001E42254;SM;NA;3;20;S;M;1824;EMP
057540036036-2811;057540036036;100mN32001E42254;SM;NA;3;3;S;M;0305;NEP
057540036036-2811;057540036036;100mN32001E42254;SM;NA;3;3;S;F;0305;NEP
057540036036-2812;057540036036;100mN32005E42258;SM;NA;4;50;S;M;5064;NEP
057540036036-2812;057540036036;100mN32005E42258;SM;NA;4;10;S;F;0614;NEP
057540036036-2812;057540036036;100mN32005E42258;SM;NA;4;2;S;F;0003;NEP
057540036036-2812;057540036036;100mN32005E42258;SM;NA;4;22;M;F;1824;EMP
057540036036-2813;057540036036;100mN31990E42263;MC;NA;5;59;M;F;5064;EMP
057540036036-2813;057540036036;100mN31990E42263;MC;NA;5;63;M;M;5064;EMP
057540036036-2813;057540036036;100mN31990E42263;MC;NA;5;8;S;M;0614;NEP
057540036036-2813;057540036036;100mN31990E42263;MC;NA;5;31;W;F;3039;NEP
057540036036-2813;057540036036;100mN31990E42263;MC;NA;5;10;S;F;0614;NEP
057540036036-2814;057540036036;100mN32001E42254;MC;NA;2;54;M;F;5064;EMP
057540036036-2814;057540036036;100mN32001E42254;MC;NA;2;58;M;M;5064;EMP
057540036036-2815;057540036036;100mN32008E42255;MC;OS;4;87;M;F;75XX;EMP
057540036036-2815;057540036036;100mN32008E42255;MC;OS;4;47;M;F;4049;NEP
057540036036-2815;057540036036;100mN32008E42255;MC;OS;4;65;S;M;6574;EMP
057540036036-2815;057540036036;100mN32008E42255;MC;OS;4;88;M;F;75XX;EMP
057540036036-2816;057540036036;100mN32013E42288;MC;NA;4;53;M;M;5064;EMP
057540036036-2816;057540036036;100mN32013E42288;MC;NA;4;51;M;F;5064;EMP
057540036036-2816;057540036036;100mN32013E42288;MC;NA;4;12;S;F;0614;NEP
057540036036-2816;057540036036;100mN32013E42288;MC;NA;4;4;S;F;0305;NEP
057540036036-2817;057540036036;100mN31991E42259;S;NA;1;36;S;M;3039;NEP
057540036036-2818;057540036036;100mN32001E42254;MC;NA;2;43;M;M;4049;EMP
057540036036-2818;057540036036;100mN32001E42254;MC;NA;2;43;M;F;4049;NEP
057540036036-2819;057540036036;100mN31983E42294;SF;NA;2;20;D;F;1824;NEP
057540036036-2819;057540036036;100mN31983E42294;SF;NA;2;3;S;M;0305;NEP
057540036036-2820;057540036036;100mN32003E42258;NA;MIX;4;69;M;F;6574;NEP
057540036036-2820;057540036036;100mN32003E42258;NA;MIX;4;44;M;F;4049;EMP
057540036036-2820;057540036036;100mN32003E42258;NA;MIX;4;47;M;F;4049;NEP
057540036036-2820;057540036036;100mN32003E42258;NA;MIX;4;36;M;M;3039;EMP
057540036036-2821;057540036036;100mN32001E42254;MC;NA;2;48;M;F;4049;EMP
057540036036-2821;057540036036;100mN32001E42254;MC;NA;2;50;M;M;5064;EMP
057540036036-2822;057540036036;100mN32010E42278;MC;NA;2;31;M;F;3039;NEP
057540036036-2822;057540036036;100mN32010E42278;MC;NA;2;33;M;M;3039;EMP
057540036036-2823;057540036036;100mN32010E42279;PO;NA;2;35;S;F;3039;EMP
057540036036-2823;057540036036;100mN32010E42279;PO;NA;2;32;S;F;3039;EMP
057540036036-2824;057540036036;100mN32018E42248;S;NA;1;65;W;F;6574;EMP
057540036036-2825;057540036036;100mN31976E42251;MC;NA;2;55;M;M;5064;EMP
057540036036-2825;057540036036;100mN31976E42251;MC;NA;2;52;M;F;5064;EMP
057540036036-2826;057540036036;100mN32003E42279;MC;NA;3;54;M;M;5064;EMP
057540036036-2826;057540036036;100mN32003E42279;MC;NA;3;45;M;F;4049;NEP
057540036036-2826;057540036036;100mN32003E42279;MC;NA;3;18;D;M;1824;EMP
057540036036-2827;057540036036;100mN31998E42267;S;NA;1;28;W;F;2529;EMP
057540036036-2828;057540036036;100mN32021E42242;PO;NA;2;36;S;F;3039;EMP
057540036036-2828;057540036036;100mN32021E42242;PO;NA;2;37;S;F;3039;EMP
057540036036-2829;057540036036;100mN31998E42267;MC;NA;2;43;M;F;4049;EMP
057540036036-2829;057540036036;100mN31998E42267;MC;NA;2;46;M;M;4049;EMP
057540036036-2830;057540036036;100mN31976E42248;S;OS;1;28;W;F;2529;EMP
057540036036-2831;057540036036;100mN31969E42257;MC;OS;2;65;M;M;6574;EMP
057540036036-2831;057540036036;100mN31969E42257;MC;OS;2;72;M;F;6574;EMP
057540036036-2832;057540036036;100mN32007E42282;MC;NA;2;45;M;M;4049;EMP
057540036036-2832;057540036036;100mN32007E42282;MC;NA;2;48;M;F;4049;NEP
057540036036-2833;057540036036;100mN31998E42267;S;OS;1;83;M;M;75XX;NEP
057540036036-2834;057540036036;100mN31998E42267;S;NA;1;27;S;M;2529;NEP
057540036036-2835;057540036036;100mN32007E42282;PO;NA;4;47;S;M;4049;EMP
057540036036-2835;057540036036;100mN32007E42282;PO;NA;4;38;S;M;3039;EMP
057540036036-2835;057540036036;100mN32007E42282;PO;NA;4;10;S;M;0614;NEP
057540036036-2835;057540036036;100mN32007E42282;PO;NA;4;15;S;M;1517;EMP
057540036036-2836;057540036036;100mN31998E42267;S;OS;1;38;S;F;3039;EMP
057540036036-2837;057540036036;100mN32003E42281;S;NA;1;41;M;M;4049;EMP
057540036036-2838;057540036036;100mN31998E42267;S;NA;1;60;M;M;5064;EMP
057540036036-2839;057540036036;100mN32018E42250;MC;NA;3;60;M;F;5064;NEP
057540036036-2839;057540036036;100mN32018E42250;MC;NA;3;62;M;M;5064;EMP
057540036036-2839;057540036036;100mN32018E42250;MC;NA;3;40;W;M;4049;EMP
057540036036-2840;057540036036;100mN31969E42244;S;NA;1;75;S;M;75XX;EMP
057540036036-2841;057540036036;100mN31997E42265;PO;NA;4;53;S;M;5064;EMP
057540036036-2841;057540036036;100mN31997E42265;PO;NA;4;50;S;F;5064;EMP
057540036036-2841;057540036036;100mN31997E42265;PO;NA;4;36;M;F;3039;EMP
057540036036-2841;057540036036;100mN31997E42265;PO;NA;4;30;D;M;3039;EMP
057540036036-2842;057540036036;100mN31985E42282;S;NA;1;67;S;F;6574;NEP
057540036036-2843;057540036036;100mN32021E42254;S;OS;1;56;M;M;5064;EMP
057540036036-2844;057540036036;100mN31985E42282;S;OS;1;28;M;F;2529;EMP
057540036036-2845;057540036036;100mN32005E42279;S;NA;1;71;S;M;6574;EMP
057540036036-2846;057540036036;100mN31971E42307;S;NA;1;45;W;M;4049;EMP
057540036036-2847;057540036036;100mN31971E42307;MC;NA;2;25;M;M;2529;UEP
057540036036-2847;057540036036;100mN31971E42307;MC;NA;2;18;M;F;1824;EMP
057540036036-2848;057540036036;100mN32004E42259;S;NA;1;46;W;F;4049;NEP
057540036036-2849;057540036036;100mN32005E42282;MC;MIX;4;69;M;M;6574;UEP
057540036036-2849;057540036036;100mN32005E42282;MC;MIX;4;25;M;F;2529;NEP
057540036036-2849;057540036036;100mN32005E42282;MC;MIX;4;28;M;M;2529;NEP
057540036036-2849;057540036036;100mN32005E42282;MC;MIX;4;9;S;M;0614;NEP
057540036036-2850;057540036036;100mN31965E42249;S;NA;1;51;M;F;5064;EMP
057540036036-2851;057540036036;100mN32001E42286;PC;NA;3;35;P;F;3039;EMP
057540036036-2851;057540036036;100mN32001E42286;PC;NA;3;42;P;F;4049;EMP
057540036036-2851;057540036036;100mN32001E42286;PC;NA;3;18;M;M;1824;EMP
057540036036-2852;057540036036;100mN32012E42290;MC;OS;2;73;M;M;6574;EMP
057540036036-2852;057540036036;100mN32012E42290;MC;OS;2;65;M;F;6574;EMP
057540036036-2853;057540036036;100mN31996E42258;MC;NA;3;59;M;M;5064;EMP
057540036036-2853;057540036036;100mN31996E42258;MC;NA;3;56;M;F;5064;NEP
057540036036-2853;057540036036;100mN31996E42258;MC;NA;3;13;S;M;0614;NEP
057540036036-2854;057540036036;100mN32012E42290;MC;NA;2;34;M;M;3039;NEP
057540036036-2854;057540036036;100mN32012E42290;MC;NA;2;34;M;F;3039;EMP
057540036036-2855;057540036036;100mN31998E42259;MC;NA;2;21;M;F;1824;EMP
057540036036-2855;057540036036;100mN31998E42259;MC;NA;2;22;M;M;1824;EMP
057540036036-2856;057540036036;100mN31995E42257;S;NA;1;70;S;M;6574;EMP
057540036036-2857;057540036036;100mN32017E42290;MC;NA;4;46;M;M;4049;EMP
057540036036-2857;057540036036;100mN32017E42290;MC;NA;4;45;M;F;4049;NEP
057540036036-2857;057540036036;100mN32017E42290;MC;NA;4;7;S;M;0614;NEP
057540036036-2857;057540036036;100mN32017E42290;MC;NA;4;31;S;M;3039;NEP
057540036036-2858;057540036036;100mN32003E42274;MC;NA;3;23;M;F;1824;EMP
057540036036-2858;057540036036;100mN32003E42274;MC;NA;3;31;M;M;3039;EMP
057540036036-2858;057540036036;100mN32003E42274;MC;NA;3;3;S;F;0305;NEP
057540036036-2859;057540036036;100mN32012E42244;PO;NA;3;42;S;M;4049;EMP
057540036036-2859;057540036036;100mN32012E42244;PO;NA;3;43;S;M;4049;EMP
057540036036-2859;057540036036;100mN32012E42244;PO;NA;3;15;S;M;1517;UEP
057540036036-2860;057540036036;100mN32012E42290;S;NA;1;63;M;M;5064;EMP
057540036036-2861;057540036036;100mN31973E42270;MC;OS;2;68;M;M;6574;NEP
057540036036-2861;057540036036;100mN31973E42270;MC;OS;2;88;M;F;75XX;EMP
057540036036-2862;057540036036;100mN32008E42286;MC;NA;2;32;M;F;3039;NEP
057540036036-2862;057540036036;100mN32008E42286;MC;NA;2;32;M;M;3039;EMP
057540036036-2863;057540036036;100mN31959E42250;S;OS;1;42;S;M;4049;EMP
057540036036-2864;057540036036;100mN32008E42278;MC;NA;2;27;M;M;2529;EMP
057540036036-2864;057540036036;100mN32008E42278;MC;NA;2;20;M;F;1824;EMP
057540036036-2865;057540036036;100mN32021E42255;MC;MIX;2;82;M;F;75XX;EMP
057540036036-2865;057540036036;100mN32021E42255;MC;MIX;2;46;M;F;4049;NEP
057540036036-2866;057540036036;100mN32009E42278;S;NA;1;85;S;F;75XX;EMP
057540036036-2867;057540036036;100mN32006E42290;MC;NA;2;18;M;M;1824;EMP
057540036036-2867;057540036036;100mN32006E42290;MC;NA;2;18;M;F;1824;NEP
057540036036-2868;057540036036;100mN32001E42290;S;NA;1;53;M;F;5064;NEP
057540036036-2869;057540036036;100mN32006E42290;SF;NA;2;19;W;F;1824;EMP
057540036036-2869;057540036036;100mN32006E42290;SF;NA;2;3;S;M;0305;NEP
057540036036-2870;057540036036;100mN31995E42259;PO;OS;2;72;S;F;6574;NEP
057540036036-2870;057540036036;100mN31995E42259;PO;OS;2;70;S;F;6574;NEP
057540036036-2871;057540036036;100mN31972E42259;SF;NA;4;40;W;F;4049;EMP
057540036036-2871;057540036036;100mN31972E42259;SF;NA;4;3;S;F;0305;NEP
057540036036-2871;057540036036;100mN31972E42259;SF;NA;4;8;S;F;0614;NEP
057540036036-2871;057540036036;100mN31972E42259;SF;NA;4;2;S;M;0003;NEP
057540036036-2872;057540036036;100mN32017E42232;S;NA;1;25;M;M;2529;EMP
057540036036-2873;057540036036;100mN31998E42260;S;OS;1;41;M;M;4049;EMP
057540036036-2874;057540036036;100mN32017E42232;PO;NA;4;28;S;M;2529;EMP
057540036036-2874;057540036036;100mN32017E42232;PO;NA;4;26;S;F;2529;NEP
057540036036-2874;057540036036;100mN32017E42232;PO;NA;4;7;S;M;0614;NEP
057540036036-2874;057540036036;100mN32017E42232;PO;NA;4;1;S;F;0003;NEP
057540036036-2875;057540036036;100mN31990E42257;SF;NA;5;50;S;F;5064;EMP
057540036036-2875;057540036036;100mN31990E42257;SF;NA;5;7;S;F;0614;NEP
057540036036-2875;057540036036;100mN31990E42257;SF;NA;5;13;S;M;0614;NEP
057540036036-2875;057540036036;100mN31990E42257;SF;NA;5;8;S;F;0614;NEP
057540036036-2875;057540036036;100mN31990E42257;SF;NA;5;19;S;F;1824;NEP
057540036036-2876;057540036036;100mN32017E42232;MC;NA;5;41;M;M;4049;EMP
057540036036-2876;057540036036;100mN32017E42232;MC;NA;5;18;M;F;1824;NEP
057540036036-2876;057540036036;100mN32017E42232;MC;NA;5;11;S;M;0614;NEP
057540036036-2876;057540036036;100mN32017E42232;MC;NA;5;21;M;F;1824;EMP
057540036036-2876;057540036036;100mN32017E42232;MC;NA;5;7;S;M;0614;NEP
057540036036-2877;057540036036;100mN32013E42244;SF;NA;4;41;S;F;4049;EMP
057540036036-2877;057540036036;100mN32013E42244;SF;NA;4;13;S;F;0614;NEP
057540036036-2877;057540036036;100mN32013E42244;SF;NA;4;7;S;F;0614;NEP
057540036036-2877;057540036036;100mN32013E42244;SF;NA;4;4;S;F;0305;NEP
057540036036-2878;057540036036;100mN32017E42232;S;OS;1;16;S;M;1517;EMP
057540036036-2879;057540036036;100mN31967E42280;PO;NA;4;54;S;M;5064;EMP
057540036036-2879;057540036036;100mN31967E42280;PO;NA;4;52;S;F;5064;EMP
057540036036-2879;057540036036;100mN31967E42280;PO;NA;4;6;S;M;0614;NEP
057540036036-2879;057540036036;100mN31967E42280;PO;NA;4;26;S;F;2529;EMP
057540036036-2880;057540036036;100mN31992E42312;S;NA;1;33;D;F;3039;EMP
057540036036-2881;057540036036;100mN32009E42291;MC;NA;3;34;M;M;3039;UEP
057540036036-2881;057540036036;100mN32009E42291;MC;NA;3;37;M;F;3039;EMP
057540036036-2881;057540036036;100mN32009E42291;MC;NA;3;9;S;M;0614;NEP
057540036036-2882;057540036036;100mN32023E42252;S;OS;1;67;M;M;6574;NEP
057540036036-2883;057540036036;100mN32018E42254;MC;NA;2;40;M;F;4049;NEP
057540036036-2883;057540036036;100mN32018E42254;MC;NA;2;36;M;M;3039;EMP
057540036036-2884;057540036036;100mN31975E42249;MC;NA;3;56;M;F;5064;EMP
057540036036-2884;057540036036;100mN31975E42249;MC;NA;3;63;M;M;5064;EMP
057540036036-2884;057540036036;100mN31975E42249;MC;NA;3;7;S;F;0614;NEP
057540036036-2885;057540036036;100mN31989E42264;PO;OS;4;71;S;M;6574;EMP
057540036036-2885;057540036036;100mN31989E42264;PO;OS;4;66;S;F;6574;NEP
057540036036-2885;057540036036;100mN31989E42264;PO;OS;4;85;M;F;75XX;EMP
057540036036-2885;057540036036;100mN31989E42264;PO;OS;4;82;M;M;75XX;NEP
057540036036-2886;057540036036;100mN31974E42275;MC;NA;2;62;M;F;5064;EMP
057540036036-2886;057540036036;100mN31974E42275;MC;NA;2;63;M;M;5064;NEP
057540036036-2887;057540036036;100mN32003E42285;MC;MIX;5;76;M;F;75XX;EMP
057540036036-2887;057540036036;100mN32003E42285;MC;MIX;5;48;M;M;4049;NEP
057540036036-2887;057540036036;100mN32003E42285;MC;MIX;5;42;M;F;4049;NEP
057540036036-2887;057540036036;100mN32003E42285;MC;MIX;5;12;S;F;0614;NEP
057540036036-2887;057540036036;100mN32003E42285;MC;MIX;5;3;S;M;0305;NEP
057540036036-2888;057540036036;100mN32008E42278;S;NA;1;70;D;M;6574;EMP
057540036036-2889;057540036036;100mN31998E42285;MC;NA;4;38;M;F;3039;NEP
057540036036-2889;057540036036;100mN31998E42285;MC;NA;4;42;M;M;4049;EMP
057540036036-2889;057540036036;100mN31998E42285;MC;NA;4;4;S;F;0305;NEP
057540036036-2889;057540036036;100mN31998E42285;MC;NA;4;15;S;M;1517;EMP
057540036036-2890;057540036036;100mN31993E42259;S;OS;1;45;W;M;4049;EMP
057540036036-2891;057540036036;100mN32013E42250;MC;OS;4;67;M;M;6574;EMP
057540036036-2891;057540036036;100mN32013E42250;MC;OS;4;66;M;F;6574;EMP
057540036036-2891;057540036036;100mN32013E42250;MC;OS;4;86;M;M;75XX;EMP
057540036036-2891;057540036036;100mN32013E42250;MC;OS;4;81;S;M;75XX;UEP
057540036036-2892;057540036036;100mN32007E42278;MC;MIX;3;66;M;F;6574;EMP
057540036036-2892;057540036036;100mN32007E42278;MC;MIX;3;42;M;F;4049;EMP
057540036036-2892;057540036036;100mN32007E42278;MC;MIX;3;40;M;M;4049;EMP
057540036036-2893;057540036036;100mN32005E42252;MC;NA;3;53;M;F;5064;EMP
057540036036-2893;057540036036;100mN32005E42252;MC;NA;3;56;M;M;5064;EMP
057540036036-2893;057540036036;100mN32005E42252;MC;NA;3;1;S;M;0003;NEP
057540036036-2894;057540036036;100mN31985E42302;S;NA;1;66;M;F;6574;NEP
057540036036-2895;057540036036;100mN32005E42252;MC;NA;3;37;M;F;3039;EMP
057540036036-2895;057540036036;100mN32005E42252;MC;NA;3;56;M;M;5064;EMP
057540036036-2895;057540036036;100mN32005E42252;MC;NA;3;22;W;M;1824;EMP
057540036036-2896;057540036036;100mN32019E42246;MC;NA;2;21;M;F;1824;EMP
057540036036-2896;057540036036;100mN32019E42246;MC;NA;2;47;M;M;4049;NEP
057540036036-2897;057540036036;100mN31973E42245;PO;NA;3;57;S;M;5064;EMP
057540036036-2897;057540036036;100mN31973E42245;PO;NA;3;48;S;F;4049;NEP
057540036036-2897;057540036036;100mN31973E42245;PO;NA;3;35;S;M;3039;NEP
057540036036-2898;057540036036;100mN31987E42258;S;NA;1;68;S;M;6574;EMP
057540036036-2899;057540036036;100mN31955E42244;S;NA;1;19;D;F;1824;NEP
057540036036-2900;057540036036;100mN31967E42297;MC;NA;2;46;M;M;4049;EMP
057540036036-2900;057540036036;100mN31967E42297;MC;NA;2;44;M;F;4049;EMP
057540036036-2901;057540036036;100mN32005E42252;MC;NA;2;42;M;M;4049;EMP
057540036036-2901;057540036036;100mN32005E42252;MC;NA;2;43;M;F;4049;EMP
057540036036-2902;057540036036;100mN32010E42277;MC;OS;2;70;M;M;6574;NEP
057540036036-2902;057540036036;100mN32010E42277;MC;OS;2;71;M;F;6574;EMP
057540036036-2903;057540036036;100mN31975E42300;MC;NA;6;61;M;M;5064;NEP
057540036036-2903;057540036036;100mN31975E42300;MC;NA;6;54;M;F;5064;NEP
057540036036-2903;057540036036;100mN31975E42300;MC;NA;6;15;S;M;1517;EMP
057540036036-2903;057540036036;100mN31975E42300;MC;NA;6;13;S;M;0614;NEP
057540036036-2903;057540036036;100mN31975E42300;MC;NA;6;22;M;F;1824;EMP
057540036036-2903;057540036036;100mN31975E42300;MC;NA;6;42;D;M;4049;NEP
057540036036-2904;057540036036;100mN31995E42255;MC;OS;3;87;M;F;75XX;EMP
057540036036-2904;057540036036;100mN31995E42255;MC;OS;3;86;W;F;75XX;EMP
057540036036-2904;057540036036;100mN31995E42255;MC;OS;3;75;S;M;75XX;EMP
057540036036-2905;057540036036;100mN32005E42252;MC;NA;4;32;M;M;3039;EMP
057540036036-2905;057540036036;100mN32005E42252;MC;NA;4;30;M;F;3039;NEP
057540036036-2905;057540036036;100mN32005E42252;MC;NA;4;7;S;M;0614;NEP
057540036036-2905;057540036036;100mN32005E42252;MC;NA;4;0;S;M;0003;NEP
057540036036-2906;057540036036;100mN32005E42252;MC;NA;2;35;M;F;3039;EMP
057540036036-2906;057540036036;100mN32005E42252;MC;NA;2;33;M;M;3039;EMP
057540036036-2907;057540036036;100mN32004E42255;MC;NA;2;22;M;M;1824;EMP
057540036036-2907;057540036036;100mN32004E42255;MC;NA;2;18;M;F;1824;EMP
057540036036-2908;057540036036;100mN32008E42281;NA;NA;3;63;M;M;5064;EMP
057540036036-2908;057540036036;100mN32008E42281;NA;NA;3;16;S;M;1517;EMP
057540036036-2908;057540036036;100mN32008E42281;NA;NA;3;70;M;F;6574;EMP
057540036036-2909;057540036036;100mN32022E42249;MC;MIX;2;87;M;M;75XX;NEP
057540036036-2909;057540036036;100mN32022E42249;MC;MIX;2;58;M;F;5064;EMP
057540036036-2910;057540036036;100mN31982E42280;MC;NA;4;27;M;M;2529;NEP
057540036036-2910;057540036036;100mN31982E42280;MC;NA;4;20;M;F;1824;EMP
057540036036-2910;057540036036;100mN31982E42280;MC;NA;4;8;S;M;0614;NEP
057540036036-2910;057540036036;100mN31982E42280;MC;NA;4;6;S;F;0614;NEP
057540036036-2911;057540036036;100mN31995E42259;S;NA;1;26;M;M;2529;NEP
057540036036-2912;057540036036;100mN32010E42250;MC;NA;3;23;M;F;1824;NEP
057540036036-2912;057540036036;100mN32010E42250;MC;NA;3;18;M;M;1824;EMP
057540036036-2912;057540036036;100mN32010E42250;MC;NA;3;2;S;M;0003;NEP
057540036036-2913;057540036036;100mN31971E42297;MC;NA;3;59;M;F;5064;NEP
057540036036-2913;057540036036;100mN31971E42297;MC;NA;3;63;M;M;5064;NEP
057540036036-2913;057540036036;100mN31971E42297;MC;NA;3;23;S;F;1824;EMP
057540036036-2914;057540036036;100mN31971E42297;SF;NA;5;51;S;F;5064;EMP
057540036036-2914;057540036036;100mN31971E42297;SF;NA;5;11;S;F;0614;NEP
057540036036-2914;057540036036;100mN31971E42297;SF;NA;5;35;M;F;3039;EMP
057540036036-2914;057540036036;100mN31971E42297;SF;NA;5;11;S;F;0614;NEP
057540036036-2914;057540036036;100mN31971E42297;SF;NA;5;30;S;M;3039;EMP
057540036036-2915;057540036036;100mN32007E42257;MC;OS;2;68;M;M;6574;NEP
057540036036-2915;057540036036;100mN32007E42257;MC;OS;2;75;M;F;75XX;NEP
057540036036-2916;057540036036;100mN31995E42266;SF;NA;4;53;W;F;5064;NEP
057540036036-2916;057540036036;100mN31995E42266;SF;NA;4;34;M;M;3039;EMP
057540036036-2916;057540036036;100mN31995E42266;SF;NA;4;1;S;M;0003;NEP
057540036036-2916;057540036036;100mN31995E42266;SF;NA;4;37;W;F;3039;NEP
057540036036-2917;057540036036;100mN32019E42247;MC;NA;4;52;M;M;5064;EMP
057540036036-2917;057540036036;100mN32019E42247;MC;NA;4;18;M;F;1824;EMP
057540036036-2917;057540036036;100mN32019E42247;MC;NA;4;16;S;M;1517;EMP
057540036036-2917;057540036036;100mN32019E42247;MC;NA;4;11;S;M;0614;NEP
057540036036-2918;057540036036;100mN31992E42260;SF;NA;2;84;S;F;75XX;EMP
057540036036-2918;057540036036;100mN31992E42260;SF;NA;2;26;W;F;2529;NEP
057540036036-2919;057540036036;100mN31970E42250;MC;NA;2;51;M;F;5064;NEP
057540036036-2919;057540036036;100mN31970E42250;MC;NA;2;63;M;M;5064;EMP
057540036036-2920;057540036036;100mN31998E42273;S;OS;1;66;M;M;6574;NEP
057540036036-2921;057540036036;100mN31996E42278;MC;NA;2;46;M;M;4049;EMP
057540036036-2921;057540036036;100mN31996E42278;MC;NA;2;43;M;F;4049;EMP
057540036036-2922;057540036036;100mN31968E42278;S;OS;1;18;M;M;1824;UEP
057540036036-2923;057540036036;100mN31972E42259;PO;NA;2;18;S;F;1824;NEP
057540036036-2923;057540036036;100mN31972E42259;PO;NA;2;21;S;M;1824;NEP
057540036036-2924;057540036036;100mN31998E42273;MC;NA;5;45;M;F;4049;EMP
057540036036-2924;057540036036;100mN31998E42273;MC;NA;5;46;M;M;4049;NEP
057540036036-2924;057540036036;100mN31998E42273;MC;NA;5;10;S;M;0614;NEP
057540036036-2924;057540036036;100mN31998E42273;MC;NA;5;8;S;M;0614;NEP
057540036036-2924;057540036036;100mN31998E42273;MC;NA;5;30;M;F;3039;EMP
057540036036-2925;057540036036;100mN31998E42273;SF;NA;2;47;S;F;4049;EMP
057540036036-2925;057540036036;100mN31998E42273;SF;NA;2;7;S;M;0614;NEP
057540036036-2926;057540036036;100mN32020E42246;MC;NA;4;63;M;F;5064;NEP
057540036036-2926;057540036036;100mN32020E42246;MC;NA;4;61;M;M;5064;NEP
057540036036-2926;057540036036;100mN32020E42246;MC;NA;4;43;M;F;4049;EMP
057540036036-2926;057540036036;100mN32020E42246;MC;NA;4;11;S;M;0614;NEP
057540036036-2927;057540036036;100mN31998E42273;S;NA;1;44;M;F;4049;EMP
057540036036-2928;057540036036;100mN31973E42272;SF;NA;2;43;W;F;4049;EMP
057540036036-2928;057540036036;100mN31973E42272;SF;NA;2;15;S;M;1517;EMP
057540036036-2929;057540036036;100mN32016E42231;S;OS;1;79;M;M;75XX;EMP
057540036036-2930;057540036036;100mN31999E42260;MC;NA;3;32;M;M;3039;EMP
057540036036-2930;057540036036;100mN31999E42260;MC;NA;3;27;M;F;2529;EMP
057540036036-2930;057540036036;100mN31999E42260;MC;NA;3;0;S;M;0003;NEP
057540036036-2931;057540036036;100mN32021E42249;S;OS;1;32;S;M;3039;EMP
057540036036-2932;057540036036;100mN32005E42258;MC;NA;2;35;M;F;3039;EMP
057540036036-2932;057540036036;100mN32005E42258;MC;NA;2;40;M;M;4049;UEP
057540036036-2933;057540036036;100mN32021E42249;S;NA;1;60;S;M;5064;EMP
057540036036-2934;057540036036;100mN32021E42249;MC;NA;3;42;M;M;4049;NEP
057540036036-2934;057540036036;100mN32021E42249;MC;NA;3;38;M;F;3039;NEP
057540036036-2934;057540036036;100mN32021E42249;MC;NA;3;22;S;F;1824;EMP
057540036036-2935;057540036036;100mN31999E42257;MC;MIX;3;67;M;F;6574;NEP
057540036036-2935;057540036036;100mN31999E42257;MC;MIX;3;42;M;F;4049;EMP
057540036036-2935;057540036036;100mN31999E42257;MC;MIX;3;50;M;M;5064;EMP
057540036036-2936;057540036036;100mN32021E42249;PO;OS;5;72;S;F;6574;EMP
057540036036-2936;057540036036;100mN32021E42249;PO;OS;5;80;S;M;75XX;EMP
057540036036-2936;057540036036;100mN32021E42249;PO;OS;5;67;S;F;6574;EMP
057540036036-2936;057540036036;100mN32021E42249;PO;OS;5;66;M;F;6574;EMP
057540036036-2936;057540036036;100mN32021E42249;PO;OS;5;66;S;M;6574;EMP
057540036036-2937;057540036036;100mN32008E42251;MC;NA;2;33;M;F;3039;EMP
057540036036-2937;057540036036;100mN32008E42251;MC;NA;2;34;M;M;3039;EMP
057540036036-2938;057540036036;100mN31962E42308;SF;NA;4;56;W;F;5064;NEP
057540036036-2938;057540036036;100mN31962E42308;SF;NA;4;3;S;F;0305;NEP
057540036036-2938;057540036036;100mN31962E42308;SF;NA;4;12;S;M;0614;NEP
057540036036-2938;057540036036;100mN31962E42308;SF;NA;4;23;W;F;1824;EMP
057540036036-2939;057540036036;100mN32021E42249;S;OS;1;85;M;M;75XX;EMP
057540036036-2940;057540036036;100mN32021E42249;MC;OS;2;70;M;F;6574;EMP
057540036036-2940;057540036036;100mN32021E42249;MC;OS;2;75;M;M;75XX;NEP
057540036036-2941;057540036036;100mN32021E42249;MC;NA;4;59;M;M;5064;EMP
057540036036-2941;057540036036;100mN32021E42249;MC;NA;4;58;M;F;5064;EMP
057540036036-2941;057540036036;100mN32021E42249;MC;NA;4;33;M;F;3039;EMP
057540036036-2941;057540036036;100mN32021E42249;MC;NA;4;12;S;F;0614;NEP
057540036036-2942;057540036036;100mN32021E42249;PO;OS;2;73;S;M;6574;EMP
057540036036-2942;057540036036;100mN32021E42249;PO;OS;2;65;S;M;6574;EMP
057540036036-2943;057540036036;100mN32021E42249;S;NA;1;76;W;F;75XX;EMP
057540036036-2944;057540036036;100mN32010E42253;MC;OS;2;89;M;M;75XX;EMP
057540036036-2944;057540036036;100mN32010E42253;MC;OS;2;50;D;F;5064;NEP
057540036036-2945;057540036036;100mN32021E42249;MC;OS;2;73;M;F;6574;NEP
057540036036-2945;057540036036;100mN32021E42249;MC;OS;2;73;M;M;6574;EMP
057540036036-2946;057540036036;100mN32021E42249;SF;NA;6;38;W;F;3039;NEP
057540036036-2946;057540036036;100mN32021E42249;SF;NA;6;15;S;M;1517;NEP
057540036036-2946;057540036036;100mN32021E42249;SF;NA;6;15;S;F;1517;EMP
057540036036-2946;057540036036;100mN32021E42249;SF;NA;6;18;S;M;1824;EMP
057540036036-2946;057540036036;100mN32021E42249;SF;NA;6;0;S;M;0003;NEP
057540036036-2946;057540036036;100mN32021E42249;SF;NA;6;19;S;M;1824;EMP
057540036036-2947;057540036036;100mN32010E42279;MC;NA;2;28;M;F;2529;NEP
057540036036-2947;057540036036;100mN32010E42279;MC;NA;2;28;M;M;2529;NEP
057540036036-2948;057540036036;100mN32017E42293;PO;OS;2;72;S;F;6574;NEP
057540036036-2948;057540036036;100mN32017E42293;PO;OS;2;80;S;F;75XX;NEP
057540036036-2949;057540036036;100mN32013E42288;MC;NA;3;43;M;M;4049;EMP
057540036036-2949;057540036036;100mN32013E42288;MC;NA;3;34;M;F;3039;NEP
057540036036-2949;057540036036;100mN32013E42288;MC;NA;3;18;D;F;1824;EMP
057540036036-2950;057540036036;100mN32017E42293;S;NA;1;61;W;F;5064;NEP
057540036036-2951;057540036036;100mN31997E42260;MC;MIX;2;87;M;F;75XX;EMP
057540036036-2951;057540036036;100mN31997E42260;MC;MIX;2;31;W;F;3039;NEP
057540036036-2952;057540036036;100mN32012E42244;NA;MIX;3;35;M;F;3039;EMP
057540036036-2952;057540036036;100mN32012E42244;NA;MIX;3;40;S;M;4049;NEP
057540036036-2952;057540036036;100mN32012E42244;NA;MIX;3;18;M;M;1824;EMP
057540036036-2953;057540036036;100mN32010E42239;MC;NA;3;56;M;M;5064;NEP
057540036036-2953;057540036036;100mN32010E42239;MC;NA;3;53;M;F;5064;EMP
057540036036-2953;057540036036;100mN32010E42239;MC;NA;3;12;S;F;0614;NEP
057540036036-2954;057540036036;100mN31997E42260;S;NA;1;45;S;F;4049;EMP
057540036036-2955;057540036036;100mN31997E42260;S;NA;1;54;M;F;5064;NEP
057540036036-2956;057540036036;100mN31997E42260;S;NA;1;19;M;M;1824;NEP
057540036036-2957;057540036036;100mN31991E42259;MC;MIX;3;83;M;F;75XX;NEP
057540036036-2957;057540036036;100mN31991E42259;MC;MIX;3;54;M;M;5064;EMP
057540036036-2957;057540036036;100mN31991E42259;MC;MIX;3;58;M;F;5064;EMP
057540036036-2958;057540036036;100mN31997E42260;MC;MIX;4;69;M;F;6574;EMP
057540036036-2958;057540036036;100mN31997E42260;MC;MIX;4;40;M;M;4049;EMP
057540036036-2958;057540036036;100mN31997E42260;MC;MIX;4;48;M;F;4049;NEP
057540036036-2958;057540036036;100mN31997E42260;MC;MIX;4;12;S;F;0614;NEP
057540036036-2959;057540036036;100mN31997E42260;MC;OS;2;86;M;M;75XX;EMP
057540036036-2959;057540036036;100mN31997E42260;MC;OS;2;80;M;F;75XX;EMP
057540036036-2960;057540036036;100mN31997E42260;S;NA;1;68;M;F;6574;EMP
057540036036-2961;057540036036;100mN31997E42260;MC;NA;2;42;M;M;4049;EMP
057540036036-2961;057540036036;100mN31997E42260;MC;NA;2;41;M;F;4049;EMP
057540036036-2962;057540036036;100mN32004E42284;MC;NA;2;58;M;M;5064;EMP
057540036036-2962;057540036036;100mN32004E42284;MC;NA;2;57;M;F;5064;NEP
057540036036-2963;057540036036;100mN32013E42237;MC;NA;2;47;M;F;4049;NEP
057540036036-2963;057540036036;100mN32013E42237;MC;NA;2;50;M;M;5064;EMP
057540036036-2964;057540036036;100mN31962E42307;SF;MIX;3;70;M;M;6574;EMP
057540036036-2964;057540036036;100mN31962E42307;SF;MIX;3;43;S;F;4049;EMP
057540036036-2964;057540036036;100mN31962E42307;SF;MIX;3;20;M;M;1824;NEP
057540036036-2965;057540036036;100mN31997E42260;SF;NA;4;45;S;F;4049;NEP
057540036036-2965;057540036036;100mN31997E42260;SF;NA;4;7;S;M;0614;NEP
057540036036-2965;057540036036;100mN31997E42260;SF;NA;4;11;S;M;0614;NEP
057540036036-2965;057540036036;100mN31997E42260;SF;NA;4;4;S;M;0305;NEP
057540036036-2966;057540036036;100mN31997E42260;S;OS;1;53;M;M;5064;EMP
057540036036-2967;057540036036;100mN31961E42258;S;NA;1;41;W;F;4049;NEP
057540036036-2968;057540036036;100mN31976E42251;S;NA;1;22;S;M;1824;UEP
057540036036-2969;057540036036;100mN32001E42257;MC;MIX;4;89;W;F;75XX;EMP
057540036036-2969;057540036036;100mN32001E42257;MC;MIX;4;35;M;F;3039;EMP
057540036036-2969;057540036036;100mN32001E42257;MC;MIX;4;27;M;M;2529;EMP
057540036036-2969;057540036036;100mN32001E42257;MC;MIX;4;18;S;F;1824;NEP
057540036036-2970;057540036036;100mN31997E42260;MC;NA;2;48;M;F;4049;NEP
057540036036-2970;057540036036;100mN31997E42260;MC;NA;2;50;M;M;5064;EMP
057540036036-2971;057540036036;100mN31997E42260;S;NA;1;62;M;F;5064;NEP
057540036036-2972;057540036036;100mN32004E42259;MC;NA;3;63;M;F;5064;EMP
057540036036-2972;057540036036;100mN32004E42259;MC;NA;3;44;M;F;4049;NEP
057540036036-2972;057540036036;100mN32004E42259;MC;NA;3;36;M;M;3039;EMP
057540036036-2973;057540036036;100mN31995E42255;S;NA;1;37;S;M;3039;NEP
057540036036-2974;057540036036;100mN32018E42252;MC;NA;2;61;M;F;5064;NEP
057540036036-2974;057540036036;100mN32018E42252;MC;NA;2;56;M;M;5064;EMP
057540036036-2975;057540036036;100mN31997E42260;MC;OS;3;67;M;M;6574;EMP
057540036036-2975;057540036036;100mN31997E42260;MC;OS;3;70;M;F;6574;NEP
057540036036-2975;057540036036;100mN31997E42260;MC;OS;3;72;S;F;6574;EMP
057540036036-2976;057540036036;100mN31965E42255;MC;NA;2;46;M;M;4049;EMP
057540036036-2976;057540036036;100mN31965E42255;MC;NA;2;40;M;F;4049;NEP
057540036036-2977;057540036036;100mN31955E42261;PO;NA;2;44;S;M;4049;EMP
057540036036-2977;057540036036;100mN31955E42261;PO;NA;2;43;S;F;4049;NEP
057540036036-2978;057540036036;100mN32017E42245;S;OS;1;75;W;F;75XX;NEP
057540036036-2979;057540036036;100mN31999E42256;PO;NA;4;44;S;M;4049;EMP
057540036036-2979;057540036036;100mN31999E42256;PO;NA;4;44;S;M;4049;EMP
057540036036-2979;057540036036;100mN31999E42256;PO;NA;4;6;S;M;0614;NEP
057540036036-2979;057540036036;100mN31999E42256;PO;NA;4;18;M;F;1824;NEP
057540036036-2980;057540036036;100mN32018E42246;S;NA;1;26;D;F;2529;NEP
057540036036-2981;057540036036;100mN31997E42260;MC;NA;3;47;M;M;4049;EMP
057540036036-2981;057540036036;100mN31997E42260;MC;NA;3;18;M;F;1824;EMP
057540036036-2981;057540036036;100mN31997E42260;MC;NA;3;3;S;F;0305;NEP
057540036036-2982;057540036036;100mN31997E42260;S;NA;1;71;S;M;6574;EMP
057540036036-2983;057540036036;100mN31997E42260;MC;OS;3;80;M;M;75XX;EMP
057540036036-2983;057540036036;100mN31997E42260;MC;OS;3;80;M;F;75XX;NEP
057540036036-2983;057540036036;100mN31997E42260;MC;OS;3;71;M;M;6574;EMP
057540036036-2984;057540036036;100mN32021E42254;S;OS;1;19;M;M;1824;EMP
057540036036-2985;057540036036;100mN31997E42260;MC;NA;3;22;M;M;1824;EMP
057540036036-2985;057540036036;100mN31997E42260;MC;NA;3;19;M;F;1824;EMP
057540036036-2985;057540036036;100mN31997E42260;MC;NA;3;7;S;M;0614;NEP
057540036036-2986;057540036036;100mN31997E42260;S;NA;1;28;M;M;2529;EMP
057540036036-2987;057540036036;100mN31997E42260;S;OS;1;61;S;F;5064;EMP
057540036036-2988;057540036036;100mN31997E42260;MC;NA;2;20;M;M;1824;EMP
057540036036-2988;057540036036;100mN31997E42260;MC;NA;2;18;M;F;1824;NEP
057540036036-2989;057540036036;100mN31997E42260;MC;NA;2;42;M;F;4049;EMP
057540036036-2989;057540036036;100mN31997E42260;MC;NA;2;34;M;M;3039;EMP
057540036036-2990;057540036036;100mN32020E42234;S;OS;1;16;S;M;1517;NEP
057540036036-2991;057540036036;100mN31997E42260;S;NA;1;34;D;M;3039;EMP
057540036036-2992;057540036036;100mN31991E42260;SF;NA;2;40;D;F;4049;EMP
057540036036-2992;057540036036;100mN31991E42260;SF;NA;2;9;S;F;0614;NEP
057540036036-2993;057540036036;100mN31997E42260;SF;NA;2;46;W;F;4049;EMP
057540036036-2993;057540036036;100mN31997E42260;SF;NA;2;12;S;F;0614;NEP
057540036036-2994;057540036036;100mN31997E42260;MC;NA;2;18;M;F;1824;NEP
057540036036-2994;057540036036;100mN31997E42260;MC;NA;2;25;M;M;2529;EMP
057540036036-2995;057540036036;100mN31999E42257;MC;NA;5;53;M;M;5064;UEP
057540036036-2995;057540036036;100mN31999E42257;MC;NA;5;50;M;F;5064;EMP
057540036036-2995;057540036036;100mN31999E42257;MC;NA;5;8;S;M;0614;NEP
057540036036-2995;057540036036;100mN31999E42257;MC;NA;5;3;S;F;0305;NEP
057540036036-2995;057540036036;100mN31999E42257;MC;NA;5;37;S;M;3039;EMP
057540036036-2996;057540036036;100mN32022E42219;MC;MIX;3;87;W;F;75XX;EMP
057540036036-2996;057540036036;100mN32022E42219;MC;MIX;3;60;M;F;5064;EMP
057540036036-2996;057540036036;100mN32022E42219;MC;MIX;3;55;M;F;5064;EMP
057540036036-2997;057540036036;100mN31998E42256;MC;NA;3;48;M;F;4049;NEP
057540036036-2997;057540036036;100mN31998E42256;MC;NA;3;55;M;M;5064;EMP
057540036036-2997;057540036036;100mN31998E42256;MC;NA;3;32;M;F;3039;EMP
057540036036-2998;057540036036;100mN32006E42285;MC;NA;2;52;M;F;5064;EMP
057540036036-2998;057540036036;100mN32006E42285;MC;NA;2;52;M;M;5064;EMP
057540036036-2999;057540036036;100mN32004E42289;MC;NA;5;45;M;M;4049;EMP
057540036036-2999;057540036036;100mN32004E42289;MC;NA;5;43;M;F;4049;EMP
057540036036-2999;057540036036;100mN32004E42289;MC;NA;5;13;S;F;0614;NEP
057540036036-2999;057540036036;100mN32004E42289;MC;NA;5;18;M;M;1824;EMP
057540036036-2999;057540036036;100mN32004E42289;MC;NA;5;10;S;M;0614;NEP
057540036036-3000;057540036036;100mN32003E42291;MC;NA;2;23;M;M;1824;EMP
057540036036-3000;057540036036;100mN32003E42291;MC;NA;2;20;M;F;1824;NEP
057540036036-3001;057540036036;100mN32001E42289;S;NA;1;26;W;F;2529;NEP
057540036036-3002;057540036036;100mN31996E42259;NA;NA;5;47;M;M;4049;EMP
057540036036-3002;057540036036;100mN31996E42259;NA;NA;5;59;M;F;5064;EMP
057540036036-3002;057540036036;100mN31996E42259;NA;NA;5;58;S;F;5064;EMP
057540036036-3002;057540036036;100mN31996E42259;NA;NA;5;63;S;F;5064;NEP
057540036036-3002;057540036036;100mN31996E42259;NA;NA;5;71;M;F;6574;EMP
057540036036-3003;057540036036;100mN31997E42282;MC;NA;2;36;M;F;3039;EMP
057540036036-3003;057540036036;100mN31997E42282;MC;NA;2;38;M;M;3039;EMP
057540036036-3004;057540036036;100mN32006E42285;PO;NA;3;54;S;M;5064;EMP
057540036036-3004;057540036036;100mN32006E42285;PO;NA;3;45;S;F;4049;NEP
057540036036-3004;057540036036;100mN32006E42285;PO;NA;3;1;S;M;0003;NEP
057540036036-3005;057540036036;100mN32006E42285;MC;MIX;4;82;W;F;75XX;NEP
057540036036-3005;057540036036;100mN32006E42285;MC;MIX;4;27;M;F;2529;NEP
057540036036-3005;057540036036;100mN32006E42285;MC;MIX;4;54;M;M;5064;EMP
057540036036-3005;057540036036;100mN32006E42285;MC;MIX;4;9;S;M;0614;NEP
057540036036-3006;057540036036;100mN32010E42285;S;OS;1;43;D;F;4049;NEP
057540036036-3007;057540036036;100mN32006E42285;MC;NA;2;48;M;M;4049;EMP
057540036036-3007;057540036036;100mN32006E42285;MC;NA;2;45;M;F;4049;NEP
057540036036-3008;057540036036;100mN32006E42285;MC;NA;3;41;M;M;4049;EMP
057540036036-3008;057540036036;100mN32006E42285;MC;NA;3;35;M;F;3039;EMP
057540036036-3008;057540036036;100mN32006E42285;MC;NA;3;16;S;F;1517;EMP
057540036036-3009;057540036036;100mN32006E42285;MC;OS;2;68;M;F;6574;NEP
057540036036-3009;057540036036;100mN32006E42285;MC;OS;2;71;M;M;6574;EMP
057540036036-3010;057540036036;100mN32025E42265;MC;MIX;5;87;S;F;75XX;NEP
057540036036-3010;057540036036;100mN32025E42265;MC;MIX;5;45;M;F;4049;NEP
057540036036-3010;057540036036;100mN32025E42265;MC;MIX;5;47;M;M;4049;EMP
057540036036-3010;057540036036;100mN32025E42265;MC;MIX;5;18;M;M;1824;EMP
057540036036-3010;057540036036;100mN32025E42265;MC;MIX;5;1;S;F;0003;NEP
057540036036-3011;057540036036;100mN32025E42265;MC;NA;2;43;M;M;4049;EMP
057540036036-3011;057540036036;100mN32025E42265;MC;NA;2;40;M;F;4049;EMP
057540036036-3012;057540036036;100mN32010E42289;MC;OS;2;82;M;F;75XX;NEP
057540036036-3012;057540036036;100mN32010E42289;MC;OS;2;84;M;M;75XX;EMP
057540036036-3013;057540036036;100mN31998E42265;MC;OS;2;66;M;M;6574;EMP
057540036036-3013;057540036036;100mN31998E42265;MC;OS;2;66;M;F;6574;NEP
057540036036-3014;057540036036;100mN32008E42277;PO;NA;3;51;S;M;5064;EMP
057540036036-3014;057540036036;100mN32008E42277;PO;NA;3;48;S;F;4049;NEP
057540036036-3014;057540036036;100mN32008E42277;PO;NA;3;16;S;M;1517;NEP
057540036036-3015;057540036036;100mN31998E42265;MC;NA;6;28;M;M;2529;EMP
057540036036-3015;057540036036;100mN31998E42265;MC;NA;6;28;M;F;2529;NEP
057540036036-3015;057540036036;100mN31998E42265;MC;NA;6;6;S;F;0614;NEP
057540036036-3015;057540036036;100mN31998E42265;MC;NA;6;4;S;F;0305;NEP
057540036036-3015;057540036036;100mN31998E42265;MC;NA;6;3;S;F;0305;NEP
057540036036-3015;057540036036;100mN31998E42265;MC;NA;6;7;S;F;0614;NEP
057540036036-3016;057540036036;100mN32018E42256;MC;NA;3;47;M;M;4049;EMP
057540036036-3016;057540036036;100mN32018E42256;MC;NA;3;52;M;F;5064;NEP
057540036036-3016;057540036036;100mN32018E42256;MC;NA;3;1;S;F;0003;NEP
057540036036-3017;057540036036;100mN31998E42265;MC;NA;3;42;M;F;4049;NEP
057540036036-3017;057540036036;100mN31998E42265;MC;NA;3;40;M;M;4049;EMP
057540036036-3017;057540036036;100mN31998E42265;MC;NA;3;23;S;M;1824;EMP
057540036036-3018;057540036036;100mN31975E42299;PO;NA;4;61;S;M;5064;EMP
057540036036-3018;057540036036;100mN31975E42299;PO;NA;4;58;S;F;5064;EMP
057540036036-3018;057540036036;100mN31975E42299;PO;NA;4;15;S;M;1517;EMP
057540036036-3018;057540036036;100mN31975E42299;PO;NA;4;9;S;M;0614;NEP
057540036036-3019;057540036036;100mN32004E42282;MC;NA;3;56;M;M;5064;EMP
057540036036-3019;057540036036;100mN32004E42282;MC;NA;3;52;M;F;5064;EMP
057540036036-3019;057540036036;100mN32004E42282;MC;NA;3;40;D;M;4049;EMP
057540036036-3020;057540036036;100mN31953E42285;MC;NA;6;46;M;M;4049;EMP
057540036036-3020;057540036036;100mN31953E42285;MC;NA;6;18;M;F;1824;EMP
057540036036-3020;057540036036;100mN31953E42285;MC;NA;6;19;W;F;1824;NEP
057540036036-3020;057540036036;100mN31953E42285;MC;NA;6;6;S;M;0614;NEP
057540036036-3020;057540036036;100mN31953E42285;MC;NA;6;1;S;M;0003;NEP
057540036036-3020;057540036036;100mN31953E42285;MC;NA;6;10;S;F;0614;NEP
057540036036-3021;057540036036;100mN31976E42269;S;NA;1;59;D;F;5064;EMP
057540036036-3022;057540036036;100mN31998E42265;MC;OS;3;67;M;M;6574;EMP
057540036036-3022;057540036036;100mN31998E42265;MC;OS;3;66;M;F;6574;NEP
057540036036-3022;057540036036;100mN31998E42265;MC;OS;3;77;S;M;75XX;EMP
057540036036-3023;057540036036;100mN31998E42260;MC;NA;3;34;M;M;3039;EMP
057540036036-3023;057540036036;100mN31998E42260;MC;NA;3;31;M;F;3039;EMP
057540036036-3023;057540036036;100mN31998E42260;MC;NA;3;4;S;F;0305;NEP
057540036036-3024;057540036036;100mN31998E42265;PO;MIX;2;70;S;F;6574;NEP
057540036036-3024;057540036036;100mN31998E42265;PO;MIX;2;51;M;F;5064;NEP
057540036036-3025;057540036036;100mN31998E42265;MC;NA;4;60;M;F;5064;NEP
057540036036-3025;057540036036;100mN31998E42265;MC;NA;4;25;M;M;2529;NEP
057540036036-3025;057540036036;100mN31998E42265;MC;NA;4;10;S;F;0614;NEP
057540036036-3025;057540036036;100mN31998E42265;MC;NA;4;40;M;M;4049;UEP
057540036036-3026;057540036036;100mN31967E42269;MC;NA;2;18;M;M;1824;EMP
057540036036-3026;057540036036;100mN31967E42269;MC;NA;2;18;M;F;1824;NEP
057540036036-3027;057540036036;100mN32008E42278;S;NA;1;50;S;M;5064;EMP
057540036036-3028;057540036036;100mN31998E42265;MC;NA;4;19;M;M;1824;EMP
057540036036-3028;057540036036;100mN31998E42265;MC;NA;4;18;M;F;1824;NEP
057540036036-3028;057540036036;100mN31998E42265;MC;NA;4;4;S;M;0305;NEP
057540036036-3028;057540036036;100mN31998E42265;MC;NA;4;2;S;F;0003;NEP
057540036036-3029;057540036036;100mN32012E42244;MC;NA;2;54;M;F;5064;NEP
057540036036-3029;057540036036;100mN32012E42244;MC;NA;2;63;M;M;5064;EMP
057540036036-3030;057540036036;100mN31998E42265;MC;NA;2;55;M;M;5064;EMP
057540036036-3030;057540036036;100mN31998E42265;MC;NA;2;18;M;F;1824;NEP
057540036036-3031;057540036036;100mN31998E42265;MC;NA;3;59;M;F;5064;NEP
057540036036-3031;057540036036;100mN31998E42265;MC;NA;3;63;M;M;5064;EMP
057540036036-3031;057540036036;100mN31998E42265;MC;NA;3;33;M;F;3039;EMP
057540036036-3032;057540036036;100mN32018E42289;MC;OS;2;68;M;M;6574;EMP
057540036036-3032;057540036036;100mN32018E42289;MC;OS;2;86;M;F;75XX;NEP
057540036036-3033;057540036036;100mN32018E42243;SF;NA;4;48;W;F;4049;EMP
057540036036-3033;057540036036;100mN32018E42243;SF;NA;4;7;S;M;0614;NEP
057540036036-3033;057540036036;100mN32018E42243;SF;NA;4;32;S;F;3039;EMP
057540036036-3033;057540036036;100mN32018E42243;SF;NA;4;7;S;M;0614;NEP
057540036036-3034;057540036036;100mN31986E42260;MC;MIX;4;73;M;M;6574;EMP
057540036036-3034;057540036036;100mN31986E42260;MC;MIX;4;63;M;F;5064;NEP
057540036036-3034;057540036036;100mN31986E42260;MC;MIX;4;56;M;M;5064;EMP
057540036036-3034;057540036036;100mN31986E42260;MC;MIX;4;6;S;F;0614;NEP
057540036036-3035;057540036036;100mN32013E42289;S;NA;1;28;S;F;2529;EMP
057540036036-3036;057540036036;100mN32013E42288;MC;NA;3;22;M;M;1824;EMP
057540036036-3036;057540036036;100mN32013E42288;MC;NA;3;19;M;F;1824;EMP
057540036036-3036;057540036036;100mN32013E42288;MC;NA;3;6;S;M;0614;NEP
057540036036-3037;057540036036;100mN31978E42267;S;NA;1;45;S;M;4049;NEP
057540036036-3038;057540036036;100mN32015E42247;S;NA;1;48;M;M;4049;EMP
057540036036-3039;057540036036;100mN32004E42277;PO;NA;4;38;S;M;3039;EMP
057540036036-3039;057540036036;100mN32004E42277;PO;NA;4;35;S;F;3039;EMP
057540036036-3039;057540036036;100mN32004E42277;PO;NA;4;21;W;F;1824;EMP
057540036036-3039;057540036036;100mN32004E42277;PO;NA;4;9;S;F;0614;NEP
057540036036-3040;057540036036;100mN32015E42247;S;NA;1;21;D;M;1824;EMP
057540036036-3041;057540036036;100mN32015E42247;MC;NA;2;31;M;F;3039;EMP
057540036036-3041;057540036036;100mN32015E42247;MC;NA;2;35;M;M;3039;NEP
057540036036-3042;057540036036;100mN32017E42249;SF;NA;6;56;D;F;5064;EMP
057540036036-3042;057540036036;100mN32017E42249;SF;NA;6;26;S;F;2529;NEP
057540036036-3042;057540036036;100mN32017E42249;SF;NA;6;9;S;F;0614;NEP
057540036036-3042;057540036036;100mN32017E42249;SF;NA;6;2;S;M;0003;NEP
057540036036-3042;057540036036;100mN32017E42249;SF;NA;6;6;S;F;0614;NEP
057540036036-3042;057540036036;100mN32017E42249;SF;NA;6;25;S;M;2529;NEP
057540036036-3043;057540036036;100mN31979E42245;MC;OS;2;72;M;M;6574;EMP
057540036036-3043;057540036036;100mN31979E42245;MC;OS;2;70;M;F;6574;EMP
057540036036-3044;057540036036;100mN32015E42247;MC;MIX;4;65;M;F;6574;EMP
057540036036-3044;057540036036;100mN32015E42247;MC;MIX;4;36;M;M;3039;NEP
057540036036-3044;057540036036;100mN32015E42247;MC;MIX;4;27;M;F;2529;EMP
057540036036-3044;057540036036;100mN32015E42247;MC;MIX;4;4;S;M;0305;NEP
057540036036-3045;057540036036;100mN31990E42256;S;NA;1;40;M;F;4049;NEP
057540036036-3046;057540036036;100mN32015E42247;PO;MIX;2;71;S;F;6574;NEP
057540036036-3046;057540036036;100mN32015E42247;PO;MIX;2;30;S;M;3039;EMP
057540036036-3047;057540036036;100mN31996E42261;MC;NA;3;54;M;M;5064;EMP
057540036036-3047;057540036036;100mN31996E42261;MC;NA;3;54;M;F;5064;EMP
057540036036-3047;057540036036;100mN31996E42261;MC;NA;3;37;M;M;3039;EMP
057540036036-3048;057540036036;100mN32015E42247;PO;OS;4;72;S;F;6574;NEP
057540036036-3048;057540036036;100mN32015E42247;PO;OS;4;66;S;M;6574;EMP
057540036036-3048;057540036036;100mN32015E42247;PO;OS;4;81;M;M;75XX;NEP
057540036036-3048;057540036036;100mN32015E42247;PO;OS;4;75;M;M;75XX;EMP
057540036036-3049;057540036036;100mN32015E42247;PO;OS;4;65;S;M;6574;EMP
057540036036-3049;057540036036;100mN32015E42247;PO;OS;4;65;S;M;6574;EMP
057540036036-3049;057540036036;100mN32015E42247;PO;OS;4;80;S;F;75XX;NEP
057540036036-3049;057540036036;100mN32015E42247;PO;OS;4;81;M;F;75XX;NEP
057540036036-3050;057540036036;100mN32015E42247;MC;NA;2;20;M;M;1824;UEP
057540036036-3050;057540036036;100mN32015E42247;MC;NA;2;18;M;F;1824;NEP
057540036036-3051;057540036036;100mN32015E42247;MC;NA;4;53;M;M;5064;EMP
057540036036-3051;057540036036;100mN32015E42247;MC;NA;4;48;M;F;4049;EMP
057540036036-3051;057540036036;100mN32015E42247;MC;NA;4;9;S;M;0614;NEP
057540036036-3051;057540036036;100mN32015E42247;MC;NA;4;19;M;F;1824;EMP
057540036036-3052;057540036036;100mN32000E42291;MC;NA;3;63;M;M;5064;EMP
057540036036-3052;057540036036;100mN32000E42291;MC;NA;3;60;M;F;5064;NEP
057540036036-3052;057540036036;100mN32000E42291;MC;NA;3;19;W;F;1824;EMP
057540036036-3053;057540036036;100mN31994E42260;S;NA;1;46;S;F;4049;NEP
057540036036-3054;057540036036;100mN32015E42247;PO;MIX;4;65;M;M;6574;EMP
057540036036-3054;057540036036;100mN32015E42247;PO;MIX;4;48;S;F;4049;EMP
057540036036-3054;057540036036;100mN32015E42247;PO;MIX;4;55;S;F;5064;EMP
057540036036-3054;057540036036;100mN32015E42247;PO;MIX;4;20;M;M;1824;NEP
057540036036-3055;057540036036;100mN32015E42247;SF;NA;2;69;W;F;6574;EMP
057540036036-3055;057540036036;100mN32015E42247;SF;NA;2;9;S;M;0614;NEP
057540036036-3056;057540036036;100mN32015E42243;MC;NA;5;42;M;M;4049;EMP
057540036036-3056;057540036036;100mN32015E42243;MC;NA;5;41;M;F;4049;EMP
057540036036-3056;057540036036;100mN32015E42243;MC;NA;5;8;S;F;0614;NEP
057540036036-3056;057540036036;100mN32015E42243;MC;NA;5;22;S;M;1824;EMP
057540036036-3056;057540036036;100mN32015E42243;MC;NA;5;16;S;M;1517;NEP
057540036036-3057;057540036036;100mN32015E42243;PO;NA;5;32;S;M;3039;EMP
057540036036-3057;057540036036;100mN32015E42243;PO;NA;5;31;S;F;3039;NEP
057540036036-3057;057540036036;100mN32015E42243;PO;NA;5;15;S;F;1517;EMP
057540036036-3057;057540036036;100mN32015E42243;PO;NA;5;0;S;M;0003;NEP
057540036036-3057;057540036036;100mN32015E42243;PO;NA;5;16;S;F;1517;EMP
057540036036-3058;057540036036;100mN32012E42286;S;NA;1;30;S;M;3039;EMP
057540036036-3059;057540036036;100mN32015E42243;SF;NA;2;67;S;F;6574;EMP
057540036036-3059;057540036036;100mN32015E42243;SF;NA;2;2;S;F;0003;NEP
057540036036-3060;057540036036;100mN32013E42290;MC;MIX;2;68;M;F;6574;NEP
057540036036-3060;057540036036;100mN32013E42290;MC;MIX;2;25;M;M;2529;EMP
057540036036-3061;057540036036;100mN31970E42266;MC;NA;3;34;M;M;3039;EMP
057540036036-3061;057540036036;100mN31970E42266;MC;NA;3;57;M;F;5064;NEP
057540036036-3061;057540036036;100mN31970E42266;MC;NA;3;18;S;M;1824;EMP
057540036036-3062;057540036036;100mN31970E42266;S;NA;1;54;M;F;5064;EMP
057540036036-3063;057540036036;100mN32022E42252;MC;MIX;6;85;W;F;75XX;NEP
057540036036-3063;057540036036;100mN32022E42252;MC;MIX;6;52;M;F;5064;NEP
057540036036-3063;057540036036;100mN32022E42252;MC;MIX;6;53;M;M;5064;EMP
057540036036-3063;057540036036;100mN32022E42252;MC;MIX;6;7;S;F;0614;NEP
057540036036-3063;057540036036;100mN32022E42252;MC;MIX;6;7;S;F;0614;NEP
057540036036-3063;057540036036;100mN32022E42252;MC;MIX;6;15;S;M;1517;EMP
057540036036-3064;057540036036;100mN32023E42241;S;NA;1;79;M;F;75XX;NEP
057540036036-3065;057540036036;100mN32023E42241;NA;NA;2;58;S;M;5064;EMP
057540036036-3065;057540036036;100mN32023E42241;NA;NA;2;77;M;F;75XX;NEP
057540036036-3066;057540036036;100mN31997E42258;MC;NA;2;57;M;F;5064;NEP
057540036036-3066;057540036036;100mN31997E42258;MC;NA;2;61;M;M;5064;EMP
057540036036-3067;057540036036;100mN31994E42259;MC;NA;2;48;M;M;4049;NEP
057540036036-3067;057540036036;100mN31994E42259;MC;NA;2;44;M;F;4049;EMP
057540036036-3068;057540036036;100mN32010E42239;MC;NA;2;46;M;F;4049;EMP
057540036036-3068;057540036036;100mN32010E42239;MC;NA;2;48;M;M;4049;NEP
057540036036-3069;057540036036;100mN32010E42239;MC;NA;3;56;M;M;5064;NEP
057540036036-3069;057540036036;100mN32010E42239;MC;NA;3;53;M;F;5064;EMP
057540036036-3069;057540036036;100mN32010E42239;MC;NA;3;12;S;F;0614;NEP
057540036036-3070;057540036036;100mN31956E42256;MC;OS;4;66;M;M;6574;NEP
057540036036-3070;057540036036;100mN31956E42256;MC;OS;4;68;M;F;6574;EMP
057540036036-3070;057540036036;100mN31956E42256;MC;OS;4;88;S;F;75XX;EMP
057540036036-3070;057540036036;100mN31956E42256;MC;OS;4;72;M;M;6574;EMP
057540036036-3071;057540036036;100mN32008E42230;S;NA;1;34;D;F;3039;NEP
057540036036-3072;057540036036;100mN31996E42257;S;NA;1;71;D;M;6574;EMP
057540036036-3073;057540036036;100mN32020E42252;MC;NA;2;31;M;F;3039;NEP
057540036036-3073;057540036036;100mN32020E42252;MC;NA;2;35;M;M;3039;EMP
057540036036-3074;057540036036;100mN32020E42252;MC;NA;3;41;M;M;4049;NEP
057540036036-3074;057540036036;100mN32020E42252;MC;NA;3;40;M;F;4049;EMP
057540036036-3074;057540036036;100mN32020E42252;MC;NA;3;10;S;M;0614;NEP
057540036036-3075;057540036036;100mN32020E42252;MC;NA;3;55;M;M;5064;EMP
057540036036-3075;057540036036;100mN32020E42252;MC;NA;3;58;M;F;5064;NEP
057540036036-3075;057540036036;100mN32020E42252;MC;NA;3;37;M;M;3039;EMP
057540036036-3076;057540036036;100mN32014E42290;PO;MIX;5;66;M;F;6574;EMP
057540036036-3076;057540036036;100mN32014E42290;PO;MIX;5;31;S;F;3039;NEP
057540036036-3076;057540036036;100mN32014E42290;PO;MIX;5;35;S;M;3039;NEP
057540036036-3076;057540036036;100mN32014E42290;PO;MIX;5;15;S;F;1517;NEP
057540036036-3076;057540036036;100mN32014E42290;PO;MIX;5;3;S;M;0305;NEP
057540036036-3077;057540036036;100mN32020E42252;S;NA;1;66;D;F;6574;NEP
057540036036-3078;057540036036;100mN31973E42252;MC;NA;4;42;M;M;4049;EMP
057540036036-3078;057540036036;100mN31973E42252;MC;NA;4;40;M;F;4049;EMP
057540036036-3078;057540036036;100mN31973E42252;MC;NA;4;11;S;M;0614;NEP
057540036036-3078;057540036036;100mN31973E42252;MC;NA;4;11;S;M;0614;NEP
057540036036-3079;057540036036;100mN32020E42252;NA;NA;2;38;S;F;3039;EMP
057540036036-3079;057540036036;100mN32020E42252;NA;NA;2;69;S;F;6574;EMP
057540036036-3080;057540036036;100mN32020E42252;PO;OS;3;67;S;F;6574;EMP
057540036036-3080;057540036036;100mN32020E42252;PO;OS;3;70;S;M;6574;EMP
057540036036-3080;057540036036;100mN32020E42252;PO;OS;3;68;M;F;6574;EMP
057540036036-3081;057540036036;100mN31992E42277;MC;NA;4;38;M;F;3039;EMP
057540036036-3081;057540036036;100mN31992E42277;MC;NA;4;41;M;M;4049;NEP
057540036036-3081;057540036036;100mN31992E42277;MC;NA;4;16;S;M;1517;UEP
057540036036-3081;057540036036;100mN31992E42277;MC;NA;4;23;D;M;1824;EMP
057540036036-3082;057540036036;100mN32018E42249;MC;MIX;4;76;W;F;75XX;NEP
057540036036-3082;057540036036;100mN32018E42249;MC;MIX;4;20;M;F;1824;EMP
057540036036-3082;057540036036;100mN32018E42249;MC;MIX;4;21;M;M;1824;EMP
057540036036-3082;057540036036;100mN32018E42249;MC;MIX;4;3;S;M;0305;NEP
057540036036-3083;057540036036;100mN31990E42257;MC;NA;5;61;M;F;5064;EMP
057540036036-3083;057540036036;100mN31990E42257;MC;NA;5;63;M;M;5064;EMP
057540036036-3083;057540036036;100mN31990E42257;MC;NA;5;4;S;M;0305;NEP
057540036036-3083;057540036036;100mN31990E42257;MC;NA;5;36;W;F;3039;EMP
057540036036-3083;057540036036;100mN31990E42257;MC;NA;5;11;S;F;0614;NEP
057540036036-3084;057540036036;100mN32004E42279;MC;MIX;4;84;M;F;75XX;NEP
057540036036-3084;057540036036;100mN32004E42279;MC;MIX;4;53;M;F;5064;NEP
057540036036-3084;057540036036;100mN32004E42279;MC;MIX;4;59;M;M;5064;NEP
057540036036-3084;057540036036;100mN32004E42279;MC;MIX;4;34;S;M;3039;EMP
057540036036-3085;057540036036;100mN32020E42252;MC;NA;4;44;M;M;4049;EMP
057540036036-3085;057540036036;100mN32020E42252;MC;NA;4;43;M;F;4049;EMP
057540036036-3085;057540036036;100mN32020E42252;MC;NA;4;13;S;F;0614;NEP
057540036036-3085;057540036036;100mN32020E42252;MC;NA;4;10;S;M;0614;NEP
057540036036-3086;057540036036;100mN32010E42252;MC;NA;2;43;M;F;4049;NEP
057540036036-3086;057540036036;100mN32010E42252;MC;NA;2;47;M;M;4049;EMP
057540036036-3087;057540036036;100mN32010E42279;S;OS;1;27;S;M;2529;NEP
057540036036-3088;057540036036;100mN32020E42252;MC;NA;2;41;M;M;4049;EMP
057540036036-3088;057540036036;100mN32020E42252;MC;NA;2;40;M;F;4049;EMP
057540036036-3089;057540036036;100mN32005E42290;S;NA;1;22;S;M;1824;NEP
057540036036-3090;057540036036;100mN32020E42252;S;NA;1;44;M;M;4049;EMP
057540036036-3091;057540036036;100mN32017E42244;MC;MIX;3;88;S;F;75XX;NEP
057540036036-3091;057540036036;100mN32017E42244;MC;MIX;3;48;M;F;4049;EMP
057540036036-3091;057540036036;100mN32017E42244;MC;MIX;3;55;M;M;5064;EMP
057540036036-3092;057540036036;100mN32020E42252;MC;NA;3;42;M;M;4049;EMP
057540036036-3092;057540036036;100mN32020E42252;MC;NA;3;45;M;F;4049;EMP
057540036036-3092;057540036036;100mN32020E42252;MC;NA;3;15;S;M;1517;EMP
057540036036-3093;057540036036;100mN31970E42256;MC;MIX;4;67;W;F;6574;NEP
057540036036-3093;057540036036;100mN31970E42256;MC;MIX;4;45;M;M;4049;EMP
057540036036-3093;057540036036;100mN31970E42256;MC;MIX;4;50;M;F;5064;EMP
057540036036-3093;057540036036;100mN31970E42256;MC;MIX;4;10;S;F;0614;NEP
057540036036-3094;057540036036;100mN32030E42256;MC;NA;2;20;M;F;1824;NEP
057540036036-3094;057540036036;100mN32030E42256;MC;NA;2;57;M;M;5064;EMP
057540036036-3095;057540036036;100mN32020E42241;MC;OS;2;73;M;F;6574;EMP
057540036036-3095;057540036036;100mN32020E42241;MC;OS;2;65;M;M;6574;EMP
057540036036-3096;057540036036;100mN31971E42251;MC;NA;3;36;M;M;3039;NEP
057540036036-3096;057540036036;100mN31971E42251;MC;NA;3;33;M;F;3039;EMP
057540036036-3096;057540036036;100mN31971E42251;MC;NA;3;9;S;M;0614;NEP
057540036036-3097;057540036036;100mN32020E42241;MC;OS;4;68;M;M;6574;NEP
057540036036-3097;057540036036;100mN32020E42241;MC;OS;4;82;M;F;75XX;NEP
057540036036-3097;057540036036;100mN32020E42241;MC;OS;4;83;M;F;75XX;NEP
057540036036-3097;057540036036;100mN32020E42241;MC;OS;4;72;M;F;6574;EMP
057540036036-3098;057540036036;100mN32020E42241;MC;NA;2;33;M;F;3039;NEP
057540036036-3098;057540036036;100mN32020E42241;MC;NA;2;40;M;M;4049;EMP
057540036036-3099;057540036036;100mN32018E42240;S;OS;1;53;M;F;5064;EMP
057540036036-3100;057540036036;100mN32023E42250;S;OS;1;57;W;F;5064;NEP
057540036036-3101;057540036036;100mN32020E42241;MC;OS;4;83;M;M;75XX;NEP
057540036036-3101;057540036036;100mN32020E42241;MC;OS;4;83;M;F;75XX;NEP
057540036036-3101;057540036036;100mN32020E42241;MC;OS;4;68;M;F;6574;EMP
057540036036-3101;057540036036;100mN32020E42241;MC;OS;4;70;W;F;6574;NEP
057540036036-3102;057540036036;100mN32003E42286;SM;NA;4;58;S;M;5064;EMP
057540036036-3102;057540036036;100mN32003E42286;SM;NA;4;43;M;M;4049;EMP
057540036036-3102;057540036036;100mN32003E42286;SM;NA;4;4;S;M;0305;NEP
057540036036-3102;057540036036;100mN32003E42286;SM;NA;4;15;S;F;1517;NEP
057540036036-3103;057540036036;100mN32020E42241;S;NA;1;53;M;M;5064;EMP
057540036036-3104;057540036036;100mN31989E42259;SF;NA;5;88;S;F;75XX;NEP
057540036036-3104;057540036036;100mN31989E42259;SF;NA;5;2;S;M;0003;NEP
057540036036-3104;057540036036;100mN31989E42259;SF;NA;5;9;S;F;0614;NEP
057540036036-3104;057540036036;100mN31989E42259;SF;NA;5;66;M;M;6574;EMP
057540036036-3104;057540036036;100mN31989E42259;SF;NA;5;50;D;M;5064;NEP
057540036036-3105;057540036036;100mN32020E42241;PO;OS;4;75;S;M;75XX;EMP
057540036036-3105;057540036036;100mN32020E42241;PO;OS;4;71;S;M;6574;EMP
057540036036-3105;057540036036;100mN32020E42241;PO;OS;4;68;M;M;6574;EMP
057540036036-3105;057540036036;100mN32020E42241;PO;OS;4;72;M;M;6574;EMP
057540036036-3106;057540036036;100mN32020E42241;SF;NA;2;40;W;F;4049;NEP
057540036036-3106;057540036036;100mN32020E42241;SF;NA;2;25;M;M;2529;NEP
057540036036-3107;057540036036;100mN32020E42241;S;NA;1;20;D;F;1824;EMP
057540036036-3108;057540036036;100mN32020E42241;MC;OS;2;79;M;F;75XX;NEP
057540036036-3108;057540036036;100mN32020E42241;MC;OS;2;89;M;M;75XX;EMP
057540036036-3109;057540036036;100mN31995E42266;SF;NA;4;53;W;F;5064;NEP
057540036036-3109;057540036036;100mN31995E42266;SF;NA;4;34;M;M;3039;EMP
057540036036-3109;057540036036;100mN31995E42266;SF;NA;4;1;S;M;0003;NEP
057540036036-3109;057540036036;100mN31995E42266;SF;NA;4;37;W;F;3039;NEP
057540036036-3110;057540036036;100mN32020E42241;MC;NA;2;37;M;F;3039;EMP
057540036036-3110;057540036036;100mN32020E42241;MC;NA;2;37;M;M;3039;EMP
057540036036-3111;057540036036;100mN31991E42267;MC;MIX;2;71;M;M;6574;EMP
057540036036-3111;057540036036;100mN31991E42267;MC;MIX;2;21;D;M;1824;NEP
057540036036-3112;057540036036;100mN31991E42267;MC;NA;3;47;M;F;4049;EMP
057540036036-3112;057540036036;100mN31991E42267;MC;NA;3;52;M;M;5064;EMP
057540036036-3112;057540036036;100mN31991E42267;MC;NA;3;23;M;F;1824;EMP
057540036036-3113;057540036036;100mN32010E42277;S;OS;1;25;S;F;2529;EMP
057540036036-3114;057540036036;100mN32005E42282;MC;MIX;2;77;M;F;75XX;NEP
057540036036-3114;057540036036;100mN32005E42282;MC;MIX;2;18;M;F;1824;EMP
057540036036-3115;057540036036;100mN32010E42247;S;NA;1;40;S;M;4049;EMP
057540036036-3116;057540036036;100mN32010E42247;MC;NA;4;23;M;F;1824;NEP
057540036036-3116;057540036036;100mN32010E42247;MC;NA;4;27;M;M;2529;EMP
057540036036-3116;057540036036;100mN32010E42247;MC;NA;4;3;S;F;0305;NEP
057540036036-3116;057540036036;100mN32010E42247;MC;NA;4;7;S;F;0614;NEP
057540036036-3117;057540036036;100mN32020E42242;S;NA;1;69;W;F;6574;EMP
057540036036-3118;057540036036;100mN32010E42247;PO;NA;6;22;S;M;1824;EMP
057540036036-3118;057540036036;100mN32010E42247;PO;NA;6;18;S;M;1824;EMP
057540036036-3118;057540036036;100mN32010E42247;PO;NA;6;6;S;F;0614;NEP
057540036036-3118;057540036036;100mN32010E42247;PO;NA;6;6;S;F;0614;NEP
057540036036-3118;057540036036;100mN32010E42247;PO;NA;6;4;S;M;0305;NEP
057540036036-3118;057540036036;100mN32010E42247;PO;NA;6;1;S;M;0003;NEP
057540036036-3119;057540036036;100mN32005E42261;MC;OS;6;67;M;F;6574;NEP
057540036036-3119;057540036036;100mN32005E42261;MC;OS;6;70;M;M;6574;EMP
057540036036-3119;057540036036;100mN32005E42261;MC;OS;6;69;W;F;6574;EMP
057540036036-3119;057540036036;100mN32005E42261;MC;OS;6;73;M;F;6574;EMP
057540036036-3119;057540036036;100mN32005E42261;MC;OS;6;73;D;F;6574;EMP
057540036036-3119;057540036036;100mN32005E42261;MC;OS;6;65;S;M;6574;EMP
057540036036-3120;057540036036;100mN32007E42288;S;OS;1;80;M;F;75XX;EMP
057540036036-3121;057540036036;100mN32005E42258;MC;NA;3;20;M;M;1824;EMP
057540036036-3121;057540036036;100mN32005E42258;MC;NA;3;20;M;F;1824;NEP
057540036036-3121;057540036036;100mN32005E42258;MC;NA;3;4;S;M;0305;NEP
057540036036-3122;057540036036;100mN32010E42247;MC;MIX;2;65;M;M;6574;NEP
057540036036-3122;057540036036;100mN32010E42247;MC;MIX;2;62;M;F;5064;EMP
057540036036-3123;057540036036;100mN32003E42285;MC;MIX;5;76;M;F;75XX;EMP
057540036036-3123;057540036036;100mN32003E42285;MC;MIX;5;48;M;M;4049;NEP
057540036036-3123;057540036036;100mN32003E42285;MC;MIX;5;42;M;F;4049;NEP
057540036036-3123;057540036036;100mN32003E42285;MC;MIX;5;12;S;F;0614;NEP
057540036036-3123;057540036036;100mN32003E42285;MC;MIX;5;3;S;M;0305;NEP
057540036036-3124;057540036036;100mN32010E42247;S;NA;1;42;S;M;4049;NEP
057540036036-3125;057540036036;100mN32010E42247;MC;MIX;2;75;M;F;75XX;NEP
057540036036-3125;057540036036;100mN32010E42247;MC;MIX;2;10;S;F;0614;NEP
057540036036-3126;057540036036;100mN32010E42247;S;NA;1;23;M;F;1824;EMP
057540036036-3127;057540036036;100mN32013E42291;S;OS;1;81;W;M;75XX;NEP
057540036036-3128;057540036036;100mN31972E42253;SM;NA;3;25;D;M;2529;NEP
057540036036-3128;057540036036;100mN31972E42253;SM;NA;3;10;S;M;0614;NEP
057540036036-3128;057540036036;100mN31972E42253;SM;NA;3;2;S;M;0003;NEP
057540036036-3129;057540036036;100mN32010E42277;S;OS;1;25;S;F;2529;EMP
057540036036-3130;057540036036;100mN32010E42247;PO;NA;2;50;S;M;5064;EMP
057540036036-3130;057540036036;100mN32010E42247;PO;NA;2;41;S;M;4049;NEP
057540036036-3131;057540036036;100mN32010E42247;MC;NA;2;43;M;M;4049;EMP
057540036036-3131;057540036036;100mN32010E42247;MC;NA;2;42;M;F;4049;NEP
057540036036-3132;057540036036;100mN32010E42247;PO;OS;2;83;S;M;75XX;EMP
057540036036-3132;057540036036;100mN32010E42247;PO;OS;2;88;S;M;75XX;EMP
057540036036-3133;057540036036;100mN32006E42291;MC;NA;2;51;M;F;5064;NEP
057540036036-3133;057540036036;100mN32006E42291;MC;NA;2;63;M;M;5064;EMP
057540036036-3134;057540036036;100mN32006E42291;S;NA;1;21;S;F;1824;EMP
057540036036-3135;057540036036;100mN31952E42251;NA;NA;4;46;S;F;4049;NEP
057540036036-3135;057540036036;100mN31952E42251;NA;NA;4;53;M;F;5064;EMP
057540036036-3135;057540036036;100mN31952E42251;NA;NA;4;89;M;F;75XX;NEP
057540036036-3135;057540036036;100mN31952E42251;NA;NA;4;83;W;F;75XX;EMP
057540036036-3136;057540036036;100mN31990E42256;MC;NA;2;61;M;M;5064;EMP
057540036036-3136;057540036036;100mN31990E42256;MC;NA;2;61;M;F;5064;EMP
057540036036-3137;057540036036;100mN31999E42257;PO;NA;4;58;S;F;5064;EMP
057540036036-3137;057540036036;100mN31999E42257;PO;NA;4;59;S;M;5064;NEP
057540036036-3137;057540036036;100mN31999E42257;PO;NA;4;9;S;F;0614;NEP
057540036036-3137;057540036036;100mN31999E42257;PO;NA;4;16;S;F;1517;EMP
057540036036-3138;057540036036;100mN32011E42284;MC;MIX;2;70;M;F;6574;EMP
057540036036-3138;057540036036;100mN32011E42284;MC;MIX;2;78;S;M;75XX;NEP
057540036036-3139;057540036036;100mN32004E42288;PO;NA;2;19;S;M;1824;NEP
057540036036-3139;057540036036;100mN32004E42288;PO;NA;2;19;S;F;1824;EMP
057540036036-3140;057540036036;100mN32007E42234;MC;OS;2;80;M;F;75XX;EMP
057540036036-3140;057540036036;100mN32007E42234;MC;OS;2;89;M;M;75XX;EMP
057540036036-3141;057540036036;100mN31969E42256;MC;NA;4;45;M;F;4049;EMP
057540036036-3141;057540036036;100mN31969E42256;MC;NA;4;46;M;M;4049;EMP
057540036036-3141;057540036036;100mN31969E42256;MC;NA;4;10;S;M;0614;NEP
057540036036-3141;057540036036;100mN31969E42256;MC;NA;4;27;M;M;2529;EMP
057540036036-3142;057540036036;100mN32022E42250;SM;MIX;3;70;S;M;6574;EMP
057540036036-3142;057540036036;100mN32022E42250;SM;MIX;3;71;D;M;6574;NEP
057540036036-3142;057540036036;100mN32022E42250;SM;MIX;3;4;S;F;0305;NEP
057540036036-3143;057540036036;100mN31976E42253;S;OS;1;84;W;M;75XX;EMP
057540036036-3144;057540036036;100mN32017E42251;S;OS;1;71;D;M;6574;EMP
057540036036-3145;057540036036;100mN32017E42240;MC;MIX;6;65;M;M;6574;EMP
057540036036-3145;057540036036;100mN32017E42240;MC;MIX;6;61;M;M;5064;EMP
057540036036-3145;057540036036;100mN32017E42240;MC;MIX;6;58;M;F;5064;NEP
057540036036-3145;057540036036;100mN32017E42240;MC;MIX;6;16;S;M;1517;EMP
057540036036-3145;057540036036;100mN32017E42240;MC;MIX;6;1;S;M;0003;NEP
057540036036-3145;057540036036;100mN32017E42240;MC;MIX;6;46;M;F;4049;NEP
057540036036-3146;057540036036;100mN32017E42240;S;NA;1;18;W;F;1824;NEP
057540036036-3147;057540036036;100mN32018E42243;SF;NA;3;58;W;F;5064;NEP
057540036036-3147;057540036036;100mN32018E42243;SF;NA;3;16;S;M;1517;EMP
057540036036-3147;057540036036;100mN32018E42243;SF;NA;3;16;S;M;1517;EMP
057540036036-3148;057540036036;100mN32010E42288;MC;NA;6;35;M;F;3039;NEP
057540036036-3148;057540036036;100mN32010E42288;MC;NA;6;35;M;M;3039;EMP
057540036036-3148;057540036036;100mN32010E42288;MC;NA;6;18;M;F;1824;EMP
057540036036-3148;057540036036;100mN32010E42288;MC;NA;6;6;S;F;0614;NEP
057540036036-3148;057540036036;100mN32010E42288;MC;NA;6;16;S;F;1517;EMP
057540036036-3148;057540036036;100mN32010E42288;MC;NA;6;7;S;M;0614;NEP
057540036036-3149;057540036036;100mN31994E42260;SM;NA;2;30;S;M;3039;EMP
057540036036-3149;057540036036;100mN31994E42260;SM;NA;2;11;S;F;0614;NEP
057540036036-3150;057540036036;100mN32004E42281;PO;NA;6;18;S;M;1824;EMP
057540036036-3150;057540036036;100mN32004E42281;PO;NA;6;18;S;F;1824;NEP
057540036036-3150;057540036036;100mN32004E42281;PO;NA;6;0;S;F;0003;NEP
057540036036-3150;057540036036;100mN32004E42281;PO;NA;6;2;S;M;0003;NEP
057540036036-3150;057540036036;100mN32004E42281;PO;NA;6;3;S;F;0305;NEP
057540036036-3150;057540036036;100mN32004E42281;PO;NA;6;2;S;M;0003;NEP
057540036036-3151;057540036036;100mN32017E42240;MC;NA;2;40;M;M;4049;EMP
057540036036-3151;057540036036;100mN32017E42240;MC;NA;2;42;M;F;4049;EMP
057540036036-3152;057540036036;100mN32017E42240;S;OS;1;61;M;M;5064;NEP
057540036036-3153;057540036036;100mN32017E42240;S;NA;1;55;M;F;5064;NEP
057540036036-3154;057540036036;100mN32018E42228;S;OS;1;20;M;F;1824;NEP
057540036036-3155;057540036036;100mN31976E42251;SF;NA;2;25;S;F;2529;EMP
057540036036-3155;057540036036;100mN31976E42251;SF;NA;2;10;S;F;0614;NEP
057540036036-3156;057540036036;100mN32017E42240;MC;OS;3;71;M;M;6574;EMP
057540036036-3156;057540036036;100mN32017E42240;MC;OS;3;69;M;F;6574;NEP
057540036036-3156;057540036036;100mN32017E42240;MC;OS;3;68;M;M;6574;EMP
057540036036-3157;057540036036;100mN32007E42282;SF;MIX;2;71;D;F;6574;EMP
057540036036-3157;057540036036;100mN32007E42282;SF;MIX;2;3;S;F;0305;NEP
057540036036-3158;057540036036;100mN32007E42280;MC;MIX;5;81;D;M;75XX;EMP
057540036036-3158;057540036036;100mN32007E42280;MC;MIX;5;34;M;F;3039;NEP
057540036036-3158;057540036036;100mN32007E42280;MC;MIX;5;36;M;M;3039;EMP
057540036036-3158;057540036036;100mN32007E42280;MC;MIX;5;18;M;M;1824;EMP
057540036036-3158;057540036036;100mN32007E42280;MC;MIX;5;18;D;M;1824;UEP
057540036036-3159;057540036036;100mN32014E42227;S;NA;1;61;S;M;5064;EMP
057540036036-3160;057540036036;100mN32017E42240;MC;OS;2;68;M;M;6574;EMP
057540036036-3160;057540036036;100mN32017E42240;MC;OS;2;67;M;F;6574;EMP
057540036036-3161;057540036036;100mN32017E42240;MC;NA;5;46;M;F;4049;NEP
057540036036-3161;057540036036;100mN32017E42240;MC;NA;5;50;M;M;5064;EMP
057540036036-3161;057540036036;100mN32017E42240;MC;NA;5;15;S;M;1517;EMP
057540036036-3161;057540036036;100mN32017E42240;MC;NA;5;3;S;M;0305;NEP
057540036036-3161;057540036036;100mN32017E42240;MC;NA;5;15;S;M;1517;EMP
057540036036-3162;057540036036;100mN32017E42240;S;NA;1;83;S;M;75XX;EMP
057540036036-3163;057540036036;100mN32017E42240;MC;OS;2;71;M;F;6574;EMP
057540036036-3163;057540036036;100mN32017E42240;MC;OS;2;70;M;M;6574;EMP
057540036036-3164;057540036036;100mN31996E42261;MC;NA;2;27;M;F;2529;EMP
057540036036-3164;057540036036;100mN31996E42261;MC;NA;2;25;M;M;2529;EMP
057540036036-3165;057540036036;100mN31989E42260;S;OS;1;56;S;F;5064;EMP
057540036036-3166;057540036036;100mN32017E42240;MC;NA;2;30;M;F;3039;NEP
057540036036-3166;057540036036;100mN32017E42240;MC;NA;2;33;M;M;3039;EMP
057540036036-3167;057540036036;100mN32012E42250;MC;NA;2;47;M;M;4049;NEP
057540036036-3167;057540036036;100mN32012E42250;MC;NA;2;44;M;F;4049;EMP
057540036036-3168;057540036036;100mN32018E42254;S;OS;1;32;S;F;3039;EMP
057540036036-3169;057540036036;100mN31986E42271;PO;NA;5;52;S;M;5064;EMP
057540036036-3169;057540036036;100mN31986E42271;PO;NA;5;45;S;M;4049;EMP
057540036036-3169;057540036036;100mN31986E42271;PO;NA;5;32;M;M;3039;EMP
057540036036-3169;057540036036;100mN31986E42271;PO;NA;5;23;W;F;1824;EMP
057540036036-3169;057540036036;100mN31986E42271;PO;NA;5;28;D;F;2529;EMP
057540036036-3170;057540036036;100mN31998E42274;MC;NA;2;37;M;M;3039;EMP
057540036036-3170;057540036036;100mN31998E42274;MC;NA;2;40;M;F;4049;NEP
057540036036-3171;057540036036;100mN32008E42276;S;NA;1;58;S;F;5064;EMP
057540036036-3172;057540036036;100mN31965E42278;S;OS;1;77;W;M;75XX;NEP
057540036036-3173;057540036036;100mN32013E42290;S;NA;1;87;S;F;75XX;EMP
057540036036-3174;057540036036;100mN31998E42274;MC;NA;2;25;M;M;2529;NEP
057540036036-3174;057540036036;100mN31998E42274;MC;NA;2;18;M;F;1824;EMP
057540036036-3175;057540036036;100mN31996E42260;PO;NA;2;26;S;M;2529;NEP
057540036036-3175;057540036036;100mN31996E42260;PO;NA;2;28;S;F;2529;EMP
057540036036-3176;057540036036;100mN31994E42262;PO;NA;2;42;S;M;4049;NEP
057540036036-3176;057540036036;100mN31994E42262;PO;NA;2;38;S;F;3039;NEP
057540036036-3177;057540036036;100mN31971E42243;PO;NA;3;37;S;F;3039;NEP
057540036036-3177;057540036036;100mN31971E42243;PO;NA;3;38;S;F;3039;EMP
057540036036-3177;057540036036;100mN31971E42243;PO;NA;3;15;S;F;1517;EMP
057540036036-3178;057540036036;100mN31971E42243;MC;OS;2;66;M;M;6574;EMP
057540036036-3178;057540036036;100mN31971E42243;MC;OS;2;65;M;F;6574;NEP
057540036036-3179;057540036036;100mN32003E42279;MC;MIX;4;65;D;M;6574;EMP
057540036036-3179;057540036036;100mN32003E42279;MC;MIX;4;55;M;F;5064;EMP
057540036036-3179;057540036036;100mN32003E42279;MC;MIX;4;53;S;F;5064;EMP
057540036036-3179;057540036036;100mN32003E42279;MC;MIX;4;0;S;M;0003;NEP
057540036036-3180;057540036036;100mN31952E42251;MC;NA;4;48;M;M;4049;NEP
057540036036-3180;057540036036;100mN31952E42251;MC;NA;4;47;M;F;4049;EMP
057540036036-3180;057540036036;100mN31952E42251;MC;NA;4;21;W;F;1824;EMP
057540036036-3180;057540036036;100mN31952E42251;MC;NA;4;8;S;F;0614;NEP
057540036036-3181;057540036036;100mN32014E42289;MC;MIX;4;69;S;F;6574;NEP
057540036036-3181;057540036036;100mN32014E42289;MC;MIX;4;55;M;M;5064;EMP
057540036036-3181;057540036036;100mN32014E42289;MC;MIX;4;47;M;F;4049;EMP
057540036036-3181;057540036036;100mN32014E42289;MC;MIX;4;37;S;F;3039;NEP
057540036036-3182;057540036036;100mN31982E42257;MC;NA;2;40;M;M;4049;NEP
057540036036-3182;057540036036;100mN31982E42257;MC;NA;2;41;M;F;4049;EMP
057540036036-3183;057540036036;100mN32014E42289;SM;NA;5;57;S;M;5064;EMP
057540036036-3183;057540036036;100mN32014E42289;SM;NA;5;16;S;M;1517;EMP
057540036036-3183;057540036036;100mN32014E42289;SM;NA;5;34;M;M;3039;EMP
057540036036-3183;057540036036;100mN32014E42289;SM;NA;5;11;S;M;0614;NEP
057540036036-3183;057540036036;100mN32014E42289;SM;NA;5;11;S;M;0614;NEP
057540036036-3184;057540036036;100mN31975E42270;MC;NA;2;35;M;F;3039;NEP
057540036036-3184;057540036036;100mN31975E42270;MC;NA;2;37;M;M;3039;EMP
057540036036-3185;057540036036;100mN32007E42250;SF;NA;2;58;W;F;5064;EMP
057540036036-3185;057540036036;100mN32007E42250;SF;NA;2;40;M;F;4049;NEP
057540036036-3186;057540036036;100mN32007E42250;SF;NA;5;37;D;F;3039;NEP
057540036036-3186;057540036036;100mN32007E42250;SF;NA;5;21;M;M;1824;NEP
057540036036-3186;057540036036;100mN32007E42250;SF;NA;5;13;S;F;0614;NEP
057540036036-3186;057540036036;100mN32007E42250;SF;NA;5;8;S;F;0614;NEP
057540036036-3186;057540036036;100mN32007E42250;SF;NA;5;16;S;M;1517;EMP
057540036036-3187;057540036036;100mN32018E42249;S;OS;1;68;D;F;6574;EMP
057540036036-3188;057540036036;100mN31972E42250;MC;OS;2;66;M;F;6574;EMP
057540036036-3188;057540036036;100mN31972E42250;MC;OS;2;71;M;M;6574;EMP
057540036036-3189;057540036036;100mN32007E42250;S;NA;1;16;S;F;1517;NEP
057540036036-3190;057540036036;100mN32017E42256;MC;NA;4;59;M;M;5064;NEP
057540036036-3190;057540036036;100mN32017E42256;MC;NA;4;53;M;F;5064;EMP
057540036036-3190;057540036036;100mN32017E42256;MC;NA;4;11;S;F;0614;NEP
057540036036-3190;057540036036;100mN32017E42256;MC;NA;4;21;S;M;1824;EMP
057540036036-3191;057540036036;100mN32007E42250;NA;NA;2;48;M;M;4049;NEP
057540036036-3191;057540036036;100mN32007E42250;NA;NA;2;62;M;F;5064;EMP
057540036036-3192;057540036036;100mN32007E42250;PO;NA;2;42;S;M;4049;EMP
057540036036-3192;057540036036;100mN32007E42250;PO;NA;2;41;S;F;4049;EMP
057540036036-3193;057540036036;100mN32012E42291;S;NA;1;16;S;M;1517;EMP
057540036036-3194;057540036036;100mN32009E42279;MC;NA;3;59;M;M;5064;NEP
057540036036-3194;057540036036;100mN32009E42279;MC;NA;3;58;M;F;5064;NEP
057540036036-3194;057540036036;100mN32009E42279;MC;NA;3;1;S;M;0003;NEP
057540036036-3195;057540036036;100mN32005E42260;MC;NA;3;47;M;M;4049;NEP
057540036036-3195;057540036036;100mN32005E42260;MC;NA;3;45;M;F;4049;EMP
057540036036-3195;057540036036;100mN32005E42260;MC;NA;3;11;S;M;0614;NEP
057540036036-3196;057540036036;100mN32007E42250;MC;NA;4;46;M;M;4049;EMP
057540036036-3196;057540036036;100mN32007E42250;MC;NA;4;40;M;F;4049;NEP
057540036036-3196;057540036036;100mN32007E42250;MC;NA;4;4;S;M;0305;NEP
057540036036-3196;057540036036;100mN32007E42250;MC;NA;4;8;S;M;0614;NEP
057540036036-3197;057540036036;100mN31967E42279;S;NA;1;19;D;M;1824;NEP
057540036036-3198;057540036036;100mN32001E42258;MC;NA;2;60;M;F;5064;NEP
057540036036-3198;057540036036;100mN32001E42258;MC;NA;2;69;S;M;6574;EMP
057540036036-3199;057540036036;100mN32022E42250;SM;MIX;3;70;S;M;6574;EMP
057540036036-3199;057540036036;100mN32022E42250;SM;MIX;3;71;D;M;6574;NEP
057540036036-3199;057540036036;100mN32022E42250;SM;MIX;3;4;S;F;0305;NEP
057540036036-3200;057540036036;100mN32018E42245;MC;OS;2;68;M;F;6574;EMP
057540036036-3200;057540036036;100mN32018E42245;MC;OS;2;73;M;M;6574;EMP
057540036036-3201;057540036036;100mN32018E42245;SF;NA;5;58;S;F;5064;NEP
057540036036-3201;057540036036;100mN32018E42245;SF;NA;5;18;D;M;1824;EMP
057540036036-3201;057540036036;100mN32018E42245;SF;NA;5;43;D;M;4049;EMP
057540036036-3201;057540036036;100mN32018E42245;SF;NA;5;0;S;M;0003;NEP
057540036036-3201;057540036036;100mN32018E42245;SF;NA;5;33;M;M;3039;EMP
057540036036-3202;057540036036;100mN32007E42250;MC;NA;4;56;M;M;5064;EMP
057540036036-3202;057540036036;100mN32007E42250;MC;NA;4;53;M;F;5064;NEP
057540036036-3202;057540036036;100mN32007E42250;MC;NA;4;11;S;M;0614;NEP
057540036036-3202;057540036036;100mN32007E42250;MC;NA;4;15;S;M;1517;EMP
057540036036-3203;057540036036;100mN32001E42255;MC;NA;6;34;M;F;3039;NEP
057540036036-3203;057540036036;100mN32001E42255;MC;NA;6;40;M;M;4049;EMP
057540036036-3203;057540036036;100mN32001E42255;MC;NA;6;16;S;M;1517;EMP
057540036036-3203;057540036036;100mN32001E42255;MC;NA;6;1;S;F;0003;NEP
057540036036-3203;057540036036;100mN32001E42255;MC;NA;6;13;S;M;0614;NEP
057540036036-3203;057540036036;100mN32001E42255;MC;NA;6;15;S;M;1517;UEP
057540036036-3204;057540036036;100mN31993E42287;MC;NA;3;32;M;F;3039;EMP
057540036036-3204;057540036036;100mN31993E42287;MC;NA;3;63;M;M;5064;EMP
057540036036-3204;057540036036;100mN31993E42287;MC;NA;3;13;S;M;0614;NEP
057540036036-3205;057540036036;100mN32007E42250;SF;NA;4;44;S;F;4049;EMP
057540036036-3205;057540036036;100mN32007E42250;SF;NA;4;18;M;M;1824;EMP
057540036036-3205;057540036036;100mN32007E42250;SF;NA;4;16;S;M;1517;EMP
057540036036-3205;057540036036;100mN32007E42250;SF;NA;4;13;S;F;0614;NEP
057540036036-3206;057540036036;100mN32019E42240;MC;NA;3;37;M;F;3039;NEP
057540036036-3206;057540036036;100mN32019E42240;MC;NA;3;34;M;M;3039;EMP
057540036036-3206;057540036036;100mN32019E42240;MC;NA;3;21;S;M;1824;UEP
057540036036-3207;057540036036;100mN31995E42267;NA;NA;2;33;S;M;3039;EMP
057540036036-3207;057540036036;100mN31995E42267;NA;NA;2;26;M;F;2529;EMP
057540036036-3208;057540036036;100mN31995E42260;MC;NA;2;62;M;M;5064;EMP
057540036036-3208;057540036036;100mN31995E42260;MC;NA;2;59;M;F;5064;EMP
057540036036-3209;057540036036;100mN31996E42262;S;NA;1;20;M;F;1824;EMP
057540036036-3210;057540036036;100mN31963E42302;MC;NA;4;47;M;M;4049;UEP
057540036036-3210;057540036036;100mN31963E42302;MC;NA;4;47;M;F;4049;EMP
057540036036-3210;057540036036;100mN31963E42302;MC;NA;4;15;S;F;1517;EMP
057540036036-3210;057540036036;100mN31963E42302;MC;NA;4;12;S;M;0614;NEP
057540036036-3211;057540036036;100mN32019E42254;MC;NA;2;54;M;M;5064;EMP
057540036036-3211;057540036036;100mN32019E42254;MC;NA;2;48;M;F;4049;NEP
057540036036-3212;057540036036;100mN32019E42254;S;OS;1;19;M;F;1824;EMP
057540036036-3213;057540036036;100mN32021E42232;S;OS;1;52;M;F;5064;NEP
057540036036-3214;057540036036;100mN31995E42270;MC;NA;3;26;M;M;2529;UEP
057540036036-3214;057540036036;100mN31995E42270;MC;NA;3;18;M;F;1824;EMP
057540036036-3214;057540036036;100mN31995E42270;MC;NA;3;7;S;F;0614;NEP
057540036036-3215;057540036036;100mN32019E42254;MC;NA;6;48;M;F;4049;EMP
057540036036-3215;057540036036;100mN32019E42254;MC;NA;6;51;M;M;5064;EMP
057540036036-3215;057540036036;100mN32019E42254;MC;NA;6;10;S;M;0614;NEP
057540036036-3215;057540036036;100mN32019E42254;MC;NA;6;28;M;F;2529;EMP
057540036036-3215;057540036036;100mN32019E42254;MC;NA;6;28;S;M;2529;EMP
057540036036-3215;057540036036;100mN32019E42254;MC;NA;6;26;M;M;2529;EMP
057540036036-3216;057540036036;100mN32019E42254;MC;NA;2;26;M;M;2529;EMP
057540036036-3216;057540036036;100mN32019E42254;MC;NA;2;30;M;F;3039;EMP
057540036036-3217;057540036036;100mN32013E42291;PO;NA;4;44;S;F;4049;EMP
057540036036-3217;057540036036;100mN32013E42291;PO;NA;4;58;S;F;5064;EMP
057540036036-3217;057540036036;100mN32013E42291;PO;NA;4;22;M;M;1824;EMP
057540036036-3217;057540036036;100mN32013E42291;PO;NA;4;18;D;F;1824;EMP
057540036036-3218;057540036036;100mN32008E42277;MC;NA;2;30;M;M;3039;NEP
057540036036-3218;057540036036;100mN32008E42277;MC;NA;2;34;M;F;3039;EMP
057540036036-3219;057540036036;100mN32019E42254;MC;MIX;2;82;M;M;75XX;EMP
057540036036-3219;057540036036;100mN32019E42254;MC;MIX;2;70;S;F;6574;NEP
057540036036-3220;057540036036;100mN32017E42255;MC;NA;2;55;M;M;5064;EMP
057540036036-3220;057540036036;100mN32017E42255;MC;NA;2;54;M;F;5064;NEP
057540036036-3221;057540036036;100mN32020E42246;S;NA;1;45;W;M;4049;EMP
057540036036-3222;057540036036;100mN32007E42283;SF;NA;2;46;W;F;4049;NEP
057540036036-3222;057540036036;100mN32007E42283;SF;NA;2;6;S;F;0614;NEP
057540036036-3223;057540036036;100mN32019E42254;MC;NA;3;28;M;M;2529;EMP
057540036036-3223;057540036036;100mN32019E42254;MC;NA;3;23;M;F;1824;NEP
057540036036-3223;057540036036;100mN32019E42254;MC;NA;3;8;S;F;0614;NEP
057540036036-3224;057540036036;100mN32003E42273;PO;NA;5;38;S;F;3039;EMP
057540036036-3224;057540036036;100mN32003E42273;PO;NA;5;40;S;F;4049;EMP
057540036036-3224;057540036036;100mN32003E42273;PO;NA;5;12;S;F;0614;NEP
057540036036-3224;057540036036;100mN32003E42273;PO;NA;5;1;S;F;0003;NEP
057540036036-3224;057540036036;100mN32003E42273;PO;NA;5;12;S;F;0614;NEP
057540036036-3225;057540036036;100mN32009E42249;S;NA;1;86;S;M;75XX;EMP
057540036036-3226;057540036036;100mN32001E42293;S;NA;1;27;S;F;2529;NEP
057540036036-3227;057540036036;100mN31996E42266;MC;NA;4;57;M;F;5064;NEP
057540036036-3227;057540036036;100mN31996E42266;MC;NA;4;59;M;M;5064;EMP
057540036036-3227;057540036036;100mN31996E42266;MC;NA;4;30;D;M;3039;NEP
057540036036-3227;057540036036;100mN31996E42266;MC;NA;4;42;M;M;4049;NEP
057540036036-3228;057540036036;100mN32010E42246;MC;NA;2;46;M;F;4049;EMP
057540036036-3228;057540036036;100mN32010E42246;MC;NA;2;44;M;M;4049;EMP
057540036036-3229;057540036036;100mN32019E42254;PO;OS;5;75;S;M;75XX;NEP
057540036036-3229;057540036036;100mN32019E42254;PO;OS;5;68;S;M;6574;EMP
057540036036-3229;057540036036;100mN32019E42254;PO;OS;5;72;W;M;6574;NEP
057540036036-3229;057540036036;100mN32019E42254;PO;OS;5;79;W;F;75XX;EMP
057540036036-3229;057540036036;100mN32019E42254;PO;OS;5;70;M;M;6574;NEP
057540036036-3230;057540036036;100mN31991E42258;MC;NA;2;43;M;M;4049;NEP
057540036036-3230;057540036036;100mN31991E42258;MC;NA;2;41;M;F;4049;EMP
057540036036-3231;057540036036;100mN31990E42261;SF;MIX;2;67;W;F;6574;EMP
057540036036-3231;057540036036;100mN31990E42261;SF;MIX;2;13;S;F;0614;NEP
057540036036-3232;057540036036;100mN32007E42287;SF;NA;2;87;W;F;75XX;NEP
057540036036-3232;057540036036;100mN32007E42287;SF;NA;2;3;S;M;0305;NEP
057540036036-3233;057540036036;100mN31970E42250;MC;NA;2;51;M;F;5064;NEP
057540036036-3233;057540036036;100mN31970E42250;MC;NA;2;63;M;M;5064;EMP
057540036036-3234;057540036036;100mN31969E42245;MC;NA;2;56;M;M;5064;EMP
057540036036-3234;057540036036;100mN31969E42245;MC;NA;2;47;M;F;4049;EMP
057540036036-3235;057540036036;100mN31956E42262;MC;NA;5;58;M;F;5064;EMP
057540036036-3235;057540036036;100mN31956E42262;MC;NA;5;62;M;M;5064;EMP
057540036036-3235;057540036036;100mN31956E42262;MC;NA;5;22;M;F;1824;EMP
057540036036-3235;057540036036;100mN31956E42262;MC;NA;5;11;S;M;0614;NEP
057540036036-3235;057540036036;100mN31956E42262;MC;NA;5;6;S;F;0614;NEP
057540036036-3236;057540036036;100mN31956E42262;MC;NA;2;42;M;M;4049;EMP
057540036036-3236;057540036036;100mN31956E42262;MC;NA;2;41;M;F;4049;EMP
057540036036-3237;057540036036;100mN31956E42262;MC;NA;2;42;M;M;4049;EMP
057540036036-3237;057540036036;100mN31956E42262;MC;NA;2;40;M;F;4049;EMP
057540036036-3238;057540036036;100mN31999E42258;PO;NA;2;57;S;F;5064;NEP
057540036036-3238;057540036036;100mN31999E42258;PO;NA;2;56;S;M;5064;EMP
057540036036-3239;057540036036;100mN31956E42259;SF;NA;2;18;W;F;1824;NEP
057540036036-3239;057540036036;100mN31956E42259;SF;NA;2;3;S;M;0305;NEP
057540036036-3240;057540036036;100mN31956E42259;PO;NA;2;51;S;M;5064;EMP
057540036036-3240;057540036036;100mN31956E42259;PO;NA;2;45;S;F;4049;NEP
057540036036-3241;057540036036;100mN31998E42275;SF;NA;4;69;W;F;6574;EMP
057540036036-3241;057540036036;100mN31998E42275;SF;NA;4;13;S;M;0614;NEP
057540036036-3241;057540036036;100mN31998E42275;SF;NA;4;41;D;M;4049;EMP
057540036036-3241;057540036036;100mN31998E42275;SF;NA;4;3;S;F;0305;NEP
057540036036-3242;057540036036;100mN31950E42250;S;NA;1;75;S;F;75XX;EMP
057540036036-3243;057540036036;100mN32019E42241;MC;NA;2;51;M;M;5064;NEP
057540036036-3243;057540036036;100mN32019E42241;MC;NA;2;45;M;F;4049;EMP
057540036036-3244;057540036036;100mN31998E42257;S;NA;1;44;S;M;4049;NEP
057540036036-3245;057540036036;100mN31998E42257;S;OS;1;56;S;F;5064;NEP
057540036036-3246;057540036036;100mN31997E42264;SF;NA;3;25;W;F;2529;EMP
057540036036-3246;057540036036;100mN31997E42264;SF;NA;3;0;S;F;0003;NEP
057540036036-3246;057540036036;100mN31997E42264;SF;NA;3;6;S;M;0614;NEP
057540036036-3247;057540036036;100mN32010E42291;SF;NA;2;18;D;F;1824;EMP
057540036036-3247;057540036036;100mN32010E42291;SF;NA;2;3;S;M;0305;NEP
057540036036-3248;057540036036;100mN32018E42238;MC;NA;4;38;M;F;3039;EMP
057540036036-3248;057540036036;100mN32018E42238;MC;NA;4;38;M;M;3039;EMP
057540036036-3248;057540036036;100mN32018E42238;MC;NA;4;7;S;M;0614;NEP
057540036036-3248;057540036036;100mN32018E42238;MC;NA;4;13;S;F;0614;NEP
057540036036-3249;057540036036;100mN31995E42258;S;NA;1;43;S;M;4049;EMP
057540036036-3250;057540036036;100mN31998E42257;MC;MIX;2;70;M;M;6574;EMP
057540036036-3250;057540036036;100mN31998E42257;MC;MIX;2;63;M;F;5064;NEP
057540036036-3251;057540036036;100mN31975E42251;NA;MIX;3;36;S;M;3039;NEP
057540036036-3251;057540036036;100mN31975E42251;NA;MIX;3;63;S;F;5064;EMP
057540036036-3251;057540036036;100mN31975E42251;NA;MIX;3;16;S;M;1517;EMP
057540036036-3252;057540036036;100mN32001E42289;MC;OS;2;66;M;M;6574;EMP
057540036036-3252;057540036036;100mN32001E42289;MC;OS;2;66;M;F;6574;EMP
057540036036-3253;057540036036;100mN31998E42257;MC;NA;3;45;M;M;4049;EMP
057540036036-3253;057540036036;100mN31998E42257;MC;NA;3;42;M;F;4049;NEP
057540036036-3253;057540036036;100mN31998E42257;MC;NA;3;25;D;F;2529;EMP
057540036036-3254;057540036036;100mN31998E42257;MC;NA;4;27;M;F;2529;NEP
057540036036-3254;057540036036;100mN31998E42257;MC;NA;4;28;M;M;2529;EMP
057540036036-3254;057540036036;100mN31998E42257;MC;NA;4;12;S;M;0614;NEP
057540036036-3254;057540036036;100mN31998E42257;MC;NA;4;3;S;M;0305;NEP
057540036036-3255;057540036036;100mN31998E42257;MC;OS;4;81;M;M;75XX;EMP
057540036036-3255;057540036036;100mN31998E42257;MC;OS;4;79;M;F;75XX;NEP
057540036036-3255;057540036036;100mN31998E42257;MC;OS;4;73;S;M;6574;UEP
057540036036-3255;057540036036;100mN31998E42257;MC;OS;4;72;M;F;6574;NEP
057540036036-3256;057540036036;100mN31970E42256;S;OS;1;54;S;M;5064;EMP
057540036036-3257;057540036036;100mN31995E42281;MC;NA;2;19;M;F;1824;EMP
057540036036-3257;057540036036;100mN31995E42281;MC;NA;2;18;M;M;1824;EMP
057540036036-3258;057540036036;100mN31998E42257;PO;NA;2;48;S;M;4049;EMP
057540036036-3258;057540036036;100mN31998E42257;PO;NA;2;48;S;F;4049;NEP
057540036036-3259;057540036036;100mN32021E42256;MC;NA;2;41;M;M;4049;NEP
057540036036-3259;057540036036;100mN32021E42256;MC;NA;2;43;M;F;4049;EMP
057540036036-3260;057540036036;100mN32021E42256;MC;NA;2;28;M;F;2529;NEP
057540036036-3260;057540036036;100mN32021E42256;MC;NA;2;25;M;M;2529;EMP
057540036036-3261;057540036036;100mN31998E42284;MC;NA;2;46;M;M;4049;EMP
057540036036-3261;057540036036;100mN31998E42284;MC;NA;2;54;M;F;5064;NEP
057540036036-3262;057540036036;100mN31999E42258;S;NA;1;45;M;F;4049;EMP
057540036036-3263;057540036036;100mN31998E42257;S;NA;1;16;S;M;1517;EMP
057540036036-3264;057540036036;100mN31951E42247;S;NA;1;16;S;M;1517;EMP
057540036036-3265;057540036036;100mN31998E42257;MC;NA;4;27;M;M;2529;EMP
057540036036-3265;057540036036;100mN31998E42257;MC;NA;4;33;M;F;3039;EMP
057540036036-3265;057540036036;100mN31998E42257;MC;NA;4;8;S;M;0614;NEP
057540036036-3265;057540036036;100mN31998E42257;MC;NA;4;10;S;M;0614;NEP
057540036036-3266;057540036036;100mN32008E42250;MC;NA;4;63;M;F;5064;NEP
057540036036-3266;057540036036;100mN32008E42250;MC;NA;4;63;M;M;5064;NEP
057540036036-3266;057540036036;100mN32008E42250;MC;NA;4;7;S;M;0614;NEP
057540036036-3266;057540036036;100mN32008E42250;MC;NA;4;13;S;M;0614;NEP
057540036036-3267;057540036036;100mN32010E42246;MC;NA;3;42;M;M;4049;NEP
057540036036-3267;057540036036;100mN32010E42246;MC;NA;3;40;M;F;4049;EMP
057540036036-3267;057540036036;100mN32010E42246;MC;NA;3;21;W;F;1824;EMP
057540036036-3268;057540036036;100mN32008E42289;SF;NA;3;57;W;F;5064;NEP
057540036036-3268;057540036036;100mN32008E42289;SF;NA;3;34;M;M;3039;EMP
057540036036-3268;057540036036;100mN32008E42289;SF;NA;3;27;W;F;2529;EMP
057540036036-3269;057540036036;100mN31992E42259;MC;NA;2;30;M;F;3039;EMP
057540036036-3269;057540036036;100mN31992E42259;MC;NA;2;37;M;M;3039;EMP
057540036036-3270;057540036036;100mN32001E42287;MC;NA;3;25;M;F;2529;EMP
057540036036-3270;057540036036;100mN32001E42287;MC;NA;3;31;M;M;3039;EMP
057540036036-3270;057540036036;100mN32001E42287;MC;NA;3;7;S;M;0614;NEP
057540036036-3271;057540036036;100mN32005E42278;MC;NA;3;48;M;F;4049;NEP
057540036036-3271;057540036036;100mN32005E42278;MC;NA;3;47;M;M;4049;NEP
057540036036-3271;057540036036;100mN32005E42278;MC;NA;3;7;S;M;0614;NEP
057540036036-3272;057540036036;100mN32005E42278;S;NA;1;50;M;M;5064;NEP
057540036036-3273;057540036036;100mN32005E42278;MC;NA;2;44;M;M;4049;NEP
057540036036-3273;057540036036;100mN32005E42278;MC;NA;2;44;M;F;4049;EMP
057540036036-3274;057540036036;100mN31999E42261;MC;NA;2;47;M;F;4049;EMP
057540036036-3274;057540036036;100mN31999E42261;MC;NA;2;46;M;M;4049;EMP
057540036036-3275;057540036036;100mN32005E42278;S;OS;1;81;S;M;75XX;NEP
057540036036-3276;057540036036;100mN32005E42278;SF;NA;5;86;S;F;75XX;EMP
057540036036-3276;057540036036;100mN32005E42278;SF;NA;5;1;S;M;0003;NEP
057540036036-3276;057540036036;100mN32005E42278;SF;NA;5;8;S;M;0614;NEP
057540036036-3276;057540036036;100mN32005E42278;SF;NA;5;11;S;F;0614;NEP
057540036036-3276;057540036036;100mN32005E42278;SF;NA;5;1;S;M;0003;NEP
057540036036-3277;057540036036;100mN32005E42278;MC;NA;2;57;M;M;5064;EMP
057540036036-3277;057540036036;100mN32005E42278;MC;NA;2;48;M;F;4049;EMP
057540036036-3278;057540036036;100mN32005E42278;MC;NA;3;23;M;F;1824;NEP
057540036036-3278;057540036036;100mN32005E42278;MC;NA;3;26;M;M;2529;NEP
057540036036-3278;057540036036;100mN32005E42278;MC;NA;3;4;S;M;0305;NEP
057540036036-3279;057540036036;100mN32022E42250;MC;MIX;4;80;W;F;75XX;EMP
057540036036-3279;057540036036;100mN32022E42250;MC;MIX;4;25;M;M;2529;NEP
057540036036-3279;057540036036;100mN32022E42250;MC;MIX;4;18;M;F;1824;EMP
057540036036-3279;057540036036;100mN32022E42250;MC;MIX;4;10;S;F;0614;NEP
057540036036-3280;057540036036;100mN32011E42279;SF;NA;2;25;S;F;2529;EMP
057540036036-3280;057540036036;100mN32011E42279;SF;NA;2;6;S;M;0614;NEP
057540036036-3281;057540036036;100mN32005E42278;S;OS;1;42;M;F;4049;NEP
057540036036-3282;057540036036;100mN32005E42278;MC;NA;2;53;M;M;5064;NEP
057540036036-3282;057540036036;100mN32005E42278;MC;NA;2;51;M;F;5064;NEP
057540036036-3283;057540036036;100mN32005E42278;S;OS;1;63;M;F;5064;NEP
057540036036-3284;057540036036;100mN31999E42256;SF;NA;4;47;S;F;4049;EMP
057540036036-3284;057540036036;100mN31999E42256;SF;NA;4;8;S;M;0614;NEP
057540036036-3284;057540036036;100mN31999E42256;SF;NA;4;15;S;M;1517;EMP
057540036036-3284;057540036036;100mN31999E42256;SF;NA;4;9;S;M;0614;NEP
057540036036-3285;057540036036;100mN32005E42278;S;NA;1;54;M;M;5064;EMP
057540036036-3286;057540036036;100mN32005E42278;MC;NA;4;50;M;M;5064;NEP
057540036036-3286;057540036036;100mN32005E42278;MC;NA;4;45;M;F;4049;EMP
057540036036-3286;057540036036;100mN32005E42278;MC;NA;4;6;S;F;0614;NEP
057540036036-3286;057540036036;100mN32005E42278;MC;NA;4;13;S;F;0614;NEP
057540036036-3287;057540036036;100mN32012E42225;MC;NA;3;20;M;F;1824;EMP
057540036036-3287;057540036036;100mN32012E42225;MC;NA;3;21;M;M;1824;EMP
057540036036-3287;057540036036;100mN32012E42225;MC;NA;3;3;S;F;0305;NEP
057540036036-3288;057540036036;100mN32021E42256;SM;NA;3;28;D;M;2529;EMP
057540036036-3288;057540036036;100mN32021E42256;SM;NA;3;4;S;F;0305;NEP
057540036036-3288;057540036036;100mN32021E42256;SM;NA;3;12;S;M;0614;NEP
057540036036-3289;057540036036;100mN32005E42278;MC;MIX;2;85;M;F;75XX;NEP
057540036036-3289;057540036036;100mN32005E42278;MC;MIX;2;55;S;M;5064;NEP
057540036036-3290;057540036036;100mN32003E42302;MC;NA;2;44;M;F;4049;EMP
057540036036-3290;057540036036;100mN32003E42302;MC;NA;2;47;M;M;4049;EMP
057540036036-3291;057540036036;100mN31962E42308;MC;NA;2;44;M;F;4049;EMP
057540036036-3291;057540036036;100mN31962E42308;MC;NA;2;47;M;M;4049;EMP
057540036036-3292;057540036036;100mN32004E42260;MC;NA;3;38;M;M;3039;EMP
057540036036-3292;057540036036;100mN32004E42260;MC;NA;3;18;M;F;1824;EMP
057540036036-3292;057540036036;100mN32004E42260;MC;NA;3;12;S;F;0614;NEP
057540036036-3293;057540036036;100mN32005E42278;S;NA;1;67;M;M;6574;EMP
057540036036-3294;057540036036;100mN32004E42285;SF;MIX;4;69;M;F;6574;EMP
057540036036-3294;057540036036;100mN32004E42285;SF;MIX;4;16;S;F;1517;EMP
057540036036-3294;057540036036;100mN32004E42285;SF;MIX;4;0;S;M;0003;NEP
057540036036-3294;057540036036;100mN32004E42285;SF;MIX;4;0;S;F;0003;NEP
057540036036-3295;057540036036;100mN31997E42264;MC;NA;2;31;M;F;3039;NEP
057540036036-3295;057540036036;100mN31997E42264;MC;NA;2;40;M;M;4049;EMP
057540036036-3296;057540036036;100mN31997E42264;S;NA;1;66;M;M;6574;EMP
057540036036-3297;057540036036;100mN31997E42264;NA;MIX;5;51;M;M;5064;NEP
057540036036-3297;057540036036;100mN31997E42264;NA;MIX;5;26;M;F;2529;NEP
057540036036-3297;057540036036;100mN31997E42264;NA;MIX;5;18;M;M;1824;EMP
057540036036-3297;057540036036;100mN31997E42264;NA;MIX;5;75;M;F;75XX;EMP
057540036036-3297;057540036036;100mN31997E42264;NA;MIX;5;30;D;F;3039;EMP
057540036036-3298;057540036036;100mN32007E42288;SF;NA;4;62;W;F;5064;EMP
057540036036-3298;057540036036;100mN32007E42288;SF;NA;4;16;S;M;1517;EMP
057540036036-3298;057540036036;100mN32007E42288;SF;NA;4;8;S;F;0614;NEP
057540036036-3298;057540036036;100mN32007E42288;SF;NA;4;15;S;F;1517;EMP
057540036036-3299;057540036036;100mN31950E42246;S;NA;1;26;M;M;2529;EMP
057540036036-3300;057540036036;100mN32009E42250;MC;NA;2;42;M;M;4049;EMP
057540036036-3300;057540036036;100mN32009E42250;MC;NA;2;44;M;F;4049;EMP
057540036036-3301;057540036036;100mN31997E42264;SF;NA;3;25;W;F;2529;EMP
057540036036-3301;057540036036;100mN31997E42264;SF;NA;3;0;S;F;0003;NEP
057540036036-3301;057540036036;100mN31997E42264;SF;NA;3;6;S;M;0614;NEP
057540036036-3302;057540036036;100mN31997E42264;MC;OS;2;86;M;F;75XX;NEP
057540036036-3302;057540036036;100mN31997E42264;MC;OS;2;85;M;M;75XX;NEP
057540036036-3303;057540036036;100mN31997E42258;MC;OS;2;84;M;F;75XX;EMP
057540036036-3303;057540036036;100mN31997E42258;MC;OS;2;82;M;M;75XX;EMP
057540036036-3304;057540036036;100mN31986E42271;MC;NA;3;46;M;F;4049;NEP
057540036036-3304;057540036036;100mN31986E42271;MC;NA;3;46;M;M;4049;EMP
057540036036-3304;057540036036;100mN31986E42271;MC;NA;3;11;S;M;0614;NEP
057540036036-3305;057540036036;100mN32023E42251;S;NA;1;43;M;F;4049;NEP
057540036036-3306;057540036036;100mN31997E42264;MC;NA;4;44;M;F;4049;EMP
057540036036-3306;057540036036;100mN31997E42264;MC;NA;4;44;M;M;4049;EMP
057540036036-3306;057540036036;100mN31997E42264;MC;NA;4;7;S;F;0614;NEP
057540036036-3306;057540036036;100mN31997E42264;MC;NA;4;2;S;F;0003;NEP
057540036036-3307;057540036036;100mN31997E42264;S;NA;1;46;M;M;4049;NEP
057540036036-3308;057540036036;100mN32005E42280;MC;MIX;4;71;M;M;6574;NEP
057540036036-3308;057540036036;100mN32005E42280;MC;MIX;4;54;M;F;5064;EMP
057540036036-3308;057540036036;100mN32005E42280;MC;MIX;4;4;S;F;0305;NEP
057540036036-3308;057540036036;100mN32005E42280;MC;MIX;4;4;S;M;0305;NEP
057540036036-3309;057540036036;100mN32011E42289;PO;OS;2;67;S;M;6574;EMP
057540036036-3309;057540036036;100mN32011E42289;PO;OS;2;66;S;F;6574;NEP
057540036036-3310;057540036036;100mN32019E42250;NA;NA;2;30;S;M;3039;EMP
057540036036-3310;057540036036;100mN32019E42250;NA;NA;2;38;M;M;3039;EMP
057540036036-3311;057540036036;100mN32017E42253;S;OS;1;41;S;M;4049;NEP
057540036036-3312;057540036036;100mN32018E42252;S;NA;1;27;S;F;2529;EMP
057540036036-3313;057540036036;100mN31982E42258;MC;NA;2;19;M;F;1824;EMP
057540036036-3313;057540036036;100mN31982E42258;MC;NA;2;19;M;M;1824;EMP
057540036036-3314;057540036036;100mN31953E42285;MC;OS;3;66;M;M;6574;EMP
057540036036-3314;057540036036;100mN31953E42285;MC;OS;3;66;M;F;6574;EMP
057540036036-3314;057540036036;100mN31953E42285;MC;OS;3;83;M;F;75XX;NEP
057540036036-3315;057540036036;100mN32004E42277;MC;NA;2;56;M;F;5064;EMP
057540036036-3315;057540036036;100mN32004E42277;MC;NA;2;48;M;M;4049;NEP
057540036036-3316;057540036036;100mN31953E42285;MC;NA;6;46;M;M;4049;EMP
057540036036-3316;057540036036;100mN31953E42285;MC;NA;6;18;M;F;1824;EMP
057540036036-3316;057540036036;100mN31953E42285;MC;NA;6;19;W;F;1824;NEP
057540036036-3316;057540036036;100mN31953E42285;MC;NA;6;6;S;M;0614;NEP
057540036036-3316;057540036036;100mN31953E42285;MC;NA;6;1;S;M;0003;NEP
057540036036-3316;057540036036;100mN31953E42285;MC;NA;6;10;S;F;0614;NEP
057540036036-3317;057540036036;100mN31996E42266;S;NA;1;60;S;M;5064;EMP
057540036036-3318;057540036036;100mN31995E42283;PO;NA;2;41;S;F;4049;NEP
057540036036-3318;057540036036;100mN31995E42283;PO;NA;2;45;S;M;4049;EMP
057540036036-3319;057540036036;100mN32012E42291;S;NA;1;36;M;F;3039;NEP
057540036036-3320;057540036036;100mN31963E42301;MC;NA;3;40;M;M;4049;EMP
057540036036-3320;057540036036;100mN31963E42301;MC;NA;3;41;M;F;4049;EMP
057540036036-3320;057540036036;100mN31963E42301;MC;NA;3;11;S;F;0614;NEP
057540036036-3321;057540036036;100mN32018E42249;S;OS;1;43;M;M;4049;EMP
057540036036-3322;057540036036;100mN31993E42297;MC;MIX;2;65;M;M;6574;NEP
057540036036-3322;057540036036;100mN31993E42297;MC;MIX;2;62;M;F;5064;EMP
057540036036-3323;057540036036;100mN32003E42291;MC;NA;2;62;M;M;5064;EMP
057540036036-3323;057540036036;100mN32003E42291;MC;NA;2;61;M;F;5064;NEP
057540036036-3324;057540036036;100mN31963E42301;S;NA;1;27;M;M;2529;EMP
057540036036-3325;057540036036;100mN31998E42260;MC;NA;2;59;M;F;5064;EMP
057540036036-3325;057540036036;100mN31998E42260;MC;NA;2;57;M;M;5064;EMP
057540036036-3326;057540036036;100mN32017E42254;MC;NA;2;44;M;M;4049;EMP
057540036036-3326;057540036036;100mN32017E42254;MC;NA;2;35;M;F;3039;EMP
057540036036-3327;057540036036;100mN32009E42277;MC;NA;4;42;M;M;4049;EMP
057540036036-3327;057540036036;100mN32009E42277;MC;NA;4;43;M;F;4049;NEP
057540036036-3327;057540036036;100mN32009E42277;MC;NA;4;23;M;M;1824;EMP
057540036036-3327;057540036036;100mN32009E42277;MC;NA;4;18;S;M;1824;NEP
057540036036-3328;057540036036;100mN31963E42301;MC;MIX;2;83;M;F;75XX;NEP
057540036036-3328;057540036036;100mN31963E42301;MC;MIX;2;12;S;M;0614;NEP
057540036036-3329;057540036036;100mN32009E42280;SF;NA;2;35;S;F;3039;EMP
057540036036-3329;057540036036;100mN32009E42280;SF;NA;2;12;S;F;0614;NEP
057540036036-3330;057540036036;100mN31986E42259;PO;NA;2;62;S;M;5064;UEP
057540036036-3330;057540036036;100mN31986E42259;PO;NA;2;57;S;M;5064;EMP
057540036036-3331;057540036036;100mN31987E42271;MC;NA;2;54;M;F;5064;NEP
057540036036-3331;057540036036;100mN31987E42271;MC;NA;2;54;M;M;5064;EMP
057540036036-3332;057540036036;100mN31963E42301;PO;NA;3;45;S;M;4049;EMP
057540036036-3332;057540036036;100mN31963E42301;PO;NA;3;42;S;M;4049;NEP
057540036036-3332;057540036036;100mN31963E42301;PO;NA;3;0;S;F;0003;NEP
057540036036-3333;057540036036;100mN31977E42265;MC;NA;6;50;M;F;5064;EMP
057540036036-3333;057540036036;100mN31977E42265;MC;NA;6;47;M;M;4049;EMP
057540036036-3333;057540036036;100mN31977E42265;MC;NA;6;6;S;F;0614;NEP
057540036036-3333;057540036036;100mN31977E42265;MC;NA;6;26;S;F;2529;EMP
057540036036-3333;057540036036;100mN31977E42265;MC;NA;6;7;S;M;0614;NEP
057540036036-3333;057540036036;100mN31977E42265;MC;NA;6;13;S;M;0614;NEP
057540036036-3334;057540036036;100mN31963E42301;MC;NA;2;19;M;M;1824;EMP
057540036036-3334;057540036036;100mN31963E42301;MC;NA;2;18;M;F;1824;EMP
057540036036-3335;057540036036;100mN31963E42306;MC;NA;5;33;M;M;3039;EMP
057540036036-3335;057540036036;100mN31963E42306;MC;NA;5;32;M;F;3039;NEP
057540036036-3335;057540036036;100mN31963E42306;MC;NA;5;9;S;M;0614;NEP
057540036036-3335;057540036036;100mN31963E42306;MC;NA;5;0;S;M;0003;NEP
057540036036-3335;057540036036;100mN31963E42306;MC;NA;5;3;S;F;0305;NEP
057540036036-3336;057540036036;100mN31997E42268;SF;NA;2;87;S;F;75XX;NEP
057540036036-3336;057540036036;100mN31997E42268;SF;NA;2;9;S;M;0614;NEP
057540036036-3337;057540036036;100mN31963E42301;PO;MIX;2;79;S;F;75XX;NEP
057540036036-3337;057540036036;100mN31963E42301;PO;MIX;2;13;S;F;0614;NEP
057540036036-3338;057540036036;100mN32021E42253;S;NA;1;36;S;F;3039;EMP
057540036036-3339;057540036036;100mN31963E42301;PO;NA;6;31;S;M;3039;NEP
057540036036-3339;057540036036;100mN31963E42301;PO;NA;6;31;S;F;3039;NEP
057540036036-3339;057540036036;100mN31963E42301;PO;NA;6;6;S;M;0614;NEP
057540036036-3339;057540036036;100mN31963E42301;PO;NA;6;12;S;M;0614;NEP
057540036036-3339;057540036036;100mN31963E42301;PO;NA;6;15;S;F;1517;NEP
057540036036-3339;057540036036;100mN31963E42301;PO;NA;6;12;S;F;0614;NEP
057540036036-3340;057540036036;100mN31996E42262;MC;NA;4;45;M;F;4049;NEP
057540036036-3340;057540036036;100mN31996E42262;MC;NA;4;47;M;M;4049;NEP
057540036036-3340;057540036036;100mN31996E42262;MC;NA;4;6;S;F;0614;NEP
057540036036-3340;057540036036;100mN31996E42262;MC;NA;4;20;M;F;1824;NEP
057540036036-3341;057540036036;100mN32017E42256;S;OS;1;23;M;M;1824;NEP
057540036036-3342;057540036036;100mN31996E42262;MC;NA;3;35;M;M;3039;EMP
057540036036-3342;057540036036;100mN31996E42262;MC;NA;3;31;M;F;3039;EMP
057540036036-3342;057540036036;100mN31996E42262;MC;NA;3;20;M;F;1824;EMP
057540036036-3343;057540036036;100mN31986E42278;MC;MIX;2;70;M;F;6574;NEP
057540036036-3343;057540036036;100mN31986E42278;MC;MIX;2;59;S;F;5064;NEP
057540036036-3344;057540036036;100mN31989E42258;S;NA;1;65;M;M;6574;EMP
057540036036-3345;057540036036;100mN32004E42287;S;NA;1;35;D;M;3039;EMP
057540036036-3346;057540036036;100mN31996E42262;MC;OS;2;65;M;M;6574;EMP
057540036036-3346;057540036036;100mN31996E42262;MC;OS;2;73;M;F;6574;EMP
057540036036-3347;057540036036;100mN31976E42267;MC;NA;3;56;M;F;5064;NEP
057540036036-3347;057540036036;100mN31976E42267;MC;NA;3;62;M;M;5064;EMP
057540036036-3347;057540036036;100mN31976E42267;MC;NA;3;20;D;M;1824;NEP
057540036036-3348;057540036036;100mN31976E42269;S;NA;1;59;D;F;5064;EMP
057540036036-3349;057540036036;100mN32004E42277;MC;OS;4;68;M;M;6574;NEP
057540036036-3349;057540036036;100mN32004E42277;MC;OS;4;67;M;F;6574;EMP
057540036036-3349;057540036036;100mN32004E42277;MC;OS;4;81;S;F;75XX;NEP
057540036036-3349;057540036036;100mN32004E42277;MC;OS;4;69;D;F;6574;NEP
057540036036-3350;057540036036;100mN31996E42262;MC;NA;2;22;M;F;1824;NEP
057540036036-3350;057540036036;100mN31996E42262;MC;NA;2;18;M;M;1824;EMP
057540036036-3351;057540036036;100mN32010E42290;MC;OS;4;80;M;F;75XX;EMP
057540036036-3351;057540036036;100mN32010E42290;MC;OS;4;87;M;M;75XX;EMP
057540036036-3351;057540036036;100mN32010E42290;MC;OS;4;89;M;F;75XX;EMP
057540036036-3351;057540036036;100mN32010E42290;MC;OS;4;65;W;F;6574;EMP
057540036036-3352;057540036036;100mN31996E42262;S;NA;1;20;M;F;1824;EMP
057540036036-3353;057540036036;100mN31998E42264;MC;NA;2;21;M;M;1824;EMP
057540036036-3353;057540036036;100mN31998E42264;MC;NA;2;21;M;F;1824;EMP
057540036036-3354;057540036036;100mN32020E42246;MC;NA;4;63;M;F;5064;NEP
057540036036-3354;057540036036;100mN32020E42246;MC;NA;4;61;M;M;5064;NEP
057540036036-3354;057540036036;100mN32020E42246;MC;NA;4;43;M;F;4049;EMP
057540036036-3354;057540036036;100mN32020E42246;MC;NA;4;11;S;M;0614;NEP
057540036036-3355;057540036036;100mN32004E42283;PO;NA;3;44;S;M;4049;NEP
057540036036-3355;057540036036;100mN32004E42283;PO;NA;3;41;S;M;4049;EMP
057540036036-3355;057540036036;100mN32004E42283;PO;NA;3;3;S;F;0305;NEP
057540036036-3356;057540036036;100mN31998E42264;MC;NA;2;46;M;M;4049;EMP
057540036036-3356;057540036036;100mN31998E42264;MC;NA;2;43;M;F;4049;NEP
057540036036-3357;057540036036;100mN31998E42264;SF;NA;4;20;S;F;1824;NEP
057540036036-3357;057540036036;100mN31998E42264;SF;NA;4;1;S;M;0003;NEP
057540036036-3357;057540036036;100mN31998E42264;SF;NA;4;2;S;F;0003;NEP
057540036036-3357;057540036036;100mN31998E42264;SF;NA;4;2;S;M;0003;NEP
057540036036-3358;057540036036;100mN32004E42258;MC;NA;3;57;M;F;5064;NEP
057540036036-3358;057540036036;100mN32004E42258;MC;NA;3;61;M;M;5064;UEP
057540036036-3358;057540036036;100mN32004E42258;MC;NA;3;40;S;M;4049;NEP
057540036036-3359;057540036036;100mN31998E42264;S;NA;1;28;M;M;2529;NEP
057540036036-3360;057540036036;100mN32007E42281;S;OS;1;56;W;F;5064;NEP
057540036036-3361;057540036036;100mN31998E42264;MC;NA;2;46;M;F;4049;EMP
057540036036-3361;057540036036;100mN31998E42264;MC;NA;2;47;M;M;4049;NEP
057540036036-3362;057540036036;100mN31966E42249;SF;NA;2;77;S;F;75XX;NEP
057540036036-3362;057540036036;100mN31966E42249;SF;NA;2;60;W;F;5064;NEP
057540036036-3363;057540036036;100mN31998E42264;S;OS;1;44;M;M;4049;EMP
057540036036-3364;057540036036;100mN32005E42259;MC;NA;3;44;M;M;4049;NEP
057540036036-3364;057540036036;100mN32005E42259;MC;NA;3;43;M;F;4049;NEP
057540036036-3364;057540036036;100mN32005E42259;MC;NA;3;13;S;F;0614;NEP
057540036036-3365;057540036036;100mN31983E42280;MC;NA;2;42;M;M;4049;UEP
057540036036-3365;057540036036;100mN31983E42280;MC;NA;2;44;M;F;4049;NEP
057540036036-3366;057540036036;100mN31995E42258;SF;NA;2;86;D;F;75XX;NEP
057540036036-3366;057540036036;100mN31995E42258;SF;NA;2;13;S;M;0614;NEP
057540036036-3367;057540036036;100mN32005E42279;MC;MIX;3;87;D;F;75XX;NEP
057540036036-3367;057540036036;100mN32005E42279;MC;MIX;3;56;M;M;5064;EMP
057540036036-3367;057540036036;100mN32005E42279;MC;MIX;3;18;M;F;1824;NEP
057540036036-3368;057540036036;100mN32005E42259;MC;OS;3;71;M;F;6574;EMP
057540036036-3368;057540036036;100mN32005E42259;MC;OS;3;72;M;M;6574;NEP
057540036036-3368;057540036036;100mN32005E42259;MC;OS;3;72;S;F;6574;NEP
057540036036-3369;057540036036;100mN31968E42255;MC;OS;2;83;M;M;75XX;EMP
057540036036-3369;057540036036;100mN31968E42255;MC;OS;2;28;S;M;2529;EMP
057540036036-3370;057540036036;100mN32018E42250;SF;NA;2;19;W;F;1824;NEP
057540036036-3370;057540036036;100mN32018E42250;SF;NA;2;4;S;F;0305;NEP
057540036036-3371;057540036036;100mN31998E42287;PO;NA;2;61;S;M;5064;EMP
057540036036-3371;057540036036;100mN31998E42287;PO;NA;2;55;S;M;5064;NEP
057540036036-3372;057540036036;100mN32001E42259;NA;NA;3;45;M;M;4049;UEP
057540036036-3372;057540036036;100mN32001E42259;NA;NA;3;61;D;F;5064;NEP
057540036036-3372;057540036036;100mN32001E42259;NA;NA;3;31;D;M;3039;NEP
057540036036-3373;057540036036;100mN32008E42283;MC;NA;2;63;M;M;5064;EMP
057540036036-3373;057540036036;100mN32008E42283;MC;NA;2;61;M;F;5064;EMP
057540036036-3374;057540036036;100mN31993E42260;S;NA;1;21;S;M;1824;EMP
057540036036-3375;057540036036;100mN31994E42287;MC;NA;3;34;M;F;3039;EMP
057540036036-3375;057540036036;100mN31994E42287;MC;NA;3;34;M;M;3039;NEP
057540036036-3375;057540036036;100mN31994E42287;MC;NA;3;10;S;F;0614;NEP
057540036036-3376;057540036036;100mN32005E42259;MC;NA;2;59;M;F;5064;EMP
057540036036-3376;057540036036;100mN32005E42259;MC;NA;2;56;M;M;5064;NEP
057540036036-3377;057540036036;100mN31995E42294;S;NA;1;42;S;M;4049;EMP
057540036036-3378;057540036036;100mN31995E42294;MC;MIX;2;73;M;M;6574;NEP
057540036036-3378;057540036036;100mN31995E42294;MC;MIX;2;31;M;F;3039;NEP
057540036036-3379;057540036036;100mN31999E42257;MC;NA;3;58;M;M;5064;EMP
057540036036-3379;057540036036;100mN31999E42257;MC;NA;3;63;M;F;5064;EMP
057540036036-3379;057540036036;100mN31999E42257;MC;NA;3;7;S;M;0614;NEP
057540036036-3380;057540036036;100mN31994E42255;MC;OS;5;68;M;M;6574;NEP
057540036036-3380;057540036036;100mN31994E42255;MC;OS;5;79;M;F;75XX;NEP
057540036036-3380;057540036036;100mN31994E42255;MC;OS;5;87;M;M;75XX;EMP
057540036036-3380;057540036036;100mN31994E42255;MC;OS;5;68;M;M;6574;EMP
057540036036-3380;057540036036;100mN31994E42255;MC;OS;5;66;M;M;6574;EMP
057540036036-3381;057540036036;100mN31994E42255;S;OS;1;63;W;M;5064;EMP
057540036036-3382;057540036036;100mN31994E42255;MC;NA;4;56;M;F;5064;EMP
057540036036-3382;057540036036;100mN31994E42255;MC;NA;4;54;M;M;5064;EMP
057540036036-3382;057540036036;100mN31994E42255;MC;NA;4;13;S;M;0614;NEP
057540036036-3382;057540036036;100mN31994E42255;MC;NA;4;13;S;M;0614;NEP
057540036036-3383;057540036036;100mN32004E42283;PO;NA;2;19;S;M;1824;EMP
057540036036-3383;057540036036;100mN32004E42283;PO;NA;2;18;S;M;1824;EMP
057540036036-3384;057540036036;100mN31994E42255;S;OS;1;55;M;F;5064;EMP
057540036036-3385;057540036036;100mN31994E42255;SF;NA;2;45;S;F;4049;EMP
057540036036-3385;057540036036;100mN31994E42255;SF;NA;2;1;S;M;0003;NEP
057540036036-3386;057540036036;100mN31994E42255;MC;NA;2;37;M;F;3039;NEP
057540036036-3386;057540036036;100mN31994E42255;MC;NA;2;41;M;M;4049;UEP
057540036036-3387;057540036036;100mN32020E42246;PO;NA;4;36;S;M;3039;EMP
057540036036-3387;057540036036;100mN32020E42246;PO;NA;4;33;S;M;3039;EMP
057540036036-3387;057540036036;100mN32020E42246;PO;NA;4;13;S;M;0614;NEP
057540036036-3387;057540036036;100mN32020E42246;PO;NA;4;21;M;M;1824;EMP
057540036036-3388;057540036036;100mN32005E42282;MC;MIX;2;73;M;M;6574;UEP
057540036036-3388;057540036036;100mN32005E42282;MC;MIX;2;20;S;M;1824;EMP
057540036036-3389;057540036036;100mN32005E42231;MC;NA;5;56;M;M;5064;EMP
057540036036-3389;057540036036;100mN32005E42231;MC;NA;5;47;M;F;4049;NEP
057540036036-3389;057540036036;100mN32005E42231;MC;NA;5;11;S;M;0614;NEP
057540036036-3389;057540036036;100mN32005E42231;MC;NA;5;30;D;M;3039;NEP
057540036036-3389;057540036036;100mN32005E42231;MC;NA;5;41;S;M;4049;UEP
057540036036-3390;057540036036;100mN32019E42248;MC;NA;3;47;M;F;4049;NEP
057540036036-3390;057540036036;100mN32019E42248;MC;NA;3;56;M;M;5064;EMP
057540036036-3390;057540036036;100mN32019E42248;MC;NA;3;4;S;M;0305;NEP
057540036036-3391;057540036036;100mN31993E42255;MC;NA;3;41;M;M;4049;EMP
057540036036-3391;057540036036;100mN31993E42255;MC;NA;3;40;M;F;4049;EMP
057540036036-3391;057540036036;100mN31993E42255;MC;NA;3;22;W;F;1824;EMP
057540036036-3392;057540036036;100mN31991E42261;PO;OS;2;80;S;F;75XX;EMP
057540036036-3392;057540036036;100mN31991E42261;PO;OS;2;78;S;M;75XX;NEP
057540036036-3393;057540036036;100mN31991E42261;MC;NA;3;25;M;M;2529;NEP
057540036036-3393;057540036036;100mN31991E42261;MC;NA;3;18;M;F;1824;EMP
057540036036-3393;057540036036;100mN31991E42261;MC;NA;3;2;S;M;0003;NEP
057540036036-3394;057540036036;100mN31991E42261;MC;NA;4;43;M;F;4049;EMP
057540036036-3394;057540036036;100mN31991E42261;MC;NA;4;46;M;M;4049;EMP
057540036036-3394;057540036036;100mN31991E42261;MC;NA;4;8;S;F;0614;NEP
057540036036-3394;057540036036;100mN31991E42261;MC;NA;4;2;S;M;0003;NEP
057540036036-3395;057540036036;100mN31991E42261;MC;NA;4;60;M;F;5064;EMP
057540036036-3395;057540036036;100mN31991E42261;MC;NA;4;72;S;M;6574;EMP
057540036036-3395;057540036036;100mN31991E42261;MC;NA;4;6;S;F;0614;NEP
057540036036-3395;057540036036;100mN31991E42261;MC;NA;4;35;M;F;3039;EMP
057540036036-3396;057540036036;100mN31976E42269;PO;OS;2;88;S;M;75XX;EMP
057540036036-3396;057540036036;100mN31976E42269;PO;OS;2;85;S;M;75XX;EMP
057540036036-3397;057540036036;100mN32018E42238;MC;NA;2;42;M;F;4049;EMP
057540036036-3397;057540036036;100mN32018E42238;MC;NA;2;43;M;M;4049;EMP
057540036036-3398;057540036036;100mN31991E42261;MC;NA;4;58;M;F;5064;EMP
057540036036-3398;057540036036;100mN31991E42261;MC;NA;4;55;M;M;5064;EMP
057540036036-3398;057540036036;100mN31991E42261;MC;NA;4;20;M;M;1824;EMP
057540036036-3398;057540036036;100mN31991E42261;MC;NA;4;12;S;F;0614;NEP
057540036036-3399;057540036036;100mN32014E42247;S;NA;1;23;M;F;1824;EMP
057540036036-3400;057540036036;100mN32014E42247;MC;NA;4;20;M;M;1824;NEP
057540036036-3400;057540036036;100mN32014E42247;MC;NA;4;18;M;F;1824;EMP
057540036036-3400;057540036036;100mN32014E42247;MC;NA;4;1;S;F;0003;NEP
057540036036-3400;057540036036;100mN32014E42247;MC;NA;4;4;S;M;0305;NEP
057540036036-3401;057540036036;100mN31993E42260;S;NA;1;61;S;M;5064;EMP
057540036036-3402;057540036036;100mN31991E42257;S;OS;1;36;M;F;3039;NEP
057540036036-3403;057540036036;100mN32014E42247;MC;NA;2;46;M;M;4049;EMP
057540036036-3403;057540036036;100mN32014E42247;MC;NA;2;55;M;F;5064;EMP
057540036036-3404;057540036036;100mN31995E42255;S;NA;1;53;D;M;5064;EMP
057540036036-3405;057540036036;100mN32000E42290;MC;NA;4;54;M;F;5064;EMP
057540036036-3405;057540036036;100mN32000E42290;MC;NA;4;57;M;M;5064;EMP
057540036036-3405;057540036036;100mN32000E42290;MC;NA;4;13;S;M;0614;NEP
057540036036-3405;057540036036;100mN32000E42290;MC;NA;4;13;S;F;0614;NEP
057540036036-3406;057540036036;100mN32000E42290;MC;NA;2;46;M;M;4049;EMP
057540036036-3406;057540036036;100mN32000E42290;MC;NA;2;43;M;F;4049;EMP
057540036036-3407;057540036036;100mN31999E42255;PO;OS;2;66;S;F;6574;NEP
057540036036-3407;057540036036;100mN31999E42255;PO;OS;2;69;S;M;6574;EMP
057540036036-3408;057540036036;100mN32006E42289;MC;OS;3;89;M;M;75XX;EMP
057540036036-3408;057540036036;100mN32006E42289;MC;OS;3;88;M;F;75XX;NEP
057540036036-3408;057540036036;100mN32006E42289;MC;OS;3;66;M;F;6574;NEP
057540036036-3409;057540036036;100mN32020E42246;MC;NA;4;63;M;F;5064;NEP
057540036036-3409;057540036036;100mN32020E42246;MC;NA;4;61;M;M;5064;NEP
057540036036-3409;057540036036;100mN32020E42246;MC;NA;4;43;M;F;4049;EMP
057540036036-3409;057540036036;100mN32020E42246;MC;NA;4;11;S;M;0614;NEP
057540036036-3410;057540036036;100mN32006E42289;PO;NA;3;22;S;M;1824;EMP
057540036036-3410;057540036036;100mN32006E42289;PO;NA;3;20;S;M;1824;NEP
057540036036-3410;057540036036;100mN32006E42289;PO;NA;3;6;S;M;0614;NEP
057540036036-3411;057540036036;100mN32006E42289;MC;MIX;3;67;M;M;6574;EMP
057540036036-3411;057540036036;100mN32006E42289;MC;MIX;3;18;M;M;1824;EMP
057540036036-3411;057540036036;100mN32006E42289;MC;MIX;3;18;M;F;1824;EMP
057540036036-3412;057540036036;100mN32006E42289;MC;OS;3;70;M;M;6574;EMP
057540036036-3412;057540036036;100mN32006E42289;MC;OS;3;73;M;F;6574;NEP
057540036036-3412;057540036036;100mN32006E42289;MC;OS;3;85;S;M;75XX;EMP
057540036036-3413;057540036036;100mN32006E42289;MC;NA;3;35;M;F;3039;NEP
057540036036-3413;057540036036;100mN32006E42289;MC;NA;3;35;M;M;3039;EMP
057540036036-3413;057540036036;100mN32006E42289;MC;NA;3;8;S;M;0614;NEP
057540036036-3414;057540036036;100mN31996E42258;S;NA;1;56;M;M;5064;NEP
057540036036-3415;057540036036;100mN31993E42266;MC;NA;2;58;M;M;5064;EMP
057540036036-3415;057540036036;100mN31993E42266;MC;NA;2;58;M;F;5064;NEP
057540036036-3416;057540036036;100mN32006E42289;MC;NA;2;34;M;M;3039;EMP
057540036036-3416;057540036036;100mN32006E42289;MC;NA;2;34;M;F;3039;EMP
057540036036-3417;057540036036;100mN32010E42289;MC;MIX;2;69;M;F;6574;EMP
057540036036-3417;057540036036;100mN32010E42289;MC;MIX;2;16;S;F;1517;EMP
057540036036-3418;057540036036;100mN31999E42257;S;NA;1;25;W;F;2529;NEP
057540036036-3419;057540036036;100mN31971E42251;PO;MIX;4;72;M;F;6574;NEP
057540036036-3419;057540036036;100mN31971E42251;PO;MIX;4;59;S;M;5064;EMP
057540036036-3419;057540036036;100mN31971E42251;PO;MIX;4;61;S;F;5064;EMP
057540036036-3419;057540036036;100mN31971E42251;PO;MIX;4;7;S;F;0614;NEP
057540036036-3420;057540036036;100mN31970E42258;S;NA;1;34;D;M;3039;EMP
057540036036-3421;057540036036;100mN31999E42261;S;NA;1;53;M;F;5064;EMP
057540036036-3422;057540036036;100mN32006E42289;MC;OS;2;72;M;M;6574;EMP
057540036036-3422;057540036036;100mN32006E42289;MC;OS;2;67;M;F;6574;EMP
057540036036-3423;057540036036;100mN32007E42287;MC;NA;2;59;M;F;5064;EMP
057540036036-3423;057540036036;100mN32007E42287;MC;NA;2;53;M;M;5064;EMP
057540036036-3424;057540036036;100mN32010E42287;S;NA;1;47;S;M;4049;EMP
057540036036-3425;057540036036;100mN32014E42290;PO;MIX;5;66;M;F;6574;EMP
057540036036-3425;057540036036;100mN32014E42290;PO;MIX;5;31;S;F;3039;NEP
057540036036-3425;057540036036;100mN32014E42290;PO;MIX;5;35;S;M;3039;NEP
057540036036-3425;057540036036;100mN32014E42290;PO;MIX;5;15;S;F;1517;NEP
057540036036-3425;057540036036;100mN32014E42290;PO;MIX;5;3;S;M;0305;NEP
057540036036-3426;057540036036;100mN32006E42289;PO;NA;2;46;S;M;4049;EMP
057540036036-3426;057540036036;100mN32006E42289;PO;NA;2;43;S;F;4049;NEP
057540036036-3427;057540036036;100mN32014E42291;SM;NA;4;37;S;M;3039;EMP
057540036036-3427;057540036036;100mN32014E42291;SM;NA;4;20;M;F;1824;NEP
057540036036-3427;057540036036;100mN32014E42291;SM;NA;4;9;S;M;0614;NEP
057540036036-3427;057540036036;100mN32014E42291;SM;NA;4;10;S;F;0614;NEP
057540036036-3428;057540036036;100mN32014E42291;MC;NA;2;58;M;M;5064;EMP
057540036036-3428;057540036036;100mN32014E42291;MC;NA;2;53;M;F;5064;NEP
057540036036-3429;057540036036;100mN31975E42248;SF;NA;2;50;S;F;5064;EMP
057540036036-3429;057540036036;100mN31975E42248;SF;NA;2;19;S;M;1824;EMP
057540036036-3430;057540036036;100mN32018E42238;MC;OS;2;72;M;F;6574;NEP
057540036036-3430;057540036036;100mN32018E42238;MC;OS;2;77;M;M;75XX;UEP
057540036036-3431;057540036036;100mN32015E42250;SF;MIX;2;86;D;F;75XX;EMP
057540036036-3431;057540036036;100mN32015E42250;SF;MIX;2;62;M;M;5064;NEP
057540036036-3432;057540036036;100mN32014E42291;PO;NA;2;26;S;F;2529;EMP
057540036036-3432;057540036036;100mN32014E42291;PO;NA;2;27;S;F;2529;EMP
057540036036-3433;057540036036;100mN32012E42291;S;OS;1;35;D;M;3039;NEP
057540036036-3434;057540036036;100mN32014E42291;MC;MIX;3;78;S;M;75XX;EMP
057540036036-3434;057540036036;100mN32014E42291;MC;MIX;3;35;M;F;3039;EMP
057540036036-3434;057540036036;100mN32014E42291;MC;MIX;3;36;M;M;3039;NEP
057540036036-3435;057540036036;100mN31976E42248;S;OS;1;28;W;F;2529;EMP
057540036036-3436;057540036036;100mN31984E42280;MC;NA;2;38;M;F;3039;NEP
057540036036-3436;057540036036;100mN31984E42280;MC;NA;2;35;M;M;3039;EMP
057540036036-3437;057540036036;100mN31996E42260;PO;NA;2;26;S;M;2529;NEP
057540036036-3437;057540036036;100mN31996E42260;PO;NA;2;28;S;F;2529;EMP
057540036036-3438;057540036036;100mN32014E42291;MC;OS;2;72;M;M;6574;NEP
057540036036-3438;057540036036;100mN32014E42291;MC;OS;2;67;M;F;6574;EMP
057540036036-3439;057540036036;100mN32014E42291;MC;NA;3;37;M;M;3039;EMP
057540036036-3439;057540036036;100mN32014E42291;MC;NA;3;40;M;F;4049;EMP
057540036036-3439;057540036036;100mN32014E42291;MC;NA;3;9;S;M;0614;NEP
057540036036-3440;057540036036;100mN31976E42253;MC;NA;4;60;M;M;5064;UEP
057540036036-3440;057540036036;100mN31976E42253;MC;NA;4;59;M;F;5064;EMP
057540036036-3440;057540036036;100mN31976E42253;MC;NA;4;7;S;M;0614;NEP
057540036036-3440;057540036036;100mN31976E42253;MC;NA;4;16;S;M;1517;EMP
057540036036-3441;057540036036;100mN32008E42278;MC;NA;2;27;M;M;2529;EMP
057540036036-3441;057540036036;100mN32008E42278;MC;NA;2;20;M;F;1824;EMP
057540036036-3442;057540036036;100mN32014E42291;S;NA;1;20;W;F;1824;EMP
057540036036-3443;057540036036;100mN32014E42291;SF;MIX;4;78;D;M;75XX;NEP
057540036036-3443;057540036036;100mN32014E42291;SF;MIX;4;42;D;F;4049;EMP
057540036036-3443;057540036036;100mN32014E42291;SF;MIX;4;12;S;F;0614;NEP
057540036036-3443;057540036036;100mN32014E42291;SF;MIX;4;13;S;F;0614;NEP
057540036036-3444;057540036036;100mN32005E42282;S;NA;1;59;D;F;5064;EMP
057540036036-3445;057540036036;100mN32014E42291;MC;NA;2;21;M;F;1824;EMP
057540036036-3445;057540036036;100mN32014E42291;MC;NA;2;18;M;M;1824;EMP
057540036036-3446;057540036036;100mN32014E42291;MC;NA;4;44;M;M;4049;EMP
057540036036-3446;057540036036;100mN32014E42291;MC;NA;4;42;M;F;4049;NEP
057540036036-3446;057540036036;100mN32014E42291;MC;NA;4;25;D;M;2529;NEP
057540036036-3446;057540036036;100mN32014E42291;MC;NA;4;4;S;M;0305;NEP
057540036036-3447;057540036036;100mN31981E42242;SF;MIX;3;86;W;F;75XX;NEP
057540036036-3447;057540036036;100mN31981E42242;SF;MIX;3;20;W;F;1824;EMP
057540036036-3447;057540036036;100mN31981E42242;SF;MIX;3;2;S;F;0003;NEP
057540036036-3448;057540036036;100mN32005E42251;MC;OS;6;65;M;F;6574;NEP
057540036036-3448;057540036036;100mN32005E42251;MC;OS;6;68;M;M;6574;NEP
057540036036-3448;057540036036;100mN32005E42251;MC;OS;6;70;M;M;6574;EMP
057540036036-3448;057540036036;100mN32005E42251;MC;OS;6;81;S;M;75XX;UEP
057540036036-3448;057540036036;100mN32005E42251;MC;OS;6;85;M;M;75XX;EMP
057540036036-3448;057540036036;100mN32005E42251;MC;OS;6;73;W;F;6574;NEP
057540036036-3449;057540036036;100mN31985E42270;S;OS;1;50;S;F;5064;EMP
057540036036-3450;057540036036;100mN32001E42262;S;OS;1;35;S;M;3039;EMP
057540036036-3451;057540036036;100mN31982E42260;S;NA;1;80;S;M;75XX;EMP
057540036036-3452;057540036036;100mN32017E42290;MC;NA;4;46;M;M;4049;EMP
057540036036-3452;057540036036;100mN32017E42290;MC;NA;4;45;M;F;4049;NEP
057540036036-3452;057540036036;100mN32017E42290;MC;NA;4;7;S;M;0614;NEP
057540036036-3452;057540036036;100mN32017E42290;MC;NA;4;31;S;M;3039;NEP
057540036036-3453;057540036036;100mN31961E42300;MC;NA;2;44;M;M;4049;EMP
057540036036-3453;057540036036;100mN31961E42300;MC;NA;2;42;M;F;4049;NEP
057540036036-3454;057540036036;100mN31982E42260;S;NA;1;23;M;F;1824;EMP
057540036036-3455;057540036036;100mN32007E42277;S;NA;1;19;M;M;1824;NEP
057540036036-3456;057540036036;100mN32007E42277;S;NA;1;28;M;M;2529;EMP
057540036036-3457;057540036036;100mN31951E42247;SF;NA;3;43;W;F;4049;EMP
057540036036-3457;057540036036;100mN31951E42247;SF;NA;3;13;S;M;0614;NEP
057540036036-3457;057540036036;100mN31951E42247;SF;NA;3;8;S;F;0614;NEP
057540036036-3458;057540036036;100mN32012E42243;MC;NA;4;62;M;F;5064;NEP
057540036036-3458;057540036036;100mN32012E42243;MC;NA;4;68;S;M;6574;EMP
057540036036-3458;057540036036;100mN32012E42243;MC;NA;4;2;S;M;0003;NEP
057540036036-3458;057540036036;100mN32012E42243;MC;NA;4;13;S;F;0614;NEP
057540036036-3459;057540036036;100mN32007E42277;S;NA;1;22;M;F;1824;EMP
057540036036-3460;057540036036;100mN32001E42293;PO;NA;2;56;S;M;5064;EMP
057540036036-3460;057540036036;100mN32001E42293;PO;NA;2;54;S;F;5064;EMP
057540036036-3461;057540036036;100mN31983E42280;S;NA;1;38;S;M;3039;EMP
057540036036-3462;057540036036;100mN32001E42298;MC;NA;3;44;M;M;4049;NEP
057540036036-3462;057540036036;100mN32001E42298;MC;NA;3;45;M;F;4049;NEP
057540036036-3462;057540036036;100mN32001E42298;MC;NA;3;27;M;F;2529;NEP
057540036036-3463;057540036036;100mN31991E42263;S;NA;1;44;S;F;4049;EMP
057540036036-3464;057540036036;100mN31985E42268;S;NA;1;34;M;M;3039;NEP
057540036036-3465;057540036036;100mN32018E42250;SF;NA;2;44;S;F;4049;EMP
057540036036-3465;057540036036;100mN32018E42250;SF;NA;2;16;S;M;1517;EMP
057540036036-3466;057540036036;100mN31985E42268;MC;NA;4;41;M;F;4049;EMP
057540036036-3466;057540036036;100mN31985E42268;MC;NA;4;44;M;M;4049;NEP
057540036036-3466;057540036036;100mN31985E42268;MC;NA;4;4;S;M;0305;NEP
057540036036-3466;057540036036;100mN31985E42268;MC;NA;4;6;S;F;0614;NEP
057540036036-3467;057540036036;100mN31987E42258;NA;NA;4;25;W;F;2529;EMP
057540036036-3467;057540036036;100mN31987E42258;NA;NA;4;44;M;M;4049;NEP
057540036036-3467;057540036036;100mN31987E42258;NA;NA;4;16;S;M;1517;NEP
057540036036-3467;057540036036;100mN31987E42258;NA;NA;4;46;W;F;4049;EMP
057540036036-3468;057540036036;100mN31969E42245;MC;NA;2;56;M;M;5064;EMP
057540036036-3468;057540036036;100mN31969E42245;MC;NA;2;47;M;F;4049;EMP
057540036036-3469;057540036036;100mN32019E42245;MC;OS;2;76;M;F;75XX;NEP
057540036036-3469;057540036036;100mN32019E42245;MC;OS;2;78;M;M;75XX;NEP
057540036036-3470;057540036036;100mN32019E42246;MC;MIX;3;65;S;M;6574;EMP
057540036036-3470;057540036036;100mN32019E42246;MC;MIX;3;41;M;F;4049;NEP
057540036036-3470;057540036036;100mN32019E42246;MC;MIX;3;41;M;M;4049;EMP
057540036036-3471;057540036036;100mN31996E42256;S;OS;1;36;S;M;3039;EMP
057540036036-3472;057540036036;100mN32019E42246;MC;NA;3;25;M;M;2529;EMP
057540036036-3472;057540036036;100mN32019E42246;MC;NA;3;18;M;F;1824;NEP
057540036036-3472;057540036036;100mN32019E42246;MC;NA;3;7;S;M;0614;NEP
057540036036-3473;057540036036;100mN32019E42246;SF;NA;2;63;S;F;5064;EMP
057540036036-3473;057540036036;100mN32019E42246;SF;NA;2;1;S;F;0003;NEP
057540036036-3474;057540036036;100mN31973E42251;S;NA;1;45;D;F;4049;EMP
057540036036-3475;057540036036;100mN32019E42246;MC;MIX;6;69;M;M;6574;EMP
057540036036-3475;057540036036;100mN32019E42246;MC;MIX;6;56;M;F;5064;EMP
057540036036-3475;057540036036;100mN32019E42246;MC;MIX;6;56;M;M;5064;NEP
057540036036-3475;057540036036;100mN32019E42246;MC;MIX;6;3;S;M;0305;NEP
057540036036-3475;057540036036;100mN32019E42246;MC;MIX;6;7;S;F;0614;NEP
057540036036-3475;057540036036;100mN32019E42246;MC;MIX;6;6;S;M;0614;NEP
057540036036-3476;057540036036;100mN31972E42269;SM;NA;3;43;D;M;4049;EMP
057540036036-3476;057540036036;100mN31972E42269;SM;NA;3;26;M;M;2529;NEP
057540036036-3476;057540036036;100mN31972E42269;SM;NA;3;2;S;F;0003;NEP
057540036036-3477;057540036036;100mN32019E42246;MC;NA;3;42;M;M;4049;NEP
057540036036-3477;057540036036;100mN32019E42246;MC;NA;3;41;M;F;4049;NEP
057540036036-3477;057540036036;100mN32019E42246;MC;NA;3;0;S;M;0003;NEP
057540036036-3478;057540036036;100mN32019E42246;MC;NA;3;53;M;F;5064;EMP
057540036036-3478;057540036036;100mN32019E42246;MC;NA;3;54;M;M;5064;EMP
057540036036-3478;057540036036;100mN32019E42246;MC;NA;3;28;M;F;2529;EMP
057540036036-3479;057540036036;100mN32019E42246;MC;NA;2;21;M;F;1824;EMP
057540036036-3479;057540036036;100mN32019E42246;MC;NA;2;47;M;M;4049;NEP
057540036036-3480;057540036036;100mN31976E42248;MC;NA;2;27;M;M;2529;EMP
057540036036-3480;057540036036;100mN31976E42248;MC;NA;2;26;M;F;2529;EMP
057540036036-3481;057540036036;100mN32018E42254;MC;NA;2;55;M;M;5064;EMP
057540036036-3481;057540036036;100mN32018E42254;MC;NA;2;54;M;F;5064;EMP
057540036036-3482;057540036036;100mN32015E42250;SF;MIX;2;86;D;F;75XX;EMP
057540036036-3482;057540036036;100mN32015E42250;SF;MIX;2;62;M;M;5064;NEP
057540036036-3483;057540036036;100mN32008E42255;MC;NA;2;43;M;M;4049;EMP
057540036036-3483;057540036036;100mN32008E42255;MC;NA;2;43;M;F;4049;EMP
057540036036-3484;057540036036;100mN31963E42305;S;NA;1;18;W;F;1824;NEP
057540036036-3485;057540036036;100mN31976E42251;MC;MIX;4;65;M;F;6574;EMP
057540036036-3485;057540036036;100mN31976E42251;MC;MIX;4;46;M;M;4049;EMP
057540036036-3485;057540036036;100mN31976E42251;MC;MIX;4;44;M;F;4049;NEP
057540036036-3485;057540036036;100mN31976E42251;MC;MIX;4;8;S;F;0614;NEP
057540036036-3486;057540036036;100mN32008E42278;SF;NA;2;18;D;F;1824;EMP
057540036036-3486;057540036036;100mN32008E42278;SF;NA;2;1;S;M;0003;NEP
057540036036-3487;057540036036;100mN32001E42296;SF;NA;3;27;S;F;2529;EMP
057540036036-3487;057540036036;100mN32001E42296;SF;NA;3;11;S;F;0614;NEP
057540036036-3487;057540036036;100mN32001E42296;SF;NA;3;2;S;M;0003;NEP
057540036036-3488;057540036036;100mN32014E42227;S;NA;1;71;M;F;6574;NEP
057540036036-3489;057540036036;100mN31968E42297;NA;NA;2;31;M;M;3039;NEP
057540036036-3489;057540036036;100mN31968E42297;NA;NA;2;55;M;M;5064;NEP
057540036036-3490;057540036036;100mN32012E42305;PO;NA;4;48;S;F;4049;EMP
057540036036-3490;057540036036;100mN32012E42305;PO;NA;4;46;S;F;4049;EMP
057540036036-3490;057540036036;100mN32012E42305;PO;NA;4;12;S;M;0614;NEP
057540036036-3490;057540036036;100mN32012E42305;PO;NA;4;4;S;F;0305;NEP
057540036036-3491;057540036036;100mN32021E42253;S;NA;1;36;S;F;3039;EMP
057540036036-3492;057540036036;100mN32021E42253;MC;MIX;3;73;S;M;6574;EMP
057540036036-3492;057540036036;100mN32021E42253;MC;MIX;3;30;M;F;3039;NEP
057540036036-3492;057540036036;100mN32021E42253;MC;MIX;3;32;M;M;3039;EMP
057540036036-3493;057540036036;100mN31964E42283;S;NA;1;46;M;M;4049;EMP
057540036036-3494;057540036036;100mN32021E42253;MC;OS;4;65;M;M;6574;EMP
057540036036-3494;057540036036;100mN32021E42253;MC;OS;4;65;M;F;6574;NEP
057540036036-3494;057540036036;100mN32021E42253;MC;OS;4;86;M;M;75XX;EMP
057540036036-3494;057540036036;100mN32021E42253;MC;OS;4;71;D;F;6574;EMP
057540036036-3495;057540036036;100mN32005E42279;MC;NA;2;50;M;M;5064;UEP
057540036036-3495;057540036036;100mN32005E42279;MC;NA;2;46;M;F;4049;NEP
057540036036-3496;057540036036;100mN32021E42253;S;NA;1;63;D;M;5064;EMP
057540036036-3497;057540036036;100mN32021E42253;MC;NA;4;30;M;F;3039;NEP
057540036036-3497;057540036036;100mN32021E42253;MC;NA;4;30;M;M;3039;EMP
057540036036-3497;057540036036;100mN32021E42253;MC;NA;4;6;S;F;0614;NEP
057540036036-3497;057540036036;100mN32021E42253;MC;NA;4;4;S;M;0305;NEP
057540036036-3498;057540036036;100mN31998E42292;MC;NA;4;37;M;F;3039;EMP
057540036036-3498;057540036036;100mN31998E42292;MC;NA;4;37;M;M;3039;EMP
057540036036-3498;057540036036;100mN31998E42292;MC;NA;4;7;S;M;0614;NEP
057540036036-3498;057540036036;100mN31998E42292;MC;NA;4;20;S;F;1824;NEP
057540036036-3499;057540036036;100mN31998E42292;PO;NA;2;60;S;M;5064;EMP
057540036036-3499;057540036036;100mN31998E42292;PO;NA;2;61;S;M;5064;EMP
057540036036-3500;057540036036;100mN31998E42292;MC;OS;2;72;M;M;6574;EMP
057540036036-3500;057540036036;100mN31998E42292;MC;OS;2;65;M;F;6574;EMP
057540036036-3501;057540036036;100mN31962E42308;MC;MIX;2;72;M;F;6574;EMP
057540036036-3501;057540036036;100mN31962E42308;MC;MIX;2;51;M;F;5064;NEP
057540036036-3502;057540036036;100mN31999E42256;MC;NA;5;44;M;F;4049;NEP
057540036036-3502;057540036036;100mN31999E42256;MC;NA;5;52;M;M;5064;EMP
057540036036-3502;057540036036;100mN31999E42256;MC;NA;5;22;D;M;1824;EMP
057540036036-3502;057540036036;100mN31999E42256;MC;NA;5;27;S;M;2529;EMP
057540036036-3502;057540036036;100mN31999E42256;MC;NA;5;4;S;M;0305;NEP
057540036036-3503;057540036036;100mN32020E42246;MC;NA;2;44;M;M;4049;EMP
057540036036-3503;057540036036;100mN32020E42246;MC;NA;2;37;M;F;3039;EMP
057540036036-3504;057540036036;100mN31996E42261;PO;NA;6;25;S;F;2529;EMP
057540036036-3504;057540036036;100mN31996E42261;PO;NA;6;27;S;F;2529;NEP
057540036036-3504;057540036036;100mN31996E42261;PO;NA;6;9;S;F;0614;NEP
057540036036-3504;057540036036;100mN31996E42261;PO;NA;6;8;S;F;0614;NEP
057540036036-3504;057540036036;100mN31996E42261;PO;NA;6;7;S;F;0614;NEP
057540036036-3504;057540036036;100mN31996E42261;PO;NA;6;7;S;M;0614;NEP
057540036036-3505;057540036036;100mN32020E42246;MC;NA;4;63;M;F;5064;NEP
057540036036-3505;057540036036;100mN32020E42246;MC;NA;4;61;M;M;5064;NEP
057540036036-3505;057540036036;100mN32020E42246;MC;NA;4;43;M;F;4049;EMP
057540036036-3505;057540036036;100mN32020E42246;MC;NA;4;11;S;M;0614;NEP
057540036036-3506;057540036036;100mN32020E42246;S;NA;1;16;S;F;1517;EMP
057540036036-3507;057540036036;100mN32020E42246;S;NA;1;45;W;M;4049;EMP
057540036036-3508;057540036036;100mN32020E42246;S;OS;1;58;M;M;5064;EMP
057540036036-3509;057540036036;100mN32020E42246;MC;NA;2;47;M;F;4049;NEP
057540036036-3509;057540036036;100mN32020E42246;MC;NA;2;50;M;M;5064;NEP
057540036036-3510;057540036036;100mN31995E42257;S;NA;1;30;W;F;3039;NEP
057540036036-3511;057540036036;100mN32020E42246;PO;NA;4;36;S;M;3039;EMP
057540036036-3511;057540036036;100mN32020E42246;PO;NA;4;33;S;M;3039;EMP
057540036036-3511;057540036036;100mN32020E42246;PO;NA;4;13;S;M;0614;NEP
057540036036-3511;057540036036;100mN32020E42246;PO;NA;4;21;M;M;1824;EMP
057540036036-3512;057540036036;100mN31964E42278;SF;NA;4;77;S;F;75XX;EMP
057540036036-3512;057540036036;100mN31964E42278;SF;NA;4;7;S;M;0614;NEP
057540036036-3512;057540036036;100mN31964E42278;SF;NA;4;31;M;M;3039;EMP
057540036036-3512;057540036036;100mN31964E42278;SF;NA;4;28;S;M;2529;EMP
057540036036-3513;057540036036;100mN31977E42286;S;OS;1;51;W;F;5064;NEP
057540036036-3514;057540036036;100mN31999E42254;MC;NA;6;38;M;F;3039;EMP
057540036036-3514;057540036036;100mN31999E42254;MC;NA;6;47;M;M;4049;EMP
057540036036-3514;057540036036;100mN31999E42254;MC;NA;6;7;S;M;0614;NEP
057540036036-3514;057540036036;100mN31999E42254;MC;NA;6;0;S;M;0003;NEP
057540036036-3514;057540036036;100mN31999E42254;MC;NA;6;12;S;F;0614;NEP
057540036036-3514;057540036036;100mN31999E42254;MC;NA;6;16;S;M;1517;EMP
057540036036-3515;057540036036;100mN31998E42259;S;NA;1;80;M;F;75XX;EMP
057540036036-3516;057540036036;100mN32014E42289;MC;MIX;4;69;S;F;6574;NEP
057540036036-3516;057540036036;100mN32014E42289;MC;MIX;4;55;M;M;5064;EMP
057540036036-3516;057540036036;100mN32014E42289;MC;MIX;4;47;M;F;4049;EMP
057540036036-3516;057540036036;100mN32014E42289;MC;MIX;4;37;S;F;3039;NEP
057540036036-3517;057540036036;100mN32012E42226;NA;OS;4;72;S;F;6574;NEP
057540036036-3517;057540036036;100mN32012E42226;NA;OS;4;57;D;M;5064;EMP
057540036036-3517;057540036036;100mN32012E42226;NA;OS;4;83;M;M;75XX;EMP
057540036036-3517;057540036036;100mN32012E42226;NA;OS;4;61;M;M;5064;NEP
057540036036-3518;057540036036;100mN31998E42259;MC;NA;4;25;M;F;2529;EMP
057540036036-3518;057540036036;100mN31998E42259;MC;NA;4;26;M;M;2529;EMP
057540036036-3518;057540036036;100mN31998E42259;MC;NA;4;6;S;F;0614;NEP
057540036036-3518;057540036036;100mN31998E42259;MC;NA;4;6;S;M;0614;NEP
057540036036-3519;057540036036;100mN31998E42259;MC;NA;4;45;M;F;4049;EMP
057540036036-3519;057540036036;100mN31998E42259;MC;NA;4;47;M;M;4049;EMP
057540036036-3519;057540036036;100mN31998E42259;MC;NA;4;13;S;M;0614;NEP
057540036036-3519;057540036036;100mN31998E42259;MC;NA;4;3;S;F;0305;NEP
057540036036-3520;057540036036;100mN31998E42259;SF;NA;2;50;S;F;5064;NEP
057540036036-3520;057540036036;100mN31998E42259;SF;NA;2;16;S;F;1517;EMP
057540036036-3521;057540036036;100mN31998E42259;S;OS;1;53;M;F;5064;EMP
057540036036-3522;057540036036;100mN31998E42259;SF;NA;3;41;S;F;4049;NEP
057540036036-3522;057540036036;100mN31998E42259;SF;NA;3;7;S;M;0614;NEP
057540036036-3522;057540036036;100mN31998E42259;SF;NA;3;2;S;F;0003;NEP
057540036036-3523;057540036036;100mN31998E42259;S;NA;1;63;M;F;5064;NEP
057540036036-3524;057540036036;100mN31998E42259;MC;NA;2;42;M;F;4049;EMP
057540036036-3524;057540036036;100mN31998E42259;MC;NA;2;47;M;M;4049;EMP
057540036036-3525;057540036036;100mN31965E42240;PO;NA;3;48;S;F;4049;NEP
057540036036-3525;057540036036;100mN31965E42240;PO;NA;3;46;S;F;4049;EMP
057540036036-3525;057540036036;100mN31965E42240;PO;NA;3;11;S;F;0614;NEP
057540036036-3526;057540036036;100mN31998E42259;MC;NA;3;44;M;M;4049;EMP
057540036036-3526;057540036036;100mN31998E42259;MC;NA;3;47;M;F;4049;NEP
057540036036-3526;057540036036;100mN31998E42259;MC;NA;3;1;S;F;0003;NEP
057540036036-3527;057540036036;100mN31993E42277;MC;MIX;3;89;M;M;75XX;EMP
057540036036-3527;057540036036;100mN31993E42277;MC;MIX;3;35;M;F;3039;EMP
057540036036-3527;057540036036;100mN31993E42277;MC;MIX;3;45;M;M;4049;EMP
057540036036-3528;057540036036;100mN31998E42259;MC;NA;2;21;M;F;1824;EMP
057540036036-3528;057540036036;100mN31998E42259;MC;NA;2;21;M;M;1824;EMP
057540036036-3529;057540036036;100mN31998E42259;MC;NA;2;38;M;M;3039;EMP
057540036036-3529;057540036036;100mN31998E42259;MC;NA;2;40;M;F;4049;NEP
057540036036-3530;057540036036;100mN32013E42288;SF;NA;4;83;S;F;75XX;EMP
057540036036-3530;057540036036;100mN32013E42288;SF;NA;4;28;S;F;2529;EMP
057540036036-3530;057540036036;100mN32013E42288;SF;NA;4;15;S;M;1517;EMP
057540036036-3530;057540036036;100mN32013E42288;SF;NA;4;12;S;M;0614;NEP
057540036036-3531;057540036036;100mN31998E42259;MC;MIX;3;69;D;F;6574;NEP
057540036036-3531;057540036036;100mN31998E42259;MC;MIX;3;25;M;F;2529;NEP
057540036036-3531;057540036036;100mN31998E42259;MC;MIX;3;26;M;M;2529;EMP
057540036036-3532;057540036036;100mN31998E42259;MC;NA;2;21;M;F;1824;EMP
057540036036-3532;057540036036;100mN31998E42259;MC;NA;2;22;M;M;1824;EMP
057540036036-3533;057540036036;100mN32005E42289;SF;NA;2;46;W;F;4049;NEP
057540036036-3533;057540036036;100mN32005E42289;SF;NA;2;7;S;F;0614;NEP
057540036036-3534;057540036036;100mN31967E42276;S;OS;1;70;W;F;6574;EMP
057540036036-3535;057540036036;100mN31999E42254;PO;NA;2;47;S;M;4049;UEP
057540036036-3535;057540036036;100mN31999E42254;PO;NA;2;48;S;F;4049;NEP
057540036036-3536;057540036036;100mN32001E42257;S;NA;1;45;D;F;4049;EMP
057540036036-3537;057540036036;100mN31976E42252;MC;NA;3;58;M;F;5064;EMP
057540036036-3537;057540036036;100mN31976E42252;MC;NA;3;62;M;M;5064;NEP
057540036036-3537;057540036036;100mN31976E42252;MC;NA;3;23;W;F;1824;NEP
057540036036-3538;057540036036;100mN32014E42290;MC;MIX;2;75;M;M;75XX;EMP
057540036036-3538;057540036036;100mN32014E42290;MC;MIX;2;27;S;M;2529;EMP
057540036036-3539;057540036036;100mN32014E42290;MC;OS;3;79;M;F;75XX;EMP
057540036036-3539;057540036036;100mN32014E42290;MC;OS;3;88;M;M;75XX;NEP
057540036036-3539;057540036036;100mN32014E42290;MC;OS;3;69;M;M;6574;EMP
057540036036-3540;057540036036;100mN32014E42290;S;NA;1;26;S;M;2529;EMP
057540036036-3541;057540036036;100mN32005E42282;S;NA;1;62;W;F;5064;NEP
057540036036-3542;057540036036;100mN32005E42279;PO;NA;3;59;S;M;5064;EMP
057540036036-3542;057540036036;100mN32005E42279;PO;NA;3;51;S;F;5064;EMP
057540036036-3542;057540036036;100mN32005E42279;PO;NA;3;10;S;F;0614;NEP
057540036036-3543;057540036036;100mN32021E42246;MC;NA;3;51;M;M;5064;EMP
057540036036-3543;057540036036;100mN32021E42246;MC;NA;3;47;M;F;4049;EMP
057540036036-3543;057540036036;100mN32021E42246;MC;NA;3;13;S;M;0614;NEP
057540036036-3544;057540036036;100mN32014E42290;MC;NA;3;54;M;F;5064;NEP
057540036036-3544;057540036036;100mN32014E42290;MC;NA;3;55;M;M;5064;EMP
057540036036-3544;057540036036;100mN32014E42290;MC;NA;3;36;W;F;3039;EMP
057540036036-3545;057540036036;100mN32014E42290;MC;NA;5;38;M;M;3039;NEP
057540036036-3545;057540036036;100mN32014E42290;MC;NA;5;47;M;F;4049;EMP
057540036036-3545;057540036036;100mN32014E42290;MC;NA;5;4;S;F;0305;NEP
057540036036-3545;057540036036;100mN32014E42290;MC;NA;5;21;S;F;1824;NEP
057540036036-3545;057540036036;100mN32014E42290;MC;NA;5;23;S;M;1824;EMP
057540036036-3546;057540036036;100mN32014E42290;MC;NA;2;44;M;F;4049;NEP
057540036036-3546;057540036036;100mN32014E42290;MC;NA;2;50;M;M;5064;EMP
057540036036-3547;057540036036;100mN32018E42250;PO;NA;4;60;S;M;5064;EMP
057540036036-3547;057540036036;100mN32018E42250;PO;NA;4;53;S;F;5064;EMP
057540036036-3547;057540036036;100mN32018E42250;PO;NA;4;30;M;M;3039;NEP
057540036036-3547;057540036036;100mN32018E42250;PO;NA;4;11;S;F;0614;NEP
057540036036-3548;057540036036;100mN32014E42288;SF;NA;3;59;D;F;5064;EMP
057540036036-3548;057540036036;100mN32014E42288;SF;NA;3;22;S;F;1824;NEP
057540036036-3548;057540036036;100mN32014E42288;SF;NA;3;9;S;F;0614;NEP
057540036036-3549;057540036036;100mN32019E42242;MC;NA;2;42;M;F;4049;EMP
057540036036-3549;057540036036;100mN32019E42242;MC;NA;2;42;M;M;4049;EMP
057540036036-3550;057540036036;100mN31973E42255;NA;NA;6;40;S;M;4049;EMP
057540036036-3550;057540036036;100mN31973E42255;NA;NA;6;62;M;F;5064;EMP
057540036036-3550;057540036036;100mN31973E42255;NA;NA;6;47;M;M;4049;EMP
057540036036-3550;057540036036;100mN31973E42255;NA;NA;6;52;W;F;5064;NEP
057540036036-3550;057540036036;100mN31973E42255;NA;NA;6;38;W;F;3039;EMP
057540036036-3550;057540036036;100mN31973E42255;NA;NA;6;41;W;F;4049;NEP
057540036036-3551;057540036036;100mN32014E42290;PO;NA;3;50;S;F;5064;NEP
057540036036-3551;057540036036;100mN32014E42290;PO;NA;3;55;S;F;5064;EMP
057540036036-3551;057540036036;100mN32014E42290;PO;NA;3;12;S;M;0614;NEP
057540036036-3552;057540036036;100mN32014E42290;S;OS;1;48;M;F;4049;NEP
057540036036-3553;057540036036;100mN31994E42260;MC;NA;2;18;M;M;1824;EMP
057540036036-3553;057540036036;100mN31994E42260;MC;NA;2;18;M;F;1824;EMP
057540036036-3554;057540036036;100mN32014E42290;SF;NA;4;46;S;F;4049;EMP
057540036036-3554;057540036036;100mN32014E42290;SF;NA;4;2;S;M;0003;NEP
057540036036-3554;057540036036;100mN32014E42290;SF;NA;4;10;S;F;0614;NEP
057540036036-3554;057540036036;100mN32014E42290;SF;NA;4;16;S;F;1517;EMP
057540036036-3555;057540036036;100mN32014E42290;SF;NA;4;41;W;F;4049;NEP
057540036036-3555;057540036036;100mN32014E42290;SF;NA;4;22;D;F;1824;EMP
057540036036-3555;057540036036;100mN32014E42290;SF;NA;4;2;S;F;0003;NEP
057540036036-3555;057540036036;100mN32014E42290;SF;NA;4;7;S;F;0614;NEP
057540036036-3556;057540036036;100mN32014E42290;PO;MIX;5;66;M;F;6574;EMP
057540036036-3556;057540036036;100mN32014E42290;PO;MIX;5;31;S;F;3039;NEP
057540036036-3556;057540036036;100mN32014E42290;PO;MIX;5;35;S;M;3039;NEP
057540036036-3556;057540036036;100mN32014E42290;PO;MIX;5;15;S;F;1517;NEP
057540036036-3556;057540036036;100mN32014E42290;PO;MIX;5;3;S;M;0305;NEP
057540036036-3557;057540036036;100mN31972E42268;S;NA;1;53;M;F;5064;NEP
057540036036-3558;057540036036;100mN31975E42300;SF;NA;2;72;W;F;6574;NEP
057540036036-3558;057540036036;100mN31975E42300;SF;NA;2;45;W;F;4049;EMP
057540036036-3559;057540036036;100mN31996E42267;S;NA;1;69;S;F;6574;EMP
057540036036-3560;057540036036;100mN32009E42279;S;OS;1;43;D;F;4049;NEP
057540036036-3561;057540036036;100mN32017E42255;MC;OS;3;89;M;M;75XX;NEP
057540036036-3561;057540036036;100mN32017E42255;MC;OS;3;87;M;F;75XX;NEP
057540036036-3561;057540036036;100mN32017E42255;MC;OS;3;65;D;F;6574;EMP
057540036036-3562;057540036036;100mN32015E42251;MC;OS;2;89;M;F;75XX;NEP
057540036036-3562;057540036036;100mN32015E42251;MC;OS;2;6;S;F;0614;NEP
057540036036-3563;057540036036;100mN32018E42248;S;OS;1;47;M;F;4049;EMP
057540036036-3564;057540036036;100mN32015E42251;MC;NA;6;57;M;M;5064;EMP
057540036036-3564;057540036036;100mN32015E42251;MC;NA;6;53;M;F;5064;NEP
057540036036-3564;057540036036;100mN32015E42251;MC;NA;6;12;S;M;0614;NEP
057540036036-3564;057540036036;100mN32015E42251;MC;NA;6;0;S;M;0003;NEP
057540036036-3564;057540036036;100mN32015E42251;MC;NA;6;33;S;F;3039;EMP
057540036036-3564;057540036036;100mN32015E42251;MC;NA;6;32;M;M;3039;EMP
057540036036-3565;057540036036;100mN31999E42256;PO;MIX;3;83;S;F;75XX;EMP
057540036036-3565;057540036036;100mN31999E42256;PO;MIX;3;46;S;M;4049;EMP
057540036036-3565;057540036036;100mN31999E42256;PO;MIX;3;41;S;F;4049;NEP
057540036036-3566;057540036036;100mN31995E42259;S;OS;1;31;D;M;3039;EMP
057540036036-3567;057540036036;100mN31999E42261;MC;OS;3;70;M;M;6574;EMP
057540036036-3567;057540036036;100mN31999E42261;MC;OS;3;67;M;F;6574;EMP
057540036036-3567;057540036036;100mN31999E42261;MC;OS;3;85;S;F;75XX;NEP
057540036036-3568;057540036036;100mN31995E42269;MC;NA;3;40;M;F;4049;EMP
057540036036-3568;057540036036;100mN31995E42269;MC;NA;3;63;M;M;5064;EMP
057540036036-3568;057540036036;100mN31995E42269;MC;NA;3;20;M;F;1824;EMP
057540036036-3569;057540036036;100mN31995E42269;MC;NA;3;60;M;F;5064;EMP
057540036036-3569;057540036036;100mN31995E42269;MC;NA;3;63;M;M;5064;EMP
057540036036-3569;057540036036;100mN31995E42269;MC;NA;3;11;S;M;0614;NEP
057540036036-3570;057540036036;100mN31995E42269;MC;NA;3;59;M;M;5064;NEP
057540036036-3570;057540036036;100mN31995E42269;MC;NA;3;58;M;F;5064;NEP
057540036036-3570;057540036036;100mN31995E42269;MC;NA;3;28;M;M;2529;UEP
057540036036-3571;057540036036;100mN31995E42269;MC;NA;2;48;M;M;4049;EMP
057540036036-3571;057540036036;100mN31995E42269;MC;NA;2;51;M;F;5064;EMP
057540036036-3572;057540036036;100mN32005E42277;S;OS;1;45;W;F;4049;NEP
057540036036-3573;057540036036;100mN32021E42256;MC;NA;3;40;M;F;4049;NEP
057540036036-3573;057540036036;100mN32021E42256;MC;NA;3;42;M;M;4049;EMP
057540036036-3573;057540036036;100mN32021E42256;MC;NA;3;6;S;M;0614;NEP
057540036036-3574;057540036036;100mN32004E42276;MC;NA;5;35;M;F;3039;EMP
057540036036-3574;057540036036;100mN32004E42276;MC;NA;5;43;M;M;4049;NEP
057540036036-3574;057540036036;100mN32004E42276;MC;NA;5;20;S;M;1824;EMP
057540036036-3574;057540036036;100mN32004E42276;MC;NA;5;4;S;F;0305;NEP
057540036036-3574;057540036036;100mN32004E42276;MC;NA;5;16;S;M;1517;EMP
057540036036-3575;057540036036;100mN32009E42248;PO;MIX;2;68;S;M;6574;NEP
057540036036-3575;057540036036;100mN32009E42248;PO;MIX;2;63;S;M;5064;EMP
057540036036-3576;057540036036;100mN32007E42254;MC;NA;3;52;M;F;5064;NEP
057540036036-3576;057540036036;100mN32007E42254;MC;NA;3;54;M;M;5064;NEP
057540036036-3576;057540036036;100mN32007E42254;MC;NA;3;21;W;F;1824;NEP
057540036036-3577;057540036036;100mN32019E42242;SF;NA;5;54;D;F;5064;NEP
057540036036-3577;057540036036;100mN32019E42242;SF;NA;5;13;S;F;0614;NEP
057540036036-3577;057540036036;100mN32019E42242;SF;NA;5;32;M;F;3039;EMP
057540036036-3577;057540036036;100mN32019E42242;SF;NA;5;13;S;M;0614;NEP
057540036036-3577;057540036036;100mN32019E42242;SF;NA;5;11;S;F;0614;NEP
057540036036-3578;057540036036;100mN32007E42254;S;OS;1;58;M;M;5064;EMP
057540036036-3579;057540036036;100mN31998E42283;MC;NA;3;40;M;F;4049;EMP
057540036036-3579;057540036036;100mN31998E42283;MC;NA;3;40;M;M;4049;EMP
057540036036-3579;057540036036;100mN31998E42283;MC;NA;3;9;S;M;0614;NEP
057540036036-3580;057540036036;100mN32007E42254;S;OS;1;56;M;M;5064;NEP
057540036036-3581;057540036036;100mN32003E42255;S;NA;1;41;M;M;4049;EMP
057540036036-3582;057540036036;100mN31994E42261;MC;OS;4;84;M;F;75XX;NEP
057540036036-3582;057540036036;100mN31994E42261;MC;OS;4;3;S;F;0305;NEP
057540036036-3582;057540036036;100mN31994E42261;MC;OS;4;70;M;F;6574;EMP
057540036036-3582;057540036036;100mN31994E42261;MC;OS;4;73;W;F;6574;NEP
057540036036-3583;057540036036;100mN31982E42264;S;NA;1;25;M;M;2529;EMP
057540036036-3584;057540036036;100mN32018E42255;MC;NA;3;52;M;M;5064;EMP
057540036036-3584;057540036036;100mN32018E42255;MC;NA;3;47;M;F;4049;EMP
057540036036-3584;057540036036;100mN32018E42255;MC;NA;3;8;S;M;0614;NEP
057540036036-3585;057540036036;100mN32003E42256;S;OS;1;48;S;M;4049;NEP
057540036036-3586;057540036036;100mN32003E42256;SF;NA;5;59;D;F;5064;EMP
057540036036-3586;057540036036;100mN32003E42256;SF;NA;5;12;S;M;0614;NEP
057540036036-3586;057540036036;100mN32003E42256;SF;NA;5;7;S;M;0614;NEP
057540036036-3586;057540036036;100mN32003E42256;SF;NA;5;36;D;F;3039;NEP
057540036036-3586;057540036036;100mN32003E42256;SF;NA;5;36;M;M;3039;NEP
057540036036-3587;057540036036;100mN32006E42253;S;NA;1;48;M;M;4049;EMP
057540036036-3588;057540036036;100mN32008E42287;MC;NA;2;32;M;F;3039;NEP
057540036036-3588;057540036036;100mN32008E42287;MC;NA;2;32;M;M;3039;EMP
057540036036-3589;057540036036;100mN32006E42253;SF;NA;2;81;S;F;75XX;EMP
057540036036-3589;057540036036;100mN32006E42253;SF;NA;2;11;S;M;0614;NEP
057540036036-3590;057540036036;100mN32006E42253;S;NA;1;53;W;F;5064;NEP
057540036036-3591;057540036036;100mN31964E42283;MC;OS;2;66;M;F;6574;EMP
057540036036-3591;057540036036;100mN31964E42283;MC;OS;2;66;M;M;6574;NEP
057540036036-3592;057540036036;100mN31996E42282;MC;NA;2;48;M;F;4049;EMP
057540036036-3592;057540036036;100mN31996E42282;MC;NA;2;51;M;M;5064;EMP
057540036036-3593;057540036036;100mN31999E42255;SF;MIX;5;65;M;F;6574;EMP
057540036036-3593;057540036036;100mN31999E42255;SF;MIX;5;52;W;F;5064;NEP
057540036036-3593;057540036036;100mN31999E42255;SF;MIX;5;34;M;M;3039;EMP
057540036036-3593;057540036036;100mN31999E42255;SF;MIX;5;7;S;M;0614;NEP
057540036036-3593;057540036036;100mN31999E42255;SF;MIX;5;16;S;F;1517;NEP
057540036036-3594;057540036036;100mN31991E42257;S;NA;1;54;S;F;5064;NEP
057540036036-3595;057540036036;100mN31996E42259;S;OS;1;40;W;M;4049;EMP
057540036036-3596;057540036036;100mN32006E42253;S;NA;1;28;M;M;2529;EMP
057540036036-3597;057540036036;100mN32006E42253;MC;NA;6;20;M;M;1824;EMP
057540036036-3597;057540036036;100mN32006E42253;MC;NA;6;25;M;F;2529;NEP
057540036036-3597;057540036036;100mN32006E42253;MC;NA;6;1;S;M;0003;NEP
057540036036-3597;057540036036;100mN32006E42253;MC;NA;6;4;S;F;0305;NEP
057540036036-3597;057540036036;100mN32006E42253;MC;NA;6;2;S;M;0003;NEP
057540036036-3597;057540036036;100mN32006E42253;MC;NA;6;3;S;F;0305;NEP
057540036036-3598;057540036036;100mN32022E42250;MC;NA;4;40;M;F;4049;EMP
057540036036-3598;057540036036;100mN32022E42250;MC;NA;4;47;M;M;4049;EMP
057540036036-3598;057540036036;100mN32022E42250;MC;NA;4;21;S;M;1824;EMP
057540036036-3598;057540036036;100mN32022E42250;MC;NA;4;7;S;F;0614;NEP
057540036036-3599;057540036036;100mN32006E42253;MC;NA;3;18;M;F;1824;NEP
057540036036-3599;057540036036;100mN32006E42253;MC;NA;3;18;M;M;1824;EMP
057540036036-3599;057540036036;100mN32006E42253;MC;NA;3;0;S;F;0003;NEP
057540036036-3600;057540036036;100mN32006E42253;MC;MIX;3;70;S;F;6574;NEP
057540036036-3600;057540036036;100mN32006E42253;MC;MIX;3;45;M;M;4049;EMP
057540036036-3600;057540036036;100mN32006E42253;MC;MIX;3;40;M;F;4049;NEP
057540036036-3601;057540036036;100mN32018E42246;MC;NA;5;50;M;M;5064;EMP
057540036036-3601;057540036036;100mN32018E42246;MC;NA;5;54;M;F;5064;NEP
057540036036-3601;057540036036;100mN32018E42246;MC;NA;5;1;S;M;0003;NEP
057540036036-3601;057540036036;100mN32018E42246;MC;NA;5;7;S;M;0614;NEP
057540036036-3601;057540036036;100mN32018E42246;MC;NA;5;4;S;M;0305;NEP
057540036036-3602;057540036036;100mN31993E42277;MC;NA;3;32;M;M;3039;EMP
057540036036-3602;057540036036;100mN31993E42277;MC;NA;3;30;M;F;3039;EMP
057540036036-3602;057540036036;100mN31993E42277;MC;NA;3;15;S;F;1517;EMP
057540036036-3603;057540036036;100mN32007E42281;S;NA;1;62;D;F;5064;EMP
057540036036-3604;057540036036;100mN32005E42285;MC;NA;6;34;M;M;3039;EMP
057540036036-3604;057540036036;100mN32005E42285;MC;NA;6;38;M;F;3039;NEP
057540036036-3604;057540036036;100mN32005E42285;MC;NA;6;11;S;M;0614;NEP
057540036036-3604;057540036036;100mN32005E42285;MC;NA;6;18;M;F;1824;EMP
057540036036-3604;057540036036;100mN32005E42285;MC;NA;6;19;S;M;1824;NEP
057540036036-3604;057540036036;100mN32005E42285;MC;NA;6;19;W;M;1824;NEP
057540036036-3605;057540036036;100mN31976E42248;S;OS;1;28;W;F;2529;EMP
057540036036-3606;057540036036;100mN32019E42250;MC;OS;4;69;M;M;6574;EMP
057540036036-3606;057540036036;100mN32019E42250;MC;OS;4;71;M;F;6574;NEP
057540036036-3606;057540036036;100mN32019E42250;MC;OS;4;88;S;M;75XX;EMP
057540036036-3606;057540036036;100mN32019E42250;MC;OS;4;68;M;M;6574;NEP
057540036036-3607;057540036036;100mN32019E42250;MC;NA;2;37;M;M;3039;NEP
057540036036-3607;057540036036;100mN32019E42250;MC;NA;2;34;M;F;3039;NEP
057540036036-3608;057540036036;100mN31996E42259;MC;OS;3;73;M;M;6574;NEP
057540036036-3608;057540036036;100mN31996E42259;MC;OS;3;73;M;F;6574;EMP
057540036036-3608;057540036036;100mN31996E42259;MC;OS;3;69;M;F;6574;EMP
057540036036-3609;057540036036;100mN32019E42250;SF;NA;2;18;S;F;1824;EMP
057540036036-3609;057540036036;100mN32019E42250;SF;NA;2;3;S;F;0305;NEP
057540036036-3610;057540036036;100mN32019E42250;NA;NA;2;30;S;M;3039;EMP
057540036036-3610;057540036036;100mN32019E42250;NA;NA;2;38;M;M;3039;EMP
057540036036-3611;057540036036;100mN32019E42250;MC;OS;2;72;M;F;6574;EMP
057540036036-3611;057540036036;100mN32019E42250;MC;OS;2;72;M;M;6574;EMP
057540036036-3612;057540036036;100mN32019E42250;SF;NA;2;26;S;F;2529;EMP
057540036036-3612;057540036036;100mN32019E42250;SF;NA;2;10;S;F;0614;NEP
057540036036-3613;057540036036;100mN32019E42250;S;NA;1;87;W;F;75XX;NEP
057540036036-3614;057540036036;100mN31962E42308;PO;NA;2;23;S;M;1824;NEP
057540036036-3614;057540036036;100mN31962E42308;PO;NA;2;22;S;F;1824;NEP
057540036036-3615;057540036036;100mN31962E42300;S;NA;1;37;S;M;3039;EMP
057540036036-3616;057540036036;100mN31991E42262;PO;OS;2;65;S;F;6574;EMP
057540036036-3616;057540036036;100mN31991E42262;PO;OS;2;85;S;M;75XX;EMP
057540036036-3617;057540036036;100mN32000E42262;MC;MIX;2;70;M;F;6574;NEP
057540036036-3617;057540036036;100mN32000E42262;MC;MIX;2;72;S;F;6574;EMP
057540036036-3618;057540036036;100mN32019E42250;MC;NA;4;40;M;M;4049;EMP
057540036036-3618;057540036036;100mN32019E42250;MC;NA;4;43;M;F;4049;NEP
057540036036-3618;057540036036;100mN32019E42250;MC;NA;4;7;S;F;0614;NEP
057540036036-3618;057540036036;100mN32019E42250;MC;NA;4;15;S;F;1517;NEP
057540036036-3619;057540036036;100mN32019E42250;PO;NA;4;41;S;F;4049;EMP
057540036036-3619;057540036036;100mN32019E42250;PO;NA;4;63;S;M;5064;EMP
057540036036-3619;057540036036;100mN32019E42250;PO;NA;4;3;S;M;0305;NEP
057540036036-3619;057540036036;100mN32019E42250;PO;NA;4;10;S;F;0614;NEP
057540036036-3620;057540036036;100mN32019E42250;MC;NA;2;63;M;F;5064;NEP
057540036036-3620;057540036036;100mN32019E42250;MC;NA;2;80;M;F;75XX;EMP
057540036036-3621;057540036036;100mN31978E42275;MC;NA;2;27;M;M;2529;EMP
057540036036-3621;057540036036;100mN31978E42275;MC;NA;2;20;M;F;1824;NEP
057540036036-3622;057540036036;100mN31978E42275;MC;NA;4;60;M;F;5064;NEP
057540036036-3622;057540036036;100mN31978E42275;MC;NA;4;63;M;M;5064;NEP
057540036036-3622;057540036036;100mN31978E42275;MC;NA;4;10;S;F;0614;NEP
057540036036-3622;057540036036;100mN31978E42275;MC;NA;4;7;S;M;0614;NEP
057540036036-3623;057540036036;100mN31978E42275;MC;MIX;2;68;M;M;6574;EMP
057540036036-3623;057540036036;100mN31978E42275;MC;MIX;2;62;M;F;5064;NEP
057540036036-3624;057540036036;100mN32008E42288;S;OS;1;32;M;F;3039;EMP
057540036036-3625;057540036036;100mN32015E42231;MC;NA;2;60;M;M;5064;EMP
057540036036-3625;057540036036;100mN32015E42231;MC;NA;2;60;M;F;5064;NEP
057540036036-3626;057540036036;100mN32022E42251;PO;MIX;4;72;M;M;6574;EMP
057540036036-3626;057540036036;100mN32022E42251;PO;MIX;4;33;S;M;3039;EMP
057540036036-3626;057540036036;100mN32022E42251;PO;MIX;4;30;S;M;3039;NEP
057540036036-3626;057540036036;100mN32022E42251;PO;MIX;4;10;S;M;0614;NEP
057540036036-3627;057540036036;100mN31973E42252;S;NA;1;18;M;F;1824;EMP
057540036036-3628;057540036036;100mN31999E42258;S;NA;1;45;M;F;4049;EMP
057540036036-3629;057540036036;100mN32005E42282;MC;NA;2;60;M;M;5064;EMP
057540036036-3629;057540036036;100mN32005E42282;MC;NA;2;51;M;F;5064;EMP
057540036036-3630;057540036036;100mN32008E42251;MC;OS;2;73;M;M;6574;EMP
057540036036-3630;057540036036;100mN32008E42251;MC;OS;2;67;M;F;6574;NEP
057540036036-3631;057540036036;100mN31982E42262;MC;NA;2;60;M;M;5064;EMP
057540036036-3631;057540036036;100mN31982E42262;MC;NA;2;63;M;F;5064;NEP
057540036036-3632;057540036036;100mN32001E42256;S;NA;1;48;S;M;4049;EMP
057540036036-3633;057540036036;100mN31982E42262;MC;NA;2;41;M;M;4049;EMP
057540036036-3633;057540036036;100mN31982E42262;MC;NA;2;32;M;F;3039;EMP
057540036036-3634;057540036036;100mN31997E42269;S;NA;1;48;M;F;4049;EMP
057540036036-3635;057540036036;100mN31997E42269;MC;OS;2;68;M;F;6574;EMP
057540036036-3635;057540036036;100mN31997E42269;MC;OS;2;75;M;M;75XX;EMP
057540036036-3636;057540036036;100mN31997E42269;MC;MIX;3;69;S;M;6574;EMP
057540036036-3636;057540036036;100mN31997E42269;MC;MIX;3;51;M;M;5064;EMP
057540036036-3636;057540036036;100mN31997E42269;MC;MIX;3;50;M;F;5064;NEP
057540036036-3637;057540036036;100mN32005E42289;S;NA;1;41;S;M;4049;UEP
057540036036-3638;057540036036;100mN32018E42243;SF;NA;4;48;W;F;4049;EMP
057540036036-3638;057540036036;100mN32018E42243;SF;NA;4;7;S;M;0614;NEP
057540036036-3638;057540036036;100mN32018E42243;SF;NA;4;32;S;F;3039;EMP
057540036036-3638;057540036036;100mN32018E42243;SF;NA;4;7;S;M;0614;NEP
057540036036-3639;057540036036;100mN31991E42259;MC;NA;2;59;M;M;5064;EMP
057540036036-3639;057540036036;100mN31991E42259;MC;NA;2;51;M;F;5064;EMP
057540036036-3640;057540036036;100mN32010E42250;S;NA;1;46;S;M;4049;NEP
057540036036-3641;057540036036;100mN32010E42250;S;OS;1;38;M;F;3039;NEP
057540036036-3642;057540036036;100mN32010E42250;MC;OS;2;72;M;F;6574;NEP
057540036036-3642;057540036036;100mN32010E42250;MC;OS;2;73;M;M;6574;EMP
057540036036-3643;057540036036;100mN32010E42250;MC;NA;2;63;M;F;5064;NEP
057540036036-3643;057540036036;100mN32010E42250;MC;NA;2;37;M;M;3039;EMP
057540036036-3644;057540036036;100mN32010E42250;MC;NA;2;60;M;M;5064;NEP
057540036036-3644;057540036036;100mN32010E42250;MC;NA;2;52;M;F;5064;EMP
057540036036-3645;057540036036;100mN32005E42283;SF;NA;3;44;W;F;4049;EMP
057540036036-3645;057540036036;100mN32005E42283;SF;NA;3;16;S;F;1517;NEP
057540036036-3645;057540036036;100mN32005E42283;SF;NA;3;28;S;M;2529;EMP
057540036036-3646;057540036036;100mN32013E42288;S;NA;1;43;D;F;4049;EMP
057540036036-3647;057540036036;100mN32008E42250;MC;NA;2;47;M;F;4049;EMP
057540036036-3647;057540036036;100mN32008E42250;MC;NA;2;50;M;M;5064;EMP
057540036036-3648;057540036036;100mN32010E42250;SF;NA;4;30;W;F;3039;NEP
057540036036-3648;057540036036;100mN32010E42250;SF;NA;4;4;S;M;0305;NEP
057540036036-3648;057540036036;100mN32010E42250;SF;NA;4;15;S;F;1517;EMP
057540036036-3648;057540036036;100mN32010E42250;SF;NA;4;4;S;M;0305;NEP
057540036036-3649;057540036036;100mN32018E42249;MC;NA;2;63;M;M;5064;EMP
057540036036-3649;057540036036;100mN32018E42249;MC;NA;2;61;M;F;5064;EMP
057540036036-3650;057540036036;100mN32010E42250;MC;OS;5;68;M;F;6574;NEP
057540036036-3650;057540036036;100mN32010E42250;MC;OS;5;68;M;M;6574;EMP
057540036036-3650;057540036036;100mN32010E42250;MC;OS;5;76;M;M;75XX;EMP
057540036036-3650;057540036036;100mN32010E42250;MC;OS;5;66;M;M;6574;EMP
057540036036-3650;057540036036;100mN32010E42250;MC;OS;5;72;S;F;6574;EMP
057540036036-3651;057540036036;100mN32005E42279;SF;NA;3;37;W;F;3039;EMP
057540036036-3651;057540036036;100mN32005E42279;SF;NA;3;8;S;F;0614;NEP
057540036036-3651;057540036036;100mN32005E42279;SF;NA;3;19;M;M;1824;EMP
057540036036-3652;057540036036;100mN31962E42260;MC;NA;2;55;M;M;5064;NEP
057540036036-3652;057540036036;100mN31962E42260;MC;NA;2;62;M;F;5064;EMP
057540036036-3653;057540036036;100mN31992E42263;PO;MIX;4;69;M;M;6574;EMP
057540036036-3653;057540036036;100mN31992E42263;PO;MIX;4;28;S;F;2529;EMP
057540036036-3653;057540036036;100mN31992E42263;PO;MIX;4;37;S;M;3039;EMP
057540036036-3653;057540036036;100mN31992E42263;PO;MIX;4;11;S;M;0614;NEP
057540036036-3654;057540036036;100mN32008E42230;S;NA;1;34;D;F;3039;NEP
057540036036-3655;057540036036;100mN32010E42250;MC;NA;2;46;M;F;4049;EMP
057540036036-3655;057540036036;100mN32010E42250;MC;NA;2;48;M;M;4049;EMP
057540036036-3656;057540036036;100mN32022E42251;S;OS;1;45;S;F;4049;NEP
057540036036-3657;057540036036;100mN32022E42250;MC;MIX;4;71;D;F;6574;EMP
057540036036-3657;057540036036;100mN32022E42250;MC;MIX;4;32;M;M;3039;NEP
057540036036-3657;057540036036;100mN32022E42250;MC;MIX;4;31;M;F;3039;NEP
057540036036-3657;057540036036;100mN32022E42250;MC;MIX;4;3;S;M;0305;NEP
057540036036-3658;057540036036;100mN32016E42249;S;NA;1;30;M;M;3039;EMP
057540036036-3659;057540036036;100mN32010E42250;MC;NA;3;23;M;F;1824;NEP
057540036036-3659;057540036036;100mN32010E42250;MC;NA;3;18;M;M;1824;EMP
057540036036-3659;057540036036;100mN32010E42250;MC;NA;3;2;S;M;0003;NEP
057540036036-3660;057540036036;100mN32010E42250;MC;NA;4;20;M;F;1824;NEP
057540036036-3660;057540036036;100mN32010E42250;MC;NA;4;21;M;M;1824;EMP
057540036036-3660;057540036036;100mN32010E42250;MC;NA;4;2;S;M;0003;NEP
057540036036-3660;057540036036;100mN32010E42250;MC;NA;4;0;S;F;0003;NEP
057540036036-3661;057540036036;100mN32010E42250;MC;NA;5;21;M;F;1824;NEP
057540036036-3661;057540036036;100mN32010E42250;MC;NA;5;30;M;M;3039;EMP
057540036036-3661;057540036036;100mN32010E42250;MC;NA;5;6;S;M;0614;NEP
057540036036-3661;057540036036;100mN32010E42250;MC;NA;5;4;S;F;0305;NEP
057540036036-3661;057540036036;100mN32010E42250;MC;NA;5;0;S;F;0003;NEP
057540036036-3662;057540036036;100mN32022E42249;MC;MIX;2;70;M;M;6574;EMP
057540036036-3662;057540036036;100mN32022E42249;MC;MIX;2;47;M;F;4049;EMP
057540036036-3663;057540036036;100mN32010E42250;S;NA;1;62;M;M;5064;EMP
057540036036-3664;057540036036;100mN32010E42250;MC;NA;2;53;M;M;5064;NEP
057540036036-3664;057540036036;100mN32010E42250;MC;NA;2;51;M;F;5064;NEP
057540036036-3665;057540036036;100mN31997E42256;MC;NA;4;52;M;F;5064;NEP
057540036036-3665;057540036036;100mN31997E42256;MC;NA;4;50;M;M;5064;EMP
057540036036-3665;057540036036;100mN31997E42256;MC;NA;4;7;S;M;0614;NEP
057540036036-3665;057540036036;100mN31997E42256;MC;NA;4;11;S;F;0614;NEP
057540036036-3666;057540036036;100mN32022E42252;MC;NA;5;26;M;M;2529;EMP
057540036036-3666;057540036036;100mN32022E42252;MC;NA;5;25;M;F;2529;NEP
057540036036-3666;057540036036;100mN32022E42252;MC;NA;5;7;S;F;0614;NEP
057540036036-3666;057540036036;100mN32022E42252;MC;NA;5;6;S;F;0614;NEP
057540036036-3666;057540036036;100mN32022E42252;MC;NA;5;2;S;M;0003;NEP
057540036036-3667;057540036036;100mN31997E42256;MC;NA;2;61;M;M;5064;EMP
057540036036-3667;057540036036;100mN31997E42256;MC;NA;2;70;M;M;6574;EMP
057540036036-3668;057540036036;100mN31997E42256;S;OS;1;54;M;F;5064;NEP
057540036036-3669;057540036036;100mN31972E42251;S;NA;1;41;D;F;4049;NEP
057540036036-3670;057540036036;100mN31998E42272;MC;MIX;2;84;M;F;75XX;NEP
057540036036-3670;057540036036;100mN31998E42272;MC;MIX;2;23;S;F;1824;NEP
057540036036-3671;057540036036;100mN32012E42250;PO;OS;3;67;S;F;6574;NEP
057540036036-3671;057540036036;100mN32012E42250;PO;OS;3;79;S;F;75XX;NEP
057540036036-3671;057540036036;100mN32012E42250;PO;OS;3;83;D;F;75XX;EMP
057540036036-3672;057540036036;100mN31989E42299;MC;NA;3;41;M;M;4049;NEP
057540036036-3672;057540036036;100mN31989E42299;MC;NA;3;34;M;F;3039;NEP
057540036036-3672;057540036036;100mN31989E42299;MC;NA;3;16;S;F;1517;EMP
057540036036-3673;057540036036;100mN31997E42256;S;NA;1;47;W;F;4049;NEP
057540036036-3674;057540036036;100mN31997E42256;MC;NA;2;35;M;F;3039;NEP
057540036036-3674;057540036036;100mN31997E42256;MC;NA;2;35;M;M;3039;NEP
057540036036-3675;057540036036;100mN32005E42283;SF;NA;2;84;S;F;75XX;EMP
057540036036-3675;057540036036;100mN32005E42283;SF;NA;2;11;S;M;0614;NEP
057540036036-3676;057540036036;100mN32013E42286;S;NA;1;47;D;M;4049;EMP
057540036036-3677;057540036036;100mN32007E42282;MC;NA;5;32;M;M;3039;EMP
057540036036-3677;057540036036;100mN32007E42282;MC;NA;5;23;M;F;1824;EMP
057540036036-3677;057540036036;100mN32007E42282;MC;NA;5;16;S;F;1517;EMP
057540036036-3677;057540036036;100mN32007E42282;MC;NA;5;6;S;M;0614;NEP
057540036036-3677;057540036036;100mN32007E42282;MC;NA;5;12;S;F;0614;NEP
057540036036-3678;057540036036;100mN31976E42250;MC;NA;2;36;M;M;3039;UEP
057540036036-3678;057540036036;100mN31976E42250;MC;NA;2;38;M;F;3039;EMP
057540036036-3679;057540036036;100mN32008E42289;S;NA;1;36;S;F;3039;NEP
057540036036-3680;057540036036;100mN32019E42251;MC;NA;3;59;M;M;5064;NEP
057540036036-3680;057540036036;100mN32019E42251;MC;NA;3;56;M;F;5064;NEP
057540036036-3680;057540036036;100mN32019E42251;MC;NA;3;37;M;M;3039;UEP
057540036036-3681;057540036036;100mN32018E42238;MC;NA;4;38;M;F;3039;EMP
057540036036-3681;057540036036;100mN32018E42238;MC;NA;4;38;M;M;3039;EMP
057540036036-3681;057540036036;100mN32018E42238;MC;NA;4;7;S;M;0614;NEP
057540036036-3681;057540036036;100mN32018E42238;MC;NA;4;13;S;F;0614;NEP
057540036036-3682;057540036036;100mN32019E42251;MC;NA;2;20;M;M;1824;EMP
057540036036-3682;057540036036;100mN32019E42251;MC;NA;2;18;M;F;1824;EMP
057540036036-3683;057540036036;100mN32019E42251;MC;OS;2;83;M;M;75XX;NEP
057540036036-3683;057540036036;100mN32019E42251;MC;OS;2;80;M;F;75XX;NEP
057540036036-3684;057540036036;100mN32019E42251;S;NA;1;77;D;M;75XX;EMP
057540036036-3685;057540036036;100mN32019E42251;S;OS;1;88;W;F;75XX;EMP
057540036036-3686;057540036036;100mN32019E42251;MC;NA;3;52;M;M;5064;EMP
057540036036-3686;057540036036;100mN32019E42251;MC;NA;3;46;M;F;4049;EMP
057540036036-3686;057540036036;100mN32019E42251;MC;NA;3;22;M;F;1824;NEP
057540036036-3687;057540036036;100mN31972E42268;MC;MIX;2;88;M;F;75XX;EMP
057540036036-3687;057540036036;100mN31972E42268;MC;MIX;2;55;S;M;5064;EMP
057540036036-3688;057540036036;100mN32015E42249;PO;MIX;3;68;M;F;6574;EMP
057540036036-3688;057540036036;100mN32015E42249;PO;MIX;3;48;S;F;4049;EMP
057540036036-3688;057540036036;100mN32015E42249;PO;MIX;3;55;S;F;5064;EMP
057540036036-3689;057540036036;100mN31995E42258;MC;OS;2;89;M;F;75XX;NEP
057540036036-3689;057540036036;100mN31995E42258;MC;OS;2;87;M;M;75XX;NEP
057540036036-3690;057540036036;100mN32003E42289;MC;NA;6;30;M;F;3039;EMP
057540036036-3690;057540036036;100mN32003E42289;MC;NA;6;26;M;M;2529;NEP
057540036036-3690;057540036036;100mN32003E42289;MC;NA;6;15;S;F;1517;EMP
057540036036-3690;057540036036;100mN32003E42289;MC;NA;6;8;S;F;0614;NEP
057540036036-3690;057540036036;100mN32003E42289;MC;NA;6;8;S;M;0614;NEP
057540036036-3690;057540036036;100mN32003E42289;MC;NA;6;4;S;M;0305;NEP
057540036036-3691;057540036036;100mN31972E42247;S;OS;1;63;D;F;5064;EMP
057540036036-3692;057540036036;100mN31976E42253;MC;NA;4;55;M;F;5064;NEP
057540036036-3692;057540036036;100mN31976E42253;MC;NA;4;58;M;M;5064;EMP
057540036036-3692;057540036036;100mN31976E42253;MC;NA;4;0;S;M;0003;NEP
057540036036-3692;057540036036;100mN31976E42253;MC;NA;4;40;W;F;4049;EMP
057540036036-3693;057540036036;100mN32006E42251;MC;NA;2;35;M;F;3039;EMP
057540036036-3693;057540036036;100mN32006E42251;MC;NA;2;37;M;M;3039;NEP
057540036036-3694;057540036036;100mN32003E42281;S;NA;1;69;D;M;6574;EMP
057540036036-3695;057540036036;100mN32005E42277;MC;NA;4;32;M;F;3039;EMP
057540036036-3695;057540036036;100mN32005E42277;MC;NA;4;41;M;M;4049;EMP
057540036036-3695;057540036036;100mN32005E42277;MC;NA;4;10;S;M;0614;NEP
057540036036-3695;057540036036;100mN32005E42277;MC;NA;4;2;S;M;0003;NEP
057540036036-3696;057540036036;100mN32006E42251;S;NA;1;30;M;F;3039;EMP
057540036036-3697;057540036036;100mN32006E42251;MC;NA;4;40;M;M;4049;EMP
057540036036-3697;057540036036;100mN32006E42251;MC;NA;4;38;M;F;3039;EMP
057540036036-3697;057540036036;100mN32006E42251;MC;NA;4;4;S;F;0305;NEP
057540036036-3697;057540036036;100mN32006E42251;MC;NA;4;1;S;F;0003;NEP
057540036036-3698;057540036036;100mN32015E42302;SF;NA;3;30;W;F;3039;EMP
057540036036-3698;057540036036;100mN32015E42302;SF;NA;3;2;S;M;0003;NEP
057540036036-3698;057540036036;100mN32015E42302;SF;NA;3;8;S;M;0614;NEP
057540036036-3699;057540036036;100mN32006E42251;NA;NA;2;41;M;M;4049;UEP
057540036036-3699;057540036036;100mN32006E42251;NA;NA;2;32;S;M;3039;EMP
057540036036-3700;057540036036;100mN32006E42251;MC;NA;2;45;M;F;4049;EMP
057540036036-3700;057540036036;100mN32006E42251;MC;NA;2;53;M;M;5064;EMP
057540036036-3701;057540036036;100mN32006E42251;MC;MIX;2;72;M;F;6574;EMP
057540036036-3701;057540036036;100mN32006E42251;MC;MIX;2;52;M;F;5064;EMP
057540036036-3702;057540036036;100mN32006E42251;S;NA;1;51;S;M;5064;EMP
057540036036-3703;057540036036;100mN32006E42251;MC;NA;3;57;M;F;5064;NEP
057540036036-3703;057540036036;100mN32006E42251;MC;NA;3;59;M;M;5064;NEP
057540036036-3703;057540036036;100mN32006E42251;MC;NA;3;18;M;F;1824;EMP
057540036036-3704;057540036036;100mN32005E42281;S;NA;1;69;D;F;6574;NEP
057540036036-3705;057540036036;100mN32006E42251;PO;OS;3;75;S;M;75XX;EMP
057540036036-3705;057540036036;100mN32006E42251;PO;OS;3;73;S;F;6574;EMP
057540036036-3705;057540036036;100mN32006E42251;PO;OS;3;75;D;M;75XX;EMP
057540036036-3706;057540036036;100mN32019E42256;MC;NA;5;41;M;F;4049;EMP
057540036036-3706;057540036036;100mN32019E42256;MC;NA;5;42;M;M;4049;NEP
057540036036-3706;057540036036;100mN32019E42256;MC;NA;5;25;M;M;2529;EMP
057540036036-3706;057540036036;100mN32019E42256;MC;NA;5;10;S;M;0614;NEP
057540036036-3706;057540036036;100mN32019E42256;MC;NA;5;10;S;M;0614;NEP
057540036036-3707;057540036036;100mN31970E42256;S;OS;1;18;M;F;1824;NEP
057540036036-3708;057540036036;100mN32019E42256;S;NA;1;61;M;M;5064;UEP
057540036036-3709;057540036036;100mN32019E42256;SM;NA;3;53;S;M;5064;EMP
057540036036-3709;057540036036;100mN32019E42256;SM;NA;3;3;S;M;0305;NEP
057540036036-3709;057540036036;100mN32019E42256;SM;NA;3;0;S;F;0003;NEP
057540036036-3710;057540036036;100mN32019E42256;MC;OS;2;73;M;F;6574;NEP
057540036036-3710;057540036036;100mN32019E42256;MC;OS;2;75;M;M;75XX;EMP
057540036036-3711;057540036036;100mN32018E42289;MC;OS;2;86;M;F;75XX;EMP
057540036036-3711;057540036036;100mN32018E42289;MC;OS;2;89;S;M;75XX;NEP
057540036036-3712;057540036036;100mN32014E42288;MC;OS;3;76;M;F;75XX;NEP
057540036036-3712;057540036036;100mN32014E42288;MC;OS;3;66;M;M;6574;EMP
057540036036-3712;057540036036;100mN32014E42288;MC;OS;3;66;M;M;6574;EMP
057540036036-3713;057540036036;100mN31962E42307;MC;NA;2;57;M;M;5064;EMP
057540036036-3713;057540036036;100mN31962E42307;MC;NA;2;55;M;F;5064;EMP
057540036036-3714;057540036036;100mN31997E42258;NA;NA;2;20;W;M;1824;EMP
057540036036-3714;057540036036;100mN31997E42258;NA;NA;2;48;M;M;4049;EMP
057540036036-3715;057540036036;100mN32019E42256;MC;MIX;3;76;W;M;75XX;NEP
057540036036-3715;057540036036;100mN32019E42256;MC;MIX;3;31;M;M;3039;EMP
057540036036-3715;057540036036;100mN32019E42256;MC;MIX;3;32;M;F;3039;EMP
057540036036-3716;057540036036;100mN32019E42256;S;NA;1;72;S;M;6574;EMP
057540036036-3717;057540036036;100mN32019E42256;S;NA;1;48;M;M;4049;EMP
057540036036-3718;057540036036;100mN32019E42256;MC;NA;2;52;M;F;5064;EMP
057540036036-3718;057540036036;100mN32019E42256;MC;NA;2;59;M;M;5064;NEP
057540036036-3719;057540036036;100mN32019E42256;S;NA;1;40;M;F;4049;EMP
057540036036-3720;057540036036;100mN31963E42304;MC;NA;2;55;M;F;5064;EMP
057540036036-3720;057540036036;100mN31963E42304;MC;NA;2;48;M;M;4049;UEP
057540036036-3721;057540036036;100mN31969E42257;S;NA;1;35;S;F;3039;EMP
057540036036-3722;057540036036;100mN31969E42257;MC;OS;2;65;M;M;6574;EMP
057540036036-3722;057540036036;100mN31969E42257;MC;OS;2;72;M;F;6574;EMP
057540036036-3723;057540036036;100mN31969E42257;S;NA;1;25;S;M;2529;EMP
057540036036-3724;057540036036;100mN32016E42251;MC;MIX;4;84;M;M;75XX;EMP
057540036036-3724;057540036036;100mN32016E42251;MC;MIX;4;50;M;M;5064;EMP
057540036036-3724;057540036036;100mN32016E42251;MC;MIX;4;50;M;F;5064;EMP
057540036036-3724;057540036036;100mN32016E42251;MC;MIX;4;3;S;M;0305;NEP
057540036036-3725;057540036036;100mN32011E42227;MC;NA;3;44;M;F;4049;NEP
057540036036-3725;057540036036;100mN32011E42227;MC;NA;3;48;M;M;4049;EMP
057540036036-3725;057540036036;100mN32011E42227;MC;NA;3;26;S;M;2529;EMP
057540036036-3726;057540036036;100mN31967E42268;MC;NA;2;22;M;F;1824;NEP
057540036036-3726;057540036036;100mN31967E42268;MC;NA;2;26;M;M;2529;NEP
057540036036-3727;057540036036;100mN31967E42268;MC;NA;6;38;M;F;3039;NEP
057540036036-3727;057540036036;100mN31967E42268;MC;NA;6;43;M;M;4049;EMP
057540036036-3727;057540036036;100mN31967E42268;MC;NA;6;16;S;M;1517;EMP
057540036036-3727;057540036036;100mN31967E42268;MC;NA;6;11;S;M;0614;NEP
057540036036-3727;057540036036;100mN31967E42268;MC;NA;6;2;S;M;0003;NEP
057540036036-3727;057540036036;100mN31967E42268;MC;NA;6;3;S;F;0305;NEP
057540036036-3728;057540036036;100mN32013E42291;MC;NA;4;57;M;F;5064;NEP
057540036036-3728;057540036036;100mN32013E42291;MC;NA;4;63;M;M;5064;EMP
057540036036-3728;057540036036;100mN32013E42291;MC;NA;4;15;S;F;1517;EMP
057540036036-3728;057540036036;100mN32013E42291;MC;NA;4;8;S;M;0614;NEP
057540036036-3729;057540036036;100mN32017E42245;S;NA;1;46;M;M;4049;NEP
057540036036-3730;057540036036;100mN32017E42251;S;NA;1;41;M;F;4049;EMP
057540036036-3731;057540036036;100mN32017E42251;S;NA;1;87;S;F;75XX;EMP
057540036036-3732;057540036036;100mN32023E42251;S;NA;1;42;M;F;4049;NEP
057540036036-3733;057540036036;100mN32017E42251;MC;NA;2;55;M;F;5064;NEP
057540036036-3733;057540036036;100mN32017E42251;MC;NA;2;61;M;M;5064;EMP
057540036036-3734;057540036036;100mN32022E42250;MC;MIX;2;82;M;F;75XX;EMP
057540036036-3734;057540036036;100mN32022E42250;MC;MIX;2;46;M;F;4049;NEP
057540036036-3735;057540036036;100mN31999E42259;PO;NA;4;28;S;M;2529;EMP
057540036036-3735;057540036036;100mN31999E42259;PO;NA;4;28;S;F;2529;NEP
057540036036-3735;057540036036;100mN31999E42259;PO;NA;4;12;S;F;0614;NEP
057540036036-3735;057540036036;100mN31999E42259;PO;NA;4;0;S;F;0003;NEP
057540036036-3736;057540036036;100mN32017E42251;SF;NA;2;16;S;F;1517;EMP
057540036036-3736;057540036036;100mN32017E42251;SF;NA;2;0;S;F;0003;NEP
057540036036-3737;057540036036;100mN32010E42251;S;OS;1;37;M;M;3039;EMP
057540036036-3738;057540036036;100mN32005E42289;S;OS;1;23;S;F;1824;NEP
057540036036-3739;057540036036;100mN32007E42287;NA;NA;3;40;M;F;4049;EMP
057540036036-3739;057540036036;100mN32007E42287;NA;NA;3;61;D;F;5064;EMP
057540036036-3739;057540036036;100mN32007E42287;NA;NA;3;44;S;F;4049;NEP
057540036036-3740;057540036036;100mN32017E42251;SF;MIX;5;80;M;F;75XX;NEP
057540036036-3740;057540036036;100mN32017E42251;SF;MIX;5;45;W;F;4049;EMP
057540036036-3740;057540036036;100mN32017E42251;SF;MIX;5;4;S;M;0305;NEP
057540036036-3740;057540036036;100mN32017E42251;SF;MIX;5;30;S;M;3039;EMP
057540036036-3740;057540036036;100mN32017E42251;SF;MIX;5;9;S;F;0614;NEP
057540036036-3741;057540036036;100mN32010E42279;MC;NA;2;54;M;F;5064;EMP
057540036036-3741;057540036036;100mN32010E42279;MC;NA;2;57;M;M;5064;EMP
057540036036-3742;057540036036;100mN32017E42251;S;OS;1;71;D;M;6574;EMP
057540036036-3743;057540036036;100mN31993E42260;S;NA;1;52;M;M;5064;EMP
057540036036-3744;057540036036;100mN32017E42251;S;NA;1;61;S;M;5064;EMP
057540036036-3745;057540036036;100mN31999E42254;PO;NA;5;63;S;F;5064;EMP
057540036036-3745;057540036036;100mN31999E42254;PO;NA;5;18;M;M;1824;NEP
057540036036-3745;057540036036;100mN31999E42254;PO;NA;5;30;S;M;3039;EMP
057540036036-3745;057540036036;100mN31999E42254;PO;NA;5;6;S;M;0614;NEP
057540036036-3745;057540036036;100mN31999E42254;PO;NA;5;20;S;F;1824;EMP
057540036036-3746;057540036036;100mN31971E42251;MC;OS;4;70;M;M;6574;EMP
057540036036-3746;057540036036;100mN31971E42251;MC;OS;4;77;M;F;75XX;NEP
057540036036-3746;057540036036;100mN31971E42251;MC;OS;4;78;M;M;75XX;EMP
057540036036-3746;057540036036;100mN31971E42251;MC;OS;4;83;S;M;75XX;EMP
057540036036-3747;057540036036;100mN31971E42251;S;OS;1;89;M;M;75XX;EMP
057540036036-3748;057540036036;100mN31971E42251;MC;NA;2;40;M;M;4049;EMP
057540036036-3748;057540036036;100mN31971E42251;MC;NA;2;53;M;F;5064;NEP
057540036036-3749;057540036036;100mN32018E42241;MC;NA;6;33;M;M;3039;NEP
057540036036-3749;057540036036;100mN32018E42241;MC;NA;6;30;M;F;3039;EMP
057540036036-3749;057540036036;100mN32018E42241;MC;NA;6;13;S;M;0614;NEP
057540036036-3749;057540036036;100mN32018E42241;MC;NA;6;1;S;M;0003;NEP
057540036036-3749;057540036036;100mN32018E42241;MC;NA;6;12;S;M;0614;NEP
057540036036-3749;057540036036;100mN32018E42241;MC;NA;6;15;S;M;1517;EMP
057540036036-3750;057540036036;100mN31971E42251;MC;NA;3;36;M;M;3039;NEP
057540036036-3750;057540036036;100mN31971E42251;MC;NA;3;33;M;F;3039;EMP
057540036036-3750;057540036036;100mN31971E42251;MC;NA;3;9;S;M;0614;NEP
057540036036-3751;057540036036;100mN31971E42251;S;NA;1;68;W;F;6574;EMP
057540036036-3752;057540036036;100mN32012E42286;S;NA;1;30;S;M;3039;EMP
057540036036-3753;057540036036;100mN31971E42251;PO;MIX;4;72;M;F;6574;NEP
057540036036-3753;057540036036;100mN31971E42251;PO;MIX;4;59;S;M;5064;EMP
057540036036-3753;057540036036;100mN31971E42251;PO;MIX;4;61;S;F;5064;EMP
057540036036-3753;057540036036;100mN31971E42251;PO;MIX;4;7;S;F;0614;NEP
057540036036-3754;057540036036;100mN32017E42255;MC;MIX;2;72;M;M;6574;EMP
057540036036-3754;057540036036;100mN32017E42255;MC;MIX;2;47;D;F;4049;NEP
057540036036-3755;057540036036;100mN31971E42251;SF;NA;2;18;W;F;1824;NEP
057540036036-3755;057540036036;100mN31971E42251;SF;NA;2;0;S;M;0003;NEP
057540036036-3756;057540036036;100mN31971E42251;S;NA;1;34;M;F;3039;NEP
057540036036-3757;057540036036;100mN32007E42251;MC;NA;2;42;M;F;4049;EMP
057540036036-3757;057540036036;100mN32007E42251;MC;NA;2;41;M;M;4049;EMP
057540036036-3758;057540036036;100mN31990E42262;MC;NA;3;62;M;M;5064;EMP
057540036036-3758;057540036036;100mN31990E42262;MC;NA;3;60;M;F;5064;EMP
057540036036-3758;057540036036;100mN31990E42262;MC;NA;3;19;M;F;1824;EMP
057540036036-3759;057540036036;100mN31990E42262;MC;NA;2;62;M;F;5064;NEP
057540036036-3759;057540036036;100mN31990E42262;MC;NA;2;63;M;M;5064;EMP
057540036036-3760;057540036036;100mN31990E42262;MC;NA;4;37;M;M;3039;NEP
057540036036-3760;057540036036;100mN31990E42262;MC;NA;4;31;M;F;3039;EMP
057540036036-3760;057540036036;100mN31990E42262;MC;NA;4;13;S;F;0614;NEP
057540036036-3760;057540036036;100mN31990E42262;MC;NA;4;4;S;F;0305;NEP
057540036036-3761;057540036036;100mN31990E42262;S;NA;1;81;M;M;75XX;EMP
057540036036-3762;057540036036;100mN31999E42257;S;OS;1;55;P;F;5064;EMP
057540036036-3763;057540036036;100mN31990E42262;MC;NA;3;46;M;M;4049;EMP
057540036036-3763;057540036036;100mN31990E42262;MC;NA;3;43;M;F;4049;EMP
057540036036-3763;057540036036;100mN31990E42262;MC;NA;3;6;S;M;0614;NEP
057540036036-3764;057540036036;100mN32018E42232;MC;NA;2;42;M;F;4049;EMP
057540036036-3764;057540036036;100mN32018E42232;MC;NA;2;42;M;M;4049;NEP
057540036036-3765;057540036036;100mN31985E42279;MC;OS;2;70;M;F;6574;EMP
057540036036-3765;057540036036;100mN31985E42279;MC;OS;2;79;M;M;75XX;EMP
057540036036-3766;057540036036;100mN31990E42262;MC;NA;3;62;M;M;5064;NEP
057540036036-3766;057540036036;100mN31990E42262;MC;NA;3;55;M;F;5064;NEP
057540036036-3766;057540036036;100mN31990E42262;MC;NA;3;1;S;M;0003;NEP
057540036036-3767;057540036036;100mN32010E42281;S;NA;1;47;S;M;4049;EMP
057540036036-3768;057540036036;100mN31970E42256;MC;NA;2;43;M;F;4049;EMP
057540036036-3768;057540036036;100mN31970E42256;MC;NA;2;40;M;M;4049;EMP
057540036036-3769;057540036036;100mN31990E42262;MC;NA;4;38;M;F;3039;NEP
057540036036-3769;057540036036;100mN31990E42262;MC;NA;4;38;M;M;3039;NEP
057540036036-3769;057540036036;100mN31990E42262;MC;NA;4;16;S;F;1517;EMP
057540036036-3769;057540036036;100mN31990E42262;MC;NA;4;22;M;F;1824;NEP
057540036036-3770;057540036036;100mN32004E42281;S;NA;1;37;M;M;3039;EMP
057540036036-3771;057540036036;100mN32010E42289;MC;NA;2;37;M;F;3039;EMP
057540036036-3771;057540036036;100mN32010E42289;MC;NA;2;38;M;M;3039;EMP
057540036036-3772;057540036036;100mN31990E42262;MC;OS;2;69;M;M;6574;NEP
057540036036-3772;057540036036;100mN31990E42262;MC;OS;2;67;M;F;6574;NEP
057540036036-3773;057540036036;100mN31963E42245;PO;NA;4;25;S;M;2529;EMP
057540036036-3773;057540036036;100mN31963E42245;PO;NA;4;18;S;M;1824;EMP
057540036036-3773;057540036036;100mN31963E42245;PO;NA;4;8;S;F;0614;NEP
057540036036-3773;057540036036;100mN31963E42245;PO;NA;4;9;S;F;0614;NEP
057540036036-3774;057540036036;100mN32005E42277;S;NA;1;48;S;F;4049;EMP
057540036036-3775;057540036036;100mN31963E42245;MC;OS;2;65;M;M;6574;EMP
057540036036-3775;057540036036;100mN31963E42245;MC;OS;2;87;M;F;75XX;NEP
057540036036-3776;057540036036;100mN32018E42245;MC;OS;4;87;M;M;75XX;EMP
057540036036-3776;057540036036;100mN32018E42245;MC;OS;4;85;M;F;75XX;NEP
057540036036-3776;057540036036;100mN32018E42245;MC;OS;4;81;D;F;75XX;EMP
057540036036-3776;057540036036;100mN32018E42245;MC;OS;4;70;M;F;6574;EMP
057540036036-3777;057540036036;100mN31979E42242;S;OS;1;40;D;F;4049;NEP
057540036036-3778;057540036036;100mN32012E42287;MC;NA;3;44;M;M;4049;EMP
057540036036-3778;057540036036;100mN32012E42287;MC;NA;3;18;M;F;1824;EMP
057540036036-3778;057540036036;100mN32012E42287;MC;NA;3;4;S;M;0305;NEP
057540036036-3779;057540036036;100mN32014E42226;MC;NA;3;26;M;M;2529;NEP
057540036036-3779;057540036036;100mN32014E42226;MC;NA;3;18;M;F;1824;EMP
057540036036-3779;057540036036;100mN32014E42226;MC;NA;3;8;S;M;0614;NEP
057540036036-3780;057540036036;100mN32004E42277;MC;OS;4;68;M;M;6574;NEP
057540036036-3780;057540036036;100mN32004E42277;MC;OS;4;67;M;F;6574;EMP
057540036036-3780;057540036036;100mN32004E42277;MC;OS;4;81;S;F;75XX;NEP
057540036036-3780;057540036036;100mN32004E42277;MC;OS;4;69;D;F;6574;NEP
057540036036-3781;057540036036;100mN32014E42226;MC;NA;4;41;M;M;4049;EMP
057540036036-3781;057540036036;100mN32014E42226;MC;NA;4;38;M;F;3039;EMP
057540036036-3781;057540036036;100mN32014E42226;MC;NA;4;22;M;M;1824;EMP
057540036036-3781;057540036036;100mN32014E42226;MC;NA;4;26;M;M;2529;EMP
057540036036-3782;057540036036;100mN32014E42226;MC;NA;3;35;M;F;3039;NEP
057540036036-3782;057540036036;100mN32014E42226;MC;NA;3;36;M;M;3039;EMP
057540036036-3782;057540036036;100mN32014E42226;MC;NA;3;19;M;F;1824;EMP
057540036036-3783;057540036036;100mN32018E42289;MC;MIX;2;81;M;M;75XX;EMP
057540036036-3783;057540036036;100mN32018E42289;MC;MIX;2;28;S;F;2529;NEP
057540036036-3784;057540036036;100mN32014E42226;MC;NA;2;35;M;M;3039;EMP
057540036036-3784;057540036036;100mN32014E42226;MC;NA;2;26;M;F;2529;EMP
057540036036-3785;057540036036;100mN32014E42226;PO;NA;2;54;S;M;5064;EMP
057540036036-3785;057540036036;100mN32014E42226;PO;NA;2;53;S;M;5064;NEP
057540036036-3786;057540036036;100mN32009E42232;SF;NA;2;52;W;F;5064;NEP
057540036036-3786;057540036036;100mN32009E42232;SF;NA;2;15;S;F;1517;EMP
057540036036-3787;057540036036;100mN31972E42299;S;OS;1;86;S;F;75XX;NEP
057540036036-3788;057540036036;100mN31972E42299;MC;NA;2;40;M;F;4049;EMP
057540036036-3788;057540036036;100mN31972E42299;MC;NA;2;41;M;M;4049;EMP
057540036036-3789;057540036036;100mN31972E42299;MC;OS;2;88;M;M;75XX;EMP
057540036036-3789;057540036036;100mN31972E42299;MC;OS;2;59;S;F;5064;EMP
057540036036-3790;057540036036;100mN31998E42261;PO;NA;3;53;S;F;5064;EMP
057540036036-3790;057540036036;100mN31998E42261;PO;NA;3;60;S;M;5064;NEP
057540036036-3790;057540036036;100mN31998E42261;PO;NA;3;27;M;F;2529;NEP
057540036036-3791;057540036036;100mN32005E42282;MC;MIX;4;69;M;M;6574;UEP
057540036036-3791;057540036036;100mN32005E42282;MC;MIX;4;25;M;F;2529;NEP
057540036036-3791;057540036036;100mN32005E42282;MC;MIX;4;28;M;M;2529;NEP
057540036036-3791;057540036036;100mN32005E42282;MC;MIX;4;9;S;M;0614;NEP
057540036036-3792;057540036036;100mN32001E42258;PO;NA;5;40;S;F;4049;NEP
057540036036-3792;057540036036;100mN32001E42258;PO;NA;5;42;S;M;4049;EMP
057540036036-3792;057540036036;100mN32001E42258;PO;NA;5;6;S;F;0614;NEP
057540036036-3792;057540036036;100mN32001E42258;PO;NA;5;15;S;F;1517;EMP
057540036036-3792;057540036036;100mN32001E42258;PO;NA;5;2;S;F;0003;NEP
057540036036-3793;057540036036;100mN32021E42248;S;NA;1;43;S;F;4049;EMP
057540036036-3794;057540036036;100mN31991E42257;S;NA;1;50;M;F;5064;NEP
057540036036-3795;057540036036;100mN32021E42248;S;NA;1;68;M;M;6574;EMP
057540036036-3796;057540036036;100mN32001E42258;MC;NA;2;60;M;F;5064;NEP
057540036036-3796;057540036036;100mN32001E42258;MC;NA;2;69;S;M;6574;EMP
057540036036-3797;057540036036;100mN32021E42248;MC;NA;3;45;M;F;4049;EMP
057540036036-3797;057540036036;100mN32021E42248;MC;NA;3;41;M;M;4049;EMP
057540036036-3797;057540036036;100mN32021E42248;MC;NA;3;10;S;M;0614;NEP
057540036036-3798;057540036036;100mN32021E42248;S;NA;1;85;M;F;75XX;EMP
057540036036-3799;057540036036;100mN32010E42285;S;NA;1;40;M;F;4049;EMP
057540036036-3800;057540036036;100mN32013E42244;S;OS;1;53;M;M;5064;EMP
057540036036-3801;057540036036;100mN32021E42248;S;NA;1;30;W;F;3039;EMP
057540036036-3802;057540036036;100mN31985E42302;MC;NA;2;32;M;F;3039;NEP
057540036036-3802;057540036036;100mN31985E42302;MC;NA;2;40;M;M;4049;EMP
057540036036-3803;057540036036;100mN31963E42307;MC;MIX;3;69;D;F;6574;EMP
057540036036-3803;057540036036;100mN31963E42307;MC;MIX;3;34;M;F;3039;EMP
057540036036-3803;057540036036;100mN31963E42307;MC;MIX;3;35;M;M;3039;EMP
057540036036-3804;057540036036;100mN32014E42289;S;OS;1;42;M;M;4049;EMP
057540036036-3805;057540036036;100mN31992E42279;S;NA;1;19;S;M;1824;EMP
057540036036-3806;057540036036;100mN32021E42248;MC;NA;4;48;M;F;4049;EMP
057540036036-3806;057540036036;100mN32021E42248;MC;NA;4;47;M;M;4049;EMP
057540036036-3806;057540036036;100mN32021E42248;MC;NA;4;10;S;F;0614;NEP
057540036036-3806;057540036036;100mN32021E42248;MC;NA;4;0;S;F;0003;NEP
057540036036-3807;057540036036;100mN31976E42251;S;NA;1;22;S;M;1824;UEP
057540036036-3808;057540036036;100mN31986E42269;S;NA;1;81;D;M;75XX;EMP
057540036036-3809;057540036036;100mN31995E42272;MC;OS;4;77;M;M;75XX;EMP
057540036036-3809;057540036036;100mN31995E42272;MC;OS;4;76;M;F;75XX;NEP
057540036036-3809;057540036036;100mN31995E42272;MC;OS;4;70;M;F;6574;EMP
057540036036-3809;057540036036;100mN31995E42272;MC;OS;4;67;S;F;6574;NEP
057540036036-3810;057540036036;100mN32018E42246;S;NA;1;26;D;F;2529;NEP
057540036036-3811;057540036036;100mN32018E42249;PO;NA;3;45;S;F;4049;EMP
057540036036-3811;057540036036;100mN32018E42249;PO;NA;3;47;S;M;4049;EMP
057540036036-3811;057540036036;100mN32018E42249;PO;NA;3;10;S;F;0614;NEP
057540036036-3812;057540036036;100mN31997E42259;S;OS;1;31;D;F;3039;EMP
057540036036-3813;057540036036;100mN31997E42259;PO;NA;2;52;S;F;5064;EMP
057540036036-3813;057540036036;100mN31997E42259;PO;NA;2;61;S;F;5064;EMP
057540036036-3814;057540036036;100mN32021E42250;MC;NA;2;31;M;F;3039;EMP
057540036036-3814;057540036036;100mN32021E42250;MC;NA;2;34;M;M;3039;EMP
057540036036-3815;057540036036;100mN31997E42259;S;OS;1;36;W;F;3039;EMP
057540036036-3816;057540036036;100mN31997E42259;S;OS;1;28;M;F;2529;NEP
057540036036-3817;057540036036;100mN31997E42259;S;NA;1;89;M;F;75XX;EMP
057540036036-3818;057540036036;100mN32004E42259;S;NA;1;57;S;M;5064;EMP
057540036036-3819;057540036036;100mN31997E42259;MC;NA;2;47;M;F;4049;EMP
057540036036-3819;057540036036;100mN31997E42259;MC;NA;2;50;M;M;5064;EMP
057540036036-3820;057540036036;100mN31996E42266;S;NA;1;60;S;M;5064;EMP
057540036036-3821;057540036036;100mN31997E42259;PO;NA;5;54;S;M;5064;EMP
057540036036-3821;057540036036;100mN31997E42259;PO;NA;5;61;S;F;5064;EMP
057540036036-3821;057540036036;100mN31997E42259;PO;NA;5;0;S;M;0003;NEP
057540036036-3821;057540036036;100mN31997E42259;PO;NA;5;4;S;F;0305;NEP
057540036036-3821;057540036036;100mN31997E42259;PO;NA;5;12;S;M;0614;NEP
057540036036-3822;057540036036;100mN31993E42255;S;NA;1;43;M;M;4049;EMP
057540036036-3823;057540036036;100mN31997E42259;S;OS;1;45;M;F;4049;NEP
057540036036-3824;057540036036;100mN32007E42285;MC;NA;3;33;M;M;3039;EMP
057540036036-3824;057540036036;100mN32007E42285;MC;NA;3;42;M;F;4049;NEP
057540036036-3824;057540036036;100mN32007E42285;MC;NA;3;18;S;M;1824;NEP
057540036036-3825;057540036036;100mN31997E42259;MC;NA;4;32;M;M;3039;EMP
057540036036-3825;057540036036;100mN31997E42259;MC;NA;4;60;M;F;5064;EMP
057540036036-3825;057540036036;100mN31997E42259;MC;NA;4;3;S;M;0305;NEP
057540036036-3825;057540036036;100mN31997E42259;MC;NA;4;7;S;M;0614;NEP
057540036036-3826;057540036036;100mN31966E42277;MC;MIX;3;83;W;F;75XX;EMP
057540036036-3826;057540036036;100mN31966E42277;MC;MIX;3;42;M;F;4049;NEP
057540036036-3826;057540036036;100mN31966E42277;MC;MIX;3;18;M;M;1824;EMP
057540036036-3827;057540036036;100mN32007E42281;S;NA;1;27;W;F;2529;EMP
057540036036-3828;057540036036;100mN32004E42280;MC;NA;2;51;M;F;5064;EMP
057540036036-3828;057540036036;100mN32004E42280;MC;NA;2;59;M;M;5064;EMP
057540036036-3829;057540036036;100mN31967E42279;S;NA;1;19;D;M;1824;NEP
057540036036-3830;057540036036;100mN31999E42254;SF;MIX;2;73;W;F;6574;NEP
057540036036-3830;057540036036;100mN31999E42254;SF;MIX;2;35;M;M;3039;EMP
057540036036-3831;057540036036;100mN32003E42290;MC;NA;2;31;M;M;3039;EMP
057540036036-3831;057540036036;100mN32003E42290;MC;NA;2;28;M;F;2529;EMP
057540036036-3832;057540036036;100mN32018E42289;SF;MIX;3;65;S;M;6574;NEP
057540036036-3832;057540036036;100mN32018E42289;SF;MIX;3;28;D;F;2529;EMP
057540036036-3832;057540036036;100mN32018E42289;SF;MIX;3;9;S;F;0614;NEP
057540036036-3833;057540036036;100mN32022E42252;PO;NA;2;41;S;M;4049;EMP
057540036036-3833;057540036036;100mN32022E42252;PO;NA;2;47;S;F;4049;EMP
057540036036-3834;057540036036;100mN32007E42278;PO;NA;2;32;S;F;3039;EMP
057540036036-3834;057540036036;100mN32007E42278;PO;NA;2;32;S;M;3039;EMP
057540036036-3835;057540036036;100mN32018E42290;S;OS;1;31;S;F;3039;NEP
057540036036-3836;057540036036;100mN32019E42257;S;OS;1;54;M;M;5064;EMP
057540036036-3837;057540036036;100mN32019E42257;MC;NA;6;36;M;F;3039;NEP
057540036036-3837;057540036036;100mN32019E42257;MC;NA;6;34;M;M;3039;EMP
057540036036-3837;057540036036;100mN32019E42257;MC;NA;6;15;S;F;1517;NEP
057540036036-3837;057540036036;100mN32019E42257;MC;NA;6;20;S;M;1824;EMP
057540036036-3837;057540036036;100mN32019E42257;MC;NA;6;3;S;F;0305;NEP
057540036036-3837;057540036036;100mN32019E42257;MC;NA;6;21;M;F;1824;NEP
057540036036-3838;057540036036;100mN32010E42288;MC;NA;6;35;M;F;3039;NEP
057540036036-3838;057540036036;100mN32010E42288;MC;NA;6;35;M;M;3039;EMP
057540036036-3838;057540036036;100mN32010E42288;MC;NA;6;18;M;F;1824;EMP
057540036036-3838;057540036036;100mN32010E42288;MC;NA;6;6;S;F;0614;NEP
057540036036-3838;057540036036;100mN32010E42288;MC;NA;6;16;S;F;1517;EMP
057540036036-3838;057540036036;100mN32010E42288;MC;NA;6;7;S;M;0614;NEP
057540036036-3839;057540036036;100mN31962E42308;SF;MIX;2;71;S;F;6574;EMP
057540036036-3839;057540036036;100mN31962E42308;SF;MIX;2;50;D;M;5064;NEP
057540036036-3840;057540036036;100mN31993E42268;S;NA;1;42;M;M;4049;EMP
057540036036-3841;057540036036;100mN32022E42255;MC;NA;3;58;M;F;5064;NEP
057540036036-3841;057540036036;100mN32022E42255;MC;NA;3;61;M;M;5064;EMP
057540036036-3841;057540036036;100mN32022E42255;MC;NA;3;6;S;F;0614;NEP
057540036036-3842;057540036036;100mN32003E42291;S;NA;1;75;S;F;75XX;NEP
057540036036-3843;057540036036;100mN31951E42247;S;NA;1;16;S;M;1517;EMP
057540036036-3844;057540036036;100mN32003E42287;S;NA;1;51;D;M;5064;EMP
057540036036-3845;057540036036;100mN32003E42287;S;NA;1;18;D;M;1824;EMP
057540036036-3846;057540036036;100mN32003E42287;S;NA;1;59;M;F;5064;EMP
057540036036-3847;057540036036;100mN32003E42287;S;OS;1;71;D;F;6574;NEP
057540036036-3848;057540036036;100mN32004E42287;MC;NA;2;27;M;F;2529;EMP
057540036036-3848;057540036036;100mN32004E42287;MC;NA;2;33;M;M;3039;EMP
057540036036-3849;057540036036;100mN32017E42254;NA;OS;4;26;M;M;2529;EMP
057540036036-3849;057540036036;100mN32017E42254;NA;OS;4;59;M;M;5064;EMP
057540036036-3849;057540036036;100mN32017E42254;NA;OS;4;59;M;F;5064;NEP
057540036036-3849;057540036036;100mN32017E42254;NA;OS;4;26;M;F;2529;EMP
057540036036-3850;057540036036;100mN32019E42248;MC;MIX;3;69;M;M;6574;EMP
057540036036-3850;057540036036;100mN32019E42248;MC;MIX;3;50;M;M;5064;EMP
057540036036-3850;057540036036;100mN32019E42248;MC;MIX;3;43;M;F;4049;EMP
057540036036-3851;057540036036;100mN32019E42248;NA;OS;2;44;M;M;4049;EMP
057540036036-3851;057540036036;100mN32019E42248;NA;OS;2;31;D;M;3039;NEP
057540036036-3852;057540036036;100mN31999E42255;SF;MIX;5;65;M;F;6574;EMP
057540036036-3852;057540036036;100mN31999E42255;SF;MIX;5;52;W;F;5064;NEP
057540036036-3852;057540036036;100mN31999E42255;SF;MIX;5;34;M;M;3039;EMP
057540036036-3852;057540036036;100mN31999E42255;SF;MIX;5;7;S;M;0614;NEP
057540036036-3852;057540036036;100mN31999E42255;SF;MIX;5;16;S;F;1517;NEP
057540036036-3853;057540036036;100mN32017E42247;PO;NA;2;37;S;M;3039;EMP
057540036036-3853;057540036036;100mN32017E42247;PO;NA;2;38;S;M;3039;NEP
057540036036-3854;057540036036;100mN32019E42248;MC;NA;2;45;M;M;4049;EMP
057540036036-3854;057540036036;100mN32019E42248;MC;NA;2;43;M;F;4049;EMP
057540036036-3855;057540036036;100mN32019E42248;MC;NA;2;50;M;M;5064;EMP
057540036036-3855;057540036036;100mN32019E42248;MC;NA;2;42;M;F;4049;EMP
057540036036-3856;057540036036;100mN32018E42255;S;OS;1;75;S;M;75XX;EMP
057540036036-3857;057540036036;100mN32019E42248;S;NA;1;71;M;M;6574;EMP
057540036036-3858;057540036036;100mN31955E42304;MC;NA;2;60;M;F;5064;EMP
057540036036-3858;057540036036;100mN31955E42304;MC;NA;2;28;W;F;2529;EMP
057540036036-3859;057540036036;100mN32019E42248;S;NA;1;32;S;M;3039;EMP
057540036036-3860;057540036036;100mN32013E42238;S;OS;1;38;M;M;3039;NEP
057540036036-3861;057540036036;100mN31976E42273;S;NA;1;22;M;M;1824;NEP
057540036036-3862;057540036036;100mN32012E42289;MC;NA;4;48;M;M;4049;NEP
057540036036-3862;057540036036;100mN32012E42289;MC;NA;4;55;M;F;5064;NEP
057540036036-3862;057540036036;100mN32012E42289;MC;NA;4;0;S;M;0003;NEP
057540036036-3862;057540036036;100mN32012E42289;MC;NA;4;4;S;F;0305;NEP
057540036036-3863;057540036036;100mN32013E42285;MC;NA;3;48;M;F;4049;NEP
057540036036-3863;057540036036;100mN32013E42285;MC;NA;3;52;M;M;5064;NEP
057540036036-3863;057540036036;100mN32013E42285;MC;NA;3;31;W;F;3039;EMP
057540036036-3864;057540036036;100mN32010E42277;MC;NA;6;62;M;F;5064;EMP
057540036036-3864;057540036036;100mN32010E42277;MC;NA;6;63;M;M;5064;EMP
057540036036-3864;057540036036;100mN32010E42277;MC;NA;6;3;S;M;0305;NEP
057540036036-3864;057540036036;100mN32010E42277;MC;NA;6;7;S;F;0614;NEP
057540036036-3864;057540036036;100mN32010E42277;MC;NA;6;44;D;M;4049;EMP
057540036036-3864;057540036036;100mN32010E42277;MC;NA;6;16;S;F;1517;NEP
057540036036-3865;057540036036;100mN32019E42248;MC;NA;3;51;M;F;5064;NEP
057540036036-3865;057540036036;100mN32019E42248;MC;NA;3;59;M;M;5064;NEP
057540036036-3865;057540036036;100mN32019E42248;MC;NA;3;7;S;M;0614;NEP
057540036036-3866;057540036036;100mN32019E42248;MC;NA;3;47;M;F;4049;NEP
057540036036-3866;057540036036;100mN32019E42248;MC;NA;3;48;M;M;4049;NEP
057540036036-3866;057540036036;100mN32019E42248;MC;NA;3;31;W;M;3039;EMP
057540036036-3867;057540036036;100mN32018E42248;S;NA;1;23;M;F;1824;NEP
057540036036-3868;057540036036;100mN31961E42266;SF;NA;4;60;W;F;5064;NEP
057540036036-3868;057540036036;100mN31961E42266;SF;NA;4;25;W;M;2529;EMP
057540036036-3868;057540036036;100mN31961E42266;SF;NA;4;10;S;M;0614;NEP
057540036036-3868;057540036036;100mN31961E42266;SF;NA;4;15;S;F;1517;EMP
057540036036-3869;057540036036;100mN31976E42251;S;NA;1;22;S;M;1824;UEP
057540036036-3870;057540036036;100mN32019E42248;MC;NA;3;20;M;M;1824;EMP
057540036036-3870;057540036036;100mN32019E42248;MC;NA;3;20;M;F;1824;NEP
057540036036-3870;057540036036;100mN32019E42248;MC;NA;3;1;S;M;0003;NEP
057540036036-3871;057540036036;100mN32017E42252;S;NA;1;20;D;F;1824;EMP
057540036036-3872;057540036036;100mN32019E42248;MC;NA;3;47;M;F;4049;NEP
057540036036-3872;057540036036;100mN32019E42248;MC;NA;3;56;M;M;5064;EMP
057540036036-3872;057540036036;100mN32019E42248;MC;NA;3;4;S;M;0305;NEP
057540036036-3873;057540036036;100mN32010E42279;S;OS;1;21;W;F;1824;EMP
057540036036-3874;057540036036;100mN32019E42248;MC;NA;3;35;M;M;3039;EMP
057540036036-3874;057540036036;100mN32019E42248;MC;NA;3;28;M;F;2529;EMP
057540036036-3874;057540036036;100mN32019E42248;MC;NA;3;19;M;M;1824;EMP
057540036036-3875;057540036036;100mN32019E42248;S;NA;1;55;M;F;5064;EMP
057540036036-3876;057540036036;100mN31990E42263;MC;MIX;6;66;M;M;6574;EMP
057540036036-3876;057540036036;100mN31990E42263;MC;MIX;6;42;M;F;4049;EMP
057540036036-3876;057540036036;100mN31990E42263;MC;MIX;6;46;M;M;4049;UEP
057540036036-3876;057540036036;100mN31990E42263;MC;MIX;6;22;S;F;1824;EMP
057540036036-3876;057540036036;100mN31990E42263;MC;MIX;6;6;S;M;0614;NEP
057540036036-3876;057540036036;100mN31990E42263;MC;MIX;6;25;D;F;2529;NEP
057540036036-3877;057540036036;100mN32010E42291;S;NA;1;45;M;F;4049;EMP
057540036036-3878;057540036036;100mN31972E42268;MC;NA;3;56;M;F;5064;EMP
057540036036-3878;057540036036;100mN31972E42268;MC;NA;3;56;M;M;5064;EMP
057540036036-3878;057540036036;100mN31972E42268;MC;NA;3;19;D;F;1824;NEP
057540036036-3879;057540036036;100mN32010E42277;MC;NA;3;37;M;M;3039;EMP
057540036036-3879;057540036036;100mN32010E42277;MC;NA;3;36;M;F;3039;EMP
057540036036-3879;057540036036;100mN32010E42277;MC;NA;3;16;S;M;1517;EMP
057540036036-3880;057540036036;100mN32019E42248;SF;NA;4;53;S;F;5064;EMP
057540036036-3880;057540036036;100mN32019E42248;SF;NA;4;20;M;F;1824;NEP
057540036036-3880;057540036036;100mN32019E42248;SF;NA;4;7;S;M;0614;NEP
057540036036-3880;057540036036;100mN32019E42248;SF;NA;4;16;S;F;1517;EMP
057540036036-3881;057540036036;100mN32005E42281;MC;NA;6;62;M;F;5064;EMP
057540036036-3881;057540036036;100mN32005E42281;MC;NA;6;63;M;M;5064;EMP
057540036036-3881;057540036036;100mN32005E42281;MC;NA;6;10;S;M;0614;NEP
057540036036-3881;057540036036;100mN32005E42281;MC;NA;6;45;S;M;4049;EMP
057540036036-3881;057540036036;100mN32005E42281;MC;NA;6;35;M;M;3039;NEP
057540036036-3881;057540036036;100mN32005E42281;MC;NA;6;4;S;F;0305;NEP
057540036036-3882;057540036036;100mN32019E42244;MC;NA;4;58;M;M;5064;NEP
057540036036-3882;057540036036;100mN32019E42244;MC;NA;4;61;M;F;5064;EMP
057540036036-3882;057540036036;100mN32019E42244;MC;NA;4;6;S;F;0614;NEP
057540036036-3882;057540036036;100mN32019E42244;MC;NA;4;12;S;M;0614;NEP
057540036036-3883;057540036036;100mN31956E42292;S;NA;1;51;M;M;5064;NEP
057540036036-3884;057540036036;100mN32004E42278;MC;NA;3;43;M;F;4049;NEP
057540036036-3884;057540036036;100mN32004E42278;MC;NA;3;48;M;M;4049;EMP
057540036036-3884;057540036036;100mN32004E42278;MC;NA;3;25;W;F;2529;NEP
057540036036-3885;057540036036;100mN31994E42262;PO;NA;2;42;S;M;4049;NEP
057540036036-3885;057540036036;100mN31994E42262;PO;NA;2;38;S;F;3039;NEP
057540036036-3886;057540036036;100mN32008E42282;MC;NA;2;48;M;F;4049;NEP
057540036036-3886;057540036036;100mN32008E42282;MC;NA;2;48;M;M;4049;UEP
057540036036-3887;057540036036;100mN32015E42291;S;OS;1;36;S;M;3039;EMP
057540036036-3888;057540036036;100mN31994E42262;PO;NA;3;20;S;F;1824;NEP
057540036036-3888;057540036036;100mN31994E42262;PO;NA;3;23;S;M;1824;NEP
057540036036-3888;057540036036;100mN31994E42262;PO;NA;3;3;S;M;0305;NEP
057540036036-3889;057540036036;100mN31994E42262;MC;NA;2;47;M;M;4049;EMP
057540036036-3889;057540036036;100mN31994E42262;MC;NA;2;38;M;F;3039;EMP
057540036036-3890;057540036036;100mN31986E42271;S;NA;1;45;M;M;4049;EMP
057540036036-3891;057540036036;100mN31994E42262;S;NA;1;40;S;M;4049;NEP
057540036036-3892;057540036036;100mN32003E42254;MC;NA;3;32;M;F;3039;EMP
057540036036-3892;057540036036;100mN32003E42254;MC;NA;3;30;M;M;3039;EMP
057540036036-3892;057540036036;100mN32003E42254;MC;NA;3;6;S;F;0614;NEP
057540036036-3893;057540036036;100mN31994E42262;SF;NA;3;50;W;F;5064;NEP
057540036036-3893;057540036036;100mN31994E42262;SF;NA;3;4;S;M;0305;NEP
057540036036-3893;057540036036;100mN31994E42262;SF;NA;3;8;S;M;0614;NEP
057540036036-3894;057540036036;100mN32010E42248;PO;MIX;2;84;S;F;75XX;NEP
057540036036-3894;057540036036;100mN32010E42248;PO;MIX;2;15;S;M;1517;NEP
057540036036-3895;057540036036;100mN32005E42279;S;NA;1;68;M;F;6574;EMP
057540036036-3896;057540036036;100mN32017E42218;PO;NA;3;60;S;F;5064;EMP
057540036036-3896;057540036036;100mN32017E42218;PO;NA;3;54;S;F;5064;EMP
057540036036-3896;057540036036;100mN32017E42218;PO;NA;3;15;S;M;1517;EMP
057540036036-3897;057540036036;100mN31976E42269;PO;OS;2;88;S;M;75XX;EMP
057540036036-3897;057540036036;100mN31976E42269;PO;OS;2;85;S;M;75XX;EMP
057540036036-3898;057540036036;100mN31975E42299;MC;MIX;3;76;S;M;75XX;EMP
057540036036-3898;057540036036;100mN31975E42299;MC;MIX;3;53;M;F;5064;EMP
057540036036-3898;057540036036;100mN31975E42299;MC;MIX;3;50;M;M;5064;UEP
057540036036-3899;057540036036;100mN32007E42287;MC;MIX;3;81;S;F;75XX;EMP
057540036036-3899;057540036036;100mN32007E42287;MC;MIX;3;58;M;M;5064;NEP
057540036036-3899;057540036036;100mN32007E42287;MC;MIX;3;63;M;F;5064;EMP
057540036036-3900;057540036036;100mN31973E42271;SF;NA;3;35;S;F;3039;EMP
057540036036-3900;057540036036;100mN31973E42271;SF;NA;3;8;S;M;0614;NEP
057540036036-3900;057540036036;100mN31973E42271;SF;NA;3;12;S;M;0614;NEP
057540036036-3901;057540036036;100mN31992E42261;NA;MIX;2;42;S;M;4049;EMP
057540036036-3901;057540036036;100mN31992E42261;NA;MIX;2;28;S;M;2529;EMP
057540036036-3902;057540036036;100mN31993E42255;MC;NA;4;63;M;M;5064;EMP
057540036036-3902;057540036036;100mN31993E42255;MC;NA;4;62;M;F;5064;EMP
057540036036-3902;057540036036;100mN31993E42255;MC;NA;4;16;S;M;1517;EMP
057540036036-3902;057540036036;100mN31993E42255;MC;NA;4;0;S;M;0003;NEP
057540036036-3903;057540036036;100mN31998E42272;MC;NA;2;45;M;M;4049;EMP
057540036036-3903;057540036036;100mN31998E42272;MC;NA;2;46;M;F;4049;EMP
057540036036-3904;057540036036;100mN31998E42272;PO;OS;3;72;S;M;6574;EMP
057540036036-3904;057540036036;100mN31998E42272;PO;OS;3;69;S;F;6574;EMP
057540036036-3904;057540036036;100mN31998E42272;PO;OS;3;85;M;M;75XX;EMP
057540036036-3905;057540036036;100mN31981E42242;MC;MIX;6;77;M;F;75XX;NEP
057540036036-3905;057540036036;100mN31981E42242;MC;MIX;6;61;M;F;5064;EMP
057540036036-3905;057540036036;100mN31981E42242;MC;MIX;6;46;M;M;4049;EMP
057540036036-3905;057540036036;100mN31981E42242;MC;MIX;6;15;S;F;1517;NEP
057540036036-3905;057540036036;100mN31981E42242;MC;MIX;6;28;S;M;2529;EMP
057540036036-3905;057540036036;100mN31981E42242;MC;MIX;6;1;S;F;0003;NEP
057540036036-3906;057540036036;100mN31998E42272;MC;MIX;2;84;M;F;75XX;NEP
057540036036-3906;057540036036;100mN31998E42272;MC;MIX;2;23;S;F;1824;NEP
057540036036-3907;057540036036;100mN31995E42259;SF;NA;2;48;D;F;4049;NEP
057540036036-3907;057540036036;100mN31995E42259;SF;NA;2;11;S;F;0614;NEP
057540036036-3908;057540036036;100mN31993E42256;PO;NA;2;20;S;F;1824;NEP
057540036036-3908;057540036036;100mN31993E42256;PO;NA;2;20;S;F;1824;NEP
057540036036-3909;057540036036;100mN32004E42281;MC;NA;3;40;M;M;4049;NEP
057540036036-3909;057540036036;100mN32004E42281;MC;NA;3;32;M;F;3039;EMP
057540036036-3909;057540036036;100mN32004E42281;MC;NA;3;1;S;M;0003;NEP
057540036036-3910;057540036036;100mN32014E42227;MC;OS;4;67;M;M;6574;EMP
057540036036-3910;057540036036;100mN32014E42227;MC;OS;4;69;M;F;6574;EMP
057540036036-3910;057540036036;100mN32014E42227;MC;OS;4;77;M;F;75XX;NEP
057540036036-3910;057540036036;100mN32014E42227;MC;OS;4;71;W;F;6574;EMP
057540036036-3911;057540036036;100mN31991E42257;S;NA;1;50;M;F;5064;NEP
057540036036-3912;057540036036;100mN31992E42261;S;NA;1;45;S;F;4049;EMP
057540036036-3913;057540036036;100mN31987E42272;MC;MIX;2;73;M;F;6574;EMP
057540036036-3913;057540036036;100mN31987E42272;MC;MIX;2;6;S;M;0614;NEP
057540036036-3914;057540036036;100mN31998E42272;MC;NA;3;63;M;F;5064;NEP
057540036036-3914;057540036036;100mN31998E42272;MC;NA;3;13;S;M;0614;NEP
057540036036-3914;057540036036;100mN31998E42272;MC;NA;3;3;S;M;0305;NEP
057540036036-3915;057540036036;100mN31990E42261;MC;NA;2;37;M;M;3039;EMP
057540036036-3915;057540036036;100mN31990E42261;MC;NA;2;43;M;F;4049;EMP
057540036036-3916;057540036036;100mN32000E42291;MC;NA;3;63;M;M;5064;EMP
057540036036-3916;057540036036;100mN32000E42291;MC;NA;3;60;M;F;5064;NEP
057540036036-3916;057540036036;100mN32000E42291;MC;NA;3;19;W;F;1824;EMP
057540036036-3917;057540036036;100mN32000E42291;S;NA;1;78;S;M;75XX;EMP
057540036036-3918;057540036036;100mN32008E42278;MC;NA;4;40;M;F;4049;EMP
057540036036-3918;057540036036;100mN32008E42278;MC;NA;4;45;M;M;4049;EMP
057540036036-3918;057540036036;100mN32008E42278;MC;NA;4;10;S;F;0614;NEP
057540036036-3918;057540036036;100mN32008E42278;MC;NA;4;2;S;M;0003;NEP
057540036036-3919;057540036036;100mN32007E42251;S;NA;1;54;W;F;5064;NEP
057540036036-3920;057540036036;100mN32007E42251;MC;NA;2;42;M;F;4049;EMP
057540036036-3920;057540036036;100mN32007E42251;MC;NA;2;41;M;M;4049;EMP
057540036036-3921;057540036036;100mN31999E42256;MC;NA;3;40;M;M;4049;EMP
057540036036-3921;057540036036;100mN31999E42256;MC;NA;3;37;M;F;3039;NEP
057540036036-3921;057540036036;100mN31999E42256;MC;NA;3;25;M;M;2529;EMP
057540036036-3922;057540036036;100mN32017E42256;MC;NA;4;59;M;M;5064;EMP
057540036036-3922;057540036036;100mN32017E42256;MC;NA;4;58;M;F;5064;EMP
057540036036-3922;057540036036;100mN32017E42256;MC;NA;4;3;S;M;0305;NEP
057540036036-3922;057540036036;100mN32017E42256;MC;NA;4;16;S;M;1517;EMP
057540036036-3923;057540036036;100mN32018E42255;SM;NA;4;61;S;M;5064;NEP
057540036036-3923;057540036036;100mN32018E42255;SM;NA;4;11;S;F;0614;NEP
057540036036-3923;057540036036;100mN32018E42255;SM;NA;4;40;S;M;4049;EMP
057540036036-3923;057540036036;100mN32018E42255;SM;NA;4;12;S;M;0614;NEP
057540036036-3924;057540036036;100mN31999E42312;SF;NA;2;56;W;F;5064;NEP
057540036036-3924;057540036036;100mN31999E42312;SF;NA;2;27;D;F;2529;NEP
057540036036-3925;057540036036;100mN32007E42251;MC;NA;3;44;M;M;4049;EMP
057540036036-3925;057540036036;100mN32007E42251;MC;NA;3;55;M;F;5064;EMP
057540036036-3925;057540036036;100mN32007E42251;MC;NA;3;6;S;F;0614;NEP
057540036036-3926;057540036036;100mN32007E42251;MC;NA;2;60;M;F;5064;EMP
057540036036-3926;057540036036;100mN32007E42251;MC;NA;2;53;M;M;5064;EMP
057540036036-3927;057540036036;100mN31996E42261;PO;NA;6;25;S;F;2529;EMP
057540036036-3927;057540036036;100mN31996E42261;PO;NA;6;27;S;F;2529;NEP
057540036036-3927;057540036036;100mN31996E42261;PO;NA;6;9;S;F;0614;NEP
057540036036-3927;057540036036;100mN31996E42261;PO;NA;6;8;S;F;0614;NEP
057540036036-3927;057540036036;100mN31996E42261;PO;NA;6;7;S;F;0614;NEP
057540036036-3927;057540036036;100mN31996E42261;PO;NA;6;7;S;M;0614;NEP
057540036036-3928;057540036036;100mN32007E42251;MC;NA;3;28;M;M;2529;EMP
057540036036-3928;057540036036;100mN32007E42251;MC;NA;3;26;M;F;2529;EMP
057540036036-3928;057540036036;100mN32007E42251;MC;NA;3;11;S;F;0614;NEP
057540036036-3929;057540036036;100mN32007E42251;MC;OS;2;68;M;F;6574;NEP
057540036036-3929;057540036036;100mN32007E42251;MC;OS;2;70;M;M;6574;EMP
057540036036-3930;057540036036;100mN32007E42251;MC;OS;2;67;M;M;6574;EMP
057540036036-3930;057540036036;100mN32007E42251;MC;OS;2;65;M;F;6574;EMP
057540036036-3931;057540036036;100mN31976E42250;S;OS;1;33;W;F;3039;EMP
057540036036-3932;057540036036;100mN32018E42267;MC;NA;4;41;M;M;4049;EMP
057540036036-3932;057540036036;100mN32018E42267;MC;NA;4;38;M;F;3039;EMP
057540036036-3932;057540036036;100mN32018E42267;MC;NA;4;26;S;F;2529;EMP
057540036036-3932;057540036036;100mN32018E42267;MC;NA;4;8;S;F;0614;NEP
057540036036-3933;057540036036;100mN31976E42267;SF;NA;2;47;W;F;4049;NEP
057540036036-3933;057540036036;100mN31976E42267;SF;NA;2;8;S;F;0614;NEP
057540036036-3934;057540036036;100mN32022E42253;MC;OS;2;69;M;M;6574;EMP
057540036036-3934;057540036036;100mN32022E42253;MC;OS;2;68;M;F;6574;EMP
057540036036-3935;057540036036;100mN32006E42300;S;NA;1;61;M;M;5064;NEP
057540036036-3936;057540036036;100mN31987E42272;MC;MIX;2;73;M;F;6574;EMP
057540036036-3936;057540036036;100mN31987E42272;MC;MIX;2;6;S;M;0614;NEP
057540036036-3937;057540036036;100mN32018E42249;S;NA;1;46;S;M;4049;NEP
057540036036-3938;057540036036;100mN32028E42266;MC;NA;2;27;M;F;2529;EMP
057540036036-3938;057540036036;100mN32028E42266;MC;NA;2;32;M;M;3039;EMP
057540036036-3939;057540036036;100mN31951E42252;SM;NA;4;59;S;M;5064;EMP
057540036036-3939;057540036036;100mN31951E42252;SM;NA;4;43;W;F;4049;NEP
057540036036-3939;057540036036;100mN31951E42252;SM;NA;4;42;M;M;4049;EMP
057540036036-3939;057540036036;100mN31951E42252;SM;NA;4;22;S;M;1824;NEP
057540036036-3940;057540036036;100mN32013E42289;MC;MIX;2;89;M;F;75XX;NEP
057540036036-3940;057540036036;100mN32013E42289;MC;MIX;2;13;S;F;0614;NEP
057540036036-3941;057540036036;100mN31994E42254;S;OS;1;75;M;M;75XX;NEP
057540036036-3942;057540036036;100mN31997E42258;MC;NA;2;57;M;F;5064;NEP
057540036036-3942;057540036036;100mN31997E42258;MC;NA;2;61;M;M;5064;EMP
057540036036-3943;057540036036;100mN31997E42258;MC;NA;2;42;M;F;4049;EMP
057540036036-3943;057540036036;100mN31997E42258;MC;NA;2;47;M;M;4049;EMP
057540036036-3944;057540036036;100mN31997E42258;PO;NA;6;48;S;M;4049;EMP
057540036036-3944;057540036036;100mN31997E42258;PO;NA;6;40;S;M;4049;EMP
057540036036-3944;057540036036;100mN31997E42258;PO;NA;6;22;M;F;1824;EMP
057540036036-3944;057540036036;100mN31997E42258;PO;NA;6;12;S;M;0614;NEP
057540036036-3944;057540036036;100mN31997E42258;PO;NA;6;16;S;M;1517;NEP
057540036036-3944;057540036036;100mN31997E42258;PO;NA;6;10;S;F;0614;NEP
057540036036-3945;057540036036;100mN32005E42260;S;NA;1;63;S;F;5064;NEP
057540036036-3946;057540036036;100mN31997E42258;MC;OS;2;84;M;F;75XX;EMP
057540036036-3946;057540036036;100mN31997E42258;MC;OS;2;82;M;M;75XX;EMP
057540036036-3947;057540036036;100mN31997E42258;S;OS;1;87;M;F;75XX;NEP
057540036036-3948;057540036036;100mN31997E42258;S;NA;1;19;M;M;1824;NEP
057540036036-3949;057540036036;100mN31997E42258;MC;NA;4;59;M;F;5064;EMP
057540036036-3949;057540036036;100mN31997E42258;MC;NA;4;63;M;M;5064;EMP
057540036036-3949;057540036036;100mN31997E42258;MC;NA;4;0;S;F;0003;NEP
057540036036-3949;057540036036;100mN31997E42258;MC;NA;4;16;S;M;1517;EMP
057540036036-3950;057540036036;100mN31994E42283;SM;NA;4;62;D;M;5064;EMP
057540036036-3950;057540036036;100mN31994E42283;SM;NA;4;7;S;M;0614;NEP
057540036036-3950;057540036036;100mN31994E42283;SM;NA;4;13;S;F;0614;NEP
057540036036-3950;057540036036;100mN31994E42283;SM;NA;4;26;S;M;2529;EMP
057540036036-3951;057540036036;100mN32017E42245;S;NA;1;48;W;F;4049;EMP
057540036036-3952;057540036036;100mN31997E42258;MC;NA;2;51;M;F;5064;EMP
057540036036-3952;057540036036;100mN31997E42258;MC;NA;2;53;M;M;5064;NEP
057540036036-3953;057540036036;100mN31997E42258;S;OS;1;55;S;F;5064;EMP
057540036036-3954;057540036036;100mN31997E42258;MC;NA;4;34;M;F;3039;EMP
057540036036-3954;057540036036;100mN31997E42258;MC;NA;4;36;M;M;3039;EMP
057540036036-3954;057540036036;100mN31997E42258;MC;NA;4;6;S;M;0614;NEP
057540036036-3954;057540036036;100mN31997E42258;MC;NA;4;3;S;M;0305;NEP
057540036036-3955;057540036036;100mN31997E42258;S;NA;1;67;M;F;6574;EMP
057540036036-3956;057540036036;100mN31997E42258;NA;NA;2;20;W;M;1824;EMP
057540036036-3956;057540036036;100mN31997E42258;NA;NA;2;48;M;M;4049;EMP
057540036036-3957;057540036036;100mN31997E42258;SF;NA;2;79;S;F;75XX;NEP
057540036036-3957;057540036036;100mN31997E42258;SF;NA;2;32;S;F;3039;NEP
057540036036-3958;057540036036;100mN31997E42258;MC;OS;3;87;M;F;75XX;EMP
057540036036-3958;057540036036;100mN31997E42258;MC;OS;3;88;M;M;75XX;EMP
057540036036-3958;057540036036;100mN31997E42258;MC;OS;3;83;S;M;75XX;EMP
057540036036-3959;057540036036;100mN31981E42264;MC;NA;3;33;M;M;3039;NEP
057540036036-3959;057540036036;100mN31981E42264;MC;NA;3;25;M;F;2529;NEP
057540036036-3959;057540036036;100mN31981E42264;MC;NA;3;18;D;F;1824;EMP
057540036036-3960;057540036036;100mN31976E42252;PO;OS;4;66;S;F;6574;EMP
057540036036-3960;057540036036;100mN31976E42252;PO;OS;4;69;S;M;6574;EMP
057540036036-3960;057540036036;100mN31976E42252;PO;OS;4;71;S;F;6574;EMP
057540036036-3960;057540036036;100mN31976E42252;PO;OS;4;83;S;F;75XX;EMP
057540036036-3961;057540036036;100mN32018E42255;MC;NA;3;52;M;M;5064;EMP
057540036036-3961;057540036036;100mN32018E42255;MC;NA;3;47;M;F;4049;EMP
057540036036-3961;057540036036;100mN32018E42255;MC;NA;3;8;S;M;0614;NEP
057540036036-3962;057540036036;100mN31999E42255;SF;MIX;5;65;M;F;6574;EMP
057540036036-3962;057540036036;100mN31999E42255;SF;MIX;5;52;W;F;5064;NEP
057540036036-3962;057540036036;100mN31999E42255;SF;MIX;5;34;M;M;3039;EMP
057540036036-3962;057540036036;100mN31999E42255;SF;MIX;5;7;S;M;0614;NEP
057540036036-3962;057540036036;100mN31999E42255;SF;MIX;5;16;S;F;1517;NEP
057540036036-3963;057540036036;100mN31997E42258;MC;NA;6;34;M;F;3039;NEP
057540036036-3963;057540036036;100mN31997E42258;MC;NA;6;34;M;M;3039;NEP
057540036036-3963;057540036036;100mN31997E42258;MC;NA;6;18;M;F;1824;NEP
057540036036-3963;057540036036;100mN31997E42258;MC;NA;6;7;S;F;0614;NEP
057540036036-3963;057540036036;100mN31997E42258;MC;NA;6;18;M;M;1824;EMP
057540036036-3963;057540036036;100mN31997E42258;MC;NA;6;15;S;M;1517;EMP
057540036036-3964;057540036036;100mN31976E42275;PO;NA;2;50;S;F;5064;EMP
057540036036-3964;057540036036;100mN31976E42275;PO;NA;2;53;S;F;5064;EMP
057540036036-3965;057540036036;100mN32010E42248;MC;NA;2;31;M;M;3039;NEP
057540036036-3965;057540036036;100mN32010E42248;MC;NA;2;26;M;F;2529;EMP
057540036036-3966;057540036036;100mN32013E42285;MC;NA;3;48;M;F;4049;NEP
057540036036-3966;057540036036;100mN32013E42285;MC;NA;3;52;M;M;5064;NEP
057540036036-3966;057540036036;100mN32013E42285;MC;NA;3;31;W;F;3039;EMP
057540036036-3967;057540036036;100mN32010E42287;S;OS;1;36;S;F;3039;EMP
057540036036-3968;057540036036;100mN32020E42250;MC;NA;2;57;M;M;5064;EMP
057540036036-3968;057540036036;100mN32020E42250;MC;NA;2;54;M;F;5064;EMP
057540036036-3969;057540036036;100mN32012E42251;SF;NA;5;83;W;F;75XX;EMP
057540036036-3969;057540036036;100mN32012E42251;SF;NA;5;45;D;F;4049;NEP
057540036036-3969;057540036036;100mN32012E42251;SF;NA;5;11;S;F;0614;NEP
057540036036-3969;057540036036;100mN32012E42251;SF;NA;5;25;S;M;2529;EMP
057540036036-3969;057540036036;100mN32012E42251;SF;NA;5;4;S;M;0305;NEP
057540036036-3970;057540036036;100mN31964E42279;PO;NA;2;59;S;M;5064;NEP
057540036036-3970;057540036036;100mN31964E42279;PO;NA;2;57;S;M;5064;EMP
057540036036-3971;057540036036;100mN31997E42258;S;NA;1;72;S;F;6574;EMP
057540036036-3972;057540036036;100mN31991E42262;MC;NA;6;62;M;F;5064;EMP
057540036036-3972;057540036036;100mN31991E42262;MC;NA;6;63;M;M;5064;EMP
057540036036-3972;057540036036;100mN31991E42262;MC;NA;6;10;S;M;0614;NEP
057540036036-3972;057540036036;100mN31991E42262;MC;NA;6;33;M;F;3039;NEP
057540036036-3972;057540036036;100mN31991E42262;MC;NA;6;23;M;F;1824;EMP
057540036036-3972;057540036036;100mN31991E42262;MC;NA;6;12;S;M;0614;NEP
057540036036-3973;057540036036;100mN31976E42253;MC;NA;4;55;M;F;5064;NEP
057540036036-3973;057540036036;100mN31976E42253;MC;NA;4;58;M;M;5064;EMP
057540036036-3973;057540036036;100mN31976E42253;MC;NA;4;0;S;M;0003;NEP
057540036036-3973;057540036036;100mN31976E42253;MC;NA;4;40;W;F;4049;EMP
057540036036-3974;057540036036;100mN32023E42250;S;OS;1;57;W;F;5064;NEP
057540036036-3975;057540036036;100mN31997E42258;SF;NA;2;51;S;F;5064;EMP
057540036036-3975;057540036036;100mN31997E42258;SF;NA;2;9;S;F;0614;NEP
057540036036-3976;057540036036;100mN32017E42245;MC;NA;2;61;M;M;5064;NEP
057540036036-3976;057540036036;100mN32017E42245;MC;NA;2;57;W;F;5064;NEP
057540036036-3977;057540036036;100mN32021E42247;MC;NA;3;43;M;M;4049;NEP
057540036036-3977;057540036036;100mN32021E42247;MC;NA;3;37;M;F;3039;EMP
057540036036-3977;057540036036;100mN32021E42247;MC;NA;3;8;S;F;0614;NEP
057540036036-3978;057540036036;100mN31995E42262;S;NA;1;28;S;F;2529;NEP
057540036036-3979;057540036036;100mN32010E42227;S;NA;1;40;M;F;4049;NEP
057540036036-3980;057540036036;100mN32010E42227;S;NA;1;55;S;M;5064;EMP
057540036036-3981;057540036036;100mN32010E42227;SF;NA;2;62;W;F;5064;NEP
057540036036-3981;057540036036;100mN32010E42227;SF;NA;2;36;M;M;3039;EMP
057540036036-3982;057540036036;100mN32001E42259;NA;NA;3;45;M;M;4049;UEP
057540036036-3982;057540036036;100mN32001E42259;NA;NA;3;61;D;F;5064;NEP
057540036036-3982;057540036036;100mN32001E42259;NA;NA;3;31;D;M;3039;NEP
057540036036-3983;057540036036;100mN31999E42258;MC;MIX;5;69;W;F;6574;EMP
057540036036-3983;057540036036;100mN31999E42258;MC;MIX;5;60;M;M;5064;NEP
057540036036-3983;057540036036;100mN31999E42258;MC;MIX;5;57;M;F;5064;EMP
057540036036-3983;057540036036;100mN31999E42258;MC;MIX;5;10;S;M;0614;NEP
057540036036-3983;057540036036;100mN31999E42258;MC;MIX;5;16;S;M;1517;NEP
057540036036-3984;057540036036;100mN32012E42289;S;NA;1;62;D;F;5064;EMP
057540036036-3985;057540036036;100mN32019E42255;MC;NA;2;45;M;F;4049;EMP
057540036036-3985;057540036036;100mN32019E42255;MC;NA;2;47;M;M;4049;NEP
057540036036-3986;057540036036;100mN32007E42281;PO;NA;3;33;S;F;3039;NEP
057540036036-3986;057540036036;100mN32007E42281;PO;NA;3;33;S;F;3039;EMP
057540036036-3986;057540036036;100mN32007E42281;PO;NA;3;16;S;M;1517;NEP
057540036036-3987;057540036036;100mN32019E42255;MC;NA;4;47;M;M;4049;EMP
057540036036-3987;057540036036;100mN32019E42255;MC;NA;4;43;M;F;4049;NEP
057540036036-3987;057540036036;100mN32019E42255;MC;NA;4;3;S;F;0305;NEP
057540036036-3987;057540036036;100mN32019E42255;MC;NA;4;26;M;M;2529;EMP
057540036036-3988;057540036036;100mN31989E42260;S;NA;1;56;D;F;5064;NEP
057540036036-3989;057540036036;100mN32023E42251;S;NA;1;72;S;F;6574;NEP
057540036036-3990;057540036036;100mN32020E42240;MC;NA;2;60;M;M;5064;NEP
057540036036-3990;057540036036;100mN32020E42240;MC;NA;2;51;M;F;5064;NEP
057540036036-3991;057540036036;100mN32019E42255;S;NA;1;18;S;F;1824;NEP
057540036036-3992;057540036036;100mN32010E42281;MC;NA;3;40;M;M;4049;EMP
057540036036-3992;057540036036;100mN32010E42281;MC;NA;3;41;M;F;4049;NEP
057540036036-3992;057540036036;100mN32010E42281;MC;NA;3;8;S;F;0614;NEP
057540036036-3993;057540036036;100mN31995E42256;MC;NA;5;52;M;F;5064;NEP
057540036036-3993;057540036036;100mN31995E42256;MC;NA;5;54;M;M;5064;EMP
057540036036-3993;057540036036;100mN31995E42256;MC;NA;5;20;S;M;1824;EMP
057540036036-3993;057540036036;100mN31995E42256;MC;NA;5;12;S;M;0614;NEP
057540036036-3993;057540036036;100mN31995E42256;MC;NA;5;35;S;M;3039;EMP
057540036036-3994;057540036036;100mN32019E42255;MC;OS;2;72;M;F;6574;NEP
057540036036-3994;057540036036;100mN32019E42255;MC;OS;2;77;M;M;75XX;EMP
057540036036-3995;057540036036;100mN31996E42257;S;NA;1;40;D;M;4049;UEP
057540036036-3996;057540036036;100mN31996E42254;SF;NA;2;88;S;F;75XX;NEP
057540036036-3996;057540036036;100mN31996E42254;SF;NA;2;3;S;M;0305;NEP
057540036036-3997;057540036036;100mN32019E42255;MC;MIX;3;87;M;M;75XX;NEP
057540036036-3997;057540036036;100mN32019E42255;MC;MIX;3;50;M;M;5064;EMP
057540036036-3997;057540036036;100mN32019E42255;MC;MIX;3;41;M;F;4049;NEP
057540036036-3998;057540036036;100mN32017E42218;PO;NA;3;60;S;F;5064;EMP
057540036036-3998;057540036036;100mN32017E42218;PO;NA;3;54;S;F;5064;EMP
057540036036-3998;057540036036;100mN32017E42218;PO;NA;3;15;S;M;1517;EMP
057540036036-3999;057540036036;100mN32019E42255;MC;NA;2;57;M;F;5064;EMP
057540036036-3999;057540036036;100mN32019E42255;MC;NA;2;59;M;M;5064;EMP
057540036036-4000;057540036036;100mN32012E42235;MC;NA;4;45;M;F;4049;EMP
057540036036-4000;057540036036;100mN32012E42235;MC;NA;4;45;M;M;4049;EMP
057540036036-4000;057540036036;100mN32012E42235;MC;NA;4;4;S;M;0305;NEP
057540036036-4000;057540036036;100mN32012E42235;MC;NA;4;13;S;M;0614;NEP
057540036036-4001;057540036036;100mN32019E42243;MC;NA;2;44;M;M;4049;EMP
057540036036-4001;057540036036;100mN32019E42243;MC;NA;2;43;M;F;4049;EMP
057540036036-4002;057540036036;100mN32004E42281;PO;NA;6;18;S;M;1824;EMP
057540036036-4002;057540036036;100mN32004E42281;PO;NA;6;18;S;F;1824;NEP
057540036036-4002;057540036036;100mN32004E42281;PO;NA;6;0;S;F;0003;NEP
057540036036-4002;057540036036;100mN32004E42281;PO;NA;6;2;S;M;0003;NEP
057540036036-4002;057540036036;100mN32004E42281;PO;NA;6;3;S;F;0305;NEP
057540036036-4002;057540036036;100mN32004E42281;PO;NA;6;2;S;M;0003;NEP
057540036036-4003;057540036036;100mN32010E42252;MC;NA;3;42;M;M;4049;EMP
057540036036-4003;057540036036;100mN32010E42252;MC;NA;3;41;M;F;4049;EMP
057540036036-4003;057540036036;100mN32010E42252;MC;NA;3;15;S;M;1517;EMP
057540036036-4004;057540036036;100mN32014E42287;MC;NA;3;25;M;F;2529;EMP
057540036036-4004;057540036036;100mN32014E42287;MC;NA;3;26;M;M;2529;UEP
057540036036-4004;057540036036;100mN32014E42287;MC;NA;3;0;S;M;0003;NEP
057540036036-4005;057540036036;100mN32019E42240;S;NA;1;21;W;F;1824;EMP
057540036036-4006;057540036036;100mN32014E42287;SF;NA;3;46;S;F;4049;EMP
057540036036-4006;057540036036;100mN32014E42287;SF;NA;3;26;M;M;2529;EMP
057540036036-4006;057540036036;100mN32014E42287;SF;NA;3;9;S;M;0614;NEP
057540036036-4007;057540036036;100mN32003E42281;MC;NA;2;33;M;F;3039;NEP
057540036036-4007;057540036036;100mN32003E42281;MC;NA;2;25;M;M;2529;NEP
057540036036-4008;057540036036;100mN32003E42281;MC;OS;2;66;M;M;6574;EMP
057540036036-4008;057540036036;100mN32003E42281;MC;OS;2;66;M;F;6574;NEP
057540036036-4009;057540036036;100mN31995E42257;PO;NA;2;41;S;F;4049;NEP
057540036036-4009;057540036036;100mN31995E42257;PO;NA;2;36;S;F;3039;NEP
057540036036-4010;057540036036;100mN31994E42254;S;NA;1;51;D;F;5064;EMP
057540036036-4011;057540036036;100mN32003E42281;S;NA;1;41;M;M;4049;EMP
057540036036-4012;057540036036;100mN32003E42281;S;NA;1;69;D;M;6574;EMP
057540036036-4013;057540036036;100mN32003E42281;MC;MIX;3;71;S;F;6574;NEP
057540036036-4013;057540036036;100mN32003E42281;MC;MIX;3;45;M;F;4049;NEP
057540036036-4013;057540036036;100mN32003E42281;MC;MIX;3;48;M;M;4049;EMP
057540036036-4014;057540036036;100mN32003E42281;S;NA;1;52;M;F;5064;EMP
057540036036-4015;057540036036;100mN32004E42258;S;NA;1;84;D;F;75XX;NEP
057540036036-4016;057540036036;100mN32010E42246;MC;NA;2;47;M;M;4049;EMP
057540036036-4016;057540036036;100mN32010E42246;MC;NA;2;46;M;F;4049;NEP
057540036036-4017;057540036036;100mN31996E42282;MC;NA;2;48;M;F;4049;EMP
057540036036-4017;057540036036;100mN31996E42282;MC;NA;2;51;M;M;5064;EMP
057540036036-4018;057540036036;100mN32010E42246;MC;NA;2;46;M;F;4049;EMP
057540036036-4018;057540036036;100mN32010E42246;MC;NA;2;44;M;M;4049;EMP
057540036036-4019;057540036036;100mN32017E42253;SF;NA;2;27;S;F;2529;NEP
057540036036-4019;057540036036;100mN32017E42253;SF;NA;2;9;S;F;0614;NEP
057540036036-4020;057540036036;100mN32010E42246;MC;NA;3;26;M;M;2529;EMP
057540036036-4020;057540036036;100mN32010E42246;MC;NA;3;33;M;F;3039;NEP
057540036036-4020;057540036036;100mN32010E42246;MC;NA;3;0;S;F;0003;NEP
057540036036-4021;057540036036;100mN32010E42246;MC;NA;2;35;M;M;3039;EMP
057540036036-4021;057540036036;100mN32010E42246;MC;NA;2;35;M;F;3039;EMP
057540036036-4022;057540036036;100mN32007E42281;MC;NA;3;48;M;M;4049;EMP
057540036036-4022;057540036036;100mN32007E42281;MC;NA;3;45;M;F;4049;NEP
057540036036-4022;057540036036;100mN32007E42281;MC;NA;3;31;S;F;3039;EMP
057540036036-4023;057540036036;100mN32010E42246;MC;NA;3;42;M;M;4049;NEP
057540036036-4023;057540036036;100mN32010E42246;MC;NA;3;40;M;F;4049;EMP
057540036036-4023;057540036036;100mN32010E42246;MC;NA;3;21;W;F;1824;EMP
057540036036-4024;057540036036;100mN32010E42246;MC;NA;3;20;M;M;1824;NEP
057540036036-4024;057540036036;100mN32010E42246;MC;NA;3;18;M;F;1824;NEP
057540036036-4024;057540036036;100mN32010E42246;MC;NA;3;0;S;F;0003;NEP
057540036036-4025;057540036036;100mN31967E42261;S;NA;1;45;M;M;4049;EMP
057540036036-4026;057540036036;100mN31967E42261;MC;MIX;2;67;M;F;6574;EMP
057540036036-4026;057540036036;100mN31967E42261;MC;MIX;2;43;M;F;4049;EMP
057540036036-4027;057540036036;100mN31967E42261;MC;OS;2;77;M;F;75XX;EMP
057540036036-4027;057540036036;100mN31967E42261;MC;OS;2;79;M;M;75XX;EMP
057540036036-4028;057540036036;100mN32007E42286;S;OS;1;89;S;M;75XX;EMP
057540036036-4029;057540036036;100mN32007E42278;S;NA;1;38;M;M;3039;EMP
057540036036-4030;057540036036;100mN32001E42288;MC;NA;5;50;M;M;5064;NEP
057540036036-4030;057540036036;100mN32001E42288;MC;NA;5;47;M;F;4049;EMP
057540036036-4030;057540036036;100mN32001E42288;MC;NA;5;13;S;F;0614;NEP
057540036036-4030;057540036036;100mN32001E42288;MC;NA;5;22;M;M;1824;NEP
057540036036-4030;057540036036;100mN32001E42288;MC;NA;5;8;S;F;0614;NEP
057540036036-4031;057540036036;100mN31991E42272;MC;NA;2;33;M;F;3039;EMP
057540036036-4031;057540036036;100mN31991E42272;MC;NA;2;34;M;M;3039;EMP
057540036036-4032;057540036036;100mN31991E42272;S;NA;1;54;S;F;5064;EMP
057540036036-4033;057540036036;100mN31992E42260;MC;NA;2;40;M;F;4049;NEP
057540036036-4033;057540036036;100mN31992E42260;MC;NA;2;43;M;M;4049;EMP
057540036036-4034;057540036036;100mN32013E42291;MC;NA;2;37;M;F;3039;EMP
057540036036-4034;057540036036;100mN32013E42291;MC;NA;2;38;M;M;3039;EMP
057540036036-4035;057540036036;100mN32018E42253;MC;NA;3;38;M;F;3039;EMP
057540036036-4035;057540036036;100mN32018E42253;MC;NA;3;40;M;M;4049;EMP
057540036036-4035;057540036036;100mN32018E42253;MC;NA;3;16;S;M;1517;EMP
057540036036-4036;057540036036;100mN32015E42227;MC;OS;3;65;M;F;6574;EMP
057540036036-4036;057540036036;100mN32015E42227;MC;OS;3;68;M;M;6574;EMP
057540036036-4036;057540036036;100mN32015E42227;MC;OS;3;71;S;F;6574;EMP
057540036036-4037;057540036036;100mN32015E42227;SF;NA;2;45;W;F;4049;EMP
057540036036-4037;057540036036;100mN32015E42227;SF;NA;2;7;S;M;0614;NEP
057540036036-4038;057540036036;100mN32015E42227;MC;NA;3;48;M;F;4049;NEP
057540036036-4038;057540036036;100mN32015E42227;MC;NA;3;57;M;M;5064;NEP
057540036036-4038;057540036036;100mN32015E42227;MC;NA;3;10;S;F;0614;NEP
057540036036-4039;057540036036;100mN31967E42279;S;NA;1;19;D;M;1824;NEP
057540036036-4040;057540036036;100mN32005E42258;MC;NA;3;42;M;M;4049;EMP
057540036036-4040;057540036036;100mN32005E42258;MC;NA;3;40;M;F;4049;EMP
057540036036-4040;057540036036;100mN32005E42258;MC;NA;3;2;S;M;0003;NEP
057540036036-4041;057540036036;100mN32004E42260;PO;NA;5;19;S;F;1824;NEP
057540036036-4041;057540036036;100mN32004E42260;PO;NA;5;22;S;F;1824;NEP
057540036036-4041;057540036036;100mN32004E42260;PO;NA;5;4;S;F;0305;NEP
057540036036-4041;057540036036;100mN32004E42260;PO;NA;5;4;S;M;0305;NEP
057540036036-4041;057540036036;100mN32004E42260;PO;NA;5;3;S;F;0305;NEP
057540036036-4042;057540036036;100mN31975E42249;S;OS;1;43;M;F;4049;NEP
057540036036-4043;057540036036;100mN32015E42227;MC;NA;4;63;M;F;5064;EMP
057540036036-4043;057540036036;100mN32015E42227;MC;NA;4;58;M;M;5064;NEP
057540036036-4043;057540036036;100mN32015E42227;MC;NA;4;42;D;F;4049;EMP
057540036036-4043;057540036036;100mN32015E42227;MC;NA;4;28;M;F;2529;EMP
057540036036-4044;057540036036;100mN32015E42227;MC;MIX;2;71;M;M;6574;NEP
057540036036-4044;057540036036;100mN32015E42227;MC;MIX;2;57;M;F;5064;NEP
057540036036-4045;057540036036;100mN31985E42281;S;OS;1;87;S;F;75XX;EMP
057540036036-4046;057540036036;100mN31985E42281;MC;NA;3;57;M;M;5064;EMP
057540036036-4046;057540036036;100mN31985E42281;MC;NA;3;56;M;F;5064;EMP
057540036036-4046;057540036036;100mN31985E42281;MC;NA;3;8;S;M;0614;NEP
057540036036-4047;057540036036;100mN31995E42266;SF;NA;4;53;W;F;5064;NEP
057540036036-4047;057540036036;100mN31995E42266;SF;NA;4;34;M;M;3039;EMP
057540036036-4047;057540036036;100mN31995E42266;SF;NA;4;1;S;M;0003;NEP
057540036036-4047;057540036036;100mN31995E42266;SF;NA;4;37;W;F;3039;NEP
057540036036-4048;057540036036;100mN31985E42281;MC;NA;2;52;M;M;5064;EMP
057540036036-4048;057540036036;100mN31985E42281;MC;NA;2;50;M;F;5064;NEP
057540036036-4049;057540036036;100mN31985E42281;MC;NA;3;46;M;F;4049;NEP
057540036036-4049;057540036036;100mN31985E42281;MC;NA;3;48;M;M;4049;EMP
057540036036-4049;057540036036;100mN31985E42281;MC;NA;3;20;S;M;1824;EMP
057540036036-4050;057540036036;100mN31995E42268;MC;NA;4;30;M;F;3039;EMP
057540036036-4050;057540036036;100mN31995E42268;MC;NA;4;33;M;M;3039;NEP
057540036036-4050;057540036036;100mN31995E42268;MC;NA;4;12;S;M;0614;NEP
057540036036-4050;057540036036;100mN31995E42268;MC;NA;4;3;S;F;0305;NEP
057540036036-4051;057540036036;100mN31962E42308;MC;MIX;2;72;M;F;6574;NEP
057540036036-4051;057540036036;100mN31962E42308;MC;MIX;2;44;M;M;4049;NEP
057540036036-4052;057540036036;100mN32005E42260;MC;NA;3;47;M;M;4049;NEP
057540036036-4052;057540036036;100mN32005E42260;MC;NA;3;45;M;F;4049;EMP
057540036036-4052;057540036036;100mN32005E42260;MC;NA;3;11;S;M;0614;NEP
057540036036-4053;057540036036;100mN32014E42220;MC;NA;3;48;M;F;4049;EMP
057540036036-4053;057540036036;100mN32014E42220;MC;NA;3;51;M;M;5064;NEP
057540036036-4053;057540036036;100mN32014E42220;MC;NA;3;10;S;F;0614;NEP
057540036036-4054;057540036036;100mN32016E42230;SF;NA;2;68;D;F;6574;NEP
057540036036-4054;057540036036;100mN32016E42230;SF;NA;2;50;M;F;5064;EMP
057540036036-4055;057540036036;100mN31990E42267;MC;NA;2;45;M;M;4049;EMP
057540036036-4055;057540036036;100mN31990E42267;MC;NA;2;42;M;F;4049;NEP
057540036036-4056;057540036036;100mN32016E42230;PO;NA;4;34;S;M;3039;EMP
057540036036-4056;057540036036;100mN32016E42230;PO;NA;4;33;S;F;3039;NEP
057540036036-4056;057540036036;100mN32016E42230;PO;NA;4;12;S;M;0614;NEP
057540036036-4056;057540036036;100mN32016E42230;PO;NA;4;11;S;F;0614;NEP
057540036036-4057;057540036036;100mN31998E42256;SF;MIX;5;72;M;F;6574;NEP
057540036036-4057;057540036036;100mN31998E42256;SF;MIX;5;41;W;F;4049;EMP
057540036036-4057;057540036036;100mN31998E42256;SF;MIX;5;0;S;F;0003;NEP
057540036036-4057;057540036036;100mN31998E42256;SF;MIX;5;9;S;M;0614;NEP
057540036036-4057;057540036036;100mN31998E42256;SF;MIX;5;22;M;F;1824;EMP
057540036036-4058;057540036036;100mN31999E42257;MC;NA;2;38;M;F;3039;EMP
057540036036-4058;057540036036;100mN31999E42257;MC;NA;2;41;M;M;4049;EMP
057540036036-4059;057540036036;100mN32022E42251;MC;NA;4;45;M;M;4049;EMP
057540036036-4059;057540036036;100mN32022E42251;MC;NA;4;52;M;F;5064;EMP
057540036036-4059;057540036036;100mN32022E42251;MC;NA;4;6;S;M;0614;NEP
057540036036-4059;057540036036;100mN32022E42251;MC;NA;4;9;S;F;0614;NEP
057540036036-4060;057540036036;100mN32022E42248;MC;NA;2;38;M;F;3039;EMP
057540036036-4060;057540036036;100mN32022E42248;MC;NA;2;42;M;M;4049;NEP
057540036036-4061;057540036036;100mN32017E42229;MC;OS;3;81;M;F;75XX;EMP
057540036036-4061;057540036036;100mN32017E42229;MC;OS;3;82;M;M;75XX;NEP
057540036036-4061;057540036036;100mN32017E42229;MC;OS;3;65;M;M;6574;NEP
057540036036-4062;057540036036;100mN31951E42247;SF;NA;3;43;W;F;4049;EMP
057540036036-4062;057540036036;100mN31951E42247;SF;NA;3;13;S;M;0614;NEP
057540036036-4062;057540036036;100mN31951E42247;SF;NA;3;8;S;F;0614;NEP
057540036036-4063;057540036036;100mN32012E42286;S;OS;1;50;D;F;5064;NEP
057540036036-4064;057540036036;100mN32018E42243;SF;NA;3;58;W;F;5064;NEP
057540036036-4064;057540036036;100mN32018E42243;SF;NA;3;16;S;M;1517;EMP
057540036036-4064;057540036036;100mN32018E42243;SF;NA;3;16;S;M;1517;EMP
057540036036-4065;057540036036;100mN32017E42229;S;NA;1;16;S;F;1517;NEP
057540036036-4066;057540036036;100mN32017E42229;PO;NA;3;63;S;F;5064;NEP
057540036036-4066;057540036036;100mN32017E42229;PO;NA;3;10;S;F;0614;NEP
057540036036-4066;057540036036;100mN32017E42229;PO;NA;3;16;S;M;1517;NEP
057540036036-4067;057540036036;100mN32013E42238;S;OS;1;38;M;M;3039;NEP
057540036036-4068;057540036036;100mN32013E42238;MC;MIX;3;87;S;F;75XX;NEP
057540036036-4068;057540036036;100mN32013E42238;MC;MIX;3;27;M;M;2529;EMP
057540036036-4068;057540036036;100mN32013E42238;MC;MIX;3;35;M;F;3039;NEP
057540036036-4069;057540036036;100mN32013E42238;S;NA;1;41;M;F;4049;EMP
057540036036-4070;057540036036;100mN32013E42238;S;NA;1;37;D;F;3039;EMP
057540036036-4071;057540036036;100mN32013E42246;S;NA;1;18;M;M;1824;EMP
057540036036-4072;057540036036;100mN32020E42250;SF;NA;3;35;S;F;3039;NEP
057540036036-4072;057540036036;100mN32020E42250;SF;NA;3;20;S;M;1824;EMP
057540036036-4072;057540036036;100mN32020E42250;SF;NA;3;6;S;M;0614;NEP
057540036036-4073;057540036036;100mN32013E42246;S;OS;1;27;M;M;2529;NEP
057540036036-4074;057540036036;100mN32013E42246;MC;NA;2;40;M;M;4049;EMP
057540036036-4074;057540036036;100mN32013E42246;MC;NA;2;37;M;F;3039;EMP
057540036036-4075;057540036036;100mN31989E42261;S;NA;1;61;S;M;5064;NEP
057540036036-4076;057540036036;100mN32013E42246;MC;NA;3;34;M;F;3039;EMP
057540036036-4076;057540036036;100mN32013E42246;MC;NA;3;41;M;M;4049;EMP
057540036036-4076;057540036036;100mN32013E42246;MC;NA;3;16;S;F;1517;NEP
057540036036-4077;057540036036;100mN32013E42286;S;NA;1;16;S;M;1517;EMP
057540036036-4078;057540036036;100mN32013E42246;MC;NA;6;46;M;M;4049;EMP
057540036036-4078;057540036036;100mN32013E42246;MC;NA;6;46;M;F;4049;NEP
057540036036-4078;057540036036;100mN32013E42246;MC;NA;6;31;M;M;3039;NEP
057540036036-4078;057540036036;100mN32013E42246;MC;NA;6;7;S;F;0614;NEP
057540036036-4078;057540036036;100mN32013E42246;MC;NA;6;26;M;M;2529;EMP
057540036036-4078;057540036036;100mN32013E42246;MC;NA;6;16;S;F;1517;EMP
057540036036-4079;057540036036;100mN31996E42259;MC;NA;4;25;M;F;2529;EMP
057540036036-4079;057540036036;100mN31996E42259;MC;NA;4;36;M;M;3039;EMP
057540036036-4079;057540036036;100mN31996E42259;MC;NA;4;7;S;F;0614;NEP
057540036036-4079;057540036036;100mN31996E42259;MC;NA;4;8;S;F;0614;NEP
057540036036-4080;057540036036;100mN31990E42261;S;NA;1;55;S;F;5064;NEP
057540036036-4081;057540036036;100mN31995E42262;S;NA;1;28;S;F;2529;NEP
057540036036-4082;057540036036;100mN32015E42229;MC;NA;2;62;M;M;5064;EMP
057540036036-4082;057540036036;100mN32015E42229;MC;NA;2;53;M;F;5064;NEP
057540036036-4083;057540036036;100mN32017E42250;MC;NA;5;32;M;F;3039;EMP
057540036036-4083;057540036036;100mN32017E42250;MC;NA;5;34;M;M;3039;EMP
057540036036-4083;057540036036;100mN32017E42250;MC;NA;5;12;S;M;0614;NEP
057540036036-4083;057540036036;100mN32017E42250;MC;NA;5;10;S;M;0614;NEP
057540036036-4083;057540036036;100mN32017E42250;MC;NA;5;13;S;M;0614;NEP
057540036036-4084;057540036036;100mN32009E42278;SM;NA;2;41;D;M;4049;UEP
057540036036-4084;057540036036;100mN32009E42278;SM;NA;2;16;S;M;1517;EMP
057540036036-4085;057540036036;100mN31973E42296;S;NA;1;40;S;M;4049;NEP
057540036036-4086;057540036036;100mN31994E42267;MC;MIX;3;88;D;F;75XX;EMP
057540036036-4086;057540036036;100mN31994E42267;MC;MIX;3;44;M;F;4049;EMP
057540036036-4086;057540036036;100mN31994E42267;MC;MIX;3;46;M;M;4049;EMP
057540036036-4087;057540036036;100mN31994E42267;S;NA;1;52;M;F;5064;NEP
057540036036-4088;057540036036;100mN32014E42229;PO;NA;2;50;S;F;5064;EMP
057540036036-4088;057540036036;100mN32014E42229;PO;NA;2;54;S;F;5064;EMP
057540036036-4089;057540036036;100mN31994E42267;MC;NA;5;27;M;M;2529;EMP
057540036036-4089;057540036036;100mN31994E42267;MC;NA;5;19;M;F;1824;EMP
057540036036-4089;057540036036;100mN31994E42267;MC;NA;5;3;S;M;0305;NEP
057540036036-4089;057540036036;100mN31994E42267;MC;NA;5;4;S;F;0305;NEP
057540036036-4089;057540036036;100mN31994E42267;MC;NA;5;8;S;M;0614;NEP
057540036036-4090;057540036036;100mN31994E42267;S;NA;1;28;S;F;2529;EMP
057540036036-4091;057540036036;100mN31994E42267;MC;MIX;3;71;M;F;6574;EMP
057540036036-4091;057540036036;100mN31994E42267;MC;MIX;3;42;M;M;4049;EMP
057540036036-4091;057540036036;100mN31994E42267;MC;MIX;3;41;M;F;4049;EMP
057540036036-4092;057540036036;100mN31964E42279;S;OS;1;18;W;M;1824;EMP
057540036036-4093;057540036036;100mN31991E42257;S;OS;1;47;S;M;4049;NEP
057540036036-4094;057540036036;100mN31979E42245;MC;OS;4;77;M;M;75XX;EMP
057540036036-4094;057540036036;100mN31979E42245;MC;OS;4;68;M;F;6574;NEP
057540036036-4094;057540036036;100mN31979E42245;MC;OS;4;72;S;F;6574;NEP
057540036036-4094;057540036036;100mN31979E42245;MC;OS;4;69;W;F;6574;EMP
057540036036-4095;057540036036;100mN32015E42239;MC;NA;3;25;M;F;2529;EMP
057540036036-4095;057540036036;100mN32015E42239;MC;NA;3;33;M;M;3039;EMP
057540036036-4095;057540036036;100mN32015E42239;MC;NA;3;9;S;F;0614;NEP
057540036036-4096;057540036036;100mN32015E42239;MC;NA;3;26;M;M;2529;EMP
057540036036-4096;057540036036;100mN32015E42239;MC;NA;3;25;M;F;2529;NEP
057540036036-4096;057540036036;100mN32015E42239;MC;NA;3;6;S;M;0614;NEP
057540036036-4097;057540036036;100mN31961E42299;S;OS;1;65;M;M;6574;NEP
057540036036-4098;057540036036;100mN32015E42239;S;NA;1;69;M;M;6574;NEP
057540036036-4099;057540036036;100mN31976E42298;S;NA;1;77;M;F;75XX;NEP
057540036036-4100;057540036036;100mN32020E42220;MC;OS;2;89;M;M;75XX;EMP
057540036036-4100;057540036036;100mN32020E42220;MC;OS;2;86;M;F;75XX;NEP
057540036036-4101;057540036036;100mN32007E42278;S;NA;1;57;S;F;5064;EMP
057540036036-4102;057540036036;100mN31987E42271;NA;NA;4;23;M;M;1824;EMP
057540036036-4102;057540036036;100mN31987E42271;NA;NA;4;72;W;F;6574;EMP
057540036036-4102;057540036036;100mN31987E42271;NA;NA;4;72;M;F;6574;NEP
057540036036-4102;057540036036;100mN31987E42271;NA;NA;4;48;D;F;4049;EMP
057540036036-4103;057540036036;100mN31987E42271;S;OS;1;34;S;F;3039;EMP
057540036036-4104;057540036036;100mN32017E42245;SF;NA;3;32;S;F;3039;EMP
057540036036-4104;057540036036;100mN32017E42245;SF;NA;3;7;S;F;0614;NEP
057540036036-4104;057540036036;100mN32017E42245;SF;NA;3;3;S;M;0305;NEP
057540036036-4105;057540036036;100mN31998E42283;MC;NA;3;40;M;F;4049;EMP
057540036036-4105;057540036036;100mN31998E42283;MC;NA;3;40;M;M;4049;EMP
057540036036-4105;057540036036;100mN31998E42283;MC;NA;3;9;S;M;0614;NEP
057540036036-4106;057540036036;100mN31998E42283;MC;NA;2;62;M;M;5064;NEP
057540036036-4106;057540036036;100mN31998E42283;MC;NA;2;89;M;F;75XX;EMP
057540036036-4107;057540036036;100mN32017E42252;S;OS;1;59;W;F;5064;EMP
057540036036-4108;057540036036;100mN31998E42283;SF;NA;4;16;S;F;1517;EMP
057540036036-4108;057540036036;100mN31998E42283;SF;NA;4;0;S;F;0003;NEP
057540036036-4108;057540036036;100mN31998E42283;SF;NA;4;1;S;F;0003;NEP
057540036036-4108;057540036036;100mN31998E42283;SF;NA;4;1;S;F;0003;NEP
057540036036-4109;057540036036;100mN31998E42283;S;OS;1;77;D;F;75XX;EMP
057540036036-4110;057540036036;100mN31973E42247;MC;NA;3;43;M;M;4049;EMP
057540036036-4110;057540036036;100mN31973E42247;MC;NA;3;34;M;F;3039;EMP
057540036036-4110;057540036036;100mN31973E42247;MC;NA;3;11;S;F;0614;NEP
057540036036-4111;057540036036;100mN32020E42245;S;OS;1;42;M;M;4049;NEP
057540036036-4112;057540036036;100mN32008E42278;S;NA;1;70;D;M;6574;EMP
057540036036-4113;057540036036;100mN31973E42268;MC;OS;5;66;M;F;6574;EMP
057540036036-4113;057540036036;100mN31973E42268;MC;OS;5;70;M;M;6574;EMP
057540036036-4113;057540036036;100mN31973E42268;MC;OS;5;83;W;F;75XX;EMP
057540036036-4113;057540036036;100mN31973E42268;MC;OS;5;68;S;M;6574;EMP
057540036036-4113;057540036036;100mN31973E42268;MC;OS;5;83;S;F;75XX;NEP
057540036036-4114;057540036036;100mN32020E42245;PO;NA;4;41;S;M;4049;EMP
057540036036-4114;057540036036;100mN32020E42245;PO;NA;4;38;S;F;3039;NEP
057540036036-4114;057540036036;100mN32020E42245;PO;NA;4;3;S;F;0305;NEP
057540036036-4114;057540036036;100mN32020E42245;PO;NA;4;18;M;M;1824;EMP
057540036036-4115;057540036036;100mN31998E42261;MC;NA;2;43;M;M;4049;EMP
057540036036-4115;057540036036;100mN31998E42261;MC;NA;2;38;M;F;3039;EMP
057540036036-4116;057540036036;100mN32017E42247;PO;NA;2;37;S;M;3039;EMP
057540036036-4116;057540036036;100mN32017E42247;PO;NA;2;38;S;M;3039;NEP
057540036036-4117;057540036036;100mN31998E42261;PO;NA;3;56;S;F;5064;NEP
057540036036-4117;057540036036;100mN31998E42261;PO;NA;3;56;S;F;5064;NEP
057540036036-4117;057540036036;100mN31998E42261;PO;NA;3;22;S;M;1824;EMP
057540036036-4118;057540036036;100mN31995E42259;MC;NA;2;25;M;M;2529;EMP
057540036036-4118;057540036036;100mN31995E42259;MC;NA;2;18;M;F;1824;EMP
057540036036-4119;057540036036;100mN32017E42244;MC;NA;2;27;M;F;2529;EMP
057540036036-4119;057540036036;100mN32017E42244;MC;NA;2;27;M;M;2529;EMP
057540036036-4120;057540036036;100mN31998E42261;MC;NA;2;58;M;M;5064;NEP
057540036036-4120;057540036036;100mN31998E42261;MC;NA;2;30;M;F;3039;NEP
057540036036-4121;057540036036;100mN32007E42280;MC;NA;4;54;M;M;5064;EMP
057540036036-4121;057540036036;100mN32007E42280;MC;NA;4;47;M;F;4049;NEP
057540036036-4121;057540036036;100mN32007E42280;MC;NA;4;37;M;F;3039;EMP
057540036036-4121;057540036036;100mN32007E42280;MC;NA;4;2;S;M;0003;NEP
057540036036-4122;057540036036;100mN31998E42261;MC;OS;2;76;M;F;75XX;NEP
057540036036-4122;057540036036;100mN31998E42261;MC;OS;2;78;M;M;75XX;NEP
057540036036-4123;057540036036;100mN31998E42261;MC;OS;4;86;M;F;75XX;NEP
057540036036-4123;057540036036;100mN31998E42261;MC;OS;4;15;S;M;1517;EMP
057540036036-4123;057540036036;100mN31998E42261;MC;OS;4;65;M;F;6574;NEP
057540036036-4123;057540036036;100mN31998E42261;MC;OS;4;76;W;F;75XX;NEP
057540036036-4124;057540036036;100mN31998E42261;PO;NA;3;53;S;F;5064;EMP
057540036036-4124;057540036036;100mN31998E42261;PO;NA;3;60;S;M;5064;NEP
057540036036-4124;057540036036;100mN31998E42261;PO;NA;3;27;M;F;2529;NEP
057540036036-4125;057540036036;100mN32003E42258;SF;MIX;2;66;W;F;6574;NEP
057540036036-4125;057540036036;100mN32003E42258;SF;MIX;2;10;S;M;0614;NEP
057540036036-4126;057540036036;100mN31998E42261;PO;MIX;4;73;M;F;6574;NEP
057540036036-4126;057540036036;100mN31998E42261;PO;MIX;4;26;S;M;2529;NEP
057540036036-4126;057540036036;100mN31998E42261;PO;MIX;4;23;S;F;1824;NEP
057540036036-4126;057540036036;100mN31998E42261;PO;MIX;4;7;S;F;0614;NEP
057540036036-4127;057540036036;100mN31998E42261;MC;NA;2;32;M;F;3039;EMP
057540036036-4127;057540036036;100mN31998E42261;MC;NA;2;31;M;M;3039;EMP
057540036036-4128;057540036036;100mN32005E42282;MC;OS;2;69;M;M;6574;NEP
057540036036-4128;057540036036;100mN32005E42282;MC;OS;2;65;M;F;6574;EMP
057540036036-4129;057540036036;100mN31998E42261;S;NA;1;22;M;M;1824;EMP
057540036036-4130;057540036036;100mN32022E42251;MC;NA;4;55;M;F;5064;NEP
057540036036-4130;057540036036;100mN32022E42251;MC;NA;4;56;M;M;5064;EMP
057540036036-4130;057540036036;100mN32022E42251;MC;NA;4;9;S;M;0614;NEP
057540036036-4130;057540036036;100mN32022E42251;MC;NA;4;16;S;M;1517;EMP
057540036036-4131;057540036036;100mN32010E42289;MC;NA;5;34;M;M;3039;NEP
057540036036-4131;057540036036;100mN32010E42289;MC;NA;5;35;M;F;3039;NEP
057540036036-4131;057540036036;100mN32010E42289;MC;NA;5;9;S;M;0614;NEP
057540036036-4131;057540036036;100mN32010E42289;MC;NA;5;18;D;M;1824;UEP
057540036036-4131;057540036036;100mN32010E42289;MC;NA;5;8;S;F;0614;NEP
057540036036-4132;057540036036;100mN31998E42261;MC;NA;2;57;M;M;5064;EMP
057540036036-4132;057540036036;100mN31998E42261;MC;NA;2;57;M;F;5064;NEP
057540036036-4133;057540036036;100mN31992E42258;MC;NA;2;61;M;M;5064;EMP
057540036036-4133;057540036036;100mN31992E42258;MC;NA;2;54;M;F;5064;EMP
057540036036-4134;057540036036;100mN31995E42259;SF;NA;2;48;D;F;4049;NEP
057540036036-4134;057540036036;100mN31995E42259;SF;NA;2;11;S;F;0614;NEP
057540036036-4135;057540036036;100mN32005E42282;NA;NA;2;43;W;F;4049;EMP
057540036036-4135;057540036036;100mN32005E42282;NA;NA;2;41;W;F;4049;NEP
057540036036-4136;057540036036;100mN32019E42237;MC;NA;3;25;M;M;2529;EMP
057540036036-4136;057540036036;100mN32019E42237;MC;NA;3;22;M;F;1824;EMP
057540036036-4136;057540036036;100mN32019E42237;MC;NA;3;4;S;F;0305;NEP
057540036036-4137;057540036036;100mN32013E42249;PO;NA;3;48;S;M;4049;EMP
057540036036-4137;057540036036;100mN32013E42249;PO;NA;3;45;S;F;4049;EMP
057540036036-4137;057540036036;100mN32013E42249;PO;NA;3;22;M;F;1824;EMP
057540036036-4138;057540036036;100mN31993E42261;S;OS;1;51;M;F;5064;NEP
057540036036-4139;057540036036;100mN32019E42237;MC;OS;2;73;M;F;6574;EMP
057540036036-4139;057540036036;100mN32019E42237;MC;OS;2;75;M;M;75XX;NEP
057540036036-4140;057540036036;100mN32008E42287;S;NA;1;22;D;M;1824;EMP
057540036036-4141;057540036036;100mN31975E42300;MC;NA;6;61;M;M;5064;NEP
057540036036-4141;057540036036;100mN31975E42300;MC;NA;6;54;M;F;5064;NEP
057540036036-4141;057540036036;100mN31975E42300;MC;NA;6;15;S;M;1517;EMP
057540036036-4141;057540036036;100mN31975E42300;MC;NA;6;13;S;M;0614;NEP
057540036036-4141;057540036036;100mN31975E42300;MC;NA;6;22;M;F;1824;EMP
057540036036-4141;057540036036;100mN31975E42300;MC;NA;6;42;D;M;4049;NEP
057540036036-4142;057540036036;100mN31991E42266;PO;NA;3;43;S;M;4049;NEP
057540036036-4142;057540036036;100mN31991E42266;PO;NA;3;40;S;M;4049;EMP
057540036036-4142;057540036036;100mN31991E42266;PO;NA;3;4;S;M;0305;NEP
057540036036-4143;057540036036;100mN32001E42301;PO;OS;6;68;S;M;6574;EMP
057540036036-4143;057540036036;100mN32001E42301;PO;OS;6;69;S;F;6574;EMP
057540036036-4143;057540036036;100mN32001E42301;PO;OS;6;84;S;F;75XX;EMP
057540036036-4143;057540036036;100mN32001E42301;PO;OS;6;84;S;M;75XX;EMP
057540036036-4143;057540036036;100mN32001E42301;PO;OS;6;69;D;F;6574;NEP
057540036036-4143;057540036036;100mN32001E42301;PO;OS;6;69;S;F;6574;EMP
057540036036-4144;057540036036;100mN31991E42260;PO;MIX;2;66;S;F;6574;NEP
057540036036-4144;057540036036;100mN31991E42260;PO;MIX;2;47;M;F;4049;EMP
057540036036-4145;057540036036;100mN32004E42257;MC;OS;2;78;M;M;75XX;EMP
057540036036-4145;057540036036;100mN32004E42257;MC;OS;2;77;M;F;75XX;EMP
057540036036-4146;057540036036;100mN31964E42309;PO;NA;4;63;S;M;5064;NEP
057540036036-4146;057540036036;100mN31964E42309;PO;NA;4;55;S;F;5064;EMP
057540036036-4146;057540036036;100mN31964E42309;PO;NA;4;45;W;F;4049;EMP
057540036036-4146;057540036036;100mN31964E42309;PO;NA;4;7;S;F;0614;NEP
057540036036-4147;057540036036;100mN31969E42255;MC;NA;2;51;M;F;5064;NEP
057540036036-4147;057540036036;100mN31969E42255;MC;NA;2;56;M;M;5064;NEP
057540036036-4148;057540036036;100mN31991E42260;SF;NA;2;40;D;F;4049;EMP
057540036036-4148;057540036036;100mN31991E42260;SF;NA;2;9;S;F;0614;NEP
057540036036-4149;057540036036;100mN31987E42271;PO;NA;2;62;S;M;5064;NEP
057540036036-4149;057540036036;100mN31987E42271;PO;NA;2;61;S;F;5064;NEP
057540036036-4150;057540036036;100mN32010E42277;MC;OS;5;67;M;M;6574;EMP
057540036036-4150;057540036036;100mN32010E42277;MC;OS;5;70;M;F;6574;EMP
057540036036-4150;057540036036;100mN32010E42277;MC;OS;5;85;M;F;75XX;NEP
057540036036-4150;057540036036;100mN32010E42277;MC;OS;5;69;D;M;6574;EMP
057540036036-4150;057540036036;100mN32010E42277;MC;OS;5;83;W;F;75XX;NEP
057540036036-4151;057540036036;100mN31976E42248;S;OS;1;28;W;F;2529;EMP
057540036036-4152;057540036036;100mN31992E42277;SF;NA;4;48;D;F;4049;EMP
057540036036-4152;057540036036;100mN31992E42277;SF;NA;4;10;S;M;0614;NEP
057540036036-4152;057540036036;100mN31992E42277;SF;NA;4;27;M;M;2529;NEP
057540036036-4152;057540036036;100mN31992E42277;SF;NA;4;8;S;M;0614;NEP
057540036036-4153;057540036036;100mN31991E42258;S;NA;1;65;M;F;6574;NEP
057540036036-4154;057540036036;100mN32007E42281;MC;NA;4;33;M;M;3039;NEP
057540036036-4154;057540036036;100mN32007E42281;MC;NA;4;36;M;F;3039;EMP
057540036036-4154;057540036036;100mN32007E42281;MC;NA;4;10;S;F;0614;NEP
057540036036-4154;057540036036;100mN32007E42281;MC;NA;4;18;W;F;1824;EMP
057540036036-4155;057540036036;100mN31990E42261;PO;NA;4;25;S;M;2529;EMP
057540036036-4155;057540036036;100mN31990E42261;PO;NA;4;33;S;M;3039;NEP
057540036036-4155;057540036036;100mN31990E42261;PO;NA;4;4;S;M;0305;NEP
057540036036-4155;057540036036;100mN31990E42261;PO;NA;4;3;S;M;0305;NEP
057540036036-4156;057540036036;100mN31967E42251;MC;OS;2;70;M;F;6574;EMP
057540036036-4156;057540036036;100mN31967E42251;MC;OS;2;66;M;M;6574;EMP
057540036036-4157;057540036036;100mN31976E42251;MC;NA;2;46;M;F;4049;NEP
057540036036-4157;057540036036;100mN31976E42251;MC;NA;2;55;M;M;5064;NEP
057540036036-4158;057540036036;100mN31967E42251;MC;NA;2;27;M;M;2529;EMP
057540036036-4158;057540036036;100mN31967E42251;MC;NA;2;25;M;F;2529;NEP
057540036036-4159;057540036036;100mN31967E42251;MC;NA;4;48;M;F;4049;NEP
057540036036-4159;057540036036;100mN31967E42251;MC;NA;4;51;M;M;5064;EMP
057540036036-4159;057540036036;100mN31967E42251;MC;NA;4;13;S;F;0614;NEP
057540036036-4159;057540036036;100mN31967E42251;MC;NA;4;6;S;F;0614;NEP
057540036036-4160;057540036036;100mN32005E42282;MC;MIX;4;69;M;M;6574;UEP
057540036036-4160;057540036036;100mN32005E42282;MC;MIX;4;25;M;F;2529;NEP
057540036036-4160;057540036036;100mN32005E42282;MC;MIX;4;28;M;M;2529;NEP
057540036036-4160;057540036036;100mN32005E42282;MC;MIX;4;9;S;M;0614;NEP
057540036036-4161;057540036036;100mN31967E42251;MC;NA;2;51;M;M;5064;NEP
057540036036-4161;057540036036;100mN31967E42251;MC;NA;2;46;M;F;4049;NEP
057540036036-4162;057540036036;100mN31967E42251;S;OS;1;70;M;M;6574;EMP
057540036036-4163;057540036036;100mN32012E42239;S;NA;1;56;M;F;5064;EMP
057540036036-4164;057540036036;100mN31967E42251;MC;NA;2;60;M;F;5064;EMP
057540036036-4164;057540036036;100mN31967E42251;MC;NA;2;59;W;F;5064;EMP
057540036036-4165;057540036036;100mN31963E42302;MC;MIX;2;80;M;F;75XX;EMP
057540036036-4165;057540036036;100mN31963E42302;MC;MIX;2;25;S;M;2529;EMP
057540036036-4166;057540036036;100mN31963E42302;MC;NA;3;53;M;F;5064;NEP
057540036036-4166;057540036036;100mN31963E42302;MC;NA;3;56;M;M;5064;EMP
057540036036-4166;057540036036;100mN31963E42302;MC;NA;3;12;S;M;0614;NEP
057540036036-4167;057540036036;100mN32001E42295;S;OS;1;44;S;F;4049;EMP
057540036036-4168;057540036036;100mN31963E42302;MC;NA;2;44;M;M;4049;EMP
057540036036-4168;057540036036;100mN31963E42302;MC;NA;2;44;M;F;4049;EMP
057540036036-4169;057540036036;100mN31972E42268;MC;NA;2;35;M;M;3039;EMP
057540036036-4169;057540036036;100mN31972E42268;MC;NA;2;31;M;F;3039;EMP
057540036036-4170;057540036036;100mN31963E42302;MC;NA;4;47;M;M;4049;UEP
057540036036-4170;057540036036;100mN31963E42302;MC;NA;4;47;M;F;4049;EMP
057540036036-4170;057540036036;100mN31963E42302;MC;NA;4;15;S;F;1517;EMP
057540036036-4170;057540036036;100mN31963E42302;MC;NA;4;12;S;M;0614;NEP
057540036036-4171;057540036036;100mN32009E42279;S;OS;1;43;D;F;4049;NEP
057540036036-4172;057540036036;100mN32010E42280;S;NA;1;62;W;F;5064;EMP
057540036036-4173;057540036036;100mN32008E42287;MC;OS;3;65;M;M;6574;NEP
057540036036-4173;057540036036;100mN32008E42287;MC;OS;3;84;M;F;75XX;NEP
057540036036-4173;057540036036;100mN32008E42287;MC;OS;3;77;W;F;75XX;NEP
057540036036-4174;057540036036;100mN31992E42311;SF;NA;4;47;S;F;4049;EMP
057540036036-4174;057540036036;100mN31992E42311;SF;NA;4;9;S;M;0614;NEP
057540036036-4174;057540036036;100mN31992E42311;SF;NA;4;15;S;F;1517;EMP
057540036036-4174;057540036036;100mN31992E42311;SF;NA;4;16;S;M;1517;UEP
057540036036-4175;057540036036;100mN32022E42249;S;NA;1;25;W;M;2529;EMP
057540036036-4176;057540036036;100mN31963E42302;SF;NA;4;46;S;F;4049;EMP
057540036036-4176;057540036036;100mN31963E42302;SF;NA;4;1;S;F;0003;NEP
057540036036-4176;057540036036;100mN31963E42302;SF;NA;4;13;S;M;0614;NEP
057540036036-4176;057540036036;100mN31963E42302;SF;NA;4;18;M;M;1824;NEP
057540036036-4177;057540036036;100mN31996E42254;MC;MIX;2;81;M;F;75XX;NEP
057540036036-4177;057540036036;100mN31996E42254;MC;MIX;2;11;S;F;0614;NEP
057540036036-4178;057540036036;100mN31996E42254;MC;OS;4;85;M;M;75XX;NEP
057540036036-4178;057540036036;100mN31996E42254;MC;OS;4;84;M;F;75XX;NEP
057540036036-4178;057540036036;100mN31996E42254;MC;OS;4;71;S;F;6574;EMP
057540036036-4178;057540036036;100mN31996E42254;MC;OS;4;73;W;F;6574;EMP
057540036036-4179;057540036036;100mN31962E42308;MC;NA;2;34;M;F;3039;NEP
057540036036-4179;057540036036;100mN31962E42308;MC;NA;2;35;M;M;3039;EMP
057540036036-4180;057540036036;100mN31990E42276;SF;NA;2;59;S;F;5064;EMP
057540036036-4180;057540036036;100mN31990E42276;SF;NA;2;10;S;F;0614;NEP
057540036036-4181;057540036036;100mN31996E42254;SF;NA;2;88;S;F;75XX;NEP
057540036036-4181;057540036036;100mN31996E42254;SF;NA;2;3;S;M;0305;NEP
057540036036-4182;057540036036;100mN31996E42254;S;NA;1;41;M;F;4049;EMP
057540036036-4183;057540036036;100mN32018E42255;SM;NA;4;61;S;M;5064;NEP
057540036036-4183;057540036036;100mN32018E42255;SM;NA;4;11;S;F;0614;NEP
057540036036-4183;057540036036;100mN32018E42255;SM;NA;4;40;S;M;4049;EMP
057540036036-4183;057540036036;100mN32018E42255;SM;NA;4;12;S;M;0614;NEP
057540036036-4184;057540036036;100mN31962E42307;MC;NA;4;43;M;M;4049;EMP
057540036036-4184;057540036036;100mN31962E42307;MC;NA;4;41;M;F;4049;EMP
057540036036-4184;057540036036;100mN31962E42307;MC;NA;4;16;S;F;1517;EMP
057540036036-4184;057540036036;100mN31962E42307;MC;NA;4;15;S;M;1517;EMP
057540036036-4185;057540036036;100mN32013E42249;MC;NA;2;56;M;M;5064;EMP
057540036036-4185;057540036036;100mN32013E42249;MC;NA;2;53;M;F;5064;NEP
057540036036-4186;057540036036;100mN32004E42288;PO;NA;2;19;S;M;1824;NEP
057540036036-4186;057540036036;100mN32004E42288;PO;NA;2;19;S;F;1824;EMP
057540036036-4187;057540036036;100mN32013E42243;S;OS;1;38;S;M;3039;NEP
057540036036-4188;057540036036;100mN31996E42254;S;NA;1;43;M;F;4049;EMP
057540036036-4189;057540036036;100mN31964E42308;SF;NA;2;34;S;F;3039;EMP
057540036036-4189;057540036036;100mN31964E42308;SF;NA;2;19;S;M;1824;EMP
057540036036-4190;057540036036;100mN31992E42263;MC;MIX;6;68;M;F;6574;EMP
057540036036-4190;057540036036;100mN31992E42263;MC;MIX;6;42;M;M;4049;NEP
057540036036-4190;057540036036;100mN31992E42263;MC;MIX;6;38;M;F;3039;NEP
057540036036-4190;057540036036;100mN31992E42263;MC;MIX;6;12;S;F;0614;NEP
057540036036-4190;057540036036;100mN31992E42263;MC;MIX;6;15;S;F;1517;NEP
057540036036-4190;057540036036;100mN31992E42263;MC;MIX;6;15;S;F;1517;EMP
057540036036-4191;057540036036;100mN32013E42285;S;NA;1;59;S;F;5064;EMP
057540036036-4192;057540036036;100mN32013E42285;MC;MIX;2;68;M;M;6574;EMP
057540036036-4192;057540036036;100mN32013E42285;MC;MIX;2;55;M;F;5064;EMP
057540036036-4193;057540036036;100mN32013E42285;MC;NA;3;48;M;F;4049;NEP
057540036036-4193;057540036036;100mN32013E42285;MC;NA;3;52;M;M;5064;NEP
057540036036-4193;057540036036;100mN32013E42285;MC;NA;3;31;W;F;3039;EMP
057540036036-4194;057540036036;100mN32013E42285;MC;NA;2;48;M;F;4049;NEP
057540036036-4194;057540036036;100mN32013E42285;MC;NA;2;52;M;M;5064;EMP
057540036036-4195;057540036036;100mN32021E42241;MC;OS;5;69;M;F;6574;NEP
057540036036-4195;057540036036;100mN32021E42241;MC;OS;5;70;M;M;6574;EMP
057540036036-4195;057540036036;100mN32021E42241;MC;OS;5;88;S;M;75XX;EMP
057540036036-4195;057540036036;100mN32021E42241;MC;OS;5;65;M;F;6574;NEP
057540036036-4195;057540036036;100mN32021E42241;MC;OS;5;86;W;F;75XX;EMP
057540036036-4196;057540036036;100mN32013E42243;S;OS;1;38;S;M;3039;NEP
057540036036-4197;057540036036;100mN31995E42268;MC;NA;4;30;M;F;3039;EMP
057540036036-4197;057540036036;100mN31995E42268;MC;NA;4;33;M;M;3039;NEP
057540036036-4197;057540036036;100mN31995E42268;MC;NA;4;12;S;M;0614;NEP
057540036036-4197;057540036036;100mN31995E42268;MC;NA;4;3;S;F;0305;NEP
057540036036-4198;057540036036;100mN32013E42285;MC;NA;2;27;M;F;2529;NEP
057540036036-4198;057540036036;100mN32013E42285;MC;NA;2;30;M;M;3039;NEP
057540036036-4199;057540036036;100mN31997E42267;MC;NA;4;37;M;M;3039;EMP
057540036036-4199;057540036036;100mN31997E42267;MC;NA;4;44;M;F;4049;EMP
057540036036-4199;057540036036;100mN31997E42267;MC;NA;4;7;S;M;0614;NEP
057540036036-4199;057540036036;100mN31997E42267;MC;NA;4;21;D;M;1824;EMP
057540036036-4200;057540036036;100mN32009E42291;SF;MIX;2;70;S;F;6574;NEP
057540036036-4200;057540036036;100mN32009E42291;SF;MIX;2;1;S;F;0003;NEP
057540036036-4201;057540036036;100mN32013E42285;MC;NA;2;40;M;F;4049;EMP
057540036036-4201;057540036036;100mN32013E42285;MC;NA;2;42;M;M;4049;NEP
057540036036-4202;057540036036;100mN31994E42283;MC;MIX;2;68;M;M;6574;EMP
057540036036-4202;057540036036;100mN31994E42283;MC;MIX;2;63;M;F;5064;EMP
057540036036-4203;057540036036;100mN32001E42257;PO;NA;5;56;S;M;5064;EMP
057540036036-4203;057540036036;100mN32001E42257;PO;NA;5;53;S;M;5064;EMP
057540036036-4203;057540036036;100mN32001E42257;PO;NA;5;7;S;M;0614;NEP
057540036036-4203;057540036036;100mN32001E42257;PO;NA;5;10;S;F;0614;NEP
057540036036-4203;057540036036;100mN32001E42257;PO;NA;5;8;S;M;0614;NEP
057540036036-4204;057540036036;100mN32003E42277;SF;NA;4;47;W;F;4049;EMP
057540036036-4204;057540036036;100mN32003E42277;SF;NA;4;3;S;F;0305;NEP
057540036036-4204;057540036036;100mN32003E42277;SF;NA;4;10;S;F;0614;NEP
057540036036-4204;057540036036;100mN32003E42277;SF;NA;4;10;S;M;0614;NEP
057540036036-4205;057540036036;100mN31986E42259;PO;NA;2;62;S;M;5064;UEP
057540036036-4205;057540036036;100mN31986E42259;PO;NA;2;57;S;M;5064;EMP
057540036036-4206;057540036036;100mN32003E42277;SF;NA;2;52;W;F;5064;NEP
057540036036-4206;057540036036;100mN32003E42277;SF;NA;2;12;S;M;0614;NEP
057540036036-4207;057540036036;100mN32003E42277;MC;OS;3;87;M;F;75XX;EMP
057540036036-4207;057540036036;100mN32003E42277;MC;OS;3;88;M;M;75XX;EMP
057540036036-4207;057540036036;100mN32003E42277;MC;OS;3;79;M;F;75XX;EMP
057540036036-4208;057540036036;100mN32003E42277;MC;NA;2;37;M;F;3039;NEP
057540036036-4208;057540036036;100mN32003E42277;MC;NA;2;50;M;M;5064;EMP
057540036036-4209;057540036036;100mN32010E42280;S;OS;1;46;S;M;4049;NEP
057540036036-4210;057540036036;100mN31992E42263;MC;NA;3;62;M;M;5064;NEP
057540036036-4210;057540036036;100mN31992E42263;MC;NA;3;63;M;F;5064;NEP
057540036036-4210;057540036036;100mN31992E42263;MC;NA;3;6;S;M;0614;NEP
057540036036-4211;057540036036;100mN32003E42277;S;NA;1;33;S;M;3039;EMP
057540036036-4212;057540036036;100mN31999E42259;MC;NA;3;60;M;F;5064;NEP
057540036036-4212;057540036036;100mN31999E42259;MC;NA;3;54;M;F;5064;NEP
057540036036-4212;057540036036;100mN31999E42259;MC;NA;3;16;S;M;1517;EMP
057540036036-4213;057540036036;100mN32010E42291;MC;NA;6;63;M;F;5064;EMP
057540036036-4213;057540036036;100mN32010E42291;MC;NA;6;66;M;M;6574;EMP
057540036036-4213;057540036036;100mN32010E42291;MC;NA;6;12;S;F;0614;NEP
057540036036-4213;057540036036;100mN32010E42291;MC;NA;6;16;S;F;1517;EMP
057540036036-4213;057540036036;100mN32010E42291;MC;NA;6;30;S;F;3039;EMP
057540036036-4213;057540036036;100mN32010E42291;MC;NA;6;6;S;M;0614;NEP
057540036036-4214;057540036036;100mN32001E42258;MC;OS;3;86;M;F;75XX;NEP
057540036036-4214;057540036036;100mN32001E42258;MC;OS;3;31;S;M;3039;NEP
057540036036-4214;057540036036;100mN32001E42258;MC;OS;3;70;S;M;6574;EMP
057540036036-4215;057540036036;100mN32019E42241;S;OS;1;70;M;F;6574;EMP
057540036036-4216;057540036036;100mN32022E42250;SF;NA;3;31;S;F;3039;NEP
057540036036-4216;057540036036;100mN32022E42250;SF;NA;3;6;S;F;0614;NEP
057540036036-4216;057540036036;100mN32022E42250;SF;NA;3;1;S;M;0003;NEP
057540036036-4217;057540036036;100mN31996E42259;SF;NA;3;47;S;F;4049;NEP
057540036036-4217;057540036036;100mN31996E42259;SF;NA;3;22;D;F;1824;NEP
057540036036-4217;057540036036;100mN31996E42259;SF;NA;3;15;S;M;1517;NEP
057540036036-4218;057540036036;100mN32012E42243;MC;MIX;2;67;M;F;6574;EMP
057540036036-4218;057540036036;100mN32012E42243;MC;MIX;2;42;S;M;4049;EMP
057540036036-4219;057540036036;100mN32004E42281;S;NA;1;48;S;F;4049;NEP
057540036036-4220;057540036036;100mN32008E42276;S;NA;1;68;M;F;6574;EMP
057540036036-4221;057540036036;100mN31999E42257;S;NA;1;62;M;M;5064;EMP
057540036036-4222;057540036036;100mN32019E42241;MC;NA;2;51;M;M;5064;NEP
057540036036-4222;057540036036;100mN32019E42241;MC;NA;2;45;M;F;4049;EMP
057540036036-4223;057540036036;100mN32019E42241;MC;NA;4;41;M;F;4049;NEP
057540036036-4223;057540036036;100mN32019E42241;MC;NA;4;48;M;M;4049;EMP
057540036036-4223;057540036036;100mN32019E42241;MC;NA;4;11;S;F;0614;NEP
057540036036-4223;057540036036;100mN32019E42241;MC;NA;4;15;S;F;1517;NEP
057540036036-4224;057540036036;100mN32019E42241;MC;NA;3;58;M;F;5064;EMP
057540036036-4224;057540036036;100mN32019E42241;MC;NA;3;50;M;M;5064;NEP
057540036036-4224;057540036036;100mN32019E42241;MC;NA;3;42;W;F;4049;EMP
057540036036-4225;057540036036;100mN32005E42283;S;NA;1;53;D;F;5064;NEP
057540036036-4226;057540036036;100mN32010E42280;MC;NA;3;27;M;F;2529;NEP
057540036036-4226;057540036036;100mN32010E42280;MC;NA;3;28;M;M;2529;EMP
057540036036-4226;057540036036;100mN32010E42280;MC;NA;3;9;S;F;0614;NEP
057540036036-4227;057540036036;100mN32001E42262;S;OS;1;35;S;M;3039;EMP
057540036036-4228;057540036036;100mN32001E42298;SF;MIX;5;80;M;F;75XX;EMP
057540036036-4228;057540036036;100mN32001E42298;SF;MIX;5;40;D;F;4049;EMP
057540036036-4228;057540036036;100mN32001E42298;SF;MIX;5;13;S;M;0614;NEP
057540036036-4228;057540036036;100mN32001E42298;SF;MIX;5;15;S;M;1517;NEP
057540036036-4228;057540036036;100mN32001E42298;SF;MIX;5;10;S;M;0614;NEP
057540036036-4229;057540036036;100mN32010E42289;MC;MIX;2;69;M;F;6574;EMP
057540036036-4229;057540036036;100mN32010E42289;MC;MIX;2;16;S;F;1517;EMP
057540036036-4230;057540036036;100mN32011E42227;MC;NA;3;44;M;F;4049;NEP
057540036036-4230;057540036036;100mN32011E42227;MC;NA;3;48;M;M;4049;EMP
057540036036-4230;057540036036;100mN32011E42227;MC;NA;3;26;S;M;2529;EMP
057540036036-4231;057540036036;100mN32008E42279;S;NA;1;51;M;M;5064;EMP
057540036036-4232;057540036036;100mN31995E42281;MC;NA;2;19;M;F;1824;EMP
057540036036-4232;057540036036;100mN31995E42281;MC;NA;2;18;M;M;1824;EMP
057540036036-4233;057540036036;100mN31976E42299;PO;NA;3;26;S;M;2529;NEP
057540036036-4233;057540036036;100mN31976E42299;PO;NA;3;26;S;M;2529;EMP
057540036036-4233;057540036036;100mN31976E42299;PO;NA;3;0;S;M;0003;NEP
057540036036-4234;057540036036;100mN31990E42257;S;OS;1;41;M;F;4049;EMP
057540036036-4235;057540036036;100mN32001E42286;MC;NA;2;59;M;M;5064;EMP
057540036036-4235;057540036036;100mN32001E42286;MC;NA;2;56;M;F;5064;EMP
057540036036-4236;057540036036;100mN32020E42250;MC;NA;4;42;M;F;4049;NEP
057540036036-4236;057540036036;100mN32020E42250;MC;NA;4;46;M;M;4049;NEP
057540036036-4236;057540036036;100mN32020E42250;MC;NA;4;1;S;M;0003;NEP
057540036036-4236;057540036036;100mN32020E42250;MC;NA;4;15;S;F;1517;EMP
057540036036-4237;057540036036;100mN32004E42277;PO;NA;4;38;S;M;3039;EMP
057540036036-4237;057540036036;100mN32004E42277;PO;NA;4;35;S;F;3039;EMP
057540036036-4237;057540036036;100mN32004E42277;PO;NA;4;21;W;F;1824;EMP
057540036036-4237;057540036036;100mN32004E42277;PO;NA;4;9;S;F;0614;NEP
057540036036-4238;057540036036;100mN31976E42299;MC;NA;5;52;M;M;5064;EMP
057540036036-4238;057540036036;100mN31976E42299;MC;NA;5;51;M;F;5064;EMP
057540036036-4238;057540036036;100mN31976E42299;MC;NA;5;13;S;M;0614;NEP
057540036036-4238;057540036036;100mN31976E42299;MC;NA;5;13;S;F;0614;NEP
057540036036-4238;057540036036;100mN31976E42299;MC;NA;5;11;S;F;0614;NEP
057540036036-4239;057540036036;100mN31976E42299;MC;NA;2;19;M;M;1824;EMP
057540036036-4239;057540036036;100mN31976E42299;MC;NA;2;18;M;F;1824;NEP
057540036036-4240;057540036036;100mN31976E42299;MC;MIX;3;67;S;M;6574;EMP
057540036036-4240;057540036036;100mN31976E42299;MC;MIX;3;60;M;F;5064;EMP
057540036036-4240;057540036036;100mN31976E42299;MC;MIX;3;62;M;M;5064;EMP
057540036036-4241;057540036036;100mN31976E42299;S;NA;1;44;W;F;4049;EMP
057540036036-4242;057540036036;100mN31999E42256;MC;NA;3;60;M;M;5064;NEP
057540036036-4242;057540036036;100mN31999E42256;MC;NA;3;83;W;F;75XX;EMP
057540036036-4242;057540036036;100mN31999E42256;MC;NA;3;13;S;M;0614;NEP
057540036036-4243;057540036036;100mN31969E42256;S;NA;1;82;S;M;75XX;EMP
057540036036-4244;057540036036;100mN32010E42285;MC;NA;4;55;M;M;5064;EMP
057540036036-4244;057540036036;100mN32010E42285;MC;NA;4;46;M;F;4049;NEP
057540036036-4244;057540036036;100mN32010E42285;MC;NA;4;10;S;M;0614;NEP
057540036036-4244;057540036036;100mN32010E42285;MC;NA;4;13;S;M;0614;NEP
057540036036-4245;057540036036;100mN31999E42257;S;OS;1;56;M;M;5064;EMP
057540036036-4246;057540036036;100mN31969E42275;PO;OS;6;70;S;F;6574;NEP
057540036036-4246;057540036036;100mN31969E42275;PO;OS;6;71;S;F;6574;NEP
057540036036-4246;057540036036;100mN31969E42275;PO;OS;6;69;D;F;6574;EMP
057540036036-4246;057540036036;100mN31969E42275;PO;OS;6;69;S;M;6574;EMP
057540036036-4246;057540036036;100mN31969E42275;PO;OS;6;88;M;M;75XX;EMP
057540036036-4246;057540036036;100mN31969E42275;PO;OS;6;78;M;M;75XX;EMP
057540036036-4247;057540036036;100mN31993E42261;MC;OS;2;68;M;F;6574;EMP
057540036036-4247;057540036036;100mN31993E42261;MC;OS;2;84;M;M;75XX;EMP
057540036036-4248;057540036036;100mN32018E42241;MC;NA;3;61;M;M;5064;NEP
057540036036-4248;057540036036;100mN32018E42241;MC;NA;3;61;M;F;5064;NEP
057540036036-4248;057540036036;100mN32018E42241;MC;NA;3;46;D;M;4049;NEP
057540036036-4249;057540036036;100mN32017E42253;MC;NA;4;54;M;M;5064;NEP
057540036036-4249;057540036036;100mN32017E42253;MC;NA;4;54;M;F;5064;EMP
057540036036-4249;057540036036;100mN32017E42253;MC;NA;4;13;S;F;0614;NEP
057540036036-4249;057540036036;100mN32017E42253;MC;NA;4;12;S;M;0614;NEP
057540036036-4250;057540036036;100mN32012E42244;S;NA;1;72;S;M;6574;EMP
057540036036-4251;057540036036;100mN32003E42279;MC;NA;3;47;M;F;4049;NEP
057540036036-4251;057540036036;100mN32003E42279;MC;NA;3;53;M;M;5064;EMP
057540036036-4251;057540036036;100mN32003E42279;MC;NA;3;2;S;M;0003;NEP
057540036036-4252;057540036036;100mN32003E42279;MC;MIX;4;80;M;F;75XX;EMP
057540036036-4252;057540036036;100mN32003E42279;MC;MIX;4;50;M;F;5064;EMP
057540036036-4252;057540036036;100mN32003E42279;MC;MIX;4;41;M;M;4049;NEP
057540036036-4252;057540036036;100mN32003E42279;MC;MIX;4;4;S;M;0305;NEP
057540036036-4253;057540036036;100mN32003E42279;MC;OS;2;89;M;F;75XX;EMP
057540036036-4253;057540036036;100mN32003E42279;MC;OS;2;16;S;M;1517;NEP
057540036036-4254;057540036036;100mN32021E42250;MC;NA;5;26;M;F;2529;EMP
057540036036-4254;057540036036;100mN32021E42250;MC;NA;5;28;M;M;2529;EMP
057540036036-4254;057540036036;100mN32021E42250;MC;NA;5;7;S;F;0614;NEP
057540036036-4254;057540036036;100mN32021E42250;MC;NA;5;11;S;M;0614;NEP
057540036036-4254;057540036036;100mN32021E42250;MC;NA;5;4;S;M;0305;NEP
057540036036-4255;057540036036;100mN32018E42240;MC;MIX;3;88;S;M;75XX;UEP
057540036036-4255;057540036036;100mN32018E42240;MC;MIX;3;28;M;F;2529;EMP
057540036036-4255;057540036036;100mN32018E42240;MC;MIX;3;20;M;M;1824;EMP
057540036036-4256;057540036036;100mN31993E42261;S;NA;1;34;W;F;3039;NEP
057540036036-4257;057540036036;100mN32003E42279;MC;NA;3;54;M;M;5064;EMP
057540036036-4257;057540036036;100mN32003E42279;MC;NA;3;45;M;F;4049;NEP
057540036036-4257;057540036036;100mN32003E42279;MC;NA;3;18;D;M;1824;EMP
057540036036-4258;057540036036;100mN32003E42279;MC;MIX;4;65;D;M;6574;EMP
057540036036-4258;057540036036;100mN32003E42279;MC;MIX;4;55;M;F;5064;EMP
057540036036-4258;057540036036;100mN32003E42279;MC;MIX;4;53;S;F;5064;EMP
057540036036-4258;057540036036;100mN32003E42279;MC;MIX;4;0;S;M;0003;NEP
057540036036-4259;057540036036;100mN32012E42225;MC;NA;5;59;M;M;5064;EMP
057540036036-4259;057540036036;100mN32012E42225;MC;NA;5;51;M;F;5064;EMP
057540036036-4259;057540036036;100mN32012E42225;MC;NA;5;18;D;M;1824;EMP
057540036036-4259;057540036036;100mN32012E42225;MC;NA;5;15;S;M;1517;EMP
057540036036-4259;057540036036;100mN32012E42225;MC;NA;5;16;S;F;1517;NEP
057540036036-4260;057540036036;100mN32022E42252;MC;MIX;6;85;W;F;75XX;NEP
057540036036-4260;057540036036;100mN32022E42252;MC;MIX;6;52;M;F;5064;NEP
057540036036-4260;057540036036;100mN32022E42252;MC;MIX;6;53;M;M;5064;EMP
057540036036-4260;057540036036;100mN32022E42252;MC;MIX;6;7;S;F;0614;NEP
057540036036-4260;057540036036;100mN32022E42252;MC;MIX;6;7;S;F;0614;NEP
057540036036-4260;057540036036;100mN32022E42252;MC;MIX;6;15;S;M;1517;EMP
057540036036-4261;057540036036;100mN31971E42258;MC;NA;2;36;M;M;3039;NEP
057540036036-4261;057540036036;100mN31971E42258;MC;NA;2;43;M;F;4049;NEP
057540036036-4262;057540036036;100mN32005E42282;NA;NA;2;43;W;F;4049;EMP
057540036036-4262;057540036036;100mN32005E42282;NA;NA;2;41;W;F;4049;NEP
057540036036-4263;057540036036;100mN31976E42269;S;NA;1;59;D;F;5064;EMP
057540036036-4264;057540036036;100mN31971E42252;MC;NA;2;42;M;M;4049;EMP
057540036036-4264;057540036036;100mN31971E42252;MC;NA;2;40;M;F;4049;NEP
057540036036-4265;057540036036;100mN32018E42249;MC;OS;4;73;M;F;6574;EMP
057540036036-4265;057540036036;100mN32018E42249;MC;OS;4;77;M;M;75XX;NEP
057540036036-4265;057540036036;100mN32018E42249;MC;OS;4;65;M;M;6574;EMP
057540036036-4265;057540036036;100mN32018E42249;MC;OS;4;86;W;F;75XX;NEP
057540036036-4266;057540036036;100mN32004E42255;MC;MIX;2;72;M;M;6574;EMP
057540036036-4266;057540036036;100mN32004E42255;MC;MIX;2;30;M;M;3039;NEP
057540036036-4267;057540036036;100mN32018E42237;PO;NA;2;31;S;F;3039;NEP
057540036036-4267;057540036036;100mN32018E42237;PO;NA;2;38;S;F;3039;NEP
057540036036-4268;057540036036;100mN31998E42255;PO;OS;3;66;S;F;6574;EMP
057540036036-4268;057540036036;100mN31998E42255;PO;OS;3;68;S;M;6574;NEP
057540036036-4268;057540036036;100mN31998E42255;PO;OS;3;70;W;F;6574;NEP
057540036036-4269;057540036036;100mN31998E42255;PO;NA;4;56;S;F;5064;NEP
057540036036-4269;057540036036;100mN31998E42255;PO;NA;4;57;S;M;5064;NEP
057540036036-4269;057540036036;100mN31998E42255;PO;NA;4;3;S;F;0305;NEP
057540036036-4269;057540036036;100mN31998E42255;PO;NA;4;8;S;M;0614;NEP
057540036036-4270;057540036036;100mN32018E42248;MC;NA;2;58;M;M;5064;EMP
057540036036-4270;057540036036;100mN32018E42248;MC;NA;2;57;M;F;5064;EMP
057540036036-4271;057540036036;100mN31998E42255;MC;OS;3;86;M;M;75XX;EMP
057540036036-4271;057540036036;100mN31998E42255;MC;OS;3;77;M;F;75XX;EMP
057540036036-4271;057540036036;100mN31998E42255;MC;OS;3;84;M;M;75XX;NEP
057540036036-4272;057540036036;100mN31990E42263;MC;MIX;5;83;S;M;75XX;EMP
057540036036-4272;057540036036;100mN31990E42263;MC;MIX;5;18;M;M;1824;EMP
057540036036-4272;057540036036;100mN31990E42263;MC;MIX;5;18;M;F;1824;EMP
057540036036-4272;057540036036;100mN31990E42263;MC;MIX;5;0;S;F;0003;NEP
057540036036-4272;057540036036;100mN31990E42263;MC;MIX;5;3;S;M;0305;NEP
057540036036-4273;057540036036;100mN31998E42255;MC;NA;2;47;M;M;4049;NEP
057540036036-4273;057540036036;100mN31998E42255;MC;NA;2;46;M;F;4049;EMP
057540036036-4274;057540036036;100mN31998E42255;MC;NA;2;63;M;M;5064;EMP
057540036036-4274;057540036036;100mN31998E42255;MC;NA;2;62;M;F;5064;NEP
057540036036-4275;057540036036;100mN31998E42255;NA;NA;2;67;M;F;6574;EMP
057540036036-4275;057540036036;100mN31998E42255;NA;NA;2;19;W;F;1824;EMP
057540036036-4276;057540036036;100mN31998E42255;PO;OS;2;88;S;F;75XX;NEP
057540036036-4276;057540036036;100mN31998E42255;PO;OS;2;89;S;F;75XX;NEP
057540036036-4277;057540036036;100mN31997E42265;MC;NA;4;44;M;M;4049;NEP
057540036036-4277;057540036036;100mN31997E42265;MC;NA;4;45;M;F;4049;EMP
057540036036-4277;057540036036;100mN31997E42265;MC;NA;4;23;S;F;1824;EMP
057540036036-4277;057540036036;100mN31997E42265;MC;NA;4;15;S;M;1517;NEP
057540036036-4278;057540036036;100mN32017E42250;MC;OS;3;72;M;M;6574;EMP
057540036036-4278;057540036036;100mN32017E42250;MC;OS;3;70;M;F;6574;EMP
057540036036-4278;057540036036;100mN32017E42250;MC;OS;3;80;M;F;75XX;EMP
057540036036-4279;057540036036;100mN32004E42286;MC;NA;5;19;M;M;1824;EMP
057540036036-4279;057540036036;100mN32004E42286;MC;NA;5;18;M;F;1824;EMP
057540036036-4279;057540036036;100mN32004E42286;MC;NA;5;3;S;M;0305;NEP
057540036036-4279;057540036036;100mN32004E42286;MC;NA;5;1;S;F;0003;NEP
057540036036-4279;057540036036;100mN32004E42286;MC;NA;5;4;S;M;0305;NEP
057540036036-4280;057540036036;100mN31993E42257;S;NA;1;61;M;M;5064;EMP
057540036036-4281;057540036036;100mN32017E42250;S;NA;1;50;M;M;5064;NEP
057540036036-4282;057540036036;100mN31981E42313;SF;NA;2;66;S;F;6574;EMP
057540036036-4282;057540036036;100mN31981E42313;SF;NA;2;13;S;M;0614;NEP
057540036036-4283;057540036036;100mN32017E42250;S;NA;1;34;S;F;3039;NEP
057540036036-4284;057540036036;100mN32008E42289;MC;NA;2;62;M;M;5064;EMP
057540036036-4284;057540036036;100mN32008E42289;MC;NA;2;62;M;F;5064;NEP
057540036036-4285;057540036036;100mN31957E42248;MC;NA;2;40;M;M;4049;NEP
057540036036-4285;057540036036;100mN31957E42248;MC;NA;2;34;M;F;3039;EMP
057540036036-4286;057540036036;100mN32017E42250;MC;NA;4;30;M;M;3039;EMP
057540036036-4286;057540036036;100mN32017E42250;MC;NA;4;34;M;F;3039;NEP
057540036036-4286;057540036036;100mN32017E42250;MC;NA;4;15;S;M;1517;NEP
057540036036-4286;057540036036;100mN32017E42250;MC;NA;4;7;S;M;0614;NEP
057540036036-4287;057540036036;100mN32017E42250;SF;NA;2;16;S;F;1517;EMP
057540036036-4287;057540036036;100mN32017E42250;SF;NA;2;1;S;F;0003;NEP
057540036036-4288;057540036036;100mN31999E42254;MC;NA;5;56;M;M;5064;EMP
057540036036-4288;057540036036;100mN31999E42254;MC;NA;5;62;M;F;5064;EMP
057540036036-4288;057540036036;100mN31999E42254;MC;NA;5;16;S;M;1517;EMP
057540036036-4288;057540036036;100mN31999E42254;MC;NA;5;16;S;M;1517;EMP
057540036036-4288;057540036036;100mN31999E42254;MC;NA;5;21;S;M;1824;EMP
057540036036-4289;057540036036;100mN32017E42250;MC;NA;5;32;M;F;3039;EMP
057540036036-4289;057540036036;100mN32017E42250;MC;NA;5;34;M;M;3039;EMP
057540036036-4289;057540036036;100mN32017E42250;MC;NA;5;12;S;M;0614;NEP
057540036036-4289;057540036036;100mN32017E42250;MC;NA;5;10;S;M;0614;NEP
057540036036-4289;057540036036;100mN32017E42250;MC;NA;5;13;S;M;0614;NEP
057540036036-4290;057540036036;100mN32017E42250;MC;NA;2;40;M;F;4049;EMP
057540036036-4290;057540036036;100mN32017E42250;MC;NA;2;45;M;M;4049;EMP
057540036036-4291;057540036036;100mN31976E42268;MC;NA;5;59;M;F;5064;EMP
057540036036-4291;057540036036;100mN31976E42268;MC;NA;5;43;M;M;4049;NEP
057540036036-4291;057540036036;100mN31976E42268;MC;NA;5;15;S;M;1517;EMP
057540036036-4291;057540036036;100mN31976E42268;MC;NA;5;9;S;M;0614;NEP
057540036036-4291;057540036036;100mN31976E42268;MC;NA;5;3;S;F;0305;NEP
057540036036-4292;057540036036;100mN32017E42250;MC;NA;4;55;M;M;5064;EMP
057540036036-4292;057540036036;100mN32017E42250;MC;NA;4;54;M;F;5064;NEP
057540036036-4292;057540036036;100mN32017E42250;MC;NA;4;4;S;M;0305;NEP
057540036036-4292;057540036036;100mN32017E42250;MC;NA;4;31;D;M;3039;EMP
057540036036-4293;057540036036;100mN32017E42250;MC;OS;3;82;M;M;75XX;NEP
057540036036-4293;057540036036;100mN32017E42250;MC;OS;3;79;M;F;75XX;NEP
057540036036-4293;057540036036;100mN32017E42250;MC;OS;3;82;M;M;75XX;EMP
057540036036-4294;057540036036;100mN32006E42298;S;NA;1;16;S;M;1517;NEP
057540036036-4295;057540036036;100mN31965E42249;MC;NA;2;53;M;F;5064;NEP
057540036036-4295;057540036036;100mN31965E42249;MC;NA;2;60;M;M;5064;EMP
057540036036-4296;057540036036;100mN32001E42288;MC;NA;2;54;M;F;5064;EMP
057540036036-4296;057540036036;100mN32001E42288;MC;NA;2;54;M;M;5064;EMP
057540036036-4297;057540036036;100mN31999E42254;PO;NA;2;47;S;M;4049;UEP
057540036036-4297;057540036036;100mN31999E42254;PO;NA;2;48;S;F;4049;NEP
057540036036-4298;057540036036;100mN32005E42284;MC;NA;2;56;M;M;5064;EMP
057540036036-4298;057540036036;100mN32005E42284;MC;NA;2;51;M;F;5064;EMP
057540036036-4299;057540036036;100mN31985E42279;MC;MIX;2;66;M;F;6574;NEP
057540036036-4299;057540036036;100mN31985E42279;MC;MIX;2;62;D;F;5064;EMP
057540036036-4300;057540036036;100mN31985E42302;MC;NA;2;32;M;F;3039;NEP
057540036036-4300;057540036036;100mN31985E42302;MC;NA;2;40;M;M;4049;EMP
057540036036-4301;057540036036;100mN32010E42287;S;OS;1;36;S;F;3039;EMP
057540036036-4302;057540036036;100mN32021E42242;PO;NA;2;36;S;F;3039;EMP
057540036036-4302;057540036036;100mN32021E42242;PO;NA;2;37;S;F;3039;EMP
057540036036-4303;057540036036;100mN31961E42302;S;NA;1;51;S;M;5064;NEP
057540036036-4304;057540036036;100mN31987E42259;PO;NA;2;50;S;M;5064;EMP
057540036036-4304;057540036036;100mN31987E42259;PO;NA;2;53;S;M;5064;EMP
057540036036-4305;057540036036;100mN32021E42242;S;NA;1;73;M;M;6574;EMP
057540036036-4306;057540036036;100mN31970E42258;S;NA;1;34;D;M;3039;EMP
057540036036-4307;057540036036;100mN32013E42251;MC;NA;5;43;M;F;4049;NEP
057540036036-4307;057540036036;100mN32013E42251;MC;NA;5;45;M;M;4049;EMP
057540036036-4307;057540036036;100mN32013E42251;MC;NA;5;4;S;M;0305;NEP
057540036036-4307;057540036036;100mN32013E42251;MC;NA;5;3;S;M;0305;NEP
057540036036-4307;057540036036;100mN32013E42251;MC;NA;5;11;S;M;0614;NEP
057540036036-4308;057540036036;100mN32013E42251;MC;NA;3;33;M;F;3039;NEP
057540036036-4308;057540036036;100mN32013E42251;MC;NA;3;34;M;M;3039;EMP
057540036036-4308;057540036036;100mN32013E42251;MC;NA;3;3;S;F;0305;NEP
057540036036-4309;057540036036;100mN32013E42251;MC;OS;4;68;M;F;6574;EMP
057540036036-4309;057540036036;100mN32013E42251;MC;OS;4;73;M;M;6574;NEP
057540036036-4309;057540036036;100mN32013E42251;MC;OS;4;76;M;M;75XX;EMP
057540036036-4309;057540036036;100mN32013E42251;MC;OS;4;78;W;F;75XX;EMP
057540036036-4310;057540036036;100mN32013E42251;MC;NA;6;37;M;F;3039;NEP
057540036036-4310;057540036036;100mN32013E42251;MC;NA;6;38;M;M;3039;EMP
057540036036-4310;057540036036;100mN32013E42251;MC;NA;6;16;S;M;1517;EMP
057540036036-4310;057540036036;100mN32013E42251;MC;NA;6;7;S;M;0614;NEP
057540036036-4310;057540036036;100mN32013E42251;MC;NA;6;16;S;M;1517;NEP
057540036036-4310;057540036036;100mN32013E42251;MC;NA;6;12;S;M;0614;NEP
057540036036-4311;057540036036;100mN32007E42288;MC;NA;4;63;M;M;5064;EMP
057540036036-4311;057540036036;100mN32007E42288;MC;NA;4;58;M;F;5064;NEP
057540036036-4311;057540036036;100mN32007E42288;MC;NA;4;0;S;F;0003;NEP
057540036036-4311;057540036036;100mN32007E42288;MC;NA;4;16;S;F;1517;EMP
057540036036-4312;057540036036;100mN32018E42254;MC;OS;3;76;M;F;75XX;EMP
057540036036-4312;057540036036;100mN32018E42254;MC;OS;3;85;M;M;75XX;EMP
057540036036-4312;057540036036;100mN32018E42254;MC;OS;3;73;M;F;6574;EMP
057540036036-4313;057540036036;100mN31989E42265;MC;NA;2;54;M;M;5064;EMP
057540036036-4313;057540036036;100mN31989E42265;MC;NA;2;51;M;F;5064;NEP
057540036036-4314;057540036036;100mN32003E42273;S;NA;1;45;M;F;4049;NEP
057540036036-4315;057540036036;100mN32003E42273;PO;NA;5;38;S;F;3039;EMP
057540036036-4315;057540036036;100mN32003E42273;PO;NA;5;40;S;F;4049;EMP
057540036036-4315;057540036036;100mN32003E42273;PO;NA;5;12;S;F;0614;NEP
057540036036-4315;057540036036;100mN32003E42273;PO;NA;5;1;S;F;0003;NEP
057540036036-4315;057540036036;100mN32003E42273;PO;NA;5;12;S;F;0614;NEP
057540036036-4316;057540036036;100mN31962E42308;SF;NA;2;55;W;F;5064;NEP
057540036036-4316;057540036036;100mN31962E42308;SF;NA;2;30;S;M;3039;NEP
057540036036-4317;057540036036;100mN32003E42273;MC;OS;2;65;M;F;6574;EMP
057540036036-4317;057540036036;100mN32003E42273;MC;OS;2;69;M;M;6574;EMP
057540036036-4318;057540036036;100mN32003E42257;MC;NA;3;40;M;F;4049;NEP
057540036036-4318;057540036036;100mN32003E42257;MC;NA;3;38;M;M;3039;EMP
057540036036-4318;057540036036;100mN32003E42257;MC;NA;3;13;S;M;0614;NEP
057540036036-4319;057540036036;100mN32012E42287;S;OS;1;86;S;F;75XX;EMP
057540036036-4320;057540036036;100mN32001E42289;MC;OS;3;83;M;F;75XX;EMP
057540036036-4320;057540036036;100mN32001E42289;MC;OS;3;88;M;M;75XX;EMP
057540036036-4320;057540036036;100mN32001E42289;MC;OS;3;71;S;F;6574;EMP
057540036036-4321;057540036036;100mN32012E42287;MC;NA;2;54;M;F;5064;NEP
057540036036-4321;057540036036;100mN32012E42287;MC;NA;2;56;M;M;5064;EMP
057540036036-4322;057540036036;100mN32012E42287;MC;NA;3;44;M;F;4049;EMP
057540036036-4322;057540036036;100mN32012E42287;MC;NA;3;45;M;M;4049;EMP
057540036036-4322;057540036036;100mN32012E42287;MC;NA;3;18;S;M;1824;EMP
057540036036-4323;057540036036;100mN32012E42287;SF;NA;3;79;W;F;75XX;EMP
057540036036-4323;057540036036;100mN32012E42287;SF;NA;3;1;S;M;0003;NEP
057540036036-4323;057540036036;100mN32012E42287;SF;NA;3;41;S;M;4049;EMP
057540036036-4324;057540036036;100mN31977E42249;MC;NA;2;42;M;F;4049;NEP
057540036036-4324;057540036036;100mN31977E42249;MC;NA;2;45;M;M;4049;EMP
057540036036-4325;057540036036;100mN32007E42282;MC;OS;2;88;M;F;75XX;NEP
057540036036-4325;057540036036;100mN32007E42282;MC;OS;2;18;D;M;1824;EMP
057540036036-4326;057540036036;100mN32003E42290;S;OS;1;42;M;M;4049;EMP
057540036036-4327;057540036036;100mN32008E42278;PO;NA;5;31;S;M;3039;NEP
057540036036-4327;057540036036;100mN32008E42278;PO;NA;5;30;S;M;3039;EMP
057540036036-4327;057540036036;100mN32008E42278;PO;NA;5;13;S;M;0614;NEP
057540036036-4327;057540036036;100mN32008E42278;PO;NA;5;12;S;F;0614;NEP
057540036036-4327;057540036036;100mN32008E42278;PO;NA;5;10;S;M;0614;NEP
057540036036-4328;057540036036;100mN32012E42287;MC;NA;2;40;M;F;4049;EMP
057540036036-4328;057540036036;100mN32012E42287;MC;NA;2;41;M;M;4049;EMP
057540036036-4329;057540036036;100mN32012E42287;PO;NA;3;31;S;F;3039;EMP
057540036036-4329;057540036036;100mN32012E42287;PO;NA;3;28;S;F;2529;EMP
057540036036-4329;057540036036;100mN32012E42287;PO;NA;3;0;S;F;0003;NEP
057540036036-4330;057540036036;100mN32012E42287;MC;NA;2;61;M;F;5064;NEP
057540036036-4330;057540036036;100mN32012E42287;MC;NA;2;50;M;M;5064;EMP
057540036036-4331;057540036036;100mN32012E42287;PO;NA;2;63;S;M;5064;EMP
057540036036-4331;057540036036;100mN32012E42287;PO;NA;2;58;S;F;5064;EMP
057540036036-4332;057540036036;100mN32012E42287;MC;NA;3;44;M;M;4049;EMP
057540036036-4332;057540036036;100mN32012E42287;MC;NA;3;18;M;F;1824;EMP
057540036036-4332;057540036036;100mN32012E42287;MC;NA;3;4;S;M;0305;NEP
057540036036-4333;057540036036;100mN32012E42287;MC;OS;2;69;M;F;6574;NEP
057540036036-4333;057540036036;100mN32012E42287;MC;OS;2;69;M;M;6574;NEP
057540036036-4334;057540036036;100mN31962E42308;PO;OS;3;72;S;M;6574;EMP
057540036036-4334;057540036036;100mN31962E42308;PO;OS;3;69;S;M;6574;NEP
057540036036-4334;057540036036;100mN31962E42308;PO;OS;3;68;M;F;6574;EMP
057540036036-4335;057540036036;100mN32021E42252;MC;NA;4;50;M;M;5064;EMP
057540036036-4335;057540036036;100mN32021E42252;MC;NA;4;18;M;F;1824;NEP
057540036036-4335;057540036036;100mN32021E42252;MC;NA;4;9;S;F;0614;NEP
057540036036-4335;057540036036;100mN32021E42252;MC;NA;4;34;W;M;3039;EMP
057540036036-4336;057540036036;100mN32013E42249;S;NA;1;52;D;M;5064;EMP
057540036036-4337;057540036036;100mN32021E42252;MC;OS;3;87;M;F;75XX;EMP
057540036036-4337;057540036036;100mN32021E42252;MC;OS;3;72;M;M;6574;EMP
057540036036-4337;057540036036;100mN32021E42252;MC;OS;3;84;W;F;75XX;EMP
057540036036-4338;057540036036;100mN32021E42252;MC;NA;4;18;M;M;1824;EMP
057540036036-4338;057540036036;100mN32021E42252;MC;NA;4;18;M;F;1824;NEP
057540036036-4338;057540036036;100mN32021E42252;MC;NA;4;1;S;F;0003;NEP
057540036036-4338;057540036036;100mN32021E42252;MC;NA;4;3;S;M;0305;NEP
057540036036-4339;057540036036;100mN31999E42273;S;NA;1;55;S;M;5064;EMP
057540036036-4340;057540036036;100mN32021E42252;MC;NA;4;57;M;M;5064;NEP
057540036036-4340;057540036036;100mN32021E42252;MC;NA;4;52;M;F;5064;EMP
057540036036-4340;057540036036;100mN32021E42252;MC;NA;4;10;S;M;0614;NEP
057540036036-4340;057540036036;100mN32021E42252;MC;NA;4;16;S;F;1517;NEP
057540036036-4341;057540036036;100mN32021E42252;MC;NA;2;37;M;M;3039;EMP
057540036036-4341;057540036036;100mN32021E42252;MC;NA;2;31;M;F;3039;NEP
057540036036-4342;057540036036;100mN32008E42279;S;NA;1;41;M;F;4049;EMP
057540036036-4343;057540036036;100mN31985E42302;MC;NA;4;41;M;M;4049;EMP
057540036036-4343;057540036036;100mN31985E42302;MC;NA;4;40;M;F;4049;EMP
057540036036-4343;057540036036;100mN31985E42302;MC;NA;4;3;S;F;0305;NEP
057540036036-4343;057540036036;100mN31985E42302;MC;NA;4;18;S;F;1824;NEP
057540036036-4344;057540036036;100mN31985E42302;MC;NA;2;26;M;F;2529;NEP
057540036036-4344;057540036036;100mN31985E42302;MC;NA;2;26;M;M;2529;NEP
057540036036-4345;057540036036;100mN31985E42302;MC;NA;4;53;M;F;5064;NEP
057540036036-4345;057540036036;100mN31985E42302;MC;NA;4;53;M;M;5064;EMP
057540036036-4345;057540036036;100mN31985E42302;MC;NA;4;8;S;M;0614;NEP
057540036036-4345;057540036036;100mN31985E42302;MC;NA;4;13;S;F;0614;NEP
057540036036-4346;057540036036;100mN31999E42254;S;NA;1;34;D;F;3039;NEP
057540036036-4347;057540036036;100mN31985E42302;MC;NA;2;32;M;F;3039;NEP
057540036036-4347;057540036036;100mN31985E42302;MC;NA;2;40;M;M;4049;EMP
057540036036-4348;057540036036;100mN32001E42288;S;NA;1;34;W;F;3039;EMP
057540036036-4349;057540036036;100mN32003E42286;MC;NA;2;41;M;M;4049;EMP
057540036036-4349;057540036036;100mN32003E42286;MC;NA;2;40;M;F;4049;EMP
057540036036-4350;057540036036;100mN31985E42302;PO;NA;2;41;S;F;4049;EMP
057540036036-4350;057540036036;100mN31985E42302;PO;NA;2;45;S;M;4049;EMP
057540036036-4351;057540036036;100mN31985E42302;S;NA;1;66;M;F;6574;NEP
057540036036-4352;057540036036;100mN32013E42244;SF;NA;4;41;S;F;4049;EMP
057540036036-4352;057540036036;100mN32013E42244;SF;NA;4;13;S;F;0614;NEP
057540036036-4352;057540036036;100mN32013E42244;SF;NA;4;7;S;F;0614;NEP
057540036036-4352;057540036036;100mN32013E42244;SF;NA;4;4;S;F;0305;NEP
057540036036-4353;057540036036;100mN31962E42308;SF;NA;2;58;W;F;5064;EMP
057540036036-4353;057540036036;100mN31962E42308;SF;NA;2;6;S;M;0614;NEP
057540036036-4354;057540036036;100mN32010E42279;S;OS;1;40;W;F;4049;EMP
057540036036-4355;057540036036;100mN31996E42268;MC;OS;4;88;M;F;75XX;EMP
057540036036-4355;057540036036;100mN31996E42268;MC;OS;4;42;S;M;4049;EMP
057540036036-4355;057540036036;100mN31996E42268;MC;OS;4;73;M;F;6574;EMP
057540036036-4355;057540036036;100mN31996E42268;MC;OS;4;76;W;M;75XX;EMP
057540036036-4356;057540036036;100mN31990E42257;MC;NA;3;45;M;M;4049;EMP
057540036036-4356;057540036036;100mN31990E42257;MC;NA;3;45;M;F;4049;EMP
057540036036-4356;057540036036;100mN31990E42257;MC;NA;3;8;S;F;0614;NEP
057540036036-4357;057540036036;100mN31985E42302;MC;NA;2;53;M;M;5064;EMP
057540036036-4357;057540036036;100mN31985E42302;MC;NA;2;48;M;F;4049;EMP
057540036036-4358;057540036036;100mN32004E42281;MC;NA;2;58;M;F;5064;EMP
057540036036-4358;057540036036;100mN32004E42281;MC;NA;2;59;M;M;5064;NEP
057540036036-4359;057540036036;100mN32022E42250;MC;OS;3;69;M;F;6574;NEP
057540036036-4359;057540036036;100mN32022E42250;MC;OS;3;72;M;M;6574;NEP
057540036036-4359;057540036036;100mN32022E42250;MC;OS;3;67;S;F;6574;EMP
057540036036-4360;057540036036;100mN31985E42302;S;NA;1;55;M;M;5064;EMP
057540036036-4361;057540036036;100mN32010E42277;MC;OS;2;67;M;F;6574;NEP
057540036036-4361;057540036036;100mN32010E42277;MC;OS;2;67;M;M;6574;EMP
057540036036-4362;057540036036;100mN31985E42302;S;OS;1;47;M;F;4049;NEP
057540036036-4363;057540036036;100mN32005E42282;MC;NA;2;60;M;M;5064;EMP
057540036036-4363;057540036036;100mN32005E42282;MC;NA;2;51;M;F;5064;EMP
057540036036-4364;057540036036;100mN31985E42302;PO;OS;3;80;S;F;75XX;EMP
057540036036-4364;057540036036;100mN31985E42302;PO;OS;3;86;S;M;75XX;EMP
057540036036-4364;057540036036;100mN31985E42302;PO;OS;3;82;M;M;75XX;EMP
057540036036-4365;057540036036;100mN32004E42289;MC;NA;5;45;M;M;4049;EMP
057540036036-4365;057540036036;100mN32004E42289;MC;NA;5;43;M;F;4049;EMP
057540036036-4365;057540036036;100mN32004E42289;MC;NA;5;13;S;F;0614;NEP
057540036036-4365;057540036036;100mN32004E42289;MC;NA;5;18;M;M;1824;EMP
057540036036-4365;057540036036;100mN32004E42289;MC;NA;5;10;S;M;0614;NEP
057540036036-4366;057540036036;100mN31995E42257;S;NA;1;48;M;M;4049;EMP
057540036036-4367;057540036036;100mN31985E42302;S;NA;1;51;M;F;5064;EMP
057540036036-4368;057540036036;100mN31967E42297;PC;OS;2;66;P;F;6574;EMP
057540036036-4368;057540036036;100mN31967E42297;PC;OS;2;77;P;F;75XX;NEP
057540036036-4369;057540036036;100mN31985E42302;PO;OS;3;73;S;M;6574;UEP
057540036036-4369;057540036036;100mN31985E42302;PO;OS;3;66;S;M;6574;EMP
057540036036-4369;057540036036;100mN31985E42302;PO;OS;3;85;M;M;75XX;EMP
057540036036-4370;057540036036;100mN31995E42255;MC;OS;3;87;M;F;75XX;EMP
057540036036-4370;057540036036;100mN31995E42255;MC;OS;3;86;W;F;75XX;EMP
057540036036-4370;057540036036;100mN31995E42255;MC;OS;3;75;S;M;75XX;EMP
057540036036-4371;057540036036;100mN32013E42291;PO;NA;4;44;S;F;4049;EMP
057540036036-4371;057540036036;100mN32013E42291;PO;NA;4;58;S;F;5064;EMP
057540036036-4371;057540036036;100mN32013E42291;PO;NA;4;22;M;M;1824;EMP
057540036036-4371;057540036036;100mN32013E42291;PO;NA;4;18;D;F;1824;EMP
057540036036-4372;057540036036;100mN31995E42270;MC;OS;2;88;M;F;75XX;NEP
057540036036-4372;057540036036;100mN31995E42270;MC;OS;2;89;M;M;75XX;EMP
057540036036-4373;057540036036;100mN31995E42270;MC;NA;4;55;M;F;5064;EMP
057540036036-4373;057540036036;100mN31995E42270;MC;NA;4;46;M;M;4049;EMP
057540036036-4373;057540036036;100mN31995E42270;MC;NA;4;15;S;F;1517;NEP
057540036036-4373;057540036036;100mN31995E42270;MC;NA;4;7;S;M;0614;NEP
057540036036-4374;057540036036;100mN31992E42269;MC;NA;2;33;M;F;3039;NEP
057540036036-4374;057540036036;100mN31992E42269;MC;NA;2;34;M;M;3039;EMP
057540036036-4375;057540036036;100mN31995E42270;MC;NA;3;26;M;M;2529;UEP
057540036036-4375;057540036036;100mN31995E42270;MC;NA;3;18;M;F;1824;EMP
057540036036-4375;057540036036;100mN31995E42270;MC;NA;3;7;S;F;0614;NEP
057540036036-4376;057540036036;100mN31995E42270;MC;NA;3;56;M;F;5064;EMP
057540036036-4376;057540036036;100mN31995E42270;MC;NA;3;59;M;M;5064;EMP
057540036036-4376;057540036036;100mN31995E42270;MC;NA;3;33;M;M;3039;UEP
057540036036-4377;057540036036;100mN31995E42270;MC;MIX;2;70;M;F;6574;EMP
057540036036-4377;057540036036;100mN31995E42270;MC;MIX;2;50;M;M;5064;NEP
057540036036-4378;057540036036;100mN32010E42278;MC;NA;6;61;M;F;5064;EMP
057540036036-4378;057540036036;100mN32010E42278;MC;NA;6;82;W;F;75XX;EMP
057540036036-4378;057540036036;100mN32010E42278;MC;NA;6;10;S;F;0614;NEP
057540036036-4378;057540036036;100mN32010E42278;MC;NA;6;7;S;M;0614;NEP
057540036036-4378;057540036036;100mN32010E42278;MC;NA;6;11;S;M;0614;NEP
057540036036-4378;057540036036;100mN32010E42278;MC;NA;6;7;S;F;0614;NEP
057540036036-4379;057540036036;100mN31997E42267;MC;NA;4;37;M;M;3039;EMP
057540036036-4379;057540036036;100mN31997E42267;MC;NA;4;44;M;F;4049;EMP
057540036036-4379;057540036036;100mN31997E42267;MC;NA;4;7;S;M;0614;NEP
057540036036-4379;057540036036;100mN31997E42267;MC;NA;4;21;D;M;1824;EMP
057540036036-4380;057540036036;100mN32000E42288;MC;NA;4;44;M;F;4049;EMP
057540036036-4380;057540036036;100mN32000E42288;MC;NA;4;52;M;M;5064;EMP
057540036036-4380;057540036036;100mN32000E42288;MC;NA;4;6;S;M;0614;NEP
057540036036-4380;057540036036;100mN32000E42288;MC;NA;4;18;D;M;1824;EMP
057540036036-4381;057540036036;100mN32000E42288;MC;NA;2;41;M;M;4049;EMP
057540036036-4381;057540036036;100mN32000E42288;MC;NA;2;38;M;F;3039;EMP
057540036036-4382;057540036036;100mN32016E42233;MC;MIX;2;67;M;M;6574;EMP
057540036036-4382;057540036036;100mN32016E42233;MC;MIX;2;68;S;M;6574;NEP
057540036036-4383;057540036036;100mN32000E42288;MC;NA;2;19;M;M;1824;NEP
057540036036-4383;057540036036;100mN32000E42288;MC;NA;2;19;M;F;1824;EMP
057540036036-4384;057540036036;100mN32008E42256;MC;NA;2;40;M;F;4049;EMP
057540036036-4384;057540036036;100mN32008E42256;MC;NA;2;42;M;M;4049;NEP
057540036036-4385;057540036036;100mN31975E42275;S;OS;1;67;S;M;6574;NEP
057540036036-4386;057540036036;100mN31954E42289;MC;NA;4;61;M;M;5064;EMP
057540036036-4386;057540036036;100mN31954E42289;MC;NA;4;62;M;F;5064;EMP
057540036036-4386;057540036036;100mN31954E42289;MC;NA;4;7;S;M;0614;NEP
057540036036-4386;057540036036;100mN31954E42289;MC;NA;4;42;M;F;4049;EMP
057540036036-4387;057540036036;100mN32003E42286;MC;OS;3;83;M;M;75XX;EMP
057540036036-4387;057540036036;100mN32003E42286;MC;OS;3;76;M;F;75XX;NEP
057540036036-4387;057540036036;100mN32003E42286;MC;OS;3;82;D;F;75XX;EMP
057540036036-4388;057540036036;100mN31954E42289;SF;NA;2;36;W;F;3039;EMP
057540036036-4388;057540036036;100mN31954E42289;SF;NA;2;20;M;F;1824;NEP
057540036036-4389;057540036036;100mN32019E42240;SF;NA;2;68;S;F;6574;EMP
057540036036-4389;057540036036;100mN32019E42240;SF;NA;2;0;S;M;0003;NEP
057540036036-4390;057540036036;100mN31996E42278;MC;OS;4;67;M;F;6574;EMP
057540036036-4390;057540036036;100mN31996E42278;MC;OS;4;69;M;M;6574;EMP
057540036036-4390;057540036036;100mN31996E42278;MC;OS;4;72;M;F;6574;NEP
057540036036-4390;057540036036;100mN31996E42278;MC;OS;4;72;D;F;6574;EMP
057540036036-4391;057540036036;100mN32004E42278;MC;OS;2;89;M;F;75XX;EMP
057540036036-4391;057540036036;100mN32004E42278;MC;OS;2;62;M;M;5064;EMP
057540036036-4392;057540036036;100mN31996E42278;MC;NA;2;46;M;M;4049;EMP
057540036036-4392;057540036036;100mN31996E42278;MC;NA;2;43;M;F;4049;EMP
057540036036-4393;057540036036;100mN32007E42281;S;OS;1;56;W;F;5064;NEP
057540036036-4394;057540036036;100mN32009E42249;S;NA;1;86;S;M;75XX;EMP
057540036036-4395;057540036036;100mN31996E42281;MC;NA;2;26;M;M;2529;NEP
057540036036-4395;057540036036;100mN31996E42281;MC;NA;2;27;M;F;2529;NEP
057540036036-4396;057540036036;100mN32018E42241;MC;NA;6;33;M;M;3039;NEP
057540036036-4396;057540036036;100mN32018E42241;MC;NA;6;30;M;F;3039;EMP
057540036036-4396;057540036036;100mN32018E42241;MC;NA;6;13;S;M;0614;NEP
057540036036-4396;057540036036;100mN32018E42241;MC;NA;6;1;S;M;0003;NEP
057540036036-4396;057540036036;100mN32018E42241;MC;NA;6;12;S;M;0614;NEP
057540036036-4396;057540036036;100mN32018E42241;MC;NA;6;15;S;M;1517;EMP
057540036036-4397;057540036036;100mN31996E42281;MC;OS;6;73;M;M;6574;EMP
057540036036-4397;057540036036;100mN31996E42281;MC;OS;6;72;M;F;6574;EMP
057540036036-4397;057540036036;100mN31996E42281;MC;OS;6;69;S;F;6574;EMP
057540036036-4397;057540036036;100mN31996E42281;MC;OS;6;76;S;M;75XX;NEP
057540036036-4397;057540036036;100mN31996E42281;MC;OS;6;73;M;F;6574;EMP
057540036036-4397;057540036036;100mN31996E42281;MC;OS;6;71;M;F;6574;NEP
057540036036-4398;057540036036;100mN32005E42283;SM;NA;2;61;W;M;5064;EMP
057540036036-4398;057540036036;100mN32005E42283;SM;NA;2;21;S;M;1824;EMP
057540036036-4399;057540036036;100mN31996E42261;PO;OS;3;68;S;M;6574;EMP
057540036036-4399;057540036036;100mN31996E42261;PO;OS;3;66;S;F;6574;EMP
057540036036-4399;057540036036;100mN31996E42261;PO;OS;3;69;M;F;6574;EMP
057540036036-4400;057540036036;100mN31989E42258;S;NA;1;47;M;F;4049;NEP
057540036036-4401;057540036036;100mN32021E42254;S;NA;1;18;S;M;1824;NEP
057540036036-4402;057540036036;100mN31963E42307;PO;OS;2;88;S;M;75XX;NEP
057540036036-4402;057540036036;100mN31963E42307;PO;OS;2;86;S;F;75XX;NEP
057540036036-4403;057540036036;100mN31996E42261;MC;NA;2;42;M;M;4049;EMP
057540036036-4403;057540036036;100mN31996E42261;MC;NA;2;41;M;F;4049;EMP
057540036036-4404;057540036036;100mN31991E42257;S;NA;1;54;S;F;5064;NEP
057540036036-4405;057540036036;100mN31962E42303;NA;NA;2;38;W;F;3039;NEP
057540036036-4405;057540036036;100mN31962E42303;NA;NA;2;44;M;M;4049;EMP
057540036036-4406;057540036036;100mN31976E42253;MC;OS;2;69;M;M;6574;EMP
057540036036-4406;057540036036;100mN31976E42253;MC;OS;2;68;M;F;6574;NEP
057540036036-4407;057540036036;100mN32022E42251;MC;NA;4;63;M;M;5064;NEP
057540036036-4407;057540036036;100mN32022E42251;MC;NA;4;55;M;F;5064;EMP
057540036036-4407;057540036036;100mN32022E42251;MC;NA;4;8;S;M;0614;NEP
057540036036-4407;057540036036;100mN32022E42251;MC;NA;4;45;M;M;4049;EMP
057540036036-4408;057540036036;100mN31996E42261;S;NA;1;42;M;F;4049;NEP
057540036036-4409;057540036036;100mN32018E42255;S;OS;1;75;S;M;75XX;EMP
057540036036-4410;057540036036;100mN31996E42261;S;NA;1;44;M;M;4049;NEP
057540036036-4411;057540036036;100mN31996E42261;MC;NA;4;28;M;M;2529;EMP
057540036036-4411;057540036036;100mN31996E42261;MC;NA;4;26;M;F;2529;NEP
057540036036-4411;057540036036;100mN31996E42261;MC;NA;4;7;S;M;0614;NEP
057540036036-4411;057540036036;100mN31996E42261;MC;NA;4;6;S;M;0614;NEP
057540036036-4412;057540036036;100mN31996E42261;MC;OS;2;71;M;F;6574;EMP
057540036036-4412;057540036036;100mN31996E42261;MC;OS;2;73;M;M;6574;EMP
057540036036-4413;057540036036;100mN31996E42261;PO;NA;2;35;S;M;3039;EMP
057540036036-4413;057540036036;100mN31996E42261;PO;NA;2;32;S;F;3039;EMP
057540036036-4414;057540036036;100mN31996E42261;MC;NA;3;54;M;M;5064;EMP
057540036036-4414;057540036036;100mN31996E42261;MC;NA;3;54;M;F;5064;EMP
057540036036-4414;057540036036;100mN31996E42261;MC;NA;3;37;M;M;3039;EMP
057540036036-4415;057540036036;100mN32020E42242;MC;OS;2;71;M;F;6574;NEP
057540036036-4415;057540036036;100mN32020E42242;MC;OS;2;72;M;M;6574;EMP
057540036036-4416;057540036036;100mN31996E42261;S;NA;1;42;D;M;4049;NEP
057540036036-4417;057540036036;100mN31976E42251;SF;NA;2;25;S;F;2529;EMP
057540036036-4417;057540036036;100mN31976E42251;SF;NA;2;10;S;F;0614;NEP
057540036036-4418;057540036036;100mN31996E42261;PO;NA;6;25;S;F;2529;EMP
057540036036-4418;057540036036;100mN31996E42261;PO;NA;6;27;S;F;2529;NEP
057540036036-4418;057540036036;100mN31996E42261;PO;NA;6;9;S;F;0614;NEP
057540036036-4418;057540036036;100mN31996E42261;PO;NA;6;8;S;F;0614;NEP
057540036036-4418;057540036036;100mN31996E42261;PO;NA;6;7;S;F;0614;NEP
057540036036-4418;057540036036;100mN31996E42261;PO;NA;6;7;S;M;0614;NEP
057540036036-4419;057540036036;100mN31976E42250;MC;NA;2;33;M;F;3039;EMP
057540036036-4419;057540036036;100mN31976E42250;MC;NA;2;43;M;M;4049;EMP
057540036036-4420;057540036036;100mN31996E42261;MC;NA;2;27;M;F;2529;EMP
057540036036-4420;057540036036;100mN31996E42261;MC;NA;2;25;M;M;2529;EMP
057540036036-4421;057540036036;100mN32009E42276;MC;NA;3;19;M;F;1824;EMP
057540036036-4421;057540036036;100mN32009E42276;MC;NA;3;21;M;M;1824;NEP
057540036036-4421;057540036036;100mN32009E42276;MC;NA;3;3;S;F;0305;NEP
057540036036-4422;057540036036;100mN31959E42248;MC;OS;4;69;M;M;6574;EMP
057540036036-4422;057540036036;100mN31959E42248;MC;OS;4;75;M;F;75XX;NEP
057540036036-4422;057540036036;100mN31959E42248;MC;OS;4;70;D;M;6574;EMP
057540036036-4422;057540036036;100mN31959E42248;MC;OS;4;69;M;F;6574;NEP
057540036036-4423;057540036036;100mN32018E42255;S;OS;1;75;S;M;75XX;EMP
057540036036-4424;057540036036;100mN31980E42262;S;NA;1;45;M;F;4049;EMP
057540036036-4425;057540036036;100mN31980E42262;S;OS;1;69;S;M;6574;EMP
057540036036-4426;057540036036;100mN31980E42262;MC;OS;2;69;M;F;6574;EMP
057540036036-4426;057540036036;100mN31980E42262;MC;OS;2;71;M;M;6574;EMP
057540036036-4427;057540036036;100mN31976E42252;MC;NA;2;61;M;F;5064;EMP
057540036036-4427;057540036036;100mN31976E42252;MC;NA;2;56;M;M;5064;NEP
057540036036-4428;057540036036;100mN32007E42252;S;NA;1;31;M;F;3039;EMP
057540036036-4429;057540036036;100mN32007E42252;S;NA;1;44;S;F;4049;EMP
057540036036-4430;057540036036;100mN32007E42252;S;OS;1;22;M;M;1824;NEP
057540036036-4431;057540036036;100mN32007E42252;MC;OS;2;89;M;M;75XX;EMP
057540036036-4431;057540036036;100mN32007E42252;MC;OS;2;88;M;F;75XX;EMP
057540036036-4432;057540036036;100mN32005E42282;MC;MIX;2;73;M;M;6574;UEP
057540036036-4432;057540036036;100mN32005E42282;MC;MIX;2;20;S;M;1824;EMP
057540036036-4433;057540036036;100mN32007E42252;SM;NA;2;46;S;M;4049;EMP
057540036036-4433;057540036036;100mN32007E42252;SM;NA;2;22;M;F;1824;EMP
057540036036-4434;057540036036;100mN32008E42289;S;NA;1;48;S;M;4049;NEP
057540036036-4435;057540036036;100mN32013E42245;SF;NA;2;19;W;F;1824;NEP
057540036036-4435;057540036036;100mN32013E42245;SF;NA;2;2;S;F;0003;NEP
057540036036-4436;057540036036;100mN31993E42297;MC;NA;4;58;M;M;5064;NEP
057540036036-4436;057540036036;100mN31993E42297;MC;NA;4;51;M;F;5064;EMP
057540036036-4436;057540036036;100mN31993E42297;MC;NA;4;0;S;F;0003;NEP
057540036036-4436;057540036036;100mN31993E42297;MC;NA;4;13;S;F;0614;NEP
057540036036-4437;057540036036;100mN32007E42252;MC;MIX;2;73;M;M;6574;EMP
057540036036-4437;057540036036;100mN32007E42252;MC;MIX;2;88;M;M;75XX;EMP
057540036036-4438;057540036036;100mN32009E42277;MC;MIX;3;69;W;F;6574;EMP
057540036036-4438;057540036036;100mN32009E42277;MC;MIX;3;45;M;F;4049;NEP
057540036036-4438;057540036036;100mN32009E42277;MC;MIX;3;37;M;M;3039;EMP
057540036036-4439;057540036036;100mN32007E42252;MC;NA;2;37;M;M;3039;EMP
057540036036-4439;057540036036;100mN32007E42252;MC;NA;2;37;M;F;3039;EMP
057540036036-4440;057540036036;100mN32007E42252;MC;NA;2;41;M;M;4049;EMP
057540036036-4440;057540036036;100mN32007E42252;MC;NA;2;42;M;F;4049;NEP
057540036036-4441;057540036036;100mN31999E42254;MC;NA;3;47;M;M;4049;EMP
057540036036-4441;057540036036;100mN31999E42254;MC;NA;3;47;M;F;4049;EMP
057540036036-4441;057540036036;100mN31999E42254;MC;NA;3;13;S;M;0614;NEP
057540036036-4442;057540036036;100mN31963E42300;PO;OS;4;89;S;F;75XX;NEP
057540036036-4442;057540036036;100mN31963E42300;PO;OS;4;0;S;M;0003;NEP
057540036036-4442;057540036036;100mN31963E42300;PO;OS;4;70;M;F;6574;EMP
057540036036-4442;057540036036;100mN31963E42300;PO;OS;4;71;W;F;6574;NEP
057540036036-4443;057540036036;100mN32008E42230;S;NA;1;34;D;F;3039;NEP
057540036036-4444;057540036036;100mN31964E42305;MC;NA;2;46;M;F;4049;EMP
057540036036-4444;057540036036;100mN31964E42305;MC;NA;2;50;M;M;5064;EMP
057540036036-4445;057540036036;100mN32021E42254;S;NA;1;18;S;M;1824;NEP
057540036036-4446;057540036036;100mN32005E42285;MC;NA;4;50;M;M;5064;EMP
057540036036-4446;057540036036;100mN32005E42285;MC;NA;4;47;M;F;4049;EMP
057540036036-4446;057540036036;100mN32005E42285;MC;NA;4;23;S;F;1824;EMP
057540036036-4446;057540036036;100mN32005E42285;MC;NA;4;13;S;M;0614;NEP
057540036036-4447;057540036036;100mN31964E42305;MC;NA;3;33;M;F;3039;EMP
057540036036-4447;057540036036;100mN31964E42305;MC;NA;3;31;M;M;3039;EMP
057540036036-4447;057540036036;100mN31964E42305;MC;NA;3;6;S;F;0614;NEP
057540036036-4448;057540036036;100mN32010E42278;S;NA;1;51;W;F;5064;EMP
057540036036-4449;057540036036;100mN31994E42261;MC;NA;3;34;M;M;3039;EMP
057540036036-4449;057540036036;100mN31994E42261;MC;NA;3;38;M;F;3039;EMP
057540036036-4449;057540036036;100mN31994E42261;MC;NA;3;16;S;M;1517;NEP
057540036036-4450;057540036036;100mN31994E42261;S;NA;1;41;D;M;4049;EMP
057540036036-4451;057540036036;100mN31994E42261;MC;NA;3;41;M;F;4049;NEP
057540036036-4451;057540036036;100mN31994E42261;MC;NA;3;44;M;M;4049;EMP
057540036036-4451;057540036036;100mN31994E42261;MC;NA;3;1;S;M;0003;NEP
057540036036-4452;057540036036;100mN32003E42256;S;OS;1;48;S;M;4049;NEP
057540036036-4453;057540036036;100mN31994E42261;S;NA;1;53;M;M;5064;NEP
057540036036-4454;057540036036;100mN31994E42261;MC;OS;4;84;M;F;75XX;NEP
057540036036-4454;057540036036;100mN31994E42261;MC;OS;4;3;S;F;0305;NEP
057540036036-4454;057540036036;100mN31994E42261;MC;OS;4;70;M;F;6574;EMP
057540036036-4454;057540036036;100mN31994E42261;MC;OS;4;73;W;F;6574;NEP
057540036036-4455;057540036036;100mN31994E42261;S;NA;1;60;D;F;5064;EMP
057540036036-4456;057540036036;100mN31994E42261;SM;NA;2;62;S;M;5064;EMP
057540036036-4456;057540036036;100mN31994E42261;SM;NA;2;30;M;M;3039;EMP
057540036036-4457;057540036036;100mN31975E42299;MC;MIX;3;71;M;M;6574;EMP
057540036036-4457;057540036036;100mN31975E42299;MC;MIX;3;63;M;M;5064;EMP
057540036036-4457;057540036036;100mN31975E42299;MC;MIX;3;27;M;F;2529;EMP
057540036036-4458;057540036036;100mN31994E42261;MC;NA;6;60;M;M;5064;EMP
057540036036-4458;057540036036;100mN31994E42261;MC;NA;6;11;S;F;0614;NEP
057540036036-4458;057540036036;100mN31994E42261;MC;NA;6;16;S;M;1517;EMP
057540036036-4458;057540036036;100mN31994E42261;MC;NA;6;32;M;M;3039;EMP
057540036036-4458;057540036036;100mN31994E42261;MC;NA;6;43;M;F;4049;EMP
057540036036-4458;057540036036;100mN31994E42261;MC;NA;6;11;S;M;0614;NEP
057540036036-4459;057540036036;100mN32008E42277;NA;NA;4;68;D;M;6574;EMP
057540036036-4459;057540036036;100mN32008E42277;NA;NA;4;53;M;F;5064;NEP
057540036036-4459;057540036036;100mN32008E42277;NA;NA;4;52;W;F;5064;NEP
057540036036-4459;057540036036;100mN32008E42277;NA;NA;4;43;S;F;4049;EMP
057540036036-4460;057540036036;100mN31998E42287;PO;NA;2;61;S;M;5064;EMP
057540036036-4460;057540036036;100mN31998E42287;PO;NA;2;55;S;M;5064;NEP
057540036036-4461;057540036036;100mN31998E42287;MC;OS;2;67;M;F;6574;NEP
057540036036-4461;057540036036;100mN31998E42287;MC;OS;2;72;M;M;6574;NEP
057540036036-4462;057540036036;100mN32014E42225;S;NA;1;40;S;M;4049;UEP
057540036036-4463;057540036036;100mN32014E42225;MC;NA;2;32;M;M;3039;NEP
057540036036-4463;057540036036;100mN32014E42225;MC;NA;2;30;M;F;3039;EMP
057540036036-4464;057540036036;100mN31976E42253;MC;MIX;4;71;M;M;6574;EMP
057540036036-4464;057540036036;100mN31976E42253;MC;MIX;4;51;M;F;5064;NEP
057540036036-4464;057540036036;100mN31976E42253;MC;MIX;4;53;M;M;5064;EMP
057540036036-4464;057540036036;100mN31976E42253;MC;MIX;4;9;S;M;0614;NEP
057540036036-4465;057540036036;100mN32018E42246;S;NA;1;82;W;F;75XX;NEP
057540036036-4466;057540036036;100mN32012E42291;MC;NA;5;50;M;F;5064;EMP
057540036036-4466;057540036036;100mN32012E42291;MC;NA;5;47;M;M;4049;NEP
057540036036-4466;057540036036;100mN32012E42291;MC;NA;5;16;S;M;1517;EMP
057540036036-4466;057540036036;100mN32012E42291;MC;NA;5;9;S;M;0614;NEP
057540036036-4466;057540036036;100mN32012E42291;MC;NA;5;10;S;M;0614;NEP
057540036036-4467;057540036036;100mN32003E42257;PO;OS;3;71;S;M;6574;EMP
057540036036-4467;057540036036;100mN32003E42257;PO;OS;3;71;S;M;6574;EMP
057540036036-4467;057540036036;100mN32003E42257;PO;OS;3;73;D;M;6574;EMP
057540036036-4468;057540036036;100mN32013E42249;MC;NA;2;53;M;F;5064;NEP
057540036036-4468;057540036036;100mN32013E42249;MC;NA;2;61;M;M;5064;NEP
057540036036-4469;057540036036;100mN32021E42251;MC;NA;3;46;M;M;4049;EMP
057540036036-4469;057540036036;100mN32021E42251;MC;NA;3;47;M;F;4049;NEP
057540036036-4469;057540036036;100mN32021E42251;MC;NA;3;12;S;M;0614;NEP
057540036036-4470;057540036036;100mN31966E42277;MC;MIX;3;83;W;F;75XX;EMP
057540036036-4470;057540036036;100mN31966E42277;MC;MIX;3;42;M;F;4049;NEP
057540036036-4470;057540036036;100mN31966E42277;MC;MIX;3;18;M;M;1824;EMP
057540036036-4471;057540036036;100mN32021E42251;MC;NA;3;50;M;F;5064;NEP
057540036036-4471;057540036036;100mN32021E42251;MC;NA;3;52;M;M;5064;EMP
057540036036-4471;057540036036;100mN32021E42251;MC;NA;3;11;S;M;0614;NEP
057540036036-4472;057540036036;100mN32021E42251;MC;OS;5;71;M;F;6574;EMP
057540036036-4472;057540036036;100mN32021E42251;MC;OS;5;72;M;M;6574;EMP
057540036036-4472;057540036036;100mN32021E42251;MC;OS;5;66;M;F;6574;NEP
057540036036-4472;057540036036;100mN32021E42251;MC;OS;5;70;S;M;6574;EMP
057540036036-4472;057540036036;100mN32021E42251;MC;OS;5;66;D;M;6574;EMP
057540036036-4473;057540036036;100mN32021E42251;MC;NA;2;53;M;M;5064;NEP
057540036036-4473;057540036036;100mN32021E42251;MC;NA;2;46;M;F;4049;NEP
057540036036-4474;057540036036;100mN32021E42251;S;NA;1;20;S;M;1824;EMP
057540036036-4475;057540036036;100mN32021E42251;PO;NA;2;26;S;M;2529;NEP
057540036036-4475;057540036036;100mN32021E42251;PO;NA;2;18;S;M;1824;EMP
057540036036-4476;057540036036;100mN32021E42251;S;NA;1;21;M;M;1824;EMP
057540036036-4477;057540036036;100mN31981E42313;SM;NA;2;41;S;M;4049;EMP
057540036036-4477;057540036036;100mN31981E42313;SM;NA;2;16;S;M;1517;EMP
057540036036-4478;057540036036;100mN32021E42251;MC;MIX;3;70;M;F;6574;EMP
057540036036-4478;057540036036;100mN32021E42251;MC;MIX;3;54;M;F;5064;EMP
057540036036-4478;057540036036;100mN32021E42251;MC;MIX;3;63;M;M;5064;EMP
057540036036-4479;057540036036;100mN32021E42251;MC;NA;4;46;M;M;4049;EMP
057540036036-4479;057540036036;100mN32021E42251;MC;NA;4;46;M;F;4049;EMP
057540036036-4479;057540036036;100mN32021E42251;MC;NA;4;3;S;M;0305;NEP
057540036036-4479;057540036036;100mN32021E42251;MC;NA;4;19;M;F;1824;NEP
057540036036-4480;057540036036;100mN32014E42288;MC;NA;4;31;M;F;3039;EMP
057540036036-4480;057540036036;100mN32014E42288;MC;NA;4;23;M;M;1824;EMP
057540036036-4480;057540036036;100mN32014E42288;MC;NA;4;9;S;F;0614;NEP
057540036036-4480;057540036036;100mN32014E42288;MC;NA;4;16;S;M;1517;EMP
057540036036-4481;057540036036;100mN31964E42279;S;NA;1;45;S;F;4049;NEP
057540036036-4482;057540036036;100mN31994E42244;S;NA;1;34;S;F;3039;NEP
057540036036-4483;057540036036;100mN31994E42244;SF;NA;2;46;D;F;4049;EMP
057540036036-4483;057540036036;100mN31994E42244;SF;NA;2;15;S;F;1517;NEP
057540036036-4484;057540036036;100mN32004E42277;PO;NA;4;38;S;M;3039;EMP
057540036036-4484;057540036036;100mN32004E42277;PO;NA;4;35;S;F;3039;EMP
057540036036-4484;057540036036;100mN32004E42277;PO;NA;4;21;W;F;1824;EMP
057540036036-4484;057540036036;100mN32004E42277;PO;NA;4;9;S;F;0614;NEP
057540036036-4485;057540036036;100mN31993E42259;MC;NA;3;26;M;M;2529;EMP
057540036036-4485;057540036036;100mN31993E42259;MC;NA;3;18;M;F;1824;NEP
057540036036-4485;057540036036;100mN31993E42259;MC;NA;3;8;S;M;0614;NEP
057540036036-4486;057540036036;100mN31990E42259;MC;MIX;3;71;D;M;6574;EMP
057540036036-4486;057540036036;100mN31990E42259;MC;MIX;3;37;M;M;3039;EMP
057540036036-4486;057540036036;100mN31990E42259;MC;MIX;3;36;M;F;3039;EMP
057540036036-4487;057540036036;100mN32003E42288;S;NA;1;68;S;M;6574;NEP
057540036036-4488;057540036036;100mN31962E42308;S;OS;1;55;D;F;5064;NEP
057540036036-4489;057540036036;100mN31991E42256;MC;NA;3;37;M;F;3039;EMP
057540036036-4489;057540036036;100mN31991E42256;MC;NA;3;40;M;M;4049;EMP
057540036036-4489;057540036036;100mN31991E42256;MC;NA;3;3;S;F;0305;NEP
057540036036-4490;057540036036;100mN32004E42288;MC;NA;2;41;M;M;4049;EMP
057540036036-4490;057540036036;100mN32004E42288;MC;NA;2;18;M;F;1824;NEP
057540036036-4491;057540036036;100mN32004E42288;S;NA;1;19;S;F;1824;EMP
057540036036-4492;057540036036;100mN32020E42219;MC;NA;4;34;M;M;3039;EMP
057540036036-4492;057540036036;100mN32020E42219;MC;NA;4;40;M;F;4049;NEP
057540036036-4492;057540036036;100mN32020E42219;MC;NA;4;0;S;M;0003;NEP
057540036036-4492;057540036036;100mN32020E42219;MC;NA;4;19;W;F;1824;EMP
057540036036-4493;057540036036;100mN32010E42285;S;NA;1;40;M;F;4049;EMP
057540036036-4494;057540036036;100mN31963E42307;PO;OS;2;88;S;M;75XX;NEP
057540036036-4494;057540036036;100mN31963E42307;PO;OS;2;86;S;F;75XX;NEP
057540036036-4495;057540036036;100mN32004E42288;PO;NA;4;47;S;M;4049;EMP
057540036036-4495;057540036036;100mN32004E42288;PO;NA;4;46;S;F;4049;EMP
057540036036-4495;057540036036;100mN32004E42288;PO;NA;4;18;M;F;1824;EMP
057540036036-4495;057540036036;100mN32004E42288;PO;NA;4;9;S;F;0614;NEP
057540036036-4496;057540036036;100mN31999E42272;MC;NA;2;57;M;M;5064;NEP
057540036036-4496;057540036036;100mN31999E42272;MC;NA;2;57;M;F;5064;EMP
057540036036-4497;057540036036;100mN32004E42288;PO;NA;2;19;S;M;1824;NEP
057540036036-4497;057540036036;100mN32004E42288;PO;NA;2;19;S;F;1824;EMP
057540036036-4498;057540036036;100mN32010E42291;MC;NA;2;41;M;M;4049;EMP
057540036036-4498;057540036036;100mN32010E42291;MC;NA;2;18;M;F;1824;EMP
057540036036-4499;057540036036;100mN32004E42288;S;NA;1;57;D;M;5064;EMP
057540036036-4500;057540036036;100mN32018E42255;S;NA;1;54;D;F;5064;NEP
057540036036-4501;057540036036;100mN31994E42266;S;NA;1;83;S;F;75XX;EMP
057540036036-4502;057540036036;100mN31997E42265;MC;NA;4;44;M;M;4049;NEP
057540036036-4502;057540036036;100mN31997E42265;MC;NA;4;45;M;F;4049;EMP
057540036036-4502;057540036036;100mN31997E42265;MC;NA;4;23;S;F;1824;EMP
057540036036-4502;057540036036;100mN31997E42265;MC;NA;4;15;S;M;1517;NEP
057540036036-4503;057540036036;100mN31997E42265;S;NA;1;77;M;F;75XX;NEP
057540036036-4504;057540036036;100mN31997E42265;S;NA;1;54;S;F;5064;NEP
057540036036-4505;057540036036;100mN32020E42219;MC;NA;4;34;M;M;3039;EMP
057540036036-4505;057540036036;100mN32020E42219;MC;NA;4;40;M;F;4049;NEP
057540036036-4505;057540036036;100mN32020E42219;MC;NA;4;0;S;M;0003;NEP
057540036036-4505;057540036036;100mN32020E42219;MC;NA;4;19;W;F;1824;EMP
057540036036-4506;057540036036;100mN31997E42265;SF;NA;2;28;S;F;2529;NEP
057540036036-4506;057540036036;100mN31997E42265;SF;NA;2;9;S;F;0614;NEP
057540036036-4507;057540036036;100mN32010E42279;S;OS;1;27;S;M;2529;NEP
057540036036-4508;057540036036;100mN31997E42265;MC;NA;4;60;M;M;5064;NEP
057540036036-4508;057540036036;100mN31997E42265;MC;NA;4;54;M;F;5064;NEP
057540036036-4508;057540036036;100mN31997E42265;MC;NA;4;11;S;F;0614;NEP
057540036036-4508;057540036036;100mN31997E42265;MC;NA;4;15;S;F;1517;NEP
057540036036-4509;057540036036;100mN32007E42281;S;OS;1;60;M;M;5064;EMP
057540036036-4510;057540036036;100mN31997E42265;S;OS;1;63;M;M;5064;EMP
057540036036-4511;057540036036;100mN31997E42265;PO;NA;6;43;S;F;4049;NEP
057540036036-4511;057540036036;100mN31997E42265;PO;NA;6;45;S;M;4049;EMP
057540036036-4511;057540036036;100mN31997E42265;PO;NA;6;16;S;M;1517;NEP
057540036036-4511;057540036036;100mN31997E42265;PO;NA;6;10;S;F;0614;NEP
057540036036-4511;057540036036;100mN31997E42265;PO;NA;6;28;M;M;2529;EMP
057540036036-4511;057540036036;100mN31997E42265;PO;NA;6;2;S;M;0003;NEP
057540036036-4512;057540036036;100mN32003E42286;MC;OS;3;83;M;M;75XX;EMP
057540036036-4512;057540036036;100mN32003E42286;MC;OS;3;76;M;F;75XX;NEP
057540036036-4512;057540036036;100mN32003E42286;MC;OS;3;82;D;F;75XX;EMP
057540036036-4513;057540036036;100mN31961E42266;MC;NA;4;42;M;M;4049;NEP
057540036036-4513;057540036036;100mN31961E42266;MC;NA;4;38;M;F;3039;NEP
057540036036-4513;057540036036;100mN31961E42266;MC;NA;4;13;S;M;0614;NEP
057540036036-4513;057540036036;100mN31961E42266;MC;NA;4;26;D;M;2529;EMP
057540036036-4514;057540036036;100mN31997E42265;S;NA;1;69;S;M;6574;EMP
057540036036-4515;057540036036;100mN31997E42265;S;NA;1;71;S;F;6574;EMP
057540036036-4516;057540036036;100mN32008E42250;MC;NA;2;51;M;M;5064;NEP
057540036036-4516;057540036036;100mN32008E42250;MC;NA;2;43;M;F;4049;NEP
057540036036-4517;057540036036;100mN31997E42265;PO;NA;4;53;S;M;5064;EMP
057540036036-4517;057540036036;100mN31997E42265;PO;NA;4;50;S;F;5064;EMP
057540036036-4517;057540036036;100mN31997E42265;PO;NA;4;36;M;F;3039;EMP
057540036036-4517;057540036036;100mN31997E42265;PO;NA;4;30;D;M;3039;EMP
057540036036-4518;057540036036;100mN31987E42258;S;NA;1;46;M;M;4049;EMP
057540036036-4519;057540036036;100mN31997E42265;MC;NA;2;45;M;M;4049;NEP
057540036036-4519;057540036036;100mN31997E42265;MC;NA;2;41;M;F;4049;EMP
057540036036-4520;057540036036;100mN31999E42260;MC;NA;2;54;M;F;5064;EMP
057540036036-4520;057540036036;100mN31999E42260;MC;NA;2;54;M;M;5064;EMP
057540036036-4521;057540036036;100mN32010E42291;SF;NA;2;18;D;F;1824;EMP
057540036036-4521;057540036036;100mN32010E42291;SF;NA;2;3;S;M;0305;NEP
057540036036-4522;057540036036;100mN31997E42265;MC;OS;2;66;M;F;6574;EMP
057540036036-4522;057540036036;100mN31997E42265;MC;OS;2;70;M;M;6574;EMP
057540036036-4523;057540036036;100mN31981E42262;MC;MIX;4;65;M;F;6574;EMP
057540036036-4523;057540036036;100mN31981E42262;MC;MIX;4;58;M;F;5064;NEP
057540036036-4523;057540036036;100mN31981E42262;MC;MIX;4;56;M;M;5064;EMP
057540036036-4523;057540036036;100mN31981E42262;MC;MIX;4;37;S;M;3039;EMP
057540036036-4524;057540036036;100mN32003E42286;MC;NA;2;41;M;M;4049;EMP
057540036036-4524;057540036036;100mN32003E42286;MC;NA;2;40;M;F;4049;EMP
057540036036-4525;057540036036;100mN32003E42286;MC;NA;2;50;M;M;5064;EMP
057540036036-4525;057540036036;100mN32003E42286;MC;NA;2;48;M;F;4049;EMP
057540036036-4526;057540036036;100mN32003E42286;MC;NA;4;41;M;M;4049;EMP
057540036036-4526;057540036036;100mN32003E42286;MC;NA;4;40;M;F;4049;EMP
057540036036-4526;057540036036;100mN32003E42286;MC;NA;4;15;S;F;1517;EMP
057540036036-4526;057540036036;100mN32003E42286;MC;NA;4;0;S;M;0003;NEP
057540036036-4527;057540036036;100mN31990E42259;MC;NA;2;30;M;M;3039;NEP
057540036036-4527;057540036036;100mN31990E42259;MC;NA;2;28;M;F;2529;NEP
057540036036-4528;057540036036;100mN31975E42298;S;NA;1;16;S;F;1517;NEP
057540036036-4529;057540036036;100mN32003E42286;MC;MIX;2;71;M;F;6574;NEP
057540036036-4529;057540036036;100mN32003E42286;MC;MIX;2;22;M;M;1824;EMP
057540036036-4530;057540036036;100mN32003E42286;MC;OS;3;83;M;M;75XX;EMP
057540036036-4530;057540036036;100mN32003E42286;MC;OS;3;76;M;F;75XX;NEP
057540036036-4530;057540036036;100mN32003E42286;MC;OS;3;82;D;F;75XX;EMP
057540036036-4531;057540036036;100mN32005E42289;S;NA;1;52;W;F;5064;EMP
057540036036-4532;057540036036;100mN32012E42227;S;NA;1;23;M;F;1824;EMP
057540036036-4533;057540036036;100mN32003E42286;S;OS;1;76;M;M;75XX;EMP
057540036036-4534;057540036036;100mN32003E42286;PO;NA;2;53;S;M;5064;NEP
057540036036-4534;057540036036;100mN32003E42286;PO;NA;2;48;S;F;4049;NEP
057540036036-4535;057540036036;100mN32004E42279;MC;OS;2;77;M;M;75XX;EMP
057540036036-4535;057540036036;100mN32004E42279;MC;OS;2;71;M;F;6574;NEP
057540036036-4536;057540036036;100mN31996E42268;S;NA;1;47;M;M;4049;UEP
057540036036-4537;057540036036;100mN32003E42286;MC;NA;2;26;M;F;2529;NEP
057540036036-4537;057540036036;100mN32003E42286;MC;NA;2;27;M;M;2529;EMP
057540036036-4538;057540036036;100mN31979E42273;MC;NA;2;31;M;F;3039;NEP
057540036036-4538;057540036036;100mN31979E42273;MC;NA;2;34;M;M;3039;EMP
057540036036-4539;057540036036;100mN32009E42279;MC;OS;2;75;M;F;75XX;EMP
057540036036-4539;057540036036;100mN32009E42279;MC;OS;2;78;M;M;75XX;NEP
057540036036-4540;057540036036;100mN32003E42286;MC;NA;2;27;M;F;2529;EMP
057540036036-4540;057540036036;100mN32003E42286;MC;NA;2;18;M;M;1824;EMP
057540036036-4541;057540036036;100mN32003E42286;MC;MIX;3;81;M;F;75XX;EMP
057540036036-4541;057540036036;100mN32003E42286;MC;MIX;3;27;M;F;2529;NEP
057540036036-4541;057540036036;100mN32003E42286;MC;MIX;3;28;M;M;2529;EMP
057540036036-4542;057540036036;100mN32010E42280;S;NA;1;62;W;F;5064;EMP
057540036036-4543;057540036036;100mN31951E42252;SM;NA;4;59;S;M;5064;EMP
057540036036-4543;057540036036;100mN31951E42252;SM;NA;4;43;W;F;4049;NEP
057540036036-4543;057540036036;100mN31951E42252;SM;NA;4;42;M;M;4049;EMP
057540036036-4543;057540036036;100mN31951E42252;SM;NA;4;22;S;M;1824;NEP
057540036036-4544;057540036036;100mN32003E42286;SM;NA;4;58;S;M;5064;EMP
057540036036-4544;057540036036;100mN32003E42286;SM;NA;4;43;M;M;4049;EMP
057540036036-4544;057540036036;100mN32003E42286;SM;NA;4;4;S;M;0305;NEP
057540036036-4544;057540036036;100mN32003E42286;SM;NA;4;15;S;F;1517;NEP
057540036036-4545;057540036036;100mN32021E42254;S;NA;1;18;S;M;1824;NEP
057540036036-4546;057540036036;100mN31992E42260;MC;NA;2;59;M;M;5064;EMP
057540036036-4546;057540036036;100mN31992E42260;MC;NA;2;32;M;F;3039;EMP
057540036036-4547;057540036036;100mN32021E42254;S;OS;1;19;M;M;1824;EMP
057540036036-4548;057540036036;100mN32021E42254;MC;NA;2;46;M;M;4049;UEP
057540036036-4548;057540036036;100mN32021E42254;MC;NA;2;43;M;F;4049;EMP
057540036036-4549;057540036036;100mN32021E42254;MC;MIX;4;83;S;M;75XX;EMP
057540036036-4549;057540036036;100mN32021E42254;MC;MIX;4;63;M;M;5064;EMP
057540036036-4549;057540036036;100mN32021E42254;MC;MIX;4;62;M;F;5064;NEP
057540036036-4549;057540036036;100mN32021E42254;MC;MIX;4;13;S;M;0614;NEP
057540036036-4550;057540036036;100mN32021E42254;S;OS;1;56;M;M;5064;EMP
057540036036-4551;057540036036;100mN31961E42302;MC;NA;2;54;M;M;5064;NEP
057540036036-4551;057540036036;100mN31961E42302;MC;NA;2;69;M;F;6574;NEP
057540036036-4552;057540036036;100mN32021E42254;S;NA;1;83;S;F;75XX;NEP
057540036036-4553;057540036036;100mN32021E42254;MC;OS;2;73;M;F;6574;EMP
057540036036-4553;057540036036;100mN32021E42254;MC;OS;2;85;M;M;75XX;EMP
057540036036-4554;057540036036;100mN32021E42254;S;NA;1;43;W;F;4049;NEP
057540036036-4555;057540036036;100mN32021E42254;MC;OS;4;73;M;M;6574;EMP
057540036036-4555;057540036036;100mN32021E42254;MC;OS;4;71;M;F;6574;EMP
057540036036-4555;057540036036;100mN32021E42254;MC;OS;4;86;S;F;75XX;EMP
057540036036-4555;057540036036;100mN32021E42254;MC;OS;4;80;S;F;75XX;EMP
057540036036-4556;057540036036;100mN32017E42245;S;NA;1;46;M;M;4049;NEP
057540036036-4557;057540036036;100mN32014E42289;MC;OS;3;71;M;M;6574;EMP
057540036036-4557;057540036036;100mN32014E42289;MC;OS;3;67;M;F;6574;EMP
057540036036-4557;057540036036;100mN32014E42289;MC;OS;3;68;D;M;6574;EMP
057540036036-4558;057540036036;100mN32013E42248;MC;NA;2;36;M;F;3039;NEP
057540036036-4558;057540036036;100mN32013E42248;MC;NA;2;41;M;M;4049;EMP
057540036036-4559;057540036036;100mN32013E42248;MC;NA;6;27;M;F;2529;EMP
057540036036-4559;057540036036;100mN32013E42248;MC;NA;6;26;M;M;2529;NEP
057540036036-4559;057540036036;100mN32013E42248;MC;NA;6;6;S;F;0614;NEP
057540036036-4559;057540036036;100mN32013E42248;MC;NA;6;11;S;M;0614;NEP
057540036036-4559;057540036036;100mN32013E42248;MC;NA;6;1;S;M;0003;NEP
057540036036-4559;057540036036;100mN32013E42248;MC;NA;6;3;S;F;0305;NEP
057540036036-4560;057540036036;100mN32015E42250;S;NA;1;43;W;M;4049;EMP
057540036036-4561;057540036036;100mN32015E42250;MC;NA;4;37;M;M;3039;EMP
057540036036-4561;057540036036;100mN32015E42250;MC;NA;4;44;M;F;4049;NEP
057540036036-4561;057540036036;100mN32015E42250;MC;NA;4;13;S;M;0614;NEP
057540036036-4561;057540036036;100mN32015E42250;MC;NA;4;18;S;M;1824;EMP
057540036036-4562;057540036036;100mN32015E42250;PO;NA;2;61;S;M;5064;EMP
057540036036-4562;057540036036;100mN32015E42250;PO;NA;2;61;S;F;5064;EMP
057540036036-4563;057540036036;100mN32015E42250;SF;MIX;2;86;D;F;75XX;EMP
057540036036-4563;057540036036;100mN32015E42250;SF;MIX;2;62;M;M;5064;NEP
057540036036-4564;057540036036;100mN32015E42250;PO;NA;3;26;S;M;2529;EMP
057540036036-4564;057540036036;100mN32015E42250;PO;NA;3;23;S;F;1824;NEP
057540036036-4564;057540036036;100mN32015E42250;PO;NA;3;4;S;F;0305;NEP
057540036036-4565;057540036036;100mN32015E42250;MC;NA;4;23;M;F;1824;EMP
057540036036-4565;057540036036;100mN32015E42250;MC;NA;4;26;M;M;2529;EMP
057540036036-4565;057540036036;100mN32015E42250;MC;NA;4;1;S;F;0003;NEP
057540036036-4565;057540036036;100mN32015E42250;MC;NA;4;6;S;F;0614;NEP
057540036036-4566;057540036036;100mN32023E42251;S;NA;1;43;M;F;4049;NEP
057540036036-4567;057540036036;100mN32015E42250;MC;OS;2;66;M;F;6574;EMP
057540036036-4567;057540036036;100mN32015E42250;MC;OS;2;65;M;M;6574;EMP
057540036036-4568;057540036036;100mN32008E42284;MC;MIX;3;68;M;F;6574;EMP
057540036036-4568;057540036036;100mN32008E42284;MC;MIX;3;45;M;M;4049;EMP
057540036036-4568;057540036036;100mN32008E42284;MC;MIX;3;18;M;F;1824;EMP
057540036036-4569;057540036036;100mN32009E42277;SM;NA;2;48;D;M;4049;EMP
057540036036-4569;057540036036;100mN32009E42277;SM;NA;2;11;S;M;0614;NEP
057540036036-4570;057540036036;100mN31999E42258;MC;NA;2;57;M;M;5064;EMP
057540036036-4570;057540036036;100mN31999E42258;MC;NA;2;50;M;F;5064;EMP
057540036036-4571;057540036036;100mN31975E42256;S;NA;1;18;W;F;1824;EMP
057540036036-4572;057540036036;100mN31976E42270;S;OS;1;38;S;F;3039;EMP
057540036036-4573;057540036036;100mN32010E42290;MC;MIX;3;66;M;F;6574;NEP
057540036036-4573;057540036036;100mN32010E42290;MC;MIX;3;38;M;F;3039;NEP
057540036036-4573;057540036036;100mN32010E42290;MC;MIX;3;40;M;M;4049;EMP
057540036036-4574;057540036036;100mN32010E42290;MC;NA;3;42;M;F;4049;NEP
057540036036-4574;057540036036;100mN32010E42290;MC;NA;3;45;M;M;4049;EMP
057540036036-4574;057540036036;100mN32010E42290;MC;NA;3;12;S;F;0614;NEP
057540036036-4575;057540036036;100mN32010E42290;MC;OS;4;80;M;F;75XX;EMP
057540036036-4575;057540036036;100mN32010E42290;MC;OS;4;87;M;M;75XX;EMP
057540036036-4575;057540036036;100mN32010E42290;MC;OS;4;89;M;F;75XX;EMP
057540036036-4575;057540036036;100mN32010E42290;MC;OS;4;65;W;F;6574;EMP
057540036036-4576;057540036036;100mN32010E42290;MC;OS;3;88;M;M;75XX;EMP
057540036036-4576;057540036036;100mN32010E42290;MC;OS;3;83;M;F;75XX;NEP
057540036036-4576;057540036036;100mN32010E42290;MC;OS;3;69;M;M;6574;EMP
057540036036-4577;057540036036;100mN32014E42285;MC;NA;3;47;M;F;4049;EMP
057540036036-4577;057540036036;100mN32014E42285;MC;NA;3;48;M;M;4049;EMP
057540036036-4577;057540036036;100mN32014E42285;MC;NA;3;8;S;M;0614;NEP
057540036036-4578;057540036036;100mN32010E42290;MC;OS;2;85;M;M;75XX;EMP
057540036036-4578;057540036036;100mN32010E42290;MC;OS;2;83;M;F;75XX;NEP
057540036036-4579;057540036036;100mN32010E42290;S;NA;1;28;M;F;2529;EMP
057540036036-4580;057540036036;100mN31966E42249;MC;OS;4;78;M;M;75XX;EMP
057540036036-4580;057540036036;100mN31966E42249;MC;OS;4;78;M;F;75XX;NEP
057540036036-4580;057540036036;100mN31966E42249;MC;OS;4;73;S;F;6574;NEP
057540036036-4580;057540036036;100mN31966E42249;MC;OS;4;89;S;F;75XX;EMP
057540036036-4581;057540036036;100mN32017E42243;S;NA;1;16;S;M;1517;EMP
057540036036-4582;057540036036;100mN31993E42259;S;NA;1;73;D;M;6574;EMP
057540036036-4583;057540036036;100mN32003E42276;MC;NA;2;36;M;F;3039;NEP
057540036036-4583;057540036036;100mN32003E42276;MC;NA;2;37;M;M;3039;NEP
057540036036-4584;057540036036;100mN32003E42276;SF;NA;6;18;W;F;1824;EMP
057540036036-4584;057540036036;100mN32003E42276;SF;NA;6;0;S;F;0003;NEP
057540036036-4584;057540036036;100mN32003E42276;SF;NA;6;3;S;M;0305;NEP
057540036036-4584;057540036036;100mN32003E42276;SF;NA;6;2;S;M;0003;NEP
057540036036-4584;057540036036;100mN32003E42276;SF;NA;6;2;S;F;0003;NEP
057540036036-4584;057540036036;100mN32003E42276;SF;NA;6;2;S;M;0003;NEP
057540036036-4585;057540036036;100mN32003E42276;MC;NA;2;21;M;F;1824;EMP
057540036036-4585;057540036036;100mN32003E42276;MC;NA;2;23;M;M;1824;NEP
057540036036-4586;057540036036;100mN32003E42276;MC;OS;4;68;M;F;6574;NEP
057540036036-4586;057540036036;100mN32003E42276;MC;OS;4;69;M;M;6574;EMP
057540036036-4586;057540036036;100mN32003E42276;MC;OS;4;70;M;M;6574;EMP
057540036036-4586;057540036036;100mN32003E42276;MC;OS;4;72;M;F;6574;NEP
057540036036-4587;057540036036;100mN32013E42286;S;NA;1;47;D;M;4049;EMP
057540036036-4588;057540036036;100mN32003E42276;MC;NA;3;51;M;F;5064;EMP
057540036036-4588;057540036036;100mN32003E42276;MC;NA;3;52;M;M;5064;NEP
057540036036-4588;057540036036;100mN32003E42276;MC;NA;3;6;S;F;0614;NEP
057540036036-4589;057540036036;100mN32005E42258;MC;MIX;2;65;M;M;6574;NEP
057540036036-4589;057540036036;100mN32005E42258;MC;MIX;2;63;M;F;5064;EMP
057540036036-4590;057540036036;100mN32003E42276;MC;NA;4;47;M;F;4049;NEP
057540036036-4590;057540036036;100mN32003E42276;MC;NA;4;50;M;M;5064;UEP
057540036036-4590;057540036036;100mN32003E42276;MC;NA;4;12;S;M;0614;NEP
057540036036-4590;057540036036;100mN32003E42276;MC;NA;4;22;M;M;1824;NEP
057540036036-4591;057540036036;100mN32003E42276;MC;NA;5;36;M;F;3039;NEP
057540036036-4591;057540036036;100mN32003E42276;MC;NA;5;42;M;M;4049;EMP
057540036036-4591;057540036036;100mN32003E42276;MC;NA;5;7;S;M;0614;NEP
057540036036-4591;057540036036;100mN32003E42276;MC;NA;5;8;S;F;0614;NEP
057540036036-4591;057540036036;100mN32003E42276;MC;NA;5;3;S;M;0305;NEP
057540036036-4592;057540036036;100mN32003E42276;MC;NA;2;59;M;F;5064;EMP
057540036036-4592;057540036036;100mN32003E42276;MC;NA;2;60;M;M;5064;EMP
057540036036-4593;057540036036;100mN32003E42276;S;OS;1;71;S;F;6574;NEP
057540036036-4594;057540036036;100mN32015E42229;MC;NA;2;62;M;M;5064;EMP
057540036036-4594;057540036036;100mN32015E42229;MC;NA;2;53;M;F;5064;NEP
057540036036-4595;057540036036;100mN32005E42279;MC;OS;2;68;M;F;6574;EMP
057540036036-4595;057540036036;100mN32005E42279;MC;OS;2;68;M;M;6574;EMP
057540036036-4596;057540036036;100mN32015E42229;PO;NA;3;54;S;F;5064;NEP
057540036036-4596;057540036036;100mN32015E42229;PO;NA;3;57;S;M;5064;EMP
057540036036-4596;057540036036;100mN32015E42229;PO;NA;3;37;M;F;3039;EMP
057540036036-4597;057540036036;100mN32015E42229;S;OS;1;45;S;F;4049;NEP
057540036036-4598;057540036036;100mN31958E42293;MC;NA;2;51;M;M;5064;EMP
057540036036-4598;057540036036;100mN31958E42293;MC;NA;2;45;M;F;4049;NEP
057540036036-4599;057540036036;100mN32003E42258;MC;NA;3;27;M;M;2529;EMP
057540036036-4599;057540036036;100mN32003E42258;MC;NA;3;28;M;F;2529;EMP
057540036036-4599;057540036036;100mN32003E42258;MC;NA;3;3;S;F;0305;NEP
057540036036-4600;057540036036;100mN32018E42231;MC;NA;2;30;M;F;3039;EMP
057540036036-4600;057540036036;100mN32018E42231;MC;NA;2;31;M;M;3039;EMP
057540036036-4601;057540036036;100mN31996E42259;MC;NA;6;41;M;F;4049;EMP
057540036036-4601;057540036036;100mN31996E42259;MC;NA;6;47;M;M;4049;NEP
057540036036-4601;057540036036;100mN31996E42259;MC;NA;6;10;S;M;0614;NEP
057540036036-4601;057540036036;100mN31996E42259;MC;NA;6;6;S;M;0614;NEP
057540036036-4601;057540036036;100mN31996E42259;MC;NA;6;18;W;F;1824;EMP
057540036036-4601;057540036036;100mN31996E42259;MC;NA;6;2;S;F;0003;NEP
057540036036-4602;057540036036;100mN32015E42242;S;NA;1;18;M;M;1824;EMP
057540036036-4603;057540036036;100mN32015E42242;MC;NA;4;19;M;M;1824;EMP
057540036036-4603;057540036036;100mN32015E42242;MC;NA;4;18;M;F;1824;EMP
057540036036-4603;057540036036;100mN32015E42242;MC;NA;4;3;S;F;0305;NEP
057540036036-4603;057540036036;100mN32015E42242;MC;NA;4;4;S;F;0305;NEP
057540036036-4604;057540036036;100mN32015E42242;S;OS;1;70;S;F;6574;EMP
057540036036-4605;057540036036;100mN32015E42242;PO;NA;6;41;S;M;4049;EMP
057540036036-4605;057540036036;100mN32015E42242;PO;NA;6;41;S;M;4049;EMP
057540036036-4605;057540036036;100mN32015E42242;PO;NA;6;10;S;F;0614;NEP
057540036036-4605;057540036036;100mN32015E42242;PO;NA;6;18;M;M;1824;EMP
057540036036-4605;057540036036;100mN32015E42242;PO;NA;6;8;S;F;0614;NEP
057540036036-4605;057540036036;100mN32015E42242;PO;NA;6;23;M;M;1824;NEP
057540036036-4606;057540036036;100mN32015E42242;S;NA;1;62;M;F;5064;NEP
057540036036-4607;057540036036;100mN32015E42242;SF;NA;3;73;S;F;6574;EMP
057540036036-4607;057540036036;100mN32015E42242;SF;NA;3;4;S;F;0305;NEP
057540036036-4607;057540036036;100mN32015E42242;SF;NA;3;3;S;M;0305;NEP
057540036036-4608;057540036036;100mN31999E42265;S;NA;1;41;D;F;4049;NEP
057540036036-4609;057540036036;100mN32005E42290;MC;NA;3;34;M;F;3039;EMP
057540036036-4609;057540036036;100mN32005E42290;MC;NA;3;33;M;M;3039;NEP
057540036036-4609;057540036036;100mN32005E42290;MC;NA;3;7;S;M;0614;NEP
057540036036-4610;057540036036;100mN31975E42248;MC;MIX;2;81;M;F;75XX;EMP
057540036036-4610;057540036036;100mN31975E42248;MC;MIX;2;63;M;M;5064;EMP
057540036036-4611;057540036036;100mN31999E42265;S;NA;1;76;D;M;75XX;EMP
057540036036-4612;057540036036;100mN31999E42265;MC;MIX;2;66;M;F;6574;NEP
057540036036-4612;057540036036;100mN31999E42265;MC;MIX;2;6;S;F;0614;NEP
057540036036-4613;057540036036;100mN31999E42265;MC;NA;3;51;M;M;5064;EMP
057540036036-4613;057540036036;100mN31999E42265;MC;NA;3;45;M;F;4049;NEP
057540036036-4613;057540036036;100mN31999E42265;MC;NA;3;2;S;F;0003;NEP
057540036036-4614;057540036036;100mN31971E42250;MC;NA;2;57;M;F;5064;NEP
057540036036-4614;057540036036;100mN31971E42250;MC;NA;2;61;M;M;5064;EMP
057540036036-4615;057540036036;100mN32012E42225;S;NA;1;40;M;F;4049;EMP
057540036036-4616;057540036036;100mN32008E42277;SF;NA;6;65;W;F;6574;EMP
057540036036-4616;057540036036;100mN32008E42277;SF;NA;6;9;S;F;0614;NEP
057540036036-4616;057540036036;100mN32008E42277;SF;NA;6;12;S;F;0614;NEP
057540036036-4616;057540036036;100mN32008E42277;SF;NA;6;21;M;F;1824;NEP
057540036036-4616;057540036036;100mN32008E42277;SF;NA;6;6;S;F;0614;NEP
057540036036-4616;057540036036;100mN32008E42277;SF;NA;6;21;M;M;1824;EMP
057540036036-4617;057540036036;100mN32009E42277;SM;NA;2;48;D;M;4049;EMP
057540036036-4617;057540036036;100mN32009E42277;SM;NA;2;11;S;M;0614;NEP
057540036036-4618;057540036036;100mN31961E42299;SF;NA;2;20;W;F;1824;EMP
057540036036-4618;057540036036;100mN31961E42299;SF;NA;2;4;S;M;0305;NEP
057540036036-4619;057540036036;100mN32018E42243;SF;NA;4;48;W;F;4049;EMP
057540036036-4619;057540036036;100mN32018E42243;SF;NA;4;7;S;M;0614;NEP
057540036036-4619;057540036036;100mN32018E42243;SF;NA;4;32;S;F;3039;EMP
057540036036-4619;057540036036;100mN32018E42243;SF;NA;4;7;S;M;0614;NEP
057540036036-4620;057540036036;100mN31971E42250;MC;NA;2;37;M;M;3039;EMP
057540036036-4620;057540036036;100mN31971E42250;MC;NA;2;34;M;F;3039;NEP
057540036036-4621;057540036036;100mN31971E42250;SF;NA;2;46;S;F;4049;EMP
057540036036-4621;057540036036;100mN31971E42250;SF;NA;2;27;S;M;2529;NEP
057540036036-4622;057540036036;100mN31989E42259;S;NA;1;52;S;F;5064;EMP
057540036036-4623;057540036036;100mN31981E42242;S;OS;1;21;S;M;1824;EMP
057540036036-4624;057540036036;100mN31971E42250;SF;NA;2;36;W;F;3039;NEP
057540036036-4624;057540036036;100mN31971E42250;SF;NA;2;16;S;F;1517;EMP
057540036036-4625;057540036036;100mN32013E42286;MC;NA;4;32;M;M;3039;EMP
057540036036-4625;057540036036;100mN32013E42286;MC;NA;4;25;M;F;2529;NEP
057540036036-4625;057540036036;100mN32013E42286;MC;NA;4;8;S;M;0614;NEP
057540036036-4625;057540036036;100mN32013E42286;MC;NA;4;11;S;F;0614;NEP
057540036036-4626;057540036036;100mN32019E42240;S;NA;1;16;S;F;1517;EMP
057540036036-4627;057540036036;100mN31971E42250;S;NA;1;42;M;F;4049;EMP
057540036036-4628;057540036036;100mN31971E42250;MC;OS;3;65;M;F;6574;EMP
057540036036-4628;057540036036;100mN31971E42250;MC;OS;3;65;M;M;6574;EMP
057540036036-4628;057540036036;100mN31971E42250;MC;OS;3;85;M;F;75XX;EMP
057540036036-4629;057540036036;100mN31994E42258;SF;NA;4;70;W;F;6574;NEP
057540036036-4629;057540036036;100mN31994E42258;SF;NA;4;6;S;M;0614;NEP
057540036036-4629;057540036036;100mN31994E42258;SF;NA;4;12;S;F;0614;NEP
057540036036-4629;057540036036;100mN31994E42258;SF;NA;4;1;S;M;0003;NEP
057540036036-4630;057540036036;100mN32001E42260;SF;NA;2;86;S;F;75XX;EMP
057540036036-4630;057540036036;100mN32001E42260;SF;NA;2;12;S;M;0614;NEP
057540036036-4631;057540036036;100mN31971E42250;MC;NA;5;27;M;F;2529;EMP
057540036036-4631;057540036036;100mN31971E42250;MC;NA;5;26;M;M;2529;NEP
057540036036-4631;057540036036;100mN31971E42250;MC;NA;5;2;S;M;0003;NEP
057540036036-4631;057540036036;100mN31971E42250;MC;NA;5;11;S;M;0614;NEP
057540036036-4631;057540036036;100mN31971E42250;MC;NA;5;12;S;M;0614;NEP
057540036036-4632;057540036036;100mN31971E42250;MC;OS;2;78;M;F;75XX;NEP
057540036036-4632;057540036036;100mN31971E42250;MC;OS;2;71;M;M;6574;EMP
057540036036-4633;057540036036;100mN31971E42250;S;NA;1;84;M;M;75XX;EMP
057540036036-4634;057540036036;100mN31966E42250;S;NA;1;72;S;F;6574;NEP
057540036036-4635;057540036036;100mN31975E42248;MC;MIX;2;81;M;F;75XX;EMP
057540036036-4635;057540036036;100mN31975E42248;MC;MIX;2;63;M;M;5064;EMP
057540036036-4636;057540036036;100mN31985E42280;MC;NA;3;59;M;M;5064;EMP
057540036036-4636;057540036036;100mN31985E42280;MC;NA;3;63;M;F;5064;EMP
057540036036-4636;057540036036;100mN31985E42280;MC;NA;3;34;S;F;3039;NEP
057540036036-4637;057540036036;100mN32020E42240;MC;NA;2;60;M;M;5064;NEP
057540036036-4637;057540036036;100mN32020E42240;MC;NA;2;51;M;F;5064;NEP
057540036036-4638;057540036036;100mN31987E42271;MC;NA;3;57;M;M;5064;NEP
057540036036-4638;057540036036;100mN31987E42271;MC;NA;3;57;M;F;5064;NEP
057540036036-4638;057540036036;100mN31987E42271;MC;NA;3;15;S;M;1517;EMP
057540036036-4639;057540036036;100mN32020E42240;MC;NA;2;18;M;M;1824;EMP
057540036036-4639;057540036036;100mN32020E42240;MC;NA;2;18;M;F;1824;NEP
057540036036-4640;057540036036;100mN32020E42240;MC;NA;2;52;M;M;5064;EMP
057540036036-4640;057540036036;100mN32020E42240;MC;NA;2;57;M;F;5064;EMP
057540036036-4641;057540036036;100mN32020E42240;S;OS;1;59;M;F;5064;NEP
057540036036-4642;057540036036;100mN32020E42240;MC;NA;2;54;M;M;5064;EMP
057540036036-4642;057540036036;100mN32020E42240;MC;NA;2;45;M;F;4049;EMP
057540036036-4643;057540036036;100mN31999E42260;SF;NA;4;37;D;F;3039;NEP
057540036036-4643;057540036036;100mN31999E42260;SF;NA;4;22;M;M;1824;EMP
057540036036-4643;057540036036;100mN31999E42260;SF;NA;4;15;S;F;1517;NEP
057540036036-4643;057540036036;100mN31999E42260;SF;NA;4;4;S;M;0305;NEP
057540036036-4644;057540036036;100mN32020E42240;MC;NA;3;31;M;M;3039;EMP
057540036036-4644;057540036036;100mN32020E42240;MC;NA;3;31;M;F;3039;EMP
057540036036-4644;057540036036;100mN32020E42240;MC;NA;3;16;S;M;1517;EMP
057540036036-4645;057540036036;100mN31977E42265;MC;NA;6;50;M;F;5064;EMP
057540036036-4645;057540036036;100mN31977E42265;MC;NA;6;47;M;M;4049;EMP
057540036036-4645;057540036036;100mN31977E42265;MC;NA;6;6;S;F;0614;NEP
057540036036-4645;057540036036;100mN31977E42265;MC;NA;6;26;S;F;2529;EMP
057540036036-4645;057540036036;100mN31977E42265;MC;NA;6;7;S;M;0614;NEP
057540036036-4645;057540036036;100mN31977E42265;MC;NA;6;13;S;M;0614;NEP
057540036036-4646;057540036036;100mN32020E42234;S;OS;1;16;S;M;1517;NEP
057540036036-4647;057540036036;100mN32009E42279;S;OS;1;43;D;F;4049;NEP
057540036036-4648;057540036036;100mN32020E42234;MC;NA;4;19;M;F;1824;EMP
057540036036-4648;057540036036;100mN32020E42234;MC;NA;4;18;M;M;1824;EMP
057540036036-4648;057540036036;100mN32020E42234;MC;NA;4;0;S;M;0003;NEP
057540036036-4648;057540036036;100mN32020E42234;MC;NA;4;1;S;M;0003;NEP
057540036036-4649;057540036036;100mN32020E42234;MC;NA;3;40;M;M;4049;EMP
057540036036-4649;057540036036;100mN32020E42234;MC;NA;3;40;M;F;4049;EMP
057540036036-4649;057540036036;100mN32020E42234;MC;NA;3;15;S;M;1517;EMP
057540036036-4650;057540036036;100mN31962E42308;SF;MIX;2;71;S;F;6574;EMP
057540036036-4650;057540036036;100mN31962E42308;SF;MIX;2;50;D;M;5064;NEP
057540036036-4651;057540036036;100mN31985E42279;MC;NA;4;27;M;F;2529;EMP
057540036036-4651;057540036036;100mN31985E42279;MC;NA;4;28;M;M;2529;EMP
057540036036-4651;057540036036;100mN31985E42279;MC;NA;4;6;S;M;0614;NEP
057540036036-4651;057540036036;100mN31985E42279;MC;NA;4;3;S;M;0305;NEP
057540036036-4652;057540036036;100mN31985E42279;MC;NA;2;60;M;F;5064;EMP
057540036036-4652;057540036036;100mN31985E42279;MC;NA;2;43;W;F;4049;EMP
057540036036-4653;057540036036;100mN32004E42289;SF;NA;5;59;W;F;5064;NEP
057540036036-4653;057540036036;100mN32004E42289;SF;NA;5;44;M;F;4049;NEP
057540036036-4653;057540036036;100mN32004E42289;SF;NA;5;40;D;F;4049;NEP
057540036036-4653;057540036036;100mN32004E42289;SF;NA;5;1;S;M;0003;NEP
057540036036-4653;057540036036;100mN32004E42289;SF;NA;5;13;S;F;0614;NEP
057540036036-4654;057540036036;100mN32023E42252;PO;OS;3;82;S;M;75XX;EMP
057540036036-4654;057540036036;100mN32023E42252;PO;OS;3;80;S;F;75XX;NEP
057540036036-4654;057540036036;100mN32023E42252;PO;OS;3;81;D;F;75XX;EMP
057540036036-4655;057540036036;100mN31985E42279;MC;MIX;2;66;M;F;6574;NEP
057540036036-4655;057540036036;100mN31985E42279;MC;MIX;2;62;D;F;5064;EMP
057540036036-4656;057540036036;100mN31985E42279;MC;NA;2;53;M;M;5064;EMP
057540036036-4656;057540036036;100mN31985E42279;MC;NA;2;60;M;F;5064;EMP
057540036036-4657;057540036036;100mN31985E42279;MC;OS;2;70;M;F;6574;EMP
057540036036-4657;057540036036;100mN31985E42279;MC;OS;2;79;M;M;75XX;EMP
057540036036-4658;057540036036;100mN31985E42279;S;NA;1;81;M;M;75XX;EMP
057540036036-4659;057540036036;100mN32017E42253;S;NA;1;46;D;F;4049;NEP
057540036036-4660;057540036036;100mN32001E42259;MC;NA;6;54;M;F;5064;NEP
057540036036-4660;057540036036;100mN32001E42259;MC;NA;6;59;M;M;5064;EMP
057540036036-4660;057540036036;100mN32001E42259;MC;NA;6;20;S;F;1824;EMP
057540036036-4660;057540036036;100mN32001E42259;MC;NA;6;35;M;M;3039;EMP
057540036036-4660;057540036036;100mN32001E42259;MC;NA;6;12;S;M;0614;NEP
057540036036-4660;057540036036;100mN32001E42259;MC;NA;6;20;M;F;1824;EMP
057540036036-4661;057540036036;100mN31995E42268;S;NA;1;53;M;M;5064;EMP
057540036036-4662;057540036036;100mN32001E42259;NA;NA;4;47;M;F;4049;NEP
057540036036-4662;057540036036;100mN32001E42259;NA;NA;4;16;S;M;1517;EMP
057540036036-4662;057540036036;100mN32001E42259;NA;NA;4;21;W;F;1824;NEP
057540036036-4662;057540036036;100mN32001E42259;NA;NA;4;28;M;F;2529;NEP
057540036036-4663;057540036036;100mN32001E42259;MC;OS;2;81;M;F;75XX;NEP
057540036036-4663;057540036036;100mN32001E42259;MC;OS;2;82;M;M;75XX;EMP
057540036036-4664;057540036036;100mN32001E42259;MC;NA;4;43;M;M;4049;EMP
057540036036-4664;057540036036;100mN32001E42259;MC;NA;4;42;M;F;4049;NEP
057540036036-4664;057540036036;100mN32001E42259;MC;NA;4;21;M;M;1824;NEP
057540036036-4664;057540036036;100mN32001E42259;MC;NA;4;12;S;F;0614;NEP
057540036036-4665;057540036036;100mN32001E42259;MC;NA;3;23;M;F;1824;EMP
057540036036-4665;057540036036;100mN32001E42259;MC;NA;3;21;M;M;1824;NEP
057540036036-4665;057540036036;100mN32001E42259;MC;NA;3;3;S;F;0305;NEP
057540036036-4666;057540036036;100mN32009E42250;SF;NA;3;26;D;F;2529;EMP
057540036036-4666;057540036036;100mN32009E42250;SF;NA;3;6;S;F;0614;NEP
057540036036-4666;057540036036;100mN32009E42250;SF;NA;3;7;S;M;0614;NEP
057540036036-4667;057540036036;100mN32001E42259;MC;NA;2;56;M;M;5064;EMP
057540036036-4667;057540036036;100mN32001E42259;MC;NA;2;62;M;F;5064;NEP
057540036036-4668;057540036036;100mN31965E42240;NA;NA;2;63;W;F;5064;EMP
057540036036-4668;057540036036;100mN31965E42240;NA;NA;2;48;S;M;4049;EMP
057540036036-4669;057540036036;100mN32001E42259;S;NA;1;43;S;M;4049;EMP
057540036036-4670;057540036036;100mN32001E42259;MC;NA;4;40;M;M;4049;EMP
057540036036-4670;057540036036;100mN32001E42259;MC;NA;4;36;M;F;3039;EMP
057540036036-4670;057540036036;100mN32001E42259;MC;NA;4;11;S;F;0614;NEP
057540036036-4670;057540036036;100mN32001E42259;MC;NA;4;9;S;F;0614;NEP
057540036036-4671;057540036036;100mN32001E42259;NA;NA;3;45;M;M;4049;UEP
057540036036-4671;057540036036;100mN32001E42259;NA;NA;3;61;D;F;5064;NEP
057540036036-4671;057540036036;100mN32001E42259;NA;NA;3;31;D;M;3039;NEP
057540036036-4672;057540036036;100mN32016E42252;MC;NA;3;45;M;F;4049;NEP
057540036036-4672;057540036036;100mN32016E42252;MC;NA;3;38;M;M;3039;EMP
057540036036-4672;057540036036;100mN32016E42252;MC;NA;3;22;W;M;1824;EMP
057540036036-4673;057540036036;100mN32001E42259;S;NA;1;26;D;F;2529;NEP
057540036036-4674;057540036036;100mN31960E42298;NA;NA;3;16;S;M;1517;NEP
057540036036-4674;057540036036;100mN31960E42298;NA;NA;3;40;S;M;4049;NEP
057540036036-4674;057540036036;100mN31960E42298;NA;NA;3;57;W;F;5064;NEP
057540036036-4675;057540036036;100mN32009E42279;PO;NA;4;31;S;M;3039;EMP
057540036036-4675;057540036036;100mN32009E42279;PO;NA;4;22;S;F;1824;NEP
057540036036-4675;057540036036;100mN32009E42279;PO;NA;4;12;S;F;0614;NEP
057540036036-4675;057540036036;100mN32009E42279;PO;NA;4;4;S;M;0305;NEP
057540036036-4676;057540036036;100mN31993E42268;MC;NA;4;48;M;M;4049;NEP
057540036036-4676;057540036036;100mN31993E42268;MC;NA;4;44;M;F;4049;NEP
057540036036-4676;057540036036;100mN31993E42268;MC;NA;4;25;W;F;2529;EMP
057540036036-4676;057540036036;100mN31993E42268;MC;NA;4;0;S;F;0003;NEP
057540036036-4677;057540036036;100mN32001E42259;S;NA;1;75;M;F;75XX;EMP
057540036036-4678;057540036036;100mN31989E42274;S;NA;1;63;M;M;5064;EMP
057540036036-4679;057540036036;100mN32005E42290;S;NA;1;28;W;F;2529;EMP
057540036036-4680;057540036036;100mN32001E42259;MC;NA;4;43;M;M;4049;EMP
057540036036-4680;057540036036;100mN32001E42259;MC;NA;4;42;M;F;4049;NEP
057540036036-4680;057540036036;100mN32001E42259;MC;NA;4;21;M;M;1824;NEP
057540036036-4680;057540036036;100mN32001E42259;MC;NA;4;12;S;F;0614;NEP
057540036036-4681;057540036036;100mN32001E42259;S;NA;1;57;M;F;5064;EMP
057540036036-4682;057540036036;100mN31994E42260;S;NA;1;46;D;M;4049;EMP
057540036036-4683;057540036036;100mN31992E42256;PO;OS;2;79;S;M;75XX;EMP
057540036036-4683;057540036036;100mN31992E42256;PO;OS;2;76;S;F;75XX;EMP
057540036036-4684;057540036036;100mN31989E42259;S;OS;1;58;S;M;5064;EMP
057540036036-4685;057540036036;100mN32005E42290;S;NA;1;16;S;F;1517;EMP
057540036036-4686;057540036036;100mN31995E42255;MC;NA;2;26;M;F;2529;NEP
057540036036-4686;057540036036;100mN31995E42255;MC;NA;2;27;M;M;2529;UEP
057540036036-4687;057540036036;100mN32005E42290;NA;NA;6;54;S;F;5064;EMP
057540036036-4687;057540036036;100mN32005E42290;NA;NA;6;20;M;F;1824;EMP
057540036036-4687;057540036036;100mN32005E42290;NA;NA;6;42;W;M;4049;EMP
057540036036-4687;057540036036;100mN32005E42290;NA;NA;6;63;M;M;5064;EMP
057540036036-4687;057540036036;100mN32005E42290;NA;NA;6;40;M;M;4049;NEP
057540036036-4687;057540036036;100mN32005E42290;NA;NA;6;70;M;M;6574;EMP
057540036036-4688;057540036036;100mN32005E42290;S;NA;1;28;W;F;2529;EMP
057540036036-4689;057540036036;100mN31993E42261;S;NA;1;77;W;F;75XX;EMP
057540036036-4690;057540036036;100mN32010E42276;MC;MIX;2;65;M;M;6574;EMP
057540036036-4690;057540036036;100mN32010E42276;MC;MIX;2;63;M;F;5064;EMP
057540036036-4691;057540036036;100mN31961E42299;MC;NA;3;27;M;M;2529;EMP
057540036036-4691;057540036036;100mN31961E42299;MC;NA;3;33;M;F;3039;EMP
057540036036-4691;057540036036;100mN31961E42299;MC;NA;3;12;S;M;0614;NEP
057540036036-4692;057540036036;100mN32007E42287;MC;NA;3;48;M;M;4049;EMP
057540036036-4692;057540036036;100mN32007E42287;MC;NA;3;62;M;F;5064;EMP
057540036036-4692;057540036036;100mN32007E42287;MC;NA;3;15;S;M;1517;EMP
057540036036-4693;057540036036;100mN32005E42290;SF;NA;2;62;D;F;5064;NEP
057540036036-4693;057540036036;100mN32005E42290;SF;NA;2;0;S;M;0003;NEP
057540036036-4694;057540036036;100mN31989E42260;S;NA;1;56;D;F;5064;NEP
057540036036-4695;057540036036;100mN31994E42257;SF;NA;4;79;W;F;75XX;EMP
057540036036-4695;057540036036;100mN31994E42257;SF;NA;4;3;S;F;0305;NEP
057540036036-4695;057540036036;100mN31994E42257;SF;NA;4;6;S;F;0614;NEP
057540036036-4695;057540036036;100mN31994E42257;SF;NA;4;15;S;F;1517;EMP
057540036036-4696;057540036036;100mN32005E42290;S;NA;1;22;S;M;1824;NEP
057540036036-4697;057540036036;100mN32010E42248;MC;NA;2;36;M;M;3039;NEP
057540036036-4697;057540036036;100mN32010E42248;MC;NA;2;35;M;F;3039;EMP
057540036036-4698;057540036036;100mN31999E42257;S;OS;1;56;M;M;5064;EMP
057540036036-4699;057540036036;100mN32005E42290;MC;NA;3;30;M;F;3039;EMP
057540036036-4699;057540036036;100mN32005E42290;MC;NA;3;33;M;M;3039;NEP
057540036036-4699;057540036036;100mN32005E42290;MC;NA;3;8;S;F;0614;NEP
057540036036-4700;057540036036;100mN32005E42290;MC;NA;3;34;M;F;3039;EMP
057540036036-4700;057540036036;100mN32005E42290;MC;NA;3;33;M;M;3039;NEP
057540036036-4700;057540036036;100mN32005E42290;MC;NA;3;7;S;M;0614;NEP
057540036036-4701;057540036036;100mN31962E42307;S;NA;1;62;S;M;5064;EMP
057540036036-4702;057540036036;100mN31993E42255;MC;NA;4;63;M;M;5064;EMP
057540036036-4702;057540036036;100mN31993E42255;MC;NA;4;62;M;F;5064;EMP
057540036036-4702;057540036036;100mN31993E42255;MC;NA;4;16;S;M;1517;EMP
057540036036-4702;057540036036;100mN31993E42255;MC;NA;4;0;S;M;0003;NEP
057540036036-4703;057540036036;100mN32010E42288;PO;NA;2;52;S;F;5064;EMP
057540036036-4703;057540036036;100mN32010E42288;PO;NA;2;60;S;F;5064;NEP
057540036036-4704;057540036036;100mN32010E42288;MC;OS;2;77;M;F;75XX;NEP
057540036036-4704;057540036036;100mN32010E42288;MC;OS;2;80;M;M;75XX;EMP
057540036036-4705;057540036036;100mN32010E42288;S;NA;1;63;W;F;5064;NEP
057540036036-4706;057540036036;100mN32005E42285;MC;NA;2;53;M;F;5064;EMP
057540036036-4706;057540036036;100mN32005E42285;MC;NA;2;63;M;M;5064;EMP
057540036036-4707;057540036036;100mN32010E42288;S;NA;1;33;W;F;3039;NEP
057540036036-4708;057540036036;100mN32010E42288;MC;NA;2;56;M;M;5064;NEP
057540036036-4708;057540036036;100mN32010E42288;MC;NA;2;51;M;F;5064;EMP
057540036036-4709;057540036036;100mN31964E42308;PO;NA;6;61;S;M;5064;EMP
057540036036-4709;057540036036;100mN31964E42308;PO;NA;6;62;S;F;5064;EMP
057540036036-4709;057540036036;100mN31964E42308;PO;NA;6;3;S;M;0305;NEP
057540036036-4709;057540036036;100mN31964E42308;PO;NA;6;31;M;M;3039;EMP
057540036036-4709;057540036036;100mN31964E42308;PO;NA;6;3;S;F;0305;NEP
057540036036-4709;057540036036;100mN31964E42308;PO;NA;6;7;S;M;0614;NEP
057540036036-4710;057540036036;100mN32010E42288;MC;NA;2;38;M;F;3039;EMP
057540036036-4710;057540036036;100mN32010E42288;MC;NA;2;40;M;M;4049;NEP
057540036036-4711;057540036036;100mN32012E42243;MC;NA;2;47;M;F;4049;EMP
057540036036-4711;057540036036;100mN32012E42243;MC;NA;2;41;M;M;4049;EMP
057540036036-4712;057540036036;100mN32010E42288;MC;NA;5;61;M;F;5064;EMP
057540036036-4712;057540036036;100mN32010E42288;MC;NA;5;58;M;M;5064;EMP
057540036036-4712;057540036036;100mN32010E42288;MC;NA;5;13;S;F;0614;NEP
057540036036-4712;057540036036;100mN32010E42288;MC;NA;5;8;S;M;0614;NEP
057540036036-4712;057540036036;100mN32010E42288;MC;NA;5;11;S;F;0614;NEP
057540036036-4713;057540036036;100mN32010E42288;S;OS;1;37;M;F;3039;EMP
057540036036-4714;057540036036;100mN32010E42288;MC;NA;4;32;M;F;3039;NEP
057540036036-4714;057540036036;100mN32010E42288;MC;NA;4;33;M;M;3039;EMP
057540036036-4714;057540036036;100mN32010E42288;MC;NA;4;1;S;M;0003;NEP
057540036036-4714;057540036036;100mN32010E42288;MC;NA;4;1;S;F;0003;NEP
057540036036-4715;057540036036;100mN32010E42288;S;NA;1;19;M;M;1824;NEP
057540036036-4716;057540036036;100mN31986E42269;MC;OS;4;86;M;F;75XX;EMP
057540036036-4716;057540036036;100mN31986E42269;MC;OS;4;21;M;M;1824;EMP
057540036036-4716;057540036036;100mN31986E42269;MC;OS;4;71;S;M;6574;EMP
057540036036-4716;057540036036;100mN31986E42269;MC;OS;4;65;D;M;6574;EMP
057540036036-4717;057540036036;100mN32001E42256;MC;NA;4;42;M;M;4049;UEP
057540036036-4717;057540036036;100mN32001E42256;MC;NA;4;40;M;F;4049;NEP
057540036036-4717;057540036036;100mN32001E42256;MC;NA;4;7;S;M;0614;NEP
057540036036-4717;057540036036;100mN32001E42256;MC;NA;4;3;S;M;0305;NEP
057540036036-4718;057540036036;100mN32010E42288;MC;NA;6;35;M;F;3039;NEP
057540036036-4718;057540036036;100mN32010E42288;MC;NA;6;35;M;M;3039;EMP
057540036036-4718;057540036036;100mN32010E42288;MC;NA;6;18;M;F;1824;EMP
057540036036-4718;057540036036;100mN32010E42288;MC;NA;6;6;S;F;0614;NEP
057540036036-4718;057540036036;100mN32010E42288;MC;NA;6;16;S;F;1517;EMP
057540036036-4718;057540036036;100mN32010E42288;MC;NA;6;7;S;M;0614;NEP
057540036036-4719;057540036036;100mN32010E42288;MC;NA;3;43;M;F;4049;EMP
057540036036-4719;057540036036;100mN32010E42288;MC;NA;3;51;M;M;5064;EMP
057540036036-4719;057540036036;100mN32010E42288;MC;NA;3;0;S;F;0003;NEP
057540036036-4720;057540036036;100mN31992E42259;S;NA;1;55;S;F;5064;NEP
057540036036-4721;057540036036;100mN32010E42288;MC;NA;4;40;M;M;4049;EMP
057540036036-4721;057540036036;100mN32010E42288;MC;NA;4;41;M;F;4049;EMP
057540036036-4721;057540036036;100mN32010E42288;MC;NA;4;16;S;M;1517;EMP
057540036036-4721;057540036036;100mN32010E42288;MC;NA;4;20;M;M;1824;NEP
057540036036-4722;057540036036;100mN32010E42288;MC;NA;5;61;M;M;5064;EMP
057540036036-4722;057540036036;100mN32010E42288;MC;NA;5;59;M;F;5064;NEP
057540036036-4722;057540036036;100mN32010E42288;MC;NA;5;15;S;M;1517;NEP
057540036036-4722;057540036036;100mN32010E42288;MC;NA;5;40;S;M;4049;NEP
057540036036-4722;057540036036;100mN32010E42288;MC;NA;5;11;S;F;0614;NEP
057540036036-4723;057540036036;100mN31999E42261;S;OS;1;18;M;F;1824;EMP
057540036036-4724;057540036036;100mN31970E42257;MC;OS;2;67;M;F;6574;EMP
057540036036-4724;057540036036;100mN31970E42257;MC;OS;2;69;M;M;6574;EMP
057540036036-4725;057540036036;100mN31999E42254;MC;OS;2;70;M;M;6574;EMP
057540036036-4725;057540036036;100mN31999E42254;MC;OS;2;66;M;F;6574;EMP
057540036036-4726;057540036036;100mN31994E42254;S;OS;1;75;M;M;75XX;NEP
057540036036-4727;057540036036;100mN31994E42254;S;NA;1;45;M;M;4049;EMP
057540036036-4728;057540036036;100mN31993E42283;MC;NA;3;22;M;F;1824;EMP
057540036036-4728;057540036036;100mN31993E42283;MC;NA;3;25;M;M;2529;EMP
057540036036-4728;057540036036;100mN31993E42283;MC;NA;3;0;S;F;0003;NEP
057540036036-4729;057540036036;100mN31999E42266;MC;MIX;3;68;M;F;6574;EMP
057540036036-4729;057540036036;100mN31999E42266;MC;MIX;3;44;M;F;4049;NEP
057540036036-4729;057540036036;100mN31999E42266;MC;MIX;3;46;M;M;4049;NEP
057540036036-4730;057540036036;100mN31968E42249;MC;NA;3;62;M;F;5064;NEP
057540036036-4730;057540036036;100mN31968E42249;MC;NA;3;83;W;F;75XX;EMP
057540036036-4730;057540036036;100mN31968E42249;MC;NA;3;7;S;F;0614;NEP
057540036036-4731;057540036036;100mN31994E42254;S;NA;1;51;D;F;5064;EMP
057540036036-4732;057540036036;100mN31976E42255;MC;NA;2;62;M;M;5064;EMP
057540036036-4732;057540036036;100mN31976E42255;MC;NA;2;58;M;F;5064;NEP
057540036036-4733;057540036036;100mN32005E42258;MC;NA;3;20;M;M;1824;EMP
057540036036-4733;057540036036;100mN32005E42258;MC;NA;3;20;M;F;1824;NEP
057540036036-4733;057540036036;100mN32005E42258;MC;NA;3;4;S;M;0305;NEP
057540036036-4734;057540036036;100mN31972E42244;MC;NA;3;32;M;F;3039;EMP
057540036036-4734;057540036036;100mN31972E42244;MC;NA;3;40;M;M;4049;UEP
057540036036-4734;057540036036;100mN31972E42244;MC;NA;3;0;S;F;0003;NEP
057540036036-4735;057540036036;100mN31994E42254;PO;NA;2;40;S;M;4049;EMP
057540036036-4735;057540036036;100mN31994E42254;PO;NA;2;37;S;M;3039;NEP
057540036036-4736;057540036036;100mN32019E42240;SF;NA;2;68;S;F;6574;EMP
057540036036-4736;057540036036;100mN32019E42240;SF;NA;2;0;S;M;0003;NEP
057540036036-4737;057540036036;100mN32010E42248;S;NA;1;54;M;M;5064;EMP
057540036036-4738;057540036036;100mN32005E42258;MC;MIX;6;72;W;F;6574;NEP
057540036036-4738;057540036036;100mN32005E42258;MC;MIX;6;44;M;F;4049;EMP
057540036036-4738;057540036036;100mN32005E42258;MC;MIX;6;45;M;M;4049;EMP
057540036036-4738;057540036036;100mN32005E42258;MC;MIX;6;6;S;F;0614;NEP
057540036036-4738;057540036036;100mN32005E42258;MC;MIX;6;8;S;M;0614;NEP
057540036036-4738;057540036036;100mN32005E42258;MC;MIX;6;18;S;F;1824;EMP
057540036036-4739;057540036036;100mN31963E42307;MC;MIX;3;69;D;F;6574;EMP
057540036036-4739;057540036036;100mN31963E42307;MC;MIX;3;34;M;F;3039;EMP
057540036036-4739;057540036036;100mN31963E42307;MC;MIX;3;35;M;M;3039;EMP
057540036036-4740;057540036036;100mN32010E42248;S;OS;1;82;S;M;75XX;EMP
057540036036-4741;057540036036;100mN32005E42260;PO;NA;2;52;S;M;5064;EMP
057540036036-4741;057540036036;100mN32005E42260;PO;NA;2;54;S;F;5064;NEP
057540036036-4742;057540036036;100mN32010E42248;PO;MIX;2;84;S;F;75XX;NEP
057540036036-4742;057540036036;100mN32010E42248;PO;MIX;2;15;S;M;1517;NEP
057540036036-4743;057540036036;100mN32010E42248;MC;MIX;3;71;M;F;6574;EMP
057540036036-4743;057540036036;100mN32010E42248;MC;MIX;3;44;M;M;4049;EMP
057540036036-4743;057540036036;100mN32010E42248;MC;MIX;3;38;M;F;3039;NEP
057540036036-4744;057540036036;100mN32010E42248;PO;MIX;3;79;M;F;75XX;NEP
057540036036-4744;057540036036;100mN32010E42248;PO;MIX;3;54;S;F;5064;NEP
057540036036-4744;057540036036;100mN32010E42248;PO;MIX;3;56;S;M;5064;NEP
057540036036-4745;057540036036;100mN31975E42299;MC;NA;2;50;M;F;5064;EMP
057540036036-4745;057540036036;100mN31975E42299;MC;NA;2;51;M;M;5064;EMP
057540036036-4746;057540036036;100mN32022E42254;SF;NA;2;35;D;F;3039;EMP
057540036036-4746;057540036036;100mN32022E42254;SF;NA;2;18;M;M;1824;EMP
057540036036-4747;057540036036;100mN32010E42248;MC;NA;2;27;M;M;2529;EMP
057540036036-4747;057540036036;100mN32010E42248;MC;NA;2;26;M;F;2529;EMP
057540036036-4748;057540036036;100mN32003E42256;SF;NA;5;59;D;F;5064;EMP
057540036036-4748;057540036036;100mN32003E42256;SF;NA;5;12;S;M;0614;NEP
057540036036-4748;057540036036;100mN32003E42256;SF;NA;5;7;S;M;0614;NEP
057540036036-4748;057540036036;100mN32003E42256;SF;NA;5;36;D;F;3039;NEP
057540036036-4748;057540036036;100mN32003E42256;SF;NA;5;36;M;M;3039;NEP
057540036036-4749;057540036036;100mN32010E42248;MC;NA;3;60;M;F;5064;EMP
057540036036-4749;057540036036;100mN32010E42248;MC;NA;3;50;S;F;5064;EMP
057540036036-4749;057540036036;100mN32010E42248;MC;NA;3;0;S;F;0003;NEP
057540036036-4750;057540036036;100mN32005E42282;MC;MIX;4;69;M;M;6574;UEP
057540036036-4750;057540036036;100mN32005E42282;MC;MIX;4;25;M;F;2529;NEP
057540036036-4750;057540036036;100mN32005E42282;MC;MIX;4;28;M;M;2529;NEP
057540036036-4750;057540036036;100mN32005E42282;MC;MIX;4;9;S;M;0614;NEP
057540036036-4751;057540036036;100mN31975E42298;MC;NA;2;55;M;M;5064;EMP
057540036036-4751;057540036036;100mN31975E42298;MC;NA;2;52;M;F;5064;EMP
057540036036-4752;057540036036;100mN32010E42248;MC;NA;2;31;M;M;3039;NEP
057540036036-4752;057540036036;100mN32010E42248;MC;NA;2;26;M;F;2529;EMP
057540036036-4753;057540036036;100mN32010E42248;MC;NA;4;53;M;M;5064;EMP
057540036036-4753;057540036036;100mN32010E42248;MC;NA;4;50;M;F;5064;NEP
057540036036-4753;057540036036;100mN32010E42248;MC;NA;4;9;S;F;0614;NEP
057540036036-4753;057540036036;100mN32010E42248;MC;NA;4;3;S;F;0305;NEP
057540036036-4754;057540036036;100mN32010E42248;MC;NA;2;36;M;M;3039;NEP
057540036036-4754;057540036036;100mN32010E42248;MC;NA;2;35;M;F;3039;EMP
057540036036-4755;057540036036;100mN32005E42280;MC;MIX;6;67;M;M;6574;UEP
057540036036-4755;057540036036;100mN32005E42280;MC;MIX;6;50;M;F;5064;EMP
057540036036-4755;057540036036;100mN32005E42280;MC;MIX;6;52;M;M;5064;EMP
057540036036-4755;057540036036;100mN32005E42280;MC;MIX;6;35;S;F;3039;EMP
057540036036-4755;057540036036;100mN32005E42280;MC;MIX;6;0;S;M;0003;NEP
057540036036-4755;057540036036;100mN32005E42280;MC;MIX;6;9;S;M;0614;NEP
057540036036-4756;057540036036;100mN32010E42248;MC;MIX;5;67;W;M;6574;EMP
057540036036-4756;057540036036;100mN32010E42248;MC;MIX;5;44;M;M;4049;NEP
057540036036-4756;057540036036;100mN32010E42248;MC;MIX;5;43;M;F;4049;EMP
057540036036-4756;057540036036;100mN32010E42248;MC;MIX;5;13;S;F;0614;NEP
057540036036-4756;057540036036;100mN32010E42248;MC;MIX;5;26;S;F;2529;EMP
057540036036-4757;057540036036;100mN32001E42286;MC;NA;2;25;M;M;2529;UEP
057540036036-4757;057540036036;100mN32001E42286;MC;NA;2;18;M;F;1824;EMP
057540036036-4758;057540036036;100mN31971E42249;SF;NA;5;58;S;F;5064;EMP
057540036036-4758;057540036036;100mN31971E42249;SF;NA;5;16;S;M;1517;EMP
057540036036-4758;057540036036;100mN31971E42249;SF;NA;5;8;S;F;0614;NEP
057540036036-4758;057540036036;100mN31971E42249;SF;NA;5;16;S;M;1517;EMP
057540036036-4758;057540036036;100mN31971E42249;SF;NA;5;32;M;F;3039;NEP
057540036036-4759;057540036036;100mN31971E42249;PO;OS;3;66;S;M;6574;EMP
057540036036-4759;057540036036;100mN31971E42249;PO;OS;3;67;S;F;6574;NEP
057540036036-4759;057540036036;100mN31971E42249;PO;OS;3;86;S;M;75XX;NEP
057540036036-4760;057540036036;100mN32005E42260;S;NA;1;45;S;F;4049;NEP
057540036036-4761;057540036036;100mN32010E42289;MC;NA;5;34;M;M;3039;NEP
057540036036-4761;057540036036;100mN32010E42289;MC;NA;5;35;M;F;3039;NEP
057540036036-4761;057540036036;100mN32010E42289;MC;NA;5;9;S;M;0614;NEP
057540036036-4761;057540036036;100mN32010E42289;MC;NA;5;18;D;M;1824;UEP
057540036036-4761;057540036036;100mN32010E42289;MC;NA;5;8;S;F;0614;NEP
057540036036-4762;057540036036;100mN31962E42257;MC;NA;4;41;M;F;4049;EMP
057540036036-4762;057540036036;100mN31962E42257;MC;NA;4;41;M;M;4049;NEP
057540036036-4762;057540036036;100mN31962E42257;MC;NA;4;12;S;M;0614;NEP
057540036036-4762;057540036036;100mN31962E42257;MC;NA;4;0;S;F;0003;NEP
057540036036-4763;057540036036;100mN32017E42244;MC;NA;4;46;M;F;4049;EMP
057540036036-4763;057540036036;100mN32017E42244;MC;NA;4;56;M;M;5064;EMP
057540036036-4763;057540036036;100mN32017E42244;MC;NA;4;27;D;M;2529;EMP
057540036036-4763;057540036036;100mN32017E42244;MC;NA;4;0;S;F;0003;NEP
057540036036-4764;057540036036;100mN32030E42256;S;NA;1;42;S;M;4049;NEP
057540036036-4765;057540036036;100mN32017E42244;MC;NA;3;23;M;M;1824;EMP
057540036036-4765;057540036036;100mN32017E42244;MC;NA;3;20;M;F;1824;NEP
057540036036-4765;057540036036;100mN32017E42244;MC;NA;3;6;S;M;0614;NEP
057540036036-4766;057540036036;100mN32005E42258;MC;NA;2;18;M;F;1824;EMP
057540036036-4766;057540036036;100mN32005E42258;MC;NA;2;51;M;M;5064;EMP
057540036036-4767;057540036036;100mN32003E42285;S;NA;1;25;S;M;2529;EMP
057540036036-4768;057540036036;100mN31986E42271;MC;NA;6;46;M;M;4049;EMP
057540036036-4768;057540036036;100mN31986E42271;MC;NA;6;46;M;F;4049;EMP
057540036036-4768;057540036036;100mN31986E42271;MC;NA;6;27;M;F;2529;NEP
057540036036-4768;057540036036;100mN31986E42271;MC;NA;6;16;S;M;1517;EMP
057540036036-4768;057540036036;100mN31986E42271;MC;NA;6;1;S;M;0003;NEP
057540036036-4768;057540036036;100mN31986E42271;MC;NA;6;28;S;M;2529;EMP
057540036036-4769;057540036036;100mN31976E42251;SF;NA;4;82;W;F;75XX;EMP
057540036036-4769;057540036036;100mN31976E42251;SF;NA;4;16;S;F;1517;NEP
057540036036-4769;057540036036;100mN31976E42251;SF;NA;4;8;S;M;0614;NEP
057540036036-4769;057540036036;100mN31976E42251;SF;NA;4;36;M;F;3039;NEP
057540036036-4770;057540036036;100mN32012E42291;MC;NA;3;36;M;F;3039;EMP
057540036036-4770;057540036036;100mN32012E42291;MC;NA;3;38;M;M;3039;EMP
057540036036-4770;057540036036;100mN32012E42291;MC;NA;3;12;S;F;0614;NEP
057540036036-4771;057540036036;100mN32017E42244;MC;OS;2;73;M;F;6574;EMP
057540036036-4771;057540036036;100mN32017E42244;MC;OS;2;76;M;M;75XX;EMP
057540036036-4772;057540036036;100mN31995E42258;PO;OS;2;82;S;M;75XX;EMP
057540036036-4772;057540036036;100mN31995E42258;PO;OS;2;75;S;F;75XX;EMP
057540036036-4773;057540036036;100mN32017E42255;MC;NA;2;23;M;F;1824;EMP
057540036036-4773;057540036036;100mN32017E42255;MC;NA;2;27;M;M;2529;EMP
057540036036-4774;057540036036;100mN32017E42244;MC;NA;2;27;M;F;2529;EMP
057540036036-4774;057540036036;100mN32017E42244;MC;NA;2;27;M;M;2529;EMP
057540036036-4775;057540036036;100mN32017E42244;MC;NA;2;20;M;F;1824;NEP
057540036036-4775;057540036036;100mN32017E42244;MC;NA;2;23;M;M;1824;NEP
057540036036-4776;057540036036;100mN32017E42244;MC;NA;4;42;M;F;4049;EMP
057540036036-4776;057540036036;100mN32017E42244;MC;NA;4;59;M;M;5064;EMP
057540036036-4776;057540036036;100mN32017E42244;MC;NA;4;26;S;M;2529;EMP
057540036036-4776;057540036036;100mN32017E42244;MC;NA;4;25;S;F;2529;EMP
057540036036-4777;057540036036;100mN31955E42252;NA;NA;2;46;S;F;4049;EMP
057540036036-4777;057540036036;100mN31955E42252;NA;NA;2;43;M;M;4049;EMP
057540036036-4778;057540036036;100mN32003E42289;S;NA;1;22;S;F;1824;EMP
057540036036-4779;057540036036;100mN32017E42244;MC;MIX;3;88;S;F;75XX;NEP
057540036036-4779;057540036036;100mN32017E42244;MC;MIX;3;48;M;F;4049;EMP
057540036036-4779;057540036036;100mN32017E42244;MC;MIX;3;55;M;M;5064;EMP
057540036036-4780;057540036036;100mN32008E42255;PO;OS;3;69;S;M;6574;EMP
057540036036-4780;057540036036;100mN32008E42255;PO;OS;3;69;S;M;6574;EMP
057540036036-4780;057540036036;100mN32008E42255;PO;OS;3;89;M;F;75XX;NEP
057540036036-4781;057540036036;100mN32022E42248;PO;MIX;4;87;S;F;75XX;NEP
057540036036-4781;057540036036;100mN32022E42248;PO;MIX;4;62;S;F;5064;NEP
057540036036-4781;057540036036;100mN32022E42248;PO;MIX;4;63;S;M;5064;EMP
057540036036-4781;057540036036;100mN32022E42248;PO;MIX;4;12;S;M;0614;NEP
057540036036-4782;057540036036;100mN32016E42233;MC;NA;3;26;M;F;2529;NEP
057540036036-4782;057540036036;100mN32016E42233;MC;NA;3;18;M;M;1824;EMP
057540036036-4782;057540036036;100mN32016E42233;MC;NA;3;7;S;M;0614;NEP
057540036036-4783;057540036036;100mN31964E42307;MC;OS;2;71;M;M;6574;EMP
057540036036-4783;057540036036;100mN31964E42307;MC;OS;2;69;M;F;6574;EMP
057540036036-4784;057540036036;100mN31999E42254;MC;NA;2;54;M;F;5064;EMP
057540036036-4784;057540036036;100mN31999E42254;MC;NA;2;56;M;M;5064;EMP
057540036036-4785;057540036036;100mN32016E42233;MC;MIX;2;67;M;M;6574;EMP
057540036036-4785;057540036036;100mN32016E42233;MC;MIX;2;68;S;M;6574;NEP
057540036036-4786;057540036036;100mN31999E42254;MC;OS;2;82;M;F;75XX;NEP
057540036036-4786;057540036036;100mN31999E42254;MC;OS;2;87;M;M;75XX;EMP
057540036036-4787;057540036036;100mN31993E42283;MC;NA;2;62;M;M;5064;EMP
057540036036-4787;057540036036;100mN31993E42283;MC;NA;2;62;M;F;5064;EMP
057540036036-4788;057540036036;100mN31962E42308;S;NA;1;58;S;M;5064;EMP
057540036036-4789;057540036036;100mN32012E42245;S;NA;1;69;M;F;6574;EMP
057540036036-4790;057540036036;100mN32012E42245;MC;NA;6;47;M;M;4049;EMP
057540036036-4790;057540036036;100mN32012E42245;MC;NA;6;46;M;F;4049;NEP
057540036036-4790;057540036036;100mN32012E42245;MC;NA;6;8;S;M;0614;NEP
057540036036-4790;057540036036;100mN32012E42245;MC;NA;6;15;S;F;1517;EMP
057540036036-4790;057540036036;100mN32012E42245;MC;NA;6;11;S;F;0614;NEP
057540036036-4790;057540036036;100mN32012E42245;MC;NA;6;21;S;M;1824;NEP
057540036036-4791;057540036036;100mN32001E42290;MC;OS;2;68;M;F;6574;EMP
057540036036-4791;057540036036;100mN32001E42290;MC;OS;2;70;M;M;6574;NEP
057540036036-4792;057540036036;100mN31992E42259;MC;OS;2;69;M;F;6574;EMP
057540036036-4792;057540036036;100mN31992E42259;MC;OS;2;65;M;M;6574;EMP
057540036036-4793;057540036036;100mN31992E42259;MC;NA;4;48;M;M;4049;EMP
057540036036-4793;057540036036;100mN31992E42259;MC;NA;4;43;M;F;4049;NEP
057540036036-4793;057540036036;100mN31992E42259;MC;NA;4;9;S;F;0614;NEP
057540036036-4793;057540036036;100mN31992E42259;MC;NA;4;8;S;M;0614;NEP
057540036036-4794;057540036036;100mN31976E42249;S;OS;1;41;M;F;4049;EMP
057540036036-4795;057540036036;100mN31992E42259;MC;NA;2;51;M;M;5064;EMP
057540036036-4795;057540036036;100mN31992E42259;MC;NA;2;48;M;F;4049;EMP
057540036036-4796;057540036036;100mN31992E42259;MC;NA;2;30;M;F;3039;EMP
057540036036-4796;057540036036;100mN31992E42259;MC;NA;2;37;M;M;3039;EMP
057540036036-4797;057540036036;100mN31992E42259;S;NA;1;55;S;F;5064;NEP
057540036036-4798;057540036036;100mN31992E42259;S;NA;1;18;S;F;1824;NEP
057540036036-4799;057540036036;100mN31992E42259;SM;NA;3;67;D;M;6574;NEP
057540036036-4799;057540036036;100mN31992E42259;SM;NA;3;2;S;M;0003;NEP
057540036036-4799;057540036036;100mN31992E42259;SM;NA;3;15;S;M;1517;UEP
057540036036-4800;057540036036;100mN31958E42263;MC;NA;2;26;M;F;2529;NEP
057540036036-4800;057540036036;100mN31958E42263;MC;NA;2;28;M;M;2529;EMP
057540036036-4801;057540036036;100mN32013E42249;S;NA;1;46;W;F;4049;EMP
057540036036-4802;057540036036;100mN32017E42288;MC;MIX;2;65;M;M;6574;EMP
057540036036-4802;057540036036;100mN32017E42288;MC;MIX;2;60;M;F;5064;EMP
057540036036-4803;057540036036;100mN31992E42259;MC;NA;2;63;M;M;5064;NEP
057540036036-4803;057540036036;100mN31992E42259;MC;NA;2;63;M;F;5064;EMP
057540036036-4804;057540036036;100mN31981E42262;SF;NA;2;27;D;F;2529;NEP
057540036036-4804;057540036036;100mN31981E42262;SF;NA;2;7;S;M;0614;NEP
057540036036-4805;057540036036;100mN32010E42276;MC;MIX;2;65;M;M;6574;EMP
057540036036-4805;057540036036;100mN32010E42276;MC;MIX;2;63;M;F;5064;EMP
057540036036-4806;057540036036;100mN31996E42260;S;NA;1;50;M;M;5064;EMP
057540036036-4807;057540036036;100mN31996E42260;PO;NA;2;26;S;M;2529;NEP
057540036036-4807;057540036036;100mN31996E42260;PO;NA;2;28;S;F;2529;EMP
057540036036-4808;057540036036;100mN32004E42259;S;NA;1;46;W;F;4049;NEP
057540036036-4809;057540036036;100mN32021E42250;MC;NA;2;44;M;F;4049;NEP
057540036036-4809;057540036036;100mN32021E42250;MC;NA;2;45;M;M;4049;UEP
057540036036-4810;057540036036;100mN32021E42250;S;NA;1;72;D;M;6574;EMP
057540036036-4811;057540036036;100mN31951E42252;MC;NA;3;50;M;F;5064;NEP
057540036036-4811;057540036036;100mN31951E42252;MC;NA;3;61;M;M;5064;EMP
057540036036-4811;057540036036;100mN31951E42252;MC;NA;3;22;S;M;1824;EMP
057540036036-4812;057540036036;100mN32017E42245;MC;MIX;4;85;M;F;75XX;NEP
057540036036-4812;057540036036;100mN32017E42245;MC;MIX;4;19;M;F;1824;NEP
057540036036-4812;057540036036;100mN32017E42245;MC;MIX;4;19;M;M;1824;EMP
057540036036-4812;057540036036;100mN32017E42245;MC;MIX;4;0;S;M;0003;NEP
057540036036-4813;057540036036;100mN31973E42268;MC;OS;2;89;M;F;75XX;NEP
057540036036-4813;057540036036;100mN31973E42268;MC;OS;2;46;S;M;4049;NEP
057540036036-4814;057540036036;100mN31993E42261;MC;NA;6;55;M;M;5064;EMP
057540036036-4814;057540036036;100mN31993E42261;MC;NA;6;52;M;F;5064;EMP
057540036036-4814;057540036036;100mN31993E42261;MC;NA;6;1;S;F;0003;NEP
057540036036-4814;057540036036;100mN31993E42261;MC;NA;6;8;S;F;0614;NEP
057540036036-4814;057540036036;100mN31993E42261;MC;NA;6;12;S;M;0614;NEP
057540036036-4814;057540036036;100mN31993E42261;MC;NA;6;10;S;M;0614;NEP
057540036036-4815;057540036036;100mN32021E42250;MC;NA;5;26;M;F;2529;EMP
057540036036-4815;057540036036;100mN32021E42250;MC;NA;5;28;M;M;2529;EMP
057540036036-4815;057540036036;100mN32021E42250;MC;NA;5;7;S;F;0614;NEP
057540036036-4815;057540036036;100mN32021E42250;MC;NA;5;11;S;M;0614;NEP
057540036036-4815;057540036036;100mN32021E42250;MC;NA;5;4;S;M;0305;NEP
057540036036-4816;057540036036;100mN32001E42288;S;NA;1;34;W;F;3039;EMP
057540036036-4817;057540036036;100mN31995E42255;MC;NA;5;55;M;F;5064;EMP
057540036036-4817;057540036036;100mN31995E42255;MC;NA;5;50;M;M;5064;EMP
057540036036-4817;057540036036;100mN31995E42255;MC;NA;5;8;S;M;0614;NEP
057540036036-4817;057540036036;100mN31995E42255;MC;NA;5;27;D;M;2529;EMP
057540036036-4817;057540036036;100mN31995E42255;MC;NA;5;1;S;M;0003;NEP
057540036036-4818;057540036036;100mN32021E42250;S;NA;1;63;M;F;5064;EMP
057540036036-4819;057540036036;100mN32021E42250;MC;NA;2;31;M;F;3039;EMP
057540036036-4819;057540036036;100mN32021E42250;MC;NA;2;34;M;M;3039;EMP
057540036036-4820;057540036036;100mN31998E42260;MC;NA;2;59;M;F;5064;EMP
057540036036-4820;057540036036;100mN31998E42260;MC;NA;2;57;M;M;5064;EMP
057540036036-4821;057540036036;100mN31999E42273;S;OS;1;40;D;F;4049;NEP
057540036036-4822;057540036036;100mN32021E42250;S;NA;1;47;M;M;4049;EMP
057540036036-4823;057540036036;100mN32021E42250;S;OS;1;38;M;F;3039;NEP
057540036036-4824;057540036036;100mN32012E42286;S;NA;1;30;S;M;3039;EMP
057540036036-4825;057540036036;100mN32021E42250;NA;MIX;2;25;W;F;2529;NEP
057540036036-4825;057540036036;100mN32021E42250;NA;MIX;2;21;M;F;1824;NEP
057540036036-4826;057540036036;100mN32021E42250;MC;MIX;2;66;M;M;6574;NEP
057540036036-4826;057540036036;100mN32021E42250;MC;MIX;2;56;M;F;5064;EMP
057540036036-4827;057540036036;100mN32021E42250;PO;NA;3;55;S;M;5064;EMP
057540036036-4827;057540036036;100mN32021E42250;PO;NA;3;52;S;M;5064;EMP
057540036036-4827;057540036036;100mN32021E42250;PO;NA;3;6;S;F;0614;NEP
057540036036-4828;057540036036;100mN32021E42250;S;NA;1;34;W;F;3039;EMP
057540036036-4829;057540036036;100mN31987E42259;MC;NA;3;28;M;F;2529;NEP
057540036036-4829;057540036036;100mN31987E42259;MC;NA;3;31;M;M;3039;EMP
057540036036-4829;057540036036;100mN31987E42259;MC;NA;3;6;S;F;0614;NEP
057540036036-4830;057540036036;100mN31987E42277;S;NA;1;48;S;F;4049;NEP
057540036036-4831;057540036036;100mN31996E42258;MC;NA;3;59;M;M;5064;EMP
057540036036-4831;057540036036;100mN31996E42258;MC;NA;3;56;M;F;5064;NEP
057540036036-4831;057540036036;100mN31996E42258;MC;NA;3;13;S;M;0614;NEP
057540036036-4832;057540036036;100mN31996E42258;S;NA;1;38;M;F;3039;EMP
057540036036-4833;057540036036;100mN31977E42268;MC;MIX;2;76;M;M;75XX;EMP
057540036036-4833;057540036036;100mN31977E42268;MC;MIX;2;42;W;F;4049;EMP
057540036036-4834;057540036036;100mN31996E42258;MC;NA;3;47;M;M;4049;UEP
057540036036-4834;057540036036;100mN31996E42258;MC;NA;3;42;M;F;4049;EMP
057540036036-4834;057540036036;100mN31996E42258;MC;NA;3;8;S;F;0614;NEP
057540036036-4835;057540036036;100mN32018E42245;SF;NA;5;58;S;F;5064;NEP
057540036036-4835;057540036036;100mN32018E42245;SF;NA;5;18;D;M;1824;EMP
057540036036-4835;057540036036;100mN32018E42245;SF;NA;5;43;D;M;4049;EMP
057540036036-4835;057540036036;100mN32018E42245;SF;NA;5;0;S;M;0003;NEP
057540036036-4835;057540036036;100mN32018E42245;SF;NA;5;33;M;M;3039;EMP
057540036036-4836;057540036036;100mN31996E42258;MC;NA;2;26;M;M;2529;EMP
057540036036-4836;057540036036;100mN31996E42258;MC;NA;2;25;M;F;2529;NEP
057540036036-4837;057540036036;100mN32017E42252;MC;NA;2;50;M;F;5064;NEP
057540036036-4837;057540036036;100mN32017E42252;MC;NA;2;53;M;M;5064;EMP
057540036036-4838;057540036036;100mN31955E42244;MC;NA;3;61;M;M;5064;EMP
057540036036-4838;057540036036;100mN31955E42244;MC;NA;3;52;M;F;5064;EMP
057540036036-4838;057540036036;100mN31955E42244;MC;NA;3;15;S;F;1517;EMP
057540036036-4839;057540036036;100mN31961E42300;MC;OS;2;71;M;M;6574;EMP
057540036036-4839;057540036036;100mN31961E42300;MC;OS;2;69;M;F;6574;EMP
057540036036-4840;057540036036;100mN31996E42258;MC;NA;4;38;M;F;3039;EMP
057540036036-4840;057540036036;100mN31996E42258;MC;NA;4;43;M;M;4049;NEP
057540036036-4840;057540036036;100mN31996E42258;MC;NA;4;11;S;F;0614;NEP
057540036036-4840;057540036036;100mN31996E42258;MC;NA;4;2;S;M;0003;NEP
057540036036-4841;057540036036;100mN31996E42258;MC;NA;3;50;M;F;5064;NEP
057540036036-4841;057540036036;100mN31996E42258;MC;NA;3;55;M;M;5064;EMP
057540036036-4841;057540036036;100mN31996E42258;MC;NA;3;0;S;M;0003;NEP
057540036036-4842;057540036036;100mN31996E42258;PO;NA;2;45;S;M;4049;EMP
057540036036-4842;057540036036;100mN31996E42258;PO;NA;2;40;S;F;4049;NEP
057540036036-4843;057540036036;100mN31996E42258;MC;NA;2;42;M;M;4049;EMP
057540036036-4843;057540036036;100mN31996E42258;MC;NA;2;40;M;F;4049;NEP
057540036036-4844;057540036036;100mN31996E42258;S;NA;1;19;S;M;1824;EMP
057540036036-4845;057540036036;100mN32004E42278;MC;MIX;3;73;S;M;6574;NEP
057540036036-4845;057540036036;100mN32004E42278;MC;MIX;3;54;M;M;5064;NEP
057540036036-4845;057540036036;100mN32004E42278;MC;MIX;3;53;M;F;5064;EMP
057540036036-4846;057540036036;100mN31996E42258;MC;NA;3;27;M;F;2529;EMP
057540036036-4846;057540036036;100mN31996E42258;MC;NA;3;18;M;M;1824;EMP
057540036036-4846;057540036036;100mN31996E42258;MC;NA;3;10;S;M;0614;NEP
057540036036-4847;057540036036;100mN31996E42258;S;NA;1;63;M;F;5064;EMP
057540036036-4848;057540036036;100mN31996E42258;S;OS;1;43;M;M;4049;EMP
057540036036-4849;057540036036;100mN31962E42300;MC;NA;6;31;M;F;3039;EMP
057540036036-4849;057540036036;100mN31962E42300;MC;NA;6;28;M;M;2529;NEP
057540036036-4849;057540036036;100mN31962E42300;MC;NA;6;11;S;F;0614;NEP
057540036036-4849;057540036036;100mN31962E42300;MC;NA;6;16;S;M;1517;NEP
057540036036-4849;057540036036;100mN31962E42300;MC;NA;6;6;S;F;0614;NEP
057540036036-4849;057540036036;100mN31962E42300;MC;NA;6;9;S;M;0614;NEP
057540036036-4850;057540036036;100mN31972E42244;MC;NA;3;32;M;F;3039;EMP
057540036036-4850;057540036036;100mN31972E42244;MC;NA;3;40;M;M;4049;UEP
057540036036-4850;057540036036;100mN31972E42244;MC;NA;3;0;S;F;0003;NEP
057540036036-4851;057540036036;100mN31996E42258;MC;NA;2;18;M;M;1824;NEP
057540036036-4851;057540036036;100mN31996E42258;MC;NA;2;18;M;F;1824;EMP
057540036036-4852;057540036036;100mN31966E42250;S;NA;1;72;S;F;6574;NEP
057540036036-4853;057540036036;100mN31996E42258;MC;NA;2;38;M;F;3039;EMP
057540036036-4853;057540036036;100mN31996E42258;MC;NA;2;41;M;M;4049;EMP
057540036036-4854;057540036036;100mN31996E42258;S;NA;1;56;M;M;5064;NEP
057540036036-4855;057540036036;100mN31996E42258;MC;NA;2;26;M;M;2529;NEP
057540036036-4855;057540036036;100mN31996E42258;MC;NA;2;25;M;F;2529;NEP
057540036036-4856;057540036036;100mN31996E42258;MC;OS;4;69;M;F;6574;EMP
057540036036-4856;057540036036;100mN31996E42258;MC;OS;4;72;M;M;6574;EMP
057540036036-4856;057540036036;100mN31996E42258;MC;OS;4;69;S;M;6574;EMP
057540036036-4856;057540036036;100mN31996E42258;MC;OS;4;80;S;M;75XX;NEP
057540036036-4857;057540036036;100mN32005E42260;MC;NA;3;34;M;M;3039;EMP
057540036036-4857;057540036036;100mN32005E42260;MC;NA;3;25;M;F;2529;EMP
057540036036-4857;057540036036;100mN32005E42260;MC;NA;3;12;S;F;0614;NEP
057540036036-4858;057540036036;100mN32012E42248;MC;NA;2;35;M;F;3039;NEP
057540036036-4858;057540036036;100mN32012E42248;MC;NA;2;36;M;M;3039;NEP
057540036036-4859;057540036036;100mN31996E42258;S;NA;1;65;M;F;6574;NEP
057540036036-4860;057540036036;100mN31963E42305;MC;NA;4;57;M;M;5064;EMP
057540036036-4860;057540036036;100mN31963E42305;MC;NA;4;55;M;F;5064;EMP
057540036036-4860;057540036036;100mN31963E42305;MC;NA;4;9;S;F;0614;NEP
057540036036-4860;057540036036;100mN31963E42305;MC;NA;4;8;S;F;0614;NEP
057540036036-4861;057540036036;100mN32001E42256;S;NA;1;48;S;M;4049;EMP
057540036036-4862;057540036036;100mN32019E42247;S;OS;1;45;S;M;4049;EMP
057540036036-4863;057540036036;100mN31994E42258;MC;OS;3;67;M;M;6574;EMP
057540036036-4863;057540036036;100mN31994E42258;MC;OS;3;82;M;F;75XX;EMP
057540036036-4863;057540036036;100mN31994E42258;MC;OS;3;66;D;F;6574;EMP
057540036036-4864;057540036036;100mN31962E42257;S;NA;1;40;S;M;4049;EMP
057540036036-4865;057540036036;100mN31962E42308;MC;NA;2;23;M;M;1824;UEP
057540036036-4865;057540036036;100mN31962E42308;MC;NA;2;31;M;F;3039;EMP
057540036036-4866;057540036036;100mN31998E42260;MC;NA;3;40;M;M;4049;EMP
057540036036-4866;057540036036;100mN31998E42260;MC;NA;3;33;M;F;3039;NEP
057540036036-4866;057540036036;100mN31998E42260;MC;NA;3;15;S;M;1517;NEP
057540036036-4867;057540036036;100mN31994E42258;SF;NA;4;70;W;F;6574;NEP
057540036036-4867;057540036036;100mN31994E42258;SF;NA;4;6;S;M;0614;NEP
057540036036-4867;057540036036;100mN31994E42258;SF;NA;4;12;S;F;0614;NEP
057540036036-4867;057540036036;100mN31994E42258;SF;NA;4;1;S;M;0003;NEP
057540036036-4868;057540036036;100mN31994E42258;MC;NA;2;23;M;F;1824;EMP
057540036036-4868;057540036036;100mN31994E42258;MC;NA;2;28;M;M;2529;NEP
057540036036-4869;057540036036;100mN31999E42257;S;NA;1;53;M;F;5064;EMP
057540036036-4870;057540036036;100mN32018E42246;MC;NA;2;38;M;M;3039;EMP
057540036036-4870;057540036036;100mN32018E42246;MC;NA;2;32;M;F;3039;EMP
057540036036-4871;057540036036;100mN31994E42258;MC;NA;3;47;M;M;4049;EMP
057540036036-4871;057540036036;100mN31994E42258;MC;NA;3;45;M;F;4049;EMP
057540036036-4871;057540036036;100mN31994E42258;MC;NA;3;18;M;M;1824;EMP
057540036036-4872;057540036036;100mN31994E42258;S;NA;1;69;S;M;6574;EMP
057540036036-4873;057540036036;100mN31999E42254;MC;OS;2;86;M;F;75XX;EMP
057540036036-4873;057540036036;100mN31999E42254;MC;OS;2;58;W;M;5064;EMP
057540036036-4874;057540036036;100mN31994E42258;MC;NA;6;60;M;F;5064;NEP
057540036036-4874;057540036036;100mN31994E42258;MC;NA;6;61;M;M;5064;EMP
057540036036-4874;057540036036;100mN31994E42258;MC;NA;6;6;S;M;0614;NEP
057540036036-4874;057540036036;100mN31994E42258;MC;NA;6;11;S;F;0614;NEP
057540036036-4874;057540036036;100mN31994E42258;MC;NA;6;20;M;F;1824;NEP
057540036036-4874;057540036036;100mN31994E42258;MC;NA;6;13;S;F;0614;NEP
057540036036-4875;057540036036;100mN31994E42258;MC;NA;4;44;M;F;4049;EMP
057540036036-4875;057540036036;100mN31994E42258;MC;NA;4;46;M;M;4049;EMP
057540036036-4875;057540036036;100mN31994E42258;MC;NA;4;22;D;M;1824;EMP
057540036036-4875;057540036036;100mN31994E42258;MC;NA;4;11;S;F;0614;NEP
057540036036-4876;057540036036;100mN32003E42284;MC;NA;2;45;M;F;4049;EMP
057540036036-4876;057540036036;100mN32003E42284;MC;NA;2;38;M;M;3039;NEP
057540036036-4877;057540036036;100mN32003E42284;S;OS;1;58;M;M;5064;EMP
057540036036-4878;057540036036;100mN32012E42250;MC;NA;3;34;M;F;3039;EMP
057540036036-4878;057540036036;100mN32012E42250;MC;NA;3;37;M;M;3039;NEP
057540036036-4878;057540036036;100mN32012E42250;MC;NA;3;15;S;M;1517;EMP
057540036036-4879;057540036036;100mN32017E42254;MC;NA;2;44;M;M;4049;EMP
057540036036-4879;057540036036;100mN32017E42254;MC;NA;2;35;M;F;3039;EMP
057540036036-4880;057540036036;100mN32008E42277;MC;NA;2;30;M;M;3039;NEP
057540036036-4880;057540036036;100mN32008E42277;MC;NA;2;34;M;F;3039;EMP
057540036036-4881;057540036036;100mN31976E42250;MC;MIX;2;69;M;M;6574;NEP
057540036036-4881;057540036036;100mN31976E42250;MC;MIX;2;8;S;F;0614;NEP
057540036036-4882;057540036036;100mN32008E42286;MC;OS;6;88;M;F;75XX;EMP
057540036036-4882;057540036036;100mN32008E42286;MC;OS;6;89;M;M;75XX;EMP
057540036036-4882;057540036036;100mN32008E42286;MC;OS;6;76;M;F;75XX;EMP
057540036036-4882;057540036036;100mN32008E42286;MC;OS;6;77;M;F;75XX;EMP
057540036036-4882;057540036036;100mN32008E42286;MC;OS;6;65;W;F;6574;EMP
057540036036-4882;057540036036;100mN32008E42286;MC;OS;6;87;M;M;75XX;NEP
057540036036-4883;057540036036;100mN31992E42262;MC;NA;4;55;M;M;5064;NEP
057540036036-4883;057540036036;100mN31992E42262;MC;NA;4;58;M;F;5064;EMP
057540036036-4883;057540036036;100mN31992E42262;MC;NA;4;37;M;M;3039;EMP
057540036036-4883;057540036036;100mN31992E42262;MC;NA;4;15;S;M;1517;EMP
057540036036-4884;057540036036;100mN31990E42267;MC;NA;2;45;M;M;4049;EMP
057540036036-4884;057540036036;100mN31990E42267;MC;NA;2;42;M;F;4049;NEP
057540036036-4885;057540036036;100mN32017E42254;MC;MIX;4;86;S;M;75XX;EMP
057540036036-4885;057540036036;100mN32017E42254;MC;MIX;4;51;M;M;5064;EMP
057540036036-4885;057540036036;100mN32017E42254;MC;MIX;4;48;M;F;4049;NEP
057540036036-4885;057540036036;100mN32017E42254;MC;MIX;4;15;S;M;1517;EMP
057540036036-4886;057540036036;100mN32017E42254;NA;OS;4;26;M;M;2529;EMP
057540036036-4886;057540036036;100mN32017E42254;NA;OS;4;59;M;M;5064;EMP
057540036036-4886;057540036036;100mN32017E42254;NA;OS;4;59;M;F;5064;NEP
057540036036-4886;057540036036;100mN32017E42254;NA;OS;4;26;M;F;2529;EMP
057540036036-4887;057540036036;100mN32005E42281;MC;OS;2;85;M;F;75XX;EMP
057540036036-4887;057540036036;100mN32005E42281;MC;OS;2;86;M;M;75XX;EMP
057540036036-4888;057540036036;100mN32017E42254;MC;NA;2;53;M;M;5064;EMP
057540036036-4888;057540036036;100mN32017E42254;MC;NA;2;44;M;F;4049;NEP
057540036036-4889;057540036036;100mN32008E42278;S;NA;1;38;S;M;3039;EMP
057540036036-4890;057540036036;100mN32008E42289;S;OS;1;47;S;M;4049;EMP
057540036036-4891;057540036036;100mN31983E42280;MC;NA;2;42;M;M;4049;UEP
057540036036-4891;057540036036;100mN31983E42280;MC;NA;2;44;M;F;4049;NEP
057540036036-4892;057540036036;100mN31987E42271;NA;NA;3;43;M;M;4049;EMP
057540036036-4892;057540036036;100mN31987E42271;NA;NA;3;47;W;F;4049;NEP
057540036036-4892;057540036036;100mN31987E42271;NA;NA;3;45;M;F;4049;EMP
057540036036-4893;057540036036;100mN31987E42271;MC;NA;4;43;M;M;4049;EMP
057540036036-4893;057540036036;100mN31987E42271;MC;NA;4;37;M;F;3039;NEP
057540036036-4893;057540036036;100mN31987E42271;MC;NA;4;23;M;M;1824;EMP
057540036036-4893;057540036036;100mN31987E42271;MC;NA;4;18;M;M;1824;NEP
057540036036-4894;057540036036;100mN31987E42258;S;NA;1;34;W;F;3039;EMP
057540036036-4895;057540036036;100mN32018E42256;MC;OS;2;69;M;M;6574;EMP
057540036036-4895;057540036036;100mN32018E42256;MC;OS;2;68;M;F;6574;EMP
057540036036-4896;057540036036;100mN32007E42282;MC;OS;5;70;M;F;6574;EMP
057540036036-4896;057540036036;100mN32007E42282;MC;OS;5;75;M;M;75XX;EMP
057540036036-4896;057540036036;100mN32007E42282;MC;OS;5;67;W;M;6574;EMP
057540036036-4896;057540036036;100mN32007E42282;MC;OS;5;79;D;F;75XX;EMP
057540036036-4896;057540036036;100mN32007E42282;MC;OS;5;65;S;F;6574;NEP
057540036036-4897;057540036036;100mN31987E42271;PO;MIX;6;67;M;F;6574;NEP
057540036036-4897;057540036036;100mN31987E42271;PO;MIX;6;58;S;M;5064;NEP
057540036036-4897;057540036036;100mN31987E42271;PO;MIX;6;55;S;M;5064;NEP
057540036036-4897;057540036036;100mN31987E42271;PO;MIX;6;7;S;M;0614;NEP
057540036036-4897;057540036036;100mN31987E42271;PO;MIX;6;11;S;M;0614;NEP
057540036036-4897;057540036036;100mN31987E42271;PO;MIX;6;34;M;F;3039;EMP
057540036036-4898;057540036036;100mN31962E42308;SF;NA;4;25;S;F;2529;EMP
057540036036-4898;057540036036;100mN31962E42308;SF;NA;4;9;S;M;0614;NEP
057540036036-4898;057540036036;100mN31962E42308;SF;NA;4;4;S;F;0305;NEP
057540036036-4898;057540036036;100mN31962E42308;SF;NA;4;10;S;F;0614;NEP
057540036036-4899;057540036036;100mN31987E42271;MC;NA;6;48;M;M;4049;EMP
057540036036-4899;057540036036;100mN31987E42271;MC;NA;6;45;M;F;4049;EMP
057540036036-4899;057540036036;100mN31987E42271;MC;NA;6;31;M;M;3039;EMP
057540036036-4899;057540036036;100mN31987E42271;MC;NA;6;32;M;M;3039;EMP
057540036036-4899;057540036036;100mN31987E42271;MC;NA;6;11;S;M;0614;NEP
057540036036-4899;057540036036;100mN31987E42271;MC;NA;6;13;S;M;0614;NEP
057540036036-4900;057540036036;100mN31987E42271;S;NA;1;62;M;M;5064;EMP
057540036036-4901;057540036036;100mN31987E42271;MC;NA;3;57;M;M;5064;NEP
057540036036-4901;057540036036;100mN31987E42271;MC;NA;3;57;M;F;5064;NEP
057540036036-4901;057540036036;100mN31987E42271;MC;NA;3;15;S;M;1517;EMP
057540036036-4902;057540036036;100mN31987E42271;MC;NA;2;52;M;F;5064;EMP
057540036036-4902;057540036036;100mN31987E42271;MC;NA;2;61;M;M;5064;EMP
057540036036-4903;057540036036;100mN32008E42278;PO;NA;5;31;S;M;3039;NEP
057540036036-4903;057540036036;100mN32008E42278;PO;NA;5;30;S;M;3039;EMP
057540036036-4903;057540036036;100mN32008E42278;PO;NA;5;13;S;M;0614;NEP
057540036036-4903;057540036036;100mN32008E42278;PO;NA;5;12;S;F;0614;NEP
057540036036-4903;057540036036;100mN32008E42278;PO;NA;5;10;S;M;0614;NEP
057540036036-4904;057540036036;100mN31987E42271;MC;OS;2;70;M;M;6574;EMP
057540036036-4904;057540036036;100mN31987E42271;MC;OS;2;70;M;F;6574;NEP
057540036036-4905;057540036036;100mN31968E42278;SF;NA;2;19;S;F;1824;EMP
057540036036-4905;057540036036;100mN31968E42278;SF;NA;2;3;S;F;0305;NEP
057540036036-4906;057540036036;100mN31987E42271;NA;NA;4;23;M;M;1824;EMP
057540036036-4906;057540036036;100mN31987E42271;NA;NA;4;72;W;F;6574;EMP
057540036036-4906;057540036036;100mN31987E42271;NA;NA;4;72;M;F;6574;NEP
057540036036-4906;057540036036;100mN31987E42271;NA;NA;4;48;D;F;4049;EMP
057540036036-4907;057540036036;100mN32008E42277;NA;NA;4;68;D;M;6574;EMP
057540036036-4907;057540036036;100mN32008E42277;NA;NA;4;53;M;F;5064;NEP
057540036036-4907;057540036036;100mN32008E42277;NA;NA;4;52;W;F;5064;NEP
057540036036-4907;057540036036;100mN32008E42277;NA;NA;4;43;S;F;4049;EMP
057540036036-4908;057540036036;100mN31987E42271;S;OS;1;34;S;F;3039;EMP
057540036036-4909;057540036036;100mN31998E42260;SM;NA;2;66;S;M;6574;EMP
057540036036-4909;057540036036;100mN31998E42260;SM;NA;2;15;S;M;1517;EMP
057540036036-4910;057540036036;100mN31987E42271;MC;NA;4;20;M;F;1824;NEP
057540036036-4910;057540036036;100mN31987E42271;MC;NA;4;23;M;M;1824;NEP
057540036036-4910;057540036036;100mN31987E42271;MC;NA;4;1;S;M;0003;NEP
057540036036-4910;057540036036;100mN31987E42271;MC;NA;4;4;S;F;0305;NEP
057540036036-4911;057540036036;100mN31989E42259;SF;NA;3;58;S;F;5064;NEP
057540036036-4911;057540036036;100mN31989E42259;SF;NA;3;3;S;M;0305;NEP
057540036036-4911;057540036036;100mN31989E42259;SF;NA;3;28;M;F;2529;NEP
057540036036-4912;057540036036;100mN31987E42271;PO;NA;2;62;S;M;5064;NEP
057540036036-4912;057540036036;100mN31987E42271;PO;NA;2;61;S;F;5064;NEP
057540036036-4913;057540036036;100mN31987E42271;S;NA;1;69;M;M;6574;EMP
057540036036-4914;057540036036;100mN31987E42271;MC;NA;2;54;M;F;5064;NEP
057540036036-4914;057540036036;100mN31987E42271;MC;NA;2;54;M;M;5064;EMP
057540036036-4915;057540036036;100mN31987E42271;MC;NA;5;55;M;F;5064;EMP
057540036036-4915;057540036036;100mN31987E42271;MC;NA;5;57;M;M;5064;EMP
057540036036-4915;057540036036;100mN31987E42271;MC;NA;5;15;S;M;1517;UEP
057540036036-4915;057540036036;100mN31987E42271;MC;NA;5;4;S;F;0305;NEP
057540036036-4915;057540036036;100mN31987E42271;MC;NA;5;37;M;F;3039;EMP
057540036036-4916;057540036036;100mN32018E42253;MC;NA;3;38;M;F;3039;EMP
057540036036-4916;057540036036;100mN32018E42253;MC;NA;3;40;M;M;4049;EMP
057540036036-4916;057540036036;100mN32018E42253;MC;NA;3;16;S;M;1517;EMP
057540036036-4917;057540036036;100mN31976E42268;S;OS;1;75;M;F;75XX;NEP
057540036036-4918;057540036036;100mN31994E42287;PO;OS;5;75;S;M;75XX;EMP
057540036036-4918;057540036036;100mN31994E42287;PO;OS;5;72;S;M;6574;EMP
057540036036-4918;057540036036;100mN31994E42287;PO;OS;5;71;S;M;6574;EMP
057540036036-4918;057540036036;100mN31994E42287;PO;OS;5;76;W;M;75XX;EMP
057540036036-4918;057540036036;100mN31994E42287;PO;OS;5;82;M;F;75XX;NEP
057540036036-4919;057540036036;100mN31994E42287;MC;NA;3;34;M;F;3039;EMP
057540036036-4919;057540036036;100mN31994E42287;MC;NA;3;34;M;M;3039;NEP
057540036036-4919;057540036036;100mN31994E42287;MC;NA;3;10;S;F;0614;NEP
057540036036-4920;057540036036;100mN31987E42260;S;NA;1;37;M;F;3039;EMP
057540036036-4921;057540036036;100mN31993E42259;MC;NA;5;44;M;M;4049;NEP
057540036036-4921;057540036036;100mN31993E42259;MC;NA;5;42;M;F;4049;EMP
057540036036-4921;057540036036;100mN31993E42259;MC;NA;5;28;D;M;2529;EMP
057540036036-4921;057540036036;100mN31993E42259;MC;NA;5;1;S;F;0003;NEP
057540036036-4921;057540036036;100mN31993E42259;MC;NA;5;10;S;M;0614;NEP
057540036036-4922;057540036036;100mN32005E42304;MC;NA;3;45;M;F;4049;EMP
057540036036-4922;057540036036;100mN32005E42304;MC;NA;3;47;M;M;4049;EMP
057540036036-4922;057540036036;100mN32005E42304;MC;NA;3;9;S;F;0614;NEP
057540036036-4923;057540036036;100mN32004E42276;MC;NA;4;42;M;M;4049;EMP
057540036036-4923;057540036036;100mN32004E42276;MC;NA;4;41;M;F;4049;EMP
057540036036-4923;057540036036;100mN32004E42276;MC;NA;4;25;M;F;2529;EMP
057540036036-4923;057540036036;100mN32004E42276;MC;NA;4;13;S;F;0614;NEP
057540036036-4924;057540036036;100mN31987E42277;S;NA;1;48;S;F;4049;NEP
057540036036-4925;057540036036;100mN31976E42300;MC;MIX;3;78;M;M;75XX;EMP
057540036036-4925;057540036036;100mN31976E42300;MC;MIX;3;45;M;M;4049;NEP
057540036036-4925;057540036036;100mN31976E42300;MC;MIX;3;46;M;F;4049;EMP
057540036036-4926;057540036036;100mN32012E42285;PO;OS;2;75;S;M;75XX;EMP
057540036036-4926;057540036036;100mN32012E42285;PO;OS;2;75;S;F;75XX;EMP
057540036036-4927;057540036036;100mN31976E42300;MC;NA;3;62;M;M;5064;EMP
057540036036-4927;057540036036;100mN31976E42300;MC;NA;3;55;M;F;5064;EMP
057540036036-4927;057540036036;100mN31976E42300;MC;NA;3;8;S;M;0614;NEP
057540036036-4928;057540036036;100mN31990E42256;PO;NA;4;63;S;M;5064;UEP
057540036036-4928;057540036036;100mN31990E42256;PO;NA;4;60;M;F;5064;EMP
057540036036-4928;057540036036;100mN31990E42256;PO;NA;4;38;M;F;3039;NEP
057540036036-4928;057540036036;100mN31990E42256;PO;NA;4;6;S;M;0614;NEP
057540036036-4929;057540036036;100mN31991E42268;S;NA;1;48;D;M;4049;NEP
057540036036-4930;057540036036;100mN31991E42257;S;OS;1;36;M;F;3039;NEP
057540036036-4931;057540036036;100mN31991E42268;S;NA;1;47;M;F;4049;NEP
057540036036-4932;057540036036;100mN32003E42258;MC;NA;3;46;M;F;4049;EMP
057540036036-4932;057540036036;100mN32003E42258;MC;NA;3;47;M;M;4049;UEP
057540036036-4932;057540036036;100mN32003E42258;MC;NA;3;18;M;F;1824;EMP
057540036036-4933;057540036036;100mN31995E42268;MC;NA;2;57;M;F;5064;EMP
057540036036-4933;057540036036;100mN31995E42268;MC;NA;2;61;M;M;5064;EMP
057540036036-4934;057540036036;100mN31961E42266;SF;NA;4;60;W;F;5064;NEP
057540036036-4934;057540036036;100mN31961E42266;SF;NA;4;25;W;M;2529;EMP
057540036036-4934;057540036036;100mN31961E42266;SF;NA;4;10;S;M;0614;NEP
057540036036-4934;057540036036;100mN31961E42266;SF;NA;4;15;S;F;1517;EMP
057540036036-4935;057540036036;100mN31995E42268;MC;NA;5;44;M;F;4049;EMP
057540036036-4935;057540036036;100mN31995E42268;MC;NA;5;41;M;M;4049;EMP
057540036036-4935;057540036036;100mN31995E42268;MC;NA;5;13;S;F;0614;NEP
057540036036-4935;057540036036;100mN31995E42268;MC;NA;5;10;S;M;0614;NEP
057540036036-4935;057540036036;100mN31995E42268;MC;NA;5;7;S;M;0614;NEP
057540036036-4936;057540036036;100mN31995E42268;MC;MIX;4;89;M;F;75XX;NEP
057540036036-4936;057540036036;100mN31995E42268;MC;MIX;4;48;M;F;4049;EMP
057540036036-4936;057540036036;100mN31995E42268;MC;MIX;4;62;M;M;5064;NEP
057540036036-4936;057540036036;100mN31995E42268;MC;MIX;4;3;S;M;0305;NEP
057540036036-4937;057540036036;100mN31992E42256;MC;NA;3;63;M;M;5064;EMP
057540036036-4937;057540036036;100mN31992E42256;MC;NA;3;43;S;F;4049;NEP
057540036036-4937;057540036036;100mN31992E42256;MC;NA;3;32;S;F;3039;EMP
057540036036-4938;057540036036;100mN31995E42268;MC;NA;3;31;M;F;3039;EMP
057540036036-4938;057540036036;100mN31995E42268;MC;NA;3;33;M;M;3039;EMP
057540036036-4938;057540036036;100mN31995E42268;MC;NA;3;13;S;M;0614;NEP
057540036036-4939;057540036036;100mN31995E42268;PO;NA;3;19;S;F;1824;NEP
057540036036-4939;057540036036;100mN31995E42268;PO;NA;3;22;S;F;1824;EMP
057540036036-4939;057540036036;100mN31995E42268;PO;NA;3;1;S;M;0003;NEP
057540036036-4940;057540036036;100mN32013E42250;S;NA;1;65;D;F;6574;NEP
057540036036-4941;057540036036;100mN32012E42251;MC;MIX;2;66;M;F;6574;EMP
057540036036-4941;057540036036;100mN32012E42251;MC;MIX;2;8;S;F;0614;NEP
057540036036-4942;057540036036;100mN31995E42268;MC;OS;2;81;M;F;75XX;NEP
057540036036-4942;057540036036;100mN31995E42268;MC;OS;2;72;M;M;6574;NEP
057540036036-4943;057540036036;100mN32014E42245;MC;NA;3;58;M;M;5064;NEP
057540036036-4943;057540036036;100mN32014E42245;MC;NA;3;50;M;F;5064;EMP
057540036036-4943;057540036036;100mN32014E42245;MC;NA;3;15;S;M;1517;UEP
057540036036-4944;057540036036;100mN31995E42268;MC;MIX;4;70;S;M;6574;EMP
057540036036-4944;057540036036;100mN31995E42268;MC;MIX;4;42;M;M;4049;EMP
057540036036-4944;057540036036;100mN31995E42268;MC;MIX;4;37;M;F;3039;EMP
057540036036-4944;057540036036;100mN31995E42268;MC;MIX;4;2;S;F;0003;NEP
057540036036-4945;057540036036;100mN31995E42268;MC;NA;4;30;M;F;3039;EMP
057540036036-4945;057540036036;100mN31995E42268;MC;NA;4;33;M;M;3039;NEP
057540036036-4945;057540036036;100mN31995E42268;MC;NA;4;12;S;M;0614;NEP
057540036036-4945;057540036036;100mN31995E42268;MC;NA;4;3;S;F;0305;NEP
057540036036-4946;057540036036;100mN31995E42268;MC;NA;4;31;M;M;3039;EMP
057540036036-4946;057540036036;100mN31995E42268;MC;NA;4;27;M;F;2529;NEP
057540036036-4946;057540036036;100mN31995E42268;MC;NA;4;4;S;M;0305;NEP
057540036036-4946;057540036036;100mN31995E42268;MC;NA;4;9;S;F;0614;NEP
057540036036-4947;057540036036;100mN31995E42259;PO;NA;5;48;S;M;4049;EMP
057540036036-4947;057540036036;100mN31995E42259;PO;NA;5;51;S;M;5064;EMP
057540036036-4947;057540036036;100mN31995E42259;PO;NA;5;8;S;M;0614;NEP
057540036036-4947;057540036036;100mN31995E42259;PO;NA;5;15;S;M;1517;EMP
057540036036-4947;057540036036;100mN31995E42259;PO;NA;5;3;S;F;0305;NEP
057540036036-4948;057540036036;100mN31995E42268;S;NA;1;53;M;M;5064;EMP
057540036036-4949;057540036036;100mN32005E42283;MC;NA;2;52;M;F;5064;NEP
057540036036-4949;057540036036;100mN32005E42283;MC;NA;2;53;M;M;5064;EMP
057540036036-4950;057540036036;100mN32003E42264;MC;NA;2;25;M;M;2529;EMP
057540036036-4950;057540036036;100mN32003E42264;MC;NA;2;23;M;F;1824;EMP
057540036036-4951;057540036036;100mN32003E42264;S;NA;1;54;M;F;5064;NEP
057540036036-4952;057540036036;100mN31994E42284;MC;NA;6;61;M;M;5064;EMP
057540036036-4952;057540036036;100mN31994E42284;MC;NA;6;53;M;F;5064;EMP
057540036036-4952;057540036036;100mN31994E42284;MC;NA;6;2;S;F;0003;NEP
057540036036-4952;057540036036;100mN31994E42284;MC;NA;6;12;S;F;0614;NEP
057540036036-4952;057540036036;100mN31994E42284;MC;NA;6;3;S;F;0305;NEP
057540036036-4952;057540036036;100mN31994E42284;MC;NA;6;4;S;M;0305;NEP
057540036036-4953;057540036036;100mN31963E42300;MC;NA;2;45;M;F;4049;NEP
057540036036-4953;057540036036;100mN31963E42300;MC;NA;2;45;M;M;4049;EMP
057540036036-4954;057540036036;100mN31961E42282;MC;MIX;5;80;S;M;75XX;EMP
057540036036-4954;057540036036;100mN31961E42282;MC;MIX;5;58;M;M;5064;EMP
057540036036-4954;057540036036;100mN31961E42282;MC;MIX;5;52;M;F;5064;NEP
057540036036-4954;057540036036;100mN31961E42282;MC;MIX;5;10;S;M;0614;NEP
057540036036-4954;057540036036;100mN31961E42282;MC;MIX;5;12;S;F;0614;NEP
057540036036-4955;057540036036;100mN31963E42300;MC;OS;2;88;M;F;75XX;NEP
057540036036-4955;057540036036;100mN31963E42300;MC;OS;2;89;M;M;75XX;EMP
057540036036-4956;057540036036;100mN31963E42300;SF;NA;2;88;D;F;75XX;EMP
057540036036-4956;057540036036;100mN31963E42300;SF;NA;2;1;S;M;0003;NEP
057540036036-4957;057540036036;100mN31963E42300;S;NA;1;59;M;F;5064;EMP
057540036036-4958;057540036036;100mN31993E42278;MC;NA;4;50;M;M;5064;EMP
057540036036-4958;057540036036;100mN31993E42278;MC;NA;4;56;M;F;5064;EMP
057540036036-4958;057540036036;100mN31993E42278;MC;NA;4;4;S;F;0305;NEP
057540036036-4958;057540036036;100mN31993E42278;MC;NA;4;19;S;M;1824;EMP
057540036036-4959;057540036036;100mN31963E42300;PO;OS;4;89;S;F;75XX;NEP
057540036036-4959;057540036036;100mN31963E42300;PO;OS;4;0;S;M;0003;NEP
057540036036-4959;057540036036;100mN31963E42300;PO;OS;4;70;M;F;6574;EMP
057540036036-4959;057540036036;100mN31963E42300;PO;OS;4;71;W;F;6574;NEP
057540036036-4960;057540036036;100mN31963E42300;S;NA;1;32;M;F;3039;EMP
057540036036-4961;057540036036;100mN31963E42300;MC;NA;4;20;M;M;1824;NEP
057540036036-4961;057540036036;100mN31963E42300;MC;NA;4;18;M;F;1824;NEP
057540036036-4961;057540036036;100mN31963E42300;MC;NA;4;4;S;M;0305;NEP
057540036036-4961;057540036036;100mN31963E42300;MC;NA;4;1;S;M;0003;NEP
057540036036-4962;057540036036;100mN31963E42300;MC;OS;3;83;M;F;75XX;NEP
057540036036-4962;057540036036;100mN31963E42300;MC;OS;3;4;S;F;0305;NEP
057540036036-4962;057540036036;100mN31963E42300;MC;OS;3;68;M;M;6574;NEP
057540036036-4963;057540036036;100mN32003E42285;MC;NA;2;28;M;M;2529;NEP
057540036036-4963;057540036036;100mN32003E42285;MC;NA;2;26;M;F;2529;NEP
057540036036-4964;057540036036;100mN32003E42285;MC;NA;4;38;M;M;3039;NEP
057540036036-4964;057540036036;100mN32003E42285;MC;NA;4;37;M;F;3039;NEP
057540036036-4964;057540036036;100mN32003E42285;MC;NA;4;8;S;F;0614;NEP
057540036036-4964;057540036036;100mN32003E42285;MC;NA;4;13;S;F;0614;NEP
057540036036-4965;057540036036;100mN31950E42246;MC;NA;2;41;M;M;4049;EMP
057540036036-4965;057540036036;100mN31950E42246;MC;NA;2;18;M;F;1824;EMP
057540036036-4966;057540036036;100mN32018E42241;MC;NA;3;61;M;M;5064;NEP
057540036036-4966;057540036036;100mN32018E42241;MC;NA;3;61;M;F;5064;NEP
057540036036-4966;057540036036;100mN32018E42241;MC;NA;3;46;D;M;4049;NEP
057540036036-4967;057540036036;100mN31976E42252;MC;OS;2;86;M;F;75XX;EMP
057540036036-4967;057540036036;100mN31976E42252;MC;OS;2;37;M;M;3039;EMP
057540036036-4968;057540036036;100mN32003E42285;MC;NA;3;44;M;M;4049;EMP
057540036036-4968;057540036036;100mN32003E42285;MC;NA;3;54;M;F;5064;EMP
057540036036-4968;057540036036;100mN32003E42285;MC;NA;3;28;M;M;2529;EMP
057540036036-4969;057540036036;100mN32003E42285;MC;MIX;5;76;M;F;75XX;EMP
057540036036-4969;057540036036;100mN32003E42285;MC;MIX;5;48;M;M;4049;NEP
057540036036-4969;057540036036;100mN32003E42285;MC;MIX;5;42;M;F;4049;NEP
057540036036-4969;057540036036;100mN32003E42285;MC;MIX;5;12;S;F;0614;NEP
057540036036-4969;057540036036;100mN32003E42285;MC;MIX;5;3;S;M;0305;NEP
057540036036-4970;057540036036;100mN32003E42285;PO;OS;2;65;S;M;6574;NEP
057540036036-4970;057540036036;100mN32003E42285;PO;OS;2;83;S;F;75XX;NEP
057540036036-4971;057540036036;100mN32003E42285;S;NA;1;25;S;M;2529;EMP
057540036036-4972;057540036036;100mN31991E42257;MC;NA;2;47;M;M;4049;NEP
057540036036-4972;057540036036;100mN31991E42257;MC;NA;2;47;M;F;4049;NEP
057540036036-4973;057540036036;100mN32001E42287;S;OS;1;84;S;F;75XX;EMP
057540036036-4974;057540036036;100mN31992E42267;MC;NA;2;42;M;M;4049;EMP
057540036036-4974;057540036036;100mN31992E42267;MC;NA;2;42;M;F;4049;NEP
057540036036-4975;057540036036;100mN31992E42267;NA;NA;2;70;D;M;6574;EMP
057540036036-4975;057540036036;100mN31992E42267;NA;NA;2;35;M;M;3039;NEP
057540036036-4976;057540036036;100mN32008E42278;MC;MIX;4;72;W;F;6574;NEP
057540036036-4976;057540036036;100mN32008E42278;MC;MIX;4;35;M;F;3039;EMP
057540036036-4976;057540036036;100mN32008E42278;MC;MIX;4;37;M;M;3039;NEP
057540036036-4976;057540036036;100mN32008E42278;MC;MIX;4;11;S;F;0614;NEP
057540036036-4977;057540036036;100mN31993E42283;MC;NA;3;22;M;F;1824;EMP
057540036036-4977;057540036036;100mN31993E42283;MC;NA;3;25;M;M;2529;EMP
057540036036-4977;057540036036;100mN31993E42283;MC;NA;3;0;S;F;0003;NEP
057540036036-4978;057540036036;100mN31993E42283;MC;NA;2;62;M;M;5064;EMP
057540036036-4978;057540036036;100mN31993E42283;MC;NA;2;62;M;F;5064;EMP
057540036036-4979;057540036036;100mN31994E42268;MC;NA;2;43;M;M;4049;NEP
057540036036-4979;057540036036;100mN31994E42268;MC;NA;2;34;M;F;3039;NEP
057540036036-4980;057540036036;100mN31994E42268;MC;OS;3;70;M;F;6574;EMP
057540036036-4980;057540036036;100mN31994E42268;MC;OS;3;70;M;M;6574;EMP
057540036036-4980;057540036036;100mN31994E42268;MC;OS;3;69;S;M;6574;EMP
057540036036-4981;057540036036;100mN32012E42251;PO;MIX;2;79;S;F;75XX;EMP
057540036036-4981;057540036036;100mN32012E42251;PO;MIX;2;57;M;M;5064;EMP
057540036036-4982;057540036036;100mN32008E42251;MC;OS;2;73;M;M;6574;EMP
057540036036-4982;057540036036;100mN32008E42251;MC;OS;2;67;M;F;6574;NEP
057540036036-4983;057540036036;100mN31991E42258;MC;NA;2;43;M;M;4049;NEP
057540036036-4983;057540036036;100mN31991E42258;MC;NA;2;41;M;F;4049;EMP
057540036036-4984;057540036036;100mN31991E42258;S;NA;1;65;M;F;6574;NEP
057540036036-4985;057540036036;100mN31992E42263;MC;NA;2;30;M;M;3039;EMP
057540036036-4985;057540036036;100mN31992E42263;MC;NA;2;25;M;F;2529;EMP
057540036036-4986;057540036036;100mN31991E42258;MC;MIX;2;68;M;M;6574;EMP
057540036036-4986;057540036036;100mN31991E42258;MC;MIX;2;63;M;F;5064;NEP
057540036036-4987;057540036036;100mN31991E42258;MC;MIX;2;66;M;F;6574;NEP
057540036036-4987;057540036036;100mN31991E42258;MC;MIX;2;58;W;F;5064;EMP
057540036036-4988;057540036036;100mN31991E42258;MC;MIX;4;78;M;M;75XX;EMP
057540036036-4988;057540036036;100mN31991E42258;MC;MIX;4;48;M;M;4049;EMP
057540036036-4988;057540036036;100mN31991E42258;MC;MIX;4;44;M;F;4049;EMP
057540036036-4988;057540036036;100mN31991E42258;MC;MIX;4;9;S;F;0614;NEP
057540036036-4989;057540036036;100mN31991E42258;MC;NA;3;25;M;F;2529;EMP
057540036036-4989;057540036036;100mN31991E42258;MC;NA;3;30;M;M;3039;EMP
057540036036-4989;057540036036;100mN31991E42258;MC;NA;3;7;S;M;0614;NEP
057540036036-4990;057540036036;100mN32005E42277;S;OS;1;19;S;M;1824;EMP
057540036036-4991;057540036036;100mN31975E42252;S;NA;1;37;S;M;3039;EMP
057540036036-4992;057540036036;100mN31991E42258;MC;OS;2;67;M;F;6574;EMP
057540036036-4992;057540036036;100mN31991E42258;MC;OS;2;69;M;M;6574;EMP
057540036036-4993;057540036036;100mN31991E42258;MC;OS;4;88;M;F;75XX;EMP
057540036036-4993;057540036036;100mN31991E42258;MC;OS;4;13;S;M;0614;NEP
057540036036-4993;057540036036;100mN31991E42258;MC;OS;4;89;M;F;75XX;NEP
057540036036-4993;057540036036;100mN31991E42258;MC;OS;4;84;M;F;75XX;EMP
057540036036-4994;057540036036;100mN31999E42259;MC;MIX;2;66;M;F;6574;NEP
057540036036-4994;057540036036;100mN31999E42259;MC;MIX;2;31;S;M;3039;NEP
057540036036-4995;057540036036;100mN32003E42257;S;OS;1;19;S;M;1824;EMP
057540036036-4996;057540036036;100mN32010E42291;SF;NA;2;18;D;F;1824;EMP
057540036036-4996;057540036036;100mN32010E42291;SF;NA;2;3;S;M;0305;NEP
057540036036-4997;057540036036;100mN32010E42291;MC;NA;6;63;M;F;5064;EMP
057540036036-4997;057540036036;100mN32010E42291;MC;NA;6;66;M;M;6574;EMP
057540036036-4997;057540036036;100mN32010E42291;MC;NA;6;12;S;F;0614;NEP
057540036036-4997;057540036036;100mN32010E42291;MC;NA;6;16;S;F;1517;EMP
057540036036-4997;057540036036;100mN32010E42291;MC;NA;6;30;S;F;3039;EMP
057540036036-4997;057540036036;100mN32010E42291;MC;NA;6;6;S;M;0614;NEP
057540036036-4998;057540036036;100mN31993E42257;S;NA;1;61;M;M;5064;EMP
057540036036-4999;057540036036;100mN32010E42291;MC;NA;4;60;M;F;5064;NEP
057540036036-4999;057540036036;100mN32010E42291;MC;NA;4;60;M;M;5064;EMP
057540036036-4999;057540036036;100mN32010E42291;MC;NA;4;0;S;F;0003;NEP
057540036036-4999;057540036036;100mN32010E42291;MC;NA;4;15;S;M;1517;EMP
057540036036-5000;057540036036;100mN32010E42291;MC;OS;3;78;M;M;75XX;EMP
057540036036-5000;057540036036;100mN32010E42291;MC;OS;3;71;M;F;6574;NEP
057540036036-5000;057540036036;100mN32010E42291;MC;OS;3;75;M;M;75XX;EMP
057540036036-5001;057540036036;100mN32018E42241;S;NA;1;56;M;M;5064;EMP
057540036036-5002;057540036036;100mN32017E42255;MC;NA;2;55;M;M;5064;EMP
057540036036-5002;057540036036;100mN32017E42255;MC;NA;2;54;M;F;5064;NEP
057540036036-5003;057540036036;100mN32010E42291;S;NA;1;45;M;F;4049;EMP
057540036036-5004;057540036036;100mN32022E42252;NA;OS;2;44;M;M;4049;EMP
057540036036-5004;057540036036;100mN32022E42252;NA;OS;2;66;D;F;6574;NEP
057540036036-5005;057540036036;100mN32004E42275;S;NA;1;16;S;F;1517;EMP
057540036036-5006;057540036036;100mN32010E42291;MC;NA;2;41;M;M;4049;EMP
057540036036-5006;057540036036;100mN32010E42291;MC;NA;2;18;M;F;1824;EMP
057540036036-5007;057540036036;100mN32005E42289;S;NA;1;41;S;M;4049;UEP
057540036036-5008;057540036036;100mN32019E42245;MC;OS;3;66;M;M;6574;NEP
057540036036-5008;057540036036;100mN32019E42245;MC;OS;3;66;M;F;6574;EMP
057540036036-5008;057540036036;100mN32019E42245;MC;OS;3;65;M;M;6574;EMP
057540036036-5009;057540036036;100mN31985E42269;SF;NA;3;48;S;F;4049;EMP
057540036036-5009;057540036036;100mN31985E42269;SF;NA;3;19;M;M;1824;EMP
057540036036-5009;057540036036;100mN31985E42269;SF;NA;3;6;S;M;0614;NEP
057540036036-5010;057540036036;100mN32019E42245;MC;MIX;3;71;W;F;6574;EMP
057540036036-5010;057540036036;100mN32019E42245;MC;MIX;3;60;M;M;5064;EMP
057540036036-5010;057540036036;100mN32019E42245;MC;MIX;3;59;M;F;5064;EMP
057540036036-5011;057540036036;100mN32007E42285;MC;NA;3;26;M;M;2529;EMP
057540036036-5011;057540036036;100mN32007E42285;MC;NA;3;18;M;F;1824;EMP
057540036036-5011;057540036036;100mN32007E42285;MC;NA;3;7;S;F;0614;NEP
057540036036-5012;057540036036;100mN32019E42245;MC;OS;2;76;M;F;75XX;NEP
057540036036-5012;057540036036;100mN32019E42245;MC;OS;2;78;M;M;75XX;NEP
057540036036-5013;057540036036;100mN32018E42252;PO;NA;2;58;S;M;5064;NEP
057540036036-5013;057540036036;100mN32018E42252;PO;NA;2;56;S;M;5064;NEP
057540036036-5014;057540036036;100mN32007E42281;S;NA;1;50;S;M;5064;NEP
057540036036-5015;057540036036;100mN32019E42245;MC;OS;3;87;M;F;75XX;NEP
057540036036-5015;057540036036;100mN32019E42245;MC;OS;3;18;S;M;1824;EMP
057540036036-5015;057540036036;100mN32019E42245;MC;OS;3;68;M;M;6574;EMP
057540036036-5016;057540036036;100mN32019E42245;S;NA;1;45;M;M;4049;NEP
057540036036-5017;057540036036;100mN32018E42231;MC;NA;2;30;M;F;3039;EMP
057540036036-5017;057540036036;100mN32018E42231;MC;NA;2;31;M;M;3039;EMP
057540036036-5018;057540036036;100mN32019E42245;MC;MIX;2;73;M;M;6574;NEP
057540036036-5018;057540036036;100mN32019E42245;MC;MIX;2;13;S;M;0614;NEP
057540036036-5019;057540036036;100mN32023E42252;S;OS;1;67;M;M;6574;NEP
057540036036-5020;057540036036;100mN32017E42252;MC;NA;2;50;M;F;5064;NEP
057540036036-5020;057540036036;100mN32017E42252;MC;NA;2;53;M;M;5064;EMP
057540036036-5021;057540036036;100mN31976E42252;SF;NA;2;28;D;F;2529;NEP
057540036036-5021;057540036036;100mN31976E42252;SF;NA;2;2;S;F;0003;NEP
057540036036-5022;057540036036;100mN32013E42245;S;NA;1;69;M;F;6574;EMP
057540036036-5023;057540036036;100mN31999E42257;MC;NA;3;58;M;M;5064;EMP
057540036036-5023;057540036036;100mN31999E42257;MC;NA;3;63;M;F;5064;EMP
057540036036-5023;057540036036;100mN31999E42257;MC;NA;3;7;S;M;0614;NEP
057540036036-5024;057540036036;100mN31975E42258;MC;NA;5;32;M;F;3039;EMP
057540036036-5024;057540036036;100mN31975E42258;MC;NA;5;38;M;M;3039;EMP
057540036036-5024;057540036036;100mN31975E42258;MC;NA;5;3;S;F;0305;NEP
057540036036-5024;057540036036;100mN31975E42258;MC;NA;5;13;S;M;0614;NEP
057540036036-5024;057540036036;100mN31975E42258;MC;NA;5;4;S;F;0305;NEP
057540036036-5025;057540036036;100mN32008E42289;MC;NA;2;31;M;M;3039;EMP
057540036036-5025;057540036036;100mN32008E42289;MC;NA;2;28;M;F;2529;EMP
057540036036-5026;057540036036;100mN31990E42267;S;OS;1;72;S;F;6574;EMP
057540036036-5027;057540036036;100mN32005E42289;S;OS;1;33;M;M;3039;EMP
057540036036-5028;057540036036;100mN32013E42245;S;OS;1;36;M;F;3039;EMP
057540036036-5029;057540036036;100mN32013E42245;SF;NA;2;19;W;F;1824;NEP
057540036036-5029;057540036036;100mN32013E42245;SF;NA;2;2;S;F;0003;NEP
057540036036-5030;057540036036;100mN32003E42256;SF;NA;4;52;D;F;5064;NEP
057540036036-5030;057540036036;100mN32003E42256;SF;NA;4;7;S;M;0614;NEP
057540036036-5030;057540036036;100mN32003E42256;SF;NA;4;11;S;F;0614;NEP
057540036036-5030;057540036036;100mN32003E42256;SF;NA;4;27;M;M;2529;EMP
057540036036-5031;057540036036;100mN32009E42279;MC;OS;2;71;M;F;6574;NEP
057540036036-5031;057540036036;100mN32009E42279;MC;OS;2;87;M;M;75XX;UEP
057540036036-5032;057540036036;100mN32019E42242;SF;NA;5;54;D;F;5064;NEP
057540036036-5032;057540036036;100mN32019E42242;SF;NA;5;13;S;F;0614;NEP
057540036036-5032;057540036036;100mN32019E42242;SF;NA;5;32;M;F;3039;EMP
057540036036-5032;057540036036;100mN32019E42242;SF;NA;5;13;S;M;0614;NEP
057540036036-5032;057540036036;100mN32019E42242;SF;NA;5;11;S;F;0614;NEP
057540036036-5033;057540036036;100mN32013E42290;MC;MIX;2;68;M;F;6574;NEP
057540036036-5033;057540036036;100mN32013E42290;MC;MIX;2;25;M;M;2529;EMP
057540036036-5034;057540036036;100mN32019E42242;MC;NA;2;38;M;M;3039;EMP
057540036036-5034;057540036036;100mN32019E42242;MC;NA;2;35;M;F;3039;NEP
057540036036-5035;057540036036;100mN32019E42242;MC;OS;3;65;M;M;6574;EMP
057540036036-5035;057540036036;100mN32019E42242;MC;OS;3;65;M;F;6574;NEP
057540036036-5035;057540036036;100mN32019E42242;MC;OS;3;68;W;M;6574;EMP
057540036036-5036;057540036036;100mN32019E42242;SF;NA;4;33;W;F;3039;NEP
057540036036-5036;057540036036;100mN32019E42242;SF;NA;4;18;S;F;1824;EMP
057540036036-5036;057540036036;100mN32019E42242;SF;NA;4;3;S;F;0305;NEP
057540036036-5036;057540036036;100mN32019E42242;SF;NA;4;6;S;M;0614;NEP
057540036036-5037;057540036036;100mN32019E42242;SF;NA;4;84;S;F;75XX;EMP
057540036036-5037;057540036036;100mN32019E42242;SF;NA;4;16;S;M;1517;EMP
057540036036-5037;057540036036;100mN32019E42242;SF;NA;4;8;S;M;0614;NEP
057540036036-5037;057540036036;100mN32019E42242;SF;NA;4;7;S;M;0614;NEP
057540036036-5038;057540036036;100mN32008E42281;S;NA;1;42;W;F;4049;EMP
057540036036-5039;057540036036;100mN32019E42242;SF;NA;4;63;W;F;5064;EMP
057540036036-5039;057540036036;100mN32019E42242;SF;NA;4;16;S;F;1517;EMP
057540036036-5039;057540036036;100mN32019E42242;SF;NA;4;42;M;M;4049;EMP
057540036036-5039;057540036036;100mN32019E42242;SF;NA;4;1;S;F;0003;NEP
057540036036-5040;057540036036;100mN32019E42242;MC;OS;2;82;M;F;75XX;EMP
057540036036-5040;057540036036;100mN32019E42242;MC;OS;2;84;M;M;75XX;EMP
057540036036-5041;057540036036;100mN32019E42242;MC;NA;2;42;M;F;4049;EMP
057540036036-5041;057540036036;100mN32019E42242;MC;NA;2;42;M;M;4049;EMP
057540036036-5042;057540036036;100mN31968E42254;S;OS;1;48;S;F;4049;EMP
057540036036-5043;057540036036;100mN32019E42242;S;NA;1;85;D;M;75XX;EMP
057540036036-5044;057540036036;100mN31995E42258;MC;OS;2;89;M;F;75XX;NEP
057540036036-5044;057540036036;100mN31995E42258;MC;OS;2;87;M;M;75XX;NEP
057540036036-5045;057540036036;100mN32019E42242;PO;NA;4;52;S;M;5064;EMP
057540036036-5045;057540036036;100mN32019E42242;PO;NA;4;50;S;F;5064;EMP
057540036036-5045;057540036036;100mN32019E42242;PO;NA;4;21;W;F;1824;EMP
057540036036-5045;057540036036;100mN32019E42242;PO;NA;4;2;S;F;0003;NEP
057540036036-5046;057540036036;100mN32004E42281;MC;NA;5;56;M;F;5064;NEP
057540036036-5046;057540036036;100mN32004E42281;MC;NA;5;59;M;M;5064;EMP
057540036036-5046;057540036036;100mN32004E42281;MC;NA;5;16;S;M;1517;UEP
057540036036-5046;057540036036;100mN32004E42281;MC;NA;5;16;S;M;1517;EMP
057540036036-5046;057540036036;100mN32004E42281;MC;NA;5;9;S;M;0614;NEP
057540036036-5047;057540036036;100mN32019E42242;MC;NA;3;48;M;M;4049;EMP
057540036036-5047;057540036036;100mN32019E42242;MC;NA;3;46;M;F;4049;EMP
057540036036-5047;057540036036;100mN32019E42242;MC;NA;3;13;S;M;0614;NEP
057540036036-5048;057540036036;100mN31999E42266;MC;MIX;3;68;M;F;6574;EMP
057540036036-5048;057540036036;100mN31999E42266;MC;MIX;3;44;M;F;4049;NEP
057540036036-5048;057540036036;100mN31999E42266;MC;MIX;3;46;M;M;4049;NEP
057540036036-5049;057540036036;100mN31978E42268;MC;NA;2;48;M;F;4049;NEP
057540036036-5049;057540036036;100mN31978E42268;MC;NA;2;52;M;M;5064;EMP
057540036036-5050;057540036036;100mN32008E42289;MC;NA;5;44;M;M;4049;EMP
057540036036-5050;057540036036;100mN32008E42289;MC;NA;5;43;M;F;4049;NEP
057540036036-5050;057540036036;100mN32008E42289;MC;NA;5;12;S;F;0614;NEP
057540036036-5050;057540036036;100mN32008E42289;MC;NA;5;20;S;M;1824;EMP
057540036036-5050;057540036036;100mN32008E42289;MC;NA;5;9;S;F;0614;NEP
057540036036-5051;057540036036;100mN32014E42228;PO;NA;2;45;S;M;4049;EMP
057540036036-5051;057540036036;100mN32014E42228;PO;NA;2;43;S;M;4049;NEP
057540036036-5052;057540036036;100mN31989E42297;S;OS;1;19;S;M;1824;EMP
057540036036-5053;057540036036;100mN32004E42281;MC;NA;5;56;M;F;5064;NEP
057540036036-5053;057540036036;100mN32004E42281;MC;NA;5;59;M;M;5064;EMP
057540036036-5053;057540036036;100mN32004E42281;MC;NA;5;16;S;M;1517;UEP
057540036036-5053;057540036036;100mN32004E42281;MC;NA;5;16;S;M;1517;EMP
057540036036-5053;057540036036;100mN32004E42281;MC;NA;5;9;S;M;0614;NEP
057540036036-5054;057540036036;100mN32004E42281;PO;NA;4;54;S;M;5064;EMP
057540036036-5054;057540036036;100mN32004E42281;PO;NA;4;51;S;M;5064;NEP
057540036036-5054;057540036036;100mN32004E42281;PO;NA;4;3;S;M;0305;NEP
057540036036-5054;057540036036;100mN32004E42281;PO;NA;4;32;D;F;3039;NEP
057540036036-5055;057540036036;100mN32020E42220;MC;OS;2;89;M;M;75XX;EMP
057540036036-5055;057540036036;100mN32020E42220;MC;OS;2;86;M;F;75XX;NEP
057540036036-5056;057540036036;100mN32007E42282;PO;NA;4;47;S;M;4049;NEP
057540036036-5056;057540036036;100mN32007E42282;PO;NA;4;38;S;M;3039;NEP
057540036036-5056;057540036036;100mN32007E42282;PO;NA;4;23;D;F;1824;EMP
057540036036-5056;057540036036;100mN32007E42282;PO;NA;4;8;S;M;0614;NEP
057540036036-5057;057540036036;100mN31975E42250;S;NA;1;40;S;M;4049;EMP
057540036036-5058;057540036036;100mN32020E42242;MC;NA;2;50;M;F;5064;NEP
057540036036-5058;057540036036;100mN32020E42242;MC;NA;2;59;M;M;5064;EMP
057540036036-5059;057540036036;100mN32020E42242;MC;MIX;5;79;M;F;75XX;NEP
057540036036-5059;057540036036;100mN32020E42242;MC;MIX;5;50;M;F;5064;EMP
057540036036-5059;057540036036;100mN32020E42242;MC;MIX;5;18;M;M;1824;EMP
057540036036-5059;057540036036;100mN32020E42242;MC;MIX;5;22;S;M;1824;EMP
057540036036-5059;057540036036;100mN32020E42242;MC;MIX;5;16;S;F;1517;EMP
057540036036-5060;057540036036;100mN31964E42278;S;OS;1;32;W;F;3039;NEP
057540036036-5061;057540036036;100mN32020E42242;MC;NA;2;41;M;F;4049;NEP
057540036036-5061;057540036036;100mN32020E42242;MC;NA;2;42;M;M;4049;EMP
057540036036-5062;057540036036;100mN32020E42242;SF;NA;2;42;D;F;4049;EMP
057540036036-5062;057540036036;100mN32020E42242;SF;NA;2;26;M;M;2529;EMP
057540036036-5063;057540036036;100mN32005E42285;SF;NA;3;71;S;F;6574;EMP
057540036036-5063;057540036036;100mN32005E42285;SF;NA;3;37;S;F;3039;EMP
057540036036-5063;057540036036;100mN32005E42285;SF;NA;3;13;S;F;0614;NEP
057540036036-5064;057540036036;100mN32020E42242;MC;OS;2;71;M;F;6574;NEP
057540036036-5064;057540036036;100mN32020E42242;MC;OS;2;72;M;M;6574;EMP
057540036036-5065;057540036036;100mN32020E42242;S;NA;1;69;W;F;6574;EMP
057540036036-5066;057540036036;100mN32020E42242;MC;NA;3;27;M;F;2529;EMP
057540036036-5066;057540036036;100mN32020E42242;MC;NA;3;28;M;M;2529;EMP
057540036036-5066;057540036036;100mN32020E42242;MC;NA;3;11;S;M;0614;NEP
057540036036-5067;057540036036;100mN31976E42250;S;OS;1;33;W;F;3039;EMP
057540036036-5068;057540036036;100mN31973E42268;MC;NA;6;47;M;M;4049;EMP
057540036036-5068;057540036036;100mN31973E42268;MC;NA;6;47;M;F;4049;EMP
057540036036-5068;057540036036;100mN31973E42268;MC;NA;6;13;S;M;0614;NEP
057540036036-5068;057540036036;100mN31973E42268;MC;NA;6;28;M;M;2529;EMP
057540036036-5068;057540036036;100mN31973E42268;MC;NA;6;16;S;F;1517;EMP
057540036036-5068;057540036036;100mN31973E42268;MC;NA;6;25;M;M;2529;EMP
057540036036-5069;057540036036;100mN32020E42242;S;NA;1;31;M;F;3039;EMP
057540036036-5070;057540036036;100mN32020E42242;S;NA;1;16;S;M;1517;EMP
057540036036-5071;057540036036;100mN32030E42256;S;NA;1;42;S;M;4049;NEP
057540036036-5072;057540036036;100mN32010E42278;MC;MIX;2;71;M;F;6574;EMP
057540036036-5072;057540036036;100mN32010E42278;MC;MIX;2;57;M;M;5064;EMP
057540036036-5073;057540036036;100mN32003E42255;S;NA;1;59;M;M;5064;EMP
057540036036-5074;057540036036;100mN32004E42277;MC;OS;2;85;M;M;75XX;EMP
057540036036-5074;057540036036;100mN32004E42277;MC;OS;2;83;M;F;75XX;EMP
057540036036-5075;057540036036;100mN32003E42255;MC;OS;3;87;M;F;75XX;EMP
057540036036-5075;057540036036;100mN32003E42255;MC;OS;3;48;M;M;4049;EMP
057540036036-5075;057540036036;100mN32003E42255;MC;OS;3;71;M;F;6574;NEP
057540036036-5076;057540036036;100mN32003E42255;S;NA;1;41;M;M;4049;EMP
057540036036-5077;057540036036;100mN32003E42255;S;NA;1;82;M;F;75XX;EMP
057540036036-5078;057540036036;100mN32003E42255;SF;NA;2;28;D;F;2529;NEP
057540036036-5078;057540036036;100mN32003E42255;SF;NA;2;3;S;F;0305;NEP
057540036036-5079;057540036036;100mN32012E42250;PO;OS;3;67;S;F;6574;NEP
057540036036-5079;057540036036;100mN32012E42250;PO;OS;3;79;S;F;75XX;NEP
057540036036-5079;057540036036;100mN32012E42250;PO;OS;3;83;D;F;75XX;EMP
057540036036-5080;057540036036;100mN32003E42255;S;NA;1;38;M;M;3039;EMP
057540036036-5081;057540036036;100mN32003E42255;S;NA;1;25;S;F;2529;NEP
057540036036-5082;057540036036;100mN32003E42255;MC;NA;4;21;M;F;1824;NEP
057540036036-5082;057540036036;100mN32003E42255;MC;NA;4;19;M;M;1824;EMP
057540036036-5082;057540036036;100mN32003E42255;MC;NA;4;0;S;M;0003;NEP
057540036036-5082;057540036036;100mN32003E42255;MC;NA;4;1;S;F;0003;NEP
057540036036-5083;057540036036;100mN32003E42255;MC;NA;2;48;M;F;4049;EMP
057540036036-5083;057540036036;100mN32003E42255;MC;NA;2;51;M;M;5064;EMP
057540036036-5084;057540036036;100mN32018E42231;PO;OS;2;76;S;M;75XX;EMP
057540036036-5084;057540036036;100mN32018E42231;PO;OS;2;82;S;F;75XX;NEP
057540036036-5085;057540036036;100mN31986E42271;MC;OS;2;70;M;M;6574;NEP
057540036036-5085;057540036036;100mN31986E42271;MC;OS;2;77;M;F;75XX;EMP
057540036036-5086;057540036036;100mN31990E42259;S;NA;1;28;D;M;2529;EMP
057540036036-5087;057540036036;100mN31995E42267;PO;NA;4;33;S;M;3039;NEP
057540036036-5087;057540036036;100mN31995E42267;PO;NA;4;33;S;F;3039;EMP
057540036036-5087;057540036036;100mN31995E42267;PO;NA;4;18;S;M;1824;EMP
057540036036-5087;057540036036;100mN31995E42267;PO;NA;4;9;S;M;0614;NEP
057540036036-5088;057540036036;100mN31970E42257;S;NA;1;76;M;F;75XX;EMP
057540036036-5089;057540036036;100mN31976E42270;MC;NA;2;45;M;M;4049;UEP
057540036036-5089;057540036036;100mN31976E42270;MC;NA;2;42;M;F;4049;EMP
057540036036-5090;057540036036;100mN32003E42255;S;OS;1;43;M;F;4049;EMP
057540036036-5091;057540036036;100mN32003E42255;MC;OS;4;83;M;M;75XX;EMP
057540036036-5091;057540036036;100mN32003E42255;MC;OS;4;79;M;F;75XX;EMP
057540036036-5091;057540036036;100mN32003E42255;MC;OS;4;75;M;M;75XX;UEP
057540036036-5091;057540036036;100mN32003E42255;MC;OS;4;65;M;M;6574;EMP
057540036036-5092;057540036036;100mN32003E42255;S;OS;1;65;M;F;6574;EMP
057540036036-5093;057540036036;100mN32010E42289;MC;MIX;4;72;M;F;6574;NEP
057540036036-5093;057540036036;100mN32010E42289;MC;MIX;4;52;M;F;5064;NEP
057540036036-5093;057540036036;100mN32010E42289;MC;MIX;4;58;M;M;5064;EMP
057540036036-5093;057540036036;100mN32010E42289;MC;MIX;4;11;S;M;0614;NEP
057540036036-5094;057540036036;100mN31994E42269;MC;NA;2;32;M;M;3039;EMP
057540036036-5094;057540036036;100mN31994E42269;MC;NA;2;30;M;F;3039;EMP
057540036036-5095;057540036036;100mN31965E42288;MC;NA;4;45;M;F;4049;EMP
057540036036-5095;057540036036;100mN31965E42288;MC;NA;4;36;M;M;3039;NEP
057540036036-5095;057540036036;100mN31965E42288;MC;NA;4;11;S;F;0614;NEP
057540036036-5095;057540036036;100mN31965E42288;MC;NA;4;13;S;F;0614;NEP
057540036036-5096;057540036036;100mN32012E42284;MC;NA;3;43;M;F;4049;NEP
057540036036-5096;057540036036;100mN32012E42284;MC;NA;3;44;M;M;4049;EMP
057540036036-5096;057540036036;100mN32012E42284;MC;NA;3;15;S;F;1517;NEP
057540036036-5097;057540036036;100mN32010E42279;S;OS;1;51;S;M;5064;EMP
057540036036-5098;057540036036;100mN32012E42284;SF;NA;3;23;W;F;1824;EMP
057540036036-5098;057540036036;100mN32012E42284;SF;NA;3;4;S;M;0305;NEP
057540036036-5098;057540036036;100mN32012E42284;SF;NA;3;6;S;M;0614;NEP
057540036036-5099;057540036036;100mN32007E42282;PO;NA;4;47;S;M;4049;EMP
057540036036-5099;057540036036;100mN32007E42282;PO;NA;4;38;S;M;3039;EMP
057540036036-5099;057540036036;100mN32007E42282;PO;NA;4;10;S;M;0614;NEP
057540036036-5099;057540036036;100mN32007E42282;PO;NA;4;15;S;M;1517;EMP
057540036036-5100;057540036036;100mN31963E42306;MC;MIX;5;84;W;M;75XX;EMP
057540036036-5100;057540036036;100mN31963E42306;MC;MIX;5;56;M;M;5064;EMP
057540036036-5100;057540036036;100mN31963E42306;MC;MIX;5;47;M;F;4049;EMP
057540036036-5100;057540036036;100mN31963E42306;MC;MIX;5;16;S;F;1517;EMP
057540036036-5100;057540036036;100mN31963E42306;MC;MIX;5;15;S;M;1517;EMP
057540036036-5101;057540036036;100mN32012E42284;S;OS;1;41;M;M;4049;EMP
057540036036-5102;057540036036;100mN32012E42284;MC;NA;2;43;M;M;4049;EMP
057540036036-5102;057540036036;100mN32012E42284;MC;NA;2;41;M;F;4049;EMP
057540036036-5103;057540036036;100mN32012E42284;MC;NA;3;42;M;M;4049;EMP
057540036036-5103;057540036036;100mN32012E42284;MC;NA;3;40;M;F;4049;EMP
057540036036-5103;057540036036;100mN32012E42284;MC;NA;3;7;S;F;0614;NEP
057540036036-5104;057540036036;100mN32012E42284;MC;NA;3;40;M;F;4049;EMP
057540036036-5104;057540036036;100mN32012E42284;MC;NA;3;46;M;M;4049;NEP
057540036036-5104;057540036036;100mN32012E42284;MC;NA;3;15;S;M;1517;EMP
057540036036-5105;057540036036;100mN31993E42257;S;NA;1;61;M;M;5064;EMP
057540036036-5106;057540036036;100mN31965E42240;PO;NA;3;48;S;F;4049;NEP
057540036036-5106;057540036036;100mN31965E42240;PO;NA;3;46;S;F;4049;EMP
057540036036-5106;057540036036;100mN31965E42240;PO;NA;3;11;S;F;0614;NEP
057540036036-5107;057540036036;100mN32012E42284;MC;NA;2;52;M;F;5064;NEP
057540036036-5107;057540036036;100mN32012E42284;MC;NA;2;53;M;M;5064;EMP
057540036036-5108;057540036036;100mN31962E42260;S;NA;1;35;M;F;3039;EMP
057540036036-5109;057540036036;100mN32018E42242;MC;NA;3;40;M;F;4049;EMP
057540036036-5109;057540036036;100mN32018E42242;MC;NA;3;46;M;M;4049;EMP
057540036036-5109;057540036036;100mN32018E42242;MC;NA;3;23;M;M;1824;EMP
057540036036-5110;057540036036;100mN32018E42238;MC;NA;2;42;M;F;4049;EMP
057540036036-5110;057540036036;100mN32018E42238;MC;NA;2;43;M;M;4049;EMP
057540036036-5111;057540036036;100mN32018E42242;MC;OS;3;75;M;M;75XX;EMP
057540036036-5111;057540036036;100mN32018E42242;MC;OS;3;73;M;F;6574;EMP
057540036036-5111;057540036036;100mN32018E42242;MC;OS;3;69;S;F;6574;NEP
057540036036-5112;057540036036;100mN31987E42272;MC;MIX;2;73;M;F;6574;EMP
057540036036-5112;057540036036;100mN31987E42272;MC;MIX;2;6;S;M;0614;NEP
057540036036-5113;057540036036;100mN32018E42242;MC;NA;2;52;M;M;5064;EMP
057540036036-5113;057540036036;100mN32018E42242;MC;NA;2;45;M;F;4049;EMP
057540036036-5114;057540036036;100mN31999E42261;S;OS;1;32;S;M;3039;NEP
057540036036-5115;057540036036;100mN32008E42277;MC;MIX;2;75;M;M;75XX;EMP
057540036036-5115;057540036036;100mN32008E42277;MC;MIX;2;23;M;M;1824;UEP
057540036036-5116;057540036036;100mN32018E42242;S;NA;1;44;D;M;4049;EMP
057540036036-5117;057540036036;100mN32016E42289;SF;NA;4;40;S;F;4049;NEP
057540036036-5117;057540036036;100mN32016E42289;SF;NA;4;13;S;M;0614;NEP
057540036036-5117;057540036036;100mN32016E42289;SF;NA;4;22;D;F;1824;EMP
057540036036-5117;057540036036;100mN32016E42289;SF;NA;4;11;S;M;0614;NEP
057540036036-5118;057540036036;100mN32018E42242;MC;NA;2;43;M;M;4049;EMP
057540036036-5118;057540036036;100mN32018E42242;MC;NA;2;37;M;F;3039;NEP
057540036036-5119;057540036036;100mN31962E42307;MC;NA;6;25;M;M;2529;EMP
057540036036-5119;057540036036;100mN31962E42307;MC;NA;6;18;M;F;1824;EMP
057540036036-5119;057540036036;100mN31962E42307;MC;NA;6;4;S;M;0305;NEP
057540036036-5119;057540036036;100mN31962E42307;MC;NA;6;10;S;F;0614;NEP
057540036036-5119;057540036036;100mN31962E42307;MC;NA;6;7;S;M;0614;NEP
057540036036-5119;057540036036;100mN31962E42307;MC;NA;6;8;S;F;0614;NEP
057540036036-5120;057540036036;100mN32018E42242;S;NA;1;59;M;F;5064;NEP
057540036036-5121;057540036036;100mN31992E42256;S;OS;1;53;M;M;5064;EMP
057540036036-5122;057540036036;100mN32016E42290;SM;NA;4;53;S;M;5064;EMP
057540036036-5122;057540036036;100mN32016E42290;SM;NA;4;0;S;M;0003;NEP
057540036036-5122;057540036036;100mN32016E42290;SM;NA;4;15;S;M;1517;EMP
057540036036-5122;057540036036;100mN32016E42290;SM;NA;4;10;S;M;0614;NEP
057540036036-5123;057540036036;100mN32009E42277;MC;NA;2;60;M;F;5064;NEP
057540036036-5123;057540036036;100mN32009E42277;MC;NA;2;63;M;M;5064;EMP
057540036036-5124;057540036036;100mN32005E42280;MC;MIX;6;67;M;M;6574;UEP
057540036036-5124;057540036036;100mN32005E42280;MC;MIX;6;50;M;F;5064;EMP
057540036036-5124;057540036036;100mN32005E42280;MC;MIX;6;52;M;M;5064;EMP
057540036036-5124;057540036036;100mN32005E42280;MC;MIX;6;35;S;F;3039;EMP
057540036036-5124;057540036036;100mN32005E42280;MC;MIX;6;0;S;M;0003;NEP
057540036036-5124;057540036036;100mN32005E42280;MC;MIX;6;9;S;M;0614;NEP
057540036036-5125;057540036036;100mN31976E42254;MC;NA;5;37;M;M;3039;EMP
057540036036-5125;057540036036;100mN31976E42254;MC;NA;5;33;M;F;3039;NEP
057540036036-5125;057540036036;100mN31976E42254;MC;NA;5;7;S;F;0614;NEP
057540036036-5125;057540036036;100mN31976E42254;MC;NA;5;4;S;F;0305;NEP
057540036036-5125;057540036036;100mN31976E42254;MC;NA;5;20;M;F;1824;NEP
057540036036-5126;057540036036;100mN31976E42254;MC;OS;5;65;M;M;6574;NEP
057540036036-5126;057540036036;100mN31976E42254;MC;OS;5;80;M;F;75XX;EMP
057540036036-5126;057540036036;100mN31976E42254;MC;OS;5;68;M;M;6574;EMP
057540036036-5126;057540036036;100mN31976E42254;MC;OS;5;72;M;F;6574;NEP
057540036036-5126;057540036036;100mN31976E42254;MC;OS;5;66;M;M;6574;EMP
057540036036-5127;057540036036;100mN31999E42255;MC;NA;4;41;M;F;4049;NEP
057540036036-5127;057540036036;100mN31999E42255;MC;NA;4;53;M;M;5064;EMP
057540036036-5127;057540036036;100mN31999E42255;MC;NA;4;20;S;M;1824;NEP
057540036036-5127;057540036036;100mN31999E42255;MC;NA;4;13;S;M;0614;NEP
057540036036-5128;057540036036;100mN32017E42295;S;NA;1;58;M;M;5064;EMP
057540036036-5129;057540036036;100mN32017E42295;S;NA;1;44;M;F;4049;EMP
057540036036-5130;057540036036;100mN32017E42295;MC;NA;3;19;M;F;1824;NEP
057540036036-5130;057540036036;100mN32017E42295;MC;NA;3;53;M;M;5064;NEP
057540036036-5130;057540036036;100mN32017E42295;MC;NA;3;1;S;M;0003;NEP
057540036036-5131;057540036036;100mN32004E42290;MC;NA;3;51;M;M;5064;EMP
057540036036-5131;057540036036;100mN32004E42290;MC;NA;3;18;M;F;1824;NEP
057540036036-5131;057540036036;100mN32004E42290;MC;NA;3;7;S;F;0614;NEP
057540036036-5132;057540036036;100mN32001E42257;S;NA;1;45;D;F;4049;EMP
057540036036-5133;057540036036;100mN32017E42253;S;NA;1;46;D;F;4049;NEP
057540036036-5134;057540036036;100mN31968E42249;S;OS;1;33;M;F;3039;EMP
057540036036-5135;057540036036;100mN32004E42286;MC;NA;4;48;M;M;4049;EMP
057540036036-5135;057540036036;100mN32004E42286;MC;NA;4;51;M;F;5064;EMP
057540036036-5135;057540036036;100mN32004E42286;MC;NA;4;4;S;F;0305;NEP
057540036036-5135;057540036036;100mN32004E42286;MC;NA;4;15;S;F;1517;EMP
057540036036-5136;057540036036;100mN31976E42253;MC;MIX;2;82;M;F;75XX;NEP
057540036036-5136;057540036036;100mN31976E42253;MC;MIX;2;59;S;F;5064;EMP
057540036036-5137;057540036036;100mN32004E42290;MC;NA;4;27;M;M;2529;EMP
057540036036-5137;057540036036;100mN32004E42290;MC;NA;4;26;M;F;2529;EMP
057540036036-5137;057540036036;100mN32004E42290;MC;NA;4;4;S;M;0305;NEP
057540036036-5137;057540036036;100mN32004E42290;MC;NA;4;12;S;M;0614;NEP
057540036036-5138;057540036036;100mN31993E42259;MC;OS;3;70;M;M;6574;EMP
057540036036-5138;057540036036;100mN31993E42259;MC;OS;3;69;M;F;6574;NEP
057540036036-5138;057540036036;100mN31993E42259;MC;OS;3;78;W;F;75XX;EMP
057540036036-5139;057540036036;100mN31986E42272;MC;OS;5;70;M;M;6574;NEP
057540036036-5139;057540036036;100mN31986E42272;MC;OS;5;73;M;F;6574;NEP
057540036036-5139;057540036036;100mN31986E42272;MC;OS;5;84;W;F;75XX;NEP
057540036036-5139;057540036036;100mN31986E42272;MC;OS;5;83;D;F;75XX;EMP
057540036036-5139;057540036036;100mN31986E42272;MC;OS;5;70;S;F;6574;EMP
057540036036-5140;057540036036;100mN32004E42290;S;NA;1;62;D;F;5064;EMP
057540036036-5141;057540036036;100mN32018E42290;MC;NA;4;52;M;M;5064;EMP
057540036036-5141;057540036036;100mN32018E42290;MC;NA;4;44;M;F;4049;EMP
057540036036-5141;057540036036;100mN32018E42290;MC;NA;4;6;S;M;0614;NEP
057540036036-5141;057540036036;100mN32018E42290;MC;NA;4;12;S;M;0614;NEP
057540036036-5142;057540036036;100mN31995E42258;S;OS;1;58;D;M;5064;EMP
057540036036-5143;057540036036;100mN32004E42290;MC;NA;6;28;M;F;2529;EMP
057540036036-5143;057540036036;100mN32004E42290;MC;NA;6;31;M;M;3039;EMP
057540036036-5143;057540036036;100mN32004E42290;MC;NA;6;6;S;F;0614;NEP
057540036036-5143;057540036036;100mN32004E42290;MC;NA;6;11;S;M;0614;NEP
057540036036-5143;057540036036;100mN32004E42290;MC;NA;6;3;S;M;0305;NEP
057540036036-5143;057540036036;100mN32004E42290;MC;NA;6;11;S;M;0614;NEP
057540036036-5144;057540036036;100mN32004E42290;MC;OS;4;81;M;M;75XX;EMP
057540036036-5144;057540036036;100mN32004E42290;MC;OS;4;79;M;F;75XX;EMP
057540036036-5144;057540036036;100mN32004E42290;MC;OS;4;73;D;F;6574;EMP
057540036036-5144;057540036036;100mN32004E42290;MC;OS;4;86;M;M;75XX;EMP
057540036036-5145;057540036036;100mN32004E42290;S;NA;1;34;D;F;3039;NEP
057540036036-5146;057540036036;100mN32004E42290;MC;NA;2;43;M;F;4049;EMP
057540036036-5146;057540036036;100mN32004E42290;MC;NA;2;41;M;M;4049;NEP
057540036036-5147;057540036036;100mN32004E42290;MC;NA;2;54;M;M;5064;EMP
057540036036-5147;057540036036;100mN32004E42290;MC;NA;2;51;M;F;5064;EMP
057540036036-5148;057540036036;100mN32004E42290;S;NA;1;31;M;F;3039;NEP
057540036036-5149;057540036036;100mN32000E42305;MC;MIX;3;66;M;F;6574;EMP
057540036036-5149;057540036036;100mN32000E42305;MC;MIX;3;32;M;M;3039;EMP
057540036036-5149;057540036036;100mN32000E42305;MC;MIX;3;28;M;F;2529;NEP
057540036036-5150;057540036036;100mN32000E42305;SF;NA;6;66;S;F;6574;EMP
057540036036-5150;057540036036;100mN32000E42305;SF;NA;6;26;D;F;2529;NEP
057540036036-5150;057540036036;100mN32000E42305;SF;NA;6;2;S;M;0003;NEP
057540036036-5150;057540036036;100mN32000E42305;SF;NA;6;10;S;F;0614;NEP
057540036036-5150;057540036036;100mN32000E42305;SF;NA;6;3;S;F;0305;NEP
057540036036-5150;057540036036;100mN32000E42305;SF;NA;6;15;S;F;1517;EMP
057540036036-5151;057540036036;100mN32000E42305;MC;OS;4;72;M;M;6574;EMP
057540036036-5151;057540036036;100mN32000E42305;MC;OS;4;65;M;F;6574;NEP
057540036036-5151;057540036036;100mN32000E42305;MC;OS;4;65;M;F;6574;EMP
057540036036-5151;057540036036;100mN32000E42305;MC;OS;4;65;M;M;6574;EMP
057540036036-5152;057540036036;100mN32000E42305;S;NA;1;60;M;F;5064;EMP
057540036036-5153;057540036036;100mN32010E42277;MC;NA;2;31;M;F;3039;EMP
057540036036-5153;057540036036;100mN32010E42277;MC;NA;2;31;M;M;3039;EMP
057540036036-5154;057540036036;100mN32017E42243;MC;NA;2;51;M;F;5064;NEP
057540036036-5154;057540036036;100mN32017E42243;MC;NA;2;54;M;M;5064;EMP
057540036036-5155;057540036036;100mN32017E42243;S;NA;1;16;S;M;1517;EMP
057540036036-5156;057540036036;100mN32017E42243;MC;MIX;3;66;S;M;6574;EMP
057540036036-5156;057540036036;100mN32017E42243;MC;MIX;3;41;M;M;4049;EMP
057540036036-5156;057540036036;100mN32017E42243;MC;MIX;3;33;M;F;3039;EMP
057540036036-5157;057540036036;100mN32017E42243;MC;NA;2;53;M;M;5064;EMP
057540036036-5157;057540036036;100mN32017E42243;MC;NA;2;18;M;F;1824;NEP
057540036036-5158;057540036036;100mN32017E42243;MC;OS;4;85;M;F;75XX;NEP
057540036036-5158;057540036036;100mN32017E42243;MC;OS;4;85;M;M;75XX;EMP
057540036036-5158;057540036036;100mN32017E42243;MC;OS;4;69;M;M;6574;EMP
057540036036-5158;057540036036;100mN32017E42243;MC;OS;4;69;M;F;6574;NEP
057540036036-5159;057540036036;100mN32017E42243;S;NA;1;48;M;F;4049;NEP
057540036036-5160;057540036036;100mN32019E42247;MC;NA;2;52;M;F;5064;NEP
057540036036-5160;057540036036;100mN32019E42247;MC;NA;2;18;M;M;1824;EMP
057540036036-5161;057540036036;100mN32012E42289;PO;NA;2;36;S;M;3039;NEP
057540036036-5161;057540036036;100mN32012E42289;PO;NA;2;30;S;M;3039;NEP
057540036036-5162;057540036036;100mN32012E42289;MC;NA;2;44;M;M;4049;EMP
057540036036-5162;057540036036;100mN32012E42289;MC;NA;2;42;M;F;4049;EMP
057540036036-5163;057540036036;100mN32012E42289;MC;NA;4;48;M;M;4049;NEP
057540036036-5163;057540036036;100mN32012E42289;MC;NA;4;55;M;F;5064;NEP
057540036036-5163;057540036036;100mN32012E42289;MC;NA;4;0;S;M;0003;NEP
057540036036-5163;057540036036;100mN32012E42289;MC;NA;4;4;S;F;0305;NEP
057540036036-5164;057540036036;100mN32012E42289;MC;OS;2;89;M;F;75XX;NEP
057540036036-5164;057540036036;100mN32012E42289;MC;OS;2;18;M;M;1824;EMP
057540036036-5165;057540036036;100mN32008E42289;MC;OS;4;79;M;M;75XX;EMP
057540036036-5165;057540036036;100mN32008E42289;MC;OS;4;77;M;F;75XX;NEP
057540036036-5165;057540036036;100mN32008E42289;MC;OS;4;83;S;M;75XX;NEP
057540036036-5165;057540036036;100mN32008E42289;MC;OS;4;87;D;F;75XX;EMP
057540036036-5166;057540036036;100mN31976E42275;PO;MIX;2;65;S;M;6574;EMP
057540036036-5166;057540036036;100mN31976E42275;PO;MIX;2;60;S;F;5064;NEP
057540036036-5167;057540036036;100mN32007E42249;MC;OS;2;70;M;F;6574;EMP
057540036036-5167;057540036036;100mN32007E42249;MC;OS;2;76;M;M;75XX;NEP
057540036036-5168;057540036036;100mN32012E42289;S;NA;1;62;D;F;5064;EMP
057540036036-5169;057540036036;100mN32004E42280;MC;OS;2;77;M;M;75XX;EMP
057540036036-5169;057540036036;100mN32004E42280;MC;OS;2;82;M;F;75XX;EMP
057540036036-5170;057540036036;100mN32012E42289;MC;NA;2;25;M;M;2529;EMP
057540036036-5170;057540036036;100mN32012E42289;MC;NA;2;33;M;F;3039;EMP
057540036036-5171;057540036036;100mN32012E42289;S;NA;1;60;M;F;5064;NEP
057540036036-5172;057540036036;100mN31989E42260;PO;NA;4;61;S;F;5064;EMP
057540036036-5172;057540036036;100mN31989E42260;PO;NA;4;53;S;F;5064;EMP
057540036036-5172;057540036036;100mN31989E42260;PO;NA;4;9;S;F;0614;NEP
057540036036-5172;057540036036;100mN31989E42260;PO;NA;4;9;S;M;0614;NEP
057540036036-5173;057540036036;100mN31995E42284;S;NA;1;50;M;M;5064;NEP
057540036036-5174;057540036036;100mN31999E42254;S;NA;1;34;D;F;3039;NEP
057540036036-5175;057540036036;100mN32013E42237;MC;NA;2;46;M;M;4049;EMP
057540036036-5175;057540036036;100mN32013E42237;MC;NA;2;47;M;F;4049;NEP
057540036036-5176;057540036036;100mN32013E42237;MC;NA;2;47;M;F;4049;NEP
057540036036-5176;057540036036;100mN32013E42237;MC;NA;2;50;M;M;5064;EMP
057540036036-5177;057540036036;100mN32013E42237;S;OS;1;55;M;F;5064;EMP
057540036036-5178;057540036036;100mN32013E42237;MC;OS;3;87;M;M;75XX;EMP
057540036036-5178;057540036036;100mN32013E42237;MC;OS;3;80;M;F;75XX;EMP
057540036036-5178;057540036036;100mN32013E42237;MC;OS;3;70;S;F;6574;NEP
057540036036-5179;057540036036;100mN32008E42250;MC;NA;2;62;M;M;5064;EMP
057540036036-5179;057540036036;100mN32008E42250;MC;NA;2;53;M;F;5064;NEP
057540036036-5180;057540036036;100mN32004E42277;MC;NA;3;27;M;F;2529;EMP
057540036036-5180;057540036036;100mN32004E42277;MC;NA;3;30;M;M;3039;EMP
057540036036-5180;057540036036;100mN32004E42277;MC;NA;3;7;S;M;0614;NEP
057540036036-5181;057540036036;100mN32008E42255;PO;OS;3;69;S;M;6574;EMP
057540036036-5181;057540036036;100mN32008E42255;PO;OS;3;69;S;M;6574;EMP
057540036036-5181;057540036036;100mN32008E42255;PO;OS;3;89;M;F;75XX;NEP
057540036036-5182;057540036036;100mN31963E42307;PO;OS;2;88;S;M;75XX;NEP
057540036036-5182;057540036036;100mN31963E42307;PO;OS;2;86;S;F;75XX;NEP
057540036036-5183;057540036036;100mN32008E42255;MC;MIX;2;75;M;F;75XX;EMP
057540036036-5183;057540036036;100mN32008E42255;MC;MIX;2;46;M;F;4049;NEP
057540036036-5184;057540036036;100mN32013E42286;MC;NA;4;63;M;M;5064;EMP
057540036036-5184;057540036036;100mN32013E42286;MC;NA;4;55;M;F;5064;EMP
057540036036-5184;057540036036;100mN32013E42286;MC;NA;4;46;M;F;4049;NEP
057540036036-5184;057540036036;100mN32013E42286;MC;NA;4;0;S;F;0003;NEP
057540036036-5185;057540036036;100mN32008E42255;MC;NA;3;63;M;M;5064;EMP
057540036036-5185;057540036036;100mN32008E42255;MC;NA;3;45;M;F;4049;NEP
057540036036-5185;057540036036;100mN32008E42255;MC;NA;3;11;S;F;0614;NEP
057540036036-5186;057540036036;100mN32021E42241;MC;OS;5;69;M;F;6574;NEP
057540036036-5186;057540036036;100mN32021E42241;MC;OS;5;70;M;M;6574;EMP
057540036036-5186;057540036036;100mN32021E42241;MC;OS;5;88;S;M;75XX;EMP
057540036036-5186;057540036036;100mN32021E42241;MC;OS;5;65;M;F;6574;NEP
057540036036-5186;057540036036;100mN32021E42241;MC;OS;5;86;W;F;75XX;EMP
057540036036-5187;057540036036;100mN32008E42255;MC;NA;2;43;M;M;4049;EMP
057540036036-5187;057540036036;100mN32008E42255;MC;NA;2;43;M;F;4049;EMP
057540036036-5188;057540036036;100mN31990E42263;S;NA;1;42;M;M;4049;NEP
057540036036-5189;057540036036;100mN32004E42258;S;NA;1;55;W;F;5064;NEP
057540036036-5190;057540036036;100mN32008E42255;MC;OS;4;87;M;F;75XX;EMP
057540036036-5190;057540036036;100mN32008E42255;MC;OS;4;47;M;F;4049;NEP
057540036036-5190;057540036036;100mN32008E42255;MC;OS;4;65;S;M;6574;EMP
057540036036-5190;057540036036;100mN32008E42255;MC;OS;4;88;M;F;75XX;EMP
057540036036-5191;057540036036;100mN32022E42250;S;OS;1;70;M;M;6574;EMP
057540036036-5192;057540036036;100mN32008E42255;MC;NA;4;41;M;F;4049;EMP
057540036036-5192;057540036036;100mN32008E42255;MC;NA;4;40;M;M;4049;EMP
057540036036-5192;057540036036;100mN32008E42255;MC;NA;4;13;S;F;0614;NEP
057540036036-5192;057540036036;100mN32008E42255;MC;NA;4;3;S;F;0305;NEP
057540036036-5193;057540036036;100mN32008E42255;SF;MIX;2;69;S;F;6574;NEP
057540036036-5193;057540036036;100mN32008E42255;SF;MIX;2;3;S;M;0305;NEP
057540036036-5194;057540036036;100mN31999E42254;MC;OS;2;88;M;M;75XX;EMP
057540036036-5194;057540036036;100mN31999E42254;MC;OS;2;80;M;F;75XX;EMP
057540036036-5195;057540036036;100mN31965E42255;MC;NA;2;46;M;M;4049;EMP
057540036036-5195;057540036036;100mN31965E42255;MC;NA;2;40;M;F;4049;NEP
057540036036-5196;057540036036;100mN32012E42243;MC;MIX;4;66;M;M;6574;EMP
057540036036-5196;057540036036;100mN32012E42243;MC;MIX;4;20;M;M;1824;EMP
057540036036-5196;057540036036;100mN32012E42243;MC;MIX;4;34;M;F;3039;EMP
057540036036-5196;057540036036;100mN32012E42243;MC;MIX;4;4;S;M;0305;NEP
057540036036-5197;057540036036;100mN31993E42261;MC;NA;2;35;M;M;3039;UEP
057540036036-5197;057540036036;100mN31993E42261;MC;NA;2;34;M;F;3039;EMP
057540036036-5198;057540036036;100mN31994E42283;MC;MIX;2;68;M;M;6574;EMP
057540036036-5198;057540036036;100mN31994E42283;MC;MIX;2;63;M;F;5064;EMP
057540036036-5199;057540036036;100mN31994E42283;S;OS;1;75;M;F;75XX;EMP
057540036036-5200;057540036036;100mN32010E42252;MC;NA;3;50;M;M;5064;EMP
057540036036-5200;057540036036;100mN32010E42252;MC;NA;3;53;M;F;5064;NEP
057540036036-5200;057540036036;100mN32010E42252;MC;NA;3;4;S;M;0305;NEP
057540036036-5201;057540036036;100mN31994E42283;SM;NA;4;62;D;M;5064;EMP
057540036036-5201;057540036036;100mN31994E42283;SM;NA;4;7;S;M;0614;NEP
057540036036-5201;057540036036;100mN31994E42283;SM;NA;4;13;S;F;0614;NEP
057540036036-5201;057540036036;100mN31994E42283;SM;NA;4;26;S;M;2529;EMP
057540036036-5202;057540036036;100mN32019E42231;MC;MIX;5;70;S;M;6574;NEP
057540036036-5202;057540036036;100mN32019E42231;MC;MIX;5;44;M;F;4049;EMP
057540036036-5202;057540036036;100mN32019E42231;MC;MIX;5;48;M;M;4049;EMP
057540036036-5202;057540036036;100mN32019E42231;MC;MIX;5;6;S;M;0614;NEP
057540036036-5202;057540036036;100mN32019E42231;MC;MIX;5;22;W;F;1824;EMP
057540036036-5203;057540036036;100mN31999E42255;MC;MIX;2;82;M;F;75XX;NEP
057540036036-5203;057540036036;100mN31999E42255;MC;MIX;2;59;W;F;5064;EMP
057540036036-5204;057540036036;100mN31963E42306;MC;MIX;5;84;W;M;75XX;EMP
057540036036-5204;057540036036;100mN31963E42306;MC;MIX;5;56;M;M;5064;EMP
057540036036-5204;057540036036;100mN31963E42306;MC;MIX;5;47;M;F;4049;EMP
057540036036-5204;057540036036;100mN31963E42306;MC;MIX;5;16;S;F;1517;EMP
057540036036-5204;057540036036;100mN31963E42306;MC;MIX;5;15;S;M;1517;EMP
057540036036-5205;057540036036;100mN31994E42283;MC;NA;4;18;M;M;1824;NEP
057540036036-5205;057540036036;100mN31994E42283;MC;NA;4;18;M;F;1824;NEP
057540036036-5205;057540036036;100mN31994E42283;MC;NA;4;3;S;F;0305;NEP
057540036036-5205;057540036036;100mN31994E42283;MC;NA;4;0;S;F;0003;NEP
057540036036-5206;057540036036;100mN31988E42298;S;OS;1;28;D;M;2529;EMP
057540036036-5207;057540036036;100mN32012E42226;S;NA;1;40;M;M;4049;EMP
057540036036-5208;057540036036;100mN31976E42256;MC;NA;3;50;M;M;5064;NEP
057540036036-5208;057540036036;100mN31976E42256;MC;NA;3;48;M;F;4049;EMP
057540036036-5208;057540036036;100mN31976E42256;MC;NA;3;35;M;F;3039;EMP
057540036036-5209;057540036036;100mN32012E42226;MC;OS;2;68;M;M;6574;EMP
057540036036-5209;057540036036;100mN32012E42226;MC;OS;2;86;M;F;75XX;EMP
057540036036-5210;057540036036;100mN32012E42226;MC;NA;2;58;M;M;5064;EMP
057540036036-5210;057540036036;100mN32012E42226;MC;NA;2;58;M;F;5064;EMP
057540036036-5211;057540036036;100mN32012E42226;MC;NA;2;43;M;M;4049;EMP
057540036036-5211;057540036036;100mN32012E42226;MC;NA;2;37;M;F;3039;NEP
057540036036-5212;057540036036;100mN31962E42308;PO;NA;4;25;S;M;2529;EMP
057540036036-5212;057540036036;100mN31962E42308;PO;NA;4;22;S;F;1824;EMP
057540036036-5212;057540036036;100mN31962E42308;PO;NA;4;10;S;F;0614;NEP
057540036036-5212;057540036036;100mN31962E42308;PO;NA;4;7;S;F;0614;NEP
057540036036-5213;057540036036;100mN32012E42226;MC;MIX;4;81;D;M;75XX;NEP
057540036036-5213;057540036036;100mN32012E42226;MC;MIX;4;51;M;M;5064;EMP
057540036036-5213;057540036036;100mN32012E42226;MC;MIX;4;47;M;F;4049;EMP
057540036036-5213;057540036036;100mN32012E42226;MC;MIX;4;23;M;F;1824;EMP
057540036036-5214;057540036036;100mN32012E42226;NA;OS;4;72;S;F;6574;NEP
057540036036-5214;057540036036;100mN32012E42226;NA;OS;4;57;D;M;5064;EMP
057540036036-5214;057540036036;100mN32012E42226;NA;OS;4;83;M;M;75XX;EMP
057540036036-5214;057540036036;100mN32012E42226;NA;OS;4;61;M;M;5064;NEP
057540036036-5215;057540036036;100mN31993E42268;MC;NA;3;26;M;M;2529;EMP
057540036036-5215;057540036036;100mN31993E42268;MC;NA;3;25;M;F;2529;NEP
057540036036-5215;057540036036;100mN31993E42268;MC;NA;3;8;S;M;0614;NEP
057540036036-5216;057540036036;100mN32012E42226;S;NA;1;60;M;F;5064;EMP
057540036036-5217;057540036036;100mN32009E42253;MC;NA;4;34;M;M;3039;EMP
057540036036-5217;057540036036;100mN32009E42253;MC;NA;4;35;M;F;3039;EMP
057540036036-5217;057540036036;100mN32009E42253;MC;NA;4;18;D;M;1824;EMP
057540036036-5217;057540036036;100mN32009E42253;MC;NA;4;11;S;F;0614;NEP
057540036036-5218;057540036036;100mN32007E42287;S;OS;1;54;M;M;5064;EMP
057540036036-5219;057540036036;100mN32009E42249;MC;NA;2;61;M;M;5064;EMP
057540036036-5219;057540036036;100mN32009E42249;MC;NA;2;57;M;F;5064;NEP
057540036036-5220;057540036036;100mN31996E42256;S;OS;1;50;M;M;5064;EMP
057540036036-5221;057540036036;100mN31996E42256;MC;OS;4;67;M;M;6574;EMP
057540036036-5221;057540036036;100mN31996E42256;MC;OS;4;65;M;F;6574;NEP
057540036036-5221;057540036036;100mN31996E42256;MC;OS;4;80;W;M;75XX;EMP
057540036036-5221;057540036036;100mN31996E42256;MC;OS;4;66;M;M;6574;EMP
057540036036-5222;057540036036;100mN31996E42256;MC;NA;2;37;M;M;3039;EMP
057540036036-5222;057540036036;100mN31996E42256;MC;NA;2;35;M;F;3039;EMP
057540036036-5223;057540036036;100mN31996E42256;MC;NA;4;63;M;M;5064;EMP
057540036036-5223;057540036036;100mN31996E42256;MC;NA;4;54;M;F;5064;EMP
057540036036-5223;057540036036;100mN31996E42256;MC;NA;4;10;S;F;0614;NEP
057540036036-5223;057540036036;100mN31996E42256;MC;NA;4;44;M;M;4049;EMP
057540036036-5224;057540036036;100mN31996E42256;S;OS;1;36;S;M;3039;EMP
057540036036-5225;057540036036;100mN32022E42253;PO;MIX;4;69;M;M;6574;EMP
057540036036-5225;057540036036;100mN32022E42253;PO;MIX;4;46;S;F;4049;EMP
057540036036-5225;057540036036;100mN32022E42253;PO;MIX;4;48;S;F;4049;EMP
057540036036-5225;057540036036;100mN32022E42253;PO;MIX;4;11;S;F;0614;NEP
057540036036-5226;057540036036;100mN31996E42256;MC;NA;4;46;M;F;4049;NEP
057540036036-5226;057540036036;100mN31996E42256;MC;NA;4;46;M;M;4049;EMP
057540036036-5226;057540036036;100mN31996E42256;MC;NA;4;9;S;F;0614;NEP
057540036036-5226;057540036036;100mN31996E42256;MC;NA;4;3;S;F;0305;NEP
057540036036-5227;057540036036;100mN31996E42256;MC;NA;2;41;M;M;4049;EMP
057540036036-5227;057540036036;100mN31996E42256;MC;NA;2;35;M;F;3039;EMP
057540036036-5228;057540036036;100mN31996E42256;S;NA;1;30;S;F;3039;EMP
057540036036-5229;057540036036;100mN32018E42237;PO;NA;3;48;S;F;4049;EMP
057540036036-5229;057540036036;100mN32018E42237;PO;NA;3;53;S;F;5064;EMP
057540036036-5229;057540036036;100mN32018E42237;PO;NA;3;30;D;F;3039;EMP
057540036036-5230;057540036036;100mN31996E42256;MC;NA;2;41;M;M;4049;NEP
057540036036-5230;057540036036;100mN31996E42256;MC;NA;2;40;M;F;4049;NEP
057540036036-5231;057540036036;100mN32018E42289;MC;NA;3;47;M;F;4049;EMP
057540036036-5231;057540036036;100mN32018E42289;MC;NA;3;51;M;M;5064;EMP
057540036036-5231;057540036036;100mN32018E42289;MC;NA;3;13;S;M;0614;NEP
057540036036-5232;057540036036;100mN31987E42260;MC;NA;2;48;M;M;4049;EMP
057540036036-5232;057540036036;100mN31987E42260;MC;NA;2;50;M;F;5064;NEP
057540036036-5233;057540036036;100mN31987E42260;SF;NA;2;43;W;F;4049;EMP
057540036036-5233;057540036036;100mN31987E42260;SF;NA;2;6;S;M;0614;NEP
057540036036-5234;057540036036;100mN32008E42287;S;NA;1;22;D;M;1824;EMP
057540036036-5235;057540036036;100mN32008E42282;MC;NA;2;43;M;F;4049;NEP
057540036036-5235;057540036036;100mN32008E42282;MC;NA;2;44;M;M;4049;EMP
057540036036-5236;057540036036;100mN31987E42260;MC;OS;3;67;M;F;6574;NEP
057540036036-5236;057540036036;100mN31987E42260;MC;OS;3;73;M;M;6574;EMP
057540036036-5236;057540036036;100mN31987E42260;MC;OS;3;67;W;F;6574;EMP
057540036036-5237;057540036036;100mN31987E42260;S;NA;1;37;M;F;3039;EMP
057540036036-5238;057540036036;100mN31987E42260;MC;NA;2;19;M;M;1824;NEP
057540036036-5238;057540036036;100mN31987E42260;MC;NA;2;18;M;F;1824;EMP
057540036036-5239;057540036036;100mN31987E42260;MC;OS;2;68;M;M;6574;EMP
057540036036-5239;057540036036;100mN31987E42260;MC;OS;2;67;M;F;6574;EMP
057540036036-5240;057540036036;100mN31987E42260;MC;OS;2;69;M;F;6574;EMP
057540036036-5240;057540036036;100mN31987E42260;MC;OS;2;71;M;M;6574;NEP
057540036036-5241;057540036036;100mN31994E42302;SF;NA;2;44;W;F;4049;EMP
057540036036-5241;057540036036;100mN31994E42302;SF;NA;2;2;S;F;0003;NEP
057540036036-5242;057540036036;100mN31994E42302;MC;OS;2;69;M;M;6574;EMP
057540036036-5242;057540036036;100mN31994E42302;MC;OS;2;68;M;F;6574;EMP
057540036036-5243;057540036036;100mN31994E42302;MC;NA;3;58;M;M;5064;EMP
057540036036-5243;057540036036;100mN31994E42302;MC;NA;3;57;M;F;5064;NEP
057540036036-5243;057540036036;100mN31994E42302;MC;NA;3;13;S;F;0614;NEP
057540036036-5244;057540036036;100mN31993E42258;MC;OS;3;69;M;M;6574;EMP
057540036036-5244;057540036036;100mN31993E42258;MC;OS;3;65;M;F;6574;NEP
057540036036-5244;057540036036;100mN31993E42258;MC;OS;3;89;M;M;75XX;NEP
057540036036-5245;057540036036;100mN31993E42258;MC;NA;4;36;M;M;3039;EMP
057540036036-5245;057540036036;100mN31993E42258;MC;NA;4;35;M;F;3039;EMP
057540036036-5245;057540036036;100mN31993E42258;MC;NA;4;15;S;M;1517;EMP
057540036036-5245;057540036036;100mN31993E42258;MC;NA;4;1;S;M;0003;NEP
057540036036-5246;057540036036;100mN31993E42258;MC;NA;4;35;M;M;3039;NEP
057540036036-5246;057540036036;100mN31993E42258;MC;NA;4;34;M;F;3039;NEP
057540036036-5246;057540036036;100mN31993E42258;MC;NA;4;3;S;M;0305;NEP
057540036036-5246;057540036036;100mN31993E42258;MC;NA;4;2;S;M;0003;NEP
057540036036-5247;057540036036;100mN31993E42258;S;NA;1;50;M;M;5064;EMP
057540036036-5248;057540036036;100mN31993E42258;NA;OS;2;44;M;M;4049;NEP
057540036036-5248;057540036036;100mN31993E42258;NA;OS;2;16;S;F;1517;EMP
057540036036-5249;057540036036;100mN32021E42247;MC;NA;3;43;M;M;4049;NEP
057540036036-5249;057540036036;100mN32021E42247;MC;NA;3;37;M;F;3039;EMP
057540036036-5249;057540036036;100mN32021E42247;MC;NA;3;8;S;F;0614;NEP
057540036036-5250;057540036036;100mN32021E42247;MC;NA;6;59;M;F;5064;NEP
057540036036-5250;057540036036;100mN32021E42247;MC;NA;6;61;M;M;5064;EMP
057540036036-5250;057540036036;100mN32021E42247;MC;NA;6;12;S;F;0614;NEP
057540036036-5250;057540036036;100mN32021E42247;MC;NA;6;10;S;M;0614;NEP
057540036036-5250;057540036036;100mN32021E42247;MC;NA;6;2;S;F;0003;NEP
057540036036-5250;057540036036;100mN32021E42247;MC;NA;6;4;S;M;0305;NEP
057540036036-5251;057540036036;100mN31991E42256;S;NA;1;71;S;F;6574;NEP
057540036036-5252;057540036036;100mN32003E42290;SF;NA;2;47;D;F;4049;EMP
057540036036-5252;057540036036;100mN32003E42290;SF;NA;2;0;S;F;0003;NEP
057540036036-5253;057540036036;100mN32021E42247;NA;OS;3;60;S;F;5064;EMP
057540036036-5253;057540036036;100mN32021E42247;NA;OS;3;22;M;M;1824;EMP
057540036036-5253;057540036036;100mN32021E42247;NA;OS;3;23;S;M;1824;NEP
057540036036-5254;057540036036;100mN32005E42283;MC;NA;3;62;M;F;5064;EMP
057540036036-5254;057540036036;100mN32005E42283;MC;NA;3;62;M;M;5064;EMP
057540036036-5254;057540036036;100mN32005E42283;MC;NA;3;25;S;M;2529;EMP
057540036036-5255;057540036036;100mN31991E42262;SM;NA;3;69;S;M;6574;EMP
057540036036-5255;057540036036;100mN31991E42262;SM;NA;3;9;S;F;0614;NEP
057540036036-5255;057540036036;100mN31991E42262;SM;NA;3;38;M;M;3039;EMP
057540036036-5256;057540036036;100mN32021E42247;MC;NA;2;55;M;M;5064;EMP
057540036036-5256;057540036036;100mN32021E42247;MC;NA;2;54;M;F;5064;NEP
057540036036-5257;057540036036;100mN32005E42281;PO;NA;3;41;S;M;4049;EMP
057540036036-5257;057540036036;100mN32005E42281;PO;NA;3;40;S;M;4049;NEP
057540036036-5257;057540036036;100mN32005E42281;PO;NA;3;12;S;M;0614;NEP
057540036036-5258;057540036036;100mN31991E42256;S;NA;1;40;M;F;4049;EMP
057540036036-5259;057540036036;100mN32009E42279;MC;NA;4;34;M;M;3039;EMP
057540036036-5259;057540036036;100mN32009E42279;MC;NA;4;26;M;F;2529;NEP
057540036036-5259;057540036036;100mN32009E42279;MC;NA;4;18;D;M;1824;EMP
057540036036-5259;057540036036;100mN32009E42279;MC;NA;4;18;S;F;1824;EMP
057540036036-5260;057540036036;100mN31987E42272;MC;OS;2;65;M;M;6574;EMP
057540036036-5260;057540036036;100mN31987E42272;MC;OS;2;69;M;F;6574;NEP
057540036036-5261;057540036036;100mN31991E42256;S;NA;1;71;S;F;6574;NEP
057540036036-5262;057540036036;100mN31973E42252;S;NA;1;19;M;F;1824;EMP
057540036036-5263;057540036036;100mN31991E42256;S;OS;1;52;M;F;5064;EMP
057540036036-5264;057540036036;100mN31991E42256;MC;NA;3;37;M;F;3039;EMP
057540036036-5264;057540036036;100mN31991E42256;MC;NA;3;40;M;M;4049;EMP
057540036036-5264;057540036036;100mN31991E42256;MC;NA;3;3;S;F;0305;NEP
057540036036-5265;057540036036;100mN31991E42256;MC;OS;2;78;M;F;75XX;NEP
057540036036-5265;057540036036;100mN31991E42256;MC;OS;2;81;M;M;75XX;EMP
057540036036-5266;057540036036;100mN32011E42228;MC;NA;2;51;M;F;5064;NEP
057540036036-5266;057540036036;100mN32011E42228;MC;NA;2;51;M;M;5064;EMP
057540036036-5267;057540036036;100mN31987E42295;MC;NA;3;45;M;F;4049;EMP
057540036036-5267;057540036036;100mN31987E42295;MC;NA;3;37;M;M;3039;EMP
057540036036-5267;057540036036;100mN31987E42295;MC;NA;3;1;S;F;0003;NEP
057540036036-5268;057540036036;100mN32009E42279;SF;MIX;2;76;W;F;75XX;NEP
057540036036-5268;057540036036;100mN32009E42279;SF;MIX;2;59;M;F;5064;NEP
057540036036-5269;057540036036;100mN31991E42256;MC;NA;2;44;M;F;4049;NEP
057540036036-5269;057540036036;100mN31991E42256;MC;NA;2;47;M;M;4049;EMP
057540036036-5270;057540036036;100mN31990E42257;S;OS;1;68;M;M;6574;NEP
057540036036-5271;057540036036;100mN31986E42259;SF;NA;3;18;S;F;1824;EMP
057540036036-5271;057540036036;100mN31986E42259;SF;NA;3;0;S;M;0003;NEP
057540036036-5271;057540036036;100mN31986E42259;SF;NA;3;0;S;M;0003;NEP
057540036036-5272;057540036036;100mN32015E42226;MC;NA;3;33;M;M;3039;UEP
057540036036-5272;057540036036;100mN32015E42226;MC;NA;3;33;M;F;3039;EMP
057540036036-5272;057540036036;100mN32015E42226;MC;NA;3;4;S;F;0305;NEP
057540036036-5273;057540036036;100mN32021E42255;MC;NA;2;26;M;M;2529;EMP
057540036036-5273;057540036036;100mN32021E42255;MC;NA;2;18;M;F;1824;NEP
057540036036-5274;057540036036;100mN32021E42255;MC;NA;3;20;M;F;1824;EMP
057540036036-5274;057540036036;100mN32021E42255;MC;NA;3;18;M;M;1824;NEP
057540036036-5274;057540036036;100mN32021E42255;MC;NA;3;3;S;F;0305;NEP
057540036036-5275;057540036036;100mN32021E42255;SF;MIX;5;75;M;M;75XX;EMP
057540036036-5275;057540036036;100mN32021E42255;SF;MIX;5;23;S;F;1824;EMP
057540036036-5275;057540036036;100mN32021E42255;SF;MIX;5;7;S;M;0614;NEP
057540036036-5275;057540036036;100mN32021E42255;SF;MIX;5;8;S;F;0614;NEP
057540036036-5275;057540036036;100mN32021E42255;SF;MIX;5;0;S;F;0003;NEP
057540036036-5276;057540036036;100mN32021E42255;MC;MIX;2;82;M;F;75XX;EMP
057540036036-5276;057540036036;100mN32021E42255;MC;MIX;2;46;M;F;4049;NEP
057540036036-5277;057540036036;100mN32021E42255;NA;NA;2;55;S;F;5064;NEP
057540036036-5277;057540036036;100mN32021E42255;NA;NA;2;76;S;M;75XX;EMP
057540036036-5278;057540036036;100mN32021E42255;SF;NA;3;88;S;F;75XX;NEP
057540036036-5278;057540036036;100mN32021E42255;SF;NA;3;15;S;M;1517;EMP
057540036036-5278;057540036036;100mN32021E42255;SF;NA;3;12;S;M;0614;NEP
057540036036-5279;057540036036;100mN31965E42255;S;NA;1;79;M;F;75XX;EMP
057540036036-5280;057540036036;100mN32017E42218;MC;NA;2;48;M;F;4049;NEP
057540036036-5280;057540036036;100mN32017E42218;MC;NA;2;50;M;M;5064;UEP
057540036036-5281;057540036036;100mN32010E42277;MC;OS;2;67;M;F;6574;NEP
057540036036-5281;057540036036;100mN32010E42277;MC;OS;2;67;M;M;6574;EMP
057540036036-5282;057540036036;100mN32007E42281;S;NA;1;27;W;F;2529;EMP
057540036036-5283;057540036036;100mN32021E42255;S;NA;1;38;S;F;3039;EMP
057540036036-5284;057540036036;100mN32008E42289;S;NA;1;36;S;F;3039;NEP
057540036036-5285;057540036036;100mN32001E42286;MC;NA;4;57;M;M;5064;EMP
057540036036-5285;057540036036;100mN32001E42286;MC;NA;4;51;M;F;5064;NEP
057540036036-5285;057540036036;100mN32001E42286;MC;NA;4;41;M;M;4049;EMP
057540036036-5285;057540036036;100mN32001E42286;MC;NA;4;21;M;F;1824;EMP
057540036036-5286;057540036036;100mN31992E42279;PO;NA;2;28;S;M;2529;EMP
057540036036-5286;057540036036;100mN31992E42279;PO;NA;2;26;S;M;2529;EMP
057540036036-5287;057540036036;100mN32021E42255;MC;NA;3;43;M;F;4049;NEP
057540036036-5287;057540036036;100mN32021E42255;MC;NA;3;62;M;M;5064;NEP
057540036036-5287;057540036036;100mN32021E42255;MC;NA;3;16;S;F;1517;EMP
057540036036-5288;057540036036;100mN32021E42255;MC;OS;3;76;M;F;75XX;NEP
057540036036-5288;057540036036;100mN32021E42255;MC;OS;3;77;M;M;75XX;NEP
057540036036-5288;057540036036;100mN32021E42255;MC;OS;3;84;S;F;75XX;EMP
057540036036-5289;057540036036;100mN32001E42255;SM;NA;2;44;S;M;4049;EMP
057540036036-5289;057540036036;100mN32001E42255;SM;NA;2;10;S;M;0614;NEP
057540036036-5290;057540036036;100mN32021E42255;MC;NA;6;58;M;M;5064;EMP
057540036036-5290;057540036036;100mN32021E42255;MC;NA;6;51;M;F;5064;EMP
057540036036-5290;057540036036;100mN32021E42255;MC;NA;6;0;S;F;0003;NEP
057540036036-5290;057540036036;100mN32021E42255;MC;NA;6;25;S;M;2529;EMP
057540036036-5290;057540036036;100mN32021E42255;MC;NA;6;8;S;F;0614;NEP
057540036036-5290;057540036036;100mN32021E42255;MC;NA;6;10;S;M;0614;NEP
057540036036-5291;057540036036;100mN32021E42255;MC;OS;2;73;M;M;6574;EMP
057540036036-5291;057540036036;100mN32021E42255;MC;OS;2;76;M;F;75XX;NEP
057540036036-5292;057540036036;100mN32021E42255;MC;NA;2;27;M;M;2529;EMP
057540036036-5292;057540036036;100mN32021E42255;MC;NA;2;25;M;F;2529;NEP
057540036036-5293;057540036036;100mN32021E42255;MC;NA;2;41;M;M;4049;NEP
057540036036-5293;057540036036;100mN32021E42255;MC;NA;2;41;M;F;4049;NEP
057540036036-5294;057540036036;100mN32001E42255;SM;NA;2;44;S;M;4049;EMP
057540036036-5294;057540036036;100mN32001E42255;SM;NA;2;10;S;M;0614;NEP
057540036036-5295;057540036036;100mN32021E42255;MC;NA;4;62;M;F;5064;EMP
057540036036-5295;057540036036;100mN32021E42255;MC;NA;4;68;S;F;6574;EMP
057540036036-5295;057540036036;100mN32021E42255;MC;NA;4;2;S;F;0003;NEP
057540036036-5295;057540036036;100mN32021E42255;MC;NA;4;10;S;M;0614;NEP
057540036036-5296;057540036036;100mN32001E42255;MC;MIX;2;82;M;M;75XX;EMP
057540036036-5296;057540036036;100mN32001E42255;MC;MIX;2;31;M;M;3039;EMP
057540036036-5297;057540036036;100mN32018E42251;S;NA;1;27;S;M;2529;EMP
057540036036-5298;057540036036;100mN32003E42289;S;NA;1;22;S;F;1824;EMP
057540036036-5299;057540036036;100mN32003E42289;SF;NA;4;20;S;F;1824;NEP
057540036036-5299;057540036036;100mN32003E42289;SF;NA;4;1;S;F;0003;NEP
057540036036-5299;057540036036;100mN32003E42289;SF;NA;4;1;S;M;0003;NEP
057540036036-5299;057540036036;100mN32003E42289;SF;NA;4;4;S;M;0305;NEP
057540036036-5300;057540036036;100mN31999E42254;MC;OS;2;84;M;M;75XX;EMP
057540036036-5300;057540036036;100mN31999E42254;MC;OS;2;81;M;F;75XX;EMP
057540036036-5301;057540036036;100mN32003E42289;MC;MIX;3;72;M;M;6574;EMP
057540036036-5301;057540036036;100mN32003E42289;MC;MIX;3;56;M;F;5064;NEP
057540036036-5301;057540036036;100mN32003E42289;MC;MIX;3;58;M;M;5064;EMP
057540036036-5302;057540036036;100mN32003E42289;MC;NA;3;27;M;F;2529;NEP
057540036036-5302;057540036036;100mN32003E42289;MC;NA;3;44;M;M;4049;NEP
057540036036-5302;057540036036;100mN32003E42289;MC;NA;3;10;S;F;0614;NEP
057540036036-5303;057540036036;100mN32003E42289;MC;NA;6;30;M;F;3039;EMP
057540036036-5303;057540036036;100mN32003E42289;MC;NA;6;26;M;M;2529;NEP
057540036036-5303;057540036036;100mN32003E42289;MC;NA;6;15;S;F;1517;EMP
057540036036-5303;057540036036;100mN32003E42289;MC;NA;6;8;S;F;0614;NEP
057540036036-5303;057540036036;100mN32003E42289;MC;NA;6;8;S;M;0614;NEP
057540036036-5303;057540036036;100mN32003E42289;MC;NA;6;4;S;M;0305;NEP
057540036036-5304;057540036036;100mN32003E42274;MC;NA;3;61;M;M;5064;NEP
057540036036-5304;057540036036;100mN32003E42274;MC;NA;3;72;D;M;6574;EMP
057540036036-5304;057540036036;100mN32003E42274;MC;NA;3;16;S;F;1517;EMP
057540036036-5305;057540036036;100mN32003E42289;PO;OS;4;67;S;F;6574;NEP
057540036036-5305;057540036036;100mN32003E42289;PO;OS;4;76;S;M;75XX;NEP
057540036036-5305;057540036036;100mN32003E42289;PO;OS;4;67;M;F;6574;EMP
057540036036-5305;057540036036;100mN32003E42289;PO;OS;4;67;S;F;6574;NEP
057540036036-5306;057540036036;100mN32003E42289;MC;NA;5;44;M;F;4049;EMP
057540036036-5306;057540036036;100mN32003E42289;MC;NA;5;52;M;M;5064;NEP
057540036036-5306;057540036036;100mN32003E42289;MC;NA;5;15;S;F;1517;NEP
057540036036-5306;057540036036;100mN32003E42289;MC;NA;5;16;S;M;1517;EMP
057540036036-5306;057540036036;100mN32003E42289;MC;NA;5;9;S;M;0614;NEP
057540036036-5307;057540036036;100mN31996E42269;S;OS;1;53;M;M;5064;NEP
057540036036-5308;057540036036;100mN31972E42293;S;OS;1;51;W;F;5064;NEP
057540036036-5309;057540036036;100mN32030E42256;S;NA;1;42;S;M;4049;NEP
057540036036-5310;057540036036;100mN32004E42277;MC;MIX;2;71;M;M;6574;NEP
057540036036-5310;057540036036;100mN32004E42277;MC;MIX;2;31;M;M;3039;NEP
057540036036-5311;057540036036;100mN31989E42259;S;OS;1;62;D;F;5064;EMP
057540036036-5312;057540036036;100mN32007E42282;MC;NA;3;43;M;F;4049;EMP
057540036036-5312;057540036036;100mN32007E42282;MC;NA;3;48;M;M;4049;EMP
057540036036-5312;057540036036;100mN32007E42282;MC;NA;3;0;S;M;0003;NEP
057540036036-5313;057540036036;100mN31989E42264;MC;OS;2;73;M;F;6574;NEP
057540036036-5313;057540036036;100mN31989E42264;MC;OS;2;82;M;M;75XX;NEP
057540036036-5314;057540036036;100mN31997E42267;S;NA;1;48;W;F;4049;EMP
057540036036-5315;057540036036;100mN31997E42267;MC;NA;3;38;M;M;3039;EMP
057540036036-5315;057540036036;100mN31997E42267;MC;NA;3;35;M;F;3039;EMP
057540036036-5315;057540036036;100mN31997E42267;MC;NA;3;4;S;M;0305;NEP
057540036036-5316;057540036036;100mN31997E42267;MC;NA;4;37;M;M;3039;EMP
057540036036-5316;057540036036;100mN31997E42267;MC;NA;4;44;M;F;4049;EMP
057540036036-5316;057540036036;100mN31997E42267;MC;NA;4;7;S;M;0614;NEP
057540036036-5316;057540036036;100mN31997E42267;MC;NA;4;21;D;M;1824;EMP
057540036036-5317;057540036036;100mN31997E42267;S;NA;1;45;S;F;4049;NEP
057540036036-5318;057540036036;100mN32009E42277;PO;NA;2;46;S;M;4049;EMP
057540036036-5318;057540036036;100mN32009E42277;PO;NA;2;41;S;F;4049;NEP
057540036036-5319;057540036036;100mN32004E42278;MC;OS;2;89;M;F;75XX;EMP
057540036036-5319;057540036036;100mN32004E42278;MC;OS;2;62;M;M;5064;EMP
057540036036-5320;057540036036;100mN31997E42267;MC;NA;3;48;M;F;4049;NEP
057540036036-5320;057540036036;100mN31997E42267;MC;NA;3;46;M;M;4049;NEP
057540036036-5320;057540036036;100mN31997E42267;MC;NA;3;16;S;F;1517;EMP
057540036036-5321;057540036036;100mN31997E42268;SF;NA;2;87;S;F;75XX;NEP
057540036036-5321;057540036036;100mN31997E42268;SF;NA;2;9;S;M;0614;NEP
057540036036-5322;057540036036;100mN31997E42268;MC;NA;2;50;M;M;5064;EMP
057540036036-5322;057540036036;100mN31997E42268;MC;NA;2;47;M;F;4049;NEP
057540036036-5323;057540036036;100mN31997E42268;MC;OS;3;71;M;F;6574;EMP
057540036036-5323;057540036036;100mN31997E42268;MC;OS;3;79;M;M;75XX;EMP
057540036036-5323;057540036036;100mN31997E42268;MC;OS;3;73;W;F;6574;NEP
057540036036-5324;057540036036;100mN32012E42244;S;NA;1;72;S;M;6574;EMP
057540036036-5325;057540036036;100mN31966E42249;SF;NA;2;77;S;F;75XX;NEP
057540036036-5325;057540036036;100mN31966E42249;SF;NA;2;60;W;F;5064;NEP
057540036036-5326;057540036036;100mN32018E42240;MC;MIX;4;80;S;F;75XX;NEP
057540036036-5326;057540036036;100mN32018E42240;MC;MIX;4;41;M;F;4049;EMP
057540036036-5326;057540036036;100mN32018E42240;MC;MIX;4;46;M;M;4049;NEP
057540036036-5326;057540036036;100mN32018E42240;MC;MIX;4;25;M;M;2529;NEP
057540036036-5327;057540036036;100mN31997E42268;S;OS;1;37;M;F;3039;NEP
057540036036-5328;057540036036;100mN31997E42268;SM;NA;2;57;S;M;5064;EMP
057540036036-5328;057540036036;100mN31997E42268;SM;NA;2;33;M;M;3039;EMP
057540036036-5329;057540036036;100mN31997E42268;MC;NA;2;40;M;F;4049;EMP
057540036036-5329;057540036036;100mN31997E42268;MC;NA;2;44;M;M;4049;EMP
057540036036-5330;057540036036;100mN31976E42272;MC;NA;2;23;M;F;1824;EMP
057540036036-5330;057540036036;100mN31976E42272;MC;NA;2;28;M;M;2529;NEP
057540036036-5331;057540036036;100mN31958E42263;MC;NA;2;26;M;F;2529;NEP
057540036036-5331;057540036036;100mN31958E42263;MC;NA;2;28;M;M;2529;EMP
057540036036-5332;057540036036;100mN31997E42268;S;NA;1;82;M;M;75XX;EMP
057540036036-5333;057540036036;100mN32007E42287;MC;NA;5;26;M;M;2529;EMP
057540036036-5333;057540036036;100mN32007E42287;MC;NA;5;23;M;F;1824;EMP
057540036036-5333;057540036036;100mN32007E42287;MC;NA;5;7;S;F;0614;NEP
057540036036-5333;057540036036;100mN32007E42287;MC;NA;5;6;S;M;0614;NEP
057540036036-5333;057540036036;100mN32007E42287;MC;NA;5;9;S;F;0614;NEP
057540036036-5334;057540036036;100mN31997E42268;MC;MIX;5;87;S;F;75XX;NEP
057540036036-5334;057540036036;100mN31997E42268;MC;MIX;5;34;M;F;3039;NEP
057540036036-5334;057540036036;100mN31997E42268;MC;MIX;5;40;M;M;4049;EMP
057540036036-5334;057540036036;100mN31997E42268;MC;MIX;5;15;S;M;1517;EMP
057540036036-5334;057540036036;100mN31997E42268;MC;MIX;5;18;M;M;1824;EMP
057540036036-5335;057540036036;100mN31997E42268;MC;OS;5;66;M;M;6574;EMP
057540036036-5335;057540036036;100mN31997E42268;MC;OS;5;89;M;F;75XX;NEP
057540036036-5335;057540036036;100mN31997E42268;MC;OS;5;89;M;F;75XX;NEP
057540036036-5335;057540036036;100mN31997E42268;MC;OS;5;72;W;F;6574;EMP
057540036036-5335;057540036036;100mN31997E42268;MC;OS;5;79;W;F;75XX;NEP
057540036036-5336;057540036036;100mN31997E42268;MC;MIX;3;68;S;M;6574;EMP
057540036036-5336;057540036036;100mN31997E42268;MC;MIX;3;45;M;M;4049;EMP
057540036036-5336;057540036036;100mN31997E42268;MC;MIX;3;40;M;F;4049;EMP
057540036036-5337;057540036036;100mN32018E42238;MC;NA;4;38;M;F;3039;EMP
057540036036-5337;057540036036;100mN32018E42238;MC;NA;4;38;M;M;3039;EMP
057540036036-5337;057540036036;100mN32018E42238;MC;NA;4;7;S;M;0614;NEP
057540036036-5337;057540036036;100mN32018E42238;MC;NA;4;13;S;F;0614;NEP
057540036036-5338;057540036036;100mN31975E42247;S;NA;1;55;M;M;5064;EMP
057540036036-5339;057540036036;100mN32018E42243;MC;OS;4;89;M;M;75XX;EMP
057540036036-5339;057540036036;100mN32018E42243;MC;OS;4;86;M;F;75XX;NEP
057540036036-5339;057540036036;100mN32018E42243;MC;OS;4;65;W;F;6574;EMP
057540036036-5339;057540036036;100mN32018E42243;MC;OS;4;65;M;M;6574;EMP
057540036036-5340;057540036036;100mN32022E42250;MC;MIX;2;82;M;F;75XX;EMP
057540036036-5340;057540036036;100mN32022E42250;MC;MIX;2;46;M;F;4049;NEP
057540036036-5341;057540036036;100mN31976E42253;SM;NA;2;63;S;M;5064;EMP
057540036036-5341;057540036036;100mN31976E42253;SM;NA;2;3;S;F;0305;NEP
057540036036-5342;057540036036;100mN32018E42244;MC;MIX;2;82;M;F;75XX;NEP
057540036036-5342;057540036036;100mN32018E42244;MC;MIX;2;11;S;M;0614;NEP
057540036036-5343;057540036036;100mN32018E42244;MC;NA;2;47;M;F;4049;EMP
057540036036-5343;057540036036;100mN32018E42244;MC;NA;2;52;M;M;5064;EMP
057540036036-5344;057540036036;100mN32018E42244;S;OS;1;83;M;M;75XX;EMP
057540036036-5345;057540036036;100mN32018E42244;MC;NA;4;55;M;M;5064;UEP
057540036036-5345;057540036036;100mN32018E42244;MC;NA;4;53;M;F;5064;EMP
057540036036-5345;057540036036;100mN32018E42244;MC;NA;4;8;S;F;0614;NEP
057540036036-5345;057540036036;100mN32018E42244;MC;NA;4;26;S;F;2529;EMP
057540036036-5346;057540036036;100mN32010E42252;MC;NA;3;60;M;F;5064;EMP
057540036036-5346;057540036036;100mN32010E42252;MC;NA;3;62;M;M;5064;EMP
057540036036-5346;057540036036;100mN32010E42252;MC;NA;3;16;S;M;1517;EMP
057540036036-5347;057540036036;100mN31975E42297;NA;NA;2;32;S;M;3039;NEP
057540036036-5347;057540036036;100mN31975E42297;NA;NA;2;66;S;M;6574;EMP
057540036036-5348;057540036036;100mN32018E42244;MC;OS;3;76;M;F;75XX;EMP
057540036036-5348;057540036036;100mN32018E42244;MC;OS;3;79;M;M;75XX;EMP
057540036036-5348;057540036036;100mN32018E42244;MC;OS;3;65;M;F;6574;EMP
057540036036-5349;057540036036;100mN32018E42244;MC;NA;4;33;M;F;3039;NEP
057540036036-5349;057540036036;100mN32018E42244;MC;NA;4;53;M;M;5064;NEP
057540036036-5349;057540036036;100mN32018E42244;MC;NA;4;3;S;M;0305;NEP
057540036036-5349;057540036036;100mN32018E42244;MC;NA;4;11;S;F;0614;NEP
057540036036-5350;057540036036;100mN32018E42244;S;NA;1;46;S;F;4049;EMP
057540036036-5351;057540036036;100mN32018E42244;S;OS;1;32;M;F;3039;EMP
057540036036-5352;057540036036;100mN32018E42244;S;NA;1;76;S;M;75XX;NEP
057540036036-5353;057540036036;100mN31975E42251;S;NA;1;37;M;M;3039;NEP
057540036036-5354;057540036036;100mN31975E42251;NA;MIX;3;36;S;M;3039;NEP
057540036036-5354;057540036036;100mN31975E42251;NA;MIX;3;63;S;F;5064;EMP
057540036036-5354;057540036036;100mN31975E42251;NA;MIX;3;16;S;M;1517;EMP
057540036036-5355;057540036036;100mN32004E42281;S;NA;1;48;S;F;4049;NEP
057540036036-5356;057540036036;100mN32003E42258;SM;NA;3;36;W;M;3039;EMP
057540036036-5356;057540036036;100mN32003E42258;SM;NA;3;12;S;M;0614;NEP
057540036036-5356;057540036036;100mN32003E42258;SM;NA;3;9;S;F;0614;NEP
057540036036-5357;057540036036;100mN32005E42261;MC;OS;6;67;M;F;6574;NEP
057540036036-5357;057540036036;100mN32005E42261;MC;OS;6;70;M;M;6574;EMP
057540036036-5357;057540036036;100mN32005E42261;MC;OS;6;69;W;F;6574;EMP
057540036036-5357;057540036036;100mN32005E42261;MC;OS;6;73;M;F;6574;EMP
057540036036-5357;057540036036;100mN32005E42261;MC;OS;6;73;D;F;6574;EMP
057540036036-5357;057540036036;100mN32005E42261;MC;OS;6;65;S;M;6574;EMP
057540036036-5358;057540036036;100mN31987E42277;S;NA;1;48;S;F;4049;NEP
057540036036-5359;057540036036;100mN31964E42307;MC;NA;2;40;M;M;4049;EMP
057540036036-5359;057540036036;100mN31964E42307;MC;NA;2;32;M;F;3039;EMP
057540036036-5360;057540036036;100mN32019E42247;S;NA;1;51;S;M;5064;EMP
057540036036-5361;057540036036;100mN31999E42254;MC;OS;2;88;M;M;75XX;EMP
057540036036-5361;057540036036;100mN31999E42254;MC;OS;2;80;M;F;75XX;EMP
057540036036-5362;057540036036;100mN31962E42308;PO;NA;2;23;S;M;1824;NEP
057540036036-5362;057540036036;100mN31962E42308;PO;NA;2;22;S;F;1824;NEP
057540036036-5363;057540036036;100mN32008E42288;PO;NA;2;19;S;M;1824;EMP
057540036036-5363;057540036036;100mN32008E42288;PO;NA;2;18;S;M;1824;NEP
057540036036-5364;057540036036;100mN32001E42286;MC;MIX;2;65;M;F;6574;EMP
057540036036-5364;057540036036;100mN32001E42286;MC;MIX;2;35;S;M;3039;EMP
057540036036-5365;057540036036;100mN32001E42286;PC;NA;3;35;P;F;3039;EMP
057540036036-5365;057540036036;100mN32001E42286;PC;NA;3;42;P;F;4049;EMP
057540036036-5365;057540036036;100mN32001E42286;PC;NA;3;18;M;M;1824;EMP
057540036036-5366;057540036036;100mN32013E42286;S;NA;1;71;S;M;6574;EMP
057540036036-5367;057540036036;100mN32001E42286;PO;NA;3;38;S;M;3039;NEP
057540036036-5367;057540036036;100mN32001E42286;PO;NA;3;18;S;F;1824;NEP
057540036036-5367;057540036036;100mN32001E42286;PO;NA;3;3;S;M;0305;NEP
057540036036-5368;057540036036;100mN32001E42286;MC;NA;2;25;M;M;2529;UEP
057540036036-5368;057540036036;100mN32001E42286;MC;NA;2;18;M;F;1824;EMP
057540036036-5369;057540036036;100mN32001E42286;SF;NA;3;62;S;F;5064;NEP
057540036036-5369;057540036036;100mN32001E42286;SF;NA;3;30;M;M;3039;NEP
057540036036-5369;057540036036;100mN32001E42286;SF;NA;3;11;S;M;0614;NEP
057540036036-5370;057540036036;100mN31962E42308;MC;MIX;2;72;M;F;6574;EMP
057540036036-5370;057540036036;100mN31962E42308;MC;MIX;2;51;M;F;5064;NEP
057540036036-5371;057540036036;100mN32001E42286;MC;NA;2;52;M;M;5064;NEP
057540036036-5371;057540036036;100mN32001E42286;MC;NA;2;51;M;F;5064;NEP
057540036036-5372;057540036036;100mN32001E42286;MC;NA;2;59;M;M;5064;EMP
057540036036-5372;057540036036;100mN32001E42286;MC;NA;2;56;M;F;5064;EMP
057540036036-5373;057540036036;100mN32018E42245;S;NA;1;22;M;M;1824;NEP
057540036036-5374;057540036036;100mN32001E42286;MC;NA;4;27;M;M;2529;EMP
057540036036-5374;057540036036;100mN32001E42286;MC;NA;4;26;M;F;2529;NEP
057540036036-5374;057540036036;100mN32001E42286;MC;NA;4;6;S;M;0614;NEP
057540036036-5374;057540036036;100mN32001E42286;MC;NA;4;1;S;M;0003;NEP
057540036036-5375;057540036036;100mN32001E42286;MC;OS;4;77;M;F;75XX;EMP
057540036036-5375;057540036036;100mN32001E42286;MC;OS;4;81;M;M;75XX;EMP
057540036036-5375;057540036036;100mN32001E42286;MC;OS;4;73;S;F;6574;EMP
057540036036-5375;057540036036;100mN32001E42286;MC;OS;4;84;S;F;75XX;EMP
057540036036-5376;057540036036;100mN32008E42278;S;NA;1;70;D;M;6574;EMP
057540036036-5377;057540036036;100mN32001E42288;MC;OS;2;86;M;F;75XX;NEP
057540036036-5377;057540036036;100mN32001E42288;MC;OS;2;82;M;M;75XX;EMP
057540036036-5378;057540036036;100mN32001E42286;MC;NA;6;55;M;F;5064;EMP
057540036036-5378;057540036036;100mN32001E42286;MC;NA;6;58;M;M;5064;NEP
057540036036-5378;057540036036;100mN32001E42286;MC;NA;6;33;M;F;3039;NEP
057540036036-5378;057540036036;100mN32001E42286;MC;NA;6;1;S;M;0003;NEP
057540036036-5378;057540036036;100mN32001E42286;MC;NA;6;4;S;M;0305;NEP
057540036036-5378;057540036036;100mN32001E42286;MC;NA;6;21;M;F;1824;EMP
057540036036-5379;057540036036;100mN32001E42286;MC;NA;2;54;M;M;5064;UEP
057540036036-5379;057540036036;100mN32001E42286;MC;NA;2;4;S;M;0305;NEP
057540036036-5380;057540036036;100mN32005E42277;MC;NA;4;32;M;F;3039;EMP
057540036036-5380;057540036036;100mN32005E42277;MC;NA;4;41;M;M;4049;EMP
057540036036-5380;057540036036;100mN32005E42277;MC;NA;4;10;S;M;0614;NEP
057540036036-5380;057540036036;100mN32005E42277;MC;NA;4;2;S;M;0003;NEP
057540036036-5381;057540036036;100mN32008E42285;MC;NA;3;59;M;F;5064;NEP
057540036036-5381;057540036036;100mN32008E42285;MC;NA;3;60;M;M;5064;NEP
057540036036-5381;057540036036;100mN32008E42285;MC;NA;3;9;S;M;0614;NEP
057540036036-5382;057540036036;100mN32001E42286;S;NA;1;53;S;F;5064;EMP
057540036036-5383;057540036036;100mN31996E42259;MC;NA;3;56;M;F;5064;NEP
057540036036-5383;057540036036;100mN31996E42259;MC;NA;3;16;S;F;1517;NEP
057540036036-5383;057540036036;100mN31996E42259;MC;NA;3;4;S;M;0305;NEP
057540036036-5384;057540036036;100mN32001E42286;MC;NA;4;57;M;M;5064;EMP
057540036036-5384;057540036036;100mN32001E42286;MC;NA;4;51;M;F;5064;NEP
057540036036-5384;057540036036;100mN32001E42286;MC;NA;4;41;M;M;4049;EMP
057540036036-5384;057540036036;100mN32001E42286;MC;NA;4;21;M;F;1824;EMP
057540036036-5385;057540036036;100mN32014E42253;SF;NA;3;63;D;F;5064;NEP
057540036036-5385;057540036036;100mN32014E42253;SF;NA;3;15;S;F;1517;EMP
057540036036-5385;057540036036;100mN32014E42253;SF;NA;3;3;S;M;0305;NEP
057540036036-5386;057540036036;100mN31957E42248;MC;NA;2;40;M;M;4049;NEP
057540036036-5386;057540036036;100mN31957E42248;MC;NA;2;34;M;F;3039;EMP
057540036036-5387;057540036036;100mN32001E42286;SF;MIX;4;65;M;M;6574;EMP
057540036036-5387;057540036036;100mN32001E42286;SF;MIX;4;58;S;F;5064;EMP
057540036036-5387;057540036036;100mN32001E42286;SF;MIX;4;10;S;M;0614;NEP
057540036036-5387;057540036036;100mN32001E42286;SF;MIX;4;10;S;M;0614;NEP
057540036036-5388;057540036036;100mN31973E42247;MC;NA;2;53;M;F;5064;EMP
057540036036-5388;057540036036;100mN31973E42247;MC;NA;2;53;M;M;5064;EMP
057540036036-5389;057540036036;100mN32005E42258;MC;MIX;6;72;W;F;6574;NEP
057540036036-5389;057540036036;100mN32005E42258;MC;MIX;6;44;M;F;4049;EMP
057540036036-5389;057540036036;100mN32005E42258;MC;MIX;6;45;M;M;4049;EMP
057540036036-5389;057540036036;100mN32005E42258;MC;MIX;6;6;S;F;0614;NEP
057540036036-5389;057540036036;100mN32005E42258;MC;MIX;6;8;S;M;0614;NEP
057540036036-5389;057540036036;100mN32005E42258;MC;MIX;6;18;S;F;1824;EMP
057540036036-5390;057540036036;100mN32004E42287;SF;NA;3;35;S;F;3039;EMP
057540036036-5390;057540036036;100mN32004E42287;SF;NA;3;16;S;M;1517;NEP
057540036036-5390;057540036036;100mN32004E42287;SF;NA;3;13;S;M;0614;NEP
057540036036-5391;057540036036;100mN32012E42244;MC;NA;2;54;M;F;5064;NEP
057540036036-5391;057540036036;100mN32012E42244;MC;NA;2;63;M;M;5064;EMP
057540036036-5392;057540036036;100mN32014E42289;MC;MIX;4;72;S;M;6574;EMP
057540036036-5392;057540036036;100mN32014E42289;MC;MIX;4;43;M;M;4049;NEP
057540036036-5392;057540036036;100mN32014E42289;MC;MIX;4;41;M;F;4049;NEP
057540036036-5392;057540036036;100mN32014E42289;MC;MIX;4;21;M;F;1824;NEP
057540036036-5393;057540036036;100mN32004E42281;SF;NA;4;43;S;F;4049;EMP
057540036036-5393;057540036036;100mN32004E42281;SF;NA;4;4;S;F;0305;NEP
057540036036-5393;057540036036;100mN32004E42281;SF;NA;4;11;S;M;0614;NEP
057540036036-5393;057540036036;100mN32004E42281;SF;NA;4;11;S;M;0614;NEP
057540036036-5394;057540036036;100mN32004E42287;MC;NA;2;18;M;M;1824;EMP
057540036036-5394;057540036036;100mN32004E42287;MC;NA;2;18;M;F;1824;NEP
057540036036-5395;057540036036;100mN31996E42248;S;NA;1;46;M;M;4049;EMP
057540036036-5396;057540036036;100mN32007E42281;S;NA;1;77;M;F;75XX;EMP
057540036036-5397;057540036036;100mN32018E42230;MC;NA;3;60;M;M;5064;NEP
057540036036-5397;057540036036;100mN32018E42230;MC;NA;3;59;M;F;5064;EMP
057540036036-5397;057540036036;100mN32018E42230;MC;NA;3;6;S;M;0614;NEP
057540036036-5398;057540036036;100mN32004E42287;MC;OS;2;67;M;M;6574;EMP
057540036036-5398;057540036036;100mN32004E42287;MC;OS;2;66;M;F;6574;NEP
057540036036-5399;057540036036;100mN32004E42287;MC;NA;2;26;M;M;2529;EMP
057540036036-5399;057540036036;100mN32004E42287;MC;NA;2;25;M;F;2529;EMP
057540036036-5400;057540036036;100mN32004E42287;S;OS;1;16;S;M;1517;EMP
057540036036-5401;057540036036;100mN32004E42287;MC;NA;5;62;M;M;5064;EMP
057540036036-5401;057540036036;100mN32004E42287;MC;NA;5;53;M;F;5064;NEP
057540036036-5401;057540036036;100mN32004E42287;MC;NA;5;27;M;F;2529;NEP
057540036036-5401;057540036036;100mN32004E42287;MC;NA;5;2;S;F;0003;NEP
057540036036-5401;057540036036;100mN32004E42287;MC;NA;5;3;S;M;0305;NEP
057540036036-5402;057540036036;100mN32004E42287;MC;NA;2;47;M;M;4049;EMP
057540036036-5402;057540036036;100mN32004E42287;MC;NA;2;40;M;F;4049;EMP
057540036036-5403;057540036036;100mN32013E42288;MC;NA;4;53;M;M;5064;EMP
057540036036-5403;057540036036;100mN32013E42288;MC;NA;4;51;M;F;5064;EMP
057540036036-5403;057540036036;100mN32013E42288;MC;NA;4;12;S;F;0614;NEP
057540036036-5403;057540036036;100mN32013E42288;MC;NA;4;4;S;F;0305;NEP
057540036036-5404;057540036036;100mN32018E42228;S;NA;1;21;M;M;1824;EMP
057540036036-5405;057540036036;100mN32004E42287;PO;OS;4;84;S;F;75XX;NEP
057540036036-5405;057540036036;100mN32004E42287;PO;OS;4;87;S;F;75XX;NEP
057540036036-5405;057540036036;100mN32004E42287;PO;OS;4;65;D;F;6574;EMP
057540036036-5405;057540036036;100mN32004E42287;PO;OS;4;81;M;F;75XX;EMP
057540036036-5406;057540036036;100mN32017E42253;S;OS;1;41;S;M;4049;NEP
057540036036-5407;057540036036;100mN32012E42291;MC;NA;5;50;M;F;5064;EMP
057540036036-5407;057540036036;100mN32012E42291;MC;NA;5;47;M;M;4049;NEP
057540036036-5407;057540036036;100mN32012E42291;MC;NA;5;16;S;M;1517;EMP
057540036036-5407;057540036036;100mN32012E42291;MC;NA;5;9;S;M;0614;NEP
057540036036-5407;057540036036;100mN32012E42291;MC;NA;5;10;S;M;0614;NEP
057540036036-5408;057540036036;100mN32012E42288;MC;NA;2;36;M;M;3039;NEP
057540036036-5408;057540036036;100mN32012E42288;MC;NA;2;35;M;F;3039;NEP
057540036036-5409;057540036036;100mN32004E42287;MC;NA;2;27;M;F;2529;EMP
057540036036-5409;057540036036;100mN32004E42287;MC;NA;2;33;M;M;3039;EMP
057540036036-5410;057540036036;100mN32004E42287;S;NA;1;35;D;M;3039;EMP
057540036036-5411;057540036036;100mN31952E42251;NA;OS;2;58;M;F;5064;NEP
057540036036-5411;057540036036;100mN31952E42251;NA;OS;2;66;M;F;6574;NEP
057540036036-5412;057540036036;100mN31952E42251;NA;NA;4;46;S;F;4049;NEP
057540036036-5412;057540036036;100mN31952E42251;NA;NA;4;53;M;F;5064;EMP
057540036036-5412;057540036036;100mN31952E42251;NA;NA;4;89;M;F;75XX;NEP
057540036036-5412;057540036036;100mN31952E42251;NA;NA;4;83;W;F;75XX;EMP
057540036036-5413;057540036036;100mN31952E42251;MC;NA;4;48;M;M;4049;NEP
057540036036-5413;057540036036;100mN31952E42251;MC;NA;4;47;M;F;4049;EMP
057540036036-5413;057540036036;100mN31952E42251;MC;NA;4;21;W;F;1824;EMP
057540036036-5413;057540036036;100mN31952E42251;MC;NA;4;8;S;F;0614;NEP
057540036036-5414;057540036036;100mN32008E42289;S;OS;1;47;S;M;4049;EMP
057540036036-5415;057540036036;100mN32014E42227;S;NA;1;71;M;F;6574;NEP
057540036036-5416;057540036036;100mN32014E42227;MC;OS;4;67;M;M;6574;EMP
057540036036-5416;057540036036;100mN32014E42227;MC;OS;4;69;M;F;6574;EMP
057540036036-5416;057540036036;100mN32014E42227;MC;OS;4;77;M;F;75XX;NEP
057540036036-5416;057540036036;100mN32014E42227;MC;OS;4;71;W;F;6574;EMP
057540036036-5417;057540036036;100mN32014E42227;PO;NA;3;30;S;F;3039;NEP
057540036036-5417;057540036036;100mN32014E42227;PO;NA;3;36;S;F;3039;NEP
057540036036-5417;057540036036;100mN32014E42227;PO;NA;3;6;S;F;0614;NEP
057540036036-5418;057540036036;100mN32014E42227;NA;NA;6;59;S;F;5064;NEP
057540036036-5418;057540036036;100mN32014E42227;NA;NA;6;42;D;M;4049;NEP
057540036036-5418;057540036036;100mN32014E42227;NA;NA;6;35;S;F;3039;NEP
057540036036-5418;057540036036;100mN32014E42227;NA;NA;6;20;D;M;1824;EMP
057540036036-5418;057540036036;100mN32014E42227;NA;NA;6;40;S;F;4049;EMP
057540036036-5418;057540036036;100mN32014E42227;NA;NA;6;18;M;F;1824;NEP
057540036036-5419;057540036036;100mN32022E42252;PO;NA;2;41;S;M;4049;EMP
057540036036-5419;057540036036;100mN32022E42252;PO;NA;2;47;S;F;4049;EMP
057540036036-5420;057540036036;100mN32014E42227;SF;NA;2;46;S;F;4049;EMP
057540036036-5420;057540036036;100mN32014E42227;SF;NA;2;0;S;M;0003;NEP
057540036036-5421;057540036036;100mN32014E42227;S;NA;1;88;M;F;75XX;NEP
057540036036-5422;057540036036;100mN32014E42227;S;NA;1;61;S;M;5064;EMP
057540036036-5423;057540036036;100mN32014E42227;SM;MIX;3;73;W;F;6574;NEP
057540036036-5423;057540036036;100mN32014E42227;SM;MIX;3;46;S;M;4049;NEP
057540036036-5423;057540036036;100mN32014E42227;SM;MIX;3;4;S;M;0305;NEP
057540036036-5424;057540036036;100mN32010E42285;S;NA;1;40;M;F;4049;EMP
057540036036-5425;057540036036;100mN32014E42227;S;NA;1;66;W;F;6574;EMP
057540036036-5426;057540036036;100mN32014E42227;S;NA;1;57;M;M;5064;NEP
057540036036-5427;057540036036;100mN31992E42255;MC;NA;2;43;M;M;4049;EMP
057540036036-5427;057540036036;100mN31992E42255;MC;NA;2;38;M;F;3039;NEP
057540036036-5428;057540036036;100mN31962E42300;S;NA;1;37;S;M;3039;EMP
057540036036-5429;057540036036;100mN31962E42259;S;NA;1;37;S;M;3039;EMP
057540036036-5430;057540036036;100mN32020E42250;S;NA;1;32;S;F;3039;EMP
057540036036-5431;057540036036;100mN32020E42250;PO;NA;2;28;S;M;2529;EMP
057540036036-5431;057540036036;100mN32020E42250;PO;NA;2;27;S;M;2529;EMP
057540036036-5432;057540036036;100mN32008E42276;SF;NA;2;18;W;F;1824;NEP
057540036036-5432;057540036036;100mN32008E42276;SF;NA;2;2;S;M;0003;NEP
057540036036-5433;057540036036;100mN32020E42250;MC;NA;2;57;M;M;5064;EMP
057540036036-5433;057540036036;100mN32020E42250;MC;NA;2;54;M;F;5064;EMP
057540036036-5434;057540036036;100mN32018E42248;MC;NA;2;58;M;M;5064;EMP
057540036036-5434;057540036036;100mN32018E42248;MC;NA;2;57;M;F;5064;EMP
057540036036-5435;057540036036;100mN32003E42290;MC;NA;2;36;M;F;3039;EMP
057540036036-5435;057540036036;100mN32003E42290;MC;NA;2;41;M;M;4049;EMP
057540036036-5436;057540036036;100mN32020E42250;MC;NA;3;56;M;M;5064;EMP
057540036036-5436;057540036036;100mN32020E42250;MC;NA;3;52;M;F;5064;EMP
057540036036-5436;057540036036;100mN32020E42250;MC;NA;3;11;S;F;0614;NEP
057540036036-5437;057540036036;100mN32018E42255;S;OS;1;75;S;M;75XX;EMP
057540036036-5438;057540036036;100mN32020E42250;MC;NA;4;61;M;F;5064;NEP
057540036036-5438;057540036036;100mN32020E42250;MC;NA;4;62;M;M;5064;EMP
057540036036-5438;057540036036;100mN32020E42250;MC;NA;4;13;S;F;0614;NEP
057540036036-5438;057540036036;100mN32020E42250;MC;NA;4;12;S;F;0614;NEP
057540036036-5439;057540036036;100mN31972E42295;MC;NA;5;36;M;F;3039;EMP
057540036036-5439;057540036036;100mN31972E42295;MC;NA;5;28;M;M;2529;EMP
057540036036-5439;057540036036;100mN31972E42295;MC;NA;5;7;S;M;0614;NEP
057540036036-5439;057540036036;100mN31972E42295;MC;NA;5;11;S;F;0614;NEP
057540036036-5439;057540036036;100mN31972E42295;MC;NA;5;4;S;F;0305;NEP
057540036036-5440;057540036036;100mN31951E42247;MC;NA;4;28;M;F;2529;EMP
057540036036-5440;057540036036;100mN31951E42247;MC;NA;4;31;M;M;3039;EMP
057540036036-5440;057540036036;100mN31951E42247;MC;NA;4;10;S;F;0614;NEP
057540036036-5440;057540036036;100mN31951E42247;MC;NA;4;13;S;F;0614;NEP
057540036036-5441;057540036036;100mN32020E42250;SF;NA;3;35;S;F;3039;NEP
057540036036-5441;057540036036;100mN32020E42250;SF;NA;3;20;S;M;1824;EMP
057540036036-5441;057540036036;100mN32020E42250;SF;NA;3;6;S;M;0614;NEP
057540036036-5442;057540036036;100mN32020E42250;MC;NA;2;44;M;F;4049;EMP
057540036036-5442;057540036036;100mN32020E42250;MC;NA;2;50;M;M;5064;EMP
057540036036-5443;057540036036;100mN31996E42266;MC;NA;4;57;M;F;5064;NEP
057540036036-5443;057540036036;100mN31996E42266;MC;NA;4;59;M;M;5064;EMP
057540036036-5443;057540036036;100mN31996E42266;MC;NA;4;30;D;M;3039;NEP
057540036036-5443;057540036036;100mN31996E42266;MC;NA;4;42;M;M;4049;NEP
057540036036-5444;057540036036;100mN32020E42250;MC;MIX;6;70;S;M;6574;EMP
057540036036-5444;057540036036;100mN32020E42250;MC;MIX;6;41;M;M;4049;EMP
057540036036-5444;057540036036;100mN32020E42250;MC;MIX;6;40;M;F;4049;EMP
057540036036-5444;057540036036;100mN32020E42250;MC;MIX;6;26;M;M;2529;NEP
057540036036-5444;057540036036;100mN32020E42250;MC;MIX;6;25;M;M;2529;EMP
057540036036-5444;057540036036;100mN32020E42250;MC;MIX;6;26;M;M;2529;EMP
057540036036-5445;057540036036;100mN32009E42250;MC;NA;2;57;M;F;5064;EMP
057540036036-5445;057540036036;100mN32009E42250;MC;NA;2;57;M;M;5064;EMP
057540036036-5446;057540036036;100mN32020E42250;MC;NA;4;42;M;F;4049;NEP
057540036036-5446;057540036036;100mN32020E42250;MC;NA;4;46;M;M;4049;NEP
057540036036-5446;057540036036;100mN32020E42250;MC;NA;4;1;S;M;0003;NEP
057540036036-5446;057540036036;100mN32020E42250;MC;NA;4;15;S;F;1517;EMP
057540036036-5447;057540036036;100mN32020E42250;S;NA;1;16;S;M;1517;EMP
057540036036-5448;057540036036;100mN32020E42250;MC;NA;3;23;M;F;1824;NEP
057540036036-5448;057540036036;100mN32020E42250;MC;NA;3;18;M;M;1824;EMP
057540036036-5448;057540036036;100mN32020E42250;MC;NA;3;8;S;M;0614;NEP
057540036036-5449;057540036036;100mN32020E42250;MC;OS;3;70;M;M;6574;EMP
057540036036-5449;057540036036;100mN32020E42250;MC;OS;3;72;M;F;6574;NEP
057540036036-5449;057540036036;100mN32020E42250;MC;OS;3;71;M;F;6574;EMP
057540036036-5450;057540036036;100mN31990E42259;S;OS;1;20;M;F;1824;EMP
057540036036-5451;057540036036;100mN31960E42249;S;NA;1;51;W;F;5064;EMP
057540036036-5452;057540036036;100mN31960E42249;SF;NA;3;37;S;F;3039;NEP
057540036036-5452;057540036036;100mN31960E42249;SF;NA;3;1;S;M;0003;NEP
057540036036-5452;057540036036;100mN31960E42249;SF;NA;3;9;S;M;0614;NEP
057540036036-5453;057540036036;100mN31999E42266;MC;NA;3;60;M;M;5064;NEP
057540036036-5453;057540036036;100mN31999E42266;MC;NA;3;52;M;F;5064;EMP
057540036036-5453;057540036036;100mN31999E42266;MC;NA;3;13;S;M;0614;NEP
057540036036-5454;057540036036;100mN31999E42266;MC;NA;6;34;M;M;3039;EMP
057540036036-5454;057540036036;100mN31999E42266;MC;NA;6;30;M;F;3039;NEP
057540036036-5454;057540036036;100mN31999E42266;MC;NA;6;0;S;M;0003;NEP
057540036036-5454;057540036036;100mN31999E42266;MC;NA;6;10;S;M;0614;NEP
057540036036-5454;057540036036;100mN31999E42266;MC;NA;6;16;S;M;1517;EMP
057540036036-5454;057540036036;100mN31999E42266;MC;NA;6;6;S;F;0614;NEP
057540036036-5455;057540036036;100mN31993E42287;MC;NA;3;32;M;F;3039;EMP
057540036036-5455;057540036036;100mN31993E42287;MC;NA;3;63;M;M;5064;EMP
057540036036-5455;057540036036;100mN31993E42287;MC;NA;3;13;S;M;0614;NEP
057540036036-5456;057540036036;100mN31999E42266;PO;NA;2;62;S;F;5064;EMP
057540036036-5456;057540036036;100mN31999E42266;PO;NA;2;63;S;M;5064;NEP
057540036036-5457;057540036036;100mN31999E42266;MC;OS;2;81;M;M;75XX;EMP
057540036036-5457;057540036036;100mN31999E42266;MC;OS;2;80;M;F;75XX;EMP
057540036036-5458;057540036036;100mN31999E42266;MC;NA;3;36;M;M;3039;NEP
057540036036-5458;057540036036;100mN31999E42266;MC;NA;3;27;M;F;2529;NEP
057540036036-5458;057540036036;100mN31999E42266;MC;NA;3;19;M;F;1824;EMP
057540036036-5459;057540036036;100mN31999E42266;MC;MIX;3;75;M;M;75XX;NEP
057540036036-5459;057540036036;100mN31999E42266;MC;MIX;3;31;M;F;3039;EMP
057540036036-5459;057540036036;100mN31999E42266;MC;MIX;3;31;M;M;3039;EMP
057540036036-5460;057540036036;100mN31999E42266;S;OS;1;40;S;F;4049;EMP
057540036036-5461;057540036036;100mN31999E42266;S;NA;1;26;M;F;2529;EMP
057540036036-5462;057540036036;100mN31995E42255;S;OS;1;50;M;M;5064;NEP
057540036036-5463;057540036036;100mN31975E42298;MC;OS;2;67;M;M;6574;EMP
057540036036-5463;057540036036;100mN31975E42298;MC;OS;2;66;M;F;6574;EMP
057540036036-5464;057540036036;100mN31999E42266;MC;NA;5;21;M;M;1824;EMP
057540036036-5464;057540036036;100mN31999E42266;MC;NA;5;19;M;F;1824;NEP
057540036036-5464;057540036036;100mN31999E42266;MC;NA;5;2;S;F;0003;NEP
057540036036-5464;057540036036;100mN31999E42266;MC;NA;5;4;S;F;0305;NEP
057540036036-5464;057540036036;100mN31999E42266;MC;NA;5;2;S;M;0003;NEP
057540036036-5465;057540036036;100mN31999E42266;MC;MIX;3;68;M;F;6574;EMP
057540036036-5465;057540036036;100mN31999E42266;MC;MIX;3;44;M;F;4049;NEP
057540036036-5465;057540036036;100mN31999E42266;MC;MIX;3;46;M;M;4049;NEP
057540036036-5466;057540036036;100mN31999E42272;S;OS;1;66;S;M;6574;EMP
057540036036-5467;057540036036;100mN31999E42258;S;NA;1;45;M;F;4049;EMP
057540036036-5468;057540036036;100mN31998E42284;MC;NA;2;46;M;M;4049;EMP
057540036036-5468;057540036036;100mN31998E42284;MC;NA;2;54;M;F;5064;NEP
057540036036-5469;057540036036;100mN32007E42287;S;NA;1;31;M;M;3039;EMP
057540036036-5470;057540036036;100mN32015E42291;MC;NA;4;63;M;F;5064;NEP
057540036036-5470;057540036036;100mN32015E42291;MC;NA;4;79;D;F;75XX;EMP
057540036036-5470;057540036036;100mN32015E42291;MC;NA;4;10;S;M;0614;NEP
057540036036-5470;057540036036;100mN32015E42291;MC;NA;4;7;S;M;0614;NEP
057540036036-5471;057540036036;100mN31998E42260;MC;OS;2;76;M;F;75XX;EMP
057540036036-5471;057540036036;100mN31998E42260;MC;OS;2;68;M;M;6574;EMP
057540036036-5472;057540036036;100mN32001E42296;MC;NA;6;56;M;M;5064;EMP
057540036036-5472;057540036036;100mN32001E42296;MC;NA;6;53;M;F;5064;NEP
057540036036-5472;057540036036;100mN32001E42296;MC;NA;6;12;S;M;0614;NEP
057540036036-5472;057540036036;100mN32001E42296;MC;NA;6;15;S;F;1517;EMP
057540036036-5472;057540036036;100mN32001E42296;MC;NA;6;13;S;M;0614;NEP
057540036036-5472;057540036036;100mN32001E42296;MC;NA;6;20;M;M;1824;NEP
057540036036-5473;057540036036;100mN31998E42260;MC;NA;2;59;M;F;5064;EMP
057540036036-5473;057540036036;100mN31998E42260;MC;NA;2;57;M;M;5064;EMP
057540036036-5474;057540036036;100mN31998E42260;MC;NA;3;34;M;M;3039;EMP
057540036036-5474;057540036036;100mN31998E42260;MC;NA;3;31;M;F;3039;EMP
057540036036-5474;057540036036;100mN31998E42260;MC;NA;3;4;S;F;0305;NEP
057540036036-5475;057540036036;100mN31998E42260;S;OS;1;67;M;F;6574;EMP
057540036036-5476;057540036036;100mN32009E42276;MC;OS;4;65;M;M;6574;EMP
057540036036-5476;057540036036;100mN32009E42276;MC;OS;4;77;M;F;75XX;EMP
057540036036-5476;057540036036;100mN32009E42276;MC;OS;4;89;W;F;75XX;NEP
057540036036-5476;057540036036;100mN32009E42276;MC;OS;4;67;M;F;6574;EMP
057540036036-5477;057540036036;100mN31998E42260;SF;NA;4;56;S;F;5064;NEP
057540036036-5477;057540036036;100mN31998E42260;SF;NA;4;31;S;M;3039;EMP
057540036036-5477;057540036036;100mN31998E42260;SF;NA;4;40;M;M;4049;EMP
057540036036-5477;057540036036;100mN31998E42260;SF;NA;4;13;S;F;0614;NEP
057540036036-5478;057540036036;100mN31992E42255;S;NA;1;35;M;F;3039;EMP
057540036036-5479;057540036036;100mN31998E42260;S;OS;1;41;M;M;4049;EMP
057540036036-5480;057540036036;100mN31981E42262;SF;NA;2;26;W;F;2529;NEP
057540036036-5480;057540036036;100mN31981E42262;SF;NA;2;2;S;M;0003;NEP
057540036036-5481;057540036036;100mN31989E42262;MC;OS;2;70;M;F;6574;EMP
057540036036-5481;057540036036;100mN31989E42262;MC;OS;2;89;M;M;75XX;EMP
057540036036-5482;057540036036;100mN31989E42259;MC;MIX;3;79;M;F;75XX;EMP
057540036036-5482;057540036036;100mN31989E42259;MC;MIX;3;52;M;F;5064;EMP
057540036036-5482;057540036036;100mN31989E42259;MC;MIX;3;54;M;M;5064;NEP
057540036036-5483;057540036036;100mN31998E42260;MC;NA;5;45;M;F;4049;EMP
057540036036-5483;057540036036;100mN31998E42260;MC;NA;5;51;M;M;5064;EMP
057540036036-5483;057540036036;100mN31998E42260;MC;NA;5;16;S;M;1517;EMP
057540036036-5483;057540036036;100mN31998E42260;MC;NA;5;11;S;M;0614;NEP
057540036036-5483;057540036036;100mN31998E42260;MC;NA;5;7;S;F;0614;NEP
057540036036-5484;057540036036;100mN32018E42255;S;OS;1;75;S;M;75XX;EMP
057540036036-5485;057540036036;100mN31998E42260;MC;NA;2;46;M;M;4049;EMP
057540036036-5485;057540036036;100mN31998E42260;MC;NA;2;43;M;F;4049;EMP
057540036036-5486;057540036036;100mN31973E42271;SF;NA;3;35;S;F;3039;EMP
057540036036-5486;057540036036;100mN31973E42271;SF;NA;3;8;S;M;0614;NEP
057540036036-5486;057540036036;100mN31973E42271;SF;NA;3;12;S;M;0614;NEP
057540036036-5487;057540036036;100mN31998E42260;SM;NA;2;66;S;M;6574;EMP
057540036036-5487;057540036036;100mN31998E42260;SM;NA;2;15;S;M;1517;EMP
057540036036-5488;057540036036;100mN32004E42281;NA;NA;3;42;D;M;4049;EMP
057540036036-5488;057540036036;100mN32004E42281;NA;NA;3;50;S;M;5064;NEP
057540036036-5488;057540036036;100mN32004E42281;NA;NA;3;20;M;F;1824;NEP
057540036036-5489;057540036036;100mN31998E42260;PO;MIX;2;65;S;M;6574;EMP
057540036036-5489;057540036036;100mN31998E42260;PO;MIX;2;62;S;M;5064;EMP
057540036036-5490;057540036036;100mN31998E42260;SF;NA;4;61;D;F;5064;EMP
057540036036-5490;057540036036;100mN31998E42260;SF;NA;4;26;W;F;2529;EMP
057540036036-5490;057540036036;100mN31998E42260;SF;NA;4;34;M;M;3039;EMP
057540036036-5490;057540036036;100mN31998E42260;SF;NA;4;16;S;M;1517;EMP
057540036036-5491;057540036036;100mN31998E42260;MC;MIX;2;65;M;F;6574;NEP
057540036036-5491;057540036036;100mN31998E42260;MC;MIX;2;43;M;F;4049;EMP
057540036036-5492;057540036036;100mN31999E42292;S;OS;1;20;W;M;1824;NEP
057540036036-5493;057540036036;100mN31992E42255;MC;NA;2;43;M;M;4049;EMP
057540036036-5493;057540036036;100mN31992E42255;MC;NA;2;38;M;F;3039;NEP
057540036036-5494;057540036036;100mN31998E42260;MC;NA;3;40;M;M;4049;EMP
057540036036-5494;057540036036;100mN31998E42260;MC;NA;3;33;M;F;3039;NEP
057540036036-5494;057540036036;100mN31998E42260;MC;NA;3;15;S;M;1517;NEP
057540036036-5495;057540036036;100mN32022E42253;MC;NA;4;52;M;M;5064;EMP
057540036036-5495;057540036036;100mN32022E42253;MC;NA;4;50;M;F;5064;EMP
057540036036-5495;057540036036;100mN32022E42253;MC;NA;4;6;S;F;0614;NEP
057540036036-5495;057540036036;100mN32022E42253;MC;NA;4;34;S;M;3039;NEP
057540036036-5496;057540036036;100mN31998E42260;MC;OS;3;86;M;F;75XX;NEP
057540036036-5496;057540036036;100mN31998E42260;MC;OS;3;88;M;M;75XX;EMP
057540036036-5496;057540036036;100mN31998E42260;MC;OS;3;67;S;F;6574;EMP
057540036036-5497;057540036036;100mN31998E42260;MC;MIX;5;84;M;F;75XX;NEP
057540036036-5497;057540036036;100mN31998E42260;MC;MIX;5;32;M;M;3039;EMP
057540036036-5497;057540036036;100mN31998E42260;MC;MIX;5;25;M;F;2529;NEP
057540036036-5497;057540036036;100mN31998E42260;MC;MIX;5;8;S;F;0614;NEP
057540036036-5497;057540036036;100mN31998E42260;MC;MIX;5;16;S;M;1517;EMP
057540036036-5498;057540036036;100mN31962E42303;MC;MIX;2;67;M;M;6574;EMP
057540036036-5498;057540036036;100mN31962E42303;MC;MIX;2;67;W;F;6574;EMP
057540036036-5499;057540036036;100mN31958E42255;MC;OS;3;72;M;M;6574;EMP
057540036036-5499;057540036036;100mN31958E42255;MC;OS;3;87;M;F;75XX;NEP
057540036036-5499;057540036036;100mN31958E42255;MC;OS;3;69;S;M;6574;EMP
057540036036-5500;057540036036;100mN32007E42282;MC;MIX;4;67;M;F;6574;NEP
057540036036-5500;057540036036;100mN32007E42282;MC;MIX;4;60;M;M;5064;EMP
057540036036-5500;057540036036;100mN32007E42282;MC;MIX;4;51;M;F;5064;NEP
057540036036-5500;057540036036;100mN32007E42282;MC;MIX;4;19;W;F;1824;EMP
057540036036-5501;057540036036;100mN31954E42245;MC;MIX;3;84;M;M;75XX;UEP
057540036036-5501;057540036036;100mN31954E42245;MC;MIX;3;47;M;F;4049;NEP
057540036036-5501;057540036036;100mN31954E42245;MC;MIX;3;51;M;M;5064;NEP
057540036036-5502;057540036036;100mN31975E42299;MC;MIX;3;76;S;M;75XX;EMP
057540036036-5502;057540036036;100mN31975E42299;MC;MIX;3;53;M;F;5064;EMP
057540036036-5502;057540036036;100mN31975E42299;MC;MIX;3;50;M;M;5064;UEP
057540036036-5503;057540036036;100mN31954E42245;MC;MIX;2;88;M;F;75XX;NEP
057540036036-5503;057540036036;100mN31954E42245;MC;MIX;2;27;M;M;2529;NEP
057540036036-5504;057540036036;100mN31985E42269;SF;NA;3;48;S;F;4049;EMP
057540036036-5504;057540036036;100mN31985E42269;SF;NA;3;19;M;M;1824;EMP
057540036036-5504;057540036036;100mN31985E42269;SF;NA;3;6;S;M;0614;NEP
057540036036-5505;057540036036;100mN31989E42265;MC;NA;2;47;M;M;4049;EMP
057540036036-5505;057540036036;100mN31989E42265;MC;NA;2;44;M;F;4049;EMP
057540036036-5506;057540036036;100mN31987E42267;S;NA;1;48;S;M;4049;EMP
057540036036-5507;057540036036;100mN31985E42269;S;NA;1;43;M;F;4049;NEP
057540036036-5508;057540036036;100mN32001E42287;S;OS;1;84;S;F;75XX;EMP
057540036036-5509;057540036036;100mN32003E42258;MC;NA;3;27;M;M;2529;EMP
057540036036-5509;057540036036;100mN32003E42258;MC;NA;3;28;M;F;2529;EMP
057540036036-5509;057540036036;100mN32003E42258;MC;NA;3;3;S;F;0305;NEP
057540036036-5510;057540036036;100mN31972E42295;MC;NA;5;36;M;F;3039;EMP
057540036036-5510;057540036036;100mN31972E42295;MC;NA;5;28;M;M;2529;EMP
057540036036-5510;057540036036;100mN31972E42295;MC;NA;5;7;S;M;0614;NEP
057540036036-5510;057540036036;100mN31972E42295;MC;NA;5;11;S;F;0614;NEP
057540036036-5510;057540036036;100mN31972E42295;MC;NA;5;4;S;F;0305;NEP
057540036036-5511;057540036036;100mN32018E42245;SF;NA;5;58;S;F;5064;NEP
057540036036-5511;057540036036;100mN32018E42245;SF;NA;5;18;D;M;1824;EMP
057540036036-5511;057540036036;100mN32018E42245;SF;NA;5;43;D;M;4049;EMP
057540036036-5511;057540036036;100mN32018E42245;SF;NA;5;0;S;M;0003;NEP
057540036036-5511;057540036036;100mN32018E42245;SF;NA;5;33;M;M;3039;EMP
057540036036-5512;057540036036;100mN31995E42255;SF;MIX;2;82;S;F;75XX;EMP
057540036036-5512;057540036036;100mN31995E42255;SF;MIX;2;10;S;F;0614;NEP
057540036036-5513;057540036036;100mN32005E42282;MC;MIX;4;69;M;M;6574;UEP
057540036036-5513;057540036036;100mN32005E42282;MC;MIX;4;25;M;F;2529;NEP
057540036036-5513;057540036036;100mN32005E42282;MC;MIX;4;28;M;M;2529;NEP
057540036036-5513;057540036036;100mN32005E42282;MC;MIX;4;9;S;M;0614;NEP
057540036036-5514;057540036036;100mN32012E42227;MC;NA;3;43;M;F;4049;NEP
057540036036-5514;057540036036;100mN32012E42227;MC;NA;3;52;M;M;5064;NEP
057540036036-5514;057540036036;100mN32012E42227;MC;NA;3;16;S;F;1517;EMP
057540036036-5515;057540036036;100mN32009E42287;PO;NA;3;57;S;M;5064;EMP
057540036036-5515;057540036036;100mN32009E42287;PO;NA;3;59;S;F;5064;NEP
057540036036-5515;057540036036;100mN32009E42287;PO;NA;3;10;S;F;0614;NEP
057540036036-5516;057540036036;100mN31954E42257;PO;NA;5;35;S;F;3039;EMP
057540036036-5516;057540036036;100mN31954E42257;PO;NA;5;42;S;M;4049;EMP
057540036036-5516;057540036036;100mN31954E42257;PO;NA;5;19;M;F;1824;NEP
057540036036-5516;057540036036;100mN31954E42257;PO;NA;5;20;M;F;1824;EMP
057540036036-5516;057540036036;100mN31954E42257;PO;NA;5;4;S;M;0305;NEP
057540036036-5517;057540036036;100mN31985E42270;MC;NA;2;56;M;F;5064;NEP
057540036036-5517;057540036036;100mN31985E42270;MC;NA;2;58;M;M;5064;EMP
057540036036-5518;057540036036;100mN32011E42248;MC;NA;4;62;M;M;5064;EMP
057540036036-5518;057540036036;100mN32011E42248;MC;NA;4;61;M;F;5064;EMP
057540036036-5518;057540036036;100mN32011E42248;MC;NA;4;12;S;M;0614;NEP
057540036036-5518;057540036036;100mN32011E42248;MC;NA;4;4;S;M;0305;NEP
057540036036-5519;057540036036;100mN32009E42249;S;NA;1;18;S;M;1824;EMP
057540036036-5520;057540036036;100mN32030E42256;S;NA;1;42;S;M;4049;NEP
057540036036-5521;057540036036;100mN31987E42267;S;NA;1;48;S;M;4049;EMP
057540036036-5522;057540036036;100mN31987E42267;S;NA;1;56;M;F;5064;NEP
057540036036-5523;057540036036;100mN31985E42270;MC;MIX;2;76;M;M;75XX;UEP
057540036036-5523;057540036036;100mN31985E42270;MC;MIX;2;32;M;M;3039;EMP
057540036036-5524;057540036036;100mN32005E42279;PO;NA;3;59;S;M;5064;EMP
057540036036-5524;057540036036;100mN32005E42279;PO;NA;3;51;S;F;5064;EMP
057540036036-5524;057540036036;100mN32005E42279;PO;NA;3;10;S;F;0614;NEP
057540036036-5525;057540036036;100mN31973E42247;MC;NA;5;44;M;M;4049;NEP
057540036036-5525;057540036036;100mN31973E42247;MC;NA;5;44;M;F;4049;NEP
057540036036-5525;057540036036;100mN31973E42247;MC;NA;5;22;D;M;1824;EMP
057540036036-5525;057540036036;100mN31973E42247;MC;NA;5;27;M;M;2529;EMP
057540036036-5525;057540036036;100mN31973E42247;MC;NA;5;25;M;F;2529;NEP
057540036036-5526;057540036036;100mN32004E42281;S;NA;1;37;M;M;3039;EMP
057540036036-5527;057540036036;100mN31987E42267;MC;MIX;2;69;M;F;6574;EMP
057540036036-5527;057540036036;100mN31987E42267;MC;MIX;2;60;M;M;5064;EMP
057540036036-5528;057540036036;100mN32000E42262;MC;MIX;2;70;M;F;6574;NEP
057540036036-5528;057540036036;100mN32000E42262;MC;MIX;2;72;S;F;6574;EMP
057540036036-5529;057540036036;100mN32004E42252;MC;NA;2;41;M;F;4049;NEP
057540036036-5529;057540036036;100mN32004E42252;MC;NA;2;40;M;M;4049;NEP
057540036036-5530;057540036036;100mN32000E42262;MC;NA;5;32;M;M;3039;EMP
057540036036-5530;057540036036;100mN32000E42262;MC;NA;5;33;M;F;3039;NEP
057540036036-5530;057540036036;100mN32000E42262;MC;NA;5;10;S;F;0614;NEP
057540036036-5530;057540036036;100mN32000E42262;MC;NA;5;8;S;M;0614;NEP
057540036036-5530;057540036036;100mN32000E42262;MC;NA;5;16;S;M;1517;EMP
057540036036-5531;057540036036;100mN32000E42262;SF;NA;2;45;W;F;4049;NEP
057540036036-5531;057540036036;100mN32000E42262;SF;NA;2;10;S;M;0614;NEP
057540036036-5532;057540036036;100mN32012E42285;PO;OS;2;75;S;M;75XX;EMP
057540036036-5532;057540036036;100mN32012E42285;PO;OS;2;75;S;F;75XX;EMP
057540036036-5533;057540036036;100mN32023E42248;S;NA;1;37;W;F;3039;EMP
057540036036-5534;057540036036;100mN32005E42287;S;OS;1;46;M;F;4049;EMP
057540036036-5535;057540036036;100mN32023E42248;MC;NA;3;41;M;F;4049;EMP
057540036036-5535;057540036036;100mN32023E42248;MC;NA;3;47;M;M;4049;NEP
057540036036-5535;057540036036;100mN32023E42248;MC;NA;3;8;S;F;0614;NEP
057540036036-5536;057540036036;100mN32023E42248;S;NA;1;62;M;M;5064;NEP
057540036036-5537;057540036036;100mN32017E42218;MC;NA;2;48;M;F;4049;NEP
057540036036-5537;057540036036;100mN32017E42218;MC;NA;2;50;M;M;5064;UEP
057540036036-5538;057540036036;100mN32017E42218;PO;NA;3;60;S;F;5064;EMP
057540036036-5538;057540036036;100mN32017E42218;PO;NA;3;54;S;F;5064;EMP
057540036036-5538;057540036036;100mN32017E42218;PO;NA;3;15;S;M;1517;EMP
057540036036-5539;057540036036;100mN32017E42218;SM;MIX;4;79;S;F;75XX;NEP
057540036036-5539;057540036036;100mN32017E42218;SM;MIX;4;18;W;M;1824;NEP
057540036036-5539;057540036036;100mN32017E42218;SM;MIX;4;2;S;F;0003;NEP
057540036036-5539;057540036036;100mN32017E42218;SM;MIX;4;2;S;M;0003;NEP
057540036036-5540;057540036036;100mN32001E42292;MC;NA;2;23;M;M;1824;NEP
057540036036-5540;057540036036;100mN32001E42292;MC;NA;2;20;M;F;1824;NEP
057540036036-5541;057540036036;100mN32007E42281;PO;NA;3;33;S;F;3039;NEP
057540036036-5541;057540036036;100mN32007E42281;PO;NA;3;33;S;F;3039;EMP
057540036036-5541;057540036036;100mN32007E42281;PO;NA;3;16;S;M;1517;NEP
057540036036-5542;057540036036;100mN31992E42256;S;NA;1;72;S;F;6574;NEP
057540036036-5543;057540036036;100mN32001E42292;S;NA;1;21;S;F;1824;EMP
057540036036-5544;057540036036;100mN32023E42228;S;NA;1;62;W;F;5064;EMP
057540036036-5545;057540036036;100mN32023E42228;MC;NA;2;23;M;M;1824;EMP
057540036036-5545;057540036036;100mN32023E42228;MC;NA;2;23;M;F;1824;EMP
057540036036-5546;057540036036;100mN32009E42280;MC;OS;4;70;M;F;6574;EMP
057540036036-5546;057540036036;100mN32009E42280;MC;OS;4;71;M;M;6574;UEP
057540036036-5546;057540036036;100mN32009E42280;MC;OS;4;67;S;F;6574;EMP
057540036036-5546;057540036036;100mN32009E42280;MC;OS;4;82;M;F;75XX;EMP
057540036036-5547;057540036036;100mN31992E42260;MC;NA;2;59;M;M;5064;EMP
057540036036-5547;057540036036;100mN31992E42260;MC;NA;2;32;M;F;3039;EMP
057540036036-5548;057540036036;100mN31992E42260;MC;MIX;6;81;S;M;75XX;EMP
057540036036-5548;057540036036;100mN31992E42260;MC;MIX;6;19;M;M;1824;EMP
057540036036-5548;057540036036;100mN31992E42260;MC;MIX;6;18;M;F;1824;NEP
057540036036-5548;057540036036;100mN31992E42260;MC;MIX;6;3;S;F;0305;NEP
057540036036-5548;057540036036;100mN31992E42260;MC;MIX;6;2;S;F;0003;NEP
057540036036-5548;057540036036;100mN31992E42260;MC;MIX;6;4;S;F;0305;NEP
057540036036-5549;057540036036;100mN31981E42242;S;OS;1;85;M;M;75XX;EMP
057540036036-5550;057540036036;100mN31992E42260;S;NA;1;37;S;M;3039;EMP
057540036036-5551;057540036036;100mN32010E42280;NA;MIX;4;55;M;M;5064;EMP
057540036036-5551;057540036036;100mN32010E42280;NA;MIX;4;73;S;F;6574;NEP
057540036036-5551;057540036036;100mN32010E42280;NA;MIX;4;82;S;F;75XX;EMP
057540036036-5551;057540036036;100mN32010E42280;NA;MIX;4;30;M;M;3039;EMP
057540036036-5552;057540036036;100mN31992E42260;MC;NA;2;40;M;F;4049;NEP
057540036036-5552;057540036036;100mN31992E42260;MC;NA;2;43;M;M;4049;EMP
057540036036-5553;057540036036;100mN31992E42260;SF;NA;2;84;S;F;75XX;EMP
057540036036-5553;057540036036;100mN31992E42260;SF;NA;2;26;W;F;2529;NEP
057540036036-5554;057540036036;100mN31992E42260;MC;NA;2;50;M;M;5064;EMP
057540036036-5554;057540036036;100mN31992E42260;MC;NA;2;47;M;F;4049;NEP
057540036036-5555;057540036036;100mN31992E42260;MC;OS;2;68;M;M;6574;EMP
057540036036-5555;057540036036;100mN31992E42260;MC;OS;2;79;M;F;75XX;EMP
057540036036-5556;057540036036;100mN32007E42288;MC;NA;4;63;M;M;5064;EMP
057540036036-5556;057540036036;100mN32007E42288;MC;NA;4;58;M;F;5064;NEP
057540036036-5556;057540036036;100mN32007E42288;MC;NA;4;0;S;F;0003;NEP
057540036036-5556;057540036036;100mN32007E42288;MC;NA;4;16;S;F;1517;EMP
057540036036-5557;057540036036;100mN31992E42260;SF;NA;3;53;S;F;5064;EMP
057540036036-5557;057540036036;100mN31992E42260;SF;NA;3;8;S;F;0614;NEP
057540036036-5557;057540036036;100mN31992E42260;SF;NA;3;37;M;M;3039;UEP
057540036036-5558;057540036036;100mN31992E42260;S;OS;1;35;M;M;3039;EMP
057540036036-5559;057540036036;100mN31992E42260;MC;NA;3;41;M;M;4049;EMP
057540036036-5559;057540036036;100mN31992E42260;MC;NA;3;40;M;F;4049;EMP
057540036036-5559;057540036036;100mN31992E42260;MC;NA;3;21;S;M;1824;EMP
057540036036-5560;057540036036;100mN31992E42260;SM;MIX;6;65;S;M;6574;EMP
057540036036-5560;057540036036;100mN31992E42260;SM;MIX;6;77;S;M;75XX;NEP
057540036036-5560;057540036036;100mN31992E42260;SM;MIX;6;1;S;F;0003;NEP
057540036036-5560;057540036036;100mN31992E42260;SM;MIX;6;31;W;M;3039;EMP
057540036036-5560;057540036036;100mN31992E42260;SM;MIX;6;20;M;M;1824;EMP
057540036036-5560;057540036036;100mN31992E42260;SM;MIX;6;15;S;F;1517;NEP
057540036036-5561;057540036036;100mN31992E42260;S;NA;1;80;D;F;75XX;EMP
057540036036-5562;057540036036;100mN31992E42260;MC;MIX;3;73;M;M;6574;NEP
057540036036-5562;057540036036;100mN31992E42260;MC;MIX;3;33;M;M;3039;EMP
057540036036-5562;057540036036;100mN31992E42260;MC;MIX;3;28;M;F;2529;NEP
057540036036-5563;057540036036;100mN32021E42256;MC;OS;2;65;M;M;6574;NEP
057540036036-5563;057540036036;100mN32021E42256;MC;OS;2;68;M;F;6574;NEP
057540036036-5564;057540036036;100mN32009E42251;MC;NA;5;57;M;F;5064;NEP
057540036036-5564;057540036036;100mN32009E42251;MC;NA;5;59;M;M;5064;UEP
057540036036-5564;057540036036;100mN32009E42251;MC;NA;5;4;NA;M;0305;NEP
057540036036-5564;057540036036;100mN32009E42251;MC;NA;5;27;M;M;2529;EMP
057540036036-5564;057540036036;100mN32009E42251;MC;NA;5;27;S;M;2529;EMP
057540036036-5565;057540036036;100mN32021E42256;MC;NA;4;27;M;F;2529;NEP
057540036036-5565;057540036036;100mN32021E42256;MC;NA;4;28;M;M;2529;EMP
057540036036-5565;057540036036;100mN32021E42256;MC;NA;4;12;S;M;0614;NEP
057540036036-5565;057540036036;100mN32021E42256;MC;NA;4;9;S;F;0614;NEP
057540036036-5566;057540036036;100mN32013E42244;MC;NA;4;48;M;M;4049;EMP
057540036036-5566;057540036036;100mN32013E42244;MC;NA;4;56;M;F;5064;EMP
057540036036-5566;057540036036;100mN32013E42244;MC;NA;4;12;S;M;0614;NEP
057540036036-5566;057540036036;100mN32013E42244;MC;NA;4;10;S;F;0614;NEP
057540036036-5567;057540036036;100mN32021E42256;SM;NA;3;28;D;M;2529;EMP
057540036036-5567;057540036036;100mN32021E42256;SM;NA;3;4;S;F;0305;NEP
057540036036-5567;057540036036;100mN32021E42256;SM;NA;3;12;S;M;0614;NEP
057540036036-5568;057540036036;100mN32021E42256;MC;NA;2;45;M;F;4049;NEP
057540036036-5568;057540036036;100mN32021E42256;MC;NA;2;48;M;M;4049;EMP
057540036036-5569;057540036036;100mN32021E42256;MC;MIX;2;89;M;F;75XX;EMP
057540036036-5569;057540036036;100mN32021E42256;MC;MIX;2;7;S;M;0614;NEP
057540036036-5570;057540036036;100mN32021E42256;MC;NA;2;28;M;F;2529;NEP
057540036036-5570;057540036036;100mN32021E42256;MC;NA;2;25;M;M;2529;EMP
057540036036-5571;057540036036;100mN32004E42277;MC;OS;3;68;M;F;6574;EMP
057540036036-5571;057540036036;100mN32004E42277;MC;OS;3;67;M;M;6574;EMP
057540036036-5571;057540036036;100mN32004E42277;MC;OS;3;70;W;F;6574;EMP
057540036036-5572;057540036036;100mN32021E42256;SF;NA;2;46;S;F;4049;NEP
057540036036-5572;057540036036;100mN32021E42256;SF;NA;2;10;S;M;0614;NEP
057540036036-5573;057540036036;100mN32021E42256;MC;NA;2;41;M;M;4049;NEP
057540036036-5573;057540036036;100mN32021E42256;MC;NA;2;43;M;F;4049;EMP
057540036036-5574;057540036036;100mN32021E42256;MC;NA;3;40;M;F;4049;NEP
057540036036-5574;057540036036;100mN32021E42256;MC;NA;3;42;M;M;4049;EMP
057540036036-5574;057540036036;100mN32021E42256;MC;NA;3;6;S;M;0614;NEP
057540036036-5575;057540036036;100mN32022E42219;MC;NA;2;53;M;M;5064;EMP
057540036036-5575;057540036036;100mN32022E42219;MC;NA;2;60;M;F;5064;NEP
057540036036-5576;057540036036;100mN32021E42256;MC;NA;2;45;M;M;4049;EMP
057540036036-5576;057540036036;100mN32021E42256;MC;NA;2;42;M;F;4049;EMP
057540036036-5577;057540036036;100mN32013E42249;PO;NA;3;48;S;M;4049;EMP
057540036036-5577;057540036036;100mN32013E42249;PO;NA;3;45;S;F;4049;EMP
057540036036-5577;057540036036;100mN32013E42249;PO;NA;3;22;M;F;1824;EMP
057540036036-5578;057540036036;100mN32008E42288;S;OS;1;32;M;F;3039;EMP
057540036036-5579;057540036036;100mN32001E42255;MC;NA;3;45;M;F;4049;EMP
057540036036-5579;057540036036;100mN32001E42255;MC;NA;3;47;M;M;4049;NEP
057540036036-5579;057540036036;100mN32001E42255;MC;NA;3;22;M;M;1824;EMP
057540036036-5580;057540036036;100mN32009E42253;MC;NA;4;34;M;M;3039;EMP
057540036036-5580;057540036036;100mN32009E42253;MC;NA;4;35;M;F;3039;EMP
057540036036-5580;057540036036;100mN32009E42253;MC;NA;4;18;D;M;1824;EMP
057540036036-5580;057540036036;100mN32009E42253;MC;NA;4;11;S;F;0614;NEP
057540036036-5581;057540036036;100mN32001E42255;MC;NA;4;26;M;F;2529;EMP
057540036036-5581;057540036036;100mN32001E42255;MC;NA;4;27;M;M;2529;UEP
057540036036-5581;057540036036;100mN32001E42255;MC;NA;4;9;S;F;0614;NEP
057540036036-5581;057540036036;100mN32001E42255;MC;NA;4;7;S;M;0614;NEP
057540036036-5582;057540036036;100mN31990E42257;MC;NA;3;63;M;M;5064;EMP
057540036036-5582;057540036036;100mN31990E42257;MC;NA;3;62;M;F;5064;EMP
057540036036-5582;057540036036;100mN31990E42257;MC;NA;3;12;S;M;0614;NEP
057540036036-5583;057540036036;100mN32001E42255;MC;NA;4;40;M;M;4049;NEP
057540036036-5583;057540036036;100mN32001E42255;MC;NA;4;32;M;F;3039;NEP
057540036036-5583;057540036036;100mN32001E42255;MC;NA;4;16;S;M;1517;EMP
057540036036-5583;057540036036;100mN32001E42255;MC;NA;4;25;M;F;2529;EMP
057540036036-5584;057540036036;100mN31972E42268;MC;MIX;2;88;M;F;75XX;EMP
057540036036-5584;057540036036;100mN31972E42268;MC;MIX;2;55;S;M;5064;EMP
057540036036-5585;057540036036;100mN32001E42255;MC;MIX;2;82;M;M;75XX;EMP
057540036036-5585;057540036036;100mN32001E42255;MC;MIX;2;31;M;M;3039;EMP
057540036036-5586;057540036036;100mN31985E42270;MC;NA;3;40;M;F;4049;EMP
057540036036-5586;057540036036;100mN31985E42270;MC;NA;3;40;M;M;4049;UEP
057540036036-5586;057540036036;100mN31985E42270;MC;NA;3;13;S;M;0614;NEP
057540036036-5587;057540036036;100mN31963E42306;MC;MIX;2;68;M;F;6574;NEP
057540036036-5587;057540036036;100mN31963E42306;MC;MIX;2;40;D;M;4049;EMP
057540036036-5588;057540036036;100mN32001E42255;MC;OS;3;89;M;F;75XX;NEP
057540036036-5588;057540036036;100mN32001E42255;MC;OS;3;44;M;M;4049;NEP
057540036036-5588;057540036036;100mN32001E42255;MC;OS;3;86;D;M;75XX;EMP
057540036036-5589;057540036036;100mN32001E42255;SM;NA;2;44;S;M;4049;EMP
057540036036-5589;057540036036;100mN32001E42255;SM;NA;2;10;S;M;0614;NEP
057540036036-5590;057540036036;100mN32007E42287;SF;MIX;3;68;M;M;6574;EMP
057540036036-5590;057540036036;100mN32007E42287;SF;MIX;3;66;D;F;6574;EMP
057540036036-5590;057540036036;100mN32007E42287;SF;MIX;3;7;S;F;0614;NEP
057540036036-5591;057540036036;100mN31993E42263;MC;NA;2;38;M;M;3039;EMP
057540036036-5591;057540036036;100mN31993E42263;MC;NA;2;35;M;F;3039;NEP
057540036036-5592;057540036036;100mN32001E42255;MC;NA;6;34;M;F;3039;NEP
057540036036-5592;057540036036;100mN32001E42255;MC;NA;6;40;M;M;4049;EMP
057540036036-5592;057540036036;100mN32001E42255;MC;NA;6;16;S;M;1517;EMP
057540036036-5592;057540036036;100mN32001E42255;MC;NA;6;1;S;F;0003;NEP
057540036036-5592;057540036036;100mN32001E42255;MC;NA;6;13;S;M;0614;NEP
057540036036-5592;057540036036;100mN32001E42255;MC;NA;6;15;S;M;1517;UEP
057540036036-5593;057540036036;100mN31994E42266;S;NA;1;83;S;F;75XX;EMP
057540036036-5594;057540036036;100mN31975E42249;MC;NA;4;33;M;M;3039;EMP
057540036036-5594;057540036036;100mN31975E42249;MC;NA;4;34;M;F;3039;EMP
057540036036-5594;057540036036;100mN31975E42249;MC;NA;4;0;S;F;0003;NEP
057540036036-5594;057540036036;100mN31975E42249;MC;NA;4;8;S;F;0614;NEP
057540036036-5595;057540036036;100mN31994E42266;MC;OS;3;70;M;F;6574;EMP
057540036036-5595;057540036036;100mN31994E42266;MC;OS;3;76;M;M;75XX;EMP
057540036036-5595;057540036036;100mN31994E42266;MC;OS;3;88;S;F;75XX;EMP
057540036036-5596;057540036036;100mN31993E42256;PO;NA;2;20;S;F;1824;NEP
057540036036-5596;057540036036;100mN31993E42256;PO;NA;2;20;S;F;1824;NEP
057540036036-5597;057540036036;100mN31993E42256;SF;NA;5;40;S;F;4049;NEP
057540036036-5597;057540036036;100mN31993E42256;SF;NA;5;0;S;F;0003;NEP
057540036036-5597;057540036036;100mN31993E42256;SF;NA;5;23;M;F;1824;EMP
057540036036-5597;057540036036;100mN31993E42256;SF;NA;5;11;S;F;0614;NEP
057540036036-5597;057540036036;100mN31993E42256;SF;NA;5;11;S;M;0614;NEP
057540036036-5598;057540036036;100mN32005E42289;SF;NA;2;46;W;F;4049;NEP
057540036036-5598;057540036036;100mN32005E42289;SF;NA;2;7;S;F;0614;NEP
057540036036-5599;057540036036;100mN31993E42256;MC;OS;5;72;M;M;6574;EMP
057540036036-5599;057540036036;100mN31993E42256;MC;OS;5;66;M;F;6574;NEP
057540036036-5599;057540036036;100mN31993E42256;MC;OS;5;68;D;M;6574;EMP
057540036036-5599;057540036036;100mN31993E42256;MC;OS;5;66;M;M;6574;NEP
057540036036-5599;057540036036;100mN31993E42256;MC;OS;5;67;M;M;6574;EMP
057540036036-5600;057540036036;100mN32009E42287;MC;NA;2;42;M;F;4049;NEP
057540036036-5600;057540036036;100mN32009E42287;MC;NA;2;47;M;M;4049;NEP
057540036036-5601;057540036036;100mN31993E42256;MC;MIX;2;69;M;M;6574;EMP
057540036036-5601;057540036036;100mN31993E42256;MC;MIX;2;26;W;F;2529;NEP
057540036036-5602;057540036036;100mN32018E42239;S;NA;1;59;M;M;5064;NEP
057540036036-5603;057540036036;100mN31995E42255;SF;MIX;2;67;D;F;6574;EMP
057540036036-5603;057540036036;100mN31995E42255;SF;MIX;2;12;S;F;0614;NEP
057540036036-5604;057540036036;100mN31987E42259;MC;NA;3;28;M;F;2529;NEP
057540036036-5604;057540036036;100mN31987E42259;MC;NA;3;31;M;M;3039;EMP
057540036036-5604;057540036036;100mN31987E42259;MC;NA;3;6;S;F;0614;NEP
057540036036-5605;057540036036;100mN31987E42259;MC;NA;4;44;M;M;4049;EMP
057540036036-5605;057540036036;100mN31987E42259;MC;NA;4;47;M;F;4049;EMP
057540036036-5605;057540036036;100mN31987E42259;MC;NA;4;9;S;M;0614;NEP
057540036036-5605;057540036036;100mN31987E42259;MC;NA;4;27;M;F;2529;NEP
057540036036-5606;057540036036;100mN32004E42278;MC;MIX;3;73;S;M;6574;NEP
057540036036-5606;057540036036;100mN32004E42278;MC;MIX;3;54;M;M;5064;NEP
057540036036-5606;057540036036;100mN32004E42278;MC;MIX;3;53;M;F;5064;EMP
057540036036-5607;057540036036;100mN31987E42259;MC;MIX;2;70;M;M;6574;EMP
057540036036-5607;057540036036;100mN31987E42259;MC;MIX;2;65;M;F;6574;EMP
057540036036-5608;057540036036;100mN32018E42255;S;OS;1;75;S;M;75XX;EMP
057540036036-5609;057540036036;100mN31987E42259;S;NA;1;41;S;M;4049;EMP
057540036036-5610;057540036036;100mN31979E42242;PO;MIX;6;75;M;M;75XX;NEP
057540036036-5610;057540036036;100mN31979E42242;PO;MIX;6;20;S;F;1824;EMP
057540036036-5610;057540036036;100mN31979E42242;PO;MIX;6;20;S;M;1824;NEP
057540036036-5610;057540036036;100mN31979E42242;PO;MIX;6;0;S;F;0003;NEP
057540036036-5610;057540036036;100mN31979E42242;PO;MIX;6;0;S;F;0003;NEP
057540036036-5610;057540036036;100mN31979E42242;PO;MIX;6;1;S;M;0003;NEP
057540036036-5611;057540036036;100mN31987E42259;S;NA;1;42;M;M;4049;EMP
057540036036-5612;057540036036;100mN31987E42259;PO;NA;2;50;S;M;5064;EMP
057540036036-5612;057540036036;100mN31987E42259;PO;NA;2;53;S;M;5064;EMP
057540036036-5613;057540036036;100mN31985E42270;MC;MIX;2;76;M;M;75XX;UEP
057540036036-5613;057540036036;100mN31985E42270;MC;MIX;2;32;M;M;3039;EMP
057540036036-5614;057540036036;100mN31987E42259;SF;NA;2;26;S;F;2529;NEP
057540036036-5614;057540036036;100mN31987E42259;SF;NA;2;9;S;M;0614;NEP
057540036036-5615;057540036036;100mN32009E42250;SF;NA;3;26;D;F;2529;EMP
057540036036-5615;057540036036;100mN32009E42250;SF;NA;3;6;S;F;0614;NEP
057540036036-5615;057540036036;100mN32009E42250;SF;NA;3;7;S;M;0614;NEP
057540036036-5616;057540036036;100mN32005E42281;MC;OS;2;80;M;M;75XX;NEP
057540036036-5616;057540036036;100mN32005E42281;MC;OS;2;40;M;F;4049;NEP
057540036036-5617;057540036036;100mN31990E42264;S;NA;1;26;D;M;2529;NEP
057540036036-5618;057540036036;100mN31967E42280;S;OS;1;66;S;F;6574;NEP
057540036036-5619;057540036036;100mN32017E42253;S;NA;1;46;D;F;4049;NEP
057540036036-5620;057540036036;100mN32001E42290;S;NA;1;59;M;M;5064;NEP
057540036036-5621;057540036036;100mN32008E42277;SF;NA;2;42;D;F;4049;EMP
057540036036-5621;057540036036;100mN32008E42277;SF;NA;2;1;S;F;0003;NEP
057540036036-5622;057540036036;100mN32001E42257;S;NA;1;45;D;F;4049;EMP
057540036036-5623;057540036036;100mN31996E42279;MC;MIX;3;75;S;F;75XX;EMP
057540036036-5623;057540036036;100mN31996E42279;MC;MIX;3;58;M;F;5064;NEP
057540036036-5623;057540036036;100mN31996E42279;MC;MIX;3;50;M;M;5064;NEP
057540036036-5624;057540036036;100mN31996E42279;SF;NA;2;33;S;F;3039;EMP
057540036036-5624;057540036036;100mN31996E42279;SF;NA;2;4;S;M;0305;NEP
057540036036-5625;057540036036;100mN31995E42257;SF;NA;2;26;S;F;2529;EMP
057540036036-5625;057540036036;100mN31995E42257;SF;NA;2;4;S;M;0305;NEP
057540036036-5626;057540036036;100mN32021E42232;MC;NA;2;52;M;F;5064;NEP
057540036036-5626;057540036036;100mN32021E42232;MC;NA;2;58;M;M;5064;EMP
057540036036-5627;057540036036;100mN32021E42232;S;OS;1;52;M;F;5064;NEP
057540036036-5628;057540036036;100mN31999E42256;PO;NA;4;44;S;M;4049;EMP
057540036036-5628;057540036036;100mN31999E42256;PO;NA;4;44;S;M;4049;EMP
057540036036-5628;057540036036;100mN31999E42256;PO;NA;4;6;S;M;0614;NEP
057540036036-5628;057540036036;100mN31999E42256;PO;NA;4;18;M;F;1824;NEP
057540036036-5629;057540036036;100mN32022E42250;MC;MIX;4;71;D;F;6574;EMP
057540036036-5629;057540036036;100mN32022E42250;MC;MIX;4;32;M;M;3039;NEP
057540036036-5629;057540036036;100mN32022E42250;MC;MIX;4;31;M;F;3039;NEP
057540036036-5629;057540036036;100mN32022E42250;MC;MIX;4;3;S;M;0305;NEP
057540036036-5630;057540036036;100mN32021E42241;MC;OS;5;69;M;F;6574;NEP
057540036036-5630;057540036036;100mN32021E42241;MC;OS;5;70;M;M;6574;EMP
057540036036-5630;057540036036;100mN32021E42241;MC;OS;5;88;S;M;75XX;EMP
057540036036-5630;057540036036;100mN32021E42241;MC;OS;5;65;M;F;6574;NEP
057540036036-5630;057540036036;100mN32021E42241;MC;OS;5;86;W;F;75XX;EMP
057540036036-5631;057540036036;100mN31989E42256;SF;NA;4;40;W;F;4049;EMP
057540036036-5631;057540036036;100mN31989E42256;SF;NA;4;3;S;F;0305;NEP
057540036036-5631;057540036036;100mN31989E42256;SF;NA;4;15;S;F;1517;NEP
057540036036-5631;057540036036;100mN31989E42256;SF;NA;4;18;M;F;1824;NEP
057540036036-5632;057540036036;100mN31975E42299;MC;OS;3;82;M;F;75XX;EMP
057540036036-5632;057540036036;100mN31975E42299;MC;OS;3;1;S;F;0003;NEP
057540036036-5632;057540036036;100mN31975E42299;MC;OS;3;82;W;F;75XX;EMP
057540036036-5633;057540036036;100mN32001E42257;PO;NA;5;56;S;M;5064;EMP
057540036036-5633;057540036036;100mN32001E42257;PO;NA;5;53;S;M;5064;EMP
057540036036-5633;057540036036;100mN32001E42257;PO;NA;5;7;S;M;0614;NEP
057540036036-5633;057540036036;100mN32001E42257;PO;NA;5;10;S;F;0614;NEP
057540036036-5633;057540036036;100mN32001E42257;PO;NA;5;8;S;M;0614;NEP
057540036036-5634;057540036036;100mN32018E42239;MC;NA;3;45;M;M;4049;EMP
057540036036-5634;057540036036;100mN32018E42239;MC;NA;3;44;M;F;4049;EMP
057540036036-5634;057540036036;100mN32018E42239;MC;NA;3;25;D;F;2529;NEP
057540036036-5635;057540036036;100mN32021E42241;MC;NA;4;23;M;M;1824;EMP
057540036036-5635;057540036036;100mN32021E42241;MC;NA;4;18;M;F;1824;NEP
057540036036-5635;057540036036;100mN32021E42241;MC;NA;4;4;S;F;0305;NEP
057540036036-5635;057540036036;100mN32021E42241;MC;NA;4;1;S;M;0003;NEP
057540036036-5636;057540036036;100mN32005E42286;MC;OS;3;76;M;F;75XX;EMP
057540036036-5636;057540036036;100mN32005E42286;MC;OS;3;78;M;M;75XX;EMP
057540036036-5636;057540036036;100mN32005E42286;MC;OS;3;76;W;F;75XX;NEP
057540036036-5637;057540036036;100mN32005E42286;MC;NA;2;22;M;F;1824;NEP
057540036036-5637;057540036036;100mN32005E42286;MC;NA;2;26;M;M;2529;EMP
057540036036-5638;057540036036;100mN31981E42242;S;NA;1;41;W;F;4049;NEP
057540036036-5639;057540036036;100mN32005E42286;MC;NA;5;31;M;F;3039;EMP
057540036036-5639;057540036036;100mN32005E42286;MC;NA;5;34;M;M;3039;NEP
057540036036-5639;057540036036;100mN32005E42286;MC;NA;5;9;S;F;0614;NEP
057540036036-5639;057540036036;100mN32005E42286;MC;NA;5;7;S;F;0614;NEP
057540036036-5639;057540036036;100mN32005E42286;MC;NA;5;0;S;M;0003;NEP
057540036036-5640;057540036036;100mN32003E42257;S;OS;1;35;S;F;3039;EMP
057540036036-5641;057540036036;100mN32005E42286;MC;NA;3;50;M;F;5064;NEP
057540036036-5641;057540036036;100mN32005E42286;MC;NA;3;50;M;M;5064;EMP
057540036036-5641;057540036036;100mN32005E42286;MC;NA;3;10;S;F;0614;NEP
057540036036-5642;057540036036;100mN31976E42252;PO;NA;5;59;S;M;5064;EMP
057540036036-5642;057540036036;100mN31976E42252;PO;NA;5;56;S;F;5064;NEP
057540036036-5642;057540036036;100mN31976E42252;PO;NA;5;4;S;F;0305;NEP
057540036036-5642;057540036036;100mN31976E42252;PO;NA;5;11;S;F;0614;NEP
057540036036-5642;057540036036;100mN31976E42252;PO;NA;5;8;S;F;0614;NEP
057540036036-5643;057540036036;100mN32005E42286;MC;NA;2;31;M;M;3039;EMP
057540036036-5643;057540036036;100mN32005E42286;MC;NA;2;32;M;F;3039;EMP
057540036036-5644;057540036036;100mN32005E42286;MC;OS;4;85;M;M;75XX;NEP
057540036036-5644;057540036036;100mN32005E42286;MC;OS;4;88;M;F;75XX;EMP
057540036036-5644;057540036036;100mN32005E42286;MC;OS;4;72;M;M;6574;EMP
057540036036-5644;057540036036;100mN32005E42286;MC;OS;4;68;M;F;6574;EMP
057540036036-5645;057540036036;100mN32005E42286;MC;NA;3;42;M;F;4049;NEP
057540036036-5645;057540036036;100mN32005E42286;MC;NA;3;44;M;M;4049;EMP
057540036036-5645;057540036036;100mN32005E42286;MC;NA;3;16;S;M;1517;UEP
057540036036-5646;057540036036;100mN32017E42256;S;OS;1;23;M;M;1824;NEP
057540036036-5647;057540036036;100mN32012E42236;MC;MIX;2;82;M;F;75XX;EMP
057540036036-5647;057540036036;100mN32012E42236;MC;MIX;2;70;M;M;6574;EMP
057540036036-5648;057540036036;100mN32017E42256;S;NA;1;41;D;F;4049;NEP
057540036036-5649;057540036036;100mN31975E42300;MC;NA;6;61;M;M;5064;NEP
057540036036-5649;057540036036;100mN31975E42300;MC;NA;6;54;M;F;5064;NEP
057540036036-5649;057540036036;100mN31975E42300;MC;NA;6;15;S;M;1517;EMP
057540036036-5649;057540036036;100mN31975E42300;MC;NA;6;13;S;M;0614;NEP
057540036036-5649;057540036036;100mN31975E42300;MC;NA;6;22;M;F;1824;EMP
057540036036-5649;057540036036;100mN31975E42300;MC;NA;6;42;D;M;4049;NEP
057540036036-5650;057540036036;100mN32017E42256;MC;NA;4;59;M;M;5064;NEP
057540036036-5650;057540036036;100mN32017E42256;MC;NA;4;53;M;F;5064;EMP
057540036036-5650;057540036036;100mN32017E42256;MC;NA;4;11;S;F;0614;NEP
057540036036-5650;057540036036;100mN32017E42256;MC;NA;4;21;S;M;1824;EMP
057540036036-5651;057540036036;100mN31975E42249;S;OS;1;43;M;F;4049;NEP
057540036036-5652;057540036036;100mN32017E42256;MC;OS;2;89;M;M;75XX;EMP
057540036036-5652;057540036036;100mN32017E42256;MC;OS;2;89;M;F;75XX;EMP
057540036036-5653;057540036036;100mN32017E42256;MC;NA;2;53;M;M;5064;EMP
057540036036-5653;057540036036;100mN32017E42256;MC;NA;2;47;M;F;4049;EMP
057540036036-5654;057540036036;100mN31994E42269;MC;NA;2;32;M;M;3039;EMP
057540036036-5654;057540036036;100mN31994E42269;MC;NA;2;30;M;F;3039;EMP
057540036036-5655;057540036036;100mN32004E42281;SF;NA;4;43;S;F;4049;EMP
057540036036-5655;057540036036;100mN32004E42281;SF;NA;4;4;S;F;0305;NEP
057540036036-5655;057540036036;100mN32004E42281;SF;NA;4;11;S;M;0614;NEP
057540036036-5655;057540036036;100mN32004E42281;SF;NA;4;11;S;M;0614;NEP
057540036036-5656;057540036036;100mN32017E42256;MC;OS;2;82;M;F;75XX;NEP
057540036036-5656;057540036036;100mN32017E42256;MC;OS;2;82;M;M;75XX;NEP
057540036036-5657;057540036036;100mN32017E42256;S;OS;1;58;M;M;5064;EMP
057540036036-5658;057540036036;100mN32017E42256;MC;NA;4;59;M;M;5064;EMP
057540036036-5658;057540036036;100mN32017E42256;MC;NA;4;58;M;F;5064;EMP
057540036036-5658;057540036036;100mN32017E42256;MC;NA;4;3;S;M;0305;NEP
057540036036-5658;057540036036;100mN32017E42256;MC;NA;4;16;S;M;1517;EMP
057540036036-5659;057540036036;100mN31991E42259;MC;NA;3;45;M;M;4049;EMP
057540036036-5659;057540036036;100mN31991E42259;MC;NA;3;51;M;F;5064;NEP
057540036036-5659;057540036036;100mN31991E42259;MC;NA;3;16;S;F;1517;NEP
057540036036-5660;057540036036;100mN32007E42280;MC;MIX;5;81;D;M;75XX;EMP
057540036036-5660;057540036036;100mN32007E42280;MC;MIX;5;34;M;F;3039;NEP
057540036036-5660;057540036036;100mN32007E42280;MC;MIX;5;36;M;M;3039;EMP
057540036036-5660;057540036036;100mN32007E42280;MC;MIX;5;18;M;M;1824;EMP
057540036036-5660;057540036036;100mN32007E42280;MC;MIX;5;18;D;M;1824;UEP
057540036036-5661;057540036036;100mN32017E42256;MC;NA;3;36;M;M;3039;EMP
057540036036-5661;057540036036;100mN32017E42256;MC;NA;3;31;M;F;3039;NEP
057540036036-5661;057540036036;100mN32017E42256;MC;NA;3;16;S;M;1517;EMP
057540036036-5662;057540036036;100mN32017E42256;S;NA;1;69;D;F;6574;EMP
057540036036-5663;057540036036;100mN32010E42279;S;OS;1;27;S;M;2529;NEP
057540036036-5664;057540036036;100mN32017E42256;PO;OS;3;77;S;F;75XX;EMP
057540036036-5664;057540036036;100mN32017E42256;PO;OS;3;70;S;F;6574;NEP
057540036036-5664;057540036036;100mN32017E42256;PO;OS;3;82;M;F;75XX;EMP
057540036036-5665;057540036036;100mN32004E42260;S;NA;1;21;D;M;1824;EMP
057540036036-5666;057540036036;100mN31981E42262;MC;MIX;4;65;M;F;6574;EMP
057540036036-5666;057540036036;100mN31981E42262;MC;MIX;4;58;M;F;5064;NEP
057540036036-5666;057540036036;100mN31981E42262;MC;MIX;4;56;M;M;5064;EMP
057540036036-5666;057540036036;100mN31981E42262;MC;MIX;4;37;S;M;3039;EMP
057540036036-5667;057540036036;100mN31976E42269;SF;MIX;3;80;W;F;75XX;NEP
057540036036-5667;057540036036;100mN31976E42269;SF;MIX;3;61;S;F;5064;EMP
057540036036-5667;057540036036;100mN31976E42269;SF;MIX;3;44;W;F;4049;EMP
057540036036-5668;057540036036;100mN32010E42253;MC;OS;2;75;M;F;75XX;EMP
057540036036-5668;057540036036;100mN32010E42253;MC;OS;2;79;M;M;75XX;EMP
057540036036-5669;057540036036;100mN32003E42290;MC;NA;2;19;M;F;1824;EMP
057540036036-5669;057540036036;100mN32003E42290;MC;NA;2;20;M;M;1824;EMP
057540036036-5670;057540036036;100mN31962E42300;S;NA;1;47;W;F;4049;EMP
057540036036-5671;057540036036;100mN32005E42260;S;OS;1;41;M;F;4049;EMP
057540036036-5672;057540036036;100mN32003E42290;MC;NA;2;41;M;F;4049;EMP
057540036036-5672;057540036036;100mN32003E42290;MC;NA;2;44;M;M;4049;NEP
057540036036-5673;057540036036;100mN31996E42257;S;NA;1;40;D;M;4049;UEP
057540036036-5674;057540036036;100mN32007E42249;SF;NA;4;61;W;F;5064;EMP
057540036036-5674;057540036036;100mN32007E42249;SF;NA;4;22;M;M;1824;EMP
057540036036-5674;057540036036;100mN32007E42249;SF;NA;4;15;S;M;1517;EMP
057540036036-5674;057540036036;100mN32007E42249;SF;NA;4;22;M;M;1824;EMP
057540036036-5675;057540036036;100mN31996E42259;S;OS;1;54;M;F;5064;EMP
057540036036-5676;057540036036;100mN32005E42231;MC;NA;5;56;M;M;5064;EMP
057540036036-5676;057540036036;100mN32005E42231;MC;NA;5;47;M;F;4049;NEP
057540036036-5676;057540036036;100mN32005E42231;MC;NA;5;11;S;M;0614;NEP
057540036036-5676;057540036036;100mN32005E42231;MC;NA;5;30;D;M;3039;NEP
057540036036-5676;057540036036;100mN32005E42231;MC;NA;5;41;S;M;4049;UEP
057540036036-5677;057540036036;100mN31989E42260;MC;NA;2;41;M;M;4049;EMP
057540036036-5677;057540036036;100mN31989E42260;MC;NA;2;40;M;F;4049;EMP
057540036036-5678;057540036036;100mN32003E42290;S;OS;1;42;M;M;4049;EMP
057540036036-5679;057540036036;100mN32003E42290;MC;MIX;3;81;M;F;75XX;NEP
057540036036-5679;057540036036;100mN32003E42290;MC;MIX;3;19;M;F;1824;EMP
057540036036-5679;057540036036;100mN32003E42290;MC;MIX;3;19;M;M;1824;NEP
057540036036-5680;057540036036;100mN32003E42290;MC;NA;2;36;M;F;3039;EMP
057540036036-5680;057540036036;100mN32003E42290;MC;NA;2;41;M;M;4049;EMP
057540036036-5681;057540036036;100mN32003E42290;MC;NA;2;31;M;M;3039;EMP
057540036036-5681;057540036036;100mN32003E42290;MC;NA;2;28;M;F;2529;EMP
057540036036-5682;057540036036;100mN32010E42279;S;OS;1;61;M;M;5064;EMP
057540036036-5683;057540036036;100mN32003E42290;S;OS;1;57;M;M;5064;EMP
057540036036-5684;057540036036;100mN32003E42290;MC;NA;2;18;M;F;1824;EMP
057540036036-5684;057540036036;100mN32003E42290;MC;NA;2;21;M;M;1824;NEP
057540036036-5685;057540036036;100mN32008E42250;MC;NA;3;61;M;F;5064;EMP
057540036036-5685;057540036036;100mN32008E42250;MC;NA;3;20;M;F;1824;EMP
057540036036-5685;057540036036;100mN32008E42250;MC;NA;3;16;S;F;1517;NEP
057540036036-5686;057540036036;100mN32003E42290;PO;NA;4;31;S;M;3039;EMP
057540036036-5686;057540036036;100mN32003E42290;PO;NA;4;30;S;M;3039;EMP
057540036036-5686;057540036036;100mN32003E42290;PO;NA;4;4;S;M;0305;NEP
057540036036-5686;057540036036;100mN32003E42290;PO;NA;4;13;S;F;0614;NEP
057540036036-5687;057540036036;100mN32003E42290;MC;OS;2;65;M;F;6574;NEP
057540036036-5687;057540036036;100mN32003E42290;MC;OS;2;66;M;M;6574;NEP
057540036036-5688;057540036036;100mN32003E42290;SF;NA;2;47;D;F;4049;EMP
057540036036-5688;057540036036;100mN32003E42290;SF;NA;2;0;S;F;0003;NEP
057540036036-5689;057540036036;100mN32003E42290;S;NA;1;73;S;F;6574;EMP
057540036036-5690;057540036036;100mN32007E42249;S;OS;1;40;M;M;4049;EMP
057540036036-5691;057540036036;100mN32015E42290;MC;NA;3;45;M;M;4049;EMP
057540036036-5691;057540036036;100mN32015E42290;MC;NA;3;48;M;F;4049;EMP
057540036036-5691;057540036036;100mN32015E42290;MC;NA;3;1;S;F;0003;NEP
057540036036-5692;057540036036;100mN32005E42288;MC;MIX;2;85;M;M;75XX;EMP
057540036036-5692;057540036036;100mN32005E42288;MC;MIX;2;21;W;M;1824;EMP
057540036036-5693;057540036036;100mN32004E42258;S;NA;1;69;M;M;6574;EMP
057540036036-5694;057540036036;100mN31966E42250;MC;NA;4;61;M;F;5064;NEP
057540036036-5694;057540036036;100mN31966E42250;MC;NA;4;43;S;M;4049;EMP
057540036036-5694;057540036036;100mN31966E42250;MC;NA;4;7;S;M;0614;NEP
057540036036-5694;057540036036;100mN31966E42250;MC;NA;4;38;M;F;3039;EMP
057540036036-5695;057540036036;100mN32004E42258;MC;NA;6;33;M;F;3039;NEP
057540036036-5695;057540036036;100mN32004E42258;MC;NA;6;33;M;M;3039;EMP
057540036036-5695;057540036036;100mN32004E42258;MC;NA;6;15;S;F;1517;NEP
057540036036-5695;057540036036;100mN32004E42258;MC;NA;6;8;S;F;0614;NEP
057540036036-5695;057540036036;100mN32004E42258;MC;NA;6;11;S;F;0614;NEP
057540036036-5695;057540036036;100mN32004E42258;MC;NA;6;18;M;F;1824;EMP
057540036036-5696;057540036036;100mN32018E42238;S;OS;1;71;D;F;6574;EMP
057540036036-5697;057540036036;100mN32004E42258;S;NA;1;84;D;F;75XX;NEP
057540036036-5698;057540036036;100mN32009E42280;MC;MIX;2;86;M;F;75XX;EMP
057540036036-5698;057540036036;100mN32009E42280;MC;MIX;2;50;M;M;5064;EMP
057540036036-5699;057540036036;100mN31993E42297;MC;NA;4;58;M;M;5064;NEP
057540036036-5699;057540036036;100mN31993E42297;MC;NA;4;51;M;F;5064;EMP
057540036036-5699;057540036036;100mN31993E42297;MC;NA;4;0;S;F;0003;NEP
057540036036-5699;057540036036;100mN31993E42297;MC;NA;4;13;S;F;0614;NEP
057540036036-5700;057540036036;100mN31963E42304;MC;MIX;3;67;S;F;6574;EMP
057540036036-5700;057540036036;100mN31963E42304;MC;MIX;3;58;M;F;5064;NEP
057540036036-5700;057540036036;100mN31963E42304;MC;MIX;3;63;M;M;5064;EMP
057540036036-5701;057540036036;100mN31992E42276;PO;NA;2;60;S;M;5064;NEP
057540036036-5701;057540036036;100mN31992E42276;PO;NA;2;51;S;M;5064;EMP
057540036036-5702;057540036036;100mN32010E42280;S;OS;1;57;W;F;5064;EMP
057540036036-5703;057540036036;100mN32004E42258;MC;MIX;3;79;S;F;75XX;NEP
057540036036-5703;057540036036;100mN32004E42258;MC;MIX;3;58;M;F;5064;EMP
057540036036-5703;057540036036;100mN32004E42258;MC;MIX;3;62;M;M;5064;NEP
057540036036-5704;057540036036;100mN32004E42258;MC;NA;2;53;M;M;5064;NEP
057540036036-5704;057540036036;100mN32004E42258;MC;NA;2;18;M;F;1824;NEP
057540036036-5705;057540036036;100mN32004E42258;MC;NA;3;57;M;F;5064;NEP
057540036036-5705;057540036036;100mN32004E42258;MC;NA;3;61;M;M;5064;UEP
057540036036-5705;057540036036;100mN32004E42258;MC;NA;3;40;S;M;4049;NEP
057540036036-5706;057540036036;100mN32004E42258;S;NA;1;55;W;F;5064;NEP
057540036036-5707;057540036036;100mN31965E42255;MC;NA;6;59;M;F;5064;NEP
057540036036-5707;057540036036;100mN31965E42255;MC;NA;6;62;M;M;5064;EMP
057540036036-5707;057540036036;100mN31965E42255;MC;NA;6;32;M;M;3039;EMP
057540036036-5707;057540036036;100mN31965E42255;MC;NA;6;13;S;M;0614;NEP
057540036036-5707;057540036036;100mN31965E42255;MC;NA;6;13;S;M;0614;NEP
057540036036-5707;057540036036;100mN31965E42255;MC;NA;6;10;S;F;0614;NEP
057540036036-5708;057540036036;100mN32004E42258;MC;OS;3;87;M;F;75XX;NEP
057540036036-5708;057540036036;100mN32004E42258;MC;OS;3;68;S;M;6574;EMP
057540036036-5708;057540036036;100mN32004E42258;MC;OS;3;66;M;F;6574;NEP
057540036036-5709;057540036036;100mN32017E42249;SM;NA;3;31;D;M;3039;EMP
057540036036-5709;057540036036;100mN32017E42249;SM;NA;3;10;S;M;0614;NEP
057540036036-5709;057540036036;100mN32017E42249;SM;NA;3;2;S;M;0003;NEP
057540036036-5710;057540036036;100mN31975E42248;MC;NA;4;53;M;M;5064;UEP
057540036036-5710;057540036036;100mN31975E42248;MC;NA;4;56;M;F;5064;NEP
057540036036-5710;057540036036;100mN31975E42248;MC;NA;4;12;S;M;0614;NEP
057540036036-5710;057540036036;100mN31975E42248;MC;NA;4;15;S;F;1517;NEP
057540036036-5711;057540036036;100mN32004E42258;SF;NA;4;88;W;F;75XX;NEP
057540036036-5711;057540036036;100mN32004E42258;SF;NA;4;12;S;F;0614;NEP
057540036036-5711;057540036036;100mN32004E42258;SF;NA;4;47;S;F;4049;NEP
057540036036-5711;057540036036;100mN32004E42258;SF;NA;4;1;S;F;0003;NEP
057540036036-5712;057540036036;100mN32004E42258;MC;MIX;3;88;S;F;75XX;EMP
057540036036-5712;057540036036;100mN32004E42258;MC;MIX;3;25;M;F;2529;EMP
057540036036-5712;057540036036;100mN32004E42258;MC;MIX;3;25;M;M;2529;NEP
057540036036-5713;057540036036;100mN31973E42252;SF;MIX;2;84;S;F;75XX;EMP
057540036036-5713;057540036036;100mN31973E42252;SF;MIX;2;43;D;F;4049;NEP
057540036036-5714;057540036036;100mN32004E42258;S;NA;1;43;S;M;4049;EMP
057540036036-5715;057540036036;100mN32004E42258;SM;NA;6;53;S;M;5064;EMP
057540036036-5715;057540036036;100mN32004E42258;SM;NA;6;8;S;M;0614;NEP
057540036036-5715;057540036036;100mN32004E42258;SM;NA;6;19;M;F;1824;EMP
057540036036-5715;057540036036;100mN32004E42258;SM;NA;6;4;S;F;0305;NEP
057540036036-5715;057540036036;100mN32004E42258;SM;NA;6;7;S;F;0614;NEP
057540036036-5715;057540036036;100mN32004E42258;SM;NA;6;12;S;M;0614;NEP
057540036036-5716;057540036036;100mN32004E42258;MC;NA;5;40;M;F;4049;NEP
057540036036-5716;057540036036;100mN32004E42258;MC;NA;5;40;M;M;4049;NEP
057540036036-5716;057540036036;100mN32004E42258;MC;NA;5;9;S;F;0614;NEP
057540036036-5716;057540036036;100mN32004E42258;MC;NA;5;19;M;F;1824;NEP
057540036036-5716;057540036036;100mN32004E42258;MC;NA;5;12;S;M;0614;NEP
057540036036-5717;057540036036;100mN32004E42258;S;NA;1;23;D;M;1824;NEP
057540036036-5718;057540036036;100mN32004E42258;MC;NA;3;47;M;F;4049;NEP
057540036036-5718;057540036036;100mN32004E42258;MC;NA;3;45;M;M;4049;EMP
057540036036-5718;057540036036;100mN32004E42258;MC;NA;3;6;S;F;0614;NEP
057540036036-5719;057540036036;100mN32012E42286;S;NA;1;30;M;M;3039;EMP
057540036036-5720;057540036036;100mN32004E42257;MC;NA;2;28;M;M;2529;EMP
057540036036-5720;057540036036;100mN32004E42257;MC;NA;2;27;M;F;2529;EMP
057540036036-5721;057540036036;100mN32008E42281;S;NA;1;42;W;F;4049;EMP
057540036036-5722;057540036036;100mN32004E42257;MC;OS;2;78;M;M;75XX;EMP
057540036036-5722;057540036036;100mN32004E42257;MC;OS;2;77;M;F;75XX;EMP
057540036036-5723;057540036036;100mN32004E42257;S;OS;1;45;W;F;4049;EMP
057540036036-5724;057540036036;100mN32004E42257;NA;NA;2;47;M;F;4049;EMP
057540036036-5724;057540036036;100mN32004E42257;NA;NA;2;48;S;M;4049;EMP
057540036036-5725;057540036036;100mN31996E42269;S;NA;1;16;S;M;1517;EMP
057540036036-5726;057540036036;100mN32004E42257;MC;NA;4;26;M;M;2529;EMP
057540036036-5726;057540036036;100mN32004E42257;MC;NA;4;18;M;F;1824;NEP
057540036036-5726;057540036036;100mN32004E42257;MC;NA;4;8;S;F;0614;NEP
057540036036-5726;057540036036;100mN32004E42257;MC;NA;4;1;S;M;0003;NEP
057540036036-5727;057540036036;100mN32004E42257;MC;NA;3;55;M;M;5064;EMP
057540036036-5727;057540036036;100mN32004E42257;MC;NA;3;53;M;F;5064;EMP
057540036036-5727;057540036036;100mN32004E42257;MC;NA;3;8;S;M;0614;NEP
057540036036-5728;057540036036;100mN32004E42257;MC;NA;2;36;M;M;3039;NEP
057540036036-5728;057540036036;100mN32004E42257;MC;NA;2;33;M;F;3039;EMP
057540036036-5729;057540036036;100mN32004E42257;MC;OS;3;69;M;M;6574;EMP
057540036036-5729;057540036036;100mN32004E42257;MC;OS;3;67;M;F;6574;NEP
057540036036-5729;057540036036;100mN32004E42257;MC;OS;3;72;S;F;6574;EMP
057540036036-5730;057540036036;100mN31973E42252;SF;MIX;2;84;S;F;75XX;EMP
057540036036-5730;057540036036;100mN31973E42252;SF;MIX;2;43;D;F;4049;NEP
057540036036-5731;057540036036;100mN31999E42256;S;NA;1;28;M;M;2529;EMP
057540036036-5732;057540036036;100mN31964E42281;MC;NA;4;56;M;M;5064;EMP
057540036036-5732;057540036036;100mN31964E42281;MC;NA;4;50;M;F;5064;EMP
057540036036-5732;057540036036;100mN31964E42281;MC;NA;4;31;D;F;3039;NEP
057540036036-5732;057540036036;100mN31964E42281;MC;NA;4;13;S;F;0614;NEP
057540036036-5733;057540036036;100mN31986E42271;MC;NA;3;46;M;F;4049;NEP
057540036036-5733;057540036036;100mN31986E42271;MC;NA;3;46;M;M;4049;EMP
057540036036-5733;057540036036;100mN31986E42271;MC;NA;3;11;S;M;0614;NEP
057540036036-5734;057540036036;100mN32004E42257;MC;OS;3;72;M;M;6574;EMP
057540036036-5734;057540036036;100mN32004E42257;MC;OS;3;66;M;F;6574;EMP
057540036036-5734;057540036036;100mN32004E42257;MC;OS;3;79;M;F;75XX;EMP
057540036036-5735;057540036036;100mN31965E42240;NA;NA;2;63;W;F;5064;EMP
057540036036-5735;057540036036;100mN31965E42240;NA;NA;2;48;S;M;4049;EMP
057540036036-5736;057540036036;100mN31964E42308;S;NA;1;44;D;M;4049;EMP
057540036036-5737;057540036036;100mN32013E42244;SF;NA;4;72;W;F;6574;NEP
057540036036-5737;057540036036;100mN32013E42244;SF;NA;4;12;S;F;0614;NEP
057540036036-5737;057540036036;100mN32013E42244;SF;NA;4;54;W;F;5064;NEP
057540036036-5737;057540036036;100mN32013E42244;SF;NA;4;12;S;F;0614;NEP
057540036036-5738;057540036036;100mN32012E42305;S;NA;1;28;M;M;2529;UEP
057540036036-5739;057540036036;100mN32012E42249;MC;MIX;3;70;D;M;6574;EMP
057540036036-5739;057540036036;100mN32012E42249;MC;MIX;3;40;M;F;4049;NEP
057540036036-5739;057540036036;100mN32012E42249;MC;MIX;3;43;M;M;4049;EMP
057540036036-5740;057540036036;100mN32001E42287;MC;OS;2;86;M;F;75XX;EMP
057540036036-5740;057540036036;100mN32001E42287;MC;OS;2;13;S;M;0614;NEP
057540036036-5741;057540036036;100mN32001E42287;MC;NA;3;25;M;F;2529;EMP
057540036036-5741;057540036036;100mN32001E42287;MC;NA;3;31;M;M;3039;EMP
057540036036-5741;057540036036;100mN32001E42287;MC;NA;3;7;S;M;0614;NEP
057540036036-5742;057540036036;100mN31989E42261;SM;NA;5;40;S;M;4049;EMP
057540036036-5742;057540036036;100mN31989E42261;SM;NA;5;13;S;F;0614;NEP
057540036036-5742;057540036036;100mN31989E42261;SM;NA;5;9;S;F;0614;NEP
057540036036-5742;057540036036;100mN31989E42261;SM;NA;5;20;M;M;1824;EMP
057540036036-5742;057540036036;100mN31989E42261;SM;NA;5;15;S;F;1517;EMP
057540036036-5743;057540036036;100mN32001E42287;MC;NA;3;58;M;F;5064;EMP
057540036036-5743;057540036036;100mN32001E42287;MC;NA;3;63;M;M;5064;EMP
057540036036-5743;057540036036;100mN32001E42287;MC;NA;3;1;S;F;0003;NEP
057540036036-5744;057540036036;100mN32001E42287;MC;NA;2;61;M;M;5064;EMP
057540036036-5744;057540036036;100mN32001E42287;MC;NA;2;63;M;F;5064;NEP
057540036036-5745;057540036036;100mN32001E42287;MC;NA;2;52;M;F;5064;EMP
057540036036-5745;057540036036;100mN32001E42287;MC;NA;2;48;M;M;4049;EMP
057540036036-5746;057540036036;100mN32001E42287;S;OS;1;84;S;F;75XX;EMP
057540036036-5747;057540036036;100mN31989E42256;SF;NA;4;40;W;F;4049;EMP
057540036036-5747;057540036036;100mN31989E42256;SF;NA;4;3;S;F;0305;NEP
057540036036-5747;057540036036;100mN31989E42256;SF;NA;4;15;S;F;1517;NEP
057540036036-5747;057540036036;100mN31989E42256;SF;NA;4;18;M;F;1824;NEP
057540036036-5748;057540036036;100mN32001E42287;S;NA;1;55;M;F;5064;EMP
057540036036-5749;057540036036;100mN32001E42287;S;NA;1;44;M;F;4049;NEP
057540036036-5750;057540036036;100mN32001E42287;PO;NA;4;62;S;M;5064;EMP
057540036036-5750;057540036036;100mN32001E42287;PO;NA;4;59;S;M;5064;EMP
057540036036-5750;057540036036;100mN32001E42287;PO;NA;4;35;S;F;3039;EMP
057540036036-5750;057540036036;100mN32001E42287;PO;NA;4;31;W;F;3039;NEP
057540036036-5751;057540036036;100mN32001E42287;MC;OS;4;81;M;F;75XX;NEP
057540036036-5751;057540036036;100mN32001E42287;MC;OS;4;86;M;M;75XX;EMP
057540036036-5751;057540036036;100mN32001E42287;MC;OS;4;69;S;F;6574;EMP
057540036036-5751;057540036036;100mN32001E42287;MC;OS;4;77;M;F;75XX;EMP
057540036036-5752;057540036036;100mN31983E42294;SF;NA;2;20;D;F;1824;NEP
057540036036-5752;057540036036;100mN31983E42294;SF;NA;2;3;S;M;0305;NEP
057540036036-5753;057540036036;100mN32005E42282;MC;MIX;4;69;M;M;6574;UEP
057540036036-5753;057540036036;100mN32005E42282;MC;MIX;4;25;M;F;2529;NEP
057540036036-5753;057540036036;100mN32005E42282;MC;MIX;4;28;M;M;2529;NEP
057540036036-5753;057540036036;100mN32005E42282;MC;MIX;4;9;S;M;0614;NEP
057540036036-5754;057540036036;100mN32001E42287;PO;NA;2;38;S;M;3039;EMP
057540036036-5754;057540036036;100mN32001E42287;PO;NA;2;30;S;F;3039;EMP
057540036036-5755;057540036036;100mN32017E42253;MC;NA;3;33;M;F;3039;NEP
057540036036-5755;057540036036;100mN32017E42253;MC;NA;3;37;M;M;3039;NEP
057540036036-5755;057540036036;100mN32017E42253;MC;NA;3;16;S;M;1517;EMP
057540036036-5756;057540036036;100mN31992E42263;S;NA;1;27;M;M;2529;NEP
057540036036-5757;057540036036;100mN31992E42263;MC;NA;2;30;M;M;3039;EMP
057540036036-5757;057540036036;100mN31992E42263;MC;NA;2;25;M;F;2529;EMP
057540036036-5758;057540036036;100mN31992E42263;MC;NA;3;62;M;M;5064;NEP
057540036036-5758;057540036036;100mN31992E42263;MC;NA;3;63;M;F;5064;NEP
057540036036-5758;057540036036;100mN31992E42263;MC;NA;3;6;S;M;0614;NEP
057540036036-5759;057540036036;100mN31993E42261;S;NA;1;45;S;M;4049;EMP
057540036036-5760;057540036036;100mN31963E42303;NA;MIX;3;55;S;M;5064;EMP
057540036036-5760;057540036036;100mN31963E42303;NA;MIX;3;42;M;F;4049;NEP
057540036036-5760;057540036036;100mN31963E42303;NA;MIX;3;84;D;F;75XX;NEP
057540036036-5761;057540036036;100mN31992E42263;S;NA;1;78;M;F;75XX;NEP
057540036036-5762;057540036036;100mN31992E42263;MC;MIX;6;68;M;F;6574;EMP
057540036036-5762;057540036036;100mN31992E42263;MC;MIX;6;42;M;M;4049;NEP
057540036036-5762;057540036036;100mN31992E42263;MC;MIX;6;38;M;F;3039;NEP
057540036036-5762;057540036036;100mN31992E42263;MC;MIX;6;12;S;F;0614;NEP
057540036036-5762;057540036036;100mN31992E42263;MC;MIX;6;15;S;F;1517;NEP
057540036036-5762;057540036036;100mN31992E42263;MC;MIX;6;15;S;F;1517;EMP
057540036036-5763;057540036036;100mN32009E42278;MC;NA;3;56;M;F;5064;EMP
057540036036-5763;057540036036;100mN32009E42278;MC;NA;3;59;M;F;5064;NEP
057540036036-5763;057540036036;100mN32009E42278;MC;NA;3;13;S;F;0614;NEP
057540036036-5764;057540036036;100mN31992E42263;PO;MIX;4;69;M;M;6574;EMP
057540036036-5764;057540036036;100mN31992E42263;PO;MIX;4;28;S;F;2529;EMP
057540036036-5764;057540036036;100mN31992E42263;PO;MIX;4;37;S;M;3039;EMP
057540036036-5764;057540036036;100mN31992E42263;PO;MIX;4;11;S;M;0614;NEP
057540036036-5765;057540036036;100mN31976E42250;S;OS;1;33;W;F;3039;EMP
057540036036-5766;057540036036;100mN31992E42263;MC;NA;2;36;M;M;3039;EMP
057540036036-5766;057540036036;100mN31992E42263;MC;NA;2;33;M;F;3039;NEP
057540036036-5767;057540036036;100mN32005E42282;S;NA;1;70;M;F;6574;EMP
057540036036-5768;057540036036;100mN32012E42291;MC;NA;6;44;M;F;4049;NEP
057540036036-5768;057540036036;100mN32012E42291;MC;NA;6;54;M;M;5064;EMP
057540036036-5768;057540036036;100mN32012E42291;MC;NA;6;12;S;F;0614;NEP
057540036036-5768;057540036036;100mN32012E42291;MC;NA;6;1;S;F;0003;NEP
057540036036-5768;057540036036;100mN32012E42291;MC;NA;6;7;S;M;0614;NEP
057540036036-5768;057540036036;100mN32012E42291;MC;NA;6;4;S;M;0305;NEP
057540036036-5769;057540036036;100mN32012E42247;MC;NA;4;56;M;F;5064;NEP
057540036036-5769;057540036036;100mN32012E42247;MC;NA;4;57;M;M;5064;NEP
057540036036-5769;057540036036;100mN32012E42247;MC;NA;4;25;W;F;2529;EMP
057540036036-5769;057540036036;100mN32012E42247;MC;NA;4;4;S;F;0305;NEP
057540036036-5770;057540036036;100mN32012E42247;S;OS;1;31;M;M;3039;NEP
057540036036-5771;057540036036;100mN32012E42247;S;NA;1;31;S;M;3039;EMP
057540036036-5772;057540036036;100mN32012E42247;MC;MIX;5;76;M;F;75XX;NEP
057540036036-5772;057540036036;100mN32012E42247;MC;MIX;5;45;M;F;4049;EMP
057540036036-5772;057540036036;100mN32012E42247;MC;MIX;5;51;M;M;5064;EMP
057540036036-5772;057540036036;100mN32012E42247;MC;MIX;5;30;S;M;3039;EMP
057540036036-5772;057540036036;100mN32012E42247;MC;MIX;5;20;M;M;1824;NEP
057540036036-5773;057540036036;100mN32001E42290;MC;NA;2;40;M;M;4049;NEP
057540036036-5773;057540036036;100mN32001E42290;MC;NA;2;43;M;F;4049;EMP
057540036036-5774;057540036036;100mN32012E42247;S;NA;1;52;M;M;5064;EMP
057540036036-5775;057540036036;100mN32026E42264;S;NA;1;70;S;F;6574;NEP
057540036036-5776;057540036036;100mN31961E42258;S;NA;1;41;W;F;4049;NEP
057540036036-5777;057540036036;100mN32018E42245;SF;NA;5;58;S;F;5064;NEP
057540036036-5777;057540036036;100mN32018E42245;SF;NA;5;18;D;M;1824;EMP
057540036036-5777;057540036036;100mN32018E42245;SF;NA;5;43;D;M;4049;EMP
057540036036-5777;057540036036;100mN32018E42245;SF;NA;5;0;S;M;0003;NEP
057540036036-5777;057540036036;100mN32018E42245;SF;NA;5;33;M;M;3039;EMP
057540036036-5778;057540036036;100mN32018E42245;MC;MIX;2;70;M;F;6574;EMP
057540036036-5778;057540036036;100mN32018E42245;MC;MIX;2;6;S;M;0614;NEP
057540036036-5779;057540036036;100mN32018E42245;MC;OS;4;87;M;M;75XX;EMP
057540036036-5779;057540036036;100mN32018E42245;MC;OS;4;85;M;F;75XX;NEP
057540036036-5779;057540036036;100mN32018E42245;MC;OS;4;81;D;F;75XX;EMP
057540036036-5779;057540036036;100mN32018E42245;MC;OS;4;70;M;F;6574;EMP
057540036036-5780;057540036036;100mN32018E42245;MC;NA;2;21;M;F;1824;EMP
057540036036-5780;057540036036;100mN32018E42245;MC;NA;2;18;M;M;1824;EMP
057540036036-5781;057540036036;100mN32018E42245;S;NA;1;60;S;F;5064;EMP
057540036036-5782;057540036036;100mN32018E42245;S;NA;1;22;M;M;1824;UEP
057540036036-5783;057540036036;100mN32018E42245;S;NA;1;47;S;M;4049;EMP
057540036036-5784;057540036036;100mN32018E42245;MC;OS;2;68;M;F;6574;EMP
057540036036-5784;057540036036;100mN32018E42245;MC;OS;2;73;M;M;6574;EMP
057540036036-5785;057540036036;100mN32018E42245;MC;MIX;4;67;W;F;6574;EMP
057540036036-5785;057540036036;100mN32018E42245;MC;MIX;4;26;M;M;2529;EMP
057540036036-5785;057540036036;100mN32018E42245;MC;MIX;4;18;M;F;1824;EMP
057540036036-5785;057540036036;100mN32018E42245;MC;MIX;4;3;S;F;0305;NEP
057540036036-5786;057540036036;100mN32018E42245;S;NA;1;16;S;F;1517;NEP
057540036036-5787;057540036036;100mN32018E42291;SF;MIX;2;77;W;F;75XX;EMP
057540036036-5787;057540036036;100mN32018E42291;SF;MIX;2;62;M;F;5064;EMP
057540036036-5788;057540036036;100mN32018E42245;SF;NA;3;21;D;F;1824;EMP
057540036036-5788;057540036036;100mN32018E42245;SF;NA;3;3;S;F;0305;NEP
057540036036-5788;057540036036;100mN32018E42245;SF;NA;3;2;S;F;0003;NEP
057540036036-5789;057540036036;100mN32018E42245;MC;OS;2;77;M;M;75XX;EMP
057540036036-5789;057540036036;100mN32018E42245;MC;OS;2;75;M;F;75XX;EMP
057540036036-5790;057540036036;100mN32010E42287;MC;MIX;3;86;M;F;75XX;NEP
057540036036-5790;057540036036;100mN32010E42287;MC;MIX;3;51;M;F;5064;EMP
057540036036-5790;057540036036;100mN32010E42287;MC;MIX;3;53;M;M;5064;EMP
057540036036-5791;057540036036;100mN32018E42245;S;NA;1;22;M;M;1824;NEP
057540036036-5792;057540036036;100mN32018E42245;MC;NA;3;43;M;M;4049;NEP
057540036036-5792;057540036036;100mN32018E42245;MC;NA;3;42;M;F;4049;EMP
057540036036-5792;057540036036;100mN32018E42245;MC;NA;3;3;S;M;0305;NEP
057540036036-5793;057540036036;100mN32018E42245;MC;NA;4;50;M;M;5064;EMP
057540036036-5793;057540036036;100mN32018E42245;MC;NA;4;44;M;F;4049;EMP
057540036036-5793;057540036036;100mN32018E42245;MC;NA;4;22;M;F;1824;NEP
057540036036-5793;057540036036;100mN32018E42245;MC;NA;4;6;S;F;0614;NEP
057540036036-5794;057540036036;100mN32018E42245;MC;OS;2;67;M;M;6574;EMP
057540036036-5794;057540036036;100mN32018E42245;MC;OS;2;65;M;F;6574;NEP
057540036036-5795;057540036036;100mN32018E42245;MC;MIX;3;67;S;M;6574;EMP
057540036036-5795;057540036036;100mN32018E42245;MC;MIX;3;36;M;M;3039;EMP
057540036036-5795;057540036036;100mN32018E42245;MC;MIX;3;35;M;F;3039;EMP
057540036036-5796;057540036036;100mN32018E42245;MC;NA;2;31;M;F;3039;EMP
057540036036-5796;057540036036;100mN32018E42245;MC;NA;2;33;M;M;3039;EMP
057540036036-5797;057540036036;100mN32004E42285;SF;MIX;2;84;S;F;75XX;EMP
057540036036-5797;057540036036;100mN32004E42285;SF;MIX;2;27;M;F;2529;EMP
057540036036-5798;057540036036;100mN32004E42285;S;OS;1;53;M;M;5064;EMP
057540036036-5799;057540036036;100mN32004E42285;SF;MIX;2;80;W;F;75XX;NEP
057540036036-5799;057540036036;100mN32004E42285;SF;MIX;2;2;S;F;0003;NEP
057540036036-5800;057540036036;100mN32012E42227;MC;NA;3;54;M;M;5064;EMP
057540036036-5800;057540036036;100mN32012E42227;MC;NA;3;45;M;F;4049;NEP
057540036036-5800;057540036036;100mN32012E42227;MC;NA;3;33;S;M;3039;NEP
057540036036-5801;057540036036;100mN31998E42256;PO;NA;5;28;S;F;2529;EMP
057540036036-5801;057540036036;100mN31998E42256;PO;NA;5;36;S;M;3039;NEP
057540036036-5801;057540036036;100mN31998E42256;PO;NA;5;11;S;M;0614;NEP
057540036036-5801;057540036036;100mN31998E42256;PO;NA;5;13;S;F;0614;NEP
057540036036-5801;057540036036;100mN31998E42256;PO;NA;5;3;S;F;0305;NEP
057540036036-5802;057540036036;100mN32004E42285;MC;OS;3;65;M;F;6574;EMP
057540036036-5802;057540036036;100mN32004E42285;MC;OS;3;66;M;M;6574;EMP
057540036036-5802;057540036036;100mN32004E42285;MC;OS;3;88;M;F;75XX;NEP
057540036036-5803;057540036036;100mN31973E42247;MC;NA;6;45;M;M;4049;EMP
057540036036-5803;057540036036;100mN31973E42247;MC;NA;6;42;M;F;4049;EMP
057540036036-5803;057540036036;100mN31973E42247;MC;NA;6;26;W;M;2529;EMP
057540036036-5803;057540036036;100mN31973E42247;MC;NA;6;7;S;F;0614;NEP
057540036036-5803;057540036036;100mN31973E42247;MC;NA;6;7;S;M;0614;NEP
057540036036-5803;057540036036;100mN31973E42247;MC;NA;6;13;S;M;0614;NEP
057540036036-5804;057540036036;100mN32004E42285;MC;NA;2;32;M;M;3039;EMP
057540036036-5804;057540036036;100mN32004E42285;MC;NA;2;30;M;F;3039;NEP
057540036036-5805;057540036036;100mN32004E42285;SF;NA;5;67;S;F;6574;EMP
057540036036-5805;057540036036;100mN32004E42285;SF;NA;5;37;S;M;3039;EMP
057540036036-5805;057540036036;100mN32004E42285;SF;NA;5;12;S;M;0614;NEP
057540036036-5805;057540036036;100mN32004E42285;SF;NA;5;10;S;F;0614;NEP
057540036036-5805;057540036036;100mN32004E42285;SF;NA;5;3;S;F;0305;NEP
057540036036-5806;057540036036;100mN31999E42255;MC;MIX;4;71;W;M;6574;UEP
057540036036-5806;057540036036;100mN31999E42255;MC;MIX;4;43;M;M;4049;EMP
057540036036-5806;057540036036;100mN31999E42255;MC;MIX;4;38;M;F;3039;NEP
057540036036-5806;057540036036;100mN31999E42255;MC;MIX;4;16;S;M;1517;EMP
057540036036-5807;057540036036;100mN32004E42285;S;OS;1;73;S;M;6574;NEP
057540036036-5808;057540036036;100mN32004E42285;MC;OS;2;67;M;M;6574;EMP
057540036036-5808;057540036036;100mN32004E42285;MC;OS;2;66;M;F;6574;NEP
057540036036-5809;057540036036;100mN32004E42285;SF;MIX;4;69;M;F;6574;EMP
057540036036-5809;057540036036;100mN32004E42285;SF;MIX;4;16;S;F;1517;EMP
057540036036-5809;057540036036;100mN32004E42285;SF;MIX;4;0;S;M;0003;NEP
057540036036-5809;057540036036;100mN32004E42285;SF;MIX;4;0;S;F;0003;NEP
057540036036-5810;057540036036;100mN31951E42247;S;NA;1;16;S;M;1517;EMP
057540036036-5811;057540036036;100mN31962E42308;MC;NA;2;37;M;M;3039;EMP
057540036036-5811;057540036036;100mN31962E42308;MC;NA;2;32;M;F;3039;NEP
057540036036-5812;057540036036;100mN31995E42259;SF;NA;2;53;W;F;5064;NEP
057540036036-5812;057540036036;100mN31995E42259;SF;NA;2;4;S;F;0305;NEP
057540036036-5813;057540036036;100mN32004E42281;PO;NA;2;58;S;M;5064;NEP
057540036036-5813;057540036036;100mN32004E42281;PO;NA;2;56;S;M;5064;NEP
057540036036-5814;057540036036;100mN31987E42266;MC;NA;2;57;M;F;5064;NEP
057540036036-5814;057540036036;100mN31987E42266;MC;NA;2;50;M;M;5064;EMP
057540036036-5815;057540036036;100mN32007E42282;MC;NA;4;30;M;F;3039;EMP
057540036036-5815;057540036036;100mN32007E42282;MC;NA;4;31;M;M;3039;EMP
057540036036-5815;057540036036;100mN32007E42282;MC;NA;4;2;S;F;0003;NEP
057540036036-5815;057540036036;100mN32007E42282;MC;NA;4;15;S;M;1517;EMP
057540036036-5816;057540036036;100mN32012E42246;MC;OS;2;69;M;M;6574;EMP
057540036036-5816;057540036036;100mN32012E42246;MC;OS;2;67;M;F;6574;EMP
057540036036-5817;057540036036;100mN31951E42247;PO;OS;4;76;S;M;75XX;EMP
057540036036-5817;057540036036;100mN31951E42247;PO;OS;4;75;S;M;75XX;EMP
057540036036-5817;057540036036;100mN31951E42247;PO;OS;4;76;M;M;75XX;NEP
057540036036-5817;057540036036;100mN31951E42247;PO;OS;4;67;M;M;6574;EMP
057540036036-5818;057540036036;100mN32012E42246;SF;NA;4;41;W;F;4049;EMP
057540036036-5818;057540036036;100mN32012E42246;SF;NA;4;10;S;M;0614;NEP
057540036036-5818;057540036036;100mN32012E42246;SF;NA;4;15;S;F;1517;EMP
057540036036-5818;057540036036;100mN32012E42246;SF;NA;4;1;S;M;0003;NEP
057540036036-5819;057540036036;100mN31962E42300;S;NA;1;37;S;M;3039;EMP
057540036036-5820;057540036036;100mN32012E42246;PO;OS;2;68;S;M;6574;EMP
057540036036-5820;057540036036;100mN32012E42246;PO;OS;2;66;S;M;6574;EMP
057540036036-5821;057540036036;100mN31990E42261;MC;NA;2;42;M;F;4049;EMP
057540036036-5821;057540036036;100mN31990E42261;MC;NA;2;50;M;M;5064;UEP
057540036036-5822;057540036036;100mN32022E42248;SF;MIX;3;70;S;F;6574;NEP
057540036036-5822;057540036036;100mN32022E42248;SF;MIX;3;26;W;F;2529;NEP
057540036036-5822;057540036036;100mN32022E42248;SF;MIX;3;10;S;M;0614;NEP
057540036036-5823;057540036036;100mN32008E42281;S;NA;1;42;W;F;4049;EMP
057540036036-5824;057540036036;100mN32017E42245;MC;MIX;5;67;M;F;6574;EMP
057540036036-5824;057540036036;100mN32017E42245;MC;MIX;5;43;M;M;4049;EMP
057540036036-5824;057540036036;100mN32017E42245;MC;MIX;5;40;M;F;4049;NEP
057540036036-5824;057540036036;100mN32017E42245;MC;MIX;5;13;S;F;0614;NEP
057540036036-5824;057540036036;100mN32017E42245;MC;MIX;5;25;S;M;2529;EMP
057540036036-5825;057540036036;100mN32017E42245;MC;NA;2;33;M;M;3039;EMP
057540036036-5825;057540036036;100mN32017E42245;MC;NA;2;27;M;F;2529;EMP
057540036036-5826;057540036036;100mN32017E42245;MC;MIX;4;85;M;F;75XX;NEP
057540036036-5826;057540036036;100mN32017E42245;MC;MIX;4;19;M;F;1824;NEP
057540036036-5826;057540036036;100mN32017E42245;MC;MIX;4;19;M;M;1824;EMP
057540036036-5826;057540036036;100mN32017E42245;MC;MIX;4;0;S;M;0003;NEP
057540036036-5827;057540036036;100mN32005E42279;S;NA;1;26;S;M;2529;EMP
057540036036-5828;057540036036;100mN32017E42245;MC;NA;2;45;M;M;4049;EMP
057540036036-5828;057540036036;100mN32017E42245;MC;NA;2;46;M;F;4049;NEP
057540036036-5829;057540036036;100mN32017E42245;S;OS;1;75;W;F;75XX;NEP
057540036036-5830;057540036036;100mN32017E42245;MC;NA;2;61;M;M;5064;NEP
057540036036-5830;057540036036;100mN32017E42245;MC;NA;2;57;W;F;5064;NEP
057540036036-5831;057540036036;100mN32017E42245;S;NA;1;46;M;M;4049;NEP
057540036036-5832;057540036036;100mN31993E42261;S;OS;1;51;M;F;5064;NEP
057540036036-5833;057540036036;100mN32017E42245;MC;NA;3;52;M;M;5064;EMP
057540036036-5833;057540036036;100mN32017E42245;MC;NA;3;47;M;F;4049;NEP
057540036036-5833;057540036036;100mN32017E42245;MC;NA;3;8;S;F;0614;NEP
057540036036-5834;057540036036;100mN32012E42227;S;NA;1;23;M;F;1824;EMP
057540036036-5835;057540036036;100mN32017E42245;MC;OS;4;86;M;F;75XX;EMP
057540036036-5835;057540036036;100mN32017E42245;MC;OS;4;4;S;M;0305;NEP
057540036036-5835;057540036036;100mN32017E42245;MC;OS;4;83;W;F;75XX;EMP
057540036036-5835;057540036036;100mN32017E42245;MC;OS;4;86;W;F;75XX;NEP
057540036036-5836;057540036036;100mN32017E42245;SF;NA;2;45;S;F;4049;EMP
057540036036-5836;057540036036;100mN32017E42245;SF;NA;2;6;S;F;0614;NEP
057540036036-5837;057540036036;100mN32017E42245;SF;NA;3;32;S;F;3039;EMP
057540036036-5837;057540036036;100mN32017E42245;SF;NA;3;7;S;F;0614;NEP
057540036036-5837;057540036036;100mN32017E42245;SF;NA;3;3;S;M;0305;NEP
057540036036-5838;057540036036;100mN32012E42251;MC;NA;2;53;M;F;5064;NEP
057540036036-5838;057540036036;100mN32012E42251;MC;NA;2;61;M;M;5064;EMP
057540036036-5839;057540036036;100mN32017E42288;S;NA;1;63;W;F;5064;EMP
057540036036-5840;057540036036;100mN32017E42245;S;NA;1;48;W;F;4049;EMP
057540036036-5841;057540036036;100mN32017E42245;MC;NA;3;51;M;F;5064;EMP
057540036036-5841;057540036036;100mN32017E42245;MC;NA;3;60;M;M;5064;NEP
057540036036-5841;057540036036;100mN32017E42245;MC;NA;3;0;S;M;0003;NEP
057540036036-5842;057540036036;100mN32017E42245;MC;NA;2;41;M;M;4049;NEP
057540036036-5842;057540036036;100mN32017E42245;MC;NA;2;38;M;F;3039;NEP
057540036036-5843;057540036036;100mN31989E42256;SF;NA;4;40;W;F;4049;EMP
057540036036-5843;057540036036;100mN31989E42256;SF;NA;4;3;S;F;0305;NEP
057540036036-5843;057540036036;100mN31989E42256;SF;NA;4;15;S;F;1517;NEP
057540036036-5843;057540036036;100mN31989E42256;SF;NA;4;18;M;F;1824;NEP
057540036036-5844;057540036036;100mN31989E42256;MC;OS;4;65;M;F;6574;NEP
057540036036-5844;057540036036;100mN31989E42256;MC;OS;4;70;M;M;6574;EMP
057540036036-5844;057540036036;100mN31989E42256;MC;OS;4;69;M;F;6574;EMP
057540036036-5844;057540036036;100mN31989E42256;MC;OS;4;78;M;M;75XX;EMP
057540036036-5845;057540036036;100mN31989E42274;MC;MIX;5;68;W;M;6574;EMP
057540036036-5845;057540036036;100mN31989E42274;MC;MIX;5;28;M;F;2529;EMP
057540036036-5845;057540036036;100mN31989E42274;MC;MIX;5;30;M;M;3039;EMP
057540036036-5845;057540036036;100mN31989E42274;MC;MIX;5;1;S;F;0003;NEP
057540036036-5845;057540036036;100mN31989E42274;MC;MIX;5;7;S;M;0614;NEP
057540036036-5846;057540036036;100mN32014E42251;S;NA;1;27;S;M;2529;EMP
057540036036-5847;057540036036;100mN31992E42279;S;NA;1;19;S;M;1824;EMP
057540036036-5848;057540036036;100mN31973E42271;SF;NA;3;35;S;F;3039;EMP
057540036036-5848;057540036036;100mN31973E42271;SF;NA;3;8;S;M;0614;NEP
057540036036-5848;057540036036;100mN31973E42271;SF;NA;3;12;S;M;0614;NEP
057540036036-5849;057540036036;100mN31989E42261;MC;NA;2;51;M;M;5064;NEP
057540036036-5849;057540036036;100mN31989E42261;MC;NA;2;50;M;F;5064;EMP
057540036036-5850;057540036036;100mN31989E42261;S;NA;1;37;S;F;3039;EMP
057540036036-5851;057540036036;100mN31989E42261;SM;NA;5;40;S;M;4049;EMP
057540036036-5851;057540036036;100mN31989E42261;SM;NA;5;13;S;F;0614;NEP
057540036036-5851;057540036036;100mN31989E42261;SM;NA;5;9;S;F;0614;NEP
057540036036-5851;057540036036;100mN31989E42261;SM;NA;5;20;M;M;1824;EMP
057540036036-5851;057540036036;100mN31989E42261;SM;NA;5;15;S;F;1517;EMP
057540036036-5852;057540036036;100mN32018E42248;S;NA;1;53;M;M;5064;EMP
057540036036-5853;057540036036;100mN31989E42261;SF;NA;6;60;S;F;5064;NEP
057540036036-5853;057540036036;100mN31989E42261;SF;NA;6;9;S;M;0614;NEP
057540036036-5853;057540036036;100mN31989E42261;SF;NA;6;0;S;F;0003;NEP
057540036036-5853;057540036036;100mN31989E42261;SF;NA;6;2;S;M;0003;NEP
057540036036-5853;057540036036;100mN31989E42261;SF;NA;6;11;S;M;0614;NEP
057540036036-5853;057540036036;100mN31989E42261;SF;NA;6;31;M;F;3039;NEP
057540036036-5854;057540036036;100mN31989E42261;S;NA;1;61;W;F;5064;EMP
057540036036-5855;057540036036;100mN31989E42261;MC;MIX;2;70;M;F;6574;EMP
057540036036-5855;057540036036;100mN31989E42261;MC;MIX;2;9;S;M;0614;NEP
057540036036-5856;057540036036;100mN31989E42261;S;NA;1;38;M;M;3039;EMP
057540036036-5857;057540036036;100mN31989E42261;S;NA;1;73;S;F;6574;EMP
057540036036-5858;057540036036;100mN31989E42261;S;NA;1;61;S;M;5064;NEP
057540036036-5859;057540036036;100mN32010E42279;MC;NA;2;54;M;F;5064;EMP
057540036036-5859;057540036036;100mN32010E42279;MC;NA;2;57;M;M;5064;EMP
057540036036-5860;057540036036;100mN31992E42279;S;NA;1;19;S;M;1824;EMP
057540036036-5861;057540036036;100mN31989E42261;MC;MIX;2;80;M;F;75XX;EMP
057540036036-5861;057540036036;100mN31989E42261;MC;MIX;2;27;M;M;2529;EMP
057540036036-5862;057540036036;100mN31989E42261;S;OS;1;72;M;M;6574;EMP
057540036036-5863;057540036036;100mN31976E42252;MC;OS;2;86;M;F;75XX;EMP
057540036036-5863;057540036036;100mN31976E42252;MC;OS;2;37;M;M;3039;EMP
057540036036-5864;057540036036;100mN32012E42288;S;OS;1;34;M;F;3039;NEP
057540036036-5865;057540036036;100mN32012E42288;S;NA;1;83;S;M;75XX;NEP
057540036036-5866;057540036036;100mN32012E42288;MC;OS;3;85;M;M;75XX;EMP
057540036036-5866;057540036036;100mN32012E42288;MC;OS;3;89;M;F;75XX;EMP
057540036036-5866;057540036036;100mN32012E42288;MC;OS;3;85;S;F;75XX;NEP
057540036036-5867;057540036036;100mN32012E42288;MC;NA;2;36;M;M;3039;NEP
057540036036-5867;057540036036;100mN32012E42288;MC;NA;2;35;M;F;3039;NEP
057540036036-5868;057540036036;100mN32012E42288;MC;NA;3;33;M;F;3039;NEP
057540036036-5868;057540036036;100mN32012E42288;MC;NA;3;34;M;M;3039;NEP
057540036036-5868;057540036036;100mN32012E42288;MC;NA;3;18;S;M;1824;EMP
057540036036-5869;057540036036;100mN32012E42288;S;OS;1;21;M;M;1824;NEP
057540036036-5870;057540036036;100mN32012E42288;MC;NA;3;43;M;M;4049;EMP
057540036036-5870;057540036036;100mN32012E42288;MC;NA;3;35;M;F;3039;NEP
057540036036-5870;057540036036;100mN32012E42288;MC;NA;3;15;S;F;1517;EMP
057540036036-5871;057540036036;100mN31992E42276;S;NA;1;57;W;F;5064;EMP
057540036036-5872;057540036036;100mN32009E42247;S;OS;1;43;S;F;4049;EMP
057540036036-5873;057540036036;100mN31996E42257;S;NA;1;41;W;F;4049;NEP
057540036036-5874;057540036036;100mN32003E42254;MC;NA;6;50;M;F;5064;EMP
057540036036-5874;057540036036;100mN32003E42254;MC;NA;6;51;M;M;5064;EMP
057540036036-5874;057540036036;100mN32003E42254;MC;NA;6;12;S;F;0614;NEP
057540036036-5874;057540036036;100mN32003E42254;MC;NA;6;26;M;F;2529;NEP
057540036036-5874;057540036036;100mN32003E42254;MC;NA;6;2;S;F;0003;NEP
057540036036-5874;057540036036;100mN32003E42254;MC;NA;6;6;S;F;0614;NEP
057540036036-5875;057540036036;100mN32007E42280;MC;MIX;5;81;D;M;75XX;EMP
057540036036-5875;057540036036;100mN32007E42280;MC;MIX;5;34;M;F;3039;NEP
057540036036-5875;057540036036;100mN32007E42280;MC;MIX;5;36;M;M;3039;EMP
057540036036-5875;057540036036;100mN32007E42280;MC;MIX;5;18;M;M;1824;EMP
057540036036-5875;057540036036;100mN32007E42280;MC;MIX;5;18;D;M;1824;UEP
057540036036-5876;057540036036;100mN32020E42257;S;NA;1;35;M;F;3039;EMP
057540036036-5877;057540036036;100mN32020E42257;MC;OS;2;69;M;F;6574;NEP
057540036036-5877;057540036036;100mN32020E42257;MC;OS;2;70;M;M;6574;EMP
057540036036-5878;057540036036;100mN32020E42257;MC;NA;2;55;M;M;5064;EMP
057540036036-5878;057540036036;100mN32020E42257;MC;NA;2;55;M;F;5064;EMP
057540036036-5879;057540036036;100mN32020E42257;S;NA;1;48;M;F;4049;EMP
057540036036-5880;057540036036;100mN31957E42263;MC;OS;5;66;M;M;6574;EMP
057540036036-5880;057540036036;100mN31957E42263;MC;OS;5;71;M;F;6574;EMP
057540036036-5880;057540036036;100mN31957E42263;MC;OS;5;75;M;M;75XX;EMP
057540036036-5880;057540036036;100mN31957E42263;MC;OS;5;67;W;F;6574;NEP
057540036036-5880;057540036036;100mN31957E42263;MC;OS;5;85;D;F;75XX;NEP
057540036036-5881;057540036036;100mN32020E42257;MC;NA;2;33;M;M;3039;EMP
057540036036-5881;057540036036;100mN32020E42257;MC;NA;2;26;M;F;2529;NEP
057540036036-5882;057540036036;100mN31992E42312;S;NA;1;21;M;F;1824;NEP
057540036036-5883;057540036036;100mN31992E42312;S;NA;1;33;D;F;3039;EMP
057540036036-5884;057540036036;100mN31992E42312;S;OS;1;50;M;M;5064;EMP
057540036036-5885;057540036036;100mN31996E42259;S;OS;1;32;M;F;3039;EMP
057540036036-5886;057540036036;100mN31999E42260;S;OS;1;37;M;M;3039;EMP
057540036036-5887;057540036036;100mN31996E42259;MC;NA;2;46;M;F;4049;EMP
057540036036-5887;057540036036;100mN31996E42259;MC;NA;2;44;M;M;4049;EMP
057540036036-5888;057540036036;100mN31996E42259;PO;OS;2;69;S;M;6574;EMP
057540036036-5888;057540036036;100mN31996E42259;PO;OS;2;66;S;F;6574;EMP
057540036036-5889;057540036036;100mN31996E42259;MC;NA;2;44;M;M;4049;EMP
057540036036-5889;057540036036;100mN31996E42259;MC;NA;2;42;M;F;4049;NEP
057540036036-5890;057540036036;100mN31996E42259;NA;NA;5;47;M;M;4049;EMP
057540036036-5890;057540036036;100mN31996E42259;NA;NA;5;59;M;F;5064;EMP
057540036036-5890;057540036036;100mN31996E42259;NA;NA;5;58;S;F;5064;EMP
057540036036-5890;057540036036;100mN31996E42259;NA;NA;5;63;S;F;5064;NEP
057540036036-5890;057540036036;100mN31996E42259;NA;NA;5;71;M;F;6574;EMP
057540036036-5891;057540036036;100mN31996E42259;S;NA;1;33;M;M;3039;EMP
057540036036-5892;057540036036;100mN31996E42259;SM;NA;6;25;W;M;2529;EMP
057540036036-5892;057540036036;100mN31996E42259;SM;NA;6;8;S;M;0614;NEP
057540036036-5892;057540036036;100mN31996E42259;SM;NA;6;6;S;F;0614;NEP
057540036036-5892;057540036036;100mN31996E42259;SM;NA;6;2;S;F;0003;NEP
057540036036-5892;057540036036;100mN31996E42259;SM;NA;6;10;S;F;0614;NEP
057540036036-5892;057540036036;100mN31996E42259;SM;NA;6;8;S;F;0614;NEP
057540036036-5893;057540036036;100mN31996E42259;MC;NA;3;56;M;F;5064;NEP
057540036036-5893;057540036036;100mN31996E42259;MC;NA;3;16;S;F;1517;NEP
057540036036-5893;057540036036;100mN31996E42259;MC;NA;3;4;S;M;0305;NEP
057540036036-5894;057540036036;100mN31996E42259;SF;MIX;3;70;M;F;6574;EMP
057540036036-5894;057540036036;100mN31996E42259;SF;MIX;3;57;S;F;5064;NEP
057540036036-5894;057540036036;100mN31996E42259;SF;MIX;3;10;S;F;0614;NEP
057540036036-5895;057540036036;100mN31996E42259;MC;OS;3;73;M;M;6574;NEP
057540036036-5895;057540036036;100mN31996E42259;MC;OS;3;73;M;F;6574;EMP
057540036036-5895;057540036036;100mN31996E42259;MC;OS;3;69;M;F;6574;EMP
057540036036-5896;057540036036;100mN31996E42259;SF;NA;2;73;S;F;6574;EMP
057540036036-5896;057540036036;100mN31996E42259;SF;NA;2;16;S;M;1517;EMP
057540036036-5897;057540036036;100mN31996E42259;MC;OS;2;75;M;M;75XX;NEP
057540036036-5897;057540036036;100mN31996E42259;MC;OS;2;67;M;F;6574;EMP
057540036036-5898;057540036036;100mN31996E42259;PO;MIX;2;72;S;F;6574;EMP
057540036036-5898;057540036036;100mN31996E42259;PO;MIX;2;57;M;M;5064;NEP
057540036036-5899;057540036036;100mN31996E42259;MC;NA;4;58;M;F;5064;NEP
057540036036-5899;057540036036;100mN31996E42259;MC;NA;4;62;M;M;5064;EMP
057540036036-5899;057540036036;100mN31996E42259;MC;NA;4;31;S;M;3039;EMP
057540036036-5899;057540036036;100mN31996E42259;MC;NA;4;1;S;M;0003;NEP
057540036036-5900;057540036036;100mN31996E42259;S;OS;1;40;W;M;4049;EMP
057540036036-5901;057540036036;100mN31993E42261;S;NA;1;34;W;F;3039;NEP
057540036036-5902;057540036036;100mN31996E42259;S;NA;1;47;S;M;4049;NEP
057540036036-5903;057540036036;100mN31996E42259;SF;NA;3;47;S;F;4049;NEP
057540036036-5903;057540036036;100mN31996E42259;SF;NA;3;22;D;F;1824;NEP
057540036036-5903;057540036036;100mN31996E42259;SF;NA;3;15;S;M;1517;NEP
057540036036-5904;057540036036;100mN31993E42287;S;OS;1;79;M;M;75XX;EMP
057540036036-5905;057540036036;100mN31996E42259;MC;NA;6;41;M;F;4049;EMP
057540036036-5905;057540036036;100mN31996E42259;MC;NA;6;47;M;M;4049;NEP
057540036036-5905;057540036036;100mN31996E42259;MC;NA;6;10;S;M;0614;NEP
057540036036-5905;057540036036;100mN31996E42259;MC;NA;6;6;S;M;0614;NEP
057540036036-5905;057540036036;100mN31996E42259;MC;NA;6;18;W;F;1824;EMP
057540036036-5905;057540036036;100mN31996E42259;MC;NA;6;2;S;F;0003;NEP
057540036036-5906;057540036036;100mN31996E42259;S;OS;1;54;M;F;5064;EMP
057540036036-5907;057540036036;100mN31996E42259;MC;NA;4;48;M;M;4049;NEP
057540036036-5907;057540036036;100mN31996E42259;MC;NA;4;47;M;F;4049;NEP
057540036036-5907;057540036036;100mN31996E42259;MC;NA;4;6;S;F;0614;NEP
057540036036-5907;057540036036;100mN31996E42259;MC;NA;4;12;S;M;0614;NEP
057540036036-5908;057540036036;100mN31996E42259;MC;OS;2;67;M;F;6574;EMP
057540036036-5908;057540036036;100mN31996E42259;MC;OS;2;70;M;M;6574;EMP
057540036036-5909;057540036036;100mN31996E42259;MC;NA;4;25;M;F;2529;EMP
057540036036-5909;057540036036;100mN31996E42259;MC;NA;4;36;M;M;3039;EMP
057540036036-5909;057540036036;100mN31996E42259;MC;NA;4;7;S;F;0614;NEP
057540036036-5909;057540036036;100mN31996E42259;MC;NA;4;8;S;F;0614;NEP
057540036036-5910;057540036036;100mN31983E42297;S;OS;1;68;D;M;6574;EMP
057540036036-5911;057540036036;100mN31996E42259;MC;NA;2;45;M;M;4049;NEP
057540036036-5911;057540036036;100mN31996E42259;MC;NA;2;43;M;F;4049;EMP
057540036036-5912;057540036036;100mN31996E42259;MC;NA;3;34;M;M;3039;EMP
057540036036-5912;057540036036;100mN31996E42259;MC;NA;3;27;M;F;2529;NEP
057540036036-5912;057540036036;100mN31996E42259;MC;NA;3;18;S;M;1824;EMP
057540036036-5913;057540036036;100mN31996E42259;MC;NA;4;32;M;M;3039;EMP
057540036036-5913;057540036036;100mN31996E42259;MC;NA;4;26;M;F;2529;NEP
057540036036-5913;057540036036;100mN31996E42259;MC;NA;4;11;S;M;0614;NEP
057540036036-5913;057540036036;100mN31996E42259;MC;NA;4;16;S;F;1517;EMP
057540036036-5914;057540036036;100mN32013E42286;S;NA;1;30;S;M;3039;EMP
057540036036-5915;057540036036;100mN32003E42304;MC;NA;2;44;M;M;4049;UEP
057540036036-5915;057540036036;100mN32003E42304;MC;NA;2;48;M;F;4049;NEP
057540036036-5916;057540036036;100mN31990E42267;S;OS;1;72;S;F;6574;EMP
057540036036-5917;057540036036;100mN32003E42304;MC;NA;2;37;M;M;3039;EMP
057540036036-5917;057540036036;100mN32003E42304;MC;NA;2;42;M;F;4049;NEP
057540036036-5918;057540036036;100mN31976E42272;MC;NA;2;23;M;F;1824;EMP
057540036036-5918;057540036036;100mN31976E42272;MC;NA;2;28;M;M;2529;NEP
057540036036-5919;057540036036;100mN31976E42272;MC;NA;4;47;M;M;4049;EMP
057540036036-5919;057540036036;100mN31976E42272;MC;NA;4;42;M;F;4049;EMP
057540036036-5919;057540036036;100mN31976E42272;MC;NA;4;3;S;M;0305;NEP
057540036036-5919;057540036036;100mN31976E42272;MC;NA;4;13;S;M;0614;NEP
057540036036-5920;057540036036;100mN31999E42257;MC;NA;5;53;M;M;5064;UEP
057540036036-5920;057540036036;100mN31999E42257;MC;NA;5;50;M;F;5064;EMP
057540036036-5920;057540036036;100mN31999E42257;MC;NA;5;8;S;M;0614;NEP
057540036036-5920;057540036036;100mN31999E42257;MC;NA;5;3;S;F;0305;NEP
057540036036-5920;057540036036;100mN31999E42257;MC;NA;5;37;S;M;3039;EMP
057540036036-5921;057540036036;100mN32012E42244;MC;NA;2;54;M;F;5064;NEP
057540036036-5921;057540036036;100mN32012E42244;MC;NA;2;63;M;M;5064;EMP
057540036036-5922;057540036036;100mN31976E42272;S;NA;1;31;M;M;3039;EMP
057540036036-5923;057540036036;100mN31972E42275;MC;NA;3;51;M;F;5064;EMP
057540036036-5923;057540036036;100mN31972E42275;MC;NA;3;54;M;M;5064;NEP
057540036036-5923;057540036036;100mN31972E42275;MC;NA;3;23;D;F;1824;EMP
057540036036-5924;057540036036;100mN32008E42286;MC;MIX;6;69;W;F;6574;EMP
057540036036-5924;057540036036;100mN32008E42286;MC;MIX;6;61;M;F;5064;EMP
057540036036-5924;057540036036;100mN32008E42286;MC;MIX;6;61;M;M;5064;EMP
057540036036-5924;057540036036;100mN32008E42286;MC;MIX;6;3;S;F;0305;NEP
057540036036-5924;057540036036;100mN32008E42286;MC;MIX;6;10;S;M;0614;NEP
057540036036-5924;057540036036;100mN32008E42286;MC;MIX;6;15;S;M;1517;NEP
057540036036-5925;057540036036;100mN32013E42286;MC;NA;3;18;M;M;1824;EMP
057540036036-5925;057540036036;100mN32013E42286;MC;NA;3;18;M;F;1824;EMP
057540036036-5925;057540036036;100mN32013E42286;MC;NA;3;0;S;F;0003;NEP
057540036036-5926;057540036036;100mN31991E42262;MC;OS;3;70;M;F;6574;EMP
057540036036-5926;057540036036;100mN31991E42262;MC;OS;3;68;M;M;6574;NEP
057540036036-5926;057540036036;100mN31991E42262;MC;OS;3;81;M;F;75XX;NEP
057540036036-5927;057540036036;100mN32004E42260;S;NA;1;48;S;M;4049;NEP
057540036036-5928;057540036036;100mN31973E42273;PO;NA;2;52;S;M;5064;EMP
057540036036-5928;057540036036;100mN31973E42273;PO;NA;2;46;S;M;4049;EMP
057540036036-5929;057540036036;100mN31992E42255;MC;NA;2;62;M;M;5064;UEP
057540036036-5929;057540036036;100mN31992E42255;MC;NA;2;63;M;F;5064;NEP
057540036036-5930;057540036036;100mN31991E42262;MC;NA;4;62;M;M;5064;NEP
057540036036-5930;057540036036;100mN31991E42262;MC;NA;4;61;M;F;5064;NEP
057540036036-5930;057540036036;100mN31991E42262;MC;NA;4;15;S;M;1517;EMP
057540036036-5930;057540036036;100mN31991E42262;MC;NA;4;45;W;F;4049;EMP
057540036036-5931;057540036036;100mN31993E42260;S;NA;1;61;S;M;5064;EMP
057540036036-5932;057540036036;100mN31992E42256;MC;MIX;2;71;M;F;6574;EMP
057540036036-5932;057540036036;100mN31992E42256;MC;MIX;2;27;S;M;2529;EMP
057540036036-5933;057540036036;100mN31991E42262;MC;OS;2;66;M;F;6574;NEP
057540036036-5933;057540036036;100mN31991E42262;MC;OS;2;72;M;M;6574;NEP
057540036036-5934;057540036036;100mN31991E42262;MC;NA;6;62;M;F;5064;EMP
057540036036-5934;057540036036;100mN31991E42262;MC;NA;6;63;M;M;5064;EMP
057540036036-5934;057540036036;100mN31991E42262;MC;NA;6;10;S;M;0614;NEP
057540036036-5934;057540036036;100mN31991E42262;MC;NA;6;33;M;F;3039;NEP
057540036036-5934;057540036036;100mN31991E42262;MC;NA;6;23;M;F;1824;EMP
057540036036-5934;057540036036;100mN31991E42262;MC;NA;6;12;S;M;0614;NEP
057540036036-5935;057540036036;100mN31991E42262;SM;NA;3;69;S;M;6574;EMP
057540036036-5935;057540036036;100mN31991E42262;SM;NA;3;9;S;F;0614;NEP
057540036036-5935;057540036036;100mN31991E42262;SM;NA;3;38;M;M;3039;EMP
057540036036-5936;057540036036;100mN31991E42262;PO;OS;2;65;S;F;6574;EMP
057540036036-5936;057540036036;100mN31991E42262;PO;OS;2;85;S;M;75XX;EMP
057540036036-5937;057540036036;100mN31976E42273;MC;NA;4;41;M;F;4049;EMP
057540036036-5937;057540036036;100mN31976E42273;MC;NA;4;44;M;M;4049;EMP
057540036036-5937;057540036036;100mN31976E42273;MC;NA;4;10;S;M;0614;NEP
057540036036-5937;057540036036;100mN31976E42273;MC;NA;4;20;M;M;1824;UEP
057540036036-5938;057540036036;100mN31976E42273;S;NA;1;22;M;M;1824;NEP
057540036036-5939;057540036036;100mN32013E42286;S;NA;1;47;D;M;4049;EMP
057540036036-5940;057540036036;100mN31976E42273;MC;NA;2;52;M;F;5064;EMP
057540036036-5940;057540036036;100mN31976E42273;MC;NA;2;53;M;M;5064;EMP
057540036036-5941;057540036036;100mN32001E42295;S;OS;1;44;S;F;4049;EMP
057540036036-5942;057540036036;100mN31962E42303;PO;NA;2;23;S;M;1824;UEP
057540036036-5942;057540036036;100mN31962E42303;PO;NA;2;21;S;F;1824;NEP
057540036036-5943;057540036036;100mN32001E42295;S;NA;1;60;S;F;5064;EMP
057540036036-5944;057540036036;100mN32023E42239;MC;NA;2;43;M;F;4049;NEP
057540036036-5944;057540036036;100mN32023E42239;MC;NA;2;38;M;M;3039;EMP
057540036036-5945;057540036036;100mN32023E42239;SF;NA;2;59;S;F;5064;EMP
057540036036-5945;057540036036;100mN32023E42239;SF;NA;2;15;S;F;1517;EMP
057540036036-5946;057540036036;100mN32003E42258;MC;OS;2;77;M;F;75XX;NEP
057540036036-5946;057540036036;100mN32003E42258;MC;OS;2;87;M;M;75XX;EMP
057540036036-5947;057540036036;100mN31986E42271;S;OS;1;58;W;F;5064;EMP
057540036036-5948;057540036036;100mN31999E42258;MC;OS;4;70;M;F;6574;NEP
057540036036-5948;057540036036;100mN31999E42258;MC;OS;4;71;M;M;6574;UEP
057540036036-5948;057540036036;100mN31999E42258;MC;OS;4;66;S;M;6574;EMP
057540036036-5948;057540036036;100mN31999E42258;MC;OS;4;83;S;M;75XX;NEP
057540036036-5949;057540036036;100mN32007E42249;PO;NA;4;46;S;M;4049;EMP
057540036036-5949;057540036036;100mN32007E42249;PO;NA;4;45;S;M;4049;EMP
057540036036-5949;057540036036;100mN32007E42249;PO;NA;4;4;S;F;0305;NEP
057540036036-5949;057540036036;100mN32007E42249;PO;NA;4;6;S;M;0614;NEP
057540036036-5950;057540036036;100mN32007E42249;MC;NA;4;30;M;M;3039;EMP
057540036036-5950;057540036036;100mN32007E42249;MC;NA;4;30;M;F;3039;EMP
057540036036-5950;057540036036;100mN32007E42249;MC;NA;4;4;S;M;0305;NEP
057540036036-5950;057540036036;100mN32007E42249;MC;NA;4;11;S;F;0614;NEP
057540036036-5951;057540036036;100mN32007E42249;SF;NA;4;61;W;F;5064;EMP
057540036036-5951;057540036036;100mN32007E42249;SF;NA;4;22;M;M;1824;EMP
057540036036-5951;057540036036;100mN32007E42249;SF;NA;4;15;S;M;1517;EMP
057540036036-5951;057540036036;100mN32007E42249;SF;NA;4;22;M;M;1824;EMP
057540036036-5952;057540036036;100mN32007E42249;MC;OS;2;70;M;F;6574;EMP
057540036036-5952;057540036036;100mN32007E42249;MC;OS;2;76;M;M;75XX;NEP
057540036036-5953;057540036036;100mN32007E42249;S;NA;1;23;M;F;1824;NEP
057540036036-5954;057540036036;100mN32022E42251;S;NA;1;16;S;F;1517;EMP
057540036036-5955;057540036036;100mN32007E42249;S;OS;1;40;M;M;4049;EMP
057540036036-5956;057540036036;100mN32007E42249;MC;NA;2;40;M;M;4049;EMP
057540036036-5956;057540036036;100mN32007E42249;MC;NA;2;42;M;F;4049;EMP
057540036036-5957;057540036036;100mN32018E42289;MC;NA;3;47;M;F;4049;EMP
057540036036-5957;057540036036;100mN32018E42289;MC;NA;3;51;M;M;5064;EMP
057540036036-5957;057540036036;100mN32018E42289;MC;NA;3;13;S;M;0614;NEP
057540036036-5958;057540036036;100mN31967E42269;MC;NA;2;18;M;M;1824;EMP
057540036036-5958;057540036036;100mN31967E42269;MC;NA;2;18;M;F;1824;NEP
057540036036-5959;057540036036;100mN31967E42269;MC;NA;4;37;M;F;3039;NEP
057540036036-5959;057540036036;100mN31967E42269;MC;NA;4;18;M;M;1824;EMP
057540036036-5959;057540036036;100mN31967E42269;MC;NA;4;13;S;F;0614;NEP
057540036036-5959;057540036036;100mN31967E42269;MC;NA;4;9;S;M;0614;NEP
057540036036-5960;057540036036;100mN31993E42259;S;NA;1;73;D;M;6574;EMP
057540036036-5961;057540036036;100mN32021E42246;MC;NA;3;51;M;M;5064;EMP
057540036036-5961;057540036036;100mN32021E42246;MC;NA;3;47;M;F;4049;EMP
057540036036-5961;057540036036;100mN32021E42246;MC;NA;3;13;S;M;0614;NEP
057540036036-5962;057540036036;100mN32021E42246;PO;OS;2;70;S;F;6574;EMP
057540036036-5962;057540036036;100mN32021E42246;PO;OS;2;76;S;M;75XX;EMP
057540036036-5963;057540036036;100mN31989E42265;MC;NA;2;47;M;M;4049;EMP
057540036036-5963;057540036036;100mN31989E42265;MC;NA;2;44;M;F;4049;EMP
057540036036-5964;057540036036;100mN31999E42256;MC;NA;6;28;M;M;2529;EMP
057540036036-5964;057540036036;100mN31999E42256;MC;NA;6;31;M;F;3039;NEP
057540036036-5964;057540036036;100mN31999E42256;MC;NA;6;13;S;F;0614;NEP
057540036036-5964;057540036036;100mN31999E42256;MC;NA;6;11;S;F;0614;NEP
057540036036-5964;057540036036;100mN31999E42256;MC;NA;6;7;S;M;0614;NEP
057540036036-5964;057540036036;100mN31999E42256;MC;NA;6;0;S;M;0003;NEP
057540036036-5965;057540036036;100mN31975E42300;SM;NA;2;47;W;M;4049;EMP
057540036036-5965;057540036036;100mN31975E42300;SM;NA;2;4;S;M;0305;NEP
057540036036-5966;057540036036;100mN32005E42283;MC;OS;4;67;M;M;6574;EMP
057540036036-5966;057540036036;100mN32005E42283;MC;OS;4;66;M;F;6574;NEP
057540036036-5966;057540036036;100mN32005E42283;MC;OS;4;65;W;F;6574;NEP
057540036036-5966;057540036036;100mN32005E42283;MC;OS;4;77;S;F;75XX;EMP
057540036036-5967;057540036036;100mN31992E42258;S;NA;1;54;M;F;5064;NEP
057540036036-5968;057540036036;100mN31999E42256;MC;NA;3;60;M;M;5064;NEP
057540036036-5968;057540036036;100mN31999E42256;MC;NA;3;83;W;F;75XX;EMP
057540036036-5968;057540036036;100mN31999E42256;MC;NA;3;13;S;M;0614;NEP
057540036036-5969;057540036036;100mN31992E42258;MC;NA;4;50;M;F;5064;NEP
057540036036-5969;057540036036;100mN31992E42258;MC;NA;4;47;M;M;4049;EMP
057540036036-5969;057540036036;100mN31992E42258;MC;NA;4;20;M;F;1824;NEP
057540036036-5969;057540036036;100mN31992E42258;MC;NA;4;13;S;F;0614;NEP
057540036036-5970;057540036036;100mN31995E42267;MC;OS;2;77;M;F;75XX;EMP
057540036036-5970;057540036036;100mN31995E42267;MC;OS;2;79;M;M;75XX;UEP
057540036036-5971;057540036036;100mN31992E42258;S;NA;1;67;M;M;6574;UEP
057540036036-5972;057540036036;100mN31992E42258;MC;NA;2;61;M;M;5064;EMP
057540036036-5972;057540036036;100mN31992E42258;MC;NA;2;54;M;F;5064;EMP
057540036036-5973;057540036036;100mN31999E42257;MC;MIX;2;80;M;M;75XX;NEP
057540036036-5973;057540036036;100mN31999E42257;MC;MIX;2;55;S;F;5064;EMP
057540036036-5974;057540036036;100mN31994E42263;MC;NA;3;30;M;F;3039;EMP
057540036036-5974;057540036036;100mN31994E42263;MC;NA;3;32;M;M;3039;EMP
057540036036-5974;057540036036;100mN31994E42263;MC;NA;3;2;S;F;0003;NEP
057540036036-5975;057540036036;100mN32018E42289;SF;MIX;3;65;S;M;6574;NEP
057540036036-5975;057540036036;100mN32018E42289;SF;MIX;3;28;D;F;2529;EMP
057540036036-5975;057540036036;100mN32018E42289;SF;MIX;3;9;S;F;0614;NEP
057540036036-5976;057540036036;100mN31994E42263;MC;NA;4;23;M;M;1824;EMP
057540036036-5976;057540036036;100mN31994E42263;MC;NA;4;18;M;F;1824;EMP
057540036036-5976;057540036036;100mN31994E42263;MC;NA;4;6;S;F;0614;NEP
057540036036-5976;057540036036;100mN31994E42263;MC;NA;4;7;S;F;0614;NEP
057540036036-5977;057540036036;100mN31994E42263;MC;NA;5;27;M;M;2529;EMP
057540036036-5977;057540036036;100mN31994E42263;MC;NA;5;21;M;F;1824;EMP
057540036036-5977;057540036036;100mN31994E42263;MC;NA;5;10;S;M;0614;NEP
057540036036-5977;057540036036;100mN31994E42263;MC;NA;5;10;S;M;0614;NEP
057540036036-5977;057540036036;100mN31994E42263;MC;NA;5;2;S;M;0003;NEP
057540036036-5978;057540036036;100mN32007E42279;MC;NA;2;45;M;M;4049;EMP
057540036036-5978;057540036036;100mN32007E42279;MC;NA;2;40;M;F;4049;EMP
057540036036-5979;057540036036;100mN32005E42282;MC;MIX;2;73;M;M;6574;UEP
057540036036-5979;057540036036;100mN32005E42282;MC;MIX;2;20;S;M;1824;EMP
057540036036-5980;057540036036;100mN31999E42258;S;NA;1;36;S;M;3039;EMP
057540036036-5981;057540036036;100mN32007E42279;SF;NA;4;47;W;F;4049;EMP
057540036036-5981;057540036036;100mN32007E42279;SF;NA;4;15;S;M;1517;NEP
057540036036-5981;057540036036;100mN32007E42279;SF;NA;4;3;S;F;0305;NEP
057540036036-5981;057540036036;100mN32007E42279;SF;NA;4;10;S;M;0614;NEP
057540036036-5982;057540036036;100mN32018E42239;MC;OS;2;79;M;M;75XX;EMP
057540036036-5982;057540036036;100mN32018E42239;MC;OS;2;71;M;F;6574;EMP
057540036036-5983;057540036036;100mN32003E42254;MC;MIX;2;65;M;M;6574;EMP
057540036036-5983;057540036036;100mN32003E42254;MC;MIX;2;63;M;F;5064;NEP
057540036036-5984;057540036036;100mN32007E42279;MC;MIX;3;72;M;M;6574;NEP
057540036036-5984;057540036036;100mN32007E42279;MC;MIX;3;54;M;M;5064;EMP
057540036036-5984;057540036036;100mN32007E42279;MC;MIX;3;50;M;F;5064;NEP
057540036036-5985;057540036036;100mN32008E42282;MC;OS;2;79;M;F;75XX;EMP
057540036036-5985;057540036036;100mN32008E42282;MC;OS;2;80;M;M;75XX;EMP
057540036036-5986;057540036036;100mN32008E42282;SF;NA;3;22;W;F;1824;NEP
057540036036-5986;057540036036;100mN32008E42282;SF;NA;3;1;S;F;0003;NEP
057540036036-5986;057540036036;100mN32008E42282;SF;NA;3;2;S;M;0003;NEP
057540036036-5987;057540036036;100mN32008E42282;MC;NA;2;43;M;F;4049;NEP
057540036036-5987;057540036036;100mN32008E42282;MC;NA;2;44;M;M;4049;EMP
057540036036-5988;057540036036;100mN32018E42250;S;NA;1;47;S;M;4049;EMP
057540036036-5989;057540036036;100mN32008E42282;S;OS;1;70;M;M;6574;EMP
057540036036-5990;057540036036;100mN32008E42282;MC;NA;2;52;M;M;5064;EMP
057540036036-5990;057540036036;100mN32008E42282;MC;NA;2;54;M;F;5064;EMP
057540036036-5991;057540036036;100mN32017E42247;S;NA;1;44;W;F;4049;EMP
057540036036-5992;057540036036;100mN32018E42252;SF;NA;4;57;S;F;5064;EMP
057540036036-5992;057540036036;100mN32018E42252;SF;NA;4;9;S;M;0614;NEP
057540036036-5992;057540036036;100mN32018E42252;SF;NA;4;3;S;F;0305;NEP
057540036036-5992;057540036036;100mN32018E42252;SF;NA;4;32;M;F;3039;NEP
057540036036-5993;057540036036;100mN32008E42282;MC;NA;2;55;M;F;5064;EMP
057540036036-5993;057540036036;100mN32008E42282;MC;NA;2;58;M;M;5064;EMP
057540036036-5994;057540036036;100mN32008E42282;MC;NA;2;48;M;F;4049;NEP
057540036036-5994;057540036036;100mN32008E42282;MC;NA;2;48;M;M;4049;UEP
057540036036-5995;057540036036;100mN32008E42282;MC;OS;4;83;M;F;75XX;EMP
057540036036-5995;057540036036;100mN32008E42282;MC;OS;4;85;M;M;75XX;EMP
057540036036-5995;057540036036;100mN32008E42282;MC;OS;4;68;W;F;6574;NEP
057540036036-5995;057540036036;100mN32008E42282;MC;OS;4;76;M;F;75XX;NEP
057540036036-5996;057540036036;100mN31998E42251;S;NA;1;21;M;M;1824;EMP
057540036036-5997;057540036036;100mN31998E42251;MC;NA;6;60;M;M;5064;EMP
057540036036-5997;057540036036;100mN31998E42251;MC;NA;6;61;M;F;5064;EMP
057540036036-5997;057540036036;100mN31998E42251;MC;NA;6;38;M;M;3039;EMP
057540036036-5997;057540036036;100mN31998E42251;MC;NA;6;0;S;M;0003;NEP
057540036036-5997;057540036036;100mN31998E42251;MC;NA;6;28;S;M;2529;EMP
057540036036-5997;057540036036;100mN31998E42251;MC;NA;6;1;S;M;0003;NEP
057540036036-5998;057540036036;100mN31998E42251;MC;NA;2;54;M;M;5064;EMP
057540036036-5998;057540036036;100mN31998E42251;MC;NA;2;45;M;F;4049;NEP
057540036036-5999;057540036036;100mN31964E42307;MC;OS;3;69;M;F;6574;EMP
057540036036-5999;057540036036;100mN31964E42307;MC;OS;3;78;M;M;75XX;EMP
057540036036-5999;057540036036;100mN31964E42307;MC;OS;3;69;M;F;6574;NEP
057540036036-6000;057540036036;100mN31964E42307;MC;NA;4;41;M;M;4049;EMP
057540036036-6000;057540036036;100mN31964E42307;MC;NA;4;33;M;F;3039;EMP
057540036036-6000;057540036036;100mN31964E42307;MC;NA;4;7;S;M;0614;NEP
057540036036-6000;057540036036;100mN31964E42307;MC;NA;4;12;S;M;0614;NEP
057540036036-6001;057540036036;100mN31964E42307;PO;NA;2;23;S;M;1824;NEP
057540036036-6001;057540036036;100mN31964E42307;PO;NA;2;18;S;F;1824;EMP
057540036036-6002;057540036036;100mN31964E42307;S;OS;1;42;M;M;4049;EMP
057540036036-6003;057540036036;100mN31986E42271;SF;NA;2;52;W;F;5064;EMP
057540036036-6003;057540036036;100mN31986E42271;SF;NA;2;2;S;M;0003;NEP
057540036036-6004;057540036036;100mN31988E42298;S;OS;1;28;D;M;2529;EMP
057540036036-6005;057540036036;100mN31964E42307;MC;NA;2;42;M;F;4049;EMP
057540036036-6005;057540036036;100mN31964E42307;MC;NA;2;37;M;M;3039;EMP
057540036036-6006;057540036036;100mN31989E42260;MC;NA;2;41;M;M;4049;EMP
057540036036-6006;057540036036;100mN31989E42260;MC;NA;2;40;M;F;4049;EMP
057540036036-6007;057540036036;100mN31964E42307;MC;NA;3;61;M;M;5064;NEP
057540036036-6007;057540036036;100mN31964E42307;MC;NA;3;63;M;F;5064;EMP
057540036036-6007;057540036036;100mN31964E42307;MC;NA;3;22;M;F;1824;NEP
057540036036-6008;057540036036;100mN31964E42307;MC;NA;3;50;M;M;5064;EMP
057540036036-6008;057540036036;100mN31964E42307;MC;NA;3;41;M;F;4049;EMP
057540036036-6008;057540036036;100mN31964E42307;MC;NA;3;6;S;M;0614;NEP
057540036036-6009;057540036036;100mN31964E42307;MC;OS;2;71;M;M;6574;EMP
057540036036-6009;057540036036;100mN31964E42307;MC;OS;2;69;M;F;6574;EMP
057540036036-6010;057540036036;100mN31964E42307;MC;NA;2;62;M;F;5064;NEP
057540036036-6010;057540036036;100mN31964E42307;MC;NA;2;63;M;M;5064;EMP
057540036036-6011;057540036036;100mN31964E42307;MC;NA;2;40;M;M;4049;EMP
057540036036-6011;057540036036;100mN31964E42307;MC;NA;2;32;M;F;3039;EMP
057540036036-6012;057540036036;100mN32009E42287;S;NA;1;71;M;M;6574;NEP
057540036036-6013;057540036036;100mN31976E42251;MC;MIX;4;65;M;F;6574;EMP
057540036036-6013;057540036036;100mN31976E42251;MC;MIX;4;46;M;M;4049;EMP
057540036036-6013;057540036036;100mN31976E42251;MC;MIX;4;44;M;F;4049;NEP
057540036036-6013;057540036036;100mN31976E42251;MC;MIX;4;8;S;F;0614;NEP
057540036036-6014;057540036036;100mN31964E42307;MC;NA;2;26;M;M;2529;EMP
057540036036-6014;057540036036;100mN31964E42307;MC;NA;2;18;M;F;1824;EMP
057540036036-6015;057540036036;100mN31996E42282;S;NA;1;40;M;F;4049;EMP
057540036036-6016;057540036036;100mN31996E42282;MC;NA;2;48;M;F;4049;EMP
057540036036-6016;057540036036;100mN31996E42282;MC;NA;2;51;M;M;5064;EMP
057540036036-6017;057540036036;100mN31962E42280;MC;NA;2;43;M;F;4049;NEP
057540036036-6017;057540036036;100mN31962E42280;MC;NA;2;45;M;M;4049;NEP
057540036036-6018;057540036036;100mN32001E42293;MC;NA;6;54;M;M;5064;NEP
057540036036-6018;057540036036;100mN32001E42293;MC;NA;6;48;M;F;4049;NEP
057540036036-6018;057540036036;100mN32001E42293;MC;NA;6;33;M;M;3039;UEP
057540036036-6018;057540036036;100mN32001E42293;MC;NA;6;12;S;M;0614;NEP
057540036036-6018;057540036036;100mN32001E42293;MC;NA;6;16;S;F;1517;NEP
057540036036-6018;057540036036;100mN32001E42293;MC;NA;6;10;S;M;0614;NEP
057540036036-6019;057540036036;100mN32010E42281;PO;OS;4;68;S;M;6574;EMP
057540036036-6019;057540036036;100mN32010E42281;PO;OS;4;81;S;F;75XX;NEP
057540036036-6019;057540036036;100mN32010E42281;PO;OS;4;67;M;F;6574;EMP
057540036036-6019;057540036036;100mN32010E42281;PO;OS;4;73;S;M;6574;EMP
057540036036-6020;057540036036;100mN32001E42293;MC;NA;2;48;M;F;4049;EMP
057540036036-6020;057540036036;100mN32001E42293;MC;NA;2;46;M;M;4049;EMP
057540036036-6021;057540036036;100mN32001E42293;MC;OS;4;67;M;M;6574;EMP
057540036036-6021;057540036036;100mN32001E42293;MC;OS;4;65;M;F;6574;NEP
057540036036-6021;057540036036;100mN32001E42293;MC;OS;4;82;M;M;75XX;EMP
057540036036-6021;057540036036;100mN32001E42293;MC;OS;4;83;S;M;75XX;EMP
057540036036-6022;057540036036;100mN32001E42293;MC;OS;3;68;M;M;6574;EMP
057540036036-6022;057540036036;100mN32001E42293;MC;OS;3;65;M;F;6574;NEP
057540036036-6022;057540036036;100mN32001E42293;MC;OS;3;80;M;F;75XX;EMP
057540036036-6023;057540036036;100mN32001E42293;S;NA;1;27;S;F;2529;NEP
057540036036-6024;057540036036;100mN32001E42293;MC;NA;2;40;M;M;4049;EMP
057540036036-6024;057540036036;100mN32001E42293;MC;NA;2;31;M;F;3039;EMP
057540036036-6025;057540036036;100mN31996E42266;PO;NA;2;18;S;F;1824;EMP
057540036036-6025;057540036036;100mN31996E42266;PO;NA;2;18;S;F;1824;EMP
057540036036-6026;057540036036;100mN32001E42293;PO;NA;2;56;S;M;5064;EMP
057540036036-6026;057540036036;100mN32001E42293;PO;NA;2;54;S;F;5064;EMP
057540036036-6027;057540036036;100mN32001E42293;S;NA;1;63;M;M;5064;EMP
057540036036-6028;057540036036;100mN32004E42277;MC;NA;3;27;M;F;2529;EMP
057540036036-6028;057540036036;100mN32004E42277;MC;NA;3;30;M;M;3039;EMP
057540036036-6028;057540036036;100mN32004E42277;MC;NA;3;7;S;M;0614;NEP
057540036036-6029;057540036036;100mN32001E42293;MC;NA;2;22;M;F;1824;EMP
057540036036-6029;057540036036;100mN32001E42293;MC;NA;2;23;M;M;1824;EMP
057540036036-6030;057540036036;100mN31996E42268;MC;OS;4;88;M;F;75XX;EMP
057540036036-6030;057540036036;100mN31996E42268;MC;OS;4;42;S;M;4049;EMP
057540036036-6030;057540036036;100mN31996E42268;MC;OS;4;73;M;F;6574;EMP
057540036036-6030;057540036036;100mN31996E42268;MC;OS;4;76;W;M;75XX;EMP
057540036036-6031;057540036036;100mN32017E42288;S;NA;1;63;W;F;5064;EMP
057540036036-6032;057540036036;100mN32005E42288;MC;NA;4;41;M;F;4049;EMP
057540036036-6032;057540036036;100mN32005E42288;MC;NA;4;48;M;M;4049;EMP
057540036036-6032;057540036036;100mN32005E42288;MC;NA;4;2;S;M;0003;NEP
057540036036-6032;057540036036;100mN32005E42288;MC;NA;4;6;S;F;0614;NEP
057540036036-6033;057540036036;100mN32005E42288;MC;MIX;2;85;M;M;75XX;EMP
057540036036-6033;057540036036;100mN32005E42288;MC;MIX;2;21;W;M;1824;EMP
057540036036-6034;057540036036;100mN32005E42288;MC;NA;2;25;M;M;2529;EMP
057540036036-6034;057540036036;100mN32005E42288;MC;NA;2;25;M;F;2529;NEP
057540036036-6035;057540036036;100mN32022E42248;SF;MIX;3;70;S;F;6574;NEP
057540036036-6035;057540036036;100mN32022E42248;SF;MIX;3;26;W;F;2529;NEP
057540036036-6035;057540036036;100mN32022E42248;SF;MIX;3;10;S;M;0614;NEP
057540036036-6036;057540036036;100mN31966E42256;MC;NA;2;40;M;F;4049;EMP
057540036036-6036;057540036036;100mN31966E42256;MC;NA;2;43;M;M;4049;EMP
057540036036-6037;057540036036;100mN31992E42280;MC;NA;6;55;M;F;5064;NEP
057540036036-6037;057540036036;100mN31992E42280;MC;NA;6;58;M;M;5064;EMP
057540036036-6037;057540036036;100mN31992E42280;MC;NA;6;11;S;F;0614;NEP
057540036036-6037;057540036036;100mN31992E42280;MC;NA;6;15;S;M;1517;EMP
057540036036-6037;057540036036;100mN31992E42280;MC;NA;6;15;S;M;1517;EMP
057540036036-6037;057540036036;100mN31992E42280;MC;NA;6;6;S;M;0614;NEP
057540036036-6038;057540036036;100mN31955E42244;S;NA;1;19;D;F;1824;NEP
057540036036-6039;057540036036;100mN32005E42288;MC;NA;4;32;M;F;3039;NEP
057540036036-6039;057540036036;100mN32005E42288;MC;NA;4;34;M;M;3039;EMP
057540036036-6039;057540036036;100mN32005E42288;MC;NA;4;3;S;F;0305;NEP
057540036036-6039;057540036036;100mN32005E42288;MC;NA;4;8;S;F;0614;NEP
057540036036-6040;057540036036;100mN32005E42288;S;NA;1;70;S;F;6574;NEP
057540036036-6041;057540036036;100mN32018E42241;S;NA;1;67;M;F;6574;EMP
057540036036-6042;057540036036;100mN31996E42257;S;NA;1;87;M;M;75XX;EMP
057540036036-6043;057540036036;100mN32005E42288;S;OS;1;54;W;F;5064;EMP
057540036036-6044;057540036036;100mN31989E42264;S;OS;1;25;M;F;2529;EMP
057540036036-6045;057540036036;100mN31994E42256;MC;NA;2;51;M;F;5064;EMP
057540036036-6045;057540036036;100mN31994E42256;MC;NA;2;53;M;M;5064;EMP
057540036036-6046;057540036036;100mN32018E42256;MC;OS;3;65;M;F;6574;EMP
057540036036-6046;057540036036;100mN32018E42256;MC;OS;3;84;M;M;75XX;EMP
057540036036-6046;057540036036;100mN32018E42256;MC;OS;3;76;S;M;75XX;EMP
057540036036-6047;057540036036;100mN31972E42275;MC;NA;3;51;M;F;5064;EMP
057540036036-6047;057540036036;100mN31972E42275;MC;NA;3;54;M;M;5064;NEP
057540036036-6047;057540036036;100mN31972E42275;MC;NA;3;23;D;F;1824;EMP
057540036036-6048;057540036036;100mN32005E42251;PO;NA;2;59;S;M;5064;EMP
057540036036-6048;057540036036;100mN32005E42251;PO;NA;2;58;S;F;5064;NEP
057540036036-6049;057540036036;100mN32004E42289;MC;NA;3;36;M;F;3039;EMP
057540036036-6049;057540036036;100mN32004E42289;MC;NA;3;45;M;M;4049;NEP
057540036036-6049;057540036036;100mN32004E42289;MC;NA;3;3;S;F;0305;NEP
057540036036-6050;057540036036;100mN32004E42289;SF;NA;5;59;W;F;5064;NEP
057540036036-6050;057540036036;100mN32004E42289;SF;NA;5;44;M;F;4049;NEP
057540036036-6050;057540036036;100mN32004E42289;SF;NA;5;40;D;F;4049;NEP
057540036036-6050;057540036036;100mN32004E42289;SF;NA;5;1;S;M;0003;NEP
057540036036-6050;057540036036;100mN32004E42289;SF;NA;5;13;S;F;0614;NEP
057540036036-6051;057540036036;100mN32005E42282;MC;NA;2;60;M;M;5064;EMP
057540036036-6051;057540036036;100mN32005E42282;MC;NA;2;51;M;F;5064;EMP
057540036036-6052;057540036036;100mN32009E42288;MC;NA;5;47;M;M;4049;UEP
057540036036-6052;057540036036;100mN32009E42288;MC;NA;5;51;M;F;5064;NEP
057540036036-6052;057540036036;100mN32009E42288;MC;NA;5;4;S;M;0305;NEP
057540036036-6052;057540036036;100mN32009E42288;MC;NA;5;27;S;F;2529;EMP
057540036036-6052;057540036036;100mN32009E42288;MC;NA;5;16;S;F;1517;NEP
057540036036-6053;057540036036;100mN32004E42289;MC;NA;2;44;M;M;4049;UEP
057540036036-6053;057540036036;100mN32004E42289;MC;NA;2;41;M;F;4049;EMP
057540036036-6054;057540036036;100mN32004E42289;MC;NA;2;18;M;M;1824;EMP
057540036036-6054;057540036036;100mN32004E42289;MC;NA;2;26;M;F;2529;EMP
057540036036-6055;057540036036;100mN32004E42289;S;NA;1;69;S;M;6574;NEP
057540036036-6056;057540036036;100mN31990E42257;S;OS;1;41;M;F;4049;EMP
057540036036-6057;057540036036;100mN31995E42255;MC;NA;2;26;M;F;2529;NEP
057540036036-6057;057540036036;100mN31995E42255;MC;NA;2;27;M;M;2529;UEP
057540036036-6058;057540036036;100mN31986E42278;S;OS;1;72;M;F;6574;EMP
057540036036-6059;057540036036;100mN32004E42289;MC;NA;5;45;M;M;4049;EMP
057540036036-6059;057540036036;100mN32004E42289;MC;NA;5;43;M;F;4049;EMP
057540036036-6059;057540036036;100mN32004E42289;MC;NA;5;13;S;F;0614;NEP
057540036036-6059;057540036036;100mN32004E42289;MC;NA;5;18;M;M;1824;EMP
057540036036-6059;057540036036;100mN32004E42289;MC;NA;5;10;S;M;0614;NEP
057540036036-6060;057540036036;100mN32004E42289;MC;NA;3;46;M;F;4049;EMP
057540036036-6060;057540036036;100mN32004E42289;MC;NA;3;44;M;M;4049;EMP
057540036036-6060;057540036036;100mN32004E42289;MC;NA;3;16;S;F;1517;NEP
057540036036-6061;057540036036;100mN32004E42289;MC;NA;3;63;M;F;5064;NEP
057540036036-6061;057540036036;100mN32004E42289;MC;NA;3;72;S;F;6574;NEP
057540036036-6061;057540036036;100mN32004E42289;MC;NA;3;0;S;F;0003;NEP
057540036036-6062;057540036036;100mN32004E42289;MC;NA;2;50;M;F;5064;EMP
057540036036-6062;057540036036;100mN32004E42289;MC;NA;2;62;M;M;5064;EMP
057540036036-6063;057540036036;100mN32004E42275;MC;NA;2;53;M;F;5064;EMP
057540036036-6063;057540036036;100mN32004E42275;MC;NA;2;54;M;M;5064;EMP
057540036036-6064;057540036036;100mN32009E42249;MC;NA;2;22;M;F;1824;NEP
057540036036-6064;057540036036;100mN32009E42249;MC;NA;2;28;M;M;2529;NEP
057540036036-6065;057540036036;100mN31991E42259;S;NA;1;16;S;M;1517;EMP
057540036036-6066;057540036036;100mN31963E42306;SF;NA;4;41;S;F;4049;NEP
057540036036-6066;057540036036;100mN31963E42306;SF;NA;4;15;S;M;1517;EMP
057540036036-6066;057540036036;100mN31963E42306;SF;NA;4;4;S;F;0305;NEP
057540036036-6066;057540036036;100mN31963E42306;SF;NA;4;23;S;M;1824;NEP
057540036036-6067;057540036036;100mN31964E42308;S;NA;1;37;M;M;3039;NEP
057540036036-6068;057540036036;100mN32004E42275;S;NA;1;19;M;F;1824;EMP
057540036036-6069;057540036036;100mN32004E42275;S;NA;1;51;M;F;5064;EMP
057540036036-6070;057540036036;100mN32004E42275;MC;NA;2;45;M;F;4049;NEP
057540036036-6070;057540036036;100mN32004E42275;MC;NA;2;52;M;M;5064;EMP
057540036036-6071;057540036036;100mN32004E42275;PO;NA;5;58;S;M;5064;NEP
057540036036-6071;057540036036;100mN32004E42275;PO;NA;5;54;S;F;5064;EMP
057540036036-6071;057540036036;100mN32004E42275;PO;NA;5;9;S;F;0614;NEP
057540036036-6071;057540036036;100mN32004E42275;PO;NA;5;7;S;F;0614;NEP
057540036036-6071;057540036036;100mN32004E42275;PO;NA;5;22;M;M;1824;EMP
057540036036-6072;057540036036;100mN32010E42252;S;NA;1;48;M;M;4049;NEP
057540036036-6073;057540036036;100mN32004E42275;MC;NA;3;36;M;M;3039;NEP
057540036036-6073;057540036036;100mN32004E42275;MC;NA;3;37;M;F;3039;NEP
057540036036-6073;057540036036;100mN32004E42275;MC;NA;3;18;S;M;1824;EMP
057540036036-6074;057540036036;100mN32004E42275;PO;MIX;3;73;M;M;6574;EMP
057540036036-6074;057540036036;100mN32004E42275;PO;MIX;3;33;S;F;3039;NEP
057540036036-6074;057540036036;100mN32004E42275;PO;MIX;3;30;S;M;3039;EMP
057540036036-6075;057540036036;100mN32004E42275;S;NA;1;87;M;F;75XX;NEP
057540036036-6076;057540036036;100mN32004E42275;MC;NA;2;28;M;M;2529;EMP
057540036036-6076;057540036036;100mN32004E42275;MC;NA;2;23;M;F;1824;EMP
057540036036-6077;057540036036;100mN32004E42275;S;NA;1;87;M;F;75XX;NEP
057540036036-6078;057540036036;100mN32004E42275;S;NA;1;16;S;F;1517;EMP
057540036036-6079;057540036036;100mN31963E42279;MC;OS;4;66;M;F;6574;EMP
057540036036-6079;057540036036;100mN31963E42279;MC;OS;4;69;M;M;6574;NEP
057540036036-6079;057540036036;100mN31963E42279;MC;OS;4;73;M;F;6574;NEP
057540036036-6079;057540036036;100mN31963E42279;MC;OS;4;80;S;F;75XX;NEP
057540036036-6080;057540036036;100mN31963E42279;MC;NA;3;44;M;M;4049;EMP
057540036036-6080;057540036036;100mN31963E42279;MC;NA;3;40;M;F;4049;EMP
057540036036-6080;057540036036;100mN31963E42279;MC;NA;3;21;D;M;1824;EMP
057540036036-6081;057540036036;100mN31963E42279;MC;NA;4;47;M;F;4049;EMP
057540036036-6081;057540036036;100mN31963E42279;MC;NA;4;44;M;M;4049;NEP
057540036036-6081;057540036036;100mN31963E42279;MC;NA;4;26;M;M;2529;EMP
057540036036-6081;057540036036;100mN31963E42279;MC;NA;4;2;S;M;0003;NEP
057540036036-6082;057540036036;100mN31963E42279;MC;NA;2;40;M;F;4049;NEP
057540036036-6082;057540036036;100mN31963E42279;MC;NA;2;43;M;M;4049;NEP
057540036036-6083;057540036036;100mN31963E42279;PO;NA;3;50;S;F;5064;EMP
057540036036-6083;057540036036;100mN31963E42279;PO;NA;3;53;S;M;5064;EMP
057540036036-6083;057540036036;100mN31963E42279;PO;NA;3;27;S;F;2529;EMP
057540036036-6084;057540036036;100mN31963E42279;MC;NA;2;60;M;F;5064;EMP
057540036036-6084;057540036036;100mN31963E42279;MC;NA;2;62;M;M;5064;EMP
057540036036-6085;057540036036;100mN32003E42274;MC;NA;3;61;M;M;5064;NEP
057540036036-6085;057540036036;100mN32003E42274;MC;NA;3;72;D;M;6574;EMP
057540036036-6085;057540036036;100mN32003E42274;MC;NA;3;16;S;F;1517;EMP
057540036036-6086;057540036036;100mN32003E42274;MC;NA;3;23;M;F;1824;EMP
057540036036-6086;057540036036;100mN32003E42274;MC;NA;3;31;M;M;3039;EMP
057540036036-6086;057540036036;100mN32003E42274;MC;NA;3;3;S;F;0305;NEP
057540036036-6087;057540036036;100mN32003E42274;S;NA;1;18;D;F;1824;EMP
057540036036-6088;057540036036;100mN31993E42255;MC;NA;2;54;M;F;5064;NEP
057540036036-6088;057540036036;100mN31993E42255;MC;NA;2;54;M;M;5064;EMP
057540036036-6089;057540036036;100mN31993E42255;MC;NA;4;63;M;M;5064;EMP
057540036036-6089;057540036036;100mN31993E42255;MC;NA;4;62;M;F;5064;EMP
057540036036-6089;057540036036;100mN31993E42255;MC;NA;4;16;S;M;1517;EMP
057540036036-6089;057540036036;100mN31993E42255;MC;NA;4;0;S;M;0003;NEP
057540036036-6090;057540036036;100mN31950E42250;PO;OS;2;65;S;F;6574;NEP
057540036036-6090;057540036036;100mN31950E42250;PO;OS;2;71;S;M;6574;EMP
057540036036-6091;057540036036;100mN31993E42255;S;NA;1;43;M;M;4049;EMP
057540036036-6092;057540036036;100mN31993E42255;MC;NA;3;41;M;M;4049;EMP
057540036036-6092;057540036036;100mN31993E42255;MC;NA;3;40;M;F;4049;EMP
057540036036-6092;057540036036;100mN31993E42255;MC;NA;3;22;W;F;1824;EMP
057540036036-6093;057540036036;100mN31993E42255;MC;NA;2;61;M;F;5064;NEP
057540036036-6093;057540036036;100mN31993E42255;MC;NA;2;63;M;M;5064;NEP
057540036036-6094;057540036036;100mN32017E42253;SF;NA;2;48;D;F;4049;NEP
057540036036-6094;057540036036;100mN32017E42253;SF;NA;2;11;S;M;0614;NEP
057540036036-6095;057540036036;100mN32003E42254;MC;NA;2;42;M;F;4049;EMP
057540036036-6095;057540036036;100mN32003E42254;MC;NA;2;44;M;M;4049;EMP
057540036036-6096;057540036036;100mN31986E42259;PO;NA;2;62;S;M;5064;UEP
057540036036-6096;057540036036;100mN31986E42259;PO;NA;2;57;S;M;5064;EMP
057540036036-6097;057540036036;100mN31995E42262;S;NA;1;28;S;F;2529;NEP
057540036036-6098;057540036036;100mN31990E42263;MC;NA;5;59;M;F;5064;EMP
057540036036-6098;057540036036;100mN31990E42263;MC;NA;5;63;M;M;5064;EMP
057540036036-6098;057540036036;100mN31990E42263;MC;NA;5;8;S;M;0614;NEP
057540036036-6098;057540036036;100mN31990E42263;MC;NA;5;31;W;F;3039;NEP
057540036036-6098;057540036036;100mN31990E42263;MC;NA;5;10;S;F;0614;NEP
057540036036-6099;057540036036;100mN32003E42254;MC;NA;3;59;M;F;5064;NEP
057540036036-6099;057540036036;100mN32003E42254;MC;NA;3;63;M;M;5064;NEP
057540036036-6099;057540036036;100mN32003E42254;MC;NA;3;13;S;M;0614;NEP
057540036036-6100;057540036036;100mN32003E42254;MC;OS;2;79;M;F;75XX;NEP
057540036036-6100;057540036036;100mN32003E42254;MC;OS;2;86;M;M;75XX;EMP
057540036036-6101;057540036036;100mN32003E42254;MC;NA;3;32;M;F;3039;EMP
057540036036-6101;057540036036;100mN32003E42254;MC;NA;3;30;M;M;3039;EMP
057540036036-6101;057540036036;100mN32003E42254;MC;NA;3;6;S;F;0614;NEP
057540036036-6102;057540036036;100mN32003E42254;MC;NA;6;50;M;F;5064;EMP
057540036036-6102;057540036036;100mN32003E42254;MC;NA;6;51;M;M;5064;EMP
057540036036-6102;057540036036;100mN32003E42254;MC;NA;6;12;S;F;0614;NEP
057540036036-6102;057540036036;100mN32003E42254;MC;NA;6;26;M;F;2529;NEP
057540036036-6102;057540036036;100mN32003E42254;MC;NA;6;2;S;F;0003;NEP
057540036036-6102;057540036036;100mN32003E42254;MC;NA;6;6;S;F;0614;NEP
057540036036-6103;057540036036;100mN32003E42254;MC;MIX;2;65;M;M;6574;EMP
057540036036-6103;057540036036;100mN32003E42254;MC;MIX;2;63;M;F;5064;NEP
057540036036-6104;057540036036;100mN32003E42254;MC;NA;5;21;M;M;1824;EMP
057540036036-6104;057540036036;100mN32003E42254;MC;NA;5;18;M;F;1824;EMP
057540036036-6104;057540036036;100mN32003E42254;MC;NA;5;1;S;F;0003;NEP
057540036036-6104;057540036036;100mN32003E42254;MC;NA;5;6;S;F;0614;NEP
057540036036-6104;057540036036;100mN32003E42254;MC;NA;5;6;S;F;0614;NEP
057540036036-6105;057540036036;100mN31966E42256;MC;MIX;2;66;M;F;6574;NEP
057540036036-6105;057540036036;100mN31966E42256;MC;MIX;2;26;D;M;2529;NEP
057540036036-6106;057540036036;100mN32023E42251;S;NA;1;43;M;F;4049;NEP
057540036036-6107;057540036036;100mN32023E42251;S;NA;1;55;D;M;5064;EMP
057540036036-6108;057540036036;100mN32023E42251;MC;NA;2;53;M;M;5064;EMP
057540036036-6108;057540036036;100mN32023E42251;MC;NA;2;50;M;F;5064;EMP
057540036036-6109;057540036036;100mN32023E42251;S;NA;1;72;S;F;6574;NEP
057540036036-6110;057540036036;100mN32001E42288;SF;NA;2;65;W;F;6574;EMP
057540036036-6110;057540036036;100mN32001E42288;SF;NA;2;15;S;M;1517;NEP
057540036036-6111;057540036036;100mN32023E42251;S;NA;1;42;M;F;4049;NEP
057540036036-6112;057540036036;100mN32023E42251;SF;NA;3;34;W;F;3039;NEP
057540036036-6112;057540036036;100mN32023E42251;SF;NA;3;10;S;M;0614;NEP
057540036036-6112;057540036036;100mN32023E42251;SF;NA;3;6;S;M;0614;NEP
057540036036-6113;057540036036;100mN32023E42251;PO;NA;4;56;S;F;5064;NEP
057540036036-6113;057540036036;100mN32023E42251;PO;NA;4;60;S;M;5064;NEP
057540036036-6113;057540036036;100mN32023E42251;PO;NA;4;41;S;M;4049;NEP
057540036036-6113;057540036036;100mN32023E42251;PO;NA;4;12;S;F;0614;NEP
057540036036-6114;057540036036;100mN32023E42251;S;NA;1;44;S;F;4049;NEP
057540036036-6115;057540036036;100mN32023E42251;MC;NA;2;61;M;M;5064;EMP
057540036036-6115;057540036036;100mN32023E42251;MC;NA;2;61;M;F;5064;NEP
057540036036-6116;057540036036;100mN31993E42260;S;NA;1;21;S;M;1824;EMP
057540036036-6117;057540036036;100mN32007E42288;MC;NA;4;63;M;M;5064;EMP
057540036036-6117;057540036036;100mN32007E42288;MC;NA;4;58;M;F;5064;NEP
057540036036-6117;057540036036;100mN32007E42288;MC;NA;4;0;S;F;0003;NEP
057540036036-6117;057540036036;100mN32007E42288;MC;NA;4;16;S;F;1517;EMP
057540036036-6118;057540036036;100mN31993E42261;MC;NA;2;33;M;F;3039;NEP
057540036036-6118;057540036036;100mN31993E42261;MC;NA;2;34;M;M;3039;EMP
057540036036-6119;057540036036;100mN31993E42260;S;NA;1;61;S;M;5064;EMP
057540036036-6120;057540036036;100mN31993E42260;S;NA;1;52;M;M;5064;EMP
057540036036-6121;057540036036;100mN31993E42260;MC;NA;4;48;M;F;4049;EMP
057540036036-6121;057540036036;100mN31993E42260;MC;NA;4;55;M;M;5064;EMP
057540036036-6121;057540036036;100mN31993E42260;MC;NA;4;33;M;M;3039;EMP
057540036036-6121;057540036036;100mN31993E42260;MC;NA;4;33;M;M;3039;EMP
057540036036-6122;057540036036;100mN31975E42298;S;OS;1;58;M;F;5064;NEP
057540036036-6123;057540036036;100mN31993E42260;MC;NA;4;46;M;M;4049;NEP
057540036036-6123;057540036036;100mN31993E42260;MC;NA;4;38;M;F;3039;NEP
057540036036-6123;057540036036;100mN31993E42260;MC;NA;4;23;M;M;1824;EMP
057540036036-6123;057540036036;100mN31993E42260;MC;NA;4;25;M;F;2529;NEP
057540036036-6124;057540036036;100mN32008E42277;NA;NA;4;68;D;M;6574;EMP
057540036036-6124;057540036036;100mN32008E42277;NA;NA;4;53;M;F;5064;NEP
057540036036-6124;057540036036;100mN32008E42277;NA;NA;4;52;W;F;5064;NEP
057540036036-6124;057540036036;100mN32008E42277;NA;NA;4;43;S;F;4049;EMP
057540036036-6125;057540036036;100mN32012E42248;MC;NA;4;30;M;F;3039;NEP
057540036036-6125;057540036036;100mN32012E42248;MC;NA;4;38;M;M;3039;NEP
057540036036-6125;057540036036;100mN32012E42248;MC;NA;4;4;S;M;0305;NEP
057540036036-6125;057540036036;100mN32012E42248;MC;NA;4;7;S;M;0614;NEP
057540036036-6126;057540036036;100mN32012E42248;MC;MIX;4;83;S;M;75XX;EMP
057540036036-6126;057540036036;100mN32012E42248;MC;MIX;4;32;M;M;3039;NEP
057540036036-6126;057540036036;100mN32012E42248;MC;MIX;4;38;M;F;3039;EMP
057540036036-6126;057540036036;100mN32012E42248;MC;MIX;4;13;S;M;0614;NEP
057540036036-6127;057540036036;100mN32012E42248;MC;NA;2;35;M;F;3039;NEP
057540036036-6127;057540036036;100mN32012E42248;MC;NA;2;36;M;M;3039;NEP
057540036036-6128;057540036036;100mN32012E42248;S;NA;1;26;W;F;2529;NEP
057540036036-6129;057540036036;100mN32012E42248;MC;NA;4;44;M;M;4049;EMP
057540036036-6129;057540036036;100mN32012E42248;MC;NA;4;52;M;F;5064;NEP
057540036036-6129;057540036036;100mN32012E42248;MC;NA;4;12;S;F;0614;NEP
057540036036-6129;057540036036;100mN32012E42248;MC;NA;4;15;S;M;1517;NEP
057540036036-6130;057540036036;100mN31975E42299;MC;MIX;3;76;S;M;75XX;EMP
057540036036-6130;057540036036;100mN31975E42299;MC;MIX;3;53;M;F;5064;EMP
057540036036-6130;057540036036;100mN31975E42299;MC;MIX;3;50;M;M;5064;UEP
057540036036-6131;057540036036;100mN32018E42250;MC;NA;4;43;M;F;4049;EMP
057540036036-6131;057540036036;100mN32018E42250;MC;NA;4;46;M;M;4049;UEP
057540036036-6131;057540036036;100mN32018E42250;MC;NA;4;7;S;M;0614;NEP
057540036036-6131;057540036036;100mN32018E42250;MC;NA;4;15;S;F;1517;EMP
057540036036-6132;057540036036;100mN32012E42248;SF;NA;2;16;S;F;1517;EMP
057540036036-6132;057540036036;100mN32012E42248;SF;NA;2;1;S;F;0003;NEP
057540036036-6133;057540036036;100mN32004E42282;MC;NA;2;45;M;M;4049;EMP
057540036036-6133;057540036036;100mN32004E42282;MC;NA;2;46;M;F;4049;EMP
057540036036-6134;057540036036;100mN31999E42254;S;OS;1;57;M;F;5064;EMP
057540036036-6135;057540036036;100mN32004E42282;MC;NA;2;60;M;F;5064;EMP
057540036036-6135;057540036036;100mN32004E42282;MC;NA;2;63;M;M;5064;EMP
057540036036-6136;057540036036;100mN32004E42282;MC;NA;3;56;M;M;5064;EMP
057540036036-6136;057540036036;100mN32004E42282;MC;NA;3;52;M;F;5064;EMP
057540036036-6136;057540036036;100mN32004E42282;MC;NA;3;40;D;M;4049;EMP
057540036036-6137;057540036036;100mN32004E42282;S;NA;1;50;M;F;5064;EMP
057540036036-6138;057540036036;100mN32004E42282;MC;NA;5;44;M;M;4049;EMP
057540036036-6138;057540036036;100mN32004E42282;MC;NA;5;18;M;F;1824;NEP
057540036036-6138;057540036036;100mN32004E42282;MC;NA;5;21;M;M;1824;EMP
057540036036-6138;057540036036;100mN32004E42282;MC;NA;5;28;W;F;2529;NEP
057540036036-6138;057540036036;100mN32004E42282;MC;NA;5;15;S;F;1517;NEP
057540036036-6139;057540036036;100mN32004E42282;S;NA;1;88;S;M;75XX;EMP
057540036036-6140;057540036036;100mN31962E42308;S;OS;1;67;M;F;6574;EMP
057540036036-6141;057540036036;100mN32004E42282;MC;NA;3;48;M;M;4049;EMP
057540036036-6141;057540036036;100mN32004E42282;MC;NA;3;46;M;F;4049;NEP
057540036036-6141;057540036036;100mN32004E42282;MC;NA;3;11;S;F;0614;NEP
057540036036-6142;057540036036;100mN32019E42247;S;OS;1;44;S;F;4049;NEP
057540036036-6143;057540036036;100mN32004E42282;MC;OS;2;89;M;F;75XX;NEP
057540036036-6143;057540036036;100mN32004E42282;MC;OS;2;85;M;M;75XX;EMP
057540036036-6144;057540036036;100mN32004E42282;SF;NA;2;70;W;F;6574;NEP
057540036036-6144;057540036036;100mN32004E42282;SF;NA;2;2;S;M;0003;NEP
057540036036-6145;057540036036;100mN32004E42282;MC;NA;3;40;M;M;4049;EMP
057540036036-6145;057540036036;100mN32004E42282;MC;NA;3;37;M;F;3039;NEP
057540036036-6145;057540036036;100mN32004E42282;MC;NA;3;8;S;M;0614;NEP
057540036036-6146;057540036036;100mN31999E42254;S;NA;1;73;D;M;6574;EMP
057540036036-6147;057540036036;100mN32004E42282;SF;NA;4;22;D;F;1824;EMP
057540036036-6147;057540036036;100mN32004E42282;SF;NA;4;0;S;M;0003;NEP
057540036036-6147;057540036036;100mN32004E42282;SF;NA;4;7;S;F;0614;NEP
057540036036-6147;057540036036;100mN32004E42282;SF;NA;4;4;S;F;0305;NEP
057540036036-6148;057540036036;100mN32005E42277;MC;NA;3;44;M;F;4049;EMP
057540036036-6148;057540036036;100mN32005E42277;MC;NA;3;46;M;M;4049;EMP
057540036036-6148;057540036036;100mN32005E42277;MC;NA;3;6;S;F;0614;NEP
057540036036-6149;057540036036;100mN32004E42282;S;NA;1;43;M;M;4049;EMP
057540036036-6150;057540036036;100mN31999E42254;SM;NA;3;37;W;M;3039;EMP
057540036036-6150;057540036036;100mN31999E42254;SM;NA;3;19;M;F;1824;EMP
057540036036-6150;057540036036;100mN31999E42254;SM;NA;3;16;S;M;1517;EMP
057540036036-6151;057540036036;100mN32004E42282;MC;NA;2;34;M;M;3039;EMP
057540036036-6151;057540036036;100mN32004E42282;MC;NA;2;30;M;F;3039;EMP
057540036036-6152;057540036036;100mN32003E42302;MC;NA;2;44;M;F;4049;EMP
057540036036-6152;057540036036;100mN32003E42302;MC;NA;2;47;M;M;4049;EMP
057540036036-6153;057540036036;100mN32008E42283;MC;NA;2;63;M;M;5064;EMP
057540036036-6153;057540036036;100mN32008E42283;MC;NA;2;61;M;F;5064;EMP
057540036036-6154;057540036036;100mN32003E42302;MC;MIX;2;69;M;F;6574;EMP
057540036036-6154;057540036036;100mN32003E42302;MC;MIX;2;12;S;F;0614;NEP
057540036036-6155;057540036036;100mN31985E42270;MC;NA;2;43;M;F;4049;EMP
057540036036-6155;057540036036;100mN31985E42270;MC;NA;2;50;M;M;5064;EMP
057540036036-6156;057540036036;100mN31995E42256;MC;NA;5;52;M;F;5064;NEP
057540036036-6156;057540036036;100mN31995E42256;MC;NA;5;54;M;M;5064;EMP
057540036036-6156;057540036036;100mN31995E42256;MC;NA;5;20;S;M;1824;EMP
057540036036-6156;057540036036;100mN31995E42256;MC;NA;5;12;S;M;0614;NEP
057540036036-6156;057540036036;100mN31995E42256;MC;NA;5;35;S;M;3039;EMP
057540036036-6157;057540036036;100mN32019E42247;S;NA;1;45;S;F;4049;EMP
057540036036-6158;057540036036;100mN31985E42270;S;OS;1;50;S;F;5064;EMP
057540036036-6159;057540036036;100mN31985E42270;MC;NA;2;56;M;F;5064;NEP
057540036036-6159;057540036036;100mN31985E42270;MC;NA;2;58;M;M;5064;EMP
057540036036-6160;057540036036;100mN31985E42270;MC;NA;3;40;M;F;4049;EMP
057540036036-6160;057540036036;100mN31985E42270;MC;NA;3;40;M;M;4049;UEP
057540036036-6160;057540036036;100mN31985E42270;MC;NA;3;13;S;M;0614;NEP
057540036036-6161;057540036036;100mN31985E42270;MC;NA;4;42;M;F;4049;EMP
057540036036-6161;057540036036;100mN31985E42270;MC;NA;4;34;M;M;3039;NEP
057540036036-6161;057540036036;100mN31985E42270;MC;NA;4;4;S;M;0305;NEP
057540036036-6161;057540036036;100mN31985E42270;MC;NA;4;25;M;F;2529;EMP
057540036036-6162;057540036036;100mN32005E42251;MC;NA;5;47;M;F;4049;EMP
057540036036-6162;057540036036;100mN32005E42251;MC;NA;5;47;M;M;4049;EMP
057540036036-6162;057540036036;100mN32005E42251;MC;NA;5;11;S;M;0614;NEP
057540036036-6162;057540036036;100mN32005E42251;MC;NA;5;13;S;F;0614;NEP
057540036036-6162;057540036036;100mN32005E42251;MC;NA;5;10;S;M;0614;NEP
057540036036-6163;057540036036;100mN32018E42252;S;NA;1;27;S;F;2529;EMP
057540036036-6164;057540036036;100mN31985E42270;S;NA;1;44;W;F;4049;EMP
057540036036-6165;057540036036;100mN31985E42270;PO;NA;2;47;S;M;4049;UEP
057540036036-6165;057540036036;100mN31985E42270;PO;NA;2;48;S;F;4049;NEP
057540036036-6166;057540036036;100mN31985E42270;MC;MIX;2;76;M;M;75XX;UEP
057540036036-6166;057540036036;100mN31985E42270;MC;MIX;2;32;M;M;3039;EMP
057540036036-6167;057540036036;100mN31985E42270;S;OS;1;56;M;M;5064;EMP
057540036036-6168;057540036036;100mN31985E42270;S;NA;1;16;S;M;1517;EMP
057540036036-6169;057540036036;100mN31985E42270;S;NA;1;42;M;F;4049;EMP
057540036036-6170;057540036036;100mN32005E42282;S;OS;1;35;S;M;3039;NEP
057540036036-6171;057540036036;100mN31993E42297;MC;NA;4;58;M;M;5064;NEP
057540036036-6171;057540036036;100mN31993E42297;MC;NA;4;51;M;F;5064;EMP
057540036036-6171;057540036036;100mN31993E42297;MC;NA;4;0;S;F;0003;NEP
057540036036-6171;057540036036;100mN31993E42297;MC;NA;4;13;S;F;0614;NEP
057540036036-6172;057540036036;100mN31993E42297;MC;MIX;2;65;M;M;6574;NEP
057540036036-6172;057540036036;100mN31993E42297;MC;MIX;2;62;M;F;5064;EMP
057540036036-6173;057540036036;100mN31962E42257;MC;NA;4;41;M;F;4049;EMP
057540036036-6173;057540036036;100mN31962E42257;MC;NA;4;41;M;M;4049;NEP
057540036036-6173;057540036036;100mN31962E42257;MC;NA;4;12;S;M;0614;NEP
057540036036-6173;057540036036;100mN31962E42257;MC;NA;4;0;S;F;0003;NEP
057540036036-6174;057540036036;100mN31962E42257;MC;MIX;3;73;M;F;6574;NEP
057540036036-6174;057540036036;100mN31962E42257;MC;MIX;3;57;M;F;5064;NEP
057540036036-6174;057540036036;100mN31962E42257;MC;MIX;3;54;M;M;5064;EMP
057540036036-6175;057540036036;100mN31962E42257;S;NA;1;40;S;M;4049;EMP
057540036036-6176;057540036036;100mN32008E42278;S;NA;1;19;W;F;1824;EMP
057540036036-6177;057540036036;100mN31975E42248;SF;NA;2;50;S;F;5064;EMP
057540036036-6177;057540036036;100mN31975E42248;SF;NA;2;19;S;M;1824;EMP
057540036036-6178;057540036036;100mN32005E42279;S;NA;1;78;M;F;75XX;NEP
057540036036-6179;057540036036;100mN32005E42279;PO;NA;3;59;S;M;5064;EMP
057540036036-6179;057540036036;100mN32005E42279;PO;NA;3;51;S;F;5064;EMP
057540036036-6179;057540036036;100mN32005E42279;PO;NA;3;10;S;F;0614;NEP
057540036036-6180;057540036036;100mN32005E42279;MC;OS;2;68;M;F;6574;EMP
057540036036-6180;057540036036;100mN32005E42279;MC;OS;2;68;M;M;6574;EMP
057540036036-6181;057540036036;100mN32005E42279;MC;MIX;2;72;M;F;6574;NEP
057540036036-6181;057540036036;100mN32005E42279;MC;MIX;2;48;M;F;4049;EMP
057540036036-6182;057540036036;100mN32005E42279;MC;NA;2;42;M;M;4049;EMP
057540036036-6182;057540036036;100mN32005E42279;MC;NA;2;41;M;F;4049;EMP
057540036036-6183;057540036036;100mN31963E42304;MC;NA;2;55;M;F;5064;EMP
057540036036-6183;057540036036;100mN31963E42304;MC;NA;2;48;M;M;4049;UEP
057540036036-6184;057540036036;100mN32005E42279;MC;MIX;3;87;D;F;75XX;NEP
057540036036-6184;057540036036;100mN32005E42279;MC;MIX;3;56;M;M;5064;EMP
057540036036-6184;057540036036;100mN32005E42279;MC;MIX;3;18;M;F;1824;NEP
057540036036-6185;057540036036;100mN32005E42279;MC;NA;5;41;M;F;4049;NEP
057540036036-6185;057540036036;100mN32005E42279;MC;NA;5;48;M;M;4049;NEP
057540036036-6185;057540036036;100mN32005E42279;MC;NA;5;0;S;F;0003;NEP
057540036036-6185;057540036036;100mN32005E42279;MC;NA;5;21;M;M;1824;EMP
057540036036-6185;057540036036;100mN32005E42279;MC;NA;5;12;S;F;0614;NEP
057540036036-6186;057540036036;100mN32004E42280;MC;NA;2;51;M;F;5064;EMP
057540036036-6186;057540036036;100mN32004E42280;MC;NA;2;59;M;M;5064;EMP
057540036036-6187;057540036036;100mN32005E42279;S;NA;1;71;S;M;6574;EMP
057540036036-6188;057540036036;100mN32005E42279;S;NA;1;33;M;F;3039;EMP
057540036036-6189;057540036036;100mN32005E42279;SF;NA;3;37;W;F;3039;EMP
057540036036-6189;057540036036;100mN32005E42279;SF;NA;3;8;S;F;0614;NEP
057540036036-6189;057540036036;100mN32005E42279;SF;NA;3;19;M;M;1824;EMP
057540036036-6190;057540036036;100mN32005E42279;MC;NA;5;31;M;F;3039;EMP
057540036036-6190;057540036036;100mN32005E42279;MC;NA;5;30;M;M;3039;NEP
057540036036-6190;057540036036;100mN32005E42279;MC;NA;5;11;S;M;0614;NEP
057540036036-6190;057540036036;100mN32005E42279;MC;NA;5;12;S;F;0614;NEP
057540036036-6190;057540036036;100mN32005E42279;MC;NA;5;15;S;F;1517;EMP
057540036036-6191;057540036036;100mN31991E42259;MC;OS;2;67;M;M;6574;NEP
057540036036-6191;057540036036;100mN31991E42259;MC;OS;2;67;M;F;6574;EMP
057540036036-6192;057540036036;100mN31969E42256;MC;NA;4;45;M;F;4049;EMP
057540036036-6192;057540036036;100mN31969E42256;MC;NA;4;46;M;M;4049;EMP
057540036036-6192;057540036036;100mN31969E42256;MC;NA;4;10;S;M;0614;NEP
057540036036-6192;057540036036;100mN31969E42256;MC;NA;4;27;M;M;2529;EMP
057540036036-6193;057540036036;100mN32007E42286;SF;NA;4;44;S;F;4049;EMP
057540036036-6193;057540036036;100mN32007E42286;SF;NA;4;15;S;F;1517;EMP
057540036036-6193;057540036036;100mN32007E42286;SF;NA;4;15;S;F;1517;EMP
057540036036-6193;057540036036;100mN32007E42286;SF;NA;4;13;S;F;0614;NEP
057540036036-6194;057540036036;100mN32005E42279;S;NA;1;37;W;M;3039;EMP
057540036036-6195;057540036036;100mN31989E42260;S;NA;1;35;M;M;3039;EMP
057540036036-6196;057540036036;100mN32001E42256;MC;NA;2;63;M;F;5064;NEP
057540036036-6196;057540036036;100mN32001E42256;MC;NA;2;62;M;M;5064;NEP
057540036036-6197;057540036036;100mN32005E42279;MC;OS;2;77;M;F;75XX;EMP
057540036036-6197;057540036036;100mN32005E42279;MC;OS;2;70;M;M;6574;EMP
057540036036-6198;057540036036;100mN32010E42286;MC;NA;4;33;M;F;3039;NEP
057540036036-6198;057540036036;100mN32010E42286;MC;NA;4;31;M;M;3039;EMP
057540036036-6198;057540036036;100mN32010E42286;MC;NA;4;7;S;M;0614;NEP
057540036036-6198;057540036036;100mN32010E42286;MC;NA;4;2;S;F;0003;NEP
057540036036-6199;057540036036;100mN31999E42260;S;NA;1;31;S;F;3039;NEP
057540036036-6200;057540036036;100mN32005E42279;MC;NA;2;50;M;M;5064;UEP
057540036036-6200;057540036036;100mN32005E42279;MC;NA;2;46;M;F;4049;NEP
057540036036-6201;057540036036;100mN32005E42279;MC;NA;2;20;M;M;1824;EMP
057540036036-6201;057540036036;100mN32005E42279;MC;NA;2;18;M;F;1824;EMP
057540036036-6202;057540036036;100mN32005E42279;S;NA;1;28;M;F;2529;EMP
057540036036-6203;057540036036;100mN31999E42256;PO;MIX;3;83;S;F;75XX;EMP
057540036036-6203;057540036036;100mN31999E42256;PO;MIX;3;46;S;M;4049;EMP
057540036036-6203;057540036036;100mN31999E42256;PO;MIX;3;41;S;F;4049;NEP
057540036036-6204;057540036036;100mN32005E42279;S;NA;1;68;M;F;6574;EMP
057540036036-6205;057540036036;100mN32005E42279;S;NA;1;26;S;M;2529;EMP
057540036036-6206;057540036036;100mN32005E42279;S;NA;1;71;M;M;6574;EMP
057540036036-6207;057540036036;100mN31979E42268;MC;NA;4;43;M;F;4049;EMP
057540036036-6207;057540036036;100mN31979E42268;MC;NA;4;41;M;M;4049;EMP
057540036036-6207;057540036036;100mN31979E42268;MC;NA;4;3;S;M;0305;NEP
057540036036-6207;057540036036;100mN31979E42268;MC;NA;4;22;D;M;1824;EMP
057540036036-6208;057540036036;100mN31979E42268;S;NA;1;70;W;F;6574;NEP
057540036036-6209;057540036036;100mN32014E42248;MC;NA;3;43;M;F;4049;EMP
057540036036-6209;057540036036;100mN32014E42248;MC;NA;3;43;M;M;4049;EMP
057540036036-6209;057540036036;100mN32014E42248;MC;NA;3;15;S;F;1517;EMP
057540036036-6210;057540036036;100mN32020E42219;MC;NA;4;34;M;M;3039;EMP
057540036036-6210;057540036036;100mN32020E42219;MC;NA;4;40;M;F;4049;NEP
057540036036-6210;057540036036;100mN32020E42219;MC;NA;4;0;S;M;0003;NEP
057540036036-6210;057540036036;100mN32020E42219;MC;NA;4;19;W;F;1824;EMP
057540036036-6211;057540036036;100mN31999E42254;SM;NA;3;37;W;M;3039;EMP
057540036036-6211;057540036036;100mN31999E42254;SM;NA;3;19;M;F;1824;EMP
057540036036-6211;057540036036;100mN31999E42254;SM;NA;3;16;S;M;1517;EMP
057540036036-6212;057540036036;100mN31972E42258;MC;NA;4;61;M;M;5064;EMP
057540036036-6212;057540036036;100mN31972E42258;MC;NA;4;59;M;F;5064;EMP
057540036036-6212;057540036036;100mN31972E42258;MC;NA;4;6;S;M;0614;NEP
057540036036-6212;057540036036;100mN31972E42258;MC;NA;4;7;S;M;0614;NEP
057540036036-6213;057540036036;100mN31971E42259;MC;MIX;2;70;M;F;6574;EMP
057540036036-6213;057540036036;100mN31971E42259;MC;MIX;2;53;M;M;5064;EMP
057540036036-6214;057540036036;100mN32008E42287;MC;MIX;2;65;M;F;6574;EMP
057540036036-6214;057540036036;100mN32008E42287;MC;MIX;2;52;D;M;5064;EMP
057540036036-6215;057540036036;100mN31971E42259;S;NA;1;16;S;M;1517;EMP
057540036036-6216;057540036036;100mN31971E42259;MC;NA;2;54;M;M;5064;EMP
057540036036-6216;057540036036;100mN31971E42259;MC;NA;2;52;M;F;5064;EMP
057540036036-6217;057540036036;100mN31971E42259;S;NA;1;62;M;M;5064;EMP
057540036036-6218;057540036036;100mN31962E42308;SF;NA;4;25;S;F;2529;EMP
057540036036-6218;057540036036;100mN31962E42308;SF;NA;4;9;S;M;0614;NEP
057540036036-6218;057540036036;100mN31962E42308;SF;NA;4;4;S;F;0305;NEP
057540036036-6218;057540036036;100mN31962E42308;SF;NA;4;10;S;F;0614;NEP
057540036036-6219;057540036036;100mN31990E42263;SF;NA;4;72;S;F;6574;EMP
057540036036-6219;057540036036;100mN31990E42263;SF;NA;4;3;S;M;0305;NEP
057540036036-6219;057540036036;100mN31990E42263;SF;NA;4;1;S;F;0003;NEP
057540036036-6219;057540036036;100mN31990E42263;SF;NA;4;31;M;M;3039;EMP
057540036036-6220;057540036036;100mN32018E42255;SM;NA;4;61;S;M;5064;NEP
057540036036-6220;057540036036;100mN32018E42255;SM;NA;4;11;S;F;0614;NEP
057540036036-6220;057540036036;100mN32018E42255;SM;NA;4;40;S;M;4049;EMP
057540036036-6220;057540036036;100mN32018E42255;SM;NA;4;12;S;M;0614;NEP
057540036036-6221;057540036036;100mN32001E42256;S;NA;1;48;S;M;4049;EMP
057540036036-6222;057540036036;100mN32001E42256;MC;MIX;2;69;M;F;6574;EMP
057540036036-6222;057540036036;100mN32001E42256;MC;MIX;2;50;M;F;5064;EMP
057540036036-6223;057540036036;100mN31993E42259;MC;NA;3;26;M;M;2529;EMP
057540036036-6223;057540036036;100mN31993E42259;MC;NA;3;18;M;F;1824;NEP
057540036036-6223;057540036036;100mN31993E42259;MC;NA;3;8;S;M;0614;NEP
057540036036-6224;057540036036;100mN32001E42256;MC;NA;6;57;M;F;5064;EMP
057540036036-6224;057540036036;100mN32001E42256;MC;NA;6;56;M;M;5064;EMP
057540036036-6224;057540036036;100mN32001E42256;MC;NA;6;11;S;M;0614;NEP
057540036036-6224;057540036036;100mN32001E42256;MC;NA;6;2;S;M;0003;NEP
057540036036-6224;057540036036;100mN32001E42256;MC;NA;6;20;M;M;1824;EMP
057540036036-6224;057540036036;100mN32001E42256;MC;NA;6;10;S;F;0614;NEP
057540036036-6225;057540036036;100mN32001E42256;MC;OS;2;71;M;M;6574;EMP
057540036036-6225;057540036036;100mN32001E42256;MC;OS;2;71;M;F;6574;NEP
057540036036-6226;057540036036;100mN31987E42272;PO;NA;4;36;S;F;3039;EMP
057540036036-6226;057540036036;100mN31987E42272;PO;NA;4;40;S;F;4049;EMP
057540036036-6226;057540036036;100mN31987E42272;PO;NA;4;11;S;M;0614;NEP
057540036036-6226;057540036036;100mN31987E42272;PO;NA;4;4;S;M;0305;NEP
057540036036-6227;057540036036;100mN32001E42256;MC;NA;2;52;M;M;5064;EMP
057540036036-6227;057540036036;100mN32001E42256;MC;NA;2;47;M;F;4049;EMP
057540036036-6228;057540036036;100mN32001E42256;MC;NA;4;42;M;M;4049;UEP
057540036036-6228;057540036036;100mN32001E42256;MC;NA;4;40;M;F;4049;NEP
057540036036-6228;057540036036;100mN32001E42256;MC;NA;4;7;S;M;0614;NEP
057540036036-6228;057540036036;100mN32001E42256;MC;NA;4;3;S;M;0305;NEP
057540036036-6229;057540036036;100mN32015E42302;MC;NA;2;47;M;M;4049;EMP
057540036036-6229;057540036036;100mN32015E42302;MC;NA;2;43;M;F;4049;EMP
057540036036-6230;057540036036;100mN32001E42256;MC;NA;2;63;M;F;5064;NEP
057540036036-6230;057540036036;100mN32001E42256;MC;NA;2;62;M;M;5064;NEP
057540036036-6231;057540036036;100mN31976E42250;S;NA;1;18;S;F;1824;EMP
057540036036-6232;057540036036;100mN32018E42232;MC;NA;3;31;M;F;3039;EMP
057540036036-6232;057540036036;100mN32018E42232;MC;NA;3;34;M;M;3039;NEP
057540036036-6232;057540036036;100mN32018E42232;MC;NA;3;3;S;M;0305;NEP
057540036036-6233;057540036036;100mN31968E42297;NA;NA;2;31;M;M;3039;NEP
057540036036-6233;057540036036;100mN31968E42297;NA;NA;2;55;M;M;5064;NEP
057540036036-6234;057540036036;100mN32012E42225;MC;NA;5;59;M;M;5064;EMP
057540036036-6234;057540036036;100mN32012E42225;MC;NA;5;51;M;F;5064;EMP
057540036036-6234;057540036036;100mN32012E42225;MC;NA;5;18;D;M;1824;EMP
057540036036-6234;057540036036;100mN32012E42225;MC;NA;5;15;S;M;1517;EMP
057540036036-6234;057540036036;100mN32012E42225;MC;NA;5;16;S;F;1517;NEP
057540036036-6235;057540036036;100mN32001E42256;MC;NA;2;51;M;F;5064;NEP
057540036036-6235;057540036036;100mN32001E42256;MC;NA;2;53;M;M;5064;NEP
057540036036-6236;057540036036;100mN31994E42269;S;NA;1;21;S;M;1824;EMP
057540036036-6237;057540036036;100mN32008E42287;MC;MIX;2;65;M;F;6574;EMP
057540036036-6237;057540036036;100mN32008E42287;MC;MIX;2;52;D;M;5064;EMP
057540036036-6238;057540036036;100mN31994E42269;MC;NA;2;32;M;M;3039;EMP
057540036036-6238;057540036036;100mN31994E42269;MC;NA;2;30;M;F;3039;EMP
057540036036-6239;057540036036;100mN31994E42269;MC;NA;2;53;M;M;5064;NEP
057540036036-6239;057540036036;100mN31994E42269;MC;NA;2;45;M;F;4049;NEP
057540036036-6240;057540036036;100mN31999E42311;S;NA;1;38;W;F;3039;EMP
057540036036-6241;057540036036;100mN31999E42311;S;NA;1;71;S;M;6574;EMP
057540036036-6242;057540036036;100mN31999E42272;SF;NA;3;32;W;F;3039;NEP
057540036036-6242;057540036036;100mN31999E42272;SF;NA;3;16;S;F;1517;EMP
057540036036-6242;057540036036;100mN31999E42272;SF;NA;3;12;S;M;0614;NEP
057540036036-6243;057540036036;100mN31995E42259;PO;NA;2;19;S;M;1824;UEP
057540036036-6243;057540036036;100mN31995E42259;PO;NA;2;18;S;M;1824;EMP
057540036036-6244;057540036036;100mN31986E42271;S;NA;1;43;M;F;4049;EMP
057540036036-6245;057540036036;100mN31986E42271;S;NA;1;45;M;M;4049;EMP
057540036036-6246;057540036036;100mN31986E42271;SF;NA;2;52;W;F;5064;EMP
057540036036-6246;057540036036;100mN31986E42271;SF;NA;2;2;S;M;0003;NEP
057540036036-6247;057540036036;100mN32005E42258;MC;NA;3;48;M;F;4049;EMP
057540036036-6247;057540036036;100mN32005E42258;MC;NA;3;47;M;M;4049;EMP
057540036036-6247;057540036036;100mN32005E42258;MC;NA;3;16;S;F;1517;EMP
057540036036-6248;057540036036;100mN31992E42280;MC;NA;6;55;M;F;5064;NEP
057540036036-6248;057540036036;100mN31992E42280;MC;NA;6;58;M;M;5064;EMP
057540036036-6248;057540036036;100mN31992E42280;MC;NA;6;11;S;F;0614;NEP
057540036036-6248;057540036036;100mN31992E42280;MC;NA;6;15;S;M;1517;EMP
057540036036-6248;057540036036;100mN31992E42280;MC;NA;6;15;S;M;1517;EMP
057540036036-6248;057540036036;100mN31992E42280;MC;NA;6;6;S;M;0614;NEP
057540036036-6249;057540036036;100mN31986E42271;MC;OS;2;70;M;M;6574;NEP
057540036036-6249;057540036036;100mN31986E42271;MC;OS;2;77;M;F;75XX;EMP
057540036036-6250;057540036036;100mN31986E42271;MC;NA;3;46;M;F;4049;NEP
057540036036-6250;057540036036;100mN31986E42271;MC;NA;3;46;M;M;4049;EMP
057540036036-6250;057540036036;100mN31986E42271;MC;NA;3;11;S;M;0614;NEP
057540036036-6251;057540036036;100mN31986E42271;MC;MIX;2;78;M;F;75XX;NEP
057540036036-6251;057540036036;100mN31986E42271;MC;MIX;2;22;M;F;1824;NEP
057540036036-6252;057540036036;100mN31986E42271;MC;NA;6;46;M;M;4049;EMP
057540036036-6252;057540036036;100mN31986E42271;MC;NA;6;46;M;F;4049;EMP
057540036036-6252;057540036036;100mN31986E42271;MC;NA;6;27;M;F;2529;NEP
057540036036-6252;057540036036;100mN31986E42271;MC;NA;6;16;S;M;1517;EMP
057540036036-6252;057540036036;100mN31986E42271;MC;NA;6;1;S;M;0003;NEP
057540036036-6252;057540036036;100mN31986E42271;MC;NA;6;28;S;M;2529;EMP
057540036036-6253;057540036036;100mN31986E42271;S;OS;1;58;W;F;5064;EMP
057540036036-6254;057540036036;100mN32017E42249;SF;NA;6;56;D;F;5064;EMP
057540036036-6254;057540036036;100mN32017E42249;SF;NA;6;26;S;F;2529;NEP
057540036036-6254;057540036036;100mN32017E42249;SF;NA;6;9;S;F;0614;NEP
057540036036-6254;057540036036;100mN32017E42249;SF;NA;6;2;S;M;0003;NEP
057540036036-6254;057540036036;100mN32017E42249;SF;NA;6;6;S;F;0614;NEP
057540036036-6254;057540036036;100mN32017E42249;SF;NA;6;25;S;M;2529;NEP
057540036036-6255;057540036036;100mN31986E42271;MC;OS;3;68;M;M;6574;NEP
057540036036-6255;057540036036;100mN31986E42271;MC;OS;3;67;M;F;6574;EMP
057540036036-6255;057540036036;100mN31986E42271;MC;OS;3;70;S;F;6574;NEP
057540036036-6256;057540036036;100mN32005E42289;PO;NA;3;21;S;F;1824;NEP
057540036036-6256;057540036036;100mN32005E42289;PO;NA;3;26;S;F;2529;NEP
057540036036-6256;057540036036;100mN32005E42289;PO;NA;3;6;S;M;0614;NEP
057540036036-6257;057540036036;100mN31986E42271;MC;OS;4;88;M;F;75XX;EMP
057540036036-6257;057540036036;100mN31986E42271;MC;OS;4;89;M;M;75XX;EMP
057540036036-6257;057540036036;100mN31986E42271;MC;OS;4;73;W;M;6574;EMP
057540036036-6257;057540036036;100mN31986E42271;MC;OS;4;71;D;M;6574;EMP
057540036036-6258;057540036036;100mN31995E42267;S;NA;1;43;W;M;4049;NEP
057540036036-6259;057540036036;100mN31995E42257;S;OS;1;16;S;M;1517;EMP
057540036036-6260;057540036036;100mN32016E42253;MC;MIX;2;67;M;F;6574;EMP
057540036036-6260;057540036036;100mN32016E42253;MC;MIX;2;3;S;F;0305;NEP
057540036036-6261;057540036036;100mN31986E42271;PO;NA;5;52;S;M;5064;EMP
057540036036-6261;057540036036;100mN31986E42271;PO;NA;5;45;S;M;4049;EMP
057540036036-6261;057540036036;100mN31986E42271;PO;NA;5;32;M;M;3039;EMP
057540036036-6261;057540036036;100mN31986E42271;PO;NA;5;23;W;F;1824;EMP
057540036036-6261;057540036036;100mN31986E42271;PO;NA;5;28;D;F;2529;EMP
057540036036-6262;057540036036;100mN32012E42249;S;NA;1;27;M;M;2529;EMP
057540036036-6263;057540036036;100mN32012E42249;MC;NA;5;40;M;M;4049;EMP
057540036036-6263;057540036036;100mN32012E42249;MC;NA;5;43;M;F;4049;EMP
057540036036-6263;057540036036;100mN32012E42249;MC;NA;5;13;S;M;0614;NEP
057540036036-6263;057540036036;100mN32012E42249;MC;NA;5;6;S;M;0614;NEP
057540036036-6263;057540036036;100mN32012E42249;MC;NA;5;21;M;F;1824;NEP
057540036036-6264;057540036036;100mN32012E42249;MC;NA;2;35;M;F;3039;NEP
057540036036-6264;057540036036;100mN32012E42249;MC;NA;2;37;M;M;3039;EMP
057540036036-6265;057540036036;100mN32012E42249;MC;MIX;3;70;D;M;6574;EMP
057540036036-6265;057540036036;100mN32012E42249;MC;MIX;3;40;M;F;4049;NEP
057540036036-6265;057540036036;100mN32012E42249;MC;MIX;3;43;M;M;4049;EMP
057540036036-6266;057540036036;100mN32018E42230;MC;NA;3;60;M;M;5064;NEP
057540036036-6266;057540036036;100mN32018E42230;MC;NA;3;59;M;F;5064;EMP
057540036036-6266;057540036036;100mN32018E42230;MC;NA;3;6;S;M;0614;NEP
057540036036-6267;057540036036;100mN31995E42257;MC;NA;2;57;M;F;5064;EMP
057540036036-6267;057540036036;100mN31995E42257;MC;NA;2;62;M;M;5064;UEP
057540036036-6268;057540036036;100mN32012E42249;S;NA;1;32;D;F;3039;EMP
057540036036-6269;057540036036;100mN31992E42279;MC;OS;2;73;M;M;6574;NEP
057540036036-6269;057540036036;100mN31992E42279;MC;OS;2;75;M;F;75XX;NEP
057540036036-6270;057540036036;100mN32006E42250;S;NA;1;63;S;F;5064;NEP
057540036036-6271;057540036036;100mN31962E42308;MC;MIX;2;72;M;F;6574;NEP
057540036036-6271;057540036036;100mN31962E42308;MC;MIX;2;44;M;M;4049;NEP
057540036036-6272;057540036036;100mN31989E42259;S;OS;1;58;S;M;5064;EMP
057540036036-6273;057540036036;100mN32012E42249;MC;NA;2;50;M;M;5064;EMP
057540036036-6273;057540036036;100mN32012E42249;MC;NA;2;47;M;F;4049;EMP
057540036036-6274;057540036036;100mN32012E42249;MC;OS;2;78;M;M;75XX;EMP
057540036036-6274;057540036036;100mN32012E42249;MC;OS;2;69;M;F;6574;NEP
057540036036-6275;057540036036;100mN32001E42288;SF;NA;2;65;W;F;6574;EMP
057540036036-6275;057540036036;100mN32001E42288;SF;NA;2;15;S;M;1517;NEP
057540036036-6276;057540036036;100mN32018E42248;MC;NA;4;34;M;F;3039;EMP
057540036036-6276;057540036036;100mN32018E42248;MC;NA;4;25;M;M;2529;EMP
057540036036-6276;057540036036;100mN32018E42248;MC;NA;4;19;S;M;1824;NEP
057540036036-6276;057540036036;100mN32018E42248;MC;NA;4;19;W;M;1824;EMP
057540036036-6277;057540036036;100mN32018E42248;S;NA;1;23;M;F;1824;NEP
057540036036-6278;057540036036;100mN32018E42248;MC;NA;2;54;M;F;5064;EMP
057540036036-6278;057540036036;100mN32018E42248;MC;NA;2;63;M;M;5064;NEP
057540036036-6279;057540036036;100mN32018E42248;S;NA;1;23;M;F;1824;NEP
057540036036-6280;057540036036;100mN32018E42248;S;OS;1;47;M;F;4049;EMP
057540036036-6281;057540036036;100mN32018E42248;MC;NA;2;58;M;M;5064;EMP
057540036036-6281;057540036036;100mN32018E42248;MC;NA;2;57;M;F;5064;EMP
057540036036-6282;057540036036;100mN32018E42248;MC;NA;4;46;M;F;4049;NEP
057540036036-6282;057540036036;100mN32018E42248;MC;NA;4;52;M;M;5064;NEP
057540036036-6282;057540036036;100mN32018E42248;MC;NA;4;9;S;M;0614;NEP
057540036036-6282;057540036036;100mN32018E42248;MC;NA;4;31;W;F;3039;NEP
057540036036-6283;057540036036;100mN32006E42230;S;NA;1;69;M;F;6574;NEP
057540036036-6284;057540036036;100mN32010E42287;S;OS;1;36;S;F;3039;EMP
057540036036-6285;057540036036;100mN32018E42248;S;NA;1;65;W;F;6574;EMP
057540036036-6286;057540036036;100mN32018E42248;S;OS;1;50;W;F;5064;NEP
057540036036-6287;057540036036;100mN31989E42260;MC;NA;2;41;M;M;4049;EMP
057540036036-6287;057540036036;100mN31989E42260;MC;NA;2;40;M;F;4049;EMP
057540036036-6288;057540036036;100mN31999E42257;SF;NA;5;30;W;F;3039;NEP
057540036036-6288;057540036036;100mN31999E42257;SF;NA;5;4;S;F;0305;NEP
057540036036-6288;057540036036;100mN31999E42257;SF;NA;5;8;S;M;0614;NEP
057540036036-6288;057540036036;100mN31999E42257;SF;NA;5;8;S;F;0614;NEP
057540036036-6288;057540036036;100mN31999E42257;SF;NA;5;2;S;M;0003;NEP
057540036036-6289;057540036036;100mN31995E42256;SF;NA;2;82;W;F;75XX;EMP
057540036036-6289;057540036036;100mN31995E42256;SF;NA;2;6;S;F;0614;NEP
057540036036-6290;057540036036;100mN32018E42248;S;NA;1;53;M;M;5064;EMP
057540036036-6291;057540036036;100mN31986E42269;S;NA;1;81;D;M;75XX;EMP
057540036036-6292;057540036036;100mN31986E42269;MC;OS;4;86;M;F;75XX;EMP
057540036036-6292;057540036036;100mN31986E42269;MC;OS;4;21;M;M;1824;EMP
057540036036-6292;057540036036;100mN31986E42269;MC;OS;4;71;S;M;6574;EMP
057540036036-6292;057540036036;100mN31986E42269;MC;OS;4;65;D;M;6574;EMP
057540036036-6293;057540036036;100mN31986E42269;S;NA;1;56;S;F;5064;EMP
057540036036-6294;057540036036;100mN31972E42252;SF;NA;2;48;W;F;4049;EMP
057540036036-6294;057540036036;100mN31972E42252;SF;NA;2;10;S;F;0614;NEP
057540036036-6295;057540036036;100mN31972E42252;SF;NA;2;28;S;F;2529;EMP
057540036036-6295;057540036036;100mN31972E42252;SF;NA;2;9;S;F;0614;NEP
057540036036-6296;057540036036;100mN32013E42249;MC;NA;2;56;M;M;5064;EMP
057540036036-6296;057540036036;100mN32013E42249;MC;NA;2;53;M;F;5064;NEP
057540036036-6297;057540036036;100mN31972E42252;SF;NA;3;56;W;F;5064;NEP
057540036036-6297;057540036036;100mN31972E42252;SF;NA;3;30;S;F;3039;EMP
057540036036-6297;057540036036;100mN31972E42252;SF;NA;3;28;S;F;2529;NEP
057540036036-6298;057540036036;100mN32018E42290;S;NA;1;80;W;F;75XX;EMP
057540036036-6299;057540036036;100mN31972E42252;SM;MIX;4;72;M;M;6574;EMP
057540036036-6299;057540036036;100mN31972E42252;SM;MIX;4;60;S;M;5064;NEP
057540036036-6299;057540036036;100mN31972E42252;SM;MIX;4;16;S;M;1517;NEP
057540036036-6299;057540036036;100mN31972E42252;SM;MIX;4;43;M;M;4049;EMP
057540036036-6300;057540036036;100mN31996E42283;NA;OS;3;67;S;F;6574;EMP
057540036036-6300;057540036036;100mN31996E42283;NA;OS;3;81;M;F;75XX;EMP
057540036036-6300;057540036036;100mN31996E42283;NA;OS;3;36;M;M;3039;EMP
057540036036-6301;057540036036;100mN31996E42283;MC;NA;2;41;M;F;4049;EMP
057540036036-6301;057540036036;100mN31996E42283;MC;NA;2;38;M;M;3039;EMP
057540036036-6302;057540036036;100mN31996E42283;MC;NA;2;26;M;M;2529;NEP
057540036036-6302;057540036036;100mN31996E42283;MC;NA;2;27;M;F;2529;NEP
057540036036-6303;057540036036;100mN31996E42283;S;NA;1;51;M;F;5064;NEP
057540036036-6304;057540036036;100mN31996E42248;MC;NA;2;25;M;M;2529;NEP
057540036036-6304;057540036036;100mN31996E42248;MC;NA;2;18;M;F;1824;EMP
057540036036-6305;057540036036;100mN32010E42279;MC;NA;4;60;M;F;5064;EMP
057540036036-6305;057540036036;100mN32010E42279;MC;NA;4;53;M;M;5064;EMP
057540036036-6305;057540036036;100mN32010E42279;MC;NA;4;4;S;M;0305;NEP
057540036036-6305;057540036036;100mN32010E42279;MC;NA;4;16;S;M;1517;EMP
057540036036-6306;057540036036;100mN31996E42248;MC;NA;4;27;M;M;2529;NEP
057540036036-6306;057540036036;100mN31996E42248;MC;NA;4;26;M;F;2529;NEP
057540036036-6306;057540036036;100mN31996E42248;MC;NA;4;7;S;M;0614;NEP
057540036036-6306;057540036036;100mN31996E42248;MC;NA;4;4;S;M;0305;NEP
057540036036-6307;057540036036;100mN31996E42248;S;NA;1;26;M;M;2529;EMP
057540036036-6308;057540036036;100mN31976E42252;PO;OS;4;66;S;F;6574;EMP
057540036036-6308;057540036036;100mN31976E42252;PO;OS;4;69;S;M;6574;EMP
057540036036-6308;057540036036;100mN31976E42252;PO;OS;4;71;S;F;6574;EMP
057540036036-6308;057540036036;100mN31976E42252;PO;OS;4;83;S;F;75XX;EMP
057540036036-6309;057540036036;100mN31996E42248;S;NA;1;46;M;M;4049;EMP
057540036036-6310;057540036036;100mN32010E42289;MC;NA;2;41;M;F;4049;EMP
057540036036-6310;057540036036;100mN32010E42289;MC;NA;2;43;M;M;4049;EMP
057540036036-6311;057540036036;100mN31996E42248;S;OS;1;66;S;M;6574;EMP
057540036036-6312;057540036036;100mN31996E42248;PO;OS;2;72;S;M;6574;EMP
057540036036-6312;057540036036;100mN31996E42248;PO;OS;2;69;S;F;6574;NEP
057540036036-6313;057540036036;100mN31991E42259;MC;MIX;3;83;M;F;75XX;NEP
057540036036-6313;057540036036;100mN31991E42259;MC;MIX;3;54;M;M;5064;EMP
057540036036-6313;057540036036;100mN31991E42259;MC;MIX;3;58;M;F;5064;EMP
057540036036-6314;057540036036;100mN32018E42229;MC;NA;3;58;M;M;5064;EMP
057540036036-6314;057540036036;100mN32018E42229;MC;NA;3;58;M;F;5064;NEP
057540036036-6314;057540036036;100mN32018E42229;MC;NA;3;4;S;F;0305;NEP
057540036036-6315;057540036036;100mN32008E42251;MC;NA;4;56;M;F;5064;NEP
057540036036-6315;057540036036;100mN32008E42251;MC;NA;4;63;M;M;5064;EMP
057540036036-6315;057540036036;100mN32008E42251;MC;NA;4;35;M;M;3039;UEP
057540036036-6315;057540036036;100mN32008E42251;MC;NA;4;13;S;F;0614;NEP
057540036036-6316;057540036036;100mN32010E42278;MC;NA;3;37;M;F;3039;EMP
057540036036-6316;057540036036;100mN32010E42278;MC;NA;3;38;M;M;3039;EMP
057540036036-6316;057540036036;100mN32010E42278;MC;NA;3;10;S;F;0614;NEP
057540036036-6317;057540036036;100mN32018E42229;MC;MIX;3;69;S;M;6574;EMP
057540036036-6317;057540036036;100mN32018E42229;MC;MIX;3;35;M;F;3039;NEP
057540036036-6317;057540036036;100mN32018E42229;MC;MIX;3;35;M;M;3039;NEP
057540036036-6318;057540036036;100mN31996E42265;PO;MIX;2;83;S;M;75XX;EMP
057540036036-6318;057540036036;100mN31996E42265;PO;MIX;2;85;M;F;75XX;NEP
057540036036-6319;057540036036;100mN31996E42265;MC;NA;3;48;M;M;4049;UEP
057540036036-6319;057540036036;100mN31996E42265;MC;NA;3;43;M;F;4049;NEP
057540036036-6319;057540036036;100mN31996E42265;MC;NA;3;15;S;F;1517;NEP
057540036036-6320;057540036036;100mN31996E42265;MC;OS;2;79;M;F;75XX;EMP
057540036036-6320;057540036036;100mN31996E42265;MC;OS;2;82;M;M;75XX;EMP
057540036036-6321;057540036036;100mN31994E42259;S;NA;1;46;M;M;4049;EMP
057540036036-6322;057540036036;100mN31994E42259;MC;NA;3;44;M;M;4049;EMP
057540036036-6322;057540036036;100mN31994E42259;MC;NA;3;42;M;F;4049;EMP
057540036036-6322;057540036036;100mN31994E42259;MC;NA;3;21;S;F;1824;NEP
057540036036-6323;057540036036;100mN31994E42259;S;NA;1;40;S;M;4049;EMP
057540036036-6324;057540036036;100mN31986E42270;MC;NA;2;28;M;F;2529;EMP
057540036036-6324;057540036036;100mN31986E42270;MC;NA;2;32;M;M;3039;UEP
057540036036-6325;057540036036;100mN31995E42255;MC;NA;3;60;M;F;5064;EMP
057540036036-6325;057540036036;100mN31995E42255;MC;NA;3;37;S;M;3039;NEP
057540036036-6325;057540036036;100mN31995E42255;MC;NA;3;8;S;F;0614;NEP
057540036036-6326;057540036036;100mN31990E42263;MC;NA;5;59;M;F;5064;EMP
057540036036-6326;057540036036;100mN31990E42263;MC;NA;5;63;M;M;5064;EMP
057540036036-6326;057540036036;100mN31990E42263;MC;NA;5;8;S;M;0614;NEP
057540036036-6326;057540036036;100mN31990E42263;MC;NA;5;31;W;F;3039;NEP
057540036036-6326;057540036036;100mN31990E42263;MC;NA;5;10;S;F;0614;NEP
057540036036-6327;057540036036;100mN32003E42258;MC;NA;3;46;M;F;4049;EMP
057540036036-6327;057540036036;100mN32003E42258;MC;NA;3;47;M;M;4049;UEP
057540036036-6327;057540036036;100mN32003E42258;MC;NA;3;18;M;F;1824;EMP
057540036036-6328;057540036036;100mN31994E42259;S;NA;1;45;M;F;4049;NEP
057540036036-6329;057540036036;100mN31968E42249;MC;NA;3;62;M;F;5064;NEP
057540036036-6329;057540036036;100mN31968E42249;MC;NA;3;83;W;F;75XX;EMP
057540036036-6329;057540036036;100mN31968E42249;MC;NA;3;7;S;F;0614;NEP
057540036036-6330;057540036036;100mN32005E42260;PO;NA;2;52;S;M;5064;EMP
057540036036-6330;057540036036;100mN32005E42260;PO;NA;2;54;S;F;5064;NEP
057540036036-6331;057540036036;100mN31994E42259;MC;NA;2;35;M;M;3039;UEP
057540036036-6331;057540036036;100mN31994E42259;MC;NA;2;33;M;F;3039;NEP
057540036036-6332;057540036036;100mN31958E42295;MC;NA;3;22;M;F;1824;NEP
057540036036-6332;057540036036;100mN31958E42295;MC;NA;3;48;M;M;4049;EMP
057540036036-6332;057540036036;100mN31958E42295;MC;NA;3;7;S;M;0614;NEP
057540036036-6333;057540036036;100mN31993E42261;S;NA;1;40;S;F;4049;EMP
057540036036-6334;057540036036;100mN31994E42259;MC;NA;4;41;M;M;4049;NEP
057540036036-6334;057540036036;100mN31994E42259;MC;NA;4;35;M;F;3039;EMP
057540036036-6334;057540036036;100mN31994E42259;MC;NA;4;10;S;F;0614;NEP
057540036036-6334;057540036036;100mN31994E42259;MC;NA;4;15;S;M;1517;EMP
057540036036-6335;057540036036;100mN31994E42259;MC;NA;2;48;M;M;4049;NEP
057540036036-6335;057540036036;100mN31994E42259;MC;NA;2;44;M;F;4049;EMP
057540036036-6336;057540036036;100mN32011E42228;MC;NA;2;51;M;F;5064;NEP
057540036036-6336;057540036036;100mN32011E42228;MC;NA;2;51;M;M;5064;EMP
057540036036-6337;057540036036;100mN31960E42298;NA;NA;3;16;S;M;1517;NEP
057540036036-6337;057540036036;100mN31960E42298;NA;NA;3;40;S;M;4049;NEP
057540036036-6337;057540036036;100mN31960E42298;NA;NA;3;57;W;F;5064;NEP
057540036036-6338;057540036036;100mN31960E42298;S;NA;1;54;M;F;5064;EMP
057540036036-6339;057540036036;100mN32009E42279;MC;NA;5;26;M;M;2529;EMP
057540036036-6339;057540036036;100mN32009E42279;MC;NA;5;26;M;F;2529;EMP
057540036036-6339;057540036036;100mN32009E42279;MC;NA;5;2;S;F;0003;NEP
057540036036-6339;057540036036;100mN32009E42279;MC;NA;5;6;S;M;0614;NEP
057540036036-6339;057540036036;100mN32009E42279;MC;NA;5;7;S;M;0614;NEP
057540036036-6340;057540036036;100mN31998E42276;NA;NA;4;48;S;F;4049;NEP
057540036036-6340;057540036036;100mN31998E42276;NA;NA;4;18;W;F;1824;NEP
057540036036-6340;057540036036;100mN31998E42276;NA;NA;4;35;M;F;3039;EMP
057540036036-6340;057540036036;100mN31998E42276;NA;NA;4;60;S;M;5064;NEP
057540036036-6341;057540036036;100mN31998E42276;MC;NA;2;21;M;M;1824;EMP
057540036036-6341;057540036036;100mN31998E42276;MC;NA;2;18;M;F;1824;EMP
057540036036-6342;057540036036;100mN32010E42252;S;OS;1;37;S;F;3039;NEP
057540036036-6343;057540036036;100mN31998E42276;MC;NA;2;53;M;M;5064;NEP
057540036036-6343;057540036036;100mN31998E42276;MC;NA;2;45;M;F;4049;EMP
057540036036-6344;057540036036;100mN31996E42257;MC;NA;4;21;M;M;1824;EMP
057540036036-6344;057540036036;100mN31996E42257;MC;NA;4;26;M;F;2529;EMP
057540036036-6344;057540036036;100mN31996E42257;MC;NA;4;3;S;M;0305;NEP
057540036036-6344;057540036036;100mN31996E42257;MC;NA;4;6;S;M;0614;NEP
057540036036-6345;057540036036;100mN31996E42257;S;NA;1;40;D;M;4049;UEP
057540036036-6346;057540036036;100mN31996E42257;S;NA;1;87;M;M;75XX;EMP
057540036036-6347;057540036036;100mN31996E42257;MC;OS;2;69;M;F;6574;NEP
057540036036-6347;057540036036;100mN31996E42257;MC;OS;2;71;M;M;6574;EMP
057540036036-6348;057540036036;100mN32008E42250;MC;NA;4;63;M;F;5064;NEP
057540036036-6348;057540036036;100mN32008E42250;MC;NA;4;63;M;M;5064;NEP
057540036036-6348;057540036036;100mN32008E42250;MC;NA;4;7;S;M;0614;NEP
057540036036-6348;057540036036;100mN32008E42250;MC;NA;4;13;S;M;0614;NEP
057540036036-6349;057540036036;100mN31989E42272;MC;NA;4;51;M;F;5064;EMP
057540036036-6349;057540036036;100mN31989E42272;MC;NA;4;62;M;M;5064;EMP
057540036036-6349;057540036036;100mN31989E42272;MC;NA;4;7;S;M;0614;NEP
057540036036-6349;057540036036;100mN31989E42272;MC;NA;4;13;S;M;0614;NEP
057540036036-6350;057540036036;100mN31996E42257;S;NA;1;41;W;F;4049;NEP
057540036036-6351;057540036036;100mN32022E42254;S;NA;1;78;S;M;75XX;NEP
057540036036-6352;057540036036;100mN31996E42257;MC;NA;3;46;M;F;4049;EMP
057540036036-6352;057540036036;100mN31996E42257;MC;NA;3;51;M;M;5064;NEP
057540036036-6352;057540036036;100mN31996E42257;MC;NA;3;13;S;F;0614;NEP
057540036036-6353;057540036036;100mN32001E42289;MC;MIX;2;68;M;F;6574;EMP
057540036036-6353;057540036036;100mN32001E42289;MC;MIX;2;84;D;F;75XX;NEP
057540036036-6354;057540036036;100mN31996E42257;S;OS;1;72;S;F;6574;EMP
057540036036-6355;057540036036;100mN32013E42291;MC;NA;2;37;M;F;3039;EMP
057540036036-6355;057540036036;100mN32013E42291;MC;NA;2;38;M;M;3039;EMP
057540036036-6356;057540036036;100mN32018E42249;MC;NA;2;63;M;M;5064;EMP
057540036036-6356;057540036036;100mN32018E42249;MC;NA;2;61;M;F;5064;EMP
057540036036-6357;057540036036;100mN31996E42257;S;NA;1;38;S;F;3039;EMP
057540036036-6358;057540036036;100mN31996E42257;S;NA;1;71;D;M;6574;EMP
057540036036-6359;057540036036;100mN32012E42291;MC;NA;4;63;M;F;5064;EMP
057540036036-6359;057540036036;100mN32012E42291;MC;NA;4;40;M;M;4049;NEP
057540036036-6359;057540036036;100mN32012E42291;MC;NA;4;13;S;F;0614;NEP
057540036036-6359;057540036036;100mN32012E42291;MC;NA;4;3;S;M;0305;NEP
057540036036-6360;057540036036;100mN32012E42291;MC;NA;3;38;M;M;3039;EMP
057540036036-6360;057540036036;100mN32012E42291;MC;NA;3;38;M;F;3039;NEP
057540036036-6360;057540036036;100mN32012E42291;MC;NA;3;3;S;F;0305;NEP
057540036036-6361;057540036036;100mN32012E42291;PO;NA;2;30;S;M;3039;EMP
057540036036-6361;057540036036;100mN32012E42291;PO;NA;2;27;S;M;2529;EMP
057540036036-6362;057540036036;100mN32012E42291;MC;NA;6;44;M;F;4049;NEP
057540036036-6362;057540036036;100mN32012E42291;MC;NA;6;54;M;M;5064;EMP
057540036036-6362;057540036036;100mN32012E42291;MC;NA;6;12;S;F;0614;NEP
057540036036-6362;057540036036;100mN32012E42291;MC;NA;6;1;S;F;0003;NEP
057540036036-6362;057540036036;100mN32012E42291;MC;NA;6;7;S;M;0614;NEP
057540036036-6362;057540036036;100mN32012E42291;MC;NA;6;4;S;M;0305;NEP
057540036036-6363;057540036036;100mN32009E42250;PO;NA;2;47;S;M;4049;NEP
057540036036-6363;057540036036;100mN32009E42250;PO;NA;2;41;S;M;4049;EMP
057540036036-6364;057540036036;100mN31999E42256;PO;NA;4;44;S;M;4049;EMP
057540036036-6364;057540036036;100mN31999E42256;PO;NA;4;44;S;M;4049;EMP
057540036036-6364;057540036036;100mN31999E42256;PO;NA;4;6;S;M;0614;NEP
057540036036-6364;057540036036;100mN31999E42256;PO;NA;4;18;M;F;1824;NEP
057540036036-6365;057540036036;100mN32005E42287;S;NA;1;23;S;F;1824;EMP
057540036036-6366;057540036036;100mN32012E42291;NA;NA;2;44;M;F;4049;NEP
057540036036-6366;057540036036;100mN32012E42291;NA;NA;2;43;M;M;4049;EMP
057540036036-6367;057540036036;100mN32012E42291;MC;NA;3;42;M;M;4049;EMP
057540036036-6367;057540036036;100mN32012E42291;MC;NA;3;42;M;F;4049;EMP
057540036036-6367;057540036036;100mN32012E42291;MC;NA;3;11;S;F;0614;NEP
057540036036-6368;057540036036;100mN31998E42256;PO;NA;5;28;S;F;2529;EMP
057540036036-6368;057540036036;100mN31998E42256;PO;NA;5;36;S;M;3039;NEP
057540036036-6368;057540036036;100mN31998E42256;PO;NA;5;11;S;M;0614;NEP
057540036036-6368;057540036036;100mN31998E42256;PO;NA;5;13;S;F;0614;NEP
057540036036-6368;057540036036;100mN31998E42256;PO;NA;5;3;S;F;0305;NEP
057540036036-6369;057540036036;100mN32004E42276;MC;NA;4;42;M;M;4049;EMP
057540036036-6369;057540036036;100mN32004E42276;MC;NA;4;41;M;F;4049;EMP
057540036036-6369;057540036036;100mN32004E42276;MC;NA;4;25;M;F;2529;EMP
057540036036-6369;057540036036;100mN32004E42276;MC;NA;4;13;S;F;0614;NEP
057540036036-6370;057540036036;100mN32012E42291;S;NA;1;36;M;F;3039;NEP
057540036036-6371;057540036036;100mN31987E42258;S;NA;1;34;W;F;3039;EMP
057540036036-6372;057540036036;100mN32012E42291;S;OS;1;35;D;M;3039;NEP
057540036036-6373;057540036036;100mN32012E42291;NA;OS;4;55;S;M;5064;EMP
057540036036-6373;057540036036;100mN32012E42291;NA;OS;4;42;M;M;4049;NEP
057540036036-6373;057540036036;100mN32012E42291;NA;OS;4;33;M;M;3039;NEP
057540036036-6373;057540036036;100mN32012E42291;NA;OS;4;62;S;F;5064;EMP
057540036036-6374;057540036036;100mN32012E42291;S;NA;1;63;M;M;5064;EMP
057540036036-6375;057540036036;100mN32012E42291;SF;NA;2;73;S;F;6574;NEP
057540036036-6375;057540036036;100mN32012E42291;SF;NA;2;9;S;M;0614;NEP
057540036036-6376;057540036036;100mN32012E42291;MC;NA;5;50;M;F;5064;EMP
057540036036-6376;057540036036;100mN32012E42291;MC;NA;5;47;M;M;4049;NEP
057540036036-6376;057540036036;100mN32012E42291;MC;NA;5;16;S;M;1517;EMP
057540036036-6376;057540036036;100mN32012E42291;MC;NA;5;9;S;M;0614;NEP
057540036036-6376;057540036036;100mN32012E42291;MC;NA;5;10;S;M;0614;NEP
057540036036-6377;057540036036;100mN32012E42291;MC;NA;3;36;M;F;3039;EMP
057540036036-6377;057540036036;100mN32012E42291;MC;NA;3;38;M;M;3039;EMP
057540036036-6377;057540036036;100mN32012E42291;MC;NA;3;12;S;F;0614;NEP
057540036036-6378;057540036036;100mN32012E42291;S;NA;1;44;S;M;4049;EMP
057540036036-6379;057540036036;100mN32012E42228;S;NA;1;83;M;F;75XX;EMP
057540036036-6380;057540036036;100mN31981E42313;SF;NA;2;59;S;F;5064;NEP
057540036036-6380;057540036036;100mN31981E42313;SF;NA;2;3;S;M;0305;NEP
057540036036-6381;057540036036;100mN31967E42303;S;OS;1;40;D;F;4049;NEP
057540036036-6382;057540036036;100mN32012E42291;MC;NA;6;33;M;M;3039;EMP
057540036036-6382;057540036036;100mN32012E42291;MC;NA;6;32;M;F;3039;EMP
057540036036-6382;057540036036;100mN32012E42291;MC;NA;6;18;S;M;1824;EMP
057540036036-6382;057540036036;100mN32012E42291;MC;NA;6;18;W;F;1824;NEP
057540036036-6382;057540036036;100mN32012E42291;MC;NA;6;12;S;F;0614;NEP
057540036036-6382;057540036036;100mN32012E42291;MC;NA;6;18;M;M;1824;EMP
057540036036-6383;057540036036;100mN32012E42291;MC;NA;2;42;M;M;4049;EMP
057540036036-6383;057540036036;100mN32012E42291;MC;NA;2;40;M;F;4049;EMP
057540036036-6384;057540036036;100mN32012E42291;S;NA;1;16;S;M;1517;EMP
057540036036-6385;057540036036;100mN31987E42272;MC;MIX;2;73;M;F;6574;EMP
057540036036-6385;057540036036;100mN31987E42272;MC;MIX;2;6;S;M;0614;NEP
057540036036-6386;057540036036;100mN31987E42272;MC;OS;2;65;M;M;6574;EMP
057540036036-6386;057540036036;100mN31987E42272;MC;OS;2;69;M;F;6574;NEP
057540036036-6387;057540036036;100mN31976E42268;MC;NA;5;59;M;F;5064;EMP
057540036036-6387;057540036036;100mN31976E42268;MC;NA;5;43;M;M;4049;NEP
057540036036-6387;057540036036;100mN31976E42268;MC;NA;5;15;S;M;1517;EMP
057540036036-6387;057540036036;100mN31976E42268;MC;NA;5;9;S;M;0614;NEP
057540036036-6387;057540036036;100mN31976E42268;MC;NA;5;3;S;F;0305;NEP
057540036036-6388;057540036036;100mN31975E42270;S;NA;1;51;W;F;5064;NEP
057540036036-6389;057540036036;100mN31992E42257;MC;NA;6;31;M;F;3039;EMP
057540036036-6389;057540036036;100mN31992E42257;MC;NA;6;35;M;M;3039;UEP
057540036036-6389;057540036036;100mN31992E42257;MC;NA;6;7;S;F;0614;NEP
057540036036-6389;057540036036;100mN31992E42257;MC;NA;6;12;S;M;0614;NEP
057540036036-6389;057540036036;100mN31992E42257;MC;NA;6;3;S;F;0305;NEP
057540036036-6389;057540036036;100mN31992E42257;MC;NA;6;3;S;M;0305;NEP
057540036036-6390;057540036036;100mN31987E42272;PO;NA;4;36;S;F;3039;EMP
057540036036-6390;057540036036;100mN31987E42272;PO;NA;4;40;S;F;4049;EMP
057540036036-6390;057540036036;100mN31987E42272;PO;NA;4;11;S;M;0614;NEP
057540036036-6390;057540036036;100mN31987E42272;PO;NA;4;4;S;M;0305;NEP
057540036036-6391;057540036036;100mN31987E42272;MC;NA;3;35;M;F;3039;EMP
057540036036-6391;057540036036;100mN31987E42272;MC;NA;3;35;M;M;3039;EMP
057540036036-6391;057540036036;100mN31987E42272;MC;NA;3;10;S;F;0614;NEP
057540036036-6392;057540036036;100mN31987E42272;MC;NA;2;35;M;F;3039;EMP
057540036036-6392;057540036036;100mN31987E42272;MC;NA;2;38;M;M;3039;EMP
057540036036-6393;057540036036;100mN31987E42272;PO;NA;2;45;S;M;4049;NEP
057540036036-6393;057540036036;100mN31987E42272;PO;NA;2;44;S;M;4049;EMP
057540036036-6394;057540036036;100mN32005E42282;S;OS;1;42;M;F;4049;EMP
057540036036-6395;057540036036;100mN31993E42257;S;NA;1;61;M;M;5064;EMP
057540036036-6396;057540036036;100mN31990E42256;MC;MIX;3;81;W;F;75XX;EMP
057540036036-6396;057540036036;100mN31990E42256;MC;MIX;3;26;M;M;2529;EMP
057540036036-6396;057540036036;100mN31990E42256;MC;MIX;3;18;M;F;1824;EMP
057540036036-6397;057540036036;100mN31979E42245;MC;OS;2;72;M;M;6574;EMP
057540036036-6397;057540036036;100mN31979E42245;MC;OS;2;70;M;F;6574;EMP
057540036036-6398;057540036036;100mN32010E42289;MC;NA;2;45;M;F;4049;EMP
057540036036-6398;057540036036;100mN32010E42289;MC;NA;2;40;M;M;4049;UEP
057540036036-6399;057540036036;100mN31993E42257;PO;NA;2;57;S;M;5064;NEP
057540036036-6399;057540036036;100mN31993E42257;PO;NA;2;55;S;F;5064;EMP
057540036036-6400;057540036036;100mN31993E42257;MC;NA;2;18;M;M;1824;EMP
057540036036-6400;057540036036;100mN31993E42257;MC;NA;2;18;M;F;1824;NEP
057540036036-6401;057540036036;100mN31993E42257;S;NA;1;48;S;M;4049;EMP
057540036036-6402;057540036036;100mN31993E42257;MC;NA;5;40;M;F;4049;EMP
057540036036-6402;057540036036;100mN31993E42257;MC;NA;5;43;M;M;4049;NEP
057540036036-6402;057540036036;100mN31993E42257;MC;NA;5;4;S;F;0305;NEP
057540036036-6402;057540036036;100mN31993E42257;MC;NA;5;3;S;F;0305;NEP
057540036036-6402;057540036036;100mN31993E42257;MC;NA;5;9;S;M;0614;NEP
057540036036-6403;057540036036;100mN31993E42287;S;OS;1;79;M;M;75XX;EMP
057540036036-6404;057540036036;100mN31993E42287;MC;NA;3;32;M;F;3039;EMP
057540036036-6404;057540036036;100mN31993E42287;MC;NA;3;63;M;M;5064;EMP
057540036036-6404;057540036036;100mN31993E42287;MC;NA;3;13;S;M;0614;NEP
057540036036-6405;057540036036;100mN31993E42287;MC;NA;2;38;M;M;3039;NEP
057540036036-6405;057540036036;100mN31993E42287;MC;NA;2;33;M;F;3039;NEP
057540036036-6406;057540036036;100mN32012E42250;S;NA;1;25;D;F;2529;NEP
057540036036-6407;057540036036;100mN31976E42256;MC;OS;2;82;M;F;75XX;EMP
057540036036-6407;057540036036;100mN31976E42256;MC;OS;2;84;M;M;75XX;NEP
057540036036-6408;057540036036;100mN32017E42249;MC;NA;4;40;M;M;4049;EMP
057540036036-6408;057540036036;100mN32017E42249;MC;NA;4;33;M;F;3039;EMP
057540036036-6408;057540036036;100mN32017E42249;MC;NA;4;9;S;F;0614;NEP
057540036036-6408;057540036036;100mN32017E42249;MC;NA;4;2;S;F;0003;NEP
057540036036-6409;057540036036;100mN32012E42250;SM;MIX;2;68;S;M;6574;EMP
057540036036-6409;057540036036;100mN32012E42250;SM;MIX;2;33;M;F;3039;NEP
057540036036-6410;057540036036;100mN31962E42307;MC;NA;6;25;M;M;2529;EMP
057540036036-6410;057540036036;100mN31962E42307;MC;NA;6;18;M;F;1824;EMP
057540036036-6410;057540036036;100mN31962E42307;MC;NA;6;4;S;M;0305;NEP
057540036036-6410;057540036036;100mN31962E42307;MC;NA;6;10;S;F;0614;NEP
057540036036-6410;057540036036;100mN31962E42307;MC;NA;6;7;S;M;0614;NEP
057540036036-6410;057540036036;100mN31962E42307;MC;NA;6;8;S;F;0614;NEP
057540036036-6411;057540036036;100mN32003E42303;SF;NA;3;25;W;F;2529;NEP
057540036036-6411;057540036036;100mN32003E42303;SF;NA;3;6;S;M;0614;NEP
057540036036-6411;057540036036;100mN32003E42303;SF;NA;3;10;S;M;0614;NEP
057540036036-6412;057540036036;100mN32012E42250;MC;NA;3;27;M;F;2529;EMP
057540036036-6412;057540036036;100mN32012E42250;MC;NA;3;34;M;M;3039;EMP
057540036036-6412;057540036036;100mN32012E42250;MC;NA;3;10;S;F;0614;NEP
057540036036-6413;057540036036;100mN32012E42250;MC;MIX;2;70;M;M;6574;EMP
057540036036-6413;057540036036;100mN32012E42250;MC;MIX;2;62;M;F;5064;NEP
057540036036-6414;057540036036;100mN31990E42256;S;NA;1;82;W;M;75XX;NEP
057540036036-6415;057540036036;100mN32012E42250;S;OS;1;69;S;M;6574;NEP
057540036036-6416;057540036036;100mN32012E42250;MC;NA;4;21;M;F;1824;NEP
057540036036-6416;057540036036;100mN32012E42250;MC;NA;4;23;M;M;1824;EMP
057540036036-6416;057540036036;100mN32012E42250;MC;NA;4;6;S;F;0614;NEP
057540036036-6416;057540036036;100mN32012E42250;MC;NA;4;6;S;M;0614;NEP
057540036036-6417;057540036036;100mN32012E42250;MC;MIX;3;83;M;M;75XX;EMP
057540036036-6417;057540036036;100mN32012E42250;MC;MIX;3;58;M;M;5064;NEP
057540036036-6417;057540036036;100mN32012E42250;MC;MIX;3;59;M;F;5064;NEP
057540036036-6418;057540036036;100mN32012E42250;MC;NA;2;47;M;M;4049;NEP
057540036036-6418;057540036036;100mN32012E42250;MC;NA;2;44;M;F;4049;EMP
057540036036-6419;057540036036;100mN32012E42250;MC;OS;2;69;M;F;6574;NEP
057540036036-6419;057540036036;100mN32012E42250;MC;OS;2;72;M;M;6574;NEP
057540036036-6420;057540036036;100mN32012E42250;PO;OS;3;67;S;F;6574;NEP
057540036036-6420;057540036036;100mN32012E42250;PO;OS;3;79;S;F;75XX;NEP
057540036036-6420;057540036036;100mN32012E42250;PO;OS;3;83;D;F;75XX;EMP
057540036036-6421;057540036036;100mN32007E42288;S;NA;1;53;S;M;5064;EMP
057540036036-6422;057540036036;100mN32010E42279;S;OS;1;40;W;F;4049;EMP
057540036036-6423;057540036036;100mN32012E42250;MC;NA;3;34;M;F;3039;EMP
057540036036-6423;057540036036;100mN32012E42250;MC;NA;3;37;M;M;3039;NEP
057540036036-6423;057540036036;100mN32012E42250;MC;NA;3;15;S;M;1517;EMP
057540036036-6424;057540036036;100mN32012E42250;MC;NA;4;48;M;M;4049;EMP
057540036036-6424;057540036036;100mN32012E42250;MC;NA;4;45;M;F;4049;NEP
057540036036-6424;057540036036;100mN32012E42250;MC;NA;4;8;S;F;0614;NEP
057540036036-6424;057540036036;100mN32012E42250;MC;NA;4;16;S;F;1517;EMP
057540036036-6425;057540036036;100mN31966E42250;S;NA;1;72;S;F;6574;NEP
057540036036-6426;057540036036;100mN32004E42284;MC;NA;2;30;M;F;3039;EMP
057540036036-6426;057540036036;100mN32004E42284;MC;NA;2;33;M;M;3039;EMP
057540036036-6427;057540036036;100mN32004E42259;PO;NA;4;41;S;F;4049;NEP
057540036036-6427;057540036036;100mN32004E42259;PO;NA;4;44;S;M;4049;EMP
057540036036-6427;057540036036;100mN32004E42259;PO;NA;4;8;S;M;0614;NEP
057540036036-6427;057540036036;100mN32004E42259;PO;NA;4;22;M;F;1824;NEP
057540036036-6428;057540036036;100mN32003E42303;SF;NA;3;25;W;F;2529;NEP
057540036036-6428;057540036036;100mN32003E42303;SF;NA;3;6;S;M;0614;NEP
057540036036-6428;057540036036;100mN32003E42303;SF;NA;3;10;S;M;0614;NEP
057540036036-6429;057540036036;100mN32003E42303;MC;OS;5;68;M;M;6574;EMP
057540036036-6429;057540036036;100mN32003E42303;MC;OS;5;86;M;F;75XX;EMP
057540036036-6429;057540036036;100mN32003E42303;MC;OS;5;87;D;M;75XX;EMP
057540036036-6429;057540036036;100mN32003E42303;MC;OS;5;72;M;F;6574;NEP
057540036036-6429;057540036036;100mN32003E42303;MC;OS;5;80;M;F;75XX;EMP
057540036036-6430;057540036036;100mN32012E42251;MC;MIX;2;66;M;F;6574;EMP
057540036036-6430;057540036036;100mN32012E42251;MC;MIX;2;8;S;F;0614;NEP
057540036036-6431;057540036036;100mN32017E42255;MC;MIX;2;72;M;M;6574;EMP
057540036036-6431;057540036036;100mN32017E42255;MC;MIX;2;47;D;F;4049;NEP
057540036036-6432;057540036036;100mN32003E42291;SF;NA;2;71;S;F;6574;NEP
057540036036-6432;057540036036;100mN32003E42291;SF;NA;2;3;S;F;0305;NEP
057540036036-6433;057540036036;100mN32003E42291;MC;NA;2;62;M;M;5064;EMP
057540036036-6433;057540036036;100mN32003E42291;MC;NA;2;61;M;F;5064;NEP
057540036036-6434;057540036036;100mN32003E42291;S;NA;1;75;S;F;75XX;NEP
057540036036-6435;057540036036;100mN32003E42291;SF;NA;3;43;S;F;4049;EMP
057540036036-6435;057540036036;100mN32003E42291;SF;NA;3;7;S;M;0614;NEP
057540036036-6435;057540036036;100mN32003E42291;SF;NA;3;2;S;F;0003;NEP
057540036036-6436;057540036036;100mN32003E42291;MC;NA;2;23;M;M;1824;EMP
057540036036-6436;057540036036;100mN32003E42291;MC;NA;2;20;M;F;1824;NEP
057540036036-6437;057540036036;100mN32004E42260;MC;NA;3;38;M;M;3039;EMP
057540036036-6437;057540036036;100mN32004E42260;MC;NA;3;18;M;F;1824;EMP
057540036036-6437;057540036036;100mN32004E42260;MC;NA;3;12;S;F;0614;NEP
057540036036-6438;057540036036;100mN31951E42247;SF;NA;3;43;W;F;4049;EMP
057540036036-6438;057540036036;100mN31951E42247;SF;NA;3;13;S;M;0614;NEP
057540036036-6438;057540036036;100mN31951E42247;SF;NA;3;8;S;F;0614;NEP
057540036036-6439;057540036036;100mN32004E42260;S;NA;1;21;D;M;1824;EMP
057540036036-6440;057540036036;100mN32004E42260;MC;NA;3;44;M;M;4049;EMP
057540036036-6440;057540036036;100mN32004E42260;MC;NA;3;35;M;F;3039;NEP
057540036036-6440;057540036036;100mN32004E42260;MC;NA;3;6;S;F;0614;NEP
057540036036-6441;057540036036;100mN32012E42251;PO;MIX;2;79;S;F;75XX;EMP
057540036036-6441;057540036036;100mN32012E42251;PO;MIX;2;57;M;M;5064;EMP
057540036036-6442;057540036036;100mN32004E42260;S;NA;1;68;M;M;6574;EMP
057540036036-6443;057540036036;100mN31975E42248;MC;NA;4;53;M;M;5064;UEP
057540036036-6443;057540036036;100mN31975E42248;MC;NA;4;56;M;F;5064;NEP
057540036036-6443;057540036036;100mN31975E42248;MC;NA;4;12;S;M;0614;NEP
057540036036-6443;057540036036;100mN31975E42248;MC;NA;4;15;S;F;1517;NEP
057540036036-6444;057540036036;100mN32004E42260;S;NA;1;48;S;M;4049;NEP
057540036036-6445;057540036036;100mN32008E42289;S;NA;1;31;M;M;3039;EMP
057540036036-6446;057540036036;100mN31961E42282;S;NA;1;45;M;M;4049;EMP
057540036036-6447;057540036036;100mN32004E42260;MC;NA;2;19;M;M;1824;EMP
057540036036-6447;057540036036;100mN32004E42260;MC;NA;2;18;M;F;1824;EMP
057540036036-6448;057540036036;100mN31977E42268;MC;MIX;2;76;M;M;75XX;EMP
057540036036-6448;057540036036;100mN31977E42268;MC;MIX;2;42;W;F;4049;EMP
057540036036-6449;057540036036;100mN32004E42260;PO;NA;5;19;S;F;1824;NEP
057540036036-6449;057540036036;100mN32004E42260;PO;NA;5;22;S;F;1824;NEP
057540036036-6449;057540036036;100mN32004E42260;PO;NA;5;4;S;F;0305;NEP
057540036036-6449;057540036036;100mN32004E42260;PO;NA;5;4;S;M;0305;NEP
057540036036-6449;057540036036;100mN32004E42260;PO;NA;5;3;S;F;0305;NEP
057540036036-6450;057540036036;100mN32004E42260;S;OS;1;40;M;M;4049;EMP
057540036036-6451;057540036036;100mN31991E42257;S;OS;1;36;M;F;3039;NEP
057540036036-6452;057540036036;100mN32004E42260;S;NA;1;23;S;M;1824;EMP
057540036036-6453;057540036036;100mN32004E42260;PO;OS;2;75;S;F;75XX;EMP
057540036036-6453;057540036036;100mN32004E42260;PO;OS;2;85;S;M;75XX;EMP
057540036036-6454;057540036036;100mN32004E42260;NA;NA;2;18;M;F;1824;NEP
057540036036-6454;057540036036;100mN32004E42260;NA;NA;2;55;M;F;5064;EMP
057540036036-6455;057540036036;100mN32004E42260;MC;NA;4;26;M;M;2529;EMP
057540036036-6455;057540036036;100mN32004E42260;MC;NA;4;25;M;F;2529;NEP
057540036036-6455;057540036036;100mN32004E42260;MC;NA;4;0;S;F;0003;NEP
057540036036-6455;057540036036;100mN32004E42260;MC;NA;4;9;S;F;0614;NEP
057540036036-6456;057540036036;100mN31951E42247;MC;NA;4;28;M;F;2529;EMP
057540036036-6456;057540036036;100mN31951E42247;MC;NA;4;31;M;M;3039;EMP
057540036036-6456;057540036036;100mN31951E42247;MC;NA;4;10;S;F;0614;NEP
057540036036-6456;057540036036;100mN31951E42247;MC;NA;4;13;S;F;0614;NEP
057540036036-6457;057540036036;100mN31999E42255;MC;MIX;2;82;M;F;75XX;NEP
057540036036-6457;057540036036;100mN31999E42255;MC;MIX;2;59;W;F;5064;EMP
057540036036-6458;057540036036;100mN32005E42289;PO;NA;3;21;S;F;1824;NEP
057540036036-6458;057540036036;100mN32005E42289;PO;NA;3;26;S;F;2529;NEP
057540036036-6458;057540036036;100mN32005E42289;PO;NA;3;6;S;M;0614;NEP
057540036036-6459;057540036036;100mN31966E42249;MC;NA;2;37;M;F;3039;EMP
057540036036-6459;057540036036;100mN31966E42249;MC;NA;2;52;M;M;5064;EMP
057540036036-6460;057540036036;100mN32005E42289;S;OS;1;23;S;F;1824;NEP
057540036036-6461;057540036036;100mN31990E42257;MC;MIX;2;78;M;M;75XX;EMP
057540036036-6461;057540036036;100mN31990E42257;MC;MIX;2;61;M;M;5064;NEP
057540036036-6462;057540036036;100mN32005E42289;S;NA;1;52;W;F;5064;EMP
057540036036-6463;057540036036;100mN32005E42289;S;OS;1;33;M;M;3039;EMP
057540036036-6464;057540036036;100mN32005E42289;S;NA;1;41;S;M;4049;UEP
057540036036-6465;057540036036;100mN32005E42289;MC;NA;4;62;M;F;5064;NEP
057540036036-6465;057540036036;100mN32005E42289;MC;NA;4;63;M;M;5064;EMP
057540036036-6465;057540036036;100mN32005E42289;MC;NA;4;40;S;F;4049;NEP
057540036036-6465;057540036036;100mN32005E42289;MC;NA;4;6;S;F;0614;NEP
057540036036-6466;057540036036;100mN32019E42244;MC;NA;4;58;M;M;5064;NEP
057540036036-6466;057540036036;100mN32019E42244;MC;NA;4;61;M;F;5064;EMP
057540036036-6466;057540036036;100mN32019E42244;MC;NA;4;6;S;F;0614;NEP
057540036036-6466;057540036036;100mN32019E42244;MC;NA;4;12;S;M;0614;NEP
057540036036-6467;057540036036;100mN32005E42289;MC;NA;2;57;M;F;5064;EMP
057540036036-6467;057540036036;100mN32005E42289;MC;NA;2;56;M;M;5064;EMP
057540036036-6468;057540036036;100mN32005E42289;SF;NA;2;46;W;F;4049;NEP
057540036036-6468;057540036036;100mN32005E42289;SF;NA;2;7;S;F;0614;NEP
057540036036-6469;057540036036;100mN31973E42278;MC;MIX;5;83;S;F;75XX;NEP
057540036036-6469;057540036036;100mN31973E42278;MC;MIX;5;22;M;F;1824;NEP
057540036036-6469;057540036036;100mN31973E42278;MC;MIX;5;30;M;M;3039;EMP
057540036036-6469;057540036036;100mN31973E42278;MC;MIX;5;2;S;F;0003;NEP
057540036036-6469;057540036036;100mN31973E42278;MC;MIX;5;4;S;F;0305;NEP
057540036036-6470;057540036036;100mN31996E42284;MC;NA;4;43;M;M;4049;EMP
057540036036-6470;057540036036;100mN31996E42284;MC;NA;4;41;M;F;4049;NEP
057540036036-6470;057540036036;100mN31996E42284;MC;NA;4;15;S;F;1517;NEP
057540036036-6470;057540036036;100mN31996E42284;MC;NA;4;13;S;M;0614;NEP
057540036036-6471;057540036036;100mN31996E42269;S;OS;1;23;D;F;1824;EMP
057540036036-6472;057540036036;100mN32019E42244;MC;MIX;3;89;W;F;75XX;NEP
057540036036-6472;057540036036;100mN32019E42244;MC;MIX;3;37;M;M;3039;NEP
057540036036-6472;057540036036;100mN32019E42244;MC;MIX;3;37;M;F;3039;EMP
057540036036-6473;057540036036;100mN32005E42289;NA;NA;2;59;W;F;5064;EMP
057540036036-6473;057540036036;100mN32005E42289;NA;NA;2;16;S;M;1517;EMP
057540036036-6474;057540036036;100mN31999E42272;PO;NA;3;52;S;F;5064;EMP
057540036036-6474;057540036036;100mN31999E42272;PO;NA;3;53;S;F;5064;EMP
057540036036-6474;057540036036;100mN31999E42272;PO;NA;3;9;S;F;0614;NEP
057540036036-6475;057540036036;100mN31996E42266;PO;NA;2;18;S;F;1824;EMP
057540036036-6475;057540036036;100mN31996E42266;PO;NA;2;18;S;F;1824;EMP
057540036036-6476;057540036036;100mN31981E42264;MC;OS;2;79;M;F;75XX;EMP
057540036036-6476;057540036036;100mN31981E42264;MC;OS;2;87;M;M;75XX;EMP
057540036036-6477;057540036036;100mN31996E42266;MC;NA;4;28;M;F;2529;EMP
057540036036-6477;057540036036;100mN31996E42266;MC;NA;4;28;M;M;2529;NEP
057540036036-6477;057540036036;100mN31996E42266;MC;NA;4;11;S;M;0614;NEP
057540036036-6477;057540036036;100mN31996E42266;MC;NA;4;9;S;F;0614;NEP
057540036036-6478;057540036036;100mN31996E42266;S;NA;1;43;M;F;4049;NEP
057540036036-6479;057540036036;100mN32007E42286;MC;MIX;4;67;M;M;6574;EMP
057540036036-6479;057540036036;100mN32007E42286;MC;MIX;4;18;M;F;1824;EMP
057540036036-6479;057540036036;100mN32007E42286;MC;MIX;4;22;M;M;1824;EMP
057540036036-6479;057540036036;100mN32007E42286;MC;MIX;4;2;S;M;0003;NEP
057540036036-6480;057540036036;100mN32009E42279;MC;NA;3;36;M;F;3039;EMP
057540036036-6480;057540036036;100mN32009E42279;MC;NA;3;42;M;M;4049;EMP
057540036036-6480;057540036036;100mN32009E42279;MC;NA;3;9;S;F;0614;NEP
057540036036-6481;057540036036;100mN32008E42289;S;OS;1;47;S;M;4049;EMP
057540036036-6482;057540036036;100mN31977E42286;S;OS;1;51;W;F;5064;NEP
057540036036-6483;057540036036;100mN32023E42250;MC;MIX;3;86;M;F;75XX;NEP
057540036036-6483;057540036036;100mN32023E42250;MC;MIX;3;27;M;M;2529;EMP
057540036036-6483;057540036036;100mN32023E42250;MC;MIX;3;28;M;F;2529;EMP
057540036036-6484;057540036036;100mN31996E42266;S;NA;1;60;S;M;5064;EMP
057540036036-6485;057540036036;100mN31996E42266;MC;NA;4;57;M;F;5064;NEP
057540036036-6485;057540036036;100mN31996E42266;MC;NA;4;59;M;M;5064;EMP
057540036036-6485;057540036036;100mN31996E42266;MC;NA;4;30;D;M;3039;NEP
057540036036-6485;057540036036;100mN31996E42266;MC;NA;4;42;M;M;4049;NEP
057540036036-6486;057540036036;100mN31996E42266;SF;NA;3;56;S;F;5064;NEP
057540036036-6486;057540036036;100mN31996E42266;SF;NA;3;0;S;M;0003;NEP
057540036036-6486;057540036036;100mN31996E42266;SF;NA;3;3;S;F;0305;NEP
057540036036-6487;057540036036;100mN32004E42280;S;NA;1;43;S;F;4049;EMP
057540036036-6488;057540036036;100mN31996E42266;MC;NA;4;38;M;M;3039;NEP
057540036036-6488;057540036036;100mN31996E42266;MC;NA;4;35;M;F;3039;EMP
057540036036-6488;057540036036;100mN31996E42266;MC;NA;4;19;M;M;1824;UEP
057540036036-6488;057540036036;100mN31996E42266;MC;NA;4;12;S;F;0614;NEP
057540036036-6489;057540036036;100mN31996E42266;MC;NA;4;30;M;M;3039;NEP
057540036036-6489;057540036036;100mN31996E42266;MC;NA;4;27;M;F;2529;NEP
057540036036-6489;057540036036;100mN31996E42266;MC;NA;4;6;S;M;0614;NEP
057540036036-6489;057540036036;100mN31996E42266;MC;NA;4;4;S;F;0305;NEP
057540036036-6490;057540036036;100mN31993E42261;S;NA;1;34;W;F;3039;NEP
057540036036-6491;057540036036;100mN32001E42288;SF;NA;2;81;D;F;75XX;EMP
057540036036-6491;057540036036;100mN32001E42288;SF;NA;2;58;M;F;5064;NEP
057540036036-6492;057540036036;100mN32004E42286;MC;NA;4;61;M;F;5064;NEP
057540036036-6492;057540036036;100mN32004E42286;MC;NA;4;60;M;F;5064;NEP
057540036036-6492;057540036036;100mN32004E42286;MC;NA;4;45;S;M;4049;EMP
057540036036-6492;057540036036;100mN32004E42286;MC;NA;4;3;S;F;0305;NEP
057540036036-6493;057540036036;100mN32004E42286;PO;NA;2;52;S;M;5064;EMP
057540036036-6493;057540036036;100mN32004E42286;PO;NA;2;50;S;F;5064;EMP
057540036036-6494;057540036036;100mN32004E42286;MC;NA;4;48;M;M;4049;EMP
057540036036-6494;057540036036;100mN32004E42286;MC;NA;4;51;M;F;5064;EMP
057540036036-6494;057540036036;100mN32004E42286;MC;NA;4;4;S;F;0305;NEP
057540036036-6494;057540036036;100mN32004E42286;MC;NA;4;15;S;F;1517;EMP
057540036036-6495;057540036036;100mN31992E42269;MC;NA;2;33;M;F;3039;NEP
057540036036-6495;057540036036;100mN31992E42269;MC;NA;2;34;M;M;3039;EMP
057540036036-6496;057540036036;100mN32004E42286;MC;NA;2;47;M;F;4049;NEP
057540036036-6496;057540036036;100mN32004E42286;MC;NA;2;44;M;M;4049;EMP
057540036036-6497;057540036036;100mN32004E42278;MC;OS;2;89;M;F;75XX;EMP
057540036036-6497;057540036036;100mN32004E42278;MC;OS;2;62;M;M;5064;EMP
057540036036-6498;057540036036;100mN32004E42286;S;NA;1;53;S;M;5064;EMP
057540036036-6499;057540036036;100mN32004E42286;MC;NA;5;19;M;M;1824;EMP
057540036036-6499;057540036036;100mN32004E42286;MC;NA;5;18;M;F;1824;EMP
057540036036-6499;057540036036;100mN32004E42286;MC;NA;5;3;S;M;0305;NEP
057540036036-6499;057540036036;100mN32004E42286;MC;NA;5;1;S;F;0003;NEP
057540036036-6499;057540036036;100mN32004E42286;MC;NA;5;4;S;M;0305;NEP
057540036036-6500;057540036036;100mN32022E42251;S;NA;1;16;S;F;1517;EMP
057540036036-6501;057540036036;100mN32004E42286;S;NA;1;52;M;M;5064;EMP
057540036036-6502;057540036036;100mN31986E42270;MC;NA;4;48;M;F;4049;EMP
057540036036-6502;057540036036;100mN31986E42270;MC;NA;4;52;M;M;5064;EMP
057540036036-6502;057540036036;100mN31986E42270;MC;NA;4;4;S;M;0305;NEP
057540036036-6502;057540036036;100mN31986E42270;MC;NA;4;13;S;M;0614;NEP
057540036036-6503;057540036036;100mN32012E42286;PO;NA;3;38;S;F;3039;EMP
057540036036-6503;057540036036;100mN32012E42286;PO;NA;3;61;S;M;5064;EMP
057540036036-6503;057540036036;100mN32012E42286;PO;NA;3;0;S;M;0003;NEP
057540036036-6504;057540036036;100mN32012E42286;MC;MIX;4;69;M;F;6574;EMP
057540036036-6504;057540036036;100mN32012E42286;MC;MIX;4;51;M;M;5064;EMP
057540036036-6504;057540036036;100mN32012E42286;MC;MIX;4;56;M;F;5064;EMP
057540036036-6504;057540036036;100mN32012E42286;MC;MIX;4;16;S;M;1517;NEP
057540036036-6505;057540036036;100mN31999E42256;S;NA;1;30;S;M;3039;EMP
057540036036-6506;057540036036;100mN32012E42286;MC;NA;3;58;M;F;5064;NEP
057540036036-6506;057540036036;100mN32012E42286;MC;NA;3;63;M;M;5064;EMP
057540036036-6506;057540036036;100mN32012E42286;MC;NA;3;36;M;M;3039;NEP
057540036036-6507;057540036036;100mN32012E42286;MC;NA;3;57;M;F;5064;EMP
057540036036-6507;057540036036;100mN32012E42286;MC;NA;3;62;M;M;5064;EMP
057540036036-6507;057540036036;100mN32012E42286;MC;NA;3;12;S;F;0614;NEP
057540036036-6508;057540036036;100mN31996E42267;S;NA;1;69;S;F;6574;EMP
057540036036-6509;057540036036;100mN32012E42286;S;NA;1;30;M;M;3039;EMP
057540036036-6510;057540036036;100mN32012E42286;S;OS;1;50;D;F;5064;NEP
057540036036-6511;057540036036;100mN32012E42286;S;NA;1;30;S;M;3039;EMP
057540036036-6512;057540036036;100mN32012E42286;MC;OS;2;72;M;F;6574;EMP
057540036036-6512;057540036036;100mN32012E42286;MC;OS;2;76;M;M;75XX;EMP
057540036036-6513;057540036036;100mN32012E42286;MC;OS;4;85;M;F;75XX;EMP
057540036036-6513;057540036036;100mN32012E42286;MC;OS;4;89;M;M;75XX;EMP
057540036036-6513;057540036036;100mN32012E42286;MC;OS;4;73;M;M;6574;NEP
057540036036-6513;057540036036;100mN32012E42286;MC;OS;4;79;S;F;75XX;EMP
057540036036-6514;057540036036;100mN31986E42259;PO;NA;2;62;S;M;5064;UEP
057540036036-6514;057540036036;100mN31986E42259;PO;NA;2;57;S;M;5064;EMP
057540036036-6515;057540036036;100mN32010E42252;PO;OS;4;83;S;F;75XX;NEP
057540036036-6515;057540036036;100mN32010E42252;PO;OS;4;85;S;F;75XX;NEP
057540036036-6515;057540036036;100mN32010E42252;PO;OS;4;66;S;F;6574;NEP
057540036036-6515;057540036036;100mN32010E42252;PO;OS;4;85;D;F;75XX;EMP
057540036036-6516;057540036036;100mN32018E42249;S;NA;1;63;W;M;5064;EMP
057540036036-6517;057540036036;100mN31986E42259;MC;NA;3;28;M;M;2529;EMP
057540036036-6517;057540036036;100mN31986E42259;MC;NA;3;27;M;F;2529;EMP
057540036036-6517;057540036036;100mN31986E42259;MC;NA;3;4;S;F;0305;NEP
057540036036-6518;057540036036;100mN31962E42308;S;NA;1;48;W;F;4049;EMP
057540036036-6519;057540036036;100mN31999E42257;MC;MIX;2;71;M;F;6574;NEP
057540036036-6519;057540036036;100mN31999E42257;MC;MIX;2;6;S;F;0614;NEP
057540036036-6520;057540036036;100mN31986E42259;SF;NA;3;18;S;F;1824;EMP
057540036036-6520;057540036036;100mN31986E42259;SF;NA;3;0;S;M;0003;NEP
057540036036-6520;057540036036;100mN31986E42259;SF;NA;3;0;S;M;0003;NEP
057540036036-6521;057540036036;100mN31995E42256;SF;NA;2;33;D;F;3039;NEP
057540036036-6521;057540036036;100mN31995E42256;SF;NA;2;9;S;F;0614;NEP
057540036036-6522;057540036036;100mN32009E42277;PO;NA;2;46;S;M;4049;EMP
057540036036-6522;057540036036;100mN32009E42277;PO;NA;2;41;S;F;4049;NEP
057540036036-6523;057540036036;100mN32018E42253;S;NA;1;23;M;F;1824;EMP
057540036036-6524;057540036036;100mN32018E42253;MC;NA;2;55;M;F;5064;EMP
057540036036-6524;057540036036;100mN32018E42253;MC;NA;2;56;M;M;5064;EMP
057540036036-6525;057540036036;100mN32018E42253;MC;NA;2;58;M;F;5064;NEP
057540036036-6525;057540036036;100mN32018E42253;MC;NA;2;52;M;M;5064;NEP
057540036036-6526;057540036036;100mN32018E42253;MC;NA;6;25;M;M;2529;EMP
057540036036-6526;057540036036;100mN32018E42253;MC;NA;6;22;M;F;1824;NEP
057540036036-6526;057540036036;100mN32018E42253;MC;NA;6;10;S;M;0614;NEP
057540036036-6526;057540036036;100mN32018E42253;MC;NA;6;1;S;M;0003;NEP
057540036036-6526;057540036036;100mN32018E42253;MC;NA;6;9;S;M;0614;NEP
057540036036-6526;057540036036;100mN32018E42253;MC;NA;6;1;S;F;0003;NEP
057540036036-6527;057540036036;100mN31995E42255;S;NA;1;53;D;M;5064;EMP
057540036036-6528;057540036036;100mN32017E42288;MC;MIX;2;65;M;M;6574;EMP
057540036036-6528;057540036036;100mN32017E42288;MC;MIX;2;60;M;F;5064;EMP
057540036036-6529;057540036036;100mN32018E42253;MC;NA;3;38;M;F;3039;EMP
057540036036-6529;057540036036;100mN32018E42253;MC;NA;3;40;M;M;4049;EMP
057540036036-6529;057540036036;100mN32018E42253;MC;NA;3;16;S;M;1517;EMP
057540036036-6530;057540036036;100mN32018E42253;S;OS;1;23;S;M;1824;NEP
057540036036-6531;057540036036;100mN31973E42253;MC;OS;2;75;M;M;75XX;EMP
057540036036-6531;057540036036;100mN31973E42253;MC;OS;2;73;M;F;6574;NEP
057540036036-6532;057540036036;100mN32001E42289;S;NA;1;26;W;F;2529;NEP
057540036036-6533;057540036036;100mN31966E42250;S;OS;1;68;M;F;6574;EMP
057540036036-6534;057540036036;100mN31966E42263;S;OS;1;48;M;F;4049;NEP
057540036036-6535;057540036036;100mN32007E42287;NA;NA;3;40;M;F;4049;EMP
057540036036-6535;057540036036;100mN32007E42287;NA;NA;3;61;D;F;5064;EMP
057540036036-6535;057540036036;100mN32007E42287;NA;NA;3;44;S;F;4049;NEP
057540036036-6536;057540036036;100mN32009E42253;MC;NA;4;34;M;M;3039;EMP
057540036036-6536;057540036036;100mN32009E42253;MC;NA;4;35;M;F;3039;EMP
057540036036-6536;057540036036;100mN32009E42253;MC;NA;4;18;D;M;1824;EMP
057540036036-6536;057540036036;100mN32009E42253;MC;NA;4;11;S;F;0614;NEP
057540036036-6537;057540036036;100mN32001E42258;PO;NA;5;40;S;F;4049;NEP
057540036036-6537;057540036036;100mN32001E42258;PO;NA;5;42;S;M;4049;EMP
057540036036-6537;057540036036;100mN32001E42258;PO;NA;5;6;S;F;0614;NEP
057540036036-6537;057540036036;100mN32001E42258;PO;NA;5;15;S;F;1517;EMP
057540036036-6537;057540036036;100mN32001E42258;PO;NA;5;2;S;F;0003;NEP
057540036036-6538;057540036036;100mN32018E42250;PO;NA;4;60;S;M;5064;EMP
057540036036-6538;057540036036;100mN32018E42250;PO;NA;4;53;S;F;5064;EMP
057540036036-6538;057540036036;100mN32018E42250;PO;NA;4;30;M;M;3039;NEP
057540036036-6538;057540036036;100mN32018E42250;PO;NA;4;11;S;F;0614;NEP
057540036036-6539;057540036036;100mN31962E42303;PO;NA;2;23;S;M;1824;UEP
057540036036-6539;057540036036;100mN31962E42303;PO;NA;2;21;S;F;1824;NEP
057540036036-6540;057540036036;100mN31989E42275;S;NA;1;16;S;M;1517;NEP
057540036036-6541;057540036036;100mN31980E42257;S;NA;1;28;M;F;2529;NEP
057540036036-6542;057540036036;100mN31962E42300;S;NA;1;47;W;F;4049;EMP
057540036036-6543;057540036036;100mN32012E42243;MC;NA;2;26;M;M;2529;EMP
057540036036-6543;057540036036;100mN32012E42243;MC;NA;2;18;M;F;1824;NEP
057540036036-6544;057540036036;100mN32012E42243;S;NA;1;42;M;M;4049;EMP
057540036036-6545;057540036036;100mN32012E42243;MC;MIX;4;66;M;M;6574;EMP
057540036036-6545;057540036036;100mN32012E42243;MC;MIX;4;20;M;M;1824;EMP
057540036036-6545;057540036036;100mN32012E42243;MC;MIX;4;34;M;F;3039;EMP
057540036036-6545;057540036036;100mN32012E42243;MC;MIX;4;4;S;M;0305;NEP
057540036036-6546;057540036036;100mN32012E42243;MC;NA;2;56;M;F;5064;NEP
057540036036-6546;057540036036;100mN32012E42243;MC;NA;2;62;M;M;5064;NEP
057540036036-6547;057540036036;100mN32012E42243;S;OS;1;54;S;M;5064;NEP
057540036036-6548;057540036036;100mN32012E42243;MC;NA;4;36;M;M;3039;EMP
057540036036-6548;057540036036;100mN32012E42243;MC;NA;4;31;M;F;3039;EMP
057540036036-6548;057540036036;100mN32012E42243;MC;NA;4;6;S;M;0614;NEP
057540036036-6548;057540036036;100mN32012E42243;MC;NA;4;8;S;F;0614;NEP
057540036036-6549;057540036036;100mN32012E42243;MC;NA;2;47;M;F;4049;EMP
057540036036-6549;057540036036;100mN32012E42243;MC;NA;2;41;M;M;4049;EMP
057540036036-6550;057540036036;100mN32012E42243;MC;MIX;2;67;M;F;6574;EMP
057540036036-6550;057540036036;100mN32012E42243;MC;MIX;2;42;S;M;4049;EMP
057540036036-6551;057540036036;100mN32012E42243;MC;NA;4;62;M;F;5064;NEP
057540036036-6551;057540036036;100mN32012E42243;MC;NA;4;68;S;M;6574;EMP
057540036036-6551;057540036036;100mN32012E42243;MC;NA;4;2;S;M;0003;NEP
057540036036-6551;057540036036;100mN32012E42243;MC;NA;4;13;S;F;0614;NEP
057540036036-6552;057540036036;100mN31995E42262;MC;OS;2;67;M;M;6574;EMP
057540036036-6552;057540036036;100mN31995E42262;MC;OS;2;70;M;F;6574;EMP
057540036036-6553;057540036036;100mN32015E42289;S;NA;1;40;M;F;4049;EMP
057540036036-6554;057540036036;100mN31992E42256;MC;NA;3;63;M;M;5064;EMP
057540036036-6554;057540036036;100mN31992E42256;MC;NA;3;43;S;F;4049;NEP
057540036036-6554;057540036036;100mN31992E42256;MC;NA;3;32;S;F;3039;EMP
057540036036-6555;057540036036;100mN32012E42243;S;NA;1;57;M;F;5064;EMP
057540036036-6556;057540036036;100mN31977E42286;S;OS;1;51;W;F;5064;NEP
057540036036-6557;057540036036;100mN32012E42243;MC;MIX;2;81;M;F;75XX;NEP
057540036036-6557;057540036036;100mN32012E42243;MC;MIX;2;7;S;M;0614;NEP
057540036036-6558;057540036036;100mN32012E42243;MC;OS;4;79;M;M;75XX;EMP
057540036036-6558;057540036036;100mN32012E42243;MC;OS;4;73;M;F;6574;NEP
057540036036-6558;057540036036;100mN32012E42243;MC;OS;4;78;S;F;75XX;EMP
057540036036-6558;057540036036;100mN32012E42243;MC;OS;4;66;D;M;6574;EMP
057540036036-6559;057540036036;100mN31944E42289;S;NA;1;88;M;F;75XX;EMP
057540036036-6560;057540036036;100mN31944E42289;PO;NA;3;45;S;F;4049;EMP
057540036036-6560;057540036036;100mN31944E42289;PO;NA;3;47;S;M;4049;EMP
057540036036-6560;057540036036;100mN31944E42289;PO;NA;3;15;S;M;1517;EMP
057540036036-6561;057540036036;100mN31996E42284;MC;MIX;4;79;M;F;75XX;NEP
057540036036-6561;057540036036;100mN31996E42284;MC;MIX;4;45;M;M;4049;EMP
057540036036-6561;057540036036;100mN31996E42284;MC;MIX;4;48;M;F;4049;NEP
057540036036-6561;057540036036;100mN31996E42284;MC;MIX;4;13;S;F;0614;NEP
057540036036-6562;057540036036;100mN32010E42238;PO;NA;2;44;S;M;4049;NEP
057540036036-6562;057540036036;100mN32010E42238;PO;NA;2;41;S;M;4049;EMP
057540036036-6563;057540036036;100mN31986E42270;MC;NA;2;31;M;M;3039;EMP
057540036036-6563;057540036036;100mN31986E42270;MC;NA;2;40;M;F;4049;NEP
057540036036-6564;057540036036;100mN32010E42238;S;NA;1;38;M;F;3039;EMP
057540036036-6565;057540036036;100mN31999E42264;MC;MIX;3;77;S;M;75XX;EMP
057540036036-6565;057540036036;100mN31999E42264;MC;MIX;3;26;M;M;2529;EMP
057540036036-6565;057540036036;100mN31999E42264;MC;MIX;3;26;M;F;2529;EMP
057540036036-6566;057540036036;100mN32003E42258;MC;NA;3;52;M;F;5064;NEP
057540036036-6566;057540036036;100mN32003E42258;MC;NA;3;62;M;M;5064;EMP
057540036036-6566;057540036036;100mN32003E42258;MC;NA;3;10;S;M;0614;NEP
057540036036-6567;057540036036;100mN31991E42259;MC;NA;2;40;M;M;4049;NEP
057540036036-6567;057540036036;100mN31991E42259;MC;NA;2;38;M;F;3039;EMP
057540036036-6568;057540036036;100mN31999E42264;S;OS;1;86;S;M;75XX;EMP
057540036036-6569;057540036036;100mN32009E42277;SM;NA;2;48;D;M;4049;EMP
057540036036-6569;057540036036;100mN32009E42277;SM;NA;2;11;S;M;0614;NEP
057540036036-6570;057540036036;100mN32009E42277;MC;NA;4;42;M;M;4049;NEP
057540036036-6570;057540036036;100mN32009E42277;MC;NA;4;41;M;F;4049;EMP
057540036036-6570;057540036036;100mN32009E42277;MC;NA;4;19;M;F;1824;EMP
057540036036-6570;057540036036;100mN32009E42277;MC;NA;4;8;S;F;0614;NEP
057540036036-6571;057540036036;100mN32009E42277;MC;OS;3;72;M;M;6574;EMP
057540036036-6571;057540036036;100mN32009E42277;MC;OS;3;75;M;F;75XX;EMP
057540036036-6571;057540036036;100mN32009E42277;MC;OS;3;85;M;F;75XX;EMP
057540036036-6572;057540036036;100mN32009E42277;PO;NA;2;46;S;M;4049;EMP
057540036036-6572;057540036036;100mN32009E42277;PO;NA;2;41;S;F;4049;NEP
057540036036-6573;057540036036;100mN31962E42308;MC;NA;2;45;M;M;4049;NEP
057540036036-6573;057540036036;100mN31962E42308;MC;NA;2;41;M;F;4049;EMP
057540036036-6574;057540036036;100mN32009E42277;MC;NA;2;35;M;F;3039;EMP
057540036036-6574;057540036036;100mN32009E42277;MC;NA;2;18;M;M;1824;EMP
057540036036-6575;057540036036;100mN32009E42277;MC;NA;2;60;M;F;5064;NEP
057540036036-6575;057540036036;100mN32009E42277;MC;NA;2;63;M;M;5064;EMP
057540036036-6576;057540036036;100mN32009E42277;SF;NA;2;28;W;F;2529;NEP
057540036036-6576;057540036036;100mN32009E42277;SF;NA;2;9;S;F;0614;NEP
057540036036-6577;057540036036;100mN31972E42244;MC;NA;3;32;M;F;3039;EMP
057540036036-6577;057540036036;100mN31972E42244;MC;NA;3;40;M;M;4049;UEP
057540036036-6577;057540036036;100mN31972E42244;MC;NA;3;0;S;F;0003;NEP
057540036036-6578;057540036036;100mN31975E42300;S;NA;1;66;S;M;6574;NEP
057540036036-6579;057540036036;100mN32009E42277;MC;NA;4;25;M;F;2529;EMP
057540036036-6579;057540036036;100mN32009E42277;MC;NA;4;34;M;M;3039;NEP
057540036036-6579;057540036036;100mN32009E42277;MC;NA;4;3;S;M;0305;NEP
057540036036-6579;057540036036;100mN32009E42277;MC;NA;4;1;S;M;0003;NEP
057540036036-6580;057540036036;100mN32018E42250;MC;NA;6;48;M;M;4049;EMP
057540036036-6580;057540036036;100mN32018E42250;MC;NA;6;51;M;F;5064;EMP
057540036036-6580;057540036036;100mN32018E42250;MC;NA;6;15;S;M;1517;EMP
057540036036-6580;057540036036;100mN32018E42250;MC;NA;6;25;M;M;2529;EMP
057540036036-6580;057540036036;100mN32018E42250;MC;NA;6;18;M;M;1824;EMP
057540036036-6580;057540036036;100mN32018E42250;MC;NA;6;11;S;M;0614;NEP
057540036036-6581;057540036036;100mN32008E42289;MC;OS;2;65;M;M;6574;EMP
057540036036-6581;057540036036;100mN32008E42289;MC;OS;2;72;M;F;6574;NEP
057540036036-6582;057540036036;100mN32009E42277;MC;NA;4;42;M;M;4049;EMP
057540036036-6582;057540036036;100mN32009E42277;MC;NA;4;43;M;F;4049;NEP
057540036036-6582;057540036036;100mN32009E42277;MC;NA;4;23;M;M;1824;EMP
057540036036-6582;057540036036;100mN32009E42277;MC;NA;4;18;S;M;1824;NEP
057540036036-6583;057540036036;100mN32008E42256;MC;NA;3;33;M;M;3039;EMP
057540036036-6583;057540036036;100mN32008E42256;MC;NA;3;32;M;F;3039;EMP
057540036036-6583;057540036036;100mN32008E42256;MC;NA;3;15;S;F;1517;NEP
057540036036-6584;057540036036;100mN32009E42277;MC;MIX;3;69;W;F;6574;EMP
057540036036-6584;057540036036;100mN32009E42277;MC;MIX;3;45;M;F;4049;NEP
057540036036-6584;057540036036;100mN32009E42277;MC;MIX;3;37;M;M;3039;EMP
057540036036-6585;057540036036;100mN32022E42243;PO;NA;5;26;S;M;2529;EMP
057540036036-6585;057540036036;100mN32022E42243;PO;NA;5;25;S;M;2529;EMP
057540036036-6585;057540036036;100mN32022E42243;PO;NA;5;1;S;M;0003;NEP
057540036036-6585;057540036036;100mN32022E42243;PO;NA;5;6;S;F;0614;NEP
057540036036-6585;057540036036;100mN32022E42243;PO;NA;5;8;S;M;0614;NEP
057540036036-6586;057540036036;100mN32004E42276;MC;OS;2;80;M;F;75XX;NEP
057540036036-6586;057540036036;100mN32004E42276;MC;OS;2;89;M;M;75XX;EMP
057540036036-6587;057540036036;100mN31966E42249;MC;NA;2;58;M;M;5064;NEP
057540036036-6587;057540036036;100mN31966E42249;MC;NA;2;52;M;F;5064;EMP
057540036036-6588;057540036036;100mN31981E42264;S;NA;1;36;W;F;3039;NEP
057540036036-6589;057540036036;100mN31999E42261;S;OS;1;32;S;M;3039;NEP
057540036036-6590;057540036036;100mN31999E42261;MC;NA;3;32;M;M;3039;EMP
057540036036-6590;057540036036;100mN31999E42261;MC;NA;3;31;M;F;3039;EMP
057540036036-6590;057540036036;100mN31999E42261;MC;NA;3;15;S;M;1517;EMP
057540036036-6591;057540036036;100mN31999E42261;MC;NA;2;47;M;F;4049;EMP
057540036036-6591;057540036036;100mN31999E42261;MC;NA;2;46;M;M;4049;EMP
057540036036-6592;057540036036;100mN31999E42261;S;NA;1;53;M;F;5064;EMP
057540036036-6593;057540036036;100mN31999E42261;MC;NA;2;35;M;F;3039;EMP
057540036036-6593;057540036036;100mN31999E42261;MC;NA;2;37;M;M;3039;EMP
057540036036-6594;057540036036;100mN31999E42261;S;OS;1;48;M;M;4049;EMP
057540036036-6595;057540036036;100mN31999E42261;MC;NA;3;46;M;M;4049;EMP
057540036036-6595;057540036036;100mN31999E42261;MC;NA;3;41;M;F;4049;NEP
057540036036-6595;057540036036;100mN31999E42261;MC;NA;3;13;S;F;0614;NEP
057540036036-6596;057540036036;100mN31999E42261;MC;OS;3;70;M;M;6574;EMP
057540036036-6596;057540036036;100mN31999E42261;MC;OS;3;67;M;F;6574;EMP
057540036036-6596;057540036036;100mN31999E42261;MC;OS;3;85;S;F;75XX;NEP
057540036036-6597;057540036036;100mN31999E42261;S;NA;1;40;S;F;4049;NEP
057540036036-6598;057540036036;100mN31962E42280;PO;NA;2;61;S;M;5064;NEP
057540036036-6598;057540036036;100mN31962E42280;PO;NA;2;56;S;F;5064;EMP
057540036036-6599;057540036036;100mN31999E42261;S;OS;1;18;M;F;1824;EMP
057540036036-6600;057540036036;100mN31999E42261;MC;NA;2;44;M;F;4049;EMP
057540036036-6600;057540036036;100mN31999E42261;MC;NA;2;51;M;M;5064;NEP
057540036036-6601;057540036036;100mN32001E42288;MC;NA;2;54;M;F;5064;EMP
057540036036-6601;057540036036;100mN32001E42288;MC;NA;2;54;M;M;5064;EMP
057540036036-6602;057540036036;100mN31969E42255;MC;NA;2;19;M;F;1824;EMP
057540036036-6602;057540036036;100mN31969E42255;MC;NA;2;19;M;M;1824;EMP
057540036036-6603;057540036036;100mN31969E42256;MC;OS;4;89;M;M;75XX;EMP
057540036036-6603;057540036036;100mN31969E42256;MC;OS;4;80;M;F;75XX;EMP
057540036036-6603;057540036036;100mN31969E42256;MC;OS;4;78;M;M;75XX;EMP
057540036036-6603;057540036036;100mN31969E42256;MC;OS;4;89;D;M;75XX;NEP
057540036036-6604;057540036036;100mN32009E42278;MC;NA;3;48;M;M;4049;NEP
057540036036-6604;057540036036;100mN32009E42278;MC;NA;3;50;M;F;5064;EMP
057540036036-6604;057540036036;100mN32009E42278;MC;NA;3;21;S;F;1824;NEP
057540036036-6605;057540036036;100mN31999E42261;S;NA;1;32;W;F;3039;NEP
057540036036-6606;057540036036;100mN31999E42261;SF;NA;2;51;S;F;5064;EMP
057540036036-6606;057540036036;100mN31999E42261;SF;NA;2;7;S;F;0614;NEP
057540036036-6607;057540036036;100mN31951E42250;MC;MIX;2;68;M;F;6574;NEP
057540036036-6607;057540036036;100mN31951E42250;MC;MIX;2;6;S;F;0614;NEP
057540036036-6608;057540036036;100mN31999E42261;MC;NA;2;40;M;F;4049;EMP
057540036036-6608;057540036036;100mN31999E42261;MC;NA;2;51;M;M;5064;NEP
057540036036-6609;057540036036;100mN31999E42261;S;NA;1;31;M;F;3039;NEP
057540036036-6610;057540036036;100mN31988E42298;S;OS;1;28;D;M;2529;EMP
057540036036-6611;057540036036;100mN32010E42279;SM;NA;4;53;S;M;5064;EMP
057540036036-6611;057540036036;100mN32010E42279;SM;NA;4;2;S;F;0003;NEP
057540036036-6611;057540036036;100mN32010E42279;SM;NA;4;38;M;M;3039;NEP
057540036036-6611;057540036036;100mN32010E42279;SM;NA;4;30;S;F;3039;EMP
057540036036-6612;057540036036;100mN31999E42261;MC;NA;2;22;M;M;1824;EMP
057540036036-6612;057540036036;100mN31999E42261;MC;NA;2;25;M;F;2529;NEP
057540036036-6613;057540036036;100mN31999E42261;MC;OS;2;79;M;F;75XX;EMP
057540036036-6613;057540036036;100mN31999E42261;MC;OS;2;80;M;M;75XX;EMP
057540036036-6614;057540036036;100mN32009E42249;S;NA;1;86;S;M;75XX;EMP
057540036036-6615;057540036036;100mN31976E42250;PO;NA;2;27;S;M;2529;EMP
057540036036-6615;057540036036;100mN31976E42250;PO;NA;2;26;S;F;2529;NEP
057540036036-6616;057540036036;100mN32009E42276;MC;NA;2;26;M;M;2529;EMP
057540036036-6616;057540036036;100mN32009E42276;MC;NA;2;18;M;F;1824;NEP
057540036036-6617;057540036036;100mN31963E42307;MC;NA;4;56;M;M;5064;EMP
057540036036-6617;057540036036;100mN31963E42307;MC;NA;4;55;M;F;5064;NEP
057540036036-6617;057540036036;100mN31963E42307;MC;NA;4;8;S;F;0614;NEP
057540036036-6617;057540036036;100mN31963E42307;MC;NA;4;9;S;F;0614;NEP
057540036036-6618;057540036036;100mN32018E42256;S;NA;1;47;S;M;4049;NEP
057540036036-6619;057540036036;100mN32009E42276;SF;NA;5;40;S;F;4049;EMP
057540036036-6619;057540036036;100mN32009E42276;SF;NA;5;9;S;F;0614;NEP
057540036036-6619;057540036036;100mN32009E42276;SF;NA;5;1;S;M;0003;NEP
057540036036-6619;057540036036;100mN32009E42276;SF;NA;5;9;S;F;0614;NEP
057540036036-6619;057540036036;100mN32009E42276;SF;NA;5;22;W;F;1824;EMP
057540036036-6620;057540036036;100mN32009E42276;SF;NA;2;50;S;F;5064;NEP
057540036036-6620;057540036036;100mN32009E42276;SF;NA;2;33;D;M;3039;EMP
057540036036-6621;057540036036;100mN32009E42276;MC;NA;3;59;M;M;5064;EMP
057540036036-6621;057540036036;100mN32009E42276;MC;NA;3;56;M;F;5064;NEP
057540036036-6621;057540036036;100mN32009E42276;MC;NA;3;9;S;F;0614;NEP
057540036036-6622;057540036036;100mN32009E42276;MC;OS;4;65;M;M;6574;EMP
057540036036-6622;057540036036;100mN32009E42276;MC;OS;4;77;M;F;75XX;EMP
057540036036-6622;057540036036;100mN32009E42276;MC;OS;4;89;W;F;75XX;NEP
057540036036-6622;057540036036;100mN32009E42276;MC;OS;4;67;M;F;6574;EMP
057540036036-6623;057540036036;100mN32003E42257;PO;OS;3;71;S;M;6574;EMP
057540036036-6623;057540036036;100mN32003E42257;PO;OS;3;71;S;M;6574;EMP
057540036036-6623;057540036036;100mN32003E42257;PO;OS;3;73;D;M;6574;EMP
057540036036-6624;057540036036;100mN32009E42276;SF;NA;2;58;W;F;5064;NEP
057540036036-6624;057540036036;100mN32009E42276;SF;NA;2;1;S;F;0003;NEP
057540036036-6625;057540036036;100mN31989E42259;SF;NA;5;88;S;F;75XX;NEP
057540036036-6625;057540036036;100mN31989E42259;SF;NA;5;2;S;M;0003;NEP
057540036036-6625;057540036036;100mN31989E42259;SF;NA;5;9;S;F;0614;NEP
057540036036-6625;057540036036;100mN31989E42259;SF;NA;5;66;M;M;6574;EMP
057540036036-6625;057540036036;100mN31989E42259;SF;NA;5;50;D;M;5064;NEP
057540036036-6626;057540036036;100mN32009E42276;S;NA;1;32;M;F;3039;EMP
057540036036-6627;057540036036;100mN32009E42276;MC;NA;4;48;M;M;4049;EMP
057540036036-6627;057540036036;100mN32009E42276;MC;NA;4;48;M;F;4049;NEP
057540036036-6627;057540036036;100mN32009E42276;MC;NA;4;16;S;F;1517;NEP
057540036036-6627;057540036036;100mN32009E42276;MC;NA;4;16;S;M;1517;UEP
057540036036-6628;057540036036;100mN31999E42256;MC;NA;3;40;M;M;4049;EMP
057540036036-6628;057540036036;100mN31999E42256;MC;NA;3;37;M;F;3039;NEP
057540036036-6628;057540036036;100mN31999E42256;MC;NA;3;25;M;M;2529;EMP
057540036036-6629;057540036036;100mN32009E42276;MC;NA;3;19;M;F;1824;EMP
057540036036-6629;057540036036;100mN32009E42276;MC;NA;3;21;M;M;1824;NEP
057540036036-6629;057540036036;100mN32009E42276;MC;NA;3;3;S;F;0305;NEP
057540036036-6630;057540036036;100mN32009E42276;SF;NA;2;68;D;F;6574;EMP
057540036036-6630;057540036036;100mN32009E42276;SF;NA;2;12;S;F;0614;NEP
057540036036-6631;057540036036;100mN32009E42276;MC;NA;2;48;M;F;4049;NEP
057540036036-6631;057540036036;100mN32009E42276;MC;NA;2;60;M;M;5064;EMP
057540036036-6632;057540036036;100mN32009E42276;SF;NA;6;51;W;F;5064;EMP
057540036036-6632;057540036036;100mN32009E42276;SF;NA;6;4;S;M;0305;NEP
057540036036-6632;057540036036;100mN32009E42276;SF;NA;6;9;S;F;0614;NEP
057540036036-6632;057540036036;100mN32009E42276;SF;NA;6;30;M;F;3039;NEP
057540036036-6632;057540036036;100mN32009E42276;SF;NA;6;16;S;F;1517;NEP
057540036036-6632;057540036036;100mN32009E42276;SF;NA;6;6;S;M;0614;NEP
057540036036-6633;057540036036;100mN32009E42276;MC;OS;6;68;M;M;6574;EMP
057540036036-6633;057540036036;100mN32009E42276;MC;OS;6;68;M;F;6574;NEP
057540036036-6633;057540036036;100mN32009E42276;MC;OS;6;78;W;F;75XX;NEP
057540036036-6633;057540036036;100mN32009E42276;MC;OS;6;71;W;F;6574;EMP
057540036036-6633;057540036036;100mN32009E42276;MC;OS;6;65;M;F;6574;EMP
057540036036-6633;057540036036;100mN32009E42276;MC;OS;6;87;M;F;75XX;NEP
057540036036-6634;057540036036;100mN32009E42276;PO;NA;4;25;S;M;2529;EMP
057540036036-6634;057540036036;100mN32009E42276;PO;NA;4;22;S;M;1824;EMP
057540036036-6634;057540036036;100mN32009E42276;PO;NA;4;6;S;M;0614;NEP
057540036036-6634;057540036036;100mN32009E42276;PO;NA;4;2;S;M;0003;NEP
057540036036-6635;057540036036;100mN31980E42266;MC;MIX;3;84;M;F;75XX;NEP
057540036036-6635;057540036036;100mN31980E42266;MC;MIX;3;61;M;M;5064;EMP
057540036036-6635;057540036036;100mN31980E42266;MC;MIX;3;60;M;F;5064;EMP
057540036036-6636;057540036036;100mN32005E42282;SF;NA;2;70;W;F;6574;EMP
057540036036-6636;057540036036;100mN32005E42282;SF;NA;2;38;M;M;3039;EMP
057540036036-6637;057540036036;100mN31980E42266;MC;NA;2;31;M;F;3039;EMP
057540036036-6637;057540036036;100mN31980E42266;MC;NA;2;34;M;M;3039;EMP
057540036036-6638;057540036036;100mN32018E42256;S;NA;1;55;S;M;5064;EMP
057540036036-6639;057540036036;100mN31989E42260;MC;NA;2;50;M;F;5064;NEP
057540036036-6639;057540036036;100mN31989E42260;MC;NA;2;63;M;M;5064;EMP
057540036036-6640;057540036036;100mN31989E42260;MC;NA;6;61;M;F;5064;EMP
057540036036-6640;057540036036;100mN31989E42260;MC;NA;6;62;M;M;5064;EMP
057540036036-6640;057540036036;100mN31989E42260;MC;NA;6;6;S;M;0614;NEP
057540036036-6640;057540036036;100mN31989E42260;MC;NA;6;12;S;F;0614;NEP
057540036036-6640;057540036036;100mN31989E42260;MC;NA;6;7;S;M;0614;NEP
057540036036-6640;057540036036;100mN31989E42260;MC;NA;6;9;S;F;0614;NEP
057540036036-6641;057540036036;100mN31989E42260;PO;NA;4;61;S;F;5064;EMP
057540036036-6641;057540036036;100mN31989E42260;PO;NA;4;53;S;F;5064;EMP
057540036036-6641;057540036036;100mN31989E42260;PO;NA;4;9;S;F;0614;NEP
057540036036-6641;057540036036;100mN31989E42260;PO;NA;4;9;S;M;0614;NEP
057540036036-6642;057540036036;100mN31965E42249;MC;NA;6;55;M;F;5064;EMP
057540036036-6642;057540036036;100mN31965E42249;MC;NA;6;58;M;M;5064;EMP
057540036036-6642;057540036036;100mN31965E42249;MC;NA;6;19;D;M;1824;NEP
057540036036-6642;057540036036;100mN31965E42249;MC;NA;6;38;M;F;3039;EMP
057540036036-6642;057540036036;100mN31965E42249;MC;NA;6;1;S;F;0003;NEP
057540036036-6642;057540036036;100mN31965E42249;MC;NA;6;1;S;M;0003;NEP
057540036036-6643;057540036036;100mN31989E42260;S;NA;1;35;M;M;3039;EMP
057540036036-6644;057540036036;100mN31989E42260;MC;NA;2;47;M;F;4049;EMP
057540036036-6644;057540036036;100mN31989E42260;MC;NA;2;56;M;M;5064;NEP
057540036036-6645;057540036036;100mN32022E42248;SF;MIX;3;70;S;F;6574;NEP
057540036036-6645;057540036036;100mN32022E42248;SF;MIX;3;26;W;F;2529;NEP
057540036036-6645;057540036036;100mN32022E42248;SF;MIX;3;10;S;M;0614;NEP
057540036036-6646;057540036036;100mN31989E42260;S;OS;1;56;S;F;5064;EMP
057540036036-6647;057540036036;100mN31989E42260;S;NA;1;56;D;F;5064;NEP
057540036036-6648;057540036036;100mN31989E42260;MC;NA;2;41;M;M;4049;EMP
057540036036-6648;057540036036;100mN31989E42260;MC;NA;2;40;M;F;4049;EMP
057540036036-6649;057540036036;100mN32001E42288;S;OS;1;77;M;F;75XX;EMP
057540036036-6650;057540036036;100mN32010E42279;MC;OS;4;72;M;M;6574;EMP
057540036036-6650;057540036036;100mN32010E42279;MC;OS;4;65;M;F;6574;NEP
057540036036-6650;057540036036;100mN32010E42279;MC;OS;4;88;M;F;75XX;EMP
057540036036-6650;057540036036;100mN32010E42279;MC;OS;4;70;S;F;6574;NEP
057540036036-6651;057540036036;100mN32018E42291;MC;NA;2;28;M;M;2529;NEP
057540036036-6651;057540036036;100mN32018E42291;MC;NA;2;27;M;F;2529;EMP
057540036036-6652;057540036036;100mN32001E42260;PO;NA;4;45;S;F;4049;NEP
057540036036-6652;057540036036;100mN32001E42260;PO;NA;4;59;S;F;5064;EMP
057540036036-6652;057540036036;100mN32001E42260;PO;NA;4;22;S;F;1824;NEP
057540036036-6652;057540036036;100mN32001E42260;PO;NA;4;6;S;M;0614;NEP
057540036036-6653;057540036036;100mN32001E42260;PO;MIX;2;89;S;M;75XX;NEP
057540036036-6653;057540036036;100mN32001E42260;PO;MIX;2;30;S;M;3039;EMP
057540036036-6654;057540036036;100mN31976E42251;S;OS;1;19;S;M;1824;EMP
057540036036-6655;057540036036;100mN32001E42260;SF;NA;2;86;S;F;75XX;EMP
057540036036-6655;057540036036;100mN32001E42260;SF;NA;2;12;S;M;0614;NEP
057540036036-6656;057540036036;100mN32008E42281;S;NA;1;50;W;M;5064;EMP
057540036036-6657;057540036036;100mN32001E42260;S;OS;1;19;M;F;1824;NEP
057540036036-6658;057540036036;100mN32001E42260;MC;OS;4;71;M;F;6574;NEP
057540036036-6658;057540036036;100mN32001E42260;MC;OS;4;70;M;M;6574;EMP
057540036036-6658;057540036036;100mN32001E42260;MC;OS;4;80;S;F;75XX;NEP
057540036036-6658;057540036036;100mN32001E42260;MC;OS;4;69;M;M;6574;EMP
057540036036-6659;057540036036;100mN32004E42277;PO;NA;4;38;S;M;3039;EMP
057540036036-6659;057540036036;100mN32004E42277;PO;NA;4;35;S;F;3039;EMP
057540036036-6659;057540036036;100mN32004E42277;PO;NA;4;21;W;F;1824;EMP
057540036036-6659;057540036036;100mN32004E42277;PO;NA;4;9;S;F;0614;NEP
057540036036-6660;057540036036;100mN32004E42277;MC;NA;2;56;M;F;5064;EMP
057540036036-6660;057540036036;100mN32004E42277;MC;NA;2;48;M;M;4049;NEP
057540036036-6661;057540036036;100mN32004E42277;SF;NA;2;56;W;F;5064;NEP
057540036036-6661;057540036036;100mN32004E42277;SF;NA;2;37;M;M;3039;UEP
057540036036-6662;057540036036;100mN32004E42277;MC;NA;3;27;M;F;2529;EMP
057540036036-6662;057540036036;100mN32004E42277;MC;NA;3;30;M;M;3039;EMP
057540036036-6662;057540036036;100mN32004E42277;MC;NA;3;7;S;M;0614;NEP
057540036036-6663;057540036036;100mN32004E42277;MC;MIX;2;71;M;M;6574;NEP
057540036036-6663;057540036036;100mN32004E42277;MC;MIX;2;31;M;M;3039;NEP
057540036036-6664;057540036036;100mN32004E42277;S;NA;1;54;M;F;5064;NEP
057540036036-6665;057540036036;100mN32004E42277;MC;NA;3;37;M;M;3039;EMP
057540036036-6665;057540036036;100mN32004E42277;MC;NA;3;31;M;F;3039;EMP
057540036036-6665;057540036036;100mN32004E42277;MC;NA;3;16;S;M;1517;EMP
057540036036-6666;057540036036;100mN31975E42248;MC;NA;2;63;M;M;5064;EMP
057540036036-6666;057540036036;100mN31975E42248;MC;NA;2;58;M;F;5064;EMP
057540036036-6667;057540036036;100mN32004E42277;MC;OS;3;68;M;F;6574;EMP
057540036036-6667;057540036036;100mN32004E42277;MC;OS;3;67;M;M;6574;EMP
057540036036-6667;057540036036;100mN32004E42277;MC;OS;3;70;W;F;6574;EMP
057540036036-6668;057540036036;100mN32001E42288;MC;MIX;3;81;M;F;75XX;NEP
057540036036-6668;057540036036;100mN32001E42288;MC;MIX;3;58;M;F;5064;EMP
057540036036-6668;057540036036;100mN32001E42288;MC;MIX;3;51;M;M;5064;EMP
057540036036-6669;057540036036;100mN32008E42300;SF;NA;2;18;S;F;1824;EMP
057540036036-6669;057540036036;100mN32008E42300;SF;NA;2;1;S;M;0003;NEP
057540036036-6670;057540036036;100mN32004E42277;MC;NA;4;63;M;M;5064;NEP
057540036036-6670;057540036036;100mN32004E42277;MC;NA;4;55;M;F;5064;EMP
057540036036-6670;057540036036;100mN32004E42277;MC;NA;4;9;S;M;0614;NEP
057540036036-6670;057540036036;100mN32004E42277;MC;NA;4;21;D;M;1824;EMP
057540036036-6671;057540036036;100mN32012E42251;S;OS;1;41;M;M;4049;NEP
057540036036-6672;057540036036;100mN32004E42277;MC;NA;4;28;M;M;2529;EMP
057540036036-6672;057540036036;100mN32004E42277;MC;NA;4;27;M;F;2529;EMP
057540036036-6672;057540036036;100mN32004E42277;MC;NA;4;8;S;M;0614;NEP
057540036036-6672;057540036036;100mN32004E42277;MC;NA;4;13;S;M;0614;NEP
057540036036-6673;057540036036;100mN31992E42262;MC;NA;4;55;M;M;5064;NEP
057540036036-6673;057540036036;100mN31992E42262;MC;NA;4;58;M;F;5064;EMP
057540036036-6673;057540036036;100mN31992E42262;MC;NA;4;37;M;M;3039;EMP
057540036036-6673;057540036036;100mN31992E42262;MC;NA;4;15;S;M;1517;EMP
057540036036-6674;057540036036;100mN32004E42277;MC;NA;2;57;M;M;5064;EMP
057540036036-6674;057540036036;100mN32004E42277;MC;NA;2;63;M;F;5064;NEP
057540036036-6675;057540036036;100mN31976E42249;S;OS;1;41;M;F;4049;EMP
057540036036-6676;057540036036;100mN32004E42277;S;NA;1;72;M;F;6574;NEP
057540036036-6677;057540036036;100mN32007E42283;MC;NA;3;23;M;F;1824;EMP
057540036036-6677;057540036036;100mN32007E42283;MC;NA;3;30;M;M;3039;EMP
057540036036-6677;057540036036;100mN32007E42283;MC;NA;3;4;S;M;0305;NEP
057540036036-6678;057540036036;100mN32004E42277;S;NA;1;36;S;F;3039;NEP
057540036036-6679;057540036036;100mN31962E42307;MC;NA;2;57;M;M;5064;EMP
057540036036-6679;057540036036;100mN31962E42307;MC;NA;2;55;M;F;5064;EMP
057540036036-6680;057540036036;100mN32004E42277;MC;OS;4;68;M;M;6574;NEP
057540036036-6680;057540036036;100mN32004E42277;MC;OS;4;67;M;F;6574;EMP
057540036036-6680;057540036036;100mN32004E42277;MC;OS;4;81;S;F;75XX;NEP
057540036036-6680;057540036036;100mN32004E42277;MC;OS;4;69;D;F;6574;NEP
057540036036-6681;057540036036;100mN32004E42277;MC;NA;2;18;M;M;1824;EMP
057540036036-6681;057540036036;100mN32004E42277;MC;NA;2;18;M;F;1824;NEP
057540036036-6682;057540036036;100mN32007E42286;SF;NA;4;60;W;F;5064;NEP
057540036036-6682;057540036036;100mN32007E42286;SF;NA;4;3;S;M;0305;NEP
057540036036-6682;057540036036;100mN32007E42286;SF;NA;4;15;S;M;1517;NEP
057540036036-6682;057540036036;100mN32007E42286;SF;NA;4;3;S;F;0305;NEP
057540036036-6683;057540036036;100mN31993E42261;S;NA;1;40;S;F;4049;EMP
057540036036-6684;057540036036;100mN32004E42277;MC;OS;2;85;M;M;75XX;EMP
057540036036-6684;057540036036;100mN32004E42277;MC;OS;2;83;M;F;75XX;EMP
057540036036-6685;057540036036;100mN32004E42277;S;OS;1;23;S;M;1824;NEP
057540036036-6686;057540036036;100mN32004E42277;MC;MIX;3;84;M;F;75XX;EMP
057540036036-6686;057540036036;100mN32004E42277;MC;MIX;3;40;M;M;4049;NEP
057540036036-6686;057540036036;100mN32004E42277;MC;MIX;3;35;M;F;3039;NEP
057540036036-6687;057540036036;100mN32004E42277;MC;OS;2;87;M;F;75XX;EMP
057540036036-6687;057540036036;100mN32004E42277;MC;OS;2;35;M;F;3039;EMP
057540036036-6688;057540036036;100mN32004E42277;S;OS;1;42;M;M;4049;EMP
057540036036-6689;057540036036;100mN31961E42307;S;NA;1;28;S;F;2529;EMP
057540036036-6690;057540036036;100mN32004E42277;S;NA;1;41;W;F;4049;NEP
057540036036-6691;057540036036;100mN32004E42277;MC;MIX;2;71;M;F;6574;NEP
057540036036-6691;057540036036;100mN32004E42277;MC;MIX;2;28;S;M;2529;EMP
057540036036-6692;057540036036;100mN32014E42289;S;NA;1;30;S;M;3039;EMP
057540036036-6693;057540036036;100mN31993E42277;MC;MIX;3;89;M;M;75XX;EMP
057540036036-6693;057540036036;100mN31993E42277;MC;MIX;3;35;M;F;3039;EMP
057540036036-6693;057540036036;100mN31993E42277;MC;MIX;3;45;M;M;4049;EMP
057540036036-6694;057540036036;100mN31993E42277;PO;NA;3;55;S;M;5064;EMP
057540036036-6694;057540036036;100mN31993E42277;PO;NA;3;54;S;F;5064;NEP
057540036036-6694;057540036036;100mN31993E42277;PO;NA;3;40;S;F;4049;EMP
057540036036-6695;057540036036;100mN31993E42277;MC;NA;3;32;M;M;3039;EMP
057540036036-6695;057540036036;100mN31993E42277;MC;NA;3;30;M;F;3039;EMP
057540036036-6695;057540036036;100mN31993E42277;MC;NA;3;15;S;F;1517;EMP
057540036036-6696;057540036036;100mN31992E42311;S;NA;1;77;M;M;75XX;EMP
057540036036-6697;057540036036;100mN31992E42311;SF;NA;4;47;S;F;4049;EMP
057540036036-6697;057540036036;100mN31992E42311;SF;NA;4;9;S;M;0614;NEP
057540036036-6697;057540036036;100mN31992E42311;SF;NA;4;15;S;F;1517;EMP
057540036036-6697;057540036036;100mN31992E42311;SF;NA;4;16;S;M;1517;UEP
057540036036-6698;057540036036;100mN32001E42258;PO;NA;5;40;S;F;4049;NEP
057540036036-6698;057540036036;100mN32001E42258;PO;NA;5;42;S;M;4049;EMP
057540036036-6698;057540036036;100mN32001E42258;PO;NA;5;6;S;F;0614;NEP
057540036036-6698;057540036036;100mN32001E42258;PO;NA;5;15;S;F;1517;EMP
057540036036-6698;057540036036;100mN32001E42258;PO;NA;5;2;S;F;0003;NEP
057540036036-6699;057540036036;100mN32021E42240;PO;NA;2;47;S;M;4049;EMP
057540036036-6699;057540036036;100mN32021E42240;PO;NA;2;48;S;F;4049;EMP
057540036036-6700;057540036036;100mN32021E42240;MC;NA;2;53;M;F;5064;EMP
057540036036-6700;057540036036;100mN32021E42240;MC;NA;2;53;M;M;5064;EMP
057540036036-6701;057540036036;100mN32021E42240;MC;NA;2;34;M;M;3039;EMP
057540036036-6701;057540036036;100mN32021E42240;MC;NA;2;31;M;F;3039;EMP
057540036036-6702;057540036036;100mN32007E42282;MC;NA;2;38;M;M;3039;EMP
057540036036-6702;057540036036;100mN32007E42282;MC;NA;2;34;M;F;3039;EMP
057540036036-6703;057540036036;100mN32004E42256;MC;NA;2;58;M;F;5064;EMP
057540036036-6703;057540036036;100mN32004E42256;MC;NA;2;61;M;M;5064;NEP
057540036036-6704;057540036036;100mN32004E42281;PO;NA;4;54;S;M;5064;EMP
057540036036-6704;057540036036;100mN32004E42281;PO;NA;4;51;S;M;5064;NEP
057540036036-6704;057540036036;100mN32004E42281;PO;NA;4;3;S;M;0305;NEP
057540036036-6704;057540036036;100mN32004E42281;PO;NA;4;32;D;F;3039;NEP
057540036036-6705;057540036036;100mN32004E42256;PO;MIX;2;73;S;F;6574;NEP
057540036036-6705;057540036036;100mN32004E42256;PO;MIX;2;40;S;F;4049;NEP
057540036036-6706;057540036036;100mN32004E42256;MC;NA;2;21;M;M;1824;EMP
057540036036-6706;057540036036;100mN32004E42256;MC;NA;2;19;M;F;1824;EMP
057540036036-6707;057540036036;100mN32004E42256;MC;NA;4;27;M;F;2529;EMP
057540036036-6707;057540036036;100mN32004E42256;MC;NA;4;51;M;M;5064;EMP
057540036036-6707;057540036036;100mN32004E42256;MC;NA;4;2;S;F;0003;NEP
057540036036-6707;057540036036;100mN32004E42256;MC;NA;4;9;S;F;0614;NEP
057540036036-6708;057540036036;100mN32004E42256;S;NA;1;45;M;F;4049;EMP
057540036036-6709;057540036036;100mN32004E42256;SF;NA;4;43;S;F;4049;EMP
057540036036-6709;057540036036;100mN32004E42256;SF;NA;4;12;S;F;0614;NEP
057540036036-6709;057540036036;100mN32004E42256;SF;NA;4;18;M;M;1824;UEP
057540036036-6709;057540036036;100mN32004E42256;SF;NA;4;19;S;F;1824;EMP
057540036036-6710;057540036036;100mN31994E42260;MC;NA;2;53;M;F;5064;EMP
057540036036-6710;057540036036;100mN31994E42260;MC;NA;2;57;M;M;5064;EMP
057540036036-6711;057540036036;100mN32004E42256;S;NA;1;59;S;F;5064;EMP
057540036036-6712;057540036036;100mN32004E42256;MC;NA;3;36;M;F;3039;NEP
057540036036-6712;057540036036;100mN32004E42256;MC;NA;3;58;M;M;5064;EMP
057540036036-6712;057540036036;100mN32004E42256;MC;NA;3;7;S;M;0614;NEP
057540036036-6713;057540036036;100mN32018E42231;MC;NA;5;46;M;M;4049;EMP
057540036036-6713;057540036036;100mN32018E42231;MC;NA;5;45;M;F;4049;EMP
057540036036-6713;057540036036;100mN32018E42231;MC;NA;5;4;S;M;0305;NEP
057540036036-6713;057540036036;100mN32018E42231;MC;NA;5;13;S;M;0614;NEP
057540036036-6713;057540036036;100mN32018E42231;MC;NA;5;10;S;M;0614;NEP
057540036036-6714;057540036036;100mN32018E42231;SF;NA;2;69;S;F;6574;NEP
057540036036-6714;057540036036;100mN32018E42231;SF;NA;2;47;M;M;4049;EMP
057540036036-6715;057540036036;100mN32018E42231;MC;NA;3;21;M;M;1824;EMP
057540036036-6715;057540036036;100mN32018E42231;MC;NA;3;21;M;F;1824;NEP
057540036036-6715;057540036036;100mN32018E42231;MC;NA;3;4;S;F;0305;NEP
057540036036-6716;057540036036;100mN32018E42231;MC;NA;3;25;M;M;2529;NEP
057540036036-6716;057540036036;100mN32018E42231;MC;NA;3;18;M;F;1824;EMP
057540036036-6716;057540036036;100mN32018E42231;MC;NA;3;4;S;M;0305;NEP
057540036036-6717;057540036036;100mN32018E42231;S;NA;1;81;M;M;75XX;EMP
057540036036-6718;057540036036;100mN32018E42231;PO;OS;2;76;S;M;75XX;EMP
057540036036-6718;057540036036;100mN32018E42231;PO;OS;2;82;S;F;75XX;NEP
057540036036-6719;057540036036;100mN32018E42231;MC;NA;2;30;M;F;3039;EMP
057540036036-6719;057540036036;100mN32018E42231;MC;NA;2;31;M;M;3039;EMP
057540036036-6720;057540036036;100mN32008E42251;MC;NA;4;56;M;F;5064;NEP
057540036036-6720;057540036036;100mN32008E42251;MC;NA;4;63;M;M;5064;EMP
057540036036-6720;057540036036;100mN32008E42251;MC;NA;4;35;M;M;3039;UEP
057540036036-6720;057540036036;100mN32008E42251;MC;NA;4;13;S;F;0614;NEP
057540036036-6721;057540036036;100mN31999E42254;MC;NA;2;27;M;F;2529;NEP
057540036036-6721;057540036036;100mN31999E42254;MC;NA;2;28;M;M;2529;EMP
057540036036-6722;057540036036;100mN31999E42258;MC;OS;4;70;M;F;6574;NEP
057540036036-6722;057540036036;100mN31999E42258;MC;OS;4;71;M;M;6574;UEP
057540036036-6722;057540036036;100mN31999E42258;MC;OS;4;66;S;M;6574;EMP
057540036036-6722;057540036036;100mN31999E42258;MC;OS;4;83;S;M;75XX;NEP
057540036036-6723;057540036036;100mN32008E42251;MC;NA;3;19;M;F;1824;EMP
057540036036-6723;057540036036;100mN32008E42251;MC;NA;3;27;M;M;2529;EMP
057540036036-6723;057540036036;100mN32008E42251;MC;NA;3;2;S;F;0003;NEP
057540036036-6724;057540036036;100mN32008E42251;MC;OS;3;72;M;M;6574;EMP
057540036036-6724;057540036036;100mN32008E42251;MC;OS;3;69;M;F;6574;NEP
057540036036-6724;057540036036;100mN32008E42251;MC;OS;3;68;M;F;6574;EMP
057540036036-6725;057540036036;100mN32008E42251;MC;NA;6;26;M;F;2529;NEP
057540036036-6725;057540036036;100mN32008E42251;MC;NA;6;28;M;M;2529;EMP
057540036036-6725;057540036036;100mN32008E42251;MC;NA;6;7;S;M;0614;NEP
057540036036-6725;057540036036;100mN32008E42251;MC;NA;6;11;S;F;0614;NEP
057540036036-6725;057540036036;100mN32008E42251;MC;NA;6;0;S;F;0003;NEP
057540036036-6725;057540036036;100mN32008E42251;MC;NA;6;6;S;F;0614;NEP
057540036036-6726;057540036036;100mN32008E42251;S;NA;1;62;M;M;5064;EMP
057540036036-6727;057540036036;100mN32008E42251;MC;NA;2;33;M;F;3039;EMP
057540036036-6727;057540036036;100mN32008E42251;MC;NA;2;34;M;M;3039;EMP
057540036036-6728;057540036036;100mN32008E42251;MC;OS;2;73;M;M;6574;EMP
057540036036-6728;057540036036;100mN32008E42251;MC;OS;2;67;M;F;6574;NEP
057540036036-6729;057540036036;100mN32007E42282;PO;NA;4;47;S;M;4049;NEP
057540036036-6729;057540036036;100mN32007E42282;PO;NA;4;38;S;M;3039;NEP
057540036036-6729;057540036036;100mN32007E42282;PO;NA;4;23;D;F;1824;EMP
057540036036-6729;057540036036;100mN32007E42282;PO;NA;4;8;S;M;0614;NEP
057540036036-6730;057540036036;100mN31995E42259;MC;MIX;2;73;M;M;6574;EMP
057540036036-6730;057540036036;100mN31995E42259;MC;MIX;2;58;D;F;5064;EMP
057540036036-6731;057540036036;100mN31991E42257;MC;NA;2;47;M;M;4049;NEP
057540036036-6731;057540036036;100mN31991E42257;MC;NA;2;47;M;F;4049;NEP
057540036036-6732;057540036036;100mN31964E42308;MC;MIX;3;67;S;F;6574;EMP
057540036036-6732;057540036036;100mN31964E42308;MC;MIX;3;60;M;M;5064;UEP
057540036036-6732;057540036036;100mN31964E42308;MC;MIX;3;58;M;F;5064;EMP
057540036036-6733;057540036036;100mN31994E42260;MC;NA;2;53;M;F;5064;EMP
057540036036-6733;057540036036;100mN31994E42260;MC;NA;2;57;M;M;5064;EMP
057540036036-6734;057540036036;100mN31994E42260;SF;NA;4;67;S;F;6574;NEP
057540036036-6734;057540036036;100mN31994E42260;SF;NA;4;4;S;M;0305;NEP
057540036036-6734;057540036036;100mN31994E42260;SF;NA;4;1;S;M;0003;NEP
057540036036-6734;057540036036;100mN31994E42260;SF;NA;4;15;S;F;1517;EMP
057540036036-6735;057540036036;100mN31994E42260;SM;NA;2;66;S;M;6574;EMP
057540036036-6735;057540036036;100mN31994E42260;SM;NA;2;7;S;M;0614;NEP
057540036036-6736;057540036036;100mN31994E42260;PO;NA;4;42;S;F;4049;NEP
057540036036-6736;057540036036;100mN31994E42260;PO;NA;4;36;S;M;3039;EMP
057540036036-6736;057540036036;100mN31994E42260;PO;NA;4;27;M;M;2529;EMP
057540036036-6736;057540036036;100mN31994E42260;PO;NA;4;7;S;M;0614;NEP
057540036036-6737;057540036036;100mN31994E42260;MC;OS;2;69;M;F;6574;NEP
057540036036-6737;057540036036;100mN31994E42260;MC;OS;2;72;M;M;6574;NEP
057540036036-6738;057540036036;100mN31994E42260;MC;NA;2;54;M;M;5064;NEP
057540036036-6738;057540036036;100mN31994E42260;MC;NA;2;48;M;F;4049;EMP
057540036036-6739;057540036036;100mN31994E42260;MC;NA;2;55;M;F;5064;EMP
057540036036-6739;057540036036;100mN31994E42260;MC;NA;2;58;M;M;5064;NEP
057540036036-6740;057540036036;100mN32022E42250;SF;NA;2;62;S;F;5064;EMP
057540036036-6740;057540036036;100mN32022E42250;SF;NA;2;38;M;F;3039;EMP
057540036036-6741;057540036036;100mN31994E42260;S;NA;1;46;S;F;4049;NEP
057540036036-6742;057540036036;100mN32005E42260;MC;NA;3;56;M;F;5064;NEP
057540036036-6742;057540036036;100mN32005E42260;MC;NA;3;55;M;M;5064;EMP
057540036036-6742;057540036036;100mN32005E42260;MC;NA;3;34;S;F;3039;EMP
057540036036-6743;057540036036;100mN31994E42260;S;NA;1;46;D;M;4049;EMP
057540036036-6744;057540036036;100mN31994E42260;MC;NA;2;18;M;M;1824;EMP
057540036036-6744;057540036036;100mN31994E42260;MC;NA;2;18;M;F;1824;EMP
057540036036-6745;057540036036;100mN31994E42260;MC;MIX;3;67;M;M;6574;EMP
057540036036-6745;057540036036;100mN31994E42260;MC;MIX;3;18;M;M;1824;UEP
057540036036-6745;057540036036;100mN31994E42260;MC;MIX;3;18;M;F;1824;NEP
057540036036-6746;057540036036;100mN31994E42260;S;OS;1;53;M;M;5064;EMP
057540036036-6747;057540036036;100mN31975E42298;MC;NA;2;55;M;M;5064;EMP
057540036036-6747;057540036036;100mN31975E42298;MC;NA;2;52;M;F;5064;EMP
057540036036-6748;057540036036;100mN31994E42260;SM;NA;2;30;S;M;3039;EMP
057540036036-6748;057540036036;100mN31994E42260;SM;NA;2;11;S;F;0614;NEP
057540036036-6749;057540036036;100mN31994E42260;MC;NA;4;43;M;M;4049;NEP
057540036036-6749;057540036036;100mN31994E42260;MC;NA;4;40;M;F;4049;EMP
057540036036-6749;057540036036;100mN31994E42260;MC;NA;4;4;S;M;0305;NEP
057540036036-6749;057540036036;100mN31994E42260;MC;NA;4;28;S;F;2529;EMP
057540036036-6750;057540036036;100mN31994E42260;MC;OS;3;67;M;M;6574;EMP
057540036036-6750;057540036036;100mN31994E42260;MC;OS;3;68;M;F;6574;NEP
057540036036-6750;057540036036;100mN31994E42260;MC;OS;3;71;M;M;6574;EMP
057540036036-6751;057540036036;100mN31976E42253;MC;NA;4;60;M;M;5064;UEP
057540036036-6751;057540036036;100mN31976E42253;MC;NA;4;59;M;F;5064;EMP
057540036036-6751;057540036036;100mN31976E42253;MC;NA;4;7;S;M;0614;NEP
057540036036-6751;057540036036;100mN31976E42253;MC;NA;4;16;S;M;1517;EMP
057540036036-6752;057540036036;100mN32010E42280;S;OS;1;57;W;F;5064;EMP
057540036036-6753;057540036036;100mN31976E42253;MC;NA;4;56;M;M;5064;NEP
057540036036-6753;057540036036;100mN31976E42253;MC;NA;4;57;M;F;5064;NEP
057540036036-6753;057540036036;100mN31976E42253;MC;NA;4;11;S;F;0614;NEP
057540036036-6753;057540036036;100mN31976E42253;MC;NA;4;12;S;F;0614;NEP
057540036036-6754;057540036036;100mN31993E42262;S;NA;1;40;M;F;4049;EMP
057540036036-6755;057540036036;100mN32009E42248;SF;NA;2;62;S;F;5064;NEP
057540036036-6755;057540036036;100mN32009E42248;SF;NA;2;15;S;F;1517;NEP
057540036036-6756;057540036036;100mN31995E42259;SF;NA;2;53;W;F;5064;NEP
057540036036-6756;057540036036;100mN31995E42259;SF;NA;2;4;S;F;0305;NEP
057540036036-6757;057540036036;100mN32009E42248;PO;MIX;2;68;S;M;6574;NEP
057540036036-6757;057540036036;100mN32009E42248;PO;MIX;2;63;S;M;5064;EMP
057540036036-6758;057540036036;100mN32009E42248;PO;NA;2;37;S;M;3039;EMP
057540036036-6758;057540036036;100mN32009E42248;PO;NA;2;35;S;F;3039;NEP
057540036036-6759;057540036036;100mN31991E42263;PO;NA;3;36;S;M;3039;UEP
057540036036-6759;057540036036;100mN31991E42263;PO;NA;3;38;S;F;3039;EMP
057540036036-6759;057540036036;100mN31991E42263;PO;NA;3;16;S;M;1517;EMP
057540036036-6760;057540036036;100mN31999E42258;MC;OS;2;68;M;F;6574;NEP
057540036036-6760;057540036036;100mN31999E42258;MC;OS;2;65;M;M;6574;EMP
057540036036-6761;057540036036;100mN32016E42252;MC;NA;3;45;M;F;4049;NEP
057540036036-6761;057540036036;100mN32016E42252;MC;NA;3;38;M;M;3039;EMP
057540036036-6761;057540036036;100mN32016E42252;MC;NA;3;22;W;M;1824;EMP
057540036036-6762;057540036036;100mN31991E42263;S;NA;1;44;S;F;4049;EMP
057540036036-6763;057540036036;100mN31991E42263;MC;NA;3;36;M;F;3039;EMP
057540036036-6763;057540036036;100mN31991E42263;MC;NA;3;40;M;M;4049;NEP
057540036036-6763;057540036036;100mN31991E42263;MC;NA;3;6;S;F;0614;NEP
057540036036-6764;057540036036;100mN32005E42281;MC;OS;5;80;M;M;75XX;EMP
057540036036-6764;057540036036;100mN32005E42281;MC;OS;5;72;M;F;6574;EMP
057540036036-6764;057540036036;100mN32005E42281;MC;OS;5;70;S;M;6574;EMP
057540036036-6764;057540036036;100mN32005E42281;MC;OS;5;77;S;M;75XX;NEP
057540036036-6764;057540036036;100mN32005E42281;MC;OS;5;77;S;M;75XX;EMP
057540036036-6765;057540036036;100mN32005E42281;MC;NA;3;40;M;M;4049;UEP
057540036036-6765;057540036036;100mN32005E42281;MC;NA;3;37;M;F;3039;EMP
057540036036-6765;057540036036;100mN32005E42281;MC;NA;3;21;M;M;1824;EMP
057540036036-6766;057540036036;100mN32005E42281;MC;NA;5;37;M;F;3039;EMP
057540036036-6766;057540036036;100mN32005E42281;MC;NA;5;40;M;M;4049;EMP
057540036036-6766;057540036036;100mN32005E42281;MC;NA;5;13;S;F;0614;NEP
057540036036-6766;057540036036;100mN32005E42281;MC;NA;5;7;S;F;0614;NEP
057540036036-6766;057540036036;100mN32005E42281;MC;NA;5;18;W;F;1824;NEP
057540036036-6767;057540036036;100mN32005E42281;MC;NA;2;51;M;F;5064;EMP
057540036036-6767;057540036036;100mN32005E42281;MC;NA;2;44;M;M;4049;NEP
057540036036-6768;057540036036;100mN32005E42281;PO;NA;2;47;S;F;4049;NEP
057540036036-6768;057540036036;100mN32005E42281;PO;NA;2;48;S;F;4049;EMP
057540036036-6769;057540036036;100mN32005E42281;MC;NA;6;35;M;F;3039;NEP
057540036036-6769;057540036036;100mN32005E42281;MC;NA;6;34;M;M;3039;EMP
057540036036-6769;057540036036;100mN32005E42281;MC;NA;6;19;W;F;1824;NEP
057540036036-6769;057540036036;100mN32005E42281;MC;NA;6;13;S;M;0614;NEP
057540036036-6769;057540036036;100mN32005E42281;MC;NA;6;2;S;F;0003;NEP
057540036036-6769;057540036036;100mN32005E42281;MC;NA;6;18;M;F;1824;NEP
057540036036-6770;057540036036;100mN32005E42281;MC;OS;2;80;M;M;75XX;NEP
057540036036-6770;057540036036;100mN32005E42281;MC;OS;2;40;M;F;4049;NEP
057540036036-6771;057540036036;100mN32005E42281;MC;MIX;4;79;M;M;75XX;EMP
057540036036-6771;057540036036;100mN32005E42281;MC;MIX;4;44;M;F;4049;EMP
057540036036-6771;057540036036;100mN32005E42281;MC;MIX;4;48;M;M;4049;EMP
057540036036-6771;057540036036;100mN32005E42281;MC;MIX;4;0;S;M;0003;NEP
057540036036-6772;057540036036;100mN32005E42281;S;NA;1;69;D;F;6574;NEP
057540036036-6773;057540036036;100mN32005E42281;S;NA;1;21;M;M;1824;EMP
057540036036-6774;057540036036;100mN32005E42251;MC;NA;4;59;M;M;5064;EMP
057540036036-6774;057540036036;100mN32005E42251;MC;NA;4;59;M;F;5064;NEP
057540036036-6774;057540036036;100mN32005E42251;MC;NA;4;3;S;M;0305;NEP
057540036036-6774;057540036036;100mN32005E42251;MC;NA;4;11;S;F;0614;NEP
057540036036-6775;057540036036;100mN31993E42261;S;OS;1;45;M;F;4049;NEP
057540036036-6776;057540036036;100mN32001E42258;PO;MIX;4;65;M;F;6574;EMP
057540036036-6776;057540036036;100mN32001E42258;PO;MIX;4;20;S;M;1824;NEP
057540036036-6776;057540036036;100mN32001E42258;PO;MIX;4;18;S;M;1824;EMP
057540036036-6776;057540036036;100mN32001E42258;PO;MIX;4;1;S;M;0003;NEP
057540036036-6777;057540036036;100mN32005E42281;SM;NA;2;27;S;M;2529;EMP
057540036036-6777;057540036036;100mN32005E42281;SM;NA;2;6;S;M;0614;NEP
057540036036-6778;057540036036;100mN32005E42281;MC;NA;2;38;M;F;3039;EMP
057540036036-6778;057540036036;100mN32005E42281;MC;NA;2;40;M;M;4049;NEP
057540036036-6779;057540036036;100mN32005E42281;PO;NA;2;47;S;F;4049;NEP
057540036036-6779;057540036036;100mN32005E42281;PO;NA;2;48;S;F;4049;EMP
057540036036-6780;057540036036;100mN32005E42281;S;NA;1;23;M;M;1824;EMP
057540036036-6781;057540036036;100mN32005E42281;S;NA;1;36;W;F;3039;NEP
057540036036-6782;057540036036;100mN32001E42288;S;NA;1;34;W;F;3039;EMP
057540036036-6783;057540036036;100mN32005E42281;MC;OS;2;85;M;F;75XX;EMP
057540036036-6783;057540036036;100mN32005E42281;MC;OS;2;86;M;M;75XX;EMP
057540036036-6784;057540036036;100mN31975E42300;MC;NA;3;56;M;M;5064;EMP
057540036036-6784;057540036036;100mN31975E42300;MC;NA;3;54;M;F;5064;EMP
057540036036-6784;057540036036;100mN31975E42300;MC;NA;3;16;S;F;1517;EMP
057540036036-6785;057540036036;100mN32022E42249;MC;OS;2;72;M;F;6574;EMP
057540036036-6785;057540036036;100mN32022E42249;MC;OS;2;73;M;M;6574;EMP
057540036036-6786;057540036036;100mN32010E42285;S;NA;1;57;M;F;5064;EMP
057540036036-6787;057540036036;100mN32009E42278;S;NA;1;53;M;M;5064;EMP
057540036036-6788;057540036036;100mN32010E42279;MC;MIX;3;68;D;F;6574;EMP
057540036036-6788;057540036036;100mN32010E42279;MC;MIX;3;59;M;M;5064;NEP
057540036036-6788;057540036036;100mN32010E42279;MC;MIX;3;58;M;F;5064;EMP
057540036036-6789;057540036036;100mN32018E42230;MC;NA;3;60;M;M;5064;NEP
057540036036-6789;057540036036;100mN32018E42230;MC;NA;3;59;M;F;5064;EMP
057540036036-6789;057540036036;100mN32018E42230;MC;NA;3;6;S;M;0614;NEP
057540036036-6790;057540036036;100mN31996E42273;SF;NA;2;38;S;F;3039;EMP
057540036036-6790;057540036036;100mN31996E42273;SF;NA;2;7;S;F;0614;NEP
057540036036-6791;057540036036;100mN31967E42280;S;OS;1;66;S;F;6574;NEP
057540036036-6792;057540036036;100mN31961E42307;S;NA;1;62;W;F;5064;EMP
057540036036-6793;057540036036;100mN32005E42281;MC;NA;6;62;M;F;5064;EMP
057540036036-6793;057540036036;100mN32005E42281;MC;NA;6;63;M;M;5064;EMP
057540036036-6793;057540036036;100mN32005E42281;MC;NA;6;10;S;M;0614;NEP
057540036036-6793;057540036036;100mN32005E42281;MC;NA;6;45;S;M;4049;EMP
057540036036-6793;057540036036;100mN32005E42281;MC;NA;6;35;M;M;3039;NEP
057540036036-6793;057540036036;100mN32005E42281;MC;NA;6;4;S;F;0305;NEP
057540036036-6794;057540036036;100mN32005E42281;MC;OS;2;66;M;M;6574;EMP
057540036036-6794;057540036036;100mN32005E42281;MC;OS;2;89;M;F;75XX;EMP
057540036036-6795;057540036036;100mN32005E42281;MC;OS;2;73;M;F;6574;EMP
057540036036-6795;057540036036;100mN32005E42281;MC;OS;2;75;M;M;75XX;EMP
057540036036-6796;057540036036;100mN32004E42278;MC;OS;2;66;M;F;6574;EMP
057540036036-6796;057540036036;100mN32004E42278;MC;OS;2;76;M;M;75XX;EMP
057540036036-6797;057540036036;100mN31976E42251;MC;NA;2;46;M;F;4049;NEP
057540036036-6797;057540036036;100mN31976E42251;MC;NA;2;55;M;M;5064;NEP
057540036036-6798;057540036036;100mN32005E42281;PO;NA;3;41;S;M;4049;EMP
057540036036-6798;057540036036;100mN32005E42281;PO;NA;3;40;S;M;4049;NEP
057540036036-6798;057540036036;100mN32005E42281;PO;NA;3;12;S;M;0614;NEP
057540036036-6799;057540036036;100mN32005E42281;MC;NA;2;50;M;F;5064;NEP
057540036036-6799;057540036036;100mN32005E42281;MC;NA;2;52;M;M;5064;EMP
057540036036-6800;057540036036;100mN31996E42268;MC;NA;3;47;M;F;4049;EMP
057540036036-6800;057540036036;100mN31996E42268;MC;NA;3;56;M;M;5064;EMP
057540036036-6800;057540036036;100mN31996E42268;MC;NA;3;7;S;F;0614;NEP
057540036036-6801;057540036036;100mN31996E42268;MC;MIX;6;69;S;M;6574;NEP
057540036036-6801;057540036036;100mN31996E42268;MC;MIX;6;34;M;F;3039;EMP
057540036036-6801;057540036036;100mN31996E42268;MC;MIX;6;40;M;M;4049;EMP
057540036036-6801;057540036036;100mN31996E42268;MC;MIX;6;18;S;M;1824;NEP
057540036036-6801;057540036036;100mN31996E42268;MC;MIX;6;8;S;M;0614;NEP
057540036036-6801;057540036036;100mN31996E42268;MC;MIX;6;4;S;F;0305;NEP
057540036036-6802;057540036036;100mN31996E42268;S;NA;1;47;M;M;4049;UEP
057540036036-6803;057540036036;100mN32010E42253;MC;OS;2;89;M;M;75XX;EMP
057540036036-6803;057540036036;100mN32010E42253;MC;OS;2;50;D;F;5064;NEP
057540036036-6804;057540036036;100mN31975E42299;MC;OS;3;82;M;F;75XX;EMP
057540036036-6804;057540036036;100mN31975E42299;MC;OS;3;1;S;F;0003;NEP
057540036036-6804;057540036036;100mN31975E42299;MC;OS;3;82;W;F;75XX;EMP
057540036036-6805;057540036036;100mN31996E42268;PO;MIX;3;70;M;F;6574;EMP
057540036036-6805;057540036036;100mN31996E42268;PO;MIX;3;27;S;F;2529;EMP
057540036036-6805;057540036036;100mN31996E42268;PO;MIX;3;34;S;F;3039;NEP
057540036036-6806;057540036036;100mN31996E42268;S;NA;1;89;M;F;75XX;EMP
057540036036-6807;057540036036;100mN31968E42278;S;OS;1;18;M;M;1824;UEP
057540036036-6808;057540036036;100mN31996E42267;S;NA;1;69;S;F;6574;EMP
057540036036-6809;057540036036;100mN31996E42268;MC;NA;5;56;M;F;5064;NEP
057540036036-6809;057540036036;100mN31996E42268;MC;NA;5;56;M;M;5064;NEP
057540036036-6809;057540036036;100mN31996E42268;MC;NA;5;7;S;M;0614;NEP
057540036036-6809;057540036036;100mN31996E42268;MC;NA;5;40;M;M;4049;EMP
057540036036-6809;057540036036;100mN31996E42268;MC;NA;5;15;S;M;1517;EMP
057540036036-6810;057540036036;100mN31975E42248;SF;NA;2;50;S;F;5064;EMP
057540036036-6810;057540036036;100mN31975E42248;SF;NA;2;19;S;M;1824;EMP
057540036036-6811;057540036036;100mN31996E42268;MC;OS;4;88;M;F;75XX;EMP
057540036036-6811;057540036036;100mN31996E42268;MC;OS;4;42;S;M;4049;EMP
057540036036-6811;057540036036;100mN31996E42268;MC;OS;4;73;M;F;6574;EMP
057540036036-6811;057540036036;100mN31996E42268;MC;OS;4;76;W;M;75XX;EMP
057540036036-6812;057540036036;100mN31996E42268;MC;NA;2;62;M;F;5064;NEP
057540036036-6812;057540036036;100mN31996E42268;MC;NA;2;59;M;M;5064;EMP
057540036036-6813;057540036036;100mN32014E42253;PO;NA;3;20;S;M;1824;EMP
057540036036-6813;057540036036;100mN32014E42253;PO;NA;3;18;S;M;1824;EMP
057540036036-6813;057540036036;100mN32014E42253;PO;NA;3;4;S;F;0305;NEP
057540036036-6814;057540036036;100mN31999E42272;S;OS;1;46;S;M;4049;EMP
057540036036-6815;057540036036;100mN32005E42285;MC;NA;4;50;M;M;5064;EMP
057540036036-6815;057540036036;100mN32005E42285;MC;NA;4;47;M;F;4049;EMP
057540036036-6815;057540036036;100mN32005E42285;MC;NA;4;23;S;F;1824;EMP
057540036036-6815;057540036036;100mN32005E42285;MC;NA;4;13;S;M;0614;NEP
057540036036-6816;057540036036;100mN31999E42272;SM;NA;2;58;S;M;5064;UEP
057540036036-6816;057540036036;100mN31999E42272;SM;NA;2;16;S;F;1517;EMP
057540036036-6817;057540036036;100mN32009E42289;S;OS;1;28;D;M;2529;EMP
057540036036-6818;057540036036;100mN32008E42278;S;OS;1;48;M;M;4049;EMP
057540036036-6819;057540036036;100mN31999E42272;SF;NA;3;32;W;F;3039;NEP
057540036036-6819;057540036036;100mN31999E42272;SF;NA;3;16;S;F;1517;EMP
057540036036-6819;057540036036;100mN31999E42272;SF;NA;3;12;S;M;0614;NEP
057540036036-6820;057540036036;100mN31999E42272;S;OS;1;66;S;M;6574;EMP
057540036036-6821;057540036036;100mN31999E42272;PO;NA;3;52;S;F;5064;EMP
057540036036-6821;057540036036;100mN31999E42272;PO;NA;3;53;S;F;5064;EMP
057540036036-6821;057540036036;100mN31999E42272;PO;NA;3;9;S;F;0614;NEP
057540036036-6822;057540036036;100mN31999E42272;MC;NA;2;57;M;M;5064;NEP
057540036036-6822;057540036036;100mN31999E42272;MC;NA;2;57;M;F;5064;EMP
057540036036-6823;057540036036;100mN32008E42276;S;NA;1;58;S;F;5064;EMP
057540036036-6824;057540036036;100mN32013E42289;MC;MIX;2;89;M;F;75XX;NEP
057540036036-6824;057540036036;100mN32013E42289;MC;MIX;2;13;S;F;0614;NEP
057540036036-6825;057540036036;100mN31995E42267;MC;OS;2;77;M;F;75XX;EMP
057540036036-6825;057540036036;100mN31995E42267;MC;OS;2;79;M;M;75XX;UEP
057540036036-6826;057540036036;100mN31975E42248;MC;NA;3;42;M;M;4049;EMP
057540036036-6826;057540036036;100mN31975E42248;MC;NA;3;42;M;F;4049;EMP
057540036036-6826;057540036036;100mN31975E42248;MC;NA;3;19;S;M;1824;NEP
057540036036-6827;057540036036;100mN31999E42272;S;OS;1;32;W;F;3039;EMP
057540036036-6828;057540036036;100mN32001E42288;SF;NA;2;81;D;F;75XX;EMP
057540036036-6828;057540036036;100mN32001E42288;SF;NA;2;58;M;F;5064;NEP
057540036036-6829;057540036036;100mN31968E42255;SF;NA;3;40;W;F;4049;EMP
057540036036-6829;057540036036;100mN31968E42255;SF;NA;3;23;W;F;1824;NEP
057540036036-6829;057540036036;100mN31968E42255;SF;NA;3;22;D;M;1824;EMP
057540036036-6830;057540036036;100mN31999E42272;MC;OS;2;75;M;M;75XX;EMP
057540036036-6830;057540036036;100mN31999E42272;MC;OS;2;71;M;F;6574;EMP
057540036036-6831;057540036036;100mN31960E42299;MC;NA;2;43;M;F;4049;NEP
057540036036-6831;057540036036;100mN31960E42299;MC;NA;2;61;M;M;5064;EMP
057540036036-6832;057540036036;100mN31960E42299;S;NA;1;73;M;F;6574;EMP
057540036036-6833;057540036036;100mN31960E42299;MC;NA;4;30;M;F;3039;EMP
057540036036-6833;057540036036;100mN31960E42299;MC;NA;4;32;M;M;3039;EMP
057540036036-6833;057540036036;100mN31960E42299;MC;NA;4;12;S;F;0614;NEP
057540036036-6833;057540036036;100mN31960E42299;MC;NA;4;7;S;M;0614;NEP
057540036036-6834;057540036036;100mN31970E42253;MC;NA;2;46;M;F;4049;EMP
057540036036-6834;057540036036;100mN31970E42253;MC;NA;2;46;M;M;4049;EMP
057540036036-6835;057540036036;100mN31976E42275;PO;MIX;2;65;S;M;6574;EMP
057540036036-6835;057540036036;100mN31976E42275;PO;MIX;2;60;S;F;5064;NEP
057540036036-6836;057540036036;100mN32005E42258;S;NA;1;47;M;M;4049;EMP
057540036036-6837;057540036036;100mN31972E42258;S;OS;1;26;M;M;2529;EMP
057540036036-6838;057540036036;100mN31972E42258;MC;NA;4;62;M;M;5064;EMP
057540036036-6838;057540036036;100mN31972E42258;MC;NA;4;59;M;F;5064;NEP
057540036036-6838;057540036036;100mN31972E42258;MC;NA;4;41;M;M;4049;NEP
057540036036-6838;057540036036;100mN31972E42258;MC;NA;4;10;S;M;0614;NEP
057540036036-6839;057540036036;100mN31972E42258;MC;NA;4;61;M;M;5064;EMP
057540036036-6839;057540036036;100mN31972E42258;MC;NA;4;59;M;F;5064;EMP
057540036036-6839;057540036036;100mN31972E42258;MC;NA;4;6;S;M;0614;NEP
057540036036-6839;057540036036;100mN31972E42258;MC;NA;4;7;S;M;0614;NEP
057540036036-6840;057540036036;100mN31996E42284;MC;NA;4;43;M;M;4049;EMP
057540036036-6840;057540036036;100mN31996E42284;MC;NA;4;41;M;F;4049;NEP
057540036036-6840;057540036036;100mN31996E42284;MC;NA;4;15;S;F;1517;NEP
057540036036-6840;057540036036;100mN31996E42284;MC;NA;4;13;S;M;0614;NEP
057540036036-6841;057540036036;100mN32022E42251;MC;NA;3;32;M;F;3039;NEP
057540036036-6841;057540036036;100mN32022E42251;MC;NA;3;34;M;M;3039;NEP
057540036036-6841;057540036036;100mN32022E42251;MC;NA;3;6;S;M;0614;NEP
057540036036-6842;057540036036;100mN31996E42284;MC;MIX;4;79;M;F;75XX;NEP
057540036036-6842;057540036036;100mN31996E42284;MC;MIX;4;45;M;M;4049;EMP
057540036036-6842;057540036036;100mN31996E42284;MC;MIX;4;48;M;F;4049;NEP
057540036036-6842;057540036036;100mN31996E42284;MC;MIX;4;13;S;F;0614;NEP
057540036036-6843;057540036036;100mN32012E42237;S;OS;1;42;M;M;4049;EMP
057540036036-6844;057540036036;100mN32003E42258;SF;NA;5;50;W;F;5064;NEP
057540036036-6844;057540036036;100mN32003E42258;SF;NA;5;32;M;F;3039;NEP
057540036036-6844;057540036036;100mN32003E42258;SF;NA;5;16;S;F;1517;NEP
057540036036-6844;057540036036;100mN32003E42258;SF;NA;5;8;S;M;0614;NEP
057540036036-6844;057540036036;100mN32003E42258;SF;NA;5;16;S;M;1517;EMP
057540036036-6845;057540036036;100mN32012E42237;MC;OS;4;86;M;F;75XX;EMP
057540036036-6845;057540036036;100mN32012E42237;MC;OS;4;88;M;M;75XX;NEP
057540036036-6845;057540036036;100mN32012E42237;MC;OS;4;79;S;F;75XX;EMP
057540036036-6845;057540036036;100mN32012E42237;MC;OS;4;65;W;F;6574;NEP
057540036036-6846;057540036036;100mN32002E42302;MC;NA;2;45;M;F;4049;NEP
057540036036-6846;057540036036;100mN32002E42302;MC;NA;2;52;M;M;5064;EMP
057540036036-6847;057540036036;100mN32006E42250;SF;NA;2;71;S;F;6574;NEP
057540036036-6847;057540036036;100mN32006E42250;SF;NA;2;48;M;M;4049;EMP
057540036036-6848;057540036036;100mN32006E42250;MC;NA;3;41;M;M;4049;NEP
057540036036-6848;057540036036;100mN32006E42250;MC;NA;3;37;M;F;3039;EMP
057540036036-6848;057540036036;100mN32006E42250;MC;NA;3;19;S;F;1824;EMP
057540036036-6849;057540036036;100mN32006E42250;NA;NA;2;35;M;M;3039;EMP
057540036036-6849;057540036036;100mN32006E42250;NA;NA;2;18;M;M;1824;EMP
057540036036-6850;057540036036;100mN32018E42228;S;OS;1;20;M;F;1824;NEP
057540036036-6851;057540036036;100mN32006E42250;MC;NA;6;46;M;F;4049;EMP
057540036036-6851;057540036036;100mN32006E42250;MC;NA;6;47;M;M;4049;EMP
057540036036-6851;057540036036;100mN32006E42250;MC;NA;6;6;S;F;0614;NEP
057540036036-6851;057540036036;100mN32006E42250;MC;NA;6;13;S;F;0614;NEP
057540036036-6851;057540036036;100mN32006E42250;MC;NA;6;13;S;M;0614;NEP
057540036036-6851;057540036036;100mN32006E42250;MC;NA;6;10;S;F;0614;NEP
057540036036-6852;057540036036;100mN32006E42250;MC;NA;4;61;M;F;5064;EMP
057540036036-6852;057540036036;100mN32006E42250;MC;NA;4;59;M;M;5064;EMP
057540036036-6852;057540036036;100mN32006E42250;MC;NA;4;9;S;M;0614;NEP
057540036036-6852;057540036036;100mN32006E42250;MC;NA;4;34;M;M;3039;EMP
057540036036-6853;057540036036;100mN32006E42250;MC;NA;2;40;M;M;4049;NEP
057540036036-6853;057540036036;100mN32006E42250;MC;NA;2;48;M;F;4049;EMP
057540036036-6854;057540036036;100mN32006E42250;S;NA;1;63;S;F;5064;NEP
057540036036-6855;057540036036;100mN32007E42285;S;NA;1;30;S;M;3039;NEP
057540036036-6856;057540036036;100mN32004E42281;MC;NA;5;56;M;F;5064;NEP
057540036036-6856;057540036036;100mN32004E42281;MC;NA;5;59;M;M;5064;EMP
057540036036-6856;057540036036;100mN32004E42281;MC;NA;5;16;S;M;1517;UEP
057540036036-6856;057540036036;100mN32004E42281;MC;NA;5;16;S;M;1517;EMP
057540036036-6856;057540036036;100mN32004E42281;MC;NA;5;9;S;M;0614;NEP
057540036036-6857;057540036036;100mN32013E42286;S;NA;1;71;S;M;6574;EMP
057540036036-6858;057540036036;100mN32018E42289;MC;NA;6;61;M;F;5064;EMP
057540036036-6858;057540036036;100mN32018E42289;MC;NA;6;61;M;M;5064;EMP
057540036036-6858;057540036036;100mN32018E42289;MC;NA;6;9;S;M;0614;NEP
057540036036-6858;057540036036;100mN32018E42289;MC;NA;6;16;S;M;1517;EMP
057540036036-6858;057540036036;100mN32018E42289;MC;NA;6;26;D;M;2529;NEP
057540036036-6858;057540036036;100mN32018E42289;MC;NA;6;42;S;M;4049;EMP
057540036036-6859;057540036036;100mN32004E42276;MC;NA;3;59;M;F;5064;NEP
057540036036-6859;057540036036;100mN32004E42276;MC;NA;3;63;M;M;5064;EMP
057540036036-6859;057540036036;100mN32004E42276;MC;NA;3;43;W;F;4049;NEP
057540036036-6860;057540036036;100mN31950E42250;NA;MIX;3;36;S;M;3039;EMP
057540036036-6860;057540036036;100mN31950E42250;NA;MIX;3;44;M;F;4049;NEP
057540036036-6860;057540036036;100mN31950E42250;NA;MIX;3;77;D;M;75XX;NEP
057540036036-6861;057540036036;100mN32004E42276;PO;NA;3;47;S;M;4049;EMP
057540036036-6861;057540036036;100mN32004E42276;PO;NA;3;47;S;F;4049;NEP
057540036036-6861;057540036036;100mN32004E42276;PO;NA;3;25;M;M;2529;EMP
057540036036-6862;057540036036;100mN32004E42276;S;NA;1;38;M;F;3039;EMP
057540036036-6863;057540036036;100mN32004E42276;S;NA;1;37;S;M;3039;NEP
057540036036-6864;057540036036;100mN32004E42276;MC;MIX;4;81;M;F;75XX;EMP
057540036036-6864;057540036036;100mN32004E42276;MC;MIX;4;33;M;F;3039;EMP
057540036036-6864;057540036036;100mN32004E42276;MC;MIX;4;41;M;M;4049;NEP
057540036036-6864;057540036036;100mN32004E42276;MC;MIX;4;1;S;F;0003;NEP
057540036036-6865;057540036036;100mN32004E42276;MC;NA;5;35;M;F;3039;EMP
057540036036-6865;057540036036;100mN32004E42276;MC;NA;5;43;M;M;4049;NEP
057540036036-6865;057540036036;100mN32004E42276;MC;NA;5;20;S;M;1824;EMP
057540036036-6865;057540036036;100mN32004E42276;MC;NA;5;4;S;F;0305;NEP
057540036036-6865;057540036036;100mN32004E42276;MC;NA;5;16;S;M;1517;EMP
057540036036-6866;057540036036;100mN31983E42280;S;NA;1;46;M;M;4049;EMP
057540036036-6867;057540036036;100mN32004E42276;MC;NA;3;51;M;F;5064;EMP
057540036036-6867;057540036036;100mN32004E42276;MC;NA;3;53;M;M;5064;NEP
057540036036-6867;057540036036;100mN32004E42276;MC;NA;3;20;M;M;1824;EMP
057540036036-6868;057540036036;100mN32004E42276;MC;OS;4;70;M;F;6574;NEP
057540036036-6868;057540036036;100mN32004E42276;MC;OS;4;70;M;M;6574;EMP
057540036036-6868;057540036036;100mN32004E42276;MC;OS;4;71;M;M;6574;NEP
057540036036-6868;057540036036;100mN32004E42276;MC;OS;4;75;S;F;75XX;EMP
057540036036-6869;057540036036;100mN32004E42276;S;NA;1;21;M;M;1824;NEP
057540036036-6870;057540036036;100mN32004E42276;MC;OS;2;80;M;F;75XX;NEP
057540036036-6870;057540036036;100mN32004E42276;MC;OS;2;89;M;M;75XX;EMP
057540036036-6871;057540036036;100mN32004E42276;MC;NA;2;45;M;M;4049;EMP
057540036036-6871;057540036036;100mN32004E42276;MC;NA;2;44;M;F;4049;EMP
057540036036-6872;057540036036;100mN32009E42291;SF;NA;2;61;S;F;5064;EMP
057540036036-6872;057540036036;100mN32009E42291;SF;NA;2;16;S;F;1517;EMP
057540036036-6873;057540036036;100mN32001E42289;PO;NA;2;42;S;M;4049;NEP
057540036036-6873;057540036036;100mN32001E42289;PO;NA;2;41;S;F;4049;EMP
057540036036-6874;057540036036;100mN32022E42252;SF;MIX;2;66;S;F;6574;EMP
057540036036-6874;057540036036;100mN32022E42252;SF;MIX;2;4;S;M;0305;NEP
057540036036-6875;057540036036;100mN32008E42278;S;NA;1;70;D;M;6574;EMP
057540036036-6876;057540036036;100mN32004E42276;PO;NA;3;21;S;M;1824;EMP
057540036036-6876;057540036036;100mN32004E42276;PO;NA;3;18;S;M;1824;EMP
057540036036-6876;057540036036;100mN32004E42276;PO;NA;3;3;S;M;0305;NEP
057540036036-6877;057540036036;100mN32004E42276;MC;NA;4;42;M;M;4049;EMP
057540036036-6877;057540036036;100mN32004E42276;MC;NA;4;41;M;F;4049;EMP
057540036036-6877;057540036036;100mN32004E42276;MC;NA;4;25;M;F;2529;EMP
057540036036-6877;057540036036;100mN32004E42276;MC;NA;4;13;S;F;0614;NEP
057540036036-6878;057540036036;100mN32013E42249;MC;NA;2;60;M;M;5064;NEP
057540036036-6878;057540036036;100mN32013E42249;MC;NA;2;54;M;F;5064;NEP
057540036036-6879;057540036036;100mN32018E42252;MC;NA;2;61;M;F;5064;NEP
057540036036-6879;057540036036;100mN32018E42252;MC;NA;2;56;M;M;5064;EMP
057540036036-6880;057540036036;100mN32005E42287;PO;NA;3;41;S;F;4049;EMP
057540036036-6880;057540036036;100mN32005E42287;PO;NA;3;42;S;F;4049;NEP
057540036036-6880;057540036036;100mN32005E42287;PO;NA;3;13;S;M;0614;NEP
057540036036-6881;057540036036;100mN32005E42287;S;OS;1;46;M;F;4049;EMP
057540036036-6882;057540036036;100mN32005E42287;PO;NA;2;44;S;M;4049;EMP
057540036036-6882;057540036036;100mN32005E42287;PO;NA;2;40;S;M;4049;EMP
057540036036-6883;057540036036;100mN32005E42287;S;NA;1;23;S;F;1824;EMP
057540036036-6884;057540036036;100mN32012E42227;MC;NA;3;38;M;M;3039;EMP
057540036036-6884;057540036036;100mN32012E42227;MC;NA;3;32;M;F;3039;NEP
057540036036-6884;057540036036;100mN32012E42227;MC;NA;3;13;S;M;0614;NEP
057540036036-6885;057540036036;100mN31973E42245;PO;NA;3;57;S;M;5064;EMP
057540036036-6885;057540036036;100mN31973E42245;PO;NA;3;48;S;F;4049;NEP
057540036036-6885;057540036036;100mN31973E42245;PO;NA;3;35;S;M;3039;NEP
057540036036-6886;057540036036;100mN32012E42225;MC;OS;4;73;M;F;6574;NEP
057540036036-6886;057540036036;100mN32012E42225;MC;OS;4;78;M;M;75XX;EMP
057540036036-6886;057540036036;100mN32012E42225;MC;OS;4;67;M;M;6574;EMP
057540036036-6886;057540036036;100mN32012E42225;MC;OS;4;81;D;M;75XX;NEP
057540036036-6887;057540036036;100mN32012E42225;NA;NA;3;22;W;F;1824;NEP
057540036036-6887;057540036036;100mN32012E42225;NA;NA;3;58;S;F;5064;EMP
057540036036-6887;057540036036;100mN32012E42225;NA;NA;3;53;D;F;5064;EMP
057540036036-6888;057540036036;100mN32012E42225;MC;NA;2;48;M;F;4049;EMP
057540036036-6888;057540036036;100mN32012E42225;MC;NA;2;51;M;M;5064;NEP
057540036036-6889;057540036036;100mN31975E42298;MC;OS;4;65;M;M;6574;UEP
057540036036-6889;057540036036;100mN31975E42298;MC;OS;4;72;M;F;6574;EMP
057540036036-6889;057540036036;100mN31975E42298;MC;OS;4;78;M;M;75XX;EMP
057540036036-6889;057540036036;100mN31975E42298;MC;OS;4;68;W;F;6574;NEP
057540036036-6890;057540036036;100mN32012E42225;S;NA;1;33;S;M;3039;EMP
057540036036-6891;057540036036;100mN31999E42256;S;NA;1;30;S;M;3039;EMP
057540036036-6892;057540036036;100mN32012E42225;MC;MIX;5;76;M;F;75XX;NEP
057540036036-6892;057540036036;100mN32012E42225;MC;MIX;5;25;M;M;2529;EMP
057540036036-6892;057540036036;100mN32012E42225;MC;MIX;5;22;M;F;1824;EMP
057540036036-6892;057540036036;100mN32012E42225;MC;MIX;5;1;S;F;0003;NEP
057540036036-6892;057540036036;100mN32012E42225;MC;MIX;5;10;S;F;0614;NEP
057540036036-6893;057540036036;100mN32012E42225;S;NA;1;36;D;M;3039;EMP
057540036036-6894;057540036036;100mN32012E42225;S;NA;1;40;M;F;4049;EMP
057540036036-6895;057540036036;100mN32012E42225;S;NA;1;32;M;M;3039;EMP
057540036036-6896;057540036036;100mN32012E42225;S;NA;1;51;W;F;5064;NEP
057540036036-6897;057540036036;100mN32001E42289;MC;NA;2;44;M;F;4049;EMP
057540036036-6897;057540036036;100mN32001E42289;MC;NA;2;45;M;M;4049;EMP
057540036036-6898;057540036036;100mN31995E42267;NA;NA;2;33;S;M;3039;EMP
057540036036-6898;057540036036;100mN31995E42267;NA;NA;2;26;M;F;2529;EMP
057540036036-6899;057540036036;100mN32012E42225;MC;NA;3;20;M;F;1824;EMP
057540036036-6899;057540036036;100mN32012E42225;MC;NA;3;21;M;M;1824;EMP
057540036036-6899;057540036036;100mN32012E42225;MC;NA;3;3;S;F;0305;NEP
057540036036-6900;057540036036;100mN32012E42225;MC;OS;3;76;M;M;75XX;EMP
057540036036-6900;057540036036;100mN32012E42225;MC;OS;3;70;M;F;6574;EMP
057540036036-6900;057540036036;100mN32012E42225;MC;OS;3;68;M;F;6574;EMP
057540036036-6901;057540036036;100mN32012E42225;MC;NA;5;59;M;M;5064;EMP
057540036036-6901;057540036036;100mN32012E42225;MC;NA;5;51;M;F;5064;EMP
057540036036-6901;057540036036;100mN32012E42225;MC;NA;5;18;D;M;1824;EMP
057540036036-6901;057540036036;100mN32012E42225;MC;NA;5;15;S;M;1517;EMP
057540036036-6901;057540036036;100mN32012E42225;MC;NA;5;16;S;F;1517;NEP
057540036036-6902;057540036036;100mN31993E42266;MC;NA;2;58;M;M;5064;EMP
057540036036-6902;057540036036;100mN31993E42266;MC;NA;2;58;M;F;5064;NEP
057540036036-6903;057540036036;100mN31993E42266;MC;NA;4;20;M;M;1824;EMP
057540036036-6903;057540036036;100mN31993E42266;MC;NA;4;18;M;F;1824;EMP
057540036036-6903;057540036036;100mN31993E42266;MC;NA;4;4;S;F;0305;NEP
057540036036-6903;057540036036;100mN31993E42266;MC;NA;4;2;S;M;0003;NEP
057540036036-6904;057540036036;100mN31993E42266;S;NA;1;40;M;F;4049;NEP
057540036036-6905;057540036036;100mN32017E42247;PO;MIX;5;65;M;F;6574;NEP
057540036036-6905;057540036036;100mN32017E42247;PO;MIX;5;34;S;M;3039;NEP
057540036036-6905;057540036036;100mN32017E42247;PO;MIX;5;31;S;F;3039;NEP
057540036036-6905;057540036036;100mN32017E42247;PO;MIX;5;18;W;F;1824;EMP
057540036036-6905;057540036036;100mN32017E42247;PO;MIX;5;9;S;M;0614;NEP
057540036036-6906;057540036036;100mN31994E42256;MC;MIX;4;73;S;M;6574;EMP
057540036036-6906;057540036036;100mN31994E42256;MC;MIX;4;43;M;M;4049;EMP
057540036036-6906;057540036036;100mN31994E42256;MC;MIX;4;34;M;F;3039;EMP
057540036036-6906;057540036036;100mN31994E42256;MC;MIX;4;7;S;M;0614;NEP
057540036036-6907;057540036036;100mN31999E42260;MC;NA;3;32;M;M;3039;EMP
057540036036-6907;057540036036;100mN31999E42260;MC;NA;3;27;M;F;2529;EMP
057540036036-6907;057540036036;100mN31999E42260;MC;NA;3;0;S;M;0003;NEP
057540036036-6908;057540036036;100mN31994E42256;SM;NA;2;54;S;M;5064;UEP
057540036036-6908;057540036036;100mN31994E42256;SM;NA;2;9;S;F;0614;NEP
057540036036-6909;057540036036;100mN31996E42267;S;OS;1;20;M;F;1824;EMP
057540036036-6910;057540036036;100mN31994E42256;MC;NA;2;51;M;F;5064;EMP
057540036036-6910;057540036036;100mN31994E42256;MC;NA;2;53;M;M;5064;EMP
057540036036-6911;057540036036;100mN31994E42256;MC;NA;4;28;M;F;2529;EMP
057540036036-6911;057540036036;100mN31994E42256;MC;NA;4;30;M;M;3039;NEP
057540036036-6911;057540036036;100mN31994E42256;MC;NA;4;13;S;F;0614;NEP
057540036036-6911;057540036036;100mN31994E42256;MC;NA;4;8;S;F;0614;NEP
057540036036-6912;057540036036;100mN31994E42256;S;OS;1;42;S;F;4049;NEP
057540036036-6913;057540036036;100mN32014E42253;MC;NA;2;59;M;M;5064;EMP
057540036036-6913;057540036036;100mN32014E42253;MC;NA;2;53;M;F;5064;EMP
057540036036-6914;057540036036;100mN32008E42283;MC;NA;4;63;M;M;5064;EMP
057540036036-6914;057540036036;100mN32008E42283;MC;NA;4;63;M;F;5064;EMP
057540036036-6914;057540036036;100mN32008E42283;MC;NA;4;8;S;M;0614;NEP
057540036036-6914;057540036036;100mN32008E42283;MC;NA;4;7;S;M;0614;NEP
057540036036-6915;057540036036;100mN32014E42253;MC;NA;2;58;M;M;5064;NEP
057540036036-6915;057540036036;100mN32014E42253;MC;NA;2;58;M;F;5064;NEP
057540036036-6916;057540036036;100mN32014E42253;MC;NA;3;53;M;F;5064;EMP
057540036036-6916;057540036036;100mN32014E42253;MC;NA;3;54;M;M;5064;EMP
057540036036-6916;057540036036;100mN32014E42253;MC;NA;3;13;S;F;0614;NEP
057540036036-6917;057540036036;100mN32014E42253;PO;NA;3;20;S;M;1824;EMP
057540036036-6917;057540036036;100mN32014E42253;PO;NA;3;18;S;M;1824;EMP
057540036036-6917;057540036036;100mN32014E42253;PO;NA;3;4;S;F;0305;NEP
057540036036-6918;057540036036;100mN32013E42240;MC;MIX;6;67;D;F;6574;EMP
057540036036-6918;057540036036;100mN32013E42240;MC;MIX;6;46;M;F;4049;EMP
057540036036-6918;057540036036;100mN32013E42240;MC;MIX;6;43;M;M;4049;EMP
057540036036-6918;057540036036;100mN32013E42240;MC;MIX;6;15;S;F;1517;NEP
057540036036-6918;057540036036;100mN32013E42240;MC;MIX;6;4;S;M;0305;NEP
057540036036-6918;057540036036;100mN32013E42240;MC;MIX;6;23;S;F;1824;EMP
057540036036-6919;057540036036;100mN32014E42253;SF;NA;3;63;D;F;5064;NEP
057540036036-6919;057540036036;100mN32014E42253;SF;NA;3;15;S;F;1517;EMP
057540036036-6919;057540036036;100mN32014E42253;SF;NA;3;3;S;M;0305;NEP
057540036036-6920;057540036036;100mN32004E42278;SF;NA;4;35;D;F;3039;EMP
057540036036-6920;057540036036;100mN32004E42278;SF;NA;4;16;S;F;1517;EMP
057540036036-6920;057540036036;100mN32004E42278;SF;NA;4;7;S;M;0614;NEP
057540036036-6920;057540036036;100mN32004E42278;SF;NA;4;0;S;F;0003;NEP
057540036036-6921;057540036036;100mN31964E42308;MC;MIX;3;67;S;F;6574;EMP
057540036036-6921;057540036036;100mN31964E42308;MC;MIX;3;60;M;M;5064;UEP
057540036036-6921;057540036036;100mN31964E42308;MC;MIX;3;58;M;F;5064;EMP
057540036036-6922;057540036036;100mN31964E42308;S;NA;1;44;D;M;4049;EMP
057540036036-6923;057540036036;100mN31964E42308;S;NA;1;58;W;M;5064;EMP
057540036036-6924;057540036036;100mN31964E42308;S;NA;1;37;M;M;3039;NEP
057540036036-6925;057540036036;100mN31990E42259;S;NA;1;28;D;M;2529;EMP
057540036036-6926;057540036036;100mN32009E42247;S;OS;1;43;S;F;4049;EMP
057540036036-6927;057540036036;100mN31964E42308;MC;NA;4;48;M;F;4049;NEP
057540036036-6927;057540036036;100mN31964E42308;MC;NA;4;54;M;M;5064;EMP
057540036036-6927;057540036036;100mN31964E42308;MC;NA;4;10;S;M;0614;NEP
057540036036-6927;057540036036;100mN31964E42308;MC;NA;4;28;W;F;2529;EMP
057540036036-6928;057540036036;100mN31964E42308;SF;NA;2;34;S;F;3039;EMP
057540036036-6928;057540036036;100mN31964E42308;SF;NA;2;19;S;M;1824;EMP
057540036036-6929;057540036036;100mN31964E42308;S;NA;1;60;S;M;5064;NEP
057540036036-6930;057540036036;100mN31964E42308;MC;NA;4;55;M;M;5064;EMP
057540036036-6930;057540036036;100mN31964E42308;MC;NA;4;52;M;F;5064;EMP
057540036036-6930;057540036036;100mN31964E42308;MC;NA;4;12;S;F;0614;NEP
057540036036-6930;057540036036;100mN31964E42308;MC;NA;4;13;S;M;0614;NEP
057540036036-6931;057540036036;100mN31964E42308;S;NA;1;23;W;M;1824;EMP
057540036036-6932;057540036036;100mN31964E42308;PO;NA;6;61;S;M;5064;EMP
057540036036-6932;057540036036;100mN31964E42308;PO;NA;6;62;S;F;5064;EMP
057540036036-6932;057540036036;100mN31964E42308;PO;NA;6;3;S;M;0305;NEP
057540036036-6932;057540036036;100mN31964E42308;PO;NA;6;31;M;M;3039;EMP
057540036036-6932;057540036036;100mN31964E42308;PO;NA;6;3;S;F;0305;NEP
057540036036-6932;057540036036;100mN31964E42308;PO;NA;6;7;S;M;0614;NEP
057540036036-6933;057540036036;100mN31964E42308;S;OS;1;26;S;M;2529;EMP
057540036036-6934;057540036036;100mN31964E42308;MC;NA;4;37;M;F;3039;EMP
057540036036-6934;057540036036;100mN31964E42308;MC;NA;4;35;M;M;3039;EMP
057540036036-6934;057540036036;100mN31964E42308;MC;NA;4;15;S;F;1517;EMP
057540036036-6934;057540036036;100mN31964E42308;MC;NA;4;10;S;F;0614;NEP
057540036036-6935;057540036036;100mN31964E42308;MC;NA;2;25;M;M;2529;EMP
057540036036-6935;057540036036;100mN31964E42308;MC;NA;2;25;M;F;2529;NEP
057540036036-6936;057540036036;100mN32005E42258;MC;OS;2;66;M;M;6574;EMP
057540036036-6936;057540036036;100mN32005E42258;MC;OS;2;67;M;F;6574;EMP
057540036036-6937;057540036036;100mN32009E42280;MC;NA;4;27;M;M;2529;NEP
057540036036-6937;057540036036;100mN32009E42280;MC;NA;4;25;M;F;2529;EMP
057540036036-6937;057540036036;100mN32009E42280;MC;NA;4;10;S;M;0614;NEP
057540036036-6937;057540036036;100mN32009E42280;MC;NA;4;6;S;F;0614;NEP
057540036036-6938;057540036036;100mN31972E42261;PO;MIX;2;81;S;F;75XX;NEP
057540036036-6938;057540036036;100mN31972E42261;PO;MIX;2;63;M;M;5064;EMP
057540036036-6939;057540036036;100mN31972E42261;S;NA;1;59;S;M;5064;EMP
057540036036-6940;057540036036;100mN31993E42261;S;NA;1;34;W;F;3039;NEP
057540036036-6941;057540036036;100mN32017E42249;S;OS;1;62;M;F;5064;NEP
057540036036-6942;057540036036;100mN32017E42249;SF;NA;6;56;D;F;5064;EMP
057540036036-6942;057540036036;100mN32017E42249;SF;NA;6;26;S;F;2529;NEP
057540036036-6942;057540036036;100mN32017E42249;SF;NA;6;9;S;F;0614;NEP
057540036036-6942;057540036036;100mN32017E42249;SF;NA;6;2;S;M;0003;NEP
057540036036-6942;057540036036;100mN32017E42249;SF;NA;6;6;S;F;0614;NEP
057540036036-6942;057540036036;100mN32017E42249;SF;NA;6;25;S;M;2529;NEP
057540036036-6943;057540036036;100mN32017E42249;SM;NA;3;31;D;M;3039;EMP
057540036036-6943;057540036036;100mN32017E42249;SM;NA;3;10;S;M;0614;NEP
057540036036-6943;057540036036;100mN32017E42249;SM;NA;3;2;S;M;0003;NEP
057540036036-6944;057540036036;100mN32017E42249;MC;NA;4;40;M;M;4049;EMP
057540036036-6944;057540036036;100mN32017E42249;MC;NA;4;33;M;F;3039;EMP
057540036036-6944;057540036036;100mN32017E42249;MC;NA;4;9;S;F;0614;NEP
057540036036-6944;057540036036;100mN32017E42249;MC;NA;4;2;S;F;0003;NEP
057540036036-6945;057540036036;100mN32018E42254;MC;NA;2;42;M;F;4049;EMP
057540036036-6945;057540036036;100mN32018E42254;MC;NA;2;44;M;M;4049;EMP
057540036036-6946;057540036036;100mN32018E42254;S;OS;1;32;S;F;3039;EMP
057540036036-6947;057540036036;100mN31973E42268;MC;OS;2;89;M;F;75XX;NEP
057540036036-6947;057540036036;100mN31973E42268;MC;OS;2;46;S;M;4049;NEP
057540036036-6948;057540036036;100mN32005E42283;MC;OS;4;67;M;M;6574;EMP
057540036036-6948;057540036036;100mN32005E42283;MC;OS;4;66;M;F;6574;NEP
057540036036-6948;057540036036;100mN32005E42283;MC;OS;4;65;W;F;6574;NEP
057540036036-6948;057540036036;100mN32005E42283;MC;OS;4;77;S;F;75XX;EMP
057540036036-6949;057540036036;100mN32004E42278;SF;NA;2;32;W;F;3039;NEP
057540036036-6949;057540036036;100mN32004E42278;SF;NA;2;16;S;F;1517;EMP
057540036036-6950;057540036036;100mN32018E42254;MC;NA;2;33;M;M;3039;NEP
057540036036-6950;057540036036;100mN32018E42254;MC;NA;2;30;M;F;3039;EMP
057540036036-6951;057540036036;100mN32018E42254;MC;NA;3;61;M;F;5064;NEP
057540036036-6951;057540036036;100mN32018E42254;MC;NA;3;61;M;M;5064;UEP
057540036036-6951;057540036036;100mN32018E42254;MC;NA;3;10;S;F;0614;NEP
057540036036-6952;057540036036;100mN32018E42254;MC;NA;2;40;M;F;4049;NEP
057540036036-6952;057540036036;100mN32018E42254;MC;NA;2;36;M;M;3039;EMP
057540036036-6953;057540036036;100mN32007E42287;SF;MIX;3;68;M;M;6574;EMP
057540036036-6953;057540036036;100mN32007E42287;SF;MIX;3;66;D;F;6574;EMP
057540036036-6953;057540036036;100mN32007E42287;SF;MIX;3;7;S;F;0614;NEP
057540036036-6954;057540036036;100mN32018E42254;MC;OS;3;76;M;F;75XX;EMP
057540036036-6954;057540036036;100mN32018E42254;MC;OS;3;85;M;M;75XX;EMP
057540036036-6954;057540036036;100mN32018E42254;MC;OS;3;73;M;F;6574;EMP
057540036036-6955;057540036036;100mN32018E42254;MC;NA;2;55;M;M;5064;EMP
057540036036-6955;057540036036;100mN32018E42254;MC;NA;2;54;M;F;5064;EMP
057540036036-6956;057540036036;100mN32018E42254;MC;NA;3;60;M;F;5064;EMP
057540036036-6956;057540036036;100mN32018E42254;MC;NA;3;25;M;F;2529;NEP
057540036036-6956;057540036036;100mN32018E42254;MC;NA;3;16;S;M;1517;EMP
057540036036-6957;057540036036;100mN31999E42260;S;OS;1;37;M;M;3039;EMP
057540036036-6958;057540036036;100mN32013E42244;SM;MIX;3;72;M;M;6574;EMP
057540036036-6958;057540036036;100mN32013E42244;SM;MIX;3;66;S;M;6574;EMP
057540036036-6958;057540036036;100mN32013E42244;SM;MIX;3;28;S;F;2529;NEP
057540036036-6959;057540036036;100mN31999E42260;PO;NA;3;56;S;F;5064;NEP
057540036036-6959;057540036036;100mN31999E42260;PO;NA;3;58;S;M;5064;EMP
057540036036-6959;057540036036;100mN31999E42260;PO;NA;3;4;S;F;0305;NEP
057540036036-6960;057540036036;100mN31999E42260;S;NA;1;41;W;M;4049;NEP
057540036036-6961;057540036036;100mN31999E42260;S;OS;1;69;M;M;6574;EMP
057540036036-6962;057540036036;100mN32018E42246;MC;NA;3;35;M;M;3039;EMP
057540036036-6962;057540036036;100mN32018E42246;MC;NA;3;37;M;F;3039;EMP
057540036036-6962;057540036036;100mN32018E42246;MC;NA;3;20;D;M;1824;NEP
057540036036-6963;057540036036;100mN31975E42277;PO;NA;5;33;S;F;3039;NEP
057540036036-6963;057540036036;100mN31975E42277;PO;NA;5;33;S;M;3039;EMP
057540036036-6963;057540036036;100mN31975E42277;PO;NA;5;8;S;F;0614;NEP
057540036036-6963;057540036036;100mN31975E42277;PO;NA;5;2;S;F;0003;NEP
057540036036-6963;057540036036;100mN31975E42277;PO;NA;5;7;S;M;0614;NEP
057540036036-6964;057540036036;100mN31999E42260;MC;NA;3;34;M;M;3039;EMP
057540036036-6964;057540036036;100mN31999E42260;MC;NA;3;43;M;F;4049;EMP
057540036036-6964;057540036036;100mN31999E42260;MC;NA;3;13;S;F;0614;NEP
057540036036-6965;057540036036;100mN31999E42260;MC;NA;2;54;M;F;5064;EMP
057540036036-6965;057540036036;100mN31999E42260;MC;NA;2;54;M;M;5064;EMP
057540036036-6966;057540036036;100mN31999E42260;MC;MIX;2;71;M;M;6574;EMP
057540036036-6966;057540036036;100mN31999E42260;MC;MIX;2;36;S;M;3039;EMP
057540036036-6967;057540036036;100mN31976E42250;MC;NA;2;36;M;M;3039;UEP
057540036036-6967;057540036036;100mN31976E42250;MC;NA;2;38;M;F;3039;EMP
057540036036-6968;057540036036;100mN31975E42256;S;NA;1;63;M;F;5064;NEP
057540036036-6969;057540036036;100mN31995E42260;MC;MIX;5;82;W;F;75XX;NEP
057540036036-6969;057540036036;100mN31995E42260;MC;MIX;5;33;M;M;3039;EMP
057540036036-6969;057540036036;100mN31995E42260;MC;MIX;5;34;M;F;3039;NEP
057540036036-6969;057540036036;100mN31995E42260;MC;MIX;5;3;S;F;0305;NEP
057540036036-6969;057540036036;100mN31995E42260;MC;MIX;5;18;M;M;1824;EMP
057540036036-6970;057540036036;100mN31999E42260;SF;NA;4;37;D;F;3039;NEP
057540036036-6970;057540036036;100mN31999E42260;SF;NA;4;22;M;M;1824;EMP
057540036036-6970;057540036036;100mN31999E42260;SF;NA;4;15;S;F;1517;NEP
057540036036-6970;057540036036;100mN31999E42260;SF;NA;4;4;S;M;0305;NEP
057540036036-6971;057540036036;100mN31998E42256;SF;MIX;5;72;M;F;6574;NEP
057540036036-6971;057540036036;100mN31998E42256;SF;MIX;5;41;W;F;4049;EMP
057540036036-6971;057540036036;100mN31998E42256;SF;MIX;5;0;S;F;0003;NEP
057540036036-6971;057540036036;100mN31998E42256;SF;MIX;5;9;S;M;0614;NEP
057540036036-6971;057540036036;100mN31998E42256;SF;MIX;5;22;M;F;1824;EMP
057540036036-6972;057540036036;100mN31976E42256;MC;NA;3;32;M;F;3039;EMP
057540036036-6972;057540036036;100mN31976E42256;MC;NA;3;28;M;M;2529;UEP
057540036036-6972;057540036036;100mN31976E42256;MC;NA;3;15;S;M;1517;EMP
057540036036-6973;057540036036;100mN32010E42252;MC;NA;2;31;M;M;3039;EMP
057540036036-6973;057540036036;100mN32010E42252;MC;NA;2;40;M;F;4049;EMP
057540036036-6974;057540036036;100mN31999E42260;S;NA;1;31;S;F;3039;NEP
057540036036-6975;057540036036;100mN31999E42260;SF;NA;3;34;W;F;3039;NEP
057540036036-6975;057540036036;100mN31999E42260;SF;NA;3;19;M;M;1824;EMP
057540036036-6975;057540036036;100mN31999E42260;SF;NA;3;16;S;M;1517;EMP
057540036036-6976;057540036036;100mN31992E42262;MC;OS;2;77;M;F;75XX;EMP
057540036036-6976;057540036036;100mN31992E42262;MC;OS;2;87;M;M;75XX;UEP
057540036036-6977;057540036036;100mN32017E42255;SF;NA;4;38;D;F;3039;EMP
057540036036-6977;057540036036;100mN32017E42255;SF;NA;4;12;S;M;0614;NEP
057540036036-6977;057540036036;100mN32017E42255;SF;NA;4;1;S;M;0003;NEP
057540036036-6977;057540036036;100mN32017E42255;SF;NA;4;18;S;F;1824;NEP
057540036036-6978;057540036036;100mN32018E42243;MC;NA;2;46;M;F;4049;NEP
057540036036-6978;057540036036;100mN32018E42243;MC;NA;2;53;M;M;5064;EMP
057540036036-6979;057540036036;100mN32017E42255;SF;NA;3;71;W;F;6574;EMP
057540036036-6979;057540036036;100mN32017E42255;SF;NA;3;13;S;M;0614;NEP
057540036036-6979;057540036036;100mN32017E42255;SF;NA;3;25;S;M;2529;NEP
057540036036-6980;057540036036;100mN32026E42264;PO;OS;2;68;S;F;6574;EMP
057540036036-6980;057540036036;100mN32026E42264;PO;OS;2;69;S;F;6574;NEP
057540036036-6981;057540036036;100mN31999E42260;S;NA;1;60;M;F;5064;NEP
057540036036-6982;057540036036;100mN32001E42258;PO;NA;4;41;S;F;4049;EMP
057540036036-6982;057540036036;100mN32001E42258;PO;NA;4;33;S;M;3039;EMP
057540036036-6982;057540036036;100mN32001E42258;PO;NA;4;6;S;M;0614;NEP
057540036036-6982;057540036036;100mN32001E42258;PO;NA;4;3;S;M;0305;NEP
057540036036-6983;057540036036;100mN31975E42301;MC;NA;3;53;M;M;5064;EMP
057540036036-6983;057540036036;100mN31975E42301;MC;NA;3;44;M;F;4049;EMP
057540036036-6983;057540036036;100mN31975E42301;MC;NA;3;16;S;M;1517;NEP
057540036036-6984;057540036036;100mN31999E42260;MC;NA;2;32;M;M;3039;NEP
057540036036-6984;057540036036;100mN31999E42260;MC;NA;2;31;M;F;3039;EMP
057540036036-6985;057540036036;100mN31999E42260;MC;NA;3;32;M;M;3039;EMP
057540036036-6985;057540036036;100mN31999E42260;MC;NA;3;27;M;F;2529;EMP
057540036036-6985;057540036036;100mN31999E42260;MC;NA;3;0;S;M;0003;NEP
057540036036-6986;057540036036;100mN31963E42305;MC;NA;2;45;M;F;4049;EMP
057540036036-6986;057540036036;100mN31963E42305;MC;NA;2;54;M;M;5064;EMP
057540036036-6987;057540036036;100mN31999E42260;MC;NA;2;22;M;M;1824;NEP
057540036036-6987;057540036036;100mN31999E42260;MC;NA;2;18;M;F;1824;NEP
057540036036-6988;057540036036;100mN31969E42275;MC;NA;4;42;M;F;4049;NEP
057540036036-6988;057540036036;100mN31969E42275;MC;NA;4;42;M;M;4049;EMP
057540036036-6988;057540036036;100mN31969E42275;MC;NA;4;10;S;F;0614;NEP
057540036036-6988;057540036036;100mN31969E42275;MC;NA;4;12;S;M;0614;NEP
057540036036-6989;057540036036;100mN31969E42275;S;OS;1;46;M;M;4049;EMP
057540036036-6990;057540036036;100mN31969E42275;PO;OS;6;70;S;F;6574;NEP
057540036036-6990;057540036036;100mN31969E42275;PO;OS;6;71;S;F;6574;NEP
057540036036-6990;057540036036;100mN31969E42275;PO;OS;6;69;D;F;6574;EMP
057540036036-6990;057540036036;100mN31969E42275;PO;OS;6;69;S;M;6574;EMP
057540036036-6990;057540036036;100mN31969E42275;PO;OS;6;88;M;M;75XX;EMP
057540036036-6990;057540036036;100mN31969E42275;PO;OS;6;78;M;M;75XX;EMP
057540036036-6991;057540036036;100mN31969E42256;MC;NA;2;41;M;M;4049;EMP
057540036036-6991;057540036036;100mN31969E42256;MC;NA;2;38;M;F;3039;NEP
057540036036-6992;057540036036;100mN31989E42265;MC;MIX;5;71;W;F;6574;EMP
057540036036-6992;057540036036;100mN31989E42265;MC;MIX;5;59;M;F;5064;EMP
057540036036-6992;057540036036;100mN31989E42265;MC;MIX;5;59;M;M;5064;EMP
057540036036-6992;057540036036;100mN31989E42265;MC;MIX;5;10;S;M;0614;NEP
057540036036-6992;057540036036;100mN31989E42265;MC;MIX;5;44;D;M;4049;EMP
057540036036-6993;057540036036;100mN32018E42247;S;NA;1;44;S;M;4049;EMP
057540036036-6994;057540036036;100mN32018E42247;MC;NA;4;19;M;M;1824;NEP
057540036036-6994;057540036036;100mN32018E42247;MC;NA;4;18;M;F;1824;EMP
057540036036-6994;057540036036;100mN32018E42247;MC;NA;4;2;S;F;0003;NEP
057540036036-6994;057540036036;100mN32018E42247;MC;NA;4;1;S;M;0003;NEP
057540036036-6995;057540036036;100mN31999E42259;MC;MIX;2;66;M;F;6574;NEP
057540036036-6995;057540036036;100mN31999E42259;MC;MIX;2;31;S;M;3039;NEP
057540036036-6996;057540036036;100mN32008E42289;MC;NA;2;62;M;M;5064;EMP
057540036036-6996;057540036036;100mN32008E42289;MC;NA;2;62;M;F;5064;NEP
057540036036-6997;057540036036;100mN32007E42281;SF;NA;4;51;W;F;5064;NEP
057540036036-6997;057540036036;100mN32007E42281;SF;NA;4;8;S;M;0614;NEP
057540036036-6997;057540036036;100mN32007E42281;SF;NA;4;2;S;M;0003;NEP
057540036036-6997;057540036036;100mN32007E42281;SF;NA;4;19;M;F;1824;NEP
057540036036-6998;057540036036;100mN32018E42247;SF;NA;4;37;W;F;3039;EMP
057540036036-6998;057540036036;100mN32018E42247;SF;NA;4;13;S;F;0614;NEP
057540036036-6998;057540036036;100mN32018E42247;SF;NA;4;13;S;M;0614;NEP
057540036036-6998;057540036036;100mN32018E42247;SF;NA;4;9;S;M;0614;NEP
057540036036-6999;057540036036;100mN32018E42247;MC;OS;3;67;M;F;6574;NEP
057540036036-6999;057540036036;100mN32018E42247;MC;OS;3;70;M;M;6574;NEP
057540036036-6999;057540036036;100mN32018E42247;MC;OS;3;72;S;M;6574;EMP
057540036036-7000;057540036036;100mN32013E42286;S;NA;1;30;S;M;3039;EMP
057540036036-7001;057540036036;100mN32013E42286;MC;OS;4;77;M;F;75XX;NEP
057540036036-7001;057540036036;100mN32013E42286;MC;OS;4;77;M;M;75XX;EMP
057540036036-7001;057540036036;100mN32013E42286;MC;OS;4;77;M;M;75XX;EMP
057540036036-7001;057540036036;100mN32013E42286;MC;OS;4;67;S;M;6574;EMP
057540036036-7002;057540036036;100mN31990E42260;S;NA;1;46;S;F;4049;NEP
057540036036-7003;057540036036;100mN31990E42260;MC;NA;2;44;M;M;4049;NEP
057540036036-7003;057540036036;100mN31990E42260;MC;NA;2;40;M;F;4049;NEP
057540036036-7004;057540036036;100mN31990E42260;MC;NA;3;40;M;F;4049;NEP
057540036036-7004;057540036036;100mN31990E42260;MC;NA;3;58;M;M;5064;EMP
057540036036-7004;057540036036;100mN31990E42260;MC;NA;3;15;S;F;1517;NEP
057540036036-7005;057540036036;100mN32009E42249;S;NA;1;59;M;F;5064;EMP
057540036036-7006;057540036036;100mN31990E42260;S;NA;1;70;D;M;6574;EMP
057540036036-7007;057540036036;100mN31976E42248;MC;NA;4;54;M;M;5064;EMP
057540036036-7007;057540036036;100mN31976E42248;MC;NA;4;47;M;F;4049;EMP
057540036036-7007;057540036036;100mN31976E42248;MC;NA;4;6;S;F;0614;NEP
057540036036-7007;057540036036;100mN31976E42248;MC;NA;4;4;S;F;0305;NEP
057540036036-7008;057540036036;100mN31990E42260;MC;NA;2;23;M;F;1824;EMP
057540036036-7008;057540036036;100mN31990E42260;MC;NA;2;25;M;M;2529;EMP
057540036036-7009;057540036036;100mN31990E42260;SF;NA;5;81;S;F;75XX;NEP
057540036036-7009;057540036036;100mN31990E42260;SF;NA;5;4;S;M;0305;NEP
057540036036-7009;057540036036;100mN31990E42260;SF;NA;5;10;S;F;0614;NEP
057540036036-7009;057540036036;100mN31990E42260;SF;NA;5;6;S;F;0614;NEP
057540036036-7009;057540036036;100mN31990E42260;SF;NA;5;44;D;F;4049;EMP
057540036036-7010;057540036036;100mN31990E42260;S;OS;1;45;S;F;4049;NEP
057540036036-7011;057540036036;100mN32013E42286;S;NA;1;16;S;M;1517;EMP
057540036036-7012;057540036036;100mN31983E42259;PO;NA;4;41;S;F;4049;EMP
057540036036-7012;057540036036;100mN31983E42259;PO;NA;4;41;S;M;4049;EMP
057540036036-7012;057540036036;100mN31983E42259;PO;NA;4;9;S;M;0614;NEP
057540036036-7012;057540036036;100mN31983E42259;PO;NA;4;18;M;M;1824;EMP
057540036036-7013;057540036036;100mN32022E42252;MC;NA;2;58;M;F;5064;NEP
057540036036-7013;057540036036;100mN32022E42252;MC;NA;2;63;M;M;5064;UEP
057540036036-7014;057540036036;100mN31995E42265;MC;NA;2;59;M;M;5064;NEP
057540036036-7014;057540036036;100mN31995E42265;MC;NA;2;47;M;F;4049;NEP
057540036036-7015;057540036036;100mN32022E42252;SF;NA;3;41;W;F;4049;NEP
057540036036-7015;057540036036;100mN32022E42252;SF;NA;3;15;S;M;1517;EMP
057540036036-7015;057540036036;100mN32022E42252;SF;NA;3;11;S;M;0614;NEP
057540036036-7016;057540036036;100mN32013E42286;MC;NA;4;50;M;M;5064;EMP
057540036036-7016;057540036036;100mN32013E42286;MC;NA;4;41;M;F;4049;EMP
057540036036-7016;057540036036;100mN32013E42286;MC;NA;4;34;M;F;3039;EMP
057540036036-7016;057540036036;100mN32013E42286;MC;NA;4;7;S;F;0614;NEP
057540036036-7017;057540036036;100mN32013E42286;S;NA;1;68;S;M;6574;EMP
057540036036-7018;057540036036;100mN32008E42283;MC;NA;4;63;M;M;5064;EMP
057540036036-7018;057540036036;100mN32008E42283;MC;NA;4;63;M;F;5064;EMP
057540036036-7018;057540036036;100mN32008E42283;MC;NA;4;8;S;M;0614;NEP
057540036036-7018;057540036036;100mN32008E42283;MC;NA;4;7;S;M;0614;NEP
057540036036-7019;057540036036;100mN32013E42286;S;NA;1;80;D;M;75XX;NEP
057540036036-7020;057540036036;100mN31986E42260;MC;MIX;4;73;M;M;6574;EMP
057540036036-7020;057540036036;100mN31986E42260;MC;MIX;4;63;M;F;5064;NEP
057540036036-7020;057540036036;100mN31986E42260;MC;MIX;4;56;M;M;5064;EMP
057540036036-7020;057540036036;100mN31986E42260;MC;MIX;4;6;S;F;0614;NEP
057540036036-7021;057540036036;100mN32013E42286;MC;NA;3;32;M;F;3039;NEP
057540036036-7021;057540036036;100mN32013E42286;MC;NA;3;36;M;M;3039;NEP
057540036036-7021;057540036036;100mN32013E42286;MC;NA;3;3;S;M;0305;NEP
057540036036-7022;057540036036;100mN32013E42286;MC;NA;4;32;M;M;3039;EMP
057540036036-7022;057540036036;100mN32013E42286;MC;NA;4;25;M;F;2529;NEP
057540036036-7022;057540036036;100mN32013E42286;MC;NA;4;8;S;M;0614;NEP
057540036036-7022;057540036036;100mN32013E42286;MC;NA;4;11;S;F;0614;NEP
057540036036-7023;057540036036;100mN32013E42286;SF;NA;4;69;S;F;6574;EMP
057540036036-7023;057540036036;100mN32013E42286;SF;NA;4;6;S;M;0614;NEP
057540036036-7023;057540036036;100mN32013E42286;SF;NA;4;1;S;M;0003;NEP
057540036036-7023;057540036036;100mN32013E42286;SF;NA;4;8;S;M;0614;NEP
057540036036-7024;057540036036;100mN32013E42286;S;NA;1;71;S;M;6574;EMP
057540036036-7025;057540036036;100mN32013E42286;S;NA;1;47;D;M;4049;EMP
057540036036-7026;057540036036;100mN32013E42286;MC;NA;4;63;M;M;5064;EMP
057540036036-7026;057540036036;100mN32013E42286;MC;NA;4;55;M;F;5064;EMP
057540036036-7026;057540036036;100mN32013E42286;MC;NA;4;46;M;F;4049;NEP
057540036036-7026;057540036036;100mN32013E42286;MC;NA;4;0;S;F;0003;NEP
057540036036-7027;057540036036;100mN31976E42251;MC;NA;2;55;M;M;5064;EMP
057540036036-7027;057540036036;100mN31976E42251;MC;NA;2;52;M;F;5064;EMP
057540036036-7028;057540036036;100mN32013E42286;S;NA;1;30;S;M;3039;EMP
057540036036-7029;057540036036;100mN32013E42286;S;NA;1;16;S;M;1517;EMP
057540036036-7030;057540036036;100mN32007E42288;SF;NA;4;62;W;F;5064;EMP
057540036036-7030;057540036036;100mN32007E42288;SF;NA;4;16;S;M;1517;EMP
057540036036-7030;057540036036;100mN32007E42288;SF;NA;4;8;S;F;0614;NEP
057540036036-7030;057540036036;100mN32007E42288;SF;NA;4;15;S;F;1517;EMP
057540036036-7031;057540036036;100mN32013E42286;MC;NA;3;18;M;M;1824;EMP
057540036036-7031;057540036036;100mN32013E42286;MC;NA;3;18;M;F;1824;EMP
057540036036-7031;057540036036;100mN32013E42286;MC;NA;3;0;S;F;0003;NEP
057540036036-7032;057540036036;100mN32013E42286;MC;OS;4;77;M;F;75XX;NEP
057540036036-7032;057540036036;100mN32013E42286;MC;OS;4;77;M;M;75XX;EMP
057540036036-7032;057540036036;100mN32013E42286;MC;OS;4;77;M;M;75XX;EMP
057540036036-7032;057540036036;100mN32013E42286;MC;OS;4;67;S;M;6574;EMP
057540036036-7033;057540036036;100mN31989E42262;MC;NA;4;31;M;M;3039;EMP
057540036036-7033;057540036036;100mN31989E42262;MC;NA;4;27;M;F;2529;EMP
057540036036-7033;057540036036;100mN31989E42262;MC;NA;4;7;S;F;0614;NEP
057540036036-7033;057540036036;100mN31989E42262;MC;NA;4;2;S;M;0003;NEP
057540036036-7034;057540036036;100mN31995E42265;MC;OS;2;71;M;M;6574;UEP
057540036036-7034;057540036036;100mN31995E42265;MC;OS;2;65;M;F;6574;NEP
057540036036-7035;057540036036;100mN32010E42252;PO;OS;2;70;S;F;6574;NEP
057540036036-7035;057540036036;100mN32010E42252;PO;OS;2;77;S;M;75XX;NEP
057540036036-7036;057540036036;100mN31989E42262;MC;NA;3;31;M;M;3039;EMP
057540036036-7036;057540036036;100mN31989E42262;MC;NA;3;22;M;F;1824;EMP
057540036036-7036;057540036036;100mN31989E42262;MC;NA;3;13;S;F;0614;NEP
057540036036-7037;057540036036;100mN31989E42262;MC;NA;3;45;M;F;4049;EMP
057540036036-7037;057540036036;100mN31989E42262;MC;NA;3;52;M;M;5064;EMP
057540036036-7037;057540036036;100mN31989E42262;MC;NA;3;8;S;M;0614;NEP
057540036036-7038;057540036036;100mN31989E42262;MC;OS;2;89;M;F;75XX;NEP
057540036036-7038;057540036036;100mN31989E42262;MC;OS;2;15;S;F;1517;NEP
057540036036-7039;057540036036;100mN31989E42262;MC;NA;5;23;M;M;1824;UEP
057540036036-7039;057540036036;100mN31989E42262;MC;NA;5;21;M;F;1824;NEP
057540036036-7039;057540036036;100mN31989E42262;MC;NA;5;3;S;M;0305;NEP
057540036036-7039;057540036036;100mN31989E42262;MC;NA;5;6;S;M;0614;NEP
057540036036-7039;057540036036;100mN31989E42262;MC;NA;5;4;S;F;0305;NEP
057540036036-7040;057540036036;100mN32005E42285;MC;OS;5;68;M;F;6574;NEP
057540036036-7040;057540036036;100mN32005E42285;MC;OS;5;68;M;M;6574;EMP
057540036036-7040;057540036036;100mN32005E42285;MC;OS;5;66;D;M;6574;EMP
057540036036-7040;057540036036;100mN32005E42285;MC;OS;5;70;M;M;6574;EMP
057540036036-7040;057540036036;100mN32005E42285;MC;OS;5;79;W;F;75XX;NEP
057540036036-7041;057540036036;100mN31989E42262;MC;OS;2;70;M;F;6574;EMP
057540036036-7041;057540036036;100mN31989E42262;MC;OS;2;89;M;M;75XX;EMP
057540036036-7042;057540036036;100mN31973E42247;MC;NA;5;44;M;M;4049;NEP
057540036036-7042;057540036036;100mN31973E42247;MC;NA;5;44;M;F;4049;NEP
057540036036-7042;057540036036;100mN31973E42247;MC;NA;5;22;D;M;1824;EMP
057540036036-7042;057540036036;100mN31973E42247;MC;NA;5;27;M;M;2529;EMP
057540036036-7042;057540036036;100mN31973E42247;MC;NA;5;25;M;F;2529;NEP
057540036036-7043;057540036036;100mN31975E42258;MC;NA;3;50;M;M;5064;NEP
057540036036-7043;057540036036;100mN31975E42258;MC;NA;3;58;M;F;5064;EMP
057540036036-7043;057540036036;100mN31975E42258;MC;NA;3;15;S;F;1517;EMP
057540036036-7044;057540036036;100mN31975E42258;MC;NA;5;32;M;F;3039;EMP
057540036036-7044;057540036036;100mN31975E42258;MC;NA;5;38;M;M;3039;EMP
057540036036-7044;057540036036;100mN31975E42258;MC;NA;5;3;S;F;0305;NEP
057540036036-7044;057540036036;100mN31975E42258;MC;NA;5;13;S;M;0614;NEP
057540036036-7044;057540036036;100mN31975E42258;MC;NA;5;4;S;F;0305;NEP
057540036036-7045;057540036036;100mN31975E42258;MC;NA;2;60;M;F;5064;NEP
057540036036-7045;057540036036;100mN31975E42258;MC;NA;2;61;M;M;5064;NEP
057540036036-7046;057540036036;100mN31977E42265;MC;NA;6;50;M;F;5064;EMP
057540036036-7046;057540036036;100mN31977E42265;MC;NA;6;47;M;M;4049;EMP
057540036036-7046;057540036036;100mN31977E42265;MC;NA;6;6;S;F;0614;NEP
057540036036-7046;057540036036;100mN31977E42265;MC;NA;6;26;S;F;2529;EMP
057540036036-7046;057540036036;100mN31977E42265;MC;NA;6;7;S;M;0614;NEP
057540036036-7046;057540036036;100mN31977E42265;MC;NA;6;13;S;M;0614;NEP
057540036036-7047;057540036036;100mN32013E42289;MC;NA;3;62;M;M;5064;NEP
057540036036-7047;057540036036;100mN32013E42289;MC;NA;3;61;M;F;5064;EMP
057540036036-7047;057540036036;100mN32013E42289;MC;NA;3;10;S;M;0614;NEP
057540036036-7048;057540036036;100mN32013E42289;MC;NA;3;30;M;F;3039;NEP
057540036036-7048;057540036036;100mN32013E42289;MC;NA;3;32;M;M;3039;NEP
057540036036-7048;057540036036;100mN32013E42289;MC;NA;3;15;S;F;1517;NEP
057540036036-7049;057540036036;100mN32013E42289;PO;MIX;4;77;M;F;75XX;NEP
057540036036-7049;057540036036;100mN32013E42289;PO;MIX;4;34;S;F;3039;NEP
057540036036-7049;057540036036;100mN32013E42289;PO;MIX;4;36;S;F;3039;EMP
057540036036-7049;057540036036;100mN32013E42289;PO;MIX;4;7;S;F;0614;NEP
057540036036-7050;057540036036;100mN32007E42287;MC;MIX;3;66;M;M;6574;EMP
057540036036-7050;057540036036;100mN32007E42287;MC;MIX;3;63;M;M;5064;EMP
057540036036-7050;057540036036;100mN32007E42287;MC;MIX;3;54;M;F;5064;EMP
057540036036-7051;057540036036;100mN32013E42289;S;NA;1;28;S;F;2529;EMP
057540036036-7052;057540036036;100mN32013E42289;MC;MIX;2;89;M;F;75XX;NEP
057540036036-7052;057540036036;100mN32013E42289;MC;MIX;2;13;S;F;0614;NEP
057540036036-7053;057540036036;100mN32005E42277;S;OS;1;19;S;M;1824;EMP
057540036036-7054;057540036036;100mN32013E42289;S;NA;1;63;S;M;5064;EMP
057540036036-7055;057540036036;100mN32013E42289;MC;OS;3;71;M;F;6574;NEP
057540036036-7055;057540036036;100mN32013E42289;MC;OS;3;80;M;M;75XX;NEP
057540036036-7055;057540036036;100mN32013E42289;MC;OS;3;87;S;M;75XX;EMP
057540036036-7056;057540036036;100mN31975E42256;S;NA;1;63;M;F;5064;NEP
057540036036-7057;057540036036;100mN32013E42289;MC;NA;6;18;M;M;1824;NEP
057540036036-7057;057540036036;100mN32013E42289;MC;NA;6;20;M;F;1824;NEP
057540036036-7057;057540036036;100mN32013E42289;MC;NA;6;1;S;M;0003;NEP
057540036036-7057;057540036036;100mN32013E42289;MC;NA;6;2;S;F;0003;NEP
057540036036-7057;057540036036;100mN32013E42289;MC;NA;6;0;S;M;0003;NEP
057540036036-7057;057540036036;100mN32013E42289;MC;NA;6;3;S;F;0305;NEP
057540036036-7058;057540036036;100mN31989E42275;MC;NA;6;40;M;F;4049;NEP
057540036036-7058;057540036036;100mN31989E42275;MC;NA;6;48;M;M;4049;NEP
057540036036-7058;057540036036;100mN31989E42275;MC;NA;6;16;S;M;1517;EMP
057540036036-7058;057540036036;100mN31989E42275;MC;NA;6;22;M;M;1824;EMP
057540036036-7058;057540036036;100mN31989E42275;MC;NA;6;7;S;M;0614;NEP
057540036036-7058;057540036036;100mN31989E42275;MC;NA;6;23;S;F;1824;EMP
057540036036-7059;057540036036;100mN31989E42275;S;NA;1;56;M;M;5064;EMP
057540036036-7060;057540036036;100mN31989E42275;S;NA;1;16;S;M;1517;NEP
057540036036-7061;057540036036;100mN31989E42299;MC;OS;2;65;M;F;6574;EMP
057540036036-7061;057540036036;100mN31989E42299;MC;OS;2;72;M;M;6574;NEP
057540036036-7062;057540036036;100mN31976E42252;SF;NA;2;28;D;F;2529;NEP
057540036036-7062;057540036036;100mN31976E42252;SF;NA;2;2;S;F;0003;NEP
057540036036-7063;057540036036;100mN31989E42299;MC;NA;3;41;M;M;4049;NEP
057540036036-7063;057540036036;100mN31989E42299;MC;NA;3;34;M;F;3039;NEP
057540036036-7063;057540036036;100mN31989E42299;MC;NA;3;16;S;F;1517;EMP
057540036036-7064;057540036036;100mN32008E42287;MC;NA;2;32;M;F;3039;NEP
057540036036-7064;057540036036;100mN32008E42287;MC;NA;2;32;M;M;3039;EMP
057540036036-7065;057540036036;100mN32008E42287;S;NA;1;65;M;F;6574;EMP
057540036036-7066;057540036036;100mN32008E42287;MC;MIX;2;65;M;F;6574;EMP
057540036036-7066;057540036036;100mN32008E42287;MC;MIX;2;52;D;M;5064;EMP
057540036036-7067;057540036036;100mN32018E42243;MC;NA;2;40;M;F;4049;EMP
057540036036-7067;057540036036;100mN32018E42243;MC;NA;2;41;M;M;4049;EMP
057540036036-7068;057540036036;100mN32008E42287;S;NA;1;22;D;M;1824;EMP
057540036036-7069;057540036036;100mN32008E42287;MC;OS;3;65;M;M;6574;NEP
057540036036-7069;057540036036;100mN32008E42287;MC;OS;3;84;M;F;75XX;NEP
057540036036-7069;057540036036;100mN32008E42287;MC;OS;3;77;W;F;75XX;NEP
057540036036-7070;057540036036;100mN31987E42295;MC;NA;3;45;M;F;4049;EMP
057540036036-7070;057540036036;100mN31987E42295;MC;NA;3;37;M;M;3039;EMP
057540036036-7070;057540036036;100mN31987E42295;MC;NA;3;1;S;F;0003;NEP
057540036036-7071;057540036036;100mN31987E42295;MC;NA;3;32;M;F;3039;EMP
057540036036-7071;057540036036;100mN31987E42295;MC;NA;3;25;M;M;2529;EMP
057540036036-7071;057540036036;100mN31987E42295;MC;NA;3;7;S;F;0614;NEP
057540036036-7072;057540036036;100mN31987E42295;MC;NA;2;56;M;F;5064;NEP
057540036036-7072;057540036036;100mN31987E42295;MC;NA;2;56;M;M;5064;EMP
057540036036-7073;057540036036;100mN32008E42284;MC;MIX;3;68;M;F;6574;EMP
057540036036-7073;057540036036;100mN32008E42284;MC;MIX;3;45;M;M;4049;EMP
057540036036-7073;057540036036;100mN32008E42284;MC;MIX;3;18;M;F;1824;EMP
057540036036-7074;057540036036;100mN32008E42300;SM;NA;3;89;D;M;75XX;NEP
057540036036-7074;057540036036;100mN32008E42300;SM;NA;3;6;S;M;0614;NEP
057540036036-7074;057540036036;100mN32008E42300;SM;NA;3;9;S;M;0614;NEP
057540036036-7075;057540036036;100mN32008E42300;SF;NA;2;18;S;F;1824;EMP
057540036036-7075;057540036036;100mN32008E42300;SF;NA;2;1;S;M;0003;NEP
057540036036-7076;057540036036;100mN31966E42250;S;NA;1;72;S;F;6574;NEP
057540036036-7077;057540036036;100mN31972E42268;PO;MIX;4;71;M;F;6574;EMP
057540036036-7077;057540036036;100mN31972E42268;PO;MIX;4;43;S;F;4049;NEP
057540036036-7077;057540036036;100mN31972E42268;PO;MIX;4;42;S;F;4049;EMP
057540036036-7077;057540036036;100mN31972E42268;PO;MIX;4;3;S;M;0305;NEP
057540036036-7078;057540036036;100mN31966E42250;MC;NA;2;50;M;M;5064;EMP
057540036036-7078;057540036036;100mN31966E42250;MC;NA;2;47;M;F;4049;EMP
057540036036-7079;057540036036;100mN31966E42250;S;NA;1;19;S;M;1824;NEP
057540036036-7080;057540036036;100mN31966E42250;S;NA;1;54;M;M;5064;EMP
057540036036-7081;057540036036;100mN32004E42281;MC;NA;4;48;M;M;4049;UEP
057540036036-7081;057540036036;100mN32004E42281;MC;NA;4;41;M;F;4049;EMP
057540036036-7081;057540036036;100mN32004E42281;MC;NA;4;10;S;F;0614;NEP
057540036036-7081;057540036036;100mN32004E42281;MC;NA;4;25;W;F;2529;EMP
057540036036-7082;057540036036;100mN31966E42250;SM;NA;3;50;S;M;5064;NEP
057540036036-7082;057540036036;100mN31966E42250;SM;NA;3;2;S;M;0003;NEP
057540036036-7082;057540036036;100mN31966E42250;SM;NA;3;16;S;M;1517;EMP
057540036036-7083;057540036036;100mN31991E42257;S;NA;1;50;M;F;5064;NEP
057540036036-7084;057540036036;100mN31966E42250;MC;OS;2;89;M;F;75XX;EMP
057540036036-7084;057540036036;100mN31966E42250;MC;OS;2;6;S;F;0614;NEP
057540036036-7085;057540036036;100mN31966E42250;MC;OS;3;88;M;M;75XX;NEP
057540036036-7085;057540036036;100mN31966E42250;MC;OS;3;87;M;F;75XX;EMP
057540036036-7085;057540036036;100mN31966E42250;MC;OS;3;77;M;F;75XX;NEP
057540036036-7086;057540036036;100mN32010E42277;MC;NA;2;31;M;F;3039;EMP
057540036036-7086;057540036036;100mN32010E42277;MC;NA;2;31;M;M;3039;EMP
057540036036-7087;057540036036;100mN31966E42250;MC;NA;2;46;M;F;4049;NEP
057540036036-7087;057540036036;100mN31966E42250;MC;NA;2;47;M;M;4049;EMP
057540036036-7088;057540036036;100mN31966E42250;MC;NA;3;61;M;F;5064;NEP
057540036036-7088;057540036036;100mN31966E42250;MC;NA;3;62;M;M;5064;EMP
057540036036-7088;057540036036;100mN31966E42250;MC;NA;3;13;S;M;0614;NEP
057540036036-7089;057540036036;100mN31966E42250;MC;NA;5;31;M;M;3039;NEP
057540036036-7089;057540036036;100mN31966E42250;MC;NA;5;22;M;F;1824;NEP
057540036036-7089;057540036036;100mN31966E42250;MC;NA;5;7;S;M;0614;NEP
057540036036-7089;057540036036;100mN31966E42250;MC;NA;5;4;S;M;0305;NEP
057540036036-7089;057540036036;100mN31966E42250;MC;NA;5;3;S;M;0305;NEP
057540036036-7090;057540036036;100mN31966E42250;S;NA;1;50;M;M;5064;EMP
057540036036-7091;057540036036;100mN31966E42250;MC;OS;2;88;M;F;75XX;EMP
057540036036-7091;057540036036;100mN31966E42250;MC;OS;2;83;M;M;75XX;EMP
057540036036-7092;057540036036;100mN32005E42282;MC;OS;3;89;M;F;75XX;NEP
057540036036-7092;057540036036;100mN32005E42282;MC;OS;3;6;S;F;0614;NEP
057540036036-7092;057540036036;100mN32005E42282;MC;OS;3;71;M;M;6574;EMP
057540036036-7093;057540036036;100mN31990E42267;PO;NA;6;36;S;M;3039;EMP
057540036036-7093;057540036036;100mN31990E42267;PO;NA;6;37;S;M;3039;EMP
057540036036-7093;057540036036;100mN31990E42267;PO;NA;6;20;M;M;1824;EMP
057540036036-7093;057540036036;100mN31990E42267;PO;NA;6;15;S;M;1517;NEP
057540036036-7093;057540036036;100mN31990E42267;PO;NA;6;16;S;F;1517;EMP
057540036036-7093;057540036036;100mN31990E42267;PO;NA;6;3;S;M;0305;NEP
057540036036-7094;057540036036;100mN32008E42289;MC;MIX;2;84;M;F;75XX;EMP
057540036036-7094;057540036036;100mN32008E42289;MC;MIX;2;20;S;M;1824;EMP
057540036036-7095;057540036036;100mN31966E42250;S;OS;1;68;M;F;6574;EMP
057540036036-7096;057540036036;100mN31966E42250;PO;NA;2;33;S;F;3039;NEP
057540036036-7096;057540036036;100mN31966E42250;PO;NA;2;27;S;M;2529;EMP
057540036036-7097;057540036036;100mN31966E42250;MC;NA;2;61;M;M;5064;EMP
057540036036-7097;057540036036;100mN31966E42250;MC;NA;2;59;M;F;5064;NEP
057540036036-7098;057540036036;100mN31993E42269;MC;NA;2;48;M;F;4049;EMP
057540036036-7098;057540036036;100mN31993E42269;MC;NA;2;59;M;M;5064;EMP
057540036036-7099;057540036036;100mN31966E42250;MC;NA;4;61;M;F;5064;NEP
057540036036-7099;057540036036;100mN31966E42250;MC;NA;4;43;S;M;4049;EMP
057540036036-7099;057540036036;100mN31966E42250;MC;NA;4;7;S;M;0614;NEP
057540036036-7099;057540036036;100mN31966E42250;MC;NA;4;38;M;F;3039;EMP
057540036036-7100;057540036036;100mN32018E42255;SM;NA;4;61;S;M;5064;NEP
057540036036-7100;057540036036;100mN32018E42255;SM;NA;4;11;S;F;0614;NEP
057540036036-7100;057540036036;100mN32018E42255;SM;NA;4;40;S;M;4049;EMP
057540036036-7100;057540036036;100mN32018E42255;SM;NA;4;12;S;M;0614;NEP
057540036036-7101;057540036036;100mN32018E42239;MC;NA;2;18;M;M;1824;EMP
057540036036-7101;057540036036;100mN32018E42239;MC;NA;2;18;M;F;1824;EMP
057540036036-7102;057540036036;100mN31999E42256;MC;NA;6;40;M;F;4049;NEP
057540036036-7102;057540036036;100mN31999E42256;MC;NA;6;46;M;M;4049;EMP
057540036036-7102;057540036036;100mN31999E42256;MC;NA;6;16;S;M;1517;EMP
057540036036-7102;057540036036;100mN31999E42256;MC;NA;6;23;M;M;1824;EMP
057540036036-7102;057540036036;100mN31999E42256;MC;NA;6;16;S;M;1517;EMP
057540036036-7102;057540036036;100mN31999E42256;MC;NA;6;6;S;F;0614;NEP
057540036036-7103;057540036036;100mN32017E42255;S;NA;1;58;S;M;5064;NEP
057540036036-7104;057540036036;100mN31966E42250;MC;NA;2;34;M;M;3039;EMP
057540036036-7104;057540036036;100mN31966E42250;MC;NA;2;33;M;F;3039;EMP
057540036036-7105;057540036036;100mN31969E42278;MC;MIX;4;66;M;F;6574;NEP
057540036036-7105;057540036036;100mN31969E42278;MC;MIX;4;62;M;F;5064;EMP
057540036036-7105;057540036036;100mN31969E42278;MC;MIX;4;48;D;F;4049;EMP
057540036036-7105;057540036036;100mN31969E42278;MC;MIX;4;11;S;F;0614;NEP
057540036036-7106;057540036036;100mN32007E42281;MC;NA;3;48;M;M;4049;EMP
057540036036-7106;057540036036;100mN32007E42281;MC;NA;3;45;M;F;4049;NEP
057540036036-7106;057540036036;100mN32007E42281;MC;NA;3;31;S;F;3039;EMP
057540036036-7107;057540036036;100mN31969E42278;MC;NA;2;28;M;F;2529;EMP
057540036036-7107;057540036036;100mN31969E42278;MC;NA;2;33;M;M;3039;EMP
057540036036-7108;057540036036;100mN31969E42278;S;NA;1;67;M;F;6574;EMP
057540036036-7109;057540036036;100mN31992E42261;NA;MIX;2;42;S;M;4049;EMP
057540036036-7109;057540036036;100mN31992E42261;NA;MIX;2;28;S;M;2529;EMP
057540036036-7110;057540036036;100mN31969E42278;MC;NA;3;45;M;M;4049;EMP
057540036036-7110;057540036036;100mN31969E42278;MC;NA;3;45;M;F;4049;NEP
057540036036-7110;057540036036;100mN31969E42278;MC;NA;3;18;M;M;1824;EMP
057540036036-7111;057540036036;100mN31995E42259;MC;NA;2;59;M;F;5064;EMP
057540036036-7111;057540036036;100mN31995E42259;MC;NA;2;63;M;M;5064;NEP
057540036036-7112;057540036036;100mN31969E42278;MC;NA;3;52;M;F;5064;NEP
057540036036-7112;057540036036;100mN31969E42278;MC;NA;3;54;M;M;5064;EMP
057540036036-7112;057540036036;100mN31969E42278;MC;NA;3;11;S;F;0614;NEP
057540036036-7113;057540036036;100mN32018E42238;S;NA;1;46;M;M;4049;EMP
057540036036-7114;057540036036;100mN32018E42238;MC;NA;2;42;M;F;4049;EMP
057540036036-7114;057540036036;100mN32018E42238;MC;NA;2;43;M;M;4049;EMP
057540036036-7115;057540036036;100mN32018E42238;S;OS;1;71;D;F;6574;EMP
057540036036-7116;057540036036;100mN32018E42238;NA;NA;2;58;W;M;5064;EMP
057540036036-7116;057540036036;100mN32018E42238;NA;NA;2;86;M;F;75XX;NEP
057540036036-7117;057540036036;100mN32018E42238;MC;NA;4;38;M;F;3039;EMP
057540036036-7117;057540036036;100mN32018E42238;MC;NA;4;38;M;M;3039;EMP
057540036036-7117;057540036036;100mN32018E42238;MC;NA;4;7;S;M;0614;NEP
057540036036-7117;057540036036;100mN32018E42238;MC;NA;4;13;S;F;0614;NEP
057540036036-7118;057540036036;100mN32009E42232;SF;NA;2;52;W;F;5064;NEP
057540036036-7118;057540036036;100mN32009E42232;SF;NA;2;15;S;F;1517;EMP
057540036036-7119;057540036036;100mN32018E42238;S;NA;1;44;M;M;4049;EMP
057540036036-7120;057540036036;100mN32004E42259;SF;NA;2;66;S;F;6574;EMP
057540036036-7120;057540036036;100mN32004E42259;SF;NA;2;47;D;M;4049;EMP
057540036036-7121;057540036036;100mN32008E42277;PO;MIX;5;70;S;M;6574;NEP
057540036036-7121;057540036036;100mN32008E42277;PO;MIX;5;59;S;F;5064;EMP
057540036036-7121;057540036036;100mN32008E42277;PO;MIX;5;0;S;M;0003;NEP
057540036036-7121;057540036036;100mN32008E42277;PO;MIX;5;12;S;F;0614;NEP
057540036036-7121;057540036036;100mN32008E42277;PO;MIX;5;22;W;F;1824;NEP
057540036036-7122;057540036036;100mN32012E42251;S;OS;1;19;W;F;1824;EMP
057540036036-7123;057540036036;100mN32018E42238;MC;NA;2;45;M;F;4049;EMP
057540036036-7123;057540036036;100mN32018E42238;MC;NA;2;50;M;M;5064;NEP
057540036036-7124;057540036036;100mN32018E42238;MC;OS;4;67;M;M;6574;UEP
057540036036-7124;057540036036;100mN32018E42238;MC;OS;4;67;M;F;6574;EMP
057540036036-7124;057540036036;100mN32018E42238;MC;OS;4;71;M;F;6574;NEP
057540036036-7124;057540036036;100mN32018E42238;MC;OS;4;84;S;F;75XX;EMP
057540036036-7125;057540036036;100mN32018E42238;MC;OS;2;72;M;F;6574;NEP
057540036036-7125;057540036036;100mN32018E42238;MC;OS;2;77;M;M;75XX;UEP
057540036036-7126;057540036036;100mN31958E42293;S;OS;1;53;S;M;5064;NEP
057540036036-7127;057540036036;100mN31992E42257;MC;NA;2;48;M;M;4049;NEP
057540036036-7127;057540036036;100mN31992E42257;MC;NA;2;44;M;F;4049;EMP
057540036036-7128;057540036036;100mN31992E42257;MC;NA;6;31;M;F;3039;EMP
057540036036-7128;057540036036;100mN31992E42257;MC;NA;6;35;M;M;3039;UEP
057540036036-7128;057540036036;100mN31992E42257;MC;NA;6;7;S;F;0614;NEP
057540036036-7128;057540036036;100mN31992E42257;MC;NA;6;12;S;M;0614;NEP
057540036036-7128;057540036036;100mN31992E42257;MC;NA;6;3;S;F;0305;NEP
057540036036-7128;057540036036;100mN31992E42257;MC;NA;6;3;S;M;0305;NEP
057540036036-7129;057540036036;100mN31992E42257;MC;OS;2;87;M;M;75XX;UEP
057540036036-7129;057540036036;100mN31992E42257;MC;OS;2;53;M;M;5064;EMP
057540036036-7130;057540036036;100mN31992E42257;S;NA;1;66;M;M;6574;NEP
057540036036-7131;057540036036;100mN32004E42261;S;OS;1;87;M;F;75XX;EMP
057540036036-7132;057540036036;100mN31992E42257;MC;MIX;6;70;M;M;6574;EMP
057540036036-7132;057540036036;100mN31992E42257;MC;MIX;6;62;M;M;5064;EMP
057540036036-7132;057540036036;100mN31992E42257;MC;MIX;6;58;M;F;5064;NEP
057540036036-7132;057540036036;100mN31992E42257;MC;MIX;6;16;S;F;1517;EMP
057540036036-7132;057540036036;100mN31992E42257;MC;MIX;6;4;S;M;0305;NEP
057540036036-7132;057540036036;100mN31992E42257;MC;MIX;6;7;S;F;0614;NEP
057540036036-7133;057540036036;100mN31992E42257;MC;OS;2;69;M;M;6574;EMP
057540036036-7133;057540036036;100mN31992E42257;MC;OS;2;65;M;F;6574;NEP
057540036036-7134;057540036036;100mN31992E42257;MC;NA;3;50;M;M;5064;EMP
057540036036-7134;057540036036;100mN31992E42257;MC;NA;3;45;M;F;4049;NEP
057540036036-7134;057540036036;100mN31992E42257;MC;NA;3;9;S;F;0614;NEP
057540036036-7135;057540036036;100mN31992E42257;MC;NA;2;41;M;M;4049;NEP
057540036036-7135;057540036036;100mN31992E42257;MC;NA;2;34;M;F;3039;NEP
057540036036-7136;057540036036;100mN31992E42257;S;NA;1;87;M;F;75XX;NEP
057540036036-7137;057540036036;100mN32005E42258;MC;NA;5;41;M;F;4049;NEP
057540036036-7137;057540036036;100mN32005E42258;MC;NA;5;48;M;M;4049;UEP
057540036036-7137;057540036036;100mN32005E42258;MC;NA;5;10;S;M;0614;NEP
057540036036-7137;057540036036;100mN32005E42258;MC;NA;5;26;M;F;2529;EMP
057540036036-7137;057540036036;100mN32005E42258;MC;NA;5;3;S;F;0305;NEP
057540036036-7138;057540036036;100mN32005E42258;SM;NA;4;50;S;M;5064;NEP
057540036036-7138;057540036036;100mN32005E42258;SM;NA;4;10;S;F;0614;NEP
057540036036-7138;057540036036;100mN32005E42258;SM;NA;4;2;S;F;0003;NEP
057540036036-7138;057540036036;100mN32005E42258;SM;NA;4;22;M;F;1824;EMP
057540036036-7139;057540036036;100mN32007E42281;S;OS;1;60;M;M;5064;EMP
057540036036-7140;057540036036;100mN31999E42256;PO;MIX;3;83;S;F;75XX;EMP
057540036036-7140;057540036036;100mN31999E42256;PO;MIX;3;46;S;M;4049;EMP
057540036036-7140;057540036036;100mN31999E42256;PO;MIX;3;41;S;F;4049;NEP
057540036036-7141;057540036036;100mN31975E42277;MC;NA;2;41;M;M;4049;UEP
057540036036-7141;057540036036;100mN31975E42277;MC;NA;2;36;M;F;3039;EMP
057540036036-7142;057540036036;100mN32005E42258;S;NA;1;47;M;M;4049;EMP
057540036036-7143;057540036036;100mN32005E42258;MC;NA;2;35;M;F;3039;EMP
057540036036-7143;057540036036;100mN32005E42258;MC;NA;2;40;M;M;4049;UEP
057540036036-7144;057540036036;100mN32005E42258;MC;NA;4;51;M;F;5064;EMP
057540036036-7144;057540036036;100mN32005E42258;MC;NA;4;44;M;M;4049;EMP
057540036036-7144;057540036036;100mN32005E42258;MC;NA;4;30;S;F;3039;NEP
057540036036-7144;057540036036;100mN32005E42258;MC;NA;4;16;S;M;1517;EMP
057540036036-7145;057540036036;100mN32005E42258;S;NA;1;57;S;M;5064;EMP
057540036036-7146;057540036036;100mN31986E42278;S;OS;1;31;D;M;3039;NEP
057540036036-7147;057540036036;100mN32005E42258;MC;NA;3;20;M;M;1824;EMP
057540036036-7147;057540036036;100mN32005E42258;MC;NA;3;20;M;F;1824;NEP
057540036036-7147;057540036036;100mN32005E42258;MC;NA;3;4;S;M;0305;NEP
057540036036-7148;057540036036;100mN32005E42258;MC;NA;4;46;M;M;4049;UEP
057540036036-7148;057540036036;100mN32005E42258;MC;NA;4;41;M;F;4049;NEP
057540036036-7148;057540036036;100mN32005E42258;MC;NA;4;9;S;M;0614;NEP
057540036036-7148;057540036036;100mN32005E42258;MC;NA;4;0;S;F;0003;NEP
057540036036-7149;057540036036;100mN32005E42258;MC;NA;4;31;M;F;3039;EMP
057540036036-7149;057540036036;100mN32005E42258;MC;NA;4;32;M;M;3039;EMP
057540036036-7149;057540036036;100mN32005E42258;MC;NA;4;13;S;F;0614;NEP
057540036036-7149;057540036036;100mN32005E42258;MC;NA;4;2;S;M;0003;NEP
057540036036-7150;057540036036;100mN32005E42258;S;OS;1;57;M;F;5064;NEP
057540036036-7151;057540036036;100mN31961E42247;SF;NA;2;35;W;F;3039;EMP
057540036036-7151;057540036036;100mN31961E42247;SF;NA;2;18;M;F;1824;EMP
057540036036-7152;057540036036;100mN31962E42308;S;NA;1;45;M;F;4049;NEP
057540036036-7153;057540036036;100mN32005E42258;SM;MIX;5;70;M;M;6574;EMP
057540036036-7153;057540036036;100mN32005E42258;SM;MIX;5;46;D;M;4049;NEP
057540036036-7153;057540036036;100mN32005E42258;SM;MIX;5;2;S;M;0003;NEP
057540036036-7153;057540036036;100mN32005E42258;SM;MIX;5;30;D;F;3039;NEP
057540036036-7153;057540036036;100mN32005E42258;SM;MIX;5;16;S;F;1517;EMP
057540036036-7154;057540036036;100mN32005E42258;MC;OS;2;66;M;M;6574;EMP
057540036036-7154;057540036036;100mN32005E42258;MC;OS;2;67;M;F;6574;EMP
057540036036-7155;057540036036;100mN32005E42258;MC;MIX;2;89;M;F;75XX;EMP
057540036036-7155;057540036036;100mN32005E42258;MC;MIX;2;40;S;F;4049;EMP
057540036036-7156;057540036036;100mN32005E42258;MC;NA;2;18;M;F;1824;EMP
057540036036-7156;057540036036;100mN32005E42258;MC;NA;2;51;M;M;5064;EMP
057540036036-7157;057540036036;100mN32005E42258;S;OS;1;40;S;M;4049;UEP
057540036036-7158;057540036036;100mN32005E42258;MC;MIX;2;65;M;M;6574;NEP
057540036036-7158;057540036036;100mN32005E42258;MC;MIX;2;63;M;F;5064;EMP
057540036036-7159;057540036036;100mN32005E42258;S;NA;1;73;M;F;6574;NEP
057540036036-7160;057540036036;100mN32005E42258;MC;OS;3;84;M;M;75XX;EMP
057540036036-7160;057540036036;100mN32005E42258;MC;OS;3;75;M;F;75XX;EMP
057540036036-7160;057540036036;100mN32005E42258;MC;OS;3;67;M;F;6574;EMP
057540036036-7161;057540036036;100mN32010E42289;MC;MIX;2;69;M;F;6574;EMP
057540036036-7161;057540036036;100mN32010E42289;MC;MIX;2;16;S;F;1517;EMP
057540036036-7162;057540036036;100mN32005E42258;MC;OS;2;65;M;M;6574;EMP
057540036036-7162;057540036036;100mN32005E42258;MC;OS;2;66;M;F;6574;NEP
057540036036-7163;057540036036;100mN32005E42258;MC;NA;2;43;M;M;4049;NEP
057540036036-7163;057540036036;100mN32005E42258;MC;NA;2;40;M;F;4049;EMP
057540036036-7164;057540036036;100mN32005E42258;MC;NA;3;42;M;M;4049;EMP
057540036036-7164;057540036036;100mN32005E42258;MC;NA;3;40;M;F;4049;EMP
057540036036-7164;057540036036;100mN32005E42258;MC;NA;3;2;S;M;0003;NEP
057540036036-7165;057540036036;100mN32005E42258;MC;NA;3;37;M;F;3039;NEP
057540036036-7165;057540036036;100mN32005E42258;MC;NA;3;40;M;M;4049;EMP
057540036036-7165;057540036036;100mN32005E42258;MC;NA;3;21;M;M;1824;NEP
057540036036-7166;057540036036;100mN31999E42257;MC;NA;2;38;M;F;3039;EMP
057540036036-7166;057540036036;100mN31999E42257;MC;NA;2;41;M;M;4049;EMP
057540036036-7167;057540036036;100mN32005E42258;MC;NA;3;48;M;F;4049;EMP
057540036036-7167;057540036036;100mN32005E42258;MC;NA;3;47;M;M;4049;EMP
057540036036-7167;057540036036;100mN32005E42258;MC;NA;3;16;S;F;1517;EMP
057540036036-7168;057540036036;100mN32005E42258;MC;MIX;6;72;W;F;6574;NEP
057540036036-7168;057540036036;100mN32005E42258;MC;MIX;6;44;M;F;4049;EMP
057540036036-7168;057540036036;100mN32005E42258;MC;MIX;6;45;M;M;4049;EMP
057540036036-7168;057540036036;100mN32005E42258;MC;MIX;6;6;S;F;0614;NEP
057540036036-7168;057540036036;100mN32005E42258;MC;MIX;6;8;S;M;0614;NEP
057540036036-7168;057540036036;100mN32005E42258;MC;MIX;6;18;S;F;1824;EMP
057540036036-7169;057540036036;100mN32005E42258;S;OS;1;37;M;M;3039;EMP
057540036036-7170;057540036036;100mN32005E42258;MC;NA;3;58;M;F;5064;NEP
057540036036-7170;057540036036;100mN32005E42258;MC;NA;3;63;M;M;5064;NEP
057540036036-7170;057540036036;100mN32005E42258;MC;NA;3;25;M;M;2529;EMP
057540036036-7171;057540036036;100mN31990E42257;PO;NA;3;43;S;F;4049;EMP
057540036036-7171;057540036036;100mN31990E42257;PO;NA;3;42;S;M;4049;NEP
057540036036-7171;057540036036;100mN31990E42257;PO;NA;3;7;S;F;0614;NEP
057540036036-7172;057540036036;100mN31991E42257;S;NA;1;55;S;M;5064;EMP
057540036036-7173;057540036036;100mN31991E42257;S;OS;1;47;S;M;4049;NEP
057540036036-7174;057540036036;100mN31991E42257;S;NA;1;25;M;M;2529;EMP
057540036036-7175;057540036036;100mN31991E42257;PO;OS;3;85;S;F;75XX;NEP
057540036036-7175;057540036036;100mN31991E42257;PO;OS;3;84;S;M;75XX;EMP
057540036036-7175;057540036036;100mN31991E42257;PO;OS;3;84;S;F;75XX;NEP
057540036036-7176;057540036036;100mN31991E42257;MC;NA;2;63;M;M;5064;EMP
057540036036-7176;057540036036;100mN31991E42257;MC;NA;2;25;M;F;2529;NEP
057540036036-7177;057540036036;100mN31991E42257;MC;NA;2;43;M;F;4049;NEP
057540036036-7177;057540036036;100mN31991E42257;MC;NA;2;50;M;M;5064;EMP
057540036036-7178;057540036036;100mN31991E42257;S;NA;1;50;M;F;5064;NEP
057540036036-7179;057540036036;100mN31991E42257;S;OS;1;36;M;F;3039;NEP
057540036036-7180;057540036036;100mN31991E42257;MC;NA;4;61;M;F;5064;EMP
057540036036-7180;057540036036;100mN31991E42257;MC;NA;4;62;M;M;5064;EMP
057540036036-7180;057540036036;100mN31991E42257;MC;NA;4;22;M;M;1824;EMP
057540036036-7180;057540036036;100mN31991E42257;MC;NA;4;12;S;M;0614;NEP
057540036036-7181;057540036036;100mN31991E42257;S;NA;1;54;S;F;5064;NEP
057540036036-7182;057540036036;100mN31991E42257;MC;NA;2;47;M;M;4049;NEP
057540036036-7182;057540036036;100mN31991E42257;MC;NA;2;47;M;F;4049;NEP
057540036036-7183;057540036036;100mN32005E42251;MC;OS;2;71;M;F;6574;NEP
057540036036-7183;057540036036;100mN32005E42251;MC;OS;2;68;M;M;6574;EMP
057540036036-7184;057540036036;100mN31991E42257;S;NA;1;54;S;F;5064;NEP
057540036036-7185;057540036036;100mN31995E42262;SF;NA;2;58;D;F;5064;EMP
057540036036-7185;057540036036;100mN31995E42262;SF;NA;2;1;S;M;0003;NEP
057540036036-7186;057540036036;100mN31994E42280;MC;OS;3;82;M;M;75XX;EMP
057540036036-7186;057540036036;100mN31994E42280;MC;OS;3;77;M;F;75XX;EMP
057540036036-7186;057540036036;100mN31994E42280;MC;OS;3;68;M;F;6574;EMP
057540036036-7187;057540036036;100mN31994E42280;MC;OS;3;72;M;M;6574;NEP
057540036036-7187;057540036036;100mN31994E42280;MC;OS;3;65;M;F;6574;NEP
057540036036-7187;057540036036;100mN31994E42280;MC;OS;3;67;M;F;6574;EMP
057540036036-7188;057540036036;100mN32001E42289;S;NA;1;36;S;M;3039;NEP
057540036036-7189;057540036036;100mN32001E42289;S;NA;1;28;S;F;2529;NEP
057540036036-7190;057540036036;100mN32001E42289;S;OS;1;69;S;F;6574;NEP
057540036036-7191;057540036036;100mN32001E42289;S;NA;1;67;S;M;6574;EMP
057540036036-7192;057540036036;100mN31995E42258;MC;NA;5;40;M;M;4049;EMP
057540036036-7192;057540036036;100mN31995E42258;MC;NA;5;44;M;F;4049;EMP
057540036036-7192;057540036036;100mN31995E42258;MC;NA;5;6;S;M;0614;NEP
057540036036-7192;057540036036;100mN31995E42258;MC;NA;5;8;S;M;0614;NEP
057540036036-7192;057540036036;100mN31995E42258;MC;NA;5;7;S;F;0614;NEP
057540036036-7193;057540036036;100mN32001E42289;PO;NA;3;27;S;M;2529;EMP
057540036036-7193;057540036036;100mN32001E42289;PO;NA;3;30;S;M;3039;EMP
057540036036-7193;057540036036;100mN32001E42289;PO;NA;3;11;S;F;0614;NEP
057540036036-7194;057540036036;100mN32001E42289;MC;MIX;2;68;M;F;6574;EMP
057540036036-7194;057540036036;100mN32001E42289;MC;MIX;2;84;D;F;75XX;NEP
057540036036-7195;057540036036;100mN32022E42252;MC;NA;4;45;M;M;4049;NEP
057540036036-7195;057540036036;100mN32022E42252;MC;NA;4;40;M;F;4049;EMP
057540036036-7195;057540036036;100mN32022E42252;MC;NA;4;12;S;F;0614;NEP
057540036036-7195;057540036036;100mN32022E42252;MC;NA;4;8;S;F;0614;NEP
057540036036-7196;057540036036;100mN32001E42289;S;OS;1;70;S;M;6574;EMP
057540036036-7197;057540036036;100mN32017E42288;MC;MIX;2;65;M;M;6574;EMP
057540036036-7197;057540036036;100mN32017E42288;MC;MIX;2;60;M;F;5064;EMP
057540036036-7198;057540036036;100mN32010E42287;S;NA;1;44;NA;M;4049;UEP
057540036036-7199;057540036036;100mN32001E42289;MC;NA;2;18;M;M;1824;EMP
057540036036-7199;057540036036;100mN32001E42289;MC;NA;2;18;M;F;1824;NEP
057540036036-7200;057540036036;100mN32001E42289;PO;NA;2;42;S;M;4049;NEP
057540036036-7200;057540036036;100mN32001E42289;PO;NA;2;41;S;F;4049;EMP
057540036036-7201;057540036036;100mN32001E42289;MC;MIX;5;71;M;M;6574;EMP
057540036036-7201;057540036036;100mN32001E42289;MC;MIX;5;41;M;F;4049;NEP
057540036036-7201;057540036036;100mN32001E42289;MC;MIX;5;42;M;M;4049;NEP
057540036036-7201;057540036036;100mN32001E42289;MC;MIX;5;3;S;M;0305;NEP
057540036036-7201;057540036036;100mN32001E42289;MC;MIX;5;9;S;M;0614;NEP
057540036036-7202;057540036036;100mN32001E42289;MC;NA;3;34;M;M;3039;EMP
057540036036-7202;057540036036;100mN32001E42289;MC;NA;3;33;M;F;3039;NEP
057540036036-7202;057540036036;100mN32001E42289;MC;NA;3;4;S;F;0305;NEP
057540036036-7203;057540036036;100mN32017E42239;PO;OS;4;82;S;F;75XX;NEP
057540036036-7203;057540036036;100mN32017E42239;PO;OS;4;89;S;F;75XX;EMP
057540036036-7203;057540036036;100mN32017E42239;PO;OS;4;66;D;M;6574;EMP
057540036036-7203;057540036036;100mN32017E42239;PO;OS;4;72;M;F;6574;EMP
057540036036-7204;057540036036;100mN32001E42289;MC;OS;2;66;M;M;6574;EMP
057540036036-7204;057540036036;100mN32001E42289;MC;OS;2;66;M;F;6574;EMP
057540036036-7205;057540036036;100mN32019E42240;SF;NA;2;68;S;F;6574;EMP
057540036036-7205;057540036036;100mN32019E42240;SF;NA;2;0;S;M;0003;NEP
057540036036-7206;057540036036;100mN32008E42278;S;NA;1;68;M;M;6574;EMP
057540036036-7207;057540036036;100mN32001E42289;MC;NA;4;23;M;F;1824;EMP
057540036036-7207;057540036036;100mN32001E42289;MC;NA;4;25;M;M;2529;EMP
057540036036-7207;057540036036;100mN32001E42289;MC;NA;4;0;S;F;0003;NEP
057540036036-7207;057540036036;100mN32001E42289;MC;NA;4;0;S;F;0003;NEP
057540036036-7208;057540036036;100mN32001E42289;MC;NA;2;45;M;M;4049;EMP
057540036036-7208;057540036036;100mN32001E42289;MC;NA;2;41;M;F;4049;EMP
057540036036-7209;057540036036;100mN32001E42289;PO;OS;2;87;S;F;75XX;EMP
057540036036-7209;057540036036;100mN32001E42289;PO;OS;2;69;M;M;6574;EMP
057540036036-7210;057540036036;100mN32001E42289;MC;NA;2;52;M;F;5064;EMP
057540036036-7210;057540036036;100mN32001E42289;MC;NA;2;51;M;M;5064;EMP
057540036036-7211;057540036036;100mN32001E42289;S;NA;1;26;W;F;2529;NEP
057540036036-7212;057540036036;100mN32001E42289;S;NA;1;27;W;M;2529;NEP
057540036036-7213;057540036036;100mN32001E42289;MC;NA;2;43;M;M;4049;EMP
057540036036-7213;057540036036;100mN32001E42289;MC;NA;2;35;M;F;3039;EMP
057540036036-7214;057540036036;100mN32001E42289;MC;OS;3;83;M;F;75XX;EMP
057540036036-7214;057540036036;100mN32001E42289;MC;OS;3;88;M;M;75XX;EMP
057540036036-7214;057540036036;100mN32001E42289;MC;OS;3;71;S;F;6574;EMP
057540036036-7215;057540036036;100mN32001E42289;MC;NA;2;44;M;F;4049;EMP
057540036036-7215;057540036036;100mN32001E42289;MC;NA;2;45;M;M;4049;EMP
057540036036-7216;057540036036;100mN32001E42289;S;OS;1;82;W;F;75XX;NEP
057540036036-7217;057540036036;100mN32001E42289;S;NA;1;70;M;M;6574;EMP
057540036036-7218;057540036036;100mN31963E42305;S;NA;1;18;W;F;1824;NEP
057540036036-7219;057540036036;100mN32001E42289;S;NA;1;22;S;M;1824;EMP
057540036036-7220;057540036036;100mN31995E42267;MC;OS;2;77;M;F;75XX;EMP
057540036036-7220;057540036036;100mN31995E42267;MC;OS;2;79;M;M;75XX;UEP
057540036036-7221;057540036036;100mN31995E42267;S;NA;1;31;S;M;3039;NEP
057540036036-7222;057540036036;100mN31995E42267;PO;NA;4;33;S;M;3039;NEP
057540036036-7222;057540036036;100mN31995E42267;PO;NA;4;33;S;F;3039;EMP
057540036036-7222;057540036036;100mN31995E42267;PO;NA;4;18;S;M;1824;EMP
057540036036-7222;057540036036;100mN31995E42267;PO;NA;4;9;S;M;0614;NEP
057540036036-7223;057540036036;100mN31995E42267;SF;NA;2;71;W;F;6574;NEP
057540036036-7223;057540036036;100mN31995E42267;SF;NA;2;36;S;F;3039;NEP
057540036036-7224;057540036036;100mN31995E42267;NA;NA;2;33;S;M;3039;EMP
057540036036-7224;057540036036;100mN31995E42267;NA;NA;2;26;M;F;2529;EMP
057540036036-7225;057540036036;100mN31995E42267;S;NA;1;43;W;M;4049;NEP
057540036036-7226;057540036036;100mN31995E42267;SF;NA;5;18;W;F;1824;NEP
057540036036-7226;057540036036;100mN31995E42267;SF;NA;5;1;S;M;0003;NEP
057540036036-7226;057540036036;100mN31995E42267;SF;NA;5;3;S;F;0305;NEP
057540036036-7226;057540036036;100mN31995E42267;SF;NA;5;0;S;F;0003;NEP
057540036036-7226;057540036036;100mN31995E42267;SF;NA;5;3;S;F;0305;NEP
057540036036-7227;057540036036;100mN31995E42267;MC;NA;2;54;M;M;5064;EMP
057540036036-7227;057540036036;100mN31995E42267;MC;NA;2;76;M;M;75XX;EMP
057540036036-7228;057540036036;100mN31995E42267;MC;NA;3;26;M;M;2529;UEP
057540036036-7228;057540036036;100mN31995E42267;MC;NA;3;26;M;F;2529;NEP
057540036036-7228;057540036036;100mN31995E42267;MC;NA;3;4;S;F;0305;NEP
057540036036-7229;057540036036;100mN31995E42267;MC;OS;4;88;M;F;75XX;EMP
057540036036-7229;057540036036;100mN31995E42267;MC;OS;4;89;M;M;75XX;EMP
057540036036-7229;057540036036;100mN31995E42267;MC;OS;4;73;D;M;6574;NEP
057540036036-7229;057540036036;100mN31995E42267;MC;OS;4;77;S;M;75XX;EMP
057540036036-7230;057540036036;100mN31995E42267;S;NA;1;45;M;F;4049;NEP
057540036036-7231;057540036036;100mN31995E42267;S;NA;1;38;M;M;3039;NEP
057540036036-7232;057540036036;100mN31995E42267;MC;NA;2;27;M;F;2529;EMP
057540036036-7232;057540036036;100mN31995E42267;MC;NA;2;25;M;M;2529;EMP
057540036036-7233;057540036036;100mN31995E42267;SM;NA;2;25;S;M;2529;EMP
057540036036-7233;057540036036;100mN31995E42267;SM;NA;2;8;S;F;0614;NEP
057540036036-7234;057540036036;100mN31976E42267;SF;NA;2;47;W;F;4049;NEP
057540036036-7234;057540036036;100mN31976E42267;SF;NA;2;8;S;F;0614;NEP
057540036036-7235;057540036036;100mN31973E42273;PO;NA;2;52;S;M;5064;EMP
057540036036-7235;057540036036;100mN31973E42273;PO;NA;2;46;S;M;4049;EMP
057540036036-7236;057540036036;100mN31973E42245;PO;NA;3;57;S;M;5064;EMP
057540036036-7236;057540036036;100mN31973E42245;PO;NA;3;48;S;F;4049;NEP
057540036036-7236;057540036036;100mN31973E42245;PO;NA;3;35;S;M;3039;NEP
057540036036-7237;057540036036;100mN31995E42267;MC;MIX;2;84;M;M;75XX;EMP
057540036036-7237;057540036036;100mN31995E42267;MC;MIX;2;11;S;M;0614;NEP
057540036036-7238;057540036036;100mN32008E42277;MC;NA;2;31;M;M;3039;UEP
057540036036-7238;057540036036;100mN32008E42277;MC;NA;2;27;M;F;2529;NEP
057540036036-7239;057540036036;100mN31998E42256;SF;MIX;5;72;M;F;6574;NEP
057540036036-7239;057540036036;100mN31998E42256;SF;MIX;5;41;W;F;4049;EMP
057540036036-7239;057540036036;100mN31998E42256;SF;MIX;5;0;S;F;0003;NEP
057540036036-7239;057540036036;100mN31998E42256;SF;MIX;5;9;S;M;0614;NEP
057540036036-7239;057540036036;100mN31998E42256;SF;MIX;5;22;M;F;1824;EMP
057540036036-7240;057540036036;100mN32012E42228;PO;NA;4;31;S;F;3039;EMP
057540036036-7240;057540036036;100mN32012E42228;PO;NA;4;36;S;F;3039;EMP
057540036036-7240;057540036036;100mN32012E42228;PO;NA;4;3;S;F;0305;NEP
057540036036-7240;057540036036;100mN32012E42228;PO;NA;4;6;S;M;0614;NEP
057540036036-7241;057540036036;100mN32012E42228;S;NA;1;16;S;M;1517;NEP
057540036036-7242;057540036036;100mN32014E42250;MC;NA;2;20;M;F;1824;EMP
057540036036-7242;057540036036;100mN32014E42250;MC;NA;2;18;M;M;1824;NEP
057540036036-7243;057540036036;100mN32012E42228;S;NA;1;83;M;F;75XX;EMP
057540036036-7244;057540036036;100mN31989E42272;MC;NA;3;48;M;F;4049;EMP
057540036036-7244;057540036036;100mN31989E42272;MC;NA;3;51;M;M;5064;EMP
057540036036-7244;057540036036;100mN31989E42272;MC;NA;3;2;S;F;0003;NEP
057540036036-7245;057540036036;100mN31989E42272;MC;OS;2;72;M;F;6574;EMP
057540036036-7245;057540036036;100mN31989E42272;MC;OS;2;72;M;M;6574;EMP
057540036036-7246;057540036036;100mN31989E42272;MC;NA;2;46;M;F;4049;NEP
057540036036-7246;057540036036;100mN31989E42272;MC;NA;2;43;M;M;4049;NEP
057540036036-7247;057540036036;100mN31989E42272;MC;NA;4;51;M;F;5064;EMP
057540036036-7247;057540036036;100mN31989E42272;MC;NA;4;62;M;M;5064;EMP
057540036036-7247;057540036036;100mN31989E42272;MC;NA;4;7;S;M;0614;NEP
057540036036-7247;057540036036;100mN31989E42272;MC;NA;4;13;S;M;0614;NEP
057540036036-7248;057540036036;100mN31976E42255;MC;NA;5;60;M;F;5064;NEP
057540036036-7248;057540036036;100mN31976E42255;MC;NA;5;61;M;M;5064;NEP
057540036036-7248;057540036036;100mN31976E42255;MC;NA;5;20;M;M;1824;EMP
057540036036-7248;057540036036;100mN31976E42255;MC;NA;5;30;S;F;3039;EMP
057540036036-7248;057540036036;100mN31976E42255;MC;NA;5;8;S;F;0614;NEP
057540036036-7249;057540036036;100mN31976E42255;MC;NA;2;62;M;M;5064;EMP
057540036036-7249;057540036036;100mN31976E42255;MC;NA;2;58;M;F;5064;NEP
057540036036-7250;057540036036;100mN32004E42280;PO;NA;4;36;S;F;3039;EMP
057540036036-7250;057540036036;100mN32004E42280;PO;NA;4;40;S;M;4049;EMP
057540036036-7250;057540036036;100mN32004E42280;PO;NA;4;20;M;M;1824;EMP
057540036036-7250;057540036036;100mN32004E42280;PO;NA;4;13;S;M;0614;NEP
057540036036-7251;057540036036;100mN32017E42290;MC;MIX;3;83;S;F;75XX;EMP
057540036036-7251;057540036036;100mN32017E42290;MC;MIX;3;42;M;F;4049;EMP
057540036036-7251;057540036036;100mN32017E42290;MC;MIX;3;43;M;M;4049;EMP
057540036036-7252;057540036036;100mN32017E42290;S;NA;1;40;S;F;4049;NEP
057540036036-7253;057540036036;100mN32017E42290;MC;NA;4;46;M;M;4049;EMP
057540036036-7253;057540036036;100mN32017E42290;MC;NA;4;45;M;F;4049;NEP
057540036036-7253;057540036036;100mN32017E42290;MC;NA;4;7;S;M;0614;NEP
057540036036-7253;057540036036;100mN32017E42290;MC;NA;4;31;S;M;3039;NEP
057540036036-7254;057540036036;100mN32010E42278;MC;MIX;2;71;M;F;6574;EMP
057540036036-7254;057540036036;100mN32010E42278;MC;MIX;2;73;S;F;6574;EMP
057540036036-7255;057540036036;100mN32017E42290;MC;NA;4;59;M;M;5064;EMP
057540036036-7255;057540036036;100mN32017E42290;MC;NA;4;57;M;F;5064;EMP
057540036036-7255;057540036036;100mN32017E42290;MC;NA;4;7;S;F;0614;NEP
057540036036-7255;057540036036;100mN32017E42290;MC;NA;4;6;S;F;0614;NEP
057540036036-7256;057540036036;100mN32004E42261;S;NA;1;31;M;F;3039;NEP
057540036036-7257;057540036036;100mN32008E42289;S;OS;1;47;S;M;4049;EMP
057540036036-7258;057540036036;100mN32004E42261;MC;OS;5;86;M;F;75XX;NEP
057540036036-7258;057540036036;100mN32004E42261;MC;OS;5;10;S;F;0614;NEP
057540036036-7258;057540036036;100mN32004E42261;MC;OS;5;71;S;F;6574;EMP
057540036036-7258;057540036036;100mN32004E42261;MC;OS;5;80;S;F;75XX;EMP
057540036036-7258;057540036036;100mN32004E42261;MC;OS;5;71;M;F;6574;NEP
057540036036-7259;057540036036;100mN32004E42261;SF;MIX;3;69;M;F;6574;NEP
057540036036-7259;057540036036;100mN32004E42261;SF;MIX;3;40;W;F;4049;EMP
057540036036-7259;057540036036;100mN32004E42261;SF;MIX;3;21;M;M;1824;NEP
057540036036-7260;057540036036;100mN32004E42261;S;OS;1;87;M;F;75XX;EMP
057540036036-7261;057540036036;100mN32004E42261;PO;NA;3;34;S;M;3039;EMP
057540036036-7261;057540036036;100mN32004E42261;PO;NA;3;31;S;F;3039;EMP
057540036036-7261;057540036036;100mN32004E42261;PO;NA;3;16;S;M;1517;NEP
057540036036-7262;057540036036;100mN32018E42243;SF;NA;3;58;W;F;5064;NEP
057540036036-7262;057540036036;100mN32018E42243;SF;NA;3;16;S;M;1517;EMP
057540036036-7262;057540036036;100mN32018E42243;SF;NA;3;16;S;M;1517;EMP
057540036036-7263;057540036036;100mN31995E42255;SF;NA;3;77;S;F;75XX;EMP
057540036036-7263;057540036036;100mN31995E42255;SF;NA;3;10;S;F;0614;NEP
057540036036-7263;057540036036;100mN31995E42255;SF;NA;3;15;S;F;1517;EMP
057540036036-7264;057540036036;100mN32004E42261;S;NA;1;43;M;M;4049;EMP
057540036036-7265;057540036036;100mN32008E42279;MC;NA;6;58;M;M;5064;EMP
057540036036-7265;057540036036;100mN32008E42279;MC;NA;6;63;M;F;5064;NEP
057540036036-7265;057540036036;100mN32008E42279;MC;NA;6;8;S;M;0614;NEP
057540036036-7265;057540036036;100mN32008E42279;MC;NA;6;16;S;F;1517;EMP
057540036036-7265;057540036036;100mN32008E42279;MC;NA;6;22;S;M;1824;EMP
057540036036-7265;057540036036;100mN32008E42279;MC;NA;6;16;S;M;1517;EMP
057540036036-7266;057540036036;100mN32019E42240;SF;NA;2;68;S;F;6574;EMP
057540036036-7266;057540036036;100mN32019E42240;SF;NA;2;0;S;M;0003;NEP
057540036036-7267;057540036036;100mN32019E42240;S;NA;1;16;S;F;1517;EMP
057540036036-7268;057540036036;100mN32019E42240;MC;NA;4;21;M;M;1824;NEP
057540036036-7268;057540036036;100mN32019E42240;MC;NA;4;19;M;F;1824;EMP
057540036036-7268;057540036036;100mN32019E42240;MC;NA;4;4;S;M;0305;NEP
057540036036-7268;057540036036;100mN32019E42240;MC;NA;4;0;S;M;0003;NEP
057540036036-7269;057540036036;100mN32009E42280;MC;NA;5;27;M;M;2529;EMP
057540036036-7269;057540036036;100mN32009E42280;MC;NA;5;25;M;F;2529;NEP
057540036036-7269;057540036036;100mN32009E42280;MC;NA;5;6;S;F;0614;NEP
057540036036-7269;057540036036;100mN32009E42280;MC;NA;5;6;S;M;0614;NEP
057540036036-7269;057540036036;100mN32009E42280;MC;NA;5;8;S;F;0614;NEP
057540036036-7270;057540036036;100mN32019E42240;S;NA;1;21;W;F;1824;EMP
057540036036-7271;057540036036;100mN32019E42240;PO;NA;2;42;S;M;4049;EMP
057540036036-7271;057540036036;100mN32019E42240;PO;NA;2;42;S;F;4049;EMP
057540036036-7272;057540036036;100mN32019E42240;S;OS;1;75;M;F;75XX;NEP
057540036036-7273;057540036036;100mN32019E42240;MC;OS;2;77;M;M;75XX;NEP
057540036036-7273;057540036036;100mN32019E42240;MC;OS;2;75;M;F;75XX;EMP
057540036036-7274;057540036036;100mN32019E42240;MC;NA;6;25;M;M;2529;EMP
057540036036-7274;057540036036;100mN32019E42240;MC;NA;6;32;M;F;3039;EMP
057540036036-7274;057540036036;100mN32019E42240;MC;NA;6;4;S;F;0305;NEP
057540036036-7274;057540036036;100mN32019E42240;MC;NA;6;6;S;M;0614;NEP
057540036036-7274;057540036036;100mN32019E42240;MC;NA;6;4;S;F;0305;NEP
057540036036-7274;057540036036;100mN32019E42240;MC;NA;6;7;S;M;0614;NEP
057540036036-7275;057540036036;100mN32019E42240;MC;NA;3;37;M;F;3039;NEP
057540036036-7275;057540036036;100mN32019E42240;MC;NA;3;34;M;M;3039;EMP
057540036036-7275;057540036036;100mN32019E42240;MC;NA;3;21;S;M;1824;UEP
057540036036-7276;057540036036;100mN32005E42283;S;NA;1;53;D;F;5064;NEP
057540036036-7277;057540036036;100mN32004E42278;MC;OS;2;66;M;F;6574;EMP
057540036036-7277;057540036036;100mN32004E42278;MC;OS;2;76;M;M;75XX;EMP
057540036036-7278;057540036036;100mN32004E42278;MC;NA;3;58;M;F;5064;EMP
057540036036-7278;057540036036;100mN32004E42278;MC;NA;3;52;M;M;5064;EMP
057540036036-7278;057540036036;100mN32004E42278;MC;NA;3;22;S;M;1824;NEP
057540036036-7279;057540036036;100mN31990E42261;S;OS;1;22;M;M;1824;EMP
057540036036-7280;057540036036;100mN32004E42278;S;NA;1;59;M;M;5064;EMP
057540036036-7281;057540036036;100mN32004E42278;MC;OS;2;89;M;F;75XX;EMP
057540036036-7281;057540036036;100mN32004E42278;MC;OS;2;62;M;M;5064;EMP
057540036036-7282;057540036036;100mN32004E42278;SF;NA;2;32;W;F;3039;NEP
057540036036-7282;057540036036;100mN32004E42278;SF;NA;2;16;S;F;1517;EMP
057540036036-7283;057540036036;100mN32004E42278;MC;MIX;3;73;S;M;6574;NEP
057540036036-7283;057540036036;100mN32004E42278;MC;MIX;3;54;M;M;5064;NEP
057540036036-7283;057540036036;100mN32004E42278;MC;MIX;3;53;M;F;5064;EMP
057540036036-7284;057540036036;100mN32004E42278;MC;OS;3;87;M;M;75XX;EMP
057540036036-7284;057540036036;100mN32004E42278;MC;OS;3;82;M;F;75XX;EMP
057540036036-7284;057540036036;100mN32004E42278;MC;OS;3;86;M;F;75XX;NEP
057540036036-7285;057540036036;100mN32004E42278;MC;OS;3;66;M;F;6574;EMP
057540036036-7285;057540036036;100mN32004E42278;MC;OS;3;69;M;M;6574;NEP
057540036036-7285;057540036036;100mN32004E42278;MC;OS;3;87;D;M;75XX;EMP
057540036036-7286;057540036036;100mN32018E42250;MC;NA;6;48;M;M;4049;EMP
057540036036-7286;057540036036;100mN32018E42250;MC;NA;6;51;M;F;5064;EMP
057540036036-7286;057540036036;100mN32018E42250;MC;NA;6;15;S;M;1517;EMP
057540036036-7286;057540036036;100mN32018E42250;MC;NA;6;25;M;M;2529;EMP
057540036036-7286;057540036036;100mN32018E42250;MC;NA;6;18;M;M;1824;EMP
057540036036-7286;057540036036;100mN32018E42250;MC;NA;6;11;S;M;0614;NEP
057540036036-7287;057540036036;100mN32004E42278;SF;NA;4;35;D;F;3039;EMP
057540036036-7287;057540036036;100mN32004E42278;SF;NA;4;16;S;F;1517;EMP
057540036036-7287;057540036036;100mN32004E42278;SF;NA;4;7;S;M;0614;NEP
057540036036-7287;057540036036;100mN32004E42278;SF;NA;4;0;S;F;0003;NEP
057540036036-7288;057540036036;100mN32004E42278;MC;NA;3;43;M;F;4049;NEP
057540036036-7288;057540036036;100mN32004E42278;MC;NA;3;48;M;M;4049;EMP
057540036036-7288;057540036036;100mN32004E42278;MC;NA;3;25;W;F;2529;NEP
057540036036-7289;057540036036;100mN32004E42278;MC;NA;2;43;M;M;4049;NEP
057540036036-7289;057540036036;100mN32004E42278;MC;NA;2;41;M;F;4049;EMP
057540036036-7290;057540036036;100mN32004E42278;S;NA;1;16;S;F;1517;NEP
057540036036-7291;057540036036;100mN31999E42257;S;OS;1;56;M;M;5064;EMP
057540036036-7292;057540036036;100mN32004E42278;S;NA;1;53;S;F;5064;EMP
057540036036-7293;057540036036;100mN32004E42278;MC;NA;2;36;M;F;3039;EMP
057540036036-7293;057540036036;100mN32004E42278;MC;NA;2;18;M;M;1824;UEP
057540036036-7294;057540036036;100mN32004E42278;MC;NA;4;35;M;M;3039;EMP
057540036036-7294;057540036036;100mN32004E42278;MC;NA;4;33;M;F;3039;NEP
057540036036-7294;057540036036;100mN32004E42278;MC;NA;4;19;M;M;1824;NEP
057540036036-7294;057540036036;100mN32004E42278;MC;NA;4;11;S;M;0614;NEP
057540036036-7295;057540036036;100mN31967E42279;S;NA;1;19;D;M;1824;NEP
057540036036-7296;057540036036;100mN32017E42287;MC;NA;2;41;M;F;4049;EMP
057540036036-7296;057540036036;100mN32017E42287;MC;NA;2;40;M;M;4049;NEP
057540036036-7297;057540036036;100mN31999E42254;PO;NA;3;48;S;F;4049;EMP
057540036036-7297;057540036036;100mN31999E42254;PO;NA;3;46;S;M;4049;EMP
057540036036-7297;057540036036;100mN31999E42254;PO;NA;3;21;M;M;1824;EMP
057540036036-7298;057540036036;100mN32017E42287;MC;NA;2;50;M;F;5064;EMP
057540036036-7298;057540036036;100mN32017E42287;MC;NA;2;59;M;M;5064;UEP
057540036036-7299;057540036036;100mN32013E42240;S;OS;1;41;S;M;4049;NEP
057540036036-7300;057540036036;100mN32013E42240;S;NA;1;41;M;M;4049;NEP
057540036036-7301;057540036036;100mN32013E42240;MC;NA;3;53;M;F;5064;EMP
057540036036-7301;057540036036;100mN32013E42240;MC;NA;3;55;M;M;5064;EMP
057540036036-7301;057540036036;100mN32013E42240;MC;NA;3;23;M;M;1824;NEP
057540036036-7302;057540036036;100mN32013E42240;S;NA;1;45;M;F;4049;EMP
057540036036-7303;057540036036;100mN32013E42240;MC;NA;2;55;M;F;5064;NEP
057540036036-7303;057540036036;100mN32013E42240;MC;NA;2;54;M;M;5064;NEP
057540036036-7304;057540036036;100mN32013E42240;S;NA;1;34;M;F;3039;NEP
057540036036-7305;057540036036;100mN32013E42240;MC;MIX;6;67;D;F;6574;EMP
057540036036-7305;057540036036;100mN32013E42240;MC;MIX;6;46;M;F;4049;EMP
057540036036-7305;057540036036;100mN32013E42240;MC;MIX;6;43;M;M;4049;EMP
057540036036-7305;057540036036;100mN32013E42240;MC;MIX;6;15;S;F;1517;NEP
057540036036-7305;057540036036;100mN32013E42240;MC;MIX;6;4;S;M;0305;NEP
057540036036-7305;057540036036;100mN32013E42240;MC;MIX;6;23;S;F;1824;EMP
057540036036-7306;057540036036;100mN32013E42240;MC;NA;2;52;M;F;5064;EMP
057540036036-7306;057540036036;100mN32013E42240;MC;NA;2;55;M;M;5064;UEP
057540036036-7307;057540036036;100mN31976E42248;MC;NA;4;54;M;M;5064;EMP
057540036036-7307;057540036036;100mN31976E42248;MC;NA;4;47;M;F;4049;EMP
057540036036-7307;057540036036;100mN31976E42248;MC;NA;4;6;S;F;0614;NEP
057540036036-7307;057540036036;100mN31976E42248;MC;NA;4;4;S;F;0305;NEP
057540036036-7308;057540036036;100mN32001E42276;S;NA;1;22;S;M;1824;EMP
057540036036-7309;057540036036;100mN32018E42252;NA;NA;3;42;W;F;4049;EMP
057540036036-7309;057540036036;100mN32018E42252;NA;NA;3;16;S;F;1517;NEP
057540036036-7309;057540036036;100mN32018E42252;NA;NA;3;27;D;F;2529;EMP
057540036036-7310;057540036036;100mN32001E42276;NA;NA;5;25;S;F;2529;EMP
057540036036-7310;057540036036;100mN32001E42276;NA;NA;5;80;M;F;75XX;NEP
057540036036-7310;057540036036;100mN32001E42276;NA;NA;5;38;D;F;3039;EMP
057540036036-7310;057540036036;100mN32001E42276;NA;NA;5;45;S;M;4049;EMP
057540036036-7310;057540036036;100mN32001E42276;NA;NA;5;51;S;M;5064;EMP
057540036036-7311;057540036036;100mN31986E42270;PO;NA;3;55;S;M;5064;EMP
057540036036-7311;057540036036;100mN31986E42270;PO;NA;3;56;S;M;5064;EMP
057540036036-7311;057540036036;100mN31986E42270;PO;NA;3;2;S;F;0003;NEP
057540036036-7312;057540036036;100mN31999E42254;S;NA;1;44;M;F;4049;EMP
057540036036-7313;057540036036;100mN31973E42268;MC;NA;2;25;M;M;2529;EMP
057540036036-7313;057540036036;100mN31973E42268;MC;NA;2;18;M;F;1824;NEP
057540036036-7314;057540036036;100mN32001E42290;MC;NA;2;40;M;M;4049;NEP
057540036036-7314;057540036036;100mN32001E42290;MC;NA;2;43;M;F;4049;EMP
057540036036-7315;057540036036;100mN32018E42289;MC;NA;6;61;M;F;5064;EMP
057540036036-7315;057540036036;100mN32018E42289;MC;NA;6;61;M;M;5064;EMP
057540036036-7315;057540036036;100mN32018E42289;MC;NA;6;9;S;M;0614;NEP
057540036036-7315;057540036036;100mN32018E42289;MC;NA;6;16;S;M;1517;EMP
057540036036-7315;057540036036;100mN32018E42289;MC;NA;6;26;D;M;2529;NEP
057540036036-7315;057540036036;100mN32018E42289;MC;NA;6;42;S;M;4049;EMP
057540036036-7316;057540036036;100mN31973E42268;MC;NA;6;47;M;M;4049;EMP
057540036036-7316;057540036036;100mN31973E42268;MC;NA;6;47;M;F;4049;EMP
057540036036-7316;057540036036;100mN31973E42268;MC;NA;6;13;S;M;0614;NEP
057540036036-7316;057540036036;100mN31973E42268;MC;NA;6;28;M;M;2529;EMP
057540036036-7316;057540036036;100mN31973E42268;MC;NA;6;16;S;F;1517;EMP
057540036036-7316;057540036036;100mN31973E42268;MC;NA;6;25;M;M;2529;EMP
057540036036-7317;057540036036;100mN32022E42248;SF;MIX;3;70;S;F;6574;NEP
057540036036-7317;057540036036;100mN32022E42248;SF;MIX;3;26;W;F;2529;NEP
057540036036-7317;057540036036;100mN32022E42248;SF;MIX;3;10;S;M;0614;NEP
057540036036-7318;057540036036;100mN32009E42279;S;NA;1;41;S;M;4049;EMP
057540036036-7319;057540036036;100mN31973E42268;MC;OS;2;89;M;F;75XX;NEP
057540036036-7319;057540036036;100mN31973E42268;MC;OS;2;46;S;M;4049;NEP
057540036036-7320;057540036036;100mN31973E42268;MC;NA;5;37;M;M;3039;NEP
057540036036-7320;057540036036;100mN31973E42268;MC;NA;5;34;M;F;3039;NEP
057540036036-7320;057540036036;100mN31973E42268;MC;NA;5;15;S;M;1517;EMP
057540036036-7320;057540036036;100mN31973E42268;MC;NA;5;13;S;M;0614;NEP
057540036036-7320;057540036036;100mN31973E42268;MC;NA;5;22;M;M;1824;EMP
057540036036-7321;057540036036;100mN31973E42268;MC;OS;5;66;M;F;6574;EMP
057540036036-7321;057540036036;100mN31973E42268;MC;OS;5;70;M;M;6574;EMP
057540036036-7321;057540036036;100mN31973E42268;MC;OS;5;83;W;F;75XX;EMP
057540036036-7321;057540036036;100mN31973E42268;MC;OS;5;68;S;M;6574;EMP
057540036036-7321;057540036036;100mN31973E42268;MC;OS;5;83;S;F;75XX;NEP
057540036036-7322;057540036036;100mN32013E42250;S;NA;1;66;S;M;6574;EMP
057540036036-7323;057540036036;100mN31996E42267;S;OS;1;20;M;F;1824;EMP
057540036036-7324;057540036036;100mN32010E42252;PO;OS;2;70;S;F;6574;NEP
057540036036-7324;057540036036;100mN32010E42252;PO;OS;2;77;S;M;75XX;NEP
057540036036-7325;057540036036;100mN31996E42267;MC;NA;2;43;M;M;4049;EMP
057540036036-7325;057540036036;100mN31996E42267;MC;NA;2;37;M;F;3039;EMP
057540036036-7326;057540036036;100mN31999E42257;S;NA;1;77;W;F;75XX;NEP
057540036036-7327;057540036036;100mN31999E42258;MC;OS;2;68;M;F;6574;NEP
057540036036-7327;057540036036;100mN31999E42258;MC;OS;2;65;M;M;6574;EMP
057540036036-7328;057540036036;100mN32016E42252;MC;NA;3;45;M;F;4049;NEP
057540036036-7328;057540036036;100mN32016E42252;MC;NA;3;38;M;M;3039;EMP
057540036036-7328;057540036036;100mN32016E42252;MC;NA;3;22;W;M;1824;EMP
057540036036-7329;057540036036;100mN32010E42278;S;NA;1;42;P;F;4049;EMP
057540036036-7330;057540036036;100mN32001E42258;PO;NA;5;40;S;F;4049;NEP
057540036036-7330;057540036036;100mN32001E42258;PO;NA;5;42;S;M;4049;EMP
057540036036-7330;057540036036;100mN32001E42258;PO;NA;5;6;S;F;0614;NEP
057540036036-7330;057540036036;100mN32001E42258;PO;NA;5;15;S;F;1517;EMP
057540036036-7330;057540036036;100mN32001E42258;PO;NA;5;2;S;F;0003;NEP
057540036036-7331;057540036036;100mN31996E42267;PO;NA;2;47;S;F;4049;NEP
057540036036-7331;057540036036;100mN31996E42267;PO;NA;2;55;S;M;5064;EMP
057540036036-7332;057540036036;100mN31996E42267;MC;OS;2;86;M;F;75XX;EMP
057540036036-7332;057540036036;100mN31996E42267;MC;OS;2;38;W;F;3039;NEP
057540036036-7333;057540036036;100mN31996E42267;S;NA;1;69;S;F;6574;EMP
057540036036-7334;057540036036;100mN31996E42267;MC;NA;3;36;M;M;3039;UEP
057540036036-7334;057540036036;100mN31996E42267;MC;NA;3;33;M;F;3039;EMP
057540036036-7334;057540036036;100mN31996E42267;MC;NA;3;21;M;M;1824;EMP
057540036036-7335;057540036036;100mN31996E42267;MC;OS;4;76;M;F;75XX;EMP
057540036036-7335;057540036036;100mN31996E42267;MC;OS;4;78;M;M;75XX;EMP
057540036036-7335;057540036036;100mN31996E42267;MC;OS;4;69;M;F;6574;EMP
057540036036-7335;057540036036;100mN31996E42267;MC;OS;4;70;D;M;6574;EMP
057540036036-7336;057540036036;100mN32001E42257;S;NA;1;45;D;F;4049;EMP
057540036036-7337;057540036036;100mN31996E42267;MC;OS;2;66;M;M;6574;EMP
057540036036-7337;057540036036;100mN31996E42267;MC;OS;2;65;M;F;6574;EMP
057540036036-7338;057540036036;100mN31996E42267;MC;NA;2;63;M;M;5064;EMP
057540036036-7338;057540036036;100mN31996E42267;MC;NA;2;56;M;F;5064;EMP
057540036036-7339;057540036036;100mN31996E42267;S;NA;1;69;W;M;6574;EMP
057540036036-7340;057540036036;100mN31996E42267;MC;NA;2;19;M;F;1824;EMP
057540036036-7340;057540036036;100mN31996E42267;MC;NA;2;18;M;M;1824;EMP
057540036036-7341;057540036036;100mN31996E42267;MC;NA;5;60;M;M;5064;NEP
057540036036-7341;057540036036;100mN31996E42267;MC;NA;5;57;M;F;5064;EMP
057540036036-7341;057540036036;100mN31996E42267;MC;NA;5;1;S;F;0003;NEP
057540036036-7341;057540036036;100mN31996E42267;MC;NA;5;12;S;M;0614;NEP
057540036036-7341;057540036036;100mN31996E42267;MC;NA;5;3;S;M;0305;NEP
057540036036-7342;057540036036;100mN31975E42270;MC;NA;2;35;M;F;3039;NEP
057540036036-7342;057540036036;100mN31975E42270;MC;NA;2;37;M;M;3039;EMP
057540036036-7343;057540036036;100mN32010E42279;MC;OS;5;65;M;F;6574;EMP
057540036036-7343;057540036036;100mN32010E42279;MC;OS;5;76;M;M;75XX;EMP
057540036036-7343;057540036036;100mN32010E42279;MC;OS;5;75;S;M;75XX;EMP
057540036036-7343;057540036036;100mN32010E42279;MC;OS;5;69;M;M;6574;EMP
057540036036-7343;057540036036;100mN32010E42279;MC;OS;5;70;D;M;6574;EMP
057540036036-7344;057540036036;100mN32019E42244;MC;NA;4;58;M;M;5064;NEP
057540036036-7344;057540036036;100mN32019E42244;MC;NA;4;61;M;F;5064;EMP
057540036036-7344;057540036036;100mN32019E42244;MC;NA;4;6;S;F;0614;NEP
057540036036-7344;057540036036;100mN32019E42244;MC;NA;4;12;S;M;0614;NEP
057540036036-7345;057540036036;100mN32019E42244;MC;MIX;3;89;W;F;75XX;NEP
057540036036-7345;057540036036;100mN32019E42244;MC;MIX;3;37;M;M;3039;NEP
057540036036-7345;057540036036;100mN32019E42244;MC;MIX;3;37;M;F;3039;EMP
057540036036-7346;057540036036;100mN32019E42244;MC;OS;2;85;M;F;75XX;NEP
057540036036-7346;057540036036;100mN32019E42244;MC;OS;2;88;M;M;75XX;EMP
057540036036-7347;057540036036;100mN31962E42307;MC;NA;4;43;M;M;4049;EMP
057540036036-7347;057540036036;100mN31962E42307;MC;NA;4;41;M;F;4049;EMP
057540036036-7347;057540036036;100mN31962E42307;MC;NA;4;16;S;F;1517;EMP
057540036036-7347;057540036036;100mN31962E42307;MC;NA;4;15;S;M;1517;EMP
057540036036-7348;057540036036;100mN31972E42244;MC;NA;3;32;M;F;3039;EMP
057540036036-7348;057540036036;100mN31972E42244;MC;NA;3;40;M;M;4049;UEP
057540036036-7348;057540036036;100mN31972E42244;MC;NA;3;0;S;F;0003;NEP
057540036036-7349;057540036036;100mN32019E42244;MC;NA;2;41;M;M;4049;NEP
057540036036-7349;057540036036;100mN32019E42244;MC;NA;2;41;M;F;4049;EMP
057540036036-7350;057540036036;100mN31951E42247;S;NA;1;16;S;M;1517;EMP
057540036036-7351;057540036036;100mN32001E42288;MC;OS;2;86;M;F;75XX;NEP
057540036036-7351;057540036036;100mN32001E42288;MC;OS;2;82;M;M;75XX;EMP
057540036036-7352;057540036036;100mN32019E42244;SM;MIX;2;69;S;M;6574;EMP
057540036036-7352;057540036036;100mN32019E42244;SM;MIX;2;13;S;F;0614;NEP
057540036036-7353;057540036036;100mN31989E42259;SF;NA;5;88;S;F;75XX;NEP
057540036036-7353;057540036036;100mN31989E42259;SF;NA;5;2;S;M;0003;NEP
057540036036-7353;057540036036;100mN31989E42259;SF;NA;5;9;S;F;0614;NEP
057540036036-7353;057540036036;100mN31989E42259;SF;NA;5;66;M;M;6574;EMP
057540036036-7353;057540036036;100mN31989E42259;SF;NA;5;50;D;M;5064;NEP
057540036036-7354;057540036036;100mN31989E42259;S;NA;1;52;S;F;5064;EMP
057540036036-7355;057540036036;100mN31990E42268;MC;NA;2;41;M;F;4049;EMP
057540036036-7355;057540036036;100mN31990E42268;MC;NA;2;42;M;M;4049;EMP
057540036036-7356;057540036036;100mN31989E42259;S;OS;1;20;M;F;1824;EMP
057540036036-7357;057540036036;100mN32016E42252;MC;NA;3;45;M;F;4049;NEP
057540036036-7357;057540036036;100mN32016E42252;MC;NA;3;38;M;M;3039;EMP
057540036036-7357;057540036036;100mN32016E42252;MC;NA;3;22;W;M;1824;EMP
057540036036-7358;057540036036;100mN32004E42252;MC;NA;5;44;M;M;4049;EMP
057540036036-7358;057540036036;100mN32004E42252;MC;NA;5;52;M;F;5064;EMP
057540036036-7358;057540036036;100mN32004E42252;MC;NA;5;9;S;M;0614;NEP
057540036036-7358;057540036036;100mN32004E42252;MC;NA;5;11;S;F;0614;NEP
057540036036-7358;057540036036;100mN32004E42252;MC;NA;5;6;S;F;0614;NEP
057540036036-7359;057540036036;100mN31990E42275;MC;NA;4;47;M;F;4049;NEP
057540036036-7359;057540036036;100mN31990E42275;MC;NA;4;50;M;M;5064;EMP
057540036036-7359;057540036036;100mN31990E42275;MC;NA;4;15;S;M;1517;NEP
057540036036-7359;057540036036;100mN31990E42275;MC;NA;4;13;S;M;0614;NEP
057540036036-7360;057540036036;100mN31989E42259;MC;NA;2;42;M;F;4049;EMP
057540036036-7360;057540036036;100mN31989E42259;MC;NA;2;51;M;M;5064;EMP
057540036036-7361;057540036036;100mN31989E42259;S;OS;1;62;D;F;5064;EMP
057540036036-7362;057540036036;100mN31996E42269;S;OS;1;51;M;F;5064;EMP
057540036036-7363;057540036036;100mN32010E42277;MC;MIX;2;82;M;M;75XX;EMP
057540036036-7363;057540036036;100mN32010E42277;MC;MIX;2;48;M;F;4049;EMP
057540036036-7364;057540036036;100mN31989E42259;SF;NA;2;86;S;F;75XX;EMP
057540036036-7364;057540036036;100mN31989E42259;SF;NA;2;6;S;F;0614;NEP
057540036036-7365;057540036036;100mN32018E42240;MC;NA;4;43;M;F;4049;EMP
057540036036-7365;057540036036;100mN32018E42240;MC;NA;4;56;M;M;5064;NEP
057540036036-7365;057540036036;100mN32018E42240;MC;NA;4;8;S;F;0614;NEP
057540036036-7365;057540036036;100mN32018E42240;MC;NA;4;4;S;F;0305;NEP
057540036036-7366;057540036036;100mN32009E42250;SF;NA;4;43;D;F;4049;NEP
057540036036-7366;057540036036;100mN32009E42250;SF;NA;4;26;M;M;2529;UEP
057540036036-7366;057540036036;100mN32009E42250;SF;NA;4;8;S;M;0614;NEP
057540036036-7366;057540036036;100mN32009E42250;SF;NA;4;15;S;M;1517;EMP
057540036036-7367;057540036036;100mN32007E42287;SM;NA;2;51;S;M;5064;EMP
057540036036-7367;057540036036;100mN32007E42287;SM;NA;2;33;M;F;3039;NEP
057540036036-7368;057540036036;100mN31989E42259;S;NA;1;41;S;M;4049;NEP
057540036036-7369;057540036036;100mN31989E42259;S;NA;1;38;M;M;3039;EMP
057540036036-7370;057540036036;100mN31989E42259;S;OS;1;58;S;M;5064;EMP
057540036036-7371;057540036036;100mN31989E42259;MC;NA;6;20;M;F;1824;EMP
057540036036-7371;057540036036;100mN31989E42259;MC;NA;6;18;M;M;1824;EMP
057540036036-7371;057540036036;100mN31989E42259;MC;NA;6;0;S;F;0003;NEP
057540036036-7371;057540036036;100mN31989E42259;MC;NA;6;3;S;F;0305;NEP
057540036036-7371;057540036036;100mN31989E42259;MC;NA;6;3;S;M;0305;NEP
057540036036-7371;057540036036;100mN31989E42259;MC;NA;6;0;S;M;0003;NEP
057540036036-7372;057540036036;100mN31989E42259;MC;MIX;3;79;M;F;75XX;EMP
057540036036-7372;057540036036;100mN31989E42259;MC;MIX;3;52;M;F;5064;EMP
057540036036-7372;057540036036;100mN31989E42259;MC;MIX;3;54;M;M;5064;NEP
057540036036-7373;057540036036;100mN31989E42259;SF;NA;3;58;S;F;5064;NEP
057540036036-7373;057540036036;100mN31989E42259;SF;NA;3;3;S;M;0305;NEP
057540036036-7373;057540036036;100mN31989E42259;SF;NA;3;28;M;F;2529;NEP
057540036036-7374;057540036036;100mN31995E42266;S;OS;1;31;D;F;3039;EMP
057540036036-7375;057540036036;100mN31950E42246;MC;OS;3;88;M;M;75XX;EMP
057540036036-7375;057540036036;100mN31950E42246;MC;OS;3;26;M;M;2529;NEP
057540036036-7375;057540036036;100mN31950E42246;MC;OS;3;77;M;M;75XX;EMP
057540036036-7376;057540036036;100mN31950E42246;S;NA;1;26;M;M;2529;EMP
057540036036-7377;057540036036;100mN31950E42246;MC;NA;2;41;M;M;4049;EMP
057540036036-7377;057540036036;100mN31950E42246;MC;NA;2;18;M;F;1824;EMP
057540036036-7378;057540036036;100mN32013E42243;S;OS;1;63;W;F;5064;NEP
057540036036-7379;057540036036;100mN31991E42255;MC;NA;2;55;M;M;5064;NEP
057540036036-7379;057540036036;100mN31991E42255;MC;NA;2;46;M;F;4049;NEP
057540036036-7380;057540036036;100mN31991E42255;MC;NA;2;18;M;M;1824;EMP
057540036036-7380;057540036036;100mN31991E42255;MC;NA;2;23;M;F;1824;EMP
057540036036-7381;057540036036;100mN31991E42255;MC;NA;2;61;M;M;5064;EMP
057540036036-7381;057540036036;100mN31991E42255;MC;NA;2;56;M;F;5064;EMP
057540036036-7382;057540036036;100mN32009E42289;MC;MIX;2;70;M;M;6574;EMP
057540036036-7382;057540036036;100mN32009E42289;MC;MIX;2;62;M;F;5064;NEP
057540036036-7383;057540036036;100mN31995E42254;PO;NA;2;50;S;M;5064;NEP
057540036036-7383;057540036036;100mN31995E42254;PO;NA;2;52;S;M;5064;EMP
057540036036-7384;057540036036;100mN31991E42255;MC;NA;4;35;M;M;3039;EMP
057540036036-7384;057540036036;100mN31991E42255;MC;NA;4;42;M;F;4049;EMP
057540036036-7384;057540036036;100mN31991E42255;MC;NA;4;20;M;F;1824;NEP
057540036036-7384;057540036036;100mN31991E42255;MC;NA;4;19;W;F;1824;NEP
057540036036-7385;057540036036;100mN32005E42277;S;OS;1;45;W;F;4049;NEP
057540036036-7386;057540036036;100mN31991E42255;MC;NA;3;26;M;F;2529;NEP
057540036036-7386;057540036036;100mN31991E42255;MC;NA;3;28;M;M;2529;EMP
057540036036-7386;057540036036;100mN31991E42255;MC;NA;3;4;S;F;0305;NEP
057540036036-7387;057540036036;100mN32008E42250;S;NA;1;18;S;F;1824;NEP
057540036036-7388;057540036036;100mN31999E42258;MC;MIX;3;69;M;M;6574;NEP
057540036036-7388;057540036036;100mN31999E42258;MC;MIX;3;36;M;M;3039;EMP
057540036036-7388;057540036036;100mN31999E42258;MC;MIX;3;32;M;F;3039;EMP
057540036036-7389;057540036036;100mN32008E42250;MC;NA;4;63;M;F;5064;NEP
057540036036-7389;057540036036;100mN32008E42250;MC;NA;4;63;M;M;5064;NEP
057540036036-7389;057540036036;100mN32008E42250;MC;NA;4;7;S;M;0614;NEP
057540036036-7389;057540036036;100mN32008E42250;MC;NA;4;13;S;M;0614;NEP
057540036036-7390;057540036036;100mN32008E42250;S;NA;1;27;M;F;2529;EMP
057540036036-7391;057540036036;100mN32008E42250;MC;NA;2;51;M;M;5064;NEP
057540036036-7391;057540036036;100mN32008E42250;MC;NA;2;43;M;F;4049;NEP
057540036036-7392;057540036036;100mN32008E42250;MC;NA;3;61;M;F;5064;EMP
057540036036-7392;057540036036;100mN32008E42250;MC;NA;3;20;M;F;1824;EMP
057540036036-7392;057540036036;100mN32008E42250;MC;NA;3;16;S;F;1517;NEP
057540036036-7393;057540036036;100mN32008E42250;MC;NA;2;62;M;M;5064;EMP
057540036036-7393;057540036036;100mN32008E42250;MC;NA;2;53;M;F;5064;NEP
057540036036-7394;057540036036;100mN32008E42250;MC;NA;2;47;M;F;4049;EMP
057540036036-7394;057540036036;100mN32008E42250;MC;NA;2;50;M;M;5064;EMP
057540036036-7395;057540036036;100mN32010E42277;MC;NA;3;37;M;M;3039;EMP
057540036036-7395;057540036036;100mN32010E42277;MC;NA;3;36;M;F;3039;EMP
057540036036-7395;057540036036;100mN32010E42277;MC;NA;3;16;S;M;1517;EMP
057540036036-7396;057540036036;100mN32008E42250;PO;OS;2;70;S;M;6574;EMP
057540036036-7396;057540036036;100mN32008E42250;PO;OS;2;69;S;M;6574;EMP
057540036036-7397;057540036036;100mN31969E42256;MC;MIX;2;87;M;F;75XX;EMP
057540036036-7397;057540036036;100mN31969E42256;MC;MIX;2;63;M;M;5064;EMP
057540036036-7398;057540036036;100mN31999E42273;S;NA;1;73;M;F;6574;EMP
057540036036-7399;057540036036;100mN31994E42257;MC;NA;4;55;M;F;5064;NEP
057540036036-7399;057540036036;100mN31994E42257;MC;NA;4;48;M;M;4049;EMP
057540036036-7399;057540036036;100mN31994E42257;MC;NA;4;9;S;F;0614;NEP
057540036036-7399;057540036036;100mN31994E42257;MC;NA;4;34;S;F;3039;EMP
057540036036-7400;057540036036;100mN31994E42257;MC;MIX;2;70;M;M;6574;NEP
057540036036-7400;057540036036;100mN31994E42257;MC;MIX;2;48;D;F;4049;EMP
057540036036-7401;057540036036;100mN31994E42257;SF;NA;4;79;W;F;75XX;EMP
057540036036-7401;057540036036;100mN31994E42257;SF;NA;4;3;S;F;0305;NEP
057540036036-7401;057540036036;100mN31994E42257;SF;NA;4;6;S;F;0614;NEP
057540036036-7401;057540036036;100mN31994E42257;SF;NA;4;15;S;F;1517;EMP
057540036036-7402;057540036036;100mN31990E42261;MC;NA;2;42;M;F;4049;EMP
057540036036-7402;057540036036;100mN31990E42261;MC;NA;2;50;M;M;5064;UEP
057540036036-7403;057540036036;100mN31994E42257;MC;OS;2;89;M;F;75XX;NEP
057540036036-7403;057540036036;100mN31994E42257;MC;OS;2;66;M;M;6574;EMP
057540036036-7404;057540036036;100mN31994E42257;MC;NA;2;27;M;M;2529;EMP
057540036036-7404;057540036036;100mN31994E42257;MC;NA;2;27;M;F;2529;NEP
057540036036-7405;057540036036;100mN31994E42257;MC;OS;2;70;M;F;6574;NEP
057540036036-7405;057540036036;100mN31994E42257;MC;OS;2;66;M;M;6574;EMP
057540036036-7406;057540036036;100mN32004E42284;MC;NA;2;30;M;F;3039;EMP
057540036036-7406;057540036036;100mN32004E42284;MC;NA;2;33;M;M;3039;EMP
057540036036-7407;057540036036;100mN32004E42284;MC;NA;4;60;M;F;5064;NEP
057540036036-7407;057540036036;100mN32004E42284;MC;NA;4;63;M;M;5064;EMP
057540036036-7407;057540036036;100mN32004E42284;MC;NA;4;4;S;F;0305;NEP
057540036036-7407;057540036036;100mN32004E42284;MC;NA;4;15;S;M;1517;EMP
057540036036-7408;057540036036;100mN31989E42258;MC;OS;4;66;M;M;6574;EMP
057540036036-7408;057540036036;100mN31989E42258;MC;OS;4;87;M;F;75XX;EMP
057540036036-7408;057540036036;100mN31989E42258;MC;OS;4;68;S;F;6574;EMP
057540036036-7408;057540036036;100mN31989E42258;MC;OS;4;80;D;F;75XX;EMP
057540036036-7409;057540036036;100mN32015E42288;MC;NA;5;41;M;M;4049;NEP
057540036036-7409;057540036036;100mN32015E42288;MC;NA;5;33;M;F;3039;EMP
057540036036-7409;057540036036;100mN32015E42288;MC;NA;5;15;S;M;1517;EMP
057540036036-7409;057540036036;100mN32015E42288;MC;NA;5;20;M;M;1824;EMP
057540036036-7409;057540036036;100mN32015E42288;MC;NA;5;16;S;F;1517;EMP
057540036036-7410;057540036036;100mN32004E42284;MC;NA;2;26;M;M;2529;EMP
057540036036-7410;057540036036;100mN32004E42284;MC;NA;2;25;M;F;2529;EMP
057540036036-7411;057540036036;100mN32004E42284;MC;OS;4;85;M;M;75XX;NEP
057540036036-7411;057540036036;100mN32004E42284;MC;OS;4;88;M;F;75XX;EMP
057540036036-7411;057540036036;100mN32004E42284;MC;OS;4;82;M;F;75XX;EMP
057540036036-7411;057540036036;100mN32004E42284;MC;OS;4;66;D;M;6574;EMP
057540036036-7412;057540036036;100mN32004E42284;MC;NA;2;58;M;M;5064;EMP
057540036036-7412;057540036036;100mN32004E42284;MC;NA;2;57;M;F;5064;NEP
057540036036-7413;057540036036;100mN31990E42256;S;OS;1;59;M;M;5064;EMP
057540036036-7414;057540036036;100mN32004E42284;S;NA;1;45;W;F;4049;EMP
057540036036-7415;057540036036;100mN32007E42282;MC;OS;2;88;M;F;75XX;NEP
057540036036-7415;057540036036;100mN32007E42282;MC;OS;2;18;D;M;1824;EMP
057540036036-7416;057540036036;100mN32013E42288;SF;NA;4;23;S;F;1824;EMP
057540036036-7416;057540036036;100mN32013E42288;SF;NA;4;4;S;F;0305;NEP
057540036036-7416;057540036036;100mN32013E42288;SF;NA;4;3;S;F;0305;NEP
057540036036-7416;057540036036;100mN32013E42288;SF;NA;4;2;S;F;0003;NEP
057540036036-7417;057540036036;100mN32013E42288;MC;NA;3;22;M;M;1824;EMP
057540036036-7417;057540036036;100mN32013E42288;MC;NA;3;19;M;F;1824;EMP
057540036036-7417;057540036036;100mN32013E42288;MC;NA;3;6;S;M;0614;NEP
057540036036-7418;057540036036;100mN32013E42288;PO;NA;2;36;S;M;3039;EMP
057540036036-7418;057540036036;100mN32013E42288;PO;NA;2;33;S;F;3039;EMP
057540036036-7419;057540036036;100mN32013E42288;SF;NA;4;83;S;F;75XX;EMP
057540036036-7419;057540036036;100mN32013E42288;SF;NA;4;28;S;F;2529;EMP
057540036036-7419;057540036036;100mN32013E42288;SF;NA;4;15;S;M;1517;EMP
057540036036-7419;057540036036;100mN32013E42288;SF;NA;4;12;S;M;0614;NEP
057540036036-7420;057540036036;100mN32013E42288;S;NA;1;63;M;F;5064;EMP
057540036036-7421;057540036036;100mN32013E42288;MC;NA;4;20;M;F;1824;EMP
057540036036-7421;057540036036;100mN32013E42288;MC;NA;4;20;M;M;1824;NEP
057540036036-7421;057540036036;100mN32013E42288;MC;NA;4;1;S;F;0003;NEP
057540036036-7421;057540036036;100mN32013E42288;MC;NA;4;3;S;M;0305;NEP
057540036036-7422;057540036036;100mN32013E42288;MC;MIX;2;89;M;F;75XX;EMP
057540036036-7422;057540036036;100mN32013E42288;MC;MIX;2;45;M;M;4049;EMP
057540036036-7423;057540036036;100mN32013E42288;MC;NA;3;43;M;M;4049;EMP
057540036036-7423;057540036036;100mN32013E42288;MC;NA;3;34;M;F;3039;NEP
057540036036-7423;057540036036;100mN32013E42288;MC;NA;3;18;D;F;1824;EMP
057540036036-7424;057540036036;100mN32013E42288;S;NA;1;43;D;F;4049;EMP
057540036036-7425;057540036036;100mN32013E42288;S;OS;1;19;M;M;1824;EMP
057540036036-7426;057540036036;100mN32013E42288;MC;NA;2;48;M;M;4049;NEP
057540036036-7426;057540036036;100mN32013E42288;MC;NA;2;51;M;F;5064;NEP
057540036036-7427;057540036036;100mN32009E42247;S;OS;1;38;M;F;3039;EMP
057540036036-7428;057540036036;100mN32013E42288;MC;NA;4;53;M;M;5064;EMP
057540036036-7428;057540036036;100mN32013E42288;MC;NA;4;51;M;F;5064;EMP
057540036036-7428;057540036036;100mN32013E42288;MC;NA;4;12;S;F;0614;NEP
057540036036-7428;057540036036;100mN32013E42288;MC;NA;4;4;S;F;0305;NEP
057540036036-7429;057540036036;100mN32018E42243;MC;OS;4;89;M;M;75XX;EMP
057540036036-7429;057540036036;100mN32018E42243;MC;OS;4;86;M;F;75XX;NEP
057540036036-7429;057540036036;100mN32018E42243;MC;OS;4;65;W;F;6574;EMP
057540036036-7429;057540036036;100mN32018E42243;MC;OS;4;65;M;M;6574;EMP
057540036036-7430;057540036036;100mN32018E42246;SF;NA;2;54;W;F;5064;NEP
057540036036-7430;057540036036;100mN32018E42246;SF;NA;2;7;S;M;0614;NEP
057540036036-7431;057540036036;100mN32013E42288;S;NA;1;21;M;M;1824;EMP
057540036036-7432;057540036036;100mN31994E42284;MC;NA;6;61;M;M;5064;EMP
057540036036-7432;057540036036;100mN31994E42284;MC;NA;6;53;M;F;5064;EMP
057540036036-7432;057540036036;100mN31994E42284;MC;NA;6;2;S;F;0003;NEP
057540036036-7432;057540036036;100mN31994E42284;MC;NA;6;12;S;F;0614;NEP
057540036036-7432;057540036036;100mN31994E42284;MC;NA;6;3;S;F;0305;NEP
057540036036-7432;057540036036;100mN31994E42284;MC;NA;6;4;S;M;0305;NEP
057540036036-7433;057540036036;100mN31994E42284;S;NA;1;42;M;F;4049;EMP
057540036036-7434;057540036036;100mN31994E42284;PO;OS;3;84;S;F;75XX;NEP
057540036036-7434;057540036036;100mN31994E42284;PO;OS;3;88;S;F;75XX;EMP
057540036036-7434;057540036036;100mN31994E42284;PO;OS;3;65;M;M;6574;EMP
057540036036-7435;057540036036;100mN31976E42275;PO;NA;2;50;S;F;5064;EMP
057540036036-7435;057540036036;100mN31976E42275;PO;NA;2;53;S;F;5064;EMP
057540036036-7436;057540036036;100mN32009E42278;MC;NA;4;34;M;F;3039;NEP
057540036036-7436;057540036036;100mN32009E42278;MC;NA;4;40;M;M;4049;NEP
057540036036-7436;057540036036;100mN32009E42278;MC;NA;4;7;S;F;0614;NEP
057540036036-7436;057540036036;100mN32009E42278;MC;NA;4;19;S;M;1824;EMP
057540036036-7437;057540036036;100mN31976E42275;PO;MIX;2;65;S;M;6574;EMP
057540036036-7437;057540036036;100mN31976E42275;PO;MIX;2;60;S;F;5064;NEP
057540036036-7438;057540036036;100mN31989E42257;MC;NA;2;19;M;M;1824;EMP
057540036036-7438;057540036036;100mN31989E42257;MC;NA;2;18;M;F;1824;NEP
057540036036-7439;057540036036;100mN31989E42257;S;OS;1;54;S;F;5064;NEP
057540036036-7440;057540036036;100mN32030E42256;MC;NA;3;43;M;F;4049;EMP
057540036036-7440;057540036036;100mN32030E42256;MC;NA;3;47;M;M;4049;EMP
057540036036-7440;057540036036;100mN32030E42256;MC;NA;3;11;S;F;0614;NEP
057540036036-7441;057540036036;100mN31995E42255;SF;MIX;2;67;D;F;6574;EMP
057540036036-7441;057540036036;100mN31995E42255;SF;MIX;2;12;S;F;0614;NEP
057540036036-7442;057540036036;100mN31989E42257;MC;NA;6;35;M;F;3039;EMP
057540036036-7442;057540036036;100mN31989E42257;MC;NA;6;43;M;M;4049;EMP
057540036036-7442;057540036036;100mN31989E42257;MC;NA;6;12;S;M;0614;NEP
057540036036-7442;057540036036;100mN31989E42257;MC;NA;6;20;M;F;1824;NEP
057540036036-7442;057540036036;100mN31989E42257;MC;NA;6;19;S;M;1824;EMP
057540036036-7442;057540036036;100mN31989E42257;MC;NA;6;18;W;F;1824;EMP
057540036036-7443;057540036036;100mN31989E42257;MC;NA;2;52;M;M;5064;EMP
057540036036-7443;057540036036;100mN31989E42257;MC;NA;2;46;M;F;4049;NEP
057540036036-7444;057540036036;100mN32003E42262;MC;MIX;2;79;M;F;75XX;EMP
057540036036-7444;057540036036;100mN32003E42262;MC;MIX;2;53;M;F;5064;EMP
057540036036-7445;057540036036;100mN31966E42277;MC;MIX;3;83;W;F;75XX;EMP
057540036036-7445;057540036036;100mN31966E42277;MC;MIX;3;42;M;F;4049;NEP
057540036036-7445;057540036036;100mN31966E42277;MC;MIX;3;18;M;M;1824;EMP
057540036036-7446;057540036036;100mN32003E42262;S;NA;1;38;M;F;3039;EMP
057540036036-7447;057540036036;100mN32010E42279;S;OS;1;40;W;F;4049;EMP
057540036036-7448;057540036036;100mN31975E42250;PO;OS;4;80;S;F;75XX;EMP
057540036036-7448;057540036036;100mN31975E42250;PO;OS;4;72;S;F;6574;NEP
057540036036-7448;057540036036;100mN31975E42250;PO;OS;4;72;M;M;6574;NEP
057540036036-7448;057540036036;100mN31975E42250;PO;OS;4;77;M;F;75XX;NEP
057540036036-7449;057540036036;100mN31983E42297;S;OS;1;68;D;M;6574;EMP
057540036036-7450;057540036036;100mN31975E42250;S;NA;1;40;S;M;4049;EMP
057540036036-7451;057540036036;100mN31975E42250;MC;NA;6;44;M;F;4049;NEP
057540036036-7451;057540036036;100mN31975E42250;MC;NA;6;45;M;M;4049;EMP
057540036036-7451;057540036036;100mN31975E42250;MC;NA;6;23;S;M;1824;NEP
057540036036-7451;057540036036;100mN31975E42250;MC;NA;6;2;S;F;0003;NEP
057540036036-7451;057540036036;100mN31975E42250;MC;NA;6;25;S;M;2529;EMP
057540036036-7451;057540036036;100mN31975E42250;MC;NA;6;25;M;F;2529;EMP
057540036036-7452;057540036036;100mN31962E42308;PO;NA;2;23;S;M;1824;NEP
057540036036-7452;057540036036;100mN31962E42308;PO;NA;2;22;S;F;1824;NEP
057540036036-7453;057540036036;100mN31991E42259;PO;NA;2;56;S;F;5064;NEP
057540036036-7453;057540036036;100mN31991E42259;PO;NA;2;56;S;M;5064;EMP
057540036036-7454;057540036036;100mN31991E42259;MC;NA;3;60;M;M;5064;EMP
057540036036-7454;057540036036;100mN31991E42259;MC;NA;3;6;S;M;0614;NEP
057540036036-7454;057540036036;100mN31991E42259;MC;NA;3;7;S;M;0614;NEP
057540036036-7455;057540036036;100mN31991E42259;S;NA;1;16;S;M;1517;EMP
057540036036-7456;057540036036;100mN31991E42259;S;NA;1;36;S;M;3039;NEP
057540036036-7457;057540036036;100mN31991E42259;MC;MIX;3;83;M;F;75XX;NEP
057540036036-7457;057540036036;100mN31991E42259;MC;MIX;3;54;M;M;5064;EMP
057540036036-7457;057540036036;100mN31991E42259;MC;MIX;3;58;M;F;5064;EMP
057540036036-7458;057540036036;100mN32030E42256;MC;NA;3;43;M;F;4049;EMP
057540036036-7458;057540036036;100mN32030E42256;MC;NA;3;47;M;M;4049;EMP
057540036036-7458;057540036036;100mN32030E42256;MC;NA;3;11;S;F;0614;NEP
057540036036-7459;057540036036;100mN31991E42259;MC;NA;2;40;M;M;4049;NEP
057540036036-7459;057540036036;100mN31991E42259;MC;NA;2;38;M;F;3039;EMP
057540036036-7460;057540036036;100mN31991E42259;PO;NA;3;46;S;F;4049;NEP
057540036036-7460;057540036036;100mN31991E42259;PO;NA;3;45;S;M;4049;EMP
057540036036-7460;057540036036;100mN31991E42259;PO;NA;3;7;S;M;0614;NEP
057540036036-7461;057540036036;100mN31991E42259;MC;NA;2;59;M;M;5064;EMP
057540036036-7461;057540036036;100mN31991E42259;MC;NA;2;51;M;F;5064;EMP
057540036036-7462;057540036036;100mN31991E42259;MC;NA;3;45;M;M;4049;EMP
057540036036-7462;057540036036;100mN31991E42259;MC;NA;3;51;M;F;5064;NEP
057540036036-7462;057540036036;100mN31991E42259;MC;NA;3;16;S;F;1517;NEP
057540036036-7463;057540036036;100mN31991E42259;MC;NA;2;56;M;M;5064;EMP
057540036036-7463;057540036036;100mN31991E42259;MC;NA;2;55;M;F;5064;NEP
057540036036-7464;057540036036;100mN31991E42259;MC;OS;2;67;M;M;6574;NEP
057540036036-7464;057540036036;100mN31991E42259;MC;OS;2;67;M;F;6574;EMP
057540036036-7465;057540036036;100mN31991E42259;S;OS;1;34;M;M;3039;EMP
057540036036-7466;057540036036;100mN32010E42279;MC;NA;4;56;M;F;5064;EMP
057540036036-7466;057540036036;100mN32010E42279;MC;NA;4;56;M;M;5064;EMP
057540036036-7466;057540036036;100mN32010E42279;MC;NA;4;11;S;F;0614;NEP
057540036036-7466;057540036036;100mN32010E42279;MC;NA;4;16;S;M;1517;UEP
057540036036-7467;057540036036;100mN32018E42232;SF;NA;4;37;D;F;3039;NEP
057540036036-7467;057540036036;100mN32018E42232;SF;NA;4;21;M;F;1824;NEP
057540036036-7467;057540036036;100mN32018E42232;SF;NA;4;9;S;F;0614;NEP
057540036036-7467;057540036036;100mN32018E42232;SF;NA;4;16;S;F;1517;EMP
057540036036-7468;057540036036;100mN32018E42232;MC;NA;3;31;M;F;3039;EMP
057540036036-7468;057540036036;100mN32018E42232;MC;NA;3;34;M;M;3039;NEP
057540036036-7468;057540036036;100mN32018E42232;MC;NA;3;3;S;M;0305;NEP
057540036036-7469;057540036036;100mN32018E42232;S;NA;1;34;M;F;3039;NEP
057540036036-7470;057540036036;100mN32018E42232;MC;NA;2;42;M;F;4049;EMP
057540036036-7470;057540036036;100mN32018E42232;MC;NA;2;42;M;M;4049;NEP
057540036036-7471;057540036036;100mN32008E42286;MC;MIX;6;69;W;F;6574;EMP
057540036036-7471;057540036036;100mN32008E42286;MC;MIX;6;61;M;F;5064;EMP
057540036036-7471;057540036036;100mN32008E42286;MC;MIX;6;61;M;M;5064;EMP
057540036036-7471;057540036036;100mN32008E42286;MC;MIX;6;3;S;F;0305;NEP
057540036036-7471;057540036036;100mN32008E42286;MC;MIX;6;10;S;M;0614;NEP
057540036036-7471;057540036036;100mN32008E42286;MC;MIX;6;15;S;M;1517;NEP
057540036036-7472;057540036036;100mN31962E42308;SF;NA;4;45;W;F;4049;EMP
057540036036-7472;057540036036;100mN31962E42308;SF;NA;4;11;S;F;0614;NEP
057540036036-7472;057540036036;100mN31962E42308;SF;NA;4;6;S;F;0614;NEP
057540036036-7472;057540036036;100mN31962E42308;SF;NA;4;3;S;F;0305;NEP
057540036036-7473;057540036036;100mN32013E42243;S;OS;1;63;W;F;5064;NEP
057540036036-7474;057540036036;100mN32013E42243;S;OS;1;38;S;M;3039;NEP
057540036036-7475;057540036036;100mN32013E42243;MC;NA;4;35;M;F;3039;NEP
057540036036-7475;057540036036;100mN32013E42243;MC;NA;4;44;M;M;4049;EMP
057540036036-7475;057540036036;100mN32013E42243;MC;NA;4;18;M;M;1824;EMP
057540036036-7475;057540036036;100mN32013E42243;MC;NA;4;2;S;F;0003;NEP
057540036036-7476;057540036036;100mN31989E42274;MC;MIX;5;68;W;M;6574;EMP
057540036036-7476;057540036036;100mN31989E42274;MC;MIX;5;28;M;F;2529;EMP
057540036036-7476;057540036036;100mN31989E42274;MC;MIX;5;30;M;M;3039;EMP
057540036036-7476;057540036036;100mN31989E42274;MC;MIX;5;1;S;F;0003;NEP
057540036036-7476;057540036036;100mN31989E42274;MC;MIX;5;7;S;M;0614;NEP
057540036036-7477;057540036036;100mN32010E42285;S;OS;1;43;D;F;4049;NEP
057540036036-7478;057540036036;100mN31989E42274;S;NA;1;63;M;M;5064;EMP
057540036036-7479;057540036036;100mN31989E42274;MC;NA;3;28;M;M;2529;NEP
057540036036-7479;057540036036;100mN31989E42274;MC;NA;3;27;M;F;2529;EMP
057540036036-7479;057540036036;100mN31989E42274;MC;NA;3;4;S;F;0305;NEP
057540036036-7480;057540036036;100mN32009E42251;MC;NA;2;46;M;F;4049;EMP
057540036036-7480;057540036036;100mN32009E42251;MC;NA;2;48;M;M;4049;NEP
057540036036-7481;057540036036;100mN31973E42252;S;NA;1;50;M;F;5064;NEP
057540036036-7482;057540036036;100mN31992E42256;MC;NA;3;41;M;F;4049;EMP
057540036036-7482;057540036036;100mN31992E42256;MC;NA;3;40;M;M;4049;NEP
057540036036-7482;057540036036;100mN31992E42256;MC;NA;3;3;S;F;0305;NEP
057540036036-7483;057540036036;100mN31972E42253;SM;NA;3;25;D;M;2529;NEP
057540036036-7483;057540036036;100mN31972E42253;SM;NA;3;10;S;M;0614;NEP
057540036036-7483;057540036036;100mN31972E42253;SM;NA;3;2;S;M;0003;NEP
057540036036-7484;057540036036;100mN31972E42253;MC;NA;2;59;M;F;5064;NEP
057540036036-7484;057540036036;100mN31972E42253;MC;NA;2;60;M;M;5064;NEP
057540036036-7485;057540036036;100mN32015E42254;MC;MIX;4;66;M;M;6574;NEP
057540036036-7485;057540036036;100mN32015E42254;MC;MIX;4;34;M;F;3039;EMP
057540036036-7485;057540036036;100mN32015E42254;MC;MIX;4;36;M;M;3039;NEP
057540036036-7485;057540036036;100mN32015E42254;MC;MIX;4;19;D;F;1824;EMP
057540036036-7486;057540036036;100mN31970E42250;MC;NA;5;41;M;F;4049;EMP
057540036036-7486;057540036036;100mN31970E42250;MC;NA;5;43;M;M;4049;EMP
057540036036-7486;057540036036;100mN31970E42250;MC;NA;5;3;S;M;0305;NEP
057540036036-7486;057540036036;100mN31970E42250;MC;NA;5;19;S;M;1824;EMP
057540036036-7486;057540036036;100mN31970E42250;MC;NA;5;12;S;M;0614;NEP
057540036036-7487;057540036036;100mN31970E42250;MC;NA;2;51;M;F;5064;NEP
057540036036-7487;057540036036;100mN31970E42250;MC;NA;2;63;M;M;5064;EMP
057540036036-7488;057540036036;100mN31975E42271;PO;NA;3;33;S;F;3039;NEP
057540036036-7488;057540036036;100mN31975E42271;PO;NA;3;40;S;F;4049;NEP
057540036036-7488;057540036036;100mN31975E42271;PO;NA;3;7;S;F;0614;NEP
057540036036-7489;057540036036;100mN31975E42271;PO;OS;3;83;S;F;75XX;NEP
057540036036-7489;057540036036;100mN31975E42271;PO;OS;3;62;D;M;5064;EMP
057540036036-7489;057540036036;100mN31975E42271;PO;OS;3;65;W;F;6574;EMP
057540036036-7490;057540036036;100mN31975E42271;PO;NA;4;56;S;M;5064;EMP
057540036036-7490;057540036036;100mN31975E42271;PO;NA;4;54;S;F;5064;EMP
057540036036-7490;057540036036;100mN31975E42271;PO;NA;4;21;M;F;1824;EMP
057540036036-7490;057540036036;100mN31975E42271;PO;NA;4;6;S;M;0614;NEP
057540036036-7491;057540036036;100mN31972E42251;MC;NA;2;50;M;M;5064;NEP
057540036036-7491;057540036036;100mN31972E42251;MC;NA;2;47;M;F;4049;EMP
057540036036-7492;057540036036;100mN32015E42291;PO;NA;4;54;S;M;5064;EMP
057540036036-7492;057540036036;100mN32015E42291;PO;NA;4;51;S;M;5064;EMP
057540036036-7492;057540036036;100mN32015E42291;PO;NA;4;9;S;M;0614;NEP
057540036036-7492;057540036036;100mN32015E42291;PO;NA;4;28;M;F;2529;EMP
057540036036-7493;057540036036;100mN31972E42251;MC;NA;2;26;M;M;2529;EMP
057540036036-7493;057540036036;100mN31972E42251;MC;NA;2;26;M;F;2529;EMP
057540036036-7494;057540036036;100mN31999E42256;MC;NA;6;28;M;M;2529;EMP
057540036036-7494;057540036036;100mN31999E42256;MC;NA;6;31;M;F;3039;NEP
057540036036-7494;057540036036;100mN31999E42256;MC;NA;6;13;S;F;0614;NEP
057540036036-7494;057540036036;100mN31999E42256;MC;NA;6;11;S;F;0614;NEP
057540036036-7494;057540036036;100mN31999E42256;MC;NA;6;7;S;M;0614;NEP
057540036036-7494;057540036036;100mN31999E42256;MC;NA;6;0;S;M;0003;NEP
057540036036-7495;057540036036;100mN32008E42279;MC;NA;6;58;M;M;5064;EMP
057540036036-7495;057540036036;100mN32008E42279;MC;NA;6;63;M;F;5064;NEP
057540036036-7495;057540036036;100mN32008E42279;MC;NA;6;8;S;M;0614;NEP
057540036036-7495;057540036036;100mN32008E42279;MC;NA;6;16;S;F;1517;EMP
057540036036-7495;057540036036;100mN32008E42279;MC;NA;6;22;S;M;1824;EMP
057540036036-7495;057540036036;100mN32008E42279;MC;NA;6;16;S;M;1517;EMP
057540036036-7496;057540036036;100mN32005E42260;S;OS;1;16;S;M;1517;EMP
057540036036-7497;057540036036;100mN32001E42298;SF;MIX;5;80;M;F;75XX;EMP
057540036036-7497;057540036036;100mN32001E42298;SF;MIX;5;40;D;F;4049;EMP
057540036036-7497;057540036036;100mN32001E42298;SF;MIX;5;13;S;M;0614;NEP
057540036036-7497;057540036036;100mN32001E42298;SF;MIX;5;15;S;M;1517;NEP
057540036036-7497;057540036036;100mN32001E42298;SF;MIX;5;10;S;M;0614;NEP
057540036036-7498;057540036036;100mN31972E42251;S;NA;1;41;D;F;4049;NEP
057540036036-7499;057540036036;100mN31972E42251;S;OS;1;85;W;M;75XX;EMP
057540036036-7500;057540036036;100mN31972E42251;S;OS;1;37;M;F;3039;EMP
057540036036-7501;057540036036;100mN31992E42279;S;OS;1;33;D;M;3039;EMP
057540036036-7502;057540036036;100mN32005E42285;S;OS;1;42;M;F;4049;NEP
057540036036-7503;057540036036;100mN32005E42285;MC;NA;2;53;M;F;5064;EMP
057540036036-7503;057540036036;100mN32005E42285;MC;NA;2;63;M;M;5064;EMP
057540036036-7504;057540036036;100mN32005E42285;MC;NA;4;50;M;M;5064;EMP
057540036036-7504;057540036036;100mN32005E42285;MC;NA;4;47;M;F;4049;EMP
057540036036-7504;057540036036;100mN32005E42285;MC;NA;4;23;S;F;1824;EMP
057540036036-7504;057540036036;100mN32005E42285;MC;NA;4;13;S;M;0614;NEP
057540036036-7505;057540036036;100mN32005E42285;MC;NA;2;55;M;M;5064;NEP
057540036036-7505;057540036036;100mN32005E42285;MC;NA;2;47;M;F;4049;NEP
057540036036-7506;057540036036;100mN32005E42285;MC;MIX;2;69;M;M;6574;NEP
057540036036-7506;057540036036;100mN32005E42285;MC;MIX;2;84;W;M;75XX;EMP
057540036036-7507;057540036036;100mN32017E42255;S;NA;1;41;M;M;4049;EMP
057540036036-7508;057540036036;100mN32005E42285;MC;NA;6;34;M;M;3039;EMP
057540036036-7508;057540036036;100mN32005E42285;MC;NA;6;38;M;F;3039;NEP
057540036036-7508;057540036036;100mN32005E42285;MC;NA;6;11;S;M;0614;NEP
057540036036-7508;057540036036;100mN32005E42285;MC;NA;6;18;M;F;1824;EMP
057540036036-7508;057540036036;100mN32005E42285;MC;NA;6;19;S;M;1824;NEP
057540036036-7508;057540036036;100mN32005E42285;MC;NA;6;19;W;M;1824;NEP
057540036036-7509;057540036036;100mN32005E42285;MC;OS;5;68;M;F;6574;NEP
057540036036-7509;057540036036;100mN32005E42285;MC;OS;5;68;M;M;6574;EMP
057540036036-7509;057540036036;100mN32005E42285;MC;OS;5;66;D;M;6574;EMP
057540036036-7509;057540036036;100mN32005E42285;MC;OS;5;70;M;M;6574;EMP
057540036036-7509;057540036036;100mN32005E42285;MC;OS;5;79;W;F;75XX;NEP
057540036036-7510;057540036036;100mN32005E42285;S;NA;1;55;S;F;5064;NEP
057540036036-7511;057540036036;100mN32005E42285;MC;NA;4;54;M;M;5064;EMP
057540036036-7511;057540036036;100mN32005E42285;MC;NA;4;51;M;F;5064;NEP
057540036036-7511;057540036036;100mN32005E42285;MC;NA;4;10;S;F;0614;NEP
057540036036-7511;057540036036;100mN32005E42285;MC;NA;4;10;S;M;0614;NEP
057540036036-7512;057540036036;100mN32005E42285;MC;OS;4;66;M;F;6574;NEP
057540036036-7512;057540036036;100mN32005E42285;MC;OS;4;66;M;M;6574;EMP
057540036036-7512;057540036036;100mN32005E42285;MC;OS;4;66;M;F;6574;NEP
057540036036-7512;057540036036;100mN32005E42285;MC;OS;4;81;S;F;75XX;EMP
057540036036-7513;057540036036;100mN32005E42285;SF;NA;3;71;S;F;6574;EMP
057540036036-7513;057540036036;100mN32005E42285;SF;NA;3;37;S;F;3039;EMP
057540036036-7513;057540036036;100mN32005E42285;SF;NA;3;13;S;F;0614;NEP
057540036036-7514;057540036036;100mN32005E42285;PO;NA;4;41;S;M;4049;UEP
057540036036-7514;057540036036;100mN32005E42285;PO;NA;4;38;S;F;3039;NEP
057540036036-7514;057540036036;100mN32005E42285;PO;NA;4;6;S;M;0614;NEP
057540036036-7514;057540036036;100mN32005E42285;PO;NA;4;3;S;M;0305;NEP
057540036036-7515;057540036036;100mN31976E42251;SF;NA;4;82;W;F;75XX;EMP
057540036036-7515;057540036036;100mN31976E42251;SF;NA;4;16;S;F;1517;NEP
057540036036-7515;057540036036;100mN31976E42251;SF;NA;4;8;S;M;0614;NEP
057540036036-7515;057540036036;100mN31976E42251;SF;NA;4;36;M;F;3039;NEP
057540036036-7516;057540036036;100mN32009E42280;SF;NA;2;35;S;F;3039;EMP
057540036036-7516;057540036036;100mN32009E42280;SF;NA;2;12;S;F;0614;NEP
057540036036-7517;057540036036;100mN31992E42276;PO;NA;2;60;S;M;5064;NEP
057540036036-7517;057540036036;100mN31992E42276;PO;NA;2;51;S;M;5064;EMP
057540036036-7518;057540036036;100mN31992E42276;S;NA;1;57;W;F;5064;EMP
057540036036-7519;057540036036;100mN31992E42276;MC;NA;4;36;M;M;3039;EMP
057540036036-7519;057540036036;100mN31992E42276;MC;NA;4;32;M;F;3039;EMP
057540036036-7519;057540036036;100mN31992E42276;MC;NA;4;19;M;M;1824;NEP
057540036036-7519;057540036036;100mN31992E42276;MC;NA;4;7;S;F;0614;NEP
057540036036-7520;057540036036;100mN31992E42255;S;NA;1;52;M;M;5064;NEP
057540036036-7521;057540036036;100mN31992E42255;S;NA;1;51;M;F;5064;NEP
057540036036-7522;057540036036;100mN31992E42255;S;NA;1;35;M;F;3039;EMP
057540036036-7523;057540036036;100mN31968E42278;S;OS;1;18;M;M;1824;UEP
057540036036-7524;057540036036;100mN31992E42255;SM;NA;2;33;S;M;3039;EMP
057540036036-7524;057540036036;100mN31992E42255;SM;NA;2;12;S;F;0614;NEP
057540036036-7525;057540036036;100mN31992E42255;MC;NA;2;62;M;M;5064;UEP
057540036036-7525;057540036036;100mN31992E42255;MC;NA;2;63;M;F;5064;NEP
057540036036-7526;057540036036;100mN31992E42255;MC;NA;3;51;M;F;5064;EMP
057540036036-7526;057540036036;100mN31992E42255;MC;NA;3;59;M;M;5064;NEP
057540036036-7526;057540036036;100mN31992E42255;MC;NA;3;12;S;F;0614;NEP
057540036036-7527;057540036036;100mN31990E42259;MC;MIX;3;71;D;M;6574;EMP
057540036036-7527;057540036036;100mN31990E42259;MC;MIX;3;37;M;M;3039;EMP
057540036036-7527;057540036036;100mN31990E42259;MC;MIX;3;36;M;F;3039;EMP
057540036036-7528;057540036036;100mN31992E42255;MC;NA;4;38;M;F;3039;NEP
057540036036-7528;057540036036;100mN31992E42255;MC;NA;4;43;M;M;4049;EMP
057540036036-7528;057540036036;100mN31992E42255;MC;NA;4;22;M;M;1824;EMP
057540036036-7528;057540036036;100mN31992E42255;MC;NA;4;20;D;F;1824;NEP
057540036036-7529;057540036036;100mN31992E42255;PO;OS;2;85;S;F;75XX;EMP
057540036036-7529;057540036036;100mN31992E42255;PO;OS;2;88;S;F;75XX;NEP
057540036036-7530;057540036036;100mN32012E42251;SF;NA;5;83;W;F;75XX;EMP
057540036036-7530;057540036036;100mN32012E42251;SF;NA;5;45;D;F;4049;NEP
057540036036-7530;057540036036;100mN32012E42251;SF;NA;5;11;S;F;0614;NEP
057540036036-7530;057540036036;100mN32012E42251;SF;NA;5;25;S;M;2529;EMP
057540036036-7530;057540036036;100mN32012E42251;SF;NA;5;4;S;M;0305;NEP
057540036036-7531;057540036036;100mN31992E42255;MC;NA;2;43;M;M;4049;EMP
057540036036-7531;057540036036;100mN31992E42255;MC;NA;2;38;M;F;3039;NEP
057540036036-7532;057540036036;100mN31992E42255;MC;NA;3;19;M;F;1824;EMP
057540036036-7532;057540036036;100mN31992E42255;MC;NA;3;25;M;M;2529;EMP
057540036036-7532;057540036036;100mN31992E42255;MC;NA;3;4;S;M;0305;NEP
057540036036-7533;057540036036;100mN31977E42252;S;NA;1;54;M;F;5064;NEP
057540036036-7534;057540036036;100mN31964E42283;S;NA;1;46;M;M;4049;EMP
057540036036-7535;057540036036;100mN31968E42278;S;OS;1;18;M;M;1824;UEP
057540036036-7536;057540036036;100mN31993E42259;MC;NA;2;60;M;M;5064;EMP
057540036036-7536;057540036036;100mN31993E42259;MC;NA;2;60;M;F;5064;EMP
057540036036-7537;057540036036;100mN32013E42290;MC;NA;2;19;M;M;1824;EMP
057540036036-7537;057540036036;100mN32013E42290;MC;NA;2;18;M;F;1824;EMP
057540036036-7538;057540036036;100mN31972E42268;MC;NA;3;46;M;M;4049;EMP
057540036036-7538;057540036036;100mN31972E42268;MC;NA;3;46;M;F;4049;NEP
057540036036-7538;057540036036;100mN31972E42268;MC;NA;3;16;S;M;1517;EMP
057540036036-7539;057540036036;100mN32013E42290;S;NA;1;87;S;F;75XX;EMP
057540036036-7540;057540036036;100mN32013E42290;PO;NA;4;32;S;F;3039;EMP
057540036036-7540;057540036036;100mN32013E42290;PO;NA;4;28;S;F;2529;EMP
057540036036-7540;057540036036;100mN32013E42290;PO;NA;4;12;S;F;0614;NEP
057540036036-7540;057540036036;100mN32013E42290;PO;NA;4;4;S;M;0305;NEP
057540036036-7541;057540036036;100mN32017E42253;MC;NA;4;56;M;F;5064;NEP
057540036036-7541;057540036036;100mN32017E42253;MC;NA;4;59;M;M;5064;EMP
057540036036-7541;057540036036;100mN32017E42253;MC;NA;4;7;S;M;0614;NEP
057540036036-7541;057540036036;100mN32017E42253;MC;NA;4;10;S;M;0614;NEP
057540036036-7542;057540036036;100mN31992E42279;S;OS;1;33;D;M;3039;EMP
057540036036-7543;057540036036;100mN32013E42290;S;OS;1;51;M;F;5064;EMP
057540036036-7544;057540036036;100mN32013E42290;SF;NA;2;23;W;F;1824;NEP
057540036036-7544;057540036036;100mN32013E42290;SF;NA;2;7;S;F;0614;NEP
057540036036-7545;057540036036;100mN32013E42290;PO;OS;2;87;S;M;75XX;EMP
057540036036-7545;057540036036;100mN32013E42290;PO;OS;2;87;S;F;75XX;EMP
057540036036-7546;057540036036;100mN32010E42278;MC;NA;6;61;M;F;5064;EMP
057540036036-7546;057540036036;100mN32010E42278;MC;NA;6;82;W;F;75XX;EMP
057540036036-7546;057540036036;100mN32010E42278;MC;NA;6;10;S;F;0614;NEP
057540036036-7546;057540036036;100mN32010E42278;MC;NA;6;7;S;M;0614;NEP
057540036036-7546;057540036036;100mN32010E42278;MC;NA;6;11;S;M;0614;NEP
057540036036-7546;057540036036;100mN32010E42278;MC;NA;6;7;S;F;0614;NEP
057540036036-7547;057540036036;100mN32013E42290;MC;MIX;2;68;M;F;6574;NEP
057540036036-7547;057540036036;100mN32013E42290;MC;MIX;2;25;M;M;2529;EMP
057540036036-7548;057540036036;100mN32013E42244;SF;NA;2;69;W;F;6574;EMP
057540036036-7548;057540036036;100mN32013E42244;SF;NA;2;35;W;F;3039;NEP
057540036036-7549;057540036036;100mN32017E42288;MC;NA;2;34;M;F;3039;EMP
057540036036-7549;057540036036;100mN32017E42288;MC;NA;2;27;M;M;2529;UEP
057540036036-7550;057540036036;100mN31975E42249;S;OS;1;43;M;F;4049;NEP
057540036036-7551;057540036036;100mN32009E42279;SF;NA;2;47;S;F;4049;EMP
057540036036-7551;057540036036;100mN32009E42279;SF;NA;2;0;S;M;0003;NEP
057540036036-7552;057540036036;100mN31975E42249;S;NA;1;47;M;M;4049;EMP
057540036036-7553;057540036036;100mN31993E42261;S;OS;1;45;M;F;4049;NEP
057540036036-7554;057540036036;100mN31975E42249;MC;NA;4;33;M;M;3039;EMP
057540036036-7554;057540036036;100mN31975E42249;MC;NA;4;34;M;F;3039;EMP
057540036036-7554;057540036036;100mN31975E42249;MC;NA;4;0;S;F;0003;NEP
057540036036-7554;057540036036;100mN31975E42249;MC;NA;4;8;S;F;0614;NEP
057540036036-7555;057540036036;100mN32009E42280;MC;NA;4;27;M;M;2529;NEP
057540036036-7555;057540036036;100mN32009E42280;MC;NA;4;25;M;F;2529;EMP
057540036036-7555;057540036036;100mN32009E42280;MC;NA;4;10;S;M;0614;NEP
057540036036-7555;057540036036;100mN32009E42280;MC;NA;4;6;S;F;0614;NEP
057540036036-7556;057540036036;100mN32005E42282;S;NA;1;59;D;F;5064;EMP
057540036036-7557;057540036036;100mN31993E42261;S;NA;1;77;W;F;75XX;EMP
057540036036-7558;057540036036;100mN31975E42249;MC;NA;3;56;M;F;5064;EMP
057540036036-7558;057540036036;100mN31975E42249;MC;NA;3;63;M;M;5064;EMP
057540036036-7558;057540036036;100mN31975E42249;MC;NA;3;7;S;F;0614;NEP
057540036036-7559;057540036036;100mN31975E42249;S;NA;1;58;M;F;5064;EMP
057540036036-7560;057540036036;100mN31975E42249;MC;NA;6;31;M;F;3039;NEP
057540036036-7560;057540036036;100mN31975E42249;MC;NA;6;48;M;M;4049;EMP
057540036036-7560;057540036036;100mN31975E42249;MC;NA;6;6;S;M;0614;NEP
057540036036-7560;057540036036;100mN31975E42249;MC;NA;6;4;S;F;0305;NEP
057540036036-7560;057540036036;100mN31975E42249;MC;NA;6;10;S;F;0614;NEP
057540036036-7560;057540036036;100mN31975E42249;MC;NA;6;9;S;M;0614;NEP
057540036036-7561;057540036036;100mN31975E42249;MC;NA;2;51;M;M;5064;NEP
057540036036-7561;057540036036;100mN31975E42249;MC;NA;2;42;M;F;4049;NEP
057540036036-7562;057540036036;100mN32018E42239;MC;NA;2;61;M;F;5064;EMP
057540036036-7562;057540036036;100mN32018E42239;MC;NA;2;46;M;F;4049;NEP
057540036036-7563;057540036036;100mN31975E42298;S;OS;1;58;M;F;5064;NEP
057540036036-7564;057540036036;100mN32003E42258;NA;NA;2;30;S;M;3039;EMP
057540036036-7564;057540036036;100mN32003E42258;NA;NA;2;21;M;M;1824;EMP
057540036036-7565;057540036036;100mN32008E42278;S;NA;1;19;W;F;1824;EMP
057540036036-7566;057540036036;100mN31990E42261;PO;NA;4;25;S;M;2529;EMP
057540036036-7566;057540036036;100mN31990E42261;PO;NA;4;33;S;M;3039;NEP
057540036036-7566;057540036036;100mN31990E42261;PO;NA;4;4;S;M;0305;NEP
057540036036-7566;057540036036;100mN31990E42261;PO;NA;4;3;S;M;0305;NEP
057540036036-7567;057540036036;100mN32018E42239;MC;NA;3;45;M;M;4049;EMP
057540036036-7567;057540036036;100mN32018E42239;MC;NA;3;44;M;F;4049;EMP
057540036036-7567;057540036036;100mN32018E42239;MC;NA;3;25;D;F;2529;NEP
057540036036-7568;057540036036;100mN32018E42239;MC;OS;2;79;M;M;75XX;EMP
057540036036-7568;057540036036;100mN32018E42239;MC;OS;2;71;M;F;6574;EMP
057540036036-7569;057540036036;100mN32009E42288;S;NA;1;52;M;M;5064;EMP
057540036036-7570;057540036036;100mN32018E42239;MC;OS;2;89;M;M;75XX;NEP
057540036036-7570;057540036036;100mN32018E42239;MC;OS;2;69;M;F;6574;EMP
057540036036-7571;057540036036;100mN31992E42262;MC;MIX;6;83;S;M;75XX;EMP
057540036036-7571;057540036036;100mN31992E42262;MC;MIX;6;30;M;M;3039;EMP
057540036036-7571;057540036036;100mN31992E42262;MC;MIX;6;28;M;F;2529;EMP
057540036036-7571;057540036036;100mN31992E42262;MC;MIX;6;0;S;M;0003;NEP
057540036036-7571;057540036036;100mN31992E42262;MC;MIX;6;2;S;F;0003;NEP
057540036036-7571;057540036036;100mN31992E42262;MC;MIX;6;15;S;F;1517;EMP
057540036036-7572;057540036036;100mN32018E42239;MC;NA;2;18;M;M;1824;EMP
057540036036-7572;057540036036;100mN32018E42239;MC;NA;2;18;M;F;1824;EMP
057540036036-7573;057540036036;100mN32018E42239;MC;MIX;2;80;M;F;75XX;EMP
057540036036-7573;057540036036;100mN32018E42239;MC;MIX;2;20;M;M;1824;EMP
057540036036-7574;057540036036;100mN32013E42228;S;NA;1;47;S;M;4049;NEP
057540036036-7575;057540036036;100mN32018E42255;MC;MIX;4;72;M;F;6574;EMP
057540036036-7575;057540036036;100mN32018E42255;MC;MIX;4;36;M;F;3039;EMP
057540036036-7575;057540036036;100mN32018E42255;MC;MIX;4;36;M;M;3039;NEP
057540036036-7575;057540036036;100mN32018E42255;MC;MIX;4;0;S;F;0003;NEP
057540036036-7576;057540036036;100mN32018E42239;S;NA;1;59;M;M;5064;NEP
057540036036-7577;057540036036;100mN32004E42279;MC;NA;2;40;M;F;4049;NEP
057540036036-7577;057540036036;100mN32004E42279;MC;NA;2;47;M;M;4049;NEP
057540036036-7578;057540036036;100mN32004E42279;MC;MIX;2;77;M;F;75XX;EMP
057540036036-7578;057540036036;100mN32004E42279;MC;MIX;2;47;M;M;4049;EMP
057540036036-7579;057540036036;100mN32001E42257;S;OS;1;42;D;F;4049;EMP
057540036036-7580;057540036036;100mN32004E42279;MC;OS;2;77;M;M;75XX;EMP
057540036036-7580;057540036036;100mN32004E42279;MC;OS;2;71;M;F;6574;NEP
057540036036-7581;057540036036;100mN32004E42279;MC;NA;3;45;M;M;4049;NEP
057540036036-7581;057540036036;100mN32004E42279;MC;NA;3;42;M;F;4049;NEP
057540036036-7581;057540036036;100mN32004E42279;MC;NA;3;1;S;F;0003;NEP
057540036036-7582;057540036036;100mN32004E42279;SM;NA;2;62;S;M;5064;EMP
057540036036-7582;057540036036;100mN32004E42279;SM;NA;2;4;S;F;0305;NEP
057540036036-7583;057540036036;100mN32004E42279;MC;NA;2;56;M;F;5064;NEP
057540036036-7583;057540036036;100mN32004E42279;MC;NA;2;56;M;M;5064;EMP
057540036036-7584;057540036036;100mN32007E42283;SF;NA;2;46;W;F;4049;NEP
057540036036-7584;057540036036;100mN32007E42283;SF;NA;2;6;S;F;0614;NEP
057540036036-7585;057540036036;100mN32004E42279;MC;MIX;4;84;M;F;75XX;NEP
057540036036-7585;057540036036;100mN32004E42279;MC;MIX;4;53;M;F;5064;NEP
057540036036-7585;057540036036;100mN32004E42279;MC;MIX;4;59;M;M;5064;NEP
057540036036-7585;057540036036;100mN32004E42279;MC;MIX;4;34;S;M;3039;EMP
057540036036-7586;057540036036;100mN31996E42269;S;NA;1;79;W;F;75XX;NEP
057540036036-7587;057540036036;100mN32004E42279;MC;OS;2;87;M;F;75XX;EMP
057540036036-7587;057540036036;100mN32004E42279;MC;OS;2;88;M;F;75XX;NEP
057540036036-7588;057540036036;100mN32004E42279;S;OS;1;61;M;F;5064;EMP
057540036036-7589;057540036036;100mN32001E42257;MC;MIX;4;65;M;F;6574;EMP
057540036036-7589;057540036036;100mN32001E42257;MC;MIX;4;31;M;F;3039;NEP
057540036036-7589;057540036036;100mN32001E42257;MC;MIX;4;53;M;M;5064;NEP
057540036036-7589;057540036036;100mN32001E42257;MC;MIX;4;3;S;M;0305;NEP
057540036036-7590;057540036036;100mN32004E42279;S;NA;1;26;M;M;2529;NEP
057540036036-7591;057540036036;100mN32004E42279;S;NA;1;42;M;M;4049;NEP
057540036036-7592;057540036036;100mN31972E42268;SF;NA;4;18;W;F;1824;NEP
057540036036-7592;057540036036;100mN31972E42268;SF;NA;4;0;S;M;0003;NEP
057540036036-7592;057540036036;100mN31972E42268;SF;NA;4;1;S;M;0003;NEP
057540036036-7592;057540036036;100mN31972E42268;SF;NA;4;0;S;F;0003;NEP
057540036036-7593;057540036036;100mN32010E42278;S;NA;1;34;M;F;3039;NEP
057540036036-7594;057540036036;100mN31972E42268;S;NA;1;53;M;F;5064;NEP
057540036036-7595;057540036036;100mN31972E42268;MC;NA;6;48;M;F;4049;NEP
057540036036-7595;057540036036;100mN31972E42268;MC;NA;6;47;M;M;4049;EMP
057540036036-7595;057540036036;100mN31972E42268;MC;NA;6;13;S;F;0614;NEP
057540036036-7595;057540036036;100mN31972E42268;MC;NA;6;20;S;M;1824;EMP
057540036036-7595;057540036036;100mN31972E42268;MC;NA;6;15;S;F;1517;EMP
057540036036-7595;057540036036;100mN31972E42268;MC;NA;6;7;S;F;0614;NEP
057540036036-7596;057540036036;100mN31972E42268;S;NA;1;40;S;F;4049;NEP
057540036036-7597;057540036036;100mN31972E42268;S;OS;1;68;S;M;6574;EMP
057540036036-7598;057540036036;100mN31998E42256;MC;NA;2;47;M;F;4049;EMP
057540036036-7598;057540036036;100mN31998E42256;MC;NA;2;50;M;M;5064;EMP
057540036036-7599;057540036036;100mN31972E42268;PO;MIX;4;71;M;F;6574;EMP
057540036036-7599;057540036036;100mN31972E42268;PO;MIX;4;43;S;F;4049;NEP
057540036036-7599;057540036036;100mN31972E42268;PO;MIX;4;42;S;F;4049;EMP
057540036036-7599;057540036036;100mN31972E42268;PO;MIX;4;3;S;M;0305;NEP
057540036036-7600;057540036036;100mN31972E42268;MC;NA;3;42;M;F;4049;EMP
057540036036-7600;057540036036;100mN31972E42268;MC;NA;3;45;M;M;4049;NEP
057540036036-7600;057540036036;100mN31972E42268;MC;NA;3;6;S;F;0614;NEP
057540036036-7601;057540036036;100mN31972E42268;MC;NA;3;46;M;M;4049;EMP
057540036036-7601;057540036036;100mN31972E42268;MC;NA;3;46;M;F;4049;NEP
057540036036-7601;057540036036;100mN31972E42268;MC;NA;3;16;S;M;1517;EMP
057540036036-7602;057540036036;100mN31950E42250;NA;MIX;3;36;S;M;3039;EMP
057540036036-7602;057540036036;100mN31950E42250;NA;MIX;3;44;M;F;4049;NEP
057540036036-7602;057540036036;100mN31950E42250;NA;MIX;3;77;D;M;75XX;NEP
057540036036-7603;057540036036;100mN31967E42280;PO;NA;4;54;S;M;5064;EMP
057540036036-7603;057540036036;100mN31967E42280;PO;NA;4;52;S;F;5064;EMP
057540036036-7603;057540036036;100mN31967E42280;PO;NA;4;6;S;M;0614;NEP
057540036036-7603;057540036036;100mN31967E42280;PO;NA;4;26;S;F;2529;EMP
057540036036-7604;057540036036;100mN31972E42268;MC;NA;3;56;M;F;5064;EMP
057540036036-7604;057540036036;100mN31972E42268;MC;NA;3;56;M;M;5064;EMP
057540036036-7604;057540036036;100mN31972E42268;MC;NA;3;19;D;F;1824;NEP
057540036036-7605;057540036036;100mN31973E42251;MC;NA;2;54;M;M;5064;NEP
057540036036-7605;057540036036;100mN31973E42251;MC;NA;2;18;M;F;1824;EMP
057540036036-7606;057540036036;100mN32012E42285;PO;OS;2;75;S;M;75XX;EMP
057540036036-7606;057540036036;100mN32012E42285;PO;OS;2;75;S;F;75XX;EMP
057540036036-7607;057540036036;100mN31972E42268;MC;NA;2;35;M;M;3039;EMP
057540036036-7607;057540036036;100mN31972E42268;MC;NA;2;31;M;F;3039;EMP
057540036036-7608;057540036036;100mN31972E42268;MC;NA;2;60;M;M;5064;NEP
057540036036-7608;057540036036;100mN31972E42268;MC;NA;2;56;M;F;5064;NEP
057540036036-7609;057540036036;100mN31972E42268;MC;NA;4;23;M;M;1824;EMP
057540036036-7609;057540036036;100mN31972E42268;MC;NA;4;30;M;F;3039;NEP
057540036036-7609;057540036036;100mN31972E42268;MC;NA;4;3;S;F;0305;NEP
057540036036-7609;057540036036;100mN31972E42268;MC;NA;4;6;S;M;0614;NEP
057540036036-7610;057540036036;100mN32005E42282;MC;MIX;2;73;M;M;6574;UEP
057540036036-7610;057540036036;100mN32005E42282;MC;MIX;2;20;S;M;1824;EMP
057540036036-7611;057540036036;100mN31972E42268;MC;NA;4;51;M;M;5064;NEP
057540036036-7611;057540036036;100mN31972E42268;MC;NA;4;55;M;F;5064;NEP
057540036036-7611;057540036036;100mN31972E42268;MC;NA;4;3;S;M;0305;NEP
057540036036-7611;057540036036;100mN31972E42268;MC;NA;4;10;S;F;0614;NEP
057540036036-7612;057540036036;100mN31972E42268;MC;MIX;2;88;M;F;75XX;EMP
057540036036-7612;057540036036;100mN31972E42268;MC;MIX;2;55;S;M;5064;EMP
057540036036-7613;057540036036;100mN32005E42261;MC;NA;4;53;M;F;5064;NEP
057540036036-7613;057540036036;100mN32005E42261;MC;NA;4;58;M;M;5064;EMP
057540036036-7613;057540036036;100mN32005E42261;MC;NA;4;15;S;F;1517;NEP
057540036036-7613;057540036036;100mN32005E42261;MC;NA;4;12;S;M;0614;NEP
057540036036-7614;057540036036;100mN32018E42255;SM;NA;4;61;S;M;5064;NEP
057540036036-7614;057540036036;100mN32018E42255;SM;NA;4;11;S;F;0614;NEP
057540036036-7614;057540036036;100mN32018E42255;SM;NA;4;40;S;M;4049;EMP
057540036036-7614;057540036036;100mN32018E42255;SM;NA;4;12;S;M;0614;NEP
057540036036-7615;057540036036;100mN31975E42270;MC;MIX;2;73;M;M;6574;NEP
057540036036-7615;057540036036;100mN31975E42270;MC;MIX;2;15;S;F;1517;EMP
057540036036-7616;057540036036;100mN32005E42261;MC;OS;6;67;M;F;6574;NEP
057540036036-7616;057540036036;100mN32005E42261;MC;OS;6;70;M;M;6574;EMP
057540036036-7616;057540036036;100mN32005E42261;MC;OS;6;69;W;F;6574;EMP
057540036036-7616;057540036036;100mN32005E42261;MC;OS;6;73;M;F;6574;EMP
057540036036-7616;057540036036;100mN32005E42261;MC;OS;6;73;D;F;6574;EMP
057540036036-7616;057540036036;100mN32005E42261;MC;OS;6;65;S;M;6574;EMP
057540036036-7617;057540036036;100mN32010E42287;MC;NA;3;30;M;M;3039;EMP
057540036036-7617;057540036036;100mN32010E42287;MC;NA;3;28;M;F;2529;NEP
057540036036-7617;057540036036;100mN32010E42287;MC;NA;3;6;S;F;0614;NEP
057540036036-7618;057540036036;100mN32010E42287;SF;MIX;2;75;S;F;75XX;NEP
057540036036-7618;057540036036;100mN32010E42287;SF;MIX;2;10;S;F;0614;NEP
057540036036-7619;057540036036;100mN32010E42287;MC;MIX;3;86;M;F;75XX;NEP
057540036036-7619;057540036036;100mN32010E42287;MC;MIX;3;51;M;F;5064;EMP
057540036036-7619;057540036036;100mN32010E42287;MC;MIX;3;53;M;M;5064;EMP
057540036036-7620;057540036036;100mN32010E42287;S;OS;1;66;S;F;6574;EMP
057540036036-7621;057540036036;100mN31975E42301;MC;NA;3;26;M;M;2529;EMP
057540036036-7621;057540036036;100mN31975E42301;MC;NA;3;18;M;F;1824;NEP
057540036036-7621;057540036036;100mN31975E42301;MC;NA;3;11;S;F;0614;NEP
057540036036-7622;057540036036;100mN31975E42299;MC;NA;2;22;M;F;1824;EMP
057540036036-7622;057540036036;100mN31975E42299;MC;NA;2;26;M;M;2529;EMP
057540036036-7623;057540036036;100mN32010E42287;S;NA;1;44;NA;M;4049;UEP
057540036036-7624;057540036036;100mN32001E42258;PO;OS;2;70;S;M;6574;EMP
057540036036-7624;057540036036;100mN32001E42258;PO;OS;2;70;S;F;6574;EMP
057540036036-7625;057540036036;100mN32010E42287;MC;OS;4;78;M;M;75XX;EMP
057540036036-7625;057540036036;100mN32010E42287;MC;OS;4;77;M;F;75XX;NEP
057540036036-7625;057540036036;100mN32010E42287;MC;OS;4;70;W;F;6574;EMP
057540036036-7625;057540036036;100mN32010E42287;MC;OS;4;84;W;F;75XX;NEP
057540036036-7626;057540036036;100mN32010E42287;PO;MIX;2;70;S;M;6574;EMP
057540036036-7626;057540036036;100mN32010E42287;PO;MIX;2;48;S;F;4049;EMP
057540036036-7627;057540036036;100mN32010E42287;S;OS;1;36;S;F;3039;EMP
057540036036-7628;057540036036;100mN32010E42287;MC;NA;2;25;M;M;2529;EMP
057540036036-7628;057540036036;100mN32010E42287;MC;NA;2;18;M;F;1824;EMP
057540036036-7629;057540036036;100mN31964E42279;S;NA;1;45;S;F;4049;NEP
057540036036-7630;057540036036;100mN32010E42287;S;NA;1;47;S;M;4049;EMP
057540036036-7631;057540036036;100mN32010E42287;MC;OS;2;71;M;F;6574;NEP
057540036036-7631;057540036036;100mN32010E42287;MC;OS;2;68;M;M;6574;EMP
057540036036-7632;057540036036;100mN32010E42287;MC;NA;2;28;M;M;2529;EMP
057540036036-7632;057540036036;100mN32010E42287;MC;NA;2;19;M;F;1824;EMP
057540036036-7633;057540036036;100mN32010E42287;S;NA;1;53;M;M;5064;EMP
057540036036-7634;057540036036;100mN31961E42257;S;NA;1;54;M;F;5064;NEP
057540036036-7635;057540036036;100mN32007E42282;MC;NA;2;45;M;M;4049;EMP
057540036036-7635;057540036036;100mN32007E42282;MC;NA;2;48;M;F;4049;NEP
057540036036-7636;057540036036;100mN32010E42287;MC;NA;2;58;M;M;5064;EMP
057540036036-7636;057540036036;100mN32010E42287;MC;NA;2;52;M;F;5064;EMP
057540036036-7637;057540036036;100mN31995E42266;SF;NA;4;53;W;F;5064;NEP
057540036036-7637;057540036036;100mN31995E42266;SF;NA;4;34;M;M;3039;EMP
057540036036-7637;057540036036;100mN31995E42266;SF;NA;4;1;S;M;0003;NEP
057540036036-7637;057540036036;100mN31995E42266;SF;NA;4;37;W;F;3039;NEP
057540036036-7638;057540036036;100mN31987E42277;S;OS;1;67;M;M;6574;EMP
057540036036-7639;057540036036;100mN31987E42277;S;NA;1;48;S;F;4049;NEP
057540036036-7640;057540036036;100mN31987E42277;S;NA;1;34;M;F;3039;EMP
057540036036-7641;057540036036;100mN31993E42281;S;NA;1;42;S;M;4049;NEP
057540036036-7642;057540036036;100mN31993E42281;S;NA;1;26;D;F;2529;EMP
057540036036-7643;057540036036;100mN31976E42251;S;OS;1;19;S;M;1824;EMP
057540036036-7644;057540036036;100mN31999E42256;MC;NA;2;43;M;M;4049;EMP
057540036036-7644;057540036036;100mN31999E42256;MC;NA;2;40;M;F;4049;NEP
057540036036-7645;057540036036;100mN32012E42236;S;NA;1;46;S;M;4049;NEP
057540036036-7646;057540036036;100mN32012E42236;MC;MIX;2;82;M;F;75XX;EMP
057540036036-7646;057540036036;100mN32012E42236;MC;MIX;2;70;M;M;6574;EMP
057540036036-7647;057540036036;100mN32012E42236;SF;NA;2;66;S;F;6574;EMP
057540036036-7647;057540036036;100mN32012E42236;SF;NA;2;13;S;M;0614;NEP
057540036036-7648;057540036036;100mN32012E42251;S;OS;1;41;M;M;4049;NEP
057540036036-7649;057540036036;100mN31990E42261;S;NA;1;45;S;M;4049;EMP
057540036036-7650;057540036036;100mN32005E42283;MC;OS;4;67;M;M;6574;EMP
057540036036-7650;057540036036;100mN32005E42283;MC;OS;4;66;M;F;6574;NEP
057540036036-7650;057540036036;100mN32005E42283;MC;OS;4;65;W;F;6574;NEP
057540036036-7650;057540036036;100mN32005E42283;MC;OS;4;77;S;F;75XX;EMP
057540036036-7651;057540036036;100mN32005E42283;S;OS;1;44;S;M;4049;NEP
057540036036-7652;057540036036;100mN32005E42283;MC;NA;3;47;M;M;4049;UEP
057540036036-7652;057540036036;100mN32005E42283;MC;NA;3;55;M;F;5064;NEP
057540036036-7652;057540036036;100mN32005E42283;MC;NA;3;12;S;F;0614;NEP
057540036036-7653;057540036036;100mN32005E42283;MC;NA;2;62;M;M;5064;EMP
057540036036-7653;057540036036;100mN32005E42283;MC;NA;2;34;M;F;3039;EMP
057540036036-7654;057540036036;100mN32005E42283;MC;NA;2;31;M;M;3039;EMP
057540036036-7654;057540036036;100mN32005E42283;MC;NA;2;22;M;F;1824;NEP
057540036036-7655;057540036036;100mN32018E42255;MC;NA;2;45;M;F;4049;NEP
057540036036-7655;057540036036;100mN32018E42255;MC;NA;2;53;M;M;5064;EMP
057540036036-7656;057540036036;100mN32005E42283;MC;NA;3;62;M;F;5064;EMP
057540036036-7656;057540036036;100mN32005E42283;MC;NA;3;62;M;M;5064;EMP
057540036036-7656;057540036036;100mN32005E42283;MC;NA;3;25;S;M;2529;EMP
057540036036-7657;057540036036;100mN32005E42283;SM;NA;3;41;S;M;4049;EMP
057540036036-7657;057540036036;100mN32005E42283;SM;NA;3;16;S;M;1517;EMP
057540036036-7657;057540036036;100mN32005E42283;SM;NA;3;19;S;M;1824;EMP
057540036036-7658;057540036036;100mN32004E42252;MC;NA;2;44;M;M;4049;EMP
057540036036-7658;057540036036;100mN32004E42252;MC;NA;2;52;M;F;5064;NEP
057540036036-7659;057540036036;100mN32005E42283;MC;NA;2;52;M;F;5064;NEP
057540036036-7659;057540036036;100mN32005E42283;MC;NA;2;53;M;M;5064;EMP
057540036036-7660;057540036036;100mN31999E42257;MC;OS;4;65;M;M;6574;NEP
057540036036-7660;057540036036;100mN31999E42257;MC;OS;4;72;M;F;6574;EMP
057540036036-7660;057540036036;100mN31999E42257;MC;OS;4;67;M;M;6574;NEP
057540036036-7660;057540036036;100mN31999E42257;MC;OS;4;68;W;M;6574;EMP
057540036036-7661;057540036036;100mN32005E42283;SM;NA;2;61;W;M;5064;EMP
057540036036-7661;057540036036;100mN32005E42283;SM;NA;2;21;S;M;1824;EMP
057540036036-7662;057540036036;100mN32005E42283;SF;NA;3;44;W;F;4049;EMP
057540036036-7662;057540036036;100mN32005E42283;SF;NA;3;16;S;F;1517;NEP
057540036036-7662;057540036036;100mN32005E42283;SF;NA;3;28;S;M;2529;EMP
057540036036-7663;057540036036;100mN32005E42283;S;NA;1;53;D;F;5064;NEP
057540036036-7664;057540036036;100mN32005E42283;SF;NA;2;84;S;F;75XX;EMP
057540036036-7664;057540036036;100mN32005E42283;SF;NA;2;11;S;M;0614;NEP
057540036036-7665;057540036036;100mN32007E42280;MC;MIX;5;81;D;M;75XX;EMP
057540036036-7665;057540036036;100mN32007E42280;MC;MIX;5;34;M;F;3039;NEP
057540036036-7665;057540036036;100mN32007E42280;MC;MIX;5;36;M;M;3039;EMP
057540036036-7665;057540036036;100mN32007E42280;MC;MIX;5;18;M;M;1824;EMP
057540036036-7665;057540036036;100mN32007E42280;MC;MIX;5;18;D;M;1824;UEP
057540036036-7666;057540036036;100mN32010E42289;MC;MIX;4;72;M;F;6574;NEP
057540036036-7666;057540036036;100mN32010E42289;MC;MIX;4;52;M;F;5064;NEP
057540036036-7666;057540036036;100mN32010E42289;MC;MIX;4;58;M;M;5064;EMP
057540036036-7666;057540036036;100mN32010E42289;MC;MIX;4;11;S;M;0614;NEP
057540036036-7667;057540036036;100mN32009E42279;MC;OS;3;71;M;M;6574;EMP
057540036036-7667;057540036036;100mN32009E42279;MC;OS;3;67;M;F;6574;NEP
057540036036-7667;057540036036;100mN32009E42279;MC;OS;3;69;D;M;6574;NEP
057540036036-7668;057540036036;100mN32010E42289;MC;OS;3;83;M;F;75XX;EMP
057540036036-7668;057540036036;100mN32010E42289;MC;OS;3;84;M;M;75XX;NEP
057540036036-7668;057540036036;100mN32010E42289;MC;OS;3;82;M;F;75XX;EMP
057540036036-7669;057540036036;100mN31992E42277;SF;NA;4;48;D;F;4049;EMP
057540036036-7669;057540036036;100mN31992E42277;SF;NA;4;10;S;M;0614;NEP
057540036036-7669;057540036036;100mN31992E42277;SF;NA;4;27;M;M;2529;NEP
057540036036-7669;057540036036;100mN31992E42277;SF;NA;4;8;S;M;0614;NEP
057540036036-7670;057540036036;100mN32010E42289;MC;NA;2;45;M;F;4049;EMP
057540036036-7670;057540036036;100mN32010E42289;MC;NA;2;40;M;M;4049;UEP
057540036036-7671;057540036036;100mN32010E42289;S;NA;1;33;M;M;3039;EMP
057540036036-7672;057540036036;100mN32009E42289;MC;OS;2;65;M;F;6574;NEP
057540036036-7672;057540036036;100mN32009E42289;MC;OS;2;66;M;M;6574;EMP
057540036036-7673;057540036036;100mN32010E42289;MC;NA;5;34;M;M;3039;NEP
057540036036-7673;057540036036;100mN32010E42289;MC;NA;5;35;M;F;3039;NEP
057540036036-7673;057540036036;100mN32010E42289;MC;NA;5;9;S;M;0614;NEP
057540036036-7673;057540036036;100mN32010E42289;MC;NA;5;18;D;M;1824;UEP
057540036036-7673;057540036036;100mN32010E42289;MC;NA;5;8;S;F;0614;NEP
057540036036-7674;057540036036;100mN32010E42289;MC;OS;2;89;M;M;75XX;EMP
057540036036-7674;057540036036;100mN32010E42289;MC;OS;2;81;M;F;75XX;EMP
057540036036-7675;057540036036;100mN32010E42289;MC;NA;2;41;M;F;4049;EMP
057540036036-7675;057540036036;100mN32010E42289;MC;NA;2;43;M;M;4049;EMP
057540036036-7676;057540036036;100mN32010E42289;S;NA;1;68;M;F;6574;NEP
057540036036-7677;057540036036;100mN32010E42289;S;NA;1;53;W;F;5064;EMP
057540036036-7678;057540036036;100mN31990E42263;MC;NA;3;48;M;F;4049;NEP
057540036036-7678;057540036036;100mN31990E42263;MC;NA;3;51;M;M;5064;EMP
057540036036-7678;057540036036;100mN31990E42263;MC;NA;3;13;S;M;0614;NEP
057540036036-7679;057540036036;100mN32010E42289;MC;OS;2;82;M;F;75XX;NEP
057540036036-7679;057540036036;100mN32010E42289;MC;OS;2;84;M;M;75XX;EMP
057540036036-7680;057540036036;100mN32010E42289;PO;MIX;3;69;D;M;6574;EMP
057540036036-7680;057540036036;100mN32010E42289;PO;MIX;3;45;S;F;4049;NEP
057540036036-7680;057540036036;100mN32010E42289;PO;MIX;3;46;S;F;4049;NEP
057540036036-7681;057540036036;100mN32010E42289;MC;NA;2;25;M;F;2529;EMP
057540036036-7681;057540036036;100mN32010E42289;MC;NA;2;25;M;M;2529;EMP
057540036036-7682;057540036036;100mN32010E42289;MC;NA;2;37;M;F;3039;EMP
057540036036-7682;057540036036;100mN32010E42289;MC;NA;2;38;M;M;3039;EMP
057540036036-7683;057540036036;100mN31977E42265;MC;NA;6;50;M;F;5064;EMP
057540036036-7683;057540036036;100mN31977E42265;MC;NA;6;47;M;M;4049;EMP
057540036036-7683;057540036036;100mN31977E42265;MC;NA;6;6;S;F;0614;NEP
057540036036-7683;057540036036;100mN31977E42265;MC;NA;6;26;S;F;2529;EMP
057540036036-7683;057540036036;100mN31977E42265;MC;NA;6;7;S;M;0614;NEP
057540036036-7683;057540036036;100mN31977E42265;MC;NA;6;13;S;M;0614;NEP
057540036036-7684;057540036036;100mN31976E42269;S;NA;1;59;D;F;5064;EMP
057540036036-7685;057540036036;100mN32008E42277;MC;NA;2;31;M;M;3039;UEP
057540036036-7685;057540036036;100mN32008E42277;MC;NA;2;27;M;F;2529;NEP
057540036036-7686;057540036036;100mN31962E42308;PO;NA;4;25;S;M;2529;EMP
057540036036-7686;057540036036;100mN31962E42308;PO;NA;4;22;S;F;1824;EMP
057540036036-7686;057540036036;100mN31962E42308;PO;NA;4;10;S;F;0614;NEP
057540036036-7686;057540036036;100mN31962E42308;PO;NA;4;7;S;F;0614;NEP
057540036036-7687;057540036036;100mN32010E42289;MC;MIX;2;69;M;F;6574;EMP
057540036036-7687;057540036036;100mN32010E42289;MC;MIX;2;16;S;F;1517;EMP
057540036036-7688;057540036036;100mN32010E42289;MC;OS;2;88;M;F;75XX;NEP
057540036036-7688;057540036036;100mN32010E42289;MC;OS;2;75;M;F;75XX;EMP
057540036036-7689;057540036036;100mN31975E42277;MC;NA;2;41;M;M;4049;UEP
057540036036-7689;057540036036;100mN31975E42277;MC;NA;2;36;M;F;3039;EMP
057540036036-7690;057540036036;100mN32010E42289;MC;OS;3;72;M;M;6574;NEP
057540036036-7690;057540036036;100mN32010E42289;MC;OS;3;69;M;F;6574;NEP
057540036036-7690;057540036036;100mN32010E42289;MC;OS;3;65;M;F;6574;NEP
057540036036-7691;057540036036;100mN32010E42289;S;NA;1;43;D;M;4049;EMP
057540036036-7692;057540036036;100mN31999E42254;MC;OS;2;86;M;F;75XX;EMP
057540036036-7692;057540036036;100mN31999E42254;MC;OS;2;58;W;M;5064;EMP
057540036036-7693;057540036036;100mN31999E42312;SF;NA;2;56;W;F;5064;NEP
057540036036-7693;057540036036;100mN31999E42312;SF;NA;2;27;D;F;2529;NEP
057540036036-7694;057540036036;100mN31975E42297;NA;NA;2;32;S;M;3039;NEP
057540036036-7694;057540036036;100mN31975E42297;NA;NA;2;66;S;M;6574;EMP
057540036036-7695;057540036036;100mN31975E42297;MC;OS;3;68;M;M;6574;EMP
057540036036-7695;057540036036;100mN31975E42297;MC;OS;3;80;M;F;75XX;EMP
057540036036-7695;057540036036;100mN31975E42297;MC;OS;3;84;M;M;75XX;UEP
057540036036-7696;057540036036;100mN31999E42257;SF;NA;5;30;W;F;3039;NEP
057540036036-7696;057540036036;100mN31999E42257;SF;NA;5;4;S;F;0305;NEP
057540036036-7696;057540036036;100mN31999E42257;SF;NA;5;8;S;M;0614;NEP
057540036036-7696;057540036036;100mN31999E42257;SF;NA;5;8;S;F;0614;NEP
057540036036-7696;057540036036;100mN31999E42257;SF;NA;5;2;S;M;0003;NEP
057540036036-7697;057540036036;100mN31977E42260;SF;NA;2;70;S;F;6574;NEP
057540036036-7697;057540036036;100mN31977E42260;SF;NA;2;47;S;M;4049;EMP
057540036036-7698;057540036036;100mN32008E42306;MC;OS;2;86;M;F;75XX;NEP
057540036036-7698;057540036036;100mN32008E42306;MC;OS;2;86;M;M;75XX;UEP
057540036036-7699;057540036036;100mN32008E42306;SF;NA;3;16;S;F;1517;EMP
057540036036-7699;057540036036;100mN32008E42306;SF;NA;3;0;S;F;0003;NEP
057540036036-7699;057540036036;100mN32008E42306;SF;NA;3;0;S;F;0003;NEP
057540036036-7700;057540036036;100mN31963E42303;PO;NA;2;60;S;M;5064;EMP
057540036036-7700;057540036036;100mN31963E42303;PO;NA;2;62;S;F;5064;NEP
057540036036-7701;057540036036;100mN32017E42288;S;NA;1;63;W;F;5064;EMP
057540036036-7702;057540036036;100mN32018E42230;MC;NA;3;60;M;M;5064;NEP
057540036036-7702;057540036036;100mN32018E42230;MC;NA;3;59;M;F;5064;EMP
057540036036-7702;057540036036;100mN32018E42230;MC;NA;3;6;S;M;0614;NEP
057540036036-7703;057540036036;100mN32009E42286;S;NA;1;51;M;M;5064;EMP
057540036036-7704;057540036036;100mN32018E42230;MC;OS;2;70;M;M;6574;EMP
057540036036-7704;057540036036;100mN32018E42230;MC;OS;2;66;M;F;6574;EMP
057540036036-7705;057540036036;100mN32018E42230;SF;MIX;3;89;M;M;75XX;EMP
057540036036-7705;057540036036;100mN32018E42230;SF;MIX;3;38;S;F;3039;EMP
057540036036-7705;057540036036;100mN32018E42230;SF;MIX;3;12;S;F;0614;NEP
057540036036-7706;057540036036;100mN32018E42230;MC;OS;2;76;M;F;75XX;EMP
057540036036-7706;057540036036;100mN32018E42230;MC;OS;2;78;M;M;75XX;EMP
057540036036-7707;057540036036;100mN31995E42259;MC;NA;4;31;M;F;3039;EMP
057540036036-7707;057540036036;100mN31995E42259;MC;NA;4;30;M;M;3039;NEP
057540036036-7707;057540036036;100mN31995E42259;MC;NA;4;0;S;M;0003;NEP
057540036036-7707;057540036036;100mN31995E42259;MC;NA;4;15;S;F;1517;NEP
057540036036-7708;057540036036;100mN31995E42259;SF;NA;4;62;S;F;5064;EMP
057540036036-7708;057540036036;100mN31995E42259;SF;NA;4;42;M;M;4049;UEP
057540036036-7708;057540036036;100mN31995E42259;SF;NA;4;6;S;F;0614;NEP
057540036036-7708;057540036036;100mN31995E42259;SF;NA;4;10;S;M;0614;NEP
057540036036-7709;057540036036;100mN31973E42252;SF;MIX;2;84;S;F;75XX;EMP
057540036036-7709;057540036036;100mN31973E42252;SF;MIX;2;43;D;F;4049;NEP
057540036036-7710;057540036036;100mN32009E42286;MC;NA;4;58;M;M;5064;NEP
057540036036-7710;057540036036;100mN32009E42286;MC;NA;4;52;M;F;5064;EMP
057540036036-7710;057540036036;100mN32009E42286;MC;NA;4;10;S;F;0614;NEP
057540036036-7710;057540036036;100mN32009E42286;MC;NA;4;16;S;F;1517;EMP
057540036036-7711;057540036036;100mN31973E42252;SF;MIX;2;72;W;F;6574;NEP
057540036036-7711;057540036036;100mN31973E42252;SF;MIX;2;1;S;M;0003;NEP
057540036036-7712;057540036036;100mN31973E42252;S;NA;1;50;M;F;5064;NEP
057540036036-7713;057540036036;100mN31973E42252;MC;OS;2;70;M;M;6574;EMP
057540036036-7713;057540036036;100mN31973E42252;MC;OS;2;72;M;F;6574;EMP
057540036036-7714;057540036036;100mN31992E42261;PO;OS;2;83;S;F;75XX;EMP
057540036036-7714;057540036036;100mN31992E42261;PO;OS;2;12;S;M;0614;NEP
057540036036-7715;057540036036;100mN31976E42267;MC;NA;3;56;M;F;5064;NEP
057540036036-7715;057540036036;100mN31976E42267;MC;NA;3;62;M;M;5064;EMP
057540036036-7715;057540036036;100mN31976E42267;MC;NA;3;20;D;M;1824;NEP
057540036036-7716;057540036036;100mN31973E42252;S;NA;1;18;M;F;1824;EMP
057540036036-7717;057540036036;100mN31966E42277;MC;MIX;3;83;W;F;75XX;EMP
057540036036-7717;057540036036;100mN31966E42277;MC;MIX;3;42;M;F;4049;NEP
057540036036-7717;057540036036;100mN31966E42277;MC;MIX;3;18;M;M;1824;EMP
057540036036-7718;057540036036;100mN31973E42252;MC;NA;2;61;M;M;5064;EMP
057540036036-7718;057540036036;100mN31973E42252;MC;NA;2;53;M;F;5064;EMP
057540036036-7719;057540036036;100mN31973E42252;MC;NA;2;42;M;F;4049;NEP
057540036036-7719;057540036036;100mN31973E42252;MC;NA;2;41;M;M;4049;EMP
057540036036-7720;057540036036;100mN31973E42252;S;NA;1;63;M;M;5064;EMP
057540036036-7721;057540036036;100mN31973E42252;MC;OS;5;84;M;F;75XX;EMP
057540036036-7721;057540036036;100mN31973E42252;MC;OS;5;69;M;M;6574;NEP
057540036036-7721;057540036036;100mN31973E42252;MC;OS;5;70;S;M;6574;EMP
057540036036-7721;057540036036;100mN31973E42252;MC;OS;5;77;S;F;75XX;EMP
057540036036-7721;057540036036;100mN31973E42252;MC;OS;5;78;M;M;75XX;EMP
057540036036-7722;057540036036;100mN31973E42252;S;NA;1;19;M;F;1824;EMP
057540036036-7723;057540036036;100mN31973E42252;MC;NA;2;33;M;F;3039;EMP
057540036036-7723;057540036036;100mN31973E42252;MC;NA;2;37;M;M;3039;NEP
057540036036-7724;057540036036;100mN31973E42252;MC;NA;4;42;M;M;4049;EMP
057540036036-7724;057540036036;100mN31973E42252;MC;NA;4;40;M;F;4049;EMP
057540036036-7724;057540036036;100mN31973E42252;MC;NA;4;11;S;M;0614;NEP
057540036036-7724;057540036036;100mN31973E42252;MC;NA;4;11;S;M;0614;NEP
057540036036-7725;057540036036;100mN31962E42300;S;NA;1;47;W;F;4049;EMP
057540036036-7726;057540036036;100mN31976E42248;MC;NA;4;54;M;M;5064;EMP
057540036036-7726;057540036036;100mN31976E42248;MC;NA;4;47;M;F;4049;EMP
057540036036-7726;057540036036;100mN31976E42248;MC;NA;4;6;S;F;0614;NEP
057540036036-7726;057540036036;100mN31976E42248;MC;NA;4;4;S;F;0305;NEP
057540036036-7727;057540036036;100mN31962E42300;MC;NA;4;47;M;M;4049;EMP
057540036036-7727;057540036036;100mN31962E42300;MC;NA;4;42;M;F;4049;EMP
057540036036-7727;057540036036;100mN31962E42300;MC;NA;4;11;S;M;0614;NEP
057540036036-7727;057540036036;100mN31962E42300;MC;NA;4;32;S;F;3039;NEP
057540036036-7728;057540036036;100mN31962E42300;S;NA;1;37;S;M;3039;EMP
057540036036-7729;057540036036;100mN31965E42249;MC;NA;6;55;M;F;5064;EMP
057540036036-7729;057540036036;100mN31965E42249;MC;NA;6;58;M;M;5064;EMP
057540036036-7729;057540036036;100mN31965E42249;MC;NA;6;19;D;M;1824;NEP
057540036036-7729;057540036036;100mN31965E42249;MC;NA;6;38;M;F;3039;EMP
057540036036-7729;057540036036;100mN31965E42249;MC;NA;6;1;S;F;0003;NEP
057540036036-7729;057540036036;100mN31965E42249;MC;NA;6;1;S;M;0003;NEP
057540036036-7730;057540036036;100mN31962E42300;MC;NA;6;31;M;F;3039;EMP
057540036036-7730;057540036036;100mN31962E42300;MC;NA;6;28;M;M;2529;NEP
057540036036-7730;057540036036;100mN31962E42300;MC;NA;6;11;S;F;0614;NEP
057540036036-7730;057540036036;100mN31962E42300;MC;NA;6;16;S;M;1517;NEP
057540036036-7730;057540036036;100mN31962E42300;MC;NA;6;6;S;F;0614;NEP
057540036036-7730;057540036036;100mN31962E42300;MC;NA;6;9;S;M;0614;NEP
057540036036-7731;057540036036;100mN31962E42300;S;NA;1;47;S;M;4049;NEP
057540036036-7732;057540036036;100mN31968E42255;SF;NA;3;40;W;F;4049;EMP
057540036036-7732;057540036036;100mN31968E42255;SF;NA;3;23;W;F;1824;NEP
057540036036-7732;057540036036;100mN31968E42255;SF;NA;3;22;D;M;1824;EMP
057540036036-7733;057540036036;100mN32005E42280;MC;OS;5;83;M;F;75XX;NEP
057540036036-7733;057540036036;100mN32005E42280;MC;OS;5;38;M;F;3039;EMP
057540036036-7733;057540036036;100mN32005E42280;MC;OS;5;75;S;F;75XX;EMP
057540036036-7733;057540036036;100mN32005E42280;MC;OS;5;65;M;M;6574;EMP
057540036036-7733;057540036036;100mN32005E42280;MC;OS;5;66;S;M;6574;EMP
057540036036-7734;057540036036;100mN32005E42280;MC;NA;2;57;M;M;5064;EMP
057540036036-7734;057540036036;100mN32005E42280;MC;NA;2;54;M;F;5064;EMP
057540036036-7735;057540036036;100mN32005E42280;MC;MIX;6;67;M;M;6574;UEP
057540036036-7735;057540036036;100mN32005E42280;MC;MIX;6;50;M;F;5064;EMP
057540036036-7735;057540036036;100mN32005E42280;MC;MIX;6;52;M;M;5064;EMP
057540036036-7735;057540036036;100mN32005E42280;MC;MIX;6;35;S;F;3039;EMP
057540036036-7735;057540036036;100mN32005E42280;MC;MIX;6;0;S;M;0003;NEP
057540036036-7735;057540036036;100mN32005E42280;MC;MIX;6;9;S;M;0614;NEP
057540036036-7736;057540036036;100mN31999E42256;MC;NA;6;60;M;M;5064;EMP
057540036036-7736;057540036036;100mN31999E42256;MC;NA;6;36;M;F;3039;NEP
057540036036-7736;057540036036;100mN31999E42256;MC;NA;6;45;W;F;4049;EMP
057540036036-7736;057540036036;100mN31999E42256;MC;NA;6;10;S;M;0614;NEP
057540036036-7736;057540036036;100mN31999E42256;MC;NA;6;44;S;M;4049;NEP
057540036036-7736;057540036036;100mN31999E42256;MC;NA;6;44;S;M;4049;NEP
057540036036-7737;057540036036;100mN32005E42280;MC;MIX;4;71;M;M;6574;NEP
057540036036-7737;057540036036;100mN32005E42280;MC;MIX;4;54;M;F;5064;EMP
057540036036-7737;057540036036;100mN32005E42280;MC;MIX;4;4;S;F;0305;NEP
057540036036-7737;057540036036;100mN32005E42280;MC;MIX;4;4;S;M;0305;NEP
057540036036-7738;057540036036;100mN31981E42242;SF;MIX;3;86;W;F;75XX;NEP
057540036036-7738;057540036036;100mN31981E42242;SF;MIX;3;20;W;F;1824;EMP
057540036036-7738;057540036036;100mN31981E42242;SF;MIX;3;2;S;F;0003;NEP
057540036036-7739;057540036036;100mN32001E42257;MC;MIX;4;65;M;F;6574;EMP
057540036036-7739;057540036036;100mN32001E42257;MC;MIX;4;31;M;F;3039;NEP
057540036036-7739;057540036036;100mN32001E42257;MC;MIX;4;53;M;M;5064;NEP
057540036036-7739;057540036036;100mN32001E42257;MC;MIX;4;3;S;M;0305;NEP
057540036036-7740;057540036036;100mN32001E42257;S;NA;1;45;D;F;4049;EMP
057540036036-7741;057540036036;100mN32001E42257;PO;NA;5;56;S;M;5064;EMP
057540036036-7741;057540036036;100mN32001E42257;PO;NA;5;53;S;M;5064;EMP
057540036036-7741;057540036036;100mN32001E42257;PO;NA;5;7;S;M;0614;NEP
057540036036-7741;057540036036;100mN32001E42257;PO;NA;5;10;S;F;0614;NEP
057540036036-7741;057540036036;100mN32001E42257;PO;NA;5;8;S;M;0614;NEP
057540036036-7742;057540036036;100mN32001E42257;S;OS;1;42;D;F;4049;EMP
057540036036-7743;057540036036;100mN32016E42290;SM;NA;4;53;S;M;5064;EMP
057540036036-7743;057540036036;100mN32016E42290;SM;NA;4;0;S;M;0003;NEP
057540036036-7743;057540036036;100mN32016E42290;SM;NA;4;15;S;M;1517;EMP
057540036036-7743;057540036036;100mN32016E42290;SM;NA;4;10;S;M;0614;NEP
057540036036-7744;057540036036;100mN31999E42254;S;NA;1;51;M;F;5064;EMP
057540036036-7745;057540036036;100mN32001E42257;S;NA;1;26;M;M;2529;UEP
057540036036-7746;057540036036;100mN32001E42257;MC;MIX;4;89;W;F;75XX;EMP
057540036036-7746;057540036036;100mN32001E42257;MC;MIX;4;35;M;F;3039;EMP
057540036036-7746;057540036036;100mN32001E42257;MC;MIX;4;27;M;M;2529;EMP
057540036036-7746;057540036036;100mN32001E42257;MC;MIX;4;18;S;F;1824;NEP
057540036036-7747;057540036036;100mN32001E42257;MC;NA;4;31;M;F;3039;NEP
057540036036-7747;057540036036;100mN32001E42257;MC;NA;4;36;M;M;3039;EMP
057540036036-7747;057540036036;100mN32001E42257;MC;NA;4;15;S;F;1517;NEP
057540036036-7747;057540036036;100mN32001E42257;MC;NA;4;1;S;F;0003;NEP
057540036036-7748;057540036036;100mN32001E42257;PO;NA;2;57;S;M;5064;EMP
057540036036-7748;057540036036;100mN32001E42257;PO;NA;2;57;S;F;5064;EMP
057540036036-7749;057540036036;100mN32001E42257;NA;OS;3;25;M;M;2529;EMP
057540036036-7749;057540036036;100mN32001E42257;NA;OS;3;23;M;F;1824;NEP
057540036036-7749;057540036036;100mN32001E42257;NA;OS;3;60;S;M;5064;EMP
057540036036-7750;057540036036;100mN32001E42257;MC;MIX;6;85;M;F;75XX;EMP
057540036036-7750;057540036036;100mN32001E42257;MC;MIX;6;61;M;M;5064;EMP
057540036036-7750;057540036036;100mN32001E42257;MC;MIX;6;63;M;F;5064;EMP
057540036036-7750;057540036036;100mN32001E42257;MC;MIX;6;7;S;M;0614;NEP
057540036036-7750;057540036036;100mN32001E42257;MC;MIX;6;0;S;M;0003;NEP
057540036036-7750;057540036036;100mN32001E42257;MC;MIX;6;41;S;F;4049;NEP
057540036036-7751;057540036036;100mN32001E42257;MC;NA;4;53;M;M;5064;EMP
057540036036-7751;057540036036;100mN32001E42257;MC;NA;4;55;M;F;5064;EMP
057540036036-7751;057540036036;100mN32001E42257;MC;NA;4;37;M;M;3039;NEP
057540036036-7751;057540036036;100mN32001E42257;MC;NA;4;9;S;F;0614;NEP
057540036036-7752;057540036036;100mN31993E42262;S;NA;1;40;M;F;4049;EMP
057540036036-7753;057540036036;100mN32005E42277;PO;NA;4;31;S;M;3039;EMP
057540036036-7753;057540036036;100mN32005E42277;PO;NA;4;30;S;F;3039;NEP
057540036036-7753;057540036036;100mN32005E42277;PO;NA;4;7;S;F;0614;NEP
057540036036-7753;057540036036;100mN32005E42277;PO;NA;4;16;S;M;1517;EMP
057540036036-7754;057540036036;100mN32018E42241;MC;NA;3;61;M;M;5064;NEP
057540036036-7754;057540036036;100mN32018E42241;MC;NA;3;61;M;F;5064;NEP
057540036036-7754;057540036036;100mN32018E42241;MC;NA;3;46;D;M;4049;NEP
057540036036-7755;057540036036;100mN31993E42262;MC;NA;4;19;M;F;1824;NEP
057540036036-7755;057540036036;100mN31993E42262;MC;NA;4;22;M;M;1824;EMP
057540036036-7755;057540036036;100mN31993E42262;MC;NA;4;4;S;M;0305;NEP
057540036036-7755;057540036036;100mN31993E42262;MC;NA;4;2;S;M;0003;NEP
057540036036-7756;057540036036;100mN32007E42288;MC;NA;2;32;M;M;3039;EMP
057540036036-7756;057540036036;100mN32007E42288;MC;NA;2;30;M;F;3039;EMP
057540036036-7757;057540036036;100mN31999E42255;MC;MIX;4;71;W;M;6574;UEP
057540036036-7757;057540036036;100mN31999E42255;MC;MIX;4;43;M;M;4049;EMP
057540036036-7757;057540036036;100mN31999E42255;MC;MIX;4;38;M;F;3039;NEP
057540036036-7757;057540036036;100mN31999E42255;MC;MIX;4;16;S;M;1517;EMP
057540036036-7758;057540036036;100mN32007E42288;MC;NA;4;40;M;F;4049;NEP
057540036036-7758;057540036036;100mN32007E42288;MC;NA;4;43;M;M;4049;EMP
057540036036-7758;057540036036;100mN32007E42288;MC;NA;4;3;S;F;0305;NEP
057540036036-7758;057540036036;100mN32007E42288;MC;NA;4;21;M;F;1824;EMP
057540036036-7759;057540036036;100mN32007E42288;MC;NA;3;46;M;F;4049;NEP
057540036036-7759;057540036036;100mN32007E42288;MC;NA;3;47;M;M;4049;NEP
057540036036-7759;057540036036;100mN32007E42288;MC;NA;3;28;M;F;2529;NEP
057540036036-7760;057540036036;100mN32007E42288;S;NA;1;53;S;M;5064;EMP
057540036036-7761;057540036036;100mN32007E42288;S;NA;1;46;S;M;4049;EMP
057540036036-7762;057540036036;100mN32007E42288;MC;NA;2;28;M;M;2529;NEP
057540036036-7762;057540036036;100mN32007E42288;MC;NA;2;23;M;F;1824;EMP
057540036036-7763;057540036036;100mN32007E42288;S;OS;1;33;S;M;3039;NEP
057540036036-7764;057540036036;100mN32007E42288;MC;NA;2;26;M;F;2529;NEP
057540036036-7764;057540036036;100mN32007E42288;MC;NA;2;27;M;M;2529;NEP
057540036036-7765;057540036036;100mN32007E42288;SF;NA;4;62;W;F;5064;EMP
057540036036-7765;057540036036;100mN32007E42288;SF;NA;4;16;S;M;1517;EMP
057540036036-7765;057540036036;100mN32007E42288;SF;NA;4;8;S;F;0614;NEP
057540036036-7765;057540036036;100mN32007E42288;SF;NA;4;15;S;F;1517;EMP
057540036036-7766;057540036036;100mN32007E42288;MC;OS;2;72;M;M;6574;NEP
057540036036-7766;057540036036;100mN32007E42288;MC;OS;2;66;M;F;6574;EMP
057540036036-7767;057540036036;100mN31973E42270;PO;NA;3;35;S;M;3039;EMP
057540036036-7767;057540036036;100mN31973E42270;PO;NA;3;27;S;F;2529;EMP
057540036036-7767;057540036036;100mN31973E42270;PO;NA;3;16;S;M;1517;EMP
057540036036-7768;057540036036;100mN32007E42288;MC;NA;2;46;M;M;4049;EMP
057540036036-7768;057540036036;100mN32007E42288;MC;NA;2;38;M;F;3039;EMP
057540036036-7769;057540036036;100mN32007E42288;S;OS;1;80;M;F;75XX;EMP
057540036036-7770;057540036036;100mN32007E42288;MC;NA;4;63;M;M;5064;EMP
057540036036-7770;057540036036;100mN32007E42288;MC;NA;4;58;M;F;5064;NEP
057540036036-7770;057540036036;100mN32007E42288;MC;NA;4;0;S;F;0003;NEP
057540036036-7770;057540036036;100mN32007E42288;MC;NA;4;16;S;F;1517;EMP
057540036036-7771;057540036036;100mN32018E42289;MC;OS;2;86;M;F;75XX;EMP
057540036036-7771;057540036036;100mN32018E42289;MC;OS;2;89;S;M;75XX;NEP
057540036036-7772;057540036036;100mN32007E42288;SF;NA;2;16;S;F;1517;EMP
057540036036-7772;057540036036;100mN32007E42288;SF;NA;2;0;S;F;0003;NEP
057540036036-7773;057540036036;100mN32010E42279;MC;NA;2;58;M;M;5064;EMP
057540036036-7773;057540036036;100mN32010E42279;MC;NA;2;56;M;F;5064;NEP
057540036036-7774;057540036036;100mN32013E42250;MC;OS;4;67;M;M;6574;EMP
057540036036-7774;057540036036;100mN32013E42250;MC;OS;4;66;M;F;6574;EMP
057540036036-7774;057540036036;100mN32013E42250;MC;OS;4;86;M;M;75XX;EMP
057540036036-7774;057540036036;100mN32013E42250;MC;OS;4;81;S;M;75XX;UEP
057540036036-7775;057540036036;100mN32018E42251;MC;NA;2;44;M;M;4049;EMP
057540036036-7775;057540036036;100mN32018E42251;MC;NA;2;43;M;F;4049;NEP
057540036036-7776;057540036036;100mN32013E42250;S;NA;1;65;D;F;6574;NEP
057540036036-7777;057540036036;100mN32013E42250;MC;OS;2;82;M;M;75XX;EMP
057540036036-7777;057540036036;100mN32013E42250;MC;OS;2;81;M;F;75XX;EMP
057540036036-7778;057540036036;100mN32013E42250;S;NA;1;66;S;M;6574;EMP
057540036036-7779;057540036036;100mN32018E42243;MC;OS;2;72;M;F;6574;NEP
057540036036-7779;057540036036;100mN32018E42243;MC;OS;2;69;M;M;6574;EMP
057540036036-7780;057540036036;100mN31999E42292;S;OS;1;20;W;M;1824;NEP
057540036036-7781;057540036036;100mN31995E42256;MC;NA;5;62;M;F;5064;NEP
057540036036-7781;057540036036;100mN31995E42256;MC;NA;5;63;M;M;5064;EMP
057540036036-7781;057540036036;100mN31995E42256;MC;NA;5;31;M;M;3039;NEP
057540036036-7781;057540036036;100mN31995E42256;MC;NA;5;13;S;M;0614;NEP
057540036036-7781;057540036036;100mN31995E42256;MC;NA;5;10;S;F;0614;NEP
057540036036-7782;057540036036;100mN32013E42250;MC;NA;3;63;M;F;5064;EMP
057540036036-7782;057540036036;100mN32013E42250;MC;NA;3;61;M;M;5064;NEP
057540036036-7782;057540036036;100mN32013E42250;MC;NA;3;12;S;F;0614;NEP
057540036036-7783;057540036036;100mN32003E42258;MC;NA;2;36;M;M;3039;NEP
057540036036-7783;057540036036;100mN32003E42258;MC;NA;2;31;M;F;3039;NEP
057540036036-7784;057540036036;100mN31965E42278;S;OS;1;77;W;M;75XX;NEP
057540036036-7785;057540036036;100mN32013E42250;MC;OS;2;66;M;F;6574;NEP
057540036036-7785;057540036036;100mN32013E42250;MC;OS;2;78;M;M;75XX;EMP
057540036036-7786;057540036036;100mN31987E42270;S;NA;1;27;M;M;2529;EMP
057540036036-7787;057540036036;100mN32022E42251;MC;NA;3;63;M;F;5064;NEP
057540036036-7787;057540036036;100mN32022E42251;MC;NA;3;54;M;M;5064;NEP
057540036036-7787;057540036036;100mN32022E42251;MC;NA;3;4;S;M;0305;NEP
057540036036-7788;057540036036;100mN32009E42279;MC;NA;3;33;M;M;3039;EMP
057540036036-7788;057540036036;100mN32009E42279;MC;NA;3;25;M;F;2529;NEP
057540036036-7788;057540036036;100mN32009E42279;MC;NA;3;7;S;F;0614;NEP
057540036036-7789;057540036036;100mN32003E42256;MC;NA;5;55;M;F;5064;EMP
057540036036-7789;057540036036;100mN32003E42256;MC;NA;5;59;M;M;5064;EMP
057540036036-7789;057540036036;100mN32003E42256;MC;NA;5;21;S;F;1824;NEP
057540036036-7789;057540036036;100mN32003E42256;MC;NA;5;16;S;M;1517;EMP
057540036036-7789;057540036036;100mN32003E42256;MC;NA;5;28;M;M;2529;EMP
057540036036-7790;057540036036;100mN32001E42288;S;OS;1;77;M;F;75XX;EMP
057540036036-7791;057540036036;100mN32001E42288;S;NA;1;68;M;F;6574;EMP
057540036036-7792;057540036036;100mN32001E42288;MC;OS;2;86;M;F;75XX;NEP
057540036036-7792;057540036036;100mN32001E42288;MC;OS;2;82;M;M;75XX;EMP
057540036036-7793;057540036036;100mN32001E42288;SF;MIX;4;66;M;F;6574;NEP
057540036036-7793;057540036036;100mN32001E42288;SF;MIX;4;42;W;F;4049;EMP
057540036036-7793;057540036036;100mN32001E42288;SF;MIX;4;4;S;F;0305;NEP
057540036036-7793;057540036036;100mN32001E42288;SF;MIX;4;9;S;F;0614;NEP
057540036036-7794;057540036036;100mN32001E42288;SF;NA;2;81;D;F;75XX;EMP
057540036036-7794;057540036036;100mN32001E42288;SF;NA;2;58;M;F;5064;NEP
057540036036-7795;057540036036;100mN31961E42257;MC;NA;6;44;M;M;4049;EMP
057540036036-7795;057540036036;100mN31961E42257;MC;NA;6;37;M;F;3039;NEP
057540036036-7795;057540036036;100mN31961E42257;MC;NA;6;6;S;M;0614;NEP
057540036036-7795;057540036036;100mN31961E42257;MC;NA;6;18;M;F;1824;EMP
057540036036-7795;057540036036;100mN31961E42257;MC;NA;6;15;S;F;1517;NEP
057540036036-7795;057540036036;100mN31961E42257;MC;NA;6;2;S;F;0003;NEP
057540036036-7796;057540036036;100mN32001E42288;MC;NA;5;50;M;M;5064;NEP
057540036036-7796;057540036036;100mN32001E42288;MC;NA;5;47;M;F;4049;EMP
057540036036-7796;057540036036;100mN32001E42288;MC;NA;5;13;S;F;0614;NEP
057540036036-7796;057540036036;100mN32001E42288;MC;NA;5;22;M;M;1824;NEP
057540036036-7796;057540036036;100mN32001E42288;MC;NA;5;8;S;F;0614;NEP
057540036036-7797;057540036036;100mN32001E42288;PO;MIX;3;72;W;F;6574;NEP
057540036036-7797;057540036036;100mN32001E42288;PO;MIX;3;31;S;M;3039;EMP
057540036036-7797;057540036036;100mN32001E42288;PO;MIX;3;28;S;F;2529;NEP
057540036036-7798;057540036036;100mN32001E42288;MC;MIX;3;81;M;F;75XX;NEP
057540036036-7798;057540036036;100mN32001E42288;MC;MIX;3;58;M;F;5064;EMP
057540036036-7798;057540036036;100mN32001E42288;MC;MIX;3;51;M;M;5064;EMP
057540036036-7799;057540036036;100mN32007E42285;S;NA;1;30;S;M;3039;NEP
057540036036-7800;057540036036;100mN32001E42288;MC;NA;3;26;M;F;2529;NEP
057540036036-7800;057540036036;100mN32001E42288;MC;NA;3;45;M;M;4049;NEP
057540036036-7800;057540036036;100mN32001E42288;MC;NA;3;1;S;F;0003;NEP
057540036036-7801;057540036036;100mN32001E42288;SF;NA;2;65;W;F;6574;EMP
057540036036-7801;057540036036;100mN32001E42288;SF;NA;2;15;S;M;1517;NEP
057540036036-7802;057540036036;100mN31999E42254;S;OS;1;26;M;M;2529;NEP
057540036036-7803;057540036036;100mN32001E42288;SF;NA;2;36;W;F;3039;NEP
057540036036-7803;057540036036;100mN32001E42288;SF;NA;2;9;S;F;0614;NEP
057540036036-7804;057540036036;100mN31963E42257;MC;NA;2;47;M;M;4049;EMP
057540036036-7804;057540036036;100mN31963E42257;MC;NA;2;43;M;F;4049;NEP
057540036036-7805;057540036036;100mN32001E42288;MC;NA;4;20;M;F;1824;EMP
057540036036-7805;057540036036;100mN32001E42288;MC;NA;4;21;M;M;1824;NEP
057540036036-7805;057540036036;100mN32001E42288;MC;NA;4;0;S;F;0003;NEP
057540036036-7805;057540036036;100mN32001E42288;MC;NA;4;1;S;M;0003;NEP
057540036036-7806;057540036036;100mN32001E42288;S;NA;1;56;M;F;5064;EMP
057540036036-7807;057540036036;100mN32001E42288;S;NA;1;34;W;F;3039;EMP
057540036036-7808;057540036036;100mN32001E42288;MC;NA;2;54;M;F;5064;EMP
057540036036-7808;057540036036;100mN32001E42288;MC;NA;2;54;M;M;5064;EMP
057540036036-7809;057540036036;100mN31964E42309;MC;NA;2;26;M;M;2529;EMP
057540036036-7809;057540036036;100mN31964E42309;MC;NA;2;18;M;F;1824;EMP
057540036036-7810;057540036036;100mN31964E42309;MC;NA;2;51;M;M;5064;EMP
057540036036-7810;057540036036;100mN31964E42309;MC;NA;2;50;M;F;5064;EMP
057540036036-7811;057540036036;100mN32008E42289;MC;NA;4;35;M;F;3039;NEP
057540036036-7811;057540036036;100mN32008E42289;MC;NA;4;41;M;M;4049;EMP
057540036036-7811;057540036036;100mN32008E42289;MC;NA;4;7;S;M;0614;NEP
057540036036-7811;057540036036;100mN32008E42289;MC;NA;4;15;S;F;1517;NEP
057540036036-7812;057540036036;100mN31964E42309;PO;NA;4;63;S;M;5064;NEP
057540036036-7812;057540036036;100mN31964E42309;PO;NA;4;55;S;F;5064;EMP
057540036036-7812;057540036036;100mN31964E42309;PO;NA;4;45;W;F;4049;EMP
057540036036-7812;057540036036;100mN31964E42309;PO;NA;4;7;S;F;0614;NEP
057540036036-7813;057540036036;100mN32018E42241;MC;NA;3;36;M;F;3039;EMP
057540036036-7813;057540036036;100mN32018E42241;MC;NA;3;33;M;M;3039;EMP
057540036036-7813;057540036036;100mN32018E42241;MC;NA;3;6;S;M;0614;NEP
057540036036-7814;057540036036;100mN32022E42252;MC;MIX;6;85;W;F;75XX;NEP
057540036036-7814;057540036036;100mN32022E42252;MC;MIX;6;52;M;F;5064;NEP
057540036036-7814;057540036036;100mN32022E42252;MC;MIX;6;53;M;M;5064;EMP
057540036036-7814;057540036036;100mN32022E42252;MC;MIX;6;7;S;F;0614;NEP
057540036036-7814;057540036036;100mN32022E42252;MC;MIX;6;7;S;F;0614;NEP
057540036036-7814;057540036036;100mN32022E42252;MC;MIX;6;15;S;M;1517;EMP
057540036036-7815;057540036036;100mN32018E42241;MC;NA;2;28;M;F;2529;EMP
057540036036-7815;057540036036;100mN32018E42241;MC;NA;2;31;M;M;3039;EMP
057540036036-7816;057540036036;100mN32007E42303;S;NA;1;36;M;F;3039;NEP
057540036036-7817;057540036036;100mN32018E42241;S;NA;1;67;M;F;6574;EMP
057540036036-7818;057540036036;100mN32018E42241;S;NA;1;56;M;M;5064;EMP
057540036036-7819;057540036036;100mN32018E42241;MC;OS;4;82;M;F;75XX;EMP
057540036036-7819;057540036036;100mN32018E42241;MC;OS;4;82;M;M;75XX;EMP
057540036036-7819;057540036036;100mN32018E42241;MC;OS;4;87;S;F;75XX;EMP
057540036036-7819;057540036036;100mN32018E42241;MC;OS;4;67;W;F;6574;NEP
057540036036-7820;057540036036;100mN32018E42241;MC;NA;3;61;M;M;5064;NEP
057540036036-7820;057540036036;100mN32018E42241;MC;NA;3;61;M;F;5064;NEP
057540036036-7820;057540036036;100mN32018E42241;MC;NA;3;46;D;M;4049;NEP
057540036036-7821;057540036036;100mN32018E42241;MC;NA;6;33;M;M;3039;NEP
057540036036-7821;057540036036;100mN32018E42241;MC;NA;6;30;M;F;3039;EMP
057540036036-7821;057540036036;100mN32018E42241;MC;NA;6;13;S;M;0614;NEP
057540036036-7821;057540036036;100mN32018E42241;MC;NA;6;1;S;M;0003;NEP
057540036036-7821;057540036036;100mN32018E42241;MC;NA;6;12;S;M;0614;NEP
057540036036-7821;057540036036;100mN32018E42241;MC;NA;6;15;S;M;1517;EMP
057540036036-7822;057540036036;100mN32018E42241;MC;NA;3;44;M;F;4049;EMP
057540036036-7822;057540036036;100mN32018E42241;MC;NA;3;43;M;M;4049;NEP
057540036036-7822;057540036036;100mN32018E42241;MC;NA;3;1;S;M;0003;NEP
057540036036-7823;057540036036;100mN31964E42281;MC;NA;4;56;M;M;5064;EMP
057540036036-7823;057540036036;100mN31964E42281;MC;NA;4;50;M;F;5064;EMP
057540036036-7823;057540036036;100mN31964E42281;MC;NA;4;31;D;F;3039;NEP
057540036036-7823;057540036036;100mN31964E42281;MC;NA;4;13;S;F;0614;NEP
057540036036-7824;057540036036;100mN32018E42240;MC;NA;4;48;M;F;4049;EMP
057540036036-7824;057540036036;100mN32018E42240;MC;NA;4;51;M;M;5064;EMP
057540036036-7824;057540036036;100mN32018E42240;MC;NA;4;7;S;F;0614;NEP
057540036036-7824;057540036036;100mN32018E42240;MC;NA;4;10;S;F;0614;NEP
057540036036-7825;057540036036;100mN31964E42281;MC;NA;2;45;M;M;4049;EMP
057540036036-7825;057540036036;100mN31964E42281;MC;NA;2;42;M;F;4049;NEP
057540036036-7826;057540036036;100mN31973E42269;MC;NA;3;30;M;F;3039;EMP
057540036036-7826;057540036036;100mN31973E42269;MC;NA;3;37;M;M;3039;EMP
057540036036-7826;057540036036;100mN31973E42269;MC;NA;3;6;S;F;0614;NEP
057540036036-7827;057540036036;100mN31973E42269;MC;NA;4;22;M;M;1824;EMP
057540036036-7827;057540036036;100mN31973E42269;MC;NA;4;21;M;F;1824;NEP
057540036036-7827;057540036036;100mN31973E42269;MC;NA;4;4;S;F;0305;NEP
057540036036-7827;057540036036;100mN31973E42269;MC;NA;4;2;S;M;0003;NEP
057540036036-7828;057540036036;100mN31972E42259;PO;NA;2;18;S;F;1824;NEP
057540036036-7828;057540036036;100mN31972E42259;PO;NA;2;21;S;M;1824;NEP
057540036036-7829;057540036036;100mN31949E42247;SF;NA;2;30;S;F;3039;EMP
057540036036-7829;057540036036;100mN31949E42247;SF;NA;2;11;S;M;0614;NEP
057540036036-7830;057540036036;100mN31949E42247;SF;NA;5;48;S;F;4049;NEP
057540036036-7830;057540036036;100mN31949E42247;SF;NA;5;23;S;M;1824;EMP
057540036036-7830;057540036036;100mN31949E42247;SF;NA;5;2;S;M;0003;NEP
057540036036-7830;057540036036;100mN31949E42247;SF;NA;5;9;S;F;0614;NEP
057540036036-7830;057540036036;100mN31949E42247;SF;NA;5;8;S;M;0614;NEP
057540036036-7831;057540036036;100mN31949E42247;MC;NA;2;37;M;F;3039;EMP
057540036036-7831;057540036036;100mN31949E42247;MC;NA;2;32;M;M;3039;EMP
057540036036-7832;057540036036;100mN32004E42280;MC;OS;2;77;M;M;75XX;EMP
057540036036-7832;057540036036;100mN32004E42280;MC;OS;2;82;M;F;75XX;EMP
057540036036-7833;057540036036;100mN32004E42280;MC;NA;2;52;M;M;5064;EMP
057540036036-7833;057540036036;100mN32004E42280;MC;NA;2;47;M;F;4049;EMP
057540036036-7834;057540036036;100mN32004E42280;PO;NA;4;36;S;F;3039;EMP
057540036036-7834;057540036036;100mN32004E42280;PO;NA;4;40;S;M;4049;EMP
057540036036-7834;057540036036;100mN32004E42280;PO;NA;4;20;M;M;1824;EMP
057540036036-7834;057540036036;100mN32004E42280;PO;NA;4;13;S;M;0614;NEP
057540036036-7835;057540036036;100mN32007E42278;NA;NA;3;54;S;M;5064;EMP
057540036036-7835;057540036036;100mN32007E42278;NA;NA;3;28;M;M;2529;EMP
057540036036-7835;057540036036;100mN32007E42278;NA;NA;3;68;S;M;6574;NEP
057540036036-7836;057540036036;100mN32004E42280;S;NA;1;26;M;F;2529;EMP
057540036036-7837;057540036036;100mN32004E42280;S;NA;1;83;M;F;75XX;EMP
057540036036-7838;057540036036;100mN32004E42280;MC;NA;2;51;M;F;5064;EMP
057540036036-7838;057540036036;100mN32004E42280;MC;NA;2;59;M;M;5064;EMP
057540036036-7839;057540036036;100mN32004E42280;S;OS;1;73;W;F;6574;NEP
057540036036-7840;057540036036;100mN32004E42280;MC;NA;2;62;M;M;5064;EMP
057540036036-7840;057540036036;100mN32004E42280;MC;NA;2;62;M;F;5064;NEP
057540036036-7841;057540036036;100mN32004E42280;S;NA;1;43;S;F;4049;EMP
057540036036-7842;057540036036;100mN32004E42280;MC;OS;4;71;M;M;6574;EMP
057540036036-7842;057540036036;100mN32004E42280;MC;OS;4;78;M;F;75XX;EMP
057540036036-7842;057540036036;100mN32004E42280;MC;OS;4;79;M;F;75XX;NEP
057540036036-7842;057540036036;100mN32004E42280;MC;OS;4;77;W;F;75XX;EMP
057540036036-7843;057540036036;100mN31992E42261;PO;OS;2;83;S;F;75XX;EMP
057540036036-7843;057540036036;100mN31992E42261;PO;OS;2;12;S;M;0614;NEP
057540036036-7844;057540036036;100mN31992E42261;PO;MIX;2;89;S;M;75XX;EMP
057540036036-7844;057540036036;100mN31992E42261;PO;MIX;2;18;M;M;1824;EMP
057540036036-7845;057540036036;100mN31992E42261;S;NA;1;45;S;F;4049;EMP
057540036036-7846;057540036036;100mN31992E42261;MC;MIX;4;67;M;F;6574;NEP
057540036036-7846;057540036036;100mN31992E42261;MC;MIX;4;18;M;M;1824;EMP
057540036036-7846;057540036036;100mN31992E42261;MC;MIX;4;18;M;F;1824;NEP
057540036036-7846;057540036036;100mN31992E42261;MC;MIX;4;0;S;M;0003;NEP
057540036036-7847;057540036036;100mN31992E42261;NA;NA;2;81;S;M;75XX;NEP
057540036036-7847;057540036036;100mN31992E42261;NA;NA;2;62;S;M;5064;NEP
057540036036-7848;057540036036;100mN31992E42261;NA;MIX;2;42;S;M;4049;EMP
057540036036-7848;057540036036;100mN31992E42261;NA;MIX;2;28;S;M;2529;EMP
057540036036-7849;057540036036;100mN31975E42299;MC;NA;4;41;M;M;4049;NEP
057540036036-7849;057540036036;100mN31975E42299;MC;NA;4;40;M;F;4049;EMP
057540036036-7849;057540036036;100mN31975E42299;MC;NA;4;3;S;F;0305;NEP
057540036036-7849;057540036036;100mN31975E42299;MC;NA;4;8;S;M;0614;NEP
057540036036-7850;057540036036;100mN31992E42261;MC;NA;5;63;M;F;5064;NEP
057540036036-7850;057540036036;100mN31992E42261;MC;NA;5;40;M;F;4049;NEP
057540036036-7850;057540036036;100mN31992E42261;MC;NA;5;2;S;F;0003;NEP
057540036036-7850;057540036036;100mN31992E42261;MC;NA;5;40;M;M;4049;EMP
057540036036-7850;057540036036;100mN31992E42261;MC;NA;5;16;S;M;1517;EMP
057540036036-7851;057540036036;100mN31992E42261;S;NA;1;44;S;M;4049;EMP
057540036036-7852;057540036036;100mN31992E42261;MC;NA;2;19;M;M;1824;EMP
057540036036-7852;057540036036;100mN31992E42261;MC;NA;2;18;M;F;1824;EMP
057540036036-7853;057540036036;100mN32008E42276;S;NA;1;58;S;F;5064;EMP
057540036036-7854;057540036036;100mN32008E42276;S;NA;1;68;M;F;6574;EMP
057540036036-7855;057540036036;100mN32008E42276;SF;NA;2;18;W;F;1824;NEP
057540036036-7855;057540036036;100mN32008E42276;SF;NA;2;2;S;M;0003;NEP
057540036036-7856;057540036036;100mN31963E42306;SF;NA;4;41;S;F;4049;NEP
057540036036-7856;057540036036;100mN31963E42306;SF;NA;4;15;S;M;1517;EMP
057540036036-7856;057540036036;100mN31963E42306;SF;NA;4;4;S;F;0305;NEP
057540036036-7856;057540036036;100mN31963E42306;SF;NA;4;23;S;M;1824;NEP
057540036036-7857;057540036036;100mN32005E42276;NA;NA;4;59;D;F;5064;NEP
057540036036-7857;057540036036;100mN32005E42276;NA;NA;4;42;S;F;4049;NEP
057540036036-7857;057540036036;100mN32005E42276;NA;NA;4;22;M;F;1824;NEP
057540036036-7857;057540036036;100mN32005E42276;NA;NA;4;44;M;M;4049;EMP
057540036036-7858;057540036036;100mN31975E42299;MC;MIX;3;71;M;M;6574;EMP
057540036036-7858;057540036036;100mN31975E42299;MC;MIX;3;63;M;M;5064;EMP
057540036036-7858;057540036036;100mN31975E42299;MC;MIX;3;27;M;F;2529;EMP
057540036036-7859;057540036036;100mN32012E42251;MC;NA;2;53;M;F;5064;NEP
057540036036-7859;057540036036;100mN32012E42251;MC;NA;2;61;M;M;5064;EMP
057540036036-7860;057540036036;100mN32008E42285;MC;NA;3;59;M;F;5064;NEP
057540036036-7860;057540036036;100mN32008E42285;MC;NA;3;60;M;M;5064;NEP
057540036036-7860;057540036036;100mN32008E42285;MC;NA;3;9;S;M;0614;NEP
057540036036-7861;057540036036;100mN32008E42285;SF;NA;3;58;S;F;5064;EMP
057540036036-7861;057540036036;100mN32008E42285;SF;NA;3;26;S;F;2529;NEP
057540036036-7861;057540036036;100mN32008E42285;SF;NA;3;3;S;F;0305;NEP
057540036036-7862;057540036036;100mN32008E42285;MC;NA;2;51;M;F;5064;NEP
057540036036-7862;057540036036;100mN32008E42285;MC;NA;2;53;M;M;5064;EMP
057540036036-7863;057540036036;100mN32001E42297;MC;NA;2;47;M;F;4049;NEP
057540036036-7863;057540036036;100mN32001E42297;MC;NA;2;51;M;M;5064;EMP
057540036036-7864;057540036036;100mN32001E42297;MC;NA;3;48;M;F;4049;NEP
057540036036-7864;057540036036;100mN32001E42297;MC;NA;3;51;M;M;5064;NEP
057540036036-7864;057540036036;100mN32001E42297;MC;NA;3;12;S;F;0614;NEP
057540036036-7865;057540036036;100mN31999E42257;MC;NA;5;54;M;M;5064;EMP
057540036036-7865;057540036036;100mN31999E42257;MC;NA;5;51;M;F;5064;NEP
057540036036-7865;057540036036;100mN31999E42257;MC;NA;5;12;S;M;0614;NEP
057540036036-7865;057540036036;100mN31999E42257;MC;NA;5;18;M;F;1824;NEP
057540036036-7865;057540036036;100mN31999E42257;MC;NA;5;12;S;M;0614;NEP
057540036036-7866;057540036036;100mN31981E42264;S;NA;1;36;W;F;3039;NEP
057540036036-7867;057540036036;100mN31998E42253;MC;NA;2;47;M;M;4049;EMP
057540036036-7867;057540036036;100mN31998E42253;MC;NA;2;60;M;F;5064;NEP
057540036036-7868;057540036036;100mN31990E42263;S;NA;1;51;M;F;5064;NEP
057540036036-7869;057540036036;100mN31998E42253;S;NA;1;32;D;F;3039;NEP
057540036036-7870;057540036036;100mN31998E42253;S;NA;1;51;M;M;5064;EMP
057540036036-7871;057540036036;100mN31998E42253;PO;OS;2;65;S;M;6574;EMP
057540036036-7871;057540036036;100mN31998E42253;PO;OS;2;84;S;F;75XX;EMP
057540036036-7872;057540036036;100mN31998E42253;S;NA;1;72;S;M;6574;NEP
057540036036-7873;057540036036;100mN31970E42257;MC;OS;2;67;M;F;6574;EMP
057540036036-7873;057540036036;100mN31970E42257;MC;OS;2;69;M;M;6574;EMP
057540036036-7874;057540036036;100mN31970E42257;S;NA;1;76;M;F;75XX;EMP
057540036036-7875;057540036036;100mN31970E42257;MC;NA;4;25;M;F;2529;NEP
057540036036-7875;057540036036;100mN31970E42257;MC;NA;4;34;M;M;3039;EMP
057540036036-7875;057540036036;100mN31970E42257;MC;NA;4;9;S;M;0614;NEP
057540036036-7875;057540036036;100mN31970E42257;MC;NA;4;9;S;F;0614;NEP
057540036036-7876;057540036036;100mN31987E42258;S;NA;1;46;M;M;4049;EMP
057540036036-7877;057540036036;100mN32016E42235;MC;MIX;5;66;S;F;6574;EMP
057540036036-7877;057540036036;100mN32016E42235;MC;MIX;5;31;M;F;3039;NEP
057540036036-7877;057540036036;100mN32016E42235;MC;MIX;5;40;M;M;4049;EMP
057540036036-7877;057540036036;100mN32016E42235;MC;MIX;5;16;S;F;1517;EMP
057540036036-7877;057540036036;100mN32016E42235;MC;MIX;5;10;S;M;0614;NEP
057540036036-7878;057540036036;100mN31987E42258;S;NA;1;34;W;F;3039;EMP
057540036036-7879;057540036036;100mN31987E42258;MC;NA;2;33;M;M;3039;EMP
057540036036-7879;057540036036;100mN31987E42258;MC;NA;2;36;M;F;3039;NEP
057540036036-7880;057540036036;100mN32022E42219;MC;MIX;3;87;W;F;75XX;EMP
057540036036-7880;057540036036;100mN32022E42219;MC;MIX;3;60;M;F;5064;EMP
057540036036-7880;057540036036;100mN32022E42219;MC;MIX;3;55;M;F;5064;EMP
057540036036-7881;057540036036;100mN31987E42258;NA;NA;4;25;W;F;2529;EMP
057540036036-7881;057540036036;100mN31987E42258;NA;NA;4;44;M;M;4049;NEP
057540036036-7881;057540036036;100mN31987E42258;NA;NA;4;16;S;M;1517;NEP
057540036036-7881;057540036036;100mN31987E42258;NA;NA;4;46;W;F;4049;EMP
057540036036-7882;057540036036;100mN31987E42258;S;NA;1;68;S;M;6574;EMP
057540036036-7883;057540036036;100mN31962E42308;MC;NA;2;23;M;M;1824;UEP
057540036036-7883;057540036036;100mN31962E42308;MC;NA;2;31;M;F;3039;EMP
057540036036-7884;057540036036;100mN32018E42251;MC;NA;2;44;M;M;4049;EMP
057540036036-7884;057540036036;100mN32018E42251;MC;NA;2;43;M;F;4049;NEP
057540036036-7885;057540036036;100mN32018E42251;MC;MIX;4;67;D;F;6574;EMP
057540036036-7885;057540036036;100mN32018E42251;MC;MIX;4;45;M;M;4049;NEP
057540036036-7885;057540036036;100mN32018E42251;MC;MIX;4;42;M;F;4049;EMP
057540036036-7885;057540036036;100mN32018E42251;MC;MIX;4;16;S;M;1517;EMP
057540036036-7886;057540036036;100mN32018E42251;S;NA;1;27;S;M;2529;EMP
057540036036-7887;057540036036;100mN31969E42256;S;NA;1;60;S;M;5064;EMP
057540036036-7888;057540036036;100mN32018E42251;MC;NA;3;57;M;M;5064;NEP
057540036036-7888;057540036036;100mN32018E42251;MC;NA;3;57;M;F;5064;NEP
057540036036-7888;057540036036;100mN32018E42251;MC;NA;3;3;S;F;0305;NEP
057540036036-7889;057540036036;100mN31955E42260;MC;NA;2;43;M;F;4049;NEP
057540036036-7889;057540036036;100mN31955E42260;MC;NA;2;35;M;M;3039;EMP
057540036036-7890;057540036036;100mN31970E42258;MC;NA;4;53;M;M;5064;EMP
057540036036-7890;057540036036;100mN31970E42258;MC;NA;4;51;M;F;5064;EMP
057540036036-7890;057540036036;100mN31970E42258;MC;NA;4;1;S;F;0003;NEP
057540036036-7890;057540036036;100mN31970E42258;MC;NA;4;16;S;M;1517;EMP
057540036036-7891;057540036036;100mN32010E42279;MC;NA;4;56;M;F;5064;EMP
057540036036-7891;057540036036;100mN32010E42279;MC;NA;4;56;M;M;5064;EMP
057540036036-7891;057540036036;100mN32010E42279;MC;NA;4;11;S;F;0614;NEP
057540036036-7891;057540036036;100mN32010E42279;MC;NA;4;16;S;M;1517;UEP
057540036036-7892;057540036036;100mN31992E42262;SF;NA;2;48;S;F;4049;EMP
057540036036-7892;057540036036;100mN31992E42262;SF;NA;2;7;S;F;0614;NEP
057540036036-7893;057540036036;100mN31992E42262;MC;MIX;6;83;S;M;75XX;EMP
057540036036-7893;057540036036;100mN31992E42262;MC;MIX;6;30;M;M;3039;EMP
057540036036-7893;057540036036;100mN31992E42262;MC;MIX;6;28;M;F;2529;EMP
057540036036-7893;057540036036;100mN31992E42262;MC;MIX;6;0;S;M;0003;NEP
057540036036-7893;057540036036;100mN31992E42262;MC;MIX;6;2;S;F;0003;NEP
057540036036-7893;057540036036;100mN31992E42262;MC;MIX;6;15;S;F;1517;EMP
057540036036-7894;057540036036;100mN31992E42262;MC;NA;6;57;M;M;5064;EMP
057540036036-7894;057540036036;100mN31992E42262;MC;NA;6;60;M;F;5064;EMP
057540036036-7894;057540036036;100mN31992E42262;MC;NA;6;31;D;M;3039;NEP
057540036036-7894;057540036036;100mN31992E42262;MC;NA;6;10;S;M;0614;NEP
057540036036-7894;057540036036;100mN31992E42262;MC;NA;6;15;S;F;1517;EMP
057540036036-7894;057540036036;100mN31992E42262;MC;NA;6;19;M;F;1824;NEP
057540036036-7895;057540036036;100mN31992E42262;MC;OS;2;77;M;F;75XX;EMP
057540036036-7895;057540036036;100mN31992E42262;MC;OS;2;87;M;M;75XX;UEP
057540036036-7896;057540036036;100mN31992E42262;MC;OS;2;72;M;F;6574;EMP
057540036036-7896;057540036036;100mN31992E42262;MC;OS;2;78;M;M;75XX;EMP
057540036036-7897;057540036036;100mN31992E42262;S;NA;1;44;S;M;4049;EMP
057540036036-7898;057540036036;100mN31992E42262;MC;NA;4;55;M;M;5064;NEP
057540036036-7898;057540036036;100mN31992E42262;MC;NA;4;58;M;F;5064;EMP
057540036036-7898;057540036036;100mN31992E42262;MC;NA;4;37;M;M;3039;EMP
057540036036-7898;057540036036;100mN31992E42262;MC;NA;4;15;S;M;1517;EMP
057540036036-7899;057540036036;100mN32018E42255;MC;NA;4;61;M;M;5064;NEP
057540036036-7899;057540036036;100mN32018E42255;MC;NA;4;58;M;F;5064;EMP
057540036036-7899;057540036036;100mN32018E42255;MC;NA;4;28;S;F;2529;NEP
057540036036-7899;057540036036;100mN32018E42255;MC;NA;4;27;D;M;2529;EMP
057540036036-7900;057540036036;100mN31992E42262;MC;NA;3;61;M;M;5064;EMP
057540036036-7900;057540036036;100mN31992E42262;MC;NA;3;59;M;F;5064;EMP
057540036036-7900;057540036036;100mN31992E42262;MC;NA;3;10;S;M;0614;NEP
057540036036-7901;057540036036;100mN32007E42281;S;OS;1;56;W;F;5064;NEP
057540036036-7902;057540036036;100mN31996E42273;MC;NA;2;32;M;F;3039;EMP
057540036036-7902;057540036036;100mN31996E42273;MC;NA;2;36;M;M;3039;EMP
057540036036-7903;057540036036;100mN32022E42251;PO;MIX;4;72;M;M;6574;EMP
057540036036-7903;057540036036;100mN32022E42251;PO;MIX;4;33;S;M;3039;EMP
057540036036-7903;057540036036;100mN32022E42251;PO;MIX;4;30;S;M;3039;NEP
057540036036-7903;057540036036;100mN32022E42251;PO;MIX;4;10;S;M;0614;NEP
057540036036-7904;057540036036;100mN31996E42273;SF;NA;2;38;S;F;3039;EMP
057540036036-7904;057540036036;100mN31996E42273;SF;NA;2;7;S;F;0614;NEP
057540036036-7905;057540036036;100mN31999E42312;SF;NA;2;56;W;F;5064;NEP
057540036036-7905;057540036036;100mN31999E42312;SF;NA;2;27;D;F;2529;NEP
057540036036-7906;057540036036;100mN31996E42273;S;NA;1;41;S;M;4049;EMP
057540036036-7907;057540036036;100mN31996E42273;PO;NA;5;55;S;F;5064;EMP
057540036036-7907;057540036036;100mN31996E42273;PO;NA;5;59;S;M;5064;NEP
057540036036-7907;057540036036;100mN31996E42273;PO;NA;5;7;S;F;0614;NEP
057540036036-7907;057540036036;100mN31996E42273;PO;NA;5;11;S;F;0614;NEP
057540036036-7907;057540036036;100mN31996E42273;PO;NA;5;22;M;M;1824;EMP
057540036036-7908;057540036036;100mN31973E42245;MC;NA;3;60;M;F;5064;NEP
057540036036-7908;057540036036;100mN31973E42245;MC;NA;3;54;M;M;5064;NEP
057540036036-7908;057540036036;100mN31973E42245;MC;NA;3;43;M;F;4049;NEP
057540036036-7909;057540036036;100mN31973E42245;PO;NA;3;57;S;M;5064;EMP
057540036036-7909;057540036036;100mN31973E42245;PO;NA;3;48;S;F;4049;NEP
057540036036-7909;057540036036;100mN31973E42245;PO;NA;3;35;S;M;3039;NEP
057540036036-7910;057540036036;100mN31973E42245;S;NA;1;70;M;M;6574;NEP
057540036036-7911;057540036036;100mN32019E42243;MC;NA;2;44;M;M;4049;EMP
057540036036-7911;057540036036;100mN32019E42243;MC;NA;2;43;M;F;4049;EMP
057540036036-7912;057540036036;100mN32004E42283;MC;OS;2;78;M;M;75XX;EMP
057540036036-7912;057540036036;100mN32004E42283;MC;OS;2;77;M;F;75XX;NEP
057540036036-7913;057540036036;100mN32004E42283;MC;NA;4;47;M;F;4049;NEP
057540036036-7913;057540036036;100mN32004E42283;MC;NA;4;48;M;M;4049;EMP
057540036036-7913;057540036036;100mN32004E42283;MC;NA;4;6;S;M;0614;NEP
057540036036-7913;057540036036;100mN32004E42283;MC;NA;4;21;S;M;1824;EMP
057540036036-7914;057540036036;100mN32004E42283;MC;NA;3;27;M;M;2529;EMP
057540036036-7914;057540036036;100mN32004E42283;MC;NA;3;33;M;F;3039;NEP
057540036036-7914;057540036036;100mN32004E42283;MC;NA;3;10;S;M;0614;NEP
057540036036-7915;057540036036;100mN32004E42283;MC;NA;4;61;M;F;5064;EMP
057540036036-7915;057540036036;100mN32004E42283;MC;NA;4;87;M;F;75XX;NEP
057540036036-7915;057540036036;100mN32004E42283;MC;NA;4;12;S;M;0614;NEP
057540036036-7915;057540036036;100mN32004E42283;MC;NA;4;6;S;F;0614;NEP
057540036036-7916;057540036036;100mN32004E42283;PO;NA;2;19;S;M;1824;EMP
057540036036-7916;057540036036;100mN32004E42283;PO;NA;2;18;S;M;1824;EMP
057540036036-7917;057540036036;100mN32004E42283;PO;NA;3;44;S;M;4049;NEP
057540036036-7917;057540036036;100mN32004E42283;PO;NA;3;41;S;M;4049;EMP
057540036036-7917;057540036036;100mN32004E42283;PO;NA;3;3;S;F;0305;NEP
057540036036-7918;057540036036;100mN32004E42283;SF;NA;3;70;W;F;6574;EMP
057540036036-7918;057540036036;100mN32004E42283;SF;NA;3;6;S;F;0614;NEP
057540036036-7918;057540036036;100mN32004E42283;SF;NA;3;11;S;F;0614;NEP
057540036036-7919;057540036036;100mN32004E42283;MC;NA;5;21;M;M;1824;EMP
057540036036-7919;057540036036;100mN32004E42283;MC;NA;5;19;M;F;1824;EMP
057540036036-7919;057540036036;100mN32004E42283;MC;NA;5;0;S;M;0003;NEP
057540036036-7919;057540036036;100mN32004E42283;MC;NA;5;3;S;F;0305;NEP
057540036036-7919;057540036036;100mN32004E42283;MC;NA;5;4;S;F;0305;NEP
057540036036-7920;057540036036;100mN32004E42283;PO;NA;3;35;S;M;3039;EMP
057540036036-7920;057540036036;100mN32004E42283;PO;NA;3;27;S;F;2529;EMP
057540036036-7920;057540036036;100mN32004E42283;PO;NA;3;8;S;F;0614;NEP
057540036036-7921;057540036036;100mN32018E42237;MC;NA;5;34;M;F;3039;NEP
057540036036-7921;057540036036;100mN32018E42237;MC;NA;5;42;M;M;4049;EMP
057540036036-7921;057540036036;100mN32018E42237;MC;NA;5;10;S;M;0614;NEP
057540036036-7921;057540036036;100mN32018E42237;MC;NA;5;6;S;M;0614;NEP
057540036036-7921;057540036036;100mN32018E42237;MC;NA;5;6;S;M;0614;NEP
057540036036-7922;057540036036;100mN32018E42237;PO;NA;2;31;S;F;3039;NEP
057540036036-7922;057540036036;100mN32018E42237;PO;NA;2;38;S;F;3039;NEP
057540036036-7923;057540036036;100mN32018E42237;PO;NA;3;48;S;F;4049;EMP
057540036036-7923;057540036036;100mN32018E42237;PO;NA;3;53;S;F;5064;EMP
057540036036-7923;057540036036;100mN32018E42237;PO;NA;3;30;D;F;3039;EMP
057540036036-7924;057540036036;100mN32013E42291;PO;NA;4;44;S;F;4049;EMP
057540036036-7924;057540036036;100mN32013E42291;PO;NA;4;58;S;F;5064;EMP
057540036036-7924;057540036036;100mN32013E42291;PO;NA;4;22;M;M;1824;EMP
057540036036-7924;057540036036;100mN32013E42291;PO;NA;4;18;D;F;1824;EMP
057540036036-7925;057540036036;100mN32010E42280;MC;NA;4;59;M;M;5064;EMP
057540036036-7925;057540036036;100mN32010E42280;MC;NA;4;58;M;F;5064;EMP
057540036036-7925;057540036036;100mN32010E42280;MC;NA;4;9;S;M;0614;NEP
057540036036-7925;057540036036;100mN32010E42280;MC;NA;4;21;M;M;1824;NEP
057540036036-7926;057540036036;100mN32013E42291;MC;NA;4;57;M;F;5064;NEP
057540036036-7926;057540036036;100mN32013E42291;MC;NA;4;63;M;M;5064;EMP
057540036036-7926;057540036036;100mN32013E42291;MC;NA;4;15;S;F;1517;EMP
057540036036-7926;057540036036;100mN32013E42291;MC;NA;4;8;S;M;0614;NEP
057540036036-7927;057540036036;100mN32013E42291;MC;NA;4;42;M;F;4049;NEP
057540036036-7927;057540036036;100mN32013E42291;MC;NA;4;59;M;M;5064;EMP
057540036036-7927;057540036036;100mN32013E42291;MC;NA;4;21;M;F;1824;EMP
057540036036-7927;057540036036;100mN32013E42291;MC;NA;4;6;S;M;0614;NEP
057540036036-7928;057540036036;100mN32013E42291;S;NA;1;25;M;M;2529;NEP
057540036036-7929;057540036036;100mN32013E42291;MC;NA;2;37;M;F;3039;EMP
057540036036-7929;057540036036;100mN32013E42291;MC;NA;2;38;M;M;3039;EMP
057540036036-7930;057540036036;100mN32013E42291;S;OS;1;81;W;M;75XX;NEP
057540036036-7931;057540036036;100mN32001E42258;PO;OS;2;70;S;M;6574;EMP
057540036036-7931;057540036036;100mN32001E42258;PO;OS;2;70;S;F;6574;EMP
057540036036-7932;057540036036;100mN31972E42250;SF;NA;3;69;W;F;6574;NEP
057540036036-7932;057540036036;100mN31972E42250;SF;NA;3;1;S;F;0003;NEP
057540036036-7932;057540036036;100mN31972E42250;SF;NA;3;2;S;M;0003;NEP
057540036036-7933;057540036036;100mN31972E42250;MC;NA;5;32;M;F;3039;NEP
057540036036-7933;057540036036;100mN31972E42250;MC;NA;5;31;M;M;3039;EMP
057540036036-7933;057540036036;100mN31972E42250;MC;NA;5;11;S;F;0614;NEP
057540036036-7933;057540036036;100mN31972E42250;MC;NA;5;7;S;M;0614;NEP
057540036036-7933;057540036036;100mN31972E42250;MC;NA;5;10;S;M;0614;NEP
057540036036-7934;057540036036;100mN31972E42250;MC;OS;3;82;M;F;75XX;NEP
057540036036-7934;057540036036;100mN31972E42250;MC;OS;3;83;M;M;75XX;NEP
057540036036-7934;057540036036;100mN31972E42250;MC;OS;3;79;M;M;75XX;EMP
057540036036-7935;057540036036;100mN31972E42250;PO;NA;4;45;S;M;4049;NEP
057540036036-7935;057540036036;100mN31972E42250;PO;NA;4;42;S;M;4049;NEP
057540036036-7935;057540036036;100mN31972E42250;PO;NA;4;30;M;M;3039;EMP
057540036036-7935;057540036036;100mN31972E42250;PO;NA;4;18;W;F;1824;NEP
057540036036-7936;057540036036;100mN31973E42253;MC;NA;2;58;M;M;5064;EMP
057540036036-7936;057540036036;100mN31973E42253;MC;NA;2;56;M;F;5064;EMP
057540036036-7937;057540036036;100mN31972E42250;MC;OS;2;66;M;F;6574;EMP
057540036036-7937;057540036036;100mN31972E42250;MC;OS;2;71;M;M;6574;EMP
057540036036-7938;057540036036;100mN31976E42268;MC;NA;5;50;M;F;5064;EMP
057540036036-7938;057540036036;100mN31976E42268;MC;NA;5;48;M;M;4049;EMP
057540036036-7938;057540036036;100mN31976E42268;MC;NA;5;9;S;M;0614;NEP
057540036036-7938;057540036036;100mN31976E42268;MC;NA;5;3;S;M;0305;NEP
057540036036-7938;057540036036;100mN31976E42268;MC;NA;5;19;S;M;1824;EMP
057540036036-7939;057540036036;100mN31976E42268;S;OS;1;75;M;F;75XX;NEP
057540036036-7940;057540036036;100mN31976E42268;MC;NA;5;59;M;F;5064;EMP
057540036036-7940;057540036036;100mN31976E42268;MC;NA;5;43;M;M;4049;NEP
057540036036-7940;057540036036;100mN31976E42268;MC;NA;5;15;S;M;1517;EMP
057540036036-7940;057540036036;100mN31976E42268;MC;NA;5;9;S;M;0614;NEP
057540036036-7940;057540036036;100mN31976E42268;MC;NA;5;3;S;F;0305;NEP
057540036036-7941;057540036036;100mN31976E42268;MC;NA;4;51;M;F;5064;EMP
057540036036-7941;057540036036;100mN31976E42268;MC;NA;4;52;M;M;5064;EMP
057540036036-7941;057540036036;100mN31976E42268;MC;NA;4;23;M;F;1824;NEP
057540036036-7941;057540036036;100mN31976E42268;MC;NA;4;9;S;M;0614;NEP
057540036036-7942;057540036036;100mN31999E42256;SF;NA;3;22;W;F;1824;NEP
057540036036-7942;057540036036;100mN31999E42256;SF;NA;3;0;S;F;0003;NEP
057540036036-7942;057540036036;100mN31999E42256;SF;NA;3;2;S;F;0003;NEP
057540036036-7943;057540036036;100mN32019E42243;MC;OS;2;78;M;F;75XX;EMP
057540036036-7943;057540036036;100mN32019E42243;MC;OS;2;85;M;M;75XX;NEP
057540036036-7944;057540036036;100mN32008E42279;S;OS;1;34;D;M;3039;EMP
057540036036-7945;057540036036;100mN32007E42291;SF;NA;3;47;W;F;4049;NEP
057540036036-7945;057540036036;100mN32007E42291;SF;NA;3;0;S;F;0003;NEP
057540036036-7945;057540036036;100mN32007E42291;SF;NA;3;6;S;F;0614;NEP
057540036036-7946;057540036036;100mN31970E42258;MC;NA;2;41;M;M;4049;EMP
057540036036-7946;057540036036;100mN31970E42258;MC;NA;2;40;M;F;4049;EMP
057540036036-7947;057540036036;100mN31970E42258;MC;NA;4;53;M;M;5064;EMP
057540036036-7947;057540036036;100mN31970E42258;MC;NA;4;51;M;F;5064;EMP
057540036036-7947;057540036036;100mN31970E42258;MC;NA;4;1;S;F;0003;NEP
057540036036-7947;057540036036;100mN31970E42258;MC;NA;4;16;S;M;1517;EMP
057540036036-7948;057540036036;100mN31970E42258;S;NA;1;34;D;M;3039;EMP
057540036036-7949;057540036036;100mN31970E42256;MC;NA;2;43;M;F;4049;EMP
057540036036-7949;057540036036;100mN31970E42256;MC;NA;2;40;M;M;4049;EMP
057540036036-7950;057540036036;100mN31999E42257;S;NA;1;38;M;F;3039;EMP
057540036036-7951;057540036036;100mN31970E42256;MC;NA;3;44;M;M;4049;EMP
057540036036-7951;057540036036;100mN31970E42256;MC;NA;3;45;M;F;4049;NEP
057540036036-7951;057540036036;100mN31970E42256;MC;NA;3;27;M;F;2529;NEP
057540036036-7952;057540036036;100mN31970E42256;MC;NA;3;47;M;M;4049;NEP
057540036036-7952;057540036036;100mN31970E42256;MC;NA;3;44;M;F;4049;EMP
057540036036-7952;057540036036;100mN31970E42256;MC;NA;3;12;S;F;0614;NEP
057540036036-7953;057540036036;100mN31970E42256;S;OS;1;54;S;M;5064;EMP
057540036036-7954;057540036036;100mN31970E42256;S;OS;1;18;M;F;1824;NEP
057540036036-7955;057540036036;100mN32010E42280;S;OS;1;57;W;F;5064;EMP
057540036036-7956;057540036036;100mN31995E42262;MC;OS;2;67;M;M;6574;EMP
057540036036-7956;057540036036;100mN31995E42262;MC;OS;2;70;M;F;6574;EMP
057540036036-7957;057540036036;100mN31970E42256;MC;MIX;4;67;W;F;6574;NEP
057540036036-7957;057540036036;100mN31970E42256;MC;MIX;4;45;M;M;4049;EMP
057540036036-7957;057540036036;100mN31970E42256;MC;MIX;4;50;M;F;5064;EMP
057540036036-7957;057540036036;100mN31970E42256;MC;MIX;4;10;S;F;0614;NEP
057540036036-7958;057540036036;100mN32009E42279;MC;NA;3;31;M;F;3039;NEP
057540036036-7958;057540036036;100mN32009E42279;MC;NA;3;22;M;M;1824;EMP
057540036036-7958;057540036036;100mN32009E42279;MC;NA;3;6;S;F;0614;NEP
057540036036-7959;057540036036;100mN32010E42285;MC;NA;4;26;M;F;2529;EMP
057540036036-7959;057540036036;100mN32010E42285;MC;NA;4;26;M;M;2529;EMP
057540036036-7959;057540036036;100mN32010E42285;MC;NA;4;1;S;M;0003;NEP
057540036036-7959;057540036036;100mN32010E42285;MC;NA;4;6;S;M;0614;NEP
057540036036-7960;057540036036;100mN32010E42285;S;NA;1;40;M;F;4049;EMP
057540036036-7961;057540036036;100mN32010E42285;S;NA;1;57;M;F;5064;EMP
057540036036-7962;057540036036;100mN31995E42258;MC;OS;2;89;M;F;75XX;NEP
057540036036-7962;057540036036;100mN31995E42258;MC;OS;2;87;M;M;75XX;NEP
057540036036-7963;057540036036;100mN32007E42280;SF;NA;6;16;S;F;1517;NEP
057540036036-7963;057540036036;100mN32007E42280;SF;NA;6;1;S;M;0003;NEP
057540036036-7963;057540036036;100mN32007E42280;SF;NA;6;0;S;F;0003;NEP
057540036036-7963;057540036036;100mN32007E42280;SF;NA;6;0;S;M;0003;NEP
057540036036-7963;057540036036;100mN32007E42280;SF;NA;6;1;S;F;0003;NEP
057540036036-7963;057540036036;100mN32007E42280;SF;NA;6;0;S;F;0003;NEP
057540036036-7964;057540036036;100mN32010E42285;SF;NA;2;61;S;F;5064;EMP
057540036036-7964;057540036036;100mN32010E42285;SF;NA;2;12;S;M;0614;NEP
057540036036-7965;057540036036;100mN32010E42285;SF;NA;4;28;S;F;2529;NEP
057540036036-7965;057540036036;100mN32010E42285;SF;NA;4;4;S;F;0305;NEP
057540036036-7965;057540036036;100mN32010E42285;SF;NA;4;6;S;F;0614;NEP
057540036036-7965;057540036036;100mN32010E42285;SF;NA;4;11;S;M;0614;NEP
057540036036-7966;057540036036;100mN32010E42285;S;NA;1;86;D;F;75XX;EMP
057540036036-7967;057540036036;100mN32010E42285;S;OS;1;43;D;F;4049;NEP
057540036036-7968;057540036036;100mN32008E42277;PO;NA;3;51;S;M;5064;EMP
057540036036-7968;057540036036;100mN32008E42277;PO;NA;3;48;S;F;4049;NEP
057540036036-7968;057540036036;100mN32008E42277;PO;NA;3;16;S;M;1517;NEP
057540036036-7969;057540036036;100mN32010E42285;MC;NA;4;55;M;M;5064;EMP
057540036036-7969;057540036036;100mN32010E42285;MC;NA;4;46;M;F;4049;NEP
057540036036-7969;057540036036;100mN32010E42285;MC;NA;4;10;S;M;0614;NEP
057540036036-7969;057540036036;100mN32010E42285;MC;NA;4;13;S;M;0614;NEP
057540036036-7970;057540036036;100mN32010E42285;PO;NA;2;42;S;M;4049;EMP
057540036036-7970;057540036036;100mN32010E42285;PO;NA;2;35;S;F;3039;NEP
057540036036-7971;057540036036;100mN32003E42258;MC;OS;2;79;M;M;75XX;EMP
057540036036-7971;057540036036;100mN32003E42258;MC;OS;2;73;M;F;6574;NEP
057540036036-7972;057540036036;100mN32010E42285;MC;NA;2;41;M;M;4049;NEP
057540036036-7972;057540036036;100mN32010E42285;MC;NA;2;32;M;F;3039;EMP
057540036036-7973;057540036036;100mN31994E42270;MC;OS;4;83;M;M;75XX;EMP
057540036036-7973;057540036036;100mN31994E42270;MC;OS;4;77;M;F;75XX;NEP
057540036036-7973;057540036036;100mN31994E42270;MC;OS;4;70;M;M;6574;NEP
057540036036-7973;057540036036;100mN31994E42270;MC;OS;4;87;S;F;75XX;EMP
057540036036-7974;057540036036;100mN31994E42270;MC;OS;4;69;M;M;6574;EMP
057540036036-7974;057540036036;100mN31994E42270;MC;OS;4;67;M;F;6574;NEP
057540036036-7974;057540036036;100mN31994E42270;MC;OS;4;68;S;M;6574;EMP
057540036036-7974;057540036036;100mN31994E42270;MC;OS;4;70;M;M;6574;EMP
057540036036-7975;057540036036;100mN32017E42252;MC;NA;4;43;M;F;4049;EMP
057540036036-7975;057540036036;100mN32017E42252;MC;NA;4;34;M;M;3039;NEP
057540036036-7975;057540036036;100mN32017E42252;MC;NA;4;3;S;F;0305;NEP
057540036036-7975;057540036036;100mN32017E42252;MC;NA;4;11;S;F;0614;NEP
057540036036-7976;057540036036;100mN32017E42291;S;OS;1;52;D;F;5064;EMP
057540036036-7977;057540036036;100mN32017E42291;S;OS;1;23;M;M;1824;EMP
057540036036-7978;057540036036;100mN31973E42278;MC;NA;4;19;M;M;1824;UEP
057540036036-7978;057540036036;100mN31973E42278;MC;NA;4;18;M;F;1824;EMP
057540036036-7978;057540036036;100mN31973E42278;MC;NA;4;4;S;F;0305;NEP
057540036036-7978;057540036036;100mN31973E42278;MC;NA;4;4;S;F;0305;NEP
057540036036-7979;057540036036;100mN32023E42250;MC;NA;3;48;M;F;4049;EMP
057540036036-7979;057540036036;100mN32023E42250;MC;NA;3;57;M;M;5064;NEP
057540036036-7979;057540036036;100mN32023E42250;MC;NA;3;6;S;F;0614;NEP
057540036036-7980;057540036036;100mN32023E42250;MC;MIX;5;67;D;F;6574;EMP
057540036036-7980;057540036036;100mN32023E42250;MC;MIX;5;27;M;M;2529;EMP
057540036036-7980;057540036036;100mN32023E42250;MC;MIX;5;26;M;F;2529;EMP
057540036036-7980;057540036036;100mN32023E42250;MC;MIX;5;4;S;M;0305;NEP
057540036036-7980;057540036036;100mN32023E42250;MC;MIX;5;12;S;F;0614;NEP
057540036036-7981;057540036036;100mN32023E42250;MC;MIX;3;86;M;F;75XX;NEP
057540036036-7981;057540036036;100mN32023E42250;MC;MIX;3;27;M;M;2529;EMP
057540036036-7981;057540036036;100mN32023E42250;MC;MIX;3;28;M;F;2529;EMP
057540036036-7982;057540036036;100mN32023E42250;S;OS;1;57;W;F;5064;NEP
057540036036-7983;057540036036;100mN31992E42280;MC;NA;6;55;M;F;5064;NEP
057540036036-7983;057540036036;100mN31992E42280;MC;NA;6;58;M;M;5064;EMP
057540036036-7983;057540036036;100mN31992E42280;MC;NA;6;11;S;F;0614;NEP
057540036036-7983;057540036036;100mN31992E42280;MC;NA;6;15;S;M;1517;EMP
057540036036-7983;057540036036;100mN31992E42280;MC;NA;6;15;S;M;1517;EMP
057540036036-7983;057540036036;100mN31992E42280;MC;NA;6;6;S;M;0614;NEP
057540036036-7984;057540036036;100mN31992E42280;MC;NA;5;43;M;F;4049;EMP
057540036036-7984;057540036036;100mN31992E42280;MC;NA;5;47;M;M;4049;NEP
057540036036-7984;057540036036;100mN31992E42280;MC;NA;5;3;S;M;0305;NEP
057540036036-7984;057540036036;100mN31992E42280;MC;NA;5;9;S;F;0614;NEP
057540036036-7984;057540036036;100mN31992E42280;MC;NA;5;22;S;F;1824;EMP
057540036036-7985;057540036036;100mN32013E42249;S;NA;1;46;W;F;4049;EMP
057540036036-7986;057540036036;100mN31972E42269;MC;NA;3;58;M;F;5064;EMP
057540036036-7986;057540036036;100mN31972E42269;MC;NA;3;59;M;M;5064;NEP
057540036036-7986;057540036036;100mN31972E42269;MC;NA;3;6;S;F;0614;NEP
057540036036-7987;057540036036;100mN31972E42269;SM;NA;3;43;D;M;4049;EMP
057540036036-7987;057540036036;100mN31972E42269;SM;NA;3;26;M;M;2529;NEP
057540036036-7987;057540036036;100mN31972E42269;SM;NA;3;2;S;F;0003;NEP
057540036036-7988;057540036036;100mN31972E42269;SF;NA;2;48;S;F;4049;NEP
057540036036-7988;057540036036;100mN31972E42269;SF;NA;2;26;M;F;2529;NEP
057540036036-7989;057540036036;100mN31972E42269;MC;NA;4;55;M;M;5064;EMP
057540036036-7989;057540036036;100mN31972E42269;MC;NA;4;52;M;F;5064;EMP
057540036036-7989;057540036036;100mN31972E42269;MC;NA;4;9;S;F;0614;NEP
057540036036-7989;057540036036;100mN31972E42269;MC;NA;4;11;S;F;0614;NEP
057540036036-7990;057540036036;100mN32010E42278;S;OS;1;23;M;F;1824;EMP
057540036036-7991;057540036036;100mN32010E42278;S;NA;1;51;W;F;5064;EMP
057540036036-7992;057540036036;100mN31962E42307;S;OS;1;58;D;M;5064;NEP
057540036036-7993;057540036036;100mN32004E42252;MC;NA;2;44;M;M;4049;EMP
057540036036-7993;057540036036;100mN32004E42252;MC;NA;2;52;M;F;5064;NEP
057540036036-7994;057540036036;100mN32010E42278;MC;NA;2;31;M;F;3039;NEP
057540036036-7994;057540036036;100mN32010E42278;MC;NA;2;33;M;M;3039;EMP
057540036036-7995;057540036036;100mN32010E42278;S;NA;1;34;M;F;3039;NEP
057540036036-7996;057540036036;100mN32010E42278;SF;NA;4;82;D;F;75XX;NEP
057540036036-7996;057540036036;100mN32010E42278;SF;NA;4;16;S;F;1517;NEP
057540036036-7996;057540036036;100mN32010E42278;SF;NA;4;15;S;M;1517;EMP
057540036036-7996;057540036036;100mN32010E42278;SF;NA;4;16;S;M;1517;EMP
057540036036-7997;057540036036;100mN31976E42271;NA;NA;2;48;S;M;4049;EMP
057540036036-7997;057540036036;100mN31976E42271;NA;NA;2;41;M;M;4049;UEP
057540036036-7998;057540036036;100mN32010E42278;MC;OS;3;73;M;M;6574;EMP
057540036036-7998;057540036036;100mN32010E42278;MC;OS;3;71;M;F;6574;NEP
057540036036-7998;057540036036;100mN32010E42278;MC;OS;3;68;M;M;6574;EMP
057540036036-7999;057540036036;100mN32010E42278;PO;MIX;4;73;M;M;6574;EMP
057540036036-7999;057540036036;100mN32010E42278;PO;MIX;4;21;S;M;1824;EMP
057540036036-7999;057540036036;100mN32010E42278;PO;MIX;4;18;S;F;1824;NEP
057540036036-7999;057540036036;100mN32010E42278;PO;MIX;4;4;S;F;0305;NEP
057540036036-8000;057540036036;100mN32010E42278;MC;NA;4;42;M;M;4049;EMP
057540036036-8000;057540036036;100mN32010E42278;MC;NA;4;41;M;F;4049;EMP
057540036036-8000;057540036036;100mN32010E42278;MC;NA;4;2;S;M;0003;NEP
057540036036-8000;057540036036;100mN32010E42278;MC;NA;4;21;W;M;1824;EMP
057540036036-8001;057540036036;100mN32010E42278;MC;OS;4;71;M;M;6574;EMP
057540036036-8001;057540036036;100mN32010E42278;MC;OS;4;68;M;F;6574;NEP
057540036036-8001;057540036036;100mN32010E42278;MC;OS;4;83;W;F;75XX;EMP
057540036036-8001;057540036036;100mN32010E42278;MC;OS;4;83;M;M;75XX;NEP
057540036036-8002;057540036036;100mN32010E42278;MC;NA;6;61;M;F;5064;EMP
057540036036-8002;057540036036;100mN32010E42278;MC;NA;6;82;W;F;75XX;EMP
057540036036-8002;057540036036;100mN32010E42278;MC;NA;6;10;S;F;0614;NEP
057540036036-8002;057540036036;100mN32010E42278;MC;NA;6;7;S;M;0614;NEP
057540036036-8002;057540036036;100mN32010E42278;MC;NA;6;11;S;M;0614;NEP
057540036036-8002;057540036036;100mN32010E42278;MC;NA;6;7;S;F;0614;NEP
057540036036-8003;057540036036;100mN32010E42278;MC;NA;3;37;M;F;3039;EMP
057540036036-8003;057540036036;100mN32010E42278;MC;NA;3;38;M;M;3039;EMP
057540036036-8003;057540036036;100mN32010E42278;MC;NA;3;10;S;F;0614;NEP
057540036036-8004;057540036036;100mN32010E42278;MC;MIX;2;71;M;F;6574;EMP
057540036036-8004;057540036036;100mN32010E42278;MC;MIX;2;73;S;F;6574;EMP
057540036036-8005;057540036036;100mN32010E42278;MC;MIX;2;71;M;F;6574;EMP
057540036036-8005;057540036036;100mN32010E42278;MC;MIX;2;57;M;M;5064;EMP
057540036036-8006;057540036036;100mN32010E42278;S;NA;1;42;P;F;4049;EMP
057540036036-8007;057540036036;100mN31993E42278;MC;NA;3;40;M;F;4049;NEP
057540036036-8007;057540036036;100mN31993E42278;MC;NA;3;41;M;M;4049;NEP
057540036036-8007;057540036036;100mN31993E42278;MC;NA;3;6;S;M;0614;NEP
057540036036-8008;057540036036;100mN32010E42278;S;NA;1;52;W;F;5064;NEP
057540036036-8009;057540036036;100mN32010E42278;PO;NA;2;26;S;M;2529;NEP
057540036036-8009;057540036036;100mN32010E42278;PO;NA;2;26;S;F;2529;EMP
057540036036-8010;057540036036;100mN32010E42278;MC;NA;4;21;M;M;1824;EMP
057540036036-8010;057540036036;100mN32010E42278;MC;NA;4;23;M;F;1824;NEP
057540036036-8010;057540036036;100mN32010E42278;MC;NA;4;4;S;M;0305;NEP
057540036036-8010;057540036036;100mN32010E42278;MC;NA;4;3;S;M;0305;NEP
057540036036-8011;057540036036;100mN31996E42269;S;NA;1;16;S;M;1517;EMP
057540036036-8012;057540036036;100mN31996E42269;S;OS;1;60;S;M;5064;NEP
057540036036-8013;057540036036;100mN31961E42307;MC;NA;5;54;M;F;5064;EMP
057540036036-8013;057540036036;100mN31961E42307;MC;NA;5;56;M;M;5064;EMP
057540036036-8013;057540036036;100mN31961E42307;MC;NA;5;26;M;M;2529;EMP
057540036036-8013;057540036036;100mN31961E42307;MC;NA;5;36;S;M;3039;EMP
057540036036-8013;057540036036;100mN31961E42307;MC;NA;5;12;S;M;0614;NEP
057540036036-8014;057540036036;100mN32018E42256;MC;NA;2;43;M;M;4049;NEP
057540036036-8014;057540036036;100mN32018E42256;MC;NA;2;43;M;F;4049;EMP
057540036036-8015;057540036036;100mN31973E42272;S;NA;1;77;W;F;75XX;NEP
057540036036-8016;057540036036;100mN31996E42269;S;NA;1;79;W;F;75XX;NEP
057540036036-8017;057540036036;100mN31996E42269;S;OS;1;23;D;F;1824;EMP
057540036036-8018;057540036036;100mN32008E42278;S;NA;1;50;S;M;5064;EMP
057540036036-8019;057540036036;100mN32008E42256;MC;NA;2;58;M;M;5064;EMP
057540036036-8019;057540036036;100mN32008E42256;MC;NA;2;54;M;F;5064;EMP
057540036036-8020;057540036036;100mN31996E42269;S;OS;1;53;M;M;5064;NEP
057540036036-8021;057540036036;100mN31996E42269;MC;MIX;2;84;M;F;75XX;EMP
057540036036-8021;057540036036;100mN31996E42269;MC;MIX;2;67;M;M;6574;EMP
057540036036-8022;057540036036;100mN31996E42269;S;OS;1;51;M;F;5064;EMP
057540036036-8023;057540036036;100mN31996E42269;MC;NA;4;48;M;M;4049;EMP
057540036036-8023;057540036036;100mN31996E42269;MC;NA;4;42;M;F;4049;NEP
057540036036-8023;057540036036;100mN31996E42269;MC;NA;4;15;S;F;1517;EMP
057540036036-8023;057540036036;100mN31996E42269;MC;NA;4;11;S;F;0614;NEP
057540036036-8024;057540036036;100mN32010E42280;S;NA;1;62;W;F;5064;EMP
057540036036-8025;057540036036;100mN32019E42243;MC;NA;2;44;M;M;4049;EMP
057540036036-8025;057540036036;100mN32019E42243;MC;NA;2;43;M;F;4049;EMP
057540036036-8026;057540036036;100mN32019E42243;MC;OS;2;78;M;F;75XX;EMP
057540036036-8026;057540036036;100mN32019E42243;MC;OS;2;85;M;M;75XX;NEP
057540036036-8027;057540036036;100mN32019E42243;SF;MIX;2;68;D;F;6574;EMP
057540036036-8027;057540036036;100mN32019E42243;SF;MIX;2;15;S;M;1517;EMP
057540036036-8028;057540036036;100mN32019E42243;S;NA;1;26;M;M;2529;EMP
057540036036-8029;057540036036;100mN31990E42257;MC;NA;4;42;M;M;4049;EMP
057540036036-8029;057540036036;100mN31990E42257;MC;NA;4;35;M;F;3039;NEP
057540036036-8029;057540036036;100mN31990E42257;MC;NA;4;9;S;F;0614;NEP
057540036036-8029;057540036036;100mN31990E42257;MC;NA;4;15;S;F;1517;EMP
057540036036-8030;057540036036;100mN31990E42257;MC;NA;3;32;M;M;3039;NEP
057540036036-8030;057540036036;100mN31990E42257;MC;NA;3;31;M;F;3039;NEP
057540036036-8030;057540036036;100mN31990E42257;MC;NA;3;16;S;F;1517;EMP
057540036036-8031;057540036036;100mN31990E42257;MC;NA;2;41;M;M;4049;EMP
057540036036-8031;057540036036;100mN31990E42257;MC;NA;2;37;M;F;3039;NEP
057540036036-8032;057540036036;100mN31990E42257;MC;NA;3;63;M;M;5064;EMP
057540036036-8032;057540036036;100mN31990E42257;MC;NA;3;62;M;F;5064;EMP
057540036036-8032;057540036036;100mN31990E42257;MC;NA;3;12;S;M;0614;NEP
057540036036-8033;057540036036;100mN32018E42250;PO;NA;4;60;S;M;5064;EMP
057540036036-8033;057540036036;100mN32018E42250;PO;NA;4;53;S;F;5064;EMP
057540036036-8033;057540036036;100mN32018E42250;PO;NA;4;30;M;M;3039;NEP
057540036036-8033;057540036036;100mN32018E42250;PO;NA;4;11;S;F;0614;NEP
057540036036-8034;057540036036;100mN31990E42257;PO;NA;3;43;S;F;4049;EMP
057540036036-8034;057540036036;100mN31990E42257;PO;NA;3;42;S;M;4049;NEP
057540036036-8034;057540036036;100mN31990E42257;PO;NA;3;7;S;F;0614;NEP
057540036036-8035;057540036036;100mN31995E42259;MC;NA;3;28;M;F;2529;EMP
057540036036-8035;057540036036;100mN31995E42259;MC;NA;3;31;M;M;3039;EMP
057540036036-8035;057540036036;100mN31995E42259;MC;NA;3;3;S;F;0305;NEP
057540036036-8036;057540036036;100mN32017E42252;MC;NA;3;37;M;M;3039;NEP
057540036036-8036;057540036036;100mN32017E42252;MC;NA;3;28;M;F;2529;EMP
057540036036-8036;057540036036;100mN32017E42252;MC;NA;3;8;S;F;0614;NEP
057540036036-8037;057540036036;100mN31990E42257;MC;NA;3;45;M;M;4049;EMP
057540036036-8037;057540036036;100mN31990E42257;MC;NA;3;45;M;F;4049;EMP
057540036036-8037;057540036036;100mN31990E42257;MC;NA;3;8;S;F;0614;NEP
057540036036-8038;057540036036;100mN31990E42257;SF;NA;5;50;S;F;5064;EMP
057540036036-8038;057540036036;100mN31990E42257;SF;NA;5;7;S;F;0614;NEP
057540036036-8038;057540036036;100mN31990E42257;SF;NA;5;13;S;M;0614;NEP
057540036036-8038;057540036036;100mN31990E42257;SF;NA;5;8;S;F;0614;NEP
057540036036-8038;057540036036;100mN31990E42257;SF;NA;5;19;S;F;1824;NEP
057540036036-8039;057540036036;100mN31964E42278;S;NA;1;63;S;F;5064;NEP
057540036036-8040;057540036036;100mN31990E42261;MC;NA;2;42;M;F;4049;EMP
057540036036-8040;057540036036;100mN31990E42261;MC;NA;2;50;M;M;5064;UEP
057540036036-8041;057540036036;100mN31990E42257;MC;NA;5;61;M;F;5064;EMP
057540036036-8041;057540036036;100mN31990E42257;MC;NA;5;63;M;M;5064;EMP
057540036036-8041;057540036036;100mN31990E42257;MC;NA;5;4;S;M;0305;NEP
057540036036-8041;057540036036;100mN31990E42257;MC;NA;5;36;W;F;3039;EMP
057540036036-8041;057540036036;100mN31990E42257;MC;NA;5;11;S;F;0614;NEP
057540036036-8042;057540036036;100mN32017E42255;S;NA;1;58;S;M;5064;NEP
057540036036-8043;057540036036;100mN31990E42257;MC;MIX;4;84;W;F;75XX;EMP
057540036036-8043;057540036036;100mN31990E42257;MC;MIX;4;25;M;F;2529;EMP
057540036036-8043;057540036036;100mN31990E42257;MC;MIX;4;26;M;M;2529;EMP
057540036036-8043;057540036036;100mN31990E42257;MC;MIX;4;3;S;F;0305;NEP
057540036036-8044;057540036036;100mN31990E42257;MC;NA;4;30;M;M;3039;EMP
057540036036-8044;057540036036;100mN31990E42257;MC;NA;4;36;M;F;3039;NEP
057540036036-8044;057540036036;100mN31990E42257;MC;NA;4;3;S;M;0305;NEP
057540036036-8044;057540036036;100mN31990E42257;MC;NA;4;15;S;F;1517;EMP
057540036036-8045;057540036036;100mN31995E42259;MC;NA;2;59;M;F;5064;EMP
057540036036-8045;057540036036;100mN31995E42259;MC;NA;2;63;M;M;5064;NEP
057540036036-8046;057540036036;100mN31995E42257;MC;NA;4;41;M;M;4049;EMP
057540036036-8046;057540036036;100mN31995E42257;MC;NA;4;36;M;F;3039;EMP
057540036036-8046;057540036036;100mN31995E42257;MC;NA;4;9;S;M;0614;NEP
057540036036-8046;057540036036;100mN31995E42257;MC;NA;4;15;S;F;1517;NEP
057540036036-8047;057540036036;100mN31990E42257;MC;NA;2;30;M;F;3039;EMP
057540036036-8047;057540036036;100mN31990E42257;MC;NA;2;38;M;M;3039;EMP
057540036036-8048;057540036036;100mN31990E42257;S;OS;1;68;M;M;6574;NEP
057540036036-8049;057540036036;100mN31990E42257;S;NA;1;35;M;F;3039;EMP
057540036036-8050;057540036036;100mN31990E42257;MC;OS;2;80;M;F;75XX;NEP
057540036036-8050;057540036036;100mN31990E42257;MC;OS;2;83;M;M;75XX;EMP
057540036036-8051;057540036036;100mN31990E42257;MC;MIX;2;78;M;M;75XX;EMP
057540036036-8051;057540036036;100mN31990E42257;MC;MIX;2;61;M;M;5064;NEP
057540036036-8052;057540036036;100mN31990E42257;S;OS;1;41;M;F;4049;EMP
057540036036-8053;057540036036;100mN31990E42257;MC;NA;3;27;M;M;2529;UEP
057540036036-8053;057540036036;100mN31990E42257;MC;NA;3;23;M;F;1824;NEP
057540036036-8053;057540036036;100mN31990E42257;MC;NA;3;12;S;M;0614;NEP
057540036036-8054;057540036036;100mN31972E42247;S;OS;1;63;D;F;5064;EMP
057540036036-8055;057540036036;100mN31995E42265;S;NA;1;50;M;F;5064;EMP
057540036036-8056;057540036036;100mN31972E42247;SF;NA;3;69;D;F;6574;NEP
057540036036-8056;057540036036;100mN31972E42247;SF;NA;3;3;S;M;0305;NEP
057540036036-8056;057540036036;100mN31972E42247;SF;NA;3;12;S;F;0614;NEP
057540036036-8057;057540036036;100mN31999E42292;MC;NA;6;44;M;M;4049;NEP
057540036036-8057;057540036036;100mN31999E42292;MC;NA;6;36;M;F;3039;NEP
057540036036-8057;057540036036;100mN31999E42292;MC;NA;6;10;S;M;0614;NEP
057540036036-8057;057540036036;100mN31999E42292;MC;NA;6;13;S;F;0614;NEP
057540036036-8057;057540036036;100mN31999E42292;MC;NA;6;6;S;F;0614;NEP
057540036036-8057;057540036036;100mN31999E42292;MC;NA;6;4;S;F;0305;NEP
057540036036-8058;057540036036;100mN31999E42292;S;OS;1;20;W;M;1824;NEP
057540036036-8059;057540036036;100mN32008E42289;MC;NA;5;44;M;M;4049;EMP
057540036036-8059;057540036036;100mN32008E42289;MC;NA;5;43;M;F;4049;NEP
057540036036-8059;057540036036;100mN32008E42289;MC;NA;5;12;S;F;0614;NEP
057540036036-8059;057540036036;100mN32008E42289;MC;NA;5;20;S;M;1824;EMP
057540036036-8059;057540036036;100mN32008E42289;MC;NA;5;9;S;F;0614;NEP
057540036036-8060;057540036036;100mN31989E42258;MC;NA;2;38;M;M;3039;EMP
057540036036-8060;057540036036;100mN31989E42258;MC;NA;2;32;M;F;3039;EMP
057540036036-8061;057540036036;100mN31963E42257;SM;NA;2;54;D;M;5064;NEP
057540036036-8061;057540036036;100mN31963E42257;SM;NA;2;10;S;F;0614;NEP
057540036036-8062;057540036036;100mN31963E42257;MC;NA;2;47;M;M;4049;EMP
057540036036-8062;057540036036;100mN31963E42257;MC;NA;2;43;M;F;4049;NEP
057540036036-8063;057540036036;100mN32010E42253;MC;OS;2;89;M;M;75XX;EMP
057540036036-8063;057540036036;100mN32010E42253;MC;OS;2;50;D;F;5064;NEP
057540036036-8064;057540036036;100mN31987E42281;S;OS;1;56;M;M;5064;EMP
057540036036-8065;057540036036;100mN31987E42281;MC;MIX;2;72;M;M;6574;EMP
057540036036-8065;057540036036;100mN31987E42281;MC;MIX;2;33;D;F;3039;EMP
057540036036-8066;057540036036;100mN31976E42270;MC;NA;4;52;M;M;5064;NEP
057540036036-8066;057540036036;100mN31976E42270;MC;NA;4;51;M;F;5064;NEP
057540036036-8066;057540036036;100mN31976E42270;MC;NA;4;8;S;F;0614;NEP
057540036036-8066;057540036036;100mN31976E42270;MC;NA;4;18;M;M;1824;EMP
057540036036-8067;057540036036;100mN32018E42289;MC;OS;2;86;M;F;75XX;EMP
057540036036-8067;057540036036;100mN32018E42289;MC;OS;2;89;S;M;75XX;NEP
057540036036-8068;057540036036;100mN31962E42302;MC;OS;3;77;M;M;75XX;EMP
057540036036-8068;057540036036;100mN31962E42302;MC;OS;3;86;M;F;75XX;EMP
057540036036-8068;057540036036;100mN31962E42302;MC;OS;3;68;M;M;6574;EMP
057540036036-8069;057540036036;100mN31976E42270;MC;NA;2;45;M;M;4049;UEP
057540036036-8069;057540036036;100mN31976E42270;MC;NA;2;42;M;F;4049;EMP
057540036036-8070;057540036036;100mN31976E42270;MC;MIX;3;89;S;M;75XX;NEP
057540036036-8070;057540036036;100mN31976E42270;MC;MIX;3;45;M;F;4049;NEP
057540036036-8070;057540036036;100mN31976E42270;MC;MIX;3;45;M;M;4049;NEP
057540036036-8071;057540036036;100mN31976E42270;PO;OS;5;66;S;F;6574;EMP
057540036036-8071;057540036036;100mN31976E42270;PO;OS;5;70;S;M;6574;EMP
057540036036-8071;057540036036;100mN31976E42270;PO;OS;5;68;M;F;6574;NEP
057540036036-8071;057540036036;100mN31976E42270;PO;OS;5;78;M;F;75XX;EMP
057540036036-8071;057540036036;100mN31976E42270;PO;OS;5;80;W;F;75XX;NEP
057540036036-8072;057540036036;100mN32010E42277;MC;NA;2;31;M;F;3039;EMP
057540036036-8072;057540036036;100mN32010E42277;MC;NA;2;31;M;M;3039;EMP
057540036036-8073;057540036036;100mN31976E42270;SF;NA;4;83;S;F;75XX;NEP
057540036036-8073;057540036036;100mN31976E42270;SF;NA;4;9;S;F;0614;NEP
057540036036-8073;057540036036;100mN31976E42270;SF;NA;4;15;S;M;1517;EMP
057540036036-8073;057540036036;100mN31976E42270;SF;NA;4;40;M;M;4049;EMP
057540036036-8074;057540036036;100mN31976E42270;S;NA;1;32;M;F;3039;NEP
057540036036-8075;057540036036;100mN31963E42306;MC;NA;5;33;M;M;3039;EMP
057540036036-8075;057540036036;100mN31963E42306;MC;NA;5;32;M;F;3039;NEP
057540036036-8075;057540036036;100mN31963E42306;MC;NA;5;9;S;M;0614;NEP
057540036036-8075;057540036036;100mN31963E42306;MC;NA;5;0;S;M;0003;NEP
057540036036-8075;057540036036;100mN31963E42306;MC;NA;5;3;S;F;0305;NEP
057540036036-8076;057540036036;100mN31957E42254;SF;NA;4;53;S;F;5064;EMP
057540036036-8076;057540036036;100mN31957E42254;SF;NA;4;1;S;F;0003;NEP
057540036036-8076;057540036036;100mN31957E42254;SF;NA;4;18;S;M;1824;EMP
057540036036-8076;057540036036;100mN31957E42254;SF;NA;4;32;S;M;3039;NEP
057540036036-8077;057540036036;100mN31976E42270;S;OS;1;38;S;F;3039;EMP
057540036036-8078;057540036036;100mN31976E42250;MC;NA;3;61;M;M;5064;EMP
057540036036-8078;057540036036;100mN31976E42250;MC;NA;3;52;M;F;5064;EMP
057540036036-8078;057540036036;100mN31976E42250;MC;NA;3;7;S;M;0614;NEP
057540036036-8079;057540036036;100mN31976E42250;MC;NA;2;33;M;F;3039;EMP
057540036036-8079;057540036036;100mN31976E42250;MC;NA;2;43;M;M;4049;EMP
057540036036-8080;057540036036;100mN32018E42289;MC;NA;6;61;M;F;5064;EMP
057540036036-8080;057540036036;100mN32018E42289;MC;NA;6;61;M;M;5064;EMP
057540036036-8080;057540036036;100mN32018E42289;MC;NA;6;9;S;M;0614;NEP
057540036036-8080;057540036036;100mN32018E42289;MC;NA;6;16;S;M;1517;EMP
057540036036-8080;057540036036;100mN32018E42289;MC;NA;6;26;D;M;2529;NEP
057540036036-8080;057540036036;100mN32018E42289;MC;NA;6;42;S;M;4049;EMP
057540036036-8081;057540036036;100mN31976E42250;S;OS;1;36;M;M;3039;EMP
057540036036-8082;057540036036;100mN31999E42257;S;NA;1;38;M;F;3039;EMP
057540036036-8083;057540036036;100mN32018E42249;S;NA;1;36;M;M;3039;EMP
057540036036-8084;057540036036;100mN31976E42250;MC;MIX;2;69;M;M;6574;NEP
057540036036-8084;057540036036;100mN31976E42250;MC;MIX;2;8;S;F;0614;NEP
057540036036-8085;057540036036;100mN31976E42250;S;OS;1;33;W;F;3039;EMP
057540036036-8086;057540036036;100mN31976E42250;S;NA;1;42;M;M;4049;EMP
057540036036-8087;057540036036;100mN31976E42250;S;NA;1;18;S;F;1824;EMP
057540036036-8088;057540036036;100mN31976E42250;MC;MIX;4;70;M;M;6574;EMP
057540036036-8088;057540036036;100mN31976E42250;MC;MIX;4;56;M;M;5064;EMP
057540036036-8088;057540036036;100mN31976E42250;MC;MIX;4;55;M;F;5064;EMP
057540036036-8088;057540036036;100mN31976E42250;MC;MIX;4;40;S;F;4049;EMP
057540036036-8089;057540036036;100mN32007E42280;MC;MIX;5;81;D;M;75XX;EMP
057540036036-8089;057540036036;100mN32007E42280;MC;MIX;5;34;M;F;3039;NEP
057540036036-8089;057540036036;100mN32007E42280;MC;MIX;5;36;M;M;3039;EMP
057540036036-8089;057540036036;100mN32007E42280;MC;MIX;5;18;M;M;1824;EMP
057540036036-8089;057540036036;100mN32007E42280;MC;MIX;5;18;D;M;1824;UEP
057540036036-8090;057540036036;100mN31976E42250;SF;NA;4;88;S;F;75XX;EMP
057540036036-8090;057540036036;100mN31976E42250;SF;NA;4;9;S;F;0614;NEP
057540036036-8090;057540036036;100mN31976E42250;SF;NA;4;9;S;M;0614;NEP
057540036036-8090;057540036036;100mN31976E42250;SF;NA;4;6;S;F;0614;NEP
057540036036-8091;057540036036;100mN31976E42250;PO;NA;2;27;S;M;2529;EMP
057540036036-8091;057540036036;100mN31976E42250;PO;NA;2;26;S;F;2529;NEP
057540036036-8092;057540036036;100mN31958E42293;MC;NA;2;51;M;M;5064;EMP
057540036036-8092;057540036036;100mN31958E42293;MC;NA;2;45;M;F;4049;NEP
057540036036-8093;057540036036;100mN31976E42250;MC;NA;2;36;M;M;3039;UEP
057540036036-8093;057540036036;100mN31976E42250;MC;NA;2;38;M;F;3039;EMP
057540036036-8094;057540036036;100mN31976E42252;MC;NA;4;47;M;F;4049;NEP
057540036036-8094;057540036036;100mN31976E42252;MC;NA;4;53;M;M;5064;EMP
057540036036-8094;057540036036;100mN31976E42252;MC;NA;4;11;S;M;0614;NEP
057540036036-8094;057540036036;100mN31976E42252;MC;NA;4;3;S;M;0305;NEP
057540036036-8095;057540036036;100mN31967E42303;S;OS;1;40;D;F;4049;NEP
057540036036-8096;057540036036;100mN31995E42254;S;NA;1;61;D;F;5064;EMP
057540036036-8097;057540036036;100mN32008E42288;PO;NA;2;19;S;M;1824;EMP
057540036036-8097;057540036036;100mN32008E42288;PO;NA;2;18;S;M;1824;NEP
057540036036-8098;057540036036;100mN32008E42288;PO;NA;2;48;S;F;4049;NEP
057540036036-8098;057540036036;100mN32008E42288;PO;NA;2;51;S;M;5064;EMP
057540036036-8099;057540036036;100mN32008E42288;S;OS;1;32;M;F;3039;EMP
057540036036-8100;057540036036;100mN31993E42270;MC;MIX;2;75;M;F;75XX;NEP
057540036036-8100;057540036036;100mN31993E42270;MC;MIX;2;61;S;M;5064;NEP
057540036036-8101;057540036036;100mN32008E42277;SF;NA;6;65;W;F;6574;EMP
057540036036-8101;057540036036;100mN32008E42277;SF;NA;6;9;S;F;0614;NEP
057540036036-8101;057540036036;100mN32008E42277;SF;NA;6;12;S;F;0614;NEP
057540036036-8101;057540036036;100mN32008E42277;SF;NA;6;21;M;F;1824;NEP
057540036036-8101;057540036036;100mN32008E42277;SF;NA;6;6;S;F;0614;NEP
057540036036-8101;057540036036;100mN32008E42277;SF;NA;6;21;M;M;1824;EMP
057540036036-8102;057540036036;100mN32007E42285;MC;MIX;2;73;M;F;6574;EMP
057540036036-8102;057540036036;100mN32007E42285;MC;MIX;2;31;S;M;3039;NEP
057540036036-8103;057540036036;100mN31966E42251;MC;NA;2;26;M;M;2529;EMP
057540036036-8103;057540036036;100mN31966E42251;MC;NA;2;25;M;F;2529;EMP
057540036036-8104;057540036036;100mN32018E42289;MC;NA;3;47;M;F;4049;EMP
057540036036-8104;057540036036;100mN32018E42289;MC;NA;3;51;M;M;5064;EMP
057540036036-8104;057540036036;100mN32018E42289;MC;NA;3;13;S;M;0614;NEP
057540036036-8105;057540036036;100mN31966E42251;S;NA;1;70;W;F;6574;NEP
057540036036-8106;057540036036;100mN31966E42251;S;NA;1;77;W;F;75XX;NEP
057540036036-8107;057540036036;100mN31986E42270;MC;NA;2;33;M;M;3039;EMP
057540036036-8107;057540036036;100mN31986E42270;MC;NA;2;32;M;F;3039;EMP
057540036036-8108;057540036036;100mN31986E42270;MC;NA;2;18;M;F;1824;EMP
057540036036-8108;057540036036;100mN31986E42270;MC;NA;2;19;M;M;1824;EMP
057540036036-8109;057540036036;100mN31986E42270;NA;MIX;4;59;S;M;5064;EMP
057540036036-8109;057540036036;100mN31986E42270;NA;MIX;4;16;S;F;1517;EMP
057540036036-8109;057540036036;100mN31986E42270;NA;MIX;4;28;M;M;2529;NEP
057540036036-8109;057540036036;100mN31986E42270;NA;MIX;4;42;M;M;4049;EMP
057540036036-8110;057540036036;100mN31986E42270;MC;MIX;4;82;W;F;75XX;EMP
057540036036-8110;057540036036;100mN31986E42270;MC;MIX;4;40;M;M;4049;EMP
057540036036-8110;057540036036;100mN31986E42270;MC;MIX;4;33;M;F;3039;EMP
057540036036-8110;057540036036;100mN31986E42270;MC;MIX;4;6;S;M;0614;NEP
057540036036-8111;057540036036;100mN31986E42270;MC;NA;2;28;M;F;2529;EMP
057540036036-8111;057540036036;100mN31986E42270;MC;NA;2;32;M;M;3039;UEP
057540036036-8112;057540036036;100mN31986E42270;MC;NA;2;63;M;M;5064;EMP
057540036036-8112;057540036036;100mN31986E42270;MC;NA;2;60;M;F;5064;EMP
057540036036-8113;057540036036;100mN31986E42270;PO;NA;2;58;S;F;5064;EMP
057540036036-8113;057540036036;100mN31986E42270;PO;NA;2;61;S;M;5064;NEP
057540036036-8114;057540036036;100mN31986E42270;MC;MIX;2;66;M;F;6574;EMP
057540036036-8114;057540036036;100mN31986E42270;MC;MIX;2;61;M;M;5064;EMP
057540036036-8115;057540036036;100mN32004E42281;MC;NA;4;48;M;M;4049;UEP
057540036036-8115;057540036036;100mN32004E42281;MC;NA;4;41;M;F;4049;EMP
057540036036-8115;057540036036;100mN32004E42281;MC;NA;4;10;S;F;0614;NEP
057540036036-8115;057540036036;100mN32004E42281;MC;NA;4;25;W;F;2529;EMP
057540036036-8116;057540036036;100mN31986E42270;PO;NA;3;55;S;M;5064;EMP
057540036036-8116;057540036036;100mN31986E42270;PO;NA;3;56;S;M;5064;EMP
057540036036-8116;057540036036;100mN31986E42270;PO;NA;3;2;S;F;0003;NEP
057540036036-8117;057540036036;100mN31986E42270;S;OS;1;68;M;F;6574;EMP
057540036036-8118;057540036036;100mN32007E42280;MC;NA;4;54;M;M;5064;EMP
057540036036-8118;057540036036;100mN32007E42280;MC;NA;4;47;M;F;4049;NEP
057540036036-8118;057540036036;100mN32007E42280;MC;NA;4;37;M;F;3039;EMP
057540036036-8118;057540036036;100mN32007E42280;MC;NA;4;2;S;M;0003;NEP
057540036036-8119;057540036036;100mN32009E42288;MC;OS;2;79;M;F;75XX;EMP
057540036036-8119;057540036036;100mN32009E42288;MC;OS;2;86;M;M;75XX;EMP
057540036036-8120;057540036036;100mN31986E42270;PO;NA;5;47;S;F;4049;EMP
057540036036-8120;057540036036;100mN31986E42270;PO;NA;5;55;S;F;5064;EMP
057540036036-8120;057540036036;100mN31986E42270;PO;NA;5;13;S;M;0614;NEP
057540036036-8120;057540036036;100mN31986E42270;PO;NA;5;4;S;M;0305;NEP
057540036036-8120;057540036036;100mN31986E42270;PO;NA;5;15;S;M;1517;EMP
057540036036-8121;057540036036;100mN31995E42258;S;NA;1;43;S;M;4049;EMP
057540036036-8122;057540036036;100mN32017E42253;SF;NA;2;48;D;F;4049;NEP
057540036036-8122;057540036036;100mN32017E42253;SF;NA;2;11;S;M;0614;NEP
057540036036-8123;057540036036;100mN31986E42270;MC;NA;2;31;M;M;3039;EMP
057540036036-8123;057540036036;100mN31986E42270;MC;NA;2;40;M;F;4049;NEP
057540036036-8124;057540036036;100mN32018E42249;S;OS;1;43;M;M;4049;EMP
057540036036-8125;057540036036;100mN31986E42270;MC;NA;4;48;M;F;4049;EMP
057540036036-8125;057540036036;100mN31986E42270;MC;NA;4;52;M;M;5064;EMP
057540036036-8125;057540036036;100mN31986E42270;MC;NA;4;4;S;M;0305;NEP
057540036036-8125;057540036036;100mN31986E42270;MC;NA;4;13;S;M;0614;NEP
057540036036-8126;057540036036;100mN31986E42270;S;NA;1;76;S;F;75XX;NEP
057540036036-8127;057540036036;100mN31999E42273;S;NA;1;55;S;M;5064;EMP
057540036036-8128;057540036036;100mN31962E42307;MC;NA;2;47;M;M;4049;EMP
057540036036-8128;057540036036;100mN31962E42307;MC;NA;2;48;M;F;4049;EMP
057540036036-8129;057540036036;100mN31990E42264;MC;NA;4;40;M;F;4049;EMP
057540036036-8129;057540036036;100mN31990E42264;MC;NA;4;61;M;M;5064;EMP
057540036036-8129;057540036036;100mN31990E42264;MC;NA;4;7;S;F;0614;NEP
057540036036-8129;057540036036;100mN31990E42264;MC;NA;4;11;S;F;0614;NEP
057540036036-8130;057540036036;100mN31993E42268;MC;NA;3;26;M;M;2529;EMP
057540036036-8130;057540036036;100mN31993E42268;MC;NA;3;25;M;F;2529;NEP
057540036036-8130;057540036036;100mN31993E42268;MC;NA;3;8;S;M;0614;NEP
057540036036-8131;057540036036;100mN31955E42261;PO;NA;2;44;S;M;4049;EMP
057540036036-8131;057540036036;100mN31955E42261;PO;NA;2;43;S;F;4049;NEP
057540036036-8132;057540036036;100mN31993E42268;S;OS;1;16;S;M;1517;EMP
057540036036-8133;057540036036;100mN32007E42282;PO;NA;4;47;S;M;4049;NEP
057540036036-8133;057540036036;100mN32007E42282;PO;NA;4;38;S;M;3039;NEP
057540036036-8133;057540036036;100mN32007E42282;PO;NA;4;23;D;F;1824;EMP
057540036036-8133;057540036036;100mN32007E42282;PO;NA;4;8;S;M;0614;NEP
057540036036-8134;057540036036;100mN31975E42298;MC;NA;2;19;M;F;1824;NEP
057540036036-8134;057540036036;100mN31975E42298;MC;NA;2;22;M;M;1824;UEP
057540036036-8135;057540036036;100mN31993E42268;MC;NA;4;48;M;M;4049;NEP
057540036036-8135;057540036036;100mN31993E42268;MC;NA;4;44;M;F;4049;NEP
057540036036-8135;057540036036;100mN31993E42268;MC;NA;4;25;W;F;2529;EMP
057540036036-8135;057540036036;100mN31993E42268;MC;NA;4;0;S;F;0003;NEP
057540036036-8136;057540036036;100mN32004E42259;MC;NA;3;63;M;F;5064;EMP
057540036036-8136;057540036036;100mN32004E42259;MC;NA;3;44;M;F;4049;NEP
057540036036-8136;057540036036;100mN32004E42259;MC;NA;3;36;M;M;3039;EMP
057540036036-8137;057540036036;100mN31993E42268;MC;NA;2;23;M;M;1824;EMP
057540036036-8137;057540036036;100mN31993E42268;MC;NA;2;23;M;F;1824;EMP
057540036036-8138;057540036036;100mN31993E42268;S;OS;1;43;S;M;4049;EMP
057540036036-8139;057540036036;100mN31993E42268;S;NA;1;42;M;M;4049;EMP
057540036036-8140;057540036036;100mN32018E42256;MC;NA;6;41;M;M;4049;EMP
057540036036-8140;057540036036;100mN32018E42256;MC;NA;6;37;M;F;3039;EMP
057540036036-8140;057540036036;100mN32018E42256;MC;NA;6;15;S;F;1517;NEP
057540036036-8140;057540036036;100mN32018E42256;MC;NA;6;22;M;M;1824;NEP
057540036036-8140;057540036036;100mN32018E42256;MC;NA;6;21;W;M;1824;EMP
057540036036-8140;057540036036;100mN32018E42256;MC;NA;6;25;S;M;2529;EMP
057540036036-8141;057540036036;100mN31993E42268;MC;NA;2;44;M;M;4049;EMP
057540036036-8141;057540036036;100mN31993E42268;MC;NA;2;43;M;F;4049;EMP
057540036036-8142;057540036036;100mN31986E42272;MC;NA;4;44;M;M;4049;NEP
057540036036-8142;057540036036;100mN31986E42272;MC;NA;4;43;M;F;4049;EMP
057540036036-8142;057540036036;100mN31986E42272;MC;NA;4;28;M;F;2529;EMP
057540036036-8142;057540036036;100mN31986E42272;MC;NA;4;9;S;F;0614;NEP
057540036036-8143;057540036036;100mN31986E42272;S;NA;1;44;M;F;4049;NEP
057540036036-8144;057540036036;100mN31986E42272;MC;MIX;2;76;M;F;75XX;NEP
057540036036-8144;057540036036;100mN31986E42272;MC;MIX;2;43;M;F;4049;EMP
057540036036-8145;057540036036;100mN31986E42272;MC;OS;5;70;M;M;6574;NEP
057540036036-8145;057540036036;100mN31986E42272;MC;OS;5;73;M;F;6574;NEP
057540036036-8145;057540036036;100mN31986E42272;MC;OS;5;84;W;F;75XX;NEP
057540036036-8145;057540036036;100mN31986E42272;MC;OS;5;83;D;F;75XX;EMP
057540036036-8145;057540036036;100mN31986E42272;MC;OS;5;70;S;F;6574;EMP
057540036036-8146;057540036036;100mN31986E42272;MC;NA;2;30;M;M;3039;EMP
057540036036-8146;057540036036;100mN31986E42272;MC;NA;2;27;M;F;2529;EMP
057540036036-8147;057540036036;100mN31986E42272;MC;OS;3;69;M;M;6574;EMP
057540036036-8147;057540036036;100mN31986E42272;MC;OS;3;68;M;F;6574;EMP
057540036036-8147;057540036036;100mN31986E42272;MC;OS;3;84;M;M;75XX;EMP
057540036036-8148;057540036036;100mN31957E42248;MC;NA;2;40;M;M;4049;NEP
057540036036-8148;057540036036;100mN31957E42248;MC;NA;2;34;M;F;3039;EMP
057540036036-8149;057540036036;100mN32006E42230;S;NA;1;69;M;F;6574;NEP
057540036036-8150;057540036036;100mN32006E42230;S;NA;1;53;M;M;5064;EMP
057540036036-8151;057540036036;100mN32006E42230;S;NA;1;46;M;M;4049;EMP
057540036036-8152;057540036036;100mN32005E42251;MC;NA;5;47;M;F;4049;EMP
057540036036-8152;057540036036;100mN32005E42251;MC;NA;5;47;M;M;4049;EMP
057540036036-8152;057540036036;100mN32005E42251;MC;NA;5;11;S;M;0614;NEP
057540036036-8152;057540036036;100mN32005E42251;MC;NA;5;13;S;F;0614;NEP
057540036036-8152;057540036036;100mN32005E42251;MC;NA;5;10;S;M;0614;NEP
057540036036-8153;057540036036;100mN32005E42251;MC;OS;6;65;M;F;6574;NEP
057540036036-8153;057540036036;100mN32005E42251;MC;OS;6;68;M;M;6574;NEP
057540036036-8153;057540036036;100mN32005E42251;MC;OS;6;70;M;M;6574;EMP
057540036036-8153;057540036036;100mN32005E42251;MC;OS;6;81;S;M;75XX;UEP
057540036036-8153;057540036036;100mN32005E42251;MC;OS;6;85;M;M;75XX;EMP
057540036036-8153;057540036036;100mN32005E42251;MC;OS;6;73;W;F;6574;NEP
057540036036-8154;057540036036;100mN32014E42250;MC;NA;2;20;M;F;1824;EMP
057540036036-8154;057540036036;100mN32014E42250;MC;NA;2;18;M;M;1824;NEP
057540036036-8155;057540036036;100mN31962E42308;SF;MIX;2;71;S;F;6574;EMP
057540036036-8155;057540036036;100mN31962E42308;SF;MIX;2;50;D;M;5064;NEP
057540036036-8156;057540036036;100mN32005E42251;MC;NA;4;59;M;M;5064;EMP
057540036036-8156;057540036036;100mN32005E42251;MC;NA;4;59;M;F;5064;NEP
057540036036-8156;057540036036;100mN32005E42251;MC;NA;4;3;S;M;0305;NEP
057540036036-8156;057540036036;100mN32005E42251;MC;NA;4;11;S;F;0614;NEP
057540036036-8157;057540036036;100mN31976E42253;MC;NA;5;46;M;M;4049;NEP
057540036036-8157;057540036036;100mN31976E42253;MC;NA;5;46;M;F;4049;EMP
057540036036-8157;057540036036;100mN31976E42253;MC;NA;5;10;S;F;0614;NEP
057540036036-8157;057540036036;100mN31976E42253;MC;NA;5;30;D;F;3039;NEP
057540036036-8157;057540036036;100mN31976E42253;MC;NA;5;9;S;M;0614;NEP
057540036036-8158;057540036036;100mN32005E42251;MC;OS;2;71;M;F;6574;NEP
057540036036-8158;057540036036;100mN32005E42251;MC;OS;2;68;M;M;6574;EMP
057540036036-8159;057540036036;100mN32007E42287;MC;NA;3;43;M;F;4049;EMP
057540036036-8159;057540036036;100mN32007E42287;MC;NA;3;45;M;M;4049;EMP
057540036036-8159;057540036036;100mN32007E42287;MC;NA;3;10;S;M;0614;NEP
057540036036-8160;057540036036;100mN32005E42251;MC;NA;2;38;M;F;3039;EMP
057540036036-8160;057540036036;100mN32005E42251;MC;NA;2;44;M;M;4049;NEP
057540036036-8161;057540036036;100mN32005E42251;PO;NA;2;59;S;M;5064;EMP
057540036036-8161;057540036036;100mN32005E42251;PO;NA;2;58;S;F;5064;NEP
057540036036-8162;057540036036;100mN32004E42254;MC;NA;3;44;M;M;4049;EMP
057540036036-8162;057540036036;100mN32004E42254;MC;NA;3;43;M;F;4049;EMP
057540036036-8162;057540036036;100mN32004E42254;MC;NA;3;11;S;M;0614;NEP
057540036036-8163;057540036036;100mN32007E42281;MC;NA;2;21;M;F;1824;EMP
057540036036-8163;057540036036;100mN32007E42281;MC;NA;2;23;M;M;1824;NEP
057540036036-8164;057540036036;100mN32004E42254;S;NA;1;27;M;M;2529;NEP
057540036036-8165;057540036036;100mN32013E42249;MC;NA;2;42;M;F;4049;NEP
057540036036-8165;057540036036;100mN32013E42249;MC;NA;2;41;M;M;4049;EMP
057540036036-8166;057540036036;100mN32013E42249;SF;NA;4;66;D;F;6574;NEP
057540036036-8166;057540036036;100mN32013E42249;SF;NA;4;15;S;M;1517;EMP
057540036036-8166;057540036036;100mN32013E42249;SF;NA;4;1;S;M;0003;NEP
057540036036-8166;057540036036;100mN32013E42249;SF;NA;4;35;W;F;3039;NEP
057540036036-8167;057540036036;100mN32009E42234;MC;MIX;3;83;W;F;75XX;NEP
057540036036-8167;057540036036;100mN32009E42234;MC;MIX;3;54;M;M;5064;EMP
057540036036-8167;057540036036;100mN32009E42234;MC;MIX;3;61;M;F;5064;EMP
057540036036-8168;057540036036;100mN32013E42249;S;NA;1;52;D;M;5064;EMP
057540036036-8169;057540036036;100mN32013E42249;S;OS;1;36;S;F;3039;EMP
057540036036-8170;057540036036;100mN32013E42249;MC;NA;4;33;M;F;3039;NEP
057540036036-8170;057540036036;100mN32013E42249;MC;NA;4;37;M;M;3039;EMP
057540036036-8170;057540036036;100mN32013E42249;MC;NA;4;18;M;F;1824;NEP
057540036036-8170;057540036036;100mN32013E42249;MC;NA;4;13;S;F;0614;NEP
057540036036-8171;057540036036;100mN32013E42249;MC;NA;2;60;M;M;5064;NEP
057540036036-8171;057540036036;100mN32013E42249;MC;NA;2;54;M;F;5064;NEP
057540036036-8172;057540036036;100mN32013E42249;S;NA;1;46;W;F;4049;EMP
057540036036-8173;057540036036;100mN32013E42249;MC;NA;3;47;M;M;4049;EMP
057540036036-8173;057540036036;100mN32013E42249;MC;NA;3;40;M;F;4049;NEP
057540036036-8173;057540036036;100mN32013E42249;MC;NA;3;10;S;F;0614;NEP
057540036036-8174;057540036036;100mN32013E42249;MC;NA;2;25;M;F;2529;NEP
057540036036-8174;057540036036;100mN32013E42249;MC;NA;2;22;M;M;1824;EMP
057540036036-8175;057540036036;100mN32013E42249;MC;NA;2;56;M;M;5064;EMP
057540036036-8175;057540036036;100mN32013E42249;MC;NA;2;53;M;F;5064;NEP
057540036036-8176;057540036036;100mN32013E42249;S;OS;1;57;M;F;5064;NEP
057540036036-8177;057540036036;100mN31968E42278;SF;NA;2;19;S;F;1824;EMP
057540036036-8177;057540036036;100mN31968E42278;SF;NA;2;3;S;F;0305;NEP
057540036036-8178;057540036036;100mN32013E42249;MC;NA;2;53;M;F;5064;NEP
057540036036-8178;057540036036;100mN32013E42249;MC;NA;2;61;M;M;5064;NEP
057540036036-8179;057540036036;100mN32013E42249;PO;NA;3;48;S;M;4049;EMP
057540036036-8179;057540036036;100mN32013E42249;PO;NA;3;45;S;F;4049;EMP
057540036036-8179;057540036036;100mN32013E42249;PO;NA;3;22;M;F;1824;EMP
057540036036-8180;057540036036;100mN32003E42258;S;NA;1;55;D;M;5064;NEP
057540036036-8181;057540036036;100mN32013E42249;MC;NA;4;52;M;M;5064;EMP
057540036036-8181;057540036036;100mN32013E42249;MC;NA;4;52;M;F;5064;NEP
057540036036-8181;057540036036;100mN32013E42249;MC;NA;4;9;S;M;0614;NEP
057540036036-8181;057540036036;100mN32013E42249;MC;NA;4;15;S;F;1517;NEP
057540036036-8182;057540036036;100mN32013E42249;MC;OS;2;67;M;M;6574;EMP
057540036036-8182;057540036036;100mN32013E42249;MC;OS;2;72;M;F;6574;NEP
057540036036-8183;057540036036;100mN31976E42271;MC;NA;4;25;M;M;2529;EMP
057540036036-8183;057540036036;100mN31976E42271;MC;NA;4;25;M;F;2529;EMP
057540036036-8183;057540036036;100mN31976E42271;MC;NA;4;2;S;M;0003;NEP
057540036036-8183;057540036036;100mN31976E42271;MC;NA;4;4;S;F;0305;NEP
057540036036-8184;057540036036;100mN31976E42271;NA;NA;2;48;S;M;4049;EMP
057540036036-8184;057540036036;100mN31976E42271;NA;NA;2;41;M;M;4049;UEP
057540036036-8185;057540036036;100mN31976E42271;MC;NA;2;54;M;M;5064;EMP
057540036036-8185;057540036036;100mN31976E42271;MC;NA;2;47;M;F;4049;NEP
057540036036-8186;057540036036;100mN31999E42312;SF;NA;2;56;W;F;5064;NEP
057540036036-8186;057540036036;100mN31999E42312;SF;NA;2;27;D;F;2529;NEP
057540036036-8187;057540036036;100mN31999E42312;MC;NA;6;33;M;F;3039;NEP
057540036036-8187;057540036036;100mN31999E42312;MC;NA;6;35;M;M;3039;EMP
057540036036-8187;057540036036;100mN31999E42312;MC;NA;6;10;S;M;0614;NEP
057540036036-8187;057540036036;100mN31999E42312;MC;NA;6;16;S;M;1517;NEP
057540036036-8187;057540036036;100mN31999E42312;MC;NA;6;9;S;M;0614;NEP
057540036036-8187;057540036036;100mN31999E42312;MC;NA;6;18;M;M;1824;EMP
057540036036-8188;057540036036;100mN31999E42312;MC;NA;3;60;M;F;5064;EMP
057540036036-8188;057540036036;100mN31999E42312;MC;NA;3;34;M;M;3039;EMP
057540036036-8188;057540036036;100mN31999E42312;MC;NA;3;12;S;F;0614;NEP
057540036036-8189;057540036036;100mN31993E42261;S;OS;1;51;M;F;5064;NEP
057540036036-8190;057540036036;100mN31993E42261;MC;OS;2;85;M;M;75XX;EMP
057540036036-8190;057540036036;100mN31993E42261;MC;OS;2;82;M;F;75XX;NEP
057540036036-8191;057540036036;100mN31993E42261;MC;NA;2;46;M;M;4049;NEP
057540036036-8191;057540036036;100mN31993E42261;MC;NA;2;63;M;F;5064;NEP
057540036036-8192;057540036036;100mN31962E42308;PO;NA;3;63;S;F;5064;EMP
057540036036-8192;057540036036;100mN31962E42308;PO;NA;3;43;M;M;4049;EMP
057540036036-8192;057540036036;100mN31962E42308;PO;NA;3;23;M;F;1824;EMP
057540036036-8193;057540036036;100mN31993E42261;S;NA;1;68;W;F;6574;NEP
057540036036-8194;057540036036;100mN31993E42261;MC;NA;6;55;M;M;5064;EMP
057540036036-8194;057540036036;100mN31993E42261;MC;NA;6;52;M;F;5064;EMP
057540036036-8194;057540036036;100mN31993E42261;MC;NA;6;1;S;F;0003;NEP
057540036036-8194;057540036036;100mN31993E42261;MC;NA;6;8;S;F;0614;NEP
057540036036-8194;057540036036;100mN31993E42261;MC;NA;6;12;S;M;0614;NEP
057540036036-8194;057540036036;100mN31993E42261;MC;NA;6;10;S;M;0614;NEP
057540036036-8195;057540036036;100mN31993E42261;MC;NA;2;18;M;M;1824;NEP
057540036036-8195;057540036036;100mN31993E42261;MC;NA;2;18;M;F;1824;EMP
057540036036-8196;057540036036;100mN31999E42259;MC;NA;2;50;M;M;5064;EMP
057540036036-8196;057540036036;100mN31999E42259;MC;NA;2;45;M;F;4049;NEP
057540036036-8197;057540036036;100mN31999E42257;S;NA;1;38;M;F;3039;EMP
057540036036-8198;057540036036;100mN31993E42261;MC;OS;5;69;M;M;6574;NEP
057540036036-8198;057540036036;100mN31993E42261;MC;OS;5;72;M;F;6574;EMP
057540036036-8198;057540036036;100mN31993E42261;MC;OS;5;71;D;M;6574;EMP
057540036036-8198;057540036036;100mN31993E42261;MC;OS;5;68;M;M;6574;EMP
057540036036-8198;057540036036;100mN31993E42261;MC;OS;5;85;W;F;75XX;EMP
057540036036-8199;057540036036;100mN31993E42261;MC;OS;4;68;M;F;6574;NEP
057540036036-8199;057540036036;100mN31993E42261;MC;OS;4;68;M;M;6574;EMP
057540036036-8199;057540036036;100mN31993E42261;MC;OS;4;67;M;M;6574;NEP
057540036036-8199;057540036036;100mN31993E42261;MC;OS;4;78;D;M;75XX;NEP
057540036036-8200;057540036036;100mN31993E42261;MC;OS;3;75;M;F;75XX;EMP
057540036036-8200;057540036036;100mN31993E42261;MC;OS;3;78;M;M;75XX;NEP
057540036036-8200;057540036036;100mN31993E42261;MC;OS;3;72;M;M;6574;EMP
057540036036-8201;057540036036;100mN31993E42261;S;NA;1;34;W;F;3039;NEP
057540036036-8202;057540036036;100mN31993E42261;MC;NA;2;35;M;M;3039;UEP
057540036036-8202;057540036036;100mN31993E42261;MC;NA;2;34;M;F;3039;EMP
057540036036-8203;057540036036;100mN31993E42261;MC;NA;2;33;M;F;3039;NEP
057540036036-8203;057540036036;100mN31993E42261;MC;NA;2;34;M;M;3039;EMP
057540036036-8204;057540036036;100mN32005E42260;MC;NA;3;34;M;M;3039;EMP
057540036036-8204;057540036036;100mN32005E42260;MC;NA;3;25;M;F;2529;EMP
057540036036-8204;057540036036;100mN32005E42260;MC;NA;3;12;S;F;0614;NEP
057540036036-8205;057540036036;100mN31986E42260;SF;MIX;4;77;M;F;75XX;NEP
057540036036-8205;057540036036;100mN31986E42260;SF;MIX;4;71;W;F;6574;NEP
057540036036-8205;057540036036;100mN31986E42260;SF;MIX;4;6;S;M;0614;NEP
057540036036-8205;057540036036;100mN31986E42260;SF;MIX;4;8;S;M;0614;NEP
057540036036-8206;057540036036;100mN32022E42249;MC;MIX;2;70;M;M;6574;EMP
057540036036-8206;057540036036;100mN32022E42249;MC;MIX;2;47;M;F;4049;EMP
057540036036-8207;057540036036;100mN31993E42261;S;NA;1;77;W;F;75XX;EMP
057540036036-8208;057540036036;100mN31993E42261;S;NA;1;40;S;F;4049;EMP
057540036036-8209;057540036036;100mN31993E42261;MC;OS;2;68;M;F;6574;EMP
057540036036-8209;057540036036;100mN31993E42261;MC;OS;2;84;M;M;75XX;EMP
057540036036-8210;057540036036;100mN31993E42261;S;OS;1;45;M;F;4049;NEP
057540036036-8211;057540036036;100mN31993E42261;S;NA;1;45;S;M;4049;EMP
057540036036-8212;057540036036;100mN31976E42251;MC;NA;2;46;M;F;4049;NEP
057540036036-8212;057540036036;100mN31976E42251;MC;NA;2;55;M;M;5064;NEP
057540036036-8213;057540036036;100mN31976E42251;SF;NA;4;82;W;F;75XX;EMP
057540036036-8213;057540036036;100mN31976E42251;SF;NA;4;16;S;F;1517;NEP
057540036036-8213;057540036036;100mN31976E42251;SF;NA;4;8;S;M;0614;NEP
057540036036-8213;057540036036;100mN31976E42251;SF;NA;4;36;M;F;3039;NEP
057540036036-8214;057540036036;100mN31976E42251;SF;NA;2;25;S;F;2529;EMP
057540036036-8214;057540036036;100mN31976E42251;SF;NA;2;10;S;F;0614;NEP
057540036036-8215;057540036036;100mN31962E42308;MC;NA;3;40;M;M;4049;EMP
057540036036-8215;057540036036;100mN31962E42308;MC;NA;3;33;M;F;3039;EMP
057540036036-8215;057540036036;100mN31962E42308;MC;NA;3;15;S;M;1517;EMP
057540036036-8216;057540036036;100mN31976E42251;S;OS;1;19;S;M;1824;EMP
057540036036-8217;057540036036;100mN31976E42251;MC;NA;2;55;M;M;5064;EMP
057540036036-8217;057540036036;100mN31976E42251;MC;NA;2;52;M;F;5064;EMP
057540036036-8218;057540036036;100mN31976E42251;MC;MIX;4;65;M;F;6574;EMP
057540036036-8218;057540036036;100mN31976E42251;MC;MIX;4;46;M;M;4049;EMP
057540036036-8218;057540036036;100mN31976E42251;MC;MIX;4;44;M;F;4049;NEP
057540036036-8218;057540036036;100mN31976E42251;MC;MIX;4;8;S;F;0614;NEP
057540036036-8219;057540036036;100mN31976E42251;S;NA;1;78;S;F;75XX;EMP
057540036036-8220;057540036036;100mN31976E42251;S;NA;1;70;D;M;6574;EMP
057540036036-8221;057540036036;100mN31976E42251;MC;OS;2;85;M;M;75XX;NEP
057540036036-8221;057540036036;100mN31976E42251;MC;OS;2;80;M;F;75XX;NEP
057540036036-8222;057540036036;100mN31976E42251;MC;MIX;2;77;M;M;75XX;NEP
057540036036-8222;057540036036;100mN31976E42251;MC;MIX;2;18;M;F;1824;NEP
057540036036-8223;057540036036;100mN31976E42251;S;NA;1;22;S;M;1824;UEP
057540036036-8224;057540036036;100mN32006E42233;MC;NA;4;40;M;F;4049;EMP
057540036036-8224;057540036036;100mN32006E42233;MC;NA;4;43;M;M;4049;EMP
057540036036-8224;057540036036;100mN32006E42233;MC;NA;4;9;S;F;0614;NEP
057540036036-8224;057540036036;100mN32006E42233;MC;NA;4;13;S;M;0614;NEP
057540036036-8225;057540036036;100mN31976E42251;PO;NA;3;18;S;M;1824;EMP
057540036036-8225;057540036036;100mN31976E42251;PO;NA;3;21;S;F;1824;EMP
057540036036-8225;057540036036;100mN31976E42251;PO;NA;3;2;S;M;0003;NEP
057540036036-8226;057540036036;100mN31976E42251;MC;NA;4;41;M;M;4049;EMP
057540036036-8226;057540036036;100mN31976E42251;MC;NA;4;36;M;F;3039;EMP
057540036036-8226;057540036036;100mN31976E42251;MC;NA;4;26;M;M;2529;EMP
057540036036-8226;057540036036;100mN31976E42251;MC;NA;4;25;S;F;2529;NEP
057540036036-8227;057540036036;100mN32004E42281;MC;NA;2;58;M;F;5064;EMP
057540036036-8227;057540036036;100mN32004E42281;MC;NA;2;59;M;M;5064;NEP
057540036036-8228;057540036036;100mN32017E42253;MC;NA;5;63;M;F;5064;NEP
057540036036-8228;057540036036;100mN32017E42253;MC;NA;5;46;W;M;4049;NEP
057540036036-8228;057540036036;100mN32017E42253;MC;NA;5;48;M;M;4049;EMP
057540036036-8228;057540036036;100mN32017E42253;MC;NA;5;16;S;M;1517;NEP
057540036036-8228;057540036036;100mN32017E42253;MC;NA;5;3;S;F;0305;NEP
057540036036-8229;057540036036;100mN31993E42278;MC;NA;5;62;M;M;5064;NEP
057540036036-8229;057540036036;100mN31993E42278;MC;NA;5;57;M;F;5064;NEP
057540036036-8229;057540036036;100mN31993E42278;MC;NA;5;3;S;M;0305;NEP
057540036036-8229;057540036036;100mN31993E42278;MC;NA;5;10;S;F;0614;NEP
057540036036-8229;057540036036;100mN31993E42278;MC;NA;5;27;M;M;2529;NEP
057540036036-8230;057540036036;100mN31993E42278;MC;NA;3;40;M;F;4049;NEP
057540036036-8230;057540036036;100mN31993E42278;MC;NA;3;41;M;M;4049;NEP
057540036036-8230;057540036036;100mN31993E42278;MC;NA;3;6;S;M;0614;NEP
057540036036-8231;057540036036;100mN31993E42278;MC;NA;4;50;M;M;5064;EMP
057540036036-8231;057540036036;100mN31993E42278;MC;NA;4;56;M;F;5064;EMP
057540036036-8231;057540036036;100mN31993E42278;MC;NA;4;4;S;F;0305;NEP
057540036036-8231;057540036036;100mN31993E42278;MC;NA;4;19;S;M;1824;EMP
057540036036-8232;057540036036;100mN32010E42252;S;NA;1;48;M;M;4049;NEP
057540036036-8233;057540036036;100mN31975E42299;MC;NA;2;50;M;F;5064;EMP
057540036036-8233;057540036036;100mN31975E42299;MC;NA;2;51;M;M;5064;EMP
057540036036-8234;057540036036;100mN31975E42299;PO;NA;4;61;S;M;5064;EMP
057540036036-8234;057540036036;100mN31975E42299;PO;NA;4;58;S;F;5064;EMP
057540036036-8234;057540036036;100mN31975E42299;PO;NA;4;15;S;M;1517;EMP
057540036036-8234;057540036036;100mN31975E42299;PO;NA;4;9;S;M;0614;NEP
057540036036-8235;057540036036;100mN31975E42299;MC;NA;3;48;M;M;4049;EMP
057540036036-8235;057540036036;100mN31975E42299;MC;NA;3;44;M;F;4049;EMP
057540036036-8235;057540036036;100mN31975E42299;MC;NA;3;0;S;F;0003;NEP
057540036036-8236;057540036036;100mN31975E42299;MC;NA;2;30;M;M;3039;EMP
057540036036-8236;057540036036;100mN31975E42299;MC;NA;2;27;M;F;2529;EMP
057540036036-8237;057540036036;100mN31975E42299;MC;NA;4;41;M;M;4049;NEP
057540036036-8237;057540036036;100mN31975E42299;MC;NA;4;40;M;F;4049;EMP
057540036036-8237;057540036036;100mN31975E42299;MC;NA;4;3;S;F;0305;NEP
057540036036-8237;057540036036;100mN31975E42299;MC;NA;4;8;S;M;0614;NEP
057540036036-8238;057540036036;100mN31990E42263;MC;NA;3;48;M;F;4049;NEP
057540036036-8238;057540036036;100mN31990E42263;MC;NA;3;51;M;M;5064;EMP
057540036036-8238;057540036036;100mN31990E42263;MC;NA;3;13;S;M;0614;NEP
057540036036-8239;057540036036;100mN31975E42299;MC;NA;4;30;M;M;3039;EMP
057540036036-8239;057540036036;100mN31975E42299;MC;NA;4;33;M;F;3039;EMP
057540036036-8239;057540036036;100mN31975E42299;MC;NA;4;10;S;F;0614;NEP
057540036036-8239;057540036036;100mN31975E42299;MC;NA;4;9;S;F;0614;NEP
057540036036-8240;057540036036;100mN31975E42274;MC;NA;4;35;M;M;3039;EMP
057540036036-8240;057540036036;100mN31975E42274;MC;NA;4;34;M;F;3039;EMP
057540036036-8240;057540036036;100mN31975E42274;MC;NA;4;20;S;M;1824;NEP
057540036036-8240;057540036036;100mN31975E42274;MC;NA;4;3;S;M;0305;NEP
057540036036-8241;057540036036;100mN31975E42299;S;NA;1;75;S;F;75XX;EMP
057540036036-8242;057540036036;100mN31975E42299;MC;MIX;3;76;S;M;75XX;EMP
057540036036-8242;057540036036;100mN31975E42299;MC;MIX;3;53;M;F;5064;EMP
057540036036-8242;057540036036;100mN31975E42299;MC;MIX;3;50;M;M;5064;UEP
057540036036-8243;057540036036;100mN31975E42299;MC;MIX;3;71;M;M;6574;EMP
057540036036-8243;057540036036;100mN31975E42299;MC;MIX;3;63;M;M;5064;EMP
057540036036-8243;057540036036;100mN31975E42299;MC;MIX;3;27;M;F;2529;EMP
057540036036-8244;057540036036;100mN31975E42299;S;NA;1;18;D;M;1824;NEP
057540036036-8245;057540036036;100mN31975E42299;MC;OS;3;82;M;F;75XX;EMP
057540036036-8245;057540036036;100mN31975E42299;MC;OS;3;1;S;F;0003;NEP
057540036036-8245;057540036036;100mN31975E42299;MC;OS;3;82;W;F;75XX;EMP
057540036036-8246;057540036036;100mN31975E42299;S;OS;1;48;S;F;4049;EMP
057540036036-8247;057540036036;100mN31975E42299;SF;NA;2;45;W;F;4049;NEP
057540036036-8247;057540036036;100mN31975E42299;SF;NA;2;2;S;F;0003;NEP
057540036036-8248;057540036036;100mN31975E42299;MC;NA;2;22;M;F;1824;EMP
057540036036-8248;057540036036;100mN31975E42299;MC;NA;2;26;M;M;2529;EMP
057540036036-8249;057540036036;100mN31990E42256;NA;NA;2;63;S;M;5064;EMP
057540036036-8249;057540036036;100mN31990E42256;NA;NA;2;81;D;M;75XX;EMP
057540036036-8250;057540036036;100mN32007E42280;S;NA;1;22;M;M;1824;EMP
057540036036-8251;057540036036;100mN32007E42280;S;NA;1;51;M;M;5064;EMP
057540036036-8252;057540036036;100mN32007E42280;MC;MIX;5;81;D;M;75XX;EMP
057540036036-8252;057540036036;100mN32007E42280;MC;MIX;5;34;M;F;3039;NEP
057540036036-8252;057540036036;100mN32007E42280;MC;MIX;5;36;M;M;3039;EMP
057540036036-8252;057540036036;100mN32007E42280;MC;MIX;5;18;M;M;1824;EMP
057540036036-8252;057540036036;100mN32007E42280;MC;MIX;5;18;D;M;1824;UEP
057540036036-8253;057540036036;100mN32007E42280;S;NA;1;19;M;M;1824;NEP
057540036036-8254;057540036036;100mN32008E42278;S;OS;1;48;M;M;4049;EMP
057540036036-8255;057540036036;100mN32007E42280;MC;NA;5;21;M;F;1824;EMP
057540036036-8255;057540036036;100mN32007E42280;MC;NA;5;22;M;M;1824;EMP
057540036036-8255;057540036036;100mN32007E42280;MC;NA;5;6;S;F;0614;NEP
057540036036-8255;057540036036;100mN32007E42280;MC;NA;5;1;S;M;0003;NEP
057540036036-8255;057540036036;100mN32007E42280;MC;NA;5;6;S;M;0614;NEP
057540036036-8256;057540036036;100mN32007E42280;PO;OS;2;84;S;F;75XX;NEP
057540036036-8256;057540036036;100mN32007E42280;PO;OS;2;85;S;M;75XX;EMP
057540036036-8257;057540036036;100mN32007E42280;MC;NA;4;48;M;F;4049;NEP
057540036036-8257;057540036036;100mN32007E42280;MC;NA;4;47;M;M;4049;EMP
057540036036-8257;057540036036;100mN32007E42280;MC;NA;4;11;S;M;0614;NEP
057540036036-8257;057540036036;100mN32007E42280;MC;NA;4;4;S;M;0305;NEP
057540036036-8258;057540036036;100mN32007E42280;SF;NA;6;16;S;F;1517;NEP
057540036036-8258;057540036036;100mN32007E42280;SF;NA;6;1;S;M;0003;NEP
057540036036-8258;057540036036;100mN32007E42280;SF;NA;6;0;S;F;0003;NEP
057540036036-8258;057540036036;100mN32007E42280;SF;NA;6;0;S;M;0003;NEP
057540036036-8258;057540036036;100mN32007E42280;SF;NA;6;1;S;F;0003;NEP
057540036036-8258;057540036036;100mN32007E42280;SF;NA;6;0;S;F;0003;NEP
057540036036-8259;057540036036;100mN32007E42280;MC;NA;2;50;M;M;5064;EMP
057540036036-8259;057540036036;100mN32007E42280;MC;NA;2;47;M;F;4049;NEP
057540036036-8260;057540036036;100mN32007E42280;MC;NA;2;36;M;M;3039;EMP
057540036036-8260;057540036036;100mN32007E42280;MC;NA;2;41;M;F;4049;NEP
057540036036-8261;057540036036;100mN31984E42267;MC;NA;2;23;M;M;1824;NEP
057540036036-8261;057540036036;100mN31984E42267;MC;NA;2;18;M;F;1824;NEP
057540036036-8262;057540036036;100mN32007E42280;MC;NA;2;53;M;M;5064;NEP
057540036036-8262;057540036036;100mN32007E42280;MC;NA;2;59;M;F;5064;NEP
057540036036-8263;057540036036;100mN32007E42280;MC;NA;4;54;M;M;5064;EMP
057540036036-8263;057540036036;100mN32007E42280;MC;NA;4;47;M;F;4049;NEP
057540036036-8263;057540036036;100mN32007E42280;MC;NA;4;37;M;F;3039;EMP
057540036036-8263;057540036036;100mN32007E42280;MC;NA;4;2;S;M;0003;NEP
057540036036-8264;057540036036;100mN31975E42301;MC;NA;3;53;M;M;5064;EMP
057540036036-8264;057540036036;100mN31975E42301;MC;NA;3;44;M;F;4049;EMP
057540036036-8264;057540036036;100mN31975E42301;MC;NA;3;16;S;M;1517;NEP
057540036036-8265;057540036036;100mN31975E42301;MC;NA;3;26;M;M;2529;EMP
057540036036-8265;057540036036;100mN31975E42301;MC;NA;3;18;M;F;1824;NEP
057540036036-8265;057540036036;100mN31975E42301;MC;NA;3;11;S;F;0614;NEP
057540036036-8266;057540036036;100mN31975E42301;PO;OS;4;77;S;M;75XX;EMP
057540036036-8266;057540036036;100mN31975E42301;PO;OS;4;76;S;M;75XX;EMP
057540036036-8266;057540036036;100mN31975E42301;PO;OS;4;79;M;F;75XX;NEP
057540036036-8266;057540036036;100mN31975E42301;PO;OS;4;81;W;M;75XX;NEP
057540036036-8267;057540036036;100mN31995E42266;S;OS;1;31;D;F;3039;EMP
057540036036-8268;057540036036;100mN31995E42266;S;NA;1;35;M;F;3039;EMP
057540036036-8269;057540036036;100mN31995E42266;SF;NA;4;53;W;F;5064;NEP
057540036036-8269;057540036036;100mN31995E42266;SF;NA;4;34;M;M;3039;EMP
057540036036-8269;057540036036;100mN31995E42266;SF;NA;4;1;S;M;0003;NEP
057540036036-8269;057540036036;100mN31995E42266;SF;NA;4;37;W;F;3039;NEP
057540036036-8270;057540036036;100mN31990E42268;SF;NA;4;45;W;F;4049;NEP
057540036036-8270;057540036036;100mN31990E42268;SF;NA;4;12;S;M;0614;NEP
057540036036-8270;057540036036;100mN31990E42268;SF;NA;4;27;S;F;2529;EMP
057540036036-8270;057540036036;100mN31990E42268;SF;NA;4;19;M;M;1824;NEP
057540036036-8271;057540036036;100mN31963E42305;MC;NA;5;42;M;M;4049;EMP
057540036036-8271;057540036036;100mN31963E42305;MC;NA;5;45;M;F;4049;EMP
057540036036-8271;057540036036;100mN31963E42305;MC;NA;5;6;S;M;0614;NEP
057540036036-8271;057540036036;100mN31963E42305;MC;NA;5;9;S;M;0614;NEP
057540036036-8271;057540036036;100mN31963E42305;MC;NA;5;10;S;M;0614;NEP
057540036036-8272;057540036036;100mN31995E42266;S;NA;1;38;M;F;3039;NEP
057540036036-8273;057540036036;100mN31995E42266;MC;NA;4;58;M;M;5064;EMP
057540036036-8273;057540036036;100mN31995E42266;MC;NA;4;57;M;F;5064;NEP
057540036036-8273;057540036036;100mN31995E42266;MC;NA;4;16;S;F;1517;NEP
057540036036-8273;057540036036;100mN31995E42266;MC;NA;4;10;S;F;0614;NEP
057540036036-8274;057540036036;100mN31981E42262;SF;NA;2;26;W;F;2529;NEP
057540036036-8274;057540036036;100mN31981E42262;SF;NA;2;2;S;M;0003;NEP
057540036036-8275;057540036036;100mN31975E42248;SF;NA;3;16;S;F;1517;NEP
057540036036-8275;057540036036;100mN31975E42248;SF;NA;3;0;S;F;0003;NEP
057540036036-8275;057540036036;100mN31975E42248;SF;NA;3;1;S;F;0003;NEP
057540036036-8276;057540036036;100mN31975E42248;MC;NA;4;53;M;M;5064;UEP
057540036036-8276;057540036036;100mN31975E42248;MC;NA;4;56;M;F;5064;NEP
057540036036-8276;057540036036;100mN31975E42248;MC;NA;4;12;S;M;0614;NEP
057540036036-8276;057540036036;100mN31975E42248;MC;NA;4;15;S;F;1517;NEP
057540036036-8277;057540036036;100mN31975E42248;MC;NA;2;42;M;F;4049;NEP
057540036036-8277;057540036036;100mN31975E42248;MC;NA;2;42;M;M;4049;EMP
057540036036-8278;057540036036;100mN31975E42248;MC;NA;3;42;M;M;4049;EMP
057540036036-8278;057540036036;100mN31975E42248;MC;NA;3;42;M;F;4049;EMP
057540036036-8278;057540036036;100mN31975E42248;MC;NA;3;19;S;M;1824;NEP
057540036036-8279;057540036036;100mN31975E42248;MC;NA;2;22;M;M;1824;EMP
057540036036-8279;057540036036;100mN31975E42248;MC;NA;2;22;M;F;1824;NEP
057540036036-8280;057540036036;100mN31975E42248;SF;NA;2;50;S;F;5064;EMP
057540036036-8280;057540036036;100mN31975E42248;SF;NA;2;19;S;M;1824;EMP
057540036036-8281;057540036036;100mN31975E42248;MC;MIX;2;70;M;M;6574;NEP
057540036036-8281;057540036036;100mN31975E42248;MC;MIX;2;11;S;F;0614;NEP
057540036036-8282;057540036036;100mN31975E42248;MC;MIX;2;81;M;F;75XX;EMP
057540036036-8282;057540036036;100mN31975E42248;MC;MIX;2;63;M;M;5064;EMP
057540036036-8283;057540036036;100mN31975E42248;MC;NA;2;63;M;M;5064;EMP
057540036036-8283;057540036036;100mN31975E42248;MC;NA;2;58;M;F;5064;EMP
057540036036-8284;057540036036;100mN31973E42270;MC;OS;2;68;M;M;6574;NEP
057540036036-8284;057540036036;100mN31973E42270;MC;OS;2;88;M;F;75XX;EMP
057540036036-8285;057540036036;100mN32018E42243;SF;NA;3;58;W;F;5064;NEP
057540036036-8285;057540036036;100mN32018E42243;SF;NA;3;16;S;M;1517;EMP
057540036036-8285;057540036036;100mN32018E42243;SF;NA;3;16;S;M;1517;EMP
057540036036-8286;057540036036;100mN32018E42243;MC;OS;4;89;M;M;75XX;EMP
057540036036-8286;057540036036;100mN32018E42243;MC;OS;4;86;M;F;75XX;NEP
057540036036-8286;057540036036;100mN32018E42243;MC;OS;4;65;W;F;6574;EMP
057540036036-8286;057540036036;100mN32018E42243;MC;OS;4;65;M;M;6574;EMP
057540036036-8287;057540036036;100mN32017E42253;SF;NA;2;27;S;F;2529;NEP
057540036036-8287;057540036036;100mN32017E42253;SF;NA;2;9;S;F;0614;NEP
057540036036-8288;057540036036;100mN32005E42277;S;NA;1;48;S;F;4049;EMP
057540036036-8289;057540036036;100mN32018E42243;S;OS;1;71;M;F;6574;EMP
057540036036-8290;057540036036;100mN32018E42243;SF;NA;4;48;W;F;4049;EMP
057540036036-8290;057540036036;100mN32018E42243;SF;NA;4;7;S;M;0614;NEP
057540036036-8290;057540036036;100mN32018E42243;SF;NA;4;32;S;F;3039;EMP
057540036036-8290;057540036036;100mN32018E42243;SF;NA;4;7;S;M;0614;NEP
057540036036-8291;057540036036;100mN32018E42243;S;NA;1;44;M;F;4049;EMP
057540036036-8292;057540036036;100mN32018E42243;MC;NA;3;47;M;M;4049;EMP
057540036036-8292;057540036036;100mN32018E42243;MC;NA;3;46;M;F;4049;NEP
057540036036-8292;057540036036;100mN32018E42243;MC;NA;3;2;S;F;0003;NEP
057540036036-8293;057540036036;100mN32018E42243;SF;NA;2;46;W;F;4049;NEP
057540036036-8293;057540036036;100mN32018E42243;SF;NA;2;12;S;M;0614;NEP
057540036036-8294;057540036036;100mN32010E42279;MC;NA;2;52;M;F;5064;EMP
057540036036-8294;057540036036;100mN32010E42279;MC;NA;2;54;M;M;5064;EMP
057540036036-8295;057540036036;100mN32018E42243;PO;NA;2;45;S;M;4049;EMP
057540036036-8295;057540036036;100mN32018E42243;PO;NA;2;53;S;F;5064;NEP
057540036036-8296;057540036036;100mN32018E42243;MC;NA;2;40;M;F;4049;EMP
057540036036-8296;057540036036;100mN32018E42243;MC;NA;2;41;M;M;4049;EMP
057540036036-8297;057540036036;100mN32018E42243;MC;NA;2;46;M;F;4049;NEP
057540036036-8297;057540036036;100mN32018E42243;MC;NA;2;53;M;M;5064;EMP
057540036036-8298;057540036036;100mN32018E42243;MC;OS;2;72;M;F;6574;NEP
057540036036-8298;057540036036;100mN32018E42243;MC;OS;2;69;M;M;6574;EMP
057540036036-8299;057540036036;100mN32018E42243;S;NA;1;52;S;F;5064;EMP
057540036036-8300;057540036036;100mN32009E42286;MC;OS;6;78;M;F;75XX;NEP
057540036036-8300;057540036036;100mN32009E42286;MC;OS;6;71;M;M;6574;EMP
057540036036-8300;057540036036;100mN32009E42286;MC;OS;6;75;M;F;75XX;EMP
057540036036-8300;057540036036;100mN32009E42286;MC;OS;6;88;M;M;75XX;EMP
057540036036-8300;057540036036;100mN32009E42286;MC;OS;6;71;S;F;6574;EMP
057540036036-8300;057540036036;100mN32009E42286;MC;OS;6;88;S;M;75XX;EMP
057540036036-8301;057540036036;100mN32009E42286;S;NA;1;51;M;M;5064;EMP
057540036036-8302;057540036036;100mN31963E42303;NA;MIX;3;55;S;M;5064;EMP
057540036036-8302;057540036036;100mN31963E42303;NA;MIX;3;42;M;F;4049;NEP
057540036036-8302;057540036036;100mN31963E42303;NA;MIX;3;84;D;F;75XX;NEP
057540036036-8303;057540036036;100mN32009E42286;MC;OS;2;72;M;M;6574;EMP
057540036036-8303;057540036036;100mN32009E42286;MC;OS;2;69;M;F;6574;EMP
057540036036-8304;057540036036;100mN32001E42258;SM;MIX;2;66;W;M;6574;NEP
057540036036-8304;057540036036;100mN32001E42258;SM;MIX;2;3;S;F;0305;NEP
057540036036-8305;057540036036;100mN32009E42286;MC;NA;4;58;M;M;5064;NEP
057540036036-8305;057540036036;100mN32009E42286;MC;NA;4;52;M;F;5064;EMP
057540036036-8305;057540036036;100mN32009E42286;MC;NA;4;10;S;F;0614;NEP
057540036036-8305;057540036036;100mN32009E42286;MC;NA;4;16;S;F;1517;EMP
057540036036-8306;057540036036;100mN32009E42286;S;NA;1;61;M;F;5064;NEP
057540036036-8307;057540036036;100mN32009E42286;S;NA;1;22;M;F;1824;NEP
057540036036-8308;057540036036;100mN32009E42286;SF;NA;2;71;S;F;6574;EMP
057540036036-8308;057540036036;100mN32009E42286;SF;NA;2;53;M;M;5064;EMP
057540036036-8309;057540036036;100mN31999E42254;MC;OS;2;88;M;M;75XX;EMP
057540036036-8309;057540036036;100mN31999E42254;MC;OS;2;80;M;F;75XX;EMP
057540036036-8310;057540036036;100mN32030E42256;SF;MIX;3;88;M;F;75XX;EMP
057540036036-8310;057540036036;100mN32030E42256;SF;MIX;3;22;S;F;1824;NEP
057540036036-8310;057540036036;100mN32030E42256;SF;MIX;3;1;S;M;0003;NEP
057540036036-8311;057540036036;100mN32030E42256;S;NA;1;42;S;M;4049;NEP
057540036036-8312;057540036036;100mN32030E42256;MC;NA;2;20;M;F;1824;NEP
057540036036-8312;057540036036;100mN32030E42256;MC;NA;2;57;M;M;5064;EMP
057540036036-8313;057540036036;100mN32030E42256;MC;NA;3;43;M;F;4049;EMP
057540036036-8313;057540036036;100mN32030E42256;MC;NA;3;47;M;M;4049;EMP
057540036036-8313;057540036036;100mN32030E42256;MC;NA;3;11;S;F;0614;NEP
057540036036-8314;057540036036;100mN31999E42254;PO;NA;5;63;S;F;5064;EMP
057540036036-8314;057540036036;100mN31999E42254;PO;NA;5;18;M;M;1824;NEP
057540036036-8314;057540036036;100mN31999E42254;PO;NA;5;30;S;M;3039;EMP
057540036036-8314;057540036036;100mN31999E42254;PO;NA;5;6;S;M;0614;NEP
057540036036-8314;057540036036;100mN31999E42254;PO;NA;5;20;S;F;1824;EMP
057540036036-8315;057540036036;100mN31981E42313;SF;NA;2;59;S;F;5064;NEP
057540036036-8315;057540036036;100mN31981E42313;SF;NA;2;3;S;M;0305;NEP
057540036036-8316;057540036036;100mN31962E42307;MC;NA;6;25;M;M;2529;EMP
057540036036-8316;057540036036;100mN31962E42307;MC;NA;6;18;M;F;1824;EMP
057540036036-8316;057540036036;100mN31962E42307;MC;NA;6;4;S;M;0305;NEP
057540036036-8316;057540036036;100mN31962E42307;MC;NA;6;10;S;F;0614;NEP
057540036036-8316;057540036036;100mN31962E42307;MC;NA;6;7;S;M;0614;NEP
057540036036-8316;057540036036;100mN31962E42307;MC;NA;6;8;S;F;0614;NEP
057540036036-8317;057540036036;100mN32005E42282;MC;MIX;2;73;M;M;6574;UEP
057540036036-8317;057540036036;100mN32005E42282;MC;MIX;2;20;S;M;1824;EMP
057540036036-8318;057540036036;100mN31981E42313;SF;NA;2;66;S;F;6574;EMP
057540036036-8318;057540036036;100mN31981E42313;SF;NA;2;13;S;M;0614;NEP
057540036036-8319;057540036036;100mN31981E42313;SM;NA;2;41;S;M;4049;EMP
057540036036-8319;057540036036;100mN31981E42313;SM;NA;2;16;S;M;1517;EMP
057540036036-8320;057540036036;100mN31968E42297;NA;NA;2;31;M;M;3039;NEP
057540036036-8320;057540036036;100mN31968E42297;NA;NA;2;55;M;M;5064;NEP
057540036036-8321;057540036036;100mN31968E42297;S;NA;1;46;M;M;4049;EMP
057540036036-8322;057540036036;100mN31968E42297;MC;NA;2;58;M;F;5064;NEP
057540036036-8322;057540036036;100mN31968E42297;MC;NA;2;62;M;M;5064;EMP
057540036036-8323;057540036036;100mN32017E42253;SF;NA;2;27;S;F;2529;NEP
057540036036-8323;057540036036;100mN32017E42253;SF;NA;2;9;S;F;0614;NEP
057540036036-8324;057540036036;100mN31999E42256;MC;NA;3;60;M;M;5064;NEP
057540036036-8324;057540036036;100mN31999E42256;MC;NA;3;83;W;F;75XX;EMP
057540036036-8324;057540036036;100mN31999E42256;MC;NA;3;13;S;M;0614;NEP
057540036036-8325;057540036036;100mN32009E42279;MC;NA;3;59;M;M;5064;NEP
057540036036-8325;057540036036;100mN32009E42279;MC;NA;3;58;M;F;5064;NEP
057540036036-8325;057540036036;100mN32009E42279;MC;NA;3;1;S;M;0003;NEP
057540036036-8326;057540036036;100mN32009E42279;SF;NA;2;47;S;F;4049;EMP
057540036036-8326;057540036036;100mN32009E42279;SF;NA;2;0;S;M;0003;NEP
057540036036-8327;057540036036;100mN32009E42279;MC;OS;2;71;M;F;6574;NEP
057540036036-8327;057540036036;100mN32009E42279;MC;OS;2;87;M;M;75XX;UEP
057540036036-8328;057540036036;100mN32009E42279;MC;NA;3;31;M;F;3039;NEP
057540036036-8328;057540036036;100mN32009E42279;MC;NA;3;22;M;M;1824;EMP
057540036036-8328;057540036036;100mN32009E42279;MC;NA;3;6;S;F;0614;NEP
057540036036-8329;057540036036;100mN31999E42256;SF;NA;3;22;W;F;1824;NEP
057540036036-8329;057540036036;100mN31999E42256;SF;NA;3;0;S;F;0003;NEP
057540036036-8329;057540036036;100mN31999E42256;SF;NA;3;2;S;F;0003;NEP
057540036036-8330;057540036036;100mN32009E42279;S;NA;1;41;S;M;4049;EMP
057540036036-8331;057540036036;100mN32009E42279;MC;NA;3;33;M;M;3039;EMP
057540036036-8331;057540036036;100mN32009E42279;MC;NA;3;25;M;F;2529;NEP
057540036036-8331;057540036036;100mN32009E42279;MC;NA;3;7;S;F;0614;NEP
057540036036-8332;057540036036;100mN32009E42279;MC;NA;4;41;M;M;4049;EMP
057540036036-8332;057540036036;100mN32009E42279;MC;NA;4;34;M;F;3039;EMP
057540036036-8332;057540036036;100mN32009E42279;MC;NA;4;10;S;F;0614;NEP
057540036036-8332;057540036036;100mN32009E42279;MC;NA;4;25;M;F;2529;NEP
057540036036-8333;057540036036;100mN32009E42279;MC;OS;3;71;M;M;6574;EMP
057540036036-8333;057540036036;100mN32009E42279;MC;OS;3;67;M;F;6574;NEP
057540036036-8333;057540036036;100mN32009E42279;MC;OS;3;69;D;M;6574;NEP
057540036036-8334;057540036036;100mN32009E42279;MC;NA;3;36;M;F;3039;EMP
057540036036-8334;057540036036;100mN32009E42279;MC;NA;3;42;M;M;4049;EMP
057540036036-8334;057540036036;100mN32009E42279;MC;NA;3;9;S;F;0614;NEP
057540036036-8335;057540036036;100mN32009E42279;S;OS;1;43;D;F;4049;NEP
057540036036-8336;057540036036;100mN31999E42255;PO;NA;3;28;S;M;2529;EMP
057540036036-8336;057540036036;100mN31999E42255;PO;NA;3;27;S;M;2529;EMP
057540036036-8336;057540036036;100mN31999E42255;PO;NA;3;12;S;F;0614;NEP
057540036036-8337;057540036036;100mN32012E42227;MC;NA;2;53;M;M;5064;NEP
057540036036-8337;057540036036;100mN32012E42227;MC;NA;2;45;M;F;4049;NEP
057540036036-8338;057540036036;100mN32009E42279;MC;NA;3;30;M;F;3039;EMP
057540036036-8338;057540036036;100mN32009E42279;MC;NA;3;30;M;M;3039;EMP
057540036036-8338;057540036036;100mN32009E42279;MC;NA;3;3;S;F;0305;NEP
057540036036-8339;057540036036;100mN32009E42279;SF;NA;2;63;W;F;5064;NEP
057540036036-8339;057540036036;100mN32009E42279;SF;NA;2;3;S;F;0305;NEP
057540036036-8340;057540036036;100mN32009E42279;MC;OS;2;75;M;F;75XX;EMP
057540036036-8340;057540036036;100mN32009E42279;MC;OS;2;78;M;M;75XX;NEP
057540036036-8341;057540036036;100mN32009E42279;SF;MIX;2;76;W;F;75XX;NEP
057540036036-8341;057540036036;100mN32009E42279;SF;MIX;2;59;M;F;5064;NEP
057540036036-8342;057540036036;100mN32009E42279;MC;NA;4;34;M;M;3039;EMP
057540036036-8342;057540036036;100mN32009E42279;MC;NA;4;26;M;F;2529;NEP
057540036036-8342;057540036036;100mN32009E42279;MC;NA;4;18;D;M;1824;EMP
057540036036-8342;057540036036;100mN32009E42279;MC;NA;4;18;S;F;1824;EMP
057540036036-8343;057540036036;100mN32009E42279;PO;NA;4;31;S;M;3039;EMP
057540036036-8343;057540036036;100mN32009E42279;PO;NA;4;22;S;F;1824;NEP
057540036036-8343;057540036036;100mN32009E42279;PO;NA;4;12;S;F;0614;NEP
057540036036-8343;057540036036;100mN32009E42279;PO;NA;4;4;S;M;0305;NEP
057540036036-8344;057540036036;100mN32009E42279;MC;NA;5;26;M;M;2529;EMP
057540036036-8344;057540036036;100mN32009E42279;MC;NA;5;26;M;F;2529;EMP
057540036036-8344;057540036036;100mN32009E42279;MC;NA;5;2;S;F;0003;NEP
057540036036-8344;057540036036;100mN32009E42279;MC;NA;5;6;S;M;0614;NEP
057540036036-8344;057540036036;100mN32009E42279;MC;NA;5;7;S;M;0614;NEP
057540036036-8345;057540036036;100mN32018E42228;S;NA;1;21;M;M;1824;EMP
057540036036-8346;057540036036;100mN32018E42228;S;OS;1;20;M;F;1824;NEP
057540036036-8347;057540036036;100mN32022E42249;S;NA;1;25;W;M;2529;EMP
057540036036-8348;057540036036;100mN32018E42228;SM;NA;2;16;S;M;1517;EMP
057540036036-8348;057540036036;100mN32018E42228;SM;NA;2;0;S;M;0003;NEP
057540036036-8349;057540036036;100mN32004E42281;S;NA;1;48;S;F;4049;NEP
057540036036-8350;057540036036;100mN32008E42281;S;NA;1;50;W;M;5064;EMP
057540036036-8351;057540036036;100mN32010E42286;MC;NA;4;33;M;F;3039;NEP
057540036036-8351;057540036036;100mN32010E42286;MC;NA;4;31;M;M;3039;EMP
057540036036-8351;057540036036;100mN32010E42286;MC;NA;4;7;S;M;0614;NEP
057540036036-8351;057540036036;100mN32010E42286;MC;NA;4;2;S;F;0003;NEP
057540036036-8352;057540036036;100mN32009E42250;PO;NA;3;62;S;M;5064;NEP
057540036036-8352;057540036036;100mN32009E42250;PO;NA;3;56;S;F;5064;NEP
057540036036-8352;057540036036;100mN32009E42250;PO;NA;3;35;M;M;3039;NEP
057540036036-8353;057540036036;100mN31995E42254;S;NA;1;61;D;F;5064;EMP
057540036036-8354;057540036036;100mN32018E42246;MC;NA;2;41;M;M;4049;NEP
057540036036-8354;057540036036;100mN32018E42246;MC;NA;2;46;M;F;4049;EMP
057540036036-8355;057540036036;100mN32018E42246;MC;NA;3;35;M;M;3039;EMP
057540036036-8355;057540036036;100mN32018E42246;MC;NA;3;37;M;F;3039;EMP
057540036036-8355;057540036036;100mN32018E42246;MC;NA;3;20;D;M;1824;NEP
057540036036-8356;057540036036;100mN32018E42246;MC;NA;3;51;M;F;5064;EMP
057540036036-8356;057540036036;100mN32018E42246;MC;NA;3;59;M;M;5064;EMP
057540036036-8356;057540036036;100mN32018E42246;MC;NA;3;11;S;M;0614;NEP
057540036036-8357;057540036036;100mN32018E42246;MC;NA;2;38;M;M;3039;EMP
057540036036-8357;057540036036;100mN32018E42246;MC;NA;2;32;M;F;3039;EMP
057540036036-8358;057540036036;100mN32018E42246;S;NA;1;82;W;F;75XX;NEP
057540036036-8359;057540036036;100mN31961E42307;S;NA;1;28;S;F;2529;EMP
057540036036-8360;057540036036;100mN31990E42259;S;NA;1;25;D;M;2529;EMP
057540036036-8361;057540036036;100mN32018E42246;MC;NA;2;37;M;F;3039;NEP
057540036036-8361;057540036036;100mN32018E42246;MC;NA;2;38;M;M;3039;EMP
057540036036-8362;057540036036;100mN32018E42246;SF;NA;2;54;W;F;5064;NEP
057540036036-8362;057540036036;100mN32018E42246;SF;NA;2;7;S;M;0614;NEP
057540036036-8363;057540036036;100mN32018E42246;S;NA;1;26;D;F;2529;NEP
057540036036-8364;057540036036;100mN32018E42246;MC;NA;5;50;M;M;5064;EMP
057540036036-8364;057540036036;100mN32018E42246;MC;NA;5;54;M;F;5064;NEP
057540036036-8364;057540036036;100mN32018E42246;MC;NA;5;1;S;M;0003;NEP
057540036036-8364;057540036036;100mN32018E42246;MC;NA;5;7;S;M;0614;NEP
057540036036-8364;057540036036;100mN32018E42246;MC;NA;5;4;S;M;0305;NEP
057540036036-8365;057540036036;100mN32018E42246;SF;NA;2;27;D;F;2529;EMP
057540036036-8365;057540036036;100mN32018E42246;SF;NA;2;4;S;F;0305;NEP
057540036036-8366;057540036036;100mN32018E42246;MC;NA;4;34;M;M;3039;EMP
057540036036-8366;057540036036;100mN32018E42246;MC;NA;4;34;M;F;3039;EMP
057540036036-8366;057540036036;100mN32018E42246;MC;NA;4;15;S;M;1517;EMP
057540036036-8366;057540036036;100mN32018E42246;MC;NA;4;8;S;M;0614;NEP
057540036036-8367;057540036036;100mN32018E42246;MC;NA;3;32;M;F;3039;EMP
057540036036-8367;057540036036;100mN32018E42246;MC;NA;3;33;M;M;3039;EMP
057540036036-8367;057540036036;100mN32018E42246;MC;NA;3;4;S;F;0305;NEP
057540036036-8368;057540036036;100mN32018E42246;S;OS;1;40;W;F;4049;NEP
057540036036-8369;057540036036;100mN32007E42282;NA;OS;3;65;S;F;6574;EMP
057540036036-8369;057540036036;100mN32007E42282;NA;OS;3;84;W;F;75XX;EMP
057540036036-8369;057540036036;100mN32007E42282;NA;OS;3;54;M;M;5064;EMP
057540036036-8370;057540036036;100mN32001E42298;MC;NA;3;44;M;M;4049;NEP
057540036036-8370;057540036036;100mN32001E42298;MC;NA;3;45;M;F;4049;NEP
057540036036-8370;057540036036;100mN32001E42298;MC;NA;3;27;M;F;2529;NEP
057540036036-8371;057540036036;100mN32001E42298;SF;MIX;5;80;M;F;75XX;EMP
057540036036-8371;057540036036;100mN32001E42298;SF;MIX;5;40;D;F;4049;EMP
057540036036-8371;057540036036;100mN32001E42298;SF;MIX;5;13;S;M;0614;NEP
057540036036-8371;057540036036;100mN32001E42298;SF;MIX;5;15;S;M;1517;NEP
057540036036-8371;057540036036;100mN32001E42298;SF;MIX;5;10;S;M;0614;NEP
057540036036-8372;057540036036;100mN31973E42278;MC;MIX;5;83;S;F;75XX;NEP
057540036036-8372;057540036036;100mN31973E42278;MC;MIX;5;22;M;F;1824;NEP
057540036036-8372;057540036036;100mN31973E42278;MC;MIX;5;30;M;M;3039;EMP
057540036036-8372;057540036036;100mN31973E42278;MC;MIX;5;2;S;F;0003;NEP
057540036036-8372;057540036036;100mN31973E42278;MC;MIX;5;4;S;F;0305;NEP
057540036036-8373;057540036036;100mN31973E42278;S;NA;1;35;D;F;3039;EMP
057540036036-8374;057540036036;100mN31973E42278;MC;NA;4;19;M;M;1824;UEP
057540036036-8374;057540036036;100mN31973E42278;MC;NA;4;18;M;F;1824;EMP
057540036036-8374;057540036036;100mN31973E42278;MC;NA;4;4;S;F;0305;NEP
057540036036-8374;057540036036;100mN31973E42278;MC;NA;4;4;S;F;0305;NEP
057540036036-8375;057540036036;100mN31999E42258;MC;OS;4;70;M;F;6574;NEP
057540036036-8375;057540036036;100mN31999E42258;MC;OS;4;71;M;M;6574;UEP
057540036036-8375;057540036036;100mN31999E42258;MC;OS;4;66;S;M;6574;EMP
057540036036-8375;057540036036;100mN31999E42258;MC;OS;4;83;S;M;75XX;NEP
057540036036-8376;057540036036;100mN31972E42259;SF;NA;4;40;W;F;4049;EMP
057540036036-8376;057540036036;100mN31972E42259;SF;NA;4;3;S;F;0305;NEP
057540036036-8376;057540036036;100mN31972E42259;SF;NA;4;8;S;F;0614;NEP
057540036036-8376;057540036036;100mN31972E42259;SF;NA;4;2;S;M;0003;NEP
057540036036-8377;057540036036;100mN31972E42259;MC;NA;5;55;M;F;5064;EMP
057540036036-8377;057540036036;100mN31972E42259;MC;NA;5;57;M;M;5064;EMP
057540036036-8377;057540036036;100mN31972E42259;MC;NA;5;21;M;F;1824;NEP
057540036036-8377;057540036036;100mN31972E42259;MC;NA;5;15;S;M;1517;NEP
057540036036-8377;057540036036;100mN31972E42259;MC;NA;5;6;S;M;0614;NEP
057540036036-8378;057540036036;100mN31972E42259;PO;NA;2;18;S;F;1824;NEP
057540036036-8378;057540036036;100mN31972E42259;PO;NA;2;21;S;M;1824;NEP
057540036036-8379;057540036036;100mN31972E42259;MC;OS;2;72;M;M;6574;EMP
057540036036-8379;057540036036;100mN31972E42259;MC;OS;2;71;M;F;6574;NEP
057540036036-8380;057540036036;100mN31972E42259;S;NA;1;21;M;F;1824;EMP
057540036036-8381;057540036036;100mN31965E42255;MC;NA;2;46;M;M;4049;EMP
057540036036-8381;057540036036;100mN31965E42255;MC;NA;2;40;M;F;4049;NEP
057540036036-8382;057540036036;100mN31965E42255;S;NA;1;79;M;F;75XX;EMP
057540036036-8383;057540036036;100mN31965E42255;MC;NA;6;59;M;F;5064;NEP
057540036036-8383;057540036036;100mN31965E42255;MC;NA;6;62;M;M;5064;EMP
057540036036-8383;057540036036;100mN31965E42255;MC;NA;6;32;M;M;3039;EMP
057540036036-8383;057540036036;100mN31965E42255;MC;NA;6;13;S;M;0614;NEP
057540036036-8383;057540036036;100mN31965E42255;MC;NA;6;13;S;M;0614;NEP
057540036036-8383;057540036036;100mN31965E42255;MC;NA;6;10;S;F;0614;NEP
057540036036-8384;057540036036;100mN31973E42270;MC;NA;6;54;M;M;5064;EMP
057540036036-8384;057540036036;100mN31973E42270;MC;NA;6;47;M;F;4049;EMP
057540036036-8384;057540036036;100mN31973E42270;MC;NA;6;8;S;M;0614;NEP
057540036036-8384;057540036036;100mN31973E42270;MC;NA;6;15;S;F;1517;NEP
057540036036-8384;057540036036;100mN31973E42270;MC;NA;6;11;S;M;0614;NEP
057540036036-8384;057540036036;100mN31973E42270;MC;NA;6;2;S;F;0003;NEP
057540036036-8385;057540036036;100mN32007E42282;MC;NA;5;32;M;M;3039;EMP
057540036036-8385;057540036036;100mN32007E42282;MC;NA;5;23;M;F;1824;EMP
057540036036-8385;057540036036;100mN32007E42282;MC;NA;5;16;S;F;1517;EMP
057540036036-8385;057540036036;100mN32007E42282;MC;NA;5;6;S;M;0614;NEP
057540036036-8385;057540036036;100mN32007E42282;MC;NA;5;12;S;F;0614;NEP
057540036036-8386;057540036036;100mN31973E42270;MC;OS;2;68;M;M;6574;NEP
057540036036-8386;057540036036;100mN31973E42270;MC;OS;2;88;M;F;75XX;EMP
057540036036-8387;057540036036;100mN31990E42261;S;OS;1;28;W;F;2529;EMP
057540036036-8388;057540036036;100mN31973E42270;PO;NA;3;35;S;M;3039;EMP
057540036036-8388;057540036036;100mN31973E42270;PO;NA;3;27;S;F;2529;EMP
057540036036-8388;057540036036;100mN31973E42270;PO;NA;3;16;S;M;1517;EMP
057540036036-8389;057540036036;100mN31973E42298;MC;OS;2;83;M;F;75XX;EMP
057540036036-8389;057540036036;100mN31973E42298;MC;OS;2;32;M;F;3039;EMP
057540036036-8390;057540036036;100mN32008E42289;MC;OS;4;79;M;M;75XX;EMP
057540036036-8390;057540036036;100mN32008E42289;MC;OS;4;77;M;F;75XX;NEP
057540036036-8390;057540036036;100mN32008E42289;MC;OS;4;83;S;M;75XX;NEP
057540036036-8390;057540036036;100mN32008E42289;MC;OS;4;87;D;F;75XX;EMP
057540036036-8391;057540036036;100mN31992E42256;PO;OS;2;79;S;M;75XX;EMP
057540036036-8391;057540036036;100mN31992E42256;PO;OS;2;76;S;F;75XX;EMP
057540036036-8392;057540036036;100mN31992E42256;MC;MIX;2;71;M;F;6574;EMP
057540036036-8392;057540036036;100mN31992E42256;MC;MIX;2;27;S;M;2529;EMP
057540036036-8393;057540036036;100mN31992E42256;MC;MIX;6;73;M;M;6574;NEP
057540036036-8393;057540036036;100mN31992E42256;MC;MIX;6;48;M;M;4049;NEP
057540036036-8393;057540036036;100mN31992E42256;MC;MIX;6;48;M;F;4049;EMP
057540036036-8393;057540036036;100mN31992E42256;MC;MIX;6;27;M;M;2529;NEP
057540036036-8393;057540036036;100mN31992E42256;MC;MIX;6;20;D;F;1824;EMP
057540036036-8393;057540036036;100mN31992E42256;MC;MIX;6;8;S;F;0614;NEP
057540036036-8394;057540036036;100mN31963E42306;MC;MIX;5;84;W;M;75XX;EMP
057540036036-8394;057540036036;100mN31963E42306;MC;MIX;5;56;M;M;5064;EMP
057540036036-8394;057540036036;100mN31963E42306;MC;MIX;5;47;M;F;4049;EMP
057540036036-8394;057540036036;100mN31963E42306;MC;MIX;5;16;S;F;1517;EMP
057540036036-8394;057540036036;100mN31963E42306;MC;MIX;5;15;S;M;1517;EMP
057540036036-8395;057540036036;100mN31992E42256;S;OS;1;53;M;M;5064;EMP
057540036036-8396;057540036036;100mN31990E42259;S;NA;1;25;D;M;2529;EMP
057540036036-8397;057540036036;100mN31992E42256;MC;NA;3;63;M;M;5064;EMP
057540036036-8397;057540036036;100mN31992E42256;MC;NA;3;43;S;F;4049;NEP
057540036036-8397;057540036036;100mN31992E42256;MC;NA;3;32;S;F;3039;EMP
057540036036-8398;057540036036;100mN31992E42256;S;NA;1;40;M;M;4049;EMP
057540036036-8399;057540036036;100mN31992E42256;MC;NA;3;41;M;F;4049;EMP
057540036036-8399;057540036036;100mN31992E42256;MC;NA;3;40;M;M;4049;NEP
057540036036-8399;057540036036;100mN31992E42256;MC;NA;3;3;S;F;0305;NEP
057540036036-8400;057540036036;100mN31992E42256;S;NA;1;72;S;F;6574;NEP
057540036036-8401;057540036036;100mN32012E42227;MC;NA;2;53;M;M;5064;NEP
057540036036-8401;057540036036;100mN32012E42227;MC;NA;2;45;M;F;4049;NEP
057540036036-8402;057540036036;100mN32012E42227;MC;NA;3;43;M;F;4049;NEP
057540036036-8402;057540036036;100mN32012E42227;MC;NA;3;52;M;M;5064;NEP
057540036036-8402;057540036036;100mN32012E42227;MC;NA;3;16;S;F;1517;EMP
057540036036-8403;057540036036;100mN32012E42227;MC;NA;2;35;M;M;3039;EMP
057540036036-8403;057540036036;100mN32012E42227;MC;NA;2;42;M;F;4049;EMP
057540036036-8404;057540036036;100mN32012E42227;MC;NA;3;54;M;M;5064;EMP
057540036036-8404;057540036036;100mN32012E42227;MC;NA;3;45;M;F;4049;NEP
057540036036-8404;057540036036;100mN32012E42227;MC;NA;3;33;S;M;3039;NEP
057540036036-8405;057540036036;100mN32005E42282;S;OS;1;35;S;M;3039;NEP
057540036036-8406;057540036036;100mN32004E42281;MC;NA;4;48;M;M;4049;UEP
057540036036-8406;057540036036;100mN32004E42281;MC;NA;4;41;M;F;4049;EMP
057540036036-8406;057540036036;100mN32004E42281;MC;NA;4;10;S;F;0614;NEP
057540036036-8406;057540036036;100mN32004E42281;MC;NA;4;25;W;F;2529;EMP
057540036036-8407;057540036036;100mN32012E42227;S;NA;1;23;M;F;1824;EMP
057540036036-8408;057540036036;100mN32012E42227;MC;NA;2;48;M;M;4049;EMP
057540036036-8408;057540036036;100mN32012E42227;MC;NA;2;42;M;F;4049;EMP
057540036036-8409;057540036036;100mN32007E42285;MC;NA;3;26;M;M;2529;EMP
057540036036-8409;057540036036;100mN32007E42285;MC;NA;3;18;M;F;1824;EMP
057540036036-8409;057540036036;100mN32007E42285;MC;NA;3;7;S;F;0614;NEP
057540036036-8410;057540036036;100mN32012E42227;S;NA;1;33;M;F;3039;NEP
057540036036-8411;057540036036;100mN31999E42288;S;NA;1;50;M;F;5064;EMP
057540036036-8412;057540036036;100mN32012E42227;MC;NA;3;38;M;M;3039;EMP
057540036036-8412;057540036036;100mN32012E42227;MC;NA;3;32;M;F;3039;NEP
057540036036-8412;057540036036;100mN32012E42227;MC;NA;3;13;S;M;0614;NEP
057540036036-8413;057540036036;100mN32012E42227;MC;MIX;3;73;M;M;6574;NEP
057540036036-8413;057540036036;100mN32012E42227;MC;MIX;3;33;M;F;3039;NEP
057540036036-8413;057540036036;100mN32012E42227;MC;MIX;3;32;M;M;3039;NEP
057540036036-8414;057540036036;100mN32012E42227;MC;NA;3;52;M;F;5064;NEP
057540036036-8414;057540036036;100mN32012E42227;MC;NA;3;52;M;M;5064;EMP
057540036036-8414;057540036036;100mN32012E42227;MC;NA;3;15;S;M;1517;EMP
057540036036-8415;057540036036;100mN32012E42227;MC;NA;2;27;M;F;2529;NEP
057540036036-8415;057540036036;100mN32012E42227;MC;NA;2;35;M;M;3039;EMP
057540036036-8416;057540036036;100mN32012E42227;MC;NA;6;33;M;M;3039;EMP
057540036036-8416;057540036036;100mN32012E42227;MC;NA;6;18;M;F;1824;EMP
057540036036-8416;057540036036;100mN32012E42227;MC;NA;6;6;S;F;0614;NEP
057540036036-8416;057540036036;100mN32012E42227;MC;NA;6;10;S;M;0614;NEP
057540036036-8416;057540036036;100mN32012E42227;MC;NA;6;18;M;F;1824;EMP
057540036036-8416;057540036036;100mN32012E42227;MC;NA;6;15;S;M;1517;NEP
057540036036-8417;057540036036;100mN32012E42227;NA;NA;5;27;S;M;2529;EMP
057540036036-8417;057540036036;100mN32012E42227;NA;NA;5;27;S;M;2529;EMP
057540036036-8417;057540036036;100mN32012E42227;NA;NA;5;19;S;M;1824;NEP
057540036036-8417;057540036036;100mN32012E42227;NA;NA;5;72;M;M;6574;EMP
057540036036-8417;057540036036;100mN32012E42227;NA;NA;5;87;M;F;75XX;EMP
057540036036-8418;057540036036;100mN32007E42282;PO;NA;4;47;S;M;4049;EMP
057540036036-8418;057540036036;100mN32007E42282;PO;NA;4;38;S;M;3039;EMP
057540036036-8418;057540036036;100mN32007E42282;PO;NA;4;10;S;M;0614;NEP
057540036036-8418;057540036036;100mN32007E42282;PO;NA;4;15;S;M;1517;EMP
057540036036-8419;057540036036;100mN32009E42288;MC;NA;3;53;M;F;5064;EMP
057540036036-8419;057540036036;100mN32009E42288;MC;NA;3;59;M;M;5064;NEP
057540036036-8419;057540036036;100mN32009E42288;MC;NA;3;9;S;M;0614;NEP
057540036036-8420;057540036036;100mN31973E42255;NA;NA;6;40;S;M;4049;EMP
057540036036-8420;057540036036;100mN31973E42255;NA;NA;6;62;M;F;5064;EMP
057540036036-8420;057540036036;100mN31973E42255;NA;NA;6;47;M;M;4049;EMP
057540036036-8420;057540036036;100mN31973E42255;NA;NA;6;52;W;F;5064;NEP
057540036036-8420;057540036036;100mN31973E42255;NA;NA;6;38;W;F;3039;EMP
057540036036-8420;057540036036;100mN31973E42255;NA;NA;6;41;W;F;4049;NEP
057540036036-8421;057540036036;100mN32008E42289;MC;NA;2;62;M;M;5064;EMP
057540036036-8421;057540036036;100mN32008E42289;MC;NA;2;62;M;F;5064;NEP
057540036036-8422;057540036036;100mN32005E42254;MC;OS;3;78;M;F;75XX;NEP
057540036036-8422;057540036036;100mN32005E42254;MC;OS;3;80;M;M;75XX;EMP
057540036036-8422;057540036036;100mN32005E42254;MC;OS;3;89;S;F;75XX;EMP
057540036036-8423;057540036036;100mN32009E42288;MC;NA;4;60;M;M;5064;NEP
057540036036-8423;057540036036;100mN32009E42288;MC;NA;4;60;M;F;5064;EMP
057540036036-8423;057540036036;100mN32009E42288;MC;NA;4;6;S;M;0614;NEP
057540036036-8423;057540036036;100mN32009E42288;MC;NA;4;33;S;M;3039;UEP
057540036036-8424;057540036036;100mN32009E42288;MC;OS;2;79;M;F;75XX;EMP
057540036036-8424;057540036036;100mN32009E42288;MC;OS;2;86;M;M;75XX;EMP
057540036036-8425;057540036036;100mN32006E42233;MC;NA;4;40;M;F;4049;EMP
057540036036-8425;057540036036;100mN32006E42233;MC;NA;4;43;M;M;4049;EMP
057540036036-8425;057540036036;100mN32006E42233;MC;NA;4;9;S;F;0614;NEP
057540036036-8425;057540036036;100mN32006E42233;MC;NA;4;13;S;M;0614;NEP
057540036036-8426;057540036036;100mN32014E42289;S;OS;1;28;D;F;2529;EMP
057540036036-8427;057540036036;100mN32009E42288;S;OS;1;16;S;F;1517;NEP
057540036036-8428;057540036036;100mN32009E42288;S;OS;1;35;M;M;3039;EMP
057540036036-8429;057540036036;100mN32009E42288;S;NA;1;52;M;M;5064;EMP
057540036036-8430;057540036036;100mN32009E42288;MC;NA;6;44;M;F;4049;NEP
057540036036-8430;057540036036;100mN32009E42288;MC;NA;6;51;M;M;5064;EMP
057540036036-8430;057540036036;100mN32009E42288;MC;NA;6;16;S;M;1517;NEP
057540036036-8430;057540036036;100mN32009E42288;MC;NA;6;6;S;M;0614;NEP
057540036036-8430;057540036036;100mN32009E42288;MC;NA;6;12;S;F;0614;NEP
057540036036-8430;057540036036;100mN32009E42288;MC;NA;6;4;S;M;0305;NEP
057540036036-8431;057540036036;100mN32009E42288;SF;NA;2;60;S;F;5064;EMP
057540036036-8431;057540036036;100mN32009E42288;SF;NA;2;44;S;M;4049;EMP
057540036036-8432;057540036036;100mN32009E42288;S;NA;1;25;M;M;2529;EMP
057540036036-8433;057540036036;100mN32009E42288;MC;NA;2;19;M;M;1824;NEP
057540036036-8433;057540036036;100mN32009E42288;MC;NA;2;18;M;F;1824;EMP
057540036036-8434;057540036036;100mN32009E42288;MC;NA;5;47;M;M;4049;UEP
057540036036-8434;057540036036;100mN32009E42288;MC;NA;5;51;M;F;5064;NEP
057540036036-8434;057540036036;100mN32009E42288;MC;NA;5;4;S;M;0305;NEP
057540036036-8434;057540036036;100mN32009E42288;MC;NA;5;27;S;F;2529;EMP
057540036036-8434;057540036036;100mN32009E42288;MC;NA;5;16;S;F;1517;NEP
057540036036-8435;057540036036;100mN31976E42245;MC;MIX;2;89;M;F;75XX;NEP
057540036036-8435;057540036036;100mN31976E42245;MC;MIX;2;34;S;M;3039;EMP
057540036036-8436;057540036036;100mN31976E42245;SF;NA;3;89;S;F;75XX;EMP
057540036036-8436;057540036036;100mN31976E42245;SF;NA;3;0;S;M;0003;NEP
057540036036-8436;057540036036;100mN31976E42245;SF;NA;3;3;S;M;0305;NEP
057540036036-8437;057540036036;100mN31961E42266;SF;NA;4;60;W;F;5064;NEP
057540036036-8437;057540036036;100mN31961E42266;SF;NA;4;25;W;M;2529;EMP
057540036036-8437;057540036036;100mN31961E42266;SF;NA;4;10;S;M;0614;NEP
057540036036-8437;057540036036;100mN31961E42266;SF;NA;4;15;S;F;1517;EMP
057540036036-8438;057540036036;100mN31968E42255;MC;OS;2;83;M;M;75XX;EMP
057540036036-8438;057540036036;100mN31968E42255;MC;OS;2;28;S;M;2529;EMP
057540036036-8439;057540036036;100mN31968E42255;SF;NA;3;40;W;F;4049;EMP
057540036036-8439;057540036036;100mN31968E42255;SF;NA;3;23;W;F;1824;NEP
057540036036-8439;057540036036;100mN31968E42255;SF;NA;3;22;D;M;1824;EMP
057540036036-8440;057540036036;100mN31968E42255;S;NA;1;41;S;M;4049;EMP
057540036036-8441;057540036036;100mN31962E42302;S;NA;1;57;S;M;5064;EMP
057540036036-8442;057540036036;100mN31968E42255;PO;NA;4;20;S;M;1824;NEP
057540036036-8442;057540036036;100mN31968E42255;PO;NA;4;18;S;M;1824;EMP
057540036036-8442;057540036036;100mN31968E42255;PO;NA;4;1;S;M;0003;NEP
057540036036-8442;057540036036;100mN31968E42255;PO;NA;4;0;S;M;0003;NEP
057540036036-8443;057540036036;100mN32009E42253;MC;NA;4;34;M;M;3039;EMP
057540036036-8443;057540036036;100mN32009E42253;MC;NA;4;35;M;F;3039;EMP
057540036036-8443;057540036036;100mN32009E42253;MC;NA;4;18;D;M;1824;EMP
057540036036-8443;057540036036;100mN32009E42253;MC;NA;4;11;S;F;0614;NEP
057540036036-8444;057540036036;100mN32009E42253;MC;OS;4;71;M;M;6574;EMP
057540036036-8444;057540036036;100mN32009E42253;MC;OS;4;69;M;F;6574;NEP
057540036036-8444;057540036036;100mN32009E42253;MC;OS;4;72;W;F;6574;EMP
057540036036-8444;057540036036;100mN32009E42253;MC;OS;4;70;M;M;6574;EMP
057540036036-8445;057540036036;100mN32009E42253;S;NA;1;61;S;M;5064;NEP
057540036036-8446;057540036036;100mN32008E42286;MC;NA;2;32;M;F;3039;NEP
057540036036-8446;057540036036;100mN32008E42286;MC;NA;2;32;M;M;3039;EMP
057540036036-8447;057540036036;100mN32008E42286;MC;MIX;6;69;W;F;6574;EMP
057540036036-8447;057540036036;100mN32008E42286;MC;MIX;6;61;M;F;5064;EMP
057540036036-8447;057540036036;100mN32008E42286;MC;MIX;6;61;M;M;5064;EMP
057540036036-8447;057540036036;100mN32008E42286;MC;MIX;6;3;S;F;0305;NEP
057540036036-8447;057540036036;100mN32008E42286;MC;MIX;6;10;S;M;0614;NEP
057540036036-8447;057540036036;100mN32008E42286;MC;MIX;6;15;S;M;1517;NEP
057540036036-8448;057540036036;100mN32008E42286;MC;OS;6;88;M;F;75XX;EMP
057540036036-8448;057540036036;100mN32008E42286;MC;OS;6;89;M;M;75XX;EMP
057540036036-8448;057540036036;100mN32008E42286;MC;OS;6;76;M;F;75XX;EMP
057540036036-8448;057540036036;100mN32008E42286;MC;OS;6;77;M;F;75XX;EMP
057540036036-8448;057540036036;100mN32008E42286;MC;OS;6;65;W;F;6574;EMP
057540036036-8448;057540036036;100mN32008E42286;MC;OS;6;87;M;M;75XX;NEP
057540036036-8449;057540036036;100mN32009E42287;MC;NA;2;42;M;F;4049;NEP
057540036036-8449;057540036036;100mN32009E42287;MC;NA;2;47;M;M;4049;NEP
057540036036-8450;057540036036;100mN32009E42287;MC;NA;2;38;M;M;3039;NEP
057540036036-8450;057540036036;100mN32009E42287;MC;NA;2;38;M;F;3039;NEP
057540036036-8451;057540036036;100mN32009E42287;MC;NA;2;20;M;F;1824;NEP
057540036036-8451;057540036036;100mN32009E42287;MC;NA;2;28;M;M;2529;EMP
057540036036-8452;057540036036;100mN31995E42255;SF;MIX;4;86;S;F;75XX;EMP
057540036036-8452;057540036036;100mN31995E42255;SF;MIX;4;30;D;F;3039;EMP
057540036036-8452;057540036036;100mN31995E42255;SF;MIX;4;0;S;M;0003;NEP
057540036036-8452;057540036036;100mN31995E42255;SF;MIX;4;9;S;F;0614;NEP
057540036036-8453;057540036036;100mN32009E42287;PO;NA;3;57;S;M;5064;EMP
057540036036-8453;057540036036;100mN32009E42287;PO;NA;3;59;S;F;5064;NEP
057540036036-8453;057540036036;100mN32009E42287;PO;NA;3;10;S;F;0614;NEP
057540036036-8454;057540036036;100mN32010E42277;MC;NA;2;31;M;F;3039;EMP
057540036036-8454;057540036036;100mN32010E42277;MC;NA;2;31;M;M;3039;EMP
057540036036-8455;057540036036;100mN32009E42287;MC;NA;2;30;M;M;3039;EMP
057540036036-8455;057540036036;100mN32009E42287;MC;NA;2;28;M;F;2529;EMP
057540036036-8456;057540036036;100mN32009E42287;S;NA;1;71;M;M;6574;NEP
057540036036-8457;057540036036;100mN32009E42287;PO;NA;2;51;S;M;5064;NEP
057540036036-8457;057540036036;100mN32009E42287;PO;NA;2;44;S;M;4049;EMP
057540036036-8458;057540036036;100mN31992E42279;PO;NA;2;28;S;M;2529;EMP
057540036036-8458;057540036036;100mN31992E42279;PO;NA;2;26;S;M;2529;EMP
057540036036-8459;057540036036;100mN31992E42279;MC;NA;2;61;M;F;5064;EMP
057540036036-8459;057540036036;100mN31992E42279;MC;NA;2;63;M;M;5064;EMP
057540036036-8460;057540036036;100mN31992E42279;MC;OS;2;73;M;M;6574;NEP
057540036036-8460;057540036036;100mN31992E42279;MC;OS;2;75;M;F;75XX;NEP
057540036036-8461;057540036036;100mN31992E42279;S;OS;1;33;D;M;3039;EMP
057540036036-8462;057540036036;100mN31992E42279;S;NA;1;19;S;M;1824;EMP
057540036036-8463;057540036036;100mN32003E42256;S;NA;1;46;M;F;4049;NEP
057540036036-8464;057540036036;100mN32003E42256;MC;OS;2;66;M;M;6574;EMP
057540036036-8464;057540036036;100mN32003E42256;MC;OS;2;81;M;F;75XX;EMP
057540036036-8465;057540036036;100mN32003E42256;MC;NA;5;55;M;F;5064;EMP
057540036036-8465;057540036036;100mN32003E42256;MC;NA;5;59;M;M;5064;EMP
057540036036-8465;057540036036;100mN32003E42256;MC;NA;5;21;S;F;1824;NEP
057540036036-8465;057540036036;100mN32003E42256;MC;NA;5;16;S;M;1517;EMP
057540036036-8465;057540036036;100mN32003E42256;MC;NA;5;28;M;M;2529;EMP
057540036036-8466;057540036036;100mN32003E42256;MC;OS;2;82;M;M;75XX;NEP
057540036036-8466;057540036036;100mN32003E42256;MC;OS;2;73;M;F;6574;NEP
057540036036-8467;057540036036;100mN31990E42261;S;NA;1;78;M;F;75XX;EMP
057540036036-8468;057540036036;100mN32003E42256;SF;NA;4;52;D;F;5064;NEP
057540036036-8468;057540036036;100mN32003E42256;SF;NA;4;7;S;M;0614;NEP
057540036036-8468;057540036036;100mN32003E42256;SF;NA;4;11;S;F;0614;NEP
057540036036-8468;057540036036;100mN32003E42256;SF;NA;4;27;M;M;2529;EMP
057540036036-8469;057540036036;100mN32003E42256;S;OS;1;48;S;M;4049;NEP
057540036036-8470;057540036036;100mN32003E42256;PO;OS;3;80;S;F;75XX;NEP
057540036036-8470;057540036036;100mN32003E42256;PO;OS;3;81;S;M;75XX;EMP
057540036036-8470;057540036036;100mN32003E42256;PO;OS;3;70;M;F;6574;NEP
057540036036-8471;057540036036;100mN32003E42256;S;NA;1;67;S;F;6574;NEP
057540036036-8472;057540036036;100mN32003E42256;SF;NA;5;59;D;F;5064;EMP
057540036036-8472;057540036036;100mN32003E42256;SF;NA;5;12;S;M;0614;NEP
057540036036-8472;057540036036;100mN32003E42256;SF;NA;5;7;S;M;0614;NEP
057540036036-8472;057540036036;100mN32003E42256;SF;NA;5;36;D;F;3039;NEP
057540036036-8472;057540036036;100mN32003E42256;SF;NA;5;36;M;M;3039;NEP
057540036036-8473;057540036036;100mN31964E42283;MC;OS;2;66;M;F;6574;EMP
057540036036-8473;057540036036;100mN31964E42283;MC;OS;2;66;M;M;6574;NEP
057540036036-8474;057540036036;100mN31964E42283;MC;OS;2;72;M;M;6574;EMP
057540036036-8474;057540036036;100mN31964E42283;MC;OS;2;73;M;F;6574;NEP
057540036036-8475;057540036036;100mN31964E42283;S;NA;1;46;M;M;4049;EMP
057540036036-8476;057540036036;100mN32018E42249;S;OS;1;21;S;F;1824;EMP
057540036036-8477;057540036036;100mN32018E42249;S;NA;1;56;D;F;5064;EMP
057540036036-8478;057540036036;100mN32018E42249;S;OS;1;68;D;F;6574;EMP
057540036036-8479;057540036036;100mN32018E42249;SF;NA;2;45;W;F;4049;NEP
057540036036-8479;057540036036;100mN32018E42249;SF;NA;2;6;S;F;0614;NEP
057540036036-8480;057540036036;100mN32018E42249;S;NA;1;36;M;M;3039;EMP
057540036036-8481;057540036036;100mN31979E42257;MC;MIX;2;89;M;F;75XX;EMP
057540036036-8481;057540036036;100mN31979E42257;MC;MIX;2;67;M;F;6574;NEP
057540036036-8482;057540036036;100mN32018E42249;NA;MIX;3;16;S;F;1517;EMP
057540036036-8482;057540036036;100mN32018E42249;NA;MIX;3;46;M;M;4049;NEP
057540036036-8482;057540036036;100mN32018E42249;NA;MIX;3;41;M;F;4049;NEP
057540036036-8483;057540036036;100mN32018E42249;MC;OS;4;73;M;F;6574;EMP
057540036036-8483;057540036036;100mN32018E42249;MC;OS;4;77;M;M;75XX;NEP
057540036036-8483;057540036036;100mN32018E42249;MC;OS;4;65;M;M;6574;EMP
057540036036-8483;057540036036;100mN32018E42249;MC;OS;4;86;W;F;75XX;NEP
057540036036-8484;057540036036;100mN32018E42249;S;NA;1;46;S;M;4049;NEP
057540036036-8485;057540036036;100mN32018E42249;MC;MIX;4;76;W;F;75XX;NEP
057540036036-8485;057540036036;100mN32018E42249;MC;MIX;4;20;M;F;1824;EMP
057540036036-8485;057540036036;100mN32018E42249;MC;MIX;4;21;M;M;1824;EMP
057540036036-8485;057540036036;100mN32018E42249;MC;MIX;4;3;S;M;0305;NEP
057540036036-8486;057540036036;100mN32018E42249;MC;NA;2;63;M;M;5064;EMP
057540036036-8486;057540036036;100mN32018E42249;MC;NA;2;61;M;F;5064;EMP
057540036036-8487;057540036036;100mN32018E42249;S;NA;1;63;W;M;5064;EMP
057540036036-8488;057540036036;100mN32018E42249;PO;NA;3;45;S;F;4049;EMP
057540036036-8488;057540036036;100mN32018E42249;PO;NA;3;47;S;M;4049;EMP
057540036036-8488;057540036036;100mN32018E42249;PO;NA;3;10;S;F;0614;NEP
057540036036-8489;057540036036;100mN32018E42249;MC;NA;2;57;M;M;5064;EMP
057540036036-8489;057540036036;100mN32018E42249;MC;NA;2;55;M;F;5064;NEP
057540036036-8490;057540036036;100mN32018E42249;S;OS;1;43;M;M;4049;EMP
057540036036-8491;057540036036;100mN32018E42250;S;NA;1;89;D;M;75XX;EMP
057540036036-8492;057540036036;100mN32004E42255;S;NA;1;18;M;M;1824;EMP
057540036036-8493;057540036036;100mN31955E42244;MC;NA;2;47;M;F;4049;NEP
057540036036-8493;057540036036;100mN31955E42244;MC;NA;2;60;M;M;5064;EMP
057540036036-8494;057540036036;100mN32004E42255;MC;MIX;2;72;M;M;6574;EMP
057540036036-8494;057540036036;100mN32004E42255;MC;MIX;2;30;M;M;3039;NEP
057540036036-8495;057540036036;100mN32004E42255;MC;NA;2;22;M;M;1824;EMP
057540036036-8495;057540036036;100mN32004E42255;MC;NA;2;18;M;F;1824;EMP
057540036036-8496;057540036036;100mN31995E42257;MC;NA;2;57;M;F;5064;EMP
057540036036-8496;057540036036;100mN31995E42257;MC;NA;2;62;M;M;5064;UEP
057540036036-8497;057540036036;100mN32006E42233;MC;NA;4;40;M;F;4049;EMP
057540036036-8497;057540036036;100mN32006E42233;MC;NA;4;43;M;M;4049;EMP
057540036036-8497;057540036036;100mN32006E42233;MC;NA;4;9;S;F;0614;NEP
057540036036-8497;057540036036;100mN32006E42233;MC;NA;4;13;S;M;0614;NEP
057540036036-8498;057540036036;100mN31973E42271;PO;NA;4;33;S;M;3039;NEP
057540036036-8498;057540036036;100mN31973E42271;PO;NA;4;33;S;F;3039;EMP
057540036036-8498;057540036036;100mN31973E42271;PO;NA;4;1;S;F;0003;NEP
057540036036-8498;057540036036;100mN31973E42271;PO;NA;4;9;S;F;0614;NEP
057540036036-8499;057540036036;100mN32008E42256;MC;NA;2;26;M;F;2529;EMP
057540036036-8499;057540036036;100mN32008E42256;MC;NA;2;27;M;M;2529;EMP
057540036036-8500;057540036036;100mN32008E42256;MC;NA;2;40;M;F;4049;EMP
057540036036-8500;057540036036;100mN32008E42256;MC;NA;2;42;M;M;4049;NEP
057540036036-8501;057540036036;100mN32008E42256;SF;NA;4;62;S;F;5064;EMP
057540036036-8501;057540036036;100mN32008E42256;SF;NA;4;41;M;F;4049;EMP
057540036036-8501;057540036036;100mN32008E42256;SF;NA;4;33;D;F;3039;NEP
057540036036-8501;057540036036;100mN32008E42256;SF;NA;4;6;S;F;0614;NEP
057540036036-8502;057540036036;100mN32008E42256;S;OS;1;58;M;F;5064;EMP
057540036036-8503;057540036036;100mN32008E42256;MC;NA;2;58;M;M;5064;EMP
057540036036-8503;057540036036;100mN32008E42256;MC;NA;2;54;M;F;5064;EMP
057540036036-8504;057540036036;100mN32008E42256;MC;OS;2;76;M;M;75XX;EMP
057540036036-8504;057540036036;100mN32008E42256;MC;OS;2;73;M;F;6574;NEP
057540036036-8505;057540036036;100mN32008E42256;MC;NA;3;33;M;M;3039;EMP
057540036036-8505;057540036036;100mN32008E42256;MC;NA;3;32;M;F;3039;EMP
057540036036-8505;057540036036;100mN32008E42256;MC;NA;3;15;S;F;1517;NEP
057540036036-8506;057540036036;100mN32008E42256;MC;NA;3;46;M;F;4049;EMP
057540036036-8506;057540036036;100mN32008E42256;MC;NA;3;47;M;M;4049;EMP
057540036036-8506;057540036036;100mN32008E42256;MC;NA;3;12;S;F;0614;NEP
057540036036-8507;057540036036;100mN32008E42256;MC;NA;3;58;M;M;5064;EMP
057540036036-8507;057540036036;100mN32008E42256;MC;NA;3;54;M;F;5064;EMP
057540036036-8507;057540036036;100mN32008E42256;MC;NA;3;2;S;F;0003;NEP
057540036036-8508;057540036036;100mN31995E42261;S;NA;1;18;D;F;1824;NEP
057540036036-8509;057540036036;100mN31995E42261;S;NA;1;50;M;M;5064;EMP
057540036036-8510;057540036036;100mN31995E42261;PO;NA;5;27;S;M;2529;EMP
057540036036-8510;057540036036;100mN31995E42261;PO;NA;5;18;S;F;1824;EMP
057540036036-8510;057540036036;100mN31995E42261;PO;NA;5;11;S;M;0614;NEP
057540036036-8510;057540036036;100mN31995E42261;PO;NA;5;0;S;M;0003;NEP
057540036036-8510;057540036036;100mN31995E42261;PO;NA;5;7;S;F;0614;NEP
057540036036-8511;057540036036;100mN31995E42261;S;NA;1;72;M;M;6574;EMP
057540036036-8512;057540036036;100mN31995E42261;MC;NA;4;22;M;M;1824;EMP
057540036036-8512;057540036036;100mN31995E42261;MC;NA;4;18;M;F;1824;EMP
057540036036-8512;057540036036;100mN31995E42261;MC;NA;4;4;S;F;0305;NEP
057540036036-8512;057540036036;100mN31995E42261;MC;NA;4;1;S;M;0003;NEP
057540036036-8513;057540036036;100mN31995E42261;S;OS;1;48;S;M;4049;EMP
057540036036-8514;057540036036;100mN32009E42291;MC;NA;3;34;M;M;3039;UEP
057540036036-8514;057540036036;100mN32009E42291;MC;NA;3;37;M;F;3039;EMP
057540036036-8514;057540036036;100mN32009E42291;MC;NA;3;9;S;M;0614;NEP
057540036036-8515;057540036036;100mN31995E42261;MC;NA;2;34;M;M;3039;EMP
057540036036-8515;057540036036;100mN31995E42261;MC;NA;2;26;M;F;2529;EMP
057540036036-8516;057540036036;100mN32018E42289;SF;NA;3;37;D;F;3039;EMP
057540036036-8516;057540036036;100mN32018E42289;SF;NA;3;16;S;F;1517;EMP
057540036036-8516;057540036036;100mN32018E42289;SF;NA;3;18;M;F;1824;NEP
057540036036-8517;057540036036;100mN31995E42261;MC;NA;3;46;M;M;4049;EMP
057540036036-8517;057540036036;100mN31995E42261;MC;NA;3;46;M;F;4049;EMP
057540036036-8517;057540036036;100mN31995E42261;MC;NA;3;4;S;M;0305;NEP
057540036036-8518;057540036036;100mN31999E42254;PO;NA;2;47;S;M;4049;UEP
057540036036-8518;057540036036;100mN31999E42254;PO;NA;2;48;S;F;4049;NEP
057540036036-8519;057540036036;100mN31973E42271;PO;NA;4;34;S;M;3039;EMP
057540036036-8519;057540036036;100mN31973E42271;PO;NA;4;36;S;M;3039;EMP
057540036036-8519;057540036036;100mN31973E42271;PO;NA;4;16;S;F;1517;EMP
057540036036-8519;057540036036;100mN31973E42271;PO;NA;4;13;S;F;0614;NEP
057540036036-8520;057540036036;100mN31993E42263;PO;OS;4;87;S;M;75XX;EMP
057540036036-8520;057540036036;100mN31993E42263;PO;OS;4;55;M;M;5064;NEP
057540036036-8520;057540036036;100mN31993E42263;PO;OS;4;69;S;M;6574;EMP
057540036036-8520;057540036036;100mN31993E42263;PO;OS;4;83;W;F;75XX;EMP
057540036036-8521;057540036036;100mN31993E42263;MC;NA;2;38;M;M;3039;EMP
057540036036-8521;057540036036;100mN31993E42263;MC;NA;2;35;M;F;3039;NEP
057540036036-8522;057540036036;100mN31993E42263;SF;MIX;2;87;W;F;75XX;EMP
057540036036-8522;057540036036;100mN31993E42263;SF;MIX;2;2;S;M;0003;NEP
057540036036-8523;057540036036;100mN31993E42263;PO;OS;4;88;S;F;75XX;EMP
057540036036-8523;057540036036;100mN31993E42263;PO;OS;4;89;S;M;75XX;EMP
057540036036-8523;057540036036;100mN31993E42263;PO;OS;4;67;M;M;6574;EMP
057540036036-8523;057540036036;100mN31993E42263;PO;OS;4;70;M;F;6574;EMP
057540036036-8524;057540036036;100mN31993E42263;MC;OS;5;65;M;F;6574;EMP
057540036036-8524;057540036036;100mN31993E42263;MC;OS;5;67;M;M;6574;NEP
057540036036-8524;057540036036;100mN31993E42263;MC;OS;5;86;M;F;75XX;EMP
057540036036-8524;057540036036;100mN31993E42263;MC;OS;5;71;S;M;6574;EMP
057540036036-8524;057540036036;100mN31993E42263;MC;OS;5;66;S;F;6574;NEP
057540036036-8525;057540036036;100mN31993E42263;S;NA;1;60;M;M;5064;EMP
057540036036-8526;057540036036;100mN32009E42280;MC;NA;2;33;M;F;3039;EMP
057540036036-8526;057540036036;100mN32009E42280;MC;NA;2;40;M;M;4049;EMP
057540036036-8527;057540036036;100mN31995E42265;MC;NA;4;41;M;M;4049;EMP
057540036036-8527;057540036036;100mN31995E42265;MC;NA;4;38;M;F;3039;NEP
057540036036-8527;057540036036;100mN31995E42265;MC;NA;4;2;S;M;0003;NEP
057540036036-8527;057540036036;100mN31995E42265;MC;NA;4;21;S;M;1824;EMP
057540036036-8528;057540036036;100mN32016E42288;MC;NA;3;59;M;F;5064;EMP
057540036036-8528;057540036036;100mN32016E42288;MC;NA;3;56;M;M;5064;NEP
057540036036-8528;057540036036;100mN32016E42288;MC;NA;3;20;S;F;1824;NEP
057540036036-8529;057540036036;100mN32009E42280;MC;NA;4;27;M;M;2529;NEP
057540036036-8529;057540036036;100mN32009E42280;MC;NA;4;25;M;F;2529;EMP
057540036036-8529;057540036036;100mN32009E42280;MC;NA;4;10;S;M;0614;NEP
057540036036-8529;057540036036;100mN32009E42280;MC;NA;4;6;S;F;0614;NEP
057540036036-8530;057540036036;100mN32009E42280;MC;MIX;5;67;S;F;6574;NEP
057540036036-8530;057540036036;100mN32009E42280;MC;MIX;5;31;M;F;3039;NEP
057540036036-8530;057540036036;100mN32009E42280;MC;MIX;5;28;M;M;2529;EMP
057540036036-8530;057540036036;100mN32009E42280;MC;MIX;5;0;S;M;0003;NEP
057540036036-8530;057540036036;100mN32009E42280;MC;MIX;5;1;S;F;0003;NEP
057540036036-8531;057540036036;100mN32010E42279;MC;NA;2;28;M;F;2529;NEP
057540036036-8531;057540036036;100mN32010E42279;MC;NA;2;28;M;M;2529;NEP
057540036036-8532;057540036036;100mN32007E42281;S;OS;1;60;S;M;5064;EMP
057540036036-8533;057540036036;100mN32009E42280;MC;NA;2;61;M;F;5064;EMP
057540036036-8533;057540036036;100mN32009E42280;MC;NA;2;58;M;M;5064;EMP
057540036036-8534;057540036036;100mN32005E42282;MC;MIX;4;69;M;M;6574;UEP
057540036036-8534;057540036036;100mN32005E42282;MC;MIX;4;25;M;F;2529;NEP
057540036036-8534;057540036036;100mN32005E42282;MC;MIX;4;28;M;M;2529;NEP
057540036036-8534;057540036036;100mN32005E42282;MC;MIX;4;9;S;M;0614;NEP
057540036036-8535;057540036036;100mN32004E42259;SF;NA;2;66;S;F;6574;EMP
057540036036-8535;057540036036;100mN32004E42259;SF;NA;2;47;D;M;4049;EMP
057540036036-8536;057540036036;100mN32009E42280;SF;NA;2;35;S;F;3039;EMP
057540036036-8536;057540036036;100mN32009E42280;SF;NA;2;12;S;F;0614;NEP
057540036036-8537;057540036036;100mN32009E42280;MC;NA;2;42;M;M;4049;EMP
057540036036-8537;057540036036;100mN32009E42280;MC;NA;2;42;M;F;4049;EMP
057540036036-8538;057540036036;100mN32009E42280;MC;OS;3;66;M;M;6574;EMP
057540036036-8538;057540036036;100mN32009E42280;MC;OS;3;66;M;F;6574;EMP
057540036036-8538;057540036036;100mN32009E42280;MC;OS;3;73;S;M;6574;EMP
057540036036-8539;057540036036;100mN32009E42280;MC;MIX;2;86;M;F;75XX;EMP
057540036036-8539;057540036036;100mN32009E42280;MC;MIX;2;50;M;M;5064;EMP
057540036036-8540;057540036036;100mN32009E42280;MC;OS;4;70;M;F;6574;EMP
057540036036-8540;057540036036;100mN32009E42280;MC;OS;4;71;M;M;6574;UEP
057540036036-8540;057540036036;100mN32009E42280;MC;OS;4;67;S;F;6574;EMP
057540036036-8540;057540036036;100mN32009E42280;MC;OS;4;82;M;F;75XX;EMP
057540036036-8541;057540036036;100mN32009E42280;S;NA;1;16;S;M;1517;EMP
057540036036-8542;057540036036;100mN32009E42280;PO;NA;3;40;S;M;4049;NEP
057540036036-8542;057540036036;100mN32009E42280;PO;NA;3;38;S;M;3039;NEP
057540036036-8542;057540036036;100mN32009E42280;PO;NA;3;12;S;F;0614;NEP
057540036036-8543;057540036036;100mN32009E42280;S;NA;1;36;S;M;3039;EMP
057540036036-8544;057540036036;100mN32001E42290;MC;NA;2;46;M;M;4049;EMP
057540036036-8544;057540036036;100mN32001E42290;MC;NA;2;41;M;F;4049;EMP
057540036036-8545;057540036036;100mN32009E42280;MC;NA;5;27;M;M;2529;EMP
057540036036-8545;057540036036;100mN32009E42280;MC;NA;5;25;M;F;2529;NEP
057540036036-8545;057540036036;100mN32009E42280;MC;NA;5;6;S;F;0614;NEP
057540036036-8545;057540036036;100mN32009E42280;MC;NA;5;6;S;M;0614;NEP
057540036036-8545;057540036036;100mN32009E42280;MC;NA;5;8;S;F;0614;NEP
057540036036-8546;057540036036;100mN31999E42255;MC;NA;3;40;M;M;4049;EMP
057540036036-8546;057540036036;100mN31999E42255;MC;NA;3;18;M;F;1824;EMP
057540036036-8546;057540036036;100mN31999E42255;MC;NA;3;6;S;F;0614;NEP
057540036036-8547;057540036036;100mN32009E42280;SF;NA;4;46;W;F;4049;NEP
057540036036-8547;057540036036;100mN32009E42280;SF;NA;4;20;S;M;1824;EMP
057540036036-8547;057540036036;100mN32009E42280;SF;NA;4;28;S;F;2529;EMP
057540036036-8547;057540036036;100mN32009E42280;SF;NA;4;3;S;M;0305;NEP
057540036036-8548;057540036036;100mN32009E42280;MC;NA;3;27;M;M;2529;EMP
057540036036-8548;057540036036;100mN32009E42280;MC;NA;3;30;M;F;3039;EMP
057540036036-8548;057540036036;100mN32009E42280;MC;NA;3;7;S;M;0614;NEP
057540036036-8549;057540036036;100mN31999E42255;PO;NA;3;57;S;F;5064;EMP
057540036036-8549;057540036036;100mN31999E42255;PO;NA;3;60;S;M;5064;EMP
057540036036-8549;057540036036;100mN31999E42255;PO;NA;3;4;S;F;0305;NEP
057540036036-8550;057540036036;100mN31993E42259;MC;OS;3;70;M;M;6574;EMP
057540036036-8550;057540036036;100mN31993E42259;MC;OS;3;69;M;F;6574;NEP
057540036036-8550;057540036036;100mN31993E42259;MC;OS;3;78;W;F;75XX;EMP
057540036036-8551;057540036036;100mN31993E42259;S;OS;1;45;W;M;4049;EMP
057540036036-8552;057540036036;100mN31990E42256;MC;NA;2;42;M;M;4049;NEP
057540036036-8552;057540036036;100mN31990E42256;MC;NA;2;42;M;F;4049;EMP
057540036036-8553;057540036036;100mN31993E42259;MC;NA;5;44;M;M;4049;NEP
057540036036-8553;057540036036;100mN31993E42259;MC;NA;5;42;M;F;4049;EMP
057540036036-8553;057540036036;100mN31993E42259;MC;NA;5;28;D;M;2529;EMP
057540036036-8553;057540036036;100mN31993E42259;MC;NA;5;1;S;F;0003;NEP
057540036036-8553;057540036036;100mN31993E42259;MC;NA;5;10;S;M;0614;NEP
057540036036-8554;057540036036;100mN31993E42259;S;NA;1;26;M;M;2529;EMP
057540036036-8555;057540036036;100mN31993E42259;S;NA;1;73;D;M;6574;EMP
057540036036-8556;057540036036;100mN32005E42253;MC;NA;5;47;M;M;4049;EMP
057540036036-8556;057540036036;100mN32005E42253;MC;NA;5;45;M;F;4049;EMP
057540036036-8556;057540036036;100mN32005E42253;MC;NA;5;1;S;M;0003;NEP
057540036036-8556;057540036036;100mN32005E42253;MC;NA;5;20;D;M;1824;NEP
057540036036-8556;057540036036;100mN32005E42253;MC;NA;5;18;W;F;1824;EMP
057540036036-8557;057540036036;100mN31993E42259;MC;NA;2;60;M;M;5064;EMP
057540036036-8557;057540036036;100mN31993E42259;MC;NA;2;60;M;F;5064;EMP
057540036036-8558;057540036036;100mN31993E42259;MC;NA;3;26;M;M;2529;EMP
057540036036-8558;057540036036;100mN31993E42259;MC;NA;3;18;M;F;1824;NEP
057540036036-8558;057540036036;100mN31993E42259;MC;NA;3;8;S;M;0614;NEP
057540036036-8559;057540036036;100mN31993E42259;PO;NA;2;30;S;M;3039;EMP
057540036036-8559;057540036036;100mN31993E42259;PO;NA;2;27;S;M;2529;NEP
057540036036-8560;057540036036;100mN32026E42264;PO;OS;2;68;S;F;6574;EMP
057540036036-8560;057540036036;100mN32026E42264;PO;OS;2;69;S;F;6574;NEP
057540036036-8561;057540036036;100mN32026E42264;MC;MIX;2;83;M;M;75XX;EMP
057540036036-8561;057540036036;100mN32026E42264;MC;MIX;2;34;M;F;3039;EMP
057540036036-8562;057540036036;100mN32026E42264;S;NA;1;70;S;F;6574;NEP
057540036036-8563;057540036036;100mN31975E42256;S;NA;1;63;M;F;5064;NEP
057540036036-8564;057540036036;100mN31975E42256;MC;NA;3;51;M;F;5064;EMP
057540036036-8564;057540036036;100mN31975E42256;MC;NA;3;55;M;M;5064;NEP
057540036036-8564;057540036036;100mN31975E42256;MC;NA;3;0;S;F;0003;NEP
057540036036-8565;057540036036;100mN31975E42256;S;NA;1;18;W;F;1824;EMP
057540036036-8566;057540036036;100mN32010E42280;PO;NA;2;38;S;M;3039;NEP
057540036036-8566;057540036036;100mN32010E42280;PO;NA;2;33;S;F;3039;NEP
057540036036-8567;057540036036;100mN32010E42280;MC;NA;3;27;M;F;2529;NEP
057540036036-8567;057540036036;100mN32010E42280;MC;NA;3;28;M;M;2529;EMP
057540036036-8567;057540036036;100mN32010E42280;MC;NA;3;9;S;F;0614;NEP
057540036036-8568;057540036036;100mN32010E42280;MC;OS;3;66;M;M;6574;NEP
057540036036-8568;057540036036;100mN32010E42280;MC;OS;3;65;M;F;6574;EMP
057540036036-8568;057540036036;100mN32010E42280;MC;OS;3;70;S;F;6574;EMP
057540036036-8569;057540036036;100mN32018E42290;S;OS;1;31;S;F;3039;NEP
057540036036-8570;057540036036;100mN32010E42280;SF;NA;6;57;S;F;5064;NEP
057540036036-8570;057540036036;100mN32010E42280;SF;NA;6;28;S;F;2529;EMP
057540036036-8570;057540036036;100mN32010E42280;SF;NA;6;0;S;M;0003;NEP
057540036036-8570;057540036036;100mN32010E42280;SF;NA;6;41;S;M;4049;EMP
057540036036-8570;057540036036;100mN32010E42280;SF;NA;6;42;D;M;4049;NEP
057540036036-8570;057540036036;100mN32010E42280;SF;NA;6;13;S;M;0614;NEP
057540036036-8571;057540036036;100mN32022E42253;SM;NA;5;18;S;M;1824;EMP
057540036036-8571;057540036036;100mN32022E42253;SM;NA;5;1;S;M;0003;NEP
057540036036-8571;057540036036;100mN32022E42253;SM;NA;5;3;S;F;0305;NEP
057540036036-8571;057540036036;100mN32022E42253;SM;NA;5;3;S;F;0305;NEP
057540036036-8571;057540036036;100mN32022E42253;SM;NA;5;1;S;F;0003;NEP
057540036036-8572;057540036036;100mN32010E42280;MC;NA;2;57;M;F;5064;EMP
057540036036-8572;057540036036;100mN32010E42280;MC;NA;2;59;M;M;5064;EMP
057540036036-8573;057540036036;100mN32010E42280;PO;NA;3;21;S;M;1824;EMP
057540036036-8573;057540036036;100mN32010E42280;PO;NA;3;20;S;F;1824;NEP
057540036036-8573;057540036036;100mN32010E42280;PO;NA;3;4;S;M;0305;NEP
057540036036-8574;057540036036;100mN31976E42247;MC;NA;4;52;M;M;5064;EMP
057540036036-8574;057540036036;100mN31976E42247;MC;NA;4;50;M;F;5064;EMP
057540036036-8574;057540036036;100mN31976E42247;MC;NA;4;0;S;M;0003;NEP
057540036036-8574;057540036036;100mN31976E42247;MC;NA;4;11;S;F;0614;NEP
057540036036-8575;057540036036;100mN32010E42280;S;NA;1;62;W;F;5064;EMP
057540036036-8576;057540036036;100mN31969E42256;MC;NA;2;38;M;M;3039;EMP
057540036036-8576;057540036036;100mN31969E42256;MC;NA;2;34;M;F;3039;EMP
057540036036-8577;057540036036;100mN32008E42279;MC;NA;3;46;M;F;4049;NEP
057540036036-8577;057540036036;100mN32008E42279;MC;NA;3;47;M;M;4049;EMP
057540036036-8577;057540036036;100mN32008E42279;MC;NA;3;13;S;F;0614;NEP
057540036036-8578;057540036036;100mN32010E42280;MC;NA;2;30;M;F;3039;NEP
057540036036-8578;057540036036;100mN32010E42280;MC;NA;2;23;M;M;1824;EMP
057540036036-8579;057540036036;100mN32010E42280;NA;MIX;4;55;M;M;5064;EMP
057540036036-8579;057540036036;100mN32010E42280;NA;MIX;4;73;S;F;6574;NEP
057540036036-8579;057540036036;100mN32010E42280;NA;MIX;4;82;S;F;75XX;EMP
057540036036-8579;057540036036;100mN32010E42280;NA;MIX;4;30;M;M;3039;EMP
057540036036-8580;057540036036;100mN32010E42280;S;OS;1;46;S;M;4049;NEP
057540036036-8581;057540036036;100mN32010E42280;NA;NA;2;65;M;M;6574;UEP
057540036036-8581;057540036036;100mN32010E42280;NA;NA;2;83;W;F;75XX;EMP
057540036036-8582;057540036036;100mN32001E42301;MC;NA;3;45;M;F;4049;EMP
057540036036-8582;057540036036;100mN32001E42301;MC;NA;3;48;M;M;4049;EMP
057540036036-8582;057540036036;100mN32001E42301;MC;NA;3;0;S;M;0003;NEP
057540036036-8583;057540036036;100mN32010E42280;S;OS;1;51;M;F;5064;EMP
057540036036-8584;057540036036;100mN32010E42280;MC;NA;4;59;M;M;5064;EMP
057540036036-8584;057540036036;100mN32010E42280;MC;NA;4;58;M;F;5064;EMP
057540036036-8584;057540036036;100mN32010E42280;MC;NA;4;9;S;M;0614;NEP
057540036036-8584;057540036036;100mN32010E42280;MC;NA;4;21;M;M;1824;NEP
057540036036-8585;057540036036;100mN32010E42280;SF;NA;3;16;S;F;1517;EMP
057540036036-8585;057540036036;100mN32010E42280;SF;NA;3;1;S;M;0003;NEP
057540036036-8585;057540036036;100mN32010E42280;SF;NA;3;1;S;M;0003;NEP
057540036036-8586;057540036036;100mN32010E42280;MC;MIX;2;71;M;M;6574;NEP
057540036036-8586;057540036036;100mN32010E42280;MC;MIX;2;60;M;M;5064;EMP
057540036036-8587;057540036036;100mN32010E42280;S;OS;1;57;W;F;5064;EMP
057540036036-8588;057540036036;100mN31973E42255;SF;NA;3;43;W;F;4049;NEP
057540036036-8588;057540036036;100mN31973E42255;SF;NA;3;2;S;M;0003;NEP
057540036036-8588;057540036036;100mN31973E42255;SF;NA;3;6;S;M;0614;NEP
057540036036-8589;057540036036;100mN31973E42255;NA;NA;6;40;S;M;4049;EMP
057540036036-8589;057540036036;100mN31973E42255;NA;NA;6;62;M;F;5064;EMP
057540036036-8589;057540036036;100mN31973E42255;NA;NA;6;47;M;M;4049;EMP
057540036036-8589;057540036036;100mN31973E42255;NA;NA;6;52;W;F;5064;NEP
057540036036-8589;057540036036;100mN31973E42255;NA;NA;6;38;W;F;3039;EMP
057540036036-8589;057540036036;100mN31973E42255;NA;NA;6;41;W;F;4049;NEP
057540036036-8590;057540036036;100mN31969E42256;MC;MIX;2;87;M;F;75XX;EMP
057540036036-8590;057540036036;100mN31969E42256;MC;MIX;2;63;M;M;5064;EMP
057540036036-8591;057540036036;100mN31966E42277;MC;MIX;3;83;W;F;75XX;EMP
057540036036-8591;057540036036;100mN31966E42277;MC;MIX;3;42;M;F;4049;NEP
057540036036-8591;057540036036;100mN31966E42277;MC;MIX;3;18;M;M;1824;EMP
057540036036-8592;057540036036;100mN32003E42258;SM;NA;3;36;W;M;3039;EMP
057540036036-8592;057540036036;100mN32003E42258;SM;NA;3;12;S;M;0614;NEP
057540036036-8592;057540036036;100mN32003E42258;SM;NA;3;9;S;F;0614;NEP
057540036036-8593;057540036036;100mN31966E42277;MC;NA;3;36;M;F;3039;EMP
057540036036-8593;057540036036;100mN31966E42277;MC;NA;3;32;M;M;3039;EMP
057540036036-8593;057540036036;100mN31966E42277;MC;NA;3;1;S;M;0003;NEP
057540036036-8594;057540036036;100mN31998E42256;MC;NA;4;35;M;M;3039;EMP
057540036036-8594;057540036036;100mN31998E42256;MC;NA;4;26;M;F;2529;NEP
057540036036-8594;057540036036;100mN31998E42256;MC;NA;4;18;M;F;1824;NEP
057540036036-8594;057540036036;100mN31998E42256;MC;NA;4;8;S;M;0614;NEP
057540036036-8595;057540036036;100mN31998E42256;SF;MIX;2;70;W;F;6574;EMP
057540036036-8595;057540036036;100mN31998E42256;SF;MIX;2;10;S;M;0614;NEP
057540036036-8596;057540036036;100mN31998E42256;MC;NA;2;47;M;F;4049;EMP
057540036036-8596;057540036036;100mN31998E42256;MC;NA;2;50;M;M;5064;EMP
057540036036-8597;057540036036;100mN31998E42256;PO;NA;5;28;S;F;2529;EMP
057540036036-8597;057540036036;100mN31998E42256;PO;NA;5;36;S;M;3039;NEP
057540036036-8597;057540036036;100mN31998E42256;PO;NA;5;11;S;M;0614;NEP
057540036036-8597;057540036036;100mN31998E42256;PO;NA;5;13;S;F;0614;NEP
057540036036-8597;057540036036;100mN31998E42256;PO;NA;5;3;S;F;0305;NEP
057540036036-8598;057540036036;100mN31998E42256;S;NA;1;56;S;F;5064;EMP
057540036036-8599;057540036036;100mN31998E42256;MC;NA;3;48;M;F;4049;NEP
057540036036-8599;057540036036;100mN31998E42256;MC;NA;3;55;M;M;5064;EMP
057540036036-8599;057540036036;100mN31998E42256;MC;NA;3;32;M;F;3039;EMP
057540036036-8600;057540036036;100mN31998E42256;MC;NA;5;34;M;M;3039;EMP
057540036036-8600;057540036036;100mN31998E42256;MC;NA;5;33;M;F;3039;EMP
057540036036-8600;057540036036;100mN31998E42256;MC;NA;5;15;S;M;1517;EMP
057540036036-8600;057540036036;100mN31998E42256;MC;NA;5;18;S;F;1824;NEP
057540036036-8600;057540036036;100mN31998E42256;MC;NA;5;15;S;F;1517;EMP
057540036036-8601;057540036036;100mN31998E42256;SF;MIX;5;72;M;F;6574;NEP
057540036036-8601;057540036036;100mN31998E42256;SF;MIX;5;41;W;F;4049;EMP
057540036036-8601;057540036036;100mN31998E42256;SF;MIX;5;0;S;F;0003;NEP
057540036036-8601;057540036036;100mN31998E42256;SF;MIX;5;9;S;M;0614;NEP
057540036036-8601;057540036036;100mN31998E42256;SF;MIX;5;22;M;F;1824;EMP
057540036036-8602;057540036036;100mN31998E42256;MC;NA;2;38;M;F;3039;EMP
057540036036-8602;057540036036;100mN31998E42256;MC;NA;2;46;M;M;4049;EMP
057540036036-8603;057540036036;100mN31986E42278;S;OS;1;31;D;M;3039;NEP
057540036036-8604;057540036036;100mN31986E42278;MC;MIX;2;70;M;F;6574;NEP
057540036036-8604;057540036036;100mN31986E42278;MC;MIX;2;59;S;F;5064;NEP
057540036036-8605;057540036036;100mN31986E42278;S;OS;1;72;M;F;6574;EMP
057540036036-8606;057540036036;100mN32005E42282;MC;MIX;4;69;M;M;6574;UEP
057540036036-8606;057540036036;100mN32005E42282;MC;MIX;4;25;M;F;2529;NEP
057540036036-8606;057540036036;100mN32005E42282;MC;MIX;4;28;M;M;2529;NEP
057540036036-8606;057540036036;100mN32005E42282;MC;MIX;4;9;S;M;0614;NEP
057540036036-8607;057540036036;100mN31972E42244;MC;NA;3;32;M;F;3039;EMP
057540036036-8607;057540036036;100mN31972E42244;MC;NA;3;40;M;M;4049;UEP
057540036036-8607;057540036036;100mN31972E42244;MC;NA;3;0;S;F;0003;NEP
057540036036-8608;057540036036;100mN31972E42244;MC;OS;3;87;M;F;75XX;NEP
057540036036-8608;057540036036;100mN31972E42244;MC;OS;3;54;D;M;5064;EMP
057540036036-8608;057540036036;100mN31972E42244;MC;OS;3;71;M;M;6574;EMP
057540036036-8609;057540036036;100mN32022E42250;MC;NA;4;43;M;F;4049;EMP
057540036036-8609;057540036036;100mN32022E42250;MC;NA;4;45;M;M;4049;EMP
057540036036-8609;057540036036;100mN32022E42250;MC;NA;4;28;D;F;2529;NEP
057540036036-8609;057540036036;100mN32022E42250;MC;NA;4;21;M;M;1824;EMP
057540036036-8610;057540036036;100mN32022E42250;MC;NA;2;26;M;F;2529;EMP
057540036036-8610;057540036036;100mN32022E42250;MC;NA;2;28;M;M;2529;EMP
057540036036-8611;057540036036;100mN32022E42250;S;NA;1;77;M;F;75XX;EMP
057540036036-8612;057540036036;100mN32022E42250;MC;MIX;2;82;M;F;75XX;EMP
057540036036-8612;057540036036;100mN32022E42250;MC;MIX;2;46;M;F;4049;NEP
057540036036-8613;057540036036;100mN32022E42250;PO;NA;3;31;S;M;3039;EMP
057540036036-8613;057540036036;100mN32022E42250;PO;NA;3;26;S;F;2529;NEP
057540036036-8613;057540036036;100mN32022E42250;PO;NA;3;11;S;M;0614;NEP
057540036036-8614;057540036036;100mN32022E42250;MC;NA;4;40;M;F;4049;EMP
057540036036-8614;057540036036;100mN32022E42250;MC;NA;4;47;M;M;4049;EMP
057540036036-8614;057540036036;100mN32022E42250;MC;NA;4;21;S;M;1824;EMP
057540036036-8614;057540036036;100mN32022E42250;MC;NA;4;7;S;F;0614;NEP
057540036036-8615;057540036036;100mN31995E42262;MC;NA;4;60;M;M;5064;EMP
057540036036-8615;057540036036;100mN31995E42262;MC;NA;4;58;M;F;5064;NEP
057540036036-8615;057540036036;100mN31995E42262;MC;NA;4;3;S;M;0305;NEP
057540036036-8615;057540036036;100mN31995E42262;MC;NA;4;44;S;M;4049;EMP
057540036036-8616;057540036036;100mN31962E42308;S;NA;1;47;S;M;4049;EMP
057540036036-8617;057540036036;100mN31995E42259;MC;NA;2;31;M;F;3039;NEP
057540036036-8617;057540036036;100mN31995E42259;MC;NA;2;33;M;M;3039;EMP
057540036036-8618;057540036036;100mN32022E42250;MC;NA;3;38;M;M;3039;EMP
057540036036-8618;057540036036;100mN32022E42250;MC;NA;3;34;M;F;3039;EMP
057540036036-8618;057540036036;100mN32022E42250;MC;NA;3;20;M;F;1824;EMP
057540036036-8619;057540036036;100mN32022E42250;MC;OS;2;87;M;M;75XX;EMP
057540036036-8619;057540036036;100mN32022E42250;MC;OS;2;85;M;F;75XX;NEP
057540036036-8620;057540036036;100mN32022E42250;MC;MIX;4;80;W;F;75XX;EMP
057540036036-8620;057540036036;100mN32022E42250;MC;MIX;4;25;M;M;2529;NEP
057540036036-8620;057540036036;100mN32022E42250;MC;MIX;4;18;M;F;1824;EMP
057540036036-8620;057540036036;100mN32022E42250;MC;MIX;4;10;S;F;0614;NEP
057540036036-8621;057540036036;100mN32022E42250;SF;NA;2;62;S;F;5064;EMP
057540036036-8621;057540036036;100mN32022E42250;SF;NA;2;38;M;F;3039;EMP
057540036036-8622;057540036036;100mN32022E42250;MC;MIX;4;71;D;F;6574;EMP
057540036036-8622;057540036036;100mN32022E42250;MC;MIX;4;32;M;M;3039;NEP
057540036036-8622;057540036036;100mN32022E42250;MC;MIX;4;31;M;F;3039;NEP
057540036036-8622;057540036036;100mN32022E42250;MC;MIX;4;3;S;M;0305;NEP
057540036036-8623;057540036036;100mN32022E42250;SM;MIX;3;70;S;M;6574;EMP
057540036036-8623;057540036036;100mN32022E42250;SM;MIX;3;71;D;M;6574;NEP
057540036036-8623;057540036036;100mN32022E42250;SM;MIX;3;4;S;F;0305;NEP
057540036036-8624;057540036036;100mN32022E42250;MC;OS;3;69;M;F;6574;NEP
057540036036-8624;057540036036;100mN32022E42250;MC;OS;3;72;M;M;6574;NEP
057540036036-8624;057540036036;100mN32022E42250;MC;OS;3;67;S;F;6574;EMP
057540036036-8625;057540036036;100mN32022E42250;MC;NA;2;43;M;M;4049;NEP
057540036036-8625;057540036036;100mN32022E42250;MC;NA;2;36;M;F;3039;EMP
057540036036-8626;057540036036;100mN32022E42250;S;OS;1;70;M;M;6574;EMP
057540036036-8627;057540036036;100mN32022E42250;MC;NA;2;44;M;M;4049;NEP
057540036036-8627;057540036036;100mN32022E42250;MC;NA;2;40;M;F;4049;EMP
057540036036-8628;057540036036;100mN32022E42250;MC;NA;2;19;M;F;1824;NEP
057540036036-8628;057540036036;100mN32022E42250;MC;NA;2;21;M;M;1824;NEP
057540036036-8629;057540036036;100mN32022E42250;SF;NA;3;31;S;F;3039;NEP
057540036036-8629;057540036036;100mN32022E42250;SF;NA;3;6;S;F;0614;NEP
057540036036-8629;057540036036;100mN32022E42250;SF;NA;3;1;S;M;0003;NEP
057540036036-8630;057540036036;100mN32022E42250;MC;NA;3;34;M;F;3039;EMP
057540036036-8630;057540036036;100mN32022E42250;MC;NA;3;43;M;M;4049;NEP
057540036036-8630;057540036036;100mN32022E42250;MC;NA;3;11;S;M;0614;NEP
057540036036-8631;057540036036;100mN31989E42258;S;NA;1;47;M;F;4049;NEP
057540036036-8632;057540036036;100mN31989E42258;MC;NA;2;50;M;M;5064;EMP
057540036036-8632;057540036036;100mN31989E42258;MC;NA;2;50;M;F;5064;EMP
057540036036-8633;057540036036;100mN31995E42259;MC;NA;2;31;M;F;3039;NEP
057540036036-8633;057540036036;100mN31995E42259;MC;NA;2;33;M;M;3039;EMP
057540036036-8634;057540036036;100mN32022E42243;S;NA;1;43;S;F;4049;EMP
057540036036-8635;057540036036;100mN31989E42258;MC;NA;2;38;M;M;3039;EMP
057540036036-8635;057540036036;100mN31989E42258;MC;NA;2;32;M;F;3039;EMP
057540036036-8636;057540036036;100mN31995E42258;SF;NA;4;45;S;F;4049;NEP
057540036036-8636;057540036036;100mN31995E42258;SF;NA;4;21;M;M;1824;NEP
057540036036-8636;057540036036;100mN31995E42258;SF;NA;4;13;S;F;0614;NEP
057540036036-8636;057540036036;100mN31995E42258;SF;NA;4;11;S;F;0614;NEP
057540036036-8637;057540036036;100mN31989E42258;MC;OS;4;66;M;M;6574;EMP
057540036036-8637;057540036036;100mN31989E42258;MC;OS;4;87;M;F;75XX;EMP
057540036036-8637;057540036036;100mN31989E42258;MC;OS;4;68;S;F;6574;EMP
057540036036-8637;057540036036;100mN31989E42258;MC;OS;4;80;D;F;75XX;EMP
057540036036-8638;057540036036;100mN31989E42258;S;OS;1;61;M;M;5064;EMP
057540036036-8639;057540036036;100mN31989E42258;PO;NA;3;35;S;F;3039;NEP
057540036036-8639;057540036036;100mN31989E42258;PO;NA;3;38;S;M;3039;EMP
057540036036-8639;057540036036;100mN31989E42258;PO;NA;3;6;S;M;0614;NEP
057540036036-8640;057540036036;100mN31989E42258;MC;NA;2;36;M;M;3039;EMP
057540036036-8640;057540036036;100mN31989E42258;MC;NA;2;27;M;F;2529;NEP
057540036036-8641;057540036036;100mN31989E42258;S;NA;1;65;M;M;6574;EMP
057540036036-8642;057540036036;100mN31989E42258;MC;NA;2;51;M;F;5064;NEP
057540036036-8642;057540036036;100mN31989E42258;MC;NA;2;57;M;M;5064;EMP
057540036036-8643;057540036036;100mN31989E42258;MC;MIX;3;68;M;F;6574;NEP
057540036036-8643;057540036036;100mN31989E42258;MC;MIX;3;23;M;F;1824;EMP
057540036036-8643;057540036036;100mN31989E42258;MC;MIX;3;25;M;M;2529;NEP
057540036036-8644;057540036036;100mN31995E42254;S;OS;1;42;S;M;4049;EMP
057540036036-8645;057540036036;100mN31989E42258;S;NA;1;72;S;M;6574;EMP
057540036036-8646;057540036036;100mN32018E42250;MC;NA;4;43;M;F;4049;EMP
057540036036-8646;057540036036;100mN32018E42250;MC;NA;4;46;M;M;4049;UEP
057540036036-8646;057540036036;100mN32018E42250;MC;NA;4;7;S;M;0614;NEP
057540036036-8646;057540036036;100mN32018E42250;MC;NA;4;15;S;F;1517;EMP
057540036036-8647;057540036036;100mN32009E42278;MC;NA;3;43;M;F;4049;NEP
057540036036-8647;057540036036;100mN32009E42278;MC;NA;3;41;M;M;4049;NEP
057540036036-8647;057540036036;100mN32009E42278;MC;NA;3;22;S;M;1824;UEP
057540036036-8648;057540036036;100mN32009E42278;MC;NA;3;37;M;M;3039;EMP
057540036036-8648;057540036036;100mN32009E42278;MC;NA;3;32;M;F;3039;EMP
057540036036-8648;057540036036;100mN32009E42278;MC;NA;3;15;S;F;1517;EMP
057540036036-8649;057540036036;100mN32009E42278;MC;NA;3;48;M;M;4049;NEP
057540036036-8649;057540036036;100mN32009E42278;MC;NA;3;50;M;F;5064;EMP
057540036036-8649;057540036036;100mN32009E42278;MC;NA;3;21;S;F;1824;NEP
057540036036-8650;057540036036;100mN32010E42279;PO;NA;4;56;S;M;5064;EMP
057540036036-8650;057540036036;100mN32010E42279;PO;NA;4;48;S;F;4049;NEP
057540036036-8650;057540036036;100mN32010E42279;PO;NA;4;9;S;M;0614;NEP
057540036036-8650;057540036036;100mN32010E42279;PO;NA;4;9;S;M;0614;NEP
057540036036-8651;057540036036;100mN32016E42290;SM;NA;4;53;S;M;5064;EMP
057540036036-8651;057540036036;100mN32016E42290;SM;NA;4;0;S;M;0003;NEP
057540036036-8651;057540036036;100mN32016E42290;SM;NA;4;15;S;M;1517;EMP
057540036036-8651;057540036036;100mN32016E42290;SM;NA;4;10;S;M;0614;NEP
057540036036-8652;057540036036;100mN32003E42257;PO;OS;3;71;S;M;6574;EMP
057540036036-8652;057540036036;100mN32003E42257;PO;OS;3;71;S;M;6574;EMP
057540036036-8652;057540036036;100mN32003E42257;PO;OS;3;73;D;M;6574;EMP
057540036036-8653;057540036036;100mN32009E42278;S;NA;1;85;S;F;75XX;EMP
057540036036-8654;057540036036;100mN32009E42278;S;NA;1;53;M;M;5064;EMP
057540036036-8655;057540036036;100mN32009E42278;MC;NA;3;60;M;F;5064;EMP
057540036036-8655;057540036036;100mN32009E42278;MC;NA;3;9;S;F;0614;NEP
057540036036-8655;057540036036;100mN32009E42278;MC;NA;3;44;M;M;4049;EMP
057540036036-8656;057540036036;100mN32018E42267;MC;NA;5;52;M;M;5064;EMP
057540036036-8656;057540036036;100mN32018E42267;MC;NA;5;57;M;F;5064;NEP
057540036036-8656;057540036036;100mN32018E42267;MC;NA;5;20;S;M;1824;NEP
057540036036-8656;057540036036;100mN32018E42267;MC;NA;5;31;M;F;3039;EMP
057540036036-8656;057540036036;100mN32018E42267;MC;NA;5;27;D;F;2529;EMP
057540036036-8657;057540036036;100mN32009E42278;MC;NA;4;34;M;F;3039;NEP
057540036036-8657;057540036036;100mN32009E42278;MC;NA;4;40;M;M;4049;NEP
057540036036-8657;057540036036;100mN32009E42278;MC;NA;4;7;S;F;0614;NEP
057540036036-8657;057540036036;100mN32009E42278;MC;NA;4;19;S;M;1824;EMP
057540036036-8658;057540036036;100mN31961E42300;SM;NA;2;19;W;M;1824;NEP
057540036036-8658;057540036036;100mN31961E42300;SM;NA;2;4;S;F;0305;NEP
057540036036-8659;057540036036;100mN32009E42278;MC;NA;2;38;M;M;3039;EMP
057540036036-8659;057540036036;100mN32009E42278;MC;NA;2;31;M;F;3039;EMP
057540036036-8660;057540036036;100mN32009E42278;S;OS;1;37;S;M;3039;EMP
057540036036-8661;057540036036;100mN32009E42278;MC;NA;3;56;M;F;5064;EMP
057540036036-8661;057540036036;100mN32009E42278;MC;NA;3;59;M;F;5064;NEP
057540036036-8661;057540036036;100mN32009E42278;MC;NA;3;13;S;F;0614;NEP
057540036036-8662;057540036036;100mN32009E42278;MC;MIX;4;67;M;M;6574;EMP
057540036036-8662;057540036036;100mN32009E42278;MC;MIX;4;27;M;F;2529;NEP
057540036036-8662;057540036036;100mN32009E42278;MC;MIX;4;34;M;M;3039;NEP
057540036036-8662;057540036036;100mN32009E42278;MC;MIX;4;7;S;M;0614;NEP
057540036036-8663;057540036036;100mN32009E42278;SF;NA;2;16;S;F;1517;NEP
057540036036-8663;057540036036;100mN32009E42278;SF;NA;2;1;S;M;0003;NEP
057540036036-8664;057540036036;100mN32009E42278;SM;NA;2;41;D;M;4049;UEP
057540036036-8664;057540036036;100mN32009E42278;SM;NA;2;16;S;M;1517;EMP
057540036036-8665;057540036036;100mN31957E42253;MC;NA;2;48;M;M;4049;EMP
057540036036-8665;057540036036;100mN31957E42253;MC;NA;2;47;M;F;4049;EMP
057540036036-8666;057540036036;100mN31979E42242;S;OS;1;40;D;F;4049;NEP
057540036036-8667;057540036036;100mN31968E42254;SF;NA;2;46;W;F;4049;NEP
057540036036-8667;057540036036;100mN31968E42254;SF;NA;2;25;S;M;2529;EMP
057540036036-8668;057540036036;100mN31968E42254;S;OS;1;48;S;F;4049;EMP
057540036036-8669;057540036036;100mN31968E42254;S;OS;1;20;M;F;1824;EMP
057540036036-8670;057540036036;100mN32005E42277;S;NA;1;48;S;F;4049;EMP
057540036036-8671;057540036036;100mN32005E42277;MC;MIX;5;75;M;M;75XX;EMP
057540036036-8671;057540036036;100mN32005E42277;MC;MIX;5;30;M;F;3039;NEP
057540036036-8671;057540036036;100mN32005E42277;MC;MIX;5;33;M;M;3039;EMP
057540036036-8671;057540036036;100mN32005E42277;MC;MIX;5;1;S;F;0003;NEP
057540036036-8671;057540036036;100mN32005E42277;MC;MIX;5;3;S;M;0305;NEP
057540036036-8672;057540036036;100mN32005E42277;MC;NA;4;32;M;F;3039;EMP
057540036036-8672;057540036036;100mN32005E42277;MC;NA;4;41;M;M;4049;EMP
057540036036-8672;057540036036;100mN32005E42277;MC;NA;4;10;S;M;0614;NEP
057540036036-8672;057540036036;100mN32005E42277;MC;NA;4;2;S;M;0003;NEP
057540036036-8673;057540036036;100mN32005E42277;S;NA;1;61;M;F;5064;EMP
057540036036-8674;057540036036;100mN32005E42277;PO;NA;4;31;S;M;3039;EMP
057540036036-8674;057540036036;100mN32005E42277;PO;NA;4;30;S;F;3039;NEP
057540036036-8674;057540036036;100mN32005E42277;PO;NA;4;7;S;F;0614;NEP
057540036036-8674;057540036036;100mN32005E42277;PO;NA;4;16;S;M;1517;EMP
057540036036-8675;057540036036;100mN32005E42277;S;OS;1;61;M;F;5064;EMP
057540036036-8676;057540036036;100mN32005E42277;S;OS;1;45;W;F;4049;NEP
057540036036-8677;057540036036;100mN32005E42277;MC;NA;4;43;M;F;4049;EMP
057540036036-8677;057540036036;100mN32005E42277;MC;NA;4;40;M;M;4049;EMP
057540036036-8677;057540036036;100mN32005E42277;MC;NA;4;12;S;F;0614;NEP
057540036036-8677;057540036036;100mN32005E42277;MC;NA;4;2;S;M;0003;NEP
057540036036-8678;057540036036;100mN32005E42277;S;OS;1;19;S;M;1824;EMP
057540036036-8679;057540036036;100mN32005E42277;MC;NA;3;44;M;F;4049;EMP
057540036036-8679;057540036036;100mN32005E42277;MC;NA;3;46;M;M;4049;EMP
057540036036-8679;057540036036;100mN32005E42277;MC;NA;3;6;S;F;0614;NEP
057540036036-8680;057540036036;100mN32005E42282;S;NA;1;62;W;F;5064;NEP
057540036036-8681;057540036036;100mN32005E42277;PO;NA;2;35;S;F;3039;EMP
057540036036-8681;057540036036;100mN32005E42277;PO;NA;2;42;S;M;4049;NEP
057540036036-8682;057540036036;100mN31995E42254;PO;NA;2;34;S;M;3039;EMP
057540036036-8682;057540036036;100mN31995E42254;PO;NA;2;33;S;M;3039;EMP
057540036036-8683;057540036036;100mN31995E42254;MC;NA;2;51;M;M;5064;EMP
057540036036-8683;057540036036;100mN31995E42254;MC;NA;2;48;M;F;4049;EMP
057540036036-8684;057540036036;100mN31995E42254;S;OS;1;42;S;M;4049;EMP
057540036036-8685;057540036036;100mN31995E42254;PO;NA;2;50;S;M;5064;NEP
057540036036-8685;057540036036;100mN31995E42254;PO;NA;2;52;S;M;5064;EMP
057540036036-8686;057540036036;100mN31995E42254;S;NA;1;61;W;M;5064;EMP
057540036036-8687;057540036036;100mN31995E42254;MC;NA;3;32;M;F;3039;NEP
057540036036-8687;057540036036;100mN31995E42254;MC;NA;3;51;M;M;5064;EMP
057540036036-8687;057540036036;100mN31995E42254;MC;NA;3;7;S;F;0614;NEP
057540036036-8688;057540036036;100mN31995E42254;S;NA;1;61;D;F;5064;EMP
057540036036-8689;057540036036;100mN31967E42280;MC;NA;2;42;M;F;4049;EMP
057540036036-8689;057540036036;100mN31967E42280;MC;NA;2;48;M;M;4049;EMP
057540036036-8690;057540036036;100mN31976E42267;MC;NA;3;56;M;F;5064;NEP
057540036036-8690;057540036036;100mN31976E42267;MC;NA;3;62;M;M;5064;EMP
057540036036-8690;057540036036;100mN31976E42267;MC;NA;3;20;D;M;1824;NEP
057540036036-8691;057540036036;100mN31976E42267;SF;NA;2;47;W;F;4049;NEP
057540036036-8691;057540036036;100mN31976E42267;SF;NA;2;8;S;F;0614;NEP
057540036036-8692;057540036036;100mN31973E42296;S;NA;1;40;S;M;4049;NEP
057540036036-8693;057540036036;100mN31973E42296;S;NA;1;16;S;F;1517;NEP
057540036036-8694;057540036036;100mN32004E42281;S;NA;1;59;W;F;5064;NEP
057540036036-8695;057540036036;100mN31961E42258;MC;NA;2;48;M;M;4049;EMP
057540036036-8695;057540036036;100mN31961E42258;MC;NA;2;45;M;F;4049;EMP
057540036036-8696;057540036036;100mN31961E42258;S;NA;1;41;W;F;4049;NEP
057540036036-8697;057540036036;100mN32023E42252;S;OS;1;67;M;M;6574;NEP
057540036036-8698;057540036036;100mN32017E42288;PO;OS;2;78;S;M;75XX;EMP
057540036036-8698;057540036036;100mN32017E42288;PO;OS;2;77;S;M;75XX;EMP
057540036036-8699;057540036036;100mN32017E42288;S;OS;1;22;S;M;1824;NEP
057540036036-8700;057540036036;100mN32017E42288;MC;OS;4;70;M;M;6574;EMP
057540036036-8700;057540036036;100mN32017E42288;MC;OS;4;72;M;F;6574;EMP
057540036036-8700;057540036036;100mN32017E42288;MC;OS;4;71;W;F;6574;EMP
057540036036-8700;057540036036;100mN32017E42288;MC;OS;4;76;S;M;75XX;EMP
057540036036-8701;057540036036;100mN32017E42288;MC;MIX;2;65;M;M;6574;EMP
057540036036-8701;057540036036;100mN32017E42288;MC;MIX;2;60;M;F;5064;EMP
057540036036-8702;057540036036;100mN32017E42288;S;NA;1;63;W;F;5064;EMP
057540036036-8703;057540036036;100mN32017E42288;MC;NA;2;34;M;F;3039;EMP
057540036036-8703;057540036036;100mN32017E42288;MC;NA;2;27;M;M;2529;UEP
057540036036-8704;057540036036;100mN32007E42287;SM;NA;2;51;S;M;5064;EMP
057540036036-8704;057540036036;100mN32007E42287;SM;NA;2;33;M;F;3039;NEP
057540036036-8705;057540036036;100mN32007E42287;MC;NA;2;56;M;M;5064;EMP
057540036036-8705;057540036036;100mN32007E42287;MC;NA;2;55;M;F;5064;EMP
057540036036-8706;057540036036;100mN32007E42287;MC;OS;4;86;M;F;75XX;NEP
057540036036-8706;057540036036;100mN32007E42287;MC;OS;4;7;S;F;0614;NEP
057540036036-8706;057540036036;100mN32007E42287;MC;OS;4;76;M;F;75XX;EMP
057540036036-8706;057540036036;100mN32007E42287;MC;OS;4;79;M;M;75XX;EMP
057540036036-8707;057540036036;100mN32007E42287;MC;MIX;3;65;M;M;6574;EMP
057540036036-8707;057540036036;100mN32007E42287;MC;MIX;3;40;M;M;4049;EMP
057540036036-8707;057540036036;100mN32007E42287;MC;MIX;3;45;M;F;4049;NEP
057540036036-8708;057540036036;100mN32007E42287;MC;NA;2;60;M;F;5064;EMP
057540036036-8708;057540036036;100mN32007E42287;MC;NA;2;12;S;F;0614;NEP
057540036036-8709;057540036036;100mN32007E42287;S;OS;1;54;M;M;5064;EMP
057540036036-8710;057540036036;100mN32007E42287;MC;NA;2;59;M;F;5064;EMP
057540036036-8710;057540036036;100mN32007E42287;MC;NA;2;53;M;M;5064;EMP
057540036036-8711;057540036036;100mN31969E42255;MC;NA;2;51;M;F;5064;NEP
057540036036-8711;057540036036;100mN31969E42255;MC;NA;2;56;M;M;5064;NEP
057540036036-8712;057540036036;100mN32007E42287;MC;NA;2;36;M;M;3039;NEP
057540036036-8712;057540036036;100mN32007E42287;MC;NA;2;27;M;F;2529;EMP
057540036036-8713;057540036036;100mN32007E42287;S;NA;1;31;M;M;3039;EMP
057540036036-8714;057540036036;100mN32007E42287;PO;NA;2;40;S;F;4049;EMP
057540036036-8714;057540036036;100mN32007E42287;PO;NA;2;45;S;F;4049;NEP
057540036036-8715;057540036036;100mN32007E42287;S;OS;1;46;D;F;4049;NEP
057540036036-8716;057540036036;100mN32007E42287;MC;MIX;2;89;M;F;75XX;EMP
057540036036-8716;057540036036;100mN32007E42287;MC;MIX;2;48;M;F;4049;EMP
057540036036-8717;057540036036;100mN32007E42287;MC;MIX;3;81;S;F;75XX;EMP
057540036036-8717;057540036036;100mN32007E42287;MC;MIX;3;58;M;M;5064;NEP
057540036036-8717;057540036036;100mN32007E42287;MC;MIX;3;63;M;F;5064;EMP
057540036036-8718;057540036036;100mN32007E42287;MC;NA;5;26;M;M;2529;EMP
057540036036-8718;057540036036;100mN32007E42287;MC;NA;5;23;M;F;1824;EMP
057540036036-8718;057540036036;100mN32007E42287;MC;NA;5;7;S;F;0614;NEP
057540036036-8718;057540036036;100mN32007E42287;MC;NA;5;6;S;M;0614;NEP
057540036036-8718;057540036036;100mN32007E42287;MC;NA;5;9;S;F;0614;NEP
057540036036-8719;057540036036;100mN32007E42287;S;NA;1;61;M;F;5064;EMP
057540036036-8720;057540036036;100mN32007E42287;NA;NA;3;40;M;F;4049;EMP
057540036036-8720;057540036036;100mN32007E42287;NA;NA;3;61;D;F;5064;EMP
057540036036-8720;057540036036;100mN32007E42287;NA;NA;3;44;S;F;4049;NEP
057540036036-8721;057540036036;100mN31966E42249;MC;OS;4;78;M;M;75XX;EMP
057540036036-8721;057540036036;100mN31966E42249;MC;OS;4;78;M;F;75XX;NEP
057540036036-8721;057540036036;100mN31966E42249;MC;OS;4;73;S;F;6574;NEP
057540036036-8721;057540036036;100mN31966E42249;MC;OS;4;89;S;F;75XX;EMP
057540036036-8722;057540036036;100mN32007E42287;S;NA;1;20;M;F;1824;NEP
057540036036-8723;057540036036;100mN32007E42287;SF;NA;2;52;S;F;5064;NEP
057540036036-8723;057540036036;100mN32007E42287;SF;NA;2;16;S;F;1517;EMP
057540036036-8724;057540036036;100mN32007E42287;MC;NA;3;48;M;M;4049;EMP
057540036036-8724;057540036036;100mN32007E42287;MC;NA;3;62;M;F;5064;EMP
057540036036-8724;057540036036;100mN32007E42287;MC;NA;3;15;S;M;1517;EMP
057540036036-8725;057540036036;100mN32007E42287;SM;NA;4;77;D;M;75XX;NEP
057540036036-8725;057540036036;100mN32007E42287;SM;NA;4;9;S;M;0614;NEP
057540036036-8725;057540036036;100mN32007E42287;SM;NA;4;16;S;F;1517;EMP
057540036036-8725;057540036036;100mN32007E42287;SM;NA;4;50;M;F;5064;NEP
057540036036-8726;057540036036;100mN32007E42287;MC;NA;3;43;M;F;4049;EMP
057540036036-8726;057540036036;100mN32007E42287;MC;NA;3;45;M;M;4049;EMP
057540036036-8726;057540036036;100mN32007E42287;MC;NA;3;10;S;M;0614;NEP
057540036036-8727;057540036036;100mN32007E42287;S;NA;1;20;S;F;1824;EMP
057540036036-8728;057540036036;100mN32007E42287;MC;MIX;2;66;M;F;6574;NEP
057540036036-8728;057540036036;100mN32007E42287;MC;MIX;2;62;S;M;5064;EMP
057540036036-8729;057540036036;100mN32007E42287;MC;NA;3;20;M;F;1824;EMP
057540036036-8729;057540036036;100mN32007E42287;MC;NA;3;20;M;M;1824;UEP
057540036036-8729;057540036036;100mN32007E42287;MC;NA;3;2;S;F;0003;NEP
057540036036-8730;057540036036;100mN32007E42287;S;NA;1;53;M;M;5064;EMP
057540036036-8731;057540036036;100mN32007E42287;S;NA;1;63;M;F;5064;EMP
057540036036-8732;057540036036;100mN32007E42287;MC;NA;2;62;M;M;5064;NEP
057540036036-8732;057540036036;100mN32007E42287;MC;NA;2;55;M;F;5064;EMP
057540036036-8733;057540036036;100mN32007E42287;MC;NA;2;63;M;F;5064;EMP
057540036036-8733;057540036036;100mN32007E42287;MC;NA;2;16;S;F;1517;EMP
057540036036-8734;057540036036;100mN32007E42287;MC;MIX;3;66;M;M;6574;EMP
057540036036-8734;057540036036;100mN32007E42287;MC;MIX;3;63;M;M;5064;EMP
057540036036-8734;057540036036;100mN32007E42287;MC;MIX;3;54;M;F;5064;EMP
057540036036-8735;057540036036;100mN32007E42287;MC;MIX;3;68;M;F;6574;NEP
057540036036-8735;057540036036;100mN32007E42287;MC;MIX;3;52;M;F;5064;EMP
057540036036-8735;057540036036;100mN32007E42287;MC;MIX;3;61;M;M;5064;EMP
057540036036-8736;057540036036;100mN32007E42287;SF;MIX;3;68;M;M;6574;EMP
057540036036-8736;057540036036;100mN32007E42287;SF;MIX;3;66;D;F;6574;EMP
057540036036-8736;057540036036;100mN32007E42287;SF;MIX;3;7;S;F;0614;NEP
057540036036-8737;057540036036;100mN32007E42287;SF;NA;2;87;W;F;75XX;NEP
057540036036-8737;057540036036;100mN32007E42287;SF;NA;2;3;S;M;0305;NEP
057540036036-8738;057540036036;100mN32004E42281;MC;NA;5;45;M;M;4049;EMP
057540036036-8738;057540036036;100mN32004E42281;MC;NA;5;43;M;F;4049;NEP
057540036036-8738;057540036036;100mN32004E42281;MC;NA;5;21;D;F;1824;NEP
057540036036-8738;057540036036;100mN32004E42281;MC;NA;5;13;S;M;0614;NEP
057540036036-8738;057540036036;100mN32004E42281;MC;NA;5;27;M;M;2529;EMP
057540036036-8739;057540036036;100mN32008E42289;SF;NA;3;57;W;F;5064;NEP
057540036036-8739;057540036036;100mN32008E42289;SF;NA;3;34;M;M;3039;EMP
057540036036-8739;057540036036;100mN32008E42289;SF;NA;3;27;W;F;2529;EMP
057540036036-8740;057540036036;100mN32004E42281;MC;NA;2;58;M;F;5064;EMP
057540036036-8740;057540036036;100mN32004E42281;MC;NA;2;59;M;M;5064;NEP
057540036036-8741;057540036036;100mN32004E42281;MC;NA;2;35;M;F;3039;EMP
057540036036-8741;057540036036;100mN32004E42281;MC;NA;2;30;M;M;3039;EMP
057540036036-8742;057540036036;100mN32004E42281;S;NA;1;60;M;M;5064;EMP
057540036036-8743;057540036036;100mN32004E42281;MC;NA;3;40;M;M;4049;NEP
057540036036-8743;057540036036;100mN32004E42281;MC;NA;3;32;M;F;3039;EMP
057540036036-8743;057540036036;100mN32004E42281;MC;NA;3;1;S;M;0003;NEP
057540036036-8744;057540036036;100mN32004E42281;MC;OS;4;88;M;M;75XX;EMP
057540036036-8744;057540036036;100mN32004E42281;MC;OS;4;86;M;F;75XX;NEP
057540036036-8744;057540036036;100mN32004E42281;MC;OS;4;67;D;F;6574;EMP
057540036036-8744;057540036036;100mN32004E42281;MC;OS;4;86;M;F;75XX;NEP
057540036036-8745;057540036036;100mN32004E42281;PO;NA;6;18;S;M;1824;EMP
057540036036-8745;057540036036;100mN32004E42281;PO;NA;6;18;S;F;1824;NEP
057540036036-8745;057540036036;100mN32004E42281;PO;NA;6;0;S;F;0003;NEP
057540036036-8745;057540036036;100mN32004E42281;PO;NA;6;2;S;M;0003;NEP
057540036036-8745;057540036036;100mN32004E42281;PO;NA;6;3;S;F;0305;NEP
057540036036-8745;057540036036;100mN32004E42281;PO;NA;6;2;S;M;0003;NEP
057540036036-8746;057540036036;100mN32004E42281;PO;NA;2;58;S;M;5064;NEP
057540036036-8746;057540036036;100mN32004E42281;PO;NA;2;56;S;M;5064;NEP
057540036036-8747;057540036036;100mN32004E42281;MC;NA;5;56;M;F;5064;NEP
057540036036-8747;057540036036;100mN32004E42281;MC;NA;5;59;M;M;5064;EMP
057540036036-8747;057540036036;100mN32004E42281;MC;NA;5;16;S;M;1517;UEP
057540036036-8747;057540036036;100mN32004E42281;MC;NA;5;16;S;M;1517;EMP
057540036036-8747;057540036036;100mN32004E42281;MC;NA;5;9;S;M;0614;NEP
057540036036-8748;057540036036;100mN32004E42281;MC;NA;3;41;M;M;4049;EMP
057540036036-8748;057540036036;100mN32004E42281;MC;NA;3;38;M;F;3039;EMP
057540036036-8748;057540036036;100mN32004E42281;MC;NA;3;23;S;M;1824;EMP
057540036036-8749;057540036036;100mN32004E42281;S;NA;1;48;S;F;4049;NEP
057540036036-8750;057540036036;100mN32004E42281;S;OS;1;69;M;M;6574;EMP
057540036036-8751;057540036036;100mN32004E42281;NA;NA;3;42;D;M;4049;EMP
057540036036-8751;057540036036;100mN32004E42281;NA;NA;3;50;S;M;5064;NEP
057540036036-8751;057540036036;100mN32004E42281;NA;NA;3;20;M;F;1824;NEP
057540036036-8752;057540036036;100mN32004E42281;S;NA;1;59;W;F;5064;NEP
057540036036-8753;057540036036;100mN32004E42281;S;NA;1;40;S;F;4049;NEP
057540036036-8754;057540036036;100mN32004E42252;PO;NA;5;44;S;F;4049;EMP
057540036036-8754;057540036036;100mN32004E42252;PO;NA;5;46;S;M;4049;EMP
057540036036-8754;057540036036;100mN32004E42252;PO;NA;5;6;S;F;0614;NEP
057540036036-8754;057540036036;100mN32004E42252;PO;NA;5;18;M;M;1824;EMP
057540036036-8754;057540036036;100mN32004E42252;PO;NA;5;3;S;F;0305;NEP
057540036036-8755;057540036036;100mN32004E42281;MC;NA;2;33;M;F;3039;EMP
057540036036-8755;057540036036;100mN32004E42281;MC;NA;2;35;M;M;3039;EMP
057540036036-8756;057540036036;100mN32004E42281;SF;NA;4;43;S;F;4049;EMP
057540036036-8756;057540036036;100mN32004E42281;SF;NA;4;4;S;F;0305;NEP
057540036036-8756;057540036036;100mN32004E42281;SF;NA;4;11;S;M;0614;NEP
057540036036-8756;057540036036;100mN32004E42281;SF;NA;4;11;S;M;0614;NEP
057540036036-8757;057540036036;100mN32004E42281;MC;NA;4;48;M;M;4049;UEP
057540036036-8757;057540036036;100mN32004E42281;MC;NA;4;41;M;F;4049;EMP
057540036036-8757;057540036036;100mN32004E42281;MC;NA;4;10;S;F;0614;NEP
057540036036-8757;057540036036;100mN32004E42281;MC;NA;4;25;W;F;2529;EMP
057540036036-8758;057540036036;100mN32004E42281;PO;NA;4;54;S;M;5064;EMP
057540036036-8758;057540036036;100mN32004E42281;PO;NA;4;51;S;M;5064;NEP
057540036036-8758;057540036036;100mN32004E42281;PO;NA;4;3;S;M;0305;NEP
057540036036-8758;057540036036;100mN32004E42281;PO;NA;4;32;D;F;3039;NEP
057540036036-8759;057540036036;100mN32004E42281;S;NA;1;37;M;M;3039;EMP
057540036036-8760;057540036036;100mN32004E42281;MC;NA;3;32;M;M;3039;EMP
057540036036-8760;057540036036;100mN32004E42281;MC;NA;3;35;M;F;3039;EMP
057540036036-8760;057540036036;100mN32004E42281;MC;NA;3;12;S;M;0614;NEP
057540036036-8761;057540036036;100mN31962E42308;S;NA;1;25;W;F;2529;EMP
057540036036-8762;057540036036;100mN31973E42297;S;NA;1;83;S;M;75XX;EMP
057540036036-8763;057540036036;100mN32018E42289;MC;NA;6;61;M;F;5064;EMP
057540036036-8763;057540036036;100mN32018E42289;MC;NA;6;61;M;M;5064;EMP
057540036036-8763;057540036036;100mN32018E42289;MC;NA;6;9;S;M;0614;NEP
057540036036-8763;057540036036;100mN32018E42289;MC;NA;6;16;S;M;1517;EMP
057540036036-8763;057540036036;100mN32018E42289;MC;NA;6;26;D;M;2529;NEP
057540036036-8763;057540036036;100mN32018E42289;MC;NA;6;42;S;M;4049;EMP
057540036036-8764;057540036036;100mN31992E42269;MC;NA;2;33;M;F;3039;NEP
057540036036-8764;057540036036;100mN31992E42269;MC;NA;2;34;M;M;3039;EMP
057540036036-8765;057540036036;100mN31992E42269;MC;NA;2;45;M;M;4049;EMP
057540036036-8765;057540036036;100mN31992E42269;MC;NA;2;43;M;F;4049;EMP
057540036036-8766;057540036036;100mN31992E42269;SF;NA;4;37;W;F;3039;EMP
057540036036-8766;057540036036;100mN31992E42269;SF;NA;4;15;S;F;1517;EMP
057540036036-8766;057540036036;100mN31992E42269;SF;NA;4;12;S;F;0614;NEP
057540036036-8766;057540036036;100mN31992E42269;SF;NA;4;10;S;M;0614;NEP
057540036036-8767;057540036036;100mN31993E42269;S;OS;1;52;M;F;5064;EMP
057540036036-8768;057540036036;100mN31993E42269;MC;OS;3;82;M;M;75XX;EMP
057540036036-8768;057540036036;100mN31993E42269;MC;OS;3;80;M;F;75XX;EMP
057540036036-8768;057540036036;100mN31993E42269;MC;OS;3;72;M;M;6574;EMP
057540036036-8769;057540036036;100mN31993E42269;MC;NA;2;48;M;F;4049;EMP
057540036036-8769;057540036036;100mN31993E42269;MC;NA;2;59;M;M;5064;EMP
057540036036-8770;057540036036;100mN31975E42274;MC;NA;4;35;M;M;3039;EMP
057540036036-8770;057540036036;100mN31975E42274;MC;NA;4;34;M;F;3039;EMP
057540036036-8770;057540036036;100mN31975E42274;MC;NA;4;20;S;M;1824;NEP
057540036036-8770;057540036036;100mN31975E42274;MC;NA;4;3;S;M;0305;NEP
057540036036-8771;057540036036;100mN32001E42258;MC;NA;4;34;M;F;3039;NEP
057540036036-8771;057540036036;100mN32001E42258;MC;NA;4;37;M;M;3039;EMP
057540036036-8771;057540036036;100mN32001E42258;MC;NA;4;2;S;M;0003;NEP
057540036036-8771;057540036036;100mN32001E42258;MC;NA;4;8;S;F;0614;NEP
057540036036-8772;057540036036;100mN32001E42258;PO;OS;2;70;S;M;6574;EMP
057540036036-8772;057540036036;100mN32001E42258;PO;OS;2;70;S;F;6574;EMP
057540036036-8773;057540036036;100mN32001E42258;PO;MIX;4;65;M;F;6574;EMP
057540036036-8773;057540036036;100mN32001E42258;PO;MIX;4;20;S;M;1824;NEP
057540036036-8773;057540036036;100mN32001E42258;PO;MIX;4;18;S;M;1824;EMP
057540036036-8773;057540036036;100mN32001E42258;PO;MIX;4;1;S;M;0003;NEP
057540036036-8774;057540036036;100mN32001E42258;SF;NA;2;46;W;F;4049;EMP
057540036036-8774;057540036036;100mN32001E42258;SF;NA;2;12;S;M;0614;NEP
057540036036-8775;057540036036;100mN32001E42258;MC;OS;3;86;M;F;75XX;NEP
057540036036-8775;057540036036;100mN32001E42258;MC;OS;3;31;S;M;3039;NEP
057540036036-8775;057540036036;100mN32001E42258;MC;OS;3;70;S;M;6574;EMP
057540036036-8776;057540036036;100mN32001E42258;MC;NA;4;47;M;M;4049;EMP
057540036036-8776;057540036036;100mN32001E42258;MC;NA;4;42;M;F;4049;EMP
057540036036-8776;057540036036;100mN32001E42258;MC;NA;4;3;S;F;0305;NEP
057540036036-8776;057540036036;100mN32001E42258;MC;NA;4;9;S;F;0614;NEP
057540036036-8777;057540036036;100mN32001E42258;MC;NA;2;60;M;F;5064;NEP
057540036036-8777;057540036036;100mN32001E42258;MC;NA;2;69;S;M;6574;EMP
057540036036-8778;057540036036;100mN32001E42258;PO;NA;4;41;S;F;4049;EMP
057540036036-8778;057540036036;100mN32001E42258;PO;NA;4;33;S;M;3039;EMP
057540036036-8778;057540036036;100mN32001E42258;PO;NA;4;6;S;M;0614;NEP
057540036036-8778;057540036036;100mN32001E42258;PO;NA;4;3;S;M;0305;NEP
057540036036-8779;057540036036;100mN32001E42258;SM;MIX;2;66;W;M;6574;NEP
057540036036-8779;057540036036;100mN32001E42258;SM;MIX;2;3;S;F;0305;NEP
057540036036-8780;057540036036;100mN32001E42258;MC;NA;3;56;M;M;5064;EMP
057540036036-8780;057540036036;100mN32001E42258;MC;NA;3;40;M;M;4049;EMP
057540036036-8780;057540036036;100mN32001E42258;MC;NA;3;25;M;M;2529;EMP
057540036036-8781;057540036036;100mN32001E42258;MC;NA;2;40;M;F;4049;EMP
057540036036-8781;057540036036;100mN32001E42258;MC;NA;2;42;M;M;4049;EMP
057540036036-8782;057540036036;100mN32001E42258;MC;OS;2;78;M;M;75XX;NEP
057540036036-8782;057540036036;100mN32001E42258;MC;OS;2;77;M;F;75XX;NEP
057540036036-8783;057540036036;100mN31964E42279;PO;NA;2;59;S;M;5064;NEP
057540036036-8783;057540036036;100mN31964E42279;PO;NA;2;57;S;M;5064;EMP
057540036036-8784;057540036036;100mN32003E42258;SM;NA;3;36;W;M;3039;EMP
057540036036-8784;057540036036;100mN32003E42258;SM;NA;3;12;S;M;0614;NEP
057540036036-8784;057540036036;100mN32003E42258;SM;NA;3;9;S;F;0614;NEP
057540036036-8785;057540036036;100mN32001E42258;PO;NA;4;53;S;F;5064;EMP
057540036036-8785;057540036036;100mN32001E42258;PO;NA;4;56;S;F;5064;EMP
057540036036-8785;057540036036;100mN32001E42258;PO;NA;4;1;S;M;0003;NEP
057540036036-8785;057540036036;100mN32001E42258;PO;NA;4;7;S;F;0614;NEP
057540036036-8786;057540036036;100mN32001E42258;PO;NA;4;28;S;M;2529;EMP
057540036036-8786;057540036036;100mN32001E42258;PO;NA;4;26;S;F;2529;EMP
057540036036-8786;057540036036;100mN32001E42258;PO;NA;4;0;S;F;0003;NEP
057540036036-8786;057540036036;100mN32001E42258;PO;NA;4;3;S;M;0305;NEP
057540036036-8787;057540036036;100mN32001E42258;MC;NA;3;26;M;F;2529;EMP
057540036036-8787;057540036036;100mN32001E42258;MC;NA;3;30;M;M;3039;EMP
057540036036-8787;057540036036;100mN32001E42258;MC;NA;3;4;S;F;0305;NEP
057540036036-8788;057540036036;100mN32001E42258;PO;NA;5;40;S;F;4049;NEP
057540036036-8788;057540036036;100mN32001E42258;PO;NA;5;42;S;M;4049;EMP
057540036036-8788;057540036036;100mN32001E42258;PO;NA;5;6;S;F;0614;NEP
057540036036-8788;057540036036;100mN32001E42258;PO;NA;5;15;S;F;1517;EMP
057540036036-8788;057540036036;100mN32001E42258;PO;NA;5;2;S;F;0003;NEP
057540036036-8789;057540036036;100mN32005E42260;MC;NA;3;47;M;M;4049;NEP
057540036036-8789;057540036036;100mN32005E42260;MC;NA;3;45;M;F;4049;EMP
057540036036-8789;057540036036;100mN32005E42260;MC;NA;3;11;S;M;0614;NEP
057540036036-8790;057540036036;100mN32018E42290;MC;NA;5;45;M;M;4049;EMP
057540036036-8790;057540036036;100mN32018E42290;MC;NA;5;44;M;F;4049;NEP
057540036036-8790;057540036036;100mN32018E42290;MC;NA;5;11;S;F;0614;NEP
057540036036-8790;057540036036;100mN32018E42290;MC;NA;5;16;S;M;1517;EMP
057540036036-8790;057540036036;100mN32018E42290;MC;NA;5;27;D;F;2529;EMP
057540036036-8791;057540036036;100mN32018E42290;S;OS;1;31;S;F;3039;NEP
057540036036-8792;057540036036;100mN32012E42239;MC;NA;2;22;M;F;1824;EMP
057540036036-8792;057540036036;100mN32012E42239;MC;NA;2;30;M;M;3039;NEP
057540036036-8793;057540036036;100mN32018E42290;S;NA;1;80;W;F;75XX;EMP
057540036036-8794;057540036036;100mN32018E42290;MC;NA;3;44;M;M;4049;NEP
057540036036-8794;057540036036;100mN32018E42290;MC;NA;3;40;M;F;4049;EMP
057540036036-8794;057540036036;100mN32018E42290;MC;NA;3;4;S;M;0305;NEP
057540036036-8795;057540036036;100mN32018E42290;MC;OS;3;65;M;F;6574;EMP
057540036036-8795;057540036036;100mN32018E42290;MC;OS;3;70;M;M;6574;UEP
057540036036-8795;057540036036;100mN32018E42290;MC;OS;3;88;S;F;75XX;NEP
057540036036-8796;057540036036;100mN32018E42290;MC;NA;2;59;M;M;5064;EMP
057540036036-8796;057540036036;100mN32018E42290;MC;NA;2;58;M;F;5064;NEP
057540036036-8797;057540036036;100mN32008E42289;S;OS;1;59;S;F;5064;NEP
057540036036-8798;057540036036;100mN32018E42290;MC;NA;4;63;M;F;5064;NEP
057540036036-8798;057540036036;100mN32018E42290;MC;NA;4;61;M;M;5064;EMP
057540036036-8798;057540036036;100mN32018E42290;MC;NA;4;7;S;M;0614;NEP
057540036036-8798;057540036036;100mN32018E42290;MC;NA;4;19;M;F;1824;NEP
057540036036-8799;057540036036;100mN32018E42290;S;NA;1;37;D;M;3039;EMP
057540036036-8800;057540036036;100mN32018E42290;MC;NA;4;52;M;M;5064;EMP
057540036036-8800;057540036036;100mN32018E42290;MC;NA;4;44;M;F;4049;EMP
057540036036-8800;057540036036;100mN32018E42290;MC;NA;4;6;S;M;0614;NEP
057540036036-8800;057540036036;100mN32018E42290;MC;NA;4;12;S;M;0614;NEP
057540036036-8801;057540036036;100mN32018E42290;MC;OS;3;88;M;F;75XX;EMP
057540036036-8801;057540036036;100mN32018E42290;MC;OS;3;69;M;F;6574;EMP
057540036036-8801;057540036036;100mN32018E42290;MC;OS;3;87;W;F;75XX;EMP
057540036036-8802;057540036036;100mN32018E42290;SF;NA;2;43;D;F;4049;EMP
057540036036-8802;057540036036;100mN32018E42290;SF;NA;2;13;S;M;0614;NEP
057540036036-8803;057540036036;100mN32012E42244;S;NA;1;72;S;M;6574;EMP
057540036036-8804;057540036036;100mN32012E42244;MC;OS;2;81;M;M;75XX;EMP
057540036036-8804;057540036036;100mN32012E42244;MC;OS;2;65;M;F;6574;NEP
057540036036-8805;057540036036;100mN32012E42244;NA;MIX;3;35;M;F;3039;EMP
057540036036-8805;057540036036;100mN32012E42244;NA;MIX;3;40;S;M;4049;NEP
057540036036-8805;057540036036;100mN32012E42244;NA;MIX;3;18;M;M;1824;EMP
057540036036-8806;057540036036;100mN32012E42244;S;NA;1;42;W;F;4049;EMP
057540036036-8807;057540036036;100mN31990E42261;S;NA;1;84;M;F;75XX;EMP
057540036036-8808;057540036036;100mN32012E42244;MC;NA;5;57;M;F;5064;NEP
057540036036-8808;057540036036;100mN32012E42244;MC;NA;5;58;M;M;5064;NEP
057540036036-8808;057540036036;100mN32012E42244;MC;NA;5;18;M;F;1824;NEP
057540036036-8808;057540036036;100mN32012E42244;MC;NA;5;0;S;F;0003;NEP
057540036036-8808;057540036036;100mN32012E42244;MC;NA;5;13;S;M;0614;NEP
057540036036-8809;057540036036;100mN32008E42279;S;NA;1;51;M;M;5064;EMP
057540036036-8810;057540036036;100mN31963E42303;MC;NA;3;31;M;M;3039;EMP
057540036036-8810;057540036036;100mN31963E42303;MC;NA;3;31;M;F;3039;EMP
057540036036-8810;057540036036;100mN31963E42303;MC;NA;3;16;S;F;1517;NEP
057540036036-8811;057540036036;100mN32012E42244;S;NA;1;52;S;F;5064;EMP
057540036036-8812;057540036036;100mN32012E42244;MC;NA;5;45;M;M;4049;EMP
057540036036-8812;057540036036;100mN32012E42244;MC;NA;5;45;M;F;4049;EMP
057540036036-8812;057540036036;100mN32012E42244;MC;NA;5;8;S;M;0614;NEP
057540036036-8812;057540036036;100mN32012E42244;MC;NA;5;4;S;F;0305;NEP
057540036036-8812;057540036036;100mN32012E42244;MC;NA;5;16;S;F;1517;NEP
057540036036-8813;057540036036;100mN32012E42244;MC;OS;2;82;M;F;75XX;EMP
057540036036-8813;057540036036;100mN32012E42244;MC;OS;2;84;M;M;75XX;EMP
057540036036-8814;057540036036;100mN32012E42244;MC;NA;3;43;M;M;4049;EMP
057540036036-8814;057540036036;100mN32012E42244;MC;NA;3;35;M;F;3039;EMP
057540036036-8814;057540036036;100mN32012E42244;MC;NA;3;1;S;M;0003;NEP
057540036036-8815;057540036036;100mN32012E42244;MC;NA;2;26;M;M;2529;EMP
057540036036-8815;057540036036;100mN32012E42244;MC;NA;2;18;M;F;1824;NEP
057540036036-8816;057540036036;100mN32012E42244;MC;NA;2;54;M;F;5064;NEP
057540036036-8816;057540036036;100mN32012E42244;MC;NA;2;63;M;M;5064;EMP
057540036036-8817;057540036036;100mN32012E42244;S;NA;1;32;M;M;3039;NEP
057540036036-8818;057540036036;100mN32012E42244;MC;NA;3;62;M;M;5064;NEP
057540036036-8818;057540036036;100mN32012E42244;MC;NA;3;61;M;F;5064;NEP
057540036036-8818;057540036036;100mN32012E42244;MC;NA;3;11;S;M;0614;NEP
057540036036-8819;057540036036;100mN32012E42244;PO;NA;3;42;S;M;4049;EMP
057540036036-8819;057540036036;100mN32012E42244;PO;NA;3;43;S;M;4049;EMP
057540036036-8819;057540036036;100mN32012E42244;PO;NA;3;15;S;M;1517;UEP
057540036036-8820;057540036036;100mN31999E42257;MC;MIX;2;86;M;M;75XX;NEP
057540036036-8820;057540036036;100mN31999E42257;MC;MIX;2;16;S;F;1517;EMP
057540036036-8821;057540036036;100mN32012E42244;MC;NA;4;43;M;M;4049;EMP
057540036036-8821;057540036036;100mN32012E42244;MC;NA;4;41;M;F;4049;NEP
057540036036-8821;057540036036;100mN32012E42244;MC;NA;4;0;S;M;0003;NEP
057540036036-8821;057540036036;100mN32012E42244;MC;NA;4;1;S;F;0003;NEP
057540036036-8822;057540036036;100mN31979E42262;S;NA;1;45;M;F;4049;NEP
057540036036-8823;057540036036;100mN31979E42262;S;NA;1;22;S;M;1824;EMP
057540036036-8824;057540036036;100mN31979E42262;MC;NA;3;52;M;M;5064;NEP
057540036036-8824;057540036036;100mN31979E42262;MC;NA;3;52;M;F;5064;EMP
057540036036-8824;057540036036;100mN31979E42262;MC;NA;3;21;W;M;1824;NEP
057540036036-8825;057540036036;100mN32018E42240;S;NA;1;16;S;F;1517;EMP
057540036036-8826;057540036036;100mN32018E42240;MC;NA;2;33;M;M;3039;EMP
057540036036-8826;057540036036;100mN32018E42240;MC;NA;2;30;M;F;3039;NEP
057540036036-8827;057540036036;100mN32018E42240;S;OS;1;53;M;F;5064;EMP
057540036036-8828;057540036036;100mN31981E42262;SF;NA;2;27;D;F;2529;NEP
057540036036-8828;057540036036;100mN31981E42262;SF;NA;2;7;S;M;0614;NEP
057540036036-8829;057540036036;100mN32018E42240;S;OS;1;33;M;F;3039;EMP
057540036036-8830;057540036036;100mN32018E42240;MC;NA;3;21;M;M;1824;EMP
057540036036-8830;057540036036;100mN32018E42240;MC;NA;3;18;M;F;1824;NEP
057540036036-8830;057540036036;100mN32018E42240;MC;NA;3;0;S;M;0003;NEP
057540036036-8831;057540036036;100mN32018E42240;MC;NA;2;43;M;F;4049;EMP
057540036036-8831;057540036036;100mN32018E42240;MC;NA;2;52;M;M;5064;EMP
057540036036-8832;057540036036;100mN32018E42240;SF;NA;3;23;W;F;1824;EMP
057540036036-8832;057540036036;100mN32018E42240;SF;NA;3;8;S;F;0614;NEP
057540036036-8832;057540036036;100mN32018E42240;SF;NA;3;4;S;F;0305;NEP
057540036036-8833;057540036036;100mN31995E42255;MC;NA;4;18;M;M;1824;EMP
057540036036-8833;057540036036;100mN31995E42255;MC;NA;4;18;M;F;1824;EMP
057540036036-8833;057540036036;100mN31995E42255;MC;NA;4;1;S;F;0003;NEP
057540036036-8833;057540036036;100mN31995E42255;MC;NA;4;3;S;F;0305;NEP
057540036036-8834;057540036036;100mN31965E42267;MC;NA;2;62;M;M;5064;EMP
057540036036-8834;057540036036;100mN31965E42267;MC;NA;2;57;M;F;5064;EMP
057540036036-8835;057540036036;100mN32018E42240;NA;OS;2;53;S;M;5064;EMP
057540036036-8835;057540036036;100mN32018E42240;NA;OS;2;45;S;F;4049;NEP
057540036036-8836;057540036036;100mN32018E42240;MC;MIX;3;88;S;M;75XX;UEP
057540036036-8836;057540036036;100mN32018E42240;MC;MIX;3;28;M;F;2529;EMP
057540036036-8836;057540036036;100mN32018E42240;MC;MIX;3;20;M;M;1824;EMP
057540036036-8837;057540036036;100mN32018E42240;SF;NA;2;61;W;F;5064;NEP
057540036036-8837;057540036036;100mN32018E42240;SF;NA;2;13;S;M;0614;NEP
057540036036-8838;057540036036;100mN32018E42240;MC;NA;2;34;M;M;3039;NEP
057540036036-8838;057540036036;100mN32018E42240;MC;NA;2;31;M;F;3039;NEP
057540036036-8839;057540036036;100mN32008E42279;MC;NA;3;34;M;M;3039;EMP
057540036036-8839;057540036036;100mN32008E42279;MC;NA;3;41;M;F;4049;NEP
057540036036-8839;057540036036;100mN32008E42279;MC;NA;3;4;S;F;0305;NEP
057540036036-8840;057540036036;100mN32018E42240;MC;NA;4;43;M;F;4049;EMP
057540036036-8840;057540036036;100mN32018E42240;MC;NA;4;56;M;M;5064;NEP
057540036036-8840;057540036036;100mN32018E42240;MC;NA;4;8;S;F;0614;NEP
057540036036-8840;057540036036;100mN32018E42240;MC;NA;4;4;S;F;0305;NEP
057540036036-8841;057540036036;100mN32018E42240;MC;NA;4;48;M;F;4049;EMP
057540036036-8841;057540036036;100mN32018E42240;MC;NA;4;51;M;M;5064;EMP
057540036036-8841;057540036036;100mN32018E42240;MC;NA;4;7;S;F;0614;NEP
057540036036-8841;057540036036;100mN32018E42240;MC;NA;4;10;S;F;0614;NEP
057540036036-8842;057540036036;100mN32018E42240;NA;OS;4;88;S;F;75XX;EMP
057540036036-8842;057540036036;100mN32018E42240;NA;OS;4;31;M;F;3039;EMP
057540036036-8842;057540036036;100mN32018E42240;NA;OS;4;25;M;F;2529;NEP
057540036036-8842;057540036036;100mN32018E42240;NA;OS;4;76;M;F;75XX;EMP
057540036036-8843;057540036036;100mN32018E42240;PO;OS;3;71;S;F;6574;NEP
057540036036-8843;057540036036;100mN32018E42240;PO;OS;3;77;S;F;75XX;EMP
057540036036-8843;057540036036;100mN32018E42240;PO;OS;3;68;M;M;6574;EMP
057540036036-8844;057540036036;100mN32018E42240;MC;MIX;4;80;S;F;75XX;NEP
057540036036-8844;057540036036;100mN32018E42240;MC;MIX;4;41;M;F;4049;EMP
057540036036-8844;057540036036;100mN32018E42240;MC;MIX;4;46;M;M;4049;NEP
057540036036-8844;057540036036;100mN32018E42240;MC;MIX;4;25;M;M;2529;NEP
057540036036-8845;057540036036;100mN32004E42253;MC;NA;4;61;M;M;5064;EMP
057540036036-8845;057540036036;100mN32004E42253;MC;NA;4;60;M;F;5064;EMP
057540036036-8845;057540036036;100mN32004E42253;MC;NA;4;15;S;F;1517;NEP
057540036036-8845;057540036036;100mN32004E42253;MC;NA;4;12;S;M;0614;NEP
057540036036-8846;057540036036;100mN32018E42240;S;OS;1;22;M;F;1824;EMP
057540036036-8847;057540036036;100mN32009E42291;MC;NA;3;34;M;M;3039;UEP
057540036036-8847;057540036036;100mN32009E42291;MC;NA;3;37;M;F;3039;EMP
057540036036-8847;057540036036;100mN32009E42291;MC;NA;3;9;S;M;0614;NEP
057540036036-8848;057540036036;100mN32009E42291;SF;NA;2;61;S;F;5064;EMP
057540036036-8848;057540036036;100mN32009E42291;SF;NA;2;16;S;F;1517;EMP
057540036036-8849;057540036036;100mN32009E42291;S;OS;1;26;M;M;2529;NEP
057540036036-8850;057540036036;100mN32009E42291;MC;OS;3;80;M;F;75XX;EMP
057540036036-8850;057540036036;100mN32009E42291;MC;OS;3;82;M;M;75XX;EMP
057540036036-8850;057540036036;100mN32009E42291;MC;OS;3;80;M;F;75XX;EMP
057540036036-8851;057540036036;100mN32009E42291;SF;MIX;2;70;S;F;6574;NEP
057540036036-8851;057540036036;100mN32009E42291;SF;MIX;2;1;S;F;0003;NEP
057540036036-8852;057540036036;100mN32001E42290;S;NA;1;57;S;F;5064;NEP
057540036036-8853;057540036036;100mN32001E42290;MC;NA;3;32;M;M;3039;UEP
057540036036-8853;057540036036;100mN32001E42290;MC;NA;3;32;M;F;3039;EMP
057540036036-8853;057540036036;100mN32001E42290;MC;NA;3;9;S;M;0614;NEP
057540036036-8854;057540036036;100mN32005E42260;MC;NA;3;34;M;M;3039;EMP
057540036036-8854;057540036036;100mN32005E42260;MC;NA;3;25;M;F;2529;EMP
057540036036-8854;057540036036;100mN32005E42260;MC;NA;3;12;S;F;0614;NEP
057540036036-8855;057540036036;100mN32001E42290;MC;NA;2;53;M;M;5064;NEP
057540036036-8855;057540036036;100mN32001E42290;MC;NA;2;50;M;F;5064;NEP
057540036036-8856;057540036036;100mN31989E42264;SF;NA;5;52;D;F;5064;NEP
057540036036-8856;057540036036;100mN31989E42264;SF;NA;5;20;S;F;1824;NEP
057540036036-8856;057540036036;100mN31989E42264;SF;NA;5;15;S;F;1517;EMP
057540036036-8856;057540036036;100mN31989E42264;SF;NA;5;1;S;F;0003;NEP
057540036036-8856;057540036036;100mN31989E42264;SF;NA;5;3;S;F;0305;NEP
057540036036-8857;057540036036;100mN31976E42253;MC;NA;4;60;M;M;5064;UEP
057540036036-8857;057540036036;100mN31976E42253;MC;NA;4;59;M;F;5064;EMP
057540036036-8857;057540036036;100mN31976E42253;MC;NA;4;7;S;M;0614;NEP
057540036036-8857;057540036036;100mN31976E42253;MC;NA;4;16;S;M;1517;EMP
057540036036-8858;057540036036;100mN32001E42290;S;NA;1;59;M;M;5064;NEP
057540036036-8859;057540036036;100mN32001E42290;MC;NA;2;40;M;M;4049;NEP
057540036036-8859;057540036036;100mN32001E42290;MC;NA;2;43;M;F;4049;EMP
057540036036-8860;057540036036;100mN32001E42290;S;NA;1;53;M;F;5064;NEP
057540036036-8861;057540036036;100mN32001E42290;MC;OS;2;68;M;F;6574;EMP
057540036036-8861;057540036036;100mN32001E42290;MC;OS;2;70;M;M;6574;NEP
057540036036-8862;057540036036;100mN32001E42290;MC;NA;2;46;M;M;4049;EMP
057540036036-8862;057540036036;100mN32001E42290;MC;NA;2;41;M;F;4049;EMP
057540036036-8863;057540036036;100mN32001E42290;PO;NA;2;19;S;M;1824;EMP
057540036036-8863;057540036036;100mN32001E42290;PO;NA;2;18;S;F;1824;EMP
057540036036-8864;057540036036;100mN32001E42290;MC;NA;2;19;M;M;1824;NEP
057540036036-8864;057540036036;100mN32001E42290;MC;NA;2;27;M;F;2529;NEP
057540036036-8865;057540036036;100mN31976E42252;MC;OS;2;86;M;F;75XX;EMP
057540036036-8865;057540036036;100mN31976E42252;MC;OS;2;37;M;M;3039;EMP
057540036036-8866;057540036036;100mN31976E42252;MC;NA;3;59;M;M;5064;NEP
057540036036-8866;057540036036;100mN31976E42252;MC;NA;3;61;M;F;5064;EMP
057540036036-8866;057540036036;100mN31976E42252;MC;NA;3;11;S;M;0614;NEP
057540036036-8867;057540036036;100mN31976E42252;NA;NA;2;34;M;M;3039;EMP
057540036036-8867;057540036036;100mN31976E42252;NA;NA;2;27;M;M;2529;EMP
057540036036-8868;057540036036;100mN31976E42252;MC;NA;2;61;M;F;5064;EMP
057540036036-8868;057540036036;100mN31976E42252;MC;NA;2;56;M;M;5064;NEP
057540036036-8869;057540036036;100mN31976E42252;MC;OS;2;69;M;F;6574;EMP
057540036036-8869;057540036036;100mN31976E42252;MC;OS;2;67;M;M;6574;EMP
057540036036-8870;057540036036;100mN31976E42252;S;NA;1;44;M;M;4049;EMP
057540036036-8871;057540036036;100mN31976E42252;SF;NA;2;28;D;F;2529;NEP
057540036036-8871;057540036036;100mN31976E42252;SF;NA;2;2;S;F;0003;NEP
057540036036-8872;057540036036;100mN31964E42279;S;OS;1;18;W;M;1824;EMP
057540036036-8873;057540036036;100mN31976E42252;MC;NA;2;32;M;M;3039;NEP
057540036036-8873;057540036036;100mN31976E42252;MC;NA;2;28;M;F;2529;EMP
057540036036-8874;057540036036;100mN31973E42298;MC;NA;4;43;M;F;4049;EMP
057540036036-8874;057540036036;100mN31973E42298;MC;NA;4;35;M;M;3039;EMP
057540036036-8874;057540036036;100mN31973E42298;MC;NA;4;8;S;F;0614;NEP
057540036036-8874;057540036036;100mN31973E42298;MC;NA;4;23;M;M;1824;EMP
057540036036-8875;057540036036;100mN31976E42252;PO;NA;5;59;S;M;5064;EMP
057540036036-8875;057540036036;100mN31976E42252;PO;NA;5;56;S;F;5064;NEP
057540036036-8875;057540036036;100mN31976E42252;PO;NA;5;4;S;F;0305;NEP
057540036036-8875;057540036036;100mN31976E42252;PO;NA;5;11;S;F;0614;NEP
057540036036-8875;057540036036;100mN31976E42252;PO;NA;5;8;S;F;0614;NEP
057540036036-8876;057540036036;100mN32017E42252;MC;NA;4;59;M;M;5064;NEP
057540036036-8876;057540036036;100mN32017E42252;MC;NA;4;55;M;F;5064;EMP
057540036036-8876;057540036036;100mN32017E42252;MC;NA;4;0;S;M;0003;NEP
057540036036-8876;057540036036;100mN32017E42252;MC;NA;4;13;S;M;0614;NEP
057540036036-8877;057540036036;100mN31976E42252;PO;OS;4;66;S;F;6574;EMP
057540036036-8877;057540036036;100mN31976E42252;PO;OS;4;69;S;M;6574;EMP
057540036036-8877;057540036036;100mN31976E42252;PO;OS;4;71;S;F;6574;EMP
057540036036-8877;057540036036;100mN31976E42252;PO;OS;4;83;S;F;75XX;EMP
057540036036-8878;057540036036;100mN31976E42252;MC;NA;4;47;M;F;4049;NEP
057540036036-8878;057540036036;100mN31976E42252;MC;NA;4;53;M;M;5064;EMP
057540036036-8878;057540036036;100mN31976E42252;MC;NA;4;11;S;M;0614;NEP
057540036036-8878;057540036036;100mN31976E42252;MC;NA;4;3;S;M;0305;NEP
057540036036-8879;057540036036;100mN31976E42252;MC;NA;3;58;M;F;5064;EMP
057540036036-8879;057540036036;100mN31976E42252;MC;NA;3;62;M;M;5064;NEP
057540036036-8879;057540036036;100mN31976E42252;MC;NA;3;23;W;F;1824;NEP
057540036036-8880;057540036036;100mN31976E42248;PO;OS;2;65;S;F;6574;EMP
057540036036-8880;057540036036;100mN31976E42248;PO;OS;2;67;S;F;6574;NEP
057540036036-8881;057540036036;100mN31976E42248;MC;NA;2;27;M;M;2529;EMP
057540036036-8881;057540036036;100mN31976E42248;MC;NA;2;26;M;F;2529;EMP
057540036036-8882;057540036036;100mN31976E42248;S;NA;1;63;S;F;5064;EMP
057540036036-8883;057540036036;100mN31976E42248;MC;NA;4;54;M;M;5064;EMP
057540036036-8883;057540036036;100mN31976E42248;MC;NA;4;47;M;F;4049;EMP
057540036036-8883;057540036036;100mN31976E42248;MC;NA;4;6;S;F;0614;NEP
057540036036-8883;057540036036;100mN31976E42248;MC;NA;4;4;S;F;0305;NEP
057540036036-8884;057540036036;100mN31976E42248;PO;NA;3;63;S;F;5064;EMP
057540036036-8884;057540036036;100mN31976E42248;PO;NA;3;63;S;M;5064;EMP
057540036036-8884;057540036036;100mN31976E42248;PO;NA;3;16;S;M;1517;EMP
057540036036-8885;057540036036;100mN31976E42248;S;OS;1;28;W;F;2529;EMP
057540036036-8886;057540036036;100mN32008E42289;SF;NA;2;51;W;F;5064;NEP
057540036036-8886;057540036036;100mN32008E42289;SF;NA;2;11;S;M;0614;NEP
057540036036-8887;057540036036;100mN32008E42289;SF;NA;2;51;S;F;5064;EMP
057540036036-8887;057540036036;100mN32008E42289;SF;NA;2;2;S;M;0003;NEP
057540036036-8888;057540036036;100mN32008E42289;MC;OS;4;79;M;M;75XX;EMP
057540036036-8888;057540036036;100mN32008E42289;MC;OS;4;77;M;F;75XX;NEP
057540036036-8888;057540036036;100mN32008E42289;MC;OS;4;83;S;M;75XX;NEP
057540036036-8888;057540036036;100mN32008E42289;MC;OS;4;87;D;F;75XX;EMP
057540036036-8889;057540036036;100mN32008E42289;S;NA;1;57;M;F;5064;NEP
057540036036-8890;057540036036;100mN32008E42289;MC;NA;2;55;M;F;5064;EMP
057540036036-8890;057540036036;100mN32008E42289;MC;NA;2;61;M;M;5064;EMP
057540036036-8891;057540036036;100mN31999E42254;MC;NA;2;48;M;F;4049;EMP
057540036036-8891;057540036036;100mN31999E42254;MC;NA;2;54;M;M;5064;UEP
057540036036-8892;057540036036;100mN31975E42298;S;OS;1;47;S;M;4049;EMP
057540036036-8893;057540036036;100mN32008E42289;MC;NA;4;35;M;F;3039;NEP
057540036036-8893;057540036036;100mN32008E42289;MC;NA;4;41;M;M;4049;EMP
057540036036-8893;057540036036;100mN32008E42289;MC;NA;4;7;S;M;0614;NEP
057540036036-8893;057540036036;100mN32008E42289;MC;NA;4;15;S;F;1517;NEP
057540036036-8894;057540036036;100mN32017E42247;S;NA;1;44;W;F;4049;EMP
057540036036-8895;057540036036;100mN32008E42289;S;OS;1;47;S;M;4049;EMP
057540036036-8896;057540036036;100mN32008E42289;S;NA;1;31;M;M;3039;EMP
057540036036-8897;057540036036;100mN32008E42289;MC;OS;4;85;M;M;75XX;NEP
057540036036-8897;057540036036;100mN32008E42289;MC;OS;4;84;M;F;75XX;EMP
057540036036-8897;057540036036;100mN32008E42289;MC;OS;4;67;S;F;6574;EMP
057540036036-8897;057540036036;100mN32008E42289;MC;OS;4;73;W;F;6574;NEP
057540036036-8898;057540036036;100mN32008E42289;S;NA;1;70;M;M;6574;EMP
057540036036-8899;057540036036;100mN32008E42289;MC;NA;5;44;M;M;4049;EMP
057540036036-8899;057540036036;100mN32008E42289;MC;NA;5;43;M;F;4049;NEP
057540036036-8899;057540036036;100mN32008E42289;MC;NA;5;12;S;F;0614;NEP
057540036036-8899;057540036036;100mN32008E42289;MC;NA;5;20;S;M;1824;EMP
057540036036-8899;057540036036;100mN32008E42289;MC;NA;5;9;S;F;0614;NEP
057540036036-8900;057540036036;100mN31999E42254;MC;NA;2;48;M;F;4049;EMP
057540036036-8900;057540036036;100mN31999E42254;MC;NA;2;54;M;M;5064;UEP
057540036036-8901;057540036036;100mN32008E42289;MC;MIX;2;84;M;F;75XX;EMP
057540036036-8901;057540036036;100mN32008E42289;MC;MIX;2;20;S;M;1824;EMP
057540036036-8902;057540036036;100mN32008E42289;S;NA;1;56;M;M;5064;EMP
057540036036-8903;057540036036;100mN32008E42289;MC;NA;3;32;M;F;3039;NEP
057540036036-8903;057540036036;100mN32008E42289;MC;NA;3;33;M;M;3039;EMP
057540036036-8903;057540036036;100mN32008E42289;MC;NA;3;7;S;M;0614;NEP
057540036036-8904;057540036036;100mN32008E42289;MC;OS;2;65;M;M;6574;EMP
057540036036-8904;057540036036;100mN32008E42289;MC;OS;2;72;M;F;6574;NEP
057540036036-8905;057540036036;100mN32008E42289;MC;NA;2;62;M;M;5064;EMP
057540036036-8905;057540036036;100mN32008E42289;MC;NA;2;62;M;F;5064;NEP
057540036036-8906;057540036036;100mN32008E42289;PO;MIX;3;83;M;M;75XX;NEP
057540036036-8906;057540036036;100mN32008E42289;PO;MIX;3;30;S;M;3039;NEP
057540036036-8906;057540036036;100mN32008E42289;PO;MIX;3;27;S;F;2529;EMP
057540036036-8907;057540036036;100mN32008E42289;S;NA;1;36;S;F;3039;NEP
057540036036-8908;057540036036;100mN32008E42289;S;NA;1;50;S;M;5064;NEP
057540036036-8909;057540036036;100mN32008E42289;SF;NA;3;57;W;F;5064;NEP
057540036036-8909;057540036036;100mN32008E42289;SF;NA;3;34;M;M;3039;EMP
057540036036-8909;057540036036;100mN32008E42289;SF;NA;3;27;W;F;2529;EMP
057540036036-8910;057540036036;100mN32008E42289;S;OS;1;59;S;F;5064;NEP
057540036036-8911;057540036036;100mN32008E42289;MC;NA;2;31;M;M;3039;EMP
057540036036-8911;057540036036;100mN32008E42289;MC;NA;2;28;M;F;2529;EMP
057540036036-8912;057540036036;100mN32008E42289;SF;NA;2;48;D;F;4049;EMP
057540036036-8912;057540036036;100mN32008E42289;SF;NA;2;9;S;F;0614;NEP
057540036036-8913;057540036036;100mN32008E42289;S;NA;1;48;S;M;4049;NEP
057540036036-8914;057540036036;100mN31999E42256;MC;NA;5;44;M;F;4049;NEP
057540036036-8914;057540036036;100mN31999E42256;MC;NA;5;52;M;M;5064;EMP
057540036036-8914;057540036036;100mN31999E42256;MC;NA;5;22;D;M;1824;EMP
057540036036-8914;057540036036;100mN31999E42256;MC;NA;5;27;S;M;2529;EMP
057540036036-8914;057540036036;100mN31999E42256;MC;NA;5;4;S;M;0305;NEP
057540036036-8915;057540036036;100mN32008E42289;PO;NA;3;40;S;M;4049;EMP
057540036036-8915;057540036036;100mN32008E42289;PO;NA;3;34;S;M;3039;EMP
057540036036-8915;057540036036;100mN32008E42289;PO;NA;3;7;S;M;0614;NEP
057540036036-8916;057540036036;100mN32008E42289;MC;OS;2;79;M;M;75XX;EMP
057540036036-8916;057540036036;100mN32008E42289;MC;OS;2;72;M;F;6574;NEP
057540036036-8917;057540036036;100mN32005E42282;S;OS;1;35;S;M;3039;NEP
057540036036-8918;057540036036;100mN31978E42256;MC;NA;2;59;M;F;5064;EMP
057540036036-8918;057540036036;100mN31978E42256;MC;NA;2;62;M;M;5064;EMP
057540036036-8919;057540036036;100mN31978E42256;MC;NA;3;20;M;F;1824;NEP
057540036036-8919;057540036036;100mN31978E42256;MC;NA;3;21;M;M;1824;EMP
057540036036-8919;057540036036;100mN31978E42256;MC;NA;3;3;S;M;0305;NEP
057540036036-8920;057540036036;100mN31978E42256;MC;NA;2;40;M;F;4049;NEP
057540036036-8920;057540036036;100mN31978E42256;MC;NA;2;41;M;M;4049;EMP
057540036036-8921;057540036036;100mN31995E42262;SF;NA;2;58;D;F;5064;EMP
057540036036-8921;057540036036;100mN31995E42262;SF;NA;2;1;S;M;0003;NEP
057540036036-8922;057540036036;100mN32023E42252;MC;NA;2;60;M;F;5064;NEP
057540036036-8922;057540036036;100mN32023E42252;MC;NA;2;55;M;M;5064;EMP
057540036036-8923;057540036036;100mN32023E42252;S;OS;1;19;M;M;1824;EMP
057540036036-8924;057540036036;100mN32023E42252;MC;NA;2;62;M;F;5064;EMP
057540036036-8924;057540036036;100mN32023E42252;MC;NA;2;44;M;M;4049;EMP
057540036036-8925;057540036036;100mN32023E42252;S;OS;1;67;M;M;6574;NEP
057540036036-8926;057540036036;100mN32023E42252;PO;OS;3;82;S;M;75XX;EMP
057540036036-8926;057540036036;100mN32023E42252;PO;OS;3;80;S;F;75XX;NEP
057540036036-8926;057540036036;100mN32023E42252;PO;OS;3;81;D;F;75XX;EMP
057540036036-8927;057540036036;100mN32022E42228;MC;MIX;3;73;S;M;6574;EMP
057540036036-8927;057540036036;100mN32022E42228;MC;MIX;3;56;M;M;5064;NEP
057540036036-8927;057540036036;100mN32022E42228;MC;MIX;3;57;M;F;5064;NEP
057540036036-8928;057540036036;100mN32022E42228;PO;NA;3;18;S;M;1824;NEP
057540036036-8928;057540036036;100mN32022E42228;PO;NA;3;18;S;M;1824;EMP
057540036036-8928;057540036036;100mN32022E42228;PO;NA;3;0;S;F;0003;NEP
057540036036-8929;057540036036;100mN32022E42228;SF;NA;6;84;D;F;75XX;EMP
057540036036-8929;057540036036;100mN32022E42228;SF;NA;6;3;S;M;0305;NEP
057540036036-8929;057540036036;100mN32022E42228;SF;NA;6;8;S;M;0614;NEP
057540036036-8929;057540036036;100mN32022E42228;SF;NA;6;25;W;F;2529;NEP
057540036036-8929;057540036036;100mN32022E42228;SF;NA;6;53;M;F;5064;NEP
057540036036-8929;057540036036;100mN32022E42228;SF;NA;6;25;S;M;2529;EMP
057540036036-8930;057540036036;100mN31989E42264;MC;NA;3;44;M;F;4049;EMP
057540036036-8930;057540036036;100mN31989E42264;MC;NA;3;45;M;M;4049;EMP
057540036036-8930;057540036036;100mN31989E42264;MC;NA;3;18;S;F;1824;EMP
057540036036-8931;057540036036;100mN31989E42264;MC;OS;5;81;M;F;75XX;NEP
057540036036-8931;057540036036;100mN31989E42264;MC;OS;5;89;M;M;75XX;EMP
057540036036-8931;057540036036;100mN31989E42264;MC;OS;5;67;D;F;6574;NEP
057540036036-8931;057540036036;100mN31989E42264;MC;OS;5;86;M;M;75XX;EMP
057540036036-8931;057540036036;100mN31989E42264;MC;OS;5;85;M;F;75XX;NEP
057540036036-8932;057540036036;100mN31999E42257;MC;NA;5;54;M;M;5064;EMP
057540036036-8932;057540036036;100mN31999E42257;MC;NA;5;51;M;F;5064;NEP
057540036036-8932;057540036036;100mN31999E42257;MC;NA;5;12;S;M;0614;NEP
057540036036-8932;057540036036;100mN31999E42257;MC;NA;5;18;M;F;1824;NEP
057540036036-8932;057540036036;100mN31999E42257;MC;NA;5;12;S;M;0614;NEP
057540036036-8933;057540036036;100mN31989E42264;SF;NA;5;52;D;F;5064;NEP
057540036036-8933;057540036036;100mN31989E42264;SF;NA;5;20;S;F;1824;NEP
057540036036-8933;057540036036;100mN31989E42264;SF;NA;5;15;S;F;1517;EMP
057540036036-8933;057540036036;100mN31989E42264;SF;NA;5;1;S;F;0003;NEP
057540036036-8933;057540036036;100mN31989E42264;SF;NA;5;3;S;F;0305;NEP
057540036036-8934;057540036036;100mN31989E42264;MC;OS;2;73;M;F;6574;NEP
057540036036-8934;057540036036;100mN31989E42264;MC;OS;2;82;M;M;75XX;NEP
057540036036-8935;057540036036;100mN32000E42273;PO;NA;2;41;S;F;4049;NEP
057540036036-8935;057540036036;100mN32000E42273;PO;NA;2;48;S;F;4049;EMP
057540036036-8936;057540036036;100mN31989E42264;PO;OS;2;65;S;M;6574;EMP
057540036036-8936;057540036036;100mN31989E42264;PO;OS;2;72;S;F;6574;EMP
057540036036-8937;057540036036;100mN31989E42264;MC;NA;2;42;M;M;4049;EMP
057540036036-8937;057540036036;100mN31989E42264;MC;NA;2;42;M;F;4049;NEP
057540036036-8938;057540036036;100mN31989E42264;PO;NA;2;27;S;M;2529;EMP
057540036036-8938;057540036036;100mN31989E42264;PO;NA;2;36;S;F;3039;EMP
057540036036-8939;057540036036;100mN31989E42264;S;NA;1;72;M;F;6574;EMP
057540036036-8940;057540036036;100mN31989E42264;MC;NA;3;42;M;F;4049;EMP
057540036036-8940;057540036036;100mN31989E42264;MC;NA;3;41;M;M;4049;EMP
057540036036-8940;057540036036;100mN31989E42264;MC;NA;3;16;S;M;1517;EMP
057540036036-8941;057540036036;100mN31989E42264;PO;OS;4;71;S;M;6574;EMP
057540036036-8941;057540036036;100mN31989E42264;PO;OS;4;66;S;F;6574;NEP
057540036036-8941;057540036036;100mN31989E42264;PO;OS;4;85;M;F;75XX;EMP
057540036036-8941;057540036036;100mN31989E42264;PO;OS;4;82;M;M;75XX;NEP
057540036036-8942;057540036036;100mN31989E42264;S;OS;1;25;M;F;2529;EMP
057540036036-8943;057540036036;100mN31995E42265;MC;OS;2;71;M;M;6574;UEP
057540036036-8943;057540036036;100mN31995E42265;MC;OS;2;65;M;F;6574;NEP
057540036036-8944;057540036036;100mN31995E42265;S;NA;1;41;S;F;4049;NEP
057540036036-8945;057540036036;100mN31995E42265;MC;NA;2;59;M;M;5064;NEP
057540036036-8945;057540036036;100mN31995E42265;MC;NA;2;47;M;F;4049;NEP
057540036036-8946;057540036036;100mN31995E42265;MC;NA;4;41;M;M;4049;EMP
057540036036-8946;057540036036;100mN31995E42265;MC;NA;4;38;M;F;3039;NEP
057540036036-8946;057540036036;100mN31995E42265;MC;NA;4;2;S;M;0003;NEP
057540036036-8946;057540036036;100mN31995E42265;MC;NA;4;21;S;M;1824;EMP
057540036036-8947;057540036036;100mN31995E42265;S;NA;1;50;M;F;5064;EMP
057540036036-8948;057540036036;100mN31968E42278;S;OS;1;18;M;M;1824;UEP
057540036036-8949;057540036036;100mN31968E42278;SF;NA;2;19;S;F;1824;EMP
057540036036-8949;057540036036;100mN31968E42278;SF;NA;2;3;S;F;0305;NEP
057540036036-8950;057540036036;100mN31968E42278;MC;NA;4;58;M;F;5064;EMP
057540036036-8950;057540036036;100mN31968E42278;MC;NA;4;63;M;M;5064;EMP
057540036036-8950;057540036036;100mN31968E42278;MC;NA;4;8;S;M;0614;NEP
057540036036-8950;057540036036;100mN31968E42278;MC;NA;4;7;S;F;0614;NEP
057540036036-8951;057540036036;100mN31995E42256;NA;NA;2;84;W;M;75XX;EMP
057540036036-8951;057540036036;100mN31995E42256;NA;NA;2;72;S;M;6574;EMP
057540036036-8952;057540036036;100mN31995E42256;MC;NA;2;42;M;F;4049;EMP
057540036036-8952;057540036036;100mN31995E42256;MC;NA;2;45;M;M;4049;NEP
057540036036-8953;057540036036;100mN31995E42256;S;NA;1;37;M;F;3039;EMP
057540036036-8954;057540036036;100mN31995E42256;PO;OS;3;69;S;M;6574;EMP
057540036036-8954;057540036036;100mN31995E42256;PO;OS;3;66;S;F;6574;EMP
057540036036-8954;057540036036;100mN31995E42256;PO;OS;3;84;M;M;75XX;NEP
057540036036-8955;057540036036;100mN31995E42256;MC;NA;5;62;M;F;5064;NEP
057540036036-8955;057540036036;100mN31995E42256;MC;NA;5;63;M;M;5064;EMP
057540036036-8955;057540036036;100mN31995E42256;MC;NA;5;31;M;M;3039;NEP
057540036036-8955;057540036036;100mN31995E42256;MC;NA;5;13;S;M;0614;NEP
057540036036-8955;057540036036;100mN31995E42256;MC;NA;5;10;S;F;0614;NEP
057540036036-8956;057540036036;100mN31995E42256;MC;NA;5;52;M;F;5064;NEP
057540036036-8956;057540036036;100mN31995E42256;MC;NA;5;54;M;M;5064;EMP
057540036036-8956;057540036036;100mN31995E42256;MC;NA;5;20;S;M;1824;EMP
057540036036-8956;057540036036;100mN31995E42256;MC;NA;5;12;S;M;0614;NEP
057540036036-8956;057540036036;100mN31995E42256;MC;NA;5;35;S;M;3039;EMP
057540036036-8957;057540036036;100mN31995E42256;SF;NA;2;33;D;F;3039;NEP
057540036036-8957;057540036036;100mN31995E42256;SF;NA;2;9;S;F;0614;NEP
057540036036-8958;057540036036;100mN31995E42256;MC;NA;6;32;M;F;3039;EMP
057540036036-8958;057540036036;100mN31995E42256;MC;NA;6;37;M;M;3039;NEP
057540036036-8958;057540036036;100mN31995E42256;MC;NA;6;1;S;M;0003;NEP
057540036036-8958;057540036036;100mN31995E42256;MC;NA;6;15;S;F;1517;EMP
057540036036-8958;057540036036;100mN31995E42256;MC;NA;6;15;S;M;1517;NEP
057540036036-8958;057540036036;100mN31995E42256;MC;NA;6;16;S;F;1517;EMP
057540036036-8959;057540036036;100mN31963E42306;MC;NA;3;31;M;F;3039;NEP
057540036036-8959;057540036036;100mN31963E42306;MC;NA;3;40;M;M;4049;EMP
057540036036-8959;057540036036;100mN31963E42306;MC;NA;3;3;S;F;0305;NEP
057540036036-8960;057540036036;100mN31995E42256;S;NA;1;55;M;F;5064;NEP
057540036036-8961;057540036036;100mN31990E42265;S;OS;1;42;M;M;4049;EMP
057540036036-8962;057540036036;100mN32007E42286;SF;NA;4;44;S;F;4049;EMP
057540036036-8962;057540036036;100mN32007E42286;SF;NA;4;15;S;F;1517;EMP
057540036036-8962;057540036036;100mN32007E42286;SF;NA;4;15;S;F;1517;EMP
057540036036-8962;057540036036;100mN32007E42286;SF;NA;4;13;S;F;0614;NEP
057540036036-8963;057540036036;100mN31995E42256;SF;NA;2;82;W;F;75XX;EMP
057540036036-8963;057540036036;100mN31995E42256;SF;NA;2;6;S;F;0614;NEP
057540036036-8964;057540036036;100mN32005E42282;MC;NA;4;51;M;F;5064;EMP
057540036036-8964;057540036036;100mN32005E42282;MC;NA;4;56;M;M;5064;EMP
057540036036-8964;057540036036;100mN32005E42282;MC;NA;4;28;S;M;2529;EMP
057540036036-8964;057540036036;100mN32005E42282;MC;NA;4;10;S;M;0614;NEP
057540036036-8965;057540036036;100mN32009E42249;S;NA;1;86;S;M;75XX;EMP
057540036036-8966;057540036036;100mN32009E42249;MC;NA;2;18;M;M;1824;EMP
057540036036-8966;057540036036;100mN32009E42249;MC;NA;2;18;M;F;1824;NEP
057540036036-8967;057540036036;100mN32009E42249;S;NA;1;18;S;M;1824;EMP
057540036036-8968;057540036036;100mN32009E42249;MC;NA;2;42;M;M;4049;EMP
057540036036-8968;057540036036;100mN32009E42249;MC;NA;2;40;M;F;4049;NEP
057540036036-8969;057540036036;100mN32009E42249;MC;MIX;2;67;M;F;6574;NEP
057540036036-8969;057540036036;100mN32009E42249;MC;MIX;2;48;M;M;4049;EMP
057540036036-8970;057540036036;100mN32018E42252;SF;NA;4;57;S;F;5064;EMP
057540036036-8970;057540036036;100mN32018E42252;SF;NA;4;9;S;M;0614;NEP
057540036036-8970;057540036036;100mN32018E42252;SF;NA;4;3;S;F;0305;NEP
057540036036-8970;057540036036;100mN32018E42252;SF;NA;4;32;M;F;3039;NEP
057540036036-8971;057540036036;100mN32009E42249;MC;NA;2;22;M;F;1824;NEP
057540036036-8971;057540036036;100mN32009E42249;MC;NA;2;28;M;M;2529;NEP
057540036036-8972;057540036036;100mN32009E42249;MC;MIX;2;73;M;F;6574;EMP
057540036036-8972;057540036036;100mN32009E42249;MC;MIX;2;3;S;F;0305;NEP
057540036036-8973;057540036036;100mN32009E42249;MC;NA;2;61;M;M;5064;EMP
057540036036-8973;057540036036;100mN32009E42249;MC;NA;2;57;M;F;5064;NEP
057540036036-8974;057540036036;100mN32009E42249;S;NA;1;59;M;F;5064;EMP
057540036036-8975;057540036036;100mN31995E42263;MC;OS;3;68;M;F;6574;EMP
057540036036-8975;057540036036;100mN31995E42263;MC;OS;3;71;M;M;6574;EMP
057540036036-8975;057540036036;100mN31995E42263;MC;OS;3;72;S;F;6574;EMP
057540036036-8976;057540036036;100mN31975E42270;MC;NA;4;46;M;F;4049;EMP
057540036036-8976;057540036036;100mN31975E42270;MC;NA;4;47;M;M;4049;EMP
057540036036-8976;057540036036;100mN31975E42270;MC;NA;4;15;S;F;1517;EMP
057540036036-8976;057540036036;100mN31975E42270;MC;NA;4;26;M;F;2529;EMP
057540036036-8977;057540036036;100mN31995E42263;MC;NA;3;41;M;M;4049;EMP
057540036036-8977;057540036036;100mN31995E42263;MC;NA;3;34;M;F;3039;EMP
057540036036-8977;057540036036;100mN31995E42263;MC;NA;3;7;S;F;0614;NEP
057540036036-8978;057540036036;100mN31969E42256;SF;NA;2;72;S;F;6574;NEP
057540036036-8978;057540036036;100mN31969E42256;SF;NA;2;57;D;M;5064;NEP
057540036036-8979;057540036036;100mN31969E42256;S;NA;1;82;S;M;75XX;EMP
057540036036-8980;057540036036;100mN32008E42277;S;NA;1;43;S;F;4049;EMP
057540036036-8981;057540036036;100mN31969E42256;MC;NA;2;34;M;F;3039;EMP
057540036036-8981;057540036036;100mN31969E42256;MC;NA;2;36;M;M;3039;EMP
057540036036-8982;057540036036;100mN31969E42256;MC;NA;2;44;M;F;4049;NEP
057540036036-8982;057540036036;100mN31969E42256;MC;NA;2;48;M;M;4049;EMP
057540036036-8983;057540036036;100mN31969E42256;MC;OS;4;89;M;M;75XX;EMP
057540036036-8983;057540036036;100mN31969E42256;MC;OS;4;80;M;F;75XX;EMP
057540036036-8983;057540036036;100mN31969E42256;MC;OS;4;78;M;M;75XX;EMP
057540036036-8983;057540036036;100mN31969E42256;MC;OS;4;89;D;M;75XX;NEP
057540036036-8984;057540036036;100mN31969E42256;MC;NA;2;38;M;M;3039;EMP
057540036036-8984;057540036036;100mN31969E42256;MC;NA;2;34;M;F;3039;EMP
057540036036-8985;057540036036;100mN31969E42256;MC;NA;2;19;M;M;1824;NEP
057540036036-8985;057540036036;100mN31969E42256;MC;NA;2;18;M;F;1824;NEP
057540036036-8986;057540036036;100mN32011E42248;MC;NA;4;62;M;M;5064;EMP
057540036036-8986;057540036036;100mN32011E42248;MC;NA;4;61;M;F;5064;EMP
057540036036-8986;057540036036;100mN32011E42248;MC;NA;4;12;S;M;0614;NEP
057540036036-8986;057540036036;100mN32011E42248;MC;NA;4;4;S;M;0305;NEP
057540036036-8987;057540036036;100mN31969E42256;S;NA;1;60;S;M;5064;EMP
057540036036-8988;057540036036;100mN31969E42256;MC;NA;4;45;M;F;4049;EMP
057540036036-8988;057540036036;100mN31969E42256;MC;NA;4;46;M;M;4049;EMP
057540036036-8988;057540036036;100mN31969E42256;MC;NA;4;10;S;M;0614;NEP
057540036036-8988;057540036036;100mN31969E42256;MC;NA;4;27;M;M;2529;EMP
057540036036-8989;057540036036;100mN31969E42256;MC;NA;3;34;M;M;3039;NEP
057540036036-8989;057540036036;100mN31969E42256;MC;NA;3;34;M;F;3039;NEP
057540036036-8989;057540036036;100mN31969E42256;MC;NA;3;19;S;M;1824;EMP
057540036036-8990;057540036036;100mN31969E42256;MC;NA;2;41;M;M;4049;EMP
057540036036-8990;057540036036;100mN31969E42256;MC;NA;2;38;M;F;3039;NEP
057540036036-8991;057540036036;100mN31961E42307;MC;NA;5;54;M;F;5064;EMP
057540036036-8991;057540036036;100mN31961E42307;MC;NA;5;56;M;M;5064;EMP
057540036036-8991;057540036036;100mN31961E42307;MC;NA;5;26;M;M;2529;EMP
057540036036-8991;057540036036;100mN31961E42307;MC;NA;5;36;S;M;3039;EMP
057540036036-8991;057540036036;100mN31961E42307;MC;NA;5;12;S;M;0614;NEP
057540036036-8992;057540036036;100mN31969E42256;NA;OS;2;43;S;F;4049;NEP
057540036036-8992;057540036036;100mN31969E42256;NA;OS;2;31;M;F;3039;NEP
057540036036-8993;057540036036;100mN31969E42256;MC;NA;3;31;M;M;3039;NEP
057540036036-8993;057540036036;100mN31969E42256;MC;NA;3;23;M;F;1824;NEP
057540036036-8993;057540036036;100mN31969E42256;MC;NA;3;2;S;F;0003;NEP
057540036036-8994;057540036036;100mN31957E42254;SF;NA;4;53;S;F;5064;EMP
057540036036-8994;057540036036;100mN31957E42254;SF;NA;4;1;S;F;0003;NEP
057540036036-8994;057540036036;100mN31957E42254;SF;NA;4;18;S;M;1824;EMP
057540036036-8994;057540036036;100mN31957E42254;SF;NA;4;32;S;M;3039;NEP
057540036036-8995;057540036036;100mN31969E42256;S;NA;1;57;M;F;5064;NEP
057540036036-8996;057540036036;100mN31969E42256;MC;NA;2;25;M;M;2529;NEP
057540036036-8996;057540036036;100mN31969E42256;MC;NA;2;25;M;F;2529;EMP
057540036036-8997;057540036036;100mN32022E42253;PO;OS;2;87;S;F;75XX;EMP
057540036036-8997;057540036036;100mN32022E42253;PO;OS;2;6;S;M;0614;NEP
057540036036-8998;057540036036;100mN31969E42256;MC;MIX;2;87;M;F;75XX;EMP
057540036036-8998;057540036036;100mN31969E42256;MC;MIX;2;63;M;M;5064;EMP
057540036036-8999;057540036036;100mN31990E42261;S;NA;1;61;S;M;5064;EMP
057540036036-9000;057540036036;100mN32007E42278;MC;MIX;3;66;M;F;6574;EMP
057540036036-9000;057540036036;100mN32007E42278;MC;MIX;3;42;M;F;4049;EMP
057540036036-9000;057540036036;100mN32007E42278;MC;MIX;3;40;M;M;4049;EMP
057540036036-9001;057540036036;100mN32008E42284;MC;NA;3;53;M;F;5064;EMP
057540036036-9001;057540036036;100mN32008E42284;MC;NA;3;53;M;M;5064;EMP
057540036036-9001;057540036036;100mN32008E42284;MC;NA;3;3;S;F;0305;NEP
057540036036-9002;057540036036;100mN32008E42284;S;NA;1;32;M;M;3039;EMP
057540036036-9003;057540036036;100mN32008E42284;MC;MIX;3;68;M;F;6574;EMP
057540036036-9003;057540036036;100mN32008E42284;MC;MIX;3;45;M;M;4049;EMP
057540036036-9003;057540036036;100mN32008E42284;MC;MIX;3;18;M;F;1824;EMP
057540036036-9004;057540036036;100mN31999E42254;SF;MIX;2;73;W;F;6574;NEP
057540036036-9004;057540036036;100mN31999E42254;SF;MIX;2;35;M;M;3039;EMP
057540036036-9005;057540036036;100mN32019E42247;S;OS;1;45;S;M;4049;EMP
057540036036-9006;057540036036;100mN32015E42292;MC;OS;4;70;M;F;6574;EMP
057540036036-9006;057540036036;100mN32015E42292;MC;OS;4;78;M;M;75XX;EMP
057540036036-9006;057540036036;100mN32015E42292;MC;OS;4;67;M;F;6574;EMP
057540036036-9006;057540036036;100mN32015E42292;MC;OS;4;81;D;M;75XX;EMP
057540036036-9007;057540036036;100mN32015E42292;MC;NA;3;60;M;M;5064;EMP
057540036036-9007;057540036036;100mN32015E42292;MC;NA;3;57;M;F;5064;EMP
057540036036-9007;057540036036;100mN32015E42292;MC;NA;3;41;M;F;4049;EMP
057540036036-9008;057540036036;100mN31979E42273;MC;NA;2;31;M;F;3039;NEP
057540036036-9008;057540036036;100mN31979E42273;MC;NA;2;34;M;M;3039;EMP
057540036036-9009;057540036036;100mN31979E42273;S;NA;1;72;D;F;6574;EMP
057540036036-9010;057540036036;100mN31979E42273;MC;NA;2;46;M;M;4049;EMP
057540036036-9010;057540036036;100mN31979E42273;MC;NA;2;43;M;F;4049;EMP
057540036036-9011;057540036036;100mN31950E42250;NA;MIX;3;36;S;M;3039;EMP
057540036036-9011;057540036036;100mN31950E42250;NA;MIX;3;44;M;F;4049;NEP
057540036036-9011;057540036036;100mN31950E42250;NA;MIX;3;77;D;M;75XX;NEP
057540036036-9012;057540036036;100mN31950E42250;PO;OS;2;65;S;F;6574;NEP
057540036036-9012;057540036036;100mN31950E42250;PO;OS;2;71;S;M;6574;EMP
057540036036-9013;057540036036;100mN31950E42250;S;NA;1;75;S;F;75XX;EMP
057540036036-9014;057540036036;100mN32004E42259;PO;NA;4;41;S;F;4049;NEP
057540036036-9014;057540036036;100mN32004E42259;PO;NA;4;44;S;M;4049;EMP
057540036036-9014;057540036036;100mN32004E42259;PO;NA;4;8;S;M;0614;NEP
057540036036-9014;057540036036;100mN32004E42259;PO;NA;4;22;M;F;1824;NEP
057540036036-9015;057540036036;100mN32004E42259;MC;OS;5;82;M;F;75XX;EMP
057540036036-9015;057540036036;100mN32004E42259;MC;OS;5;85;M;M;75XX;NEP
057540036036-9015;057540036036;100mN32004E42259;MC;OS;5;65;S;M;6574;EMP
057540036036-9015;057540036036;100mN32004E42259;MC;OS;5;83;S;M;75XX;EMP
057540036036-9015;057540036036;100mN32004E42259;MC;OS;5;71;W;F;6574;NEP
057540036036-9016;057540036036;100mN32004E42259;S;NA;1;46;W;F;4049;NEP
057540036036-9017;057540036036;100mN32004E42259;S;NA;1;57;S;M;5064;EMP
057540036036-9018;057540036036;100mN32004E42259;MC;NA;5;42;M;M;4049;EMP
057540036036-9018;057540036036;100mN32004E42259;MC;NA;5;48;M;F;4049;NEP
057540036036-9018;057540036036;100mN32004E42259;MC;NA;5;6;S;F;0614;NEP
057540036036-9018;057540036036;100mN32004E42259;MC;NA;5;1;S;M;0003;NEP
057540036036-9018;057540036036;100mN32004E42259;MC;NA;5;6;S;M;0614;NEP
057540036036-9019;057540036036;100mN32004E42259;MC;NA;2;43;M;F;4049;EMP
057540036036-9019;057540036036;100mN32004E42259;MC;NA;2;43;M;M;4049;NEP
057540036036-9020;057540036036;100mN32004E42259;MC;OS;2;76;M;F;75XX;NEP
057540036036-9020;057540036036;100mN32004E42259;MC;OS;2;77;M;M;75XX;EMP
057540036036-9021;057540036036;100mN32004E42259;MC;NA;2;54;M;M;5064;EMP
057540036036-9021;057540036036;100mN32004E42259;MC;NA;2;45;M;F;4049;NEP
057540036036-9022;057540036036;100mN32004E42259;S;NA;1;57;M;M;5064;EMP
057540036036-9023;057540036036;100mN32004E42259;MC;NA;4;40;M;M;4049;NEP
057540036036-9023;057540036036;100mN32004E42259;MC;NA;4;33;M;F;3039;EMP
057540036036-9023;057540036036;100mN32004E42259;MC;NA;4;13;S;F;0614;NEP
057540036036-9023;057540036036;100mN32004E42259;MC;NA;4;20;M;M;1824;EMP
057540036036-9024;057540036036;100mN32004E42259;S;NA;1;72;S;M;6574;EMP
057540036036-9025;057540036036;100mN31958E42295;MC;NA;3;22;M;F;1824;NEP
057540036036-9025;057540036036;100mN31958E42295;MC;NA;3;48;M;M;4049;EMP
057540036036-9025;057540036036;100mN31958E42295;MC;NA;3;7;S;M;0614;NEP
057540036036-9026;057540036036;100mN32004E42259;NA;NA;2;43;M;M;4049;NEP
057540036036-9026;057540036036;100mN32004E42259;NA;NA;2;70;S;F;6574;EMP
057540036036-9027;057540036036;100mN31990E42268;SF;MIX;3;89;S;M;75XX;EMP
057540036036-9027;057540036036;100mN31990E42268;SF;MIX;3;84;W;F;75XX;NEP
057540036036-9027;057540036036;100mN31990E42268;SF;MIX;3;2;S;M;0003;NEP
057540036036-9028;057540036036;100mN32004E42259;S;NA;1;83;M;F;75XX;EMP
057540036036-9029;057540036036;100mN32004E42259;MC;NA;3;63;M;F;5064;EMP
057540036036-9029;057540036036;100mN32004E42259;MC;NA;3;44;M;F;4049;NEP
057540036036-9029;057540036036;100mN32004E42259;MC;NA;3;36;M;M;3039;EMP
057540036036-9030;057540036036;100mN32004E42259;SF;NA;2;66;S;F;6574;EMP
057540036036-9030;057540036036;100mN32004E42259;SF;NA;2;47;D;M;4049;EMP
057540036036-9031;057540036036;100mN32022E42249;MC;MIX;2;70;M;M;6574;EMP
057540036036-9031;057540036036;100mN32022E42249;MC;MIX;2;47;M;F;4049;EMP
057540036036-9032;057540036036;100mN32022E42249;S;NA;1;48;S;F;4049;EMP
057540036036-9033;057540036036;100mN32022E42249;MC;NA;2;47;M;M;4049;EMP
057540036036-9033;057540036036;100mN32022E42249;MC;NA;2;44;M;F;4049;NEP
057540036036-9034;057540036036;100mN32022E42249;SF;NA;2;68;W;F;6574;NEP
057540036036-9034;057540036036;100mN32022E42249;SF;NA;2;11;S;M;0614;NEP
057540036036-9035;057540036036;100mN32022E42249;MC;OS;2;72;M;F;6574;EMP
057540036036-9035;057540036036;100mN32022E42249;MC;OS;2;73;M;M;6574;EMP
057540036036-9036;057540036036;100mN32022E42249;MC;MIX;2;87;M;M;75XX;NEP
057540036036-9036;057540036036;100mN32022E42249;MC;MIX;2;58;M;F;5064;EMP
057540036036-9037;057540036036;100mN32022E42249;S;OS;1;81;D;F;75XX;EMP
057540036036-9038;057540036036;100mN32022E42249;S;NA;1;46;M;M;4049;EMP
057540036036-9039;057540036036;100mN32022E42249;S;NA;1;25;W;M;2529;EMP
057540036036-9040;057540036036;100mN32022E42249;MC;NA;2;48;M;M;4049;EMP
057540036036-9040;057540036036;100mN32022E42249;MC;NA;2;48;M;F;4049;NEP
057540036036-9041;057540036036;100mN32022E42248;PO;MIX;4;87;S;F;75XX;NEP
057540036036-9041;057540036036;100mN32022E42248;PO;MIX;4;62;S;F;5064;NEP
057540036036-9041;057540036036;100mN32022E42248;PO;MIX;4;63;S;M;5064;EMP
057540036036-9041;057540036036;100mN32022E42248;PO;MIX;4;12;S;M;0614;NEP
057540036036-9042;057540036036;100mN32022E42248;MC;OS;4;70;M;M;6574;NEP
057540036036-9042;057540036036;100mN32022E42248;MC;OS;4;65;M;F;6574;NEP
057540036036-9042;057540036036;100mN32022E42248;MC;OS;4;68;M;M;6574;EMP
057540036036-9042;057540036036;100mN32022E42248;MC;OS;4;69;S;F;6574;NEP
057540036036-9043;057540036036;100mN32022E42248;MC;NA;2;38;M;F;3039;EMP
057540036036-9043;057540036036;100mN32022E42248;MC;NA;2;42;M;M;4049;NEP
057540036036-9044;057540036036;100mN31999E42257;MC;NA;3;63;M;M;5064;EMP
057540036036-9044;057540036036;100mN31999E42257;MC;NA;3;44;M;F;4049;NEP
057540036036-9044;057540036036;100mN31999E42257;MC;NA;3;6;S;F;0614;NEP
057540036036-9045;057540036036;100mN31999E42257;S;NA;1;53;M;F;5064;EMP
057540036036-9046;057540036036;100mN32022E42248;SF;MIX;3;70;S;F;6574;NEP
057540036036-9046;057540036036;100mN32022E42248;SF;MIX;3;26;W;F;2529;NEP
057540036036-9046;057540036036;100mN32022E42248;SF;MIX;3;10;S;M;0614;NEP
057540036036-9047;057540036036;100mN32022E42248;S;NA;1;65;S;F;6574;EMP
057540036036-9048;057540036036;100mN32022E42252;MC;MIX;6;85;W;F;75XX;NEP
057540036036-9048;057540036036;100mN32022E42252;MC;MIX;6;52;M;F;5064;NEP
057540036036-9048;057540036036;100mN32022E42252;MC;MIX;6;53;M;M;5064;EMP
057540036036-9048;057540036036;100mN32022E42252;MC;MIX;6;7;S;F;0614;NEP
057540036036-9048;057540036036;100mN32022E42252;MC;MIX;6;7;S;F;0614;NEP
057540036036-9048;057540036036;100mN32022E42252;MC;MIX;6;15;S;M;1517;EMP
057540036036-9049;057540036036;100mN32022E42252;MC;NA;2;58;M;F;5064;NEP
057540036036-9049;057540036036;100mN32022E42252;MC;NA;2;63;M;M;5064;UEP
057540036036-9050;057540036036;100mN32022E42252;SF;NA;3;41;W;F;4049;NEP
057540036036-9050;057540036036;100mN32022E42252;SF;NA;3;15;S;M;1517;EMP
057540036036-9050;057540036036;100mN32022E42252;SF;NA;3;11;S;M;0614;NEP
057540036036-9051;057540036036;100mN32022E42252;SF;MIX;2;66;S;F;6574;EMP
057540036036-9051;057540036036;100mN32022E42252;SF;MIX;2;4;S;M;0305;NEP
057540036036-9052;057540036036;100mN32022E42252;MC;NA;4;45;M;M;4049;NEP
057540036036-9052;057540036036;100mN32022E42252;MC;NA;4;40;M;F;4049;EMP
057540036036-9052;057540036036;100mN32022E42252;MC;NA;4;12;S;F;0614;NEP
057540036036-9052;057540036036;100mN32022E42252;MC;NA;4;8;S;F;0614;NEP
057540036036-9053;057540036036;100mN32022E42252;NA;OS;2;44;M;M;4049;EMP
057540036036-9053;057540036036;100mN32022E42252;NA;OS;2;66;D;F;6574;NEP
057540036036-9054;057540036036;100mN32022E42252;PO;NA;2;41;S;M;4049;EMP
057540036036-9054;057540036036;100mN32022E42252;PO;NA;2;47;S;F;4049;EMP
057540036036-9055;057540036036;100mN32022E42252;MC;NA;2;48;M;F;4049;EMP
057540036036-9055;057540036036;100mN32022E42252;MC;NA;2;50;M;M;5064;EMP
057540036036-9056;057540036036;100mN32022E42252;SM;NA;4;71;W;M;6574;EMP
057540036036-9056;057540036036;100mN32022E42252;SM;NA;4;34;M;F;3039;NEP
057540036036-9056;057540036036;100mN32022E42252;SM;NA;4;7;S;M;0614;NEP
057540036036-9056;057540036036;100mN32022E42252;SM;NA;4;4;S;M;0305;NEP
057540036036-9057;057540036036;100mN32022E42252;MC;NA;5;26;M;M;2529;EMP
057540036036-9057;057540036036;100mN32022E42252;MC;NA;5;25;M;F;2529;NEP
057540036036-9057;057540036036;100mN32022E42252;MC;NA;5;7;S;F;0614;NEP
057540036036-9057;057540036036;100mN32022E42252;MC;NA;5;6;S;F;0614;NEP
057540036036-9057;057540036036;100mN32022E42252;MC;NA;5;2;S;M;0003;NEP
057540036036-9058;057540036036;100mN32012E42251;MC;NA;2;53;M;F;5064;NEP
057540036036-9058;057540036036;100mN32012E42251;MC;NA;2;61;M;M;5064;EMP
057540036036-9059;057540036036;100mN32012E42251;MC;NA;2;58;M;F;5064;NEP
057540036036-9059;057540036036;100mN32012E42251;MC;NA;2;60;M;M;5064;EMP
057540036036-9060;057540036036;100mN32012E42251;MC;MIX;3;69;M;F;6574;EMP
057540036036-9060;057540036036;100mN32012E42251;MC;MIX;3;42;M;M;4049;EMP
057540036036-9060;057540036036;100mN32012E42251;MC;MIX;3;40;M;F;4049;EMP
057540036036-9061;057540036036;100mN32012E42251;MC;MIX;2;66;M;F;6574;EMP
057540036036-9061;057540036036;100mN32012E42251;MC;MIX;2;8;S;F;0614;NEP
057540036036-9062;057540036036;100mN32012E42251;S;OS;1;19;W;F;1824;EMP
057540036036-9063;057540036036;100mN32012E42251;MC;NA;4;31;M;M;3039;EMP
057540036036-9063;057540036036;100mN32012E42251;MC;NA;4;22;M;F;1824;NEP
057540036036-9063;057540036036;100mN32012E42251;MC;NA;4;16;S;F;1517;NEP
057540036036-9063;057540036036;100mN32012E42251;MC;NA;4;4;S;M;0305;NEP
057540036036-9064;057540036036;100mN32012E42251;SF;NA;5;83;W;F;75XX;EMP
057540036036-9064;057540036036;100mN32012E42251;SF;NA;5;45;D;F;4049;NEP
057540036036-9064;057540036036;100mN32012E42251;SF;NA;5;11;S;F;0614;NEP
057540036036-9064;057540036036;100mN32012E42251;SF;NA;5;25;S;M;2529;EMP
057540036036-9064;057540036036;100mN32012E42251;SF;NA;5;4;S;M;0305;NEP
057540036036-9065;057540036036;100mN32012E42251;SM;NA;4;42;D;M;4049;EMP
057540036036-9065;057540036036;100mN32012E42251;SM;NA;4;12;S;F;0614;NEP
057540036036-9065;057540036036;100mN32012E42251;SM;NA;4;20;D;F;1824;NEP
057540036036-9065;057540036036;100mN32012E42251;SM;NA;4;0;S;M;0003;NEP
057540036036-9066;057540036036;100mN32012E42251;MC;OS;2;65;M;M;6574;EMP
057540036036-9066;057540036036;100mN32012E42251;MC;OS;2;82;M;F;75XX;NEP
057540036036-9067;057540036036;100mN32012E42251;S;NA;1;18;M;F;1824;NEP
057540036036-9068;057540036036;100mN32012E42251;S;OS;1;41;M;M;4049;NEP
057540036036-9069;057540036036;100mN32009E42251;MC;OS;2;70;M;M;6574;NEP
057540036036-9069;057540036036;100mN32009E42251;MC;OS;2;68;M;F;6574;EMP
057540036036-9070;057540036036;100mN32012E42251;MC;OS;2;80;M;F;75XX;NEP
057540036036-9070;057540036036;100mN32012E42251;MC;OS;2;71;M;M;6574;EMP
057540036036-9071;057540036036;100mN32012E42251;PO;MIX;2;79;S;F;75XX;EMP
057540036036-9071;057540036036;100mN32012E42251;PO;MIX;2;57;M;M;5064;EMP
057540036036-9072;057540036036;100mN31962E42302;S;NA;1;57;S;M;5064;EMP
057540036036-9073;057540036036;100mN31962E42302;SF;NA;3;27;W;F;2529;NEP
057540036036-9073;057540036036;100mN31962E42302;SF;NA;3;0;S;F;0003;NEP
057540036036-9073;057540036036;100mN31962E42302;SF;NA;3;9;S;M;0614;NEP
057540036036-9074;057540036036;100mN31962E42302;MC;OS;3;77;M;M;75XX;EMP
057540036036-9074;057540036036;100mN31962E42302;MC;OS;3;86;M;F;75XX;EMP
057540036036-9074;057540036036;100mN31962E42302;MC;OS;3;68;M;M;6574;EMP
057540036036-9075;057540036036;100mN31962E42302;PO;NA;2;20;S;F;1824;NEP
057540036036-9075;057540036036;100mN31962E42302;PO;NA;2;21;S;M;1824;EMP
057540036036-9076;057540036036;100mN31975E42252;S;NA;1;18;W;M;1824;EMP
057540036036-9077;057540036036;100mN31975E42252;NA;NA;2;59;S;M;5064;EMP
057540036036-9077;057540036036;100mN31975E42252;NA;NA;2;71;M;M;6574;EMP
057540036036-9078;057540036036;100mN31955E42252;S;NA;1;61;D;F;5064;NEP
057540036036-9079;057540036036;100mN31975E42252;S;NA;1;37;S;M;3039;EMP
057540036036-9080;057540036036;100mN31975E42252;S;NA;1;70;M;F;6574;EMP
057540036036-9081;057540036036;100mN31979E42242;S;OS;1;40;D;F;4049;NEP
057540036036-9082;057540036036;100mN31979E42242;SF;NA;5;38;S;F;3039;NEP
057540036036-9082;057540036036;100mN31979E42242;SF;NA;5;7;S;F;0614;NEP
057540036036-9082;057540036036;100mN31979E42242;SF;NA;5;22;M;M;1824;NEP
057540036036-9082;057540036036;100mN31979E42242;SF;NA;5;20;M;F;1824;NEP
057540036036-9082;057540036036;100mN31979E42242;SF;NA;5;11;S;F;0614;NEP
057540036036-9083;057540036036;100mN31979E42242;PO;MIX;6;75;M;M;75XX;NEP
057540036036-9083;057540036036;100mN31979E42242;PO;MIX;6;20;S;F;1824;EMP
057540036036-9083;057540036036;100mN31979E42242;PO;MIX;6;20;S;M;1824;NEP
057540036036-9083;057540036036;100mN31979E42242;PO;MIX;6;0;S;F;0003;NEP
057540036036-9083;057540036036;100mN31979E42242;PO;MIX;6;0;S;F;0003;NEP
057540036036-9083;057540036036;100mN31979E42242;PO;MIX;6;1;S;M;0003;NEP
057540036036-9084;057540036036;100mN32012E42239;S;NA;1;56;M;F;5064;EMP
057540036036-9085;057540036036;100mN32012E42239;MC;NA;2;22;M;F;1824;EMP
057540036036-9085;057540036036;100mN32012E42239;MC;NA;2;30;M;M;3039;NEP
057540036036-9086;057540036036;100mN32012E42239;MC;NA;2;31;M;F;3039;EMP
057540036036-9086;057540036036;100mN32012E42239;MC;NA;2;40;M;M;4049;EMP
057540036036-9087;057540036036;100mN32009E42289;MC;OS;2;85;M;F;75XX;NEP
057540036036-9087;057540036036;100mN32009E42289;MC;OS;2;88;M;M;75XX;EMP
057540036036-9088;057540036036;100mN32009E42289;S;OS;1;59;M;F;5064;NEP
057540036036-9089;057540036036;100mN32009E42289;S;NA;1;37;M;F;3039;EMP
057540036036-9090;057540036036;100mN32009E42289;MC;MIX;2;70;M;M;6574;EMP
057540036036-9090;057540036036;100mN32009E42289;MC;MIX;2;62;M;F;5064;NEP
057540036036-9091;057540036036;100mN32009E42289;S;OS;1;28;D;M;2529;EMP
057540036036-9092;057540036036;100mN32009E42289;MC;OS;2;65;M;F;6574;NEP
057540036036-9092;057540036036;100mN32009E42289;MC;OS;2;66;M;M;6574;EMP
057540036036-9093;057540036036;100mN32009E42251;MC;NA;2;45;M;F;4049;EMP
057540036036-9093;057540036036;100mN32009E42251;MC;NA;2;54;M;M;5064;EMP
057540036036-9094;057540036036;100mN32001E42296;SF;NA;3;27;S;F;2529;EMP
057540036036-9094;057540036036;100mN32001E42296;SF;NA;3;11;S;F;0614;NEP
057540036036-9094;057540036036;100mN32001E42296;SF;NA;3;2;S;M;0003;NEP
057540036036-9095;057540036036;100mN32001E42296;MC;NA;6;56;M;M;5064;EMP
057540036036-9095;057540036036;100mN32001E42296;MC;NA;6;53;M;F;5064;NEP
057540036036-9095;057540036036;100mN32001E42296;MC;NA;6;12;S;M;0614;NEP
057540036036-9095;057540036036;100mN32001E42296;MC;NA;6;15;S;F;1517;EMP
057540036036-9095;057540036036;100mN32001E42296;MC;NA;6;13;S;M;0614;NEP
057540036036-9095;057540036036;100mN32001E42296;MC;NA;6;20;M;M;1824;NEP
057540036036-9096;057540036036;100mN32001E42296;MC;NA;2;54;M;F;5064;NEP
057540036036-9096;057540036036;100mN32001E42296;MC;NA;2;47;M;M;4049;EMP
057540036036-9097;057540036036;100mN32009E42251;MC;NA;5;57;M;F;5064;NEP
057540036036-9097;057540036036;100mN32009E42251;MC;NA;5;59;M;M;5064;UEP
057540036036-9097;057540036036;100mN32009E42251;MC;NA;5;4;NA;M;0305;NEP
057540036036-9097;057540036036;100mN32009E42251;MC;NA;5;27;M;M;2529;EMP
057540036036-9097;057540036036;100mN32009E42251;MC;NA;5;27;S;M;2529;EMP
057540036036-9098;057540036036;100mN32009E42251;MC;OS;2;70;M;M;6574;NEP
057540036036-9098;057540036036;100mN32009E42251;MC;OS;2;68;M;F;6574;EMP
057540036036-9099;057540036036;100mN31962E42307;PO;OS;3;89;S;F;75XX;EMP
057540036036-9099;057540036036;100mN31962E42307;PO;OS;3;81;S;M;75XX;NEP
057540036036-9099;057540036036;100mN31962E42307;PO;OS;3;68;W;F;6574;EMP
057540036036-9100;057540036036;100mN32009E42251;MC;NA;2;45;M;F;4049;EMP
057540036036-9100;057540036036;100mN32009E42251;MC;NA;2;54;M;M;5064;EMP
057540036036-9101;057540036036;100mN32009E42251;MC;NA;2;46;M;F;4049;EMP
057540036036-9101;057540036036;100mN32009E42251;MC;NA;2;48;M;M;4049;NEP
057540036036-9102;057540036036;100mN32007E42291;MC;NA;5;37;M;F;3039;NEP
057540036036-9102;057540036036;100mN32007E42291;MC;NA;5;60;M;M;5064;EMP
057540036036-9102;057540036036;100mN32007E42291;MC;NA;5;20;S;F;1824;EMP
057540036036-9102;057540036036;100mN32007E42291;MC;NA;5;7;S;F;0614;NEP
057540036036-9102;057540036036;100mN32007E42291;MC;NA;5;20;M;M;1824;EMP
057540036036-9103;057540036036;100mN32007E42291;MC;OS;2;85;M;M;75XX;EMP
057540036036-9103;057540036036;100mN32007E42291;MC;OS;2;80;M;F;75XX;EMP
057540036036-9104;057540036036;100mN32007E42291;SF;NA;3;47;W;F;4049;NEP
057540036036-9104;057540036036;100mN32007E42291;SF;NA;3;0;S;F;0003;NEP
057540036036-9104;057540036036;100mN32007E42291;SF;NA;3;6;S;F;0614;NEP
057540036036-9105;057540036036;100mN31986E42260;MC;NA;3;62;M;M;5064;NEP
057540036036-9105;057540036036;100mN31986E42260;MC;NA;3;61;M;F;5064;EMP
057540036036-9105;057540036036;100mN31986E42260;MC;NA;3;8;S;M;0614;NEP
057540036036-9106;057540036036;100mN32008E42283;S;NA;1;44;M;M;4049;EMP
057540036036-9107;057540036036;100mN31986E42260;SF;MIX;4;77;M;F;75XX;NEP
057540036036-9107;057540036036;100mN31986E42260;SF;MIX;4;71;W;F;6574;NEP
057540036036-9107;057540036036;100mN31986E42260;SF;MIX;4;6;S;M;0614;NEP
057540036036-9107;057540036036;100mN31986E42260;SF;MIX;4;8;S;M;0614;NEP
057540036036-9108;057540036036;100mN31986E42260;MC;MIX;4;75;S;M;75XX;EMP
057540036036-9108;057540036036;100mN31986E42260;MC;MIX;4;48;M;F;4049;NEP
057540036036-9108;057540036036;100mN31986E42260;MC;MIX;4;51;M;M;5064;EMP
057540036036-9108;057540036036;100mN31986E42260;MC;MIX;4;9;S;M;0614;NEP
057540036036-9109;057540036036;100mN31986E42260;MC;MIX;2;68;M;M;6574;EMP
057540036036-9109;057540036036;100mN31986E42260;MC;MIX;2;57;M;F;5064;EMP
057540036036-9110;057540036036;100mN32007E42281;MC;OS;2;69;M;M;6574;EMP
057540036036-9110;057540036036;100mN32007E42281;MC;OS;2;66;M;F;6574;EMP
057540036036-9111;057540036036;100mN31986E42260;S;NA;1;42;M;M;4049;EMP
057540036036-9112;057540036036;100mN31986E42260;MC;MIX;4;73;M;M;6574;EMP
057540036036-9112;057540036036;100mN31986E42260;MC;MIX;4;63;M;F;5064;NEP
057540036036-9112;057540036036;100mN31986E42260;MC;MIX;4;56;M;M;5064;EMP
057540036036-9112;057540036036;100mN31986E42260;MC;MIX;4;6;S;F;0614;NEP
057540036036-9113;057540036036;100mN31993E42275;MC;NA;3;56;M;M;5064;EMP
057540036036-9113;057540036036;100mN31993E42275;MC;NA;3;57;M;F;5064;NEP
057540036036-9113;057540036036;100mN31993E42275;MC;NA;3;7;S;F;0614;NEP
057540036036-9114;057540036036;100mN32010E42279;S;OS;1;40;W;F;4049;EMP
057540036036-9115;057540036036;100mN31993E42275;MC;NA;3;41;M;M;4049;EMP
057540036036-9115;057540036036;100mN31993E42275;MC;NA;3;41;M;F;4049;EMP
057540036036-9115;057540036036;100mN31993E42275;MC;NA;3;16;S;F;1517;NEP
057540036036-9116;057540036036;100mN31975E42270;SF;NA;2;16;S;F;1517;NEP
057540036036-9116;057540036036;100mN31975E42270;SF;NA;2;1;S;M;0003;NEP
057540036036-9117;057540036036;100mN31975E42270;S;NA;1;51;W;F;5064;NEP
057540036036-9118;057540036036;100mN31975E42270;MC;OS;2;86;M;F;75XX;NEP
057540036036-9118;057540036036;100mN31975E42270;MC;OS;2;87;M;M;75XX;EMP
057540036036-9119;057540036036;100mN31975E42270;MC;NA;2;54;M;F;5064;EMP
057540036036-9119;057540036036;100mN31975E42270;MC;NA;2;56;M;M;5064;EMP
057540036036-9120;057540036036;100mN31975E42270;MC;MIX;2;73;M;M;6574;NEP
057540036036-9120;057540036036;100mN31975E42270;MC;MIX;2;15;S;F;1517;EMP
057540036036-9121;057540036036;100mN31975E42270;MC;NA;4;46;M;F;4049;EMP
057540036036-9121;057540036036;100mN31975E42270;MC;NA;4;47;M;M;4049;EMP
057540036036-9121;057540036036;100mN31975E42270;MC;NA;4;15;S;F;1517;EMP
057540036036-9121;057540036036;100mN31975E42270;MC;NA;4;26;M;F;2529;EMP
057540036036-9122;057540036036;100mN31975E42270;MC;NA;2;35;M;F;3039;NEP
057540036036-9122;057540036036;100mN31975E42270;MC;NA;2;37;M;M;3039;EMP
057540036036-9123;057540036036;100mN31975E42270;MC;NA;5;32;M;F;3039;EMP
057540036036-9123;057540036036;100mN31975E42270;MC;NA;5;45;M;M;4049;NEP
057540036036-9123;057540036036;100mN31975E42270;MC;NA;5;8;S;M;0614;NEP
057540036036-9123;057540036036;100mN31975E42270;MC;NA;5;0;S;F;0003;NEP
057540036036-9123;057540036036;100mN31975E42270;MC;NA;5;3;S;M;0305;NEP
057540036036-9124;057540036036;100mN31999E42256;S;NA;1;30;S;M;3039;EMP
057540036036-9125;057540036036;100mN31975E42270;S;NA;1;81;S;M;75XX;EMP
057540036036-9126;057540036036;100mN31975E42270;MC;MIX;3;67;M;F;6574;EMP
057540036036-9126;057540036036;100mN31975E42270;MC;MIX;3;47;M;M;4049;EMP
057540036036-9126;057540036036;100mN31975E42270;MC;MIX;3;41;M;F;4049;NEP
057540036036-9127;057540036036;100mN31963E42307;MC;NA;4;56;M;M;5064;EMP
057540036036-9127;057540036036;100mN31963E42307;MC;NA;4;55;M;F;5064;NEP
057540036036-9127;057540036036;100mN31963E42307;MC;NA;4;8;S;F;0614;NEP
057540036036-9127;057540036036;100mN31963E42307;MC;NA;4;9;S;F;0614;NEP
057540036036-9128;057540036036;100mN32018E42256;S;NA;1;55;S;M;5064;EMP
057540036036-9129;057540036036;100mN32018E42256;MC;NA;3;47;M;M;4049;EMP
057540036036-9129;057540036036;100mN32018E42256;MC;NA;3;52;M;F;5064;NEP
057540036036-9129;057540036036;100mN32018E42256;MC;NA;3;1;S;F;0003;NEP
057540036036-9130;057540036036;100mN32018E42256;MC;OS;2;88;M;M;75XX;EMP
057540036036-9130;057540036036;100mN32018E42256;MC;OS;2;87;M;F;75XX;EMP
057540036036-9131;057540036036;100mN32018E42256;MC;NA;3;63;M;F;5064;NEP
057540036036-9131;057540036036;100mN32018E42256;MC;NA;3;58;M;M;5064;EMP
057540036036-9131;057540036036;100mN32018E42256;MC;NA;3;15;S;M;1517;NEP
057540036036-9132;057540036036;100mN32018E42256;S;NA;1;47;S;M;4049;NEP
057540036036-9133;057540036036;100mN32018E42256;SF;NA;2;40;S;F;4049;EMP
057540036036-9133;057540036036;100mN32018E42256;SF;NA;2;18;S;M;1824;NEP
057540036036-9134;057540036036;100mN32018E42256;NA;OS;2;81;M;F;75XX;NEP
057540036036-9134;057540036036;100mN32018E42256;NA;OS;2;47;S;F;4049;EMP
057540036036-9135;057540036036;100mN31965E42240;PO;NA;3;48;S;F;4049;NEP
057540036036-9135;057540036036;100mN31965E42240;PO;NA;3;46;S;F;4049;EMP
057540036036-9135;057540036036;100mN31965E42240;PO;NA;3;11;S;F;0614;NEP
057540036036-9136;057540036036;100mN31975E42298;MC;OS;4;65;M;M;6574;UEP
057540036036-9136;057540036036;100mN31975E42298;MC;OS;4;72;M;F;6574;EMP
057540036036-9136;057540036036;100mN31975E42298;MC;OS;4;78;M;M;75XX;EMP
057540036036-9136;057540036036;100mN31975E42298;MC;OS;4;68;W;F;6574;NEP
057540036036-9137;057540036036;100mN32018E42256;S;NA;1;45;M;M;4049;EMP
057540036036-9138;057540036036;100mN32018E42256;MC;OS;2;69;M;M;6574;EMP
057540036036-9138;057540036036;100mN32018E42256;MC;OS;2;68;M;F;6574;EMP
057540036036-9139;057540036036;100mN32018E42256;S;NA;1;72;M;F;6574;EMP
057540036036-9140;057540036036;100mN32018E42256;MC;NA;4;42;M;M;4049;EMP
057540036036-9140;057540036036;100mN32018E42256;MC;NA;4;40;M;F;4049;EMP
057540036036-9140;057540036036;100mN32018E42256;MC;NA;4;1;S;M;0003;NEP
057540036036-9140;057540036036;100mN32018E42256;MC;NA;4;4;S;M;0305;NEP
057540036036-9141;057540036036;100mN32018E42256;MC;NA;2;57;M;M;5064;NEP
057540036036-9141;057540036036;100mN32018E42256;MC;NA;2;10;S;F;0614;NEP
057540036036-9142;057540036036;100mN32018E42256;MC;OS;2;77;M;M;75XX;EMP
057540036036-9142;057540036036;100mN32018E42256;MC;OS;2;79;M;F;75XX;NEP
057540036036-9143;057540036036;100mN32018E42256;MC;NA;6;41;M;M;4049;EMP
057540036036-9143;057540036036;100mN32018E42256;MC;NA;6;37;M;F;3039;EMP
057540036036-9143;057540036036;100mN32018E42256;MC;NA;6;15;S;F;1517;NEP
057540036036-9143;057540036036;100mN32018E42256;MC;NA;6;22;M;M;1824;NEP
057540036036-9143;057540036036;100mN32018E42256;MC;NA;6;21;W;M;1824;EMP
057540036036-9143;057540036036;100mN32018E42256;MC;NA;6;25;S;M;2529;EMP
057540036036-9144;057540036036;100mN32018E42256;MC;NA;2;43;M;M;4049;NEP
057540036036-9144;057540036036;100mN32018E42256;MC;NA;2;43;M;F;4049;EMP
057540036036-9145;057540036036;100mN32018E42256;MC;OS;2;80;M;F;75XX;EMP
057540036036-9145;057540036036;100mN32018E42256;MC;OS;2;80;M;M;75XX;EMP
057540036036-9146;057540036036;100mN32018E42256;MC;NA;3;33;M;M;3039;EMP
057540036036-9146;057540036036;100mN32018E42256;MC;NA;3;27;M;F;2529;NEP
057540036036-9146;057540036036;100mN32018E42256;MC;NA;3;3;S;F;0305;NEP
057540036036-9147;057540036036;100mN32019E42231;MC;MIX;5;70;S;M;6574;NEP
057540036036-9147;057540036036;100mN32019E42231;MC;MIX;5;44;M;F;4049;EMP
057540036036-9147;057540036036;100mN32019E42231;MC;MIX;5;48;M;M;4049;EMP
057540036036-9147;057540036036;100mN32019E42231;MC;MIX;5;6;S;M;0614;NEP
057540036036-9147;057540036036;100mN32019E42231;MC;MIX;5;22;W;F;1824;EMP
057540036036-9148;057540036036;100mN31995E42258;SF;MIX;2;86;S;F;75XX;EMP
057540036036-9148;057540036036;100mN31995E42258;SF;MIX;2;1;S;F;0003;NEP
057540036036-9149;057540036036;100mN32018E42256;S;OS;1;51;W;M;5064;EMP
057540036036-9150;057540036036;100mN32018E42256;MC;NA;5;26;M;M;2529;EMP
057540036036-9150;057540036036;100mN32018E42256;MC;NA;5;18;M;F;1824;NEP
057540036036-9150;057540036036;100mN32018E42256;MC;NA;5;3;S;M;0305;NEP
057540036036-9150;057540036036;100mN32018E42256;MC;NA;5;11;S;M;0614;NEP
057540036036-9150;057540036036;100mN32018E42256;MC;NA;5;10;S;F;0614;NEP
057540036036-9151;057540036036;100mN32018E42256;MC;OS;3;65;M;F;6574;EMP
057540036036-9151;057540036036;100mN32018E42256;MC;OS;3;84;M;M;75XX;EMP
057540036036-9151;057540036036;100mN32018E42256;MC;OS;3;76;S;M;75XX;EMP
057540036036-9152;057540036036;100mN32018E42256;MC;NA;4;56;M;F;5064;NEP
057540036036-9152;057540036036;100mN32018E42256;MC;NA;4;59;M;M;5064;EMP
057540036036-9152;057540036036;100mN32018E42256;MC;NA;4;16;S;M;1517;EMP
057540036036-9152;057540036036;100mN32018E42256;MC;NA;4;12;S;F;0614;NEP
057540036036-9153;057540036036;100mN32018E42256;MC;NA;5;28;M;M;2529;EMP
057540036036-9153;057540036036;100mN32018E42256;MC;NA;5;23;M;F;1824;NEP
057540036036-9153;057540036036;100mN32018E42256;MC;NA;5;10;S;M;0614;NEP
057540036036-9153;057540036036;100mN32018E42256;MC;NA;5;0;S;M;0003;NEP
057540036036-9153;057540036036;100mN32018E42256;MC;NA;5;6;S;F;0614;NEP
057540036036-9154;057540036036;100mN32018E42256;MC;NA;3;21;M;F;1824;EMP
057540036036-9154;057540036036;100mN32018E42256;MC;NA;3;18;M;M;1824;EMP
057540036036-9154;057540036036;100mN32018E42256;MC;NA;3;2;S;M;0003;NEP
057540036036-9155;057540036036;100mN32018E42256;S;NA;1;73;M;M;6574;NEP
057540036036-9156;057540036036;100mN32018E42256;S;NA;1;76;M;M;75XX;EMP
057540036036-9157;057540036036;100mN31966E42256;MC;NA;2;40;M;F;4049;EMP
057540036036-9157;057540036036;100mN31966E42256;MC;NA;2;43;M;M;4049;EMP
057540036036-9158;057540036036;100mN31966E42256;MC;OS;2;71;M;M;6574;EMP
057540036036-9158;057540036036;100mN31966E42256;MC;OS;2;71;M;F;6574;NEP
057540036036-9159;057540036036;100mN31966E42256;MC;NA;2;28;M;M;2529;EMP
057540036036-9159;057540036036;100mN31966E42256;MC;NA;2;26;M;F;2529;NEP
057540036036-9160;057540036036;100mN31966E42256;MC;MIX;2;66;M;F;6574;NEP
057540036036-9160;057540036036;100mN31966E42256;MC;MIX;2;26;D;M;2529;NEP
057540036036-9161;057540036036;100mN31981E42262;SF;NA;2;26;W;F;2529;NEP
057540036036-9161;057540036036;100mN31981E42262;SF;NA;2;2;S;M;0003;NEP
057540036036-9162;057540036036;100mN31981E42262;MC;MIX;4;65;M;F;6574;EMP
057540036036-9162;057540036036;100mN31981E42262;MC;MIX;4;58;M;F;5064;NEP
057540036036-9162;057540036036;100mN31981E42262;MC;MIX;4;56;M;M;5064;EMP
057540036036-9162;057540036036;100mN31981E42262;MC;MIX;4;37;S;M;3039;EMP
057540036036-9163;057540036036;100mN31981E42262;SF;NA;2;27;D;F;2529;NEP
057540036036-9163;057540036036;100mN31981E42262;SF;NA;2;7;S;M;0614;NEP
057540036036-9164;057540036036;100mN32019E42247;MC;NA;4;42;M;F;4049;EMP
057540036036-9164;057540036036;100mN32019E42247;MC;NA;4;43;M;M;4049;NEP
057540036036-9164;057540036036;100mN32019E42247;MC;NA;4;16;S;F;1517;EMP
057540036036-9164;057540036036;100mN32019E42247;MC;NA;4;3;S;M;0305;NEP
057540036036-9165;057540036036;100mN32019E42247;S;NA;1;51;W;M;5064;EMP
057540036036-9166;057540036036;100mN31983E42280;MC;NA;2;42;M;M;4049;UEP
057540036036-9166;057540036036;100mN31983E42280;MC;NA;2;44;M;F;4049;NEP
057540036036-9167;057540036036;100mN32005E42253;MC;NA;5;47;M;M;4049;EMP
057540036036-9167;057540036036;100mN32005E42253;MC;NA;5;45;M;F;4049;EMP
057540036036-9167;057540036036;100mN32005E42253;MC;NA;5;1;S;M;0003;NEP
057540036036-9167;057540036036;100mN32005E42253;MC;NA;5;20;D;M;1824;NEP
057540036036-9167;057540036036;100mN32005E42253;MC;NA;5;18;W;F;1824;EMP
057540036036-9168;057540036036;100mN32019E42247;S;OS;1;45;S;M;4049;EMP
057540036036-9169;057540036036;100mN32019E42247;S;OS;1;44;S;F;4049;NEP
057540036036-9170;057540036036;100mN32019E42247;S;NA;1;51;M;M;5064;EMP
057540036036-9171;057540036036;100mN32019E42247;MC;NA;2;48;M;F;4049;EMP
057540036036-9171;057540036036;100mN32019E42247;MC;NA;2;50;M;M;5064;UEP
057540036036-9172;057540036036;100mN32019E42247;S;NA;1;51;S;M;5064;EMP
057540036036-9173;057540036036;100mN32003E42257;S;OS;1;35;S;F;3039;EMP
057540036036-9174;057540036036;100mN32019E42247;S;NA;1;70;S;M;6574;EMP
057540036036-9175;057540036036;100mN32019E42247;S;NA;1;45;S;F;4049;EMP
057540036036-9176;057540036036;100mN32019E42247;MC;NA;2;52;M;F;5064;NEP
057540036036-9176;057540036036;100mN32019E42247;MC;NA;2;18;M;M;1824;EMP
057540036036-9177;057540036036;100mN32019E42247;MC;NA;3;34;M;M;3039;EMP
057540036036-9177;057540036036;100mN32019E42247;MC;NA;3;35;M;F;3039;EMP
057540036036-9177;057540036036;100mN32019E42247;MC;NA;3;18;S;F;1824;NEP
057540036036-9178;057540036036;100mN32019E42247;S;NA;1;18;M;F;1824;EMP
057540036036-9179;057540036036;100mN32019E42247;MC;NA;4;52;M;M;5064;EMP
057540036036-9179;057540036036;100mN32019E42247;MC;NA;4;18;M;F;1824;EMP
057540036036-9179;057540036036;100mN32019E42247;MC;NA;4;16;S;M;1517;EMP
057540036036-9179;057540036036;100mN32019E42247;MC;NA;4;11;S;M;0614;NEP
057540036036-9180;057540036036;100mN31995E42255;MC;NA;2;26;M;F;2529;NEP
057540036036-9180;057540036036;100mN31995E42255;MC;NA;2;27;M;M;2529;UEP
057540036036-9181;057540036036;100mN31995E42255;S;OS;1;27;S;M;2529;EMP
057540036036-9182;057540036036;100mN31995E42255;MC;OS;3;87;M;F;75XX;EMP
057540036036-9182;057540036036;100mN31995E42255;MC;OS;3;86;W;F;75XX;EMP
057540036036-9182;057540036036;100mN31995E42255;MC;OS;3;75;S;M;75XX;EMP
057540036036-9183;057540036036;100mN31995E42255;MC;NA;3;58;M;F;5064;EMP
057540036036-9183;057540036036;100mN31995E42255;MC;NA;3;62;M;M;5064;EMP
057540036036-9183;057540036036;100mN31995E42255;MC;NA;3;15;S;M;1517;EMP
057540036036-9184;057540036036;100mN31995E42255;MC;NA;5;55;M;F;5064;EMP
057540036036-9184;057540036036;100mN31995E42255;MC;NA;5;50;M;M;5064;EMP
057540036036-9184;057540036036;100mN31995E42255;MC;NA;5;8;S;M;0614;NEP
057540036036-9184;057540036036;100mN31995E42255;MC;NA;5;27;D;M;2529;EMP
057540036036-9184;057540036036;100mN31995E42255;MC;NA;5;1;S;M;0003;NEP
057540036036-9185;057540036036;100mN31995E42255;MC;NA;4;33;M;M;3039;EMP
057540036036-9185;057540036036;100mN31995E42255;MC;NA;4;32;M;F;3039;EMP
057540036036-9185;057540036036;100mN31995E42255;MC;NA;4;11;S;F;0614;NEP
057540036036-9185;057540036036;100mN31995E42255;MC;NA;4;15;S;M;1517;NEP
057540036036-9186;057540036036;100mN31995E42255;MC;NA;2;48;M;F;4049;NEP
057540036036-9186;057540036036;100mN31995E42255;MC;NA;2;18;M;M;1824;EMP
057540036036-9187;057540036036;100mN31995E42255;MC;NA;4;20;M;M;1824;EMP
057540036036-9187;057540036036;100mN31995E42255;MC;NA;4;18;M;F;1824;EMP
057540036036-9187;057540036036;100mN31995E42255;MC;NA;4;2;S;M;0003;NEP
057540036036-9187;057540036036;100mN31995E42255;MC;NA;4;3;S;M;0305;NEP
057540036036-9188;057540036036;100mN31995E42255;MC;NA;2;44;M;M;4049;EMP
057540036036-9188;057540036036;100mN31995E42255;MC;NA;2;37;M;F;3039;NEP
057540036036-9189;057540036036;100mN31975E42274;MC;NA;4;35;M;M;3039;EMP
057540036036-9189;057540036036;100mN31975E42274;MC;NA;4;34;M;F;3039;EMP
057540036036-9189;057540036036;100mN31975E42274;MC;NA;4;20;S;M;1824;NEP
057540036036-9189;057540036036;100mN31975E42274;MC;NA;4;3;S;M;0305;NEP
057540036036-9190;057540036036;100mN31995E42255;SF;MIX;2;67;D;F;6574;EMP
057540036036-9190;057540036036;100mN31995E42255;SF;MIX;2;12;S;F;0614;NEP
057540036036-9191;057540036036;100mN31995E42255;S;NA;1;37;S;M;3039;NEP
057540036036-9192;057540036036;100mN31999E42256;PO;MIX;3;83;S;F;75XX;EMP
057540036036-9192;057540036036;100mN31999E42256;PO;MIX;3;46;S;M;4049;EMP
057540036036-9192;057540036036;100mN31999E42256;PO;MIX;3;41;S;F;4049;NEP
057540036036-9193;057540036036;100mN31995E42255;SF;MIX;2;82;S;F;75XX;EMP
057540036036-9193;057540036036;100mN31995E42255;SF;MIX;2;10;S;F;0614;NEP
057540036036-9194;057540036036;100mN31995E42255;SF;NA;3;77;S;F;75XX;EMP
057540036036-9194;057540036036;100mN31995E42255;SF;NA;3;10;S;F;0614;NEP
057540036036-9194;057540036036;100mN31995E42255;SF;NA;3;15;S;F;1517;EMP
057540036036-9195;057540036036;100mN31995E42255;SF;MIX;4;86;S;F;75XX;EMP
057540036036-9195;057540036036;100mN31995E42255;SF;MIX;4;30;D;F;3039;EMP
057540036036-9195;057540036036;100mN31995E42255;SF;MIX;4;0;S;M;0003;NEP
057540036036-9195;057540036036;100mN31995E42255;SF;MIX;4;9;S;F;0614;NEP
057540036036-9196;057540036036;100mN31995E42255;S;NA;1;53;D;M;5064;EMP
057540036036-9197;057540036036;100mN31995E42255;MC;NA;2;46;M;M;4049;EMP
057540036036-9197;057540036036;100mN31995E42255;MC;NA;2;46;M;F;4049;EMP
057540036036-9198;057540036036;100mN31995E42255;S;NA;1;18;M;F;1824;NEP
057540036036-9199;057540036036;100mN31995E42255;MC;NA;3;27;M;M;2529;EMP
057540036036-9199;057540036036;100mN31995E42255;MC;NA;3;57;M;F;5064;NEP
057540036036-9199;057540036036;100mN31995E42255;MC;NA;3;9;S;M;0614;NEP
057540036036-9200;057540036036;100mN31995E42255;S;NA;1;38;S;F;3039;NEP
057540036036-9201;057540036036;100mN31995E42255;MC;NA;6;61;M;F;5064;EMP
057540036036-9201;057540036036;100mN31995E42255;MC;NA;6;34;S;F;3039;NEP
057540036036-9201;057540036036;100mN31995E42255;MC;NA;6;16;S;F;1517;NEP
057540036036-9201;057540036036;100mN31995E42255;MC;NA;6;10;S;M;0614;NEP
057540036036-9201;057540036036;100mN31995E42255;MC;NA;6;13;S;M;0614;NEP
057540036036-9201;057540036036;100mN31995E42255;MC;NA;6;11;S;M;0614;NEP
057540036036-9202;057540036036;100mN31995E42255;MC;NA;4;18;M;M;1824;EMP
057540036036-9202;057540036036;100mN31995E42255;MC;NA;4;18;M;F;1824;EMP
057540036036-9202;057540036036;100mN31995E42255;MC;NA;4;1;S;F;0003;NEP
057540036036-9202;057540036036;100mN31995E42255;MC;NA;4;3;S;F;0305;NEP
057540036036-9203;057540036036;100mN31995E42255;S;OS;1;50;M;M;5064;NEP
057540036036-9204;057540036036;100mN31995E42255;S;OS;1;20;S;F;1824;NEP
057540036036-9205;057540036036;100mN31995E42255;S;NA;1;56;D;F;5064;EMP
057540036036-9206;057540036036;100mN31995E42255;SF;NA;2;47;S;F;4049;NEP
057540036036-9206;057540036036;100mN31995E42255;SF;NA;2;20;S;F;1824;NEP
057540036036-9207;057540036036;100mN31995E42255;MC;NA;3;60;M;F;5064;EMP
057540036036-9207;057540036036;100mN31995E42255;MC;NA;3;37;S;M;3039;NEP
057540036036-9207;057540036036;100mN31995E42255;MC;NA;3;8;S;F;0614;NEP
057540036036-9208;057540036036;100mN32018E42252;NA;NA;3;42;W;F;4049;EMP
057540036036-9208;057540036036;100mN32018E42252;NA;NA;3;16;S;F;1517;NEP
057540036036-9208;057540036036;100mN32018E42252;NA;NA;3;27;D;F;2529;EMP
057540036036-9209;057540036036;100mN32018E42252;MC;NA;2;47;M;M;4049;EMP
057540036036-9209;057540036036;100mN32018E42252;MC;NA;2;41;M;F;4049;NEP
057540036036-9210;057540036036;100mN32018E42252;S;NA;1;27;S;F;2529;EMP
057540036036-9211;057540036036;100mN32008E42278;MC;MIX;4;72;W;F;6574;NEP
057540036036-9211;057540036036;100mN32008E42278;MC;MIX;4;35;M;F;3039;EMP
057540036036-9211;057540036036;100mN32008E42278;MC;MIX;4;37;M;M;3039;NEP
057540036036-9211;057540036036;100mN32008E42278;MC;MIX;4;11;S;F;0614;NEP
057540036036-9212;057540036036;100mN32018E42252;MC;NA;2;61;M;F;5064;NEP
057540036036-9212;057540036036;100mN32018E42252;MC;NA;2;56;M;M;5064;EMP
057540036036-9213;057540036036;100mN32018E42252;S;NA;1;34;M;F;3039;EMP
057540036036-9214;057540036036;100mN32018E42252;SF;NA;4;57;S;F;5064;EMP
057540036036-9214;057540036036;100mN32018E42252;SF;NA;4;9;S;M;0614;NEP
057540036036-9214;057540036036;100mN32018E42252;SF;NA;4;3;S;F;0305;NEP
057540036036-9214;057540036036;100mN32018E42252;SF;NA;4;32;M;F;3039;NEP
057540036036-9215;057540036036;100mN32013E42247;PO;NA;4;54;S;M;5064;EMP
057540036036-9215;057540036036;100mN32013E42247;PO;NA;4;53;S;F;5064;NEP
057540036036-9215;057540036036;100mN32013E42247;PO;NA;4;10;S;F;0614;NEP
057540036036-9215;057540036036;100mN32013E42247;PO;NA;4;36;M;F;3039;NEP
057540036036-9216;057540036036;100mN32018E42252;PO;NA;2;58;S;M;5064;NEP
057540036036-9216;057540036036;100mN32018E42252;PO;NA;2;56;S;M;5064;NEP
057540036036-9217;057540036036;100mN31966E42249;MC;NA;2;58;M;M;5064;NEP
057540036036-9217;057540036036;100mN31966E42249;MC;NA;2;52;M;F;5064;EMP
057540036036-9218;057540036036;100mN31966E42249;MC;NA;2;37;M;F;3039;EMP
057540036036-9218;057540036036;100mN31966E42249;MC;NA;2;52;M;M;5064;EMP
057540036036-9219;057540036036;100mN31966E42249;SF;NA;2;77;S;F;75XX;NEP
057540036036-9219;057540036036;100mN31966E42249;SF;NA;2;60;W;F;5064;NEP
057540036036-9220;057540036036;100mN32016E42247;MC;NA;3;62;M;F;5064;NEP
057540036036-9220;057540036036;100mN32016E42247;MC;NA;3;63;M;M;5064;EMP
057540036036-9220;057540036036;100mN32016E42247;MC;NA;3;16;S;F;1517;EMP
057540036036-9221;057540036036;100mN31966E42249;MC;OS;4;78;M;M;75XX;EMP
057540036036-9221;057540036036;100mN31966E42249;MC;OS;4;78;M;F;75XX;NEP
057540036036-9221;057540036036;100mN31966E42249;MC;OS;4;73;S;F;6574;NEP
057540036036-9221;057540036036;100mN31966E42249;MC;OS;4;89;S;F;75XX;EMP
057540036036-9222;057540036036;100mN31976E42269;PO;OS;2;88;S;M;75XX;EMP
057540036036-9222;057540036036;100mN31976E42269;PO;OS;2;85;S;M;75XX;EMP
057540036036-9223;057540036036;100mN32015E42291;PO;NA;4;54;S;M;5064;EMP
057540036036-9223;057540036036;100mN32015E42291;PO;NA;4;51;S;M;5064;EMP
057540036036-9223;057540036036;100mN32015E42291;PO;NA;4;9;S;M;0614;NEP
057540036036-9223;057540036036;100mN32015E42291;PO;NA;4;28;M;F;2529;EMP
057540036036-9224;057540036036;100mN32015E42291;SF;NA;3;16;S;F;1517;EMP
057540036036-9224;057540036036;100mN32015E42291;SF;NA;3;0;S;M;0003;NEP
057540036036-9224;057540036036;100mN32015E42291;SF;NA;3;1;S;F;0003;NEP
057540036036-9225;057540036036;100mN32015E42291;SF;NA;2;36;W;F;3039;NEP
057540036036-9225;057540036036;100mN32015E42291;SF;NA;2;7;S;M;0614;NEP
057540036036-9226;057540036036;100mN31995E42258;MC;NA;5;40;M;M;4049;EMP
057540036036-9226;057540036036;100mN31995E42258;MC;NA;5;44;M;F;4049;EMP
057540036036-9226;057540036036;100mN31995E42258;MC;NA;5;6;S;M;0614;NEP
057540036036-9226;057540036036;100mN31995E42258;MC;NA;5;8;S;M;0614;NEP
057540036036-9226;057540036036;100mN31995E42258;MC;NA;5;7;S;F;0614;NEP
057540036036-9227;057540036036;100mN32015E42291;S;OS;1;36;S;M;3039;EMP
057540036036-9228;057540036036;100mN32015E42291;MC;NA;4;63;M;F;5064;NEP
057540036036-9228;057540036036;100mN32015E42291;MC;NA;4;79;D;F;75XX;EMP
057540036036-9228;057540036036;100mN32015E42291;MC;NA;4;10;S;M;0614;NEP
057540036036-9228;057540036036;100mN32015E42291;MC;NA;4;7;S;M;0614;NEP
057540036036-9229;057540036036;100mN32009E42234;PO;NA;2;19;S;M;1824;NEP
057540036036-9229;057540036036;100mN32009E42234;PO;NA;2;20;S;F;1824;NEP
057540036036-9230;057540036036;100mN32009E42234;S;NA;1;21;S;M;1824;EMP
057540036036-9231;057540036036;100mN32009E42234;MC;MIX;3;83;W;F;75XX;NEP
057540036036-9231;057540036036;100mN32009E42234;MC;MIX;3;54;M;M;5064;EMP
057540036036-9231;057540036036;100mN32009E42234;MC;MIX;3;61;M;F;5064;EMP
057540036036-9232;057540036036;100mN31979E42287;NA;OS;3;73;S;M;6574;EMP
057540036036-9232;057540036036;100mN31979E42287;NA;OS;3;54;S;F;5064;EMP
057540036036-9232;057540036036;100mN31979E42287;NA;OS;3;80;M;F;75XX;EMP
057540036036-9233;057540036036;100mN31979E42287;PO;NA;2;27;S;M;2529;EMP
057540036036-9233;057540036036;100mN31979E42287;PO;NA;2;31;S;M;3039;EMP
057540036036-9234;057540036036;100mN31979E42287;S;NA;1;40;W;F;4049;NEP
057540036036-9235;057540036036;100mN32012E42285;PO;OS;2;75;S;M;75XX;EMP
057540036036-9235;057540036036;100mN32012E42285;PO;OS;2;75;S;F;75XX;EMP
057540036036-9236;057540036036;100mN32012E42285;PO;OS;2;76;S;M;75XX;NEP
057540036036-9236;057540036036;100mN32012E42285;PO;OS;2;75;S;F;75XX;NEP
057540036036-9237;057540036036;100mN32012E42285;MC;NA;2;31;M;M;3039;EMP
057540036036-9237;057540036036;100mN32012E42285;MC;NA;2;30;M;F;3039;EMP
057540036036-9238;057540036036;100mN31975E42275;S;OS;1;67;S;M;6574;NEP
057540036036-9239;057540036036;100mN31975E42275;PO;OS;3;86;S;F;75XX;NEP
057540036036-9239;057540036036;100mN31975E42275;PO;OS;3;89;S;M;75XX;NEP
057540036036-9239;057540036036;100mN31975E42275;PO;OS;3;75;M;F;75XX;EMP
057540036036-9240;057540036036;100mN31965E42278;S;OS;1;77;W;M;75XX;NEP
057540036036-9241;057540036036;100mN31995E42262;MC;OS;2;67;M;M;6574;EMP
057540036036-9241;057540036036;100mN31995E42262;MC;OS;2;70;M;F;6574;EMP
057540036036-9242;057540036036;100mN31975E42279;S;NA;1;57;M;M;5064;EMP
057540036036-9243;057540036036;100mN31975E42279;MC;NA;4;55;M;M;5064;EMP
057540036036-9243;057540036036;100mN31975E42279;MC;NA;4;48;M;F;4049;NEP
057540036036-9243;057540036036;100mN31975E42279;MC;NA;4;10;S;M;0614;NEP
057540036036-9243;057540036036;100mN31975E42279;MC;NA;4;0;S;M;0003;NEP
057540036036-9244;057540036036;100mN31975E42279;MC;NA;5;53;M;F;5064;NEP
057540036036-9244;057540036036;100mN31975E42279;MC;NA;5;63;M;M;5064;EMP
057540036036-9244;057540036036;100mN31975E42279;MC;NA;5;28;S;F;2529;EMP
057540036036-9244;057540036036;100mN31975E42279;MC;NA;5;15;S;F;1517;EMP
057540036036-9244;057540036036;100mN31975E42279;MC;NA;5;3;S;M;0305;NEP
057540036036-9245;057540036036;100mN31990E42261;S;OS;1;22;M;M;1824;EMP
057540036036-9246;057540036036;100mN31975E42279;MC;NA;4;42;M;F;4049;NEP
057540036036-9246;057540036036;100mN31975E42279;MC;NA;4;45;M;M;4049;EMP
057540036036-9246;057540036036;100mN31975E42279;MC;NA;4;23;W;F;1824;NEP
057540036036-9246;057540036036;100mN31975E42279;MC;NA;4;6;S;F;0614;NEP
057540036036-9247;057540036036;100mN31958E42293;MC;NA;2;51;M;M;5064;EMP
057540036036-9247;057540036036;100mN31958E42293;MC;NA;2;45;M;F;4049;NEP
057540036036-9248;057540036036;100mN31958E42293;S;OS;1;53;S;M;5064;NEP
057540036036-9249;057540036036;100mN32017E42255;S;NA;1;26;W;F;2529;EMP
057540036036-9250;057540036036;100mN32022E42219;MC;MIX;3;87;W;F;75XX;EMP
057540036036-9250;057540036036;100mN32022E42219;MC;MIX;3;60;M;F;5064;EMP
057540036036-9250;057540036036;100mN32022E42219;MC;MIX;3;55;M;F;5064;EMP
057540036036-9251;057540036036;100mN32022E42219;MC;NA;2;53;M;M;5064;EMP
057540036036-9251;057540036036;100mN32022E42219;MC;NA;2;60;M;F;5064;NEP
057540036036-9252;057540036036;100mN32022E42219;SF;NA;2;16;S;F;1517;EMP
057540036036-9252;057540036036;100mN32022E42219;SF;NA;2;0;S;M;0003;NEP
057540036036-9253;057540036036;100mN31965E42267;S;OS;1;56;M;F;5064;EMP
057540036036-9254;057540036036;100mN31965E42267;MC;NA;2;62;M;M;5064;EMP
057540036036-9254;057540036036;100mN31965E42267;MC;NA;2;57;M;F;5064;EMP
057540036036-9255;057540036036;100mN31965E42267;MC;NA;3;57;M;F;5064;EMP
057540036036-9255;057540036036;100mN31965E42267;MC;NA;3;59;M;M;5064;EMP
057540036036-9255;057540036036;100mN31965E42267;MC;NA;3;38;S;F;3039;NEP
057540036036-9256;057540036036;100mN32017E42255;SF;NA;3;71;W;F;6574;EMP
057540036036-9256;057540036036;100mN32017E42255;SF;NA;3;13;S;M;0614;NEP
057540036036-9256;057540036036;100mN32017E42255;SF;NA;3;25;S;M;2529;NEP
057540036036-9257;057540036036;100mN31962E42308;S;NA;1;47;S;M;4049;EMP
057540036036-9258;057540036036;100mN31965E42240;NA;NA;2;63;W;F;5064;EMP
057540036036-9258;057540036036;100mN31965E42240;NA;NA;2;48;S;M;4049;EMP
057540036036-9259;057540036036;100mN31965E42240;PO;NA;3;48;S;F;4049;NEP
057540036036-9259;057540036036;100mN31965E42240;PO;NA;3;46;S;F;4049;EMP
057540036036-9259;057540036036;100mN31965E42240;PO;NA;3;11;S;F;0614;NEP
057540036036-9260;057540036036;100mN31989E42265;MC;NA;2;47;M;M;4049;EMP
057540036036-9260;057540036036;100mN31989E42265;MC;NA;2;44;M;F;4049;EMP
057540036036-9261;057540036036;100mN31989E42265;MC;NA;4;45;M;F;4049;EMP
057540036036-9261;057540036036;100mN31989E42265;MC;NA;4;42;M;M;4049;NEP
057540036036-9261;057540036036;100mN31989E42265;MC;NA;4;6;S;M;0614;NEP
057540036036-9261;057540036036;100mN31989E42265;MC;NA;4;22;M;F;1824;NEP
057540036036-9262;057540036036;100mN31989E42265;MC;MIX;5;71;W;F;6574;EMP
057540036036-9262;057540036036;100mN31989E42265;MC;MIX;5;59;M;F;5064;EMP
057540036036-9262;057540036036;100mN31989E42265;MC;MIX;5;59;M;M;5064;EMP
057540036036-9262;057540036036;100mN31989E42265;MC;MIX;5;10;S;M;0614;NEP
057540036036-9262;057540036036;100mN31989E42265;MC;MIX;5;44;D;M;4049;EMP
057540036036-9263;057540036036;100mN32010E42281;MC;OS;2;85;M;F;75XX;EMP
057540036036-9263;057540036036;100mN32010E42281;MC;OS;2;88;M;M;75XX;NEP
057540036036-9264;057540036036;100mN31989E42265;MC;NA;2;54;M;M;5064;EMP
057540036036-9264;057540036036;100mN31989E42265;MC;NA;2;51;M;F;5064;NEP
057540036036-9265;057540036036;100mN31963E42305;SF;NA;2;37;D;F;3039;NEP
057540036036-9265;057540036036;100mN31963E42305;SF;NA;2;15;S;F;1517;EMP
057540036036-9266;057540036036;100mN32018E42250;MC;NA;2;62;M;M;5064;EMP
057540036036-9266;057540036036;100mN32018E42250;MC;NA;2;63;M;F;5064;NEP
057540036036-9267;057540036036;100mN32018E42250;S;NA;1;47;S;M;4049;EMP
057540036036-9268;057540036036;100mN32018E42250;PO;NA;4;60;S;M;5064;EMP
057540036036-9268;057540036036;100mN32018E42250;PO;NA;4;53;S;F;5064;EMP
057540036036-9268;057540036036;100mN32018E42250;PO;NA;4;30;M;M;3039;NEP
057540036036-9268;057540036036;100mN32018E42250;PO;NA;4;11;S;F;0614;NEP
057540036036-9269;057540036036;100mN32018E42250;S;NA;1;28;M;M;2529;EMP
057540036036-9270;057540036036;100mN32018E42250;MC;NA;4;43;M;F;4049;EMP
057540036036-9270;057540036036;100mN32018E42250;MC;NA;4;46;M;M;4049;UEP
057540036036-9270;057540036036;100mN32018E42250;MC;NA;4;7;S;M;0614;NEP
057540036036-9270;057540036036;100mN32018E42250;MC;NA;4;15;S;F;1517;EMP
057540036036-9271;057540036036;100mN31999E42254;MC;OS;2;86;M;F;75XX;EMP
057540036036-9271;057540036036;100mN31999E42254;MC;OS;2;58;W;M;5064;EMP
057540036036-9272;057540036036;100mN32018E42250;S;NA;1;89;D;M;75XX;EMP
057540036036-9273;057540036036;100mN32018E42250;MC;NA;3;44;M;M;4049;EMP
057540036036-9273;057540036036;100mN32018E42250;MC;NA;3;37;M;F;3039;NEP
057540036036-9273;057540036036;100mN32018E42250;MC;NA;3;7;S;M;0614;NEP
057540036036-9274;057540036036;100mN32018E42250;SF;NA;2;19;W;F;1824;NEP
057540036036-9274;057540036036;100mN32018E42250;SF;NA;2;4;S;F;0305;NEP
057540036036-9275;057540036036;100mN32018E42250;SF;NA;2;44;S;F;4049;EMP
057540036036-9275;057540036036;100mN32018E42250;SF;NA;2;16;S;M;1517;EMP
057540036036-9276;057540036036;100mN31961E42266;MC;NA;4;42;M;M;4049;NEP
057540036036-9276;057540036036;100mN31961E42266;MC;NA;4;38;M;F;3039;NEP
057540036036-9276;057540036036;100mN31961E42266;MC;NA;4;13;S;M;0614;NEP
057540036036-9276;057540036036;100mN31961E42266;MC;NA;4;26;D;M;2529;EMP
057540036036-9277;057540036036;100mN32018E42250;MC;NA;3;60;M;F;5064;EMP
057540036036-9277;057540036036;100mN32018E42250;MC;NA;3;63;M;M;5064;EMP
057540036036-9277;057540036036;100mN32018E42250;MC;NA;3;13;S;M;0614;NEP
057540036036-9278;057540036036;100mN32018E42250;SF;NA;4;36;W;F;3039;EMP
057540036036-9278;057540036036;100mN32018E42250;SF;NA;4;4;S;F;0305;NEP
057540036036-9278;057540036036;100mN32018E42250;SF;NA;4;0;S;M;0003;NEP
057540036036-9278;057540036036;100mN32018E42250;SF;NA;4;13;S;M;0614;NEP
057540036036-9279;057540036036;100mN32018E42250;SF;NA;2;58;S;F;5064;EMP
057540036036-9279;057540036036;100mN32018E42250;SF;NA;2;34;W;F;3039;EMP
057540036036-9280;057540036036;100mN32018E42250;S;NA;1;26;W;F;2529;NEP
057540036036-9281;057540036036;100mN32018E42250;MC;NA;3;60;M;F;5064;NEP
057540036036-9281;057540036036;100mN32018E42250;MC;NA;3;62;M;M;5064;EMP
057540036036-9281;057540036036;100mN32018E42250;MC;NA;3;40;W;M;4049;EMP
057540036036-9282;057540036036;100mN32018E42250;MC;NA;6;48;M;M;4049;EMP
057540036036-9282;057540036036;100mN32018E42250;MC;NA;6;51;M;F;5064;EMP
057540036036-9282;057540036036;100mN32018E42250;MC;NA;6;15;S;M;1517;EMP
057540036036-9282;057540036036;100mN32018E42250;MC;NA;6;25;M;M;2529;EMP
057540036036-9282;057540036036;100mN32018E42250;MC;NA;6;18;M;M;1824;EMP
057540036036-9282;057540036036;100mN32018E42250;MC;NA;6;11;S;M;0614;NEP
057540036036-9283;057540036036;100mN32018E42250;PO;MIX;2;69;S;M;6574;EMP
057540036036-9283;057540036036;100mN32018E42250;PO;MIX;2;62;S;M;5064;EMP
057540036036-9284;057540036036;100mN31969E42255;SM;NA;3;32;D;M;3039;NEP
057540036036-9284;057540036036;100mN31969E42255;SM;NA;3;9;S;M;0614;NEP
057540036036-9284;057540036036;100mN31969E42255;SM;NA;3;13;S;F;0614;NEP
057540036036-9285;057540036036;100mN31969E42255;S;NA;1;55;M;M;5064;EMP
057540036036-9286;057540036036;100mN31969E42255;MC;NA;2;19;M;F;1824;EMP
057540036036-9286;057540036036;100mN31969E42255;MC;NA;2;19;M;M;1824;EMP
057540036036-9287;057540036036;100mN31969E42255;MC;OS;2;66;M;M;6574;NEP
057540036036-9287;057540036036;100mN31969E42255;MC;OS;2;71;M;F;6574;NEP
057540036036-9288;057540036036;100mN31969E42255;MC;NA;2;51;M;F;5064;NEP
057540036036-9288;057540036036;100mN31969E42255;MC;NA;2;56;M;M;5064;NEP
057540036036-9289;057540036036;100mN31973E42272;S;NA;1;77;W;F;75XX;NEP
057540036036-9290;057540036036;100mN31973E42272;S;OS;1;68;M;M;6574;NEP
057540036036-9291;057540036036;100mN31973E42272;SF;NA;2;43;W;F;4049;EMP
057540036036-9291;057540036036;100mN31973E42272;SF;NA;2;15;S;M;1517;EMP
057540036036-9292;057540036036;100mN31973E42272;S;OS;1;52;M;M;5064;EMP
057540036036-9293;057540036036;100mN31992E42291;MC;NA;3;48;M;F;4049;NEP
057540036036-9293;057540036036;100mN31992E42291;MC;NA;3;52;M;M;5064;EMP
057540036036-9293;057540036036;100mN31992E42291;MC;NA;3;9;S;F;0614;NEP
057540036036-9294;057540036036;100mN31992E42291;S;NA;1;22;S;M;1824;EMP
057540036036-9295;057540036036;100mN31992E42291;MC;OS;2;84;M;F;75XX;EMP
057540036036-9295;057540036036;100mN31992E42291;MC;OS;2;88;M;M;75XX;EMP
057540036036-9296;057540036036;100mN31983E42280;MC;OS;2;77;M;M;75XX;EMP
057540036036-9296;057540036036;100mN31983E42280;MC;OS;2;85;M;F;75XX;NEP
057540036036-9297;057540036036;100mN31983E42280;S;OS;1;26;M;F;2529;EMP
057540036036-9298;057540036036;100mN31983E42280;S;NA;1;46;M;M;4049;EMP
057540036036-9299;057540036036;100mN31983E42280;S;NA;1;38;S;M;3039;EMP
057540036036-9300;057540036036;100mN31983E42280;MC;NA;2;42;M;M;4049;UEP
057540036036-9300;057540036036;100mN31983E42280;MC;NA;2;44;M;F;4049;NEP
057540036036-9301;057540036036;100mN31983E42280;S;OS;1;48;M;M;4049;EMP
057540036036-9302;057540036036;100mN32009E42285;SF;NA;4;62;W;F;5064;EMP
057540036036-9302;057540036036;100mN32009E42285;SF;NA;4;13;S;F;0614;NEP
057540036036-9302;057540036036;100mN32009E42285;SF;NA;4;2;S;F;0003;NEP
057540036036-9302;057540036036;100mN32009E42285;SF;NA;4;6;S;M;0614;NEP
057540036036-9303;057540036036;100mN31963E42307;MC;NA;4;53;M;M;5064;EMP
057540036036-9303;057540036036;100mN31963E42307;MC;NA;4;57;M;F;5064;EMP
057540036036-9303;057540036036;100mN31963E42307;MC;NA;4;22;D;F;1824;NEP
057540036036-9303;057540036036;100mN31963E42307;MC;NA;4;15;S;F;1517;NEP
057540036036-9304;057540036036;100mN32009E42285;S;NA;1;40;M;F;4049;EMP
057540036036-9305;057540036036;100mN32009E42285;MC;NA;4;30;M;F;3039;NEP
057540036036-9305;057540036036;100mN32009E42285;MC;NA;4;27;M;M;2529;EMP
057540036036-9305;057540036036;100mN32009E42285;MC;NA;4;8;S;M;0614;NEP
057540036036-9305;057540036036;100mN32009E42285;MC;NA;4;15;S;F;1517;EMP
057540036036-9306;057540036036;100mN32010E42252;MC;NA;2;31;M;M;3039;EMP
057540036036-9306;057540036036;100mN32010E42252;MC;NA;2;40;M;F;4049;EMP
057540036036-9307;057540036036;100mN31964E42279;S;OS;1;18;W;M;1824;EMP
057540036036-9308;057540036036;100mN31964E42279;SF;NA;2;32;S;F;3039;EMP
057540036036-9308;057540036036;100mN31964E42279;SF;NA;2;15;S;M;1517;EMP
057540036036-9309;057540036036;100mN31964E42279;PO;NA;2;59;S;M;5064;NEP
057540036036-9309;057540036036;100mN31964E42279;PO;NA;2;57;S;M;5064;EMP
057540036036-9310;057540036036;100mN31964E42279;S;NA;1;45;S;F;4049;NEP
057540036036-9311;057540036036;100mN31972E42243;MC;NA;5;54;M;F;5064;EMP
057540036036-9311;057540036036;100mN31972E42243;MC;NA;5;57;M;M;5064;NEP
057540036036-9311;057540036036;100mN31972E42243;MC;NA;5;9;S;F;0614;NEP
057540036036-9311;057540036036;100mN31972E42243;MC;NA;5;27;M;M;2529;EMP
057540036036-9311;057540036036;100mN31972E42243;MC;NA;5;4;S;F;0305;NEP
057540036036-9312;057540036036;100mN31972E42243;MC;NA;3;41;M;F;4049;EMP
057540036036-9312;057540036036;100mN31972E42243;MC;NA;3;51;M;M;5064;EMP
057540036036-9312;057540036036;100mN31972E42243;MC;NA;3;16;S;F;1517;NEP
057540036036-9313;057540036036;100mN31972E42243;MC;OS;3;77;M;F;75XX;NEP
057540036036-9313;057540036036;100mN31972E42243;MC;OS;3;80;M;M;75XX;EMP
057540036036-9313;057540036036;100mN31972E42243;MC;OS;3;70;M;M;6574;NEP
057540036036-9314;057540036036;100mN31964E42240;MC;MIX;2;73;M;M;6574;EMP
057540036036-9314;057540036036;100mN31964E42240;MC;MIX;2;16;S;F;1517;NEP
057540036036-9315;057540036036;100mN31964E42240;S;NA;1;41;M;M;4049;EMP
057540036036-9316;057540036036;100mN31964E42240;MC;OS;5;77;M;M;75XX;EMP
057540036036-9316;057540036036;100mN31964E42240;MC;OS;5;69;M;F;6574;NEP
057540036036-9316;057540036036;100mN31964E42240;MC;OS;5;79;S;F;75XX;NEP
057540036036-9316;057540036036;100mN31964E42240;MC;OS;5;78;D;M;75XX;EMP
057540036036-9316;057540036036;100mN31964E42240;MC;OS;5;69;M;F;6574;EMP
057540036036-9317;057540036036;100mN32022E42255;S;NA;1;43;M;M;4049;NEP
057540036036-9318;057540036036;100mN31995E42258;MC;NA;2;41;M;F;4049;EMP
057540036036-9318;057540036036;100mN31995E42258;MC;NA;2;37;M;M;3039;NEP
057540036036-9319;057540036036;100mN32022E42255;MC;NA;3;47;M;M;4049;EMP
057540036036-9319;057540036036;100mN32022E42255;MC;NA;3;44;M;F;4049;EMP
057540036036-9319;057540036036;100mN32022E42255;MC;NA;3;28;S;M;2529;EMP
057540036036-9320;057540036036;100mN32022E42255;MC;NA;3;58;M;F;5064;NEP
057540036036-9320;057540036036;100mN32022E42255;MC;NA;3;61;M;M;5064;EMP
057540036036-9320;057540036036;100mN32022E42255;MC;NA;3;6;S;F;0614;NEP
057540036036-9321;057540036036;100mN31968E42249;SF;NA;4;18;S;F;1824;EMP
057540036036-9321;057540036036;100mN31968E42249;SF;NA;4;0;S;F;0003;NEP
057540036036-9321;057540036036;100mN31968E42249;SF;NA;4;2;S;F;0003;NEP
057540036036-9321;057540036036;100mN31968E42249;SF;NA;4;3;S;F;0305;NEP
057540036036-9322;057540036036;100mN31968E42249;MC;NA;3;62;M;F;5064;NEP
057540036036-9322;057540036036;100mN31968E42249;MC;NA;3;83;W;F;75XX;EMP
057540036036-9322;057540036036;100mN31968E42249;MC;NA;3;7;S;F;0614;NEP
057540036036-9323;057540036036;100mN31968E42249;S;OS;1;33;M;F;3039;EMP
057540036036-9324;057540036036;100mN31955E42304;MC;NA;2;25;M;M;2529;EMP
057540036036-9324;057540036036;100mN31955E42304;MC;NA;2;18;M;F;1824;NEP
057540036036-9325;057540036036;100mN31955E42304;MC;NA;2;60;M;F;5064;EMP
057540036036-9325;057540036036;100mN31955E42304;MC;NA;2;28;W;F;2529;EMP
057540036036-9326;057540036036;100mN31955E42304;S;OS;1;42;M;M;4049;NEP
057540036036-9327;057540036036;100mN31968E42280;MC;OS;2;89;M;F;75XX;EMP
057540036036-9327;057540036036;100mN31968E42280;MC;OS;2;59;M;M;5064;EMP
057540036036-9328;057540036036;100mN31968E42280;MC;NA;2;25;M;F;2529;EMP
057540036036-9328;057540036036;100mN31968E42280;MC;NA;2;32;M;M;3039;EMP
057540036036-9329;057540036036;100mN32014E42288;PO;NA;6;28;S;F;2529;EMP
057540036036-9329;057540036036;100mN32014E42288;PO;NA;6;31;S;F;3039;EMP
057540036036-9329;057540036036;100mN32014E42288;PO;NA;6;13;S;M;0614;NEP
057540036036-9329;057540036036;100mN32014E42288;PO;NA;6;6;S;F;0614;NEP
057540036036-9329;057540036036;100mN32014E42288;PO;NA;6;0;S;M;0003;NEP
057540036036-9329;057540036036;100mN32014E42288;PO;NA;6;9;S;F;0614;NEP
057540036036-9330;057540036036;100mN32005E42282;MC;NA;4;22;M;M;1824;EMP
057540036036-9330;057540036036;100mN32005E42282;MC;NA;4;21;M;F;1824;EMP
057540036036-9330;057540036036;100mN32005E42282;MC;NA;4;6;S;F;0614;NEP
057540036036-9330;057540036036;100mN32005E42282;MC;NA;4;1;S;F;0003;NEP
057540036036-9331;057540036036;100mN31955E42260;MC;NA;3;31;M;F;3039;EMP
057540036036-9331;057540036036;100mN31955E42260;MC;NA;3;37;M;M;3039;EMP
057540036036-9331;057540036036;100mN31955E42260;MC;NA;3;8;S;F;0614;NEP
057540036036-9332;057540036036;100mN31955E42260;MC;NA;2;43;M;F;4049;NEP
057540036036-9332;057540036036;100mN31955E42260;MC;NA;2;35;M;M;3039;EMP
057540036036-9333;057540036036;100mN32022E42243;MC;NA;4;31;M;M;3039;EMP
057540036036-9333;057540036036;100mN32022E42243;MC;NA;4;27;M;F;2529;NEP
057540036036-9333;057540036036;100mN32022E42243;MC;NA;4;15;S;F;1517;EMP
057540036036-9333;057540036036;100mN32022E42243;MC;NA;4;7;S;F;0614;NEP
057540036036-9334;057540036036;100mN32022E42243;MC;NA;6;43;M;F;4049;NEP
057540036036-9334;057540036036;100mN32022E42243;MC;NA;6;34;M;M;3039;NEP
057540036036-9334;057540036036;100mN32022E42243;MC;NA;6;2;S;F;0003;NEP
057540036036-9334;057540036036;100mN32022E42243;MC;NA;6;9;S;M;0614;NEP
057540036036-9334;057540036036;100mN32022E42243;MC;NA;6;12;S;M;0614;NEP
057540036036-9334;057540036036;100mN32022E42243;MC;NA;6;15;S;M;1517;EMP
057540036036-9335;057540036036;100mN32022E42243;S;NA;1;43;S;F;4049;EMP
057540036036-9336;057540036036;100mN31963E42305;MC;NA;5;42;M;M;4049;EMP
057540036036-9336;057540036036;100mN31963E42305;MC;NA;5;45;M;F;4049;EMP
057540036036-9336;057540036036;100mN31963E42305;MC;NA;5;6;S;M;0614;NEP
057540036036-9336;057540036036;100mN31963E42305;MC;NA;5;9;S;M;0614;NEP
057540036036-9336;057540036036;100mN31963E42305;MC;NA;5;10;S;M;0614;NEP
057540036036-9337;057540036036;100mN32022E42243;PO;NA;5;26;S;M;2529;EMP
057540036036-9337;057540036036;100mN32022E42243;PO;NA;5;25;S;M;2529;EMP
057540036036-9337;057540036036;100mN32022E42243;PO;NA;5;1;S;M;0003;NEP
057540036036-9337;057540036036;100mN32022E42243;PO;NA;5;6;S;F;0614;NEP
057540036036-9337;057540036036;100mN32022E42243;PO;NA;5;8;S;M;0614;NEP
057540036036-9338;057540036036;100mN31973E42253;MC;NA;2;58;M;M;5064;EMP
057540036036-9338;057540036036;100mN31973E42253;MC;NA;2;56;M;F;5064;EMP
057540036036-9339;057540036036;100mN31973E42253;S;OS;1;27;M;M;2529;EMP
057540036036-9340;057540036036;100mN32003E42258;MC;NA;2;54;M;M;5064;EMP
057540036036-9340;057540036036;100mN32003E42258;MC;NA;2;54;M;F;5064;NEP
057540036036-9341;057540036036;100mN31973E42253;MC;OS;2;75;M;M;75XX;EMP
057540036036-9341;057540036036;100mN31973E42253;MC;OS;2;73;M;F;6574;NEP
057540036036-9342;057540036036;100mN32005E42282;MC;OS;3;89;M;F;75XX;NEP
057540036036-9342;057540036036;100mN32005E42282;MC;OS;3;6;S;F;0614;NEP
057540036036-9342;057540036036;100mN32005E42282;MC;OS;3;71;M;M;6574;EMP
057540036036-9343;057540036036;100mN31992E42277;MC;OS;4;73;M;F;6574;EMP
057540036036-9343;057540036036;100mN31992E42277;MC;OS;4;75;M;M;75XX;EMP
057540036036-9343;057540036036;100mN31992E42277;MC;OS;4;70;S;F;6574;NEP
057540036036-9343;057540036036;100mN31992E42277;MC;OS;4;72;M;M;6574;NEP
057540036036-9344;057540036036;100mN31992E42277;SF;NA;4;48;D;F;4049;EMP
057540036036-9344;057540036036;100mN31992E42277;SF;NA;4;10;S;M;0614;NEP
057540036036-9344;057540036036;100mN31992E42277;SF;NA;4;27;M;M;2529;NEP
057540036036-9344;057540036036;100mN31992E42277;SF;NA;4;8;S;M;0614;NEP
057540036036-9345;057540036036;100mN31992E42277;MC;NA;4;38;M;F;3039;EMP
057540036036-9345;057540036036;100mN31992E42277;MC;NA;4;41;M;M;4049;NEP
057540036036-9345;057540036036;100mN31992E42277;MC;NA;4;16;S;M;1517;UEP
057540036036-9345;057540036036;100mN31992E42277;MC;NA;4;23;D;M;1824;EMP
057540036036-9346;057540036036;100mN31992E42277;SF;NA;2;83;D;F;75XX;EMP
057540036036-9346;057540036036;100mN31992E42277;SF;NA;2;3;S;M;0305;NEP
057540036036-9347;057540036036;100mN32009E42247;S;OS;1;38;M;F;3039;EMP
057540036036-9348;057540036036;100mN32009E42247;SM;NA;4;44;D;M;4049;NEP
057540036036-9348;057540036036;100mN32009E42247;SM;NA;4;15;S;F;1517;EMP
057540036036-9348;057540036036;100mN32009E42247;SM;NA;4;18;M;M;1824;EMP
057540036036-9348;057540036036;100mN32009E42247;SM;NA;4;27;M;M;2529;EMP
057540036036-9349;057540036036;100mN32009E42247;MC;NA;4;28;M;M;2529;EMP
057540036036-9349;057540036036;100mN32009E42247;MC;NA;4;28;M;F;2529;EMP
057540036036-9349;057540036036;100mN32009E42247;MC;NA;4;11;S;F;0614;NEP
057540036036-9349;057540036036;100mN32009E42247;MC;NA;4;1;S;M;0003;NEP
057540036036-9350;057540036036;100mN32009E42247;SM;NA;2;55;S;M;5064;EMP
057540036036-9350;057540036036;100mN32009E42247;SM;NA;2;7;S;M;0614;NEP
057540036036-9351;057540036036;100mN32017E42230;SF;NA;4;48;W;F;4049;NEP
057540036036-9351;057540036036;100mN32017E42230;SF;NA;4;11;S;F;0614;NEP
057540036036-9351;057540036036;100mN32017E42230;SF;NA;4;15;S;M;1517;EMP
057540036036-9351;057540036036;100mN32017E42230;SF;NA;4;3;S;M;0305;NEP
057540036036-9352;057540036036;100mN32009E42247;S;OS;1;43;S;F;4049;EMP
057540036036-9353;057540036036;100mN31999E42256;S;NA;1;33;S;M;3039;EMP
057540036036-9354;057540036036;100mN32009E42247;MC;NA;3;45;M;M;4049;NEP
057540036036-9354;057540036036;100mN32009E42247;MC;NA;3;43;M;F;4049;NEP
057540036036-9354;057540036036;100mN32009E42247;MC;NA;3;26;S;M;2529;EMP
057540036036-9355;057540036036;100mN32013E42244;S;OS;1;53;M;M;5064;EMP
057540036036-9356;057540036036;100mN32013E42244;MC;NA;5;50;M;F;5064;EMP
057540036036-9356;057540036036;100mN32013E42244;MC;NA;5;51;M;M;5064;EMP
057540036036-9356;057540036036;100mN32013E42244;MC;NA;5;11;S;F;0614;NEP
057540036036-9356;057540036036;100mN32013E42244;MC;NA;5;7;S;F;0614;NEP
057540036036-9356;057540036036;100mN32013E42244;MC;NA;5;4;S;F;0305;NEP
057540036036-9357;057540036036;100mN32013E42244;SF;NA;4;41;S;F;4049;EMP
057540036036-9357;057540036036;100mN32013E42244;SF;NA;4;13;S;F;0614;NEP
057540036036-9357;057540036036;100mN32013E42244;SF;NA;4;7;S;F;0614;NEP
057540036036-9357;057540036036;100mN32013E42244;SF;NA;4;4;S;F;0305;NEP
057540036036-9358;057540036036;100mN32013E42244;MC;NA;2;33;M;F;3039;NEP
057540036036-9358;057540036036;100mN32013E42244;MC;NA;2;35;M;M;3039;EMP
057540036036-9359;057540036036;100mN32013E42244;SM;MIX;3;72;M;M;6574;EMP
057540036036-9359;057540036036;100mN32013E42244;SM;MIX;3;66;S;M;6574;EMP
057540036036-9359;057540036036;100mN32013E42244;SM;MIX;3;28;S;F;2529;NEP
057540036036-9360;057540036036;100mN32013E42244;SF;NA;4;72;W;F;6574;NEP
057540036036-9360;057540036036;100mN32013E42244;SF;NA;4;12;S;F;0614;NEP
057540036036-9360;057540036036;100mN32013E42244;SF;NA;4;54;W;F;5064;NEP
057540036036-9360;057540036036;100mN32013E42244;SF;NA;4;12;S;F;0614;NEP
057540036036-9361;057540036036;100mN31990E42261;MC;NA;2;61;M;M;5064;EMP
057540036036-9361;057540036036;100mN31990E42261;MC;NA;2;44;M;M;4049;EMP
057540036036-9362;057540036036;100mN32013E42244;MC;NA;4;48;M;M;4049;EMP
057540036036-9362;057540036036;100mN32013E42244;MC;NA;4;56;M;F;5064;EMP
057540036036-9362;057540036036;100mN32013E42244;MC;NA;4;12;S;M;0614;NEP
057540036036-9362;057540036036;100mN32013E42244;MC;NA;4;10;S;F;0614;NEP
057540036036-9363;057540036036;100mN32010E42277;S;OS;1;25;S;F;2529;EMP
057540036036-9364;057540036036;100mN32013E42244;MC;OS;3;70;M;F;6574;EMP
057540036036-9364;057540036036;100mN32013E42244;MC;OS;3;77;M;M;75XX;EMP
057540036036-9364;057540036036;100mN32013E42244;MC;OS;3;66;S;F;6574;EMP
057540036036-9365;057540036036;100mN32013E42244;SF;NA;2;69;W;F;6574;EMP
057540036036-9365;057540036036;100mN32013E42244;SF;NA;2;35;W;F;3039;NEP
057540036036-9366;057540036036;100mN32013E42244;MC;NA;4;43;M;M;4049;EMP
057540036036-9366;057540036036;100mN32013E42244;MC;NA;4;47;M;F;4049;EMP
057540036036-9366;057540036036;100mN32013E42244;MC;NA;4;6;S;F;0614;NEP
057540036036-9366;057540036036;100mN32013E42244;MC;NA;4;11;S;M;0614;NEP
057540036036-9367;057540036036;100mN32013E42244;PO;NA;2;42;S;M;4049;EMP
057540036036-9367;057540036036;100mN32013E42244;PO;NA;2;45;S;M;4049;EMP
057540036036-9368;057540036036;100mN31990E42259;MC;MIX;3;71;D;M;6574;EMP
057540036036-9368;057540036036;100mN31990E42259;MC;MIX;3;37;M;M;3039;EMP
057540036036-9368;057540036036;100mN31990E42259;MC;MIX;3;36;M;F;3039;EMP
057540036036-9369;057540036036;100mN32013E42244;PO;NA;2;21;S;F;1824;NEP
057540036036-9369;057540036036;100mN32013E42244;PO;NA;2;18;S;F;1824;EMP
057540036036-9370;057540036036;100mN31999E42258;MC;NA;2;44;M;F;4049;EMP
057540036036-9370;057540036036;100mN31999E42258;MC;NA;2;46;M;M;4049;NEP
057540036036-9371;057540036036;100mN31989E42283;MC;NA;4;40;M;M;4049;EMP
057540036036-9371;057540036036;100mN31989E42283;MC;NA;4;40;M;F;4049;NEP
057540036036-9371;057540036036;100mN31989E42283;MC;NA;4;2;S;F;0003;NEP
057540036036-9371;057540036036;100mN31989E42283;MC;NA;4;3;S;F;0305;NEP
057540036036-9372;057540036036;100mN31989E42283;S;NA;1;86;S;F;75XX;EMP
057540036036-9373;057540036036;100mN31989E42283;PO;NA;2;33;S;M;3039;NEP
057540036036-9373;057540036036;100mN31989E42283;PO;NA;2;31;S;M;3039;NEP
057540036036-9374;057540036036;100mN31999E42257;MC;MIX;2;71;M;F;6574;NEP
057540036036-9374;057540036036;100mN31999E42257;MC;MIX;2;6;S;F;0614;NEP
057540036036-9375;057540036036;100mN31965E42278;S;OS;1;77;W;M;75XX;NEP
057540036036-9376;057540036036;100mN31965E42278;MC;OS;3;70;M;F;6574;NEP
057540036036-9376;057540036036;100mN31965E42278;MC;OS;3;72;M;M;6574;EMP
057540036036-9376;057540036036;100mN31965E42278;MC;OS;3;66;S;F;6574;EMP
057540036036-9377;057540036036;100mN32008E42277;NA;NA;4;68;D;M;6574;EMP
057540036036-9377;057540036036;100mN32008E42277;NA;NA;4;53;M;F;5064;NEP
057540036036-9377;057540036036;100mN32008E42277;NA;NA;4;52;W;F;5064;NEP
057540036036-9377;057540036036;100mN32008E42277;NA;NA;4;43;S;F;4049;EMP
057540036036-9378;057540036036;100mN32008E42277;MC;MIX;2;75;M;M;75XX;EMP
057540036036-9378;057540036036;100mN32008E42277;MC;MIX;2;23;M;M;1824;UEP
057540036036-9379;057540036036;100mN32008E42277;MC;NA;2;30;M;M;3039;NEP
057540036036-9379;057540036036;100mN32008E42277;MC;NA;2;34;M;F;3039;EMP
057540036036-9380;057540036036;100mN32008E42277;MC;OS;3;85;M;F;75XX;EMP
057540036036-9380;057540036036;100mN32008E42277;MC;OS;3;85;M;M;75XX;EMP
057540036036-9380;057540036036;100mN32008E42277;MC;OS;3;72;M;M;6574;NEP
057540036036-9381;057540036036;100mN32008E42277;SF;NA;6;65;W;F;6574;EMP
057540036036-9381;057540036036;100mN32008E42277;SF;NA;6;9;S;F;0614;NEP
057540036036-9381;057540036036;100mN32008E42277;SF;NA;6;12;S;F;0614;NEP
057540036036-9381;057540036036;100mN32008E42277;SF;NA;6;21;M;F;1824;NEP
057540036036-9381;057540036036;100mN32008E42277;SF;NA;6;6;S;F;0614;NEP
057540036036-9381;057540036036;100mN32008E42277;SF;NA;6;21;M;M;1824;EMP
057540036036-9382;057540036036;100mN32008E42277;PO;NA;3;51;S;M;5064;EMP
057540036036-9382;057540036036;100mN32008E42277;PO;NA;3;48;S;F;4049;NEP
057540036036-9382;057540036036;100mN32008E42277;PO;NA;3;16;S;M;1517;NEP
057540036036-9383;057540036036;100mN32008E42277;MC;NA;2;36;M;F;3039;NEP
057540036036-9383;057540036036;100mN32008E42277;MC;NA;2;33;M;M;3039;EMP
057540036036-9384;057540036036;100mN32008E42277;SF;NA;2;42;D;F;4049;EMP
057540036036-9384;057540036036;100mN32008E42277;SF;NA;2;1;S;F;0003;NEP
057540036036-9385;057540036036;100mN32017E42255;S;NA;1;58;S;M;5064;NEP
057540036036-9386;057540036036;100mN32008E42277;S;NA;1;43;S;F;4049;EMP
057540036036-9387;057540036036;100mN32008E42277;MC;NA;6;40;M;M;4049;EMP
057540036036-9387;057540036036;100mN32008E42277;MC;NA;6;41;M;F;4049;EMP
057540036036-9387;057540036036;100mN32008E42277;MC;NA;6;11;S;M;0614;NEP
057540036036-9387;057540036036;100mN32008E42277;MC;NA;6;16;S;M;1517;EMP
057540036036-9387;057540036036;100mN32008E42277;MC;NA;6;0;S;F;0003;NEP
057540036036-9387;057540036036;100mN32008E42277;MC;NA;6;6;S;F;0614;NEP
057540036036-9388;057540036036;100mN32008E42277;S;OS;1;33;M;M;3039;EMP
057540036036-9389;057540036036;100mN32008E42277;PO;MIX;5;70;S;M;6574;NEP
057540036036-9389;057540036036;100mN32008E42277;PO;MIX;5;59;S;F;5064;EMP
057540036036-9389;057540036036;100mN32008E42277;PO;MIX;5;0;S;M;0003;NEP
057540036036-9389;057540036036;100mN32008E42277;PO;MIX;5;12;S;F;0614;NEP
057540036036-9389;057540036036;100mN32008E42277;PO;MIX;5;22;W;F;1824;NEP
057540036036-9390;057540036036;100mN32007E42282;SF;MIX;2;71;D;F;6574;EMP
057540036036-9390;057540036036;100mN32007E42282;SF;MIX;2;3;S;F;0305;NEP
057540036036-9391;057540036036;100mN32008E42277;MC;NA;2;31;M;M;3039;UEP
057540036036-9391;057540036036;100mN32008E42277;MC;NA;2;27;M;F;2529;NEP
057540036036-9392;057540036036;100mN31976E42249;MC;MIX;2;89;M;M;75XX;NEP
057540036036-9392;057540036036;100mN31976E42249;MC;MIX;2;51;M;M;5064;EMP
057540036036-9393;057540036036;100mN31976E42249;S;NA;1;84;M;F;75XX;EMP
057540036036-9394;057540036036;100mN31999E42256;MC;NA;5;44;M;F;4049;NEP
057540036036-9394;057540036036;100mN31999E42256;MC;NA;5;52;M;M;5064;EMP
057540036036-9394;057540036036;100mN31999E42256;MC;NA;5;22;D;M;1824;EMP
057540036036-9394;057540036036;100mN31999E42256;MC;NA;5;27;S;M;2529;EMP
057540036036-9394;057540036036;100mN31999E42256;MC;NA;5;4;S;M;0305;NEP
057540036036-9395;057540036036;100mN31976E42249;S;OS;1;41;M;F;4049;EMP
057540036036-9396;057540036036;100mN31999E42257;PO;NA;4;36;S;M;3039;EMP
057540036036-9396;057540036036;100mN31999E42257;PO;NA;4;34;S;F;3039;EMP
057540036036-9396;057540036036;100mN31999E42257;PO;NA;4;15;S;M;1517;EMP
057540036036-9396;057540036036;100mN31999E42257;PO;NA;4;19;S;F;1824;NEP
057540036036-9397;057540036036;100mN31995E42260;MC;NA;2;23;M;M;1824;EMP
057540036036-9397;057540036036;100mN31995E42260;MC;NA;2;27;M;F;2529;EMP
057540036036-9398;057540036036;100mN31995E42260;MC;NA;2;62;M;M;5064;EMP
057540036036-9398;057540036036;100mN31995E42260;MC;NA;2;59;M;F;5064;EMP
057540036036-9399;057540036036;100mN31983E42294;S;NA;1;19;M;M;1824;EMP
057540036036-9400;057540036036;100mN31995E42260;PO;OS;2;69;S;M;6574;EMP
057540036036-9400;057540036036;100mN31995E42260;PO;OS;2;67;S;M;6574;EMP
057540036036-9401;057540036036;100mN31990E42261;S;NA;1;45;S;M;4049;EMP
057540036036-9402;057540036036;100mN31995E42260;MC;NA;3;38;M;F;3039;EMP
057540036036-9402;057540036036;100mN31995E42260;MC;NA;3;30;M;M;3039;EMP
057540036036-9402;057540036036;100mN31995E42260;MC;NA;3;8;S;M;0614;NEP
057540036036-9403;057540036036;100mN31995E42260;MC;NA;4;35;M;M;3039;EMP
057540036036-9403;057540036036;100mN31995E42260;MC;NA;4;32;M;F;3039;EMP
057540036036-9403;057540036036;100mN31995E42260;MC;NA;4;9;S;M;0614;NEP
057540036036-9403;057540036036;100mN31995E42260;MC;NA;4;20;W;M;1824;EMP
057540036036-9404;057540036036;100mN32007E42278;S;NA;1;38;M;M;3039;EMP
057540036036-9405;057540036036;100mN31995E42260;MC;MIX;5;82;W;F;75XX;NEP
057540036036-9405;057540036036;100mN31995E42260;MC;MIX;5;33;M;M;3039;EMP
057540036036-9405;057540036036;100mN31995E42260;MC;MIX;5;34;M;F;3039;NEP
057540036036-9405;057540036036;100mN31995E42260;MC;MIX;5;3;S;F;0305;NEP
057540036036-9405;057540036036;100mN31995E42260;MC;MIX;5;18;M;M;1824;EMP
057540036036-9406;057540036036;100mN31975E42274;MC;NA;3;43;M;F;4049;NEP
057540036036-9406;057540036036;100mN31975E42274;MC;NA;3;18;M;M;1824;EMP
057540036036-9406;057540036036;100mN31975E42274;MC;NA;3;13;S;F;0614;NEP
057540036036-9407;057540036036;100mN31975E42274;MC;NA;4;35;M;M;3039;EMP
057540036036-9407;057540036036;100mN31975E42274;MC;NA;4;34;M;F;3039;EMP
057540036036-9407;057540036036;100mN31975E42274;MC;NA;4;20;S;M;1824;NEP
057540036036-9407;057540036036;100mN31975E42274;MC;NA;4;3;S;M;0305;NEP
057540036036-9408;057540036036;100mN31975E42274;S;OS;1;55;M;M;5064;EMP
057540036036-9409;057540036036;100mN31995E42259;MC;NA;2;25;M;M;2529;EMP
057540036036-9409;057540036036;100mN31995E42259;MC;NA;2;18;M;F;1824;EMP
057540036036-9410;057540036036;100mN31995E42259;SF;NA;6;32;W;F;3039;NEP
057540036036-9410;057540036036;100mN31995E42259;SF;NA;6;13;S;F;0614;NEP
057540036036-9410;057540036036;100mN31995E42259;SF;NA;6;13;S;M;0614;NEP
057540036036-9410;057540036036;100mN31995E42259;SF;NA;6;3;S;M;0305;NEP
057540036036-9410;057540036036;100mN31995E42259;SF;NA;6;15;S;F;1517;NEP
057540036036-9410;057540036036;100mN31995E42259;SF;NA;6;9;S;F;0614;NEP
057540036036-9411;057540036036;100mN31995E42259;MC;NA;2;42;M;F;4049;NEP
057540036036-9411;057540036036;100mN31995E42259;MC;NA;2;44;M;M;4049;EMP
057540036036-9412;057540036036;100mN31995E42259;S;NA;1;38;W;F;3039;EMP
057540036036-9413;057540036036;100mN31995E42259;MC;NA;2;31;M;F;3039;NEP
057540036036-9413;057540036036;100mN31995E42259;MC;NA;2;33;M;M;3039;EMP
057540036036-9414;057540036036;100mN31995E42259;MC;MIX;2;73;M;M;6574;EMP
057540036036-9414;057540036036;100mN31995E42259;MC;MIX;2;58;D;F;5064;EMP
057540036036-9415;057540036036;100mN31995E42259;MC;NA;3;28;M;F;2529;EMP
057540036036-9415;057540036036;100mN31995E42259;MC;NA;3;31;M;M;3039;EMP
057540036036-9415;057540036036;100mN31995E42259;MC;NA;3;3;S;F;0305;NEP
057540036036-9416;057540036036;100mN31995E42259;PO;NA;2;19;S;M;1824;UEP
057540036036-9416;057540036036;100mN31995E42259;PO;NA;2;18;S;M;1824;EMP
057540036036-9417;057540036036;100mN32005E42282;S;NA;1;59;D;F;5064;EMP
057540036036-9418;057540036036;100mN31995E42259;SF;NA;2;53;W;F;5064;NEP
057540036036-9418;057540036036;100mN31995E42259;SF;NA;2;4;S;F;0305;NEP
057540036036-9419;057540036036;100mN31995E42259;SF;NA;4;62;S;F;5064;EMP
057540036036-9419;057540036036;100mN31995E42259;SF;NA;4;42;M;M;4049;UEP
057540036036-9419;057540036036;100mN31995E42259;SF;NA;4;6;S;F;0614;NEP
057540036036-9419;057540036036;100mN31995E42259;SF;NA;4;10;S;M;0614;NEP
057540036036-9420;057540036036;100mN31995E42259;S;NA;1;48;S;M;4049;EMP
057540036036-9421;057540036036;100mN31995E42259;PO;OS;4;83;S;M;75XX;EMP
057540036036-9421;057540036036;100mN31995E42259;PO;OS;4;87;S;F;75XX;EMP
057540036036-9421;057540036036;100mN31995E42259;PO;OS;4;75;D;M;75XX;EMP
057540036036-9421;057540036036;100mN31995E42259;PO;OS;4;78;D;F;75XX;EMP
057540036036-9422;057540036036;100mN31995E42259;PO;NA;5;48;S;M;4049;EMP
057540036036-9422;057540036036;100mN31995E42259;PO;NA;5;51;S;M;5064;EMP
057540036036-9422;057540036036;100mN31995E42259;PO;NA;5;8;S;M;0614;NEP
057540036036-9422;057540036036;100mN31995E42259;PO;NA;5;15;S;M;1517;EMP
057540036036-9422;057540036036;100mN31995E42259;PO;NA;5;3;S;F;0305;NEP
057540036036-9423;057540036036;100mN31995E42259;S;NA;1;26;M;M;2529;NEP
057540036036-9424;057540036036;100mN31995E42259;MC;NA;2;59;M;F;5064;EMP
057540036036-9424;057540036036;100mN31995E42259;MC;NA;2;63;M;M;5064;NEP
057540036036-9425;057540036036;100mN31995E42259;MC;MIX;2;87;M;M;75XX;EMP
057540036036-9425;057540036036;100mN31995E42259;MC;MIX;2;28;D;M;2529;EMP
057540036036-9426;057540036036;100mN31995E42259;S;OS;1;31;D;M;3039;EMP
057540036036-9427;057540036036;100mN31955E42244;S;NA;1;19;D;F;1824;NEP
057540036036-9428;057540036036;100mN31995E42259;SF;NA;2;87;S;F;75XX;EMP
057540036036-9428;057540036036;100mN31995E42259;SF;NA;2;0;S;M;0003;NEP
057540036036-9429;057540036036;100mN31995E42259;PO;OS;2;72;S;F;6574;NEP
057540036036-9429;057540036036;100mN31995E42259;PO;OS;2;70;S;F;6574;NEP
057540036036-9430;057540036036;100mN31995E42259;SF;NA;2;48;D;F;4049;NEP
057540036036-9430;057540036036;100mN31995E42259;SF;NA;2;11;S;F;0614;NEP
057540036036-9431;057540036036;100mN31995E42259;MC;NA;4;31;M;F;3039;EMP
057540036036-9431;057540036036;100mN31995E42259;MC;NA;4;30;M;M;3039;NEP
057540036036-9431;057540036036;100mN31995E42259;MC;NA;4;0;S;M;0003;NEP
057540036036-9431;057540036036;100mN31995E42259;MC;NA;4;15;S;F;1517;NEP
057540036036-9432;057540036036;100mN31995E42259;MC;NA;3;63;M;M;5064;EMP
057540036036-9432;057540036036;100mN31995E42259;MC;NA;3;61;M;F;5064;EMP
057540036036-9432;057540036036;100mN31995E42259;MC;NA;3;30;M;M;3039;EMP
057540036036-9433;057540036036;100mN32018E42291;MC;NA;2;28;M;M;2529;NEP
057540036036-9433;057540036036;100mN32018E42291;MC;NA;2;27;M;F;2529;EMP
057540036036-9434;057540036036;100mN31962E42308;MC;NA;2;44;M;F;4049;EMP
057540036036-9434;057540036036;100mN31962E42308;MC;NA;2;47;M;M;4049;EMP
057540036036-9435;057540036036;100mN32018E42291;SF;MIX;2;77;W;F;75XX;EMP
057540036036-9435;057540036036;100mN32018E42291;SF;MIX;2;62;M;F;5064;EMP
057540036036-9436;057540036036;100mN32018E42291;MC;MIX;2;70;M;M;6574;EMP
057540036036-9436;057540036036;100mN32018E42291;MC;MIX;2;61;M;F;5064;NEP
057540036036-9437;057540036036;100mN32018E42291;SF;NA;5;47;W;F;4049;EMP
057540036036-9437;057540036036;100mN32018E42291;SF;NA;5;2;S;M;0003;NEP
057540036036-9437;057540036036;100mN32018E42291;SF;NA;5;3;S;M;0305;NEP
057540036036-9437;057540036036;100mN32018E42291;SF;NA;5;10;S;F;0614;NEP
057540036036-9437;057540036036;100mN32018E42291;SF;NA;5;11;S;M;0614;NEP
057540036036-9438;057540036036;100mN31976E42247;MC;NA;2;55;M;M;5064;EMP
057540036036-9438;057540036036;100mN31976E42247;MC;NA;2;47;M;F;4049;NEP
057540036036-9439;057540036036;100mN31981E42241;S;NA;1;77;M;M;75XX;EMP
057540036036-9440;057540036036;100mN31981E42241;S;NA;1;54;M;F;5064;NEP
057540036036-9441;057540036036;100mN31981E42241;MC;MIX;3;87;M;F;75XX;EMP
057540036036-9441;057540036036;100mN31981E42241;MC;MIX;3;63;M;F;5064;EMP
057540036036-9441;057540036036;100mN31981E42241;MC;MIX;3;31;S;M;3039;EMP
057540036036-9442;057540036036;100mN31975E42277;PO;NA;5;33;S;F;3039;NEP
057540036036-9442;057540036036;100mN31975E42277;PO;NA;5;33;S;M;3039;EMP
057540036036-9442;057540036036;100mN31975E42277;PO;NA;5;8;S;F;0614;NEP
057540036036-9442;057540036036;100mN31975E42277;PO;NA;5;2;S;F;0003;NEP
057540036036-9442;057540036036;100mN31975E42277;PO;NA;5;7;S;M;0614;NEP
057540036036-9443;057540036036;100mN32010E42252;MC;NA;3;60;M;F;5064;EMP
057540036036-9443;057540036036;100mN32010E42252;MC;NA;3;62;M;M;5064;EMP
057540036036-9443;057540036036;100mN32010E42252;MC;NA;3;16;S;M;1517;EMP
057540036036-9444;057540036036;100mN31975E42277;MC;NA;2;41;M;M;4049;UEP
057540036036-9444;057540036036;100mN31975E42277;MC;NA;2;36;M;F;3039;EMP
057540036036-9445;057540036036;100mN31995E42258;MC;OS;4;75;M;F;75XX;NEP
057540036036-9445;057540036036;100mN31995E42258;MC;OS;4;72;M;M;6574;NEP
057540036036-9445;057540036036;100mN31995E42258;MC;OS;4;70;S;F;6574;EMP
057540036036-9445;057540036036;100mN31995E42258;MC;OS;4;79;S;M;75XX;EMP
057540036036-9446;057540036036;100mN31995E42258;SF;NA;4;45;S;F;4049;NEP
057540036036-9446;057540036036;100mN31995E42258;SF;NA;4;21;M;M;1824;NEP
057540036036-9446;057540036036;100mN31995E42258;SF;NA;4;13;S;F;0614;NEP
057540036036-9446;057540036036;100mN31995E42258;SF;NA;4;11;S;F;0614;NEP
057540036036-9447;057540036036;100mN32005E42282;SF;NA;2;70;W;F;6574;EMP
057540036036-9447;057540036036;100mN32005E42282;SF;NA;2;38;M;M;3039;EMP
057540036036-9448;057540036036;100mN31995E42258;MC;NA;6;48;M;M;4049;EMP
057540036036-9448;057540036036;100mN31995E42258;MC;NA;6;42;M;F;4049;EMP
057540036036-9448;057540036036;100mN31995E42258;MC;NA;6;26;M;F;2529;NEP
057540036036-9448;057540036036;100mN31995E42258;MC;NA;6;20;M;F;1824;NEP
057540036036-9448;057540036036;100mN31995E42258;MC;NA;6;9;S;F;0614;NEP
057540036036-9448;057540036036;100mN31995E42258;MC;NA;6;28;M;M;2529;EMP
057540036036-9449;057540036036;100mN31995E42258;MC;NA;2;59;M;M;5064;EMP
057540036036-9449;057540036036;100mN31995E42258;MC;NA;2;58;M;F;5064;EMP
057540036036-9450;057540036036;100mN31995E42258;PO;OS;2;82;S;M;75XX;EMP
057540036036-9450;057540036036;100mN31995E42258;PO;OS;2;75;S;F;75XX;EMP
057540036036-9451;057540036036;100mN31995E42258;MC;MIX;2;68;M;M;6574;NEP
057540036036-9451;057540036036;100mN31995E42258;MC;MIX;2;54;M;F;5064;NEP
057540036036-9452;057540036036;100mN31995E42258;PO;NA;3;58;S;M;5064;EMP
057540036036-9452;057540036036;100mN31995E42258;PO;NA;3;47;S;F;4049;NEP
057540036036-9452;057540036036;100mN31995E42258;PO;NA;3;21;M;F;1824;EMP
057540036036-9453;057540036036;100mN31995E42258;MC;NA;2;26;M;M;2529;EMP
057540036036-9453;057540036036;100mN31995E42258;MC;NA;2;18;M;F;1824;NEP
057540036036-9454;057540036036;100mN31995E42258;MC;OS;2;88;M;M;75XX;NEP
057540036036-9454;057540036036;100mN31995E42258;MC;OS;2;84;M;F;75XX;EMP
057540036036-9455;057540036036;100mN31995E42258;S;OS;1;58;D;M;5064;EMP
057540036036-9456;057540036036;100mN31995E42258;MC;OS;2;89;M;F;75XX;NEP
057540036036-9456;057540036036;100mN31995E42258;MC;OS;2;87;M;M;75XX;NEP
057540036036-9457;057540036036;100mN31995E42258;MC;NA;2;59;M;F;5064;EMP
057540036036-9457;057540036036;100mN31995E42258;MC;NA;2;61;M;M;5064;EMP
057540036036-9458;057540036036;100mN31955E42244;MC;NA;2;47;M;F;4049;NEP
057540036036-9458;057540036036;100mN31955E42244;MC;NA;2;60;M;M;5064;EMP
057540036036-9459;057540036036;100mN31995E42258;MC;NA;5;40;M;M;4049;EMP
057540036036-9459;057540036036;100mN31995E42258;MC;NA;5;44;M;F;4049;EMP
057540036036-9459;057540036036;100mN31995E42258;MC;NA;5;6;S;M;0614;NEP
057540036036-9459;057540036036;100mN31995E42258;MC;NA;5;8;S;M;0614;NEP
057540036036-9459;057540036036;100mN31995E42258;MC;NA;5;7;S;F;0614;NEP
057540036036-9460;057540036036;100mN31995E42258;MC;OS;2;76;M;F;75XX;EMP
057540036036-9460;057540036036;100mN31995E42258;MC;OS;2;73;M;M;6574;NEP
057540036036-9461;057540036036;100mN31995E42258;S;NA;1;57;W;F;5064;NEP
057540036036-9462;057540036036;100mN31995E42258;MC;OS;2;80;M;F;75XX;EMP
057540036036-9462;057540036036;100mN31995E42258;MC;OS;2;81;M;M;75XX;NEP
057540036036-9463;057540036036;100mN31976E42253;MC;NA;4;56;M;M;5064;NEP
057540036036-9463;057540036036;100mN31976E42253;MC;NA;4;57;M;F;5064;NEP
057540036036-9463;057540036036;100mN31976E42253;MC;NA;4;11;S;F;0614;NEP
057540036036-9463;057540036036;100mN31976E42253;MC;NA;4;12;S;F;0614;NEP
057540036036-9464;057540036036;100mN31995E42258;SF;NA;2;86;D;F;75XX;NEP
057540036036-9464;057540036036;100mN31995E42258;SF;NA;2;13;S;M;0614;NEP
057540036036-9465;057540036036;100mN31995E42258;S;NA;1;43;S;M;4049;EMP
057540036036-9466;057540036036;100mN31995E42258;SF;NA;3;43;W;F;4049;EMP
057540036036-9466;057540036036;100mN31995E42258;SF;NA;3;10;S;M;0614;NEP
057540036036-9466;057540036036;100mN31995E42258;SF;NA;3;13;S;M;0614;NEP
057540036036-9467;057540036036;100mN31995E42258;SF;MIX;2;86;S;F;75XX;EMP
057540036036-9467;057540036036;100mN31995E42258;SF;MIX;2;1;S;F;0003;NEP
057540036036-9468;057540036036;100mN31995E42258;MC;NA;2;41;M;F;4049;EMP
057540036036-9468;057540036036;100mN31995E42258;MC;NA;2;37;M;M;3039;NEP
057540036036-9469;057540036036;100mN32010E42253;MC;OS;2;75;M;F;75XX;EMP
057540036036-9469;057540036036;100mN32010E42253;MC;OS;2;79;M;M;75XX;EMP
057540036036-9470;057540036036;100mN32010E42253;MC;OS;2;89;M;M;75XX;EMP
057540036036-9470;057540036036;100mN32010E42253;MC;OS;2;50;D;F;5064;NEP
057540036036-9471;057540036036;100mN32010E42253;S;OS;1;55;W;F;5064;EMP
057540036036-9472;057540036036;100mN31979E42245;MC;OS;2;72;M;F;6574;EMP
057540036036-9472;057540036036;100mN31979E42245;MC;OS;2;81;M;M;75XX;EMP
057540036036-9473;057540036036;100mN31979E42245;MC;OS;4;77;M;M;75XX;EMP
057540036036-9473;057540036036;100mN31979E42245;MC;OS;4;68;M;F;6574;NEP
057540036036-9473;057540036036;100mN31979E42245;MC;OS;4;72;S;F;6574;NEP
057540036036-9473;057540036036;100mN31979E42245;MC;OS;4;69;W;F;6574;EMP
057540036036-9474;057540036036;100mN31979E42245;MC;OS;2;72;M;M;6574;EMP
057540036036-9474;057540036036;100mN31979E42245;MC;OS;2;70;M;F;6574;EMP
057540036036-9475;057540036036;100mN31979E42245;MC;NA;2;20;M;M;1824;EMP
057540036036-9475;057540036036;100mN31979E42245;MC;NA;2;18;M;F;1824;NEP
057540036036-9476;057540036036;100mN31999E42255;PO;NA;3;57;S;F;5064;EMP
057540036036-9476;057540036036;100mN31999E42255;PO;NA;3;60;S;M;5064;EMP
057540036036-9476;057540036036;100mN31999E42255;PO;NA;3;4;S;F;0305;NEP
057540036036-9477;057540036036;100mN31999E42255;MC;MIX;4;71;W;M;6574;UEP
057540036036-9477;057540036036;100mN31999E42255;MC;MIX;4;43;M;M;4049;EMP
057540036036-9477;057540036036;100mN31999E42255;MC;MIX;4;38;M;F;3039;NEP
057540036036-9477;057540036036;100mN31999E42255;MC;MIX;4;16;S;M;1517;EMP
057540036036-9478;057540036036;100mN31999E42255;SF;MIX;5;65;M;F;6574;EMP
057540036036-9478;057540036036;100mN31999E42255;SF;MIX;5;52;W;F;5064;NEP
057540036036-9478;057540036036;100mN31999E42255;SF;MIX;5;34;M;M;3039;EMP
057540036036-9478;057540036036;100mN31999E42255;SF;MIX;5;7;S;M;0614;NEP
057540036036-9478;057540036036;100mN31999E42255;SF;MIX;5;16;S;F;1517;NEP
057540036036-9479;057540036036;100mN31999E42255;MC;MIX;2;82;M;F;75XX;NEP
057540036036-9479;057540036036;100mN31999E42255;MC;MIX;2;59;W;F;5064;EMP
057540036036-9480;057540036036;100mN31999E42255;MC;NA;4;41;M;F;4049;NEP
057540036036-9480;057540036036;100mN31999E42255;MC;NA;4;53;M;M;5064;EMP
057540036036-9480;057540036036;100mN31999E42255;MC;NA;4;20;S;M;1824;NEP
057540036036-9480;057540036036;100mN31999E42255;MC;NA;4;13;S;M;0614;NEP
057540036036-9481;057540036036;100mN31999E42255;MC;NA;3;40;M;M;4049;EMP
057540036036-9481;057540036036;100mN31999E42255;MC;NA;3;18;M;F;1824;EMP
057540036036-9481;057540036036;100mN31999E42255;MC;NA;3;6;S;F;0614;NEP
057540036036-9482;057540036036;100mN31999E42255;MC;OS;2;88;M;F;75XX;EMP
057540036036-9482;057540036036;100mN31999E42255;MC;OS;2;89;M;M;75XX;EMP
057540036036-9483;057540036036;100mN31999E42255;MC;NA;2;37;M;M;3039;EMP
057540036036-9483;057540036036;100mN31999E42255;MC;NA;2;37;M;F;3039;EMP
057540036036-9484;057540036036;100mN31999E42255;S;NA;1;85;M;M;75XX;EMP
057540036036-9485;057540036036;100mN31999E42255;MC;NA;4;42;M;F;4049;EMP
057540036036-9485;057540036036;100mN31999E42255;MC;NA;4;45;M;M;4049;EMP
057540036036-9485;057540036036;100mN31999E42255;MC;NA;4;3;S;M;0305;NEP
057540036036-9485;057540036036;100mN31999E42255;MC;NA;4;8;S;M;0614;NEP
057540036036-9486;057540036036;100mN31999E42255;PO;NA;3;28;S;M;2529;EMP
057540036036-9486;057540036036;100mN31999E42255;PO;NA;3;27;S;M;2529;EMP
057540036036-9486;057540036036;100mN31999E42255;PO;NA;3;12;S;F;0614;NEP
057540036036-9487;057540036036;100mN31999E42255;PO;OS;2;86;S;F;75XX;NEP
057540036036-9487;057540036036;100mN31999E42255;PO;OS;2;83;S;F;75XX;NEP
057540036036-9488;057540036036;100mN31999E42255;PO;OS;2;66;S;F;6574;NEP
057540036036-9488;057540036036;100mN31999E42255;PO;OS;2;69;S;M;6574;EMP
057540036036-9489;057540036036;100mN32003E42258;MC;MIX;4;70;W;F;6574;EMP
057540036036-9489;057540036036;100mN32003E42258;MC;MIX;4;45;M;F;4049;EMP
057540036036-9489;057540036036;100mN32003E42258;MC;MIX;4;54;M;M;5064;NEP
057540036036-9489;057540036036;100mN32003E42258;MC;MIX;4;16;S;M;1517;NEP
057540036036-9490;057540036036;100mN32007E42286;S;OS;1;89;S;M;75XX;EMP
057540036036-9491;057540036036;100mN32007E42286;SF;NA;4;60;W;F;5064;NEP
057540036036-9491;057540036036;100mN32007E42286;SF;NA;4;3;S;M;0305;NEP
057540036036-9491;057540036036;100mN32007E42286;SF;NA;4;15;S;M;1517;NEP
057540036036-9491;057540036036;100mN32007E42286;SF;NA;4;3;S;F;0305;NEP
057540036036-9492;057540036036;100mN32007E42286;MC;OS;2;69;M;F;6574;NEP
057540036036-9492;057540036036;100mN32007E42286;MC;OS;2;73;M;M;6574;EMP
057540036036-9493;057540036036;100mN32007E42286;SF;NA;4;44;S;F;4049;EMP
057540036036-9493;057540036036;100mN32007E42286;SF;NA;4;15;S;F;1517;EMP
057540036036-9493;057540036036;100mN32007E42286;SF;NA;4;15;S;F;1517;EMP
057540036036-9493;057540036036;100mN32007E42286;SF;NA;4;13;S;F;0614;NEP
057540036036-9494;057540036036;100mN32007E42286;SF;NA;2;48;S;F;4049;EMP
057540036036-9494;057540036036;100mN32007E42286;SF;NA;2;18;D;F;1824;NEP
057540036036-9495;057540036036;100mN32007E42286;MC;MIX;4;67;M;M;6574;EMP
057540036036-9495;057540036036;100mN32007E42286;MC;MIX;4;18;M;F;1824;EMP
057540036036-9495;057540036036;100mN32007E42286;MC;MIX;4;22;M;M;1824;EMP
057540036036-9495;057540036036;100mN32007E42286;MC;MIX;4;2;S;M;0003;NEP
057540036036-9496;057540036036;100mN31969E42245;MC;NA;4;40;M;F;4049;NEP
057540036036-9496;057540036036;100mN31969E42245;MC;NA;4;48;M;M;4049;NEP
057540036036-9496;057540036036;100mN31969E42245;MC;NA;4;15;S;M;1517;EMP
057540036036-9496;057540036036;100mN31969E42245;MC;NA;4;25;W;F;2529;NEP
057540036036-9497;057540036036;100mN31969E42245;MC;NA;2;56;M;M;5064;EMP
057540036036-9497;057540036036;100mN31969E42245;MC;NA;2;47;M;F;4049;EMP
057540036036-9498;057540036036;100mN31969E42245;MC;OS;2;88;M;F;75XX;NEP
057540036036-9498;057540036036;100mN31969E42245;MC;OS;2;89;M;M;75XX;EMP
057540036036-9499;057540036036;100mN31983E42296;S;NA;1;19;M;M;1824;EMP
057540036036-9500;057540036036;100mN31983E42296;MC;NA;4;55;M;M;5064;NEP
057540036036-9500;057540036036;100mN31983E42296;MC;NA;4;46;M;F;4049;NEP
057540036036-9500;057540036036;100mN31983E42296;MC;NA;4;12;S;M;0614;NEP
057540036036-9500;057540036036;100mN31983E42296;MC;NA;4;13;S;F;0614;NEP
057540036036-9501;057540036036;100mN31983E42296;PO;NA;2;26;S;M;2529;EMP
057540036036-9501;057540036036;100mN31983E42296;PO;NA;2;23;S;M;1824;NEP
057540036036-9502;057540036036;100mN31975E42300;SF;NA;2;72;W;F;6574;NEP
057540036036-9502;057540036036;100mN31975E42300;SF;NA;2;45;W;F;4049;EMP
057540036036-9503;057540036036;100mN31975E42300;MC;MIX;3;73;S;F;6574;NEP
057540036036-9503;057540036036;100mN31975E42300;MC;MIX;3;62;M;M;5064;EMP
057540036036-9503;057540036036;100mN31975E42300;MC;MIX;3;61;M;F;5064;EMP
057540036036-9504;057540036036;100mN31975E42300;MC;NA;6;61;M;M;5064;NEP
057540036036-9504;057540036036;100mN31975E42300;MC;NA;6;54;M;F;5064;NEP
057540036036-9504;057540036036;100mN31975E42300;MC;NA;6;15;S;M;1517;EMP
057540036036-9504;057540036036;100mN31975E42300;MC;NA;6;13;S;M;0614;NEP
057540036036-9504;057540036036;100mN31975E42300;MC;NA;6;22;M;F;1824;EMP
057540036036-9504;057540036036;100mN31975E42300;MC;NA;6;42;D;M;4049;NEP
057540036036-9505;057540036036;100mN31975E42300;S;OS;1;87;M;M;75XX;EMP
057540036036-9506;057540036036;100mN31999E42257;MC;NA;5;53;M;M;5064;UEP
057540036036-9506;057540036036;100mN31999E42257;MC;NA;5;50;M;F;5064;EMP
057540036036-9506;057540036036;100mN31999E42257;MC;NA;5;8;S;M;0614;NEP
057540036036-9506;057540036036;100mN31999E42257;MC;NA;5;3;S;F;0305;NEP
057540036036-9506;057540036036;100mN31999E42257;MC;NA;5;37;S;M;3039;EMP
057540036036-9507;057540036036;100mN31975E42300;S;OS;1;81;M;F;75XX;EMP
057540036036-9508;057540036036;100mN31975E42300;S;NA;1;66;S;M;6574;NEP
057540036036-9509;057540036036;100mN31975E42300;MC;NA;3;56;M;M;5064;EMP
057540036036-9509;057540036036;100mN31975E42300;MC;NA;3;54;M;F;5064;EMP
057540036036-9509;057540036036;100mN31975E42300;MC;NA;3;16;S;F;1517;EMP
057540036036-9510;057540036036;100mN31975E42300;SM;NA;2;47;W;M;4049;EMP
057540036036-9510;057540036036;100mN31975E42300;SM;NA;2;4;S;M;0305;NEP
057540036036-9511;057540036036;100mN31975E42300;S;OS;1;21;M;F;1824;EMP
057540036036-9512;057540036036;100mN31975E42300;MC;NA;2;57;M;M;5064;NEP
057540036036-9512;057540036036;100mN31975E42300;MC;NA;2;60;M;F;5064;EMP
057540036036-9513;057540036036;100mN31965E42249;S;NA;1;51;M;F;5064;EMP
057540036036-9514;057540036036;100mN31965E42249;MC;NA;2;53;M;F;5064;NEP
057540036036-9514;057540036036;100mN31965E42249;MC;NA;2;60;M;M;5064;EMP
057540036036-9515;057540036036;100mN31965E42249;MC;NA;6;55;M;F;5064;EMP
057540036036-9515;057540036036;100mN31965E42249;MC;NA;6;58;M;M;5064;EMP
057540036036-9515;057540036036;100mN31965E42249;MC;NA;6;19;D;M;1824;NEP
057540036036-9515;057540036036;100mN31965E42249;MC;NA;6;38;M;F;3039;EMP
057540036036-9515;057540036036;100mN31965E42249;MC;NA;6;1;S;F;0003;NEP
057540036036-9515;057540036036;100mN31965E42249;MC;NA;6;1;S;M;0003;NEP
057540036036-9516;057540036036;100mN32018E42267;NA;NA;3;16;S;M;1517;EMP
057540036036-9516;057540036036;100mN32018E42267;NA;NA;3;59;M;F;5064;EMP
057540036036-9516;057540036036;100mN32018E42267;NA;NA;3;69;M;F;6574;EMP
057540036036-9517;057540036036;100mN32018E42267;MC;NA;5;52;M;M;5064;EMP
057540036036-9517;057540036036;100mN32018E42267;MC;NA;5;57;M;F;5064;NEP
057540036036-9517;057540036036;100mN32018E42267;MC;NA;5;20;S;M;1824;NEP
057540036036-9517;057540036036;100mN32018E42267;MC;NA;5;31;M;F;3039;EMP
057540036036-9517;057540036036;100mN32018E42267;MC;NA;5;27;D;F;2529;EMP
057540036036-9518;057540036036;100mN32018E42267;S;NA;1;35;M;F;3039;EMP
057540036036-9519;057540036036;100mN32018E42267;MC;NA;4;41;M;M;4049;EMP
057540036036-9519;057540036036;100mN32018E42267;MC;NA;4;38;M;F;3039;EMP
057540036036-9519;057540036036;100mN32018E42267;MC;NA;4;26;S;F;2529;EMP
057540036036-9519;057540036036;100mN32018E42267;MC;NA;4;8;S;F;0614;NEP
057540036036-9520;057540036036;100mN32018E42267;PO;MIX;2;72;S;M;6574;EMP
057540036036-9520;057540036036;100mN32018E42267;PO;MIX;2;13;S;F;0614;NEP
057540036036-9521;057540036036;100mN32018E42267;S;OS;1;44;M;M;4049;EMP
057540036036-9522;057540036036;100mN31958E42263;NA;NA;2;46;D;M;4049;EMP
057540036036-9522;057540036036;100mN31958E42263;NA;NA;2;75;M;M;75XX;EMP
057540036036-9523;057540036036;100mN31958E42263;PO;OS;4;82;S;M;75XX;EMP
057540036036-9523;057540036036;100mN31958E42263;PO;OS;4;82;S;F;75XX;NEP
057540036036-9523;057540036036;100mN31958E42263;PO;OS;4;72;M;F;6574;EMP
057540036036-9523;057540036036;100mN31958E42263;PO;OS;4;84;S;F;75XX;NEP
057540036036-9524;057540036036;100mN31958E42263;MC;NA;2;43;M;M;4049;NEP
057540036036-9524;057540036036;100mN31958E42263;MC;NA;2;46;M;F;4049;EMP
057540036036-9525;057540036036;100mN31958E42263;MC;NA;2;26;M;F;2529;NEP
057540036036-9525;057540036036;100mN31958E42263;MC;NA;2;28;M;M;2529;EMP
057540036036-9526;057540036036;100mN32004E42253;MC;OS;4;67;M;M;6574;EMP
057540036036-9526;057540036036;100mN32004E42253;MC;OS;4;84;M;F;75XX;EMP
057540036036-9526;057540036036;100mN32004E42253;MC;OS;4;73;M;F;6574;NEP
057540036036-9526;057540036036;100mN32004E42253;MC;OS;4;73;D;M;6574;NEP
057540036036-9527;057540036036;100mN32004E42253;MC;NA;4;42;M;F;4049;NEP
057540036036-9527;057540036036;100mN32004E42253;MC;NA;4;42;M;M;4049;NEP
057540036036-9527;057540036036;100mN32004E42253;MC;NA;4;27;W;F;2529;EMP
057540036036-9527;057540036036;100mN32004E42253;MC;NA;4;19;S;M;1824;EMP
057540036036-9528;057540036036;100mN32004E42253;MC;NA;4;61;M;M;5064;EMP
057540036036-9528;057540036036;100mN32004E42253;MC;NA;4;60;M;F;5064;EMP
057540036036-9528;057540036036;100mN32004E42253;MC;NA;4;15;S;F;1517;NEP
057540036036-9528;057540036036;100mN32004E42253;MC;NA;4;12;S;M;0614;NEP
057540036036-9529;057540036036;100mN32001E42301;PO;MIX;2;67;S;M;6574;EMP
057540036036-9529;057540036036;100mN32001E42301;PO;MIX;2;58;S;F;5064;EMP
057540036036-9530;057540036036;100mN32001E42301;MC;NA;3;45;M;F;4049;EMP
057540036036-9530;057540036036;100mN32001E42301;MC;NA;3;48;M;M;4049;EMP
057540036036-9530;057540036036;100mN32001E42301;MC;NA;3;0;S;M;0003;NEP
057540036036-9531;057540036036;100mN32001E42301;PO;OS;6;68;S;M;6574;EMP
057540036036-9531;057540036036;100mN32001E42301;PO;OS;6;69;S;F;6574;EMP
057540036036-9531;057540036036;100mN32001E42301;PO;OS;6;84;S;F;75XX;EMP
057540036036-9531;057540036036;100mN32001E42301;PO;OS;6;84;S;M;75XX;EMP
057540036036-9531;057540036036;100mN32001E42301;PO;OS;6;69;D;F;6574;NEP
057540036036-9531;057540036036;100mN32001E42301;PO;OS;6;69;S;F;6574;EMP
057540036036-9532;057540036036;100mN31963E42305;MC;NA;4;57;M;M;5064;EMP
057540036036-9532;057540036036;100mN31963E42305;MC;NA;4;55;M;F;5064;EMP
057540036036-9532;057540036036;100mN31963E42305;MC;NA;4;9;S;F;0614;NEP
057540036036-9532;057540036036;100mN31963E42305;MC;NA;4;8;S;F;0614;NEP
057540036036-9533;057540036036;100mN32018E42289;PO;NA;3;41;S;F;4049;NEP
057540036036-9533;057540036036;100mN32018E42289;PO;NA;3;44;S;F;4049;EMP
057540036036-9533;057540036036;100mN32018E42289;PO;NA;3;10;S;M;0614;NEP
057540036036-9534;057540036036;100mN32018E42289;MC;NA;3;47;M;F;4049;EMP
057540036036-9534;057540036036;100mN32018E42289;MC;NA;3;51;M;M;5064;EMP
057540036036-9534;057540036036;100mN32018E42289;MC;NA;3;13;S;M;0614;NEP
057540036036-9535;057540036036;100mN32018E42289;MC;NA;2;41;M;F;4049;EMP
057540036036-9535;057540036036;100mN32018E42289;MC;NA;2;47;M;M;4049;EMP
057540036036-9536;057540036036;100mN32018E42289;MC;NA;2;51;M;M;5064;EMP
057540036036-9536;057540036036;100mN32018E42289;MC;NA;2;48;M;F;4049;NEP
057540036036-9537;057540036036;100mN32018E42289;SF;MIX;3;65;S;M;6574;NEP
057540036036-9537;057540036036;100mN32018E42289;SF;MIX;3;28;D;F;2529;EMP
057540036036-9537;057540036036;100mN32018E42289;SF;MIX;3;9;S;F;0614;NEP
057540036036-9538;057540036036;100mN32014E42288;MC;OS;3;76;M;F;75XX;NEP
057540036036-9538;057540036036;100mN32014E42288;MC;OS;3;66;M;M;6574;EMP
057540036036-9538;057540036036;100mN32014E42288;MC;OS;3;66;M;M;6574;EMP
057540036036-9539;057540036036;100mN32008E42278;SF;NA;2;44;W;F;4049;NEP
057540036036-9539;057540036036;100mN32008E42278;SF;NA;2;10;S;M;0614;NEP
057540036036-9540;057540036036;100mN31990E42261;PO;NA;4;25;S;M;2529;EMP
057540036036-9540;057540036036;100mN31990E42261;PO;NA;4;33;S;M;3039;NEP
057540036036-9540;057540036036;100mN31990E42261;PO;NA;4;4;S;M;0305;NEP
057540036036-9540;057540036036;100mN31990E42261;PO;NA;4;3;S;M;0305;NEP
057540036036-9541;057540036036;100mN32018E42289;MC;NA;2;52;M;M;5064;NEP
057540036036-9541;057540036036;100mN32018E42289;MC;NA;2;51;M;F;5064;EMP
057540036036-9542;057540036036;100mN31962E42308;SF;NA;4;45;W;F;4049;EMP
057540036036-9542;057540036036;100mN31962E42308;SF;NA;4;11;S;F;0614;NEP
057540036036-9542;057540036036;100mN31962E42308;SF;NA;4;6;S;F;0614;NEP
057540036036-9542;057540036036;100mN31962E42308;SF;NA;4;3;S;F;0305;NEP
057540036036-9543;057540036036;100mN32018E42289;MC;OS;2;86;M;F;75XX;EMP
057540036036-9543;057540036036;100mN32018E42289;MC;OS;2;89;S;M;75XX;NEP
057540036036-9544;057540036036;100mN32018E42289;MC;NA;6;61;M;F;5064;EMP
057540036036-9544;057540036036;100mN32018E42289;MC;NA;6;61;M;M;5064;EMP
057540036036-9544;057540036036;100mN32018E42289;MC;NA;6;9;S;M;0614;NEP
057540036036-9544;057540036036;100mN32018E42289;MC;NA;6;16;S;M;1517;EMP
057540036036-9544;057540036036;100mN32018E42289;MC;NA;6;26;D;M;2529;NEP
057540036036-9544;057540036036;100mN32018E42289;MC;NA;6;42;S;M;4049;EMP
057540036036-9545;057540036036;100mN32018E42289;MC;OS;2;68;M;M;6574;EMP
057540036036-9545;057540036036;100mN32018E42289;MC;OS;2;86;M;F;75XX;NEP
057540036036-9546;057540036036;100mN32018E42289;MC;MIX;2;81;M;M;75XX;EMP
057540036036-9546;057540036036;100mN32018E42289;MC;MIX;2;28;S;F;2529;NEP
057540036036-9547;057540036036;100mN32018E42289;SF;NA;3;37;D;F;3039;EMP
057540036036-9547;057540036036;100mN32018E42289;SF;NA;3;16;S;F;1517;EMP
057540036036-9547;057540036036;100mN32018E42289;SF;NA;3;18;M;F;1824;NEP
057540036036-9548;057540036036;100mN32018E42289;MC;NA;2;18;M;M;1824;EMP
057540036036-9548;057540036036;100mN32018E42289;MC;NA;2;18;M;F;1824;EMP
057540036036-9549;057540036036;100mN31955E42252;MC;NA;4;47;M;M;4049;EMP
057540036036-9549;057540036036;100mN31955E42252;MC;NA;4;47;M;F;4049;NEP
057540036036-9549;057540036036;100mN31955E42252;MC;NA;4;9;S;F;0614;NEP
057540036036-9549;057540036036;100mN31955E42252;MC;NA;4;18;M;F;1824;NEP
057540036036-9550;057540036036;100mN31955E42252;NA;NA;2;46;S;F;4049;EMP
057540036036-9550;057540036036;100mN31955E42252;NA;NA;2;43;M;M;4049;EMP
057540036036-9551;057540036036;100mN31955E42252;S;NA;1;61;D;F;5064;NEP
057540036036-9552;057540036036;100mN32009E42232;SM;NA;4;31;S;M;3039;EMP
057540036036-9552;057540036036;100mN32009E42232;SM;NA;4;15;S;M;1517;EMP
057540036036-9552;057540036036;100mN32009E42232;SM;NA;4;8;S;F;0614;NEP
057540036036-9552;057540036036;100mN32009E42232;SM;NA;4;3;S;M;0305;NEP
057540036036-9553;057540036036;100mN32009E42232;S;OS;1;26;S;M;2529;EMP
057540036036-9554;057540036036;100mN32009E42232;SF;NA;2;52;W;F;5064;NEP
057540036036-9554;057540036036;100mN32009E42232;SF;NA;2;15;S;F;1517;EMP
057540036036-9555;057540036036;100mN32010E42252;S;OS;1;37;S;F;3039;NEP
057540036036-9556;057540036036;100mN32010E42252;MC;NA;2;43;M;F;4049;NEP
057540036036-9556;057540036036;100mN32010E42252;MC;NA;2;47;M;M;4049;EMP
057540036036-9557;057540036036;100mN32010E42252;SF;NA;2;32;W;F;3039;NEP
057540036036-9557;057540036036;100mN32010E42252;SF;NA;2;12;S;M;0614;NEP
057540036036-9558;057540036036;100mN32010E42252;PO;OS;4;83;S;F;75XX;NEP
057540036036-9558;057540036036;100mN32010E42252;PO;OS;4;85;S;F;75XX;NEP
057540036036-9558;057540036036;100mN32010E42252;PO;OS;4;66;S;F;6574;NEP
057540036036-9558;057540036036;100mN32010E42252;PO;OS;4;85;D;F;75XX;EMP
057540036036-9559;057540036036;100mN32010E42252;SM;NA;2;44;D;M;4049;EMP
057540036036-9559;057540036036;100mN32010E42252;SM;NA;2;27;S;M;2529;EMP
057540036036-9560;057540036036;100mN32010E42252;S;NA;1;48;M;M;4049;NEP
057540036036-9561;057540036036;100mN32010E42252;MC;NA;3;42;M;M;4049;EMP
057540036036-9561;057540036036;100mN32010E42252;MC;NA;3;41;M;F;4049;EMP
057540036036-9561;057540036036;100mN32010E42252;MC;NA;3;15;S;M;1517;EMP
057540036036-9562;057540036036;100mN32010E42252;MC;NA;2;31;M;M;3039;EMP
057540036036-9562;057540036036;100mN32010E42252;MC;NA;2;40;M;F;4049;EMP
057540036036-9563;057540036036;100mN32010E42252;MC;NA;3;60;M;F;5064;EMP
057540036036-9563;057540036036;100mN32010E42252;MC;NA;3;62;M;M;5064;EMP
057540036036-9563;057540036036;100mN32010E42252;MC;NA;3;16;S;M;1517;EMP
057540036036-9564;057540036036;100mN32010E42252;S;NA;1;16;S;M;1517;EMP
057540036036-9565;057540036036;100mN32010E42252;PO;OS;2;70;S;F;6574;NEP
057540036036-9565;057540036036;100mN32010E42252;PO;OS;2;77;S;M;75XX;NEP
057540036036-9566;057540036036;100mN32010E42252;MC;NA;3;50;M;M;5064;EMP
057540036036-9566;057540036036;100mN32010E42252;MC;NA;3;53;M;F;5064;NEP
057540036036-9566;057540036036;100mN32010E42252;MC;NA;3;4;S;M;0305;NEP
057540036036-9567;057540036036;100mN32010E42281;MC;NA;4;60;M;M;5064;EMP
057540036036-9567;057540036036;100mN32010E42281;MC;NA;4;61;M;F;5064;NEP
057540036036-9567;057540036036;100mN32010E42281;MC;NA;4;25;M;M;2529;NEP
057540036036-9567;057540036036;100mN32010E42281;MC;NA;4;38;D;M;3039;EMP
057540036036-9568;057540036036;100mN31999E42259;MC;NA;2;53;M;F;5064;EMP
057540036036-9568;057540036036;100mN31999E42259;MC;NA;2;63;M;M;5064;EMP
057540036036-9569;057540036036;100mN31999E42259;PO;NA;4;28;S;M;2529;EMP
057540036036-9569;057540036036;100mN31999E42259;PO;NA;4;28;S;F;2529;NEP
057540036036-9569;057540036036;100mN31999E42259;PO;NA;4;12;S;F;0614;NEP
057540036036-9569;057540036036;100mN31999E42259;PO;NA;4;0;S;F;0003;NEP
057540036036-9570;057540036036;100mN31999E42259;MC;NA;2;53;M;F;5064;EMP
057540036036-9570;057540036036;100mN31999E42259;MC;NA;2;58;M;M;5064;EMP
057540036036-9571;057540036036;100mN31999E42259;NA;OS;4;37;W;F;3039;NEP
057540036036-9571;057540036036;100mN31999E42259;NA;OS;4;38;M;F;3039;EMP
057540036036-9571;057540036036;100mN31999E42259;NA;OS;4;46;D;F;4049;NEP
057540036036-9571;057540036036;100mN31999E42259;NA;OS;4;60;M;M;5064;EMP
057540036036-9572;057540036036;100mN31999E42259;S;NA;1;69;M;F;6574;NEP
057540036036-9573;057540036036;100mN31999E42259;MC;MIX;2;66;M;F;6574;NEP
057540036036-9573;057540036036;100mN31999E42259;MC;MIX;2;31;S;M;3039;NEP
057540036036-9574;057540036036;100mN31999E42259;MC;NA;2;50;M;M;5064;EMP
057540036036-9574;057540036036;100mN31999E42259;MC;NA;2;45;M;F;4049;NEP
057540036036-9575;057540036036;100mN31999E42259;MC;NA;3;60;M;F;5064;NEP
057540036036-9575;057540036036;100mN31999E42259;MC;NA;3;54;M;F;5064;NEP
057540036036-9575;057540036036;100mN31999E42259;MC;NA;3;16;S;M;1517;EMP
057540036036-9576;057540036036;100mN31999E42259;S;OS;1;48;M;M;4049;EMP
057540036036-9577;057540036036;100mN31983E42297;S;OS;1;68;D;M;6574;EMP
057540036036-9578;057540036036;100mN31983E42297;MC;NA;2;48;M;F;4049;NEP
057540036036-9578;057540036036;100mN31983E42297;MC;NA;2;55;M;M;5064;EMP
057540036036-9579;057540036036;100mN32022E42253;MC;NA;3;52;M;M;5064;EMP
057540036036-9579;057540036036;100mN32022E42253;MC;NA;3;50;M;F;5064;NEP
057540036036-9579;057540036036;100mN32022E42253;MC;NA;3;1;S;F;0003;NEP
057540036036-9580;057540036036;100mN31983E42297;MC;NA;3;28;M;M;2529;EMP
057540036036-9580;057540036036;100mN31983E42297;MC;NA;3;31;M;F;3039;EMP
057540036036-9580;057540036036;100mN31983E42297;MC;NA;3;10;S;F;0614;NEP
057540036036-9581;057540036036;100mN32015E42302;MC;NA;2;47;M;M;4049;EMP
057540036036-9581;057540036036;100mN32015E42302;MC;NA;2;43;M;F;4049;EMP
057540036036-9582;057540036036;100mN32015E42302;SF;NA;3;30;W;F;3039;EMP
057540036036-9582;057540036036;100mN32015E42302;SF;NA;3;2;S;M;0003;NEP
057540036036-9582;057540036036;100mN32015E42302;SF;NA;3;8;S;M;0614;NEP
057540036036-9583;057540036036;100mN32015E42302;PO;OS;2;68;S;M;6574;EMP
057540036036-9583;057540036036;100mN32015E42302;PO;OS;2;72;S;F;6574;EMP
057540036036-9584;057540036036;100mN31964E42278;S;NA;1;63;S;F;5064;NEP
057540036036-9585;057540036036;100mN31964E42278;SF;NA;4;77;S;F;75XX;EMP
057540036036-9585;057540036036;100mN31964E42278;SF;NA;4;7;S;M;0614;NEP
057540036036-9585;057540036036;100mN31964E42278;SF;NA;4;31;M;M;3039;EMP
057540036036-9585;057540036036;100mN31964E42278;SF;NA;4;28;S;M;2529;EMP
057540036036-9586;057540036036;100mN31964E42278;S;OS;1;52;M;M;5064;EMP
057540036036-9587;057540036036;100mN31964E42278;S;OS;1;32;W;F;3039;NEP
057540036036-9588;057540036036;100mN31964E42278;MC;NA;2;38;M;M;3039;EMP
057540036036-9588;057540036036;100mN31964E42278;MC;NA;2;35;M;F;3039;EMP
057540036036-9589;057540036036;100mN31964E42278;S;NA;1;41;M;F;4049;EMP
057540036036-9590;057540036036;100mN32010E42279;MC;NA;2;54;M;F;5064;NEP
057540036036-9590;057540036036;100mN32010E42279;MC;NA;2;60;M;M;5064;UEP
057540036036-9591;057540036036;100mN31964E42278;MC;NA;4;22;M;M;1824;EMP
057540036036-9591;057540036036;100mN31964E42278;MC;NA;4;19;M;F;1824;NEP
057540036036-9591;057540036036;100mN31964E42278;MC;NA;4;3;S;F;0305;NEP
057540036036-9591;057540036036;100mN31964E42278;MC;NA;4;0;S;M;0003;NEP
057540036036-9592;057540036036;100mN32022E42251;MC;NA;2;52;M;F;5064;NEP
057540036036-9592;057540036036;100mN32022E42251;MC;NA;2;55;M;M;5064;EMP
057540036036-9593;057540036036;100mN32022E42251;SM;NA;2;35;D;M;3039;EMP
057540036036-9593;057540036036;100mN32022E42251;SM;NA;2;15;S;F;1517;EMP
057540036036-9594;057540036036;100mN32022E42251;MC;NA;3;63;M;F;5064;NEP
057540036036-9594;057540036036;100mN32022E42251;MC;NA;3;54;M;M;5064;NEP
057540036036-9594;057540036036;100mN32022E42251;MC;NA;3;4;S;M;0305;NEP
057540036036-9595;057540036036;100mN32022E42251;PO;MIX;4;72;M;M;6574;EMP
057540036036-9595;057540036036;100mN32022E42251;PO;MIX;4;33;S;M;3039;EMP
057540036036-9595;057540036036;100mN32022E42251;PO;MIX;4;30;S;M;3039;NEP
057540036036-9595;057540036036;100mN32022E42251;PO;MIX;4;10;S;M;0614;NEP
057540036036-9596;057540036036;100mN32022E42251;MC;NA;4;55;M;F;5064;NEP
057540036036-9596;057540036036;100mN32022E42251;MC;NA;4;56;M;M;5064;EMP
057540036036-9596;057540036036;100mN32022E42251;MC;NA;4;9;S;M;0614;NEP
057540036036-9596;057540036036;100mN32022E42251;MC;NA;4;16;S;M;1517;EMP
057540036036-9597;057540036036;100mN32022E42251;S;OS;1;45;S;F;4049;NEP
057540036036-9598;057540036036;100mN32022E42251;MC;NA;3;48;M;F;4049;NEP
057540036036-9598;057540036036;100mN32022E42251;MC;NA;3;43;M;M;4049;NEP
057540036036-9598;057540036036;100mN32022E42251;MC;NA;3;13;S;F;0614;NEP
057540036036-9599;057540036036;100mN32022E42251;MC;NA;3;32;M;F;3039;NEP
057540036036-9599;057540036036;100mN32022E42251;MC;NA;3;34;M;M;3039;NEP
057540036036-9599;057540036036;100mN32022E42251;MC;NA;3;6;S;M;0614;NEP
057540036036-9600;057540036036;100mN32022E42251;MC;NA;4;63;M;M;5064;NEP
057540036036-9600;057540036036;100mN32022E42251;MC;NA;4;55;M;F;5064;EMP
057540036036-9600;057540036036;100mN32022E42251;MC;NA;4;8;S;M;0614;NEP
057540036036-9600;057540036036;100mN32022E42251;MC;NA;4;45;M;M;4049;EMP
057540036036-9601;057540036036;100mN32022E42251;MC;NA;4;45;M;M;4049;EMP
057540036036-9601;057540036036;100mN32022E42251;MC;NA;4;52;M;F;5064;EMP
057540036036-9601;057540036036;100mN32022E42251;MC;NA;4;6;S;M;0614;NEP
057540036036-9601;057540036036;100mN32022E42251;MC;NA;4;9;S;F;0614;NEP
057540036036-9602;057540036036;100mN32022E42251;S;NA;1;16;S;F;1517;EMP
057540036036-9603;057540036036;100mN32022E42251;PO;NA;4;19;S;M;1824;NEP
057540036036-9603;057540036036;100mN32022E42251;PO;NA;4;22;S;F;1824;EMP
057540036036-9603;057540036036;100mN32022E42251;PO;NA;4;4;S;M;0305;NEP
057540036036-9603;057540036036;100mN32022E42251;PO;NA;4;4;S;M;0305;NEP
057540036036-9604;057540036036;100mN32022E42251;MC;NA;3;42;M;F;4049;NEP
057540036036-9604;057540036036;100mN32022E42251;MC;NA;3;48;M;M;4049;EMP
057540036036-9604;057540036036;100mN32022E42251;MC;NA;3;13;S;M;0614;NEP
057540036036-9605;057540036036;100mN32022E42251;MC;NA;2;20;M;F;1824;NEP
057540036036-9605;057540036036;100mN32022E42251;MC;NA;2;22;M;M;1824;NEP
057540036036-9606;057540036036;100mN32022E42251;S;NA;1;42;S;M;4049;EMP
057540036036-9607;057540036036;100mN31995E42257;S;NA;1;70;S;M;6574;EMP
057540036036-9608;057540036036;100mN31995E42257;S;NA;1;48;M;M;4049;EMP
057540036036-9609;057540036036;100mN31995E42257;MC;NA;4;41;M;M;4049;EMP
057540036036-9609;057540036036;100mN31995E42257;MC;NA;4;36;M;F;3039;EMP
057540036036-9609;057540036036;100mN31995E42257;MC;NA;4;9;S;M;0614;NEP
057540036036-9609;057540036036;100mN31995E42257;MC;NA;4;15;S;F;1517;NEP
057540036036-9610;057540036036;100mN31995E42257;MC;NA;2;31;M;F;3039;EMP
057540036036-9610;057540036036;100mN31995E42257;MC;NA;2;37;M;M;3039;EMP
057540036036-9611;057540036036;100mN31990E42261;S;NA;1;55;S;F;5064;NEP
057540036036-9612;057540036036;100mN31995E42257;PO;NA;2;41;S;F;4049;NEP
057540036036-9612;057540036036;100mN31995E42257;PO;NA;2;36;S;F;3039;NEP
057540036036-9613;057540036036;100mN31995E42257;MC;NA;2;57;M;F;5064;EMP
057540036036-9613;057540036036;100mN31995E42257;MC;NA;2;62;M;M;5064;UEP
057540036036-9614;057540036036;100mN31995E42257;S;NA;1;30;W;F;3039;NEP
057540036036-9615;057540036036;100mN31995E42257;MC;NA;2;26;M;F;2529;NEP
057540036036-9615;057540036036;100mN31995E42257;MC;NA;2;28;M;M;2529;NEP
057540036036-9616;057540036036;100mN31995E42257;PO;OS;2;71;S;F;6574;NEP
057540036036-9616;057540036036;100mN31995E42257;PO;OS;2;72;S;F;6574;NEP
057540036036-9617;057540036036;100mN31995E42257;MC;NA;3;51;M;F;5064;EMP
057540036036-9617;057540036036;100mN31995E42257;MC;NA;3;54;M;M;5064;EMP
057540036036-9617;057540036036;100mN31995E42257;MC;NA;3;11;S;F;0614;NEP
057540036036-9618;057540036036;100mN31995E42257;MC;OS;3;83;M;M;75XX;NEP
057540036036-9618;057540036036;100mN31995E42257;MC;OS;3;75;M;F;75XX;EMP
057540036036-9618;057540036036;100mN31995E42257;MC;OS;3;71;S;M;6574;EMP
057540036036-9619;057540036036;100mN31995E42257;S;NA;1;37;M;M;3039;EMP
057540036036-9620;057540036036;100mN31995E42257;SF;NA;2;26;S;F;2529;EMP
057540036036-9620;057540036036;100mN31995E42257;SF;NA;2;4;S;M;0305;NEP
057540036036-9621;057540036036;100mN31995E42257;S;OS;1;16;S;M;1517;EMP
057540036036-9622;057540036036;100mN31995E42257;MC;NA;2;48;M;M;4049;EMP
057540036036-9622;057540036036;100mN31995E42257;MC;NA;2;46;M;F;4049;NEP
057540036036-9623;057540036036;100mN31958E42295;MC;NA;3;34;M;F;3039;NEP
057540036036-9623;057540036036;100mN31958E42295;MC;NA;3;34;M;M;3039;NEP
057540036036-9623;057540036036;100mN31958E42295;MC;NA;3;7;S;M;0614;NEP
057540036036-9624;057540036036;100mN31958E42295;MC;NA;3;22;M;F;1824;NEP
057540036036-9624;057540036036;100mN31958E42295;MC;NA;3;48;M;M;4049;EMP
057540036036-9624;057540036036;100mN31958E42295;MC;NA;3;7;S;M;0614;NEP
057540036036-9625;057540036036;100mN31958E42295;MC;NA;3;37;M;M;3039;NEP
057540036036-9625;057540036036;100mN31958E42295;MC;NA;3;35;M;F;3039;NEP
057540036036-9625;057540036036;100mN31958E42295;MC;NA;3;12;S;F;0614;NEP
057540036036-9626;057540036036;100mN31958E42295;MC;NA;5;34;M;M;3039;EMP
057540036036-9626;057540036036;100mN31958E42295;MC;NA;5;27;M;F;2529;NEP
057540036036-9626;057540036036;100mN31958E42295;MC;NA;5;8;S;F;0614;NEP
057540036036-9626;057540036036;100mN31958E42295;MC;NA;5;8;S;M;0614;NEP
057540036036-9626;057540036036;100mN31958E42295;MC;NA;5;15;S;M;1517;EMP
057540036036-9627;057540036036;100mN31958E42295;MC;NA;4;47;M;M;4049;UEP
057540036036-9627;057540036036;100mN31958E42295;MC;NA;4;42;M;F;4049;NEP
057540036036-9627;057540036036;100mN31958E42295;MC;NA;4;4;S;M;0305;NEP
057540036036-9627;057540036036;100mN31958E42295;MC;NA;4;10;S;M;0614;NEP
057540036036-9628;057540036036;100mN31975E42298;MC;OS;4;65;M;M;6574;UEP
057540036036-9628;057540036036;100mN31975E42298;MC;OS;4;72;M;F;6574;EMP
057540036036-9628;057540036036;100mN31975E42298;MC;OS;4;78;M;M;75XX;EMP
057540036036-9628;057540036036;100mN31975E42298;MC;OS;4;68;W;F;6574;NEP
057540036036-9629;057540036036;100mN31975E42298;MC;NA;2;19;M;F;1824;NEP
057540036036-9629;057540036036;100mN31975E42298;MC;NA;2;22;M;M;1824;UEP
057540036036-9630;057540036036;100mN31975E42298;S;NA;1;16;S;F;1517;NEP
057540036036-9631;057540036036;100mN31975E42298;S;NA;1;58;M;M;5064;EMP
057540036036-9632;057540036036;100mN31975E42298;MC;NA;4;48;M;F;4049;EMP
057540036036-9632;057540036036;100mN31975E42298;MC;NA;4;50;M;M;5064;EMP
057540036036-9632;057540036036;100mN31975E42298;MC;NA;4;2;S;M;0003;NEP
057540036036-9632;057540036036;100mN31975E42298;MC;NA;4;15;S;F;1517;EMP
057540036036-9633;057540036036;100mN31975E42298;S;OS;1;47;S;M;4049;EMP
057540036036-9634;057540036036;100mN31975E42298;S;OS;1;58;M;F;5064;NEP
057540036036-9635;057540036036;100mN31975E42298;MC;OS;2;67;M;M;6574;EMP
057540036036-9635;057540036036;100mN31975E42298;MC;OS;2;66;M;F;6574;EMP
057540036036-9636;057540036036;100mN31990E42259;MC;NA;2;30;M;M;3039;NEP
057540036036-9636;057540036036;100mN31990E42259;MC;NA;2;28;M;F;2529;NEP
057540036036-9637;057540036036;100mN31975E42298;S;NA;1;47;W;F;4049;EMP
057540036036-9638;057540036036;100mN31975E42298;MC;NA;2;55;M;M;5064;EMP
057540036036-9638;057540036036;100mN31975E42298;MC;NA;2;52;M;F;5064;EMP
057540036036-9639;057540036036;100mN31975E42298;MC;NA;4;21;M;F;1824;NEP
057540036036-9639;057540036036;100mN31975E42298;MC;NA;4;25;M;M;2529;NEP
057540036036-9639;057540036036;100mN31975E42298;MC;NA;4;4;S;M;0305;NEP
057540036036-9639;057540036036;100mN31975E42298;MC;NA;4;0;S;F;0003;NEP
057540036036-9640;057540036036;100mN32022E42253;MC;NA;4;54;M;F;5064;NEP
057540036036-9640;057540036036;100mN32022E42253;MC;NA;4;59;M;F;5064;EMP
057540036036-9640;057540036036;100mN32022E42253;MC;NA;4;6;S;F;0614;NEP
057540036036-9640;057540036036;100mN32022E42253;MC;NA;4;7;S;M;0614;NEP
057540036036-9641;057540036036;100mN32022E42253;S;NA;1;65;S;M;6574;EMP
057540036036-9642;057540036036;100mN32022E42253;S;OS;1;73;S;F;6574;EMP
057540036036-9643;057540036036;100mN32022E42253;MC;OS;2;69;M;M;6574;EMP
057540036036-9643;057540036036;100mN32022E42253;MC;OS;2;68;M;F;6574;EMP
057540036036-9644;057540036036;100mN32022E42253;MC;NA;3;52;M;M;5064;EMP
057540036036-9644;057540036036;100mN32022E42253;MC;NA;3;50;M;F;5064;NEP
057540036036-9644;057540036036;100mN32022E42253;MC;NA;3;1;S;F;0003;NEP
057540036036-9645;057540036036;100mN32022E42253;MC;NA;4;50;M;F;5064;EMP
057540036036-9645;057540036036;100mN32022E42253;MC;NA;4;50;M;M;5064;EMP
057540036036-9645;057540036036;100mN32022E42253;MC;NA;4;9;S;M;0614;NEP
057540036036-9645;057540036036;100mN32022E42253;MC;NA;4;16;S;F;1517;EMP
057540036036-9646;057540036036;100mN32010E42277;MC;NA;6;62;M;F;5064;EMP
057540036036-9646;057540036036;100mN32010E42277;MC;NA;6;63;M;M;5064;EMP
057540036036-9646;057540036036;100mN32010E42277;MC;NA;6;3;S;M;0305;NEP
057540036036-9646;057540036036;100mN32010E42277;MC;NA;6;7;S;F;0614;NEP
057540036036-9646;057540036036;100mN32010E42277;MC;NA;6;44;D;M;4049;EMP
057540036036-9646;057540036036;100mN32010E42277;MC;NA;6;16;S;F;1517;NEP
057540036036-9647;057540036036;100mN32022E42253;PO;OS;2;87;S;F;75XX;EMP
057540036036-9647;057540036036;100mN32022E42253;PO;OS;2;6;S;M;0614;NEP
057540036036-9648;057540036036;100mN32022E42253;MC;MIX;4;69;D;F;6574;EMP
057540036036-9648;057540036036;100mN32022E42253;MC;MIX;4;38;M;M;3039;EMP
057540036036-9648;057540036036;100mN32022E42253;MC;MIX;4;30;M;F;3039;NEP
057540036036-9648;057540036036;100mN32022E42253;MC;MIX;4;23;M;M;1824;NEP
057540036036-9649;057540036036;100mN32022E42253;MC;NA;4;52;M;M;5064;EMP
057540036036-9649;057540036036;100mN32022E42253;MC;NA;4;50;M;F;5064;EMP
057540036036-9649;057540036036;100mN32022E42253;MC;NA;4;6;S;F;0614;NEP
057540036036-9649;057540036036;100mN32022E42253;MC;NA;4;34;S;M;3039;NEP
057540036036-9650;057540036036;100mN32022E42253;SM;NA;5;18;S;M;1824;EMP
057540036036-9650;057540036036;100mN32022E42253;SM;NA;5;1;S;M;0003;NEP
057540036036-9650;057540036036;100mN32022E42253;SM;NA;5;3;S;F;0305;NEP
057540036036-9650;057540036036;100mN32022E42253;SM;NA;5;3;S;F;0305;NEP
057540036036-9650;057540036036;100mN32022E42253;SM;NA;5;1;S;F;0003;NEP
057540036036-9651;057540036036;100mN32022E42253;PO;MIX;4;69;M;M;6574;EMP
057540036036-9651;057540036036;100mN32022E42253;PO;MIX;4;46;S;F;4049;EMP
057540036036-9651;057540036036;100mN32022E42253;PO;MIX;4;48;S;F;4049;EMP
057540036036-9651;057540036036;100mN32022E42253;PO;MIX;4;11;S;F;0614;NEP
057540036036-9652;057540036036;100mN32022E42253;S;NA;1;57;M;M;5064;NEP
057540036036-9653;057540036036;100mN32022E42253;MC;NA;2;50;M;M;5064;EMP
057540036036-9653;057540036036;100mN32022E42253;MC;NA;2;48;M;F;4049;NEP
057540036036-9654;057540036036;100mN32022E42253;S;OS;1;76;M;F;75XX;EMP
057540036036-9655;057540036036;100mN31999E42258;S;NA;1;36;S;M;3039;EMP
057540036036-9656;057540036036;100mN31981E42242;S;NA;1;41;W;F;4049;NEP
057540036036-9657;057540036036;100mN31999E42256;MC;NA;3;60;M;M;5064;NEP
057540036036-9657;057540036036;100mN31999E42256;MC;NA;3;83;W;F;75XX;EMP
057540036036-9657;057540036036;100mN31999E42256;MC;NA;3;13;S;M;0614;NEP
057540036036-9658;057540036036;100mN31981E42242;SF;MIX;3;86;W;F;75XX;NEP
057540036036-9658;057540036036;100mN31981E42242;SF;MIX;3;20;W;F;1824;EMP
057540036036-9658;057540036036;100mN31981E42242;SF;MIX;3;2;S;F;0003;NEP
057540036036-9659;057540036036;100mN31981E42242;S;OS;1;85;M;M;75XX;EMP
057540036036-9660;057540036036;100mN31981E42242;MC;MIX;6;77;M;F;75XX;NEP
057540036036-9660;057540036036;100mN31981E42242;MC;MIX;6;61;M;F;5064;EMP
057540036036-9660;057540036036;100mN31981E42242;MC;MIX;6;46;M;M;4049;EMP
057540036036-9660;057540036036;100mN31981E42242;MC;MIX;6;15;S;F;1517;NEP
057540036036-9660;057540036036;100mN31981E42242;MC;MIX;6;28;S;M;2529;EMP
057540036036-9660;057540036036;100mN31981E42242;MC;MIX;6;1;S;F;0003;NEP
057540036036-9661;057540036036;100mN31981E42242;S;OS;1;21;S;M;1824;EMP
057540036036-9662;057540036036;100mN31978E42255;SF;NA;4;38;S;F;3039;NEP
057540036036-9662;057540036036;100mN31978E42255;SF;NA;4;13;S;F;0614;NEP
057540036036-9662;057540036036;100mN31978E42255;SF;NA;4;13;S;F;0614;NEP
057540036036-9662;057540036036;100mN31978E42255;SF;NA;4;19;M;M;1824;EMP
057540036036-9663;057540036036;100mN31999E42256;PO;NA;4;44;S;M;4049;EMP
057540036036-9663;057540036036;100mN31999E42256;PO;NA;4;44;S;M;4049;EMP
057540036036-9663;057540036036;100mN31999E42256;PO;NA;4;6;S;M;0614;NEP
057540036036-9663;057540036036;100mN31999E42256;PO;NA;4;18;M;F;1824;NEP
057540036036-9664;057540036036;100mN31978E42255;MC;NA;3;28;M;F;2529;EMP
057540036036-9664;057540036036;100mN31978E42255;MC;NA;3;31;M;M;3039;NEP
057540036036-9664;057540036036;100mN31978E42255;MC;NA;3;10;S;M;0614;NEP
057540036036-9665;057540036036;100mN32017E42255;SF;NA;2;27;W;F;2529;NEP
057540036036-9665;057540036036;100mN32017E42255;SF;NA;2;0;S;M;0003;NEP
057540036036-9666;057540036036;100mN32017E42255;MC;NA;2;23;M;F;1824;EMP
057540036036-9666;057540036036;100mN32017E42255;MC;NA;2;27;M;M;2529;EMP
057540036036-9667;057540036036;100mN32017E42255;S;NA;1;26;W;F;2529;EMP
057540036036-9668;057540036036;100mN32017E42255;MC;MIX;4;67;M;M;6574;EMP
057540036036-9668;057540036036;100mN32017E42255;MC;MIX;4;27;M;F;2529;EMP
057540036036-9668;057540036036;100mN32017E42255;MC;MIX;4;48;M;M;4049;NEP
057540036036-9668;057540036036;100mN32017E42255;MC;MIX;4;3;S;M;0305;NEP
057540036036-9669;057540036036;100mN32017E42247;PO;NA;2;37;S;M;3039;EMP
057540036036-9669;057540036036;100mN32017E42247;PO;NA;2;38;S;M;3039;NEP
057540036036-9670;057540036036;100mN32017E42255;MC;NA;2;55;M;M;5064;EMP
057540036036-9670;057540036036;100mN32017E42255;MC;NA;2;54;M;F;5064;NEP
057540036036-9671;057540036036;100mN32017E42255;S;NA;1;41;M;M;4049;EMP
057540036036-9672;057540036036;100mN32017E42255;SF;NA;3;71;W;F;6574;EMP
057540036036-9672;057540036036;100mN32017E42255;SF;NA;3;13;S;M;0614;NEP
057540036036-9672;057540036036;100mN32017E42255;SF;NA;3;25;S;M;2529;NEP
057540036036-9673;057540036036;100mN32017E42255;MC;NA;2;38;M;F;3039;EMP
057540036036-9673;057540036036;100mN32017E42255;MC;NA;2;46;M;M;4049;EMP
057540036036-9674;057540036036;100mN32017E42255;SF;NA;4;38;D;F;3039;EMP
057540036036-9674;057540036036;100mN32017E42255;SF;NA;4;12;S;M;0614;NEP
057540036036-9674;057540036036;100mN32017E42255;SF;NA;4;1;S;M;0003;NEP
057540036036-9674;057540036036;100mN32017E42255;SF;NA;4;18;S;F;1824;NEP
057540036036-9675;057540036036;100mN32017E42255;S;NA;1;58;S;M;5064;NEP
057540036036-9676;057540036036;100mN32017E42255;MC;MIX;2;72;M;M;6574;EMP
057540036036-9676;057540036036;100mN32017E42255;MC;MIX;2;47;D;F;4049;NEP
057540036036-9677;057540036036;100mN32017E42255;MC;NA;5;43;M;M;4049;NEP
057540036036-9677;057540036036;100mN32017E42255;MC;NA;5;36;M;F;3039;NEP
057540036036-9677;057540036036;100mN32017E42255;MC;NA;5;13;S;M;0614;NEP
057540036036-9677;057540036036;100mN32017E42255;MC;NA;5;25;D;M;2529;NEP
057540036036-9677;057540036036;100mN32017E42255;MC;NA;5;27;S;M;2529;EMP
057540036036-9678;057540036036;100mN32017E42255;S;NA;1;30;S;M;3039;EMP
057540036036-9679;057540036036;100mN32017E42255;MC;OS;3;89;M;M;75XX;NEP
057540036036-9679;057540036036;100mN32017E42255;MC;OS;3;87;M;F;75XX;NEP
057540036036-9679;057540036036;100mN32017E42255;MC;OS;3;65;D;F;6574;EMP
057540036036-9680;057540036036;100mN31990E42256;MC;NA;2;61;M;M;5064;EMP
057540036036-9680;057540036036;100mN31990E42256;MC;NA;2;61;M;F;5064;EMP
057540036036-9681;057540036036;100mN31990E42256;MC;NA;2;51;M;F;5064;NEP
057540036036-9681;057540036036;100mN31990E42256;MC;NA;2;47;M;M;4049;EMP
057540036036-9682;057540036036;100mN31990E42256;S;NA;1;82;W;M;75XX;NEP
057540036036-9683;057540036036;100mN31990E42256;S;NA;1;40;M;F;4049;NEP
057540036036-9684;057540036036;100mN31990E42256;MC;NA;3;48;M;M;4049;EMP
057540036036-9684;057540036036;100mN31990E42256;MC;NA;3;47;M;F;4049;EMP
057540036036-9684;057540036036;100mN31990E42256;MC;NA;3;16;S;F;1517;NEP
057540036036-9685;057540036036;100mN31990E42256;MC;NA;2;42;M;M;4049;NEP
057540036036-9685;057540036036;100mN31990E42256;MC;NA;2;42;M;F;4049;EMP
057540036036-9686;057540036036;100mN31990E42256;MC;MIX;3;81;W;F;75XX;EMP
057540036036-9686;057540036036;100mN31990E42256;MC;MIX;3;26;M;M;2529;EMP
057540036036-9686;057540036036;100mN31990E42256;MC;MIX;3;18;M;F;1824;EMP
057540036036-9687;057540036036;100mN31990E42256;NA;NA;2;63;S;M;5064;EMP
057540036036-9687;057540036036;100mN31990E42256;NA;NA;2;81;D;M;75XX;EMP
057540036036-9688;057540036036;100mN31990E42256;S;NA;1;43;S;F;4049;EMP
057540036036-9689;057540036036;100mN31990E42256;S;NA;1;30;M;F;3039;EMP
057540036036-9690;057540036036;100mN31990E42256;MC;NA;4;30;M;F;3039;EMP
057540036036-9690;057540036036;100mN31990E42256;MC;NA;4;33;M;M;3039;EMP
057540036036-9690;057540036036;100mN31990E42256;MC;NA;4;12;S;M;0614;NEP
057540036036-9690;057540036036;100mN31990E42256;MC;NA;4;11;S;M;0614;NEP
057540036036-9691;057540036036;100mN31990E42256;MC;NA;4;47;M;M;4049;EMP
057540036036-9691;057540036036;100mN31990E42256;MC;NA;4;43;M;F;4049;EMP
057540036036-9691;057540036036;100mN31990E42256;MC;NA;4;13;S;M;0614;NEP
057540036036-9691;057540036036;100mN31990E42256;MC;NA;4;3;S;F;0305;NEP
057540036036-9692;057540036036;100mN31990E42256;S;OS;1;59;M;M;5064;EMP
057540036036-9693;057540036036;100mN31990E42256;S;NA;1;41;S;F;4049;EMP
057540036036-9694;057540036036;100mN31990E42256;PO;NA;4;63;S;M;5064;UEP
057540036036-9694;057540036036;100mN31990E42256;PO;NA;4;60;M;F;5064;EMP
057540036036-9694;057540036036;100mN31990E42256;PO;NA;4;38;M;F;3039;NEP
057540036036-9694;057540036036;100mN31990E42256;PO;NA;4;6;S;M;0614;NEP
057540036036-9695;057540036036;100mN31990E42256;MC;MIX;2;73;M;F;6574;NEP
057540036036-9695;057540036036;100mN31990E42256;MC;MIX;2;33;M;F;3039;NEP
057540036036-9696;057540036036;100mN31990E42256;MC;NA;2;44;M;F;4049;EMP
057540036036-9696;057540036036;100mN31990E42256;MC;NA;2;41;M;M;4049;NEP
057540036036-9697;057540036036;100mN31979E42257;MC;NA;4;46;M;M;4049;EMP
057540036036-9697;057540036036;100mN31979E42257;MC;NA;4;52;M;F;5064;EMP
057540036036-9697;057540036036;100mN31979E42257;MC;NA;4;26;W;M;2529;EMP
057540036036-9697;057540036036;100mN31979E42257;MC;NA;4;1;S;M;0003;NEP
057540036036-9698;057540036036;100mN31979E42257;MC;MIX;2;89;M;F;75XX;EMP
057540036036-9698;057540036036;100mN31979E42257;MC;MIX;2;67;M;F;6574;NEP
057540036036-9699;057540036036;100mN32010E42279;PO;OS;2;81;S;M;75XX;NEP
057540036036-9699;057540036036;100mN32010E42279;PO;OS;2;79;S;M;75XX;NEP
057540036036-9700;057540036036;100mN31976E42247;MC;NA;4;52;M;M;5064;EMP
057540036036-9700;057540036036;100mN31976E42247;MC;NA;4;50;M;F;5064;EMP
057540036036-9700;057540036036;100mN31976E42247;MC;NA;4;0;S;M;0003;NEP
057540036036-9700;057540036036;100mN31976E42247;MC;NA;4;11;S;F;0614;NEP
057540036036-9701;057540036036;100mN31976E42247;PO;OS;3;65;S;F;6574;EMP
057540036036-9701;057540036036;100mN31976E42247;PO;OS;3;76;S;F;75XX;NEP
057540036036-9701;057540036036;100mN31976E42247;PO;OS;3;89;M;M;75XX;EMP
057540036036-9702;057540036036;100mN31976E42247;MC;NA;2;55;M;M;5064;EMP
057540036036-9702;057540036036;100mN31976E42247;MC;NA;2;47;M;F;4049;NEP
057540036036-9703;057540036036;100mN31990E42261;S;NA;1;78;M;F;75XX;EMP
057540036036-9704;057540036036;100mN31990E42261;S;NA;1;55;S;F;5064;NEP
057540036036-9705;057540036036;100mN31990E42261;MC;NA;2;42;M;F;4049;EMP
057540036036-9705;057540036036;100mN31990E42261;MC;NA;2;50;M;M;5064;UEP
057540036036-9706;057540036036;100mN31990E42261;MC;NA;3;61;M;F;5064;EMP
057540036036-9706;057540036036;100mN31990E42261;MC;NA;3;10;S;F;0614;NEP
057540036036-9706;057540036036;100mN31990E42261;MC;NA;3;0;S;F;0003;NEP
057540036036-9707;057540036036;100mN31990E42261;MC;NA;2;61;M;M;5064;EMP
057540036036-9707;057540036036;100mN31990E42261;MC;NA;2;28;M;M;2529;NEP
057540036036-9708;057540036036;100mN31990E42261;S;NA;1;84;M;F;75XX;EMP
057540036036-9709;057540036036;100mN32010E42281;MC;NA;4;60;M;M;5064;EMP
057540036036-9709;057540036036;100mN32010E42281;MC;NA;4;61;M;F;5064;NEP
057540036036-9709;057540036036;100mN32010E42281;MC;NA;4;25;M;M;2529;NEP
057540036036-9709;057540036036;100mN32010E42281;MC;NA;4;38;D;M;3039;EMP
057540036036-9710;057540036036;100mN31990E42261;S;OS;1;22;M;M;1824;EMP
057540036036-9711;057540036036;100mN31990E42261;S;OS;1;27;M;M;2529;NEP
057540036036-9712;057540036036;100mN31990E42261;MC;NA;2;37;M;M;3039;EMP
057540036036-9712;057540036036;100mN31990E42261;MC;NA;2;43;M;F;4049;EMP
057540036036-9713;057540036036;100mN32005E42282;MC;MIX;4;69;M;M;6574;UEP
057540036036-9713;057540036036;100mN32005E42282;MC;MIX;4;25;M;F;2529;NEP
057540036036-9713;057540036036;100mN32005E42282;MC;MIX;4;28;M;M;2529;NEP
057540036036-9713;057540036036;100mN32005E42282;MC;MIX;4;9;S;M;0614;NEP
057540036036-9714;057540036036;100mN31990E42261;S;NA;1;61;S;M;5064;EMP
057540036036-9715;057540036036;100mN31990E42261;PO;NA;4;25;S;M;2529;EMP
057540036036-9715;057540036036;100mN31990E42261;PO;NA;4;33;S;M;3039;NEP
057540036036-9715;057540036036;100mN31990E42261;PO;NA;4;4;S;M;0305;NEP
057540036036-9715;057540036036;100mN31990E42261;PO;NA;4;3;S;M;0305;NEP
057540036036-9716;057540036036;100mN31990E42261;S;NA;1;45;S;M;4049;EMP
057540036036-9717;057540036036;100mN31990E42261;S;OS;1;47;S;F;4049;NEP
057540036036-9718;057540036036;100mN31990E42261;SF;MIX;2;67;W;F;6574;EMP
057540036036-9718;057540036036;100mN31990E42261;SF;MIX;2;13;S;F;0614;NEP
057540036036-9719;057540036036;100mN31990E42261;S;OS;1;28;W;F;2529;EMP
057540036036-9720;057540036036;100mN31990E42261;MC;NA;2;61;M;M;5064;EMP
057540036036-9720;057540036036;100mN31990E42261;MC;NA;2;44;M;M;4049;EMP
057540036036-9721;057540036036;100mN31990E42261;PO;NA;4;51;S;F;5064;EMP
057540036036-9721;057540036036;100mN31990E42261;PO;NA;4;52;S;M;5064;EMP
057540036036-9721;057540036036;100mN31990E42261;PO;NA;4;36;S;M;3039;EMP
057540036036-9721;057540036036;100mN31990E42261;PO;NA;4;7;S;M;0614;NEP
057540036036-9722;057540036036;100mN31999E42254;MC;NA;2;52;M;F;5064;NEP
057540036036-9722;057540036036;100mN31999E42254;MC;NA;2;54;M;M;5064;EMP
057540036036-9723;057540036036;100mN31990E42265;S;OS;1;42;M;M;4049;EMP
057540036036-9724;057540036036;100mN31990E42265;MC;OS;2;75;M;M;75XX;UEP
057540036036-9724;057540036036;100mN31990E42265;MC;OS;2;73;M;F;6574;NEP
057540036036-9725;057540036036;100mN31990E42265;S;NA;1;47;S;M;4049;EMP
057540036036-9726;057540036036;100mN32007E42303;S;OS;1;27;M;M;2529;EMP
057540036036-9727;057540036036;100mN32007E42303;S;NA;1;36;M;F;3039;NEP
057540036036-9728;057540036036;100mN32007E42303;MC;NA;3;62;M;F;5064;EMP
057540036036-9728;057540036036;100mN32007E42303;MC;NA;3;40;S;M;4049;EMP
057540036036-9728;057540036036;100mN32007E42303;MC;NA;3;7;S;F;0614;NEP
057540036036-9729;057540036036;100mN32007E42303;S;NA;1;44;D;M;4049;EMP
057540036036-9730;057540036036;100mN32007E42303;MC;NA;2;56;M;F;5064;EMP
057540036036-9730;057540036036;100mN32007E42303;MC;NA;2;50;M;M;5064;EMP
057540036036-9731;057540036036;100mN31981E42264;MC;OS;2;79;M;F;75XX;EMP
057540036036-9731;057540036036;100mN31981E42264;MC;OS;2;87;M;M;75XX;EMP
057540036036-9732;057540036036;100mN31981E42264;MC;NA;3;33;M;M;3039;NEP
057540036036-9732;057540036036;100mN31981E42264;MC;NA;3;25;M;F;2529;NEP
057540036036-9732;057540036036;100mN31981E42264;MC;NA;3;18;D;F;1824;EMP
057540036036-9733;057540036036;100mN31981E42264;S;NA;1;36;W;F;3039;NEP
057540036036-9734;057540036036;100mN32010E42279;PO;OS;2;81;S;M;75XX;NEP
057540036036-9734;057540036036;100mN32010E42279;PO;OS;2;79;S;M;75XX;NEP
057540036036-9735;057540036036;100mN32010E42279;MC;NA;2;28;M;F;2529;NEP
057540036036-9735;057540036036;100mN32010E42279;MC;NA;2;28;M;M;2529;NEP
057540036036-9736;057540036036;100mN32010E42279;MC;NA;4;56;M;F;5064;EMP
057540036036-9736;057540036036;100mN32010E42279;MC;NA;4;56;M;M;5064;EMP
057540036036-9736;057540036036;100mN32010E42279;MC;NA;4;11;S;F;0614;NEP
057540036036-9736;057540036036;100mN32010E42279;MC;NA;4;16;S;M;1517;UEP
057540036036-9737;057540036036;100mN32008E42278;S;NA;1;70;D;M;6574;EMP
057540036036-9738;057540036036;100mN32010E42279;MC;OS;2;72;M;F;6574;EMP
057540036036-9738;057540036036;100mN32010E42279;MC;OS;2;75;M;M;75XX;EMP
057540036036-9739;057540036036;100mN32010E42279;MC;NA;2;52;M;F;5064;EMP
057540036036-9739;057540036036;100mN32010E42279;MC;NA;2;54;M;M;5064;EMP
057540036036-9740;057540036036;100mN31990E42263;SF;NA;4;72;S;F;6574;EMP
057540036036-9740;057540036036;100mN31990E42263;SF;NA;4;3;S;M;0305;NEP
057540036036-9740;057540036036;100mN31990E42263;SF;NA;4;1;S;F;0003;NEP
057540036036-9740;057540036036;100mN31990E42263;SF;NA;4;31;M;M;3039;EMP
057540036036-9741;057540036036;100mN32010E42279;S;OS;1;40;W;F;4049;EMP
057540036036-9742;057540036036;100mN32010E42279;MC;NA;4;36;M;M;3039;EMP
057540036036-9742;057540036036;100mN32010E42279;MC;NA;4;30;M;F;3039;EMP
057540036036-9742;057540036036;100mN32010E42279;MC;NA;4;16;S;M;1517;EMP
057540036036-9742;057540036036;100mN32010E42279;MC;NA;4;19;W;F;1824;NEP
057540036036-9743;057540036036;100mN32017E42253;S;OS;1;52;D;M;5064;EMP
057540036036-9744;057540036036;100mN32010E42279;MC;OS;5;85;M;F;75XX;EMP
057540036036-9744;057540036036;100mN32010E42279;MC;OS;5;87;M;M;75XX;UEP
057540036036-9744;057540036036;100mN32010E42279;MC;OS;5;80;M;F;75XX;NEP
057540036036-9744;057540036036;100mN32010E42279;MC;OS;5;88;M;M;75XX;EMP
057540036036-9744;057540036036;100mN32010E42279;MC;OS;5;69;S;M;6574;EMP
057540036036-9745;057540036036;100mN32010E42279;S;OS;1;21;W;F;1824;EMP
057540036036-9746;057540036036;100mN32010E42279;NA;NA;2;50;M;F;5064;EMP
057540036036-9746;057540036036;100mN32010E42279;NA;NA;2;60;S;M;5064;NEP
057540036036-9747;057540036036;100mN32010E42279;PO;NA;2;40;S;F;4049;EMP
057540036036-9747;057540036036;100mN32010E42279;PO;NA;2;36;S;F;3039;EMP
057540036036-9748;057540036036;100mN32010E42279;MC;NA;3;20;M;F;1824;EMP
057540036036-9748;057540036036;100mN32010E42279;MC;NA;3;21;M;M;1824;EMP
057540036036-9748;057540036036;100mN32010E42279;MC;NA;3;2;S;M;0003;NEP
057540036036-9749;057540036036;100mN32010E42279;MC;NA;2;51;M;F;5064;EMP
057540036036-9749;057540036036;100mN32010E42279;MC;NA;2;51;M;M;5064;EMP
057540036036-9750;057540036036;100mN32003E42258;SF;MIX;2;66;W;F;6574;NEP
057540036036-9750;057540036036;100mN32003E42258;SF;MIX;2;10;S;M;0614;NEP
057540036036-9751;057540036036;100mN32010E42279;MC;OS;5;65;M;F;6574;EMP
057540036036-9751;057540036036;100mN32010E42279;MC;OS;5;76;M;M;75XX;EMP
057540036036-9751;057540036036;100mN32010E42279;MC;OS;5;75;S;M;75XX;EMP
057540036036-9751;057540036036;100mN32010E42279;MC;OS;5;69;M;M;6574;EMP
057540036036-9751;057540036036;100mN32010E42279;MC;OS;5;70;D;M;6574;EMP
057540036036-9752;057540036036;100mN32010E42279;MC;NA;2;63;M;M;5064;EMP
057540036036-9752;057540036036;100mN32010E42279;MC;NA;2;57;S;M;5064;UEP
057540036036-9753;057540036036;100mN32010E42279;S;NA;1;43;W;F;4049;EMP
057540036036-9754;057540036036;100mN32010E42279;S;NA;1;58;M;F;5064;EMP
057540036036-9755;057540036036;100mN32010E42279;MC;OS;4;72;M;M;6574;EMP
057540036036-9755;057540036036;100mN32010E42279;MC;OS;4;65;M;F;6574;NEP
057540036036-9755;057540036036;100mN32010E42279;MC;OS;4;88;M;F;75XX;EMP
057540036036-9755;057540036036;100mN32010E42279;MC;OS;4;70;S;F;6574;NEP
057540036036-9756;057540036036;100mN32010E42279;S;NA;1;50;S;F;5064;NEP
057540036036-9757;057540036036;100mN32010E42279;S;OS;1;61;M;M;5064;EMP
057540036036-9758;057540036036;100mN32010E42279;MC;OS;2;71;M;M;6574;EMP
057540036036-9758;057540036036;100mN32010E42279;MC;OS;2;84;M;F;75XX;NEP
057540036036-9759;057540036036;100mN32010E42279;S;OS;1;37;S;M;3039;EMP
057540036036-9760;057540036036;100mN32010E42279;MC;NA;4;60;M;F;5064;EMP
057540036036-9760;057540036036;100mN32010E42279;MC;NA;4;53;M;M;5064;EMP
057540036036-9760;057540036036;100mN32010E42279;MC;NA;4;4;S;M;0305;NEP
057540036036-9760;057540036036;100mN32010E42279;MC;NA;4;16;S;M;1517;EMP
057540036036-9761;057540036036;100mN32010E42279;PO;NA;2;35;S;F;3039;EMP
057540036036-9761;057540036036;100mN32010E42279;PO;NA;2;32;S;F;3039;EMP
057540036036-9762;057540036036;100mN32010E42279;MC;MIX;3;68;D;F;6574;EMP
057540036036-9762;057540036036;100mN32010E42279;MC;MIX;3;59;M;M;5064;NEP
057540036036-9762;057540036036;100mN32010E42279;MC;MIX;3;58;M;F;5064;EMP
057540036036-9763;057540036036;100mN32010E42279;PO;NA;4;56;S;M;5064;EMP
057540036036-9763;057540036036;100mN32010E42279;PO;NA;4;48;S;F;4049;NEP
057540036036-9763;057540036036;100mN32010E42279;PO;NA;4;9;S;M;0614;NEP
057540036036-9763;057540036036;100mN32010E42279;PO;NA;4;9;S;M;0614;NEP
057540036036-9764;057540036036;100mN32010E42279;S;OS;1;51;S;M;5064;EMP
057540036036-9765;057540036036;100mN32010E42279;MC;NA;2;54;M;F;5064;NEP
057540036036-9765;057540036036;100mN32010E42279;MC;NA;2;60;M;M;5064;UEP
057540036036-9766;057540036036;100mN32014E42289;S;OS;1;78;M;F;75XX;NEP
057540036036-9767;057540036036;100mN32010E42279;MC;NA;2;58;M;M;5064;EMP
057540036036-9767;057540036036;100mN32010E42279;MC;NA;2;56;M;F;5064;NEP
057540036036-9768;057540036036;100mN32010E42279;PO;NA;2;23;S;M;1824;EMP
057540036036-9768;057540036036;100mN32010E42279;PO;NA;2;23;S;F;1824;NEP
057540036036-9769;057540036036;100mN32010E42279;MC;NA;2;54;M;F;5064;EMP
057540036036-9769;057540036036;100mN32010E42279;MC;NA;2;57;M;M;5064;EMP
057540036036-9770;057540036036;100mN32010E42279;SM;NA;4;53;S;M;5064;EMP
057540036036-9770;057540036036;100mN32010E42279;SM;NA;4;2;S;F;0003;NEP
057540036036-9770;057540036036;100mN32010E42279;SM;NA;4;38;M;M;3039;NEP
057540036036-9770;057540036036;100mN32010E42279;SM;NA;4;30;S;F;3039;EMP
057540036036-9771;057540036036;100mN32010E42279;MC;NA;2;34;M;F;3039;EMP
057540036036-9771;057540036036;100mN32010E42279;MC;NA;2;43;M;M;4049;EMP
057540036036-9772;057540036036;100mN32010E42279;S;OS;1;27;S;M;2529;NEP
057540036036-9773;057540036036;100mN32010E42279;MC;NA;4;43;M;F;4049;EMP
057540036036-9773;057540036036;100mN32010E42279;MC;NA;4;41;M;M;4049;EMP
057540036036-9773;057540036036;100mN32010E42279;MC;NA;4;13;S;F;0614;NEP
057540036036-9773;057540036036;100mN32010E42279;MC;NA;4;19;M;M;1824;NEP
057540036036-9774;057540036036;100mN31999E42273;S;NA;1;37;M;F;3039;EMP
057540036036-9775;057540036036;100mN31999E42273;SF;NA;2;47;S;F;4049;NEP
057540036036-9775;057540036036;100mN31999E42273;SF;NA;2;26;M;F;2529;NEP
057540036036-9776;057540036036;100mN31999E42273;MC;OS;4;88;M;F;75XX;EMP
057540036036-9776;057540036036;100mN31999E42273;MC;OS;4;58;S;M;5064;EMP
057540036036-9776;057540036036;100mN31999E42273;MC;OS;4;81;M;F;75XX;NEP
057540036036-9776;057540036036;100mN31999E42273;MC;OS;4;77;M;F;75XX;NEP
057540036036-9777;057540036036;100mN31999E42273;S;NA;1;55;S;M;5064;EMP
057540036036-9778;057540036036;100mN31999E42273;SF;NA;2;55;S;F;5064;NEP
057540036036-9778;057540036036;100mN31999E42273;SF;NA;2;20;S;M;1824;NEP
057540036036-9779;057540036036;100mN31999E42273;MC;NA;4;20;M;M;1824;NEP
057540036036-9779;057540036036;100mN31999E42273;MC;NA;4;37;M;F;3039;NEP
057540036036-9779;057540036036;100mN31999E42273;MC;NA;4;1;S;M;0003;NEP
057540036036-9779;057540036036;100mN31999E42273;MC;NA;4;3;S;F;0305;NEP
057540036036-9780;057540036036;100mN31999E42273;S;NA;1;73;M;F;6574;EMP
057540036036-9781;057540036036;100mN31999E42273;S;OS;1;40;D;F;4049;NEP
057540036036-9782;057540036036;100mN31999E42273;MC;NA;4;43;M;M;4049;EMP
057540036036-9782;057540036036;100mN31999E42273;MC;NA;4;51;M;F;5064;NEP
057540036036-9782;057540036036;100mN31999E42273;MC;NA;4;12;S;F;0614;NEP
057540036036-9782;057540036036;100mN31999E42273;MC;NA;4;9;S;M;0614;NEP
057540036036-9783;057540036036;100mN31999E42273;S;NA;1;28;S;F;2529;NEP
057540036036-9784;057540036036;100mN31999E42273;MC;NA;2;22;M;M;1824;EMP
057540036036-9784;057540036036;100mN31999E42273;MC;NA;2;20;M;F;1824;EMP
057540036036-9785;057540036036;100mN32003E42257;MC;NA;4;62;M;F;5064;EMP
057540036036-9785;057540036036;100mN32003E42257;MC;NA;4;40;S;M;4049;UEP
057540036036-9785;057540036036;100mN32003E42257;MC;NA;4;30;S;M;3039;EMP
057540036036-9785;057540036036;100mN32003E42257;MC;NA;4;45;M;M;4049;EMP
057540036036-9786;057540036036;100mN32003E42257;MC;NA;4;58;M;M;5064;NEP
057540036036-9786;057540036036;100mN32003E42257;MC;NA;4;62;M;F;5064;EMP
057540036036-9786;057540036036;100mN32003E42257;MC;NA;4;43;D;F;4049;EMP
057540036036-9786;057540036036;100mN32003E42257;MC;NA;4;12;S;M;0614;NEP
057540036036-9787;057540036036;100mN32003E42257;MC;NA;3;40;M;F;4049;NEP
057540036036-9787;057540036036;100mN32003E42257;MC;NA;3;38;M;M;3039;EMP
057540036036-9787;057540036036;100mN32003E42257;MC;NA;3;13;S;M;0614;NEP
057540036036-9788;057540036036;100mN32003E42257;S;OS;1;35;S;F;3039;EMP
057540036036-9789;057540036036;100mN31999E42258;MC;NA;2;57;M;M;5064;EMP
057540036036-9789;057540036036;100mN31999E42258;MC;NA;2;50;M;F;5064;EMP
057540036036-9790;057540036036;100mN31990E42263;MC;MIX;6;66;M;M;6574;EMP
057540036036-9790;057540036036;100mN31990E42263;MC;MIX;6;42;M;F;4049;EMP
057540036036-9790;057540036036;100mN31990E42263;MC;MIX;6;46;M;M;4049;UEP
057540036036-9790;057540036036;100mN31990E42263;MC;MIX;6;22;S;F;1824;EMP
057540036036-9790;057540036036;100mN31990E42263;MC;MIX;6;6;S;M;0614;NEP
057540036036-9790;057540036036;100mN31990E42263;MC;MIX;6;25;D;F;2529;NEP
057540036036-9791;057540036036;100mN32003E42257;MC;NA;4;22;M;M;1824;NEP
057540036036-9791;057540036036;100mN32003E42257;MC;NA;4;21;M;F;1824;NEP
057540036036-9791;057540036036;100mN32003E42257;MC;NA;4;4;S;F;0305;NEP
057540036036-9791;057540036036;100mN32003E42257;MC;NA;4;0;S;M;0003;NEP
057540036036-9792;057540036036;100mN32003E42257;S;OS;1;19;S;M;1824;EMP
057540036036-9793;057540036036;100mN32003E42257;PO;OS;3;71;S;M;6574;EMP
057540036036-9793;057540036036;100mN32003E42257;PO;OS;3;71;S;M;6574;EMP
057540036036-9793;057540036036;100mN32003E42257;PO;OS;3;73;D;M;6574;EMP
057540036036-9794;057540036036;100mN32010E42276;MC;NA;2;27;M;M;2529;NEP
057540036036-9794;057540036036;100mN32010E42276;MC;NA;2;25;M;F;2529;EMP
057540036036-9795;057540036036;100mN32010E42276;MC;MIX;2;65;M;M;6574;EMP
057540036036-9795;057540036036;100mN32010E42276;MC;MIX;2;63;M;F;5064;EMP
057540036036-9796;057540036036;100mN32010E42276;MC;OS;2;69;M;F;6574;EMP
057540036036-9796;057540036036;100mN32010E42276;MC;OS;2;69;M;M;6574;EMP
057540036036-9797;057540036036;100mN31973E42273;MC;NA;2;33;M;M;3039;EMP
057540036036-9797;057540036036;100mN31973E42273;MC;NA;2;27;M;F;2529;EMP
057540036036-9798;057540036036;100mN31973E42273;PO;NA;2;52;S;M;5064;EMP
057540036036-9798;057540036036;100mN31973E42273;PO;NA;2;46;S;M;4049;EMP
057540036036-9799;057540036036;100mN31973E42273;MC;NA;2;27;M;M;2529;EMP
057540036036-9799;057540036036;100mN31973E42273;MC;NA;2;26;M;F;2529;NEP
057540036036-9800;057540036036;100mN32018E42255;SF;NA;4;28;W;F;2529;NEP
057540036036-9800;057540036036;100mN32018E42255;SF;NA;4;1;S;F;0003;NEP
057540036036-9800;057540036036;100mN32018E42255;SF;NA;4;7;S;M;0614;NEP
057540036036-9800;057540036036;100mN32018E42255;SF;NA;4;2;S;M;0003;NEP
057540036036-9801;057540036036;100mN32018E42255;S;OS;1;75;S;M;75XX;EMP
057540036036-9802;057540036036;100mN32018E42255;MC;OS;2;85;M;F;75XX;EMP
057540036036-9802;057540036036;100mN32018E42255;MC;OS;2;85;M;M;75XX;EMP
057540036036-9803;057540036036;100mN32018E42255;MC;NA;3;52;M;M;5064;EMP
057540036036-9803;057540036036;100mN32018E42255;MC;NA;3;47;M;F;4049;EMP
057540036036-9803;057540036036;100mN32018E42255;MC;NA;3;8;S;M;0614;NEP
057540036036-9804;057540036036;100mN32018E42255;MC;NA;3;41;M;M;4049;EMP
057540036036-9804;057540036036;100mN32018E42255;MC;NA;3;18;M;F;1824;EMP
057540036036-9804;057540036036;100mN32018E42255;MC;NA;3;7;S;F;0614;NEP
057540036036-9805;057540036036;100mN31999E42256;PO;MIX;3;83;S;F;75XX;EMP
057540036036-9805;057540036036;100mN31999E42256;PO;MIX;3;46;S;M;4049;EMP
057540036036-9805;057540036036;100mN31999E42256;PO;MIX;3;41;S;F;4049;NEP
057540036036-9806;057540036036;100mN32018E42255;PO;NA;4;54;S;M;5064;EMP
057540036036-9806;057540036036;100mN32018E42255;PO;NA;4;52;S;F;5064;NEP
057540036036-9806;057540036036;100mN32018E42255;PO;NA;4;1;S;M;0003;NEP
057540036036-9806;057540036036;100mN32018E42255;PO;NA;4;8;S;F;0614;NEP
057540036036-9807;057540036036;100mN32018E42255;S;NA;1;62;S;F;5064;EMP
057540036036-9808;057540036036;100mN32018E42255;MC;NA;2;45;M;F;4049;NEP
057540036036-9808;057540036036;100mN32018E42255;MC;NA;2;53;M;M;5064;EMP
057540036036-9809;057540036036;100mN32014E42245;MC;NA;3;58;M;M;5064;NEP
057540036036-9809;057540036036;100mN32014E42245;MC;NA;3;50;M;F;5064;EMP
057540036036-9809;057540036036;100mN32014E42245;MC;NA;3;15;S;M;1517;UEP
057540036036-9810;057540036036;100mN32018E42255;S;OS;1;84;M;F;75XX;NEP
057540036036-9811;057540036036;100mN32018E42255;S;NA;1;54;D;F;5064;NEP
057540036036-9812;057540036036;100mN32018E42255;MC;MIX;4;72;M;F;6574;EMP
057540036036-9812;057540036036;100mN32018E42255;MC;MIX;4;36;M;F;3039;EMP
057540036036-9812;057540036036;100mN32018E42255;MC;MIX;4;36;M;M;3039;NEP
057540036036-9812;057540036036;100mN32018E42255;MC;MIX;4;0;S;F;0003;NEP
057540036036-9813;057540036036;100mN32018E42255;MC;NA;2;63;M;F;5064;EMP
057540036036-9813;057540036036;100mN32018E42255;MC;NA;2;56;M;F;5064;EMP
057540036036-9814;057540036036;100mN32018E42255;SM;NA;4;61;S;M;5064;NEP
057540036036-9814;057540036036;100mN32018E42255;SM;NA;4;11;S;F;0614;NEP
057540036036-9814;057540036036;100mN32018E42255;SM;NA;4;40;S;M;4049;EMP
057540036036-9814;057540036036;100mN32018E42255;SM;NA;4;12;S;M;0614;NEP
057540036036-9815;057540036036;100mN32018E42255;MC;NA;4;61;M;M;5064;NEP
057540036036-9815;057540036036;100mN32018E42255;MC;NA;4;58;M;F;5064;EMP
057540036036-9815;057540036036;100mN32018E42255;MC;NA;4;28;S;F;2529;NEP
057540036036-9815;057540036036;100mN32018E42255;MC;NA;4;27;D;M;2529;EMP
057540036036-9816;057540036036;100mN31973E42298;NA;NA;3;65;M;M;6574;EMP
057540036036-9816;057540036036;100mN31973E42298;NA;NA;3;50;M;F;5064;NEP
057540036036-9816;057540036036;100mN31973E42298;NA;NA;3;68;D;F;6574;NEP
057540036036-9817;057540036036;100mN31973E42298;MC;OS;2;83;M;F;75XX;EMP
057540036036-9817;057540036036;100mN31973E42298;MC;OS;2;32;M;F;3039;EMP
057540036036-9818;057540036036;100mN31973E42298;MC;NA;2;56;M;M;5064;NEP
057540036036-9818;057540036036;100mN31973E42298;MC;NA;2;53;M;F;5064;EMP
057540036036-9819;057540036036;100mN31973E42298;MC;NA;4;43;M;F;4049;EMP
057540036036-9819;057540036036;100mN31973E42298;MC;NA;4;35;M;M;3039;EMP
057540036036-9819;057540036036;100mN31973E42298;MC;NA;4;8;S;F;0614;NEP
057540036036-9819;057540036036;100mN31973E42298;MC;NA;4;23;M;M;1824;EMP
057540036036-9820;057540036036;100mN31973E42298;S;NA;1;25;D;F;2529;EMP
057540036036-9821;057540036036;100mN31973E42298;MC;OS;2;67;M;M;6574;EMP
057540036036-9821;057540036036;100mN31973E42298;MC;OS;2;69;M;F;6574;NEP
057540036036-9822;057540036036;100mN32014E42288;MC;MIX;2;78;M;M;75XX;EMP
057540036036-9822;057540036036;100mN32014E42288;MC;MIX;2;59;W;F;5064;EMP
057540036036-9823;057540036036;100mN32014E42288;MC;NA;2;44;M;M;4049;EMP
057540036036-9823;057540036036;100mN32014E42288;MC;NA;2;37;M;F;3039;EMP
057540036036-9824;057540036036;100mN32014E42288;MC;NA;4;31;M;F;3039;EMP
057540036036-9824;057540036036;100mN32014E42288;MC;NA;4;23;M;M;1824;EMP
057540036036-9824;057540036036;100mN32014E42288;MC;NA;4;9;S;F;0614;NEP
057540036036-9824;057540036036;100mN32014E42288;MC;NA;4;16;S;M;1517;EMP
057540036036-9825;057540036036;100mN32014E42288;PO;NA;6;28;S;F;2529;EMP
057540036036-9825;057540036036;100mN32014E42288;PO;NA;6;31;S;F;3039;EMP
057540036036-9825;057540036036;100mN32014E42288;PO;NA;6;13;S;M;0614;NEP
057540036036-9825;057540036036;100mN32014E42288;PO;NA;6;6;S;F;0614;NEP
057540036036-9825;057540036036;100mN32014E42288;PO;NA;6;0;S;M;0003;NEP
057540036036-9825;057540036036;100mN32014E42288;PO;NA;6;9;S;F;0614;NEP
057540036036-9826;057540036036;100mN32014E42288;MC;NA;5;23;M;F;1824;EMP
057540036036-9826;057540036036;100mN32014E42288;MC;NA;5;20;M;M;1824;NEP
057540036036-9826;057540036036;100mN32014E42288;MC;NA;5;0;S;F;0003;NEP
057540036036-9826;057540036036;100mN32014E42288;MC;NA;5;2;S;F;0003;NEP
057540036036-9826;057540036036;100mN32014E42288;MC;NA;5;3;S;F;0305;NEP
057540036036-9827;057540036036;100mN32014E42288;MC;OS;2;67;M;F;6574;EMP
057540036036-9827;057540036036;100mN32014E42288;MC;OS;2;65;M;M;6574;EMP
057540036036-9828;057540036036;100mN32014E42288;MC;MIX;2;83;M;M;75XX;EMP
057540036036-9828;057540036036;100mN32014E42288;MC;MIX;2;7;S;M;0614;NEP
057540036036-9829;057540036036;100mN32014E42288;MC;OS;3;76;M;F;75XX;NEP
057540036036-9829;057540036036;100mN32014E42288;MC;OS;3;66;M;M;6574;EMP
057540036036-9829;057540036036;100mN32014E42288;MC;OS;3;66;M;M;6574;EMP
057540036036-9830;057540036036;100mN32014E42288;SF;NA;3;59;D;F;5064;EMP
057540036036-9830;057540036036;100mN32014E42288;SF;NA;3;22;S;F;1824;NEP
057540036036-9830;057540036036;100mN32014E42288;SF;NA;3;9;S;F;0614;NEP
057540036036-9831;057540036036;100mN32008E42281;S;OS;1;30;M;M;3039;EMP
057540036036-9832;057540036036;100mN32008E42281;MC;NA;2;47;M;M;4049;EMP
057540036036-9832;057540036036;100mN32008E42281;MC;NA;2;44;M;F;4049;EMP
057540036036-9833;057540036036;100mN32008E42281;S;NA;1;23;W;F;1824;NEP
057540036036-9834;057540036036;100mN32008E42281;MC;OS;2;65;M;M;6574;NEP
057540036036-9834;057540036036;100mN32008E42281;MC;OS;2;67;M;F;6574;EMP
057540036036-9835;057540036036;100mN32008E42281;S;NA;1;50;W;M;5064;EMP
057540036036-9836;057540036036;100mN32008E42281;NA;NA;3;63;M;M;5064;EMP
057540036036-9836;057540036036;100mN32008E42281;NA;NA;3;16;S;M;1517;EMP
057540036036-9836;057540036036;100mN32008E42281;NA;NA;3;70;M;F;6574;EMP
057540036036-9837;057540036036;100mN32008E42281;S;NA;1;55;M;M;5064;EMP
057540036036-9838;057540036036;100mN32008E42281;S;NA;1;59;M;M;5064;EMP
057540036036-9839;057540036036;100mN32008E42281;MC;NA;4;55;M;F;5064;NEP
057540036036-9839;057540036036;100mN32008E42281;MC;NA;4;58;M;M;5064;EMP
057540036036-9839;057540036036;100mN32008E42281;MC;NA;4;7;S;M;0614;NEP
057540036036-9839;057540036036;100mN32008E42281;MC;NA;4;12;S;F;0614;NEP
057540036036-9840;057540036036;100mN32008E42281;S;NA;1;42;W;F;4049;EMP
057540036036-9841;057540036036;100mN31963E42304;MC;NA;2;55;M;F;5064;EMP
057540036036-9841;057540036036;100mN31963E42304;MC;NA;2;48;M;M;4049;UEP
057540036036-9842;057540036036;100mN31963E42304;MC;NA;4;60;M;M;5064;EMP
057540036036-9842;057540036036;100mN31963E42304;MC;NA;4;57;M;F;5064;EMP
057540036036-9842;057540036036;100mN31963E42304;MC;NA;4;9;S;M;0614;NEP
057540036036-9842;057540036036;100mN31963E42304;MC;NA;4;15;S;M;1517;EMP
057540036036-9843;057540036036;100mN31963E42304;MC;MIX;3;67;S;F;6574;EMP
057540036036-9843;057540036036;100mN31963E42304;MC;MIX;3;58;M;F;5064;NEP
057540036036-9843;057540036036;100mN31963E42304;MC;MIX;3;63;M;M;5064;EMP
057540036036-9844;057540036036;100mN31963E42304;S;NA;1;42;W;F;4049;EMP
057540036036-9845;057540036036;100mN31963E42304;MC;OS;2;65;M;F;6574;NEP
057540036036-9845;057540036036;100mN31963E42304;MC;OS;2;71;M;M;6574;NEP
057540036036-9846;057540036036;100mN31969E42244;S;NA;1;75;S;M;75XX;EMP
057540036036-9847;057540036036;100mN31969E42244;S;OS;1;54;S;M;5064;EMP
057540036036-9848;057540036036;100mN31969E42244;S;NA;1;55;M;F;5064;EMP
057540036036-9849;057540036036;100mN32013E42247;S;NA;1;66;M;M;6574;EMP
057540036036-9850;057540036036;100mN32010E42277;MC;OS;5;67;M;M;6574;EMP
057540036036-9850;057540036036;100mN32010E42277;MC;OS;5;70;M;F;6574;EMP
057540036036-9850;057540036036;100mN32010E42277;MC;OS;5;85;M;F;75XX;NEP
057540036036-9850;057540036036;100mN32010E42277;MC;OS;5;69;D;M;6574;EMP
057540036036-9850;057540036036;100mN32010E42277;MC;OS;5;83;W;F;75XX;NEP
057540036036-9851;057540036036;100mN32013E42247;MC;NA;2;28;M;M;2529;NEP
057540036036-9851;057540036036;100mN32013E42247;MC;NA;2;28;M;F;2529;EMP
057540036036-9852;057540036036;100mN32013E42247;PO;NA;4;54;S;M;5064;EMP
057540036036-9852;057540036036;100mN32013E42247;PO;NA;4;53;S;F;5064;NEP
057540036036-9852;057540036036;100mN32013E42247;PO;NA;4;10;S;F;0614;NEP
057540036036-9852;057540036036;100mN32013E42247;PO;NA;4;36;M;F;3039;NEP
057540036036-9853;057540036036;100mN32013E42247;MC;NA;6;31;M;M;3039;NEP
057540036036-9853;057540036036;100mN32013E42247;MC;NA;6;18;M;F;1824;NEP
057540036036-9853;057540036036;100mN32013E42247;MC;NA;6;0;S;M;0003;NEP
057540036036-9853;057540036036;100mN32013E42247;MC;NA;6;6;S;F;0614;NEP
057540036036-9853;057540036036;100mN32013E42247;MC;NA;6;13;S;M;0614;NEP
057540036036-9853;057540036036;100mN32013E42247;MC;NA;6;6;S;M;0614;NEP
057540036036-9854;057540036036;100mN31995E42262;MC;OS;2;67;M;M;6574;EMP
057540036036-9854;057540036036;100mN31995E42262;MC;OS;2;70;M;F;6574;EMP
057540036036-9855;057540036036;100mN31995E42262;MC;NA;4;23;M;F;1824;EMP
057540036036-9855;057540036036;100mN31995E42262;MC;NA;4;25;M;M;2529;EMP
057540036036-9855;057540036036;100mN31995E42262;MC;NA;4;8;S;F;0614;NEP
057540036036-9855;057540036036;100mN31995E42262;MC;NA;4;2;S;F;0003;NEP
057540036036-9856;057540036036;100mN31995E42262;MC;OS;2;70;M;F;6574;NEP
057540036036-9856;057540036036;100mN31995E42262;MC;OS;2;66;M;M;6574;NEP
057540036036-9857;057540036036;100mN31995E42262;MC;NA;3;63;M;M;5064;EMP
057540036036-9857;057540036036;100mN31995E42262;MC;NA;3;63;M;F;5064;EMP
057540036036-9857;057540036036;100mN31995E42262;MC;NA;3;10;S;M;0614;NEP
057540036036-9858;057540036036;100mN31995E42262;S;NA;1;28;S;F;2529;NEP
057540036036-9859;057540036036;100mN31995E42262;MC;NA;4;55;M;M;5064;EMP
057540036036-9859;057540036036;100mN31995E42262;MC;NA;4;54;M;F;5064;EMP
057540036036-9859;057540036036;100mN31995E42262;MC;NA;4;3;S;M;0305;NEP
057540036036-9859;057540036036;100mN31995E42262;MC;NA;4;3;S;F;0305;NEP
057540036036-9860;057540036036;100mN31995E42262;PO;OS;2;65;S;M;6574;EMP
057540036036-9860;057540036036;100mN31995E42262;PO;OS;2;77;S;M;75XX;EMP
057540036036-9861;057540036036;100mN31995E42262;MC;NA;4;60;M;M;5064;EMP
057540036036-9861;057540036036;100mN31995E42262;MC;NA;4;58;M;F;5064;NEP
057540036036-9861;057540036036;100mN31995E42262;MC;NA;4;3;S;M;0305;NEP
057540036036-9861;057540036036;100mN31995E42262;MC;NA;4;44;S;M;4049;EMP
057540036036-9862;057540036036;100mN31995E42262;SF;NA;2;58;D;F;5064;EMP
057540036036-9862;057540036036;100mN31995E42262;SF;NA;2;1;S;M;0003;NEP
057540036036-9863;057540036036;100mN31995E42262;MC;NA;2;56;M;F;5064;NEP
057540036036-9863;057540036036;100mN31995E42262;MC;NA;2;58;M;M;5064;NEP
057540036036-9864;057540036036;100mN31999E42258;MC;OS;2;68;M;F;6574;NEP
057540036036-9864;057540036036;100mN31999E42258;MC;OS;2;65;M;M;6574;EMP
057540036036-9865;057540036036;100mN31999E42258;MC;OS;5;68;M;M;6574;EMP
057540036036-9865;057540036036;100mN31999E42258;MC;OS;5;66;M;F;6574;NEP
057540036036-9865;057540036036;100mN31999E42258;MC;OS;5;73;M;M;6574;EMP
057540036036-9865;057540036036;100mN31999E42258;MC;OS;5;87;W;F;75XX;NEP
057540036036-9865;057540036036;100mN31999E42258;MC;OS;5;70;M;F;6574;EMP
057540036036-9866;057540036036;100mN31999E42258;SF;MIX;2;65;S;F;6574;NEP
057540036036-9866;057540036036;100mN31999E42258;SF;MIX;2;6;S;F;0614;NEP
057540036036-9867;057540036036;100mN31961E42247;SF;NA;2;35;W;F;3039;EMP
057540036036-9867;057540036036;100mN31961E42247;SF;NA;2;18;M;F;1824;EMP
057540036036-9868;057540036036;100mN31999E42258;MC;NA;2;44;M;F;4049;EMP
057540036036-9868;057540036036;100mN31999E42258;MC;NA;2;46;M;M;4049;NEP
057540036036-9869;057540036036;100mN31999E42258;PO;NA;2;57;S;F;5064;NEP
057540036036-9869;057540036036;100mN31999E42258;PO;NA;2;56;S;M;5064;EMP
057540036036-9870;057540036036;100mN31999E42258;MC;NA;2;54;M;M;5064;NEP
057540036036-9870;057540036036;100mN31999E42258;MC;NA;2;50;M;F;5064;NEP
057540036036-9871;057540036036;100mN31999E42258;S;NA;1;36;S;M;3039;EMP
057540036036-9872;057540036036;100mN31999E42258;S;NA;1;47;M;M;4049;NEP
057540036036-9873;057540036036;100mN32005E42282;S;NA;1;59;D;F;5064;EMP
057540036036-9874;057540036036;100mN31999E42258;MC;MIX;5;69;W;F;6574;EMP
057540036036-9874;057540036036;100mN31999E42258;MC;MIX;5;60;M;M;5064;NEP
057540036036-9874;057540036036;100mN31999E42258;MC;MIX;5;57;M;F;5064;EMP
057540036036-9874;057540036036;100mN31999E42258;MC;MIX;5;10;S;M;0614;NEP
057540036036-9874;057540036036;100mN31999E42258;MC;MIX;5;16;S;M;1517;NEP
057540036036-9875;057540036036;100mN31999E42258;MC;NA;2;57;M;M;5064;EMP
057540036036-9875;057540036036;100mN31999E42258;MC;NA;2;50;M;F;5064;EMP
057540036036-9876;057540036036;100mN31961E42266;SF;NA;4;60;W;F;5064;NEP
057540036036-9876;057540036036;100mN31961E42266;SF;NA;4;25;W;M;2529;EMP
057540036036-9876;057540036036;100mN31961E42266;SF;NA;4;10;S;M;0614;NEP
057540036036-9876;057540036036;100mN31961E42266;SF;NA;4;15;S;F;1517;EMP
057540036036-9877;057540036036;100mN31999E42258;MC;MIX;3;69;M;M;6574;NEP
057540036036-9877;057540036036;100mN31999E42258;MC;MIX;3;36;M;M;3039;EMP
057540036036-9877;057540036036;100mN31999E42258;MC;MIX;3;32;M;F;3039;EMP
057540036036-9878;057540036036;100mN31999E42258;MC;OS;4;70;M;F;6574;NEP
057540036036-9878;057540036036;100mN31999E42258;MC;OS;4;71;M;M;6574;UEP
057540036036-9878;057540036036;100mN31999E42258;MC;OS;4;66;S;M;6574;EMP
057540036036-9878;057540036036;100mN31999E42258;MC;OS;4;83;S;M;75XX;NEP
057540036036-9879;057540036036;100mN31999E42258;S;OS;1;20;M;M;1824;EMP
057540036036-9880;057540036036;100mN31999E42258;S;NA;1;45;M;F;4049;EMP
057540036036-9881;057540036036;100mN31999E42258;MC;NA;2;38;M;F;3039;EMP
057540036036-9881;057540036036;100mN31999E42258;MC;NA;2;38;M;M;3039;EMP
057540036036-9882;057540036036;100mN31973E42271;PO;NA;4;34;S;M;3039;EMP
057540036036-9882;057540036036;100mN31973E42271;PO;NA;4;36;S;M;3039;EMP
057540036036-9882;057540036036;100mN31973E42271;PO;NA;4;16;S;F;1517;EMP
057540036036-9882;057540036036;100mN31973E42271;PO;NA;4;13;S;F;0614;NEP
057540036036-9883;057540036036;100mN31999E42257;SF;NA;3;56;D;F;5064;EMP
057540036036-9883;057540036036;100mN31999E42257;SF;NA;3;10;S;F;0614;NEP
057540036036-9883;057540036036;100mN31999E42257;SF;NA;3;15;S;F;1517;NEP
057540036036-9884;057540036036;100mN31973E42271;SF;MIX;2;83;W;F;75XX;EMP
057540036036-9884;057540036036;100mN31973E42271;SF;MIX;2;56;M;M;5064;EMP
057540036036-9885;057540036036;100mN31973E42271;MC;NA;2;25;M;M;2529;NEP
057540036036-9885;057540036036;100mN31973E42271;MC;NA;2;25;M;F;2529;EMP
057540036036-9886;057540036036;100mN31973E42271;MC;NA;6;22;M;F;1824;EMP
057540036036-9886;057540036036;100mN31973E42271;MC;NA;6;21;M;M;1824;EMP
057540036036-9886;057540036036;100mN31973E42271;MC;NA;6;0;S;F;0003;NEP
057540036036-9886;057540036036;100mN31973E42271;MC;NA;6;6;S;M;0614;NEP
057540036036-9886;057540036036;100mN31973E42271;MC;NA;6;4;S;F;0305;NEP
057540036036-9886;057540036036;100mN31973E42271;MC;NA;6;0;S;M;0003;NEP
057540036036-9887;057540036036;100mN31973E42271;MC;NA;2;37;M;M;3039;EMP
057540036036-9887;057540036036;100mN31973E42271;MC;NA;2;18;M;F;1824;NEP
057540036036-9888;057540036036;100mN31973E42271;PO;NA;4;33;S;M;3039;NEP
057540036036-9888;057540036036;100mN31973E42271;PO;NA;4;33;S;F;3039;EMP
057540036036-9888;057540036036;100mN31973E42271;PO;NA;4;1;S;F;0003;NEP
057540036036-9888;057540036036;100mN31973E42271;PO;NA;4;9;S;F;0614;NEP
057540036036-9889;057540036036;100mN31973E42271;SF;NA;3;35;S;F;3039;EMP
057540036036-9889;057540036036;100mN31973E42271;SF;NA;3;8;S;M;0614;NEP
057540036036-9889;057540036036;100mN31973E42271;SF;NA;3;12;S;M;0614;NEP
057540036036-9890;057540036036;100mN31973E42271;SF;NA;2;16;S;F;1517;NEP
057540036036-9890;057540036036;100mN31973E42271;SF;NA;2;0;S;M;0003;NEP
057540036036-9891;057540036036;100mN32007E42278;MC;NA;3;51;M;M;5064;EMP
057540036036-9891;057540036036;100mN32007E42278;MC;NA;3;46;M;F;4049;EMP
057540036036-9891;057540036036;100mN32007E42278;MC;NA;3;28;S;M;2529;EMP
057540036036-9892;057540036036;100mN32007E42278;MC;NA;3;51;M;M;5064;EMP
057540036036-9892;057540036036;100mN32007E42278;MC;NA;3;46;M;F;4049;EMP
057540036036-9892;057540036036;100mN32007E42278;MC;NA;3;28;S;M;2529;EMP
057540036036-9893;057540036036;100mN32007E42278;PO;NA;2;32;S;F;3039;EMP
057540036036-9893;057540036036;100mN32007E42278;PO;NA;2;32;S;M;3039;EMP
057540036036-9894;057540036036;100mN32007E42278;S;NA;1;57;S;F;5064;EMP
057540036036-9895;057540036036;100mN32007E42278;NA;NA;3;54;S;M;5064;EMP
057540036036-9895;057540036036;100mN32007E42278;NA;NA;3;28;M;M;2529;EMP
057540036036-9895;057540036036;100mN32007E42278;NA;NA;3;68;S;M;6574;NEP
057540036036-9896;057540036036;100mN32007E42278;S;OS;1;71;M;F;6574;EMP
057540036036-9897;057540036036;100mN32007E42278;S;NA;1;38;M;M;3039;EMP
057540036036-9898;057540036036;100mN32007E42278;MC;NA;2;31;M;F;3039;EMP
057540036036-9898;057540036036;100mN32007E42278;MC;NA;2;40;M;M;4049;NEP
057540036036-9899;057540036036;100mN32007E42278;MC;MIX;3;66;M;F;6574;EMP
057540036036-9899;057540036036;100mN32007E42278;MC;MIX;3;42;M;F;4049;EMP
057540036036-9899;057540036036;100mN32007E42278;MC;MIX;3;40;M;M;4049;EMP
057540036036-9900;057540036036;100mN32007E42278;MC;NA;3;20;M;F;1824;EMP
057540036036-9900;057540036036;100mN32007E42278;MC;NA;3;23;M;M;1824;UEP
057540036036-9900;057540036036;100mN32007E42278;MC;NA;3;4;S;M;0305;NEP
057540036036-9901;057540036036;100mN32007E42278;MC;OS;2;73;M;F;6574;EMP
057540036036-9901;057540036036;100mN32007E42278;MC;OS;2;76;M;M;75XX;NEP
057540036036-9902;057540036036;100mN32007E42282;MC;NA;2;41;M;M;4049;EMP
057540036036-9902;057540036036;100mN32007E42282;MC;NA;2;41;M;F;4049;EMP
057540036036-9903;057540036036;100mN32007E42282;PO;NA;4;47;S;M;4049;EMP
057540036036-9903;057540036036;100mN32007E42282;PO;NA;4;38;S;M;3039;EMP
057540036036-9903;057540036036;100mN32007E42282;PO;NA;4;10;S;M;0614;NEP
057540036036-9903;057540036036;100mN32007E42282;PO;NA;4;15;S;M;1517;EMP
057540036036-9904;057540036036;100mN32007E42282;MC;NA;3;43;M;F;4049;EMP
057540036036-9904;057540036036;100mN32007E42282;MC;NA;3;48;M;M;4049;EMP
057540036036-9904;057540036036;100mN32007E42282;MC;NA;3;0;S;M;0003;NEP
057540036036-9905;057540036036;100mN32007E42282;S;NA;1;43;M;M;4049;EMP
057540036036-9906;057540036036;100mN32007E42282;MC;NA;3;30;M;M;3039;NEP
057540036036-9906;057540036036;100mN32007E42282;MC;NA;3;27;M;F;2529;EMP
057540036036-9906;057540036036;100mN32007E42282;MC;NA;3;4;S;M;0305;NEP
057540036036-9907;057540036036;100mN32007E42282;MC;NA;5;32;M;M;3039;EMP
057540036036-9907;057540036036;100mN32007E42282;MC;NA;5;23;M;F;1824;EMP
057540036036-9907;057540036036;100mN32007E42282;MC;NA;5;16;S;F;1517;EMP
057540036036-9907;057540036036;100mN32007E42282;MC;NA;5;6;S;M;0614;NEP
057540036036-9907;057540036036;100mN32007E42282;MC;NA;5;12;S;F;0614;NEP
057540036036-9908;057540036036;100mN31976E42253;SF;NA;5;86;S;F;75XX;NEP
057540036036-9908;057540036036;100mN31976E42253;SF;NA;5;6;S;M;0614;NEP
057540036036-9908;057540036036;100mN31976E42253;SF;NA;5;54;W;F;5064;NEP
057540036036-9908;057540036036;100mN31976E42253;SF;NA;5;25;W;F;2529;NEP
057540036036-9908;057540036036;100mN31976E42253;SF;NA;5;3;S;F;0305;NEP
057540036036-9909;057540036036;100mN32007E42282;MC;OS;3;77;M;F;75XX;EMP
057540036036-9909;057540036036;100mN32007E42282;MC;OS;3;77;M;M;75XX;UEP
057540036036-9909;057540036036;100mN32007E42282;MC;OS;3;83;M;F;75XX;EMP
057540036036-9910;057540036036;100mN32007E42282;PO;NA;4;47;S;M;4049;NEP
057540036036-9910;057540036036;100mN32007E42282;PO;NA;4;38;S;M;3039;NEP
057540036036-9910;057540036036;100mN32007E42282;PO;NA;4;23;D;F;1824;EMP
057540036036-9910;057540036036;100mN32007E42282;PO;NA;4;8;S;M;0614;NEP
057540036036-9911;057540036036;100mN32007E42282;MC;OS;5;70;M;F;6574;EMP
057540036036-9911;057540036036;100mN32007E42282;MC;OS;5;75;M;M;75XX;EMP
057540036036-9911;057540036036;100mN32007E42282;MC;OS;5;67;W;M;6574;EMP
057540036036-9911;057540036036;100mN32007E42282;MC;OS;5;79;D;F;75XX;EMP
057540036036-9911;057540036036;100mN32007E42282;MC;OS;5;65;S;F;6574;NEP
057540036036-9912;057540036036;100mN32007E42282;MC;MIX;4;67;M;F;6574;NEP
057540036036-9912;057540036036;100mN32007E42282;MC;MIX;4;60;M;M;5064;EMP
057540036036-9912;057540036036;100mN32007E42282;MC;MIX;4;51;M;F;5064;NEP
057540036036-9912;057540036036;100mN32007E42282;MC;MIX;4;19;W;F;1824;EMP
057540036036-9913;057540036036;100mN32007E42282;MC;NA;2;45;M;M;4049;EMP
057540036036-9913;057540036036;100mN32007E42282;MC;NA;2;48;M;F;4049;NEP
057540036036-9914;057540036036;100mN32007E42282;MC;NA;3;48;M;F;4049;EMP
057540036036-9914;057540036036;100mN32007E42282;MC;NA;3;50;M;M;5064;EMP
057540036036-9914;057540036036;100mN32007E42282;MC;NA;3;20;M;F;1824;NEP
057540036036-9915;057540036036;100mN32007E42282;MC;NA;4;30;M;F;3039;EMP
057540036036-9915;057540036036;100mN32007E42282;MC;NA;4;31;M;M;3039;EMP
057540036036-9915;057540036036;100mN32007E42282;MC;NA;4;2;S;F;0003;NEP
057540036036-9915;057540036036;100mN32007E42282;MC;NA;4;15;S;M;1517;EMP
057540036036-9916;057540036036;100mN32007E42282;MC;NA;2;38;M;M;3039;EMP
057540036036-9916;057540036036;100mN32007E42282;MC;NA;2;34;M;F;3039;EMP
057540036036-9917;057540036036;100mN32007E42282;PO;OS;3;75;S;F;75XX;NEP
057540036036-9917;057540036036;100mN32007E42282;PO;OS;3;69;S;M;6574;EMP
057540036036-9917;057540036036;100mN32007E42282;PO;OS;3;84;M;F;75XX;NEP
057540036036-9918;057540036036;100mN32007E42282;MC;NA;4;48;M;F;4049;EMP
057540036036-9918;057540036036;100mN32007E42282;MC;NA;4;48;M;M;4049;EMP
057540036036-9918;057540036036;100mN32007E42282;MC;NA;4;11;S;M;0614;NEP
057540036036-9918;057540036036;100mN32007E42282;MC;NA;4;1;S;M;0003;NEP
057540036036-9919;057540036036;100mN32007E42282;MC;NA;6;58;M;M;5064;NEP
057540036036-9919;057540036036;100mN32007E42282;MC;NA;6;53;M;F;5064;NEP
057540036036-9919;057540036036;100mN32007E42282;MC;NA;6;3;S;M;0305;NEP
057540036036-9919;057540036036;100mN32007E42282;MC;NA;6;7;S;M;0614;NEP
057540036036-9919;057540036036;100mN32007E42282;MC;NA;6;15;S;M;1517;NEP
057540036036-9919;057540036036;100mN32007E42282;MC;NA;6;13;S;M;0614;NEP
057540036036-9920;057540036036;100mN32007E42282;MC;NA;4;55;M;F;5064;EMP
057540036036-9920;057540036036;100mN32007E42282;MC;NA;4;62;M;M;5064;EMP
057540036036-9920;057540036036;100mN32007E42282;MC;NA;4;4;S;F;0305;NEP
057540036036-9920;057540036036;100mN32007E42282;MC;NA;4;1;S;M;0003;NEP
057540036036-9921;057540036036;100mN32007E42282;SF;MIX;2;71;D;F;6574;EMP
057540036036-9921;057540036036;100mN32007E42282;SF;MIX;2;3;S;F;0305;NEP
057540036036-9922;057540036036;100mN32007E42282;MC;NA;2;32;M;M;3039;NEP
057540036036-9922;057540036036;100mN32007E42282;MC;NA;2;33;M;F;3039;NEP
057540036036-9923;057540036036;100mN32007E42282;SF;NA;2;47;S;F;4049;NEP
057540036036-9923;057540036036;100mN32007E42282;SF;NA;2;9;S;F;0614;NEP
057540036036-9924;057540036036;100mN32007E42282;NA;OS;3;65;S;F;6574;EMP
057540036036-9924;057540036036;100mN32007E42282;NA;OS;3;84;W;F;75XX;EMP
057540036036-9924;057540036036;100mN32007E42282;NA;OS;3;54;M;M;5064;EMP
057540036036-9925;057540036036;100mN31999E42257;MC;NA;3;42;M;M;4049;NEP
057540036036-9925;057540036036;100mN31999E42257;MC;NA;3;45;M;F;4049;EMP
057540036036-9925;057540036036;100mN31999E42257;MC;NA;3;8;S;M;0614;NEP
057540036036-9926;057540036036;100mN32007E42282;MC;OS;2;78;M;M;75XX;EMP
057540036036-9926;057540036036;100mN32007E42282;MC;OS;2;75;M;F;75XX;EMP
057540036036-9927;057540036036;100mN32007E42282;MC;OS;2;88;M;F;75XX;NEP
057540036036-9927;057540036036;100mN32007E42282;MC;OS;2;18;D;M;1824;EMP
057540036036-9928;057540036036;100mN32007E42282;MC;OS;4;73;M;F;6574;NEP
057540036036-9928;057540036036;100mN32007E42282;MC;OS;4;76;M;M;75XX;EMP
057540036036-9928;057540036036;100mN32007E42282;MC;OS;4;86;M;M;75XX;EMP
057540036036-9928;057540036036;100mN32007E42282;MC;OS;4;84;S;F;75XX;EMP
057540036036-9929;057540036036;100mN32007E42282;PO;NA;3;28;S;M;2529;NEP
057540036036-9929;057540036036;100mN32007E42282;PO;NA;3;25;S;M;2529;EMP
057540036036-9929;057540036036;100mN32007E42282;PO;NA;3;9;S;F;0614;NEP
057540036036-9930;057540036036;100mN32007E42281;S;NA;1;18;S;F;1824;EMP
057540036036-9931;057540036036;100mN32007E42281;SF;NA;2;20;S;F;1824;EMP
057540036036-9931;057540036036;100mN32007E42281;SF;NA;2;1;S;M;0003;NEP
057540036036-9932;057540036036;100mN32007E42281;S;OS;1;56;W;F;5064;NEP
057540036036-9933;057540036036;100mN32007E42281;PO;NA;4;41;S;F;4049;EMP
057540036036-9933;057540036036;100mN32007E42281;PO;NA;4;47;S;M;4049;NEP
057540036036-9933;057540036036;100mN32007E42281;PO;NA;4;13;S;M;0614;NEP
057540036036-9933;057540036036;100mN32007E42281;PO;NA;4;9;S;M;0614;NEP
057540036036-9934;057540036036;100mN32007E42281;MC;NA;2;19;M;F;1824;NEP
057540036036-9934;057540036036;100mN32007E42281;MC;NA;2;21;M;M;1824;NEP
057540036036-9935;057540036036;100mN32007E42281;SF;NA;4;51;W;F;5064;NEP
057540036036-9935;057540036036;100mN32007E42281;SF;NA;4;8;S;M;0614;NEP
057540036036-9935;057540036036;100mN32007E42281;SF;NA;4;2;S;M;0003;NEP
057540036036-9935;057540036036;100mN32007E42281;SF;NA;4;19;M;F;1824;NEP
057540036036-9936;057540036036;100mN32007E42281;MC;NA;2;59;M;F;5064;NEP
057540036036-9936;057540036036;100mN32007E42281;MC;NA;2;63;M;M;5064;NEP
057540036036-9937;057540036036;100mN32007E42281;S;OS;1;60;S;M;5064;EMP
057540036036-9938;057540036036;100mN32007E42281;MC;OS;2;69;M;M;6574;EMP
057540036036-9938;057540036036;100mN32007E42281;MC;OS;2;66;M;F;6574;EMP
057540036036-9939;057540036036;100mN32007E42281;S;NA;1;77;M;F;75XX;EMP
057540036036-9940;057540036036;100mN31990E42259;S;NA;1;48;M;F;4049;NEP
057540036036-9941;057540036036;100mN32007E42281;S;NA;1;62;D;F;5064;EMP
057540036036-9942;057540036036;100mN32007E42281;MC;NA;2;21;M;F;1824;EMP
057540036036-9942;057540036036;100mN32007E42281;MC;NA;2;23;M;M;1824;NEP
057540036036-9943;057540036036;100mN32007E42281;MC;NA;3;61;M;M;5064;EMP
057540036036-9943;057540036036;100mN32007E42281;MC;NA;3;60;M;F;5064;NEP
057540036036-9943;057540036036;100mN32007E42281;MC;NA;3;1;S;M;0003;NEP
057540036036-9944;057540036036;100mN32007E42281;S;NA;1;27;W;F;2529;EMP
057540036036-9945;057540036036;100mN32007E42281;MC;NA;2;35;M;F;3039;NEP
057540036036-9945;057540036036;100mN32007E42281;MC;NA;2;38;M;M;3039;NEP
057540036036-9946;057540036036;100mN32007E42281;S;OS;1;60;M;M;5064;EMP
057540036036-9947;057540036036;100mN32007E42281;PO;NA;3;62;S;M;5064;EMP
057540036036-9947;057540036036;100mN32007E42281;PO;NA;3;60;S;F;5064;NEP
057540036036-9947;057540036036;100mN32007E42281;PO;NA;3;9;S;M;0614;NEP
057540036036-9948;057540036036;100mN32007E42281;MC;NA;4;28;M;M;2529;EMP
057540036036-9948;057540036036;100mN32007E42281;MC;NA;4;27;M;F;2529;NEP
057540036036-9948;057540036036;100mN32007E42281;MC;NA;4;8;S;F;0614;NEP
057540036036-9948;057540036036;100mN32007E42281;MC;NA;4;7;S;F;0614;NEP
057540036036-9949;057540036036;100mN31990E42295;S;NA;1;40;W;F;4049;NEP
057540036036-9950;057540036036;100mN32007E42281;MC;NA;3;48;M;M;4049;EMP
057540036036-9950;057540036036;100mN32007E42281;MC;NA;3;45;M;F;4049;NEP
057540036036-9950;057540036036;100mN32007E42281;MC;NA;3;31;S;F;3039;EMP
057540036036-9951;057540036036;100mN32007E42281;MC;NA;4;33;M;M;3039;NEP
057540036036-9951;057540036036;100mN32007E42281;MC;NA;4;36;M;F;3039;EMP
057540036036-9951;057540036036;100mN32007E42281;MC;NA;4;10;S;F;0614;NEP
057540036036-9951;057540036036;100mN32007E42281;MC;NA;4;18;W;F;1824;EMP
057540036036-9952;057540036036;100mN32007E42281;S;NA;1;41;M;M;4049;EMP
057540036036-9953;057540036036;100mN32007E42281;PO;NA;3;33;S;F;3039;NEP
057540036036-9953;057540036036;100mN32007E42281;PO;NA;3;33;S;F;3039;EMP
057540036036-9953;057540036036;100mN32007E42281;PO;NA;3;16;S;M;1517;NEP
057540036036-9954;057540036036;100mN32007E42281;MC;NA;4;35;M;F;3039;EMP
057540036036-9954;057540036036;100mN32007E42281;MC;NA;4;40;M;M;4049;EMP
057540036036-9954;057540036036;100mN32007E42281;MC;NA;4;6;S;M;0614;NEP
057540036036-9954;057540036036;100mN32007E42281;MC;NA;4;19;M;F;1824;EMP
057540036036-9955;057540036036;100mN32007E42281;S;NA;1;50;S;M;5064;NEP
057540036036-9956;057540036036;100mN32007E42281;S;NA;1;61;S;F;5064;EMP
057540036036-9957;057540036036;100mN32007E42281;MC;NA;2;50;M;F;5064;EMP
057540036036-9957;057540036036;100mN32007E42281;MC;NA;2;60;M;M;5064;NEP
057540036036-9958;057540036036;100mN31973E42251;S;NA;1;45;D;F;4049;EMP
057540036036-9959;057540036036;100mN31973E42251;MC;NA;2;54;M;M;5064;NEP
057540036036-9959;057540036036;100mN31973E42251;MC;NA;2;18;M;F;1824;EMP
057540036036-9960;057540036036;100mN31973E42251;S;NA;1;37;M;F;3039;EMP
057540036036-9961;057540036036;100mN31973E42251;NA;MIX;5;30;M;M;3039;EMP
057540036036-9961;057540036036;100mN31973E42251;NA;MIX;5;45;M;M;4049;EMP
057540036036-9961;057540036036;100mN31973E42251;NA;MIX;5;69;S;M;6574;EMP
057540036036-9961;057540036036;100mN31973E42251;NA;MIX;5;32;S;F;3039;EMP
057540036036-9961;057540036036;100mN31973E42251;NA;MIX;5;42;S;F;4049;EMP
057540036036-9962;057540036036;100mN31973E42251;S;NA;1;16;S;M;1517;EMP
057540036036-9963;057540036036;100mN31973E42251;MC;NA;3;20;M;M;1824;UEP
057540036036-9963;057540036036;100mN31973E42251;MC;NA;3;18;M;F;1824;EMP
057540036036-9963;057540036036;100mN31973E42251;MC;NA;3;2;S;M;0003;NEP
057540036036-9964;057540036036;100mN31973E42247;MC;NA;5;44;M;M;4049;NEP
057540036036-9964;057540036036;100mN31973E42247;MC;NA;5;44;M;F;4049;NEP
057540036036-9964;057540036036;100mN31973E42247;MC;NA;5;22;D;M;1824;EMP
057540036036-9964;057540036036;100mN31973E42247;MC;NA;5;27;M;M;2529;EMP
057540036036-9964;057540036036;100mN31973E42247;MC;NA;5;25;M;F;2529;NEP
057540036036-9965;057540036036;100mN31973E42247;MC;NA;2;53;M;F;5064;EMP
057540036036-9965;057540036036;100mN31973E42247;MC;NA;2;53;M;M;5064;EMP
057540036036-9966;057540036036;100mN31973E42247;MC;NA;6;45;M;M;4049;EMP
057540036036-9966;057540036036;100mN31973E42247;MC;NA;6;42;M;F;4049;EMP
057540036036-9966;057540036036;100mN31973E42247;MC;NA;6;26;W;M;2529;EMP
057540036036-9966;057540036036;100mN31973E42247;MC;NA;6;7;S;F;0614;NEP
057540036036-9966;057540036036;100mN31973E42247;MC;NA;6;7;S;M;0614;NEP
057540036036-9966;057540036036;100mN31973E42247;MC;NA;6;13;S;M;0614;NEP
057540036036-9967;057540036036;100mN31973E42247;MC;NA;3;43;M;M;4049;EMP
057540036036-9967;057540036036;100mN31973E42247;MC;NA;3;34;M;F;3039;EMP
057540036036-9967;057540036036;100mN31973E42247;MC;NA;3;11;S;F;0614;NEP
057540036036-9968;057540036036;100mN32010E42281;S;NA;1;37;M;M;3039;EMP
057540036036-9969;057540036036;100mN32010E42281;S;NA;1;25;M;M;2529;EMP
057540036036-9970;057540036036;100mN32010E42281;S;NA;1;47;S;M;4049;EMP
057540036036-9971;057540036036;100mN32010E42281;MC;OS;2;85;M;F;75XX;EMP
057540036036-9971;057540036036;100mN32010E42281;MC;OS;2;88;M;M;75XX;NEP
057540036036-9972;057540036036;100mN32010E42281;S;NA;1;43;S;F;4049;NEP
057540036036-9973;057540036036;100mN32010E42281;MC;NA;3;40;M;M;4049;EMP
057540036036-9973;057540036036;100mN32010E42281;MC;NA;3;41;M;F;4049;NEP
057540036036-9973;057540036036;100mN32010E42281;MC;NA;3;8;S;F;0614;NEP
057540036036-9974;057540036036;100mN32010E42281;PO;NA;3;56;S;F;5064;EMP
057540036036-9974;057540036036;100mN32010E42281;PO;NA;3;57;S;M;5064;NEP
057540036036-9974;057540036036;100mN32010E42281;PO;NA;3;3;S;M;0305;NEP
057540036036-9975;057540036036;100mN32010E42281;PO;OS;4;68;S;M;6574;EMP
057540036036-9975;057540036036;100mN32010E42281;PO;OS;4;81;S;F;75XX;NEP
057540036036-9975;057540036036;100mN32010E42281;PO;OS;4;67;M;F;6574;EMP
057540036036-9975;057540036036;100mN32010E42281;PO;OS;4;73;S;M;6574;EMP
057540036036-9976;057540036036;100mN32010E42281;MC;NA;4;60;M;M;5064;EMP
057540036036-9976;057540036036;100mN32010E42281;MC;NA;4;61;M;F;5064;NEP
057540036036-9976;057540036036;100mN32010E42281;MC;NA;4;25;M;M;2529;NEP
057540036036-9976;057540036036;100mN32010E42281;MC;NA;4;38;D;M;3039;EMP
057540036036-9977;057540036036;100mN32010E42281;PO;MIX;4;70;M;M;6574;EMP
057540036036-9977;057540036036;100mN32010E42281;PO;MIX;4;34;S;F;3039;NEP
057540036036-9977;057540036036;100mN32010E42281;PO;MIX;4;31;S;F;3039;EMP
057540036036-9977;057540036036;100mN32010E42281;PO;MIX;4;11;S;F;0614;NEP
057540036036-9978;057540036036;100mN32008E42283;MC;NA;2;63;M;M;5064;EMP
057540036036-9978;057540036036;100mN32008E42283;MC;NA;2;61;M;F;5064;EMP
057540036036-9979;057540036036;100mN32008E42283;MC;NA;4;63;M;M;5064;EMP
057540036036-9979;057540036036;100mN32008E42283;MC;NA;4;63;M;F;5064;EMP
057540036036-9979;057540036036;100mN32008E42283;MC;NA;4;8;S;M;0614;NEP
057540036036-9979;057540036036;100mN32008E42283;MC;NA;4;7;S;M;0614;NEP
057540036036-9980;057540036036;100mN32008E42283;S;NA;1;44;M;M;4049;EMP
057540036036-9981;057540036036;100mN31990E42267;PO;NA;6;36;S;M;3039;EMP
057540036036-9981;057540036036;100mN31990E42267;PO;NA;6;37;S;M;3039;EMP
057540036036-9981;057540036036;100mN31990E42267;PO;NA;6;20;M;M;1824;EMP
057540036036-9981;057540036036;100mN31990E42267;PO;NA;6;15;S;M;1517;NEP
057540036036-9981;057540036036;100mN31990E42267;PO;NA;6;16;S;F;1517;EMP
057540036036-9981;057540036036;100mN31990E42267;PO;NA;6;3;S;M;0305;NEP
057540036036-9982;057540036036;100mN31990E42267;S;OS;1;72;S;F;6574;EMP
057540036036-9983;057540036036;100mN31990E42267;S;NA;1;42;M;F;4049;NEP
057540036036-9984;057540036036;100mN31963E42306;PO;NA;3;50;S;M;5064;EMP
057540036036-9984;057540036036;100mN31963E42306;PO;NA;3;50;S;M;5064;EMP
057540036036-9984;057540036036;100mN31963E42306;PO;NA;3;0;S;F;0003;NEP
057540036036-9985;057540036036;100mN31990E42267;MC;NA;2;45;M;M;4049;EMP
057540036036-9985;057540036036;100mN31990E42267;MC;NA;2;42;M;F;4049;NEP
057540036036-9986;057540036036;100mN32014E42289;SM;NA;5;57;S;M;5064;EMP
057540036036-9986;057540036036;100mN32014E42289;SM;NA;5;16;S;M;1517;EMP
057540036036-9986;057540036036;100mN32014E42289;SM;NA;5;34;M;M;3039;EMP
057540036036-9986;057540036036;100mN32014E42289;SM;NA;5;11;S;M;0614;NEP
057540036036-9986;057540036036;100mN32014E42289;SM;NA;5;11;S;M;0614;NEP
057540036036-9987;057540036036;100mN32014E42289;S;NA;1;30;S;M;3039;EMP
057540036036-9988;057540036036;100mN32014E42289;SM;NA;2;83;S;M;75XX;EMP
057540036036-9988;057540036036;100mN32014E42289;SM;NA;2;57;S;F;5064;NEP
057540036036-9989;057540036036;100mN32014E42289;MC;OS;3;89;M;F;75XX;NEP
057540036036-9989;057540036036;100mN32014E42289;MC;OS;3;76;S;M;75XX;EMP
057540036036-9989;057540036036;100mN32014E42289;MC;OS;3;71;M;M;6574;EMP
057540036036-9990;057540036036;100mN32014E42289;S;OS;1;78;M;F;75XX;NEP
057540036036-9991;057540036036;100mN32014E42289;MC;OS;3;71;M;M;6574;EMP
057540036036-9991;057540036036;100mN32014E42289;MC;OS;3;67;M;F;6574;EMP
057540036036-9991;057540036036;100mN32014E42289;MC;OS;3;68;D;M;6574;EMP
057540036036-9992;057540036036;100mN32014E42289;MC;MIX;4;69;S;F;6574;NEP
057540036036-9992;057540036036;100mN32014E42289;MC;MIX;4;55;M;M;5064;EMP
057540036036-9992;057540036036;100mN32014E42289;MC;MIX;4;47;M;F;4049;EMP
057540036036-9992;057540036036;100mN32014E42289;MC;MIX;4;37;S;F;3039;NEP
057540036036-9993;057540036036;100mN32014E42289;MC;MIX;4;72;S;M;6574;EMP
057540036036-9993;057540036036;100mN32014E42289;MC;MIX;4;43;M;M;4049;NEP
057540036036-9993;057540036036;100mN32014E42289;MC;MIX;4;41;M;F;4049;NEP
057540036036-9993;057540036036;100mN32014E42289;MC;MIX;4;21;M;F;1824;NEP
057540036036-9994;057540036036;100mN32014E42289;S;OS;1;42;M;M;4049;EMP
057540036036-9995;057540036036;100mN32014E42289;S;OS;1;28;D;F;2529;EMP
057540036036-9996;057540036036;100mN32014E42285;MC;OS;2;71;M;M;6574;EMP
057540036036-9996;057540036036;100mN32014E42285;MC;OS;2;65;M;F;6574;NEP
057540036036-9997;057540036036;100mN32014E42285;S;NA;1;20;M;F;1824;NEP
057540036036-9998;057540036036;100mN32014E42285;MC;NA;3;47;M;F;4049;EMP
057540036036-9998;057540036036;100mN32014E42285;MC;NA;3;48;M;M;4049;EMP
057540036036-9998;057540036036;100mN32014E42285;MC;NA;3;8;S;M;0614;NEP
057540036036-9999;057540036036;100mN31955E42261;MC;NA;2;55;M;F;5064;EMP
057540036036-9999;057540036036;100mN31955E42261;MC;NA;2;59;M;M;5064;NEP
057540036036-10000;057540036036;100mN31955E42261;SF;NA;2;76;S;F;75XX;EMP
057540036036-10000;057540036036;100mN31955E42261;SF;NA;2;15;S;M;1517;EMP
057540036036-10001;057540036036;100mN31955E42261;PO;NA;2;44;S;M;4049;EMP
057540036036-10001;057540036036;100mN31955E42261;PO;NA;2;43;S;F;4049;NEP
057540036036-10002;057540036036;100mN31990E42259;MC;NA;2;32;M;F;3039;NEP
057540036036-10002;057540036036;100mN31990E42259;MC;NA;2;33;M;M;3039;NEP
057540036036-10003;057540036036;100mN31990E42259;SF;NA;2;22;W;F;1824;NEP
057540036036-10003;057540036036;100mN31990E42259;SF;NA;2;3;S;M;0305;NEP
057540036036-10004;057540036036;100mN31990E42259;S;NA;1;78;W;F;75XX;NEP
057540036036-10005;057540036036;100mN31990E42259;MC;NA;4;63;M;F;5064;NEP
057540036036-10005;057540036036;100mN31990E42259;MC;NA;4;68;M;F;6574;NEP
057540036036-10005;057540036036;100mN31990E42259;MC;NA;4;16;S;M;1517;NEP
057540036036-10005;057540036036;100mN31990E42259;MC;NA;4;27;S;M;2529;EMP
057540036036-10006;057540036036;100mN31990E42259;PO;NA;4;25;S;M;2529;NEP
057540036036-10006;057540036036;100mN31990E42259;PO;NA;4;22;S;M;1824;EMP
057540036036-10006;057540036036;100mN31990E42259;PO;NA;4;7;S;F;0614;NEP
057540036036-10006;057540036036;100mN31990E42259;PO;NA;4;1;S;M;0003;NEP
057540036036-10007;057540036036;100mN31990E42259;MC;MIX;3;71;D;M;6574;EMP
057540036036-10007;057540036036;100mN31990E42259;MC;MIX;3;37;M;M;3039;EMP
057540036036-10007;057540036036;100mN31990E42259;MC;MIX;3;36;M;F;3039;EMP
057540036036-10008;057540036036;100mN31990E42259;S;NA;1;28;D;M;2529;EMP
057540036036-10009;057540036036;100mN31990E42259;MC;NA;2;30;M;M;3039;NEP
057540036036-10009;057540036036;100mN31990E42259;MC;NA;2;28;M;F;2529;NEP
057540036036-10010;057540036036;100mN31990E42259;SF;MIX;3;65;M;F;6574;EMP
057540036036-10010;057540036036;100mN31990E42259;SF;MIX;3;61;S;F;5064;NEP
057540036036-10010;057540036036;100mN31990E42259;SF;MIX;3;10;S;M;0614;NEP
057540036036-10011;057540036036;100mN31999E42256;SF;NA;4;47;S;F;4049;EMP
057540036036-10011;057540036036;100mN31999E42256;SF;NA;4;8;S;M;0614;NEP
057540036036-10011;057540036036;100mN31999E42256;SF;NA;4;15;S;M;1517;EMP
057540036036-10011;057540036036;100mN31999E42256;SF;NA;4;9;S;M;0614;NEP
057540036036-10012;057540036036;100mN32005E42260;MC;NA;2;47;M;F;4049;EMP
057540036036-10012;057540036036;100mN32005E42260;MC;NA;2;53;M;M;5064;EMP
057540036036-10013;057540036036;100mN31990E42259;S;NA;1;16;S;M;1517;EMP
057540036036-10014;057540036036;100mN31990E42259;S;OS;1;20;M;F;1824;EMP
057540036036-10015;057540036036;100mN31990E42259;S;NA;1;25;D;M;2529;EMP
057540036036-10016;057540036036;100mN31990E42259;MC;NA;2;58;M;F;5064;NEP
057540036036-10016;057540036036;100mN31990E42259;MC;NA;2;63;M;M;5064;NEP
057540036036-10017;057540036036;100mN31990E42259;S;NA;1;48;M;F;4049;NEP
057540036036-10018;057540036036;100mN32010E42277;MC;NA;2;31;M;F;3039;EMP
057540036036-10018;057540036036;100mN32010E42277;MC;NA;2;31;M;M;3039;EMP
057540036036-10019;057540036036;100mN32010E42277;MC;NA;4;26;M;F;2529;NEP
057540036036-10019;057540036036;100mN32010E42277;MC;NA;4;28;M;M;2529;EMP
057540036036-10019;057540036036;100mN32010E42277;MC;NA;4;9;S;M;0614;NEP
057540036036-10019;057540036036;100mN32010E42277;MC;NA;4;9;S;F;0614;NEP
057540036036-10020;057540036036;100mN32010E42277;PO;MIX;2;68;S;M;6574;EMP
057540036036-10020;057540036036;100mN32010E42277;PO;MIX;2;61;S;M;5064;EMP
057540036036-10021;057540036036;100mN32010E42277;MC;NA;4;20;M;M;1824;EMP
057540036036-10021;057540036036;100mN32010E42277;MC;NA;4;18;M;F;1824;NEP
057540036036-10021;057540036036;100mN32010E42277;MC;NA;4;3;S;F;0305;NEP
057540036036-10021;057540036036;100mN32010E42277;MC;NA;4;1;S;M;0003;NEP
057540036036-10022;057540036036;100mN32010E42277;MC;NA;4;43;M;M;4049;NEP
057540036036-10022;057540036036;100mN32010E42277;MC;NA;4;18;M;F;1824;NEP
057540036036-10022;057540036036;100mN32010E42277;MC;NA;4;13;S;M;0614;NEP
057540036036-10022;057540036036;100mN32010E42277;MC;NA;4;20;S;F;1824;NEP
057540036036-10023;057540036036;100mN31962E42307;MC;NA;2;57;M;M;5064;EMP
057540036036-10023;057540036036;100mN31962E42307;MC;NA;2;55;M;F;5064;EMP
057540036036-10024;057540036036;100mN32010E42277;MC;NA;3;37;M;M;3039;EMP
057540036036-10024;057540036036;100mN32010E42277;MC;NA;3;36;M;F;3039;EMP
057540036036-10024;057540036036;100mN32010E42277;MC;NA;3;16;S;M;1517;EMP
057540036036-10025;057540036036;100mN32010E42277;MC;OS;2;67;M;F;6574;NEP
057540036036-10025;057540036036;100mN32010E42277;MC;OS;2;67;M;M;6574;EMP
057540036036-10026;057540036036;100mN32010E42277;S;NA;1;60;M;F;5064;EMP
057540036036-10027;057540036036;100mN32010E42277;SF;NA;5;25;S;F;2529;NEP
057540036036-10027;057540036036;100mN32010E42277;SF;NA;5;8;S;M;0614;NEP
057540036036-10027;057540036036;100mN32010E42277;SF;NA;5;6;S;F;0614;NEP
057540036036-10027;057540036036;100mN32010E42277;SF;NA;5;10;S;F;0614;NEP
057540036036-10027;057540036036;100mN32010E42277;SF;NA;5;2;S;F;0003;NEP
057540036036-10028;057540036036;100mN32010E42277;MC;OS;2;70;M;M;6574;NEP
057540036036-10028;057540036036;100mN32010E42277;MC;OS;2;71;M;F;6574;EMP
057540036036-10029;057540036036;100mN32010E42277;S;NA;1;58;W;M;5064;EMP
057540036036-10030;057540036036;100mN32010E42277;MC;OS;2;73;M;F;6574;NEP
057540036036-10030;057540036036;100mN32010E42277;MC;OS;2;80;M;M;75XX;EMP
057540036036-10031;057540036036;100mN32010E42277;S;OS;1;25;S;F;2529;EMP
057540036036-10032;057540036036;100mN32010E42277;MC;NA;4;22;M;F;1824;EMP
057540036036-10032;057540036036;100mN32010E42277;MC;NA;4;30;M;M;3039;EMP
057540036036-10032;057540036036;100mN32010E42277;MC;NA;4;1;S;F;0003;NEP
057540036036-10032;057540036036;100mN32010E42277;MC;NA;4;2;S;F;0003;NEP
057540036036-10033;057540036036;100mN32010E42277;S;OS;1;71;M;M;6574;EMP
057540036036-10034;057540036036;100mN32010E42277;MC;OS;3;87;M;F;75XX;EMP
057540036036-10034;057540036036;100mN32010E42277;MC;OS;3;88;M;M;75XX;NEP
057540036036-10034;057540036036;100mN32010E42277;MC;OS;3;69;M;F;6574;NEP
057540036036-10035;057540036036;100mN32010E42277;MC;NA;6;62;M;F;5064;EMP
057540036036-10035;057540036036;100mN32010E42277;MC;NA;6;63;M;M;5064;EMP
057540036036-10035;057540036036;100mN32010E42277;MC;NA;6;3;S;M;0305;NEP
057540036036-10035;057540036036;100mN32010E42277;MC;NA;6;7;S;F;0614;NEP
057540036036-10035;057540036036;100mN32010E42277;MC;NA;6;44;D;M;4049;EMP
057540036036-10035;057540036036;100mN32010E42277;MC;NA;6;16;S;F;1517;NEP
057540036036-10036;057540036036;100mN32010E42277;MC;OS;5;67;M;M;6574;EMP
057540036036-10036;057540036036;100mN32010E42277;MC;OS;5;70;M;F;6574;EMP
057540036036-10036;057540036036;100mN32010E42277;MC;OS;5;85;M;F;75XX;NEP
057540036036-10036;057540036036;100mN32010E42277;MC;OS;5;69;D;M;6574;EMP
057540036036-10036;057540036036;100mN32010E42277;MC;OS;5;83;W;F;75XX;NEP
057540036036-10037;057540036036;100mN32010E42277;MC;NA;4;20;M;F;1824;EMP
057540036036-10037;057540036036;100mN32010E42277;MC;NA;4;18;M;M;1824;EMP
057540036036-10037;057540036036;100mN32010E42277;MC;NA;4;2;S;M;0003;NEP
057540036036-10037;057540036036;100mN32010E42277;MC;NA;4;1;S;F;0003;NEP
057540036036-10038;057540036036;100mN32004E42252;MC;NA;2;52;M;F;5064;EMP
057540036036-10038;057540036036;100mN32004E42252;MC;NA;2;60;M;M;5064;EMP
057540036036-10039;057540036036;100mN32010E42277;MC;MIX;2;82;M;M;75XX;EMP
057540036036-10039;057540036036;100mN32010E42277;MC;MIX;2;48;M;F;4049;EMP
057540036036-10040;057540036036;100mN32009E42250;PO;OS;3;67;S;F;6574;EMP
057540036036-10040;057540036036;100mN32009E42250;PO;OS;3;72;S;M;6574;EMP
057540036036-10040;057540036036;100mN32009E42250;PO;OS;3;65;W;F;6574;EMP
057540036036-10041;057540036036;100mN32009E42250;PO;NA;2;32;S;F;3039;EMP
057540036036-10041;057540036036;100mN32009E42250;PO;NA;2;31;S;M;3039;EMP
057540036036-10042;057540036036;100mN32009E42250;PO;NA;2;47;S;M;4049;NEP
057540036036-10042;057540036036;100mN32009E42250;PO;NA;2;41;S;M;4049;EMP
057540036036-10043;057540036036;100mN32009E42250;PO;NA;3;62;S;M;5064;NEP
057540036036-10043;057540036036;100mN32009E42250;PO;NA;3;56;S;F;5064;NEP
057540036036-10043;057540036036;100mN32009E42250;PO;NA;3;35;M;M;3039;NEP
057540036036-10044;057540036036;100mN32009E42250;MC;NA;2;42;M;M;4049;EMP
057540036036-10044;057540036036;100mN32009E42250;MC;NA;2;44;M;F;4049;EMP
057540036036-10045;057540036036;100mN32009E42250;SF;NA;4;43;D;F;4049;NEP
057540036036-10045;057540036036;100mN32009E42250;SF;NA;4;26;M;M;2529;UEP
057540036036-10045;057540036036;100mN32009E42250;SF;NA;4;8;S;M;0614;NEP
057540036036-10045;057540036036;100mN32009E42250;SF;NA;4;15;S;M;1517;EMP
057540036036-10046;057540036036;100mN32009E42250;MC;OS;4;73;M;M;6574;NEP
057540036036-10046;057540036036;100mN32009E42250;MC;OS;4;67;M;F;6574;EMP
057540036036-10046;057540036036;100mN32009E42250;MC;OS;4;73;M;F;6574;EMP
057540036036-10046;057540036036;100mN32009E42250;MC;OS;4;67;W;M;6574;EMP
057540036036-10047;057540036036;100mN32009E42250;MC;NA;2;57;M;F;5064;EMP
057540036036-10047;057540036036;100mN32009E42250;MC;NA;2;57;M;M;5064;EMP
057540036036-10048;057540036036;100mN32009E42250;SF;NA;3;26;D;F;2529;EMP
057540036036-10048;057540036036;100mN32009E42250;SF;NA;3;6;S;F;0614;NEP
057540036036-10048;057540036036;100mN32009E42250;SF;NA;3;7;S;M;0614;NEP
057540036036-10049;057540036036;100mN32008E42278;S;OS;1;48;M;M;4049;EMP
057540036036-10050;057540036036;100mN32008E42278;MC;MIX;4;72;W;F;6574;NEP
057540036036-10050;057540036036;100mN32008E42278;MC;MIX;4;35;M;F;3039;EMP
057540036036-10050;057540036036;100mN32008E42278;MC;MIX;4;37;M;M;3039;NEP
057540036036-10050;057540036036;100mN32008E42278;MC;MIX;4;11;S;F;0614;NEP
057540036036-10051;057540036036;100mN31999E42257;PO;MIX;4;73;S;F;6574;EMP
057540036036-10051;057540036036;100mN31999E42257;PO;MIX;4;43;S;F;4049;EMP
057540036036-10051;057540036036;100mN31999E42257;PO;MIX;4;45;S;F;4049;NEP
057540036036-10051;057540036036;100mN31999E42257;PO;MIX;4;9;S;M;0614;NEP
057540036036-10052;057540036036;100mN32008E42278;MC;NA;2;26;M;F;2529;NEP
057540036036-10052;057540036036;100mN32008E42278;MC;NA;2;30;M;M;3039;NEP
057540036036-10053;057540036036;100mN32008E42278;S;NA;1;19;W;F;1824;EMP
057540036036-10054;057540036036;100mN32008E42278;S;NA;1;68;M;M;6574;EMP
057540036036-10055;057540036036;100mN32008E42278;MC;NA;2;27;M;M;2529;EMP
057540036036-10055;057540036036;100mN32008E42278;MC;NA;2;20;M;F;1824;EMP
057540036036-10056;057540036036;100mN31977E42286;S;OS;1;51;W;F;5064;NEP
057540036036-10057;057540036036;100mN32008E42278;MC;NA;4;40;M;F;4049;EMP
057540036036-10057;057540036036;100mN32008E42278;MC;NA;4;45;M;M;4049;EMP
057540036036-10057;057540036036;100mN32008E42278;MC;NA;4;10;S;F;0614;NEP
057540036036-10057;057540036036;100mN32008E42278;MC;NA;4;2;S;M;0003;NEP
057540036036-10058;057540036036;100mN32008E42278;SF;NA;2;44;W;F;4049;NEP
057540036036-10058;057540036036;100mN32008E42278;SF;NA;2;10;S;M;0614;NEP
057540036036-10059;057540036036;100mN32008E42278;S;NA;1;50;S;M;5064;EMP
057540036036-10060;057540036036;100mN32008E42278;SF;NA;2;18;D;F;1824;EMP
057540036036-10060;057540036036;100mN32008E42278;SF;NA;2;1;S;M;0003;NEP
057540036036-10061;057540036036;100mN32008E42278;PO;NA;5;31;S;M;3039;NEP
057540036036-10061;057540036036;100mN32008E42278;PO;NA;5;30;S;M;3039;EMP
057540036036-10061;057540036036;100mN32008E42278;PO;NA;5;13;S;M;0614;NEP
057540036036-10061;057540036036;100mN32008E42278;PO;NA;5;12;S;F;0614;NEP
057540036036-10061;057540036036;100mN32008E42278;PO;NA;5;10;S;M;0614;NEP
057540036036-10062;057540036036;100mN32008E42278;MC;NA;2;47;M;M;4049;EMP
057540036036-10062;057540036036;100mN32008E42278;MC;NA;2;44;M;F;4049;EMP
057540036036-10063;057540036036;100mN32008E42278;S;NA;1;38;S;M;3039;EMP
057540036036-10064;057540036036;100mN32008E42278;SF;NA;3;43;W;F;4049;EMP
057540036036-10064;057540036036;100mN32008E42278;SF;NA;3;15;S;M;1517;NEP
057540036036-10064;057540036036;100mN32008E42278;SF;NA;3;0;S;M;0003;NEP
057540036036-10065;057540036036;100mN32008E42278;S;NA;1;70;D;M;6574;EMP
057540036036-10066;057540036036;100mN32003E42258;MC;NA;3;61;M;F;5064;NEP
057540036036-10066;057540036036;100mN32003E42258;MC;NA;3;22;S;M;1824;EMP
057540036036-10066;057540036036;100mN32003E42258;MC;NA;3;36;M;M;3039;EMP
057540036036-10067;057540036036;100mN32003E42258;MC;OS;2;79;M;M;75XX;EMP
057540036036-10067;057540036036;100mN32003E42258;MC;OS;2;73;M;F;6574;NEP
057540036036-10068;057540036036;100mN32003E42258;MC;NA;3;52;M;F;5064;NEP
057540036036-10068;057540036036;100mN32003E42258;MC;NA;3;62;M;M;5064;EMP
057540036036-10068;057540036036;100mN32003E42258;MC;NA;3;10;S;M;0614;NEP
057540036036-10069;057540036036;100mN32003E42258;MC;NA;2;54;M;M;5064;EMP
057540036036-10069;057540036036;100mN32003E42258;MC;NA;2;54;M;F;5064;NEP
057540036036-10070;057540036036;100mN32003E42258;MC;NA;3;48;M;M;4049;NEP
057540036036-10070;057540036036;100mN32003E42258;MC;NA;3;48;M;F;4049;EMP
057540036036-10070;057540036036;100mN32003E42258;MC;NA;3;23;M;M;1824;EMP
057540036036-10071;057540036036;100mN32003E42258;S;NA;1;71;W;F;6574;EMP
057540036036-10072;057540036036;100mN32003E42258;NA;NA;2;30;S;M;3039;EMP
057540036036-10072;057540036036;100mN32003E42258;NA;NA;2;21;M;M;1824;EMP
057540036036-10073;057540036036;100mN32003E42258;MC;NA;2;35;M;F;3039;EMP
057540036036-10073;057540036036;100mN32003E42258;MC;NA;2;37;M;M;3039;UEP
057540036036-10074;057540036036;100mN32003E42258;SM;NA;3;36;W;M;3039;EMP
057540036036-10074;057540036036;100mN32003E42258;SM;NA;3;12;S;M;0614;NEP
057540036036-10074;057540036036;100mN32003E42258;SM;NA;3;9;S;F;0614;NEP
057540036036-10075;057540036036;100mN32003E42258;MC;NA;2;36;M;M;3039;NEP
057540036036-10075;057540036036;100mN32003E42258;MC;NA;2;31;M;F;3039;NEP
057540036036-10076;057540036036;100mN32003E42258;MC;NA;6;45;M;M;4049;EMP
057540036036-10076;057540036036;100mN32003E42258;MC;NA;6;44;M;F;4049;NEP
057540036036-10076;057540036036;100mN32003E42258;MC;NA;6;0;S;M;0003;NEP
057540036036-10076;057540036036;100mN32003E42258;MC;NA;6;10;S;F;0614;NEP
057540036036-10076;057540036036;100mN32003E42258;MC;NA;6;3;S;F;0305;NEP
057540036036-10076;057540036036;100mN32003E42258;MC;NA;6;22;M;M;1824;NEP
057540036036-10077;057540036036;100mN32003E42258;MC;NA;3;46;M;F;4049;EMP
057540036036-10077;057540036036;100mN32003E42258;MC;NA;3;47;M;M;4049;UEP
057540036036-10077;057540036036;100mN32003E42258;MC;NA;3;18;M;F;1824;EMP
057540036036-10078;057540036036;100mN31999E42256;MC;NA;6;60;M;M;5064;EMP
057540036036-10078;057540036036;100mN31999E42256;MC;NA;6;36;M;F;3039;NEP
057540036036-10078;057540036036;100mN31999E42256;MC;NA;6;45;W;F;4049;EMP
057540036036-10078;057540036036;100mN31999E42256;MC;NA;6;10;S;M;0614;NEP
057540036036-10078;057540036036;100mN31999E42256;MC;NA;6;44;S;M;4049;NEP
057540036036-10078;057540036036;100mN31999E42256;MC;NA;6;44;S;M;4049;NEP
057540036036-10079;057540036036;100mN32003E42258;S;OS;1;69;S;F;6574;NEP
057540036036-10080;057540036036;100mN32003E42258;S;NA;1;30;M;M;3039;NEP
057540036036-10081;057540036036;100mN31951E42251;MC;NA;3;40;M;M;4049;EMP
057540036036-10081;057540036036;100mN31951E42251;MC;NA;3;32;M;F;3039;NEP
057540036036-10081;057540036036;100mN31951E42251;MC;NA;3;21;M;M;1824;EMP
057540036036-10082;057540036036;100mN32003E42258;S;NA;1;22;M;F;1824;NEP
057540036036-10083;057540036036;100mN32003E42258;SF;MIX;2;66;W;F;6574;NEP
057540036036-10083;057540036036;100mN32003E42258;SF;MIX;2;10;S;M;0614;NEP
057540036036-10084;057540036036;100mN32003E42258;S;NA;1;55;D;F;5064;NEP
057540036036-10085;057540036036;100mN32003E42258;SF;NA;5;50;W;F;5064;NEP
057540036036-10085;057540036036;100mN32003E42258;SF;NA;5;32;M;F;3039;NEP
057540036036-10085;057540036036;100mN32003E42258;SF;NA;5;16;S;F;1517;NEP
057540036036-10085;057540036036;100mN32003E42258;SF;NA;5;8;S;M;0614;NEP
057540036036-10085;057540036036;100mN32003E42258;SF;NA;5;16;S;M;1517;EMP
057540036036-10086;057540036036;100mN32003E42258;NA;MIX;4;69;M;F;6574;NEP
057540036036-10086;057540036036;100mN32003E42258;NA;MIX;4;44;M;F;4049;EMP
057540036036-10086;057540036036;100mN32003E42258;NA;MIX;4;47;M;F;4049;NEP
057540036036-10086;057540036036;100mN32003E42258;NA;MIX;4;36;M;M;3039;EMP
057540036036-10087;057540036036;100mN32003E42258;S;NA;1;55;D;M;5064;NEP
057540036036-10088;057540036036;100mN32003E42258;MC;OS;2;65;M;F;6574;NEP
057540036036-10088;057540036036;100mN32003E42258;MC;OS;2;70;M;M;6574;NEP
057540036036-10089;057540036036;100mN32003E42258;MC;MIX;4;70;W;F;6574;EMP
057540036036-10089;057540036036;100mN32003E42258;MC;MIX;4;45;M;F;4049;EMP
057540036036-10089;057540036036;100mN32003E42258;MC;MIX;4;54;M;M;5064;NEP
057540036036-10089;057540036036;100mN32003E42258;MC;MIX;4;16;S;M;1517;NEP
057540036036-10090;057540036036;100mN32003E42258;MC;NA;3;27;M;M;2529;EMP
057540036036-10090;057540036036;100mN32003E42258;MC;NA;3;28;M;F;2529;EMP
057540036036-10090;057540036036;100mN32003E42258;MC;NA;3;3;S;F;0305;NEP
057540036036-10091;057540036036;100mN32003E42258;MC;OS;2;77;M;F;75XX;NEP
057540036036-10091;057540036036;100mN32003E42258;MC;OS;2;87;M;M;75XX;EMP
057540036036-10092;057540036036;100mN32003E42258;MC;NA;2;34;M;F;3039;NEP
057540036036-10092;057540036036;100mN32003E42258;MC;NA;2;42;M;M;4049;EMP
057540036036-10093;057540036036;100mN32012E42305;S;NA;1;28;M;M;2529;UEP
057540036036-10094;057540036036;100mN32012E42305;MC;OS;2;71;M;M;6574;EMP
057540036036-10094;057540036036;100mN32012E42305;MC;OS;2;68;M;F;6574;EMP
057540036036-10095;057540036036;100mN32012E42305;PO;NA;4;48;S;F;4049;EMP
057540036036-10095;057540036036;100mN32012E42305;PO;NA;4;46;S;F;4049;EMP
057540036036-10095;057540036036;100mN32012E42305;PO;NA;4;12;S;M;0614;NEP
057540036036-10095;057540036036;100mN32012E42305;PO;NA;4;4;S;F;0305;NEP
057540036036-10096;057540036036;100mN31999E42256;S;NA;1;48;S;M;4049;NEP
057540036036-10097;057540036036;100mN32007E42283;MC;OS;2;71;M;F;6574;EMP
057540036036-10097;057540036036;100mN32007E42283;MC;OS;2;78;M;M;75XX;NEP
057540036036-10098;057540036036;100mN32007E42283;MC;NA;4;50;M;F;5064;NEP
057540036036-10098;057540036036;100mN32007E42283;MC;NA;4;53;M;M;5064;EMP
057540036036-10098;057540036036;100mN32007E42283;MC;NA;4;18;M;M;1824;EMP
057540036036-10098;057540036036;100mN32007E42283;MC;NA;4;15;S;M;1517;EMP
057540036036-10099;057540036036;100mN32007E42283;SF;NA;2;46;W;F;4049;NEP
057540036036-10099;057540036036;100mN32007E42283;SF;NA;2;6;S;F;0614;NEP
057540036036-10100;057540036036;100mN32007E42283;MC;NA;3;38;M;M;3039;EMP
057540036036-10100;057540036036;100mN32007E42283;MC;NA;3;31;M;F;3039;NEP
057540036036-10100;057540036036;100mN32007E42283;MC;NA;3;15;S;F;1517;EMP
057540036036-10101;057540036036;100mN32007E42283;MC;NA;3;23;M;F;1824;EMP
057540036036-10101;057540036036;100mN32007E42283;MC;NA;3;30;M;M;3039;EMP
057540036036-10101;057540036036;100mN32007E42283;MC;NA;3;4;S;M;0305;NEP
057540036036-10102;057540036036;100mN32007E42283;S;OS;1;16;S;F;1517;EMP
057540036036-10103;057540036036;100mN32007E42283;S;NA;1;43;D;M;4049;NEP
057540036036-10104;057540036036;100mN32007E42283;S;NA;1;16;S;M;1517;UEP
057540036036-10105;057540036036;100mN32004E42252;PO;NA;2;54;S;M;5064;EMP
057540036036-10105;057540036036;100mN32004E42252;PO;NA;2;51;S;F;5064;EMP
057540036036-10106;057540036036;100mN32004E42252;MC;NA;2;52;M;F;5064;EMP
057540036036-10106;057540036036;100mN32004E42252;MC;NA;2;60;M;M;5064;EMP
057540036036-10107;057540036036;100mN32004E42252;MC;NA;3;27;M;F;2529;EMP
057540036036-10107;057540036036;100mN32004E42252;MC;NA;3;27;M;M;2529;NEP
057540036036-10107;057540036036;100mN32004E42252;MC;NA;3;10;S;M;0614;NEP
057540036036-10108;057540036036;100mN32004E42252;MC;NA;2;44;M;M;4049;EMP
057540036036-10108;057540036036;100mN32004E42252;MC;NA;2;52;M;F;5064;NEP
057540036036-10109;057540036036;100mN32004E42252;MC;NA;2;41;M;F;4049;NEP
057540036036-10109;057540036036;100mN32004E42252;MC;NA;2;40;M;M;4049;NEP
057540036036-10110;057540036036;100mN32004E42252;PO;NA;3;56;S;F;5064;NEP
057540036036-10110;057540036036;100mN32004E42252;PO;NA;3;61;S;M;5064;EMP
057540036036-10110;057540036036;100mN32004E42252;PO;NA;3;13;S;F;0614;NEP
057540036036-10111;057540036036;100mN32004E42252;MC;NA;4;59;M;M;5064;EMP
057540036036-10111;057540036036;100mN32004E42252;MC;NA;4;30;M;F;3039;EMP
057540036036-10111;057540036036;100mN32004E42252;MC;NA;4;34;M;M;3039;NEP
057540036036-10111;057540036036;100mN32004E42252;MC;NA;4;13;S;F;0614;NEP
057540036036-10112;057540036036;100mN32004E42252;MC;NA;4;34;M;M;3039;EMP
057540036036-10112;057540036036;100mN32004E42252;MC;NA;4;33;M;F;3039;EMP
057540036036-10112;057540036036;100mN32004E42252;MC;NA;4;18;S;F;1824;EMP
057540036036-10112;057540036036;100mN32004E42252;MC;NA;4;13;S;F;0614;NEP
057540036036-10113;057540036036;100mN32004E42252;PO;NA;5;44;S;F;4049;EMP
057540036036-10113;057540036036;100mN32004E42252;PO;NA;5;46;S;M;4049;EMP
057540036036-10113;057540036036;100mN32004E42252;PO;NA;5;6;S;F;0614;NEP
057540036036-10113;057540036036;100mN32004E42252;PO;NA;5;18;M;M;1824;EMP
057540036036-10113;057540036036;100mN32004E42252;PO;NA;5;3;S;F;0305;NEP
057540036036-10114;057540036036;100mN32004E42252;MC;NA;5;44;M;M;4049;EMP
057540036036-10114;057540036036;100mN32004E42252;MC;NA;5;52;M;F;5064;EMP
057540036036-10114;057540036036;100mN32004E42252;MC;NA;5;9;S;M;0614;NEP
057540036036-10114;057540036036;100mN32004E42252;MC;NA;5;11;S;F;0614;NEP
057540036036-10114;057540036036;100mN32004E42252;MC;NA;5;6;S;F;0614;NEP
057540036036-10115;057540036036;100mN32004E42252;MC;NA;2;35;M;M;3039;EMP
057540036036-10115;057540036036;100mN32004E42252;MC;NA;2;33;M;F;3039;NEP
057540036036-10116;057540036036;100mN32004E42252;S;NA;1;41;M;F;4049;NEP
057540036036-10117;057540036036;100mN31963E42303;NA;MIX;3;55;S;M;5064;EMP
057540036036-10117;057540036036;100mN31963E42303;NA;MIX;3;42;M;F;4049;NEP
057540036036-10117;057540036036;100mN31963E42303;NA;MIX;3;84;D;F;75XX;NEP
057540036036-10118;057540036036;100mN31963E42303;PO;NA;2;60;S;M;5064;EMP
057540036036-10118;057540036036;100mN31963E42303;PO;NA;2;62;S;F;5064;NEP
057540036036-10119;057540036036;100mN31963E42303;PO;MIX;5;65;S;F;6574;EMP
057540036036-10119;057540036036;100mN31963E42303;PO;MIX;5;19;S;M;1824;UEP
057540036036-10119;057540036036;100mN31963E42303;PO;MIX;5;18;S;F;1824;EMP
057540036036-10119;057540036036;100mN31963E42303;PO;MIX;5;4;S;M;0305;NEP
057540036036-10119;057540036036;100mN31963E42303;PO;MIX;5;4;S;F;0305;NEP
057540036036-10120;057540036036;100mN31963E42303;MC;NA;3;31;M;M;3039;EMP
057540036036-10120;057540036036;100mN31963E42303;MC;NA;3;31;M;F;3039;EMP
057540036036-10120;057540036036;100mN31963E42303;MC;NA;3;16;S;F;1517;NEP
057540036036-10121;057540036036;100mN31962E42303;NA;NA;2;38;W;F;3039;NEP
057540036036-10121;057540036036;100mN31962E42303;NA;NA;2;44;M;M;4049;EMP
057540036036-10122;057540036036;100mN31962E42303;MC;MIX;2;67;M;M;6574;EMP
057540036036-10122;057540036036;100mN31962E42303;MC;MIX;2;67;W;F;6574;EMP
057540036036-10123;057540036036;100mN31962E42303;S;NA;1;71;W;F;6574;EMP
057540036036-10124;057540036036;100mN31962E42303;PO;NA;2;23;S;M;1824;UEP
057540036036-10124;057540036036;100mN31962E42303;PO;NA;2;21;S;F;1824;NEP
057540036036-10125;057540036036;100mN31963E42305;MC;NA;3;45;M;M;4049;EMP
057540036036-10125;057540036036;100mN31963E42305;MC;NA;3;43;M;F;4049;EMP
057540036036-10125;057540036036;100mN31963E42305;MC;NA;3;28;M;F;2529;NEP
057540036036-10126;057540036036;100mN31963E42305;MC;MIX;4;78;S;M;75XX;EMP
057540036036-10126;057540036036;100mN31963E42305;MC;MIX;4;45;M;F;4049;EMP
057540036036-10126;057540036036;100mN31963E42305;MC;MIX;4;56;M;M;5064;EMP
057540036036-10126;057540036036;100mN31963E42305;MC;MIX;4;20;M;M;1824;EMP
057540036036-10127;057540036036;100mN31963E42305;PO;NA;2;61;S;F;5064;EMP
057540036036-10127;057540036036;100mN31963E42305;PO;NA;2;62;S;F;5064;NEP
057540036036-10128;057540036036;100mN31963E42305;S;NA;1;18;W;F;1824;NEP
057540036036-10129;057540036036;100mN31963E42305;SF;NA;2;37;D;F;3039;NEP
057540036036-10129;057540036036;100mN31963E42305;SF;NA;2;15;S;F;1517;EMP
057540036036-10130;057540036036;100mN31963E42305;MC;NA;2;45;M;F;4049;EMP
057540036036-10130;057540036036;100mN31963E42305;MC;NA;2;54;M;M;5064;EMP
057540036036-10131;057540036036;100mN31963E42305;MC;NA;4;57;M;M;5064;EMP
057540036036-10131;057540036036;100mN31963E42305;MC;NA;4;55;M;F;5064;EMP
057540036036-10131;057540036036;100mN31963E42305;MC;NA;4;9;S;F;0614;NEP
057540036036-10131;057540036036;100mN31963E42305;MC;NA;4;8;S;F;0614;NEP
057540036036-10132;057540036036;100mN31963E42305;MC;NA;5;42;M;M;4049;EMP
057540036036-10132;057540036036;100mN31963E42305;MC;NA;5;45;M;F;4049;EMP
057540036036-10132;057540036036;100mN31963E42305;MC;NA;5;6;S;M;0614;NEP
057540036036-10132;057540036036;100mN31963E42305;MC;NA;5;9;S;M;0614;NEP
057540036036-10132;057540036036;100mN31963E42305;MC;NA;5;10;S;M;0614;NEP
057540036036-10133;057540036036;100mN31990E42264;MC;NA;2;40;M;M;4049;EMP
057540036036-10133;057540036036;100mN31990E42264;MC;NA;2;37;M;F;3039;NEP
057540036036-10134;057540036036;100mN31990E42264;S;NA;1;26;D;M;2529;NEP
057540036036-10135;057540036036;100mN31990E42264;PO;MIX;5;72;M;F;6574;EMP
057540036036-10135;057540036036;100mN31990E42264;PO;MIX;5;32;S;F;3039;NEP
057540036036-10135;057540036036;100mN31990E42264;PO;MIX;5;34;S;F;3039;EMP
057540036036-10135;057540036036;100mN31990E42264;PO;MIX;5;3;S;F;0305;NEP
057540036036-10135;057540036036;100mN31990E42264;PO;MIX;5;6;S;F;0614;NEP
057540036036-10136;057540036036;100mN31990E42264;MC;NA;4;40;M;F;4049;EMP
057540036036-10136;057540036036;100mN31990E42264;MC;NA;4;61;M;M;5064;EMP
057540036036-10136;057540036036;100mN31990E42264;MC;NA;4;7;S;F;0614;NEP
057540036036-10136;057540036036;100mN31990E42264;MC;NA;4;11;S;F;0614;NEP
057540036036-10137;057540036036;100mN31990E42264;S;NA;1;48;S;F;4049;NEP
057540036036-10138;057540036036;100mN31990E42276;MC;MIX;4;68;S;F;6574;EMP
057540036036-10138;057540036036;100mN31990E42276;MC;MIX;4;36;M;F;3039;NEP
057540036036-10138;057540036036;100mN31990E42276;MC;MIX;4;36;M;M;3039;EMP
057540036036-10138;057540036036;100mN31990E42276;MC;MIX;4;16;S;M;1517;EMP
057540036036-10139;057540036036;100mN31990E42276;S;NA;1;22;S;M;1824;EMP
057540036036-10140;057540036036;100mN31961E42282;S;NA;1;45;M;M;4049;EMP
057540036036-10141;057540036036;100mN31990E42276;SF;NA;2;59;S;F;5064;EMP
057540036036-10141;057540036036;100mN31990E42276;SF;NA;2;10;S;F;0614;NEP
057540036036-10142;057540036036;100mN31962E42260;MC;NA;2;55;M;M;5064;NEP
057540036036-10142;057540036036;100mN31962E42260;MC;NA;2;62;M;F;5064;EMP
057540036036-10143;057540036036;100mN31962E42260;S;NA;1;35;M;F;3039;EMP
057540036036-10144;057540036036;100mN31962E42260;PO;NA;4;62;S;M;5064;EMP
057540036036-10144;057540036036;100mN31962E42260;PO;NA;4;60;S;F;5064;EMP
057540036036-10144;057540036036;100mN31962E42260;PO;NA;4;7;S;F;0614;NEP
057540036036-10144;057540036036;100mN31962E42260;PO;NA;4;12;S;M;0614;NEP
057540036036-10145;057540036036;100mN31976E42256;MC;NA;3;32;M;F;3039;EMP
057540036036-10145;057540036036;100mN31976E42256;MC;NA;3;28;M;M;2529;UEP
057540036036-10145;057540036036;100mN31976E42256;MC;NA;3;15;S;M;1517;EMP
057540036036-10146;057540036036;100mN31976E42256;MC;OS;2;82;M;F;75XX;EMP
057540036036-10146;057540036036;100mN31976E42256;MC;OS;2;84;M;M;75XX;NEP
057540036036-10147;057540036036;100mN31976E42256;MC;NA;3;50;M;M;5064;NEP
057540036036-10147;057540036036;100mN31976E42256;MC;NA;3;48;M;F;4049;EMP
057540036036-10147;057540036036;100mN31976E42256;MC;NA;3;35;M;F;3039;EMP
057540036036-10148;057540036036;100mN31976E42256;MC;NA;2;53;M;M;5064;NEP
057540036036-10148;057540036036;100mN31976E42256;MC;NA;2;56;M;F;5064;NEP
057540036036-10149;057540036036;100mN31999E42254;S;NA;1;73;D;M;6574;EMP
057540036036-10150;057540036036;100mN31999E42254;PO;NA;2;47;S;M;4049;UEP
057540036036-10150;057540036036;100mN31999E42254;PO;NA;2;48;S;F;4049;NEP
057540036036-10151;057540036036;100mN31999E42254;MC;NA;2;27;M;M;2529;EMP
057540036036-10151;057540036036;100mN31999E42254;MC;NA;2;21;M;F;1824;EMP
057540036036-10152;057540036036;100mN31999E42254;S;NA;1;34;D;F;3039;NEP
057540036036-10153;057540036036;100mN31999E42254;MC;NA;2;54;M;F;5064;EMP
057540036036-10153;057540036036;100mN31999E42254;MC;NA;2;56;M;M;5064;EMP
057540036036-10154;057540036036;100mN31999E42254;MC;NA;3;52;M;M;5064;EMP
057540036036-10154;057540036036;100mN31999E42254;MC;NA;3;43;M;F;4049;EMP
057540036036-10154;057540036036;100mN31999E42254;MC;NA;3;6;S;M;0614;NEP
057540036036-10155;057540036036;100mN31999E42254;S;OS;1;57;M;F;5064;EMP
057540036036-10156;057540036036;100mN31999E42254;SM;NA;3;37;W;M;3039;EMP
057540036036-10156;057540036036;100mN31999E42254;SM;NA;3;19;M;F;1824;EMP
057540036036-10156;057540036036;100mN31999E42254;SM;NA;3;16;S;M;1517;EMP
057540036036-10157;057540036036;100mN31999E42254;MC;NA;5;56;M;M;5064;EMP
057540036036-10157;057540036036;100mN31999E42254;MC;NA;5;62;M;F;5064;EMP
057540036036-10157;057540036036;100mN31999E42254;MC;NA;5;16;S;M;1517;EMP
057540036036-10157;057540036036;100mN31999E42254;MC;NA;5;16;S;M;1517;EMP
057540036036-10157;057540036036;100mN31999E42254;MC;NA;5;21;S;M;1824;EMP
057540036036-10158;057540036036;100mN31999E42254;MC;NA;2;52;M;F;5064;NEP
057540036036-10158;057540036036;100mN31999E42254;MC;NA;2;54;M;M;5064;EMP
057540036036-10159;057540036036;100mN31999E42254;MC;NA;3;47;M;M;4049;EMP
057540036036-10159;057540036036;100mN31999E42254;MC;NA;3;47;M;F;4049;EMP
057540036036-10159;057540036036;100mN31999E42254;MC;NA;3;13;S;M;0614;NEP
057540036036-10160;057540036036;100mN31999E42254;SF;MIX;2;73;W;F;6574;NEP
057540036036-10160;057540036036;100mN31999E42254;SF;MIX;2;35;M;M;3039;EMP
057540036036-10161;057540036036;100mN31999E42254;PO;NA;5;63;S;F;5064;EMP
057540036036-10161;057540036036;100mN31999E42254;PO;NA;5;18;M;M;1824;NEP
057540036036-10161;057540036036;100mN31999E42254;PO;NA;5;30;S;M;3039;EMP
057540036036-10161;057540036036;100mN31999E42254;PO;NA;5;6;S;M;0614;NEP
057540036036-10161;057540036036;100mN31999E42254;PO;NA;5;20;S;F;1824;EMP
057540036036-10162;057540036036;100mN31999E42254;MC;OS;2;86;M;F;75XX;EMP
057540036036-10162;057540036036;100mN31999E42254;MC;OS;2;58;W;M;5064;EMP
057540036036-10163;057540036036;100mN31999E42254;MC;NA;2;48;M;F;4049;EMP
057540036036-10163;057540036036;100mN31999E42254;MC;NA;2;54;M;M;5064;UEP
057540036036-10164;057540036036;100mN31999E42254;PO;NA;3;48;S;F;4049;EMP
057540036036-10164;057540036036;100mN31999E42254;PO;NA;3;46;S;M;4049;EMP
057540036036-10164;057540036036;100mN31999E42254;PO;NA;3;21;M;M;1824;EMP
057540036036-10165;057540036036;100mN31963E42306;MC;NA;5;33;M;M;3039;EMP
057540036036-10165;057540036036;100mN31963E42306;MC;NA;5;32;M;F;3039;NEP
057540036036-10165;057540036036;100mN31963E42306;MC;NA;5;9;S;M;0614;NEP
057540036036-10165;057540036036;100mN31963E42306;MC;NA;5;0;S;M;0003;NEP
057540036036-10165;057540036036;100mN31963E42306;MC;NA;5;3;S;F;0305;NEP
057540036036-10166;057540036036;100mN31999E42254;MC;NA;2;36;M;M;3039;EMP
057540036036-10166;057540036036;100mN31999E42254;MC;NA;2;36;M;F;3039;EMP
057540036036-10167;057540036036;100mN31999E42254;MC;MIX;3;84;M;M;75XX;EMP
057540036036-10167;057540036036;100mN31999E42254;MC;MIX;3;58;M;F;5064;NEP
057540036036-10167;057540036036;100mN31999E42254;MC;MIX;3;60;M;M;5064;EMP
057540036036-10168;057540036036;100mN31999E42254;MC;NA;3;57;M;M;5064;EMP
057540036036-10168;057540036036;100mN31999E42254;MC;NA;3;51;M;F;5064;NEP
057540036036-10168;057540036036;100mN31999E42254;MC;NA;3;3;S;M;0305;NEP
057540036036-10169;057540036036;100mN31990E42263;MC;NA;3;52;M;F;5064;NEP
057540036036-10169;057540036036;100mN31990E42263;MC;NA;3;55;M;M;5064;EMP
057540036036-10169;057540036036;100mN31990E42263;MC;NA;3;10;S;M;0614;NEP
057540036036-10170;057540036036;100mN31999E42254;MC;NA;2;27;M;F;2529;NEP
057540036036-10170;057540036036;100mN31999E42254;MC;NA;2;28;M;M;2529;EMP
057540036036-10171;057540036036;100mN31999E42254;S;NA;1;44;M;F;4049;EMP
057540036036-10172;057540036036;100mN31999E42254;MC;NA;5;57;M;F;5064;NEP
057540036036-10172;057540036036;100mN31999E42254;MC;NA;5;58;M;M;5064;EMP
057540036036-10172;057540036036;100mN31999E42254;MC;NA;5;16;S;M;1517;EMP
057540036036-10172;057540036036;100mN31999E42254;MC;NA;5;12;S;M;0614;NEP
057540036036-10172;057540036036;100mN31999E42254;MC;NA;5;11;S;M;0614;NEP
057540036036-10173;057540036036;100mN31999E42254;S;OS;1;26;M;M;2529;NEP
057540036036-10174;057540036036;100mN31999E42254;S;NA;1;69;M;F;6574;EMP
057540036036-10175;057540036036;100mN31999E42254;MC;OS;2;84;M;M;75XX;EMP
057540036036-10175;057540036036;100mN31999E42254;MC;OS;2;81;M;F;75XX;EMP
057540036036-10176;057540036036;100mN31999E42254;MC;OS;2;82;M;F;75XX;NEP
057540036036-10176;057540036036;100mN31999E42254;MC;OS;2;87;M;M;75XX;EMP
057540036036-10177;057540036036;100mN31999E42254;MC;OS;5;84;M;M;75XX;EMP
057540036036-10177;057540036036;100mN31999E42254;MC;OS;5;72;M;F;6574;NEP
057540036036-10177;057540036036;100mN31999E42254;MC;OS;5;73;S;F;6574;NEP
057540036036-10177;057540036036;100mN31999E42254;MC;OS;5;65;W;F;6574;EMP
057540036036-10177;057540036036;100mN31999E42254;MC;OS;5;86;S;F;75XX;NEP
057540036036-10178;057540036036;100mN31999E42254;MC;NA;6;38;M;F;3039;EMP
057540036036-10178;057540036036;100mN31999E42254;MC;NA;6;47;M;M;4049;EMP
057540036036-10178;057540036036;100mN31999E42254;MC;NA;6;7;S;M;0614;NEP
057540036036-10178;057540036036;100mN31999E42254;MC;NA;6;0;S;M;0003;NEP
057540036036-10178;057540036036;100mN31999E42254;MC;NA;6;12;S;F;0614;NEP
057540036036-10178;057540036036;100mN31999E42254;MC;NA;6;16;S;M;1517;EMP
057540036036-10179;057540036036;100mN31999E42254;SF;NA;2;26;S;F;2529;NEP
057540036036-10179;057540036036;100mN31999E42254;SF;NA;2;8;S;M;0614;NEP
057540036036-10180;057540036036;100mN31999E42254;S;NA;1;40;S;F;4049;EMP
057540036036-10181;057540036036;100mN31999E42254;MC;NA;2;50;M;F;5064;EMP
057540036036-10181;057540036036;100mN31999E42254;MC;NA;2;50;M;M;5064;EMP
057540036036-10182;057540036036;100mN31999E42254;SF;NA;4;19;D;F;1824;NEP
057540036036-10182;057540036036;100mN31999E42254;SF;NA;4;3;S;F;0305;NEP
057540036036-10182;057540036036;100mN31999E42254;SF;NA;4;3;S;F;0305;NEP
057540036036-10182;057540036036;100mN31999E42254;SF;NA;4;1;S;F;0003;NEP
057540036036-10183;057540036036;100mN31999E42254;S;NA;1;51;M;F;5064;EMP
057540036036-10184;057540036036;100mN31999E42254;MC;OS;3;85;M;M;75XX;EMP
057540036036-10184;057540036036;100mN31999E42254;MC;OS;3;82;M;F;75XX;NEP
057540036036-10184;057540036036;100mN31999E42254;MC;OS;3;78;S;F;75XX;EMP
057540036036-10185;057540036036;100mN31999E42254;MC;OS;2;88;M;M;75XX;EMP
057540036036-10185;057540036036;100mN31999E42254;MC;OS;2;80;M;F;75XX;EMP
057540036036-10186;057540036036;100mN31999E42254;MC;OS;2;70;M;M;6574;EMP
057540036036-10186;057540036036;100mN31999E42254;MC;OS;2;66;M;F;6574;EMP
057540036036-10187;057540036036;100mN31999E42254;S;NA;1;73;D;M;6574;EMP
057540036036-10188;057540036036;100mN32005E42260;S;OS;1;16;S;M;1517;EMP
057540036036-10189;057540036036;100mN32005E42260;S;OS;1;41;M;F;4049;EMP
057540036036-10190;057540036036;100mN32005E42260;MC;NA;3;50;M;M;5064;EMP
057540036036-10190;057540036036;100mN32005E42260;MC;NA;3;43;M;F;4049;EMP
057540036036-10190;057540036036;100mN32005E42260;MC;NA;3;1;S;M;0003;NEP
057540036036-10191;057540036036;100mN32005E42260;PO;NA;2;52;S;M;5064;EMP
057540036036-10191;057540036036;100mN32005E42260;PO;NA;2;54;S;F;5064;NEP
057540036036-10192;057540036036;100mN32005E42260;MC;NA;3;56;M;F;5064;NEP
057540036036-10192;057540036036;100mN32005E42260;MC;NA;3;55;M;M;5064;EMP
057540036036-10192;057540036036;100mN32005E42260;MC;NA;3;34;S;F;3039;EMP
057540036036-10193;057540036036;100mN32005E42260;MC;NA;3;51;M;F;5064;NEP
057540036036-10193;057540036036;100mN32005E42260;MC;NA;3;52;M;M;5064;EMP
057540036036-10193;057540036036;100mN32005E42260;MC;NA;3;32;D;F;3039;EMP
057540036036-10194;057540036036;100mN32005E42260;S;NA;1;63;S;F;5064;NEP
057540036036-10195;057540036036;100mN32005E42260;MC;NA;2;47;M;F;4049;EMP
057540036036-10195;057540036036;100mN32005E42260;MC;NA;2;53;M;M;5064;EMP
057540036036-10196;057540036036;100mN32005E42260;S;OS;1;40;M;F;4049;EMP
057540036036-10197;057540036036;100mN32005E42260;MC;NA;3;41;M;M;4049;EMP
057540036036-10197;057540036036;100mN32005E42260;MC;NA;3;18;M;F;1824;EMP
057540036036-10197;057540036036;100mN32005E42260;MC;NA;3;20;M;M;1824;EMP
057540036036-10198;057540036036;100mN32005E42260;MC;MIX;2;85;M;F;75XX;EMP
057540036036-10198;057540036036;100mN32005E42260;MC;MIX;2;53;W;F;5064;NEP
057540036036-10199;057540036036;100mN32005E42260;S;NA;1;45;S;F;4049;NEP
057540036036-10200;057540036036;100mN32014E42239;SM;NA;2;60;S;M;5064;NEP
057540036036-10200;057540036036;100mN32014E42239;SM;NA;2;45;W;F;4049;EMP
057540036036-10201;057540036036;100mN32005E42260;MC;NA;3;47;M;M;4049;NEP
057540036036-10201;057540036036;100mN32005E42260;MC;NA;3;45;M;F;4049;EMP
057540036036-10201;057540036036;100mN32005E42260;MC;NA;3;11;S;M;0614;NEP
057540036036-10202;057540036036;100mN32005E42260;PO;OS;2;66;S;F;6574;NEP
057540036036-10202;057540036036;100mN32005E42260;PO;OS;2;72;S;M;6574;EMP
057540036036-10203;057540036036;100mN32005E42260;MC;NA;3;34;M;M;3039;EMP
057540036036-10203;057540036036;100mN32005E42260;MC;NA;3;25;M;F;2529;EMP
057540036036-10203;057540036036;100mN32005E42260;MC;NA;3;12;S;F;0614;NEP
057540036036-10204;057540036036;100mN31999E42288;MC;NA;2;44;M;M;4049;EMP
057540036036-10204;057540036036;100mN31999E42288;MC;NA;2;35;M;F;3039;NEP
057540036036-10205;057540036036;100mN31999E42288;S;NA;1;50;M;F;5064;EMP
057540036036-10206;057540036036;100mN31999E42288;MC;NA;3;42;M;M;4049;EMP
057540036036-10206;057540036036;100mN31999E42288;MC;NA;3;45;M;F;4049;EMP
057540036036-10206;057540036036;100mN31999E42288;MC;NA;3;26;S;M;2529;EMP
057540036036-10207;057540036036;100mN31999E42288;NA;MIX;6;45;M;M;4049;EMP
057540036036-10207;057540036036;100mN31999E42288;NA;MIX;6;56;W;F;5064;NEP
057540036036-10207;057540036036;100mN31999E42288;NA;MIX;6;26;M;M;2529;UEP
057540036036-10207;057540036036;100mN31999E42288;NA;MIX;6;47;M;M;4049;EMP
057540036036-10207;057540036036;100mN31999E42288;NA;MIX;6;38;S;M;3039;NEP
057540036036-10207;057540036036;100mN31999E42288;NA;MIX;6;66;M;M;6574;EMP
057540036036-10208;057540036036;100mN32022E42254;S;NA;1;78;S;M;75XX;NEP
057540036036-10209;057540036036;100mN32022E42254;PO;NA;4;31;S;M;3039;EMP
057540036036-10209;057540036036;100mN32022E42254;PO;NA;4;28;S;F;2529;NEP
057540036036-10209;057540036036;100mN32022E42254;PO;NA;4;0;S;M;0003;NEP
057540036036-10209;057540036036;100mN32022E42254;PO;NA;4;9;S;M;0614;NEP
057540036036-10210;057540036036;100mN32022E42254;S;NA;1;61;M;M;5064;EMP
057540036036-10211;057540036036;100mN32022E42254;MC;OS;2;76;M;F;75XX;EMP
057540036036-10211;057540036036;100mN32022E42254;MC;OS;2;76;M;M;75XX;EMP
057540036036-10212;057540036036;100mN32022E42254;MC;NA;4;18;M;M;1824;EMP
057540036036-10212;057540036036;100mN32022E42254;MC;NA;4;21;M;F;1824;NEP
057540036036-10212;057540036036;100mN32022E42254;MC;NA;4;3;S;M;0305;NEP
057540036036-10212;057540036036;100mN32022E42254;MC;NA;4;3;S;F;0305;NEP
057540036036-10213;057540036036;100mN32022E42254;SF;NA;2;35;D;F;3039;EMP
057540036036-10213;057540036036;100mN32022E42254;SF;NA;2;18;M;M;1824;EMP
057540036036-10214;057540036036;100mN31976E42253;MC;NA;4;55;M;F;5064;NEP
057540036036-10214;057540036036;100mN31976E42253;MC;NA;4;58;M;M;5064;EMP
057540036036-10214;057540036036;100mN31976E42253;MC;NA;4;0;S;M;0003;NEP
057540036036-10214;057540036036;100mN31976E42253;MC;NA;4;40;W;F;4049;EMP
057540036036-10215;057540036036;100mN31976E42253;SF;NA;5;86;S;F;75XX;NEP
057540036036-10215;057540036036;100mN31976E42253;SF;NA;5;6;S;M;0614;NEP
057540036036-10215;057540036036;100mN31976E42253;SF;NA;5;54;W;F;5064;NEP
057540036036-10215;057540036036;100mN31976E42253;SF;NA;5;25;W;F;2529;NEP
057540036036-10215;057540036036;100mN31976E42253;SF;NA;5;3;S;F;0305;NEP
057540036036-10216;057540036036;100mN31976E42253;MC;NA;4;27;M;F;2529;NEP
057540036036-10216;057540036036;100mN31976E42253;MC;NA;4;40;M;M;4049;EMP
057540036036-10216;057540036036;100mN31976E42253;MC;NA;4;4;S;M;0305;NEP
057540036036-10216;057540036036;100mN31976E42253;MC;NA;4;11;S;F;0614;NEP
057540036036-10217;057540036036;100mN31976E42253;S;OS;1;84;W;M;75XX;EMP
057540036036-10218;057540036036;100mN31976E42253;MC;NA;4;56;M;M;5064;NEP
057540036036-10218;057540036036;100mN31976E42253;MC;NA;4;57;M;F;5064;NEP
057540036036-10218;057540036036;100mN31976E42253;MC;NA;4;11;S;F;0614;NEP
057540036036-10218;057540036036;100mN31976E42253;MC;NA;4;12;S;F;0614;NEP
057540036036-10219;057540036036;100mN31976E42253;MC;MIX;4;71;M;M;6574;EMP
057540036036-10219;057540036036;100mN31976E42253;MC;MIX;4;51;M;F;5064;NEP
057540036036-10219;057540036036;100mN31976E42253;MC;MIX;4;53;M;M;5064;EMP
057540036036-10219;057540036036;100mN31976E42253;MC;MIX;4;9;S;M;0614;NEP
057540036036-10220;057540036036;100mN31976E42253;MC;NA;5;46;M;M;4049;NEP
057540036036-10220;057540036036;100mN31976E42253;MC;NA;5;46;M;F;4049;EMP
057540036036-10220;057540036036;100mN31976E42253;MC;NA;5;10;S;F;0614;NEP
057540036036-10220;057540036036;100mN31976E42253;MC;NA;5;30;D;F;3039;NEP
057540036036-10220;057540036036;100mN31976E42253;MC;NA;5;9;S;M;0614;NEP
057540036036-10221;057540036036;100mN31976E42253;SM;NA;2;63;S;M;5064;EMP
057540036036-10221;057540036036;100mN31976E42253;SM;NA;2;3;S;F;0305;NEP
057540036036-10222;057540036036;100mN31976E42253;MC;MIX;2;82;M;F;75XX;NEP
057540036036-10222;057540036036;100mN31976E42253;MC;MIX;2;59;S;F;5064;EMP
057540036036-10223;057540036036;100mN31976E42253;MC;NA;4;60;M;M;5064;UEP
057540036036-10223;057540036036;100mN31976E42253;MC;NA;4;59;M;F;5064;EMP
057540036036-10223;057540036036;100mN31976E42253;MC;NA;4;7;S;M;0614;NEP
057540036036-10223;057540036036;100mN31976E42253;MC;NA;4;16;S;M;1517;EMP
057540036036-10224;057540036036;100mN31976E42253;MC;OS;2;69;M;M;6574;EMP
057540036036-10224;057540036036;100mN31976E42253;MC;OS;2;68;M;F;6574;NEP
057540036036-10225;057540036036;100mN31976E42253;PO;NA;3;58;S;F;5064;NEP
057540036036-10225;057540036036;100mN31976E42253;PO;NA;3;58;S;F;5064;EMP
057540036036-10225;057540036036;100mN31976E42253;PO;NA;3;8;S;M;0614;NEP
057540036036-10226;057540036036;100mN31955E42244;MC;NA;2;47;M;F;4049;NEP
057540036036-10226;057540036036;100mN31955E42244;MC;NA;2;60;M;M;5064;EMP
057540036036-10227;057540036036;100mN31955E42244;S;NA;1;19;D;F;1824;NEP
057540036036-10228;057540036036;100mN31955E42244;MC;NA;3;61;M;M;5064;EMP
057540036036-10228;057540036036;100mN31955E42244;MC;NA;3;52;M;F;5064;EMP
057540036036-10228;057540036036;100mN31955E42244;MC;NA;3;15;S;F;1517;EMP
057540036036-10229;057540036036;100mN31961E42247;SF;NA;2;35;W;F;3039;EMP
057540036036-10229;057540036036;100mN31961E42247;SF;NA;2;18;M;F;1824;EMP
057540036036-10230;057540036036;100mN31961E42247;MC;OS;3;82;M;M;75XX;EMP
057540036036-10230;057540036036;100mN31961E42247;MC;OS;3;79;M;F;75XX;EMP
057540036036-10230;057540036036;100mN31961E42247;MC;OS;3;67;M;M;6574;EMP
057540036036-10231;057540036036;100mN31957E42259;SF;NA;2;65;D;F;6574;EMP
057540036036-10231;057540036036;100mN31957E42259;SF;NA;2;10;S;F;0614;NEP
057540036036-10232;057540036036;100mN31961E42300;MC;OS;2;71;M;M;6574;EMP
057540036036-10232;057540036036;100mN31961E42300;MC;OS;2;69;M;F;6574;EMP
057540036036-10233;057540036036;100mN32010E42251;MC;NA;5;61;M;M;5064;NEP
057540036036-10233;057540036036;100mN32010E42251;MC;NA;5;58;M;F;5064;NEP
057540036036-10233;057540036036;100mN32010E42251;MC;NA;5;19;W;M;1824;NEP
057540036036-10233;057540036036;100mN32010E42251;MC;NA;5;46;M;M;4049;EMP
057540036036-10233;057540036036;100mN32010E42251;MC;NA;5;8;S;F;0614;NEP
057540036036-10234;057540036036;100mN31961E42300;SM;NA;2;19;W;M;1824;NEP
057540036036-10234;057540036036;100mN31961E42300;SM;NA;2;4;S;F;0305;NEP
057540036036-10235;057540036036;100mN31961E42300;MC;NA;2;44;M;M;4049;EMP
057540036036-10235;057540036036;100mN31961E42300;MC;NA;2;42;M;F;4049;NEP
057540036036-10236;057540036036;100mN31961E42300;MC;NA;2;38;M;M;3039;EMP
057540036036-10236;057540036036;100mN31961E42300;MC;NA;2;35;M;F;3039;EMP
057540036036-10237;057540036036;100mN31963E42307;MC;NA;4;53;M;M;5064;EMP
057540036036-10237;057540036036;100mN31963E42307;MC;NA;4;57;M;F;5064;EMP
057540036036-10237;057540036036;100mN31963E42307;MC;NA;4;22;D;F;1824;NEP
057540036036-10237;057540036036;100mN31963E42307;MC;NA;4;15;S;F;1517;NEP
057540036036-10238;057540036036;100mN31963E42307;PO;OS;2;88;S;M;75XX;NEP
057540036036-10238;057540036036;100mN31963E42307;PO;OS;2;86;S;F;75XX;NEP
057540036036-10239;057540036036;100mN31963E42307;MC;NA;5;47;M;M;4049;NEP
057540036036-10239;057540036036;100mN31963E42307;MC;NA;5;45;M;F;4049;EMP
057540036036-10239;057540036036;100mN31963E42307;MC;NA;5;7;S;M;0614;NEP
057540036036-10239;057540036036;100mN31963E42307;MC;NA;5;22;M;F;1824;NEP
057540036036-10239;057540036036;100mN31963E42307;MC;NA;5;16;S;M;1517;EMP
057540036036-10240;057540036036;100mN31963E42307;MC;NA;4;56;M;M;5064;EMP
057540036036-10240;057540036036;100mN31963E42307;MC;NA;4;55;M;F;5064;NEP
057540036036-10240;057540036036;100mN31963E42307;MC;NA;4;8;S;F;0614;NEP
057540036036-10240;057540036036;100mN31963E42307;MC;NA;4;9;S;F;0614;NEP
057540036036-10241;057540036036;100mN31963E42307;MC;MIX;3;69;D;F;6574;EMP
057540036036-10241;057540036036;100mN31963E42307;MC;MIX;3;34;M;F;3039;EMP
057540036036-10241;057540036036;100mN31963E42307;MC;MIX;3;35;M;M;3039;EMP
057540036036-10242;057540036036;100mN31963E42307;S;NA;1;47;M;M;4049;NEP
057540036036-10243;057540036036;100mN31962E42280;MC;NA;2;43;M;F;4049;NEP
057540036036-10243;057540036036;100mN31962E42280;MC;NA;2;45;M;M;4049;NEP
057540036036-10244;057540036036;100mN31962E42280;PO;NA;2;61;S;M;5064;NEP
057540036036-10244;057540036036;100mN31962E42280;PO;NA;2;56;S;F;5064;EMP
057540036036-10245;057540036036;100mN31962E42280;MC;NA;2;58;M;M;5064;EMP
057540036036-10245;057540036036;100mN31962E42280;MC;NA;2;55;M;F;5064;NEP
057540036036-10246;057540036036;100mN31999E42257;SF;NA;5;30;W;F;3039;NEP
057540036036-10246;057540036036;100mN31999E42257;SF;NA;5;4;S;F;0305;NEP
057540036036-10246;057540036036;100mN31999E42257;SF;NA;5;8;S;M;0614;NEP
057540036036-10246;057540036036;100mN31999E42257;SF;NA;5;8;S;F;0614;NEP
057540036036-10246;057540036036;100mN31999E42257;SF;NA;5;2;S;M;0003;NEP
057540036036-10247;057540036036;100mN31999E42257;MC;NA;6;62;M;M;5064;NEP
057540036036-10247;057540036036;100mN31999E42257;MC;NA;6;59;M;F;5064;EMP
057540036036-10247;057540036036;100mN31999E42257;MC;NA;6;6;S;M;0614;NEP
057540036036-10247;057540036036;100mN31999E42257;MC;NA;6;6;S;M;0614;NEP
057540036036-10247;057540036036;100mN31999E42257;MC;NA;6;3;S;M;0305;NEP
057540036036-10247;057540036036;100mN31999E42257;MC;NA;6;6;S;F;0614;NEP
057540036036-10248;057540036036;100mN31999E42257;S;NA;1;42;M;F;4049;NEP
057540036036-10249;057540036036;100mN31999E42257;S;OS;1;56;M;M;5064;EMP
057540036036-10250;057540036036;100mN31999E42257;MC;NA;6;34;M;F;3039;EMP
057540036036-10250;057540036036;100mN31999E42257;MC;NA;6;42;M;M;4049;EMP
057540036036-10250;057540036036;100mN31999E42257;MC;NA;6;15;S;F;1517;EMP
057540036036-10250;057540036036;100mN31999E42257;MC;NA;6;18;M;M;1824;NEP
057540036036-10250;057540036036;100mN31999E42257;MC;NA;6;4;S;F;0305;NEP
057540036036-10250;057540036036;100mN31999E42257;MC;NA;6;18;W;F;1824;EMP
057540036036-10251;057540036036;100mN31999E42257;PO;NA;4;58;S;F;5064;EMP
057540036036-10251;057540036036;100mN31999E42257;PO;NA;4;59;S;M;5064;NEP
057540036036-10251;057540036036;100mN31999E42257;PO;NA;4;9;S;F;0614;NEP
057540036036-10251;057540036036;100mN31999E42257;PO;NA;4;16;S;F;1517;EMP
057540036036-10252;057540036036;100mN31999E42257;PO;NA;4;60;S;M;5064;NEP
057540036036-10252;057540036036;100mN31999E42257;PO;NA;4;23;S;M;1824;NEP
057540036036-10252;057540036036;100mN31999E42257;PO;NA;4;26;M;M;2529;EMP
057540036036-10252;057540036036;100mN31999E42257;PO;NA;4;9;S;F;0614;NEP
057540036036-10253;057540036036;100mN31999E42257;MC;MIX;2;80;M;M;75XX;NEP
057540036036-10253;057540036036;100mN31999E42257;MC;MIX;2;55;S;F;5064;EMP
057540036036-10254;057540036036;100mN31999E42257;S;NA;1;72;W;F;6574;EMP
057540036036-10255;057540036036;100mN31999E42257;MC;NA;2;38;M;F;3039;EMP
057540036036-10255;057540036036;100mN31999E42257;MC;NA;2;41;M;M;4049;EMP
057540036036-10256;057540036036;100mN31999E42257;MC;NA;3;46;M;M;4049;EMP
057540036036-10256;057540036036;100mN31999E42257;MC;NA;3;45;M;F;4049;NEP
057540036036-10256;057540036036;100mN31999E42257;MC;NA;3;21;D;M;1824;EMP
057540036036-10257;057540036036;100mN31999E42257;MC;NA;5;28;M;F;2529;EMP
057540036036-10257;057540036036;100mN31999E42257;MC;NA;5;31;M;M;3039;EMP
057540036036-10257;057540036036;100mN31999E42257;MC;NA;5;4;S;F;0305;NEP
057540036036-10257;057540036036;100mN31999E42257;MC;NA;5;6;S;F;0614;NEP
057540036036-10257;057540036036;100mN31999E42257;MC;NA;5;1;S;M;0003;NEP
057540036036-10258;057540036036;100mN31999E42257;MC;OS;3;66;M;M;6574;EMP
057540036036-10258;057540036036;100mN31999E42257;MC;OS;3;65;M;F;6574;NEP
057540036036-10258;057540036036;100mN31999E42257;MC;OS;3;87;M;M;75XX;EMP
057540036036-10259;057540036036;100mN31999E42257;MC;OS;2;79;M;F;75XX;NEP
057540036036-10259;057540036036;100mN31999E42257;MC;OS;2;75;M;M;75XX;EMP
057540036036-10260;057540036036;100mN31999E42257;S;NA;1;62;M;M;5064;EMP
057540036036-10261;057540036036;100mN31999E42257;MC;NA;5;53;M;M;5064;UEP
057540036036-10261;057540036036;100mN31999E42257;MC;NA;5;50;M;F;5064;EMP
057540036036-10261;057540036036;100mN31999E42257;MC;NA;5;8;S;M;0614;NEP
057540036036-10261;057540036036;100mN31999E42257;MC;NA;5;3;S;F;0305;NEP
057540036036-10261;057540036036;100mN31999E42257;MC;NA;5;37;S;M;3039;EMP
057540036036-10262;057540036036;100mN31999E42257;MC;MIX;4;73;S;M;6574;NEP
057540036036-10262;057540036036;100mN31999E42257;MC;MIX;4;59;M;M;5064;EMP
057540036036-10262;057540036036;100mN31999E42257;MC;MIX;4;54;M;F;5064;NEP
057540036036-10262;057540036036;100mN31999E42257;MC;MIX;4;43;S;M;4049;NEP
057540036036-10263;057540036036;100mN31999E42257;PO;NA;4;36;S;M;3039;EMP
057540036036-10263;057540036036;100mN31999E42257;PO;NA;4;34;S;F;3039;EMP
057540036036-10263;057540036036;100mN31999E42257;PO;NA;4;15;S;M;1517;EMP
057540036036-10263;057540036036;100mN31999E42257;PO;NA;4;19;S;F;1824;NEP
057540036036-10264;057540036036;100mN31999E42257;MC;NA;4;56;M;M;5064;EMP
057540036036-10264;057540036036;100mN31999E42257;MC;NA;4;59;M;F;5064;EMP
057540036036-10264;057540036036;100mN31999E42257;MC;NA;4;16;S;F;1517;EMP
057540036036-10264;057540036036;100mN31999E42257;MC;NA;4;13;S;F;0614;NEP
057540036036-10265;057540036036;100mN31999E42257;MC;NA;3;42;M;M;4049;NEP
057540036036-10265;057540036036;100mN31999E42257;MC;NA;3;45;M;F;4049;EMP
057540036036-10265;057540036036;100mN31999E42257;MC;NA;3;8;S;M;0614;NEP
057540036036-10266;057540036036;100mN31999E42257;MC;NA;2;54;M;F;5064;EMP
057540036036-10266;057540036036;100mN31999E42257;MC;NA;2;62;M;M;5064;EMP
057540036036-10267;057540036036;100mN31999E42257;SF;NA;3;56;D;F;5064;EMP
057540036036-10267;057540036036;100mN31999E42257;SF;NA;3;10;S;F;0614;NEP
057540036036-10267;057540036036;100mN31999E42257;SF;NA;3;15;S;F;1517;NEP
057540036036-10268;057540036036;100mN31999E42257;MC;NA;2;27;M;M;2529;EMP
057540036036-10268;057540036036;100mN31999E42257;MC;NA;2;22;M;F;1824;EMP
057540036036-10269;057540036036;100mN31999E42257;SF;NA;2;83;W;F;75XX;EMP
057540036036-10269;057540036036;100mN31999E42257;SF;NA;2;15;S;F;1517;NEP
057540036036-10270;057540036036;100mN31999E42257;SM;NA;4;70;D;M;6574;EMP
057540036036-10270;057540036036;100mN31999E42257;SM;NA;4;11;S;F;0614;NEP
057540036036-10270;057540036036;100mN31999E42257;SM;NA;4;15;S;F;1517;EMP
057540036036-10270;057540036036;100mN31999E42257;SM;NA;4;42;S;M;4049;NEP
057540036036-10271;057540036036;100mN31999E42257;MC;OS;4;65;M;M;6574;NEP
057540036036-10271;057540036036;100mN31999E42257;MC;OS;4;72;M;F;6574;EMP
057540036036-10271;057540036036;100mN31999E42257;MC;OS;4;67;M;M;6574;NEP
057540036036-10271;057540036036;100mN31999E42257;MC;OS;4;68;W;M;6574;EMP
057540036036-10272;057540036036;100mN31999E42257;PO;MIX;4;73;S;F;6574;EMP
057540036036-10272;057540036036;100mN31999E42257;PO;MIX;4;43;S;F;4049;EMP
057540036036-10272;057540036036;100mN31999E42257;PO;MIX;4;45;S;F;4049;NEP
057540036036-10272;057540036036;100mN31999E42257;PO;MIX;4;9;S;M;0614;NEP
057540036036-10273;057540036036;100mN31999E42257;MC;NA;3;58;M;M;5064;EMP
057540036036-10273;057540036036;100mN31999E42257;MC;NA;3;63;M;F;5064;EMP
057540036036-10273;057540036036;100mN31999E42257;MC;NA;3;7;S;M;0614;NEP
057540036036-10274;057540036036;100mN31999E42257;MC;NA;5;19;M;M;1824;EMP
057540036036-10274;057540036036;100mN31999E42257;MC;NA;5;18;M;F;1824;EMP
057540036036-10274;057540036036;100mN31999E42257;MC;NA;5;4;S;F;0305;NEP
057540036036-10274;057540036036;100mN31999E42257;MC;NA;5;0;S;M;0003;NEP
057540036036-10274;057540036036;100mN31999E42257;MC;NA;5;3;S;M;0305;NEP
057540036036-10275;057540036036;100mN31999E42257;MC;NA;5;54;M;M;5064;EMP
057540036036-10275;057540036036;100mN31999E42257;MC;NA;5;51;M;F;5064;NEP
057540036036-10275;057540036036;100mN31999E42257;MC;NA;5;12;S;M;0614;NEP
057540036036-10275;057540036036;100mN31999E42257;MC;NA;5;18;M;F;1824;NEP
057540036036-10275;057540036036;100mN31999E42257;MC;NA;5;12;S;M;0614;NEP
057540036036-10276;057540036036;100mN31999E42257;MC;NA;3;56;M;F;5064;EMP
057540036036-10276;057540036036;100mN31999E42257;MC;NA;3;56;M;M;5064;EMP
057540036036-10276;057540036036;100mN31999E42257;MC;NA;3;8;S;F;0614;NEP
057540036036-10277;057540036036;100mN31999E42257;MC;MIX;2;71;M;F;6574;NEP
057540036036-10277;057540036036;100mN31999E42257;MC;MIX;2;6;S;F;0614;NEP
057540036036-10278;057540036036;100mN31999E42257;S;NA;1;40;M;M;4049;NEP
057540036036-10279;057540036036;100mN31999E42257;S;NA;1;53;M;F;5064;EMP
057540036036-10280;057540036036;100mN31999E42257;MC;MIX;2;86;M;M;75XX;NEP
057540036036-10280;057540036036;100mN31999E42257;MC;MIX;2;16;S;F;1517;EMP
057540036036-10281;057540036036;100mN31999E42257;S;NA;1;77;W;F;75XX;NEP
057540036036-10282;057540036036;100mN31999E42257;S;NA;1;38;M;F;3039;EMP
057540036036-10283;057540036036;100mN31999E42257;MC;NA;2;40;M;F;4049;EMP
057540036036-10283;057540036036;100mN31999E42257;MC;NA;2;36;M;M;3039;EMP
057540036036-10284;057540036036;100mN31999E42257;S;NA;1;25;W;F;2529;NEP
057540036036-10285;057540036036;100mN31999E42257;MC;MIX;3;67;M;F;6574;NEP
057540036036-10285;057540036036;100mN31999E42257;MC;MIX;3;42;M;F;4049;EMP
057540036036-10285;057540036036;100mN31999E42257;MC;MIX;3;50;M;M;5064;EMP
057540036036-10286;057540036036;100mN31999E42257;PO;OS;2;65;S;M;6574;NEP
057540036036-10286;057540036036;100mN31999E42257;PO;OS;2;77;S;F;75XX;EMP
057540036036-10287;057540036036;100mN31999E42257;SF;NA;6;31;S;F;3039;NEP
057540036036-10287;057540036036;100mN31999E42257;SF;NA;6;7;S;F;0614;NEP
057540036036-10287;057540036036;100mN31999E42257;SF;NA;6;9;S;M;0614;NEP
057540036036-10287;057540036036;100mN31999E42257;SF;NA;6;8;S;F;0614;NEP
057540036036-10287;057540036036;100mN31999E42257;SF;NA;6;8;S;M;0614;NEP
057540036036-10287;057540036036;100mN31999E42257;SF;NA;6;6;S;M;0614;NEP
057540036036-10288;057540036036;100mN31999E42257;MC;NA;3;63;M;M;5064;EMP
057540036036-10288;057540036036;100mN31999E42257;MC;NA;3;44;M;F;4049;NEP
057540036036-10288;057540036036;100mN31999E42257;MC;NA;3;6;S;F;0614;NEP
057540036036-10289;057540036036;100mN31999E42257;S;OS;1;55;P;F;5064;EMP
057540036036-10290;057540036036;100mN32017E42253;SF;NA;2;48;D;F;4049;NEP
057540036036-10290;057540036036;100mN32017E42253;SF;NA;2;11;S;M;0614;NEP
057540036036-10291;057540036036;100mN32017E42253;MC;NA;3;33;M;F;3039;NEP
057540036036-10291;057540036036;100mN32017E42253;MC;NA;3;37;M;M;3039;NEP
057540036036-10291;057540036036;100mN32017E42253;MC;NA;3;16;S;M;1517;EMP
057540036036-10292;057540036036;100mN32017E42253;MC;NA;5;63;M;F;5064;NEP
057540036036-10292;057540036036;100mN32017E42253;MC;NA;5;46;W;M;4049;NEP
057540036036-10292;057540036036;100mN32017E42253;MC;NA;5;48;M;M;4049;EMP
057540036036-10292;057540036036;100mN32017E42253;MC;NA;5;16;S;M;1517;NEP
057540036036-10292;057540036036;100mN32017E42253;MC;NA;5;3;S;F;0305;NEP
057540036036-10293;057540036036;100mN32017E42253;SF;NA;2;27;S;F;2529;NEP
057540036036-10293;057540036036;100mN32017E42253;SF;NA;2;9;S;F;0614;NEP
057540036036-10294;057540036036;100mN32017E42253;S;NA;1;48;S;M;4049;EMP
057540036036-10295;057540036036;100mN32017E42253;MC;OS;2;81;M;F;75XX;NEP
057540036036-10295;057540036036;100mN32017E42253;MC;OS;2;85;M;M;75XX;EMP
057540036036-10296;057540036036;100mN32017E42253;S;NA;1;19;M;M;1824;NEP
057540036036-10297;057540036036;100mN32017E42253;MC;NA;4;56;M;F;5064;NEP
057540036036-10297;057540036036;100mN32017E42253;MC;NA;4;59;M;M;5064;EMP
057540036036-10297;057540036036;100mN32017E42253;MC;NA;4;7;S;M;0614;NEP
057540036036-10297;057540036036;100mN32017E42253;MC;NA;4;10;S;M;0614;NEP
057540036036-10298;057540036036;100mN32017E42253;MC;NA;2;58;M;F;5064;NEP
057540036036-10298;057540036036;100mN32017E42253;MC;NA;2;63;M;M;5064;NEP
057540036036-10299;057540036036;100mN32017E42253;S;OS;1;46;M;M;4049;EMP
057540036036-10300;057540036036;100mN32017E42253;S;OS;1;41;S;M;4049;NEP
057540036036-10301;057540036036;100mN32017E42253;S;OS;1;52;D;M;5064;EMP
057540036036-10302;057540036036;100mN32017E42253;S;NA;1;46;D;F;4049;NEP
057540036036-10303;057540036036;100mN32017E42253;MC;NA;4;54;M;M;5064;NEP
057540036036-10303;057540036036;100mN32017E42253;MC;NA;4;54;M;F;5064;EMP
057540036036-10303;057540036036;100mN32017E42253;MC;NA;4;13;S;F;0614;NEP
057540036036-10303;057540036036;100mN32017E42253;MC;NA;4;12;S;M;0614;NEP
057540036036-10304;057540036036;100mN32017E42253;S;NA;1;52;M;M;5064;EMP
057540036036-10305;057540036036;100mN31961E42266;SF;NA;4;60;W;F;5064;NEP
057540036036-10305;057540036036;100mN31961E42266;SF;NA;4;25;W;M;2529;EMP
057540036036-10305;057540036036;100mN31961E42266;SF;NA;4;10;S;M;0614;NEP
057540036036-10305;057540036036;100mN31961E42266;SF;NA;4;15;S;F;1517;EMP
057540036036-10306;057540036036;100mN31983E42294;S;NA;1;19;M;M;1824;EMP
057540036036-10307;057540036036;100mN31983E42294;SF;NA;2;20;D;F;1824;NEP
057540036036-10307;057540036036;100mN31983E42294;SF;NA;2;3;S;M;0305;NEP
057540036036-10308;057540036036;100mN32005E42282;MC;OS;3;89;M;F;75XX;NEP
057540036036-10308;057540036036;100mN32005E42282;MC;OS;3;6;S;F;0614;NEP
057540036036-10308;057540036036;100mN32005E42282;MC;OS;3;71;M;M;6574;EMP
057540036036-10309;057540036036;100mN32005E42282;MC;MIX;2;77;M;F;75XX;NEP
057540036036-10309;057540036036;100mN32005E42282;MC;MIX;2;18;M;F;1824;EMP
057540036036-10310;057540036036;100mN32005E42282;S;NA;1;66;P;F;6574;EMP
057540036036-10311;057540036036;100mN32005E42282;MC;NA;4;51;M;F;5064;EMP
057540036036-10311;057540036036;100mN32005E42282;MC;NA;4;56;M;M;5064;EMP
057540036036-10311;057540036036;100mN32005E42282;MC;NA;4;28;S;M;2529;EMP
057540036036-10311;057540036036;100mN32005E42282;MC;NA;4;10;S;M;0614;NEP
057540036036-10312;057540036036;100mN32005E42282;S;NA;1;59;D;F;5064;EMP
057540036036-10313;057540036036;100mN32005E42282;MC;NA;2;60;M;M;5064;EMP
057540036036-10313;057540036036;100mN32005E42282;MC;NA;2;51;M;F;5064;EMP
057540036036-10314;057540036036;100mN32005E42282;S;NA;1;70;M;F;6574;EMP
057540036036-10315;057540036036;100mN32005E42282;MC;MIX;4;69;M;M;6574;UEP
057540036036-10315;057540036036;100mN32005E42282;MC;MIX;4;25;M;F;2529;NEP
057540036036-10315;057540036036;100mN32005E42282;MC;MIX;4;28;M;M;2529;NEP
057540036036-10315;057540036036;100mN32005E42282;MC;MIX;4;9;S;M;0614;NEP
057540036036-10316;057540036036;100mN32005E42282;MC;NA;2;20;M;F;1824;NEP
057540036036-10316;057540036036;100mN32005E42282;MC;NA;2;18;M;M;1824;NEP
057540036036-10317;057540036036;100mN32005E42282;MC;MIX;2;73;M;M;6574;UEP
057540036036-10317;057540036036;100mN32005E42282;MC;MIX;2;20;S;M;1824;EMP
057540036036-10318;057540036036;100mN32005E42282;MC;NA;4;47;M;F;4049;NEP
057540036036-10318;057540036036;100mN32005E42282;MC;NA;4;56;M;M;5064;EMP
057540036036-10318;057540036036;100mN32005E42282;MC;NA;4;13;S;M;0614;NEP
057540036036-10318;057540036036;100mN32005E42282;MC;NA;4;13;S;F;0614;NEP
057540036036-10319;057540036036;100mN32005E42282;S;OS;1;46;M;F;4049;NEP
057540036036-10320;057540036036;100mN32005E42282;MC;NA;4;48;M;F;4049;NEP
057540036036-10320;057540036036;100mN32005E42282;MC;NA;4;50;M;M;5064;NEP
057540036036-10320;057540036036;100mN32005E42282;MC;NA;4;13;S;M;0614;NEP
057540036036-10320;057540036036;100mN32005E42282;MC;NA;4;9;S;M;0614;NEP
057540036036-10321;057540036036;100mN32005E42282;S;OS;1;35;S;M;3039;NEP
057540036036-10322;057540036036;100mN32005E42282;SF;NA;2;70;W;F;6574;EMP
057540036036-10322;057540036036;100mN32005E42282;SF;NA;2;38;M;M;3039;EMP
057540036036-10323;057540036036;100mN32005E42282;S;OS;1;42;M;F;4049;EMP
057540036036-10324;057540036036;100mN32005E42282;MC;OS;2;69;M;M;6574;NEP
057540036036-10324;057540036036;100mN32005E42282;MC;OS;2;65;M;F;6574;EMP
057540036036-10325;057540036036;100mN32005E42282;NA;NA;2;43;W;F;4049;EMP
057540036036-10325;057540036036;100mN32005E42282;NA;NA;2;41;W;F;4049;NEP
057540036036-10326;057540036036;100mN32005E42282;MC;NA;4;43;M;M;4049;EMP
057540036036-10326;057540036036;100mN32005E42282;MC;NA;4;41;M;F;4049;EMP
057540036036-10326;057540036036;100mN32005E42282;MC;NA;4;15;S;F;1517;NEP
057540036036-10326;057540036036;100mN32005E42282;MC;NA;4;23;S;M;1824;NEP
057540036036-10327;057540036036;100mN32005E42282;S;NA;1;62;W;F;5064;NEP
057540036036-10328;057540036036;100mN32005E42282;MC;NA;4;22;M;M;1824;EMP
057540036036-10328;057540036036;100mN32005E42282;MC;NA;4;21;M;F;1824;EMP
057540036036-10328;057540036036;100mN32005E42282;MC;NA;4;6;S;F;0614;NEP
057540036036-10328;057540036036;100mN32005E42282;MC;NA;4;1;S;F;0003;NEP
057540036036-10329;057540036036;100mN31951E42247;MC;OS;2;65;M;F;6574;EMP
057540036036-10329;057540036036;100mN31951E42247;MC;OS;2;66;M;M;6574;EMP
057540036036-10330;057540036036;100mN31951E42247;S;NA;1;16;S;M;1517;EMP
057540036036-10331;057540036036;100mN31951E42247;MC;NA;4;28;M;F;2529;EMP
057540036036-10331;057540036036;100mN31951E42247;MC;NA;4;31;M;M;3039;EMP
057540036036-10331;057540036036;100mN31951E42247;MC;NA;4;10;S;F;0614;NEP
057540036036-10331;057540036036;100mN31951E42247;MC;NA;4;13;S;F;0614;NEP
057540036036-10332;057540036036;100mN31951E42247;SF;NA;3;43;W;F;4049;EMP
057540036036-10332;057540036036;100mN31951E42247;SF;NA;3;13;S;M;0614;NEP
057540036036-10332;057540036036;100mN31951E42247;SF;NA;3;8;S;F;0614;NEP
057540036036-10333;057540036036;100mN32002E42285;PO;OS;2;85;S;M;75XX;EMP
057540036036-10333;057540036036;100mN32002E42285;PO;OS;2;81;S;F;75XX;NEP
057540036036-10334;057540036036;100mN31951E42247;PO;OS;4;76;S;M;75XX;EMP
057540036036-10334;057540036036;100mN31951E42247;PO;OS;4;75;S;M;75XX;EMP
057540036036-10334;057540036036;100mN31951E42247;PO;OS;4;76;M;M;75XX;NEP
057540036036-10334;057540036036;100mN31951E42247;PO;OS;4;67;M;M;6574;EMP
057540036036-10335;057540036036;100mN31951E42247;S;NA;1;35;S;M;3039;EMP
057540036036-10336;057540036036;100mN31990E42295;S;NA;1;40;W;F;4049;NEP
057540036036-10337;057540036036;100mN31990E42295;S;NA;1;88;W;M;75XX;EMP
057540036036-10338;057540036036;100mN31990E42295;MC;NA;2;62;M;F;5064;EMP
057540036036-10338;057540036036;100mN31990E42295;MC;NA;2;62;M;M;5064;EMP
057540036036-10339;057540036036;100mN32007E42285;PO;NA;4;22;S;M;1824;EMP
057540036036-10339;057540036036;100mN32007E42285;PO;NA;4;18;S;F;1824;EMP
057540036036-10339;057540036036;100mN32007E42285;PO;NA;4;3;S;M;0305;NEP
057540036036-10339;057540036036;100mN32007E42285;PO;NA;4;6;S;M;0614;NEP
057540036036-10340;057540036036;100mN32007E42285;S;NA;1;30;S;M;3039;NEP
057540036036-10341;057540036036;100mN32007E42285;S;NA;1;46;M;M;4049;EMP
057540036036-10342;057540036036;100mN32007E42285;MC;MIX;2;73;M;F;6574;EMP
057540036036-10342;057540036036;100mN32007E42285;MC;MIX;2;31;S;M;3039;NEP
057540036036-10343;057540036036;100mN32007E42285;MC;MIX;3;73;M;M;6574;EMP
057540036036-10343;057540036036;100mN32007E42285;MC;MIX;3;33;M;F;3039;EMP
057540036036-10343;057540036036;100mN32007E42285;MC;MIX;3;36;M;M;3039;EMP
057540036036-10344;057540036036;100mN32007E42285;MC;NA;3;26;M;M;2529;EMP
057540036036-10344;057540036036;100mN32007E42285;MC;NA;3;18;M;F;1824;EMP
057540036036-10344;057540036036;100mN32007E42285;MC;NA;3;7;S;F;0614;NEP
057540036036-10345;057540036036;100mN32007E42285;S;NA;1;33;W;F;3039;NEP
057540036036-10346;057540036036;100mN32007E42285;MC;NA;3;33;M;M;3039;EMP
057540036036-10346;057540036036;100mN32007E42285;MC;NA;3;42;M;F;4049;NEP
057540036036-10346;057540036036;100mN32007E42285;MC;NA;3;18;S;M;1824;NEP
057540036036-10347;057540036036;100mN32007E42285;MC;NA;2;53;M;F;5064;EMP
057540036036-10347;057540036036;100mN32007E42285;MC;NA;2;54;M;M;5064;EMP
057540036036-10348;057540036036;100mN32011E42279;SF;NA;2;25;S;F;2529;EMP
057540036036-10348;057540036036;100mN32011E42279;SF;NA;2;6;S;M;0614;NEP
057540036036-10349;057540036036;100mN32007E42285;MC;OS;6;67;M;F;6574;NEP
057540036036-10349;057540036036;100mN32007E42285;MC;OS;6;84;M;M;75XX;EMP
057540036036-10349;057540036036;100mN32007E42285;MC;OS;6;86;M;F;75XX;NEP
057540036036-10349;057540036036;100mN32007E42285;MC;OS;6;72;S;M;6574;EMP
057540036036-10349;057540036036;100mN32007E42285;MC;OS;6;69;W;M;6574;EMP
057540036036-10349;057540036036;100mN32007E42285;MC;OS;6;82;M;F;75XX;NEP
057540036036-10350;057540036036;100mN32007E42285;MC;NA;3;58;M;M;5064;EMP
057540036036-10350;057540036036;100mN32007E42285;MC;NA;3;53;M;F;5064;NEP
057540036036-10350;057540036036;100mN32007E42285;MC;NA;3;13;S;F;0614;NEP
057540036036-10351;057540036036;100mN32007E42285;S;NA;1;70;W;M;6574;EMP
057540036036-10352;057540036036;100mN32007E42285;MC;NA;2;21;M;F;1824;NEP
057540036036-10352;057540036036;100mN32007E42285;MC;NA;2;23;M;M;1824;NEP
057540036036-10353;057540036036;100mN31962E42307;MC;NA;2;57;M;M;5064;EMP
057540036036-10353;057540036036;100mN31962E42307;MC;NA;2;55;M;F;5064;EMP
057540036036-10354;057540036036;100mN31962E42307;MC;NA;6;25;M;M;2529;EMP
057540036036-10354;057540036036;100mN31962E42307;MC;NA;6;18;M;F;1824;EMP
057540036036-10354;057540036036;100mN31962E42307;MC;NA;6;4;S;M;0305;NEP
057540036036-10354;057540036036;100mN31962E42307;MC;NA;6;10;S;F;0614;NEP
057540036036-10354;057540036036;100mN31962E42307;MC;NA;6;7;S;M;0614;NEP
057540036036-10354;057540036036;100mN31962E42307;MC;NA;6;8;S;F;0614;NEP
057540036036-10355;057540036036;100mN31962E42307;MC;NA;2;47;M;M;4049;EMP
057540036036-10355;057540036036;100mN31962E42307;MC;NA;2;48;M;F;4049;EMP
057540036036-10356;057540036036;100mN31962E42307;MC;NA;4;45;M;F;4049;NEP
057540036036-10356;057540036036;100mN31962E42307;MC;NA;4;47;M;M;4049;UEP
057540036036-10356;057540036036;100mN31962E42307;MC;NA;4;13;S;M;0614;NEP
057540036036-10356;057540036036;100mN31962E42307;MC;NA;4;0;S;M;0003;NEP
057540036036-10357;057540036036;100mN31962E42307;SF;MIX;3;70;M;M;6574;EMP
057540036036-10357;057540036036;100mN31962E42307;SF;MIX;3;43;S;F;4049;EMP
057540036036-10357;057540036036;100mN31962E42307;SF;MIX;3;20;M;M;1824;NEP
057540036036-10358;057540036036;100mN31962E42307;PO;NA;2;51;S;M;5064;EMP
057540036036-10358;057540036036;100mN31962E42307;PO;NA;2;50;S;F;5064;NEP
057540036036-10359;057540036036;100mN31962E42307;S;OS;1;58;D;M;5064;NEP
057540036036-10360;057540036036;100mN31962E42307;MC;NA;4;43;M;M;4049;EMP
057540036036-10360;057540036036;100mN31962E42307;MC;NA;4;41;M;F;4049;EMP
057540036036-10360;057540036036;100mN31962E42307;MC;NA;4;16;S;F;1517;EMP
057540036036-10360;057540036036;100mN31962E42307;MC;NA;4;15;S;M;1517;EMP
057540036036-10361;057540036036;100mN31962E42307;MC;NA;2;51;M;M;5064;EMP
057540036036-10361;057540036036;100mN31962E42307;MC;NA;2;61;M;F;5064;EMP
057540036036-10362;057540036036;100mN31962E42307;PO;OS;3;89;S;F;75XX;EMP
057540036036-10362;057540036036;100mN31962E42307;PO;OS;3;81;S;M;75XX;NEP
057540036036-10362;057540036036;100mN31962E42307;PO;OS;3;68;W;F;6574;EMP
057540036036-10363;057540036036;100mN31962E42307;MC;NA;4;63;M;M;5064;EMP
057540036036-10363;057540036036;100mN31962E42307;MC;NA;4;61;M;F;5064;NEP
057540036036-10363;057540036036;100mN31962E42307;MC;NA;4;26;M;M;2529;EMP
057540036036-10363;057540036036;100mN31962E42307;MC;NA;4;11;S;M;0614;NEP
057540036036-10364;057540036036;100mN31962E42307;S;NA;1;62;S;M;5064;EMP
057540036036-10365;057540036036;100mN31990E42268;MC;NA;2;41;M;F;4049;EMP
057540036036-10365;057540036036;100mN31990E42268;MC;NA;2;42;M;M;4049;EMP
057540036036-10366;057540036036;100mN31990E42268;SF;NA;4;45;W;F;4049;NEP
057540036036-10366;057540036036;100mN31990E42268;SF;NA;4;12;S;M;0614;NEP
057540036036-10366;057540036036;100mN31990E42268;SF;NA;4;27;S;F;2529;EMP
057540036036-10366;057540036036;100mN31990E42268;SF;NA;4;19;M;M;1824;NEP
057540036036-10367;057540036036;100mN31990E42268;SF;MIX;3;89;S;M;75XX;EMP
057540036036-10367;057540036036;100mN31990E42268;SF;MIX;3;84;W;F;75XX;NEP
057540036036-10367;057540036036;100mN31990E42268;SF;MIX;3;2;S;M;0003;NEP
057540036036-10368;057540036036;100mN31990E42263;SF;NA;4;72;S;F;6574;EMP
057540036036-10368;057540036036;100mN31990E42263;SF;NA;4;3;S;M;0305;NEP
057540036036-10368;057540036036;100mN31990E42263;SF;NA;4;1;S;F;0003;NEP
057540036036-10368;057540036036;100mN31990E42263;SF;NA;4;31;M;M;3039;EMP
057540036036-10369;057540036036;100mN31990E42263;PO;NA;4;48;S;M;4049;EMP
057540036036-10369;057540036036;100mN31990E42263;PO;NA;4;48;S;F;4049;EMP
057540036036-10369;057540036036;100mN31990E42263;PO;NA;4;22;M;F;1824;NEP
057540036036-10369;057540036036;100mN31990E42263;PO;NA;4;8;S;M;0614;NEP
057540036036-10370;057540036036;100mN31990E42263;MC;NA;2;37;M;M;3039;EMP
057540036036-10370;057540036036;100mN31990E42263;MC;NA;2;34;M;F;3039;NEP
057540036036-10371;057540036036;100mN31990E42263;SF;NA;3;69;S;F;6574;NEP
057540036036-10371;057540036036;100mN31990E42263;SF;NA;3;8;S;M;0614;NEP
057540036036-10371;057540036036;100mN31990E42263;SF;NA;3;0;S;M;0003;NEP
057540036036-10372;057540036036;100mN31990E42263;MC;MIX;6;66;M;M;6574;EMP
057540036036-10372;057540036036;100mN31990E42263;MC;MIX;6;42;M;F;4049;EMP
057540036036-10372;057540036036;100mN31990E42263;MC;MIX;6;46;M;M;4049;UEP
057540036036-10372;057540036036;100mN31990E42263;MC;MIX;6;22;S;F;1824;EMP
057540036036-10372;057540036036;100mN31990E42263;MC;MIX;6;6;S;M;0614;NEP
057540036036-10372;057540036036;100mN31990E42263;MC;MIX;6;25;D;F;2529;NEP
057540036036-10373;057540036036;100mN31990E42263;MC;NA;3;52;M;F;5064;NEP
057540036036-10373;057540036036;100mN31990E42263;MC;NA;3;55;M;M;5064;EMP
057540036036-10373;057540036036;100mN31990E42263;MC;NA;3;10;S;M;0614;NEP
057540036036-10374;057540036036;100mN31990E42263;S;NA;1;51;M;F;5064;NEP
057540036036-10375;057540036036;100mN31990E42263;MC;MIX;5;83;S;M;75XX;EMP
057540036036-10375;057540036036;100mN31990E42263;MC;MIX;5;18;M;M;1824;EMP
057540036036-10375;057540036036;100mN31990E42263;MC;MIX;5;18;M;F;1824;EMP
057540036036-10375;057540036036;100mN31990E42263;MC;MIX;5;0;S;F;0003;NEP
057540036036-10375;057540036036;100mN31990E42263;MC;MIX;5;3;S;M;0305;NEP
057540036036-10376;057540036036;100mN31990E42263;S;NA;1;42;M;M;4049;NEP
057540036036-10377;057540036036;100mN31990E42263;MC;NA;3;48;M;F;4049;NEP
057540036036-10377;057540036036;100mN31990E42263;MC;NA;3;51;M;M;5064;EMP
057540036036-10377;057540036036;100mN31990E42263;MC;NA;3;13;S;M;0614;NEP
057540036036-10378;057540036036;100mN31990E42263;MC;NA;5;59;M;F;5064;EMP
057540036036-10378;057540036036;100mN31990E42263;MC;NA;5;63;M;M;5064;EMP
057540036036-10378;057540036036;100mN31990E42263;MC;NA;5;8;S;M;0614;NEP
057540036036-10378;057540036036;100mN31990E42263;MC;NA;5;31;W;F;3039;NEP
057540036036-10378;057540036036;100mN31990E42263;MC;NA;5;10;S;F;0614;NEP
057540036036-10379;057540036036;100mN31990E42263;MC;OS;2;87;M;F;75XX;NEP
057540036036-10379;057540036036;100mN31990E42263;MC;OS;2;41;D;F;4049;EMP
057540036036-10380;057540036036;100mN31990E42263;MC;NA;3;27;M;M;2529;NEP
057540036036-10380;057540036036;100mN31990E42263;MC;NA;3;18;M;F;1824;EMP
057540036036-10380;057540036036;100mN31990E42263;MC;NA;3;4;S;M;0305;NEP
057540036036-10381;057540036036;100mN31961E42266;SF;NA;4;60;W;F;5064;NEP
057540036036-10381;057540036036;100mN31961E42266;SF;NA;4;25;W;M;2529;EMP
057540036036-10381;057540036036;100mN31961E42266;SF;NA;4;10;S;M;0614;NEP
057540036036-10381;057540036036;100mN31961E42266;SF;NA;4;15;S;F;1517;EMP
057540036036-10382;057540036036;100mN31961E42266;MC;NA;6;44;M;F;4049;NEP
057540036036-10382;057540036036;100mN31961E42266;MC;NA;6;46;M;M;4049;EMP
057540036036-10382;057540036036;100mN31961E42266;MC;NA;6;26;M;F;2529;EMP
057540036036-10382;057540036036;100mN31961E42266;MC;NA;6;10;S;F;0614;NEP
057540036036-10382;057540036036;100mN31961E42266;MC;NA;6;13;S;M;0614;NEP
057540036036-10382;057540036036;100mN31961E42266;MC;NA;6;19;S;M;1824;EMP
057540036036-10383;057540036036;100mN31961E42266;MC;NA;4;42;M;M;4049;NEP
057540036036-10383;057540036036;100mN31961E42266;MC;NA;4;38;M;F;3039;NEP
057540036036-10383;057540036036;100mN31961E42266;MC;NA;4;13;S;M;0614;NEP
057540036036-10383;057540036036;100mN31961E42266;MC;NA;4;26;D;M;2529;EMP
057540036036-10384;057540036036;100mN32008E42279;S;NA;1;27;W;F;2529;EMP
057540036036-10385;057540036036;100mN32008E42279;MC;NA;3;46;M;F;4049;NEP
057540036036-10385;057540036036;100mN32008E42279;MC;NA;3;47;M;M;4049;EMP
057540036036-10385;057540036036;100mN32008E42279;MC;NA;3;13;S;F;0614;NEP
057540036036-10386;057540036036;100mN32008E42279;S;NA;1;41;M;F;4049;EMP
057540036036-10387;057540036036;100mN32008E42279;MC;OS;3;83;M;M;75XX;EMP
057540036036-10387;057540036036;100mN32008E42279;MC;OS;3;80;M;F;75XX;EMP
057540036036-10387;057540036036;100mN32008E42279;MC;OS;3;68;M;F;6574;EMP
057540036036-10388;057540036036;100mN32008E42279;MC;OS;2;76;M;F;75XX;NEP
057540036036-10388;057540036036;100mN32008E42279;MC;OS;2;76;M;M;75XX;EMP
057540036036-10389;057540036036;100mN32008E42279;MC;NA;3;34;M;M;3039;EMP
057540036036-10389;057540036036;100mN32008E42279;MC;NA;3;41;M;F;4049;NEP
057540036036-10389;057540036036;100mN32008E42279;MC;NA;3;4;S;F;0305;NEP
057540036036-10390;057540036036;100mN32008E42279;S;NA;1;51;M;M;5064;EMP
057540036036-10391;057540036036;100mN32008E42279;MC;NA;2;60;M;M;5064;NEP
057540036036-10391;057540036036;100mN32008E42279;MC;NA;2;60;M;F;5064;NEP
057540036036-10392;057540036036;100mN32008E42279;MC;NA;2;46;M;M;4049;EMP
057540036036-10392;057540036036;100mN32008E42279;MC;NA;2;42;M;F;4049;EMP
057540036036-10393;057540036036;100mN32008E42279;MC;NA;6;58;M;M;5064;EMP
057540036036-10393;057540036036;100mN32008E42279;MC;NA;6;63;M;F;5064;NEP
057540036036-10393;057540036036;100mN32008E42279;MC;NA;6;8;S;M;0614;NEP
057540036036-10393;057540036036;100mN32008E42279;MC;NA;6;16;S;F;1517;EMP
057540036036-10393;057540036036;100mN32008E42279;MC;NA;6;22;S;M;1824;EMP
057540036036-10393;057540036036;100mN32008E42279;MC;NA;6;16;S;M;1517;EMP
057540036036-10394;057540036036;100mN32008E42279;S;OS;1;34;D;M;3039;EMP
057540036036-10395;057540036036;100mN31967E42303;S;OS;1;40;D;F;4049;NEP
057540036036-10396;057540036036;100mN31967E42303;MC;NA;4;31;M;F;3039;EMP
057540036036-10396;057540036036;100mN31967E42303;MC;NA;4;28;M;M;2529;EMP
057540036036-10396;057540036036;100mN31967E42303;MC;NA;4;0;S;M;0003;NEP
057540036036-10396;057540036036;100mN31967E42303;MC;NA;4;6;S;F;0614;NEP
057540036036-10397;057540036036;100mN31967E42303;S;OS;1;43;M;M;4049;EMP
057540036036-10398;057540036036;100mN32013E42236;MC;NA;3;40;M;F;4049;EMP
057540036036-10398;057540036036;100mN32013E42236;MC;NA;3;43;M;M;4049;EMP
057540036036-10398;057540036036;100mN32013E42236;MC;NA;3;0;S;F;0003;NEP
057540036036-10399;057540036036;100mN31990E42275;MC;OS;4;82;M;F;75XX;EMP
057540036036-10399;057540036036;100mN31990E42275;MC;OS;4;82;M;M;75XX;NEP
057540036036-10399;057540036036;100mN31990E42275;MC;OS;4;75;D;M;75XX;EMP
057540036036-10399;057540036036;100mN31990E42275;MC;OS;4;70;M;M;6574;NEP
057540036036-10400;057540036036;100mN31990E42275;MC;NA;4;47;M;F;4049;NEP
057540036036-10400;057540036036;100mN31990E42275;MC;NA;4;50;M;M;5064;EMP
057540036036-10400;057540036036;100mN31990E42275;MC;NA;4;15;S;M;1517;NEP
057540036036-10400;057540036036;100mN31990E42275;MC;NA;4;13;S;M;0614;NEP
057540036036-10401;057540036036;100mN32017E42247;S;NA;1;44;W;F;4049;EMP
057540036036-10402;057540036036;100mN32017E42247;NA;NA;3;44;M;M;4049;EMP
057540036036-10402;057540036036;100mN32017E42247;NA;NA;3;55;W;F;5064;EMP
057540036036-10402;057540036036;100mN32017E42247;NA;NA;3;52;S;M;5064;EMP
057540036036-10403;057540036036;100mN32017E42247;PO;NA;2;37;S;M;3039;EMP
057540036036-10403;057540036036;100mN32017E42247;PO;NA;2;38;S;M;3039;NEP
057540036036-10404;057540036036;100mN32017E42247;PO;NA;2;40;S;F;4049;NEP
057540036036-10404;057540036036;100mN32017E42247;PO;NA;2;38;S;M;3039;EMP
057540036036-10405;057540036036;100mN32017E42247;PO;MIX;5;65;M;F;6574;NEP
057540036036-10405;057540036036;100mN32017E42247;PO;MIX;5;34;S;M;3039;NEP
057540036036-10405;057540036036;100mN32017E42247;PO;MIX;5;31;S;F;3039;NEP
057540036036-10405;057540036036;100mN32017E42247;PO;MIX;5;18;W;F;1824;EMP
057540036036-10405;057540036036;100mN32017E42247;PO;MIX;5;9;S;M;0614;NEP
057540036036-10406;057540036036;100mN31961E42299;SF;NA;2;20;W;F;1824;EMP
057540036036-10406;057540036036;100mN31961E42299;SF;NA;2;4;S;M;0305;NEP
057540036036-10407;057540036036;100mN31961E42299;S;OS;1;65;M;M;6574;NEP
057540036036-10408;057540036036;100mN31961E42299;MC;NA;3;27;M;M;2529;EMP
057540036036-10408;057540036036;100mN31961E42299;MC;NA;3;33;M;F;3039;EMP
057540036036-10408;057540036036;100mN31961E42299;MC;NA;3;12;S;M;0614;NEP
057540036036-10409;057540036036;100mN31976E42269;MC;OS;2;67;M;M;6574;EMP
057540036036-10409;057540036036;100mN31976E42269;MC;OS;2;67;M;F;6574;NEP
057540036036-10410;057540036036;100mN31976E42269;PO;OS;2;88;S;M;75XX;EMP
057540036036-10410;057540036036;100mN31976E42269;PO;OS;2;85;S;M;75XX;EMP
057540036036-10411;057540036036;100mN31976E42269;S;NA;1;18;M;F;1824;NEP
057540036036-10412;057540036036;100mN31976E42269;S;NA;1;59;D;F;5064;EMP
057540036036-10413;057540036036;100mN31976E42269;SF;MIX;3;80;W;F;75XX;NEP
057540036036-10413;057540036036;100mN31976E42269;SF;MIX;3;61;S;F;5064;EMP
057540036036-10413;057540036036;100mN31976E42269;SF;MIX;3;44;W;F;4049;EMP
057540036036-10414;057540036036;100mN31967E42279;S;NA;1;43;M;M;4049;UEP
057540036036-10415;057540036036;100mN31967E42279;S;OS;1;84;S;F;75XX;NEP
057540036036-10416;057540036036;100mN31967E42279;S;NA;1;19;D;M;1824;NEP
057540036036-10417;057540036036;100mN32017E42252;MC;NA;2;50;M;F;5064;NEP
057540036036-10417;057540036036;100mN32017E42252;MC;NA;2;53;M;M;5064;EMP
057540036036-10418;057540036036;100mN32017E42252;MC;NA;3;33;M;M;3039;NEP
057540036036-10418;057540036036;100mN32017E42252;MC;NA;3;27;M;F;2529;EMP
057540036036-10418;057540036036;100mN32017E42252;MC;NA;3;12;S;M;0614;NEP
057540036036-10419;057540036036;100mN32017E42252;SF;NA;4;16;S;F;1517;NEP
057540036036-10419;057540036036;100mN32017E42252;SF;NA;4;0;S;M;0003;NEP
057540036036-10419;057540036036;100mN32017E42252;SF;NA;4;1;S;F;0003;NEP
057540036036-10419;057540036036;100mN32017E42252;SF;NA;4;0;S;M;0003;NEP
057540036036-10420;057540036036;100mN32017E42252;S;NA;1;16;S;F;1517;EMP
057540036036-10421;057540036036;100mN32017E42252;MC;NA;3;37;M;M;3039;NEP
057540036036-10421;057540036036;100mN32017E42252;MC;NA;3;28;M;F;2529;EMP
057540036036-10421;057540036036;100mN32017E42252;MC;NA;3;8;S;F;0614;NEP
057540036036-10422;057540036036;100mN32017E42252;MC;NA;4;43;M;F;4049;EMP
057540036036-10422;057540036036;100mN32017E42252;MC;NA;4;34;M;M;3039;NEP
057540036036-10422;057540036036;100mN32017E42252;MC;NA;4;3;S;F;0305;NEP
057540036036-10422;057540036036;100mN32017E42252;MC;NA;4;11;S;F;0614;NEP
057540036036-10423;057540036036;100mN32017E42252;MC;NA;4;59;M;M;5064;NEP
057540036036-10423;057540036036;100mN32017E42252;MC;NA;4;55;M;F;5064;EMP
057540036036-10423;057540036036;100mN32017E42252;MC;NA;4;0;S;M;0003;NEP
057540036036-10423;057540036036;100mN32017E42252;MC;NA;4;13;S;M;0614;NEP
057540036036-10424;057540036036;100mN32017E42252;S;NA;1;20;D;F;1824;EMP
057540036036-10425;057540036036;100mN32017E42252;S;NA;1;47;M;F;4049;NEP
057540036036-10426;057540036036;100mN31963E42306;S;NA;1;20;S;M;1824;EMP
057540036036-10427;057540036036;100mN32017E42252;S;OS;1;59;W;F;5064;EMP
057540036036-10428;057540036036;100mN31963E42306;S;NA;1;37;D;M;3039;EMP
057540036036-10429;057540036036;100mN31963E42306;MC;NA;2;36;M;F;3039;NEP
057540036036-10429;057540036036;100mN31963E42306;MC;NA;2;31;M;M;3039;EMP
057540036036-10430;057540036036;100mN31963E42306;S;NA;1;50;S;M;5064;EMP
057540036036-10431;057540036036;100mN31963E42306;MC;NA;5;33;M;M;3039;EMP
057540036036-10431;057540036036;100mN31963E42306;MC;NA;5;32;M;F;3039;NEP
057540036036-10431;057540036036;100mN31963E42306;MC;NA;5;9;S;M;0614;NEP
057540036036-10431;057540036036;100mN31963E42306;MC;NA;5;0;S;M;0003;NEP
057540036036-10431;057540036036;100mN31963E42306;MC;NA;5;3;S;F;0305;NEP
057540036036-10432;057540036036;100mN31963E42306;MC;MIX;5;84;W;M;75XX;EMP
057540036036-10432;057540036036;100mN31963E42306;MC;MIX;5;56;M;M;5064;EMP
057540036036-10432;057540036036;100mN31963E42306;MC;MIX;5;47;M;F;4049;EMP
057540036036-10432;057540036036;100mN31963E42306;MC;MIX;5;16;S;F;1517;EMP
057540036036-10432;057540036036;100mN31963E42306;MC;MIX;5;15;S;M;1517;EMP
057540036036-10433;057540036036;100mN31963E42306;S;NA;1;20;S;M;1824;EMP
057540036036-10434;057540036036;100mN31963E42306;S;NA;1;16;S;F;1517;NEP
057540036036-10435;057540036036;100mN31963E42306;S;NA;1;31;M;M;3039;EMP
057540036036-10436;057540036036;100mN31963E42306;PO;NA;3;50;S;M;5064;EMP
057540036036-10436;057540036036;100mN31963E42306;PO;NA;3;50;S;M;5064;EMP
057540036036-10436;057540036036;100mN31963E42306;PO;NA;3;0;S;F;0003;NEP
057540036036-10437;057540036036;100mN31963E42306;MC;MIX;2;68;M;F;6574;NEP
057540036036-10437;057540036036;100mN31963E42306;MC;MIX;2;40;D;M;4049;EMP
057540036036-10438;057540036036;100mN31963E42306;MC;NA;3;31;M;F;3039;NEP
057540036036-10438;057540036036;100mN31963E42306;MC;NA;3;40;M;M;4049;EMP
057540036036-10438;057540036036;100mN31963E42306;MC;NA;3;3;S;F;0305;NEP
057540036036-10439;057540036036;100mN31963E42306;SF;NA;4;41;S;F;4049;NEP
057540036036-10439;057540036036;100mN31963E42306;SF;NA;4;15;S;M;1517;EMP
057540036036-10439;057540036036;100mN31963E42306;SF;NA;4;4;S;F;0305;NEP
057540036036-10439;057540036036;100mN31963E42306;SF;NA;4;23;S;M;1824;NEP
057540036036-10440;057540036036;100mN31963E42306;S;OS;1;23;M;M;1824;EMP
057540036036-10441;057540036036;100mN31961E42307;S;NA;1;28;S;F;2529;EMP
057540036036-10442;057540036036;100mN31961E42307;S;NA;1;62;W;F;5064;EMP
057540036036-10443;057540036036;100mN31961E42307;MC;NA;2;56;M;M;5064;EMP
057540036036-10443;057540036036;100mN31961E42307;MC;NA;2;50;M;F;5064;EMP
057540036036-10444;057540036036;100mN31961E42307;MC;NA;5;54;M;F;5064;EMP
057540036036-10444;057540036036;100mN31961E42307;MC;NA;5;56;M;M;5064;EMP
057540036036-10444;057540036036;100mN31961E42307;MC;NA;5;26;M;M;2529;EMP
057540036036-10444;057540036036;100mN31961E42307;MC;NA;5;36;S;M;3039;EMP
057540036036-10444;057540036036;100mN31961E42307;MC;NA;5;12;S;M;0614;NEP
057540036036-10445;057540036036;100mN31961E42257;MC;NA;6;44;M;M;4049;EMP
057540036036-10445;057540036036;100mN31961E42257;MC;NA;6;37;M;F;3039;NEP
057540036036-10445;057540036036;100mN31961E42257;MC;NA;6;6;S;M;0614;NEP
057540036036-10445;057540036036;100mN31961E42257;MC;NA;6;18;M;F;1824;EMP
057540036036-10445;057540036036;100mN31961E42257;MC;NA;6;15;S;F;1517;NEP
057540036036-10445;057540036036;100mN31961E42257;MC;NA;6;2;S;F;0003;NEP
057540036036-10446;057540036036;100mN31961E42257;MC;NA;5;20;M;M;1824;EMP
057540036036-10446;057540036036;100mN31961E42257;MC;NA;5;18;M;F;1824;NEP
057540036036-10446;057540036036;100mN31961E42257;MC;NA;5;4;S;F;0305;NEP
057540036036-10446;057540036036;100mN31961E42257;MC;NA;5;3;S;M;0305;NEP
057540036036-10446;057540036036;100mN31961E42257;MC;NA;5;2;S;F;0003;NEP
057540036036-10447;057540036036;100mN31961E42257;S;NA;1;54;M;F;5064;NEP
057540036036-10448;057540036036;100mN31951E42250;MC;NA;2;42;M;F;4049;NEP
057540036036-10448;057540036036;100mN31951E42250;MC;NA;2;43;M;M;4049;EMP
057540036036-10449;057540036036;100mN31951E42250;MC;OS;2;68;M;F;6574;NEP
057540036036-10449;057540036036;100mN31951E42250;MC;OS;2;73;M;M;6574;NEP
057540036036-10450;057540036036;100mN31951E42250;MC;MIX;2;68;M;F;6574;NEP
057540036036-10450;057540036036;100mN31951E42250;MC;MIX;2;6;S;F;0614;NEP
057540036036-10451;057540036036;100mN31961E42282;MC;MIX;5;80;S;M;75XX;EMP
057540036036-10451;057540036036;100mN31961E42282;MC;MIX;5;58;M;M;5064;EMP
057540036036-10451;057540036036;100mN31961E42282;MC;MIX;5;52;M;F;5064;NEP
057540036036-10451;057540036036;100mN31961E42282;MC;MIX;5;10;S;M;0614;NEP
057540036036-10451;057540036036;100mN31961E42282;MC;MIX;5;12;S;F;0614;NEP
057540036036-10452;057540036036;100mN31961E42282;S;NA;1;45;M;M;4049;EMP
057540036036-10453;057540036036;100mN31961E42282;SM;NA;3;18;D;M;1824;EMP
057540036036-10453;057540036036;100mN31961E42282;SM;NA;3;2;S;F;0003;NEP
057540036036-10453;057540036036;100mN31961E42282;SM;NA;3;3;S;M;0305;NEP
057540036036-10454;057540036036;100mN32010E42251;MC;NA;5;61;M;M;5064;NEP
057540036036-10454;057540036036;100mN32010E42251;MC;NA;5;58;M;F;5064;NEP
057540036036-10454;057540036036;100mN32010E42251;MC;NA;5;19;W;M;1824;NEP
057540036036-10454;057540036036;100mN32010E42251;MC;NA;5;46;M;M;4049;EMP
057540036036-10454;057540036036;100mN32010E42251;MC;NA;5;8;S;F;0614;NEP
057540036036-10455;057540036036;100mN32010E42251;PO;OS;2;83;S;M;75XX;EMP
057540036036-10455;057540036036;100mN32010E42251;PO;OS;2;81;S;F;75XX;EMP
057540036036-10456;057540036036;100mN32010E42251;MC;NA;4;21;M;M;1824;EMP
057540036036-10456;057540036036;100mN32010E42251;MC;NA;4;18;M;F;1824;NEP
057540036036-10456;057540036036;100mN32010E42251;MC;NA;4;2;S;M;0003;NEP
057540036036-10456;057540036036;100mN32010E42251;MC;NA;4;4;S;M;0305;NEP
057540036036-10457;057540036036;100mN32010E42251;S;OS;1;37;M;M;3039;EMP
057540036036-10458;057540036036;100mN31967E42276;SF;NA;4;58;D;F;5064;EMP
057540036036-10458;057540036036;100mN31967E42276;SF;NA;4;38;M;F;3039;NEP
057540036036-10458;057540036036;100mN31967E42276;SF;NA;4;1;S;M;0003;NEP
057540036036-10458;057540036036;100mN31967E42276;SF;NA;4;0;S;M;0003;NEP
057540036036-10459;057540036036;100mN31962E42308;S;NA;1;25;W;F;2529;EMP
057540036036-10460;057540036036;100mN31967E42276;MC;NA;6;59;M;M;5064;NEP
057540036036-10460;057540036036;100mN31967E42276;MC;NA;6;59;M;F;5064;EMP
057540036036-10460;057540036036;100mN31967E42276;MC;NA;6;4;S;M;0305;NEP
057540036036-10460;057540036036;100mN31967E42276;MC;NA;6;42;M;M;4049;EMP
057540036036-10460;057540036036;100mN31967E42276;MC;NA;6;3;S;F;0305;NEP
057540036036-10460;057540036036;100mN31967E42276;MC;NA;6;11;S;F;0614;NEP
057540036036-10461;057540036036;100mN31967E42276;S;NA;1;67;S;M;6574;EMP
057540036036-10462;057540036036;100mN31967E42276;S;OS;1;70;W;F;6574;EMP
057540036036-10463;057540036036;100mN31962E42308;S;NA;1;47;S;M;4049;EMP
057540036036-10464;057540036036;100mN31962E42308;MC;NA;4;52;M;M;5064;EMP
057540036036-10464;057540036036;100mN31962E42308;MC;NA;4;52;M;F;5064;EMP
057540036036-10464;057540036036;100mN31962E42308;MC;NA;4;10;S;F;0614;NEP
057540036036-10464;057540036036;100mN31962E42308;MC;NA;4;34;M;M;3039;EMP
057540036036-10465;057540036036;100mN31962E42308;S;NA;1;25;W;F;2529;EMP
057540036036-10466;057540036036;100mN31962E42308;MC;NA;2;44;M;F;4049;EMP
057540036036-10466;057540036036;100mN31962E42308;MC;NA;2;47;M;M;4049;EMP
057540036036-10467;057540036036;100mN31962E42308;PO;NA;4;25;S;M;2529;EMP
057540036036-10467;057540036036;100mN31962E42308;PO;NA;4;22;S;F;1824;EMP
057540036036-10467;057540036036;100mN31962E42308;PO;NA;4;10;S;F;0614;NEP
057540036036-10467;057540036036;100mN31962E42308;PO;NA;4;7;S;F;0614;NEP
057540036036-10468;057540036036;100mN31962E42308;MC;OS;2;82;M;F;75XX;EMP
057540036036-10468;057540036036;100mN31962E42308;MC;OS;2;76;M;M;75XX;EMP
057540036036-10469;057540036036;100mN31962E42308;S;NA;1;28;M;F;2529;NEP
057540036036-10470;057540036036;100mN31962E42308;MC;NA;2;45;M;M;4049;NEP
057540036036-10470;057540036036;100mN31962E42308;MC;NA;2;41;M;F;4049;EMP
057540036036-10471;057540036036;100mN31962E42308;MC;MIX;2;72;M;F;6574;NEP
057540036036-10471;057540036036;100mN31962E42308;MC;MIX;2;44;M;M;4049;NEP
057540036036-10472;057540036036;100mN31962E42308;S;NA;1;45;M;F;4049;NEP
057540036036-10473;057540036036;100mN31962E42308;MC;NA;4;48;M;F;4049;NEP
057540036036-10473;057540036036;100mN31962E42308;MC;NA;4;50;M;M;5064;EMP
057540036036-10473;057540036036;100mN31962E42308;MC;NA;4;30;M;M;3039;EMP
057540036036-10473;057540036036;100mN31962E42308;MC;NA;4;12;S;M;0614;NEP
057540036036-10474;057540036036;100mN31962E42308;SF;NA;2;55;W;F;5064;NEP
057540036036-10474;057540036036;100mN31962E42308;SF;NA;2;30;S;M;3039;NEP
057540036036-10475;057540036036;100mN31962E42308;S;NA;1;58;S;M;5064;EMP
057540036036-10476;057540036036;100mN31962E42308;MC;NA;2;23;M;M;1824;UEP
057540036036-10476;057540036036;100mN31962E42308;MC;NA;2;31;M;F;3039;EMP
057540036036-10477;057540036036;100mN31962E42308;S;OS;1;55;D;F;5064;NEP
057540036036-10478;057540036036;100mN31962E42308;MC;OS;6;78;M;M;75XX;EMP
057540036036-10478;057540036036;100mN31962E42308;MC;OS;6;81;M;F;75XX;NEP
057540036036-10478;057540036036;100mN31962E42308;MC;OS;6;67;M;M;6574;NEP
057540036036-10478;057540036036;100mN31962E42308;MC;OS;6;84;M;M;75XX;NEP
057540036036-10478;057540036036;100mN31962E42308;MC;OS;6;66;W;F;6574;NEP
057540036036-10478;057540036036;100mN31962E42308;MC;OS;6;85;M;M;75XX;NEP
057540036036-10479;057540036036;100mN31962E42308;MC;NA;2;34;M;F;3039;NEP
057540036036-10479;057540036036;100mN31962E42308;MC;NA;2;35;M;M;3039;EMP
057540036036-10480;057540036036;100mN31962E42308;PO;NA;3;51;S;M;5064;EMP
057540036036-10480;057540036036;100mN31962E42308;PO;NA;3;18;S;F;1824;EMP
057540036036-10480;057540036036;100mN31962E42308;PO;NA;3;11;S;F;0614;NEP
057540036036-10481;057540036036;100mN31962E42308;PO;OS;3;72;S;M;6574;EMP
057540036036-10481;057540036036;100mN31962E42308;PO;OS;3;69;S;M;6574;NEP
057540036036-10481;057540036036;100mN31962E42308;PO;OS;3;68;M;F;6574;EMP
057540036036-10482;057540036036;100mN31962E42308;MC;NA;2;57;M;M;5064;NEP
057540036036-10482;057540036036;100mN31962E42308;MC;NA;2;62;M;F;5064;NEP
057540036036-10483;057540036036;100mN31962E42308;SF;NA;4;25;S;F;2529;EMP
057540036036-10483;057540036036;100mN31962E42308;SF;NA;4;9;S;M;0614;NEP
057540036036-10483;057540036036;100mN31962E42308;SF;NA;4;4;S;F;0305;NEP
057540036036-10483;057540036036;100mN31962E42308;SF;NA;4;10;S;F;0614;NEP
057540036036-10484;057540036036;100mN31962E42308;PO;NA;3;63;S;F;5064;EMP
057540036036-10484;057540036036;100mN31962E42308;PO;NA;3;43;M;M;4049;EMP
057540036036-10484;057540036036;100mN31962E42308;PO;NA;3;23;M;F;1824;EMP
057540036036-10485;057540036036;100mN31962E42308;MC;NA;2;37;M;M;3039;EMP
057540036036-10485;057540036036;100mN31962E42308;MC;NA;2;32;M;F;3039;NEP
057540036036-10486;057540036036;100mN31962E42308;MC;NA;3;62;M;M;5064;NEP
057540036036-10486;057540036036;100mN31962E42308;MC;NA;3;59;M;F;5064;EMP
057540036036-10486;057540036036;100mN31962E42308;MC;NA;3;3;S;M;0305;NEP
057540036036-10487;057540036036;100mN31962E42308;SF;NA;4;56;W;F;5064;NEP
057540036036-10487;057540036036;100mN31962E42308;SF;NA;4;3;S;F;0305;NEP
057540036036-10487;057540036036;100mN31962E42308;SF;NA;4;12;S;M;0614;NEP
057540036036-10487;057540036036;100mN31962E42308;SF;NA;4;23;W;F;1824;EMP
057540036036-10488;057540036036;100mN31962E42308;SF;NA;4;19;W;F;1824;NEP
057540036036-10488;057540036036;100mN31962E42308;SF;NA;4;3;S;M;0305;NEP
057540036036-10488;057540036036;100mN31962E42308;SF;NA;4;0;S;F;0003;NEP
057540036036-10488;057540036036;100mN31962E42308;SF;NA;4;3;S;M;0305;NEP
057540036036-10489;057540036036;100mN31962E42308;SF;MIX;2;71;S;F;6574;EMP
057540036036-10489;057540036036;100mN31962E42308;SF;MIX;2;50;D;M;5064;NEP
057540036036-10490;057540036036;100mN31962E42308;MC;NA;2;62;M;M;5064;EMP
057540036036-10490;057540036036;100mN31962E42308;MC;NA;2;22;M;F;1824;EMP
057540036036-10491;057540036036;100mN31962E42308;SF;NA;4;45;W;F;4049;EMP
057540036036-10491;057540036036;100mN31962E42308;SF;NA;4;11;S;F;0614;NEP
057540036036-10491;057540036036;100mN31962E42308;SF;NA;4;6;S;F;0614;NEP
057540036036-10491;057540036036;100mN31962E42308;SF;NA;4;3;S;F;0305;NEP
057540036036-10492;057540036036;100mN31962E42308;SF;NA;2;58;W;F;5064;EMP
057540036036-10492;057540036036;100mN31962E42308;SF;NA;2;6;S;M;0614;NEP
057540036036-10493;057540036036;100mN31962E42308;S;NA;1;82;M;F;75XX;NEP
057540036036-10494;057540036036;100mN31999E42256;S;NA;1;33;S;M;3039;EMP
057540036036-10495;057540036036;100mN31962E42308;MC;NA;2;25;M;F;2529;EMP
057540036036-10495;057540036036;100mN31962E42308;MC;NA;2;22;M;M;1824;NEP
057540036036-10496;057540036036;100mN31962E42308;S;NA;1;48;W;F;4049;EMP
057540036036-10497;057540036036;100mN31962E42308;MC;NA;3;40;M;M;4049;EMP
057540036036-10497;057540036036;100mN31962E42308;MC;NA;3;33;M;F;3039;EMP
057540036036-10497;057540036036;100mN31962E42308;MC;NA;3;15;S;M;1517;EMP
057540036036-10498;057540036036;100mN31962E42308;S;OS;1;54;M;M;5064;EMP
057540036036-10499;057540036036;100mN31962E42308;MC;NA;2;25;M;F;2529;NEP
057540036036-10499;057540036036;100mN31962E42308;MC;NA;2;25;M;M;2529;EMP
057540036036-10500;057540036036;100mN31962E42308;PO;NA;2;23;S;M;1824;NEP
057540036036-10500;057540036036;100mN31962E42308;PO;NA;2;22;S;F;1824;NEP
057540036036-10501;057540036036;100mN31962E42308;S;OS;1;67;M;F;6574;EMP
057540036036-10502;057540036036;100mN31962E42308;MC;MIX;2;72;M;F;6574;EMP
057540036036-10502;057540036036;100mN31962E42308;MC;MIX;2;51;M;F;5064;NEP
057540036036-10503;057540036036;100mN31951E42251;MC;NA;2;45;M;M;4049;EMP
057540036036-10503;057540036036;100mN31951E42251;MC;NA;2;40;M;F;4049;EMP
057540036036-10504;057540036036;100mN31951E42251;MC;NA;3;40;M;M;4049;EMP
057540036036-10504;057540036036;100mN31951E42251;MC;NA;3;32;M;F;3039;NEP
057540036036-10504;057540036036;100mN31951E42251;MC;NA;3;21;M;M;1824;EMP
057540036036-10505;057540036036;100mN31951E42251;S;OS;1;46;M;F;4049;EMP
057540036036-10506;057540036036;100mN31999E42256;SF;NA;4;47;S;F;4049;EMP
057540036036-10506;057540036036;100mN31999E42256;SF;NA;4;8;S;M;0614;NEP
057540036036-10506;057540036036;100mN31999E42256;SF;NA;4;15;S;M;1517;EMP
057540036036-10506;057540036036;100mN31999E42256;SF;NA;4;9;S;M;0614;NEP
057540036036-10507;057540036036;100mN31999E42256;MC;NA;6;40;M;F;4049;NEP
057540036036-10507;057540036036;100mN31999E42256;MC;NA;6;46;M;M;4049;EMP
057540036036-10507;057540036036;100mN31999E42256;MC;NA;6;16;S;M;1517;EMP
057540036036-10507;057540036036;100mN31999E42256;MC;NA;6;23;M;M;1824;EMP
057540036036-10507;057540036036;100mN31999E42256;MC;NA;6;16;S;M;1517;EMP
057540036036-10507;057540036036;100mN31999E42256;MC;NA;6;6;S;F;0614;NEP
057540036036-10508;057540036036;100mN31999E42256;MC;NA;2;43;M;M;4049;EMP
057540036036-10508;057540036036;100mN31999E42256;MC;NA;2;40;M;F;4049;NEP
057540036036-10509;057540036036;100mN31999E42256;S;NA;1;28;M;M;2529;EMP
057540036036-10510;057540036036;100mN31999E42256;MC;NA;5;44;M;F;4049;NEP
057540036036-10510;057540036036;100mN31999E42256;MC;NA;5;52;M;M;5064;EMP
057540036036-10510;057540036036;100mN31999E42256;MC;NA;5;22;D;M;1824;EMP
057540036036-10510;057540036036;100mN31999E42256;MC;NA;5;27;S;M;2529;EMP
057540036036-10510;057540036036;100mN31999E42256;MC;NA;5;4;S;M;0305;NEP
057540036036-10511;057540036036;100mN31999E42256;PO;NA;4;44;S;M;4049;EMP
057540036036-10511;057540036036;100mN31999E42256;PO;NA;4;44;S;M;4049;EMP
057540036036-10511;057540036036;100mN31999E42256;PO;NA;4;6;S;M;0614;NEP
057540036036-10511;057540036036;100mN31999E42256;PO;NA;4;18;M;F;1824;NEP
057540036036-10512;057540036036;100mN31999E42256;MC;NA;4;50;M;M;5064;EMP
057540036036-10512;057540036036;100mN31999E42256;MC;NA;4;52;M;F;5064;EMP
057540036036-10512;057540036036;100mN31999E42256;MC;NA;4;21;M;M;1824;EMP
057540036036-10512;057540036036;100mN31999E42256;MC;NA;4;13;S;F;0614;NEP
057540036036-10513;057540036036;100mN31999E42256;PO;OS;2;72;S;M;6574;NEP
057540036036-10513;057540036036;100mN31999E42256;PO;OS;2;68;S;F;6574;EMP
057540036036-10514;057540036036;100mN31999E42256;MC;NA;4;53;M;M;5064;NEP
057540036036-10514;057540036036;100mN31999E42256;MC;NA;4;46;M;F;4049;EMP
057540036036-10514;057540036036;100mN31999E42256;MC;NA;4;4;S;F;0305;NEP
057540036036-10514;057540036036;100mN31999E42256;MC;NA;4;7;S;F;0614;NEP
057540036036-10515;057540036036;100mN31999E42256;MC;NA;3;40;M;M;4049;EMP
057540036036-10515;057540036036;100mN31999E42256;MC;NA;3;37;M;F;3039;NEP
057540036036-10515;057540036036;100mN31999E42256;MC;NA;3;25;M;M;2529;EMP
057540036036-10516;057540036036;100mN31999E42256;MC;NA;3;60;M;M;5064;NEP
057540036036-10516;057540036036;100mN31999E42256;MC;NA;3;83;W;F;75XX;EMP
057540036036-10516;057540036036;100mN31999E42256;MC;NA;3;13;S;M;0614;NEP
057540036036-10517;057540036036;100mN32013E42229;S;OS;1;47;M;F;4049;EMP
057540036036-10518;057540036036;100mN31999E42256;MC;OS;2;72;M;M;6574;EMP
057540036036-10518;057540036036;100mN31999E42256;MC;OS;2;66;M;F;6574;EMP
057540036036-10519;057540036036;100mN31999E42256;S;NA;1;33;S;M;3039;EMP
057540036036-10520;057540036036;100mN31999E42256;MC;NA;6;28;M;M;2529;EMP
057540036036-10520;057540036036;100mN31999E42256;MC;NA;6;31;M;F;3039;NEP
057540036036-10520;057540036036;100mN31999E42256;MC;NA;6;13;S;F;0614;NEP
057540036036-10520;057540036036;100mN31999E42256;MC;NA;6;11;S;F;0614;NEP
057540036036-10520;057540036036;100mN31999E42256;MC;NA;6;7;S;M;0614;NEP
057540036036-10520;057540036036;100mN31999E42256;MC;NA;6;0;S;M;0003;NEP
057540036036-10521;057540036036;100mN31999E42256;PO;MIX;3;83;S;F;75XX;EMP
057540036036-10521;057540036036;100mN31999E42256;PO;MIX;3;46;S;M;4049;EMP
057540036036-10521;057540036036;100mN31999E42256;PO;MIX;3;41;S;F;4049;NEP
057540036036-10522;057540036036;100mN31999E42256;MC;NA;4;58;M;F;5064;NEP
057540036036-10522;057540036036;100mN31999E42256;MC;NA;4;61;M;M;5064;EMP
057540036036-10522;057540036036;100mN31999E42256;MC;NA;4;12;S;F;0614;NEP
057540036036-10522;057540036036;100mN31999E42256;MC;NA;4;11;S;F;0614;NEP
057540036036-10523;057540036036;100mN31999E42256;S;OS;1;25;M;F;2529;NEP
057540036036-10524;057540036036;100mN31999E42256;MC;NA;6;60;M;M;5064;EMP
057540036036-10524;057540036036;100mN31999E42256;MC;NA;6;36;M;F;3039;NEP
057540036036-10524;057540036036;100mN31999E42256;MC;NA;6;45;W;F;4049;EMP
057540036036-10524;057540036036;100mN31999E42256;MC;NA;6;10;S;M;0614;NEP
057540036036-10524;057540036036;100mN31999E42256;MC;NA;6;44;S;M;4049;NEP
057540036036-10524;057540036036;100mN31999E42256;MC;NA;6;44;S;M;4049;NEP
057540036036-10525;057540036036;100mN31999E42256;S;NA;1;30;S;M;3039;EMP
057540036036-10526;057540036036;100mN31999E42256;SF;NA;4;66;S;F;6574;NEP
057540036036-10526;057540036036;100mN31999E42256;SF;NA;4;11;S;F;0614;NEP
057540036036-10526;057540036036;100mN31999E42256;SF;NA;4;31;S;M;3039;EMP
057540036036-10526;057540036036;100mN31999E42256;SF;NA;4;13;S;M;0614;NEP
057540036036-10527;057540036036;100mN31999E42256;S;NA;1;48;S;M;4049;NEP
057540036036-10528;057540036036;100mN31999E42256;MC;MIX;2;71;M;M;6574;EMP
057540036036-10528;057540036036;100mN31999E42256;MC;MIX;2;56;M;M;5064;EMP
057540036036-10529;057540036036;100mN31999E42256;MC;OS;3;75;M;F;75XX;EMP
057540036036-10529;057540036036;100mN31999E42256;MC;OS;3;79;M;M;75XX;EMP
057540036036-10529;057540036036;100mN31999E42256;MC;OS;3;85;S;M;75XX;EMP
057540036036-10530;057540036036;100mN31999E42256;SF;NA;3;22;W;F;1824;NEP
057540036036-10530;057540036036;100mN31999E42256;SF;NA;3;0;S;F;0003;NEP
057540036036-10530;057540036036;100mN31999E42256;SF;NA;3;2;S;F;0003;NEP
057540036036-10531;057540036036;100mN31999E42256;SF;NA;4;23;S;F;1824;EMP
057540036036-10531;057540036036;100mN31999E42256;SF;NA;4;4;S;M;0305;NEP
057540036036-10531;057540036036;100mN31999E42256;SF;NA;4;6;S;M;0614;NEP
057540036036-10531;057540036036;100mN31999E42256;SF;NA;4;3;S;M;0305;NEP
057540036036-10532;057540036036;100mN31999E42256;MC;NA;2;41;M;M;4049;EMP
057540036036-10532;057540036036;100mN31999E42256;MC;NA;2;38;M;F;3039;EMP
057540036036-10533;057540036036;100mN31961E42302;MC;NA;2;54;M;M;5064;NEP
057540036036-10533;057540036036;100mN31961E42302;MC;NA;2;69;M;F;6574;NEP
057540036036-10534;057540036036;100mN31961E42302;PO;NA;4;62;S;M;5064;EMP
057540036036-10534;057540036036;100mN31961E42302;PO;NA;4;62;S;M;5064;NEP
057540036036-10534;057540036036;100mN31961E42302;PO;NA;4;6;S;M;0614;NEP
057540036036-10534;057540036036;100mN31961E42302;PO;NA;4;4;S;M;0305;NEP
057540036036-10535;057540036036;100mN31961E42302;S;NA;1;51;S;M;5064;NEP
057540036036-10536;057540036036;100mN31967E42280;S;OS;1;66;S;F;6574;NEP
057540036036-10537;057540036036;100mN31967E42280;MC;NA;2;42;M;F;4049;EMP
057540036036-10537;057540036036;100mN31967E42280;MC;NA;2;48;M;M;4049;EMP
057540036036-10538;057540036036;100mN31967E42280;PO;NA;4;54;S;M;5064;EMP
057540036036-10538;057540036036;100mN31967E42280;PO;NA;4;52;S;F;5064;EMP
057540036036-10538;057540036036;100mN31967E42280;PO;NA;4;6;S;M;0614;NEP
057540036036-10538;057540036036;100mN31967E42280;PO;NA;4;26;S;F;2529;EMP
057540036036-10539;057540036036;100mN31951E42252;SM;NA;4;59;S;M;5064;EMP
057540036036-10539;057540036036;100mN31951E42252;SM;NA;4;43;W;F;4049;NEP
057540036036-10539;057540036036;100mN31951E42252;SM;NA;4;42;M;M;4049;EMP
057540036036-10539;057540036036;100mN31951E42252;SM;NA;4;22;S;M;1824;NEP
057540036036-10540;057540036036;100mN32000E42258;PO;NA;2;56;S;M;5064;EMP
057540036036-10540;057540036036;100mN32000E42258;PO;NA;2;55;S;M;5064;NEP
057540036036-10541;057540036036;100mN31951E42252;MC;NA;3;50;M;F;5064;NEP
057540036036-10541;057540036036;100mN31951E42252;MC;NA;3;61;M;M;5064;EMP
057540036036-10541;057540036036;100mN31951E42252;MC;NA;3;22;S;M;1824;EMP
057540036036-10542;057540036036;100mN31967E42297;MC;NA;2;46;M;M;4049;EMP
057540036036-10542;057540036036;100mN31967E42297;MC;NA;2;44;M;F;4049;EMP
057540036036-10543;057540036036;100mN31967E42297;S;NA;1;60;M;F;5064;EMP
057540036036-10544;057540036036;100mN31967E42297;MC;MIX;2;69;M;M;6574;NEP
057540036036-10544;057540036036;100mN31967E42297;MC;MIX;2;76;W;F;75XX;NEP
057540036036-10545;057540036036;100mN31967E42297;PC;OS;2;66;P;F;6574;EMP
057540036036-10545;057540036036;100mN31967E42297;PC;OS;2;77;P;F;75XX;NEP
057540036036-10546;057540036036;100mN32014E42239;SM;NA;2;60;S;M;5064;NEP
057540036036-10546;057540036036;100mN32014E42239;SM;NA;2;45;W;F;4049;EMP
057540036036-10547;057540036036;100mN32011E42280;MC;NA;4;57;M;F;5064;EMP
057540036036-10547;057540036036;100mN32011E42280;MC;NA;4;50;M;M;5064;EMP
057540036036-10547;057540036036;100mN32011E42280;MC;NA;4;13;S;F;0614;NEP
057540036036-10547;057540036036;100mN32011E42280;MC;NA;4;12;S;M;0614;NEP
057540036036-10548;057540036036;100mN31977E42269;S;NA;1;40;M;M;4049;EMP
057540036036-10549;057540036036;100mN31977E42268;MC;MIX;2;76;M;M;75XX;EMP
057540036036-10549;057540036036;100mN31977E42268;MC;MIX;2;42;W;F;4049;EMP
057540036036-10550;057540036036;100mN32016E42235;MC;MIX;5;66;S;F;6574;EMP
057540036036-10550;057540036036;100mN32016E42235;MC;MIX;5;31;M;F;3039;NEP
057540036036-10550;057540036036;100mN32016E42235;MC;MIX;5;40;M;M;4049;EMP
057540036036-10550;057540036036;100mN32016E42235;MC;MIX;5;16;S;F;1517;EMP
057540036036-10550;057540036036;100mN32016E42235;MC;MIX;5;10;S;M;0614;NEP
057540036036-10551;057540036036;100mN32002E42285;PO;OS;2;85;S;M;75XX;EMP
057540036036-10551;057540036036;100mN32002E42285;PO;OS;2;81;S;F;75XX;NEP
057540036036-10552;057540036036;100mN32013E42226;PO;OS;3;70;S;F;6574;EMP
057540036036-10552;057540036036;100mN32013E42226;PO;OS;3;65;S;F;6574;EMP
057540036036-10552;057540036036;100mN32013E42226;PO;OS;3;86;M;F;75XX;EMP
057540036036-10553;057540036036;100mN31977E42265;MC;NA;6;50;M;F;5064;EMP
057540036036-10553;057540036036;100mN31977E42265;MC;NA;6;47;M;M;4049;EMP
057540036036-10553;057540036036;100mN31977E42265;MC;NA;6;6;S;F;0614;NEP
057540036036-10553;057540036036;100mN31977E42265;MC;NA;6;26;S;F;2529;EMP
057540036036-10553;057540036036;100mN31977E42265;MC;NA;6;7;S;M;0614;NEP
057540036036-10553;057540036036;100mN31977E42265;MC;NA;6;13;S;M;0614;NEP
057540036036-10554;057540036036;100mN31977E42259;S;NA;1;61;M;F;5064;EMP
057540036036-10555;057540036036;100mN32013E42229;S;OS;1;47;M;F;4049;EMP
057540036036-10556;057540036036;100mN32016E42249;S;NA;1;30;M;M;3039;EMP
057540036036-10557;057540036036;100mN32014E42248;MC;NA;3;43;M;F;4049;EMP
057540036036-10557;057540036036;100mN32014E42248;MC;NA;3;43;M;M;4049;EMP
057540036036-10557;057540036036;100mN32014E42248;MC;NA;3;15;S;F;1517;EMP
057540036036-10558;057540036036;100mN31977E42251;MC;NA;6;33;M;M;3039;UEP
057540036036-10558;057540036036;100mN31977E42251;MC;NA;6;30;M;F;3039;NEP
057540036036-10558;057540036036;100mN31977E42251;MC;NA;6;12;S;M;0614;NEP
057540036036-10558;057540036036;100mN31977E42251;MC;NA;6;18;M;M;1824;EMP
057540036036-10558;057540036036;100mN31977E42251;MC;NA;6;12;S;F;0614;NEP
057540036036-10558;057540036036;100mN31977E42251;MC;NA;6;2;S;F;0003;NEP
057540036036-10559;057540036036;100mN32011E42284;MC;MIX;2;70;M;F;6574;EMP
057540036036-10559;057540036036;100mN32011E42284;MC;MIX;2;78;S;M;75XX;NEP
057540036036-10560;057540036036;100mN32014E42228;PO;NA;2;45;S;M;4049;EMP
057540036036-10560;057540036036;100mN32014E42228;PO;NA;2;43;S;M;4049;NEP
057540036036-10561;057540036036;100mN32017E42239;PO;OS;4;82;S;F;75XX;NEP
057540036036-10561;057540036036;100mN32017E42239;PO;OS;4;89;S;F;75XX;EMP
057540036036-10561;057540036036;100mN32017E42239;PO;OS;4;66;D;M;6574;EMP
057540036036-10561;057540036036;100mN32017E42239;PO;OS;4;72;M;F;6574;EMP
057540036036-10562;057540036036;100mN31988E42298;S;OS;1;28;D;M;2529;EMP
057540036036-10563;057540036036;100mN32017E42231;MC;NA;2;52;M;M;5064;EMP
057540036036-10563;057540036036;100mN32017E42231;MC;NA;2;50;M;F;5064;EMP
057540036036-10564;057540036036;100mN31957E42259;SF;NA;2;65;D;F;6574;EMP
057540036036-10564;057540036036;100mN31957E42259;SF;NA;2;10;S;F;0614;NEP
057540036036-10565;057540036036;100mN32005E42254;MC;OS;3;78;M;F;75XX;NEP
057540036036-10565;057540036036;100mN32005E42254;MC;OS;3;80;M;M;75XX;EMP
057540036036-10565;057540036036;100mN32005E42254;MC;OS;3;89;S;F;75XX;EMP
057540036036-10566;057540036036;100mN31977E42286;S;OS;1;51;W;F;5064;NEP
057540036036-10567;057540036036;100mN32017E42246;MC;NA;4;26;M;F;2529;NEP
057540036036-10567;057540036036;100mN32017E42246;MC;NA;4;25;M;M;2529;EMP
057540036036-10567;057540036036;100mN32017E42246;MC;NA;4;1;S;F;0003;NEP
057540036036-10567;057540036036;100mN32017E42246;MC;NA;4;1;S;M;0003;NEP
057540036036-10568;057540036036;100mN32005E42253;MC;NA;5;47;M;M;4049;EMP
057540036036-10568;057540036036;100mN32005E42253;MC;NA;5;45;M;F;4049;EMP
057540036036-10568;057540036036;100mN32005E42253;MC;NA;5;1;S;M;0003;NEP
057540036036-10568;057540036036;100mN32005E42253;MC;NA;5;20;D;M;1824;NEP
057540036036-10568;057540036036;100mN32005E42253;MC;NA;5;18;W;F;1824;EMP
057540036036-10569;057540036036;100mN32011E42227;MC;NA;3;44;M;F;4049;NEP
057540036036-10569;057540036036;100mN32011E42227;MC;NA;3;48;M;M;4049;EMP
057540036036-10569;057540036036;100mN32011E42227;MC;NA;3;26;S;M;2529;EMP
057540036036-10570;057540036036;100mN31977E42290;SF;MIX;3;67;M;F;6574;EMP
057540036036-10570;057540036036;100mN31977E42290;SF;MIX;3;48;D;F;4049;EMP
057540036036-10570;057540036036;100mN31977E42290;SF;MIX;3;13;S;M;0614;NEP
057540036036-10571;057540036036;100mN32002E42286;MC;NA;4;35;M;M;3039;EMP
057540036036-10571;057540036036;100mN32002E42286;MC;NA;4;33;M;F;3039;EMP
057540036036-10571;057540036036;100mN32002E42286;MC;NA;4;19;W;F;1824;NEP
057540036036-10571;057540036036;100mN32002E42286;MC;NA;4;20;S;M;1824;EMP
057540036036-10572;057540036036;100mN32002E42291;S;NA;1;46;M;F;4049;NEP
057540036036-10573;057540036036;100mN32008E42248;SF;NA;2;53;W;F;5064;NEP
057540036036-10573;057540036036;100mN32008E42248;SF;NA;2;4;S;M;0305;NEP
057540036036-10574;057540036036;100mN32008E42230;S;NA;1;34;D;F;3039;NEP
057540036036-10575;057540036036;100mN32011E42288;MC;NA;2;34;M;F;3039;NEP
057540036036-10575;057540036036;100mN32011E42288;MC;NA;2;46;M;M;4049;EMP
057540036036-10576;057540036036;100mN32013E42225;NA;NA;3;44;M;M;4049;NEP
057540036036-10576;057540036036;100mN32013E42225;NA;NA;3;35;M;M;3039;EMP
057540036036-10576;057540036036;100mN32013E42225;NA;NA;3;84;M;M;75XX;NEP
057540036036-10577;057540036036;100mN32015E42289;S;NA;1;40;M;F;4049;EMP
057540036036-10578;057540036036;100mN32014E42249;MC;NA;2;43;M;M;4049;NEP
057540036036-10578;057540036036;100mN32014E42249;MC;NA;2;38;M;F;3039;EMP
057540036036-10579;057540036036;100mN32014E42229;PO;NA;2;50;S;F;5064;EMP
057540036036-10579;057540036036;100mN32014E42229;PO;NA;2;54;S;F;5064;EMP
057540036036-10580;057540036036;100mN32005E42231;MC;NA;5;56;M;M;5064;EMP
057540036036-10580;057540036036;100mN32005E42231;MC;NA;5;47;M;F;4049;NEP
057540036036-10580;057540036036;100mN32005E42231;MC;NA;5;11;S;M;0614;NEP
057540036036-10580;057540036036;100mN32005E42231;MC;NA;5;30;D;M;3039;NEP
057540036036-10580;057540036036;100mN32005E42231;MC;NA;5;41;S;M;4049;UEP
057540036036-10581;057540036036;100mN32016E42247;MC;NA;3;62;M;F;5064;NEP
057540036036-10581;057540036036;100mN32016E42247;MC;NA;3;63;M;M;5064;EMP
057540036036-10581;057540036036;100mN32016E42247;MC;NA;3;16;S;F;1517;EMP
057540036036-10582;057540036036;100mN32000E42256;MC;OS;2;77;M;M;75XX;EMP
057540036036-10582;057540036036;100mN32000E42256;MC;OS;2;73;M;F;6574;EMP
057540036036-10583;057540036036;100mN31977E42252;S;NA;1;54;M;F;5064;NEP
057540036036-10584;057540036036;100mN32008E42225;MC;NA;3;57;M;M;5064;EMP
057540036036-10584;057540036036;100mN32008E42225;MC;NA;3;50;M;F;5064;EMP
057540036036-10584;057540036036;100mN32008E42225;MC;NA;3;26;M;M;2529;EMP
057540036036-10585;057540036036;100mN32000E42273;PO;NA;2;41;S;F;4049;NEP
057540036036-10585;057540036036;100mN32000E42273;PO;NA;2;48;S;F;4049;EMP
057540036036-10586;057540036036;100mN32016E42255;S;NA;1;16;S;F;1517;EMP
057540036036-10587;057540036036;100mN32016E42289;SF;NA;4;40;S;F;4049;NEP
057540036036-10587;057540036036;100mN32016E42289;SF;NA;4;13;S;M;0614;NEP
057540036036-10587;057540036036;100mN32016E42289;SF;NA;4;22;D;F;1824;EMP
057540036036-10587;057540036036;100mN32016E42289;SF;NA;4;11;S;M;0614;NEP
057540036036-10588;057540036036;100mN32002E42302;MC;NA;2;45;M;F;4049;NEP
057540036036-10588;057540036036;100mN32002E42302;MC;NA;2;52;M;M;5064;EMP
057540036036-10589;057540036036;100mN32011E42279;SF;NA;2;25;S;F;2529;EMP
057540036036-10589;057540036036;100mN32011E42279;SF;NA;2;6;S;M;0614;NEP
057540036036-10590;057540036036;100mN31977E42249;MC;NA;2;42;M;F;4049;NEP
057540036036-10590;057540036036;100mN31977E42249;MC;NA;2;45;M;M;4049;EMP
057540036036-10591;057540036036;100mN32013E42236;MC;NA;3;40;M;F;4049;EMP
057540036036-10591;057540036036;100mN32013E42236;MC;NA;3;43;M;M;4049;EMP
057540036036-10591;057540036036;100mN32013E42236;MC;NA;3;0;S;F;0003;NEP
057540036036-10592;057540036036;100mN32013E42228;S;NA;1;47;S;M;4049;NEP
057540036036-10593;057540036036;100mN32014E42250;MC;NA;2;20;M;F;1824;EMP
057540036036-10593;057540036036;100mN32014E42250;MC;NA;2;18;M;M;1824;NEP
057540036036-10594;057540036036;100mN32000E42297;S;OS;1;34;M;M;3039;EMP
057540036036-10595;057540036036;100mN31957E42253;MC;NA;2;48;M;M;4049;EMP
057540036036-10595;057540036036;100mN31957E42253;MC;NA;2;47;M;F;4049;EMP
057540036036-10596;057540036036;100mN31977E42246;S;NA;1;48;W;M;4049;NEP
057540036036-10597;057540036036;100mN32016E42252;MC;NA;3;45;M;F;4049;NEP
057540036036-10597;057540036036;100mN32016E42252;MC;NA;3;38;M;M;3039;EMP
057540036036-10597;057540036036;100mN32016E42252;MC;NA;3;22;W;M;1824;EMP
057540036036-10598;057540036036;100mN31957E42254;SF;NA;4;53;S;F;5064;EMP
057540036036-10598;057540036036;100mN31957E42254;SF;NA;4;1;S;F;0003;NEP
057540036036-10598;057540036036;100mN31957E42254;SF;NA;4;18;S;M;1824;EMP
057540036036-10598;057540036036;100mN31957E42254;SF;NA;4;32;S;M;3039;NEP
057540036036-10599;057540036036;100mN31952E42248;MC;NA;4;30;M;M;3039;NEP
057540036036-10599;057540036036;100mN31952E42248;MC;NA;4;30;M;F;3039;NEP
057540036036-10599;057540036036;100mN31952E42248;MC;NA;4;15;S;F;1517;NEP
057540036036-10599;057540036036;100mN31952E42248;MC;NA;4;6;S;M;0614;NEP
057540036036-10600;057540036036;100mN32016E42290;SM;NA;4;53;S;M;5064;EMP
057540036036-10600;057540036036;100mN32016E42290;SM;NA;4;0;S;M;0003;NEP
057540036036-10600;057540036036;100mN32016E42290;SM;NA;4;15;S;M;1517;EMP
057540036036-10600;057540036036;100mN32016E42290;SM;NA;4;10;S;M;0614;NEP
057540036036-10601;057540036036;100mN32016E42288;MC;NA;3;59;M;F;5064;EMP
057540036036-10601;057540036036;100mN32016E42288;MC;NA;3;56;M;M;5064;NEP
057540036036-10601;057540036036;100mN32016E42288;MC;NA;3;20;S;F;1824;NEP
057540036036-10602;057540036036;100mN32011E42289;PO;OS;2;67;S;M;6574;EMP
057540036036-10602;057540036036;100mN32011E42289;PO;OS;2;66;S;F;6574;NEP
057540036036-10603;057540036036;100mN32002E42298;MC;OS;3;66;M;M;6574;NEP
057540036036-10603;057540036036;100mN32002E42298;MC;OS;3;89;M;F;75XX;EMP
057540036036-10603;057540036036;100mN32002E42298;MC;OS;3;89;M;F;75XX;NEP
057540036036-10604;057540036036;100mN31977E42260;SF;NA;2;70;S;F;6574;NEP
057540036036-10604;057540036036;100mN31977E42260;SF;NA;2;47;S;M;4049;EMP
057540036036-10605;057540036036;100mN32019E42230;MC;NA;5;50;M;F;5064;EMP
057540036036-10605;057540036036;100mN32019E42230;MC;NA;5;55;M;M;5064;NEP
057540036036-10605;057540036036;100mN32019E42230;MC;NA;5;10;S;M;0614;NEP
057540036036-10605;057540036036;100mN32019E42230;MC;NA;5;21;M;M;1824;EMP
057540036036-10605;057540036036;100mN32019E42230;MC;NA;5;33;S;F;3039;NEP
057540036036-10606;057540036036;100mN32011E42228;MC;NA;2;51;M;F;5064;NEP
057540036036-10606;057540036036;100mN32011E42228;MC;NA;2;51;M;M;5064;EMP
057540036036-10607;057540036036;100mN32017E42230;SF;NA;4;48;W;F;4049;NEP
057540036036-10607;057540036036;100mN32017E42230;SF;NA;4;11;S;F;0614;NEP
057540036036-10607;057540036036;100mN32017E42230;SF;NA;4;15;S;M;1517;EMP
057540036036-10607;057540036036;100mN32017E42230;SF;NA;4;3;S;M;0305;NEP
057540036036-10608;057540036036;100mN32015E42290;MC;NA;3;45;M;M;4049;EMP
057540036036-10608;057540036036;100mN32015E42290;MC;NA;3;48;M;F;4049;EMP
057540036036-10608;057540036036;100mN32015E42290;MC;NA;3;1;S;F;0003;NEP
057540036036-10609;057540036036;100mN32019E42231;MC;MIX;5;70;S;M;6574;NEP
057540036036-10609;057540036036;100mN32019E42231;MC;MIX;5;44;M;F;4049;EMP
057540036036-10609;057540036036;100mN32019E42231;MC;MIX;5;48;M;M;4049;EMP
057540036036-10609;057540036036;100mN32019E42231;MC;MIX;5;6;S;M;0614;NEP
057540036036-10609;057540036036;100mN32019E42231;MC;MIX;5;22;W;F;1824;EMP
057540036036-10610;057540036036;100mN31957E42263;MC;OS;5;66;M;M;6574;EMP
057540036036-10610;057540036036;100mN31957E42263;MC;OS;5;71;M;F;6574;EMP
057540036036-10610;057540036036;100mN31957E42263;MC;OS;5;75;M;M;75XX;EMP
057540036036-10610;057540036036;100mN31957E42263;MC;OS;5;67;W;F;6574;NEP
057540036036-10610;057540036036;100mN31957E42263;MC;OS;5;85;D;F;75XX;NEP
057540036036-10611;057540036036;100mN32015E42254;MC;MIX;4;66;M;M;6574;NEP
057540036036-10611;057540036036;100mN32015E42254;MC;MIX;4;34;M;F;3039;EMP
057540036036-10611;057540036036;100mN32015E42254;MC;MIX;4;36;M;M;3039;NEP
057540036036-10611;057540036036;100mN32015E42254;MC;MIX;4;19;D;F;1824;EMP
057540036036-10612;057540036036;100mN32015E42288;MC;NA;5;41;M;M;4049;NEP
057540036036-10612;057540036036;100mN32015E42288;MC;NA;5;33;M;F;3039;EMP
057540036036-10612;057540036036;100mN32015E42288;MC;NA;5;15;S;M;1517;EMP
057540036036-10612;057540036036;100mN32015E42288;MC;NA;5;20;M;M;1824;EMP
057540036036-10612;057540036036;100mN32015E42288;MC;NA;5;16;S;F;1517;EMP
057540036036-10613;057540036036;100mN32005E42232;MC;NA;2;51;M;F;5064;EMP
057540036036-10613;057540036036;100mN32005E42232;MC;NA;2;55;M;M;5064;EMP
057540036036-10614;057540036036;100mN32000E42255;MC;NA;2;47;M;F;4049;EMP
057540036036-10614;057540036036;100mN32000E42255;MC;NA;2;56;M;M;5064;EMP
057540036036-10615;057540036036;100mN32000E42258;PO;NA;2;56;S;M;5064;EMP
057540036036-10615;057540036036;100mN32000E42258;PO;NA;2;55;S;M;5064;NEP
057540036036-10616;057540036036;100mN32016E42248;S;NA;1;48;M;F;4049;EMP
057540036036-10617;057540036036;100mN32011E42253;NA;OS;2;78;M;F;75XX;EMP
057540036036-10617;057540036036;100mN32011E42253;NA;OS;2;52;S;M;5064;NEP
057540036036-10618;057540036036;100mN32016E42231;S;OS;1;79;M;M;75XX;EMP
057540036036-10619;057540036036;100mN31997E42282;MC;NA;2;36;M;F;3039;EMP
057540036036-10619;057540036036;100mN31997E42282;MC;NA;2;38;M;M;3039;EMP
057540036036-10620;057540036036;100mN32017E42248;MC;MIX;2;72;M;M;6574;NEP
057540036036-10620;057540036036;100mN32017E42248;MC;MIX;2;63;S;M;5064;EMP
057540036036-10621;057540036036;100mN32014E42245;MC;NA;3;58;M;M;5064;NEP
057540036036-10621;057540036036;100mN32014E42245;MC;NA;3;50;M;F;5064;EMP
057540036036-10621;057540036036;100mN32014E42245;MC;NA;3;15;S;M;1517;UEP
057540036036-10622;057540036036;100mN32000E42257;S;NA;1;63;S;M;5064;UEP
057540036036-10623;057540036036;100mN32015E42252;S;NA;1;18;M;M;1824;EMP
057540036036-10624;057540036036;100mN32016E42253;MC;MIX;2;67;M;F;6574;EMP
057540036036-10624;057540036036;100mN32016E42253;MC;MIX;2;3;S;F;0305;NEP
057540036036-10625;057540036036;100mN31957E42248;MC;NA;2;40;M;M;4049;NEP
057540036036-10625;057540036036;100mN31957E42248;MC;NA;2;34;M;F;3039;EMP
057540036036-10626;057540036036;100mN32011E42248;MC;NA;4;62;M;M;5064;EMP
057540036036-10626;057540036036;100mN32011E42248;MC;NA;4;61;M;F;5064;EMP
057540036036-10626;057540036036;100mN32011E42248;MC;NA;4;12;S;M;0614;NEP
057540036036-10626;057540036036;100mN32011E42248;MC;NA;4;4;S;M;0305;NEP
057540036036-10627;057540036036;100mN31984E42280;MC;NA;2;38;M;F;3039;NEP
057540036036-10627;057540036036;100mN31984E42280;MC;NA;2;35;M;M;3039;EMP
057540036036-10628;057540036036;100mN31984E42267;MC;NA;2;23;M;M;1824;NEP
057540036036-10628;057540036036;100mN31984E42267;MC;NA;2;18;M;F;1824;NEP
057540036036-10629;057540036036;100mN32016E42251;MC;MIX;4;84;M;M;75XX;EMP
057540036036-10629;057540036036;100mN32016E42251;MC;MIX;4;50;M;M;5064;EMP
057540036036-10629;057540036036;100mN32016E42251;MC;MIX;4;50;M;F;5064;EMP
057540036036-10629;057540036036;100mN32016E42251;MC;MIX;4;3;S;M;0305;NEP
057540036036-10630;057540036036;100mN32011E42286;SM;NA;2;82;S;M;75XX;EMP
057540036036-10630;057540036036;100mN32011E42286;SM;NA;2;6;S;F;0614;NEP
057540036036-10631;057540036036;100mN32002E42290;SF;NA;2;51;W;F;5064;NEP
057540036036-10631;057540036036;100mN32002E42290;SF;NA;2;8;S;F;0614;NEP
057540036036-10632;057540036036;100mN31977E42242;MC;NA;2;63;M;M;5064;EMP
057540036036-10632;057540036036;100mN31977E42242;MC;NA;2;54;M;F;5064;EMP
