household_id;municipality_id;grid_id;HLA;HSC;HSI;age;FAM;SEX;AG2;EMP
059540020020-0;059540020020;100mN31484E41417;MC;NA;2;50;M;F;5064;EMP
059540020020-0;059540020020;100mN31484E41417;MC;NA;2;57;M;M;5064;NEP
059540020020-1;059540020020;100mN31479E41409;S;OS;1;23;M;F;1824;NEP
059540020020-2;059540020020;100mN31467E41421;MC;NA;5;54;M;M;5064;EMP
059540020020-2;059540020020;100mN31467E41421;MC;NA;5;47;M;F;4049;EMP
059540020020-2;059540020020;100mN31467E41421;MC;NA;5;9;S;F;0614;NEP
059540020020-2;059540020020;100mN31467E41421;MC;NA;5;18;S;M;1824;EMP
059540020020-2;059540020020;100mN31467E41421;MC;NA;5;13;S;M;0614;NEP
059540020020-3;059540020020;100mN31485E41441;MC;NA;2;48;M;M;4049;NEP
059540020020-3;059540020020;100mN31485E41441;MC;NA;2;48;M;F;4049;EMP
059540020020-4;059540020020;100mN31488E41422;MC;NA;2;40;M;F;4049;NEP
059540020020-4;059540020020;100mN31488E41422;MC;NA;2;43;M;M;4049;EMP
059540020020-5;059540020020;100mN31473E41422;SF;NA;3;30;D;F;3039;NEP
059540020020-5;059540020020;100mN31473E41422;SF;NA;3;9;S;M;0614;NEP
059540020020-5;059540020020;100mN31473E41422;SF;NA;3;7;S;F;0614;NEP
059540020020-6;059540020020;100mN31492E41439;PO;NA;2;41;S;M;4049;EMP
059540020020-6;059540020020;100mN31492E41439;PO;NA;2;41;S;F;4049;NEP
059540020020-7;059540020020;100mN31492E41439;S;OS;1;60;M;M;5064;NEP
059540020020-8;059540020020;100mN31492E41439;MC;NA;3;54;M;M;5064;EMP
059540020020-8;059540020020;100mN31492E41439;MC;NA;3;46;M;F;4049;NEP
059540020020-8;059540020020;100mN31492E41439;MC;NA;3;9;S;M;0614;NEP
059540020020-9;059540020020;100mN31492E41439;MC;OS;4;72;M;M;6574;EMP
059540020020-9;059540020020;100mN31492E41439;MC;OS;4;75;M;F;75XX;NEP
059540020020-9;059540020020;100mN31492E41439;MC;OS;4;67;M;F;6574;NEP
059540020020-9;059540020020;100mN31492E41439;MC;OS;4;68;M;M;6574;EMP
059540020020-10;059540020020;100mN31492E41439;MC;OS;2;71;M;F;6574;EMP
059540020020-10;059540020020;100mN31492E41439;MC;OS;2;73;M;M;6574;EMP
059540020020-11;059540020020;100mN31467E41429;PO;OS;4;69;S;M;6574;NEP
059540020020-11;059540020020;100mN31467E41429;PO;OS;4;65;S;M;6574;EMP
059540020020-11;059540020020;100mN31467E41429;PO;OS;4;68;M;M;6574;EMP
059540020020-11;059540020020;100mN31467E41429;PO;OS;4;65;S;M;6574;NEP
059540020020-12;059540020020;100mN31464E41425;MC;MIX;2;68;M;M;6574;EMP
059540020020-12;059540020020;100mN31464E41425;MC;MIX;2;62;M;F;5064;NEP
059540020020-13;059540020020;100mN31492E41439;S;NA;1;31;S;F;3039;NEP
059540020020-14;059540020020;100mN31486E41413;MC;NA;2;52;M;F;5064;NEP
059540020020-14;059540020020;100mN31486E41413;MC;NA;2;54;M;M;5064;EMP
059540020020-15;059540020020;100mN31499E41432;MC;NA;3;36;M;M;3039;EMP
059540020020-15;059540020020;100mN31499E41432;MC;NA;3;30;M;F;3039;EMP
059540020020-15;059540020020;100mN31499E41432;MC;NA;3;16;S;F;1517;NEP
059540020020-16;059540020020;100mN31473E41419;MC;NA;4;53;M;M;5064;EMP
059540020020-16;059540020020;100mN31473E41419;MC;NA;4;56;M;F;5064;EMP
059540020020-16;059540020020;100mN31473E41419;MC;NA;4;10;S;M;0614;NEP
059540020020-16;059540020020;100mN31473E41419;MC;NA;4;38;D;M;3039;NEP
059540020020-17;059540020020;100mN31482E41407;S;NA;1;32;M;M;3039;NEP
059540020020-18;059540020020;100mN31482E41407;S;NA;1;32;M;F;3039;NEP
059540020020-19;059540020020;100mN31482E41407;PO;NA;3;26;S;F;2529;NEP
059540020020-19;059540020020;100mN31482E41407;PO;NA;3;28;S;M;2529;EMP
059540020020-19;059540020020;100mN31482E41407;PO;NA;3;8;S;F;0614;NEP
059540020020-20;059540020020;100mN31482E41407;MC;OS;3;71;M;F;6574;NEP
059540020020-20;059540020020;100mN31482E41407;MC;OS;3;71;M;M;6574;EMP
059540020020-20;059540020020;100mN31482E41407;MC;OS;3;85;M;M;75XX;EMP
059540020020-21;059540020020;100mN31484E41411;MC;MIX;2;70;M;M;6574;NEP
059540020020-21;059540020020;100mN31484E41411;MC;MIX;2;68;W;M;6574;NEP
059540020020-22;059540020020;100mN31489E41420;MC;NA;2;47;M;M;4049;EMP
059540020020-22;059540020020;100mN31489E41420;MC;NA;2;60;M;F;5064;NEP
059540020020-23;059540020020;100mN31481E41414;S;OS;1;68;S;F;6574;EMP
059540020020-24;059540020020;100mN31479E41407;S;NA;1;32;M;M;3039;UEP
059540020020-25;059540020020;100mN31491E41415;S;NA;1;43;S;M;4049;EMP
059540020020-26;059540020020;100mN31496E41435;S;NA;1;25;S;F;2529;EMP
059540020020-27;059540020020;100mN31490E41417;S;OS;1;26;M;F;2529;EMP
059540020020-28;059540020020;100mN31492E41438;MC;NA;2;58;M;F;5064;NEP
059540020020-28;059540020020;100mN31492E41438;MC;NA;2;58;M;M;5064;NEP
059540020020-29;059540020020;100mN31478E41407;S;NA;1;84;M;F;75XX;EMP
059540020020-30;059540020020;100mN31491E41415;MC;MIX;2;73;M;F;6574;NEP
059540020020-30;059540020020;100mN31491E41415;MC;MIX;2;50;M;M;5064;EMP
059540020020-31;059540020020;100mN31471E41421;S;OS;1;44;M;M;4049;EMP
059540020020-32;059540020020;100mN31463E41428;MC;NA;3;56;M;F;5064;NEP
059540020020-32;059540020020;100mN31463E41428;MC;NA;3;56;M;M;5064;EMP
059540020020-32;059540020020;100mN31463E41428;MC;NA;3;3;S;M;0305;NEP
059540020020-33;059540020020;100mN31464E41425;MC;OS;4;89;M;F;75XX;EMP
059540020020-33;059540020020;100mN31464E41425;MC;OS;4;12;S;F;0614;NEP
059540020020-33;059540020020;100mN31464E41425;MC;OS;4;68;S;F;6574;EMP
059540020020-33;059540020020;100mN31464E41425;MC;OS;4;66;S;F;6574;NEP
059540020020-34;059540020020;100mN31483E41396;S;OS;1;40;S;M;4049;EMP
059540020020-35;059540020020;100mN31479E41407;SM;MIX;2;88;D;M;75XX;UEP
059540020020-35;059540020020;100mN31479E41407;SM;MIX;2;8;S;M;0614;NEP
059540020020-36;059540020020;100mN31479E41423;MC;OS;3;72;M;F;6574;NEP
059540020020-36;059540020020;100mN31479E41423;MC;OS;3;67;M;M;6574;UEP
059540020020-36;059540020020;100mN31479E41423;MC;OS;3;73;M;M;6574;EMP
059540020020-37;059540020020;100mN31466E41428;MC;NA;2;43;M;F;4049;EMP
059540020020-37;059540020020;100mN31466E41428;MC;NA;2;45;M;M;4049;EMP
059540020020-38;059540020020;100mN31468E41423;PO;OS;2;78;S;M;75XX;EMP
059540020020-38;059540020020;100mN31468E41423;PO;OS;2;72;S;F;6574;NEP
059540020020-39;059540020020;100mN31484E41412;SF;NA;4;88;S;F;75XX;EMP
059540020020-39;059540020020;100mN31484E41412;SF;NA;4;59;S;F;5064;EMP
059540020020-39;059540020020;100mN31484E41412;SF;NA;4;18;W;M;1824;EMP
059540020020-39;059540020020;100mN31484E41412;SF;NA;4;56;M;M;5064;EMP
059540020020-40;059540020020;100mN31495E41443;SF;NA;2;46;S;F;4049;EMP
059540020020-40;059540020020;100mN31495E41443;SF;NA;2;25;S;M;2529;EMP
059540020020-41;059540020020;100mN31480E41413;MC;NA;6;50;M;M;5064;EMP
059540020020-41;059540020020;100mN31480E41413;MC;NA;6;48;M;F;4049;EMP
059540020020-41;059540020020;100mN31480E41413;MC;NA;6;9;S;M;0614;NEP
059540020020-41;059540020020;100mN31480E41413;MC;NA;6;20;M;F;1824;EMP
059540020020-41;059540020020;100mN31480E41413;MC;NA;6;12;S;M;0614;NEP
059540020020-41;059540020020;100mN31480E41413;MC;NA;6;25;M;M;2529;NEP
059540020020-42;059540020020;100mN31492E41418;MC;MIX;2;85;M;F;75XX;NEP
059540020020-42;059540020020;100mN31492E41418;MC;MIX;2;56;M;M;5064;NEP
059540020020-43;059540020020;100mN31466E41428;MC;NA;3;27;M;F;2529;NEP
059540020020-43;059540020020;100mN31466E41428;MC;NA;3;36;M;M;3039;EMP
059540020020-43;059540020020;100mN31466E41428;MC;NA;3;3;S;M;0305;NEP
059540020020-44;059540020020;100mN31481E41413;SF;NA;2;16;S;F;1517;EMP
059540020020-44;059540020020;100mN31481E41413;SF;NA;2;1;S;M;0003;NEP
059540020020-45;059540020020;100mN31475E41422;S;NA;1;60;D;F;5064;NEP
059540020020-46;059540020020;100mN31499E41432;S;OS;1;20;M;M;1824;EMP
059540020020-47;059540020020;100mN31473E41419;S;NA;1;77;W;F;75XX;NEP
059540020020-48;059540020020;100mN31474E41420;S;OS;1;61;W;F;5064;EMP
059540020020-49;059540020020;100mN31485E41419;MC;OS;2;73;M;M;6574;EMP
059540020020-49;059540020020;100mN31485E41419;MC;OS;2;72;M;F;6574;EMP
059540020020-50;059540020020;100mN31483E41400;MC;OS;4;79;M;F;75XX;EMP
059540020020-50;059540020020;100mN31483E41400;MC;OS;4;87;M;M;75XX;EMP
059540020020-50;059540020020;100mN31483E41400;MC;OS;4;86;W;F;75XX;EMP
059540020020-50;059540020020;100mN31483E41400;MC;OS;4;73;M;F;6574;NEP
059540020020-51;059540020020;100mN31498E41428;MC;NA;2;60;M;F;5064;EMP
059540020020-51;059540020020;100mN31498E41428;MC;NA;2;11;S;M;0614;NEP
059540020020-52;059540020020;100mN31466E41428;MC;NA;4;45;M;F;4049;EMP
059540020020-52;059540020020;100mN31466E41428;MC;NA;4;44;M;M;4049;EMP
059540020020-52;059540020020;100mN31466E41428;MC;NA;4;12;S;M;0614;NEP
059540020020-52;059540020020;100mN31466E41428;MC;NA;4;9;S;F;0614;NEP
059540020020-53;059540020020;100mN31463E41423;MC;NA;3;57;M;F;5064;EMP
059540020020-53;059540020020;100mN31463E41423;MC;NA;3;63;M;M;5064;EMP
059540020020-53;059540020020;100mN31463E41423;MC;NA;3;16;S;F;1517;NEP
059540020020-54;059540020020;100mN31466E41428;MC;NA;4;57;M;M;5064;NEP
059540020020-54;059540020020;100mN31466E41428;MC;NA;4;53;M;F;5064;NEP
059540020020-54;059540020020;100mN31466E41428;MC;NA;4;6;S;F;0614;NEP
059540020020-54;059540020020;100mN31466E41428;MC;NA;4;9;S;F;0614;NEP
059540020020-55;059540020020;100mN31488E41427;MC;OS;2;72;M;F;6574;NEP
059540020020-55;059540020020;100mN31488E41427;MC;OS;2;81;M;M;75XX;EMP
059540020020-56;059540020020;100mN31491E41418;NA;OS;2;47;W;F;4049;EMP
059540020020-56;059540020020;100mN31491E41418;NA;OS;2;50;W;M;5064;NEP
059540020020-57;059540020020;100mN31466E41428;MC;NA;5;23;M;F;1824;NEP
059540020020-57;059540020020;100mN31466E41428;MC;NA;5;18;M;M;1824;EMP
059540020020-57;059540020020;100mN31466E41428;MC;NA;5;1;S;F;0003;NEP
059540020020-57;059540020020;100mN31466E41428;MC;NA;5;6;S;M;0614;NEP
059540020020-57;059540020020;100mN31466E41428;MC;NA;5;2;S;F;0003;NEP
059540020020-58;059540020020;100mN31467E41429;MC;OS;3;80;M;M;75XX;EMP
059540020020-58;059540020020;100mN31467E41429;MC;OS;3;72;M;F;6574;EMP
059540020020-58;059540020020;100mN31467E41429;MC;OS;3;87;M;M;75XX;EMP
059540020020-59;059540020020;100mN31466E41428;MC;NA;4;60;M;M;5064;EMP
059540020020-59;059540020020;100mN31466E41428;MC;NA;4;55;M;F;5064;NEP
059540020020-59;059540020020;100mN31466E41428;MC;NA;4;35;S;F;3039;EMP
059540020020-59;059540020020;100mN31466E41428;MC;NA;4;34;W;F;3039;NEP
059540020020-60;059540020020;100mN31498E41433;MC;NA;2;38;M;M;3039;EMP
059540020020-60;059540020020;100mN31498E41433;MC;NA;2;36;M;F;3039;NEP
059540020020-61;059540020020;100mN31483E41410;S;NA;1;27;M;F;2529;NEP
059540020020-62;059540020020;100mN31489E41429;S;NA;1;40;W;F;4049;NEP
059540020020-63;059540020020;100mN31466E41428;PO;NA;4;38;S;M;3039;EMP
059540020020-63;059540020020;100mN31466E41428;PO;NA;4;18;S;M;1824;UEP
059540020020-63;059540020020;100mN31466E41428;PO;NA;4;6;S;F;0614;NEP
059540020020-63;059540020020;100mN31466E41428;PO;NA;4;0;S;F;0003;NEP
059540020020-64;059540020020;100mN31466E41428;MC;NA;2;57;M;M;5064;EMP
059540020020-64;059540020020;100mN31466E41428;MC;NA;2;57;M;F;5064;NEP
059540020020-65;059540020020;100mN31491E41428;S;NA;1;54;W;F;5064;EMP
059540020020-66;059540020020;100mN31466E41428;MC;NA;4;21;M;F;1824;NEP
059540020020-66;059540020020;100mN31466E41428;MC;NA;4;23;M;M;1824;EMP
059540020020-66;059540020020;100mN31466E41428;MC;NA;4;2;S;M;0003;NEP
059540020020-66;059540020020;100mN31466E41428;MC;NA;4;3;S;M;0305;NEP
059540020020-67;059540020020;100mN31485E41400;MC;NA;2;62;M;F;5064;EMP
059540020020-67;059540020020;100mN31485E41400;MC;NA;2;22;S;F;1824;EMP
059540020020-68;059540020020;100mN31466E41428;MC;OS;5;73;M;F;6574;EMP
059540020020-68;059540020020;100mN31466E41428;MC;OS;5;75;M;M;75XX;NEP
059540020020-68;059540020020;100mN31466E41428;MC;OS;5;81;W;F;75XX;NEP
059540020020-68;059540020020;100mN31466E41428;MC;OS;5;66;S;F;6574;EMP
059540020020-68;059540020020;100mN31466E41428;MC;OS;5;70;M;M;6574;EMP
059540020020-69;059540020020;100mN31489E41407;NA;MIX;3;47;M;M;4049;EMP
059540020020-69;059540020020;100mN31489E41407;NA;MIX;3;16;S;M;1517;EMP
059540020020-69;059540020020;100mN31489E41407;NA;MIX;3;25;M;F;2529;EMP
059540020020-70;059540020020;100mN31466E41428;PO;OS;3;87;S;F;75XX;EMP
059540020020-70;059540020020;100mN31466E41428;PO;OS;3;89;S;F;75XX;EMP
059540020020-70;059540020020;100mN31466E41428;PO;OS;3;71;S;M;6574;EMP
059540020020-71;059540020020;100mN31494E41423;MC;NA;2;46;M;F;4049;EMP
059540020020-71;059540020020;100mN31494E41423;MC;NA;2;46;M;M;4049;NEP
059540020020-72;059540020020;100mN31460E41430;MC;NA;2;60;M;M;5064;EMP
059540020020-72;059540020020;100mN31460E41430;MC;NA;2;26;M;F;2529;NEP
059540020020-73;059540020020;100mN31481E41406;MC;MIX;4;79;S;M;75XX;EMP
059540020020-73;059540020020;100mN31481E41406;MC;MIX;4;46;M;M;4049;UEP
059540020020-73;059540020020;100mN31481E41406;MC;MIX;4;43;M;F;4049;NEP
059540020020-73;059540020020;100mN31481E41406;MC;MIX;4;31;W;F;3039;EMP
059540020020-74;059540020020;100mN31484E41408;MC;MIX;2;79;M;F;75XX;EMP
059540020020-74;059540020020;100mN31484E41408;MC;MIX;2;68;D;F;6574;NEP
059540020020-75;059540020020;100mN31491E41420;NA;OS;5;55;M;M;5064;EMP
059540020020-75;059540020020;100mN31491E41420;NA;OS;5;43;W;F;4049;EMP
059540020020-75;059540020020;100mN31491E41420;NA;OS;5;47;S;M;4049;EMP
059540020020-75;059540020020;100mN31491E41420;NA;OS;5;70;M;F;6574;EMP
059540020020-75;059540020020;100mN31491E41420;NA;OS;5;61;S;F;5064;EMP
059540020020-76;059540020020;100mN31492E41425;S;OS;1;20;M;M;1824;NEP
059540020020-77;059540020020;100mN31492E41425;S;NA;1;57;S;F;5064;NEP
059540020020-78;059540020020;100mN31488E41408;S;NA;1;37;M;M;3039;NEP
059540020020-79;059540020020;100mN31479E41409;S;OS;1;33;M;M;3039;EMP
059540020020-80;059540020020;100mN31492E41425;S;OS;1;68;S;M;6574;UEP
059540020020-81;059540020020;100mN31492E41425;MC;OS;3;73;M;F;6574;NEP
059540020020-81;059540020020;100mN31492E41425;MC;OS;3;78;M;M;75XX;EMP
059540020020-81;059540020020;100mN31492E41425;MC;OS;3;73;M;M;6574;EMP
059540020020-82;059540020020;100mN31465E41427;PO;OS;2;66;S;F;6574;EMP
059540020020-82;059540020020;100mN31465E41427;PO;OS;2;88;S;F;75XX;NEP
059540020020-83;059540020020;100mN31492E41425;S;OS;1;32;S;F;3039;EMP
059540020020-84;059540020020;100mN31472E41419;NA;NA;2;25;M;F;2529;EMP
059540020020-84;059540020020;100mN31472E41419;NA;NA;2;85;D;F;75XX;NEP
059540020020-85;059540020020;100mN31462E41427;S;NA;1;85;M;F;75XX;NEP
059540020020-86;059540020020;100mN31492E41425;S;NA;1;27;D;M;2529;NEP
059540020020-87;059540020020;100mN31464E41420;S;OS;1;23;M;M;1824;EMP
059540020020-88;059540020020;100mN31490E41422;MC;NA;3;47;M;F;4049;EMP
059540020020-88;059540020020;100mN31490E41422;MC;NA;3;47;M;M;4049;UEP
059540020020-88;059540020020;100mN31490E41422;MC;NA;3;16;S;F;1517;NEP
059540020020-89;059540020020;100mN31478E41406;NA;NA;3;21;S;M;1824;NEP
059540020020-89;059540020020;100mN31478E41406;NA;NA;3;65;M;M;6574;EMP
059540020020-89;059540020020;100mN31478E41406;NA;NA;3;32;M;M;3039;EMP
059540020020-90;059540020020;100mN31491E41429;MC;OS;3;85;M;F;75XX;NEP
059540020020-90;059540020020;100mN31491E41429;MC;OS;3;89;M;M;75XX;EMP
059540020020-90;059540020020;100mN31491E41429;MC;OS;3;88;D;F;75XX;NEP
059540020020-91;059540020020;100mN31492E41425;MC;NA;2;30;M;M;3039;NEP
059540020020-91;059540020020;100mN31492E41425;MC;NA;2;18;M;F;1824;NEP
059540020020-92;059540020020;100mN31492E41421;S;NA;1;67;M;M;6574;NEP
059540020020-93;059540020020;100mN31484E41410;MC;OS;3;66;M;F;6574;EMP
059540020020-93;059540020020;100mN31484E41410;MC;OS;3;68;M;M;6574;NEP
059540020020-93;059540020020;100mN31484E41410;MC;OS;3;81;M;F;75XX;EMP
059540020020-94;059540020020;100mN31493E41421;PO;NA;3;48;S;M;4049;EMP
059540020020-94;059540020020;100mN31493E41421;PO;NA;3;43;S;M;4049;EMP
059540020020-94;059540020020;100mN31493E41421;PO;NA;3;20;W;F;1824;EMP
059540020020-95;059540020020;100mN31492E41425;S;OS;1;54;M;F;5064;EMP
059540020020-96;059540020020;100mN31478E41406;MC;MIX;4;69;M;M;6574;NEP
059540020020-96;059540020020;100mN31478E41406;MC;MIX;4;41;M;M;4049;EMP
059540020020-96;059540020020;100mN31478E41406;MC;MIX;4;46;M;F;4049;EMP
059540020020-96;059540020020;100mN31478E41406;MC;MIX;4;11;S;M;0614;NEP
059540020020-97;059540020020;100mN31482E41404;SF;NA;4;53;D;F;5064;EMP
059540020020-97;059540020020;100mN31482E41404;SF;NA;4;21;M;F;1824;NEP
059540020020-97;059540020020;100mN31482E41404;SF;NA;4;28;M;M;2529;EMP
059540020020-97;059540020020;100mN31482E41404;SF;NA;4;11;S;M;0614;NEP
059540020020-98;059540020020;100mN31492E41425;MC;NA;3;45;M;M;4049;EMP
059540020020-98;059540020020;100mN31492E41425;MC;NA;3;45;M;F;4049;NEP
059540020020-98;059540020020;100mN31492E41425;MC;NA;3;12;S;F;0614;NEP
059540020020-99;059540020020;100mN31488E41410;PO;NA;4;53;S;M;5064;EMP
059540020020-99;059540020020;100mN31488E41410;PO;NA;4;50;S;M;5064;EMP
059540020020-99;059540020020;100mN31488E41410;PO;NA;4;1;S;M;0003;NEP
059540020020-99;059540020020;100mN31488E41410;PO;NA;4;18;S;M;1824;EMP
059540020020-100;059540020020;100mN31492E41425;SF;NA;5;47;W;F;4049;NEP
059540020020-100;059540020020;100mN31492E41425;SF;NA;5;10;S;M;0614;NEP
059540020020-100;059540020020;100mN31492E41425;SF;NA;5;20;M;M;1824;EMP
059540020020-100;059540020020;100mN31492E41425;SF;NA;5;8;S;F;0614;NEP
059540020020-100;059540020020;100mN31492E41425;SF;NA;5;20;M;M;1824;EMP
059540020020-101;059540020020;100mN31471E41421;MC;NA;5;33;M;F;3039;EMP
059540020020-101;059540020020;100mN31471E41421;MC;NA;5;36;M;M;3039;NEP
059540020020-101;059540020020;100mN31471E41421;MC;NA;5;18;D;F;1824;NEP
059540020020-101;059540020020;100mN31471E41421;MC;NA;5;15;S;F;1517;NEP
059540020020-101;059540020020;100mN31471E41421;MC;NA;5;16;S;F;1517;EMP
059540020020-102;059540020020;100mN31492E41425;S;OS;1;41;M;M;4049;NEP
059540020020-103;059540020020;100mN31464E41418;MC;NA;2;56;M;M;5064;NEP
059540020020-103;059540020020;100mN31464E41418;MC;NA;2;57;M;F;5064;EMP
059540020020-104;059540020020;100mN31492E41419;MC;NA;2;60;M;M;5064;EMP
059540020020-104;059540020020;100mN31492E41419;MC;NA;2;56;M;F;5064;EMP
059540020020-105;059540020020;100mN31479E41405;S;OS;1;48;S;M;4049;UEP
059540020020-106;059540020020;100mN31470E41430;MC;NA;2;53;M;F;5064;EMP
059540020020-106;059540020020;100mN31470E41430;MC;NA;2;59;M;M;5064;EMP
059540020020-107;059540020020;100mN31469E41419;SF;NA;3;60;S;F;5064;EMP
059540020020-107;059540020020;100mN31469E41419;SF;NA;3;2;S;F;0003;NEP
059540020020-107;059540020020;100mN31469E41419;SF;NA;3;16;S;M;1517;EMP
059540020020-108;059540020020;100mN31479E41401;SF;NA;2;82;W;F;75XX;EMP
059540020020-108;059540020020;100mN31479E41401;SF;NA;2;7;S;F;0614;NEP
059540020020-109;059540020020;100mN31470E41430;MC;OS;2;81;M;M;75XX;EMP
059540020020-109;059540020020;100mN31470E41430;MC;OS;2;77;M;F;75XX;NEP
059540020020-110;059540020020;100mN31480E41408;S;OS;1;60;W;M;5064;EMP
059540020020-111;059540020020;100mN31484E41409;S;OS;1;42;S;M;4049;NEP
059540020020-112;059540020020;100mN31465E41427;SF;NA;4;30;W;F;3039;NEP
059540020020-112;059540020020;100mN31465E41427;SF;NA;4;6;S;F;0614;NEP
059540020020-112;059540020020;100mN31465E41427;SF;NA;4;4;S;M;0305;NEP
059540020020-112;059540020020;100mN31465E41427;SF;NA;4;10;S;M;0614;NEP
059540020020-113;059540020020;100mN31470E41430;MC;NA;4;60;M;F;5064;EMP
059540020020-113;059540020020;100mN31470E41430;MC;NA;4;63;M;M;5064;EMP
059540020020-113;059540020020;100mN31470E41430;MC;NA;4;10;S;M;0614;NEP
059540020020-113;059540020020;100mN31470E41430;MC;NA;4;13;S;M;0614;NEP
059540020020-114;059540020020;100mN31471E41422;MC;NA;3;47;M;M;4049;EMP
059540020020-114;059540020020;100mN31471E41422;MC;NA;3;45;M;F;4049;EMP
059540020020-114;059540020020;100mN31471E41422;MC;NA;3;8;S;F;0614;NEP
059540020020-115;059540020020;100mN31470E41430;S;OS;1;50;M;F;5064;EMP
059540020020-116;059540020020;100mN31465E41419;MC;NA;2;57;M;F;5064;NEP
059540020020-116;059540020020;100mN31465E41419;MC;NA;2;56;M;M;5064;NEP
059540020020-117;059540020020;100mN31481E41404;S;OS;1;53;S;M;5064;EMP
059540020020-118;059540020020;100mN31481E41413;MC;NA;2;62;M;F;5064;EMP
059540020020-118;059540020020;100mN31481E41413;MC;NA;2;42;D;F;4049;EMP
059540020020-119;059540020020;100mN31473E41422;S;NA;1;55;W;F;5064;EMP
059540020020-120;059540020020;100mN31490E41420;SF;MIX;2;81;S;F;75XX;NEP
059540020020-120;059540020020;100mN31490E41420;SF;MIX;2;7;S;M;0614;NEP
059540020020-121;059540020020;100mN31464E41418;S;OS;1;68;W;F;6574;EMP
059540020020-122;059540020020;100mN31470E41430;MC;NA;2;26;M;M;2529;NEP
059540020020-122;059540020020;100mN31470E41430;MC;NA;2;32;M;F;3039;NEP
059540020020-123;059540020020;100mN31480E41412;SF;MIX;2;65;D;F;6574;EMP
059540020020-123;059540020020;100mN31480E41412;SF;MIX;2;34;S;M;3039;NEP
059540020020-124;059540020020;100mN31481E41395;MC;NA;4;57;M;F;5064;EMP
059540020020-124;059540020020;100mN31481E41395;MC;NA;4;51;M;M;5064;EMP
059540020020-124;059540020020;100mN31481E41395;MC;NA;4;13;S;F;0614;NEP
059540020020-124;059540020020;100mN31481E41395;MC;NA;4;21;M;M;1824;NEP
059540020020-125;059540020020;100mN31483E41410;MC;OS;2;68;M;M;6574;EMP
059540020020-125;059540020020;100mN31483E41410;MC;OS;2;67;M;F;6574;NEP
059540020020-126;059540020020;100mN31481E41400;S;NA;1;76;W;F;75XX;EMP
059540020020-127;059540020020;100mN31483E41409;S;NA;1;63;M;M;5064;EMP
059540020020-128;059540020020;100mN31500E41446;MC;NA;2;55;M;M;5064;EMP
059540020020-128;059540020020;100mN31500E41446;MC;NA;2;47;M;F;4049;EMP
059540020020-129;059540020020;100mN31467E41424;MC;OS;3;68;M;M;6574;EMP
059540020020-129;059540020020;100mN31467E41424;MC;OS;3;67;M;F;6574;EMP
059540020020-129;059540020020;100mN31467E41424;MC;OS;3;68;D;F;6574;NEP
059540020020-130;059540020020;100mN31470E41432;S;OS;1;34;M;F;3039;NEP
059540020020-131;059540020020;100mN31473E41423;NA;NA;5;78;M;M;75XX;EMP
059540020020-131;059540020020;100mN31473E41423;NA;NA;5;21;M;M;1824;NEP
059540020020-131;059540020020;100mN31473E41423;NA;NA;5;71;D;F;6574;NEP
059540020020-131;059540020020;100mN31473E41423;NA;NA;5;48;M;F;4049;EMP
059540020020-131;059540020020;100mN31473E41423;NA;NA;5;46;W;F;4049;NEP
059540020020-132;059540020020;100mN31491E41399;MC;NA;2;42;M;M;4049;NEP
059540020020-132;059540020020;100mN31491E41399;MC;NA;2;33;M;F;3039;NEP
059540020020-133;059540020020;100mN31470E41430;MC;NA;2;48;M;M;4049;EMP
059540020020-133;059540020020;100mN31470E41430;MC;NA;2;40;M;F;4049;EMP
059540020020-134;059540020020;100mN31500E41446;NA;MIX;2;56;S;M;5064;NEP
059540020020-134;059540020020;100mN31500E41446;NA;MIX;2;42;S;F;4049;NEP
059540020020-135;059540020020;100mN31470E41430;MC;NA;2;50;M;M;5064;EMP
059540020020-135;059540020020;100mN31470E41430;MC;NA;2;47;M;F;4049;NEP
059540020020-136;059540020020;100mN31492E41416;MC;NA;2;31;M;M;3039;NEP
059540020020-136;059540020020;100mN31492E41416;MC;NA;2;30;M;F;3039;EMP
059540020020-137;059540020020;100mN31481E41404;SF;NA;2;88;W;F;75XX;EMP
059540020020-137;059540020020;100mN31481E41404;SF;NA;2;45;W;F;4049;EMP
059540020020-138;059540020020;100mN31499E41420;SF;NA;4;57;D;F;5064;EMP
059540020020-138;059540020020;100mN31499E41420;SF;NA;4;13;S;M;0614;NEP
059540020020-138;059540020020;100mN31499E41420;SF;NA;4;13;S;F;0614;NEP
059540020020-138;059540020020;100mN31499E41420;SF;NA;4;9;S;F;0614;NEP
059540020020-139;059540020020;100mN31470E41430;MC;NA;2;51;M;M;5064;NEP
059540020020-139;059540020020;100mN31470E41430;MC;NA;2;44;M;F;4049;NEP
059540020020-140;059540020020;100mN31466E41418;MC;OS;6;79;M;M;75XX;NEP
059540020020-140;059540020020;100mN31466E41418;MC;OS;6;71;M;F;6574;NEP
059540020020-140;059540020020;100mN31466E41418;MC;OS;6;71;M;F;6574;EMP
059540020020-140;059540020020;100mN31466E41418;MC;OS;6;65;S;F;6574;EMP
059540020020-140;059540020020;100mN31466E41418;MC;OS;6;72;M;F;6574;NEP
059540020020-140;059540020020;100mN31466E41418;MC;OS;6;84;M;F;75XX;NEP
059540020020-141;059540020020;100mN31494E41437;SF;NA;2;56;D;F;5064;NEP
059540020020-141;059540020020;100mN31494E41437;SF;NA;2;16;S;M;1517;NEP
059540020020-142;059540020020;100mN31464E41422;S;NA;1;40;W;F;4049;EMP
059540020020-143;059540020020;100mN31470E41430;MC;OS;4;82;M;F;75XX;EMP
059540020020-143;059540020020;100mN31470E41430;MC;OS;4;82;M;M;75XX;EMP
059540020020-143;059540020020;100mN31470E41430;MC;OS;4;69;M;M;6574;EMP
059540020020-143;059540020020;100mN31470E41430;MC;OS;4;71;M;M;6574;EMP
059540020020-144;059540020020;100mN31478E41406;SM;MIX;3;75;M;F;75XX;NEP
059540020020-144;059540020020;100mN31478E41406;SM;MIX;3;34;S;M;3039;EMP
059540020020-144;059540020020;100mN31478E41406;SM;MIX;3;10;S;M;0614;NEP
059540020020-145;059540020020;100mN31494E41411;S;OS;1;84;D;F;75XX;NEP
059540020020-146;059540020020;100mN31465E41429;S;NA;1;67;D;F;6574;NEP
059540020020-147;059540020020;100mN31471E41421;MC;NA;2;28;M;F;2529;EMP
059540020020-147;059540020020;100mN31471E41421;MC;NA;2;33;M;M;3039;EMP
059540020020-148;059540020020;100mN31471E41421;MC;NA;2;60;M;F;5064;EMP
059540020020-148;059540020020;100mN31471E41421;MC;NA;2;53;D;F;5064;NEP
059540020020-149;059540020020;100mN31470E41430;MC;NA;2;52;M;M;5064;NEP
059540020020-149;059540020020;100mN31470E41430;MC;NA;2;46;M;F;4049;NEP
059540020020-150;059540020020;100mN31469E41418;S;OS;1;38;M;M;3039;EMP
059540020020-151;059540020020;100mN31496E41414;S;NA;1;72;M;F;6574;NEP
059540020020-152;059540020020;100mN31496E41414;S;OS;1;52;M;M;5064;EMP
059540020020-153;059540020020;100mN31479E41410;S;NA;1;45;S;F;4049;NEP
059540020020-154;059540020020;100mN31467E41415;S;NA;1;70;M;F;6574;NEP
059540020020-155;059540020020;100mN31471E41425;MC;NA;2;52;M;F;5064;EMP
059540020020-155;059540020020;100mN31471E41425;MC;NA;2;44;M;M;4049;EMP
059540020020-156;059540020020;100mN31460E41431;PO;NA;2;50;S;M;5064;EMP
059540020020-156;059540020020;100mN31460E41431;PO;NA;2;48;S;M;4049;EMP
059540020020-157;059540020020;100mN31475E41423;PO;NA;2;19;S;M;1824;EMP
059540020020-157;059540020020;100mN31475E41423;PO;NA;2;18;S;F;1824;EMP
059540020020-158;059540020020;100mN31472E41432;MC;NA;2;41;M;M;4049;NEP
059540020020-158;059540020020;100mN31472E41432;MC;NA;2;40;M;F;4049;EMP
059540020020-159;059540020020;100mN31475E41423;MC;OS;2;70;M;F;6574;EMP
059540020020-159;059540020020;100mN31475E41423;MC;OS;2;71;M;M;6574;EMP
059540020020-160;059540020020;100mN31469E41430;S;OS;1;60;M;M;5064;UEP
059540020020-161;059540020020;100mN31478E41402;SF;NA;4;52;S;F;5064;EMP
059540020020-161;059540020020;100mN31478E41402;SF;NA;4;7;S;F;0614;NEP
059540020020-161;059540020020;100mN31478E41402;SF;NA;4;25;W;F;2529;EMP
059540020020-161;059540020020;100mN31478E41402;SF;NA;4;20;S;M;1824;NEP
059540020020-162;059540020020;100mN31475E41423;MC;NA;2;19;M;M;1824;EMP
059540020020-162;059540020020;100mN31475E41423;MC;NA;2;18;M;F;1824;EMP
059540020020-163;059540020020;100mN31473E41422;MC;OS;2;71;M;F;6574;NEP
059540020020-163;059540020020;100mN31473E41422;MC;OS;2;76;M;M;75XX;EMP
059540020020-164;059540020020;100mN31489E41418;S;OS;1;73;W;M;6574;EMP
059540020020-165;059540020020;100mN31479E41401;PO;OS;2;72;S;M;6574;EMP
059540020020-165;059540020020;100mN31479E41401;PO;OS;2;66;S;M;6574;NEP
059540020020-166;059540020020;100mN31475E41424;S;NA;1;84;S;M;75XX;NEP
059540020020-167;059540020020;100mN31491E41440;S;OS;1;56;M;F;5064;NEP
059540020020-168;059540020020;100mN31498E41429;MC;OS;3;66;M;M;6574;NEP
059540020020-168;059540020020;100mN31498E41429;MC;OS;3;65;M;F;6574;EMP
059540020020-168;059540020020;100mN31498E41429;MC;OS;3;76;S;F;75XX;EMP
059540020020-169;059540020020;100mN31486E41432;MC;NA;3;55;M;M;5064;NEP
059540020020-169;059540020020;100mN31486E41432;MC;NA;3;48;M;F;4049;NEP
059540020020-169;059540020020;100mN31486E41432;MC;NA;3;16;S;M;1517;EMP
059540020020-170;059540020020;100mN31483E41414;SF;NA;2;63;S;F;5064;EMP
059540020020-170;059540020020;100mN31483E41414;SF;NA;2;45;S;M;4049;EMP
059540020020-171;059540020020;100mN31471E41432;SF;NA;2;45;S;F;4049;NEP
059540020020-171;059540020020;100mN31471E41432;SF;NA;2;19;W;F;1824;EMP
059540020020-172;059540020020;100mN31495E41422;MC;NA;2;20;M;F;1824;NEP
059540020020-172;059540020020;100mN31495E41422;MC;NA;2;18;M;M;1824;EMP
059540020020-173;059540020020;100mN31479E41409;MC;NA;2;60;M;F;5064;NEP
059540020020-173;059540020020;100mN31479E41409;MC;NA;2;62;M;M;5064;NEP
059540020020-174;059540020020;100mN31480E41412;NA;MIX;3;22;M;M;1824;EMP
059540020020-174;059540020020;100mN31480E41412;NA;MIX;3;41;S;M;4049;EMP
059540020020-174;059540020020;100mN31480E41412;NA;MIX;3;50;S;M;5064;EMP
059540020020-175;059540020020;100mN31480E41408;S;NA;1;47;D;F;4049;EMP
059540020020-176;059540020020;100mN31468E41422;SF;NA;2;37;W;F;3039;NEP
059540020020-176;059540020020;100mN31468E41422;SF;NA;2;11;S;M;0614;NEP
059540020020-177;059540020020;100mN31495E41422;MC;NA;2;20;M;F;1824;EMP
059540020020-177;059540020020;100mN31495E41422;MC;NA;2;25;M;M;2529;NEP
059540020020-178;059540020020;100mN31495E41422;S;NA;1;57;W;F;5064;NEP
059540020020-179;059540020020;100mN31462E41423;MC;NA;6;48;M;F;4049;NEP
059540020020-179;059540020020;100mN31462E41423;MC;NA;6;48;M;M;4049;NEP
059540020020-179;059540020020;100mN31462E41423;MC;NA;6;12;S;M;0614;NEP
059540020020-179;059540020020;100mN31462E41423;MC;NA;6;7;S;M;0614;NEP
059540020020-179;059540020020;100mN31462E41423;MC;NA;6;16;S;M;1517;UEP
059540020020-179;059540020020;100mN31462E41423;MC;NA;6;11;S;F;0614;NEP
059540020020-180;059540020020;100mN31495E41422;MC;OS;2;75;M;F;75XX;NEP
059540020020-180;059540020020;100mN31495E41422;MC;OS;2;76;M;M;75XX;NEP
059540020020-181;059540020020;100mN31465E41429;MC;NA;2;26;M;M;2529;EMP
059540020020-181;059540020020;100mN31465E41429;MC;NA;2;25;M;F;2529;NEP
059540020020-182;059540020020;100mN31462E41426;MC;NA;2;57;M;F;5064;NEP
059540020020-182;059540020020;100mN31462E41426;MC;NA;2;62;M;M;5064;EMP
059540020020-183;059540020020;100mN31495E41422;MC;NA;2;37;M;F;3039;EMP
059540020020-183;059540020020;100mN31495E41422;MC;NA;2;44;M;M;4049;EMP
059540020020-184;059540020020;100mN31492E41419;MC;NA;2;58;M;F;5064;NEP
059540020020-184;059540020020;100mN31492E41419;MC;NA;2;16;S;F;1517;NEP
059540020020-185;059540020020;100mN31481E41410;S;OS;1;38;M;M;3039;NEP
059540020020-186;059540020020;100mN31484E41410;SM;NA;3;67;S;M;6574;NEP
059540020020-186;059540020020;100mN31484E41410;SM;NA;3;15;S;F;1517;EMP
059540020020-186;059540020020;100mN31484E41410;SM;NA;3;40;S;F;4049;NEP
059540020020-187;059540020020;100mN31474E41421;S;NA;1;83;D;F;75XX;EMP
059540020020-188;059540020020;100mN31499E41447;S;NA;1;63;M;M;5064;EMP
059540020020-189;059540020020;100mN31467E41423;S;OS;1;56;M;M;5064;EMP
059540020020-190;059540020020;100mN31492E41426;PO;NA;2;50;S;F;5064;NEP
059540020020-190;059540020020;100mN31492E41426;PO;NA;2;47;S;F;4049;EMP
059540020020-191;059540020020;100mN31492E41419;S;NA;1;61;S;F;5064;EMP
059540020020-192;059540020020;100mN31473E41424;MC;OS;2;71;M;M;6574;EMP
059540020020-192;059540020020;100mN31473E41424;MC;OS;2;67;M;F;6574;NEP
059540020020-193;059540020020;100mN31492E41426;MC;OS;2;76;M;F;75XX;NEP
059540020020-193;059540020020;100mN31492E41426;MC;OS;2;84;M;M;75XX;EMP
059540020020-194;059540020020;100mN31481E41410;PO;NA;2;56;S;F;5064;NEP
059540020020-194;059540020020;100mN31481E41410;PO;NA;2;53;S;F;5064;EMP
059540020020-195;059540020020;100mN31489E41421;SF;MIX;2;65;S;F;6574;NEP
059540020020-195;059540020020;100mN31489E41421;SF;MIX;2;42;S;M;4049;NEP
059540020020-196;059540020020;100mN31492E41426;S;OS;1;65;M;F;6574;EMP
059540020020-197;059540020020;100mN31463E41424;S;OS;1;61;D;F;5064;NEP
059540020020-198;059540020020;100mN31492E41426;S;NA;1;16;S;M;1517;EMP
059540020020-199;059540020020;100mN31473E41432;MC;NA;3;41;M;F;4049;NEP
059540020020-199;059540020020;100mN31473E41432;MC;NA;3;41;M;M;4049;EMP
059540020020-199;059540020020;100mN31473E41432;MC;NA;3;20;S;M;1824;EMP
059540020020-200;059540020020;100mN31468E41430;S;OS;1;44;S;M;4049;EMP
059540020020-201;059540020020;100mN31492E41426;MC;NA;2;48;M;F;4049;EMP
059540020020-201;059540020020;100mN31492E41426;MC;NA;2;50;M;M;5064;EMP
059540020020-202;059540020020;100mN31492E41426;MC;NA;2;61;M;F;5064;EMP
059540020020-202;059540020020;100mN31492E41426;MC;NA;2;19;M;M;1824;EMP
059540020020-203;059540020020;100mN31479E41404;NA;NA;3;46;W;F;4049;NEP
059540020020-203;059540020020;100mN31479E41404;NA;NA;3;87;W;F;75XX;EMP
059540020020-203;059540020020;100mN31479E41404;NA;NA;3;65;S;M;6574;NEP
059540020020-204;059540020020;100mN31462E41426;MC;NA;4;57;M;F;5064;NEP
059540020020-204;059540020020;100mN31462E41426;MC;NA;4;63;M;M;5064;EMP
059540020020-204;059540020020;100mN31462E41426;MC;NA;4;9;S;M;0614;NEP
059540020020-204;059540020020;100mN31462E41426;MC;NA;4;11;S;M;0614;NEP
059540020020-205;059540020020;100mN31486E41413;NA;OS;3;86;W;F;75XX;NEP
059540020020-205;059540020020;100mN31486E41413;NA;OS;3;31;M;M;3039;NEP
059540020020-205;059540020020;100mN31486E41413;NA;OS;3;69;M;M;6574;EMP
059540020020-206;059540020020;100mN31473E41431;MC;NA;2;20;M;M;1824;NEP
059540020020-206;059540020020;100mN31473E41431;MC;NA;2;18;M;F;1824;EMP
059540020020-207;059540020020;100mN31498E41430;MC;NA;2;60;M;M;5064;EMP
059540020020-207;059540020020;100mN31498E41430;MC;NA;2;62;M;F;5064;EMP
059540020020-208;059540020020;100mN31480E41407;MC;MIX;2;75;M;F;75XX;NEP
059540020020-208;059540020020;100mN31480E41407;MC;MIX;2;73;M;M;6574;EMP
059540020020-209;059540020020;100mN31473E41430;S;NA;1;52;W;F;5064;EMP
059540020020-210;059540020020;100mN31483E41409;MC;OS;4;68;M;F;6574;EMP
059540020020-210;059540020020;100mN31483E41409;MC;OS;4;69;M;M;6574;NEP
059540020020-210;059540020020;100mN31483E41409;MC;OS;4;72;S;M;6574;EMP
059540020020-210;059540020020;100mN31483E41409;MC;OS;4;79;D;F;75XX;NEP
059540020020-211;059540020020;100mN31462E41429;S;NA;1;34;S;M;3039;NEP
059540020020-212;059540020020;100mN31487E41427;S;OS;1;51;M;F;5064;EMP
059540020020-213;059540020020;100mN31470E41431;S;OS;1;57;M;F;5064;EMP
059540020020-214;059540020020;100mN31500E41423;MC;NA;2;57;M;F;5064;NEP
059540020020-214;059540020020;100mN31500E41423;MC;NA;2;60;M;M;5064;NEP
059540020020-215;059540020020;100mN31481E41406;MC;MIX;4;79;S;M;75XX;EMP
059540020020-215;059540020020;100mN31481E41406;MC;MIX;4;46;M;M;4049;UEP
059540020020-215;059540020020;100mN31481E41406;MC;MIX;4;43;M;F;4049;NEP
059540020020-215;059540020020;100mN31481E41406;MC;MIX;4;31;W;F;3039;EMP
059540020020-216;059540020020;100mN31483E41413;MC;NA;2;42;M;M;4049;EMP
059540020020-216;059540020020;100mN31483E41413;MC;NA;2;37;M;F;3039;EMP
059540020020-217;059540020020;100mN31463E41425;MC;MIX;2;68;M;F;6574;EMP
059540020020-217;059540020020;100mN31463E41425;MC;MIX;2;33;M;F;3039;NEP
059540020020-218;059540020020;100mN31473E41418;S;NA;1;59;S;M;5064;EMP
059540020020-219;059540020020;100mN31484E41415;MC;NA;3;50;M;M;5064;EMP
059540020020-219;059540020020;100mN31484E41415;MC;NA;3;48;M;F;4049;EMP
059540020020-219;059540020020;100mN31484E41415;MC;NA;3;22;D;M;1824;EMP
059540020020-220;059540020020;100mN31472E41432;MC;MIX;2;65;M;F;6574;EMP
059540020020-220;059540020020;100mN31472E41432;MC;MIX;2;16;S;F;1517;EMP
059540020020-221;059540020020;100mN31485E41410;S;OS;1;19;S;M;1824;NEP
059540020020-222;059540020020;100mN31471E41432;MC;MIX;4;79;M;F;75XX;EMP
059540020020-222;059540020020;100mN31471E41432;MC;MIX;4;58;M;F;5064;EMP
059540020020-222;059540020020;100mN31471E41432;MC;MIX;4;60;M;M;5064;EMP
059540020020-222;059540020020;100mN31471E41432;MC;MIX;4;8;S;M;0614;NEP
059540020020-223;059540020020;100mN31477E41403;S;NA;1;52;D;F;5064;EMP
059540020020-224;059540020020;100mN31474E41431;S;OS;1;67;M;M;6574;EMP
059540020020-225;059540020020;100mN31486E41429;MC;NA;4;32;M;M;3039;EMP
059540020020-225;059540020020;100mN31486E41429;MC;NA;4;30;M;F;3039;EMP
059540020020-225;059540020020;100mN31486E41429;MC;NA;4;11;S;M;0614;NEP
059540020020-225;059540020020;100mN31486E41429;MC;NA;4;6;S;M;0614;NEP
059540020020-226;059540020020;100mN31467E41423;S;NA;1;53;M;F;5064;NEP
059540020020-227;059540020020;100mN31470E41431;MC;MIX;3;80;M;F;75XX;EMP
059540020020-227;059540020020;100mN31470E41431;MC;MIX;3;52;M;M;5064;NEP
059540020020-227;059540020020;100mN31470E41431;MC;MIX;3;46;M;F;4049;EMP
059540020020-228;059540020020;100mN31470E41431;MC;NA;2;59;M;F;5064;EMP
059540020020-228;059540020020;100mN31470E41431;MC;NA;2;50;M;M;5064;EMP
059540020020-229;059540020020;100mN31499E41445;S;OS;1;25;W;F;2529;NEP
059540020020-230;059540020020;100mN31470E41431;S;OS;1;52;P;F;5064;NEP
059540020020-231;059540020020;100mN31492E41428;PO;NA;3;62;S;F;5064;EMP
059540020020-231;059540020020;100mN31492E41428;PO;NA;3;63;S;F;5064;NEP
059540020020-231;059540020020;100mN31492E41428;PO;NA;3;19;M;M;1824;EMP
059540020020-232;059540020020;100mN31493E41430;MC;MIX;2;65;M;M;6574;EMP
059540020020-232;059540020020;100mN31493E41430;MC;MIX;2;20;M;F;1824;NEP
059540020020-233;059540020020;100mN31483E41405;SF;MIX;2;69;D;F;6574;NEP
059540020020-233;059540020020;100mN31483E41405;SF;MIX;2;16;S;M;1517;EMP
059540020020-234;059540020020;100mN31479E41407;S;OS;1;27;W;F;2529;NEP
059540020020-235;059540020020;100mN31468E41421;PO;NA;3;55;S;M;5064;EMP
059540020020-235;059540020020;100mN31468E41421;PO;NA;3;54;S;M;5064;NEP
059540020020-235;059540020020;100mN31468E41421;PO;NA;3;3;S;F;0305;NEP
059540020020-236;059540020020;100mN31488E41427;MC;OS;2;75;M;F;75XX;EMP
059540020020-236;059540020020;100mN31488E41427;MC;OS;2;77;M;M;75XX;EMP
059540020020-237;059540020020;100mN31493E41430;MC;OS;2;71;M;M;6574;EMP
059540020020-237;059540020020;100mN31493E41430;MC;OS;2;68;M;F;6574;EMP
059540020020-238;059540020020;100mN31464E41429;S;OS;1;19;M;M;1824;EMP
059540020020-239;059540020020;100mN31479E41408;S;NA;1;58;M;F;5064;NEP
059540020020-240;059540020020;100mN31491E41439;S;OS;1;38;D;F;3039;EMP
059540020020-241;059540020020;100mN31493E41430;S;NA;1;44;M;M;4049;NEP
059540020020-242;059540020020;100mN31461E41428;S;NA;1;80;S;M;75XX;EMP
059540020020-243;059540020020;100mN31485E41401;MC;OS;2;69;M;M;6574;NEP
059540020020-243;059540020020;100mN31485E41401;MC;OS;2;81;M;F;75XX;NEP
059540020020-244;059540020020;100mN31494E41435;NA;NA;2;28;S;F;2529;NEP
059540020020-244;059540020020;100mN31494E41435;NA;NA;2;84;W;F;75XX;NEP
059540020020-245;059540020020;100mN31463E41422;PO;NA;2;38;S;M;3039;NEP
059540020020-245;059540020020;100mN31463E41422;PO;NA;2;34;S;M;3039;NEP
059540020020-246;059540020020;100mN31473E41423;MC;NA;4;62;M;M;5064;EMP
059540020020-246;059540020020;100mN31473E41423;MC;NA;4;61;M;F;5064;NEP
059540020020-246;059540020020;100mN31473E41423;MC;NA;4;1;S;F;0003;NEP
059540020020-246;059540020020;100mN31473E41423;MC;NA;4;45;D;M;4049;EMP
059540020020-247;059540020020;100mN31464E41424;MC;NA;5;59;M;M;5064;UEP
059540020020-247;059540020020;100mN31464E41424;MC;NA;5;61;M;F;5064;NEP
059540020020-247;059540020020;100mN31464E41424;MC;NA;5;11;S;M;0614;NEP
059540020020-247;059540020020;100mN31464E41424;MC;NA;5;7;S;M;0614;NEP
059540020020-247;059540020020;100mN31464E41424;MC;NA;5;3;S;F;0305;NEP
059540020020-248;059540020020;100mN31471E41419;S;NA;1;52;W;F;5064;NEP
059540020020-249;059540020020;100mN31478E41406;MC;MIX;2;88;M;M;75XX;NEP
059540020020-249;059540020020;100mN31478E41406;MC;MIX;2;16;S;M;1517;NEP
059540020020-250;059540020020;100mN31481E41404;S;OS;1;58;S;M;5064;NEP
059540020020-251;059540020020;100mN31493E41430;S;NA;1;45;M;F;4049;NEP
059540020020-252;059540020020;100mN31466E41415;SF;NA;2;61;D;F;5064;NEP
059540020020-252;059540020020;100mN31466E41415;SF;NA;2;43;S;M;4049;EMP
059540020020-253;059540020020;100mN31483E41409;S;OS;1;59;S;M;5064;NEP
059540020020-254;059540020020;100mN31481E41413;MC;NA;2;60;M;F;5064;NEP
059540020020-254;059540020020;100mN31481E41413;MC;NA;2;61;M;M;5064;UEP
059540020020-255;059540020020;100mN31463E41434;MC;NA;2;57;M;M;5064;EMP
059540020020-255;059540020020;100mN31463E41434;MC;NA;2;50;M;F;5064;NEP
059540020020-256;059540020020;100mN31493E41430;MC;NA;4;18;M;F;1824;NEP
059540020020-256;059540020020;100mN31493E41430;MC;NA;4;25;M;M;2529;EMP
059540020020-256;059540020020;100mN31493E41430;MC;NA;4;2;S;F;0003;NEP
059540020020-256;059540020020;100mN31493E41430;MC;NA;4;2;S;M;0003;NEP
059540020020-257;059540020020;100mN31481E41407;S;NA;1;63;D;F;5064;EMP
059540020020-258;059540020020;100mN31493E41430;MC;NA;5;42;M;F;4049;EMP
059540020020-258;059540020020;100mN31493E41430;MC;NA;5;18;M;M;1824;EMP
059540020020-258;059540020020;100mN31493E41430;MC;NA;5;16;S;M;1517;EMP
059540020020-258;059540020020;100mN31493E41430;MC;NA;5;15;S;F;1517;NEP
059540020020-258;059540020020;100mN31493E41430;MC;NA;5;9;S;M;0614;NEP
059540020020-259;059540020020;100mN31464E41432;MC;MIX;2;77;M;M;75XX;EMP
059540020020-259;059540020020;100mN31464E41432;MC;MIX;2;42;M;M;4049;EMP
059540020020-260;059540020020;100mN31478E41401;S;NA;1;30;S;M;3039;EMP
059540020020-261;059540020020;100mN31489E41422;S;OS;1;60;S;F;5064;EMP
059540020020-262;059540020020;100mN31472E41419;MC;MIX;2;65;M;F;6574;EMP
059540020020-262;059540020020;100mN31472E41419;MC;MIX;2;41;S;F;4049;EMP
059540020020-263;059540020020;100mN31493E41430;MC;NA;2;26;M;M;2529;EMP
059540020020-263;059540020020;100mN31493E41430;MC;NA;2;18;M;F;1824;NEP
059540020020-264;059540020020;100mN31493E41430;SM;NA;2;69;S;M;6574;EMP
059540020020-264;059540020020;100mN31493E41430;SM;NA;2;51;S;M;5064;NEP
059540020020-265;059540020020;100mN31484E41409;S;NA;1;43;M;F;4049;NEP
059540020020-266;059540020020;100mN31467E41429;MC;NA;5;47;M;F;4049;EMP
059540020020-266;059540020020;100mN31467E41429;MC;NA;5;41;M;M;4049;EMP
059540020020-266;059540020020;100mN31467E41429;MC;NA;5;19;W;F;1824;NEP
059540020020-266;059540020020;100mN31467E41429;MC;NA;5;7;S;M;0614;NEP
059540020020-266;059540020020;100mN31467E41429;MC;NA;5;12;S;F;0614;NEP
059540020020-267;059540020020;100mN31466E41429;MC;OS;2;88;M;F;75XX;EMP
059540020020-267;059540020020;100mN31466E41429;MC;OS;2;22;M;M;1824;EMP
059540020020-268;059540020020;100mN31480E41412;S;NA;1;51;D;F;5064;NEP
059540020020-269;059540020020;100mN31484E41409;MC;NA;3;34;M;M;3039;EMP
059540020020-269;059540020020;100mN31484E41409;MC;NA;3;18;M;F;1824;EMP
059540020020-269;059540020020;100mN31484E41409;MC;NA;3;16;S;M;1517;EMP
059540020020-270;059540020020;100mN31468E41415;S;OS;1;37;M;M;3039;EMP
059540020020-271;059540020020;100mN31466E41429;SF;NA;2;54;W;F;5064;NEP
059540020020-271;059540020020;100mN31466E41429;SF;NA;2;12;S;M;0614;NEP
059540020020-272;059540020020;100mN31481E41406;MC;OS;2;86;M;F;75XX;NEP
059540020020-272;059540020020;100mN31481E41406;MC;OS;2;86;M;M;75XX;EMP
059540020020-273;059540020020;100mN31495E41425;MC;NA;2;57;M;F;5064;NEP
059540020020-273;059540020020;100mN31495E41425;MC;NA;2;63;M;M;5064;EMP
059540020020-274;059540020020;100mN31470E41432;S;NA;1;86;M;F;75XX;EMP
059540020020-275;059540020020;100mN31468E41415;MC;NA;2;62;M;M;5064;NEP
059540020020-275;059540020020;100mN31468E41415;MC;NA;2;56;M;F;5064;EMP
059540020020-276;059540020020;100mN31500E41435;MC;NA;4;47;M;F;4049;NEP
059540020020-276;059540020020;100mN31500E41435;MC;NA;4;53;M;M;5064;EMP
059540020020-276;059540020020;100mN31500E41435;MC;NA;4;10;S;M;0614;NEP
059540020020-276;059540020020;100mN31500E41435;MC;NA;4;22;D;M;1824;NEP
059540020020-277;059540020020;100mN31471E41417;MC;NA;2;43;M;F;4049;EMP
059540020020-277;059540020020;100mN31471E41417;MC;NA;2;43;M;M;4049;NEP
059540020020-278;059540020020;100mN31484E41411;S;OS;1;20;S;F;1824;NEP
059540020020-279;059540020020;100mN31464E41418;SF;NA;5;86;W;F;75XX;EMP
059540020020-279;059540020020;100mN31464E41418;SF;NA;5;68;D;M;6574;EMP
059540020020-279;059540020020;100mN31464E41418;SF;NA;5;3;S;M;0305;NEP
059540020020-279;059540020020;100mN31464E41418;SF;NA;5;12;S;F;0614;NEP
059540020020-279;059540020020;100mN31464E41418;SF;NA;5;8;S;M;0614;NEP
059540020020-280;059540020020;100mN31468E41415;S;OS;1;83;D;M;75XX;EMP
059540020020-281;059540020020;100mN31472E41431;MC;NA;3;62;M;F;5064;NEP
059540020020-281;059540020020;100mN31472E41431;MC;NA;3;54;M;M;5064;EMP
059540020020-281;059540020020;100mN31472E41431;MC;NA;3;47;D;F;4049;NEP
059540020020-282;059540020020;100mN31472E41422;MC;NA;2;43;M;F;4049;EMP
059540020020-282;059540020020;100mN31472E41422;MC;NA;2;48;M;M;4049;NEP
059540020020-283;059540020020;100mN31464E41424;MC;NA;5;50;M;M;5064;EMP
059540020020-283;059540020020;100mN31464E41424;MC;NA;5;45;M;F;4049;EMP
059540020020-283;059540020020;100mN31464E41424;MC;NA;5;15;S;F;1517;NEP
059540020020-283;059540020020;100mN31464E41424;MC;NA;5;9;S;F;0614;NEP
059540020020-283;059540020020;100mN31464E41424;MC;NA;5;16;S;F;1517;NEP
059540020020-284;059540020020;100mN31468E41415;SM;NA;2;70;S;M;6574;EMP
059540020020-284;059540020020;100mN31468E41415;SM;NA;2;8;S;M;0614;NEP
059540020020-285;059540020020;100mN31464E41427;MC;NA;2;44;M;M;4049;NEP
059540020020-285;059540020020;100mN31464E41427;MC;NA;2;42;M;F;4049;NEP
059540020020-286;059540020020;100mN31468E41415;MC;NA;2;43;M;M;4049;EMP
059540020020-286;059540020020;100mN31468E41415;MC;NA;2;40;M;F;4049;EMP
059540020020-287;059540020020;100mN31471E41417;S;OS;1;78;S;F;75XX;EMP
059540020020-288;059540020020;100mN31472E41431;S;NA;1;87;M;M;75XX;NEP
059540020020-289;059540020020;100mN31468E41415;MC;NA;3;23;M;M;1824;NEP
059540020020-289;059540020020;100mN31468E41415;MC;NA;3;20;M;F;1824;EMP
059540020020-289;059540020020;100mN31468E41415;MC;NA;3;7;S;M;0614;NEP
059540020020-290;059540020020;100mN31481E41414;MC;NA;3;58;M;F;5064;EMP
059540020020-290;059540020020;100mN31481E41414;MC;NA;3;63;M;M;5064;EMP
059540020020-290;059540020020;100mN31481E41414;MC;NA;3;3;S;M;0305;NEP
059540020020-291;059540020020;100mN31485E41409;S;NA;1;56;S;F;5064;NEP
059540020020-292;059540020020;100mN31468E41415;S;OS;1;52;M;F;5064;EMP
059540020020-293;059540020020;100mN31468E41415;MC;NA;2;19;M;M;1824;EMP
059540020020-293;059540020020;100mN31468E41415;MC;NA;2;18;M;F;1824;EMP
059540020020-294;059540020020;100mN31468E41415;S;OS;1;85;M;M;75XX;NEP
059540020020-295;059540020020;100mN31468E41415;S;NA;1;75;M;M;75XX;EMP
059540020020-296;059540020020;100mN31468E41415;MC;OS;2;68;M;F;6574;EMP
059540020020-296;059540020020;100mN31468E41415;MC;OS;2;66;M;M;6574;NEP
059540020020-297;059540020020;100mN31496E41427;MC;NA;4;40;M;F;4049;NEP
059540020020-297;059540020020;100mN31496E41427;MC;NA;4;43;M;M;4049;EMP
059540020020-297;059540020020;100mN31496E41427;MC;NA;4;13;S;M;0614;NEP
059540020020-297;059540020020;100mN31496E41427;MC;NA;4;25;M;F;2529;EMP
059540020020-298;059540020020;100mN31496E41427;S;NA;1;83;M;M;75XX;NEP
059540020020-299;059540020020;100mN31481E41393;S;OS;1;35;D;M;3039;EMP
059540020020-300;059540020020;100mN31488E41438;SF;MIX;6;65;D;M;6574;EMP
059540020020-300;059540020020;100mN31488E41438;SF;MIX;6;65;W;F;6574;NEP
059540020020-300;059540020020;100mN31488E41438;SF;MIX;6;9;S;M;0614;NEP
059540020020-300;059540020020;100mN31488E41438;SF;MIX;6;12;S;M;0614;NEP
059540020020-300;059540020020;100mN31488E41438;SF;MIX;6;7;S;F;0614;NEP
059540020020-300;059540020020;100mN31488E41438;SF;MIX;6;13;S;M;0614;NEP
059540020020-301;059540020020;100mN31492E41408;MC;NA;2;22;M;F;1824;EMP
059540020020-301;059540020020;100mN31492E41408;MC;NA;2;18;M;M;1824;NEP
059540020020-302;059540020020;100mN31492E41408;S;NA;1;84;D;F;75XX;NEP
059540020020-303;059540020020;100mN31488E41427;MC;OS;2;75;M;F;75XX;EMP
059540020020-303;059540020020;100mN31488E41427;MC;OS;2;77;M;M;75XX;EMP
059540020020-304;059540020020;100mN31463E41431;MC;NA;2;57;M;F;5064;EMP
059540020020-304;059540020020;100mN31463E41431;MC;NA;2;48;M;M;4049;NEP
059540020020-305;059540020020;100mN31465E41423;MC;NA;2;48;M;F;4049;EMP
059540020020-305;059540020020;100mN31465E41423;MC;NA;2;52;M;M;5064;UEP
059540020020-306;059540020020;100mN31484E41414;MC;MIX;2;69;M;F;6574;NEP
059540020020-306;059540020020;100mN31484E41414;MC;MIX;2;54;S;F;5064;EMP
059540020020-307;059540020020;100mN31467E41424;MC;NA;2;22;M;F;1824;EMP
059540020020-307;059540020020;100mN31467E41424;MC;NA;2;30;M;M;3039;EMP
059540020020-308;059540020020;100mN31496E41434;S;NA;1;60;M;F;5064;EMP
059540020020-309;059540020020;100mN31468E41420;PO;NA;4;30;S;F;3039;EMP
059540020020-309;059540020020;100mN31468E41420;PO;NA;4;32;S;F;3039;EMP
059540020020-309;059540020020;100mN31468E41420;PO;NA;4;6;S;M;0614;NEP
059540020020-309;059540020020;100mN31468E41420;PO;NA;4;15;S;M;1517;EMP
059540020020-310;059540020020;100mN31469E41419;S;NA;1;51;M;M;5064;NEP
059540020020-311;059540020020;100mN31492E41416;MC;NA;2;42;M;M;4049;EMP
059540020020-311;059540020020;100mN31492E41416;MC;NA;2;42;M;F;4049;EMP
059540020020-312;059540020020;100mN31468E41422;S;OS;1;65;M;F;6574;NEP
059540020020-313;059540020020;100mN31472E41425;MC;MIX;2;79;M;F;75XX;NEP
059540020020-313;059540020020;100mN31472E41425;MC;MIX;2;6;S;F;0614;NEP
059540020020-314;059540020020;100mN31489E41439;S;OS;1;25;M;F;2529;NEP
059540020020-315;059540020020;100mN31471E41420;S;NA;1;52;M;M;5064;NEP
059540020020-316;059540020020;100mN31489E41439;S;NA;1;52;M;M;5064;EMP
059540020020-317;059540020020;100mN31474E41418;MC;NA;3;52;M;M;5064;EMP
059540020020-317;059540020020;100mN31474E41418;MC;NA;3;52;M;F;5064;NEP
059540020020-317;059540020020;100mN31474E41418;MC;NA;3;26;M;F;2529;EMP
059540020020-318;059540020020;100mN31479E41406;MC;OS;3;73;M;F;6574;EMP
059540020020-318;059540020020;100mN31479E41406;MC;OS;3;80;M;M;75XX;EMP
059540020020-318;059540020020;100mN31479E41406;MC;OS;3;66;S;F;6574;NEP
059540020020-319;059540020020;100mN31484E41405;MC;MIX;4;67;S;M;6574;EMP
059540020020-319;059540020020;100mN31484E41405;MC;MIX;4;42;M;F;4049;EMP
059540020020-319;059540020020;100mN31484E41405;MC;MIX;4;59;M;M;5064;EMP
059540020020-319;059540020020;100mN31484E41405;MC;MIX;4;9;S;M;0614;NEP
059540020020-320;059540020020;100mN31480E41408;MC;OS;2;69;M;F;6574;EMP
059540020020-320;059540020020;100mN31480E41408;MC;OS;2;70;M;M;6574;NEP
059540020020-321;059540020020;100mN31479E41404;MC;NA;3;44;M;M;4049;EMP
059540020020-321;059540020020;100mN31479E41404;MC;NA;3;47;M;F;4049;EMP
059540020020-321;059540020020;100mN31479E41404;MC;NA;3;13;S;M;0614;NEP
059540020020-322;059540020020;100mN31489E41439;S;OS;1;33;D;M;3039;NEP
059540020020-323;059540020020;100mN31483E41409;S;NA;1;56;M;F;5064;EMP
059540020020-324;059540020020;100mN31478E41407;MC;NA;3;57;M;F;5064;NEP
059540020020-324;059540020020;100mN31478E41407;MC;NA;3;61;M;M;5064;EMP
059540020020-324;059540020020;100mN31478E41407;MC;NA;3;8;S;F;0614;NEP
059540020020-325;059540020020;100mN31492E41406;MC;OS;2;83;M;F;75XX;EMP
059540020020-325;059540020020;100mN31492E41406;MC;OS;2;76;M;M;75XX;EMP
059540020020-326;059540020020;100mN31492E41406;S;NA;1;48;S;M;4049;NEP
059540020020-327;059540020020;100mN31491E41421;S;NA;1;51;W;F;5064;EMP
059540020020-328;059540020020;100mN31492E41401;MC;OS;2;77;M;F;75XX;EMP
059540020020-328;059540020020;100mN31492E41401;MC;OS;2;79;M;M;75XX;EMP
059540020020-329;059540020020;100mN31465E41428;S;OS;1;26;D;F;2529;NEP
059540020020-330;059540020020;100mN31480E41408;MC;MIX;2;87;M;F;75XX;EMP
059540020020-330;059540020020;100mN31480E41408;MC;MIX;2;13;S;F;0614;NEP
059540020020-331;059540020020;100mN31482E41409;S;NA;1;53;M;F;5064;NEP
059540020020-332;059540020020;100mN31468E41419;S;OS;1;33;M;F;3039;EMP
059540020020-333;059540020020;100mN31498E41444;S;NA;1;56;S;M;5064;EMP
059540020020-334;059540020020;100mN31471E41421;S;NA;1;36;W;F;3039;NEP
059540020020-335;059540020020;100mN31477E41421;S;OS;1;57;M;F;5064;NEP
059540020020-336;059540020020;100mN31499E41432;MC;NA;4;47;M;M;4049;EMP
059540020020-336;059540020020;100mN31499E41432;MC;NA;4;42;M;F;4049;NEP
059540020020-336;059540020020;100mN31499E41432;MC;NA;4;15;S;F;1517;EMP
059540020020-336;059540020020;100mN31499E41432;MC;NA;4;20;M;M;1824;NEP
059540020020-337;059540020020;100mN31478E41407;MC;NA;4;55;M;F;5064;NEP
059540020020-337;059540020020;100mN31478E41407;MC;NA;4;46;D;F;4049;NEP
059540020020-337;059540020020;100mN31478E41407;MC;NA;4;11;S;F;0614;NEP
059540020020-337;059540020020;100mN31478E41407;MC;NA;4;20;S;M;1824;EMP
059540020020-338;059540020020;100mN31480E41404;S;OS;1;40;S;M;4049;EMP
059540020020-339;059540020020;100mN31484E41428;S;NA;1;47;S;M;4049;NEP
059540020020-340;059540020020;100mN31480E41413;PO;NA;2;21;S;M;1824;EMP
059540020020-340;059540020020;100mN31480E41413;PO;NA;2;19;S;M;1824;EMP
059540020020-341;059540020020;100mN31463E41424;MC;NA;3;53;M;M;5064;NEP
059540020020-341;059540020020;100mN31463E41424;MC;NA;3;48;M;F;4049;NEP
059540020020-341;059540020020;100mN31463E41424;MC;NA;3;9;S;M;0614;NEP
059540020020-342;059540020020;100mN31491E41422;PO;MIX;2;85;S;M;75XX;NEP
059540020020-342;059540020020;100mN31491E41422;PO;MIX;2;58;S;F;5064;EMP
059540020020-343;059540020020;100mN31472E41424;NA;OS;4;35;M;F;3039;NEP
059540020020-343;059540020020;100mN31472E41424;NA;OS;4;28;W;M;2529;EMP
059540020020-343;059540020020;100mN31472E41424;NA;OS;4;38;W;F;3039;NEP
059540020020-343;059540020020;100mN31472E41424;NA;OS;4;53;S;F;5064;NEP
059540020020-344;059540020020;100mN31485E41413;MC;OS;3;67;M;M;6574;EMP
059540020020-344;059540020020;100mN31485E41413;MC;OS;3;65;M;F;6574;NEP
059540020020-344;059540020020;100mN31485E41413;MC;OS;3;70;M;F;6574;NEP
059540020020-345;059540020020;100mN31468E41425;PO;NA;3;48;S;F;4049;EMP
059540020020-345;059540020020;100mN31468E41425;PO;NA;3;48;S;F;4049;EMP
059540020020-345;059540020020;100mN31468E41425;PO;NA;3;3;S;F;0305;NEP
059540020020-346;059540020020;100mN31460E41426;MC;MIX;2;76;M;M;75XX;NEP
059540020020-346;059540020020;100mN31460E41426;MC;MIX;2;53;M;F;5064;EMP
059540020020-347;059540020020;100mN31465E41420;MC;NA;2;48;M;M;4049;NEP
059540020020-347;059540020020;100mN31465E41420;MC;NA;2;42;M;F;4049;NEP
059540020020-348;059540020020;100mN31500E41446;MC;NA;4;63;M;M;5064;EMP
059540020020-348;059540020020;100mN31500E41446;MC;NA;4;61;M;F;5064;EMP
059540020020-348;059540020020;100mN31500E41446;MC;NA;4;36;S;M;3039;NEP
059540020020-348;059540020020;100mN31500E41446;MC;NA;4;7;S;M;0614;NEP
059540020020-349;059540020020;100mN31462E41428;S;NA;1;47;D;M;4049;EMP
059540020020-350;059540020020;100mN31466E41419;S;NA;1;61;M;F;5064;EMP
059540020020-351;059540020020;100mN31466E41419;S;NA;1;72;M;M;6574;NEP
059540020020-352;059540020020;100mN31494E41416;S;NA;1;38;M;M;3039;EMP
059540020020-353;059540020020;100mN31466E41419;SF;NA;2;85;W;F;75XX;EMP
059540020020-353;059540020020;100mN31466E41419;SF;NA;2;16;S;M;1517;EMP
059540020020-354;059540020020;100mN31466E41419;PO;NA;2;58;S;M;5064;EMP
059540020020-354;059540020020;100mN31466E41419;PO;NA;2;25;S;M;2529;EMP
059540020020-355;059540020020;100mN31471E41421;S;NA;1;48;S;M;4049;EMP
059540020020-356;059540020020;100mN31483E41410;MC;MIX;3;88;S;F;75XX;NEP
059540020020-356;059540020020;100mN31483E41410;MC;MIX;3;58;M;M;5064;EMP
059540020020-356;059540020020;100mN31483E41410;MC;MIX;3;60;M;F;5064;EMP
059540020020-357;059540020020;100mN31466E41419;S;NA;1;77;W;F;75XX;EMP
059540020020-358;059540020020;100mN31466E41419;PO;NA;4;55;S;F;5064;EMP
059540020020-358;059540020020;100mN31466E41419;PO;NA;4;57;S;F;5064;EMP
059540020020-358;059540020020;100mN31466E41419;PO;NA;4;16;S;M;1517;EMP
059540020020-358;059540020020;100mN31466E41419;PO;NA;4;33;M;M;3039;EMP
059540020020-359;059540020020;100mN31473E41423;MC;OS;2;72;M;M;6574;EMP
059540020020-359;059540020020;100mN31473E41423;MC;OS;2;73;M;F;6574;NEP
059540020020-360;059540020020;100mN31478E41406;S;NA;1;18;M;M;1824;NEP
059540020020-361;059540020020;100mN31484E41406;MC;NA;4;47;M;M;4049;NEP
059540020020-361;059540020020;100mN31484E41406;MC;NA;4;45;M;F;4049;EMP
059540020020-361;059540020020;100mN31484E41406;MC;NA;4;27;M;M;2529;EMP
059540020020-361;059540020020;100mN31484E41406;MC;NA;4;11;S;F;0614;NEP
059540020020-362;059540020020;100mN31498E41430;MC;NA;4;47;M;M;4049;NEP
059540020020-362;059540020020;100mN31498E41430;MC;NA;4;46;M;F;4049;EMP
059540020020-362;059540020020;100mN31498E41430;MC;NA;4;6;S;F;0614;NEP
059540020020-362;059540020020;100mN31498E41430;MC;NA;4;10;S;F;0614;NEP
059540020020-363;059540020020;100mN31484E41411;MC;MIX;2;70;M;M;6574;NEP
059540020020-363;059540020020;100mN31484E41411;MC;MIX;2;68;W;M;6574;NEP
059540020020-364;059540020020;100mN31466E41419;MC;OS;2;76;M;M;75XX;EMP
059540020020-364;059540020020;100mN31466E41419;MC;OS;2;76;M;F;75XX;NEP
059540020020-365;059540020020;100mN31472E41423;S;OS;1;53;D;M;5064;EMP
059540020020-366;059540020020;100mN31472E41432;SF;NA;4;47;W;F;4049;EMP
059540020020-366;059540020020;100mN31472E41432;SF;NA;4;16;S;M;1517;EMP
059540020020-366;059540020020;100mN31472E41432;SF;NA;4;6;S;M;0614;NEP
059540020020-366;059540020020;100mN31472E41432;SF;NA;4;16;S;F;1517;NEP
059540020020-367;059540020020;100mN31466E41419;S;OS;1;54;M;M;5064;NEP
059540020020-368;059540020020;100mN31460E41429;MC;NA;2;55;M;F;5064;EMP
059540020020-368;059540020020;100mN31460E41429;MC;NA;2;52;M;M;5064;NEP
059540020020-369;059540020020;100mN31466E41415;SF;NA;2;61;D;F;5064;NEP
059540020020-369;059540020020;100mN31466E41415;SF;NA;2;43;S;M;4049;EMP
059540020020-370;059540020020;100mN31466E41430;PO;NA;4;41;S;F;4049;EMP
059540020020-370;059540020020;100mN31466E41430;PO;NA;4;43;S;M;4049;EMP
059540020020-370;059540020020;100mN31466E41430;PO;NA;4;20;M;M;1824;EMP
059540020020-370;059540020020;100mN31466E41430;PO;NA;4;19;S;M;1824;EMP
059540020020-371;059540020020;100mN31466E41430;MC;NA;2;57;M;M;5064;EMP
059540020020-371;059540020020;100mN31466E41430;MC;NA;2;54;M;F;5064;EMP
059540020020-372;059540020020;100mN31466E41430;MC;MIX;2;66;M;M;6574;EMP
059540020020-372;059540020020;100mN31466E41430;MC;MIX;2;63;M;F;5064;EMP
059540020020-373;059540020020;100mN31493E41404;MC;MIX;2;89;M;M;75XX;NEP
059540020020-373;059540020020;100mN31493E41404;MC;MIX;2;44;S;M;4049;EMP
059540020020-374;059540020020;100mN31493E41403;MC;NA;2;50;M;M;5064;NEP
059540020020-374;059540020020;100mN31493E41403;MC;NA;2;43;M;F;4049;EMP
059540020020-375;059540020020;100mN31462E41423;MC;NA;2;43;M;F;4049;EMP
059540020020-375;059540020020;100mN31462E41423;MC;NA;2;45;M;M;4049;EMP
059540020020-376;059540020020;100mN31489E41421;NA;NA;3;44;S;M;4049;NEP
059540020020-376;059540020020;100mN31489E41421;NA;NA;3;57;S;F;5064;EMP
059540020020-376;059540020020;100mN31489E41421;NA;NA;3;51;M;M;5064;EMP
059540020020-377;059540020020;100mN31466E41430;S;NA;1;47;M;F;4049;EMP
059540020020-378;059540020020;100mN31491E41417;S;OS;1;37;S;F;3039;EMP
059540020020-379;059540020020;100mN31466E41430;S;NA;1;38;S;F;3039;EMP
059540020020-380;059540020020;100mN31488E41422;SF;NA;4;33;S;F;3039;NEP
059540020020-380;059540020020;100mN31488E41422;SF;NA;4;18;M;M;1824;EMP
059540020020-380;059540020020;100mN31488E41422;SF;NA;4;9;S;M;0614;NEP
059540020020-380;059540020020;100mN31488E41422;SF;NA;4;18;W;M;1824;NEP
059540020020-381;059540020020;100mN31492E41427;S;NA;1;80;M;M;75XX;EMP
059540020020-382;059540020020;100mN31480E41407;S;NA;1;58;M;F;5064;NEP
059540020020-383;059540020020;100mN31484E41414;S;NA;1;40;M;F;4049;EMP
059540020020-384;059540020020;100mN31462E41428;MC;NA;3;40;M;F;4049;NEP
059540020020-384;059540020020;100mN31462E41428;MC;NA;3;43;M;M;4049;EMP
059540020020-384;059540020020;100mN31462E41428;MC;NA;3;19;M;M;1824;NEP
059540020020-385;059540020020;100mN31464E41418;S;OS;1;68;W;F;6574;EMP
059540020020-386;059540020020;100mN31493E41407;S;NA;1;30;S;M;3039;EMP
059540020020-387;059540020020;100mN31464E41424;MC;NA;2;31;M;M;3039;EMP
059540020020-387;059540020020;100mN31464E41424;MC;NA;2;33;M;F;3039;NEP
059540020020-388;059540020020;100mN31466E41429;MC;OS;2;73;M;M;6574;EMP
059540020020-388;059540020020;100mN31466E41429;MC;OS;2;71;M;F;6574;NEP
059540020020-389;059540020020;100mN31490E41400;MC;NA;2;53;M;M;5064;NEP
059540020020-389;059540020020;100mN31490E41400;MC;NA;2;55;M;F;5064;NEP
059540020020-390;059540020020;100mN31483E41405;MC;MIX;4;69;M;M;6574;NEP
059540020020-390;059540020020;100mN31483E41405;MC;MIX;4;53;M;M;5064;EMP
059540020020-390;059540020020;100mN31483E41405;MC;MIX;4;51;M;F;5064;EMP
059540020020-390;059540020020;100mN31483E41405;MC;MIX;4;9;S;F;0614;NEP
059540020020-391;059540020020;100mN31500E41433;SF;MIX;2;73;W;F;6574;NEP
059540020020-391;059540020020;100mN31500E41433;SF;MIX;2;12;S;F;0614;NEP
059540020020-392;059540020020;100mN31488E41414;SF;NA;2;78;D;F;75XX;EMP
059540020020-392;059540020020;100mN31488E41414;SF;NA;2;46;M;F;4049;EMP
059540020020-393;059540020020;100mN31466E41430;SM;NA;2;79;S;M;75XX;NEP
059540020020-393;059540020020;100mN31466E41430;SM;NA;2;12;S;F;0614;NEP
059540020020-394;059540020020;100mN31465E41428;PO;OS;2;66;S;F;6574;EMP
059540020020-394;059540020020;100mN31465E41428;PO;OS;2;72;S;F;6574;EMP
059540020020-395;059540020020;100mN31500E41422;MC;NA;2;47;M;F;4049;EMP
059540020020-395;059540020020;100mN31500E41422;MC;NA;2;52;M;M;5064;EMP
059540020020-396;059540020020;100mN31483E41400;SF;NA;4;43;D;F;4049;EMP
059540020020-396;059540020020;100mN31483E41400;SF;NA;4;21;D;F;1824;EMP
059540020020-396;059540020020;100mN31483E41400;SF;NA;4;4;S;M;0305;NEP
059540020020-396;059540020020;100mN31483E41400;SF;NA;4;8;S;M;0614;NEP
059540020020-397;059540020020;100mN31491E41417;S;OS;1;18;S;F;1824;EMP
059540020020-398;059540020020;100mN31471E41425;S;NA;1;45;S;M;4049;EMP
059540020020-399;059540020020;100mN31466E41430;MC;OS;3;69;M;M;6574;NEP
059540020020-399;059540020020;100mN31466E41430;MC;OS;3;65;M;F;6574;EMP
059540020020-399;059540020020;100mN31466E41430;MC;OS;3;87;M;F;75XX;EMP
059540020020-400;059540020020;100mN31461E41426;S;OS;1;44;M;F;4049;EMP
059540020020-401;059540020020;100mN31468E41421;MC;NA;4;31;M;F;3039;NEP
059540020020-401;059540020020;100mN31468E41421;MC;NA;4;37;M;M;3039;NEP
059540020020-401;059540020020;100mN31468E41421;MC;NA;4;11;S;F;0614;NEP
059540020020-401;059540020020;100mN31468E41421;MC;NA;4;10;S;M;0614;NEP
059540020020-402;059540020020;100mN31466E41416;MC;NA;4;59;M;M;5064;NEP
059540020020-402;059540020020;100mN31466E41416;MC;NA;4;57;M;F;5064;NEP
059540020020-402;059540020020;100mN31466E41416;MC;NA;4;12;S;M;0614;NEP
059540020020-402;059540020020;100mN31466E41416;MC;NA;4;26;S;F;2529;NEP
059540020020-403;059540020020;100mN31501E41437;S;NA;1;27;M;F;2529;EMP
059540020020-404;059540020020;100mN31468E41425;SM;NA;4;85;S;M;75XX;UEP
059540020020-404;059540020020;100mN31468E41425;SM;NA;4;11;S;F;0614;NEP
059540020020-404;059540020020;100mN31468E41425;SM;NA;4;67;D;F;6574;NEP
059540020020-404;059540020020;100mN31468E41425;SM;NA;4;68;D;M;6574;NEP
059540020020-405;059540020020;100mN31466E41430;S;NA;1;28;M;F;2529;NEP
059540020020-406;059540020020;100mN31466E41430;S;NA;1;52;M;F;5064;NEP
059540020020-407;059540020020;100mN31494E41436;MC;NA;4;32;M;M;3039;EMP
059540020020-407;059540020020;100mN31494E41436;MC;NA;4;25;M;F;2529;NEP
059540020020-407;059540020020;100mN31494E41436;MC;NA;4;10;S;F;0614;NEP
059540020020-407;059540020020;100mN31494E41436;MC;NA;4;1;S;M;0003;NEP
059540020020-408;059540020020;100mN31479E41406;MC;MIX;2;65;M;M;6574;EMP
059540020020-408;059540020020;100mN31479E41406;MC;MIX;2;25;M;M;2529;EMP
059540020020-409;059540020020;100mN31481E41404;S;OS;1;53;S;M;5064;EMP
059540020020-410;059540020020;100mN31501E41445;MC;NA;3;23;M;F;1824;EMP
059540020020-410;059540020020;100mN31501E41445;MC;NA;3;30;M;M;3039;EMP
059540020020-410;059540020020;100mN31501E41445;MC;NA;3;4;S;F;0305;NEP
059540020020-411;059540020020;100mN31484E41408;S;NA;1;26;W;F;2529;EMP
059540020020-412;059540020020;100mN31478E41405;S;NA;1;18;M;M;1824;EMP
059540020020-413;059540020020;100mN31464E41419;MC;NA;2;45;M;M;4049;EMP
059540020020-413;059540020020;100mN31464E41419;MC;NA;2;42;M;F;4049;NEP
059540020020-414;059540020020;100mN31480E41408;S;NA;1;76;W;F;75XX;EMP
059540020020-415;059540020020;100mN31491E41422;PO;MIX;2;85;S;M;75XX;NEP
059540020020-415;059540020020;100mN31491E41422;PO;MIX;2;58;S;F;5064;EMP
059540020020-416;059540020020;100mN31480E41400;S;NA;1;56;M;M;5064;EMP
059540020020-417;059540020020;100mN31480E41400;SM;NA;2;16;S;M;1517;EMP
059540020020-417;059540020020;100mN31480E41400;SM;NA;2;1;S;M;0003;NEP
059540020020-418;059540020020;100mN31470E41429;PO;NA;2;34;S;M;3039;NEP
059540020020-418;059540020020;100mN31470E41429;PO;NA;2;38;S;F;3039;EMP
059540020020-419;059540020020;100mN31477E41422;PO;OS;2;84;S;M;75XX;EMP
059540020020-419;059540020020;100mN31477E41422;PO;OS;2;84;S;M;75XX;EMP
059540020020-420;059540020020;100mN31493E41426;MC;NA;4;25;M;F;2529;NEP
059540020020-420;059540020020;100mN31493E41426;MC;NA;4;23;M;M;1824;EMP
059540020020-420;059540020020;100mN31493E41426;MC;NA;4;9;S;M;0614;NEP
059540020020-420;059540020020;100mN31493E41426;MC;NA;4;4;S;F;0305;NEP
059540020020-421;059540020020;100mN31482E41408;S;NA;1;51;M;F;5064;NEP
059540020020-422;059540020020;100mN31482E41408;PO;NA;2;40;S;M;4049;EMP
059540020020-422;059540020020;100mN31482E41408;PO;NA;2;37;S;M;3039;EMP
059540020020-423;059540020020;100mN31463E41424;MC;NA;4;50;M;M;5064;EMP
059540020020-423;059540020020;100mN31463E41424;MC;NA;4;50;M;F;5064;NEP
059540020020-423;059540020020;100mN31463E41424;MC;NA;4;9;S;F;0614;NEP
059540020020-423;059540020020;100mN31463E41424;MC;NA;4;28;M;M;2529;EMP
059540020020-424;059540020020;100mN31482E41408;MC;MIX;2;66;M;F;6574;EMP
059540020020-424;059540020020;100mN31482E41408;MC;MIX;2;56;M;F;5064;EMP
059540020020-425;059540020020;100mN31500E41446;S;OS;1;53;S;M;5064;NEP
059540020020-426;059540020020;100mN31491E41419;S;NA;1;40;W;F;4049;EMP
059540020020-427;059540020020;100mN31483E41409;MC;OS;2;86;M;M;75XX;EMP
059540020020-427;059540020020;100mN31483E41409;MC;OS;2;78;M;F;75XX;EMP
059540020020-428;059540020020;100mN31482E41408;MC;NA;3;60;M;M;5064;EMP
059540020020-428;059540020020;100mN31482E41408;MC;NA;3;56;M;F;5064;NEP
059540020020-428;059540020020;100mN31482E41408;MC;NA;3;8;S;M;0614;NEP
059540020020-429;059540020020;100mN31467E41421;SF;NA;2;55;S;F;5064;NEP
059540020020-429;059540020020;100mN31467E41421;SF;NA;2;7;S;F;0614;NEP
059540020020-430;059540020020;100mN31481E41405;MC;MIX;2;65;M;M;6574;EMP
059540020020-430;059540020020;100mN31481E41405;MC;MIX;2;50;S;M;5064;EMP
059540020020-431;059540020020;100mN31460E41424;MC;NA;4;61;M;M;5064;UEP
059540020020-431;059540020020;100mN31460E41424;MC;NA;4;61;M;F;5064;EMP
059540020020-431;059540020020;100mN31460E41424;MC;NA;4;35;W;F;3039;EMP
059540020020-431;059540020020;100mN31460E41424;MC;NA;4;9;S;M;0614;NEP
059540020020-432;059540020020;100mN31482E41408;SF;NA;2;82;D;F;75XX;EMP
059540020020-432;059540020020;100mN31482E41408;SF;NA;2;59;S;F;5064;NEP
059540020020-433;059540020020;100mN31482E41408;S;NA;1;54;M;F;5064;NEP
059540020020-434;059540020020;100mN31492E41417;S;NA;1;30;M;M;3039;EMP
059540020020-435;059540020020;100mN31467E41428;SM;NA;4;45;S;M;4049;EMP
059540020020-435;059540020020;100mN31467E41428;SM;NA;4;26;D;M;2529;EMP
059540020020-435;059540020020;100mN31467E41428;SM;NA;4;4;S;F;0305;NEP
059540020020-435;059540020020;100mN31467E41428;SM;NA;4;12;S;M;0614;NEP
059540020020-436;059540020020;100mN31482E41408;MC;OS;4;75;M;F;75XX;NEP
059540020020-436;059540020020;100mN31482E41408;MC;OS;4;83;M;M;75XX;NEP
059540020020-436;059540020020;100mN31482E41408;MC;OS;4;80;M;F;75XX;EMP
059540020020-436;059540020020;100mN31482E41408;MC;OS;4;76;D;M;75XX;NEP
059540020020-437;059540020020;100mN31492E41421;PO;NA;2;63;S;M;5064;NEP
059540020020-437;059540020020;100mN31492E41421;PO;NA;2;46;S;M;4049;EMP
059540020020-438;059540020020;100mN31490E41422;MC;NA;3;47;M;F;4049;EMP
059540020020-438;059540020020;100mN31490E41422;MC;NA;3;47;M;M;4049;UEP
059540020020-438;059540020020;100mN31490E41422;MC;NA;3;16;S;F;1517;NEP
059540020020-439;059540020020;100mN31493E41425;MC;NA;2;57;M;M;5064;NEP
059540020020-439;059540020020;100mN31493E41425;MC;NA;2;56;M;F;5064;EMP
059540020020-440;059540020020;100mN31497E41443;MC;NA;3;59;M;M;5064;EMP
059540020020-440;059540020020;100mN31497E41443;MC;NA;3;56;M;F;5064;EMP
059540020020-440;059540020020;100mN31497E41443;MC;NA;3;6;S;M;0614;NEP
059540020020-441;059540020020;100mN31473E41421;S;OS;1;54;S;F;5064;EMP
059540020020-442;059540020020;100mN31483E41409;MC;NA;4;61;M;F;5064;EMP
059540020020-442;059540020020;100mN31483E41409;MC;NA;4;57;M;F;5064;EMP
059540020020-442;059540020020;100mN31483E41409;MC;NA;4;7;S;M;0614;NEP
059540020020-442;059540020020;100mN31483E41409;MC;NA;4;42;M;M;4049;NEP
059540020020-443;059540020020;100mN31482E41408;MC;MIX;3;72;S;M;6574;EMP
059540020020-443;059540020020;100mN31482E41408;MC;MIX;3;42;M;M;4049;NEP
059540020020-443;059540020020;100mN31482E41408;MC;MIX;3;40;M;F;4049;EMP
059540020020-444;059540020020;100mN31471E41420;S;OS;1;28;W;F;2529;NEP
059540020020-445;059540020020;100mN31481E41406;MC;MIX;4;79;S;M;75XX;EMP
059540020020-445;059540020020;100mN31481E41406;MC;MIX;4;46;M;M;4049;UEP
059540020020-445;059540020020;100mN31481E41406;MC;MIX;4;43;M;F;4049;NEP
059540020020-445;059540020020;100mN31481E41406;MC;MIX;4;31;W;F;3039;EMP
059540020020-446;059540020020;100mN31471E41422;MC;MIX;2;65;M;M;6574;EMP
059540020020-446;059540020020;100mN31471E41422;MC;MIX;2;73;S;F;6574;EMP
059540020020-447;059540020020;100mN31482E41408;SF;NA;2;57;S;F;5064;EMP
059540020020-447;059540020020;100mN31482E41408;SF;NA;2;40;M;F;4049;NEP
059540020020-448;059540020020;100mN31473E41426;S;NA;1;26;PD;M;2529;EMP
059540020020-449;059540020020;100mN31491E41413;MC;MIX;4;73;S;M;6574;UEP
059540020020-449;059540020020;100mN31491E41413;MC;MIX;4;34;M;F;3039;NEP
059540020020-449;059540020020;100mN31491E41413;MC;MIX;4;38;M;M;3039;NEP
059540020020-449;059540020020;100mN31491E41413;MC;MIX;4;16;S;M;1517;NEP
059540020020-450;059540020020;100mN31479E41401;PO;NA;3;43;S;M;4049;EMP
059540020020-450;059540020020;100mN31479E41401;PO;NA;3;41;S;F;4049;NEP
059540020020-450;059540020020;100mN31479E41401;PO;NA;3;8;S;M;0614;NEP
059540020020-451;059540020020;100mN31483E41413;S;OS;1;31;M;M;3039;UEP
059540020020-452;059540020020;100mN31468E41420;S;NA;1;59;D;F;5064;EMP
059540020020-453;059540020020;100mN31484E41414;S;NA;1;54;S;M;5064;NEP
059540020020-454;059540020020;100mN31482E41408;S;OS;1;62;M;F;5064;EMP
059540020020-455;059540020020;100mN31471E41423;S;OS;1;16;S;F;1517;NEP
059540020020-456;059540020020;100mN31475E41430;MC;OS;4;71;M;F;6574;NEP
059540020020-456;059540020020;100mN31475E41430;MC;OS;4;75;M;M;75XX;EMP
059540020020-456;059540020020;100mN31475E41430;MC;OS;4;65;M;M;6574;EMP
059540020020-456;059540020020;100mN31475E41430;MC;OS;4;79;M;M;75XX;EMP
059540020020-457;059540020020;100mN31475E41422;S;NA;1;72;S;M;6574;EMP
059540020020-458;059540020020;100mN31492E41428;S;NA;1;79;M;F;75XX;NEP
059540020020-459;059540020020;100mN31492E41415;MC;OS;4;76;M;M;75XX;NEP
059540020020-459;059540020020;100mN31492E41415;MC;OS;4;72;M;F;6574;NEP
059540020020-459;059540020020;100mN31492E41415;MC;OS;4;75;M;F;75XX;NEP
059540020020-459;059540020020;100mN31492E41415;MC;OS;4;65;M;M;6574;NEP
059540020020-460;059540020020;100mN31462E41432;MC;NA;4;23;M;M;1824;UEP
059540020020-460;059540020020;100mN31462E41432;MC;NA;4;21;M;F;1824;NEP
059540020020-460;059540020020;100mN31462E41432;MC;NA;4;0;S;M;0003;NEP
059540020020-460;059540020020;100mN31462E41432;MC;NA;4;8;S;M;0614;NEP
059540020020-461;059540020020;100mN31492E41415;S;NA;1;47;M;M;4049;NEP
059540020020-462;059540020020;100mN31485E41441;SF;MIX;4;70;S;M;6574;UEP
059540020020-462;059540020020;100mN31485E41441;SF;MIX;4;60;D;F;5064;NEP
059540020020-462;059540020020;100mN31485E41441;SF;MIX;4;1;S;F;0003;NEP
059540020020-462;059540020020;100mN31485E41441;SF;MIX;4;13;S;F;0614;NEP
059540020020-463;059540020020;100mN31482E41397;SF;NA;3;48;S;F;4049;EMP
059540020020-463;059540020020;100mN31482E41397;SF;NA;3;9;S;F;0614;NEP
059540020020-463;059540020020;100mN31482E41397;SF;NA;3;6;S;M;0614;NEP
059540020020-464;059540020020;100mN31478E41401;MC;OS;2;72;M;F;6574;NEP
059540020020-464;059540020020;100mN31478E41401;MC;OS;2;78;M;M;75XX;NEP
059540020020-465;059540020020;100mN31479E41401;PO;NA;3;43;S;M;4049;EMP
059540020020-465;059540020020;100mN31479E41401;PO;NA;3;41;S;F;4049;NEP
059540020020-465;059540020020;100mN31479E41401;PO;NA;3;8;S;M;0614;NEP
059540020020-466;059540020020;100mN31486E41436;S;NA;1;53;M;M;5064;EMP
059540020020-467;059540020020;100mN31485E41411;S;NA;1;63;W;F;5064;NEP
059540020020-468;059540020020;100mN31486E41432;MC;NA;2;58;M;M;5064;NEP
059540020020-468;059540020020;100mN31486E41432;MC;NA;2;52;M;F;5064;NEP
059540020020-469;059540020020;100mN31496E41416;PO;OS;2;68;S;M;6574;NEP
059540020020-469;059540020020;100mN31496E41416;PO;OS;2;68;S;M;6574;EMP
059540020020-470;059540020020;100mN31464E41421;MC;MIX;2;70;M;F;6574;NEP
059540020020-470;059540020020;100mN31464E41421;MC;MIX;2;16;S;F;1517;EMP
059540020020-471;059540020020;100mN31494E41436;MC;MIX;2;69;M;M;6574;NEP
059540020020-471;059540020020;100mN31494E41436;MC;MIX;2;27;M;M;2529;NEP
059540020020-472;059540020020;100mN31494E41423;S;OS;1;47;D;M;4049;EMP
059540020020-473;059540020020;100mN31480E41407;MC;NA;5;60;M;M;5064;UEP
059540020020-473;059540020020;100mN31480E41407;MC;NA;5;59;M;F;5064;NEP
059540020020-473;059540020020;100mN31480E41407;MC;NA;5;4;S;F;0305;NEP
059540020020-473;059540020020;100mN31480E41407;MC;NA;5;15;S;F;1517;NEP
059540020020-473;059540020020;100mN31480E41407;MC;NA;5;25;S;F;2529;EMP
059540020020-474;059540020020;100mN31469E41424;PO;OS;2;73;S;F;6574;NEP
059540020020-474;059540020020;100mN31469E41424;PO;OS;2;79;S;F;75XX;NEP
059540020020-475;059540020020;100mN31501E41444;MC;NA;2;56;M;M;5064;EMP
059540020020-475;059540020020;100mN31501E41444;MC;NA;2;55;M;F;5064;EMP
059540020020-476;059540020020;100mN31473E41431;MC;OS;3;66;M;M;6574;EMP
059540020020-476;059540020020;100mN31473E41431;MC;OS;3;65;M;F;6574;EMP
059540020020-476;059540020020;100mN31473E41431;MC;OS;3;68;D;F;6574;NEP
059540020020-477;059540020020;100mN31490E41397;MC;MIX;2;80;M;M;75XX;EMP
059540020020-477;059540020020;100mN31490E41397;MC;MIX;2;56;S;M;5064;NEP
059540020020-478;059540020020;100mN31489E41420;MC;NA;2;47;M;M;4049;EMP
059540020020-478;059540020020;100mN31489E41420;MC;NA;2;60;M;F;5064;NEP
059540020020-479;059540020020;100mN31501E41444;S;NA;1;56;S;M;5064;EMP
059540020020-480;059540020020;100mN31481E41413;S;OS;1;72;M;F;6574;NEP
059540020020-481;059540020020;100mN31493E41426;MC;NA;2;42;M;F;4049;EMP
059540020020-481;059540020020;100mN31493E41426;MC;NA;2;42;M;M;4049;NEP
059540020020-482;059540020020;100mN31483E41405;SF;NA;4;47;D;F;4049;NEP
059540020020-482;059540020020;100mN31483E41405;SF;NA;4;11;S;F;0614;NEP
059540020020-482;059540020020;100mN31483E41405;SF;NA;4;28;M;F;2529;EMP
059540020020-482;059540020020;100mN31483E41405;SF;NA;4;8;S;M;0614;NEP
059540020020-483;059540020020;100mN31486E41412;MC;OS;2;82;M;M;75XX;EMP
059540020020-483;059540020020;100mN31486E41412;MC;OS;2;48;W;F;4049;EMP
059540020020-484;059540020020;100mN31461E41423;S;NA;1;34;W;M;3039;EMP
059540020020-485;059540020020;100mN31487E41428;SF;NA;2;56;S;F;5064;NEP
059540020020-485;059540020020;100mN31487E41428;SF;NA;2;0;S;F;0003;NEP
059540020020-486;059540020020;100mN31493E41426;MC;MIX;4;80;S;F;75XX;NEP
059540020020-486;059540020020;100mN31493E41426;MC;MIX;4;40;M;M;4049;EMP
059540020020-486;059540020020;100mN31493E41426;MC;MIX;4;37;M;F;3039;EMP
059540020020-486;059540020020;100mN31493E41426;MC;MIX;4;9;S;F;0614;NEP
059540020020-487;059540020020;100mN31484E41394;MC;NA;4;35;M;F;3039;NEP
059540020020-487;059540020020;100mN31484E41394;MC;NA;4;30;M;M;3039;EMP
059540020020-487;059540020020;100mN31484E41394;MC;NA;4;15;S;F;1517;NEP
059540020020-487;059540020020;100mN31484E41394;MC;NA;4;3;S;F;0305;NEP
059540020020-488;059540020020;100mN31493E41410;S;NA;1;23;S;M;1824;NEP
059540020020-489;059540020020;100mN31493E41426;S;NA;1;27;M;M;2529;EMP
059540020020-490;059540020020;100mN31484E41418;S;OS;1;57;D;F;5064;EMP
059540020020-491;059540020020;100mN31488E41422;S;NA;1;43;M;M;4049;NEP
059540020020-492;059540020020;100mN31488E41422;MC;NA;2;47;M;M;4049;NEP
059540020020-492;059540020020;100mN31488E41422;MC;NA;2;44;M;F;4049;NEP
059540020020-493;059540020020;100mN31488E41422;MC;OS;2;68;M;F;6574;EMP
059540020020-493;059540020020;100mN31488E41422;MC;OS;2;67;M;M;6574;EMP
059540020020-494;059540020020;100mN31488E41422;MC;NA;2;40;M;F;4049;NEP
059540020020-494;059540020020;100mN31488E41422;MC;NA;2;43;M;M;4049;EMP
059540020020-495;059540020020;100mN31478E41407;S;NA;1;62;S;M;5064;NEP
059540020020-496;059540020020;100mN31490E41417;S;NA;1;18;M;M;1824;EMP
059540020020-497;059540020020;100mN31488E41422;MC;OS;2;73;M;F;6574;NEP
059540020020-497;059540020020;100mN31488E41422;MC;OS;2;67;M;M;6574;EMP
059540020020-498;059540020020;100mN31494E41435;MC;NA;2;55;M;M;5064;NEP
059540020020-498;059540020020;100mN31494E41435;MC;NA;2;18;M;F;1824;EMP
059540020020-499;059540020020;100mN31464E41425;MC;OS;4;89;M;F;75XX;EMP
059540020020-499;059540020020;100mN31464E41425;MC;OS;4;12;S;F;0614;NEP
059540020020-499;059540020020;100mN31464E41425;MC;OS;4;68;S;F;6574;EMP
059540020020-499;059540020020;100mN31464E41425;MC;OS;4;66;S;F;6574;NEP
059540020020-500;059540020020;100mN31488E41422;SF;NA;4;33;S;F;3039;NEP
059540020020-500;059540020020;100mN31488E41422;SF;NA;4;18;M;M;1824;EMP
059540020020-500;059540020020;100mN31488E41422;SF;NA;4;9;S;M;0614;NEP
059540020020-500;059540020020;100mN31488E41422;SF;NA;4;18;W;M;1824;NEP
059540020020-501;059540020020;100mN31483E41396;S;OS;1;41;W;M;4049;EMP
059540020020-502;059540020020;100mN31468E41424;MC;NA;5;37;M;F;3039;EMP
059540020020-502;059540020020;100mN31468E41424;MC;NA;5;41;M;M;4049;EMP
059540020020-502;059540020020;100mN31468E41424;MC;NA;5;16;S;M;1517;EMP
059540020020-502;059540020020;100mN31468E41424;MC;NA;5;10;S;F;0614;NEP
059540020020-502;059540020020;100mN31468E41424;MC;NA;5;11;S;M;0614;NEP
059540020020-503;059540020020;100mN31500E41422;S;NA;1;50;M;F;5064;EMP
059540020020-504;059540020020;100mN31497E41415;MC;MIX;2;72;M;F;6574;EMP
059540020020-504;059540020020;100mN31497E41415;MC;MIX;2;22;M;M;1824;EMP
059540020020-505;059540020020;100mN31479E41401;MC;NA;2;61;M;F;5064;NEP
059540020020-505;059540020020;100mN31479E41401;MC;NA;2;50;M;M;5064;EMP
059540020020-506;059540020020;100mN31471E41431;S;OS;1;37;M;M;3039;NEP
059540020020-507;059540020020;100mN31485E41408;MC;MIX;3;73;M;M;6574;EMP
059540020020-507;059540020020;100mN31485E41408;MC;MIX;3;56;M;F;5064;EMP
059540020020-507;059540020020;100mN31485E41408;MC;MIX;3;59;M;M;5064;EMP
059540020020-508;059540020020;100mN31473E41419;S;NA;1;48;S;M;4049;NEP
059540020020-509;059540020020;100mN31463E41427;MC;OS;3;86;M;F;75XX;NEP
059540020020-509;059540020020;100mN31463E41427;MC;OS;3;75;M;F;75XX;EMP
059540020020-509;059540020020;100mN31463E41427;MC;OS;3;75;W;F;75XX;NEP
059540020020-510;059540020020;100mN31489E41419;MC;NA;2;48;M;F;4049;NEP
059540020020-510;059540020020;100mN31489E41419;MC;NA;2;42;M;M;4049;EMP
059540020020-511;059540020020;100mN31485E41418;MC;NA;3;42;M;F;4049;EMP
059540020020-511;059540020020;100mN31485E41418;MC;NA;3;45;M;M;4049;NEP
059540020020-511;059540020020;100mN31485E41418;MC;NA;3;9;S;M;0614;NEP
059540020020-512;059540020020;100mN31485E41404;S;OS;1;56;D;M;5064;NEP
059540020020-513;059540020020;100mN31474E41423;S;OS;1;36;S;M;3039;EMP
059540020020-514;059540020020;100mN31468E41431;MC;OS;2;65;M;F;6574;NEP
059540020020-514;059540020020;100mN31468E41431;MC;OS;2;71;M;M;6574;EMP
059540020020-515;059540020020;100mN31463E41427;S;OS;1;32;W;F;3039;NEP
059540020020-516;059540020020;100mN31463E41427;MC;NA;3;20;M;M;1824;NEP
059540020020-516;059540020020;100mN31463E41427;MC;NA;3;18;M;F;1824;EMP
059540020020-516;059540020020;100mN31463E41427;MC;NA;3;1;S;F;0003;NEP
059540020020-517;059540020020;100mN31497E41426;MC;MIX;2;81;M;M;75XX;EMP
059540020020-517;059540020020;100mN31497E41426;MC;MIX;2;62;M;F;5064;EMP
059540020020-518;059540020020;100mN31468E41430;MC;NA;2;45;M;F;4049;EMP
059540020020-518;059540020020;100mN31468E41430;MC;NA;2;45;M;M;4049;NEP
059540020020-519;059540020020;100mN31465E41431;MC;NA;2;23;M;F;1824;NEP
059540020020-519;059540020020;100mN31465E41431;MC;NA;2;31;M;M;3039;NEP
059540020020-520;059540020020;100mN31472E41421;MC;MIX;3;85;D;F;75XX;EMP
059540020020-520;059540020020;100mN31472E41421;MC;MIX;3;28;M;M;2529;NEP
059540020020-520;059540020020;100mN31472E41421;MC;MIX;3;19;M;F;1824;EMP
059540020020-521;059540020020;100mN31479E41406;MC;MIX;2;68;M;F;6574;NEP
059540020020-521;059540020020;100mN31479E41406;MC;MIX;2;27;M;F;2529;NEP
059540020020-522;059540020020;100mN31478E41409;S;NA;1;57;M;F;5064;NEP
059540020020-523;059540020020;100mN31467E41422;S;OS;1;23;W;F;1824;NEP
059540020020-524;059540020020;100mN31466E41429;S;NA;1;71;M;M;6574;NEP
059540020020-525;059540020020;100mN31485E41430;MC;NA;2;63;M;M;5064;NEP
059540020020-525;059540020020;100mN31485E41430;MC;NA;2;63;M;F;5064;NEP
059540020020-526;059540020020;100mN31485E41430;S;OS;1;63;W;F;5064;EMP
059540020020-527;059540020020;100mN31462E41431;S;NA;1;67;S;F;6574;NEP
059540020020-528;059540020020;100mN31482E41398;MC;OS;5;71;M;F;6574;EMP
059540020020-528;059540020020;100mN31482E41398;MC;OS;5;73;M;M;6574;EMP
059540020020-528;059540020020;100mN31482E41398;MC;OS;5;81;M;F;75XX;EMP
059540020020-528;059540020020;100mN31482E41398;MC;OS;5;70;M;F;6574;NEP
059540020020-528;059540020020;100mN31482E41398;MC;OS;5;72;M;F;6574;EMP
059540020020-529;059540020020;100mN31467E41429;PO;NA;2;45;S;M;4049;EMP
059540020020-529;059540020020;100mN31467E41429;PO;NA;2;44;S;F;4049;NEP
059540020020-530;059540020020;100mN31479E41406;MC;NA;3;55;M;F;5064;EMP
059540020020-530;059540020020;100mN31479E41406;MC;NA;3;58;M;M;5064;NEP
059540020020-530;059540020020;100mN31479E41406;MC;NA;3;10;S;M;0614;NEP
059540020020-531;059540020020;100mN31471E41432;MC;OS;2;67;M;M;6574;EMP
059540020020-531;059540020020;100mN31471E41432;MC;OS;2;77;M;F;75XX;EMP
059540020020-532;059540020020;100mN31471E41431;S;NA;1;62;W;F;5064;NEP
059540020020-533;059540020020;100mN31481E41414;SF;NA;4;54;W;F;5064;NEP
059540020020-533;059540020020;100mN31481E41414;SF;NA;4;10;S;M;0614;NEP
059540020020-533;059540020020;100mN31481E41414;SF;NA;4;8;S;F;0614;NEP
059540020020-533;059540020020;100mN31481E41414;SF;NA;4;6;S;M;0614;NEP
059540020020-534;059540020020;100mN31463E41431;SF;NA;2;85;S;F;75XX;EMP
059540020020-534;059540020020;100mN31463E41431;SF;NA;2;7;S;M;0614;NEP
059540020020-535;059540020020;100mN31493E41429;MC;OS;2;71;M;F;6574;EMP
059540020020-535;059540020020;100mN31493E41429;MC;OS;2;80;M;M;75XX;EMP
059540020020-536;059540020020;100mN31482E41405;MC;NA;2;50;M;M;5064;EMP
059540020020-536;059540020020;100mN31482E41405;MC;NA;2;50;M;F;5064;NEP
059540020020-537;059540020020;100mN31482E41409;S;NA;1;59;W;F;5064;NEP
059540020020-538;059540020020;100mN31493E41429;S;NA;1;34;M;M;3039;EMP
059540020020-539;059540020020;100mN31493E41429;MC;MIX;2;79;M;F;75XX;EMP
059540020020-539;059540020020;100mN31493E41429;MC;MIX;2;16;S;M;1517;EMP
059540020020-540;059540020020;100mN31493E41429;MC;NA;2;43;M;F;4049;EMP
059540020020-540;059540020020;100mN31493E41429;MC;NA;2;45;M;M;4049;EMP
059540020020-541;059540020020;100mN31473E41418;S;OS;1;76;W;F;75XX;NEP
059540020020-542;059540020020;100mN31493E41429;PO;NA;2;61;S;F;5064;NEP
059540020020-542;059540020020;100mN31493E41429;PO;NA;2;62;S;F;5064;NEP
059540020020-543;059540020020;100mN31493E41429;MC;MIX;2;77;M;F;75XX;EMP
059540020020-543;059540020020;100mN31493E41429;MC;MIX;2;62;S;M;5064;NEP
059540020020-544;059540020020;100mN31479E41407;PO;OS;2;72;S;M;6574;EMP
059540020020-544;059540020020;100mN31479E41407;PO;OS;2;70;S;M;6574;EMP
059540020020-545;059540020020;100mN31499E41447;S;NA;1;46;D;F;4049;NEP
059540020020-546;059540020020;100mN31481E41409;PO;NA;3;54;S;F;5064;EMP
059540020020-546;059540020020;100mN31481E41409;PO;NA;3;55;S;M;5064;NEP
059540020020-546;059540020020;100mN31481E41409;PO;NA;3;6;S;M;0614;NEP
059540020020-547;059540020020;100mN31486E41428;S;OS;1;72;W;F;6574;EMP
059540020020-548;059540020020;100mN31501E41444;S;NA;1;59;W;F;5064;NEP
059540020020-549;059540020020;100mN31479E41407;MC;NA;2;47;M;F;4049;EMP
059540020020-549;059540020020;100mN31479E41407;MC;NA;2;44;M;M;4049;NEP
059540020020-550;059540020020;100mN31493E41429;MC;NA;3;52;M;M;5064;NEP
059540020020-550;059540020020;100mN31493E41429;MC;NA;3;52;M;F;5064;NEP
059540020020-550;059540020020;100mN31493E41429;MC;NA;3;3;S;M;0305;NEP
059540020020-551;059540020020;100mN31469E41420;PO;NA;2;21;S;M;1824;EMP
059540020020-551;059540020020;100mN31469E41420;PO;NA;2;18;S;F;1824;NEP
059540020020-552;059540020020;100mN31492E41427;MC;NA;2;41;M;M;4049;EMP
059540020020-552;059540020020;100mN31492E41427;MC;NA;2;38;M;F;3039;EMP
059540020020-553;059540020020;100mN31494E41420;S;NA;1;42;M;M;4049;UEP
059540020020-554;059540020020;100mN31492E41427;MC;OS;2;68;M;M;6574;EMP
059540020020-554;059540020020;100mN31492E41427;MC;OS;2;69;M;F;6574;NEP
059540020020-555;059540020020;100mN31481E41410;S;NA;1;43;W;F;4049;EMP
059540020020-556;059540020020;100mN31472E41432;SM;NA;3;57;D;M;5064;NEP
059540020020-556;059540020020;100mN31472E41432;SM;NA;3;42;W;F;4049;EMP
059540020020-556;059540020020;100mN31472E41432;SM;NA;3;2;S;F;0003;NEP
059540020020-557;059540020020;100mN31474E41431;MC;OS;3;76;M;F;75XX;EMP
059540020020-557;059540020020;100mN31474E41431;MC;OS;3;65;M;M;6574;UEP
059540020020-557;059540020020;100mN31474E41431;MC;OS;3;66;M;F;6574;NEP
059540020020-558;059540020020;100mN31483E41409;MC;NA;4;46;M;M;4049;NEP
059540020020-558;059540020020;100mN31483E41409;MC;NA;4;47;M;F;4049;NEP
059540020020-558;059540020020;100mN31483E41409;MC;NA;4;13;S;M;0614;NEP
059540020020-558;059540020020;100mN31483E41409;MC;NA;4;12;S;F;0614;NEP
059540020020-559;059540020020;100mN31488E41423;MC;OS;2;87;M;F;75XX;EMP
059540020020-559;059540020020;100mN31488E41423;MC;OS;2;89;M;M;75XX;NEP
059540020020-560;059540020020;100mN31492E41427;MC;MIX;2;66;M;F;6574;NEP
059540020020-560;059540020020;100mN31492E41427;MC;MIX;2;67;M;M;6574;EMP
059540020020-561;059540020020;100mN31490E41420;S;NA;1;61;M;F;5064;NEP
059540020020-562;059540020020;100mN31472E41432;MC;NA;2;52;M;F;5064;NEP
059540020020-562;059540020020;100mN31472E41432;MC;NA;2;48;M;M;4049;NEP
059540020020-563;059540020020;100mN31499E41423;MC;MIX;2;67;M;M;6574;EMP
059540020020-563;059540020020;100mN31499E41423;MC;MIX;2;56;S;M;5064;EMP
059540020020-564;059540020020;100mN31473E41419;MC;NA;4;53;M;M;5064;EMP
059540020020-564;059540020020;100mN31473E41419;MC;NA;4;56;M;F;5064;EMP
059540020020-564;059540020020;100mN31473E41419;MC;NA;4;10;S;M;0614;NEP
059540020020-564;059540020020;100mN31473E41419;MC;NA;4;38;D;M;3039;NEP
059540020020-565;059540020020;100mN31482E41411;S;OS;1;48;S;M;4049;NEP
059540020020-566;059540020020;100mN31478E41406;S;NA;1;63;M;M;5064;EMP
059540020020-567;059540020020;100mN31474E41430;MC;NA;3;50;M;F;5064;EMP
059540020020-567;059540020020;100mN31474E41430;MC;NA;3;41;M;M;4049;NEP
059540020020-567;059540020020;100mN31474E41430;MC;NA;3;13;S;F;0614;NEP
059540020020-568;059540020020;100mN31470E41420;S;OS;1;56;M;F;5064;EMP
059540020020-569;059540020020;100mN31490E41422;S;NA;1;40;S;M;4049;EMP
059540020020-570;059540020020;100mN31496E41441;S;NA;1;47;M;M;4049;NEP
059540020020-571;059540020020;100mN31464E41432;MC;OS;4;89;M;F;75XX;EMP
059540020020-571;059540020020;100mN31464E41432;MC;OS;4;68;M;M;6574;NEP
059540020020-571;059540020020;100mN31464E41432;MC;OS;4;85;W;F;75XX;EMP
059540020020-571;059540020020;100mN31464E41432;MC;OS;4;71;M;M;6574;EMP
059540020020-572;059540020020;100mN31488E41408;S;NA;1;70;M;M;6574;NEP
059540020020-573;059540020020;100mN31492E41424;MC;NA;3;63;M;F;5064;NEP
059540020020-573;059540020020;100mN31492E41424;MC;NA;3;60;M;M;5064;NEP
059540020020-573;059540020020;100mN31492E41424;MC;NA;3;47;D;M;4049;NEP
059540020020-574;059540020020;100mN31496E41441;SF;NA;2;50;S;F;5064;NEP
059540020020-574;059540020020;100mN31496E41441;SF;NA;2;10;S;M;0614;NEP
059540020020-575;059540020020;100mN31496E41441;MC;NA;3;26;M;F;2529;EMP
059540020020-575;059540020020;100mN31496E41441;MC;NA;3;27;M;M;2529;EMP
059540020020-575;059540020020;100mN31496E41441;MC;NA;3;0;S;F;0003;NEP
059540020020-576;059540020020;100mN31489E41438;MC;NA;2;61;M;F;5064;EMP
059540020020-576;059540020020;100mN31489E41438;MC;NA;2;59;M;M;5064;EMP
059540020020-577;059540020020;100mN31484E41417;S;NA;1;51;S;M;5064;EMP
059540020020-578;059540020020;100mN31496E41441;S;OS;1;69;S;M;6574;EMP
059540020020-579;059540020020;100mN31496E41441;MC;NA;5;19;M;F;1824;EMP
059540020020-579;059540020020;100mN31496E41441;MC;NA;5;27;M;M;2529;EMP
059540020020-579;059540020020;100mN31496E41441;MC;NA;5;3;S;M;0305;NEP
059540020020-579;059540020020;100mN31496E41441;MC;NA;5;4;S;F;0305;NEP
059540020020-579;059540020020;100mN31496E41441;MC;NA;5;0;S;M;0003;NEP
059540020020-580;059540020020;100mN31492E41430;MC;NA;2;37;M;F;3039;NEP
059540020020-580;059540020020;100mN31492E41430;MC;NA;2;38;M;M;3039;EMP
059540020020-581;059540020020;100mN31473E41419;SF;NA;3;66;S;F;6574;EMP
059540020020-581;059540020020;100mN31473E41419;SF;NA;3;12;S;M;0614;NEP
059540020020-581;059540020020;100mN31473E41419;SF;NA;3;7;S;M;0614;NEP
059540020020-582;059540020020;100mN31492E41428;S;OS;1;31;M;F;3039;EMP
059540020020-583;059540020020;100mN31464E41427;MC;NA;4;36;M;M;3039;EMP
059540020020-583;059540020020;100mN31464E41427;MC;NA;4;33;M;F;3039;EMP
059540020020-583;059540020020;100mN31464E41427;MC;NA;4;11;S;M;0614;NEP
059540020020-583;059540020020;100mN31464E41427;MC;NA;4;13;S;M;0614;NEP
059540020020-584;059540020020;100mN31471E41422;S;NA;1;41;M;M;4049;EMP
059540020020-585;059540020020;100mN31495E41425;MC;OS;2;81;M;F;75XX;NEP
059540020020-585;059540020020;100mN31495E41425;MC;OS;2;80;M;M;75XX;EMP
059540020020-586;059540020020;100mN31495E41425;S;NA;1;77;S;M;75XX;EMP
059540020020-587;059540020020;100mN31498E41417;S;OS;1;69;W;M;6574;EMP
059540020020-588;059540020020;100mN31473E41430;PO;NA;3;44;S;M;4049;EMP
059540020020-588;059540020020;100mN31473E41430;PO;NA;3;37;S;M;3039;UEP
059540020020-588;059540020020;100mN31473E41430;PO;NA;3;7;S;F;0614;NEP
059540020020-589;059540020020;100mN31479E41406;S;NA;1;83;S;M;75XX;NEP
059540020020-590;059540020020;100mN31495E41425;S;NA;1;48;S;F;4049;EMP
059540020020-591;059540020020;100mN31466E41415;S;NA;1;71;S;M;6574;UEP
059540020020-592;059540020020;100mN31473E41418;S;OS;1;76;W;F;75XX;NEP
059540020020-593;059540020020;100mN31469E41421;MC;NA;3;58;M;F;5064;NEP
059540020020-593;059540020020;100mN31469E41421;MC;NA;3;57;M;M;5064;EMP
059540020020-593;059540020020;100mN31469E41421;MC;NA;3;40;S;F;4049;NEP
059540020020-594;059540020020;100mN31475E41427;MC;NA;2;22;M;F;1824;EMP
059540020020-594;059540020020;100mN31475E41427;MC;NA;2;26;M;M;2529;EMP
059540020020-595;059540020020;100mN31488E41414;MC;NA;2;61;M;F;5064;EMP
059540020020-595;059540020020;100mN31488E41414;MC;NA;2;62;M;M;5064;EMP
059540020020-596;059540020020;100mN31473E41424;S;OS;1;89;S;F;75XX;EMP
059540020020-597;059540020020;100mN31488E41427;MC;OS;4;80;M;M;75XX;UEP
059540020020-597;059540020020;100mN31488E41427;MC;OS;4;72;M;F;6574;EMP
059540020020-597;059540020020;100mN31488E41427;MC;OS;4;68;S;F;6574;NEP
059540020020-597;059540020020;100mN31488E41427;MC;OS;4;76;S;M;75XX;NEP
059540020020-598;059540020020;100mN31497E41442;MC;NA;2;50;M;M;5064;NEP
059540020020-598;059540020020;100mN31497E41442;MC;NA;2;47;M;F;4049;NEP
059540020020-599;059540020020;100mN31492E41424;S;NA;1;16;S;M;1517;EMP
059540020020-600;059540020020;100mN31492E41424;SF;NA;2;54;D;F;5064;NEP
059540020020-600;059540020020;100mN31492E41424;SF;NA;2;1;S;F;0003;NEP
059540020020-601;059540020020;100mN31484E41419;MC;NA;4;54;M;F;5064;NEP
059540020020-601;059540020020;100mN31484E41419;MC;NA;4;60;M;M;5064;UEP
059540020020-601;059540020020;100mN31484E41419;MC;NA;4;27;S;M;2529;NEP
059540020020-601;059540020020;100mN31484E41419;MC;NA;4;6;S;M;0614;NEP
059540020020-602;059540020020;100mN31483E41416;MC;OS;5;66;M;M;6574;EMP
059540020020-602;059540020020;100mN31483E41416;MC;OS;5;65;M;F;6574;EMP
059540020020-602;059540020020;100mN31483E41416;MC;OS;5;70;M;F;6574;NEP
059540020020-602;059540020020;100mN31483E41416;MC;OS;5;70;D;M;6574;EMP
059540020020-602;059540020020;100mN31483E41416;MC;OS;5;70;M;F;6574;EMP
059540020020-603;059540020020;100mN31481E41415;MC;NA;2;33;M;M;3039;EMP
059540020020-603;059540020020;100mN31481E41415;MC;NA;2;33;M;F;3039;EMP
059540020020-604;059540020020;100mN31473E41418;MC;NA;5;32;M;M;3039;EMP
059540020020-604;059540020020;100mN31473E41418;MC;NA;5;25;M;F;2529;NEP
059540020020-604;059540020020;100mN31473E41418;MC;NA;5;16;S;M;1517;EMP
059540020020-604;059540020020;100mN31473E41418;MC;NA;5;15;S;M;1517;EMP
059540020020-604;059540020020;100mN31473E41418;MC;NA;5;13;S;F;0614;NEP
059540020020-605;059540020020;100mN31498E41433;S;OS;1;63;W;F;5064;EMP
059540020020-606;059540020020;100mN31471E41418;MC;OS;2;72;M;M;6574;NEP
059540020020-606;059540020020;100mN31471E41418;MC;OS;2;68;M;F;6574;NEP
059540020020-607;059540020020;100mN31468E41424;MC;NA;4;40;M;M;4049;EMP
059540020020-607;059540020020;100mN31468E41424;MC;NA;4;40;M;F;4049;EMP
059540020020-607;059540020020;100mN31468E41424;MC;NA;4;11;S;M;0614;NEP
059540020020-607;059540020020;100mN31468E41424;MC;NA;4;2;S;F;0003;NEP
059540020020-608;059540020020;100mN31460E41428;S;NA;1;44;M;F;4049;EMP
059540020020-609;059540020020;100mN31468E41430;PO;OS;3;71;S;F;6574;NEP
059540020020-609;059540020020;100mN31468E41430;PO;OS;3;77;S;M;75XX;EMP
059540020020-609;059540020020;100mN31468E41430;PO;OS;3;71;S;M;6574;EMP
059540020020-610;059540020020;100mN31483E41416;MC;NA;2;56;M;F;5064;NEP
059540020020-610;059540020020;100mN31483E41416;MC;NA;2;59;M;M;5064;EMP
059540020020-611;059540020020;100mN31483E41414;S;NA;1;48;S;M;4049;EMP
059540020020-612;059540020020;100mN31462E41427;S;NA;1;69;D;F;6574;EMP
059540020020-613;059540020020;100mN31483E41416;MC;OS;2;73;M;F;6574;EMP
059540020020-613;059540020020;100mN31483E41416;MC;OS;2;75;M;M;75XX;NEP
059540020020-614;059540020020;100mN31484E41412;MC;NA;2;52;M;M;5064;NEP
059540020020-614;059540020020;100mN31484E41412;MC;NA;2;43;M;F;4049;EMP
059540020020-615;059540020020;100mN31497E41436;S;NA;1;75;D;F;75XX;EMP
059540020020-616;059540020020;100mN31460E41425;SM;NA;4;41;S;M;4049;EMP
059540020020-616;059540020020;100mN31460E41425;SM;NA;4;6;S;F;0614;NEP
059540020020-616;059540020020;100mN31460E41425;SM;NA;4;9;S;M;0614;NEP
059540020020-616;059540020020;100mN31460E41425;SM;NA;4;1;S;F;0003;NEP
059540020020-617;059540020020;100mN31489E41419;MC;NA;2;27;M;F;2529;EMP
059540020020-617;059540020020;100mN31489E41419;MC;NA;2;52;M;M;5064;EMP
059540020020-618;059540020020;100mN31461E41423;S;OS;1;27;S;F;2529;EMP
059540020020-619;059540020020;100mN31488E41427;MC;OS;4;80;M;M;75XX;UEP
059540020020-619;059540020020;100mN31488E41427;MC;OS;4;72;M;F;6574;EMP
059540020020-619;059540020020;100mN31488E41427;MC;OS;4;68;S;F;6574;NEP
059540020020-619;059540020020;100mN31488E41427;MC;OS;4;76;S;M;75XX;NEP
059540020020-620;059540020020;100mN31465E41429;MC;NA;4;61;M;F;5064;NEP
059540020020-620;059540020020;100mN31465E41429;MC;NA;4;62;M;M;5064;NEP
059540020020-620;059540020020;100mN31465E41429;MC;NA;4;45;M;M;4049;EMP
059540020020-620;059540020020;100mN31465E41429;MC;NA;4;30;W;F;3039;EMP
059540020020-621;059540020020;100mN31495E41424;S;OS;1;27;W;F;2529;NEP
059540020020-622;059540020020;100mN31487E41428;MC;OS;2;87;M;M;75XX;EMP
059540020020-622;059540020020;100mN31487E41428;MC;OS;2;80;M;F;75XX;NEP
059540020020-623;059540020020;100mN31485E41409;MC;NA;2;50;M;F;5064;NEP
059540020020-623;059540020020;100mN31485E41409;MC;NA;2;45;M;M;4049;EMP
059540020020-624;059540020020;100mN31483E41416;S;NA;1;61;M;M;5064;NEP
059540020020-625;059540020020;100mN31491E41421;MC;NA;2;54;M;F;5064;NEP
059540020020-625;059540020020;100mN31491E41421;MC;NA;2;58;D;M;5064;EMP
059540020020-626;059540020020;100mN31463E41419;S;NA;1;86;W;F;75XX;NEP
059540020020-627;059540020020;100mN31467E41429;MC;NA;2;37;M;F;3039;EMP
059540020020-627;059540020020;100mN31467E41429;MC;NA;2;44;M;M;4049;NEP
059540020020-628;059540020020;100mN31483E41416;S;NA;1;48;M;M;4049;EMP
059540020020-629;059540020020;100mN31464E41421;PO;NA;2;60;S;F;5064;NEP
059540020020-629;059540020020;100mN31464E41421;PO;NA;2;60;S;F;5064;EMP
059540020020-630;059540020020;100mN31467E41423;S;NA;1;51;S;F;5064;NEP
059540020020-631;059540020020;100mN31492E41438;MC;NA;2;58;M;F;5064;NEP
059540020020-631;059540020020;100mN31492E41438;MC;NA;2;58;M;M;5064;NEP
059540020020-632;059540020020;100mN31463E41429;SM;NA;3;68;W;M;6574;EMP
059540020020-632;059540020020;100mN31463E41429;SM;NA;3;9;S;M;0614;NEP
059540020020-632;059540020020;100mN31463E41429;SM;NA;3;15;S;F;1517;NEP
059540020020-633;059540020020;100mN31466E41425;MC;OS;2;77;M;F;75XX;EMP
059540020020-633;059540020020;100mN31466E41425;MC;OS;2;82;M;M;75XX;NEP
059540020020-634;059540020020;100mN31492E41438;PO;OS;4;78;S;F;75XX;EMP
059540020020-634;059540020020;100mN31492E41438;PO;OS;4;80;S;M;75XX;EMP
059540020020-634;059540020020;100mN31492E41438;PO;OS;4;66;S;F;6574;NEP
059540020020-634;059540020020;100mN31492E41438;PO;OS;4;67;S;M;6574;EMP
059540020020-635;059540020020;100mN31472E41418;MC;NA;2;28;M;F;2529;EMP
059540020020-635;059540020020;100mN31472E41418;MC;NA;2;27;M;M;2529;EMP
059540020020-636;059540020020;100mN31492E41438;MC;NA;3;25;M;M;2529;EMP
059540020020-636;059540020020;100mN31492E41438;MC;NA;3;18;M;F;1824;EMP
059540020020-636;059540020020;100mN31492E41438;MC;NA;3;6;S;M;0614;NEP
059540020020-637;059540020020;100mN31472E41430;S;OS;1;51;W;F;5064;EMP
059540020020-638;059540020020;100mN31463E41422;MC;MIX;2;73;M;M;6574;EMP
059540020020-638;059540020020;100mN31463E41422;MC;MIX;2;40;S;F;4049;EMP
059540020020-639;059540020020;100mN31465E41424;S;NA;1;73;W;M;6574;EMP
059540020020-640;059540020020;100mN31464E41421;MC;NA;3;25;M;M;2529;NEP
059540020020-640;059540020020;100mN31464E41421;MC;NA;3;23;M;F;1824;NEP
059540020020-640;059540020020;100mN31464E41421;MC;NA;3;9;S;F;0614;NEP
059540020020-641;059540020020;100mN31501E41435;S;OS;1;76;S;M;75XX;EMP
059540020020-642;059540020020;100mN31483E41405;S;NA;1;59;D;M;5064;EMP
059540020020-643;059540020020;100mN31485E41432;S;OS;1;59;S;F;5064;EMP
059540020020-644;059540020020;100mN31494E41424;S;OS;1;45;D;F;4049;EMP
059540020020-645;059540020020;100mN31479E41405;MC;MIX;2;70;M;F;6574;NEP
059540020020-645;059540020020;100mN31479E41405;MC;MIX;2;67;W;F;6574;NEP
059540020020-646;059540020020;100mN31471E41418;S;NA;1;18;S;F;1824;NEP
059540020020-647;059540020020;100mN31462E41420;S;NA;1;61;D;F;5064;NEP
059540020020-648;059540020020;100mN31462E41432;MC;NA;4;44;M;F;4049;NEP
059540020020-648;059540020020;100mN31462E41432;MC;NA;4;42;M;M;4049;EMP
059540020020-648;059540020020;100mN31462E41432;MC;NA;4;22;M;M;1824;EMP
059540020020-648;059540020020;100mN31462E41432;MC;NA;4;25;M;F;2529;EMP
059540020020-649;059540020020;100mN31474E41420;S;NA;1;47;M;M;4049;NEP
059540020020-650;059540020020;100mN31465E41428;S;NA;1;66;S;F;6574;EMP
059540020020-651;059540020020;100mN31473E41422;SM;MIX;3;71;S;M;6574;EMP
059540020020-651;059540020020;100mN31473E41422;SM;MIX;3;43;D;M;4049;NEP
059540020020-651;059540020020;100mN31473E41422;SM;MIX;3;9;S;M;0614;NEP
059540020020-652;059540020020;100mN31462E41419;MC;NA;2;41;M;M;4049;EMP
059540020020-652;059540020020;100mN31462E41419;MC;NA;2;46;M;F;4049;EMP
059540020020-653;059540020020;100mN31483E41414;MC;NA;2;62;M;M;5064;EMP
059540020020-653;059540020020;100mN31483E41414;MC;NA;2;60;M;F;5064;EMP
059540020020-654;059540020020;100mN31472E41424;MC;MIX;2;71;M;M;6574;EMP
059540020020-654;059540020020;100mN31472E41424;MC;MIX;2;61;W;F;5064;EMP
059540020020-655;059540020020;100mN31490E41420;MC;OS;3;65;M;F;6574;NEP
059540020020-655;059540020020;100mN31490E41420;MC;OS;3;68;M;M;6574;NEP
059540020020-655;059540020020;100mN31490E41420;MC;OS;3;76;D;M;75XX;EMP
059540020020-656;059540020020;100mN31465E41423;MC;NA;2;51;M;M;5064;EMP
059540020020-656;059540020020;100mN31465E41423;MC;NA;2;48;M;F;4049;EMP
059540020020-657;059540020020;100mN31464E41424;S;OS;1;37;W;F;3039;EMP
059540020020-658;059540020020;100mN31501E41434;MC;NA;3;61;M;M;5064;EMP
059540020020-658;059540020020;100mN31501E41434;MC;NA;3;60;M;F;5064;NEP
059540020020-658;059540020020;100mN31501E41434;MC;NA;3;10;S;M;0614;NEP
059540020020-659;059540020020;100mN31487E41439;S;NA;1;45;W;F;4049;EMP
059540020020-660;059540020020;100mN31467E41431;MC;NA;2;41;M;F;4049;NEP
059540020020-660;059540020020;100mN31467E41431;MC;NA;2;50;M;M;5064;EMP
059540020020-661;059540020020;100mN31465E41431;S;OS;1;43;W;M;4049;NEP
059540020020-662;059540020020;100mN31467E41431;PO;NA;2;41;S;M;4049;NEP
059540020020-662;059540020020;100mN31467E41431;PO;NA;2;18;S;M;1824;EMP
059540020020-663;059540020020;100mN31467E41431;S;NA;1;46;W;F;4049;EMP
059540020020-664;059540020020;100mN31479E41407;SM;MIX;2;88;D;M;75XX;UEP
059540020020-664;059540020020;100mN31479E41407;SM;MIX;2;8;S;M;0614;NEP
059540020020-665;059540020020;100mN31482E41401;SF;NA;2;53;S;F;5064;NEP
059540020020-665;059540020020;100mN31482E41401;SF;NA;2;9;S;M;0614;NEP
059540020020-666;059540020020;100mN31480E41406;MC;MIX;5;67;S;F;6574;NEP
059540020020-666;059540020020;100mN31480E41406;MC;MIX;5;38;M;F;3039;EMP
059540020020-666;059540020020;100mN31480E41406;MC;MIX;5;41;M;M;4049;EMP
059540020020-666;059540020020;100mN31480E41406;MC;MIX;5;16;S;F;1517;NEP
059540020020-666;059540020020;100mN31480E41406;MC;MIX;5;9;S;M;0614;NEP
059540020020-667;059540020020;100mN31482E41401;MC;NA;2;54;M;M;5064;EMP
059540020020-667;059540020020;100mN31482E41401;MC;NA;2;53;M;F;5064;EMP
059540020020-668;059540020020;100mN31495E41435;S;NA;1;89;M;M;75XX;NEP
059540020020-669;059540020020;100mN31495E41423;MC;NA;3;44;M;M;4049;EMP
059540020020-669;059540020020;100mN31495E41423;MC;NA;3;41;M;F;4049;NEP
059540020020-669;059540020020;100mN31495E41423;MC;NA;3;25;S;M;2529;EMP
059540020020-670;059540020020;100mN31488E41438;S;NA;1;50;M;F;5064;NEP
059540020020-671;059540020020;100mN31472E41423;PO;NA;5;57;S;F;5064;NEP
059540020020-671;059540020020;100mN31472E41423;PO;NA;5;61;S;M;5064;EMP
059540020020-671;059540020020;100mN31472E41423;PO;NA;5;7;S;M;0614;NEP
059540020020-671;059540020020;100mN31472E41423;PO;NA;5;3;S;M;0305;NEP
059540020020-671;059540020020;100mN31472E41423;PO;NA;5;9;S;M;0614;NEP
059540020020-672;059540020020;100mN31495E41435;MC;OS;2;77;M;M;75XX;EMP
059540020020-672;059540020020;100mN31495E41435;MC;OS;2;77;M;F;75XX;NEP
059540020020-673;059540020020;100mN31495E41435;MC;NA;2;31;M;M;3039;EMP
059540020020-673;059540020020;100mN31495E41435;MC;NA;2;26;M;F;2529;EMP
059540020020-674;059540020020;100mN31469E41418;S;NA;1;57;M;F;5064;NEP
059540020020-675;059540020020;100mN31481E41410;MC;OS;2;80;M;F;75XX;NEP
059540020020-675;059540020020;100mN31481E41410;MC;OS;2;83;M;M;75XX;EMP
059540020020-676;059540020020;100mN31483E41404;MC;NA;2;36;M;M;3039;NEP
059540020020-676;059540020020;100mN31483E41404;MC;NA;2;44;M;F;4049;EMP
059540020020-677;059540020020;100mN31478E41407;S;NA;1;51;D;F;5064;EMP
059540020020-678;059540020020;100mN31472E41431;MC;OS;2;85;M;F;75XX;EMP
059540020020-678;059540020020;100mN31472E41431;MC;OS;2;86;M;M;75XX;UEP
059540020020-679;059540020020;100mN31481E41404;S;OS;1;16;S;F;1517;NEP
059540020020-680;059540020020;100mN31491E41419;MC;MIX;3;88;S;M;75XX;EMP
059540020020-680;059540020020;100mN31491E41419;MC;MIX;3;28;M;F;2529;NEP
059540020020-680;059540020020;100mN31491E41419;MC;MIX;3;30;M;M;3039;EMP
059540020020-681;059540020020;100mN31497E41443;MC;NA;3;59;M;M;5064;EMP
059540020020-681;059540020020;100mN31497E41443;MC;NA;3;56;M;F;5064;EMP
059540020020-681;059540020020;100mN31497E41443;MC;NA;3;6;S;M;0614;NEP
059540020020-682;059540020020;100mN31495E41435;S;OS;1;69;W;M;6574;EMP
059540020020-683;059540020020;100mN31486E41409;PO;NA;2;48;S;F;4049;EMP
059540020020-683;059540020020;100mN31486E41409;PO;NA;2;51;S;F;5064;NEP
059540020020-684;059540020020;100mN31490E41418;S;NA;1;55;S;M;5064;NEP
059540020020-685;059540020020;100mN31486E41413;MC;NA;2;52;M;F;5064;NEP
059540020020-685;059540020020;100mN31486E41413;MC;NA;2;54;M;M;5064;EMP
059540020020-686;059540020020;100mN31468E41420;MC;NA;3;43;M;F;4049;EMP
059540020020-686;059540020020;100mN31468E41420;MC;NA;3;41;M;M;4049;EMP
059540020020-686;059540020020;100mN31468E41420;MC;NA;3;7;S;M;0614;NEP
059540020020-687;059540020020;100mN31486E41411;PO;NA;2;62;S;M;5064;NEP
059540020020-687;059540020020;100mN31486E41411;PO;NA;2;54;S;F;5064;EMP
059540020020-688;059540020020;100mN31492E41446;MC;NA;2;37;M;M;3039;EMP
059540020020-688;059540020020;100mN31492E41446;MC;NA;2;36;M;F;3039;NEP
059540020020-689;059540020020;100mN31481E41409;MC;NA;2;58;M;M;5064;EMP
059540020020-689;059540020020;100mN31481E41409;MC;NA;2;55;M;F;5064;EMP
059540020020-690;059540020020;100mN31492E41446;MC;NA;2;42;M;F;4049;NEP
059540020020-690;059540020020;100mN31492E41446;MC;NA;2;43;M;M;4049;NEP
059540020020-691;059540020020;100mN31492E41446;MC;NA;3;22;M;M;1824;NEP
059540020020-691;059540020020;100mN31492E41446;MC;NA;3;18;M;F;1824;NEP
059540020020-691;059540020020;100mN31492E41446;MC;NA;3;3;S;F;0305;NEP
059540020020-692;059540020020;100mN31492E41446;MC;NA;2;46;M;F;4049;NEP
059540020020-692;059540020020;100mN31492E41446;MC;NA;2;52;M;M;5064;NEP
059540020020-693;059540020020;100mN31484E41409;S;NA;1;56;D;F;5064;NEP
059540020020-694;059540020020;100mN31460E41428;S;OS;1;69;W;F;6574;NEP
059540020020-695;059540020020;100mN31491E41418;NA;OS;2;47;W;F;4049;EMP
059540020020-695;059540020020;100mN31491E41418;NA;OS;2;50;W;M;5064;NEP
059540020020-696;059540020020;100mN31482E41399;S;NA;1;41;M;F;4049;EMP
059540020020-697;059540020020;100mN31463E41420;S;NA;1;69;S;F;6574;EMP
059540020020-698;059540020020;100mN31462E41432;SF;MIX;2;88;W;F;75XX;NEP
059540020020-698;059540020020;100mN31462E41432;SF;MIX;2;8;S;F;0614;NEP
059540020020-699;059540020020;100mN31493E41420;MC;NA;2;45;M;F;4049;NEP
059540020020-699;059540020020;100mN31493E41420;MC;NA;2;50;M;M;5064;NEP
059540020020-700;059540020020;100mN31482E41399;MC;OS;2;67;M;M;6574;EMP
059540020020-700;059540020020;100mN31482E41399;MC;OS;2;73;M;F;6574;EMP
059540020020-701;059540020020;100mN31482E41409;S;NA;1;66;M;F;6574;EMP
059540020020-702;059540020020;100mN31474E41423;S;OS;1;36;S;M;3039;EMP
059540020020-703;059540020020;100mN31463E41420;MC;NA;5;51;M;M;5064;EMP
059540020020-703;059540020020;100mN31463E41420;MC;NA;5;46;M;F;4049;EMP
059540020020-703;059540020020;100mN31463E41420;MC;NA;5;7;S;M;0614;NEP
059540020020-703;059540020020;100mN31463E41420;MC;NA;5;35;M;M;3039;NEP
059540020020-703;059540020020;100mN31463E41420;MC;NA;5;13;S;F;0614;NEP
059540020020-704;059540020020;100mN31464E41429;SF;NA;5;67;D;F;6574;EMP
059540020020-704;059540020020;100mN31464E41429;SF;NA;5;10;S;M;0614;NEP
059540020020-704;059540020020;100mN31464E41429;SF;NA;5;18;M;M;1824;EMP
059540020020-704;059540020020;100mN31464E41429;SF;NA;5;20;M;M;1824;NEP
059540020020-704;059540020020;100mN31464E41429;SF;NA;5;22;D;M;1824;NEP
059540020020-705;059540020020;100mN31499E41432;MC;OS;3;79;M;F;75XX;EMP
059540020020-705;059540020020;100mN31499E41432;MC;OS;3;82;M;M;75XX;EMP
059540020020-705;059540020020;100mN31499E41432;MC;OS;3;83;W;F;75XX;EMP
059540020020-706;059540020020;100mN31493E41405;S;OS;1;65;W;F;6574;NEP
059540020020-707;059540020020;100mN31482E41409;S;NA;1;53;M;F;5064;NEP
059540020020-708;059540020020;100mN31481E41404;MC;NA;3;61;M;M;5064;NEP
059540020020-708;059540020020;100mN31481E41404;MC;NA;3;56;M;F;5064;EMP
059540020020-708;059540020020;100mN31481E41404;MC;NA;3;11;S;M;0614;NEP
059540020020-709;059540020020;100mN31470E41422;MC;NA;2;27;M;M;2529;EMP
059540020020-709;059540020020;100mN31470E41422;MC;NA;2;21;M;F;1824;NEP
059540020020-710;059540020020;100mN31483E41405;MC;NA;3;53;M;F;5064;EMP
059540020020-710;059540020020;100mN31483E41405;MC;NA;3;62;M;M;5064;EMP
059540020020-710;059540020020;100mN31483E41405;MC;NA;3;2;S;F;0003;NEP
059540020020-711;059540020020;100mN31464E41426;S;NA;1;44;D;M;4049;NEP
059540020020-712;059540020020;100mN31482E41409;MC;NA;3;52;M;F;5064;NEP
059540020020-712;059540020020;100mN31482E41409;MC;NA;3;47;M;M;4049;NEP
059540020020-712;059540020020;100mN31482E41409;MC;NA;3;15;S;F;1517;EMP
059540020020-713;059540020020;100mN31469E41424;MC;NA;2;59;M;F;5064;EMP
059540020020-713;059540020020;100mN31469E41424;MC;NA;2;55;M;M;5064;NEP
059540020020-714;059540020020;100mN31479E41410;S;OS;1;55;S;F;5064;NEP
059540020020-715;059540020020;100mN31482E41409;S;OS;1;52;S;F;5064;EMP
059540020020-716;059540020020;100mN31482E41409;S;NA;1;88;M;F;75XX;EMP
059540020020-717;059540020020;100mN31493E41423;SF;NA;2;47;W;F;4049;NEP
059540020020-717;059540020020;100mN31493E41423;SF;NA;2;1;S;F;0003;NEP
059540020020-718;059540020020;100mN31471E41418;S;NA;1;18;S;F;1824;NEP
059540020020-719;059540020020;100mN31482E41409;S;NA;1;59;W;F;5064;NEP
059540020020-720;059540020020;100mN31482E41409;MC;NA;4;61;M;F;5064;EMP
059540020020-720;059540020020;100mN31482E41409;MC;NA;4;62;M;M;5064;EMP
059540020020-720;059540020020;100mN31482E41409;MC;NA;4;12;S;M;0614;NEP
059540020020-720;059540020020;100mN31482E41409;MC;NA;4;15;S;M;1517;EMP
059540020020-721;059540020020;100mN31482E41409;MC;NA;3;22;M;F;1824;EMP
059540020020-721;059540020020;100mN31482E41409;MC;NA;3;23;M;M;1824;EMP
059540020020-721;059540020020;100mN31482E41409;MC;NA;3;7;S;M;0614;NEP
059540020020-722;059540020020;100mN31480E41412;MC;OS;2;86;M;F;75XX;EMP
059540020020-722;059540020020;100mN31480E41412;MC;OS;2;52;S;F;5064;EMP
059540020020-723;059540020020;100mN31480E41405;S;NA;1;28;M;M;2529;EMP
059540020020-724;059540020020;100mN31494E41436;S;NA;1;20;S;F;1824;EMP
059540020020-725;059540020020;100mN31494E41411;MC;NA;2;48;M;F;4049;NEP
059540020020-725;059540020020;100mN31494E41411;MC;NA;2;54;M;M;5064;EMP
059540020020-726;059540020020;100mN31496E41443;MC;NA;3;47;M;F;4049;EMP
059540020020-726;059540020020;100mN31496E41443;MC;NA;3;50;M;M;5064;EMP
059540020020-726;059540020020;100mN31496E41443;MC;NA;3;0;S;F;0003;NEP
059540020020-727;059540020020;100mN31466E41421;S;OS;1;21;S;M;1824;EMP
059540020020-728;059540020020;100mN31464E41418;MC;NA;3;41;M;F;4049;NEP
059540020020-728;059540020020;100mN31464E41418;MC;NA;3;40;M;M;4049;EMP
059540020020-728;059540020020;100mN31464E41418;MC;NA;3;8;S;F;0614;NEP
059540020020-729;059540020020;100mN31482E41410;MC;NA;2;57;M;F;5064;NEP
059540020020-729;059540020020;100mN31482E41410;MC;NA;2;53;M;M;5064;EMP
059540020020-730;059540020020;100mN31466E41421;MC;NA;2;38;M;F;3039;EMP
059540020020-730;059540020020;100mN31466E41421;MC;NA;2;40;M;M;4049;NEP
059540020020-731;059540020020;100mN31466E41421;MC;NA;2;38;M;M;3039;EMP
059540020020-731;059540020020;100mN31466E41421;MC;NA;2;35;M;F;3039;NEP
059540020020-732;059540020020;100mN31466E41422;S;NA;1;40;M;M;4049;NEP
059540020020-733;059540020020;100mN31469E41418;MC;NA;2;18;M;M;1824;EMP
059540020020-733;059540020020;100mN31469E41418;MC;NA;2;18;M;F;1824;NEP
059540020020-734;059540020020;100mN31466E41421;S;NA;1;43;W;M;4049;EMP
059540020020-735;059540020020;100mN31466E41421;S;OS;1;22;M;M;1824;EMP
059540020020-736;059540020020;100mN31475E41421;S;NA;1;56;D;F;5064;EMP
059540020020-737;059540020020;100mN31471E41420;MC;NA;3;63;M;F;5064;EMP
059540020020-737;059540020020;100mN31471E41420;MC;NA;3;46;S;M;4049;EMP
059540020020-737;059540020020;100mN31471E41420;MC;NA;3;6;S;M;0614;NEP
059540020020-738;059540020020;100mN31482E41411;S;OS;1;42;W;M;4049;NEP
059540020020-739;059540020020;100mN31482E41411;MC;MIX;2;70;M;M;6574;EMP
059540020020-739;059540020020;100mN31482E41411;MC;MIX;2;61;M;F;5064;EMP
059540020020-740;059540020020;100mN31481E41413;PO;OS;3;66;S;M;6574;EMP
059540020020-740;059540020020;100mN31481E41413;PO;OS;3;65;S;M;6574;EMP
059540020020-740;059540020020;100mN31481E41413;PO;OS;3;68;W;F;6574;NEP
059540020020-741;059540020020;100mN31464E41425;MC;NA;3;51;M;F;5064;NEP
059540020020-741;059540020020;100mN31464E41425;MC;NA;3;51;M;M;5064;EMP
059540020020-741;059540020020;100mN31464E41425;MC;NA;3;9;S;M;0614;NEP
059540020020-742;059540020020;100mN31473E41431;MC;MIX;2;82;M;M;75XX;NEP
059540020020-742;059540020020;100mN31473E41431;MC;MIX;2;6;S;F;0614;NEP
059540020020-743;059540020020;100mN31482E41411;S;OS;1;48;S;M;4049;NEP
059540020020-744;059540020020;100mN31495E41441;MC;NA;4;62;M;F;5064;EMP
059540020020-744;059540020020;100mN31495E41441;MC;NA;4;63;M;M;5064;NEP
059540020020-744;059540020020;100mN31495E41441;MC;NA;4;41;S;M;4049;EMP
059540020020-744;059540020020;100mN31495E41441;MC;NA;4;37;W;F;3039;NEP
059540020020-745;059540020020;100mN31472E41431;NA;OS;3;62;D;M;5064;EMP
059540020020-745;059540020020;100mN31472E41431;NA;OS;3;67;W;F;6574;EMP
059540020020-745;059540020020;100mN31472E41431;NA;OS;3;60;M;F;5064;NEP
059540020020-746;059540020020;100mN31493E41418;S;NA;1;42;M;M;4049;NEP
059540020020-747;059540020020;100mN31496E41423;MC;OS;2;68;M;F;6574;EMP
059540020020-747;059540020020;100mN31496E41423;MC;OS;2;72;M;M;6574;NEP
059540020020-748;059540020020;100mN31496E41423;PO;OS;3;72;S;F;6574;EMP
059540020020-748;059540020020;100mN31496E41423;PO;OS;3;79;S;F;75XX;EMP
059540020020-748;059540020020;100mN31496E41423;PO;OS;3;86;D;F;75XX;EMP
059540020020-749;059540020020;100mN31485E41409;S;NA;1;48;M;M;4049;EMP
059540020020-750;059540020020;100mN31499E41447;MC;MIX;2;82;M;M;75XX;EMP
059540020020-750;059540020020;100mN31499E41447;MC;MIX;2;15;S;F;1517;NEP
059540020020-751;059540020020;100mN31496E41423;S;NA;1;38;M;M;3039;NEP
059540020020-752;059540020020;100mN31496E41423;MC;NA;3;52;M;F;5064;EMP
059540020020-752;059540020020;100mN31496E41423;MC;NA;3;43;M;M;4049;EMP
059540020020-752;059540020020;100mN31496E41423;MC;NA;3;3;S;M;0305;NEP
059540020020-753;059540020020;100mN31496E41423;SM;NA;2;63;S;M;5064;EMP
059540020020-753;059540020020;100mN31496E41423;SM;NA;2;41;W;F;4049;EMP
059540020020-754;059540020020;100mN31461E41428;MC;OS;2;83;M;M;75XX;UEP
059540020020-754;059540020020;100mN31461E41428;MC;OS;2;65;M;F;6574;NEP
059540020020-755;059540020020;100mN31463E41431;S;NA;1;69;S;M;6574;EMP
059540020020-756;059540020020;100mN31463E41431;S;NA;1;42;S;M;4049;NEP
059540020020-757;059540020020;100mN31494E41423;S;NA;1;69;S;M;6574;EMP
059540020020-758;059540020020;100mN31463E41431;MC;NA;2;57;M;F;5064;EMP
059540020020-758;059540020020;100mN31463E41431;MC;NA;2;48;M;M;4049;NEP
059540020020-759;059540020020;100mN31479E41410;MC;NA;2;59;M;F;5064;EMP
059540020020-759;059540020020;100mN31479E41410;MC;NA;2;61;M;M;5064;EMP
059540020020-760;059540020020;100mN31484E41410;SF;NA;2;50;W;F;5064;EMP
059540020020-760;059540020020;100mN31484E41410;SF;NA;2;7;S;M;0614;NEP
059540020020-761;059540020020;100mN31463E41424;MC;MIX;2;89;M;F;75XX;EMP
059540020020-761;059540020020;100mN31463E41424;MC;MIX;2;62;M;M;5064;EMP
059540020020-762;059540020020;100mN31463E41431;S;NA;1;20;W;F;1824;NEP
059540020020-763;059540020020;100mN31482E41395;MC;NA;2;47;M;M;4049;EMP
059540020020-763;059540020020;100mN31482E41395;MC;NA;2;47;M;F;4049;EMP
059540020020-764;059540020020;100mN31469E41431;MC;NA;2;41;M;M;4049;EMP
059540020020-764;059540020020;100mN31469E41431;MC;NA;2;40;M;F;4049;EMP
059540020020-765;059540020020;100mN31461E41423;S;OS;1;89;S;F;75XX;EMP
059540020020-766;059540020020;100mN31463E41431;SF;NA;3;55;S;F;5064;NEP
059540020020-766;059540020020;100mN31463E41431;SF;NA;3;32;M;F;3039;EMP
059540020020-766;059540020020;100mN31463E41431;SF;NA;3;9;S;F;0614;NEP
059540020020-767;059540020020;100mN31476E41421;SM;NA;3;45;S;M;4049;NEP
059540020020-767;059540020020;100mN31476E41421;SM;NA;3;12;S;F;0614;NEP
059540020020-767;059540020020;100mN31476E41421;SM;NA;3;10;S;F;0614;NEP
059540020020-768;059540020020;100mN31471E41422;S;NA;1;72;M;F;6574;NEP
059540020020-769;059540020020;100mN31463E41431;S;NA;1;62;M;M;5064;EMP
059540020020-770;059540020020;100mN31462E41432;MC;NA;2;35;M;F;3039;EMP
059540020020-770;059540020020;100mN31462E41432;MC;NA;2;33;M;M;3039;NEP
059540020020-771;059540020020;100mN31495E41440;MC;NA;3;53;M;F;5064;NEP
059540020020-771;059540020020;100mN31495E41440;MC;NA;3;56;M;M;5064;NEP
059540020020-771;059540020020;100mN31495E41440;MC;NA;3;7;S;F;0614;NEP
059540020020-772;059540020020;100mN31484E41402;MC;NA;2;63;M;M;5064;EMP
059540020020-772;059540020020;100mN31484E41402;MC;NA;2;55;M;F;5064;NEP
059540020020-773;059540020020;100mN31493E41405;S;OS;1;65;W;F;6574;NEP
059540020020-774;059540020020;100mN31475E41422;S;OS;1;27;D;F;2529;EMP
059540020020-775;059540020020;100mN31479E41402;MC;MIX;2;66;M;F;6574;NEP
059540020020-775;059540020020;100mN31479E41402;MC;MIX;2;30;W;F;3039;NEP
059540020020-776;059540020020;100mN31463E41431;PO;NA;3;43;S;M;4049;EMP
059540020020-776;059540020020;100mN31463E41431;PO;NA;3;36;S;F;3039;EMP
059540020020-776;059540020020;100mN31463E41431;PO;NA;3;11;S;M;0614;NEP
059540020020-777;059540020020;100mN31463E41431;S;NA;1;33;S;M;3039;EMP
059540020020-778;059540020020;100mN31463E41431;PO;MIX;3;69;M;M;6574;EMP
059540020020-778;059540020020;100mN31463E41431;PO;MIX;3;44;S;F;4049;EMP
059540020020-778;059540020020;100mN31463E41431;PO;MIX;3;62;S;M;5064;NEP
059540020020-779;059540020020;100mN31480E41406;MC;OS;3;85;M;F;75XX;NEP
059540020020-779;059540020020;100mN31480E41406;MC;OS;3;88;M;M;75XX;NEP
059540020020-779;059540020020;100mN31480E41406;MC;OS;3;66;W;F;6574;EMP
059540020020-780;059540020020;100mN31483E41405;S;OS;1;40;M;M;4049;EMP
059540020020-781;059540020020;100mN31489E41422;S;OS;1;60;S;F;5064;EMP
059540020020-782;059540020020;100mN31463E41431;SF;NA;2;85;S;F;75XX;EMP
059540020020-782;059540020020;100mN31463E41431;SF;NA;2;7;S;M;0614;NEP
059540020020-783;059540020020;100mN31497E41432;PO;OS;3;79;S;F;75XX;NEP
059540020020-783;059540020020;100mN31497E41432;PO;OS;3;81;S;M;75XX;NEP
059540020020-783;059540020020;100mN31497E41432;PO;OS;3;66;M;F;6574;NEP
059540020020-784;059540020020;100mN31460E41428;MC;NA;2;33;M;F;3039;EMP
059540020020-784;059540020020;100mN31460E41428;MC;NA;2;36;M;M;3039;EMP
059540020020-785;059540020020;100mN31473E41423;MC;NA;2;63;M;F;5064;NEP
059540020020-785;059540020020;100mN31473E41423;MC;NA;2;15;S;F;1517;EMP
059540020020-786;059540020020;100mN31463E41431;MC;OS;3;72;M;F;6574;NEP
059540020020-786;059540020020;100mN31463E41431;MC;OS;3;66;M;M;6574;EMP
059540020020-786;059540020020;100mN31463E41431;MC;OS;3;79;M;F;75XX;EMP
059540020020-787;059540020020;100mN31481E41414;S;NA;1;58;S;M;5064;EMP
059540020020-788;059540020020;100mN31490E41420;S;NA;1;67;D;M;6574;EMP
059540020020-789;059540020020;100mN31484E41412;S;OS;1;61;D;M;5064;EMP
059540020020-790;059540020020;100mN31475E41422;MC;NA;3;51;M;F;5064;EMP
059540020020-790;059540020020;100mN31475E41422;MC;NA;3;55;M;M;5064;EMP
059540020020-790;059540020020;100mN31475E41422;MC;NA;3;13;S;M;0614;NEP
059540020020-791;059540020020;100mN31485E41409;S;NA;1;48;M;M;4049;EMP
059540020020-792;059540020020;100mN31480E41411;PO;NA;2;62;S;F;5064;NEP
059540020020-792;059540020020;100mN31480E41411;PO;NA;2;56;S;M;5064;EMP
059540020020-793;059540020020;100mN31472E41422;S;NA;1;70;M;F;6574;NEP
059540020020-794;059540020020;100mN31469E41422;MC;NA;2;40;M;M;4049;NEP
059540020020-794;059540020020;100mN31469E41422;MC;NA;2;40;M;F;4049;NEP
059540020020-795;059540020020;100mN31463E41423;S;OS;1;55;M;F;5064;NEP
059540020020-796;059540020020;100mN31479E41407;MC;MIX;5;71;W;F;6574;EMP
059540020020-796;059540020020;100mN31479E41407;MC;MIX;5;37;M;F;3039;EMP
059540020020-796;059540020020;100mN31479E41407;MC;MIX;5;40;M;M;4049;EMP
059540020020-796;059540020020;100mN31479E41407;MC;MIX;5;16;S;F;1517;NEP
059540020020-796;059540020020;100mN31479E41407;MC;MIX;5;19;M;M;1824;EMP
059540020020-797;059540020020;100mN31480E41408;SF;NA;2;46;D;F;4049;EMP
059540020020-797;059540020020;100mN31480E41408;SF;NA;2;16;S;M;1517;EMP
059540020020-798;059540020020;100mN31469E41422;S;OS;1;33;S;M;3039;EMP
059540020020-799;059540020020;100mN31460E41424;MC;NA;4;61;M;M;5064;UEP
059540020020-799;059540020020;100mN31460E41424;MC;NA;4;61;M;F;5064;EMP
059540020020-799;059540020020;100mN31460E41424;MC;NA;4;35;W;F;3039;EMP
059540020020-799;059540020020;100mN31460E41424;MC;NA;4;9;S;M;0614;NEP
059540020020-800;059540020020;100mN31481E41415;PO;NA;2;51;S;M;5064;EMP
059540020020-800;059540020020;100mN31481E41415;PO;NA;2;43;S;M;4049;EMP
059540020020-801;059540020020;100mN31469E41422;MC;MIX;4;66;M;F;6574;NEP
059540020020-801;059540020020;100mN31469E41422;MC;MIX;4;21;M;M;1824;NEP
059540020020-801;059540020020;100mN31469E41422;MC;MIX;4;18;M;F;1824;EMP
059540020020-801;059540020020;100mN31469E41422;MC;MIX;4;4;S;M;0305;NEP
059540020020-802;059540020020;100mN31498E41417;MC;OS;2;68;M;F;6574;EMP
059540020020-802;059540020020;100mN31498E41417;MC;OS;2;72;M;M;6574;NEP
059540020020-803;059540020020;100mN31464E41420;MC;OS;2;77;M;M;75XX;EMP
059540020020-803;059540020020;100mN31464E41420;MC;OS;2;69;M;F;6574;NEP
059540020020-804;059540020020;100mN31486E41432;PO;NA;5;51;S;F;5064;NEP
059540020020-804;059540020020;100mN31486E41432;PO;NA;5;55;S;M;5064;NEP
059540020020-804;059540020020;100mN31486E41432;PO;NA;5;8;S;M;0614;NEP
059540020020-804;059540020020;100mN31486E41432;PO;NA;5;16;S;F;1517;NEP
059540020020-804;059540020020;100mN31486E41432;PO;NA;5;11;S;F;0614;NEP
059540020020-805;059540020020;100mN31465E41428;NA;NA;2;78;M;M;75XX;NEP
059540020020-805;059540020020;100mN31465E41428;NA;NA;2;31;D;M;3039;EMP
059540020020-806;059540020020;100mN31464E41418;S;OS;1;47;S;M;4049;NEP
059540020020-807;059540020020;100mN31479E41423;MC;MIX;2;69;M;F;6574;NEP
059540020020-807;059540020020;100mN31479E41423;MC;MIX;2;21;M;M;1824;EMP
059540020020-808;059540020020;100mN31467E41429;S;NA;1;19;S;M;1824;NEP
059540020020-809;059540020020;100mN31469E41422;S;NA;1;42;M;F;4049;NEP
059540020020-810;059540020020;100mN31461E41423;S;OS;1;56;D;F;5064;EMP
059540020020-811;059540020020;100mN31471E41422;SF;MIX;2;81;D;F;75XX;NEP
059540020020-811;059540020020;100mN31471E41422;SF;MIX;2;47;W;M;4049;NEP
059540020020-812;059540020020;100mN31491E41420;MC;NA;3;28;M;M;2529;NEP
059540020020-812;059540020020;100mN31491E41420;MC;NA;3;25;M;F;2529;NEP
059540020020-812;059540020020;100mN31491E41420;MC;NA;3;9;S;M;0614;NEP
059540020020-813;059540020020;100mN31469E41422;MC;OS;4;87;M;F;75XX;NEP
059540020020-813;059540020020;100mN31469E41422;MC;OS;4;26;M;M;2529;NEP
059540020020-813;059540020020;100mN31469E41422;MC;OS;4;66;D;F;6574;EMP
059540020020-813;059540020020;100mN31469E41422;MC;OS;4;83;M;F;75XX;EMP
059540020020-814;059540020020;100mN31480E41408;S;NA;1;41;S;M;4049;NEP
059540020020-815;059540020020;100mN31469E41422;MC;NA;2;56;M;M;5064;EMP
059540020020-815;059540020020;100mN31469E41422;MC;NA;2;18;M;F;1824;EMP
059540020020-816;059540020020;100mN31469E41422;S;OS;1;45;M;F;4049;NEP
059540020020-817;059540020020;100mN31469E41422;S;NA;1;66;M;F;6574;EMP
059540020020-818;059540020020;100mN31500E41444;S;NA;1;36;D;M;3039;NEP
059540020020-819;059540020020;100mN31468E41430;S;NA;1;47;M;M;4049;NEP
059540020020-820;059540020020;100mN31462E41430;MC;NA;2;55;M;M;5064;NEP
059540020020-820;059540020020;100mN31462E41430;MC;NA;2;62;M;F;5064;NEP
059540020020-821;059540020020;100mN31467E41423;S;NA;1;51;S;F;5064;NEP
059540020020-822;059540020020;100mN31481E41411;MC;NA;5;38;M;F;3039;NEP
059540020020-822;059540020020;100mN31481E41411;MC;NA;5;40;M;M;4049;EMP
059540020020-822;059540020020;100mN31481E41411;MC;NA;5;2;S;F;0003;NEP
059540020020-822;059540020020;100mN31481E41411;MC;NA;5;16;S;F;1517;NEP
059540020020-822;059540020020;100mN31481E41411;MC;NA;5;20;W;F;1824;NEP
059540020020-823;059540020020;100mN31484E41419;MC;NA;4;54;M;F;5064;NEP
059540020020-823;059540020020;100mN31484E41419;MC;NA;4;60;M;M;5064;UEP
059540020020-823;059540020020;100mN31484E41419;MC;NA;4;27;S;M;2529;NEP
059540020020-823;059540020020;100mN31484E41419;MC;NA;4;6;S;M;0614;NEP
059540020020-824;059540020020;100mN31463E41423;S;OS;1;22;D;F;1824;NEP
059540020020-825;059540020020;100mN31469E41430;MC;NA;2;43;M;M;4049;EMP
059540020020-825;059540020020;100mN31469E41430;MC;NA;2;43;M;F;4049;EMP
059540020020-826;059540020020;100mN31469E41430;S;OS;1;28;M;M;2529;NEP
059540020020-827;059540020020;100mN31469E41430;MC;NA;3;36;M;M;3039;NEP
059540020020-827;059540020020;100mN31469E41430;MC;NA;3;31;M;F;3039;EMP
059540020020-827;059540020020;100mN31469E41430;MC;NA;3;8;S;M;0614;NEP
059540020020-828;059540020020;100mN31484E41413;S;NA;1;42;W;F;4049;NEP
059540020020-829;059540020020;100mN31468E41429;S;NA;1;30;M;M;3039;EMP
059540020020-830;059540020020;100mN31469E41430;S;OS;1;60;M;M;5064;UEP
059540020020-831;059540020020;100mN31469E41430;S;NA;1;68;M;M;6574;NEP
059540020020-832;059540020020;100mN31468E41420;SM;MIX;4;77;M;F;75XX;EMP
059540020020-832;059540020020;100mN31468E41420;SM;MIX;4;63;W;M;5064;NEP
059540020020-832;059540020020;100mN31468E41420;SM;MIX;4;3;S;M;0305;NEP
059540020020-832;059540020020;100mN31468E41420;SM;MIX;4;2;S;F;0003;NEP
059540020020-833;059540020020;100mN31478E41404;MC;NA;2;51;M;M;5064;NEP
059540020020-833;059540020020;100mN31478E41404;MC;NA;2;54;M;F;5064;NEP
059540020020-834;059540020020;100mN31501E41436;MC;NA;2;21;M;M;1824;UEP
059540020020-834;059540020020;100mN31501E41436;MC;NA;2;22;M;F;1824;NEP
059540020020-835;059540020020;100mN31469E41430;S;NA;1;20;M;M;1824;EMP
059540020020-836;059540020020;100mN31484E41407;MC;NA;3;27;M;M;2529;NEP
059540020020-836;059540020020;100mN31484E41407;MC;NA;3;26;M;F;2529;EMP
059540020020-836;059540020020;100mN31484E41407;MC;NA;3;7;S;M;0614;NEP
059540020020-837;059540020020;100mN31469E41430;PO;OS;2;87;S;M;75XX;EMP
059540020020-837;059540020020;100mN31469E41430;PO;OS;2;79;S;M;75XX;EMP
059540020020-838;059540020020;100mN31462E41422;S;NA;1;42;S;M;4049;NEP
059540020020-839;059540020020;100mN31468E41426;S;NA;1;31;M;F;3039;NEP
059540020020-840;059540020020;100mN31472E41419;S;OS;1;26;S;M;2529;EMP
059540020020-841;059540020020;100mN31486E41411;PO;NA;2;62;S;M;5064;NEP
059540020020-841;059540020020;100mN31486E41411;PO;NA;2;54;S;F;5064;EMP
059540020020-842;059540020020;100mN31470E41421;MC;OS;3;69;M;F;6574;NEP
059540020020-842;059540020020;100mN31470E41421;MC;OS;3;71;M;M;6574;NEP
059540020020-842;059540020020;100mN31470E41421;MC;OS;3;69;W;M;6574;NEP
059540020020-843;059540020020;100mN31469E41430;MC;NA;3;50;M;M;5064;NEP
059540020020-843;059540020020;100mN31469E41430;MC;NA;3;43;M;F;4049;NEP
059540020020-843;059540020020;100mN31469E41430;MC;NA;3;6;S;M;0614;NEP
059540020020-844;059540020020;100mN31481E41415;S;OS;1;26;S;F;2529;NEP
059540020020-845;059540020020;100mN31472E41422;S;OS;1;80;S;F;75XX;EMP
059540020020-846;059540020020;100mN31484E41414;SF;NA;2;62;S;F;5064;NEP
059540020020-846;059540020020;100mN31484E41414;SF;NA;2;12;S;M;0614;NEP
059540020020-847;059540020020;100mN31469E41430;MC;NA;3;19;M;M;1824;EMP
059540020020-847;059540020020;100mN31469E41430;MC;NA;3;18;M;F;1824;EMP
059540020020-847;059540020020;100mN31469E41430;MC;NA;3;4;S;F;0305;NEP
059540020020-848;059540020020;100mN31462E41422;NA;OS;3;23;M;M;1824;UEP
059540020020-848;059540020020;100mN31462E41422;NA;OS;3;54;M;F;5064;NEP
059540020020-848;059540020020;100mN31462E41422;NA;OS;3;41;M;F;4049;NEP
059540020020-849;059540020020;100mN31483E41407;PO;NA;5;44;S;F;4049;NEP
059540020020-849;059540020020;100mN31483E41407;PO;NA;5;52;S;M;5064;EMP
059540020020-849;059540020020;100mN31483E41407;PO;NA;5;22;W;F;1824;EMP
059540020020-849;059540020020;100mN31483E41407;PO;NA;5;6;S;M;0614;NEP
059540020020-849;059540020020;100mN31483E41407;PO;NA;5;22;D;F;1824;NEP
059540020020-850;059540020020;100mN31472E41423;S;OS;1;53;S;M;5064;NEP
059540020020-851;059540020020;100mN31493E41420;SF;NA;4;51;S;F;5064;EMP
059540020020-851;059540020020;100mN31493E41420;SF;NA;4;30;M;F;3039;NEP
059540020020-851;059540020020;100mN31493E41420;SF;NA;4;25;W;M;2529;EMP
059540020020-851;059540020020;100mN31493E41420;SF;NA;4;33;S;M;3039;NEP
059540020020-852;059540020020;100mN31467E41421;MC;OS;2;65;M;M;6574;EMP
059540020020-852;059540020020;100mN31467E41421;MC;OS;2;71;M;F;6574;NEP
059540020020-853;059540020020;100mN31464E41419;PO;NA;3;45;S;F;4049;EMP
059540020020-853;059540020020;100mN31464E41419;PO;NA;3;52;S;M;5064;EMP
059540020020-853;059540020020;100mN31464E41419;PO;NA;3;0;S;F;0003;NEP
059540020020-854;059540020020;100mN31462E41422;MC;NA;2;58;M;F;5064;NEP
059540020020-854;059540020020;100mN31462E41422;MC;NA;2;59;M;M;5064;EMP
059540020020-855;059540020020;100mN31465E41425;S;OS;1;57;M;M;5064;EMP
059540020020-856;059540020020;100mN31462E41422;S;OS;1;89;M;F;75XX;EMP
059540020020-857;059540020020;100mN31462E41422;MC;NA;2;48;M;M;4049;EMP
059540020020-857;059540020020;100mN31462E41422;MC;NA;2;43;M;F;4049;NEP
059540020020-858;059540020020;100mN31461E41431;MC;NA;3;59;M;M;5064;EMP
059540020020-858;059540020020;100mN31461E41431;MC;NA;3;55;M;F;5064;EMP
059540020020-858;059540020020;100mN31461E41431;MC;NA;3;7;S;M;0614;NEP
059540020020-859;059540020020;100mN31466E41418;MC;NA;2;46;M;M;4049;UEP
059540020020-859;059540020020;100mN31466E41418;MC;NA;2;41;M;F;4049;NEP
059540020020-860;059540020020;100mN31462E41422;S;NA;1;23;M;F;1824;EMP
059540020020-861;059540020020;100mN31465E41429;S;NA;1;50;D;M;5064;EMP
059540020020-862;059540020020;100mN31472E41424;MC;MIX;2;69;M;F;6574;EMP
059540020020-862;059540020020;100mN31472E41424;MC;MIX;2;31;W;F;3039;EMP
059540020020-863;059540020020;100mN31462E41422;MC;OS;3;80;M;M;75XX;EMP
059540020020-863;059540020020;100mN31462E41422;MC;OS;3;71;M;F;6574;NEP
059540020020-863;059540020020;100mN31462E41422;MC;OS;3;79;W;F;75XX;NEP
059540020020-864;059540020020;100mN31486E41412;S;NA;1;43;M;M;4049;EMP
059540020020-865;059540020020;100mN31483E41410;MC;OS;2;68;M;M;6574;NEP
059540020020-865;059540020020;100mN31483E41410;MC;OS;2;68;M;F;6574;EMP
059540020020-866;059540020020;100mN31493E41404;MC;MIX;4;85;D;M;75XX;NEP
059540020020-866;059540020020;100mN31493E41404;MC;MIX;4;52;M;M;5064;EMP
059540020020-866;059540020020;100mN31493E41404;MC;MIX;4;45;M;F;4049;NEP
059540020020-866;059540020020;100mN31493E41404;MC;MIX;4;11;S;F;0614;NEP
059540020020-867;059540020020;100mN31471E41420;S;NA;1;52;M;M;5064;NEP
059540020020-868;059540020020;100mN31462E41428;MC;OS;2;73;M;M;6574;EMP
059540020020-868;059540020020;100mN31462E41428;MC;OS;2;71;M;F;6574;NEP
059540020020-869;059540020020;100mN31480E41411;MC;NA;2;38;M;M;3039;NEP
059540020020-869;059540020020;100mN31480E41411;MC;NA;2;43;M;F;4049;NEP
059540020020-870;059540020020;100mN31491E41417;S;NA;1;66;M;M;6574;NEP
059540020020-871;059540020020;100mN31480E41407;MC;NA;2;52;M;F;5064;EMP
059540020020-871;059540020020;100mN31480E41407;MC;NA;2;61;M;M;5064;EMP
059540020020-872;059540020020;100mN31463E41420;S;NA;1;69;S;F;6574;EMP
059540020020-873;059540020020;100mN31473E41418;SF;NA;3;18;S;F;1824;EMP
059540020020-873;059540020020;100mN31473E41418;SF;NA;3;3;S;M;0305;NEP
059540020020-873;059540020020;100mN31473E41418;SF;NA;3;2;S;M;0003;NEP
059540020020-874;059540020020;100mN31481E41408;S;OS;1;70;S;F;6574;EMP
059540020020-875;059540020020;100mN31462E41422;MC;NA;2;37;M;M;3039;EMP
059540020020-875;059540020020;100mN31462E41422;MC;NA;2;37;M;F;3039;NEP
059540020020-876;059540020020;100mN31462E41422;MC;NA;3;48;M;F;4049;EMP
059540020020-876;059540020020;100mN31462E41422;MC;NA;3;51;M;M;5064;EMP
059540020020-876;059540020020;100mN31462E41422;MC;NA;3;33;M;F;3039;EMP
059540020020-877;059540020020;100mN31483E41409;MC;OS;2;77;M;F;75XX;EMP
059540020020-877;059540020020;100mN31483E41409;MC;OS;2;80;M;M;75XX;UEP
059540020020-878;059540020020;100mN31477E41422;SF;NA;2;45;S;F;4049;EMP
059540020020-878;059540020020;100mN31477E41422;SF;NA;2;4;S;M;0305;NEP
059540020020-879;059540020020;100mN31481E41412;S;NA;1;28;D;M;2529;EMP
059540020020-880;059540020020;100mN31491E41419;MC;NA;2;62;M;M;5064;EMP
059540020020-880;059540020020;100mN31491E41419;MC;NA;2;55;M;F;5064;EMP
059540020020-881;059540020020;100mN31486E41432;MC;NA;2;48;M;M;4049;EMP
059540020020-881;059540020020;100mN31486E41432;MC;NA;2;60;M;F;5064;NEP
059540020020-882;059540020020;100mN31474E41431;MC;NA;3;18;M;M;1824;EMP
059540020020-882;059540020020;100mN31474E41431;MC;NA;3;18;M;F;1824;NEP
059540020020-882;059540020020;100mN31474E41431;MC;NA;3;2;S;M;0003;NEP
059540020020-883;059540020020;100mN31473E41418;SF;NA;3;18;S;F;1824;EMP
059540020020-883;059540020020;100mN31473E41418;SF;NA;3;3;S;M;0305;NEP
059540020020-883;059540020020;100mN31473E41418;SF;NA;3;2;S;M;0003;NEP
059540020020-884;059540020020;100mN31462E41422;S;NA;1;84;S;M;75XX;NEP
059540020020-885;059540020020;100mN31461E41422;S;NA;1;47;M;F;4049;NEP
059540020020-886;059540020020;100mN31474E41418;MC;NA;3;52;M;M;5064;EMP
059540020020-886;059540020020;100mN31474E41418;MC;NA;3;52;M;F;5064;NEP
059540020020-886;059540020020;100mN31474E41418;MC;NA;3;26;M;F;2529;EMP
059540020020-887;059540020020;100mN31497E41425;S;OS;1;80;S;M;75XX;NEP
059540020020-888;059540020020;100mN31462E41422;MC;NA;2;57;M;M;5064;NEP
059540020020-888;059540020020;100mN31462E41422;MC;NA;2;55;M;F;5064;NEP
059540020020-889;059540020020;100mN31479E41409;S;NA;1;44;D;M;4049;NEP
059540020020-890;059540020020;100mN31499E41433;MC;NA;3;58;M;F;5064;NEP
059540020020-890;059540020020;100mN31499E41433;MC;NA;3;60;M;M;5064;UEP
059540020020-890;059540020020;100mN31499E41433;MC;NA;3;41;W;M;4049;EMP
059540020020-891;059540020020;100mN31462E41422;MC;NA;2;25;M;M;2529;EMP
059540020020-891;059540020020;100mN31462E41422;MC;NA;2;18;M;F;1824;EMP
059540020020-892;059540020020;100mN31462E41422;MC;NA;5;43;M;M;4049;EMP
059540020020-892;059540020020;100mN31462E41422;MC;NA;5;35;M;F;3039;EMP
059540020020-892;059540020020;100mN31462E41422;MC;NA;5;9;S;F;0614;NEP
059540020020-892;059540020020;100mN31462E41422;MC;NA;5;13;S;F;0614;NEP
059540020020-892;059540020020;100mN31462E41422;MC;NA;5;8;S;M;0614;NEP
059540020020-893;059540020020;100mN31462E41422;MC;NA;4;23;M;F;1824;NEP
059540020020-893;059540020020;100mN31462E41422;MC;NA;4;31;M;M;3039;NEP
059540020020-893;059540020020;100mN31462E41422;MC;NA;4;8;S;M;0614;NEP
059540020020-893;059540020020;100mN31462E41422;MC;NA;4;7;S;F;0614;NEP
059540020020-894;059540020020;100mN31462E41422;MC;OS;4;83;M;F;75XX;NEP
059540020020-894;059540020020;100mN31462E41422;MC;OS;4;76;M;M;75XX;EMP
059540020020-894;059540020020;100mN31462E41422;MC;OS;4;66;M;M;6574;NEP
059540020020-894;059540020020;100mN31462E41422;MC;OS;4;65;M;M;6574;EMP
059540020020-895;059540020020;100mN31481E41409;S;NA;1;68;D;F;6574;NEP
059540020020-896;059540020020;100mN31462E41422;S;NA;1;42;S;M;4049;NEP
059540020020-897;059540020020;100mN31466E41416;S;NA;1;33;M;F;3039;NEP
059540020020-898;059540020020;100mN31493E41427;MC;NA;2;40;M;F;4049;EMP
059540020020-898;059540020020;100mN31493E41427;MC;NA;2;38;M;M;3039;EMP
059540020020-899;059540020020;100mN31461E41423;MC;NA;2;35;M;M;3039;NEP
059540020020-899;059540020020;100mN31461E41423;MC;NA;2;34;M;F;3039;NEP
059540020020-900;059540020020;100mN31496E41439;MC;MIX;2;89;M;F;75XX;NEP
059540020020-900;059540020020;100mN31496E41439;MC;MIX;2;54;S;F;5064;EMP
059540020020-901;059540020020;100mN31480E41413;SF;MIX;3;71;M;F;6574;EMP
059540020020-901;059540020020;100mN31480E41413;SF;MIX;3;42;D;F;4049;EMP
059540020020-901;059540020020;100mN31480E41413;SF;MIX;3;15;S;F;1517;NEP
059540020020-902;059540020020;100mN31479E41402;MC;MIX;2;86;M;M;75XX;UEP
059540020020-902;059540020020;100mN31479E41402;MC;MIX;2;75;W;F;75XX;NEP
059540020020-903;059540020020;100mN31487E41437;MC;OS;2;65;M;M;6574;NEP
059540020020-903;059540020020;100mN31487E41437;MC;OS;2;83;M;F;75XX;EMP
059540020020-904;059540020020;100mN31479E41407;MC;OS;5;87;M;F;75XX;EMP
059540020020-904;059540020020;100mN31479E41407;MC;OS;5;88;M;M;75XX;EMP
059540020020-904;059540020020;100mN31479E41407;MC;OS;5;67;S;M;6574;NEP
059540020020-904;059540020020;100mN31479E41407;MC;OS;5;83;D;F;75XX;EMP
059540020020-904;059540020020;100mN31479E41407;MC;OS;5;76;D;F;75XX;EMP
059540020020-905;059540020020;100mN31478E41406;S;NA;1;44;M;M;4049;EMP
059540020020-906;059540020020;100mN31481E41414;S;OS;1;65;M;M;6574;NEP
059540020020-907;059540020020;100mN31464E41417;MC;NA;3;63;M;M;5064;NEP
059540020020-907;059540020020;100mN31464E41417;MC;NA;3;55;M;F;5064;EMP
059540020020-907;059540020020;100mN31464E41417;MC;NA;3;3;S;F;0305;NEP
059540020020-908;059540020020;100mN31480E41413;S;NA;1;31;M;F;3039;EMP
059540020020-909;059540020020;100mN31493E41427;S;NA;1;16;S;F;1517;EMP
059540020020-910;059540020020;100mN31493E41427;MC;NA;3;41;M;F;4049;EMP
059540020020-910;059540020020;100mN31493E41427;MC;NA;3;44;M;M;4049;EMP
059540020020-910;059540020020;100mN31493E41427;MC;NA;3;7;S;M;0614;NEP
059540020020-911;059540020020;100mN31485E41414;MC;NA;2;43;M;M;4049;NEP
059540020020-911;059540020020;100mN31485E41414;MC;NA;2;42;M;F;4049;EMP
059540020020-912;059540020020;100mN31466E41430;NA;NA;3;25;M;M;2529;EMP
059540020020-912;059540020020;100mN31466E41430;NA;NA;3;46;S;M;4049;EMP
059540020020-912;059540020020;100mN31466E41430;NA;NA;3;33;S;M;3039;EMP
059540020020-913;059540020020;100mN31493E41427;MC;NA;2;51;M;F;5064;EMP
059540020020-913;059540020020;100mN31493E41427;MC;NA;2;53;M;M;5064;EMP
059540020020-914;059540020020;100mN31467E41415;NA;NA;2;35;S;F;3039;EMP
059540020020-914;059540020020;100mN31467E41415;NA;NA;2;18;W;F;1824;EMP
059540020020-915;059540020020;100mN31493E41427;S;NA;1;68;D;F;6574;EMP
059540020020-916;059540020020;100mN31473E41422;MC;MIX;3;66;S;F;6574;NEP
059540020020-916;059540020020;100mN31473E41422;MC;MIX;3;38;M;M;3039;EMP
059540020020-916;059540020020;100mN31473E41422;MC;MIX;3;30;M;F;3039;NEP
059540020020-917;059540020020;100mN31493E41427;SF;NA;2;16;S;F;1517;EMP
059540020020-917;059540020020;100mN31493E41427;SF;NA;2;1;S;M;0003;NEP
059540020020-918;059540020020;100mN31484E41408;MC;NA;2;55;M;M;5064;NEP
059540020020-918;059540020020;100mN31484E41408;MC;NA;2;57;M;F;5064;EMP
059540020020-919;059540020020;100mN31481E41414;SF;NA;4;54;W;F;5064;NEP
059540020020-919;059540020020;100mN31481E41414;SF;NA;4;10;S;M;0614;NEP
059540020020-919;059540020020;100mN31481E41414;SF;NA;4;8;S;F;0614;NEP
059540020020-919;059540020020;100mN31481E41414;SF;NA;4;6;S;M;0614;NEP
059540020020-920;059540020020;100mN31496E41413;S;OS;1;71;M;F;6574;EMP
059540020020-921;059540020020;100mN31483E41409;MC;NA;2;61;M;F;5064;EMP
059540020020-921;059540020020;100mN31483E41409;MC;NA;2;62;M;M;5064;EMP
059540020020-922;059540020020;100mN31480E41405;S;NA;1;26;M;M;2529;EMP
059540020020-923;059540020020;100mN31498E41446;MC;NA;2;47;M;F;4049;NEP
059540020020-923;059540020020;100mN31498E41446;MC;NA;2;51;M;M;5064;EMP
059540020020-924;059540020020;100mN31496E41413;MC;OS;2;72;M;M;6574;EMP
059540020020-924;059540020020;100mN31496E41413;MC;OS;2;71;M;F;6574;NEP
059540020020-925;059540020020;100mN31496E41413;SF;NA;2;75;W;F;75XX;NEP
059540020020-925;059540020020;100mN31496E41413;SF;NA;2;0;S;F;0003;NEP
059540020020-926;059540020020;100mN31496E41413;MC;NA;3;41;M;M;4049;NEP
059540020020-926;059540020020;100mN31496E41413;MC;NA;3;40;M;F;4049;EMP
059540020020-926;059540020020;100mN31496E41413;MC;NA;3;22;W;F;1824;NEP
059540020020-927;059540020020;100mN31496E41413;S;OS;1;63;M;M;5064;EMP
059540020020-928;059540020020;100mN31502E41426;S;OS;1;59;S;M;5064;EMP
059540020020-929;059540020020;100mN31490E41438;PO;MIX;4;68;S;M;6574;EMP
059540020020-929;059540020020;100mN31490E41438;PO;MIX;4;58;S;M;5064;NEP
059540020020-929;059540020020;100mN31490E41438;PO;MIX;4;57;S;M;5064;EMP
059540020020-929;059540020020;100mN31490E41438;PO;MIX;4;16;S;F;1517;NEP
059540020020-930;059540020020;100mN31496E41413;SF;NA;2;35;W;F;3039;NEP
059540020020-930;059540020020;100mN31496E41413;SF;NA;2;20;M;F;1824;EMP
059540020020-931;059540020020;100mN31491E41417;S;OS;1;18;S;F;1824;EMP
059540020020-932;059540020020;100mN31483E41413;MC;NA;4;25;M;M;2529;EMP
059540020020-932;059540020020;100mN31483E41413;MC;NA;4;23;M;F;1824;NEP
059540020020-932;059540020020;100mN31483E41413;MC;NA;4;1;S;M;0003;NEP
059540020020-932;059540020020;100mN31483E41413;MC;NA;4;7;S;F;0614;NEP
059540020020-933;059540020020;100mN31496E41413;S;OS;1;66;M;F;6574;EMP
059540020020-934;059540020020;100mN31469E41431;MC;MIX;2;67;M;M;6574;UEP
059540020020-934;059540020020;100mN31469E41431;MC;MIX;2;61;M;F;5064;EMP
059540020020-935;059540020020;100mN31496E41413;MC;MIX;2;65;M;M;6574;EMP
059540020020-935;059540020020;100mN31496E41413;MC;MIX;2;38;M;F;3039;NEP
059540020020-936;059540020020;100mN31496E41413;PO;NA;2;18;S;M;1824;NEP
059540020020-936;059540020020;100mN31496E41413;PO;NA;2;52;S;F;5064;EMP
059540020020-937;059540020020;100mN31485E41414;S;NA;1;83;D;M;75XX;EMP
059540020020-938;059540020020;100mN31496E41413;MC;NA;2;59;M;F;5064;NEP
059540020020-938;059540020020;100mN31496E41413;MC;NA;2;60;M;M;5064;NEP
059540020020-939;059540020020;100mN31471E41431;S;NA;1;37;S;M;3039;EMP
059540020020-940;059540020020;100mN31492E41412;S;NA;1;66;M;F;6574;NEP
059540020020-941;059540020020;100mN31471E41430;S;OS;1;56;S;F;5064;NEP
059540020020-942;059540020020;100mN31479E41403;MC;OS;4;72;M;M;6574;NEP
059540020020-942;059540020020;100mN31479E41403;MC;OS;4;69;M;F;6574;EMP
059540020020-942;059540020020;100mN31479E41403;MC;OS;4;69;S;M;6574;EMP
059540020020-942;059540020020;100mN31479E41403;MC;OS;4;68;W;F;6574;EMP
059540020020-943;059540020020;100mN31494E41446;PO;OS;3;69;S;M;6574;EMP
059540020020-943;059540020020;100mN31494E41446;PO;OS;3;68;S;M;6574;EMP
059540020020-943;059540020020;100mN31494E41446;PO;OS;3;86;M;M;75XX;EMP
059540020020-944;059540020020;100mN31495E41443;MC;OS;2;75;M;M;75XX;EMP
059540020020-944;059540020020;100mN31495E41443;MC;OS;2;73;M;F;6574;EMP
059540020020-945;059540020020;100mN31482E41415;MC;NA;2;56;M;M;5064;NEP
059540020020-945;059540020020;100mN31482E41415;MC;NA;2;63;M;F;5064;EMP
059540020020-946;059540020020;100mN31466E41430;NA;NA;3;25;M;M;2529;EMP
059540020020-946;059540020020;100mN31466E41430;NA;NA;3;46;S;M;4049;EMP
059540020020-946;059540020020;100mN31466E41430;NA;NA;3;33;S;M;3039;EMP
059540020020-947;059540020020;100mN31495E41443;SF;NA;2;46;S;F;4049;EMP
059540020020-947;059540020020;100mN31495E41443;SF;NA;2;25;S;M;2529;EMP
059540020020-948;059540020020;100mN31460E41426;S;NA;1;57;M;M;5064;EMP
059540020020-949;059540020020;100mN31481E41407;MC;NA;3;52;M;F;5064;EMP
059540020020-949;059540020020;100mN31481E41407;MC;NA;3;54;M;M;5064;EMP
059540020020-949;059540020020;100mN31481E41407;MC;NA;3;35;D;F;3039;EMP
059540020020-950;059540020020;100mN31495E41443;S;OS;1;61;W;F;5064;NEP
059540020020-951;059540020020;100mN31470E41432;S;OS;1;56;S;M;5064;EMP
059540020020-952;059540020020;100mN31500E41443;MC;MIX;2;77;M;M;75XX;EMP
059540020020-952;059540020020;100mN31500E41443;MC;MIX;2;15;S;F;1517;EMP
059540020020-953;059540020020;100mN31470E41432;S;OS;1;34;M;F;3039;NEP
059540020020-954;059540020020;100mN31492E41424;MC;NA;3;63;M;F;5064;NEP
059540020020-954;059540020020;100mN31492E41424;MC;NA;3;60;M;M;5064;NEP
059540020020-954;059540020020;100mN31492E41424;MC;NA;3;47;D;M;4049;NEP
059540020020-955;059540020020;100mN31491E41428;MC;MIX;2;85;M;F;75XX;EMP
059540020020-955;059540020020;100mN31491E41428;MC;MIX;2;13;S;M;0614;NEP
059540020020-956;059540020020;100mN31470E41432;MC;MIX;2;70;M;M;6574;EMP
059540020020-956;059540020020;100mN31470E41432;MC;MIX;2;43;M;M;4049;NEP
059540020020-957;059540020020;100mN31491E41422;MC;NA;2;58;M;F;5064;EMP
059540020020-957;059540020020;100mN31491E41422;MC;NA;2;58;M;M;5064;EMP
059540020020-958;059540020020;100mN31470E41432;MC;NA;2;52;M;M;5064;NEP
059540020020-958;059540020020;100mN31470E41432;MC;NA;2;61;M;F;5064;NEP
059540020020-959;059540020020;100mN31479E41407;S;OS;1;27;W;F;2529;NEP
059540020020-960;059540020020;100mN31470E41432;MC;NA;2;63;M;M;5064;EMP
059540020020-960;059540020020;100mN31470E41432;MC;NA;2;63;M;F;5064;NEP
059540020020-961;059540020020;100mN31470E41432;S;NA;1;70;M;M;6574;EMP
059540020020-962;059540020020;100mN31481E41408;SF;NA;2;75;S;F;75XX;EMP
059540020020-962;059540020020;100mN31481E41408;SF;NA;2;13;S;F;0614;NEP
059540020020-963;059540020020;100mN31464E41418;MC;NA;2;25;M;M;2529;EMP
059540020020-963;059540020020;100mN31464E41418;MC;NA;2;18;M;F;1824;NEP
059540020020-964;059540020020;100mN31479E41408;MC;NA;3;33;M;F;3039;NEP
059540020020-964;059540020020;100mN31479E41408;MC;NA;3;32;M;M;3039;EMP
059540020020-964;059540020020;100mN31479E41408;MC;NA;3;16;S;F;1517;EMP
059540020020-965;059540020020;100mN31484E41418;MC;MIX;3;72;M;F;6574;NEP
059540020020-965;059540020020;100mN31484E41418;MC;MIX;3;40;M;M;4049;NEP
059540020020-965;059540020020;100mN31484E41418;MC;MIX;3;18;M;F;1824;NEP
059540020020-966;059540020020;100mN31470E41432;S;NA;1;86;M;F;75XX;EMP
059540020020-967;059540020020;100mN31491E41414;MC;NA;4;23;M;M;1824;NEP
059540020020-967;059540020020;100mN31491E41414;MC;NA;4;28;M;F;2529;EMP
059540020020-967;059540020020;100mN31491E41414;MC;NA;4;4;S;F;0305;NEP
059540020020-967;059540020020;100mN31491E41414;MC;NA;4;1;S;M;0003;NEP
059540020020-968;059540020020;100mN31473E41423;MC;NA;2;43;M;M;4049;EMP
059540020020-968;059540020020;100mN31473E41423;MC;NA;2;42;M;F;4049;NEP
059540020020-969;059540020020;100mN31473E41424;S;OS;1;73;M;M;6574;EMP
059540020020-970;059540020020;100mN31485E41410;S;OS;1;32;D;F;3039;EMP
059540020020-971;059540020020;100mN31472E41432;MC;MIX;6;65;M;F;6574;NEP
059540020020-971;059540020020;100mN31472E41432;MC;MIX;6;61;M;M;5064;EMP
059540020020-971;059540020020;100mN31472E41432;MC;MIX;6;71;M;M;6574;UEP
059540020020-971;059540020020;100mN31472E41432;MC;MIX;6;15;S;F;1517;EMP
059540020020-971;059540020020;100mN31472E41432;MC;MIX;6;18;W;M;1824;EMP
059540020020-971;059540020020;100mN31472E41432;MC;MIX;6;11;S;M;0614;NEP
059540020020-972;059540020020;100mN31470E41432;S;NA;1;47;M;M;4049;EMP
059540020020-973;059540020020;100mN31464E41427;MC;OS;3;70;M;M;6574;EMP
059540020020-973;059540020020;100mN31464E41427;MC;OS;3;65;M;F;6574;NEP
059540020020-973;059540020020;100mN31464E41427;MC;OS;3;66;W;F;6574;EMP
059540020020-974;059540020020;100mN31470E41432;S;NA;1;87;M;F;75XX;EMP
059540020020-975;059540020020;100mN31462E41428;S;NA;1;47;D;M;4049;EMP
059540020020-976;059540020020;100mN31465E41429;S;NA;1;44;M;F;4049;EMP
059540020020-977;059540020020;100mN31485E41408;MC;NA;2;52;M;F;5064;EMP
059540020020-977;059540020020;100mN31485E41408;MC;NA;2;51;M;M;5064;EMP
059540020020-978;059540020020;100mN31460E41430;MC;NA;2;51;M;F;5064;EMP
059540020020-978;059540020020;100mN31460E41430;MC;NA;2;52;M;M;5064;EMP
059540020020-979;059540020020;100mN31479E41402;S;OS;1;43;D;F;4049;NEP
059540020020-980;059540020020;100mN31469E41432;S;OS;1;86;D;F;75XX;NEP
059540020020-981;059540020020;100mN31483E41413;S;NA;1;25;W;F;2529;NEP
059540020020-982;059540020020;100mN31482E41402;MC;NA;2;61;M;F;5064;NEP
059540020020-982;059540020020;100mN31482E41402;MC;NA;2;62;M;M;5064;EMP
059540020020-983;059540020020;100mN31482E41402;MC;NA;3;54;M;M;5064;EMP
059540020020-983;059540020020;100mN31482E41402;MC;NA;3;47;M;F;4049;EMP
059540020020-983;059540020020;100mN31482E41402;MC;NA;3;9;S;M;0614;NEP
059540020020-984;059540020020;100mN31484E41408;NA;NA;2;16;S;M;1517;NEP
059540020020-984;059540020020;100mN31484E41408;NA;NA;2;43;S;F;4049;EMP
059540020020-985;059540020020;100mN31475E41422;MC;NA;6;56;M;M;5064;EMP
059540020020-985;059540020020;100mN31475E41422;MC;NA;6;50;M;F;5064;NEP
059540020020-985;059540020020;100mN31475E41422;MC;NA;6;11;S;M;0614;NEP
059540020020-985;059540020020;100mN31475E41422;MC;NA;6;18;M;M;1824;EMP
059540020020-985;059540020020;100mN31475E41422;MC;NA;6;11;S;M;0614;NEP
059540020020-985;059540020020;100mN31475E41422;MC;NA;6;7;S;M;0614;NEP
059540020020-986;059540020020;100mN31481E41405;MC;MIX;2;84;M;F;75XX;EMP
059540020020-986;059540020020;100mN31481E41405;MC;MIX;2;43;S;M;4049;EMP
059540020020-987;059540020020;100mN31472E41432;NA;MIX;3;50;M;M;5064;NEP
059540020020-987;059540020020;100mN31472E41432;NA;MIX;3;50;S;M;5064;EMP
059540020020-987;059540020020;100mN31472E41432;NA;MIX;3;66;M;F;6574;EMP
059540020020-988;059540020020;100mN31482E41404;S;NA;1;46;M;M;4049;EMP
059540020020-989;059540020020;100mN31482E41404;SF;NA;4;53;D;F;5064;EMP
059540020020-989;059540020020;100mN31482E41404;SF;NA;4;21;M;F;1824;NEP
059540020020-989;059540020020;100mN31482E41404;SF;NA;4;28;M;M;2529;EMP
059540020020-989;059540020020;100mN31482E41404;SF;NA;4;11;S;M;0614;NEP
059540020020-990;059540020020;100mN31482E41410;MC;OS;4;71;M;M;6574;NEP
059540020020-990;059540020020;100mN31482E41410;MC;OS;4;69;M;F;6574;NEP
059540020020-990;059540020020;100mN31482E41410;MC;OS;4;69;M;F;6574;EMP
059540020020-990;059540020020;100mN31482E41410;MC;OS;4;73;W;F;6574;NEP
059540020020-991;059540020020;100mN31482E41404;S;OS;1;71;M;F;6574;NEP
059540020020-992;059540020020;100mN31482E41404;S;OS;1;48;M;M;4049;NEP
059540020020-993;059540020020;100mN31463E41421;S;NA;1;71;S;F;6574;NEP
059540020020-994;059540020020;100mN31482E41404;MC;NA;2;59;M;F;5064;EMP
059540020020-994;059540020020;100mN31482E41404;MC;NA;2;63;M;M;5064;EMP
059540020020-995;059540020020;100mN31483E41414;MC;NA;2;40;M;F;4049;EMP
059540020020-995;059540020020;100mN31483E41414;MC;NA;2;40;M;M;4049;EMP
059540020020-996;059540020020;100mN31472E41422;SF;NA;4;63;W;F;5064;NEP
059540020020-996;059540020020;100mN31472E41422;SF;NA;4;16;S;M;1517;EMP
059540020020-996;059540020020;100mN31472E41422;SF;NA;4;27;W;F;2529;EMP
059540020020-996;059540020020;100mN31472E41422;SF;NA;4;43;M;M;4049;EMP
059540020020-997;059540020020;100mN31464E41420;S;OS;1;23;M;M;1824;EMP
059540020020-998;059540020020;100mN31491E41419;S;NA;1;19;M;M;1824;EMP
059540020020-999;059540020020;100mN31472E41432;MC;NA;3;62;M;F;5064;EMP
059540020020-999;059540020020;100mN31472E41432;MC;NA;3;6;S;M;0614;NEP
059540020020-999;059540020020;100mN31472E41432;MC;NA;3;44;M;M;4049;EMP
059540020020-1000;059540020020;100mN31492E41418;MC;NA;4;46;M;M;4049;EMP
059540020020-1000;059540020020;100mN31492E41418;MC;NA;4;37;M;F;3039;NEP
059540020020-1000;059540020020;100mN31492E41418;MC;NA;4;12;S;F;0614;NEP
059540020020-1000;059540020020;100mN31492E41418;MC;NA;4;7;S;M;0614;NEP
059540020020-1001;059540020020;100mN31471E41417;SF;NA;2;53;W;F;5064;EMP
059540020020-1001;059540020020;100mN31471E41417;SF;NA;2;15;S;M;1517;NEP
059540020020-1002;059540020020;100mN31492E41418;MC;OS;4;76;M;F;75XX;NEP
059540020020-1002;059540020020;100mN31492E41418;MC;OS;4;73;M;M;6574;NEP
059540020020-1002;059540020020;100mN31492E41418;MC;OS;4;75;M;F;75XX;NEP
059540020020-1002;059540020020;100mN31492E41418;MC;OS;4;67;S;F;6574;EMP
059540020020-1003;059540020020;100mN31484E41416;S;NA;1;76;D;F;75XX;EMP
059540020020-1004;059540020020;100mN31491E41419;MC;MIX;3;88;S;M;75XX;EMP
059540020020-1004;059540020020;100mN31491E41419;MC;MIX;3;28;M;F;2529;NEP
059540020020-1004;059540020020;100mN31491E41419;MC;MIX;3;30;M;M;3039;EMP
059540020020-1005;059540020020;100mN31492E41418;S;NA;1;73;M;F;6574;EMP
059540020020-1006;059540020020;100mN31492E41418;S;NA;1;84;D;M;75XX;EMP
059540020020-1007;059540020020;100mN31483E41405;SM;NA;2;70;S;M;6574;EMP
059540020020-1007;059540020020;100mN31483E41405;SM;NA;2;12;S;F;0614;NEP
059540020020-1008;059540020020;100mN31488E41438;SF;MIX;6;65;D;M;6574;EMP
059540020020-1008;059540020020;100mN31488E41438;SF;MIX;6;65;W;F;6574;NEP
059540020020-1008;059540020020;100mN31488E41438;SF;MIX;6;9;S;M;0614;NEP
059540020020-1008;059540020020;100mN31488E41438;SF;MIX;6;12;S;M;0614;NEP
059540020020-1008;059540020020;100mN31488E41438;SF;MIX;6;7;S;F;0614;NEP
059540020020-1008;059540020020;100mN31488E41438;SF;MIX;6;13;S;M;0614;NEP
059540020020-1009;059540020020;100mN31492E41418;MC;NA;2;34;M;F;3039;EMP
059540020020-1009;059540020020;100mN31492E41418;MC;NA;2;36;M;M;3039;NEP
059540020020-1010;059540020020;100mN31465E41428;MC;NA;2;53;M;F;5064;NEP
059540020020-1010;059540020020;100mN31465E41428;MC;NA;2;56;M;M;5064;EMP
059540020020-1011;059540020020;100mN31493E41423;S;NA;1;61;W;F;5064;EMP
059540020020-1012;059540020020;100mN31479E41410;S;OS;1;55;S;F;5064;NEP
059540020020-1013;059540020020;100mN31492E41418;S;NA;1;55;S;F;5064;EMP
059540020020-1014;059540020020;100mN31479E41410;MC;OS;3;70;M;M;6574;NEP
059540020020-1014;059540020020;100mN31479E41410;MC;OS;3;69;M;F;6574;EMP
059540020020-1014;059540020020;100mN31479E41410;MC;OS;3;87;M;F;75XX;EMP
059540020020-1015;059540020020;100mN31464E41418;PO;OS;2;89;S;F;75XX;EMP
059540020020-1015;059540020020;100mN31464E41418;PO;OS;2;54;S;M;5064;EMP
059540020020-1016;059540020020;100mN31464E41426;S;NA;1;44;D;M;4049;NEP
059540020020-1017;059540020020;100mN31484E41417;SF;NA;3;52;D;F;5064;EMP
059540020020-1017;059540020020;100mN31484E41417;SF;NA;3;15;S;F;1517;EMP
059540020020-1017;059540020020;100mN31484E41417;SF;NA;3;3;S;M;0305;NEP
059540020020-1018;059540020020;100mN31499E41433;MC;NA;3;58;M;F;5064;NEP
059540020020-1018;059540020020;100mN31499E41433;MC;NA;3;60;M;M;5064;UEP
059540020020-1018;059540020020;100mN31499E41433;MC;NA;3;41;W;M;4049;EMP
059540020020-1019;059540020020;100mN31492E41418;MC;MIX;2;85;M;F;75XX;NEP
059540020020-1019;059540020020;100mN31492E41418;MC;MIX;2;56;M;M;5064;NEP
059540020020-1020;059540020020;100mN31478E41406;MC;MIX;2;88;M;M;75XX;NEP
059540020020-1020;059540020020;100mN31478E41406;MC;MIX;2;16;S;M;1517;NEP
059540020020-1021;059540020020;100mN31461E41422;SF;NA;2;62;S;F;5064;EMP
059540020020-1021;059540020020;100mN31461E41422;SF;NA;2;16;S;F;1517;EMP
059540020020-1022;059540020020;100mN31498E41433;S;NA;1;54;S;M;5064;NEP
059540020020-1023;059540020020;100mN31487E41438;PO;NA;2;54;S;F;5064;EMP
059540020020-1023;059540020020;100mN31487E41438;PO;NA;2;55;S;F;5064;EMP
059540020020-1024;059540020020;100mN31499E41422;S;NA;1;31;S;M;3039;EMP
059540020020-1025;059540020020;100mN31465E41420;SF;NA;2;87;S;F;75XX;EMP
059540020020-1025;059540020020;100mN31465E41420;SF;NA;2;7;S;M;0614;NEP
059540020020-1026;059540020020;100mN31474E41421;MC;OS;2;85;M;F;75XX;NEP
059540020020-1026;059540020020;100mN31474E41421;MC;OS;2;87;M;M;75XX;NEP
059540020020-1027;059540020020;100mN31491E41428;S;NA;1;73;D;F;6574;EMP
059540020020-1028;059540020020;100mN31472E41424;SF;NA;2;82;S;F;75XX;EMP
059540020020-1028;059540020020;100mN31472E41424;SF;NA;2;7;S;F;0614;NEP
059540020020-1029;059540020020;100mN31484E41414;SF;NA;3;51;W;F;5064;NEP
059540020020-1029;059540020020;100mN31484E41414;SF;NA;3;21;S;M;1824;EMP
059540020020-1029;059540020020;100mN31484E41414;SF;NA;3;7;S;M;0614;NEP
059540020020-1030;059540020020;100mN31467E41424;MC;NA;2;38;M;M;3039;EMP
059540020020-1030;059540020020;100mN31467E41424;MC;NA;2;37;M;F;3039;EMP
059540020020-1031;059540020020;100mN31479E41407;MC;OS;2;82;M;F;75XX;NEP
059540020020-1031;059540020020;100mN31479E41407;MC;OS;2;84;M;M;75XX;UEP
059540020020-1032;059540020020;100mN31474E41421;MC;NA;2;44;M;F;4049;EMP
059540020020-1032;059540020020;100mN31474E41421;MC;NA;2;47;M;M;4049;NEP
059540020020-1033;059540020020;100mN31474E41421;S;OS;1;65;M;M;6574;EMP
059540020020-1034;059540020020;100mN31474E41421;MC;MIX;3;73;M;M;6574;EMP
059540020020-1034;059540020020;100mN31474E41421;MC;MIX;3;48;M;M;4049;NEP
059540020020-1034;059540020020;100mN31474E41421;MC;MIX;3;50;M;F;5064;EMP
059540020020-1035;059540020020;100mN31474E41421;MC;NA;2;60;M;F;5064;NEP
059540020020-1035;059540020020;100mN31474E41421;MC;NA;2;60;M;M;5064;EMP
059540020020-1036;059540020020;100mN31474E41421;MC;OS;2;85;M;F;75XX;EMP
059540020020-1036;059540020020;100mN31474E41421;MC;OS;2;84;M;M;75XX;NEP
059540020020-1037;059540020020;100mN31480E41408;S;NA;1;76;W;F;75XX;EMP
059540020020-1038;059540020020;100mN31485E41400;MC;OS;3;80;M;F;75XX;EMP
059540020020-1038;059540020020;100mN31485E41400;MC;OS;3;82;M;M;75XX;EMP
059540020020-1038;059540020020;100mN31485E41400;MC;OS;3;84;W;F;75XX;NEP
059540020020-1039;059540020020;100mN31477E41403;SF;NA;2;43;D;F;4049;NEP
059540020020-1039;059540020020;100mN31477E41403;SF;NA;2;16;S;M;1517;EMP
059540020020-1040;059540020020;100mN31465E41428;NA;MIX;3;71;M;F;6574;EMP
059540020020-1040;059540020020;100mN31465E41428;NA;MIX;3;57;S;F;5064;EMP
059540020020-1040;059540020020;100mN31465E41428;NA;MIX;3;60;M;M;5064;EMP
059540020020-1041;059540020020;100mN31474E41421;MC;OS;5;65;M;F;6574;EMP
059540020020-1041;059540020020;100mN31474E41421;MC;OS;5;65;M;M;6574;EMP
059540020020-1041;059540020020;100mN31474E41421;MC;OS;5;72;M;F;6574;EMP
059540020020-1041;059540020020;100mN31474E41421;MC;OS;5;82;M;M;75XX;NEP
059540020020-1041;059540020020;100mN31474E41421;MC;OS;5;79;S;F;75XX;EMP
059540020020-1042;059540020020;100mN31474E41421;MC;NA;2;63;M;F;5064;EMP
059540020020-1042;059540020020;100mN31474E41421;MC;NA;2;71;M;F;6574;NEP
059540020020-1043;059540020020;100mN31478E41403;S;NA;1;41;W;F;4049;EMP
059540020020-1044;059540020020;100mN31481E41414;S;OS;1;80;W;M;75XX;EMP
059540020020-1045;059540020020;100mN31491E41415;SF;MIX;4;65;W;F;6574;NEP
059540020020-1045;059540020020;100mN31491E41415;SF;MIX;4;54;S;F;5064;NEP
059540020020-1045;059540020020;100mN31491E41415;SF;MIX;4;1;S;F;0003;NEP
059540020020-1045;059540020020;100mN31491E41415;SF;MIX;4;6;S;M;0614;NEP
059540020020-1046;059540020020;100mN31474E41421;PO;OS;3;67;S;M;6574;NEP
059540020020-1046;059540020020;100mN31474E41421;PO;OS;3;83;S;M;75XX;EMP
059540020020-1046;059540020020;100mN31474E41421;PO;OS;3;78;W;F;75XX;NEP
059540020020-1047;059540020020;100mN31465E41423;PO;NA;2;19;S;M;1824;EMP
059540020020-1047;059540020020;100mN31465E41423;PO;NA;2;18;S;F;1824;NEP
059540020020-1048;059540020020;100mN31474E41421;S;OS;1;45;M;F;4049;NEP
059540020020-1049;059540020020;100mN31464E41425;MC;NA;2;61;M;F;5064;NEP
059540020020-1049;059540020020;100mN31464E41425;MC;NA;2;58;M;M;5064;EMP
059540020020-1050;059540020020;100mN31483E41405;S;NA;1;18;W;F;1824;NEP
059540020020-1051;059540020020;100mN31474E41421;MC;NA;2;42;M;F;4049;NEP
059540020020-1051;059540020020;100mN31474E41421;MC;NA;2;54;M;M;5064;NEP
059540020020-1052;059540020020;100mN31472E41422;S;NA;1;42;S;M;4049;EMP
059540020020-1053;059540020020;100mN31474E41421;S;NA;1;83;D;F;75XX;EMP
059540020020-1054;059540020020;100mN31480E41413;MC;NA;2;43;M;M;4049;NEP
059540020020-1054;059540020020;100mN31480E41413;MC;NA;2;43;M;F;4049;EMP
059540020020-1055;059540020020;100mN31474E41421;MC;NA;2;35;M;F;3039;EMP
059540020020-1055;059540020020;100mN31474E41421;MC;NA;2;44;M;M;4049;EMP
059540020020-1056;059540020020;100mN31474E41421;MC;OS;3;87;M;F;75XX;NEP
059540020020-1056;059540020020;100mN31474E41421;MC;OS;3;23;S;F;1824;NEP
059540020020-1056;059540020020;100mN31474E41421;MC;OS;3;68;M;F;6574;EMP
059540020020-1057;059540020020;100mN31474E41421;MC;OS;4;71;M;F;6574;NEP
059540020020-1057;059540020020;100mN31474E41421;MC;OS;4;70;M;M;6574;EMP
059540020020-1057;059540020020;100mN31474E41421;MC;OS;4;69;S;F;6574;EMP
059540020020-1057;059540020020;100mN31474E41421;MC;OS;4;86;M;M;75XX;EMP
059540020020-1058;059540020020;100mN31474E41421;MC;NA;4;63;M;M;5064;NEP
059540020020-1058;059540020020;100mN31474E41421;MC;NA;4;63;M;F;5064;NEP
059540020020-1058;059540020020;100mN31474E41421;MC;NA;4;16;S;M;1517;EMP
059540020020-1058;059540020020;100mN31474E41421;MC;NA;4;42;M;F;4049;NEP
059540020020-1059;059540020020;100mN31481E41404;S;OS;1;32;M;M;3039;EMP
059540020020-1060;059540020020;100mN31485E41411;MC;NA;4;41;M;F;4049;NEP
059540020020-1060;059540020020;100mN31485E41411;MC;NA;4;48;M;M;4049;EMP
059540020020-1060;059540020020;100mN31485E41411;MC;NA;4;10;S;F;0614;NEP
059540020020-1060;059540020020;100mN31485E41411;MC;NA;4;20;S;M;1824;NEP
059540020020-1061;059540020020;100mN31474E41421;S;OS;1;63;M;M;5064;NEP
059540020020-1062;059540020020;100mN31474E41421;MC;NA;2;63;M;F;5064;EMP
059540020020-1062;059540020020;100mN31474E41421;MC;NA;2;40;M;M;4049;EMP
059540020020-1063;059540020020;100mN31481E41399;S;NA;1;57;D;M;5064;EMP
059540020020-1064;059540020020;100mN31462E41428;S;OS;1;54;S;M;5064;EMP
059540020020-1065;059540020020;100mN31482E41416;MC;NA;2;54;M;F;5064;EMP
059540020020-1065;059540020020;100mN31482E41416;MC;NA;2;54;M;M;5064;NEP
059540020020-1066;059540020020;100mN31473E41418;MC;NA;2;56;M;M;5064;EMP
059540020020-1066;059540020020;100mN31473E41418;MC;NA;2;53;M;F;5064;EMP
059540020020-1067;059540020020;100mN31473E41421;S;NA;1;56;S;F;5064;EMP
059540020020-1068;059540020020;100mN31469E41420;MC;NA;4;59;M;M;5064;EMP
059540020020-1068;059540020020;100mN31469E41420;MC;NA;4;56;M;F;5064;EMP
059540020020-1068;059540020020;100mN31469E41420;MC;NA;4;8;S;F;0614;NEP
059540020020-1068;059540020020;100mN31469E41420;MC;NA;4;9;S;M;0614;NEP
059540020020-1069;059540020020;100mN31467E41429;MC;MIX;2;80;M;F;75XX;NEP
059540020020-1069;059540020020;100mN31467E41429;MC;MIX;2;38;PD;F;3039;NEP
059540020020-1070;059540020020;100mN31479E41399;MC;NA;2;41;M;F;4049;NEP
059540020020-1070;059540020020;100mN31479E41399;MC;NA;2;46;M;M;4049;EMP
059540020020-1071;059540020020;100mN31474E41421;S;NA;1;89;S;M;75XX;EMP
059540020020-1072;059540020020;100mN31481E41413;SM;NA;2;30;S;M;3039;EMP
059540020020-1072;059540020020;100mN31481E41413;SM;NA;2;15;S;F;1517;EMP
059540020020-1073;059540020020;100mN31498E41418;S;NA;1;76;W;F;75XX;NEP
059540020020-1074;059540020020;100mN31474E41421;S;NA;1;68;S;M;6574;EMP
059540020020-1075;059540020020;100mN31491E41399;MC;NA;4;52;M;M;5064;UEP
059540020020-1075;059540020020;100mN31491E41399;MC;NA;4;54;M;F;5064;EMP
059540020020-1075;059540020020;100mN31491E41399;MC;NA;4;19;M;M;1824;EMP
059540020020-1075;059540020020;100mN31491E41399;MC;NA;4;9;S;M;0614;NEP
059540020020-1076;059540020020;100mN31464E41431;MC;NA;4;42;M;F;4049;EMP
059540020020-1076;059540020020;100mN31464E41431;MC;NA;4;44;M;M;4049;EMP
059540020020-1076;059540020020;100mN31464E41431;MC;NA;4;18;S;F;1824;EMP
059540020020-1076;059540020020;100mN31464E41431;MC;NA;4;12;S;F;0614;NEP
059540020020-1077;059540020020;100mN31492E41416;S;OS;1;46;M;M;4049;EMP
059540020020-1078;059540020020;100mN31474E41421;MC;NA;3;55;M;M;5064;EMP
059540020020-1078;059540020020;100mN31474E41421;MC;NA;3;48;M;F;4049;EMP
059540020020-1078;059540020020;100mN31474E41421;MC;NA;3;15;S;F;1517;NEP
059540020020-1079;059540020020;100mN31472E41424;MC;NA;4;40;M;M;4049;EMP
059540020020-1079;059540020020;100mN31472E41424;MC;NA;4;40;M;F;4049;NEP
059540020020-1079;059540020020;100mN31472E41424;MC;NA;4;16;S;M;1517;NEP
059540020020-1079;059540020020;100mN31472E41424;MC;NA;4;15;S;M;1517;EMP
059540020020-1080;059540020020;100mN31487E41427;S;OS;1;51;M;F;5064;EMP
059540020020-1081;059540020020;100mN31495E41447;S;NA;1;51;M;M;5064;EMP
059540020020-1082;059540020020;100mN31495E41447;PO;MIX;2;71;S;F;6574;EMP
059540020020-1082;059540020020;100mN31495E41447;PO;MIX;2;52;S;F;5064;NEP
059540020020-1083;059540020020;100mN31471E41431;S;NA;1;37;S;M;3039;EMP
059540020020-1084;059540020020;100mN31494E41423;MC;OS;3;73;M;F;6574;EMP
059540020020-1084;059540020020;100mN31494E41423;MC;OS;3;72;M;M;6574;EMP
059540020020-1084;059540020020;100mN31494E41423;MC;OS;3;73;M;M;6574;EMP
059540020020-1085;059540020020;100mN31465E41428;MC;NA;2;48;M;M;4049;EMP
059540020020-1085;059540020020;100mN31465E41428;MC;NA;2;47;M;F;4049;EMP
059540020020-1086;059540020020;100mN31484E41406;MC;NA;2;63;M;M;5064;NEP
059540020020-1086;059540020020;100mN31484E41406;MC;NA;2;54;M;F;5064;NEP
059540020020-1087;059540020020;100mN31466E41429;PO;NA;2;40;S;F;4049;EMP
059540020020-1087;059540020020;100mN31466E41429;PO;NA;2;37;S;M;3039;NEP
059540020020-1088;059540020020;100mN31484E41406;MC;NA;4;47;M;M;4049;NEP
059540020020-1088;059540020020;100mN31484E41406;MC;NA;4;45;M;F;4049;EMP
059540020020-1088;059540020020;100mN31484E41406;MC;NA;4;27;M;M;2529;EMP
059540020020-1088;059540020020;100mN31484E41406;MC;NA;4;11;S;F;0614;NEP
059540020020-1089;059540020020;100mN31492E41430;MC;NA;2;62;M;F;5064;EMP
059540020020-1089;059540020020;100mN31492E41430;MC;NA;2;62;M;M;5064;EMP
059540020020-1090;059540020020;100mN31460E41429;PO;NA;2;37;S;M;3039;EMP
059540020020-1090;059540020020;100mN31460E41429;PO;NA;2;31;S;M;3039;EMP
059540020020-1091;059540020020;100mN31484E41406;S;NA;1;30;M;M;3039;EMP
059540020020-1092;059540020020;100mN31490E41427;S;NA;1;28;S;M;2529;EMP
059540020020-1093;059540020020;100mN31484E41406;PO;NA;2;42;S;F;4049;EMP
059540020020-1093;059540020020;100mN31484E41406;PO;NA;2;47;S;M;4049;EMP
059540020020-1094;059540020020;100mN31472E41423;MC;OS;2;68;M;M;6574;EMP
059540020020-1094;059540020020;100mN31472E41423;MC;OS;2;69;M;F;6574;EMP
059540020020-1095;059540020020;100mN31492E41428;S;NA;1;76;W;M;75XX;NEP
059540020020-1096;059540020020;100mN31470E41431;MC;NA;2;51;M;F;5064;NEP
059540020020-1096;059540020020;100mN31470E41431;MC;NA;2;53;M;M;5064;EMP
059540020020-1097;059540020020;100mN31468E41420;S;NA;1;51;M;F;5064;NEP
059540020020-1098;059540020020;100mN31468E41430;S;OS;1;44;S;M;4049;EMP
059540020020-1099;059540020020;100mN31469E41420;MC;NA;3;57;M;M;5064;NEP
059540020020-1099;059540020020;100mN31469E41420;MC;NA;3;56;M;F;5064;EMP
059540020020-1099;059540020020;100mN31469E41420;MC;NA;3;16;S;M;1517;EMP
059540020020-1100;059540020020;100mN31484E41406;S;OS;1;72;M;M;6574;NEP
059540020020-1101;059540020020;100mN31484E41406;MC;NA;2;48;M;M;4049;EMP
059540020020-1101;059540020020;100mN31484E41406;MC;NA;2;52;M;F;5064;EMP
059540020020-1102;059540020020;100mN31496E41439;MC;MIX;2;89;M;F;75XX;NEP
059540020020-1102;059540020020;100mN31496E41439;MC;MIX;2;54;S;F;5064;EMP
059540020020-1103;059540020020;100mN31471E41420;S;NA;1;35;M;M;3039;EMP
059540020020-1104;059540020020;100mN31493E41428;MC;OS;2;71;M;F;6574;NEP
059540020020-1104;059540020020;100mN31493E41428;MC;OS;2;76;M;M;75XX;NEP
059540020020-1105;059540020020;100mN31483E41413;MC;NA;3;18;M;M;1824;EMP
059540020020-1105;059540020020;100mN31483E41413;MC;NA;3;18;M;F;1824;EMP
059540020020-1105;059540020020;100mN31483E41413;MC;NA;3;1;S;M;0003;NEP
059540020020-1106;059540020020;100mN31484E41414;MC;NA;3;21;M;F;1824;NEP
059540020020-1106;059540020020;100mN31484E41414;MC;NA;3;60;M;M;5064;EMP
059540020020-1106;059540020020;100mN31484E41414;MC;NA;3;3;S;F;0305;NEP
059540020020-1107;059540020020;100mN31461E41421;S;NA;1;25;S;F;2529;EMP
059540020020-1108;059540020020;100mN31471E41423;MC;NA;2;27;M;M;2529;NEP
059540020020-1108;059540020020;100mN31471E41423;MC;NA;2;28;M;F;2529;NEP
059540020020-1109;059540020020;100mN31493E41428;MC;NA;2;58;M;F;5064;EMP
059540020020-1109;059540020020;100mN31493E41428;MC;NA;2;56;M;M;5064;EMP
059540020020-1110;059540020020;100mN31478E41406;S;NA;1;79;S;F;75XX;EMP
059540020020-1111;059540020020;100mN31498E41430;MC;MIX;2;71;M;F;6574;EMP
059540020020-1111;059540020020;100mN31498E41430;MC;MIX;2;26;S;F;2529;NEP
059540020020-1112;059540020020;100mN31473E41431;MC;MIX;2;82;M;M;75XX;NEP
059540020020-1112;059540020020;100mN31473E41431;MC;MIX;2;6;S;F;0614;NEP
059540020020-1113;059540020020;100mN31499E41419;MC;NA;2;45;M;M;4049;EMP
059540020020-1113;059540020020;100mN31499E41419;MC;NA;2;43;M;F;4049;EMP
059540020020-1114;059540020020;100mN31478E41406;MC;NA;5;31;M;F;3039;EMP
059540020020-1114;059540020020;100mN31478E41406;MC;NA;5;35;M;M;3039;EMP
059540020020-1114;059540020020;100mN31478E41406;MC;NA;5;16;S;M;1517;EMP
059540020020-1114;059540020020;100mN31478E41406;MC;NA;5;15;S;F;1517;NEP
059540020020-1114;059540020020;100mN31478E41406;MC;NA;5;11;S;F;0614;NEP
059540020020-1115;059540020020;100mN31478E41404;S;NA;1;52;S;M;5064;EMP
059540020020-1116;059540020020;100mN31487E41427;MC;NA;2;62;M;M;5064;EMP
059540020020-1116;059540020020;100mN31487E41427;MC;NA;2;59;M;F;5064;NEP
059540020020-1117;059540020020;100mN31481E41414;MC;NA;3;23;M;M;1824;EMP
059540020020-1117;059540020020;100mN31481E41414;MC;NA;3;18;M;F;1824;EMP
059540020020-1117;059540020020;100mN31481E41414;MC;NA;3;6;S;M;0614;NEP
059540020020-1118;059540020020;100mN31468E41420;MC;NA;2;44;M;M;4049;EMP
059540020020-1118;059540020020;100mN31468E41420;MC;NA;2;53;M;F;5064;EMP
059540020020-1119;059540020020;100mN31483E41412;MC;MIX;3;66;W;F;6574;EMP
059540020020-1119;059540020020;100mN31483E41412;MC;MIX;3;27;M;F;2529;NEP
059540020020-1119;059540020020;100mN31483E41412;MC;MIX;3;27;M;M;2529;EMP
059540020020-1120;059540020020;100mN31493E41428;S;NA;1;68;D;M;6574;EMP
059540020020-1121;059540020020;100mN31493E41428;MC;NA;2;21;M;F;1824;NEP
059540020020-1121;059540020020;100mN31493E41428;MC;NA;2;21;M;M;1824;EMP
059540020020-1122;059540020020;100mN31479E41402;S;OS;1;43;D;F;4049;NEP
059540020020-1123;059540020020;100mN31493E41428;S;OS;1;56;M;M;5064;NEP
059540020020-1124;059540020020;100mN31499E41446;PO;OS;3;66;S;F;6574;EMP
059540020020-1124;059540020020;100mN31499E41446;PO;OS;3;67;S;M;6574;EMP
059540020020-1124;059540020020;100mN31499E41446;PO;OS;3;84;M;F;75XX;NEP
059540020020-1125;059540020020;100mN31483E41414;S;OS;1;28;D;M;2529;NEP
059540020020-1126;059540020020;100mN31481E41404;S;NA;1;48;W;F;4049;EMP
059540020020-1127;059540020020;100mN31485E41410;MC;MIX;2;70;M;M;6574;NEP
059540020020-1127;059540020020;100mN31485E41410;MC;MIX;2;71;W;M;6574;EMP
059540020020-1128;059540020020;100mN31493E41428;MC;NA;3;56;M;M;5064;NEP
059540020020-1128;059540020020;100mN31493E41428;MC;NA;3;55;M;F;5064;EMP
059540020020-1128;059540020020;100mN31493E41428;MC;NA;3;2;S;F;0003;NEP
059540020020-1129;059540020020;100mN31493E41424;MC;NA;2;59;M;F;5064;EMP
059540020020-1129;059540020020;100mN31493E41424;MC;NA;2;65;S;F;6574;NEP
059540020020-1130;059540020020;100mN31480E41413;PO;NA;3;42;S;M;4049;EMP
059540020020-1130;059540020020;100mN31480E41413;PO;NA;3;18;S;F;1824;NEP
059540020020-1130;059540020020;100mN31480E41413;PO;NA;3;10;S;F;0614;NEP
059540020020-1131;059540020020;100mN31493E41424;S;NA;1;72;M;M;6574;NEP
059540020020-1132;059540020020;100mN31467E41430;S;NA;1;66;W;F;6574;EMP
059540020020-1133;059540020020;100mN31493E41424;MC;NA;2;48;M;M;4049;EMP
059540020020-1133;059540020020;100mN31493E41424;MC;NA;2;53;M;F;5064;EMP
059540020020-1134;059540020020;100mN31493E41424;S;NA;1;20;M;M;1824;NEP
059540020020-1135;059540020020;100mN31493E41424;MC;OS;2;66;M;F;6574;EMP
059540020020-1135;059540020020;100mN31493E41424;MC;OS;2;72;M;M;6574;EMP
059540020020-1136;059540020020;100mN31493E41424;PO;NA;3;62;S;M;5064;NEP
059540020020-1136;059540020020;100mN31493E41424;PO;NA;3;30;S;F;3039;EMP
059540020020-1136;059540020020;100mN31493E41424;PO;NA;3;8;S;M;0614;NEP
059540020020-1137;059540020020;100mN31475E41422;S;OS;1;32;M;F;3039;NEP
059540020020-1138;059540020020;100mN31464E41420;SF;NA;2;48;D;F;4049;EMP
059540020020-1138;059540020020;100mN31464E41420;SF;NA;2;27;W;F;2529;NEP
059540020020-1139;059540020020;100mN31473E41422;S;NA;1;46;S;F;4049;NEP
059540020020-1140;059540020020;100mN31493E41424;SF;NA;2;65;S;F;6574;EMP
059540020020-1140;059540020020;100mN31493E41424;SF;NA;2;12;S;M;0614;NEP
059540020020-1141;059540020020;100mN31502E41443;S;NA;1;72;S;M;6574;EMP
059540020020-1142;059540020020;100mN31461E41433;S;OS;1;40;S;F;4049;NEP
059540020020-1143;059540020020;100mN31492E41429;S;NA;1;73;M;F;6574;EMP
059540020020-1144;059540020020;100mN31492E41429;S;OS;1;40;D;M;4049;NEP
059540020020-1145;059540020020;100mN31464E41429;S;NA;1;59;S;M;5064;EMP
059540020020-1146;059540020020;100mN31469E41419;MC;NA;4;52;M;F;5064;NEP
059540020020-1146;059540020020;100mN31469E41419;MC;NA;4;43;M;M;4049;UEP
059540020020-1146;059540020020;100mN31469E41419;MC;NA;4;19;W;F;1824;NEP
059540020020-1146;059540020020;100mN31469E41419;MC;NA;4;27;S;M;2529;EMP
059540020020-1147;059540020020;100mN31492E41429;S;NA;1;80;D;F;75XX;EMP
059540020020-1148;059540020020;100mN31462E41431;MC;OS;3;88;M;M;75XX;EMP
059540020020-1148;059540020020;100mN31462E41431;MC;OS;3;80;M;F;75XX;NEP
059540020020-1148;059540020020;100mN31462E41431;MC;OS;3;84;D;F;75XX;NEP
059540020020-1149;059540020020;100mN31494E41408;MC;NA;2;43;M;F;4049;EMP
059540020020-1149;059540020020;100mN31494E41408;MC;NA;2;44;M;M;4049;NEP
059540020020-1150;059540020020;100mN31463E41426;S;NA;1;79;D;F;75XX;EMP
059540020020-1151;059540020020;100mN31461E41432;S;NA;1;69;W;M;6574;EMP
059540020020-1152;059540020020;100mN31472E41430;PO;OS;3;88;S;M;75XX;NEP
059540020020-1152;059540020020;100mN31472E41430;PO;OS;3;85;S;M;75XX;EMP
059540020020-1152;059540020020;100mN31472E41430;PO;OS;3;71;S;M;6574;EMP
059540020020-1153;059540020020;100mN31469E41421;S;OS;1;60;M;M;5064;EMP
059540020020-1154;059540020020;100mN31492E41429;S;NA;1;16;S;M;1517;NEP
059540020020-1155;059540020020;100mN31480E41413;MC;NA;5;59;M;F;5064;EMP
059540020020-1155;059540020020;100mN31480E41413;MC;NA;5;63;M;M;5064;EMP
059540020020-1155;059540020020;100mN31480E41413;MC;NA;5;4;S;F;0305;NEP
059540020020-1155;059540020020;100mN31480E41413;MC;NA;5;15;S;M;1517;EMP
059540020020-1155;059540020020;100mN31480E41413;MC;NA;5;42;M;M;4049;EMP
059540020020-1156;059540020020;100mN31485E41429;S;NA;1;88;M;M;75XX;NEP
059540020020-1157;059540020020;100mN31472E41432;SF;NA;2;45;D;F;4049;EMP
059540020020-1157;059540020020;100mN31472E41432;SF;NA;2;13;S;M;0614;NEP
059540020020-1158;059540020020;100mN31483E41400;MC;NA;2;22;M;F;1824;NEP
059540020020-1158;059540020020;100mN31483E41400;MC;NA;2;28;M;M;2529;EMP
059540020020-1159;059540020020;100mN31492E41429;S;NA;1;33;M;F;3039;EMP
059540020020-1160;059540020020;100mN31472E41421;S;OS;1;51;D;F;5064;NEP
059540020020-1161;059540020020;100mN31462E41429;S;NA;1;45;S;F;4049;EMP
059540020020-1162;059540020020;100mN31471E41419;MC;NA;3;59;M;M;5064;EMP
059540020020-1162;059540020020;100mN31471E41419;MC;NA;3;57;M;F;5064;EMP
059540020020-1162;059540020020;100mN31471E41419;MC;NA;3;10;S;F;0614;NEP
059540020020-1163;059540020020;100mN31492E41429;MC;NA;3;57;M;M;5064;NEP
059540020020-1163;059540020020;100mN31492E41429;MC;NA;3;53;M;F;5064;NEP
059540020020-1163;059540020020;100mN31492E41429;MC;NA;3;20;M;M;1824;NEP
059540020020-1164;059540020020;100mN31484E41414;MC;MIX;2;69;M;F;6574;NEP
059540020020-1164;059540020020;100mN31484E41414;MC;MIX;2;54;S;F;5064;EMP
059540020020-1165;059540020020;100mN31489E41429;MC;NA;2;33;M;M;3039;EMP
059540020020-1165;059540020020;100mN31489E41429;MC;NA;2;28;M;F;2529;NEP
059540020020-1166;059540020020;100mN31461E41421;S;OS;1;53;S;M;5064;NEP
059540020020-1167;059540020020;100mN31495E41412;MC;NA;2;62;M;M;5064;NEP
059540020020-1167;059540020020;100mN31495E41412;MC;NA;2;58;M;F;5064;NEP
059540020020-1168;059540020020;100mN31492E41429;S;NA;1;81;W;F;75XX;NEP
059540020020-1169;059540020020;100mN31473E41423;MC;NA;3;21;M;M;1824;EMP
059540020020-1169;059540020020;100mN31473E41423;MC;NA;3;28;M;F;2529;EMP
059540020020-1169;059540020020;100mN31473E41423;MC;NA;3;2;S;M;0003;NEP
059540020020-1170;059540020020;100mN31493E41418;S;NA;1;62;M;F;5064;NEP
059540020020-1171;059540020020;100mN31478E41401;MC;NA;2;48;M;M;4049;EMP
059540020020-1171;059540020020;100mN31478E41401;MC;NA;2;47;M;F;4049;EMP
059540020020-1172;059540020020;100mN31492E41429;S;NA;1;47;S;F;4049;EMP
059540020020-1173;059540020020;100mN31481E41413;MC;NA;2;48;M;F;4049;EMP
059540020020-1173;059540020020;100mN31481E41413;MC;NA;2;52;M;M;5064;EMP
059540020020-1174;059540020020;100mN31486E41411;PO;NA;2;57;S;M;5064;EMP
059540020020-1174;059540020020;100mN31486E41411;PO;NA;2;59;S;M;5064;NEP
059540020020-1175;059540020020;100mN31482E41410;S;NA;1;47;M;F;4049;NEP
059540020020-1176;059540020020;100mN31484E41411;MC;MIX;6;88;D;M;75XX;NEP
059540020020-1176;059540020020;100mN31484E41411;MC;MIX;6;50;M;F;5064;EMP
059540020020-1176;059540020020;100mN31484E41411;MC;MIX;6;58;M;M;5064;NEP
059540020020-1176;059540020020;100mN31484E41411;MC;MIX;6;34;S;M;3039;EMP
059540020020-1176;059540020020;100mN31484E41411;MC;MIX;6;27;M;F;2529;EMP
059540020020-1176;059540020020;100mN31484E41411;MC;MIX;6;8;S;M;0614;NEP
059540020020-1177;059540020020;100mN31483E41407;PO;NA;5;44;S;F;4049;NEP
059540020020-1177;059540020020;100mN31483E41407;PO;NA;5;52;S;M;5064;EMP
059540020020-1177;059540020020;100mN31483E41407;PO;NA;5;22;W;F;1824;EMP
059540020020-1177;059540020020;100mN31483E41407;PO;NA;5;6;S;M;0614;NEP
059540020020-1177;059540020020;100mN31483E41407;PO;NA;5;22;D;F;1824;NEP
059540020020-1178;059540020020;100mN31482E41410;MC;NA;2;57;M;F;5064;NEP
059540020020-1178;059540020020;100mN31482E41410;MC;NA;2;53;M;M;5064;EMP
059540020020-1179;059540020020;100mN31482E41410;MC;OS;4;71;M;M;6574;NEP
059540020020-1179;059540020020;100mN31482E41410;MC;OS;4;69;M;F;6574;NEP
059540020020-1179;059540020020;100mN31482E41410;MC;OS;4;69;M;F;6574;EMP
059540020020-1179;059540020020;100mN31482E41410;MC;OS;4;73;W;F;6574;NEP
059540020020-1180;059540020020;100mN31483E41410;MC;OS;2;86;M;M;75XX;EMP
059540020020-1180;059540020020;100mN31483E41410;MC;OS;2;79;M;F;75XX;NEP
059540020020-1181;059540020020;100mN31464E41428;MC;OS;3;85;M;M;75XX;NEP
059540020020-1181;059540020020;100mN31464E41428;MC;OS;3;85;M;F;75XX;NEP
059540020020-1181;059540020020;100mN31464E41428;MC;OS;3;73;D;F;6574;EMP
059540020020-1182;059540020020;100mN31472E41432;SF;NA;4;47;W;F;4049;EMP
059540020020-1182;059540020020;100mN31472E41432;SF;NA;4;16;S;M;1517;EMP
059540020020-1182;059540020020;100mN31472E41432;SF;NA;4;6;S;M;0614;NEP
059540020020-1182;059540020020;100mN31472E41432;SF;NA;4;16;S;F;1517;NEP
059540020020-1183;059540020020;100mN31483E41405;S;NA;1;86;M;M;75XX;NEP
059540020020-1184;059540020020;100mN31465E41419;MC;MIX;2;67;M;F;6574;NEP
059540020020-1184;059540020020;100mN31465E41419;MC;MIX;2;62;S;F;5064;NEP
059540020020-1185;059540020020;100mN31478E41401;SF;MIX;4;70;S;M;6574;NEP
059540020020-1185;059540020020;100mN31478E41401;SF;MIX;4;51;S;F;5064;EMP
059540020020-1185;059540020020;100mN31478E41401;SF;MIX;4;10;S;M;0614;NEP
059540020020-1185;059540020020;100mN31478E41401;SF;MIX;4;3;S;F;0305;NEP
059540020020-1186;059540020020;100mN31483E41400;S;OS;1;68;D;M;6574;NEP
059540020020-1187;059540020020;100mN31461E41426;MC;NA;2;53;M;F;5064;EMP
059540020020-1187;059540020020;100mN31461E41426;MC;NA;2;55;M;M;5064;NEP
059540020020-1188;059540020020;100mN31463E41427;S;OS;1;31;W;F;3039;NEP
059540020020-1189;059540020020;100mN31474E41420;SF;NA;2;51;D;F;5064;EMP
059540020020-1189;059540020020;100mN31474E41420;SF;NA;2;21;M;M;1824;EMP
059540020020-1190;059540020020;100mN31462E41430;MC;NA;4;59;M;F;5064;EMP
059540020020-1190;059540020020;100mN31462E41430;MC;NA;4;63;M;M;5064;EMP
059540020020-1190;059540020020;100mN31462E41430;MC;NA;4;44;W;F;4049;EMP
059540020020-1190;059540020020;100mN31462E41430;MC;NA;4;16;S;M;1517;EMP
059540020020-1191;059540020020;100mN31479E41406;MC;NA;2;57;M;F;5064;NEP
059540020020-1191;059540020020;100mN31479E41406;MC;NA;2;59;M;M;5064;EMP
059540020020-1192;059540020020;100mN31483E41408;S;NA;1;41;S;F;4049;EMP
059540020020-1193;059540020020;100mN31499E41433;MC;MIX;5;79;M;F;75XX;EMP
059540020020-1193;059540020020;100mN31499E41433;MC;MIX;5;47;M;F;4049;EMP
059540020020-1193;059540020020;100mN31499E41433;MC;MIX;5;50;M;M;5064;EMP
059540020020-1193;059540020020;100mN31499E41433;MC;MIX;5;23;D;F;1824;EMP
059540020020-1193;059540020020;100mN31499E41433;MC;MIX;5;21;M;M;1824;NEP
059540020020-1194;059540020020;100mN31465E41424;MC;OS;2;88;M;M;75XX;EMP
059540020020-1194;059540020020;100mN31465E41424;MC;OS;2;81;M;F;75XX;EMP
059540020020-1195;059540020020;100mN31481E41410;MC;NA;2;52;M;F;5064;NEP
059540020020-1195;059540020020;100mN31481E41410;MC;NA;2;54;M;M;5064;NEP
059540020020-1196;059540020020;100mN31466E41424;S;NA;1;37;S;M;3039;NEP
059540020020-1197;059540020020;100mN31476E41420;PO;OS;2;71;S;M;6574;NEP
059540020020-1197;059540020020;100mN31476E41420;PO;OS;2;65;S;F;6574;NEP
059540020020-1198;059540020020;100mN31479E41401;S;NA;1;31;M;F;3039;EMP
059540020020-1199;059540020020;100mN31478E41407;PO;OS;2;88;S;F;75XX;EMP
059540020020-1199;059540020020;100mN31478E41407;PO;OS;2;9;S;F;0614;NEP
059540020020-1200;059540020020;100mN31468E41422;MC;OS;2;88;M;M;75XX;EMP
059540020020-1200;059540020020;100mN31468E41422;MC;OS;2;41;D;F;4049;NEP
059540020020-1201;059540020020;100mN31466E41424;MC;OS;2;70;M;F;6574;EMP
059540020020-1201;059540020020;100mN31466E41424;MC;OS;2;65;M;M;6574;EMP
059540020020-1202;059540020020;100mN31464E41420;MC;OS;2;71;M;M;6574;EMP
059540020020-1202;059540020020;100mN31464E41420;MC;OS;2;66;M;F;6574;NEP
059540020020-1203;059540020020;100mN31472E41431;MC;NA;2;34;M;M;3039;EMP
059540020020-1203;059540020020;100mN31472E41431;MC;NA;2;28;M;F;2529;NEP
059540020020-1204;059540020020;100mN31466E41424;PO;NA;2;36;S;F;3039;NEP
059540020020-1204;059540020020;100mN31466E41424;PO;NA;2;34;S;F;3039;EMP
059540020020-1205;059540020020;100mN31467E41429;MC;NA;2;48;M;M;4049;EMP
059540020020-1205;059540020020;100mN31467E41429;MC;NA;2;41;M;F;4049;EMP
059540020020-1206;059540020020;100mN31478E41403;MC;NA;3;53;M;M;5064;EMP
059540020020-1206;059540020020;100mN31478E41403;MC;NA;3;50;M;F;5064;EMP
059540020020-1206;059540020020;100mN31478E41403;MC;NA;3;13;S;F;0614;NEP
059540020020-1207;059540020020;100mN31473E41424;SF;NA;2;69;W;F;6574;NEP
059540020020-1207;059540020020;100mN31473E41424;SF;NA;2;20;S;F;1824;EMP
059540020020-1208;059540020020;100mN31500E41422;MC;NA;3;46;M;F;4049;EMP
059540020020-1208;059540020020;100mN31500E41422;MC;NA;3;51;M;M;5064;NEP
059540020020-1208;059540020020;100mN31500E41422;MC;NA;3;15;S;F;1517;NEP
059540020020-1209;059540020020;100mN31463E41428;MC;NA;2;62;M;M;5064;EMP
059540020020-1209;059540020020;100mN31463E41428;MC;NA;2;60;M;F;5064;EMP
059540020020-1210;059540020020;100mN31471E41421;SM;NA;2;72;S;M;6574;EMP
059540020020-1210;059540020020;100mN31471E41421;SM;NA;2;51;W;F;5064;EMP
059540020020-1211;059540020020;100mN31461E41421;MC;NA;2;48;M;M;4049;EMP
059540020020-1211;059540020020;100mN31461E41421;MC;NA;2;43;M;F;4049;NEP
059540020020-1212;059540020020;100mN31465E41429;S;NA;1;50;D;M;5064;EMP
059540020020-1213;059540020020;100mN31466E41424;PO;OS;2;69;S;M;6574;EMP
059540020020-1213;059540020020;100mN31466E41424;PO;OS;2;69;S;M;6574;NEP
059540020020-1214;059540020020;100mN31466E41424;MC;NA;2;56;M;F;5064;EMP
059540020020-1214;059540020020;100mN31466E41424;MC;NA;2;62;M;M;5064;EMP
059540020020-1215;059540020020;100mN31466E41424;MC;OS;2;66;M;M;6574;EMP
059540020020-1215;059540020020;100mN31466E41424;MC;OS;2;66;M;F;6574;NEP
059540020020-1216;059540020020;100mN31466E41424;S;OS;1;83;S;M;75XX;NEP
059540020020-1217;059540020020;100mN31461E41427;SM;NA;2;55;S;M;5064;EMP
059540020020-1217;059540020020;100mN31461E41427;SM;NA;2;36;W;F;3039;EMP
059540020020-1218;059540020020;100mN31489E41435;MC;MIX;2;76;M;F;75XX;EMP
059540020020-1218;059540020020;100mN31489E41435;MC;MIX;2;34;D;F;3039;NEP
059540020020-1219;059540020020;100mN31463E41419;SF;NA;3;62;W;F;5064;NEP
059540020020-1219;059540020020;100mN31463E41419;SF;NA;3;15;S;M;1517;EMP
059540020020-1219;059540020020;100mN31463E41419;SF;NA;3;9;S;M;0614;NEP
059540020020-1220;059540020020;100mN31466E41424;S;NA;1;16;S;M;1517;EMP
059540020020-1221;059540020020;100mN31466E41424;MC;MIX;3;67;M;F;6574;NEP
059540020020-1221;059540020020;100mN31466E41424;MC;MIX;3;43;M;F;4049;EMP
059540020020-1221;059540020020;100mN31466E41424;MC;MIX;3;47;M;M;4049;NEP
059540020020-1222;059540020020;100mN31479E41407;MC;NA;2;32;M;M;3039;EMP
059540020020-1222;059540020020;100mN31479E41407;MC;NA;2;33;M;F;3039;EMP
059540020020-1223;059540020020;100mN31482E41405;MC;NA;2;41;M;F;4049;NEP
059540020020-1223;059540020020;100mN31482E41405;MC;NA;2;48;M;M;4049;EMP
059540020020-1224;059540020020;100mN31500E41433;S;NA;1;79;D;M;75XX;EMP
059540020020-1225;059540020020;100mN31482E41405;MC;NA;2;60;M;M;5064;EMP
059540020020-1225;059540020020;100mN31482E41405;MC;NA;2;58;M;F;5064;NEP
059540020020-1226;059540020020;100mN31470E41419;MC;NA;2;33;M;F;3039;NEP
059540020020-1226;059540020020;100mN31470E41419;MC;NA;2;37;M;M;3039;EMP
059540020020-1227;059540020020;100mN31482E41405;MC;NA;2;50;M;M;5064;EMP
059540020020-1227;059540020020;100mN31482E41405;MC;NA;2;50;M;F;5064;NEP
059540020020-1228;059540020020;100mN31482E41405;MC;NA;4;19;M;M;1824;EMP
059540020020-1228;059540020020;100mN31482E41405;MC;NA;4;19;M;F;1824;EMP
059540020020-1228;059540020020;100mN31482E41405;MC;NA;4;1;S;F;0003;NEP
059540020020-1228;059540020020;100mN31482E41405;MC;NA;4;3;S;M;0305;NEP
059540020020-1229;059540020020;100mN31482E41405;S;OS;1;16;S;M;1517;EMP
059540020020-1230;059540020020;100mN31482E41405;MC;NA;4;51;M;M;5064;EMP
059540020020-1230;059540020020;100mN31482E41405;MC;NA;4;51;M;F;5064;NEP
059540020020-1230;059540020020;100mN31482E41405;MC;NA;4;12;S;M;0614;NEP
059540020020-1230;059540020020;100mN31482E41405;MC;NA;4;7;S;M;0614;NEP
059540020020-1231;059540020020;100mN31461E41422;S;NA;1;54;S;M;5064;NEP
059540020020-1232;059540020020;100mN31482E41405;PO;NA;5;51;S;F;5064;EMP
059540020020-1232;059540020020;100mN31482E41405;PO;NA;5;52;S;F;5064;EMP
059540020020-1232;059540020020;100mN31482E41405;PO;NA;5;6;S;M;0614;NEP
059540020020-1232;059540020020;100mN31482E41405;PO;NA;5;25;M;F;2529;EMP
059540020020-1232;059540020020;100mN31482E41405;PO;NA;5;2;S;F;0003;NEP
059540020020-1233;059540020020;100mN31473E41429;MC;NA;2;45;M;M;4049;EMP
059540020020-1233;059540020020;100mN31473E41429;MC;NA;2;38;M;F;3039;NEP
059540020020-1234;059540020020;100mN31485E41394;MC;NA;2;46;M;F;4049;EMP
059540020020-1234;059540020020;100mN31485E41394;MC;NA;2;55;M;M;5064;EMP
059540020020-1235;059540020020;100mN31482E41405;PO;NA;2;26;S;F;2529;NEP
059540020020-1235;059540020020;100mN31482E41405;PO;NA;2;23;S;M;1824;EMP
059540020020-1236;059540020020;100mN31492E41439;SF;NA;2;66;S;F;6574;NEP
059540020020-1236;059540020020;100mN31492E41439;SF;NA;2;8;S;F;0614;NEP
059540020020-1237;059540020020;100mN31484E41419;NA;NA;2;40;M;M;4049;EMP
059540020020-1237;059540020020;100mN31484E41419;NA;NA;2;65;S;F;6574;NEP
059540020020-1238;059540020020;100mN31467E41423;MC;NA;2;21;M;F;1824;EMP
059540020020-1238;059540020020;100mN31467E41423;MC;NA;2;25;M;M;2529;EMP
059540020020-1239;059540020020;100mN31482E41405;S;OS;1;55;M;M;5064;NEP
059540020020-1240;059540020020;100mN31483E41409;MC;NA;4;61;M;F;5064;EMP
059540020020-1240;059540020020;100mN31483E41409;MC;NA;4;57;M;F;5064;EMP
059540020020-1240;059540020020;100mN31483E41409;MC;NA;4;7;S;M;0614;NEP
059540020020-1240;059540020020;100mN31483E41409;MC;NA;4;42;M;M;4049;NEP
059540020020-1241;059540020020;100mN31483E41414;SF;NA;3;77;W;F;75XX;NEP
059540020020-1241;059540020020;100mN31483E41414;SF;NA;3;16;S;F;1517;NEP
059540020020-1241;059540020020;100mN31483E41414;SF;NA;3;61;M;F;5064;EMP
059540020020-1242;059540020020;100mN31460E41425;SM;NA;4;41;S;M;4049;EMP
059540020020-1242;059540020020;100mN31460E41425;SM;NA;4;6;S;F;0614;NEP
059540020020-1242;059540020020;100mN31460E41425;SM;NA;4;9;S;M;0614;NEP
059540020020-1242;059540020020;100mN31460E41425;SM;NA;4;1;S;F;0003;NEP
059540020020-1243;059540020020;100mN31474E41423;MC;NA;4;55;M;M;5064;EMP
059540020020-1243;059540020020;100mN31474E41423;MC;NA;4;58;M;F;5064;NEP
059540020020-1243;059540020020;100mN31474E41423;MC;NA;4;12;S;M;0614;NEP
059540020020-1243;059540020020;100mN31474E41423;MC;NA;4;37;W;F;3039;NEP
059540020020-1244;059540020020;100mN31460E41428;S;NA;1;55;S;F;5064;NEP
059540020020-1245;059540020020;100mN31485E41411;S;OS;1;48;D;M;4049;EMP
059540020020-1246;059540020020;100mN31482E41405;S;NA;1;69;M;F;6574;NEP
059540020020-1247;059540020020;100mN31462E41424;MC;NA;2;46;M;F;4049;EMP
059540020020-1247;059540020020;100mN31462E41424;MC;NA;2;45;M;M;4049;NEP
059540020020-1248;059540020020;100mN31482E41405;MC;OS;2;66;M;F;6574;EMP
059540020020-1248;059540020020;100mN31482E41405;MC;OS;2;67;M;M;6574;EMP
059540020020-1249;059540020020;100mN31482E41405;S;OS;1;79;M;M;75XX;EMP
059540020020-1250;059540020020;100mN31466E41423;S;OS;1;72;S;M;6574;EMP
059540020020-1251;059540020020;100mN31471E41423;SF;NA;2;52;S;F;5064;EMP
059540020020-1251;059540020020;100mN31471E41423;SF;NA;2;13;S;M;0614;NEP
059540020020-1252;059540020020;100mN31482E41405;MC;NA;2;42;M;M;4049;EMP
059540020020-1252;059540020020;100mN31482E41405;MC;NA;2;42;M;F;4049;EMP
059540020020-1253;059540020020;100mN31462E41423;MC;NA;5;38;M;M;3039;NEP
059540020020-1253;059540020020;100mN31462E41423;MC;NA;5;34;M;F;3039;NEP
059540020020-1253;059540020020;100mN31462E41423;MC;NA;5;15;S;F;1517;NEP
059540020020-1253;059540020020;100mN31462E41423;MC;NA;5;23;M;F;1824;NEP
059540020020-1253;059540020020;100mN31462E41423;MC;NA;5;15;S;F;1517;NEP
059540020020-1254;059540020020;100mN31482E41405;S;NA;1;41;M;M;4049;EMP
059540020020-1255;059540020020;100mN31476E41420;S;NA;1;65;M;M;6574;EMP
059540020020-1256;059540020020;100mN31474E41432;MC;MIX;2;88;M;M;75XX;EMP
059540020020-1256;059540020020;100mN31474E41432;MC;MIX;2;65;M;M;6574;NEP
059540020020-1257;059540020020;100mN31482E41405;MC;NA;2;21;M;M;1824;EMP
059540020020-1257;059540020020;100mN31482E41405;MC;NA;2;18;M;F;1824;EMP
059540020020-1258;059540020020;100mN31481E41410;MC;OS;2;73;M;M;6574;EMP
059540020020-1258;059540020020;100mN31481E41410;MC;OS;2;69;M;F;6574;EMP
059540020020-1259;059540020020;100mN31482E41405;MC;NA;2;52;M;F;5064;EMP
059540020020-1259;059540020020;100mN31482E41405;MC;NA;2;56;M;M;5064;EMP
059540020020-1260;059540020020;100mN31489E41420;S;OS;1;71;M;F;6574;EMP
059540020020-1261;059540020020;100mN31463E41424;S;NA;1;34;M;F;3039;NEP
059540020020-1262;059540020020;100mN31482E41405;MC;NA;3;58;M;M;5064;EMP
059540020020-1262;059540020020;100mN31482E41405;MC;NA;3;57;M;F;5064;NEP
059540020020-1262;059540020020;100mN31482E41405;MC;NA;3;13;S;F;0614;NEP
059540020020-1263;059540020020;100mN31482E41405;S;OS;1;59;M;M;5064;EMP
059540020020-1264;059540020020;100mN31479E41409;MC;NA;2;21;M;M;1824;UEP
059540020020-1264;059540020020;100mN31479E41409;MC;NA;2;18;M;F;1824;EMP
059540020020-1265;059540020020;100mN31481E41410;MC;NA;2;43;M;F;4049;NEP
059540020020-1265;059540020020;100mN31481E41410;MC;NA;2;45;M;M;4049;EMP
059540020020-1266;059540020020;100mN31492E41430;S;NA;1;50;S;M;5064;EMP
059540020020-1267;059540020020;100mN31492E41430;MC;OS;2;83;M;M;75XX;EMP
059540020020-1267;059540020020;100mN31492E41430;MC;OS;2;79;M;F;75XX;EMP
059540020020-1268;059540020020;100mN31480E41414;MC;NA;2;52;M;F;5064;NEP
059540020020-1268;059540020020;100mN31480E41414;MC;NA;2;55;M;M;5064;NEP
059540020020-1269;059540020020;100mN31481E41413;S;NA;1;71;M;M;6574;EMP
059540020020-1270;059540020020;100mN31492E41430;S;NA;1;44;M;M;4049;EMP
059540020020-1271;059540020020;100mN31492E41430;MC;NA;2;55;M;F;5064;NEP
059540020020-1271;059540020020;100mN31492E41430;MC;NA;2;58;M;M;5064;EMP
059540020020-1272;059540020020;100mN31464E41431;S;OS;1;76;M;M;75XX;EMP
059540020020-1273;059540020020;100mN31499E41420;MC;OS;3;89;M;F;75XX;NEP
059540020020-1273;059540020020;100mN31499E41420;MC;OS;3;84;M;F;75XX;NEP
059540020020-1273;059540020020;100mN31499E41420;MC;OS;3;66;M;F;6574;NEP
059540020020-1274;059540020020;100mN31494E41423;MC;NA;2;58;M;F;5064;NEP
059540020020-1274;059540020020;100mN31494E41423;MC;NA;2;63;M;M;5064;NEP
059540020020-1275;059540020020;100mN31483E41401;MC;MIX;2;70;M;M;6574;EMP
059540020020-1275;059540020020;100mN31483E41401;MC;MIX;2;52;S;M;5064;NEP
059540020020-1276;059540020020;100mN31492E41430;MC;NA;4;27;M;F;2529;EMP
059540020020-1276;059540020020;100mN31492E41430;MC;NA;4;22;M;M;1824;NEP
059540020020-1276;059540020020;100mN31492E41430;MC;NA;4;12;S;M;0614;NEP
059540020020-1276;059540020020;100mN31492E41430;MC;NA;4;7;S;M;0614;NEP
059540020020-1277;059540020020;100mN31462E41432;MC;OS;2;66;M;F;6574;NEP
059540020020-1277;059540020020;100mN31462E41432;MC;OS;2;66;M;M;6574;EMP
059540020020-1278;059540020020;100mN31481E41414;MC;NA;3;23;M;M;1824;EMP
059540020020-1278;059540020020;100mN31481E41414;MC;NA;3;18;M;F;1824;EMP
059540020020-1278;059540020020;100mN31481E41414;MC;NA;3;6;S;M;0614;NEP
059540020020-1279;059540020020;100mN31492E41430;MC;NA;2;56;M;F;5064;EMP
059540020020-1279;059540020020;100mN31492E41430;MC;NA;2;62;S;F;5064;EMP
059540020020-1280;059540020020;100mN31492E41430;MC;NA;2;27;M;M;2529;EMP
059540020020-1280;059540020020;100mN31492E41430;MC;NA;2;23;M;F;1824;NEP
059540020020-1281;059540020020;100mN31467E41424;SF;NA;4;48;W;F;4049;NEP
059540020020-1281;059540020020;100mN31467E41424;SF;NA;4;10;S;F;0614;NEP
059540020020-1281;059540020020;100mN31467E41424;SF;NA;4;33;M;F;3039;EMP
059540020020-1281;059540020020;100mN31467E41424;SF;NA;4;4;S;F;0305;NEP
059540020020-1282;059540020020;100mN31461E41429;MC;NA;2;55;M;M;5064;EMP
059540020020-1282;059540020020;100mN31461E41429;MC;NA;2;47;M;F;4049;EMP
059540020020-1283;059540020020;100mN31492E41430;MC;NA;2;62;M;F;5064;EMP
059540020020-1283;059540020020;100mN31492E41430;MC;NA;2;62;M;M;5064;EMP
059540020020-1284;059540020020;100mN31479E41405;S;NA;1;40;M;F;4049;NEP
059540020020-1285;059540020020;100mN31492E41430;MC;OS;2;69;M;M;6574;EMP
059540020020-1285;059540020020;100mN31492E41430;MC;OS;2;70;M;F;6574;NEP
059540020020-1286;059540020020;100mN31480E41404;MC;OS;2;87;M;M;75XX;EMP
059540020020-1286;059540020020;100mN31480E41404;MC;OS;2;26;M;M;2529;EMP
059540020020-1287;059540020020;100mN31492E41430;MC;NA;2;37;M;F;3039;NEP
059540020020-1287;059540020020;100mN31492E41430;MC;NA;2;38;M;M;3039;EMP
059540020020-1288;059540020020;100mN31466E41429;PO;NA;2;40;S;F;4049;EMP
059540020020-1288;059540020020;100mN31466E41429;PO;NA;2;37;S;M;3039;NEP
059540020020-1289;059540020020;100mN31497E41415;S;NA;1;77;D;F;75XX;NEP
059540020020-1290;059540020020;100mN31492E41430;MC;NA;2;27;M;F;2529;NEP
059540020020-1290;059540020020;100mN31492E41430;MC;NA;2;31;M;M;3039;EMP
059540020020-1291;059540020020;100mN31478E41401;S;NA;1;30;S;M;3039;EMP
059540020020-1292;059540020020;100mN31483E41409;MC;NA;4;62;M;M;5064;EMP
059540020020-1292;059540020020;100mN31483E41409;MC;NA;4;61;M;F;5064;NEP
059540020020-1292;059540020020;100mN31483E41409;MC;NA;4;3;S;M;0305;NEP
059540020020-1292;059540020020;100mN31483E41409;MC;NA;4;12;S;F;0614;NEP
059540020020-1293;059540020020;100mN31496E41442;MC;NA;4;47;M;F;4049;EMP
059540020020-1293;059540020020;100mN31496E41442;MC;NA;4;48;M;M;4049;NEP
059540020020-1293;059540020020;100mN31496E41442;MC;NA;4;2;S;F;0003;NEP
059540020020-1293;059540020020;100mN31496E41442;MC;NA;4;2;S;M;0003;NEP
059540020020-1294;059540020020;100mN31463E41424;MC;MIX;2;89;M;F;75XX;EMP
059540020020-1294;059540020020;100mN31463E41424;MC;MIX;2;62;M;M;5064;EMP
059540020020-1295;059540020020;100mN31462E41419;MC;NA;2;41;M;M;4049;EMP
059540020020-1295;059540020020;100mN31462E41419;MC;NA;2;46;M;F;4049;EMP
059540020020-1296;059540020020;100mN31499E41433;PO;NA;6;45;S;M;4049;NEP
059540020020-1296;059540020020;100mN31499E41433;PO;NA;6;42;S;M;4049;EMP
059540020020-1296;059540020020;100mN31499E41433;PO;NA;6;18;W;F;1824;EMP
059540020020-1296;059540020020;100mN31499E41433;PO;NA;6;13;S;M;0614;NEP
059540020020-1296;059540020020;100mN31499E41433;PO;NA;6;30;W;F;3039;EMP
059540020020-1296;059540020020;100mN31499E41433;PO;NA;6;12;S;F;0614;NEP
059540020020-1297;059540020020;100mN31486E41395;S;NA;1;71;M;F;6574;EMP
059540020020-1298;059540020020;100mN31495E41412;S;NA;1;22;S;F;1824;NEP
059540020020-1299;059540020020;100mN31495E41412;PO;NA;2;37;S;F;3039;EMP
059540020020-1299;059540020020;100mN31495E41412;PO;NA;2;46;S;F;4049;NEP
059540020020-1300;059540020020;100mN31495E41412;MC;NA;2;48;M;F;4049;EMP
059540020020-1300;059540020020;100mN31495E41412;MC;NA;2;46;M;M;4049;EMP
059540020020-1301;059540020020;100mN31495E41412;MC;NA;2;62;M;M;5064;NEP
059540020020-1301;059540020020;100mN31495E41412;MC;NA;2;58;M;F;5064;NEP
059540020020-1302;059540020020;100mN31495E41412;MC;NA;2;59;M;M;5064;EMP
059540020020-1302;059540020020;100mN31495E41412;MC;NA;2;57;M;F;5064;NEP
059540020020-1303;059540020020;100mN31495E41412;S;OS;1;84;W;F;75XX;NEP
059540020020-1304;059540020020;100mN31461E41431;MC;NA;2;59;M;M;5064;EMP
059540020020-1304;059540020020;100mN31461E41431;MC;NA;2;63;M;F;5064;NEP
059540020020-1305;059540020020;100mN31464E41418;PO;OS;2;89;S;F;75XX;EMP
059540020020-1305;059540020020;100mN31464E41418;PO;OS;2;54;S;M;5064;EMP
059540020020-1306;059540020020;100mN31501E41445;S;NA;1;63;D;M;5064;EMP
059540020020-1307;059540020020;100mN31461E41426;MC;OS;2;73;M;F;6574;NEP
059540020020-1307;059540020020;100mN31461E41426;MC;OS;2;75;M;M;75XX;EMP
059540020020-1308;059540020020;100mN31478E41404;PO;OS;2;67;S;F;6574;NEP
059540020020-1308;059540020020;100mN31478E41404;PO;OS;2;66;S;M;6574;NEP
059540020020-1309;059540020020;100mN31495E41412;S;OS;1;62;M;M;5064;EMP
059540020020-1310;059540020020;100mN31472E41420;MC;NA;2;54;M;M;5064;EMP
059540020020-1310;059540020020;100mN31472E41420;MC;NA;2;55;M;F;5064;EMP
059540020020-1311;059540020020;100mN31457E41383;MC;NA;4;46;M;F;4049;EMP
059540020020-1311;059540020020;100mN31457E41383;MC;NA;4;52;M;M;5064;EMP
059540020020-1311;059540020020;100mN31457E41383;MC;NA;4;8;S;M;0614;NEP
059540020020-1311;059540020020;100mN31457E41383;MC;NA;4;15;S;M;1517;EMP
059540020020-1312;059540020020;100mN31481E41411;MC;MIX;5;86;D;F;75XX;EMP
059540020020-1312;059540020020;100mN31481E41411;MC;MIX;5;18;M;M;1824;EMP
059540020020-1312;059540020020;100mN31481E41411;MC;MIX;5;18;M;F;1824;EMP
059540020020-1312;059540020020;100mN31481E41411;MC;MIX;5;2;S;M;0003;NEP
059540020020-1312;059540020020;100mN31481E41411;MC;MIX;5;3;S;F;0305;NEP
059540020020-1313;059540020020;100mN31488E41423;MC;OS;2;87;M;F;75XX;EMP
059540020020-1313;059540020020;100mN31488E41423;MC;OS;2;89;M;M;75XX;NEP
059540020020-1314;059540020020;100mN31488E41426;MC;NA;4;35;M;M;3039;EMP
059540020020-1314;059540020020;100mN31488E41426;MC;NA;4;28;M;F;2529;NEP
059540020020-1314;059540020020;100mN31488E41426;MC;NA;4;18;W;F;1824;EMP
059540020020-1314;059540020020;100mN31488E41426;MC;NA;4;1;S;M;0003;NEP
059540020020-1315;059540020020;100mN31492E41437;SF;MIX;3;67;M;M;6574;EMP
059540020020-1315;059540020020;100mN31492E41437;SF;MIX;3;81;W;F;75XX;EMP
059540020020-1315;059540020020;100mN31492E41437;SF;MIX;3;46;S;M;4049;EMP
059540020020-1316;059540020020;100mN31480E41411;S;NA;1;62;M;M;5064;EMP
059540020020-1317;059540020020;100mN31468E41420;PO;MIX;4;69;D;F;6574;EMP
059540020020-1317;059540020020;100mN31468E41420;PO;MIX;4;33;S;M;3039;NEP
059540020020-1317;059540020020;100mN31468E41420;PO;MIX;4;27;S;M;2529;EMP
059540020020-1317;059540020020;100mN31468E41420;PO;MIX;4;13;S;F;0614;NEP
059540020020-1318;059540020020;100mN31483E41405;S;NA;1;56;W;F;5064;NEP
059540020020-1319;059540020020;100mN31488E41444;MC;NA;5;63;M;F;5064;NEP
059540020020-1319;059540020020;100mN31488E41444;MC;NA;5;50;M;M;5064;EMP
059540020020-1319;059540020020;100mN31488E41444;MC;NA;5;8;S;M;0614;NEP
059540020020-1319;059540020020;100mN31488E41444;MC;NA;5;16;S;M;1517;EMP
059540020020-1319;059540020020;100mN31488E41444;MC;NA;5;15;S;M;1517;EMP
059540020020-1320;059540020020;100mN31488E41444;MC;NA;2;20;M;M;1824;NEP
059540020020-1320;059540020020;100mN31488E41444;MC;NA;2;18;M;F;1824;NEP
059540020020-1321;059540020020;100mN31474E41430;MC;NA;3;50;M;F;5064;EMP
059540020020-1321;059540020020;100mN31474E41430;MC;NA;3;41;M;M;4049;NEP
059540020020-1321;059540020020;100mN31474E41430;MC;NA;3;13;S;F;0614;NEP
059540020020-1322;059540020020;100mN31499E41433;MC;NA;2;46;M;M;4049;EMP
059540020020-1322;059540020020;100mN31499E41433;MC;NA;2;46;M;F;4049;NEP
059540020020-1323;059540020020;100mN31474E41430;S;OS;1;47;M;M;4049;NEP
059540020020-1324;059540020020;100mN31464E41419;MC;NA;2;35;M;F;3039;NEP
059540020020-1324;059540020020;100mN31464E41419;MC;NA;2;36;M;M;3039;EMP
059540020020-1325;059540020020;100mN31497E41436;S;NA;1;75;D;F;75XX;EMP
059540020020-1326;059540020020;100mN31474E41430;S;OS;1;70;M;F;6574;NEP
059540020020-1327;059540020020;100mN31483E41412;S;NA;1;50;S;M;5064;EMP
059540020020-1328;059540020020;100mN31491E41409;S;NA;1;31;M;M;3039;NEP
059540020020-1329;059540020020;100mN31478E41402;S;OS;1;51;S;F;5064;EMP
059540020020-1330;059540020020;100mN31470E41418;MC;NA;3;42;M;M;4049;EMP
059540020020-1330;059540020020;100mN31470E41418;MC;NA;3;34;M;F;3039;EMP
059540020020-1330;059540020020;100mN31470E41418;MC;NA;3;15;S;M;1517;EMP
059540020020-1331;059540020020;100mN31480E41412;MC;NA;2;41;M;M;4049;EMP
059540020020-1331;059540020020;100mN31480E41412;MC;NA;2;40;M;F;4049;EMP
059540020020-1332;059540020020;100mN31465E41428;MC;MIX;2;66;M;M;6574;EMP
059540020020-1332;059540020020;100mN31465E41428;MC;MIX;2;63;M;F;5064;NEP
059540020020-1333;059540020020;100mN31461E41421;MC;NA;2;48;M;M;4049;EMP
059540020020-1333;059540020020;100mN31461E41421;MC;NA;2;43;M;F;4049;NEP
059540020020-1334;059540020020;100mN31474E41430;S;OS;1;68;W;F;6574;EMP
059540020020-1335;059540020020;100mN31490E41418;MC;NA;4;63;M;M;5064;EMP
059540020020-1335;059540020020;100mN31490E41418;MC;NA;4;55;M;F;5064;EMP
059540020020-1335;059540020020;100mN31490E41418;MC;NA;4;8;S;M;0614;NEP
059540020020-1335;059540020020;100mN31490E41418;MC;NA;4;16;S;M;1517;EMP
059540020020-1336;059540020020;100mN31474E41430;PO;NA;2;59;S;M;5064;NEP
059540020020-1336;059540020020;100mN31474E41430;PO;NA;2;58;S;F;5064;EMP
059540020020-1337;059540020020;100mN31476E41422;MC;NA;2;44;M;F;4049;EMP
059540020020-1337;059540020020;100mN31476E41422;MC;NA;2;46;M;M;4049;EMP
059540020020-1338;059540020020;100mN31474E41430;S;OS;1;72;S;F;6574;NEP
059540020020-1339;059540020020;100mN31460E41428;MC;MIX;3;67;M;F;6574;NEP
059540020020-1339;059540020020;100mN31460E41428;MC;MIX;3;59;M;F;5064;NEP
059540020020-1339;059540020020;100mN31460E41428;MC;MIX;3;25;W;F;2529;EMP
059540020020-1340;059540020020;100mN31493E41426;MC;NA;4;25;M;F;2529;NEP
059540020020-1340;059540020020;100mN31493E41426;MC;NA;4;23;M;M;1824;EMP
059540020020-1340;059540020020;100mN31493E41426;MC;NA;4;9;S;M;0614;NEP
059540020020-1340;059540020020;100mN31493E41426;MC;NA;4;4;S;F;0305;NEP
059540020020-1341;059540020020;100mN31461E41429;S;OS;1;53;M;F;5064;EMP
059540020020-1342;059540020020;100mN31480E41413;MC;NA;2;44;M;M;4049;UEP
059540020020-1342;059540020020;100mN31480E41413;MC;NA;2;44;M;F;4049;EMP
059540020020-1343;059540020020;100mN31490E41438;MC;NA;2;46;M;M;4049;EMP
059540020020-1343;059540020020;100mN31490E41438;MC;NA;2;48;M;F;4049;EMP
059540020020-1344;059540020020;100mN31493E41423;S;NA;1;26;M;M;2529;EMP
059540020020-1345;059540020020;100mN31488E41404;S;OS;1;30;S;M;3039;EMP
059540020020-1346;059540020020;100mN31480E41408;S;NA;1;63;M;M;5064;NEP
059540020020-1347;059540020020;100mN31493E41423;SF;NA;2;47;W;F;4049;NEP
059540020020-1347;059540020020;100mN31493E41423;SF;NA;2;1;S;F;0003;NEP
059540020020-1348;059540020020;100mN31493E41423;MC;NA;2;26;M;M;2529;EMP
059540020020-1348;059540020020;100mN31493E41423;MC;NA;2;26;M;F;2529;EMP
059540020020-1349;059540020020;100mN31485E41411;SF;NA;2;45;S;F;4049;NEP
059540020020-1349;059540020020;100mN31485E41411;SF;NA;2;9;S;F;0614;NEP
059540020020-1350;059540020020;100mN31476E41422;S;NA;1;59;W;F;5064;EMP
059540020020-1351;059540020020;100mN31493E41423;S;NA;1;61;W;F;5064;EMP
059540020020-1352;059540020020;100mN31483E41405;SF;MIX;2;69;D;F;6574;NEP
059540020020-1352;059540020020;100mN31483E41405;SF;MIX;2;16;S;M;1517;EMP
059540020020-1353;059540020020;100mN31491E41422;MC;MIX;2;81;M;M;75XX;EMP
059540020020-1353;059540020020;100mN31491E41422;MC;MIX;2;13;S;F;0614;NEP
059540020020-1354;059540020020;100mN31459E41380;MC;NA;2;42;M;F;4049;EMP
059540020020-1354;059540020020;100mN31459E41380;MC;NA;2;44;M;M;4049;EMP
059540020020-1355;059540020020;100mN31493E41423;NA;NA;2;59;S;F;5064;EMP
059540020020-1355;059540020020;100mN31493E41423;NA;NA;2;33;M;F;3039;EMP
059540020020-1356;059540020020;100mN31481E41410;S;NA;1;33;S;M;3039;EMP
059540020020-1357;059540020020;100mN31489E41420;MC;NA;2;47;M;M;4049;EMP
059540020020-1357;059540020020;100mN31489E41420;MC;NA;2;60;M;F;5064;NEP
059540020020-1358;059540020020;100mN31464E41421;MC;MIX;2;70;M;F;6574;NEP
059540020020-1358;059540020020;100mN31464E41421;MC;MIX;2;16;S;F;1517;EMP
059540020020-1359;059540020020;100mN31465E41423;PO;NA;2;19;S;M;1824;EMP
059540020020-1359;059540020020;100mN31465E41423;PO;NA;2;18;S;F;1824;NEP
059540020020-1360;059540020020;100mN31468E41430;NA;NA;4;46;M;F;4049;NEP
059540020020-1360;059540020020;100mN31468E41430;NA;NA;4;66;D;F;6574;NEP
059540020020-1360;059540020020;100mN31468E41430;NA;NA;4;21;D;F;1824;NEP
059540020020-1360;059540020020;100mN31468E41430;NA;NA;4;44;M;F;4049;EMP
059540020020-1361;059540020020;100mN31489E41409;S;OS;1;78;W;F;75XX;EMP
059540020020-1362;059540020020;100mN31462E41432;SF;MIX;2;88;W;F;75XX;NEP
059540020020-1362;059540020020;100mN31462E41432;SF;MIX;2;8;S;F;0614;NEP
059540020020-1363;059540020020;100mN31465E41428;SF;NA;2;72;S;F;6574;EMP
059540020020-1363;059540020020;100mN31465E41428;SF;NA;2;12;S;M;0614;NEP
059540020020-1364;059540020020;100mN31463E41422;MC;NA;2;52;M;M;5064;EMP
059540020020-1364;059540020020;100mN31463E41422;MC;NA;2;61;M;F;5064;EMP
059540020020-1365;059540020020;100mN31484E41405;S;NA;1;42;D;F;4049;EMP
059540020020-1366;059540020020;100mN31484E41405;S;NA;1;66;W;F;6574;EMP
059540020020-1367;059540020020;100mN31467E41427;MC;NA;2;52;M;F;5064;NEP
059540020020-1367;059540020020;100mN31467E41427;MC;NA;2;50;M;M;5064;NEP
059540020020-1368;059540020020;100mN31484E41405;S;NA;1;16;S;F;1517;EMP
059540020020-1369;059540020020;100mN31477E41401;S;NA;1;47;D;F;4049;NEP
059540020020-1370;059540020020;100mN31489E41417;S;NA;1;18;D;F;1824;NEP
059540020020-1371;059540020020;100mN31484E41416;S;NA;1;60;W;F;5064;EMP
059540020020-1372;059540020020;100mN31478E41406;MC;NA;2;63;M;M;5064;EMP
059540020020-1372;059540020020;100mN31478E41406;MC;NA;2;21;S;M;1824;EMP
059540020020-1373;059540020020;100mN31491E41428;S;OS;1;63;M;F;5064;NEP
059540020020-1374;059540020020;100mN31464E41431;MC;NA;4;42;M;F;4049;EMP
059540020020-1374;059540020020;100mN31464E41431;MC;NA;4;44;M;M;4049;EMP
059540020020-1374;059540020020;100mN31464E41431;MC;NA;4;18;S;F;1824;EMP
059540020020-1374;059540020020;100mN31464E41431;MC;NA;4;12;S;F;0614;NEP
059540020020-1375;059540020020;100mN31484E41405;S;NA;1;57;D;F;5064;EMP
059540020020-1376;059540020020;100mN31484E41405;S;NA;1;33;M;F;3039;NEP
059540020020-1377;059540020020;100mN31484E41405;MC;MIX;4;67;S;M;6574;EMP
059540020020-1377;059540020020;100mN31484E41405;MC;MIX;4;42;M;F;4049;EMP
059540020020-1377;059540020020;100mN31484E41405;MC;MIX;4;59;M;M;5064;EMP
059540020020-1377;059540020020;100mN31484E41405;MC;MIX;4;9;S;M;0614;NEP
059540020020-1378;059540020020;100mN31484E41405;S;NA;1;57;D;F;5064;EMP
059540020020-1379;059540020020;100mN31468E41418;MC;OS;2;66;M;F;6574;EMP
059540020020-1379;059540020020;100mN31468E41418;MC;OS;2;65;M;M;6574;EMP
059540020020-1380;059540020020;100mN31478E41405;MC;NA;2;61;M;F;5064;NEP
059540020020-1380;059540020020;100mN31478E41405;MC;NA;2;42;S;M;4049;NEP
059540020020-1381;059540020020;100mN31468E41430;NA;NA;4;46;M;F;4049;NEP
059540020020-1381;059540020020;100mN31468E41430;NA;NA;4;66;D;F;6574;NEP
059540020020-1381;059540020020;100mN31468E41430;NA;NA;4;21;D;F;1824;NEP
059540020020-1381;059540020020;100mN31468E41430;NA;NA;4;44;M;F;4049;EMP
059540020020-1382;059540020020;100mN31481E41407;S;NA;1;63;D;F;5064;EMP
059540020020-1383;059540020020;100mN31501E41433;S;NA;1;23;S;M;1824;NEP
059540020020-1384;059540020020;100mN31480E41406;PO;OS;2;72;S;M;6574;EMP
059540020020-1384;059540020020;100mN31480E41406;PO;OS;2;65;S;M;6574;NEP
059540020020-1385;059540020020;100mN31469E41418;S;OS;1;48;M;M;4049;EMP
059540020020-1386;059540020020;100mN31465E41420;MC;NA;2;48;M;M;4049;NEP
059540020020-1386;059540020020;100mN31465E41420;MC;NA;2;42;M;F;4049;NEP
059540020020-1387;059540020020;100mN31477E41401;MC;MIX;2;70;M;M;6574;EMP
059540020020-1387;059540020020;100mN31477E41401;MC;MIX;2;80;S;F;75XX;EMP
059540020020-1388;059540020020;100mN31479E41407;MC;OS;2;65;M;M;6574;NEP
059540020020-1388;059540020020;100mN31479E41407;MC;OS;2;65;M;F;6574;EMP
059540020020-1389;059540020020;100mN31481E41411;MC;NA;2;52;M;F;5064;NEP
059540020020-1389;059540020020;100mN31481E41411;MC;NA;2;59;M;M;5064;EMP
059540020020-1390;059540020020;100mN31479E41401;S;NA;1;56;W;M;5064;NEP
059540020020-1391;059540020020;100mN31464E41418;S;OS;1;68;W;F;6574;EMP
059540020020-1392;059540020020;100mN31463E41429;PO;NA;5;51;S;M;5064;EMP
059540020020-1392;059540020020;100mN31463E41429;PO;NA;5;48;S;F;4049;NEP
059540020020-1392;059540020020;100mN31463E41429;PO;NA;5;8;S;F;0614;NEP
059540020020-1392;059540020020;100mN31463E41429;PO;NA;5;4;S;F;0305;NEP
059540020020-1392;059540020020;100mN31463E41429;PO;NA;5;13;S;M;0614;NEP
059540020020-1393;059540020020;100mN31472E41432;S;NA;1;47;S;M;4049;EMP
059540020020-1394;059540020020;100mN31479E41407;S;OS;1;33;S;M;3039;EMP
059540020020-1395;059540020020;100mN31459E41380;SF;NA;2;62;S;F;5064;EMP
059540020020-1395;059540020020;100mN31459E41380;SF;NA;2;10;S;M;0614;NEP
059540020020-1396;059540020020;100mN31484E41417;S;NA;1;46;M;M;4049;EMP
059540020020-1397;059540020020;100mN31477E41422;S;OS;1;46;S;F;4049;NEP
059540020020-1398;059540020020;100mN31472E41432;SF;NA;2;45;D;F;4049;EMP
059540020020-1398;059540020020;100mN31472E41432;SF;NA;2;13;S;M;0614;NEP
059540020020-1399;059540020020;100mN31479E41406;MC;MIX;2;68;M;F;6574;NEP
059540020020-1399;059540020020;100mN31479E41406;MC;MIX;2;27;M;F;2529;NEP
059540020020-1400;059540020020;100mN31480E41408;S;NA;1;41;S;M;4049;NEP
059540020020-1401;059540020020;100mN31492E41417;S;OS;1;58;M;F;5064;NEP
059540020020-1402;059540020020;100mN31492E41421;MC;NA;3;46;M;M;4049;EMP
059540020020-1402;059540020020;100mN31492E41421;MC;NA;3;18;M;F;1824;NEP
059540020020-1402;059540020020;100mN31492E41421;MC;NA;3;28;M;M;2529;UEP
059540020020-1403;059540020020;100mN31473E41423;S;NA;1;77;M;M;75XX;EMP
059540020020-1404;059540020020;100mN31461E41423;S;OS;1;27;S;F;2529;EMP
059540020020-1405;059540020020;100mN31492E41421;S;NA;1;44;M;M;4049;NEP
059540020020-1406;059540020020;100mN31463E41429;S;NA;1;72;W;M;6574;NEP
059540020020-1407;059540020020;100mN31492E41421;MC;OS;2;67;M;M;6574;EMP
059540020020-1407;059540020020;100mN31492E41421;MC;OS;2;89;M;F;75XX;EMP
059540020020-1408;059540020020;100mN31464E41427;SF;NA;2;20;S;F;1824;NEP
059540020020-1408;059540020020;100mN31464E41427;SF;NA;2;4;S;F;0305;NEP
059540020020-1409;059540020020;100mN31492E41421;S;NA;1;33;M;M;3039;EMP
059540020020-1410;059540020020;100mN31492E41421;PO;NA;2;63;S;M;5064;NEP
059540020020-1410;059540020020;100mN31492E41421;PO;NA;2;46;S;M;4049;EMP
059540020020-1411;059540020020;100mN31489E41435;MC;MIX;2;76;M;F;75XX;EMP
059540020020-1411;059540020020;100mN31489E41435;MC;MIX;2;34;D;F;3039;NEP
059540020020-1412;059540020020;100mN31492E41421;S;NA;1;20;D;M;1824;NEP
059540020020-1413;059540020020;100mN31492E41421;MC;OS;3;68;M;F;6574;NEP
059540020020-1413;059540020020;100mN31492E41421;MC;OS;3;75;M;M;75XX;NEP
059540020020-1413;059540020020;100mN31492E41421;MC;OS;3;80;S;M;75XX;EMP
059540020020-1414;059540020020;100mN31484E41414;MC;NA;4;60;M;M;5064;EMP
059540020020-1414;059540020020;100mN31484E41414;MC;NA;4;51;M;F;5064;EMP
059540020020-1414;059540020020;100mN31484E41414;MC;NA;4;0;S;M;0003;NEP
059540020020-1414;059540020020;100mN31484E41414;MC;NA;4;7;S;M;0614;NEP
059540020020-1415;059540020020;100mN31492E41421;S;NA;1;67;M;M;6574;NEP
059540020020-1416;059540020020;100mN31492E41421;MC;NA;2;55;M;F;5064;NEP
059540020020-1416;059540020020;100mN31492E41421;MC;NA;2;57;M;M;5064;NEP
059540020020-1417;059540020020;100mN31492E41421;SF;NA;2;83;S;F;75XX;NEP
059540020020-1417;059540020020;100mN31492E41421;SF;NA;2;60;M;M;5064;EMP
059540020020-1418;059540020020;100mN31488E41394;MC;OS;2;73;M;M;6574;EMP
059540020020-1418;059540020020;100mN31488E41394;MC;OS;2;70;M;F;6574;EMP
059540020020-1419;059540020020;100mN31483E41409;MC;OS;2;77;M;F;75XX;EMP
059540020020-1419;059540020020;100mN31483E41409;MC;OS;2;80;M;M;75XX;UEP
059540020020-1420;059540020020;100mN31502E41436;S;NA;1;72;S;M;6574;EMP
059540020020-1421;059540020020;100mN31492E41421;MC;NA;2;53;M;F;5064;NEP
059540020020-1421;059540020020;100mN31492E41421;MC;NA;2;55;M;M;5064;EMP
059540020020-1422;059540020020;100mN31479E41406;S;NA;1;67;D;M;6574;EMP
059540020020-1423;059540020020;100mN31471E41418;SF;NA;2;25;W;F;2529;EMP
059540020020-1423;059540020020;100mN31471E41418;SF;NA;2;1;S;F;0003;NEP
059540020020-1424;059540020020;100mN31492E41421;S;NA;1;32;M;F;3039;NEP
059540020020-1425;059540020020;100mN31484E41411;MC;MIX;2;70;M;M;6574;NEP
059540020020-1425;059540020020;100mN31484E41411;MC;MIX;2;68;W;M;6574;NEP
059540020020-1426;059540020020;100mN31491E41421;SF;NA;2;25;S;F;2529;NEP
059540020020-1426;059540020020;100mN31491E41421;SF;NA;2;10;S;F;0614;NEP
059540020020-1427;059540020020;100mN31466E41374;MC;NA;2;56;M;F;5064;EMP
059540020020-1427;059540020020;100mN31466E41374;MC;NA;2;62;M;M;5064;EMP
059540020020-1428;059540020020;100mN31465E41425;PO;OS;2;68;S;F;6574;EMP
059540020020-1428;059540020020;100mN31465E41425;PO;OS;2;69;S;M;6574;UEP
059540020020-1429;059540020020;100mN31495E41423;MC;OS;3;65;M;M;6574;EMP
059540020020-1429;059540020020;100mN31495E41423;MC;OS;3;76;M;F;75XX;NEP
059540020020-1429;059540020020;100mN31495E41423;MC;OS;3;70;W;F;6574;NEP
059540020020-1430;059540020020;100mN31480E41410;S;OS;1;34;M;M;3039;EMP
059540020020-1431;059540020020;100mN31461E41427;PO;NA;3;57;S;M;5064;NEP
059540020020-1431;059540020020;100mN31461E41427;PO;NA;3;50;S;F;5064;NEP
059540020020-1431;059540020020;100mN31461E41427;PO;NA;3;41;S;M;4049;NEP
059540020020-1432;059540020020;100mN31466E41374;MC;OS;2;72;M;F;6574;NEP
059540020020-1432;059540020020;100mN31466E41374;MC;OS;2;73;M;M;6574;EMP
059540020020-1433;059540020020;100mN31487E41442;S;NA;1;37;D;M;3039;EMP
059540020020-1434;059540020020;100mN31466E41374;S;NA;1;33;M;F;3039;NEP
059540020020-1435;059540020020;100mN31466E41374;MC;NA;2;61;M;M;5064;NEP
059540020020-1435;059540020020;100mN31466E41374;MC;NA;2;52;M;F;5064;EMP
059540020020-1436;059540020020;100mN31464E41421;PO;OS;2;83;S;M;75XX;EMP
059540020020-1436;059540020020;100mN31464E41421;PO;OS;2;80;S;M;75XX;EMP
059540020020-1437;059540020020;100mN31466E41374;S;NA;1;67;W;F;6574;NEP
059540020020-1438;059540020020;100mN31479E41407;MC;NA;3;58;M;M;5064;NEP
059540020020-1438;059540020020;100mN31479E41407;MC;NA;3;62;M;F;5064;EMP
059540020020-1438;059540020020;100mN31479E41407;MC;NA;3;2;S;M;0003;NEP
059540020020-1439;059540020020;100mN31466E41374;MC;NA;2;48;M;F;4049;EMP
059540020020-1439;059540020020;100mN31466E41374;MC;NA;2;50;M;M;5064;NEP
059540020020-1440;059540020020;100mN31466E41425;MC;OS;2;70;M;F;6574;EMP
059540020020-1440;059540020020;100mN31466E41425;MC;OS;2;76;M;M;75XX;EMP
059540020020-1441;059540020020;100mN31466E41425;S;NA;1;21;M;M;1824;EMP
059540020020-1442;059540020020;100mN31466E41425;MC;NA;3;27;M;M;2529;EMP
059540020020-1442;059540020020;100mN31466E41425;MC;NA;3;26;M;F;2529;EMP
059540020020-1442;059540020020;100mN31466E41425;MC;NA;3;9;S;M;0614;NEP
059540020020-1443;059540020020;100mN31484E41417;S;NA;1;62;D;F;5064;EMP
059540020020-1444;059540020020;100mN31466E41425;SF;NA;2;60;W;F;5064;NEP
059540020020-1444;059540020020;100mN31466E41425;SF;NA;2;11;S;F;0614;NEP
059540020020-1445;059540020020;100mN31466E41425;MC;OS;2;77;M;F;75XX;EMP
059540020020-1445;059540020020;100mN31466E41425;MC;OS;2;82;M;M;75XX;NEP
059540020020-1446;059540020020;100mN31466E41425;MC;NA;2;20;M;M;1824;NEP
059540020020-1446;059540020020;100mN31466E41425;MC;NA;2;21;M;F;1824;EMP
059540020020-1447;059540020020;100mN31498E41426;S;NA;1;73;S;M;6574;EMP
059540020020-1448;059540020020;100mN31466E41425;MC;NA;2;41;M;M;4049;EMP
059540020020-1448;059540020020;100mN31466E41425;MC;NA;2;38;M;F;3039;NEP
059540020020-1449;059540020020;100mN31481E41408;MC;NA;4;60;M;F;5064;EMP
059540020020-1449;059540020020;100mN31481E41408;MC;NA;4;53;S;F;5064;NEP
059540020020-1449;059540020020;100mN31481E41408;MC;NA;4;13;S;F;0614;NEP
059540020020-1449;059540020020;100mN31481E41408;MC;NA;4;8;S;F;0614;NEP
059540020020-1450;059540020020;100mN31485E41415;S;NA;1;62;M;M;5064;NEP
059540020020-1451;059540020020;100mN31489E41420;SF;NA;2;25;D;F;2529;EMP
059540020020-1451;059540020020;100mN31489E41420;SF;NA;2;3;S;M;0305;NEP
059540020020-1452;059540020020;100mN31472E41424;SF;NA;2;82;S;F;75XX;EMP
059540020020-1452;059540020020;100mN31472E41424;SF;NA;2;7;S;F;0614;NEP
059540020020-1453;059540020020;100mN31466E41425;MC;NA;2;55;M;M;5064;NEP
059540020020-1453;059540020020;100mN31466E41425;MC;NA;2;18;M;F;1824;EMP
059540020020-1454;059540020020;100mN31466E41425;MC;OS;2;77;M;F;75XX;EMP
059540020020-1454;059540020020;100mN31466E41425;MC;OS;2;82;M;M;75XX;NEP
059540020020-1455;059540020020;100mN31472E41423;MC;OS;3;72;M;F;6574;NEP
059540020020-1455;059540020020;100mN31472E41423;MC;OS;3;78;M;M;75XX;NEP
059540020020-1455;059540020020;100mN31472E41423;MC;OS;3;71;W;F;6574;NEP
059540020020-1456;059540020020;100mN31498E41438;S;NA;1;41;M;M;4049;EMP
059540020020-1457;059540020020;100mN31481E41414;MC;NA;4;48;M;F;4049;NEP
059540020020-1457;059540020020;100mN31481E41414;MC;NA;4;57;M;M;5064;EMP
059540020020-1457;059540020020;100mN31481E41414;MC;NA;4;33;M;M;3039;EMP
059540020020-1457;059540020020;100mN31481E41414;MC;NA;4;15;S;F;1517;EMP
059540020020-1458;059540020020;100mN31478E41405;MC;NA;4;55;M;M;5064;NEP
059540020020-1458;059540020020;100mN31478E41405;MC;NA;4;46;M;F;4049;EMP
059540020020-1458;059540020020;100mN31478E41405;MC;NA;4;4;S;F;0305;NEP
059540020020-1458;059540020020;100mN31478E41405;MC;NA;4;16;S;F;1517;NEP
059540020020-1459;059540020020;100mN31473E41418;MC;NA;2;56;M;M;5064;EMP
059540020020-1459;059540020020;100mN31473E41418;MC;NA;2;53;M;F;5064;EMP
059540020020-1460;059540020020;100mN31466E41425;MC;NA;4;37;M;M;3039;NEP
059540020020-1460;059540020020;100mN31466E41425;MC;NA;4;36;M;F;3039;EMP
059540020020-1460;059540020020;100mN31466E41425;MC;NA;4;21;M;F;1824;NEP
059540020020-1460;059540020020;100mN31466E41425;MC;NA;4;15;S;M;1517;EMP
059540020020-1461;059540020020;100mN31466E41425;MC;NA;4;54;M;F;5064;EMP
059540020020-1461;059540020020;100mN31466E41425;MC;NA;4;58;M;M;5064;EMP
059540020020-1461;059540020020;100mN31466E41425;MC;NA;4;16;S;M;1517;EMP
059540020020-1461;059540020020;100mN31466E41425;MC;NA;4;15;S;F;1517;NEP
059540020020-1462;059540020020;100mN31466E41425;MC;NA;3;62;M;F;5064;EMP
059540020020-1462;059540020020;100mN31466E41425;MC;NA;3;23;S;M;1824;EMP
059540020020-1462;059540020020;100mN31466E41425;MC;NA;3;31;W;F;3039;NEP
059540020020-1463;059540020020;100mN31466E41425;SF;NA;3;83;S;F;75XX;NEP
059540020020-1463;059540020020;100mN31466E41425;SF;NA;3;12;S;F;0614;NEP
059540020020-1463;059540020020;100mN31466E41425;SF;NA;3;10;S;M;0614;NEP
059540020020-1464;059540020020;100mN31466E41425;PO;MIX;2;79;S;F;75XX;EMP
059540020020-1464;059540020020;100mN31466E41425;PO;MIX;2;76;M;M;75XX;EMP
059540020020-1465;059540020020;100mN31474E41419;MC;OS;2;71;M;M;6574;EMP
059540020020-1465;059540020020;100mN31474E41419;MC;OS;2;68;M;F;6574;NEP
059540020020-1466;059540020020;100mN31466E41425;SF;NA;4;47;D;F;4049;NEP
059540020020-1466;059540020020;100mN31466E41425;SF;NA;4;10;S;M;0614;NEP
059540020020-1466;059540020020;100mN31466E41425;SF;NA;4;4;S;M;0305;NEP
059540020020-1466;059540020020;100mN31466E41425;SF;NA;4;16;S;F;1517;NEP
059540020020-1467;059540020020;100mN31466E41425;MC;NA;2;43;M;M;4049;EMP
059540020020-1467;059540020020;100mN31466E41425;MC;NA;2;44;M;F;4049;NEP
059540020020-1468;059540020020;100mN31466E41425;MC;NA;2;52;M;M;5064;EMP
059540020020-1468;059540020020;100mN31466E41425;MC;NA;2;18;M;F;1824;EMP
059540020020-1469;059540020020;100mN31500E41432;MC;OS;3;66;M;F;6574;EMP
059540020020-1469;059540020020;100mN31500E41432;MC;OS;3;72;M;M;6574;EMP
059540020020-1469;059540020020;100mN31500E41432;MC;OS;3;72;D;M;6574;EMP
059540020020-1470;059540020020;100mN31492E41420;S;NA;1;48;M;F;4049;NEP
059540020020-1471;059540020020;100mN31492E41420;S;NA;1;22;M;M;1824;NEP
059540020020-1472;059540020020;100mN31463E41425;MC;OS;2;69;M;F;6574;EMP
059540020020-1472;059540020020;100mN31463E41425;MC;OS;2;69;M;M;6574;EMP
059540020020-1473;059540020020;100mN31472E41422;MC;NA;3;41;M;M;4049;EMP
059540020020-1473;059540020020;100mN31472E41422;MC;NA;3;35;M;F;3039;NEP
059540020020-1473;059540020020;100mN31472E41422;MC;NA;3;1;S;F;0003;NEP
059540020020-1474;059540020020;100mN31464E41419;S;OS;1;54;W;F;5064;NEP
059540020020-1475;059540020020;100mN31472E41422;S;OS;1;68;M;M;6574;NEP
059540020020-1476;059540020020;100mN31492E41419;S;NA;1;28;M;F;2529;EMP
059540020020-1477;059540020020;100mN31490E41417;MC;MIX;3;87;S;M;75XX;EMP
059540020020-1477;059540020020;100mN31490E41417;MC;MIX;3;21;M;F;1824;NEP
059540020020-1477;059540020020;100mN31490E41417;MC;MIX;3;22;M;M;1824;NEP
059540020020-1478;059540020020;100mN31461E41422;SF;NA;2;62;S;F;5064;EMP
059540020020-1478;059540020020;100mN31461E41422;SF;NA;2;16;S;F;1517;EMP
059540020020-1479;059540020020;100mN31464E41429;MC;MIX;3;87;S;F;75XX;NEP
059540020020-1479;059540020020;100mN31464E41429;MC;MIX;3;63;M;M;5064;EMP
059540020020-1479;059540020020;100mN31464E41429;MC;MIX;3;63;M;F;5064;EMP
059540020020-1480;059540020020;100mN31492E41419;MC;MIX;2;68;M;M;6574;EMP
059540020020-1480;059540020020;100mN31492E41419;MC;MIX;2;19;M;M;1824;NEP
059540020020-1481;059540020020;100mN31492E41419;S;NA;1;45;S;M;4049;EMP
059540020020-1482;059540020020;100mN31492E41419;MC;NA;2;60;M;M;5064;EMP
059540020020-1482;059540020020;100mN31492E41419;MC;NA;2;56;M;F;5064;EMP
059540020020-1483;059540020020;100mN31492E41419;MC;OS;2;81;M;M;75XX;NEP
059540020020-1483;059540020020;100mN31492E41419;MC;OS;2;72;M;F;6574;NEP
059540020020-1484;059540020020;100mN31484E41417;MC;NA;2;23;M;M;1824;EMP
059540020020-1484;059540020020;100mN31484E41417;MC;NA;2;18;M;F;1824;EMP
059540020020-1485;059540020020;100mN31468E41423;MC;MIX;2;67;M;F;6574;NEP
059540020020-1485;059540020020;100mN31468E41423;MC;MIX;2;79;M;M;75XX;EMP
059540020020-1486;059540020020;100mN31492E41419;PO;NA;2;27;S;M;2529;NEP
059540020020-1486;059540020020;100mN31492E41419;PO;NA;2;22;S;M;1824;NEP
059540020020-1487;059540020020;100mN31495E41424;MC;OS;4;80;M;F;75XX;NEP
059540020020-1487;059540020020;100mN31495E41424;MC;OS;4;83;M;M;75XX;EMP
059540020020-1487;059540020020;100mN31495E41424;MC;OS;4;69;M;F;6574;NEP
059540020020-1487;059540020020;100mN31495E41424;MC;OS;4;83;D;F;75XX;NEP
059540020020-1488;059540020020;100mN31465E41426;S;NA;1;26;M;M;2529;EMP
059540020020-1489;059540020020;100mN31501E41437;S;NA;1;31;M;F;3039;EMP
059540020020-1490;059540020020;100mN31484E41412;MC;NA;2;62;M;M;5064;EMP
059540020020-1490;059540020020;100mN31484E41412;MC;NA;2;61;M;F;5064;NEP
059540020020-1491;059540020020;100mN31480E41406;PO;NA;2;57;S;F;5064;EMP
059540020020-1491;059540020020;100mN31480E41406;PO;NA;2;60;S;F;5064;NEP
059540020020-1492;059540020020;100mN31492E41419;MC;OS;2;82;M;M;75XX;EMP
059540020020-1492;059540020020;100mN31492E41419;MC;OS;2;81;M;F;75XX;EMP
059540020020-1493;059540020020;100mN31480E41412;SF;NA;5;69;W;F;6574;NEP
059540020020-1493;059540020020;100mN31480E41412;SF;NA;5;4;S;M;0305;NEP
059540020020-1493;059540020020;100mN31480E41412;SF;NA;5;12;S;F;0614;NEP
059540020020-1493;059540020020;100mN31480E41412;SF;NA;5;19;S;M;1824;EMP
059540020020-1493;059540020020;100mN31480E41412;SF;NA;5;16;S;M;1517;NEP
059540020020-1494;059540020020;100mN31492E41419;S;NA;1;61;S;F;5064;EMP
059540020020-1495;059540020020;100mN31492E41419;S;NA;1;20;M;F;1824;NEP
059540020020-1496;059540020020;100mN31492E41419;MC;NA;2;58;M;F;5064;NEP
059540020020-1496;059540020020;100mN31492E41419;MC;NA;2;16;S;F;1517;NEP
059540020020-1497;059540020020;100mN31481E41413;S;OS;1;31;D;M;3039;NEP
059540020020-1498;059540020020;100mN31463E41423;MC;NA;2;20;M;F;1824;NEP
059540020020-1498;059540020020;100mN31463E41423;MC;NA;2;26;M;M;2529;EMP
059540020020-1499;059540020020;100mN31486E41409;S;OS;1;42;S;F;4049;EMP
059540020020-1500;059540020020;100mN31465E41419;PO;NA;2;45;S;M;4049;EMP
059540020020-1500;059540020020;100mN31465E41419;PO;NA;2;41;S;M;4049;EMP
059540020020-1501;059540020020;100mN31492E41419;MC;NA;2;22;M;M;1824;EMP
059540020020-1501;059540020020;100mN31492E41419;MC;NA;2;18;M;F;1824;NEP
059540020020-1502;059540020020;100mN31472E41423;MC;OS;2;68;M;M;6574;EMP
059540020020-1502;059540020020;100mN31472E41423;MC;OS;2;69;M;F;6574;EMP
059540020020-1503;059540020020;100mN31464E41419;MC;NA;3;48;M;M;4049;NEP
059540020020-1503;059540020020;100mN31464E41419;MC;NA;3;45;M;F;4049;NEP
059540020020-1503;059540020020;100mN31464E41419;MC;NA;3;1;S;F;0003;NEP
059540020020-1504;059540020020;100mN31483E41409;S;NA;1;79;S;M;75XX;EMP
059540020020-1505;059540020020;100mN31461E41423;PO;NA;4;48;S;F;4049;EMP
059540020020-1505;059540020020;100mN31461E41423;PO;NA;4;51;S;M;5064;NEP
059540020020-1505;059540020020;100mN31461E41423;PO;NA;4;32;M;M;3039;EMP
059540020020-1505;059540020020;100mN31461E41423;PO;NA;4;13;S;M;0614;NEP
059540020020-1506;059540020020;100mN31461E41422;MC;NA;2;47;M;M;4049;NEP
059540020020-1506;059540020020;100mN31461E41422;MC;NA;2;41;M;F;4049;NEP
059540020020-1507;059540020020;100mN31492E41419;MC;NA;2;18;M;M;1824;EMP
059540020020-1507;059540020020;100mN31492E41419;MC;NA;2;18;M;F;1824;NEP
059540020020-1508;059540020020;100mN31485E41437;SM;NA;5;46;S;M;4049;EMP
059540020020-1508;059540020020;100mN31485E41437;SM;NA;5;10;S;F;0614;NEP
059540020020-1508;059540020020;100mN31485E41437;SM;NA;5;28;W;M;2529;NEP
059540020020-1508;059540020020;100mN31485E41437;SM;NA;5;3;S;M;0305;NEP
059540020020-1508;059540020020;100mN31485E41437;SM;NA;5;23;M;M;1824;EMP
059540020020-1509;059540020020;100mN31480E41412;S;OS;1;69;M;F;6574;EMP
059540020020-1510;059540020020;100mN31464E41432;MC;OS;2;71;M;F;6574;EMP
059540020020-1510;059540020020;100mN31464E41432;MC;OS;2;85;M;M;75XX;EMP
059540020020-1511;059540020020;100mN31492E41419;S;NA;1;63;M;M;5064;NEP
059540020020-1512;059540020020;100mN31499E41434;S;OS;1;42;M;F;4049;EMP
059540020020-1513;059540020020;100mN31492E41419;MC;NA;2;48;M;F;4049;EMP
059540020020-1513;059540020020;100mN31492E41419;MC;NA;2;48;M;M;4049;EMP
059540020020-1514;059540020020;100mN31474E41431;MC;OS;3;76;M;F;75XX;EMP
059540020020-1514;059540020020;100mN31474E41431;MC;OS;3;65;M;M;6574;UEP
059540020020-1514;059540020020;100mN31474E41431;MC;OS;3;66;M;F;6574;NEP
059540020020-1515;059540020020;100mN31492E41419;SF;NA;2;55;S;F;5064;NEP
059540020020-1515;059540020020;100mN31492E41419;SF;NA;2;12;S;F;0614;NEP
059540020020-1516;059540020020;100mN31481E41410;MC;OS;2;89;M;F;75XX;EMP
059540020020-1516;059540020020;100mN31481E41410;MC;OS;2;70;D;F;6574;EMP
059540020020-1517;059540020020;100mN31473E41431;MC;NA;3;48;M;M;4049;EMP
059540020020-1517;059540020020;100mN31473E41431;MC;NA;3;57;M;F;5064;EMP
059540020020-1517;059540020020;100mN31473E41431;MC;NA;3;22;D;F;1824;NEP
059540020020-1518;059540020020;100mN31492E41419;MC;NA;2;46;M;M;4049;EMP
059540020020-1518;059540020020;100mN31492E41419;MC;NA;2;43;M;F;4049;NEP
059540020020-1519;059540020020;100mN31471E41430;SF;NA;2;79;D;F;75XX;NEP
059540020020-1519;059540020020;100mN31471E41430;SF;NA;2;13;S;M;0614;NEP
059540020020-1520;059540020020;100mN31467E41424;SF;NA;2;44;S;F;4049;NEP
059540020020-1520;059540020020;100mN31467E41424;SF;NA;2;4;S;F;0305;NEP
059540020020-1521;059540020020;100mN31500E41432;S;NA;1;25;W;F;2529;EMP
059540020020-1522;059540020020;100mN31484E41412;MC;NA;2;23;M;M;1824;NEP
059540020020-1522;059540020020;100mN31484E41412;MC;NA;2;23;M;F;1824;NEP
059540020020-1523;059540020020;100mN31481E41414;S;OS;1;68;S;F;6574;EMP
059540020020-1524;059540020020;100mN31499E41431;MC;NA;2;51;M;M;5064;UEP
059540020020-1524;059540020020;100mN31499E41431;MC;NA;2;59;M;F;5064;EMP
059540020020-1525;059540020020;100mN31484E41428;S;NA;1;47;S;M;4049;NEP
059540020020-1526;059540020020;100mN31464E41420;S;OS;1;23;M;M;1824;EMP
059540020020-1527;059540020020;100mN31494E41420;NA;OS;2;56;W;F;5064;NEP
059540020020-1527;059540020020;100mN31494E41420;NA;OS;2;53;D;M;5064;NEP
059540020020-1528;059540020020;100mN31492E41419;MC;NA;3;32;M;F;3039;NEP
059540020020-1528;059540020020;100mN31492E41419;MC;NA;3;32;M;M;3039;NEP
059540020020-1528;059540020020;100mN31492E41419;MC;NA;3;3;S;F;0305;NEP
059540020020-1529;059540020020;100mN31481E41399;S;NA;1;32;S;M;3039;NEP
059540020020-1530;059540020020;100mN31485E41411;MC;NA;2;40;M;M;4049;EMP
059540020020-1530;059540020020;100mN31485E41411;MC;NA;2;43;M;F;4049;NEP
059540020020-1531;059540020020;100mN31492E41419;MC;NA;4;51;M;F;5064;NEP
059540020020-1531;059540020020;100mN31492E41419;MC;NA;4;62;M;M;5064;NEP
059540020020-1531;059540020020;100mN31492E41419;MC;NA;4;16;S;F;1517;NEP
059540020020-1531;059540020020;100mN31492E41419;MC;NA;4;8;S;F;0614;NEP
059540020020-1532;059540020020;100mN31492E41419;MC;NA;2;40;M;F;4049;NEP
059540020020-1532;059540020020;100mN31492E41419;MC;NA;2;41;M;M;4049;EMP
059540020020-1533;059540020020;100mN31478E41429;MC;OS;2;82;M;F;75XX;NEP
059540020020-1533;059540020020;100mN31478E41429;MC;OS;2;78;M;M;75XX;EMP
059540020020-1534;059540020020;100mN31478E41407;S;NA;1;45;M;F;4049;NEP
059540020020-1535;059540020020;100mN31492E41419;S;OS;1;88;S;M;75XX;EMP
059540020020-1536;059540020020;100mN31483E41409;S;NA;1;63;M;M;5064;EMP
059540020020-1537;059540020020;100mN31465E41420;S;NA;1;88;D;M;75XX;NEP
059540020020-1538;059540020020;100mN31497E41426;SF;NA;2;81;W;F;75XX;EMP
059540020020-1538;059540020020;100mN31497E41426;SF;NA;2;9;S;M;0614;NEP
059540020020-1539;059540020020;100mN31462E41423;S;NA;1;28;M;M;2529;EMP
059540020020-1540;059540020020;100mN31462E41423;MC;NA;6;48;M;F;4049;NEP
059540020020-1540;059540020020;100mN31462E41423;MC;NA;6;48;M;M;4049;NEP
059540020020-1540;059540020020;100mN31462E41423;MC;NA;6;12;S;M;0614;NEP
059540020020-1540;059540020020;100mN31462E41423;MC;NA;6;7;S;M;0614;NEP
059540020020-1540;059540020020;100mN31462E41423;MC;NA;6;16;S;M;1517;UEP
059540020020-1540;059540020020;100mN31462E41423;MC;NA;6;11;S;F;0614;NEP
059540020020-1541;059540020020;100mN31462E41423;S;OS;1;88;M;M;75XX;EMP
059540020020-1542;059540020020;100mN31467E41424;MC;NA;2;27;M;M;2529;EMP
059540020020-1542;059540020020;100mN31467E41424;MC;NA;2;30;M;F;3039;EMP
059540020020-1543;059540020020;100mN31462E41423;MC;NA;3;63;M;M;5064;NEP
059540020020-1543;059540020020;100mN31462E41423;MC;NA;3;61;M;F;5064;EMP
059540020020-1543;059540020020;100mN31462E41423;MC;NA;3;9;S;F;0614;NEP
059540020020-1544;059540020020;100mN31462E41423;MC;NA;5;38;M;M;3039;NEP
059540020020-1544;059540020020;100mN31462E41423;MC;NA;5;34;M;F;3039;NEP
059540020020-1544;059540020020;100mN31462E41423;MC;NA;5;15;S;F;1517;NEP
059540020020-1544;059540020020;100mN31462E41423;MC;NA;5;23;M;F;1824;NEP
059540020020-1544;059540020020;100mN31462E41423;MC;NA;5;15;S;F;1517;NEP
059540020020-1545;059540020020;100mN31484E41418;S;OS;1;33;W;F;3039;EMP
059540020020-1546;059540020020;100mN31483E41405;MC;NA;4;51;M;M;5064;NEP
059540020020-1546;059540020020;100mN31483E41405;MC;NA;4;46;M;F;4049;EMP
059540020020-1546;059540020020;100mN31483E41405;MC;NA;4;16;S;F;1517;EMP
059540020020-1546;059540020020;100mN31483E41405;MC;NA;4;23;S;F;1824;NEP
059540020020-1547;059540020020;100mN31462E41423;S;NA;1;40;M;F;4049;NEP
059540020020-1548;059540020020;100mN31500E41433;MC;NA;4;38;M;F;3039;EMP
059540020020-1548;059540020020;100mN31500E41433;MC;NA;4;36;M;M;3039;NEP
059540020020-1548;059540020020;100mN31500E41433;MC;NA;4;7;S;M;0614;NEP
059540020020-1548;059540020020;100mN31500E41433;MC;NA;4;19;M;F;1824;NEP
059540020020-1549;059540020020;100mN31488E41413;SF;NA;2;40;S;F;4049;NEP
059540020020-1549;059540020020;100mN31488E41413;SF;NA;2;16;S;M;1517;EMP
059540020020-1550;059540020020;100mN31465E41423;MC;NA;2;51;M;M;5064;EMP
059540020020-1550;059540020020;100mN31465E41423;MC;NA;2;48;M;F;4049;EMP
059540020020-1551;059540020020;100mN31469E41418;PO;NA;4;59;S;M;5064;NEP
059540020020-1551;059540020020;100mN31469E41418;PO;NA;4;53;S;M;5064;EMP
059540020020-1551;059540020020;100mN31469E41418;PO;NA;4;6;S;M;0614;NEP
059540020020-1551;059540020020;100mN31469E41418;PO;NA;4;6;S;M;0614;NEP
059540020020-1552;059540020020;100mN31462E41423;MC;OS;2;84;M;M;75XX;EMP
059540020020-1552;059540020020;100mN31462E41423;MC;OS;2;85;M;F;75XX;NEP
059540020020-1553;059540020020;100mN31464E41420;MC;NA;2;50;M;M;5064;UEP
059540020020-1553;059540020020;100mN31464E41420;MC;NA;2;50;M;F;5064;NEP
059540020020-1554;059540020020;100mN31491E41415;MC;OS;3;78;M;F;75XX;NEP
059540020020-1554;059540020020;100mN31491E41415;MC;OS;3;86;M;M;75XX;NEP
059540020020-1554;059540020020;100mN31491E41415;MC;OS;3;66;M;F;6574;NEP
059540020020-1555;059540020020;100mN31499E41436;MC;NA;2;44;M;F;4049;EMP
059540020020-1555;059540020020;100mN31499E41436;MC;NA;2;36;M;M;3039;NEP
059540020020-1556;059540020020;100mN31468E41424;MC;NA;4;40;M;M;4049;EMP
059540020020-1556;059540020020;100mN31468E41424;MC;NA;4;40;M;F;4049;EMP
059540020020-1556;059540020020;100mN31468E41424;MC;NA;4;11;S;M;0614;NEP
059540020020-1556;059540020020;100mN31468E41424;MC;NA;4;2;S;F;0003;NEP
059540020020-1557;059540020020;100mN31462E41423;MC;OS;2;86;M;M;75XX;NEP
059540020020-1557;059540020020;100mN31462E41423;MC;OS;2;83;M;F;75XX;EMP
059540020020-1558;059540020020;100mN31491E41410;S;NA;1;27;M;F;2529;EMP
059540020020-1559;059540020020;100mN31462E41423;S;NA;1;68;S;M;6574;NEP
059540020020-1560;059540020020;100mN31472E41432;S;OS;1;43;W;M;4049;NEP
059540020020-1561;059540020020;100mN31462E41423;S;NA;1;62;S;M;5064;EMP
059540020020-1562;059540020020;100mN31462E41423;MC;NA;2;43;M;F;4049;EMP
059540020020-1562;059540020020;100mN31462E41423;MC;NA;2;45;M;M;4049;EMP
059540020020-1563;059540020020;100mN31491E41409;MC;NA;2;55;M;F;5064;EMP
059540020020-1563;059540020020;100mN31491E41409;MC;NA;2;13;S;F;0614;NEP
059540020020-1564;059540020020;100mN31485E41418;S;NA;1;58;M;M;5064;UEP
059540020020-1565;059540020020;100mN31483E41405;S;OS;1;40;M;M;4049;EMP
059540020020-1566;059540020020;100mN31485E41429;S;OS;1;54;S;F;5064;EMP
059540020020-1567;059540020020;100mN31464E41424;S;OS;1;71;W;F;6574;NEP
059540020020-1568;059540020020;100mN31484E41419;S;NA;1;40;D;M;4049;EMP
059540020020-1569;059540020020;100mN31462E41423;S;NA;1;40;D;F;4049;NEP
059540020020-1570;059540020020;100mN31494E41441;MC;NA;2;37;M;M;3039;NEP
059540020020-1570;059540020020;100mN31494E41441;MC;NA;2;38;M;F;3039;EMP
059540020020-1571;059540020020;100mN31500E41433;S;NA;1;79;D;M;75XX;EMP
059540020020-1572;059540020020;100mN31464E41419;MC;OS;2;65;M;M;6574;EMP
059540020020-1572;059540020020;100mN31464E41419;MC;OS;2;75;M;F;75XX;EMP
059540020020-1573;059540020020;100mN31481E41410;S;OS;1;54;S;F;5064;NEP
059540020020-1574;059540020020;100mN31481E41411;S;NA;1;86;W;F;75XX;NEP
059540020020-1575;059540020020;100mN31462E41423;MC;OS;2;86;M;M;75XX;UEP
059540020020-1575;059540020020;100mN31462E41423;MC;OS;2;78;M;F;75XX;EMP
059540020020-1576;059540020020;100mN31465E41426;S;NA;1;26;M;M;2529;EMP
059540020020-1577;059540020020;100mN31460E41429;SF;NA;2;54;D;F;5064;EMP
059540020020-1577;059540020020;100mN31460E41429;SF;NA;2;11;S;M;0614;NEP
059540020020-1578;059540020020;100mN31467E41429;NA;NA;2;43;S;F;4049;EMP
059540020020-1578;059540020020;100mN31467E41429;NA;NA;2;35;M;F;3039;NEP
059540020020-1579;059540020020;100mN31492E41428;S;OS;1;31;M;F;3039;EMP
059540020020-1580;059540020020;100mN31480E41405;MC;NA;3;48;M;F;4049;EMP
059540020020-1580;059540020020;100mN31480E41405;MC;NA;3;57;M;M;5064;EMP
059540020020-1580;059540020020;100mN31480E41405;MC;NA;3;4;S;F;0305;NEP
059540020020-1581;059540020020;100mN31481E41412;MC;NA;2;58;M;M;5064;EMP
059540020020-1581;059540020020;100mN31481E41412;MC;NA;2;53;M;F;5064;NEP
059540020020-1582;059540020020;100mN31468E41420;PO;MIX;4;69;D;F;6574;EMP
059540020020-1582;059540020020;100mN31468E41420;PO;MIX;4;33;S;M;3039;NEP
059540020020-1582;059540020020;100mN31468E41420;PO;MIX;4;27;S;M;2529;EMP
059540020020-1582;059540020020;100mN31468E41420;PO;MIX;4;13;S;F;0614;NEP
059540020020-1583;059540020020;100mN31480E41405;S;NA;1;65;D;M;6574;EMP
059540020020-1584;059540020020;100mN31495E41439;SF;NA;2;48;W;F;4049;NEP
059540020020-1584;059540020020;100mN31495E41439;SF;NA;2;15;S;F;1517;NEP
059540020020-1585;059540020020;100mN31480E41405;S;OS;1;22;M;F;1824;NEP
059540020020-1586;059540020020;100mN31480E41405;PO;NA;2;57;S;M;5064;EMP
059540020020-1586;059540020020;100mN31480E41405;PO;NA;2;48;S;M;4049;EMP
059540020020-1587;059540020020;100mN31478E41407;S;OS;1;40;M;F;4049;EMP
059540020020-1588;059540020020;100mN31499E41433;MC;MIX;5;79;M;F;75XX;EMP
059540020020-1588;059540020020;100mN31499E41433;MC;MIX;5;47;M;F;4049;EMP
059540020020-1588;059540020020;100mN31499E41433;MC;MIX;5;50;M;M;5064;EMP
059540020020-1588;059540020020;100mN31499E41433;MC;MIX;5;23;D;F;1824;EMP
059540020020-1588;059540020020;100mN31499E41433;MC;MIX;5;21;M;M;1824;NEP
059540020020-1589;059540020020;100mN31480E41405;MC;OS;2;67;M;F;6574;NEP
059540020020-1589;059540020020;100mN31480E41405;MC;OS;2;70;M;M;6574;NEP
059540020020-1590;059540020020;100mN31480E41405;MC;OS;3;86;M;F;75XX;NEP
059540020020-1590;059540020020;100mN31480E41405;MC;OS;3;89;M;M;75XX;EMP
059540020020-1590;059540020020;100mN31480E41405;MC;OS;3;88;M;F;75XX;NEP
059540020020-1591;059540020020;100mN31480E41405;MC;NA;2;50;M;M;5064;NEP
059540020020-1591;059540020020;100mN31480E41405;MC;NA;2;50;M;F;5064;EMP
059540020020-1592;059540020020;100mN31489E41429;PO;NA;2;52;S;F;5064;NEP
059540020020-1592;059540020020;100mN31489E41429;PO;NA;2;57;S;F;5064;EMP
059540020020-1593;059540020020;100mN31469E41418;S;NA;1;63;S;M;5064;NEP
059540020020-1594;059540020020;100mN31483E41407;MC;NA;2;52;M;F;5064;NEP
059540020020-1594;059540020020;100mN31483E41407;MC;NA;2;63;M;M;5064;EMP
059540020020-1595;059540020020;100mN31479E41400;S;OS;1;53;W;M;5064;EMP
059540020020-1596;059540020020;100mN31480E41405;S;NA;1;26;M;M;2529;EMP
059540020020-1597;059540020020;100mN31480E41405;S;NA;1;28;M;M;2529;EMP
059540020020-1598;059540020020;100mN31480E41405;MC;NA;3;51;M;F;5064;EMP
059540020020-1598;059540020020;100mN31480E41405;MC;NA;3;55;M;M;5064;NEP
059540020020-1598;059540020020;100mN31480E41405;MC;NA;3;3;S;M;0305;NEP
059540020020-1599;059540020020;100mN31470E41419;S;NA;1;52;S;M;5064;NEP
059540020020-1600;059540020020;100mN31470E41419;MC;NA;2;20;M;F;1824;EMP
059540020020-1600;059540020020;100mN31470E41419;MC;NA;2;18;M;M;1824;NEP
059540020020-1601;059540020020;100mN31470E41419;MC;OS;2;68;M;F;6574;NEP
059540020020-1601;059540020020;100mN31470E41419;MC;OS;2;68;M;M;6574;EMP
059540020020-1602;059540020020;100mN31486E41435;S;NA;1;57;D;F;5064;EMP
059540020020-1603;059540020020;100mN31470E41419;S;NA;1;88;M;F;75XX;NEP
059540020020-1604;059540020020;100mN31470E41419;MC;NA;2;62;M;F;5064;EMP
059540020020-1604;059540020020;100mN31470E41419;MC;NA;2;45;M;F;4049;NEP
059540020020-1605;059540020020;100mN31470E41419;MC;NA;2;58;M;M;5064;EMP
059540020020-1605;059540020020;100mN31470E41419;MC;NA;2;56;M;F;5064;NEP
059540020020-1606;059540020020;100mN31470E41419;MC;OS;3;65;M;F;6574;NEP
059540020020-1606;059540020020;100mN31470E41419;MC;OS;3;65;M;M;6574;EMP
059540020020-1606;059540020020;100mN31470E41419;MC;OS;3;83;M;F;75XX;NEP
059540020020-1607;059540020020;100mN31470E41419;MC;OS;2;86;M;M;75XX;UEP
059540020020-1607;059540020020;100mN31470E41419;MC;OS;2;85;M;F;75XX;NEP
059540020020-1608;059540020020;100mN31470E41419;MC;NA;3;48;M;M;4049;EMP
059540020020-1608;059540020020;100mN31470E41419;MC;NA;3;51;M;F;5064;EMP
059540020020-1608;059540020020;100mN31470E41419;MC;NA;3;33;M;M;3039;EMP
059540020020-1609;059540020020;100mN31478E41408;S;OS;1;48;M;M;4049;EMP
059540020020-1610;059540020020;100mN31470E41419;S;NA;1;71;M;F;6574;NEP
059540020020-1611;059540020020;100mN31494E41439;S;NA;1;62;W;F;5064;EMP
059540020020-1612;059540020020;100mN31497E41425;S;OS;1;69;S;M;6574;EMP
059540020020-1613;059540020020;100mN31470E41419;MC;NA;2;31;M;F;3039;EMP
059540020020-1613;059540020020;100mN31470E41419;MC;NA;2;36;M;M;3039;NEP
059540020020-1614;059540020020;100mN31472E41425;MC;MIX;2;79;M;F;75XX;NEP
059540020020-1614;059540020020;100mN31472E41425;MC;MIX;2;6;S;F;0614;NEP
059540020020-1615;059540020020;100mN31481E41404;S;OS;1;16;S;F;1517;NEP
059540020020-1616;059540020020;100mN31467E41424;MC;NA;2;51;M;M;5064;NEP
059540020020-1616;059540020020;100mN31467E41424;MC;NA;2;46;M;F;4049;NEP
059540020020-1617;059540020020;100mN31470E41419;MC;NA;2;33;M;F;3039;NEP
059540020020-1617;059540020020;100mN31470E41419;MC;NA;2;37;M;M;3039;EMP
059540020020-1618;059540020020;100mN31480E41409;S;OS;1;43;M;M;4049;EMP
059540020020-1619;059540020020;100mN31485E41414;MC;OS;2;86;M;M;75XX;EMP
059540020020-1619;059540020020;100mN31485E41414;MC;OS;2;80;M;F;75XX;NEP
059540020020-1620;059540020020;100mN31491E41416;MC;MIX;2;88;M;F;75XX;EMP
059540020020-1620;059540020020;100mN31491E41416;MC;MIX;2;8;S;M;0614;NEP
059540020020-1621;059540020020;100mN31470E41419;PO;OS;4;75;S;M;75XX;EMP
059540020020-1621;059540020020;100mN31470E41419;PO;OS;4;65;S;F;6574;NEP
059540020020-1621;059540020020;100mN31470E41419;PO;OS;4;73;M;M;6574;EMP
059540020020-1621;059540020020;100mN31470E41419;PO;OS;4;70;M;M;6574;NEP
059540020020-1622;059540020020;100mN31489E41409;S;NA;1;43;D;F;4049;EMP
059540020020-1623;059540020020;100mN31471E41418;MC;OS;2;67;M;F;6574;EMP
059540020020-1623;059540020020;100mN31471E41418;MC;OS;2;68;M;M;6574;EMP
059540020020-1624;059540020020;100mN31470E41419;MC;NA;6;23;M;F;1824;NEP
059540020020-1624;059540020020;100mN31470E41419;MC;NA;6;25;M;M;2529;NEP
059540020020-1624;059540020020;100mN31470E41419;MC;NA;6;7;S;M;0614;NEP
059540020020-1624;059540020020;100mN31470E41419;MC;NA;6;0;S;F;0003;NEP
059540020020-1624;059540020020;100mN31470E41419;MC;NA;6;8;S;F;0614;NEP
059540020020-1624;059540020020;100mN31470E41419;MC;NA;6;0;S;F;0003;NEP
059540020020-1625;059540020020;100mN31468E41421;MC;NA;4;31;M;F;3039;NEP
059540020020-1625;059540020020;100mN31468E41421;MC;NA;4;37;M;M;3039;NEP
059540020020-1625;059540020020;100mN31468E41421;MC;NA;4;11;S;F;0614;NEP
059540020020-1625;059540020020;100mN31468E41421;MC;NA;4;10;S;M;0614;NEP
059540020020-1626;059540020020;100mN31480E41410;S;NA;1;67;S;F;6574;EMP
059540020020-1627;059540020020;100mN31470E41419;MC;NA;2;19;M;F;1824;EMP
059540020020-1627;059540020020;100mN31470E41419;MC;NA;2;25;M;M;2529;NEP
059540020020-1628;059540020020;100mN31470E41419;S;NA;1;83;M;M;75XX;EMP
059540020020-1629;059540020020;100mN31489E41422;S;OS;1;65;S;M;6574;NEP
059540020020-1630;059540020020;100mN31478E41415;MC;OS;3;72;M;M;6574;EMP
059540020020-1630;059540020020;100mN31478E41415;MC;OS;3;70;M;F;6574;NEP
059540020020-1630;059540020020;100mN31478E41415;MC;OS;3;86;M;F;75XX;NEP
059540020020-1631;059540020020;100mN31482E41413;MC;NA;3;62;M;F;5064;NEP
059540020020-1631;059540020020;100mN31482E41413;MC;NA;3;62;M;M;5064;NEP
059540020020-1631;059540020020;100mN31482E41413;MC;NA;3;8;S;M;0614;NEP
059540020020-1632;059540020020;100mN31467E41415;MC;NA;2;37;M;F;3039;NEP
059540020020-1632;059540020020;100mN31467E41415;MC;NA;2;40;M;M;4049;NEP
059540020020-1633;059540020020;100mN31470E41419;S;NA;1;57;M;M;5064;EMP
059540020020-1634;059540020020;100mN31470E41419;S;NA;1;20;M;F;1824;NEP
059540020020-1635;059540020020;100mN31470E41419;S;NA;1;50;S;M;5064;NEP
059540020020-1636;059540020020;100mN31484E41412;S;NA;1;19;M;F;1824;EMP
059540020020-1637;059540020020;100mN31476E41422;S;OS;1;60;M;F;5064;EMP
059540020020-1638;059540020020;100mN31499E41432;MC;NA;3;36;M;M;3039;EMP
059540020020-1638;059540020020;100mN31499E41432;MC;NA;3;30;M;F;3039;EMP
059540020020-1638;059540020020;100mN31499E41432;MC;NA;3;16;S;F;1517;NEP
059540020020-1639;059540020020;100mN31480E41406;MC;OS;2;72;M;F;6574;NEP
059540020020-1639;059540020020;100mN31480E41406;MC;OS;2;70;M;M;6574;EMP
059540020020-1640;059540020020;100mN31483E41409;PO;NA;3;48;S;M;4049;EMP
059540020020-1640;059540020020;100mN31483E41409;PO;NA;3;45;S;F;4049;EMP
059540020020-1640;059540020020;100mN31483E41409;PO;NA;3;10;S;F;0614;NEP
059540020020-1641;059540020020;100mN31475E41405;S;OS;1;42;M;F;4049;EMP
059540020020-1642;059540020020;100mN31472E41424;S;NA;1;70;M;F;6574;EMP
059540020020-1643;059540020020;100mN31486E41411;SM;NA;3;61;W;M;5064;NEP
059540020020-1643;059540020020;100mN31486E41411;SM;NA;3;16;S;F;1517;NEP
059540020020-1643;059540020020;100mN31486E41411;SM;NA;3;6;S;F;0614;NEP
059540020020-1644;059540020020;100mN31484E41394;MC;NA;4;20;M;M;1824;EMP
059540020020-1644;059540020020;100mN31484E41394;MC;NA;4;18;M;F;1824;EMP
059540020020-1644;059540020020;100mN31484E41394;MC;NA;4;4;S;M;0305;NEP
059540020020-1644;059540020020;100mN31484E41394;MC;NA;4;4;S;M;0305;NEP
059540020020-1645;059540020020;100mN31478E41403;S;NA;1;41;W;F;4049;EMP
059540020020-1646;059540020020;100mN31484E41394;MC;NA;2;58;M;F;5064;NEP
059540020020-1646;059540020020;100mN31484E41394;MC;NA;2;63;M;M;5064;EMP
059540020020-1647;059540020020;100mN31484E41394;MC;NA;4;35;M;F;3039;NEP
059540020020-1647;059540020020;100mN31484E41394;MC;NA;4;30;M;M;3039;EMP
059540020020-1647;059540020020;100mN31484E41394;MC;NA;4;15;S;F;1517;NEP
059540020020-1647;059540020020;100mN31484E41394;MC;NA;4;3;S;F;0305;NEP
059540020020-1648;059540020020;100mN31466E41418;MC;OS;3;65;M;F;6574;EMP
059540020020-1648;059540020020;100mN31466E41418;MC;OS;3;88;M;M;75XX;EMP
059540020020-1648;059540020020;100mN31466E41418;MC;OS;3;85;M;F;75XX;NEP
059540020020-1649;059540020020;100mN31469E41429;S;NA;1;38;M;M;3039;NEP
059540020020-1650;059540020020;100mN31474E41431;S;NA;1;21;W;M;1824;EMP
059540020020-1651;059540020020;100mN31469E41429;MC;NA;2;60;M;F;5064;NEP
059540020020-1651;059540020020;100mN31469E41429;MC;NA;2;62;M;M;5064;EMP
059540020020-1652;059540020020;100mN31469E41429;MC;NA;2;56;M;M;5064;NEP
059540020020-1652;059540020020;100mN31469E41429;MC;NA;2;55;M;F;5064;EMP
059540020020-1653;059540020020;100mN31469E41429;S;NA;1;84;M;F;75XX;NEP
059540020020-1654;059540020020;100mN31469E41429;MC;NA;2;22;M;M;1824;NEP
059540020020-1654;059540020020;100mN31469E41429;MC;NA;2;18;M;F;1824;EMP
059540020020-1655;059540020020;100mN31472E41422;MC;NA;2;51;M;F;5064;NEP
059540020020-1655;059540020020;100mN31472E41422;MC;NA;2;53;M;M;5064;EMP
059540020020-1656;059540020020;100mN31465E41421;MC;OS;3;66;M;F;6574;EMP
059540020020-1656;059540020020;100mN31465E41421;MC;OS;3;72;M;M;6574;NEP
059540020020-1656;059540020020;100mN31465E41421;MC;OS;3;70;M;F;6574;EMP
059540020020-1657;059540020020;100mN31469E41429;PO;NA;3;44;S;F;4049;NEP
059540020020-1657;059540020020;100mN31469E41429;PO;NA;3;44;S;F;4049;NEP
059540020020-1657;059540020020;100mN31469E41429;PO;NA;3;16;S;M;1517;EMP
059540020020-1658;059540020020;100mN31469E41429;S;OS;1;23;D;F;1824;NEP
059540020020-1659;059540020020;100mN31469E41429;MC;OS;4;72;M;M;6574;NEP
059540020020-1659;059540020020;100mN31469E41429;MC;OS;4;69;M;F;6574;NEP
059540020020-1659;059540020020;100mN31469E41429;MC;OS;4;80;W;F;75XX;EMP
059540020020-1659;059540020020;100mN31469E41429;MC;OS;4;73;D;M;6574;NEP
059540020020-1660;059540020020;100mN31469E41429;MC;OS;3;65;M;M;6574;EMP
059540020020-1660;059540020020;100mN31469E41429;MC;OS;3;65;M;F;6574;EMP
059540020020-1660;059540020020;100mN31469E41429;MC;OS;3;81;M;F;75XX;EMP
059540020020-1661;059540020020;100mN31488E41421;PO;OS;2;66;S;M;6574;EMP
059540020020-1661;059540020020;100mN31488E41421;PO;OS;2;83;S;M;75XX;EMP
059540020020-1662;059540020020;100mN31472E41423;S;OS;1;62;M;M;5064;EMP
059540020020-1663;059540020020;100mN31472E41432;S;OS;1;22;M;F;1824;NEP
059540020020-1664;059540020020;100mN31484E41410;MC;NA;4;42;M;F;4049;NEP
059540020020-1664;059540020020;100mN31484E41410;MC;NA;4;45;M;M;4049;EMP
059540020020-1664;059540020020;100mN31484E41410;MC;NA;4;15;S;F;1517;NEP
059540020020-1664;059540020020;100mN31484E41410;MC;NA;4;13;S;M;0614;NEP
059540020020-1665;059540020020;100mN31469E41418;S;NA;1;16;S;M;1517;NEP
059540020020-1666;059540020020;100mN31463E41426;S;NA;1;45;W;F;4049;NEP
059540020020-1667;059540020020;100mN31484E41407;MC;NA;2;31;M;F;3039;EMP
059540020020-1667;059540020020;100mN31484E41407;MC;NA;2;28;M;M;2529;EMP
059540020020-1668;059540020020;100mN31472E41422;S;NA;1;63;D;F;5064;EMP
059540020020-1669;059540020020;100mN31480E41403;S;NA;1;37;M;F;3039;NEP
059540020020-1670;059540020020;100mN31463E41422;S;OS;1;59;D;F;5064;EMP
059540020020-1671;059540020020;100mN31493E41429;MC;NA;2;23;M;F;1824;EMP
059540020020-1671;059540020020;100mN31493E41429;MC;NA;2;27;M;M;2529;EMP
059540020020-1672;059540020020;100mN31472E41432;MC;NA;2;41;M;M;4049;EMP
059540020020-1672;059540020020;100mN31472E41432;MC;NA;2;40;M;F;4049;NEP
059540020020-1673;059540020020;100mN31493E41406;S;NA;1;19;S;M;1824;NEP
059540020020-1674;059540020020;100mN31502E41435;MC;OS;2;76;M;F;75XX;NEP
059540020020-1674;059540020020;100mN31502E41435;MC;OS;2;77;M;M;75XX;NEP
059540020020-1675;059540020020;100mN31469E41418;S;NA;1;63;S;M;5064;NEP
059540020020-1676;059540020020;100mN31461E41423;MC;NA;3;33;M;F;3039;EMP
059540020020-1676;059540020020;100mN31461E41423;MC;NA;3;36;M;M;3039;EMP
059540020020-1676;059540020020;100mN31461E41423;MC;NA;3;18;M;F;1824;NEP
059540020020-1677;059540020020;100mN31484E41413;S;NA;1;52;D;M;5064;EMP
059540020020-1678;059540020020;100mN31468E41431;MC;OS;3;77;M;F;75XX;NEP
059540020020-1678;059540020020;100mN31468E41431;MC;OS;3;83;M;M;75XX;EMP
059540020020-1678;059540020020;100mN31468E41431;MC;OS;3;68;W;F;6574;NEP
059540020020-1679;059540020020;100mN31472E41432;SF;NA;2;45;D;F;4049;EMP
059540020020-1679;059540020020;100mN31472E41432;SF;NA;2;13;S;M;0614;NEP
059540020020-1680;059540020020;100mN31489E41418;S;OS;1;73;W;M;6574;EMP
059540020020-1681;059540020020;100mN31479E41411;SF;NA;3;61;D;F;5064;NEP
059540020020-1681;059540020020;100mN31479E41411;SF;NA;3;13;S;F;0614;NEP
059540020020-1681;059540020020;100mN31479E41411;SF;NA;3;9;S;M;0614;NEP
059540020020-1682;059540020020;100mN31473E41424;NA;NA;2;54;M;M;5064;EMP
059540020020-1682;059540020020;100mN31473E41424;NA;NA;2;69;W;F;6574;EMP
059540020020-1683;059540020020;100mN31464E41429;MC;MIX;3;87;S;F;75XX;NEP
059540020020-1683;059540020020;100mN31464E41429;MC;MIX;3;63;M;M;5064;EMP
059540020020-1683;059540020020;100mN31464E41429;MC;MIX;3;63;M;F;5064;EMP
059540020020-1684;059540020020;100mN31491E41419;MC;NA;2;50;M;M;5064;NEP
059540020020-1684;059540020020;100mN31491E41419;MC;NA;2;41;M;F;4049;NEP
059540020020-1685;059540020020;100mN31480E41403;S;NA;1;51;S;M;5064;NEP
059540020020-1686;059540020020;100mN31502E41426;S;OS;1;59;S;M;5064;EMP
059540020020-1687;059540020020;100mN31471E41425;MC;MIX;2;86;M;M;75XX;EMP
059540020020-1687;059540020020;100mN31471E41425;MC;MIX;2;47;S;M;4049;NEP
059540020020-1688;059540020020;100mN31465E41419;MC;NA;3;61;M;F;5064;NEP
059540020020-1688;059540020020;100mN31465E41419;MC;NA;3;31;D;F;3039;EMP
059540020020-1688;059540020020;100mN31465E41419;MC;NA;3;8;S;F;0614;NEP
059540020020-1689;059540020020;100mN31488E41414;MC;NA;2;61;M;F;5064;EMP
059540020020-1689;059540020020;100mN31488E41414;MC;NA;2;62;M;M;5064;EMP
059540020020-1690;059540020020;100mN31488E41414;MC;OS;2;69;M;M;6574;EMP
059540020020-1690;059540020020;100mN31488E41414;MC;OS;2;68;M;F;6574;NEP
059540020020-1691;059540020020;100mN31472E41422;MC;MIX;2;71;M;M;6574;NEP
059540020020-1691;059540020020;100mN31472E41422;MC;MIX;2;62;M;M;5064;EMP
059540020020-1692;059540020020;100mN31488E41414;SF;NA;2;78;D;F;75XX;EMP
059540020020-1692;059540020020;100mN31488E41414;SF;NA;2;46;M;F;4049;EMP
059540020020-1693;059540020020;100mN31488E41414;MC;OS;2;88;M;F;75XX;EMP
059540020020-1693;059540020020;100mN31488E41414;MC;OS;2;83;M;M;75XX;EMP
059540020020-1694;059540020020;100mN31496E41444;MC;OS;2;67;M;F;6574;EMP
059540020020-1694;059540020020;100mN31496E41444;MC;OS;2;71;M;M;6574;NEP
059540020020-1695;059540020020;100mN31483E41404;S;NA;1;31;M;F;3039;NEP
059540020020-1696;059540020020;100mN31492E41409;MC;NA;2;43;M;M;4049;NEP
059540020020-1696;059540020020;100mN31492E41409;MC;NA;2;40;M;F;4049;NEP
059540020020-1697;059540020020;100mN31492E41409;SF;NA;2;63;W;F;5064;EMP
059540020020-1697;059540020020;100mN31492E41409;SF;NA;2;0;S;F;0003;NEP
059540020020-1698;059540020020;100mN31466E41429;NA;NA;2;41;S;M;4049;NEP
059540020020-1698;059540020020;100mN31466E41429;NA;NA;2;52;M;F;5064;EMP
059540020020-1699;059540020020;100mN31481E41404;S;OS;1;16;S;M;1517;EMP
059540020020-1700;059540020020;100mN31460E41425;SM;NA;4;41;S;M;4049;EMP
059540020020-1700;059540020020;100mN31460E41425;SM;NA;4;6;S;F;0614;NEP
059540020020-1700;059540020020;100mN31460E41425;SM;NA;4;9;S;M;0614;NEP
059540020020-1700;059540020020;100mN31460E41425;SM;NA;4;1;S;F;0003;NEP
059540020020-1701;059540020020;100mN31465E41427;MC;NA;4;53;M;F;5064;EMP
059540020020-1701;059540020020;100mN31465E41427;MC;NA;4;60;M;M;5064;EMP
059540020020-1701;059540020020;100mN31465E41427;MC;NA;4;10;S;F;0614;NEP
059540020020-1701;059540020020;100mN31465E41427;MC;NA;4;6;S;M;0614;NEP
059540020020-1702;059540020020;100mN31481E41413;S;OS;1;31;D;M;3039;NEP
059540020020-1703;059540020020;100mN31466E41429;NA;OS;3;42;M;M;4049;EMP
059540020020-1703;059540020020;100mN31466E41429;NA;OS;3;89;D;F;75XX;EMP
059540020020-1703;059540020020;100mN31466E41429;NA;OS;3;18;S;F;1824;EMP
059540020020-1704;059540020020;100mN31466E41429;S;NA;1;16;S;M;1517;EMP
059540020020-1705;059540020020;100mN31466E41429;MC;OS;2;73;M;M;6574;EMP
059540020020-1705;059540020020;100mN31466E41429;MC;OS;2;71;M;F;6574;NEP
059540020020-1706;059540020020;100mN31490E41419;S;NA;1;37;D;F;3039;EMP
059540020020-1707;059540020020;100mN31466E41429;SF;NA;2;54;W;F;5064;NEP
059540020020-1707;059540020020;100mN31466E41429;SF;NA;2;12;S;M;0614;NEP
059540020020-1708;059540020020;100mN31481E41406;PO;OS;2;84;S;F;75XX;NEP
059540020020-1708;059540020020;100mN31481E41406;PO;OS;2;84;S;F;75XX;EMP
059540020020-1709;059540020020;100mN31466E41429;MC;NA;2;43;M;M;4049;EMP
059540020020-1709;059540020020;100mN31466E41429;MC;NA;2;42;M;F;4049;EMP
059540020020-1710;059540020020;100mN31469E41424;S;OS;1;28;D;M;2529;EMP
059540020020-1711;059540020020;100mN31466E41429;S;OS;1;51;D;F;5064;NEP
059540020020-1712;059540020020;100mN31463E41423;S;NA;1;66;S;M;6574;NEP
059540020020-1713;059540020020;100mN31473E41419;SF;MIX;2;77;W;F;75XX;EMP
059540020020-1713;059540020020;100mN31473E41419;SF;MIX;2;10;S;M;0614;NEP
059540020020-1714;059540020020;100mN31479E41406;PO;NA;2;20;S;F;1824;NEP
059540020020-1714;059540020020;100mN31479E41406;PO;NA;2;22;S;M;1824;NEP
059540020020-1715;059540020020;100mN31478E41401;S;NA;1;44;M;F;4049;NEP
059540020020-1716;059540020020;100mN31466E41429;MC;NA;2;47;M;F;4049;EMP
059540020020-1716;059540020020;100mN31466E41429;MC;NA;2;54;M;M;5064;EMP
059540020020-1717;059540020020;100mN31495E41423;SM;MIX;2;73;D;M;6574;EMP
059540020020-1717;059540020020;100mN31495E41423;SM;MIX;2;30;S;M;3039;EMP
059540020020-1718;059540020020;100mN31466E41429;PO;NA;2;40;S;F;4049;EMP
059540020020-1718;059540020020;100mN31466E41429;PO;NA;2;37;S;M;3039;NEP
059540020020-1719;059540020020;100mN31497E41415;MC;OS;5;65;M;M;6574;NEP
059540020020-1719;059540020020;100mN31497E41415;MC;OS;5;68;M;F;6574;EMP
059540020020-1719;059540020020;100mN31497E41415;MC;OS;5;69;W;F;6574;NEP
059540020020-1719;059540020020;100mN31497E41415;MC;OS;5;80;S;F;75XX;NEP
059540020020-1719;059540020020;100mN31497E41415;MC;OS;5;69;S;F;6574;EMP
059540020020-1720;059540020020;100mN31478E41404;MC;MIX;3;67;M;M;6574;UEP
059540020020-1720;059540020020;100mN31478E41404;MC;MIX;3;54;M;M;5064;EMP
059540020020-1720;059540020020;100mN31478E41404;MC;MIX;3;48;M;F;4049;EMP
059540020020-1721;059540020020;100mN31466E41429;S;NA;1;71;M;M;6574;NEP
059540020020-1722;059540020020;100mN31490E41417;MC;MIX;3;87;S;M;75XX;EMP
059540020020-1722;059540020020;100mN31490E41417;MC;MIX;3;21;M;F;1824;NEP
059540020020-1722;059540020020;100mN31490E41417;MC;MIX;3;22;M;M;1824;NEP
059540020020-1723;059540020020;100mN31466E41429;MC;NA;2;35;M;F;3039;NEP
059540020020-1723;059540020020;100mN31466E41429;MC;NA;2;38;M;M;3039;EMP
059540020020-1724;059540020020;100mN31483E41404;SF;NA;2;21;S;F;1824;EMP
059540020020-1724;059540020020;100mN31483E41404;SF;NA;2;3;S;M;0305;NEP
059540020020-1725;059540020020;100mN31493E41425;SF;NA;3;52;S;F;5064;EMP
059540020020-1725;059540020020;100mN31493E41425;SF;NA;3;30;S;M;3039;EMP
059540020020-1725;059540020020;100mN31493E41425;SF;NA;3;12;S;M;0614;NEP
059540020020-1726;059540020020;100mN31484E41412;PO;NA;2;32;S;M;3039;NEP
059540020020-1726;059540020020;100mN31484E41412;PO;NA;2;35;S;M;3039;EMP
059540020020-1727;059540020020;100mN31466E41429;S;NA;1;67;M;M;6574;NEP
059540020020-1728;059540020020;100mN31466E41429;MC;OS;2;68;M;F;6574;NEP
059540020020-1728;059540020020;100mN31466E41429;MC;OS;2;69;M;M;6574;EMP
059540020020-1729;059540020020;100mN31466E41429;S;NA;1;61;M;M;5064;EMP
059540020020-1730;059540020020;100mN31466E41429;S;NA;1;28;M;M;2529;EMP
059540020020-1731;059540020020;100mN31483E41399;PO;NA;2;60;S;F;5064;NEP
059540020020-1731;059540020020;100mN31483E41399;PO;NA;2;58;S;F;5064;EMP
059540020020-1732;059540020020;100mN31478E41407;PO;NA;2;42;S;F;4049;NEP
059540020020-1732;059540020020;100mN31478E41407;PO;NA;2;34;S;F;3039;EMP
059540020020-1733;059540020020;100mN31466E41429;MC;NA;2;40;M;M;4049;EMP
059540020020-1733;059540020020;100mN31466E41429;MC;NA;2;58;M;F;5064;EMP
059540020020-1734;059540020020;100mN31486E41442;MC;OS;3;83;M;F;75XX;NEP
059540020020-1734;059540020020;100mN31486E41442;MC;OS;3;86;M;M;75XX;NEP
059540020020-1734;059540020020;100mN31486E41442;MC;OS;3;85;S;F;75XX;NEP
059540020020-1735;059540020020;100mN31466E41429;S;NA;1;46;M;F;4049;EMP
059540020020-1736;059540020020;100mN31489E41418;S;OS;1;38;W;F;3039;EMP
059540020020-1737;059540020020;100mN31489E41421;S;NA;1;38;D;M;3039;EMP
059540020020-1738;059540020020;100mN31472E41420;SF;NA;2;58;S;F;5064;EMP
059540020020-1738;059540020020;100mN31472E41420;SF;NA;2;41;S;M;4049;EMP
059540020020-1739;059540020020;100mN31468E41430;PO;NA;2;62;S;M;5064;EMP
059540020020-1739;059540020020;100mN31468E41430;PO;NA;2;54;S;F;5064;NEP
059540020020-1740;059540020020;100mN31472E41430;SF;MIX;2;84;W;F;75XX;EMP
059540020020-1740;059540020020;100mN31472E41430;SF;MIX;2;7;S;F;0614;NEP
059540020020-1741;059540020020;100mN31478E41406;PO;OS;3;75;S;F;75XX;NEP
059540020020-1741;059540020020;100mN31478E41406;PO;OS;3;77;S;F;75XX;EMP
059540020020-1741;059540020020;100mN31478E41406;PO;OS;3;66;W;F;6574;NEP
059540020020-1742;059540020020;100mN31466E41429;MC;OS;2;88;M;F;75XX;EMP
059540020020-1742;059540020020;100mN31466E41429;MC;OS;2;22;M;M;1824;EMP
059540020020-1743;059540020020;100mN31466E41429;MC;NA;6;57;M;M;5064;EMP
059540020020-1743;059540020020;100mN31466E41429;MC;NA;6;48;M;F;4049;EMP
059540020020-1743;059540020020;100mN31466E41429;MC;NA;6;16;S;M;1517;NEP
059540020020-1743;059540020020;100mN31466E41429;MC;NA;6;34;M;F;3039;EMP
059540020020-1743;059540020020;100mN31466E41429;MC;NA;6;41;S;F;4049;EMP
059540020020-1743;059540020020;100mN31466E41429;MC;NA;6;9;S;F;0614;NEP
059540020020-1744;059540020020;100mN31466E41429;S;OS;1;57;M;F;5064;EMP
059540020020-1745;059540020020;100mN31463E41421;S;OS;1;50;W;M;5064;NEP
059540020020-1746;059540020020;100mN31466E41429;PO;NA;3;35;S;M;3039;EMP
059540020020-1746;059540020020;100mN31466E41429;PO;NA;3;34;S;M;3039;UEP
059540020020-1746;059540020020;100mN31466E41429;PO;NA;3;18;M;F;1824;NEP
059540020020-1747;059540020020;100mN31466E41429;S;NA;1;84;M;F;75XX;EMP
059540020020-1748;059540020020;100mN31464E41420;MC;NA;2;26;M;M;2529;EMP
059540020020-1748;059540020020;100mN31464E41420;MC;NA;2;25;M;F;2529;EMP
059540020020-1749;059540020020;100mN31484E41418;PO;NA;4;43;S;F;4049;EMP
059540020020-1749;059540020020;100mN31484E41418;PO;NA;4;51;S;F;5064;EMP
059540020020-1749;059540020020;100mN31484E41418;PO;NA;4;11;S;F;0614;NEP
059540020020-1749;059540020020;100mN31484E41418;PO;NA;4;12;S;M;0614;NEP
059540020020-1750;059540020020;100mN31466E41429;S;OS;1;54;M;M;5064;NEP
059540020020-1751;059540020020;100mN31469E41431;MC;NA;3;44;M;F;4049;EMP
059540020020-1751;059540020020;100mN31469E41431;MC;NA;3;45;M;M;4049;NEP
059540020020-1751;059540020020;100mN31469E41431;MC;NA;3;11;S;F;0614;NEP
059540020020-1752;059540020020;100mN31481E41410;S;NA;1;43;W;F;4049;EMP
059540020020-1753;059540020020;100mN31485E41411;S;NA;1;52;W;F;5064;EMP
059540020020-1754;059540020020;100mN31481E41414;S;OS;1;56;D;F;5064;NEP
059540020020-1755;059540020020;100mN31485E41408;S;NA;1;46;S;F;4049;EMP
059540020020-1756;059540020020;100mN31483E41407;PO;NA;5;44;S;F;4049;NEP
059540020020-1756;059540020020;100mN31483E41407;PO;NA;5;52;S;M;5064;EMP
059540020020-1756;059540020020;100mN31483E41407;PO;NA;5;22;W;F;1824;EMP
059540020020-1756;059540020020;100mN31483E41407;PO;NA;5;6;S;M;0614;NEP
059540020020-1756;059540020020;100mN31483E41407;PO;NA;5;22;D;F;1824;NEP
059540020020-1757;059540020020;100mN31480E41410;MC;NA;2;28;M;M;2529;NEP
059540020020-1757;059540020020;100mN31480E41410;MC;NA;2;32;M;F;3039;NEP
059540020020-1758;059540020020;100mN31472E41432;SF;NA;2;45;D;F;4049;EMP
059540020020-1758;059540020020;100mN31472E41432;SF;NA;2;13;S;M;0614;NEP
059540020020-1759;059540020020;100mN31466E41423;MC;NA;2;50;M;F;5064;EMP
059540020020-1759;059540020020;100mN31466E41423;MC;NA;2;51;M;M;5064;NEP
059540020020-1760;059540020020;100mN31478E41403;S;OS;1;34;M;F;3039;EMP
059540020020-1761;059540020020;100mN31466E41423;S;NA;1;41;M;M;4049;EMP
059540020020-1762;059540020020;100mN31482E41413;S;NA;1;38;S;F;3039;NEP
059540020020-1763;059540020020;100mN31478E41404;S;NA;1;52;S;M;5064;EMP
059540020020-1764;059540020020;100mN31486E41413;S;NA;1;32;S;F;3039;EMP
059540020020-1765;059540020020;100mN31466E41423;S;OS;1;72;S;M;6574;EMP
059540020020-1766;059540020020;100mN31466E41423;S;NA;1;46;M;F;4049;NEP
059540020020-1767;059540020020;100mN31466E41423;MC;MIX;2;66;M;F;6574;NEP
059540020020-1767;059540020020;100mN31466E41423;MC;MIX;2;52;D;M;5064;NEP
059540020020-1768;059540020020;100mN31498E41418;S;OS;1;57;S;F;5064;EMP
059540020020-1769;059540020020;100mN31466E41423;MC;NA;2;32;M;M;3039;EMP
059540020020-1769;059540020020;100mN31466E41423;MC;NA;2;30;M;F;3039;EMP
059540020020-1770;059540020020;100mN31481E41414;S;NA;1;16;S;M;1517;NEP
059540020020-1771;059540020020;100mN31463E41423;S;NA;1;47;M;F;4049;EMP
059540020020-1772;059540020020;100mN31480E41404;MC;NA;3;61;M;M;5064;NEP
059540020020-1772;059540020020;100mN31480E41404;MC;NA;3;61;M;F;5064;EMP
059540020020-1772;059540020020;100mN31480E41404;MC;NA;3;8;S;M;0614;NEP
059540020020-1773;059540020020;100mN31472E41424;S;NA;1;55;S;F;5064;NEP
059540020020-1774;059540020020;100mN31479E41402;MC;MIX;2;66;M;F;6574;NEP
059540020020-1774;059540020020;100mN31479E41402;MC;MIX;2;30;W;F;3039;NEP
059540020020-1775;059540020020;100mN31476E41429;MC;OS;2;67;M;M;6574;EMP
059540020020-1775;059540020020;100mN31476E41429;MC;OS;2;67;M;F;6574;NEP
059540020020-1776;059540020020;100mN31485E41408;MC;NA;2;52;M;F;5064;EMP
059540020020-1776;059540020020;100mN31485E41408;MC;NA;2;51;M;M;5064;EMP
059540020020-1777;059540020020;100mN31466E41423;MC;NA;3;27;M;M;2529;EMP
059540020020-1777;059540020020;100mN31466E41423;MC;NA;3;27;M;F;2529;NEP
059540020020-1777;059540020020;100mN31466E41423;MC;NA;3;6;S;M;0614;NEP
059540020020-1778;059540020020;100mN31473E41429;SF;NA;3;60;S;F;5064;NEP
059540020020-1778;059540020020;100mN31473E41429;SF;NA;3;23;S;F;1824;NEP
059540020020-1778;059540020020;100mN31473E41429;SF;NA;3;15;S;M;1517;EMP
059540020020-1779;059540020020;100mN31466E41423;S;NA;1;25;M;F;2529;EMP
059540020020-1780;059540020020;100mN31466E41423;S;NA;1;36;M;M;3039;NEP
059540020020-1781;059540020020;100mN31485E41416;S;OS;1;57;M;M;5064;EMP
059540020020-1782;059540020020;100mN31481E41415;S;OS;1;26;S;F;2529;NEP
059540020020-1783;059540020020;100mN31471E41423;S;OS;1;56;S;M;5064;NEP
059540020020-1784;059540020020;100mN31502E41427;MC;MIX;2;65;M;M;6574;EMP
059540020020-1784;059540020020;100mN31502E41427;MC;MIX;2;58;M;F;5064;NEP
059540020020-1785;059540020020;100mN31502E41427;S;NA;1;46;M;M;4049;NEP
059540020020-1786;059540020020;100mN31481E41405;MC;OS;2;71;M;M;6574;EMP
059540020020-1786;059540020020;100mN31481E41405;MC;OS;2;68;M;F;6574;NEP
059540020020-1787;059540020020;100mN31502E41427;S;NA;1;69;S;M;6574;EMP
059540020020-1788;059540020020;100mN31502E41436;S;NA;1;72;S;M;6574;EMP
059540020020-1789;059540020020;100mN31502E41436;MC;OS;2;76;M;M;75XX;NEP
059540020020-1789;059540020020;100mN31502E41436;MC;OS;2;75;M;F;75XX;EMP
059540020020-1790;059540020020;100mN31498E41423;S;NA;1;37;S;F;3039;EMP
059540020020-1791;059540020020;100mN31465E41424;S;NA;1;62;D;M;5064;NEP
059540020020-1792;059540020020;100mN31498E41437;MC;MIX;2;71;M;M;6574;NEP
059540020020-1792;059540020020;100mN31498E41437;MC;MIX;2;84;M;M;75XX;UEP
059540020020-1793;059540020020;100mN31493E41405;S;OS;1;65;W;F;6574;NEP
059540020020-1794;059540020020;100mN31484E41407;S;NA;1;41;W;F;4049;EMP
059540020020-1795;059540020020;100mN31502E41436;S;NA;1;70;M;F;6574;EMP
059540020020-1796;059540020020;100mN31468E41420;S;NA;1;20;D;M;1824;EMP
059540020020-1797;059540020020;100mN31494E41436;MC;OS;2;72;M;M;6574;EMP
059540020020-1797;059540020020;100mN31494E41436;MC;OS;2;73;M;F;6574;NEP
059540020020-1798;059540020020;100mN31502E41436;S;OS;1;41;M;M;4049;NEP
059540020020-1799;059540020020;100mN31494E41443;S;NA;1;48;M;F;4049;NEP
059540020020-1800;059540020020;100mN31494E41443;MC;OS;2;69;M;F;6574;EMP
059540020020-1800;059540020020;100mN31494E41443;MC;OS;2;72;M;M;6574;NEP
059540020020-1801;059540020020;100mN31494E41443;MC;NA;3;44;M;M;4049;EMP
059540020020-1801;059540020020;100mN31494E41443;MC;NA;3;43;M;F;4049;NEP
059540020020-1801;059540020020;100mN31494E41443;MC;NA;3;15;S;F;1517;EMP
059540020020-1802;059540020020;100mN31496E41433;MC;OS;3;71;M;F;6574;NEP
059540020020-1802;059540020020;100mN31496E41433;MC;OS;3;67;M;M;6574;NEP
059540020020-1802;059540020020;100mN31496E41433;MC;OS;3;67;W;F;6574;NEP
059540020020-1803;059540020020;100mN31496E41433;MC;NA;5;30;M;M;3039;NEP
059540020020-1803;059540020020;100mN31496E41433;MC;NA;5;32;M;F;3039;EMP
059540020020-1803;059540020020;100mN31496E41433;MC;NA;5;3;S;M;0305;NEP
059540020020-1803;059540020020;100mN31496E41433;MC;NA;5;12;S;M;0614;NEP
059540020020-1803;059540020020;100mN31496E41433;MC;NA;5;9;S;F;0614;NEP
059540020020-1804;059540020020;100mN31493E41429;MC;NA;2;23;M;F;1824;EMP
059540020020-1804;059540020020;100mN31493E41429;MC;NA;2;27;M;M;2529;EMP
059540020020-1805;059540020020;100mN31496E41433;MC;NA;3;47;M;M;4049;NEP
059540020020-1805;059540020020;100mN31496E41433;MC;NA;3;44;M;F;4049;EMP
059540020020-1805;059540020020;100mN31496E41433;MC;NA;3;30;W;M;3039;EMP
059540020020-1806;059540020020;100mN31471E41419;PO;NA;2;45;S;F;4049;NEP
059540020020-1806;059540020020;100mN31471E41419;PO;NA;2;48;S;F;4049;EMP
059540020020-1807;059540020020;100mN31496E41433;MC;NA;6;27;M;F;2529;EMP
059540020020-1807;059540020020;100mN31496E41433;MC;NA;6;28;M;M;2529;EMP
059540020020-1807;059540020020;100mN31496E41433;MC;NA;6;4;S;F;0305;NEP
059540020020-1807;059540020020;100mN31496E41433;MC;NA;6;1;S;F;0003;NEP
059540020020-1807;059540020020;100mN31496E41433;MC;NA;6;3;S;F;0305;NEP
059540020020-1807;059540020020;100mN31496E41433;MC;NA;6;8;S;M;0614;NEP
059540020020-1808;059540020020;100mN31500E41445;SM;NA;4;55;S;M;5064;NEP
059540020020-1808;059540020020;100mN31500E41445;SM;NA;4;28;S;F;2529;NEP
059540020020-1808;059540020020;100mN31500E41445;SM;NA;4;4;S;F;0305;NEP
059540020020-1808;059540020020;100mN31500E41445;SM;NA;4;12;S;F;0614;NEP
059540020020-1809;059540020020;100mN31480E41408;SF;NA;2;55;S;F;5064;NEP
059540020020-1809;059540020020;100mN31480E41408;SF;NA;2;23;S;F;1824;EMP
059540020020-1810;059540020020;100mN31493E41425;SF;NA;3;52;S;F;5064;EMP
059540020020-1810;059540020020;100mN31493E41425;SF;NA;3;30;S;M;3039;EMP
059540020020-1810;059540020020;100mN31493E41425;SF;NA;3;12;S;M;0614;NEP
059540020020-1811;059540020020;100mN31481E41404;S;NA;1;66;M;M;6574;EMP
059540020020-1812;059540020020;100mN31483E41415;MC;NA;2;63;M;F;5064;NEP
059540020020-1812;059540020020;100mN31483E41415;MC;NA;2;58;M;M;5064;EMP
059540020020-1813;059540020020;100mN31462E41432;SF;MIX;2;88;W;F;75XX;NEP
059540020020-1813;059540020020;100mN31462E41432;SF;MIX;2;8;S;F;0614;NEP
059540020020-1814;059540020020;100mN31483E41415;S;OS;1;42;W;F;4049;EMP
059540020020-1815;059540020020;100mN31483E41400;SF;NA;2;55;W;F;5064;EMP
059540020020-1815;059540020020;100mN31483E41400;SF;NA;2;40;M;M;4049;EMP
059540020020-1816;059540020020;100mN31486E41411;S;NA;1;47;M;M;4049;EMP
059540020020-1817;059540020020;100mN31462E41428;MC;NA;3;59;M;F;5064;NEP
059540020020-1817;059540020020;100mN31462E41428;MC;NA;3;62;M;M;5064;NEP
059540020020-1817;059540020020;100mN31462E41428;MC;NA;3;4;S;F;0305;NEP
059540020020-1818;059540020020;100mN31478E41401;SF;MIX;4;70;S;M;6574;NEP
059540020020-1818;059540020020;100mN31478E41401;SF;MIX;4;51;S;F;5064;EMP
059540020020-1818;059540020020;100mN31478E41401;SF;MIX;4;10;S;M;0614;NEP
059540020020-1818;059540020020;100mN31478E41401;SF;MIX;4;3;S;F;0305;NEP
059540020020-1819;059540020020;100mN31481E41410;MC;NA;2;28;M;M;2529;NEP
059540020020-1819;059540020020;100mN31481E41410;MC;NA;2;26;M;F;2529;EMP
059540020020-1820;059540020020;100mN31461E41422;MC;OS;2;69;M;M;6574;EMP
059540020020-1820;059540020020;100mN31461E41422;MC;OS;2;68;M;F;6574;NEP
059540020020-1821;059540020020;100mN31483E41405;MC;MIX;4;69;M;M;6574;NEP
059540020020-1821;059540020020;100mN31483E41405;MC;MIX;4;53;M;M;5064;EMP
059540020020-1821;059540020020;100mN31483E41405;MC;MIX;4;51;M;F;5064;EMP
059540020020-1821;059540020020;100mN31483E41405;MC;MIX;4;9;S;F;0614;NEP
059540020020-1822;059540020020;100mN31472E41431;MC;NA;3;60;M;M;5064;EMP
059540020020-1822;059540020020;100mN31472E41431;MC;NA;3;52;M;F;5064;EMP
059540020020-1822;059540020020;100mN31472E41431;MC;NA;3;30;D;M;3039;NEP
059540020020-1823;059540020020;100mN31483E41415;NA;NA;2;41;M;M;4049;EMP
059540020020-1823;059540020020;100mN31483E41415;NA;NA;2;59;M;M;5064;NEP
059540020020-1824;059540020020;100mN31483E41399;MC;NA;4;60;M;F;5064;EMP
059540020020-1824;059540020020;100mN31483E41399;MC;NA;4;48;W;F;4049;NEP
059540020020-1824;059540020020;100mN31483E41399;MC;NA;4;0;S;M;0003;NEP
059540020020-1824;059540020020;100mN31483E41399;MC;NA;4;10;S;F;0614;NEP
059540020020-1825;059540020020;100mN31479E41400;S;OS;1;53;W;M;5064;EMP
059540020020-1826;059540020020;100mN31479E41408;MC;MIX;2;80;M;F;75XX;EMP
059540020020-1826;059540020020;100mN31479E41408;MC;MIX;2;48;M;M;4049;EMP
059540020020-1827;059540020020;100mN31462E41424;SF;NA;2;42;D;F;4049;NEP
059540020020-1827;059540020020;100mN31462E41424;SF;NA;2;21;M;F;1824;EMP
059540020020-1828;059540020020;100mN31463E41419;SF;NA;3;62;W;F;5064;NEP
059540020020-1828;059540020020;100mN31463E41419;SF;NA;3;15;S;M;1517;EMP
059540020020-1828;059540020020;100mN31463E41419;SF;NA;3;9;S;M;0614;NEP
059540020020-1829;059540020020;100mN31479E41408;MC;NA;2;60;M;F;5064;NEP
059540020020-1829;059540020020;100mN31479E41408;MC;NA;2;62;M;M;5064;NEP
059540020020-1830;059540020020;100mN31464E41430;S;NA;1;61;W;F;5064;EMP
059540020020-1831;059540020020;100mN31490E41419;S;NA;1;37;D;F;3039;EMP
059540020020-1832;059540020020;100mN31465E41423;MC;NA;3;42;M;M;4049;NEP
059540020020-1832;059540020020;100mN31465E41423;MC;NA;3;40;M;F;4049;EMP
059540020020-1832;059540020020;100mN31465E41423;MC;NA;3;16;S;M;1517;EMP
059540020020-1833;059540020020;100mN31480E41407;MC;NA;5;60;M;M;5064;UEP
059540020020-1833;059540020020;100mN31480E41407;MC;NA;5;59;M;F;5064;NEP
059540020020-1833;059540020020;100mN31480E41407;MC;NA;5;4;S;F;0305;NEP
059540020020-1833;059540020020;100mN31480E41407;MC;NA;5;15;S;F;1517;NEP
059540020020-1833;059540020020;100mN31480E41407;MC;NA;5;25;S;F;2529;EMP
059540020020-1834;059540020020;100mN31481E41413;SF;NA;2;73;W;F;6574;EMP
059540020020-1834;059540020020;100mN31481E41413;SF;NA;2;15;S;F;1517;EMP
059540020020-1835;059540020020;100mN31491E41421;S;OS;1;42;D;M;4049;EMP
059540020020-1836;059540020020;100mN31479E41408;MC;OS;2;67;M;M;6574;NEP
059540020020-1836;059540020020;100mN31479E41408;MC;OS;2;86;M;F;75XX;NEP
059540020020-1837;059540020020;100mN31479E41408;S;OS;1;36;M;M;3039;NEP
059540020020-1838;059540020020;100mN31489E41418;S;OS;1;73;W;M;6574;EMP
059540020020-1839;059540020020;100mN31479E41408;S;NA;1;62;M;F;5064;EMP
059540020020-1840;059540020020;100mN31479E41408;MC;NA;3;61;M;F;5064;NEP
059540020020-1840;059540020020;100mN31479E41408;MC;NA;3;63;M;M;5064;NEP
059540020020-1840;059540020020;100mN31479E41408;MC;NA;3;4;S;F;0305;NEP
059540020020-1841;059540020020;100mN31473E41418;SF;NA;2;55;W;F;5064;EMP
059540020020-1841;059540020020;100mN31473E41418;SF;NA;2;2;S;F;0003;NEP
059540020020-1842;059540020020;100mN31479E41408;PO;NA;3;55;S;F;5064;NEP
059540020020-1842;059540020020;100mN31479E41408;PO;NA;3;55;S;M;5064;EMP
059540020020-1842;059540020020;100mN31479E41408;PO;NA;3;26;D;F;2529;NEP
059540020020-1843;059540020020;100mN31484E41417;S;NA;1;62;D;F;5064;EMP
059540020020-1844;059540020020;100mN31462E41432;S;NA;1;19;M;M;1824;EMP
059540020020-1845;059540020020;100mN31466E41415;S;NA;1;65;W;F;6574;EMP
059540020020-1846;059540020020;100mN31473E41422;SM;MIX;3;71;S;M;6574;EMP
059540020020-1846;059540020020;100mN31473E41422;SM;MIX;3;43;D;M;4049;NEP
059540020020-1846;059540020020;100mN31473E41422;SM;MIX;3;9;S;M;0614;NEP
059540020020-1847;059540020020;100mN31468E41430;S;OS;1;22;W;F;1824;EMP
059540020020-1848;059540020020;100mN31479E41408;MC;NA;2;43;M;M;4049;EMP
059540020020-1848;059540020020;100mN31479E41408;MC;NA;2;18;M;F;1824;EMP
059540020020-1849;059540020020;100mN31462E41428;MC;NA;3;59;M;F;5064;NEP
059540020020-1849;059540020020;100mN31462E41428;MC;NA;3;62;M;M;5064;NEP
059540020020-1849;059540020020;100mN31462E41428;MC;NA;3;4;S;F;0305;NEP
059540020020-1850;059540020020;100mN31489E41421;MC;NA;6;26;M;M;2529;EMP
059540020020-1850;059540020020;100mN31489E41421;MC;NA;6;18;M;F;1824;NEP
059540020020-1850;059540020020;100mN31489E41421;MC;NA;6;10;S;F;0614;NEP
059540020020-1850;059540020020;100mN31489E41421;MC;NA;6;4;S;F;0305;NEP
059540020020-1850;059540020020;100mN31489E41421;MC;NA;6;11;S;M;0614;NEP
059540020020-1850;059540020020;100mN31489E41421;MC;NA;6;7;S;F;0614;NEP
059540020020-1851;059540020020;100mN31477E41422;S;OS;1;46;S;F;4049;NEP
059540020020-1852;059540020020;100mN31479E41408;MC;NA;3;33;M;F;3039;NEP
059540020020-1852;059540020020;100mN31479E41408;MC;NA;3;32;M;M;3039;EMP
059540020020-1852;059540020020;100mN31479E41408;MC;NA;3;16;S;F;1517;EMP
059540020020-1853;059540020020;100mN31480E41410;MC;NA;2;42;M;M;4049;NEP
059540020020-1853;059540020020;100mN31480E41410;MC;NA;2;37;M;F;3039;NEP
059540020020-1854;059540020020;100mN31498E41437;S;NA;1;51;M;M;5064;NEP
059540020020-1855;059540020020;100mN31481E41411;MC;MIX;5;86;D;F;75XX;EMP
059540020020-1855;059540020020;100mN31481E41411;MC;MIX;5;18;M;M;1824;EMP
059540020020-1855;059540020020;100mN31481E41411;MC;MIX;5;18;M;F;1824;EMP
059540020020-1855;059540020020;100mN31481E41411;MC;MIX;5;2;S;M;0003;NEP
059540020020-1855;059540020020;100mN31481E41411;MC;MIX;5;3;S;F;0305;NEP
059540020020-1856;059540020020;100mN31471E41424;MC;NA;2;35;M;F;3039;NEP
059540020020-1856;059540020020;100mN31471E41424;MC;NA;2;30;M;M;3039;EMP
059540020020-1857;059540020020;100mN31498E41446;MC;NA;2;56;M;M;5064;NEP
059540020020-1857;059540020020;100mN31498E41446;MC;NA;2;53;M;F;5064;EMP
059540020020-1858;059540020020;100mN31471E41432;S;OS;1;51;W;F;5064;NEP
059540020020-1859;059540020020;100mN31472E41422;S;NA;1;22;D;F;1824;EMP
059540020020-1860;059540020020;100mN31480E41412;MC;MIX;2;66;M;M;6574;EMP
059540020020-1860;059540020020;100mN31480E41412;MC;MIX;2;48;M;M;4049;UEP
059540020020-1861;059540020020;100mN31486E41410;MC;NA;3;38;M;M;3039;NEP
059540020020-1861;059540020020;100mN31486E41410;MC;NA;3;33;M;F;3039;EMP
059540020020-1861;059540020020;100mN31486E41410;MC;NA;3;21;D;F;1824;EMP
059540020020-1862;059540020020;100mN31495E41441;MC;NA;4;62;M;F;5064;EMP
059540020020-1862;059540020020;100mN31495E41441;MC;NA;4;63;M;M;5064;NEP
059540020020-1862;059540020020;100mN31495E41441;MC;NA;4;41;S;M;4049;EMP
059540020020-1862;059540020020;100mN31495E41441;MC;NA;4;37;W;F;3039;NEP
059540020020-1863;059540020020;100mN31479E41408;S;NA;1;58;M;F;5064;NEP
059540020020-1864;059540020020;100mN31489E41407;MC;NA;2;32;M;F;3039;NEP
059540020020-1864;059540020020;100mN31489E41407;MC;NA;2;33;M;M;3039;EMP
059540020020-1865;059540020020;100mN31457E41383;SF;NA;2;59;W;F;5064;NEP
059540020020-1865;059540020020;100mN31457E41383;SF;NA;2;10;S;F;0614;NEP
059540020020-1866;059540020020;100mN31485E41411;MC;NA;2;54;M;M;5064;NEP
059540020020-1866;059540020020;100mN31485E41411;MC;NA;2;50;M;F;5064;EMP
059540020020-1867;059540020020;100mN31481E41410;MC;OS;2;89;M;F;75XX;EMP
059540020020-1867;059540020020;100mN31481E41410;MC;OS;2;70;D;F;6574;EMP
059540020020-1868;059540020020;100mN31481E41410;PO;NA;2;61;S;F;5064;NEP
059540020020-1868;059540020020;100mN31481E41410;PO;NA;2;27;W;F;2529;EMP
059540020020-1869;059540020020;100mN31479E41408;MC;NA;4;42;M;M;4049;NEP
059540020020-1869;059540020020;100mN31479E41408;MC;NA;4;42;M;F;4049;NEP
059540020020-1869;059540020020;100mN31479E41408;MC;NA;4;19;M;M;1824;EMP
059540020020-1869;059540020020;100mN31479E41408;MC;NA;4;4;S;M;0305;NEP
059540020020-1870;059540020020;100mN31461E41421;S;NA;1;20;D;F;1824;NEP
059540020020-1871;059540020020;100mN31479E41408;SM;NA;2;70;S;M;6574;NEP
059540020020-1871;059540020020;100mN31479E41408;SM;NA;2;11;S;M;0614;NEP
059540020020-1872;059540020020;100mN31479E41408;S;OS;1;46;M;F;4049;EMP
059540020020-1873;059540020020;100mN31472E41432;SF;NA;4;47;W;F;4049;EMP
059540020020-1873;059540020020;100mN31472E41432;SF;NA;4;16;S;M;1517;EMP
059540020020-1873;059540020020;100mN31472E41432;SF;NA;4;6;S;M;0614;NEP
059540020020-1873;059540020020;100mN31472E41432;SF;NA;4;16;S;F;1517;NEP
059540020020-1874;059540020020;100mN31479E41408;MC;NA;2;48;M;F;4049;NEP
059540020020-1874;059540020020;100mN31479E41408;MC;NA;2;51;M;M;5064;EMP
059540020020-1875;059540020020;100mN31479E41408;MC;NA;2;33;M;F;3039;NEP
059540020020-1875;059540020020;100mN31479E41408;MC;NA;2;34;M;M;3039;EMP
059540020020-1876;059540020020;100mN31479E41408;S;NA;1;63;M;M;5064;NEP
059540020020-1877;059540020020;100mN31479E41408;MC;NA;2;42;M;M;4049;NEP
059540020020-1877;059540020020;100mN31479E41408;MC;NA;2;42;M;F;4049;NEP
059540020020-1878;059540020020;100mN31479E41409;MC;NA;2;60;M;F;5064;NEP
059540020020-1878;059540020020;100mN31479E41409;MC;NA;2;62;M;M;5064;NEP
059540020020-1879;059540020020;100mN31485E41411;MC;OS;2;86;M;F;75XX;EMP
059540020020-1879;059540020020;100mN31485E41411;MC;OS;2;12;S;F;0614;NEP
059540020020-1880;059540020020;100mN31479E41408;S;OS;1;45;M;F;4049;NEP
059540020020-1881;059540020020;100mN31462E41421;MC;NA;4;33;M;F;3039;EMP
059540020020-1881;059540020020;100mN31462E41421;MC;NA;4;40;M;M;4049;EMP
059540020020-1881;059540020020;100mN31462E41421;MC;NA;4;18;S;F;1824;NEP
059540020020-1881;059540020020;100mN31462E41421;MC;NA;4;9;S;F;0614;NEP
059540020020-1882;059540020020;100mN31498E41421;MC;OS;2;78;M;M;75XX;NEP
059540020020-1882;059540020020;100mN31498E41421;MC;OS;2;73;M;F;6574;NEP
059540020020-1883;059540020020;100mN31484E41407;S;OS;1;59;M;F;5064;EMP
059540020020-1884;059540020020;100mN31479E41408;S;OS;1;66;M;M;6574;EMP
059540020020-1885;059540020020;100mN31484E41415;MC;OS;2;65;M;M;6574;EMP
059540020020-1885;059540020020;100mN31484E41415;MC;OS;2;86;M;F;75XX;NEP
059540020020-1886;059540020020;100mN31489E41420;MC;NA;2;21;M;M;1824;EMP
059540020020-1886;059540020020;100mN31489E41420;MC;NA;2;20;M;F;1824;EMP
059540020020-1887;059540020020;100mN31484E41414;MC;NA;3;21;M;F;1824;NEP
059540020020-1887;059540020020;100mN31484E41414;MC;NA;3;60;M;M;5064;EMP
059540020020-1887;059540020020;100mN31484E41414;MC;NA;3;3;S;F;0305;NEP
059540020020-1888;059540020020;100mN31489E41418;S;OS;1;73;W;M;6574;EMP
059540020020-1889;059540020020;100mN31497E41445;S;NA;1;73;S;M;6574;EMP
059540020020-1890;059540020020;100mN31493E41418;MC;NA;2;40;M;M;4049;EMP
059540020020-1890;059540020020;100mN31493E41418;MC;NA;2;37;M;F;3039;NEP
059540020020-1891;059540020020;100mN31474E41423;MC;NA;2;52;M;M;5064;NEP
059540020020-1891;059540020020;100mN31474E41423;MC;NA;2;45;M;F;4049;EMP
059540020020-1892;059540020020;100mN31481E41404;MC;NA;3;61;M;M;5064;NEP
059540020020-1892;059540020020;100mN31481E41404;MC;NA;3;56;M;F;5064;EMP
059540020020-1892;059540020020;100mN31481E41404;MC;NA;3;11;S;M;0614;NEP
059540020020-1893;059540020020;100mN31475E41397;PO;OS;2;67;S;M;6574;EMP
059540020020-1893;059540020020;100mN31475E41397;PO;OS;2;69;S;M;6574;EMP
059540020020-1894;059540020020;100mN31470E41418;PO;NA;3;59;S;F;5064;EMP
059540020020-1894;059540020020;100mN31470E41418;PO;NA;3;59;S;M;5064;EMP
059540020020-1894;059540020020;100mN31470E41418;PO;NA;3;3;S;M;0305;NEP
059540020020-1895;059540020020;100mN31470E41418;MC;NA;3;32;M;F;3039;EMP
059540020020-1895;059540020020;100mN31470E41418;MC;NA;3;23;M;M;1824;EMP
059540020020-1895;059540020020;100mN31470E41418;MC;NA;3;2;S;M;0003;NEP
059540020020-1896;059540020020;100mN31470E41418;MC;NA;6;63;M;M;5064;NEP
059540020020-1896;059540020020;100mN31470E41418;MC;NA;6;58;M;F;5064;NEP
059540020020-1896;059540020020;100mN31470E41418;MC;NA;6;42;S;F;4049;NEP
059540020020-1896;059540020020;100mN31470E41418;MC;NA;6;13;S;M;0614;NEP
059540020020-1896;059540020020;100mN31470E41418;MC;NA;6;37;M;M;3039;EMP
059540020020-1896;059540020020;100mN31470E41418;MC;NA;6;1;S;F;0003;NEP
059540020020-1897;059540020020;100mN31480E41411;S;NA;1;28;S;M;2529;EMP
059540020020-1898;059540020020;100mN31473E41422;S;NA;1;36;M;F;3039;EMP
059540020020-1899;059540020020;100mN31473E41423;SF;NA;2;50;W;F;5064;NEP
059540020020-1899;059540020020;100mN31473E41423;SF;NA;2;9;S;M;0614;NEP
059540020020-1900;059540020020;100mN31481E41408;S;OS;1;57;S;F;5064;NEP
059540020020-1901;059540020020;100mN31470E41418;PO;MIX;2;65;S;M;6574;EMP
059540020020-1901;059540020020;100mN31470E41418;PO;MIX;2;54;M;M;5064;EMP
059540020020-1902;059540020020;100mN31465E41431;S;OS;1;61;D;F;5064;EMP
059540020020-1903;059540020020;100mN31479E41401;MC;NA;2;57;M;F;5064;NEP
059540020020-1903;059540020020;100mN31479E41401;MC;NA;2;57;M;M;5064;EMP
059540020020-1904;059540020020;100mN31470E41418;MC;NA;3;42;M;M;4049;EMP
059540020020-1904;059540020020;100mN31470E41418;MC;NA;3;34;M;F;3039;EMP
059540020020-1904;059540020020;100mN31470E41418;MC;NA;3;15;S;M;1517;EMP
059540020020-1905;059540020020;100mN31479E41406;S;NA;1;31;D;M;3039;EMP
059540020020-1906;059540020020;100mN31470E41418;MC;NA;2;23;M;M;1824;EMP
059540020020-1906;059540020020;100mN31470E41418;MC;NA;2;20;M;F;1824;NEP
059540020020-1907;059540020020;100mN31460E41389;PO;NA;3;48;S;M;4049;EMP
059540020020-1907;059540020020;100mN31460E41389;PO;NA;3;42;S;F;4049;NEP
059540020020-1907;059540020020;100mN31460E41389;PO;NA;3;16;S;F;1517;EMP
059540020020-1908;059540020020;100mN31470E41418;MC;NA;4;40;M;M;4049;EMP
059540020020-1908;059540020020;100mN31470E41418;MC;NA;4;36;M;F;3039;NEP
059540020020-1908;059540020020;100mN31470E41418;MC;NA;4;1;S;M;0003;NEP
059540020020-1908;059540020020;100mN31470E41418;MC;NA;4;12;S;M;0614;NEP
059540020020-1909;059540020020;100mN31463E41422;MC;NA;2;62;M;F;5064;EMP
059540020020-1909;059540020020;100mN31463E41422;MC;NA;2;85;S;M;75XX;NEP
059540020020-1910;059540020020;100mN31479E41409;S;OS;1;23;M;F;1824;NEP
059540020020-1911;059540020020;100mN31480E41413;S;NA;1;28;M;M;2529;EMP
059540020020-1912;059540020020;100mN31470E41418;S;NA;1;23;M;M;1824;NEP
059540020020-1913;059540020020;100mN31470E41418;PO;NA;3;53;S;F;5064;NEP
059540020020-1913;059540020020;100mN31470E41418;PO;NA;3;63;S;M;5064;EMP
059540020020-1913;059540020020;100mN31470E41418;PO;NA;3;15;S;F;1517;NEP
059540020020-1914;059540020020;100mN31475E41421;S;NA;1;43;M;F;4049;NEP
059540020020-1915;059540020020;100mN31463E41430;S;OS;1;50;W;F;5064;EMP
059540020020-1916;059540020020;100mN31461E41423;S;OS;1;63;M;M;5064;EMP
059540020020-1917;059540020020;100mN31470E41418;MC;NA;2;46;M;F;4049;EMP
059540020020-1917;059540020020;100mN31470E41418;MC;NA;2;47;M;M;4049;EMP
059540020020-1918;059540020020;100mN31460E41430;S;OS;1;86;S;M;75XX;EMP
059540020020-1919;059540020020;100mN31470E41418;S;OS;1;55;S;F;5064;NEP
059540020020-1920;059540020020;100mN31470E41418;S;OS;1;33;M;M;3039;EMP
059540020020-1921;059540020020;100mN31471E41420;S;NA;1;35;M;M;3039;EMP
059540020020-1922;059540020020;100mN31480E41412;S;OS;1;46;S;M;4049;EMP
059540020020-1923;059540020020;100mN31499E41419;S;OS;1;43;M;M;4049;EMP
059540020020-1924;059540020020;100mN31484E41408;MC;NA;5;63;M;M;5064;EMP
059540020020-1924;059540020020;100mN31484E41408;MC;NA;5;6;S;M;0614;NEP
059540020020-1924;059540020020;100mN31484E41408;MC;NA;5;33;M;F;3039;NEP
059540020020-1924;059540020020;100mN31484E41408;MC;NA;5;15;S;F;1517;NEP
059540020020-1924;059540020020;100mN31484E41408;MC;NA;5;35;M;M;3039;EMP
059540020020-1925;059540020020;100mN31483E41410;MC;NA;2;43;M;F;4049;NEP
059540020020-1925;059540020020;100mN31483E41410;MC;NA;2;50;M;M;5064;EMP
059540020020-1926;059540020020;100mN31480E41404;MC;NA;2;43;M;F;4049;NEP
059540020020-1926;059540020020;100mN31480E41404;MC;NA;2;44;M;M;4049;EMP
059540020020-1927;059540020020;100mN31462E41424;SF;NA;5;55;S;F;5064;EMP
059540020020-1927;059540020020;100mN31462E41424;SF;NA;5;0;S;F;0003;NEP
059540020020-1927;059540020020;100mN31462E41424;SF;NA;5;19;S;M;1824;EMP
059540020020-1927;059540020020;100mN31462E41424;SF;NA;5;15;S;M;1517;EMP
059540020020-1927;059540020020;100mN31462E41424;SF;NA;5;21;S;F;1824;NEP
059540020020-1928;059540020020;100mN31468E41422;MC;NA;5;52;M;M;5064;EMP
059540020020-1928;059540020020;100mN31468E41422;MC;NA;5;45;M;F;4049;NEP
059540020020-1928;059540020020;100mN31468E41422;MC;NA;5;16;S;M;1517;NEP
059540020020-1928;059540020020;100mN31468E41422;MC;NA;5;13;S;M;0614;NEP
059540020020-1928;059540020020;100mN31468E41422;MC;NA;5;20;W;F;1824;EMP
059540020020-1929;059540020020;100mN31461E41431;MC;NA;5;59;M;M;5064;EMP
059540020020-1929;059540020020;100mN31461E41431;MC;NA;5;55;M;F;5064;EMP
059540020020-1929;059540020020;100mN31461E41431;MC;NA;5;27;M;F;2529;NEP
059540020020-1929;059540020020;100mN31461E41431;MC;NA;5;13;S;M;0614;NEP
059540020020-1929;059540020020;100mN31461E41431;MC;NA;5;15;S;M;1517;NEP
059540020020-1930;059540020020;100mN31472E41420;S;NA;1;62;S;F;5064;EMP
059540020020-1931;059540020020;100mN31463E41434;MC;NA;2;57;M;M;5064;EMP
059540020020-1931;059540020020;100mN31463E41434;MC;NA;2;50;M;F;5064;NEP
059540020020-1932;059540020020;100mN31468E41423;PO;NA;3;45;S;M;4049;NEP
059540020020-1932;059540020020;100mN31468E41423;PO;NA;3;45;S;M;4049;EMP
059540020020-1932;059540020020;100mN31468E41423;PO;NA;3;8;S;F;0614;NEP
059540020020-1933;059540020020;100mN31480E41412;S;NA;1;51;D;F;5064;NEP
059540020020-1934;059540020020;100mN31493E41418;MC;NA;2;56;M;F;5064;NEP
059540020020-1934;059540020020;100mN31493E41418;MC;NA;2;57;M;M;5064;EMP
059540020020-1935;059540020020;100mN31463E41419;S;OS;1;87;S;M;75XX;EMP
059540020020-1936;059540020020;100mN31483E41405;PO;NA;2;51;S;M;5064;NEP
059540020020-1936;059540020020;100mN31483E41405;PO;NA;2;48;S;F;4049;EMP
059540020020-1937;059540020020;100mN31483E41410;PO;NA;4;63;S;M;5064;EMP
059540020020-1937;059540020020;100mN31483E41410;PO;NA;4;62;S;F;5064;NEP
059540020020-1937;059540020020;100mN31483E41410;PO;NA;4;10;S;F;0614;NEP
059540020020-1937;059540020020;100mN31483E41410;PO;NA;4;48;M;M;4049;EMP
059540020020-1938;059540020020;100mN31490E41445;MC;OS;4;71;M;F;6574;EMP
059540020020-1938;059540020020;100mN31490E41445;MC;OS;4;69;M;M;6574;NEP
059540020020-1938;059540020020;100mN31490E41445;MC;OS;4;69;S;F;6574;EMP
059540020020-1938;059540020020;100mN31490E41445;MC;OS;4;69;W;F;6574;EMP
059540020020-1939;059540020020;100mN31491E41421;S;OS;1;42;D;M;4049;EMP
059540020020-1940;059540020020;100mN31471E41417;MC;NA;3;63;M;F;5064;EMP
059540020020-1940;059540020020;100mN31471E41417;MC;NA;3;72;W;F;6574;EMP
059540020020-1940;059540020020;100mN31471E41417;MC;NA;3;38;M;F;3039;EMP
059540020020-1941;059540020020;100mN31471E41431;PO;OS;3;75;S;F;75XX;NEP
059540020020-1941;059540020020;100mN31471E41431;PO;OS;3;80;S;M;75XX;NEP
059540020020-1941;059540020020;100mN31471E41431;PO;OS;3;83;M;M;75XX;EMP
059540020020-1942;059540020020;100mN31462E41419;PO;NA;2;22;S;M;1824;EMP
059540020020-1942;059540020020;100mN31462E41419;PO;NA;2;18;S;F;1824;EMP
059540020020-1943;059540020020;100mN31484E41408;S;OS;1;45;M;F;4049;EMP
059540020020-1944;059540020020;100mN31484E41408;MC;NA;6;54;M;M;5064;UEP
059540020020-1944;059540020020;100mN31484E41408;MC;NA;6;52;M;F;5064;NEP
059540020020-1944;059540020020;100mN31484E41408;MC;NA;6;15;S;M;1517;EMP
059540020020-1944;059540020020;100mN31484E41408;MC;NA;6;11;S;F;0614;NEP
059540020020-1944;059540020020;100mN31484E41408;MC;NA;6;28;M;F;2529;EMP
059540020020-1944;059540020020;100mN31484E41408;MC;NA;6;31;M;M;3039;EMP
059540020020-1945;059540020020;100mN31484E41408;MC;NA;2;55;M;M;5064;NEP
059540020020-1945;059540020020;100mN31484E41408;MC;NA;2;57;M;F;5064;EMP
059540020020-1946;059540020020;100mN31498E41421;MC;NA;4;52;M;M;5064;NEP
059540020020-1946;059540020020;100mN31498E41421;MC;NA;4;45;M;F;4049;EMP
059540020020-1946;059540020020;100mN31498E41421;MC;NA;4;8;S;M;0614;NEP
059540020020-1946;059540020020;100mN31498E41421;MC;NA;4;6;S;M;0614;NEP
059540020020-1947;059540020020;100mN31460E41430;S;OS;1;86;S;M;75XX;EMP
059540020020-1948;059540020020;100mN31471E41418;MC;NA;4;23;M;M;1824;EMP
059540020020-1948;059540020020;100mN31471E41418;MC;NA;4;21;M;F;1824;NEP
059540020020-1948;059540020020;100mN31471E41418;MC;NA;4;7;S;F;0614;NEP
059540020020-1948;059540020020;100mN31471E41418;MC;NA;4;7;S;M;0614;NEP
059540020020-1949;059540020020;100mN31484E41408;MC;NA;2;26;M;M;2529;EMP
059540020020-1949;059540020020;100mN31484E41408;MC;NA;2;25;M;F;2529;EMP
059540020020-1950;059540020020;100mN31483E41410;MC;NA;4;52;M;M;5064;EMP
059540020020-1950;059540020020;100mN31483E41410;MC;NA;4;47;M;F;4049;EMP
059540020020-1950;059540020020;100mN31483E41410;MC;NA;4;33;M;M;3039;NEP
059540020020-1950;059540020020;100mN31483E41410;MC;NA;4;36;W;F;3039;NEP
059540020020-1951;059540020020;100mN31484E41408;MC;MIX;2;79;M;F;75XX;EMP
059540020020-1951;059540020020;100mN31484E41408;MC;MIX;2;68;D;F;6574;NEP
059540020020-1952;059540020020;100mN31478E41409;MC;NA;3;37;M;F;3039;NEP
059540020020-1952;059540020020;100mN31478E41409;MC;NA;3;43;M;M;4049;EMP
059540020020-1952;059540020020;100mN31478E41409;MC;NA;3;22;M;M;1824;EMP
059540020020-1953;059540020020;100mN31463E41424;S;NA;1;34;M;F;3039;NEP
059540020020-1954;059540020020;100mN31461E41421;S;NA;1;40;S;M;4049;EMP
059540020020-1955;059540020020;100mN31469E41432;MC;MIX;5;80;M;M;75XX;EMP
059540020020-1955;059540020020;100mN31469E41432;MC;MIX;5;48;M;F;4049;NEP
059540020020-1955;059540020020;100mN31469E41432;MC;MIX;5;51;M;M;5064;EMP
059540020020-1955;059540020020;100mN31469E41432;MC;MIX;5;12;S;F;0614;NEP
059540020020-1955;059540020020;100mN31469E41432;MC;MIX;5;10;S;M;0614;NEP
059540020020-1956;059540020020;100mN31474E41394;MC;NA;2;45;M;M;4049;EMP
059540020020-1956;059540020020;100mN31474E41394;MC;NA;2;43;M;F;4049;EMP
059540020020-1957;059540020020;100mN31465E41428;SF;NA;2;72;S;F;6574;EMP
059540020020-1957;059540020020;100mN31465E41428;SF;NA;2;12;S;M;0614;NEP
059540020020-1958;059540020020;100mN31484E41408;S;NA;1;28;S;F;2529;NEP
059540020020-1959;059540020020;100mN31486E41413;PO;NA;2;61;S;M;5064;NEP
059540020020-1959;059540020020;100mN31486E41413;PO;NA;2;58;S;F;5064;EMP
059540020020-1960;059540020020;100mN31484E41408;MC;NA;2;48;M;M;4049;EMP
059540020020-1960;059540020020;100mN31484E41408;MC;NA;2;47;M;F;4049;NEP
059540020020-1961;059540020020;100mN31484E41408;NA;NA;2;16;S;M;1517;NEP
059540020020-1961;059540020020;100mN31484E41408;NA;NA;2;43;S;F;4049;EMP
059540020020-1962;059540020020;100mN31471E41421;S;NA;1;52;S;M;5064;NEP
059540020020-1963;059540020020;100mN31484E41408;S;NA;1;36;S;F;3039;NEP
059540020020-1964;059540020020;100mN31484E41416;S;NA;1;43;S;M;4049;EMP
059540020020-1965;059540020020;100mN31479E41410;MC;NA;2;59;M;F;5064;EMP
059540020020-1965;059540020020;100mN31479E41410;MC;NA;2;61;M;M;5064;EMP
059540020020-1966;059540020020;100mN31473E41419;MC;OS;2;65;M;F;6574;NEP
059540020020-1966;059540020020;100mN31473E41419;MC;OS;2;67;M;M;6574;EMP
059540020020-1967;059540020020;100mN31484E41408;MC;NA;2;58;M;M;5064;NEP
059540020020-1967;059540020020;100mN31484E41408;MC;NA;2;54;M;F;5064;NEP
059540020020-1968;059540020020;100mN31484E41408;S;NA;1;79;M;F;75XX;NEP
059540020020-1969;059540020020;100mN31470E41420;S;NA;1;48;D;F;4049;EMP
059540020020-1970;059540020020;100mN31483E41427;MC;NA;2;37;M;F;3039;EMP
059540020020-1970;059540020020;100mN31483E41427;MC;NA;2;46;M;M;4049;NEP
059540020020-1971;059540020020;100mN31484E41408;S;NA;1;40;W;F;4049;EMP
059540020020-1972;059540020020;100mN31484E41408;MC;OS;2;73;M;M;6574;EMP
059540020020-1972;059540020020;100mN31484E41408;MC;OS;2;70;M;F;6574;EMP
059540020020-1973;059540020020;100mN31465E41423;S;NA;1;44;M;M;4049;EMP
059540020020-1974;059540020020;100mN31470E41421;MC;OS;2;76;M;M;75XX;EMP
059540020020-1974;059540020020;100mN31470E41421;MC;OS;2;71;M;F;6574;EMP
059540020020-1975;059540020020;100mN31484E41408;MC;NA;2;57;M;F;5064;NEP
059540020020-1975;059540020020;100mN31484E41408;MC;NA;2;59;M;M;5064;EMP
059540020020-1976;059540020020;100mN31484E41408;MC;MIX;2;70;M;M;6574;EMP
059540020020-1976;059540020020;100mN31484E41408;MC;MIX;2;63;M;F;5064;NEP
059540020020-1977;059540020020;100mN31464E41427;SF;NA;2;62;W;F;5064;EMP
059540020020-1977;059540020020;100mN31464E41427;SF;NA;2;46;S;F;4049;NEP
059540020020-1978;059540020020;100mN31467E41415;S;NA;1;66;S;M;6574;NEP
059540020020-1979;059540020020;100mN31500E41422;S;NA;1;68;W;F;6574;EMP
059540020020-1980;059540020020;100mN31484E41408;MC;OS;2;73;M;F;6574;NEP
059540020020-1980;059540020020;100mN31484E41408;MC;OS;2;76;M;M;75XX;EMP
059540020020-1981;059540020020;100mN31484E41408;PO;OS;2;80;S;M;75XX;EMP
059540020020-1981;059540020020;100mN31484E41408;PO;OS;2;87;S;M;75XX;EMP
059540020020-1982;059540020020;100mN31484E41408;MC;NA;2;61;M;M;5064;EMP
059540020020-1982;059540020020;100mN31484E41408;MC;NA;2;59;M;F;5064;EMP
059540020020-1983;059540020020;100mN31478E41404;PO;NA;2;43;S;F;4049;NEP
059540020020-1983;059540020020;100mN31478E41404;PO;NA;2;43;S;M;4049;EMP
059540020020-1984;059540020020;100mN31484E41408;S;NA;1;26;W;F;2529;EMP
059540020020-1985;059540020020;100mN31484E41408;S;NA;1;54;S;F;5064;NEP
059540020020-1986;059540020020;100mN31461E41429;S;OS;1;53;M;F;5064;EMP
059540020020-1987;059540020020;100mN31499E41432;S;NA;1;47;M;M;4049;EMP
059540020020-1988;059540020020;100mN31484E41408;SF;NA;4;23;W;F;1824;NEP
059540020020-1988;059540020020;100mN31484E41408;SF;NA;4;6;S;F;0614;NEP
059540020020-1988;059540020020;100mN31484E41408;SF;NA;4;8;S;M;0614;NEP
059540020020-1988;059540020020;100mN31484E41408;SF;NA;4;3;S;M;0305;NEP
059540020020-1989;059540020020;100mN31484E41408;MC;NA;3;44;M;F;4049;EMP
059540020020-1989;059540020020;100mN31484E41408;MC;NA;3;51;M;M;5064;EMP
059540020020-1989;059540020020;100mN31484E41408;MC;NA;3;11;S;M;0614;NEP
059540020020-1990;059540020020;100mN31483E41410;S;OS;1;19;M;M;1824;EMP
059540020020-1991;059540020020;100mN31484E41408;MC;NA;4;62;M;F;5064;EMP
059540020020-1991;059540020020;100mN31484E41408;MC;NA;4;26;S;M;2529;EMP
059540020020-1991;059540020020;100mN31484E41408;MC;NA;4;13;S;M;0614;NEP
059540020020-1991;059540020020;100mN31484E41408;MC;NA;4;23;M;F;1824;NEP
059540020020-1992;059540020020;100mN31484E41408;MC;OS;2;81;M;M;75XX;NEP
059540020020-1992;059540020020;100mN31484E41408;MC;OS;2;77;M;F;75XX;NEP
059540020020-1993;059540020020;100mN31464E41420;S;NA;1;85;M;F;75XX;NEP
059540020020-1994;059540020020;100mN31480E41410;SM;MIX;2;80;S;M;75XX;EMP
059540020020-1994;059540020020;100mN31480E41410;SM;MIX;2;58;S;M;5064;NEP
059540020020-1995;059540020020;100mN31484E41408;S;OS;1;28;M;M;2529;EMP
059540020020-1996;059540020020;100mN31484E41408;MC;NA;3;43;M;M;4049;EMP
059540020020-1996;059540020020;100mN31484E41408;MC;NA;3;38;M;F;3039;EMP
059540020020-1996;059540020020;100mN31484E41408;MC;NA;3;8;S;F;0614;NEP
059540020020-1997;059540020020;100mN31484E41408;S;OS;1;45;M;F;4049;NEP
059540020020-1998;059540020020;100mN31469E41420;S;NA;1;63;W;F;5064;EMP
059540020020-1999;059540020020;100mN31484E41408;SF;NA;4;60;D;F;5064;NEP
059540020020-1999;059540020020;100mN31484E41408;SF;NA;4;9;S;M;0614;NEP
059540020020-1999;059540020020;100mN31484E41408;SF;NA;4;12;S;F;0614;NEP
059540020020-1999;059540020020;100mN31484E41408;SF;NA;4;19;M;M;1824;EMP
059540020020-2000;059540020020;100mN31484E41408;S;NA;1;22;M;F;1824;NEP
059540020020-2001;059540020020;100mN31484E41408;S;NA;1;78;M;F;75XX;EMP
059540020020-2002;059540020020;100mN31484E41414;MC;NA;3;44;M;F;4049;EMP
059540020020-2002;059540020020;100mN31484E41414;MC;NA;3;45;M;M;4049;EMP
059540020020-2002;059540020020;100mN31484E41414;MC;NA;3;6;S;M;0614;NEP
059540020020-2003;059540020020;100mN31462E41421;S;NA;1;51;M;F;5064;EMP
059540020020-2004;059540020020;100mN31485E41414;S;NA;1;83;D;M;75XX;EMP
059540020020-2005;059540020020;100mN31462E41421;SF;NA;3;71;W;F;6574;EMP
059540020020-2005;059540020020;100mN31462E41421;SF;NA;3;9;S;F;0614;NEP
059540020020-2005;059540020020;100mN31462E41421;SF;NA;3;1;S;M;0003;NEP
059540020020-2006;059540020020;100mN31483E41411;MC;NA;2;46;M;M;4049;NEP
059540020020-2006;059540020020;100mN31483E41411;MC;NA;2;48;M;F;4049;NEP
059540020020-2007;059540020020;100mN31462E41421;S;NA;1;46;W;F;4049;NEP
059540020020-2008;059540020020;100mN31472E41432;MC;NA;4;47;M;F;4049;EMP
059540020020-2008;059540020020;100mN31472E41432;MC;NA;4;51;M;M;5064;NEP
059540020020-2008;059540020020;100mN31472E41432;MC;NA;4;12;S;M;0614;NEP
059540020020-2008;059540020020;100mN31472E41432;MC;NA;4;19;M;M;1824;EMP
059540020020-2009;059540020020;100mN31500E41447;S;NA;1;69;S;F;6574;EMP
059540020020-2010;059540020020;100mN31462E41421;S;OS;1;71;S;F;6574;NEP
059540020020-2011;059540020020;100mN31468E41420;S;NA;1;37;M;M;3039;EMP
059540020020-2012;059540020020;100mN31462E41421;S;NA;1;56;M;F;5064;NEP
059540020020-2013;059540020020;100mN31460E41429;MC;NA;3;34;M;F;3039;NEP
059540020020-2013;059540020020;100mN31460E41429;MC;NA;3;41;M;M;4049;EMP
059540020020-2013;059540020020;100mN31460E41429;MC;NA;3;19;D;M;1824;NEP
059540020020-2014;059540020020;100mN31462E41428;MC;OS;4;78;M;F;75XX;NEP
059540020020-2014;059540020020;100mN31462E41428;MC;OS;4;79;M;M;75XX;NEP
059540020020-2014;059540020020;100mN31462E41428;MC;OS;4;70;D;F;6574;NEP
059540020020-2014;059540020020;100mN31462E41428;MC;OS;4;73;M;F;6574;EMP
059540020020-2015;059540020020;100mN31467E41415;SM;NA;2;16;S;M;1517;NEP
059540020020-2015;059540020020;100mN31467E41415;SM;NA;2;0;S;M;0003;NEP
059540020020-2016;059540020020;100mN31483E41400;S;OS;1;68;D;M;6574;NEP
059540020020-2017;059540020020;100mN31462E41421;MC;NA;3;45;M;M;4049;EMP
059540020020-2017;059540020020;100mN31462E41421;MC;NA;3;46;M;F;4049;NEP
059540020020-2017;059540020020;100mN31462E41421;MC;NA;3;8;S;M;0614;NEP
059540020020-2018;059540020020;100mN31484E41403;S;NA;1;68;S;F;6574;EMP
059540020020-2019;059540020020;100mN31481E41413;MC;OS;2;70;M;F;6574;NEP
059540020020-2019;059540020020;100mN31481E41413;MC;OS;2;73;M;M;6574;EMP
059540020020-2020;059540020020;100mN31488E41404;S;OS;1;30;S;M;3039;EMP
059540020020-2021;059540020020;100mN31462E41421;MC;MIX;2;73;M;F;6574;NEP
059540020020-2021;059540020020;100mN31462E41421;MC;MIX;2;57;M;M;5064;EMP
059540020020-2022;059540020020;100mN31462E41421;MC;NA;3;60;M;F;5064;NEP
059540020020-2022;059540020020;100mN31462E41421;MC;NA;3;57;M;M;5064;EMP
059540020020-2022;059540020020;100mN31462E41421;MC;NA;3;16;S;M;1517;EMP
059540020020-2023;059540020020;100mN31481E41410;PO;NA;2;19;S;F;1824;EMP
059540020020-2023;059540020020;100mN31481E41410;PO;NA;2;20;S;M;1824;UEP
059540020020-2024;059540020020;100mN31473E41424;PO;NA;4;57;S;M;5064;EMP
059540020020-2024;059540020020;100mN31473E41424;PO;NA;4;51;S;F;5064;NEP
059540020020-2024;059540020020;100mN31473E41424;PO;NA;4;12;S;M;0614;NEP
059540020020-2024;059540020020;100mN31473E41424;PO;NA;4;11;S;F;0614;NEP
059540020020-2025;059540020020;100mN31466E41431;MC;OS;3;80;M;M;75XX;EMP
059540020020-2025;059540020020;100mN31466E41431;MC;OS;3;72;M;F;6574;NEP
059540020020-2025;059540020020;100mN31466E41431;MC;OS;3;72;M;M;6574;NEP
059540020020-2026;059540020020;100mN31475E41427;MC;OS;2;69;M;M;6574;EMP
059540020020-2026;059540020020;100mN31475E41427;MC;OS;2;67;M;F;6574;EMP
059540020020-2027;059540020020;100mN31462E41429;S;NA;1;60;M;M;5064;EMP
059540020020-2028;059540020020;100mN31500E41444;S;NA;1;36;D;M;3039;NEP
059540020020-2029;059540020020;100mN31462E41421;S;NA;1;47;D;M;4049;NEP
059540020020-2030;059540020020;100mN31462E41421;MC;NA;4;33;M;F;3039;EMP
059540020020-2030;059540020020;100mN31462E41421;MC;NA;4;40;M;M;4049;EMP
059540020020-2030;059540020020;100mN31462E41421;MC;NA;4;18;S;F;1824;NEP
059540020020-2030;059540020020;100mN31462E41421;MC;NA;4;9;S;F;0614;NEP
059540020020-2031;059540020020;100mN31477E41404;MC;NA;2;58;M;F;5064;NEP
059540020020-2031;059540020020;100mN31477E41404;MC;NA;2;59;M;M;5064;EMP
059540020020-2032;059540020020;100mN31461E41426;MC;OS;2;73;M;F;6574;NEP
059540020020-2032;059540020020;100mN31461E41426;MC;OS;2;75;M;M;75XX;EMP
059540020020-2033;059540020020;100mN31468E41414;S;OS;1;63;W;F;5064;EMP
059540020020-2034;059540020020;100mN31478E41407;S;NA;1;68;S;M;6574;NEP
059540020020-2035;059540020020;100mN31491E41419;S;NA;1;56;W;F;5064;NEP
059540020020-2036;059540020020;100mN31468E41414;MC;NA;2;45;M;F;4049;EMP
059540020020-2036;059540020020;100mN31468E41414;MC;NA;2;50;M;M;5064;NEP
059540020020-2037;059540020020;100mN31468E41414;MC;NA;2;28;M;M;2529;EMP
059540020020-2037;059540020020;100mN31468E41414;MC;NA;2;25;M;F;2529;NEP
059540020020-2038;059540020020;100mN31468E41414;SF;NA;2;54;W;F;5064;EMP
059540020020-2038;059540020020;100mN31468E41414;SF;NA;2;1;S;M;0003;NEP
059540020020-2039;059540020020;100mN31468E41414;MC;OS;2;86;M;F;75XX;NEP
059540020020-2039;059540020020;100mN31468E41414;MC;OS;2;87;M;M;75XX;NEP
059540020020-2040;059540020020;100mN31472E41424;PO;NA;3;54;S;M;5064;EMP
059540020020-2040;059540020020;100mN31472E41424;PO;NA;3;47;S;M;4049;EMP
059540020020-2040;059540020020;100mN31472E41424;PO;NA;3;6;S;F;0614;NEP
059540020020-2041;059540020020;100mN31480E41413;S;OS;1;22;S;M;1824;EMP
059540020020-2042;059540020020;100mN31463E41419;S;OS;1;63;D;M;5064;EMP
059540020020-2043;059540020020;100mN31485E41411;S;NA;1;54;S;F;5064;EMP
059540020020-2044;059540020020;100mN31500E41448;PO;MIX;3;77;D;M;75XX;EMP
059540020020-2044;059540020020;100mN31500E41448;PO;MIX;3;48;S;M;4049;EMP
059540020020-2044;059540020020;100mN31500E41448;PO;MIX;3;48;S;M;4049;UEP
059540020020-2045;059540020020;100mN31465E41419;S;NA;1;57;M;F;5064;NEP
059540020020-2046;059540020020;100mN31462E41425;MC;NA;3;47;M;M;4049;EMP
059540020020-2046;059540020020;100mN31462E41425;MC;NA;3;45;M;F;4049;NEP
059540020020-2046;059540020020;100mN31462E41425;MC;NA;3;30;M;M;3039;EMP
059540020020-2047;059540020020;100mN31462E41425;SF;NA;3;60;W;F;5064;NEP
059540020020-2047;059540020020;100mN31462E41425;SF;NA;3;3;S;M;0305;NEP
059540020020-2047;059540020020;100mN31462E41425;SF;NA;3;7;S;M;0614;NEP
059540020020-2048;059540020020;100mN31486E41412;MC;OS;2;82;M;M;75XX;EMP
059540020020-2048;059540020020;100mN31486E41412;MC;OS;2;48;W;F;4049;EMP
059540020020-2049;059540020020;100mN31463E41428;MC;NA;3;56;M;F;5064;NEP
059540020020-2049;059540020020;100mN31463E41428;MC;NA;3;56;M;M;5064;EMP
059540020020-2049;059540020020;100mN31463E41428;MC;NA;3;3;S;M;0305;NEP
059540020020-2050;059540020020;100mN31480E41413;MC;NA;2;51;M;M;5064;EMP
059540020020-2050;059540020020;100mN31480E41413;MC;NA;2;57;M;F;5064;NEP
059540020020-2051;059540020020;100mN31471E41423;S;OS;1;56;S;M;5064;NEP
059540020020-2052;059540020020;100mN31483E41412;MC;OS;4;71;M;M;6574;EMP
059540020020-2052;059540020020;100mN31483E41412;MC;OS;4;70;M;F;6574;NEP
059540020020-2052;059540020020;100mN31483E41412;MC;OS;4;82;D;M;75XX;EMP
059540020020-2052;059540020020;100mN31483E41412;MC;OS;4;73;D;M;6574;NEP
059540020020-2053;059540020020;100mN31471E41417;MC;NA;3;63;M;F;5064;EMP
059540020020-2053;059540020020;100mN31471E41417;MC;NA;3;72;W;F;6574;EMP
059540020020-2053;059540020020;100mN31471E41417;MC;NA;3;38;M;F;3039;EMP
059540020020-2054;059540020020;100mN31485E41411;S;NA;1;52;W;F;5064;EMP
059540020020-2055;059540020020;100mN31480E41412;MC;NA;3;23;M;F;1824;EMP
059540020020-2055;059540020020;100mN31480E41412;MC;NA;3;26;M;M;2529;EMP
059540020020-2055;059540020020;100mN31480E41412;MC;NA;3;3;S;F;0305;NEP
059540020020-2056;059540020020;100mN31469E41424;MC;OS;2;75;M;M;75XX;EMP
059540020020-2056;059540020020;100mN31469E41424;MC;OS;2;69;M;F;6574;NEP
059540020020-2057;059540020020;100mN31464E41430;PO;MIX;3;87;M;F;75XX;NEP
059540020020-2057;059540020020;100mN31464E41430;PO;MIX;3;42;S;F;4049;NEP
059540020020-2057;059540020020;100mN31464E41430;PO;MIX;3;43;S;F;4049;EMP
059540020020-2058;059540020020;100mN31480E41407;MC;NA;3;22;M;M;1824;EMP
059540020020-2058;059540020020;100mN31480E41407;MC;NA;3;22;M;F;1824;NEP
059540020020-2058;059540020020;100mN31480E41407;MC;NA;3;6;S;F;0614;NEP
059540020020-2059;059540020020;100mN31494E41425;MC;NA;4;48;M;F;4049;EMP
059540020020-2059;059540020020;100mN31494E41425;MC;NA;4;48;M;M;4049;EMP
059540020020-2059;059540020020;100mN31494E41425;MC;NA;4;7;S;M;0614;NEP
059540020020-2059;059540020020;100mN31494E41425;MC;NA;4;18;S;M;1824;UEP
059540020020-2060;059540020020;100mN31480E41413;S;NA;1;23;D;F;1824;NEP
059540020020-2061;059540020020;100mN31472E41422;MC;NA;2;51;M;F;5064;NEP
059540020020-2061;059540020020;100mN31472E41422;MC;NA;2;53;M;M;5064;EMP
059540020020-2062;059540020020;100mN31463E41428;MC;NA;2;62;M;M;5064;EMP
059540020020-2062;059540020020;100mN31463E41428;MC;NA;2;60;M;F;5064;EMP
059540020020-2063;059540020020;100mN31499E41432;S;NA;1;23;S;M;1824;NEP
059540020020-2064;059540020020;100mN31480E41408;MC;OS;2;79;M;F;75XX;EMP
059540020020-2064;059540020020;100mN31480E41408;MC;OS;2;81;M;M;75XX;UEP
059540020020-2065;059540020020;100mN31463E41428;S;NA;1;67;M;F;6574;EMP
059540020020-2066;059540020020;100mN31463E41428;MC;NA;3;46;M;M;4049;EMP
059540020020-2066;059540020020;100mN31463E41428;MC;NA;3;52;M;F;5064;EMP
059540020020-2066;059540020020;100mN31463E41428;MC;NA;3;16;S;F;1517;NEP
059540020020-2067;059540020020;100mN31463E41428;S;NA;1;45;M;F;4049;NEP
059540020020-2068;059540020020;100mN31467E41430;SM;NA;4;70;S;M;6574;EMP
059540020020-2068;059540020020;100mN31467E41430;SM;NA;4;41;M;F;4049;EMP
059540020020-2068;059540020020;100mN31467E41430;SM;NA;4;12;S;F;0614;NEP
059540020020-2068;059540020020;100mN31467E41430;SM;NA;4;12;S;F;0614;NEP
059540020020-2069;059540020020;100mN31464E41422;S;NA;1;40;W;F;4049;EMP
059540020020-2070;059540020020;100mN31464E41427;SF;NA;4;70;D;F;6574;NEP
059540020020-2070;059540020020;100mN31464E41427;SF;NA;4;16;S;M;1517;UEP
059540020020-2070;059540020020;100mN31464E41427;SF;NA;4;0;S;F;0003;NEP
059540020020-2070;059540020020;100mN31464E41427;SF;NA;4;12;S;F;0614;NEP
059540020020-2071;059540020020;100mN31461E41421;S;NA;1;42;M;F;4049;EMP
059540020020-2072;059540020020;100mN31484E41413;S;NA;1;52;D;M;5064;EMP
059540020020-2073;059540020020;100mN31467E41430;S;NA;1;70;S;M;6574;EMP
059540020020-2074;059540020020;100mN31467E41430;MC;NA;3;48;M;M;4049;EMP
059540020020-2074;059540020020;100mN31467E41430;MC;NA;3;45;M;F;4049;NEP
059540020020-2074;059540020020;100mN31467E41430;MC;NA;3;27;M;M;2529;EMP
059540020020-2075;059540020020;100mN31484E41414;SF;NA;2;62;S;F;5064;NEP
059540020020-2075;059540020020;100mN31484E41414;SF;NA;2;12;S;M;0614;NEP
059540020020-2076;059540020020;100mN31467E41430;S;OS;1;42;M;F;4049;NEP
059540020020-2077;059540020020;100mN31467E41430;S;NA;1;52;W;F;5064;EMP
059540020020-2078;059540020020;100mN31491E41422;S;NA;1;86;S;M;75XX;EMP
059540020020-2079;059540020020;100mN31468E41430;PO;NA;2;62;S;M;5064;EMP
059540020020-2079;059540020020;100mN31468E41430;PO;NA;2;54;S;F;5064;NEP
059540020020-2080;059540020020;100mN31477E41401;MC;NA;2;48;M;M;4049;EMP
059540020020-2080;059540020020;100mN31477E41401;MC;NA;2;50;M;F;5064;EMP
059540020020-2081;059540020020;100mN31467E41424;MC;NA;2;22;M;F;1824;EMP
059540020020-2081;059540020020;100mN31467E41424;MC;NA;2;30;M;M;3039;EMP
059540020020-2082;059540020020;100mN31467E41430;MC;NA;3;36;M;F;3039;EMP
059540020020-2082;059540020020;100mN31467E41430;MC;NA;3;37;M;M;3039;EMP
059540020020-2082;059540020020;100mN31467E41430;MC;NA;3;16;S;F;1517;NEP
059540020020-2083;059540020020;100mN31467E41430;MC;NA;2;63;M;F;5064;EMP
059540020020-2083;059540020020;100mN31467E41430;MC;NA;2;69;M;F;6574;EMP
059540020020-2084;059540020020;100mN31465E41429;SF;NA;2;34;S;F;3039;EMP
059540020020-2084;059540020020;100mN31465E41429;SF;NA;2;19;D;F;1824;EMP
059540020020-2085;059540020020;100mN31464E41419;PO;NA;4;52;S;F;5064;EMP
059540020020-2085;059540020020;100mN31464E41419;PO;NA;4;55;S;M;5064;EMP
059540020020-2085;059540020020;100mN31464E41419;PO;NA;4;11;S;F;0614;NEP
059540020020-2085;059540020020;100mN31464E41419;PO;NA;4;12;S;F;0614;NEP
059540020020-2086;059540020020;100mN31467E41430;S;NA;1;36;P;F;3039;EMP
059540020020-2087;059540020020;100mN31483E41399;MC;NA;4;62;M;M;5064;UEP
059540020020-2087;059540020020;100mN31483E41399;MC;NA;4;60;M;F;5064;NEP
059540020020-2087;059540020020;100mN31483E41399;MC;NA;4;38;S;F;3039;NEP
059540020020-2087;059540020020;100mN31483E41399;MC;NA;4;12;S;M;0614;NEP
059540020020-2088;059540020020;100mN31484E41403;S;NA;1;18;M;M;1824;EMP
059540020020-2089;059540020020;100mN31475E41422;S;NA;1;52;S;M;5064;EMP
059540020020-2090;059540020020;100mN31480E41413;S;OS;1;55;M;F;5064;EMP
059540020020-2091;059540020020;100mN31473E41418;MC;OS;2;71;M;F;6574;NEP
059540020020-2091;059540020020;100mN31473E41418;MC;OS;2;78;M;M;75XX;EMP
059540020020-2092;059540020020;100mN31467E41430;MC;OS;2;65;M;F;6574;EMP
059540020020-2092;059540020020;100mN31467E41430;MC;OS;2;70;M;M;6574;EMP
059540020020-2093;059540020020;100mN31467E41430;SF;NA;2;47;S;F;4049;EMP
059540020020-2093;059540020020;100mN31467E41430;SF;NA;2;3;S;M;0305;NEP
059540020020-2094;059540020020;100mN31467E41430;PO;NA;2;59;S;F;5064;EMP
059540020020-2094;059540020020;100mN31467E41430;PO;NA;2;56;S;M;5064;NEP
059540020020-2095;059540020020;100mN31467E41430;MC;NA;2;26;M;M;2529;EMP
059540020020-2095;059540020020;100mN31467E41430;MC;NA;2;26;M;F;2529;EMP
059540020020-2096;059540020020;100mN31467E41430;MC;NA;2;60;M;F;5064;NEP
059540020020-2096;059540020020;100mN31467E41430;MC;NA;2;60;M;M;5064;UEP
059540020020-2097;059540020020;100mN31467E41430;MC;OS;5;69;M;F;6574;EMP
059540020020-2097;059540020020;100mN31467E41430;MC;OS;5;76;M;M;75XX;EMP
059540020020-2097;059540020020;100mN31467E41430;MC;OS;5;72;D;M;6574;NEP
059540020020-2097;059540020020;100mN31467E41430;MC;OS;5;68;M;F;6574;NEP
059540020020-2097;059540020020;100mN31467E41430;MC;OS;5;66;D;F;6574;EMP
059540020020-2098;059540020020;100mN31465E41427;S;NA;1;40;M;F;4049;EMP
059540020020-2099;059540020020;100mN31467E41430;S;NA;1;66;W;F;6574;EMP
059540020020-2100;059540020020;100mN31491E41421;S;NA;1;51;W;F;5064;EMP
059540020020-2101;059540020020;100mN31467E41430;MC;NA;2;41;M;F;4049;NEP
059540020020-2101;059540020020;100mN31467E41430;MC;NA;2;35;M;M;3039;EMP
059540020020-2102;059540020020;100mN31488E41404;MC;NA;3;46;M;M;4049;UEP
059540020020-2102;059540020020;100mN31488E41404;MC;NA;3;48;M;F;4049;EMP
059540020020-2102;059540020020;100mN31488E41404;MC;NA;3;28;W;F;2529;NEP
059540020020-2103;059540020020;100mN31483E41404;S;OS;1;45;D;F;4049;NEP
059540020020-2104;059540020020;100mN31473E41423;S;NA;1;19;D;M;1824;EMP
059540020020-2105;059540020020;100mN31481E41413;MC;NA;2;27;M;M;2529;EMP
059540020020-2105;059540020020;100mN31481E41413;MC;NA;2;27;M;F;2529;EMP
059540020020-2106;059540020020;100mN31501E41437;S;NA;1;27;M;F;2529;EMP
059540020020-2107;059540020020;100mN31498E41433;S;OS;1;63;W;F;5064;EMP
059540020020-2108;059540020020;100mN31501E41437;S;NA;1;31;M;F;3039;EMP
059540020020-2109;059540020020;100mN31482E41415;MC;NA;2;56;M;M;5064;NEP
059540020020-2109;059540020020;100mN31482E41415;MC;NA;2;63;M;F;5064;EMP
059540020020-2110;059540020020;100mN31503E41441;S;NA;1;35;M;M;3039;EMP
059540020020-2111;059540020020;100mN31485E41429;S;NA;1;88;M;M;75XX;NEP
059540020020-2112;059540020020;100mN31483E41409;MC;NA;2;42;M;F;4049;NEP
059540020020-2112;059540020020;100mN31483E41409;MC;NA;2;42;M;M;4049;NEP
059540020020-2113;059540020020;100mN31503E41441;MC;NA;2;47;M;F;4049;NEP
059540020020-2113;059540020020;100mN31503E41441;MC;NA;2;43;M;M;4049;NEP
059540020020-2114;059540020020;100mN31503E41441;MC;NA;2;36;M;F;3039;NEP
059540020020-2114;059540020020;100mN31503E41441;MC;NA;2;38;M;M;3039;NEP
059540020020-2115;059540020020;100mN31470E41421;S;NA;1;46;S;M;4049;NEP
059540020020-2116;059540020020;100mN31496E41434;MC;NA;2;40;M;F;4049;EMP
059540020020-2116;059540020020;100mN31496E41434;MC;NA;2;44;M;M;4049;EMP
059540020020-2117;059540020020;100mN31490E41420;S;NA;1;67;D;M;6574;EMP
059540020020-2118;059540020020;100mN31497E41425;S;NA;1;30;M;M;3039;EMP
059540020020-2119;059540020020;100mN31471E41418;SF;MIX;2;87;S;F;75XX;NEP
059540020020-2119;059540020020;100mN31471E41418;SF;MIX;2;3;S;F;0305;NEP
059540020020-2120;059540020020;100mN31469E41418;PO;NA;2;48;S;M;4049;EMP
059540020020-2120;059540020020;100mN31469E41418;PO;NA;2;47;S;F;4049;NEP
059540020020-2121;059540020020;100mN31485E41414;MC;NA;2;43;M;M;4049;NEP
059540020020-2121;059540020020;100mN31485E41414;MC;NA;2;42;M;F;4049;EMP
059540020020-2122;059540020020;100mN31463E41425;MC;OS;2;69;M;F;6574;EMP
059540020020-2122;059540020020;100mN31463E41425;MC;OS;2;69;M;M;6574;EMP
059540020020-2123;059540020020;100mN31472E41424;PO;NA;3;54;S;M;5064;EMP
059540020020-2123;059540020020;100mN31472E41424;PO;NA;3;47;S;M;4049;EMP
059540020020-2123;059540020020;100mN31472E41424;PO;NA;3;6;S;F;0614;NEP
059540020020-2124;059540020020;100mN31479E41404;MC;OS;2;79;M;F;75XX;NEP
059540020020-2124;059540020020;100mN31479E41404;MC;OS;2;73;M;M;6574;NEP
059540020020-2125;059540020020;100mN31472E41423;S;OS;1;53;D;M;5064;EMP
059540020020-2126;059540020020;100mN31496E41426;MC;NA;3;37;M;F;3039;NEP
059540020020-2126;059540020020;100mN31496E41426;MC;NA;3;45;M;M;4049;EMP
059540020020-2126;059540020020;100mN31496E41426;MC;NA;3;12;S;F;0614;NEP
059540020020-2127;059540020020;100mN31478E41407;PO;NA;2;42;S;F;4049;NEP
059540020020-2127;059540020020;100mN31478E41407;PO;NA;2;34;S;F;3039;EMP
059540020020-2128;059540020020;100mN31471E41420;MC;NA;2;47;M;M;4049;EMP
059540020020-2128;059540020020;100mN31471E41420;MC;NA;2;18;M;F;1824;EMP
059540020020-2129;059540020020;100mN31463E41425;MC;NA;3;48;M;F;4049;NEP
059540020020-2129;059540020020;100mN31463E41425;MC;NA;3;52;M;M;5064;UEP
059540020020-2129;059540020020;100mN31463E41425;MC;NA;3;20;S;F;1824;EMP
059540020020-2130;059540020020;100mN31469E41418;S;NA;1;73;W;F;6574;NEP
059540020020-2131;059540020020;100mN31479E41406;PO;OS;2;65;S;F;6574;NEP
059540020020-2131;059540020020;100mN31479E41406;PO;OS;2;67;S;F;6574;NEP
059540020020-2132;059540020020;100mN31499E41433;S;NA;1;82;M;M;75XX;EMP
059540020020-2133;059540020020;100mN31463E41425;S;NA;1;78;M;F;75XX;EMP
059540020020-2134;059540020020;100mN31493E41412;S;OS;1;53;M;F;5064;EMP
059540020020-2135;059540020020;100mN31471E41419;MC;NA;3;57;M;M;5064;NEP
059540020020-2135;059540020020;100mN31471E41419;MC;NA;3;54;M;F;5064;NEP
059540020020-2135;059540020020;100mN31471E41419;MC;NA;3;7;S;F;0614;NEP
059540020020-2136;059540020020;100mN31494E41424;S;OS;1;45;D;F;4049;EMP
059540020020-2137;059540020020;100mN31461E41423;MC;NA;3;26;M;F;2529;EMP
059540020020-2137;059540020020;100mN31461E41423;MC;NA;3;27;M;M;2529;EMP
059540020020-2137;059540020020;100mN31461E41423;MC;NA;3;4;S;F;0305;NEP
059540020020-2138;059540020020;100mN31494E41408;S;OS;1;63;D;F;5064;EMP
059540020020-2139;059540020020;100mN31463E41425;S;OS;1;34;D;M;3039;NEP
059540020020-2140;059540020020;100mN31465E41428;MC;NA;5;45;M;F;4049;NEP
059540020020-2140;059540020020;100mN31465E41428;MC;NA;5;47;M;M;4049;EMP
059540020020-2140;059540020020;100mN31465E41428;MC;NA;5;16;S;M;1517;EMP
059540020020-2140;059540020020;100mN31465E41428;MC;NA;5;30;S;F;3039;NEP
059540020020-2140;059540020020;100mN31465E41428;MC;NA;5;12;S;F;0614;NEP
059540020020-2141;059540020020;100mN31484E41427;S;NA;1;16;S;F;1517;NEP
059540020020-2142;059540020020;100mN31463E41425;MC;NA;2;48;M;F;4049;NEP
059540020020-2142;059540020020;100mN31463E41425;MC;NA;2;48;M;M;4049;NEP
059540020020-2143;059540020020;100mN31463E41425;MC;NA;3;41;M;M;4049;EMP
059540020020-2143;059540020020;100mN31463E41425;MC;NA;3;32;M;F;3039;NEP
059540020020-2143;059540020020;100mN31463E41425;MC;NA;3;11;S;M;0614;NEP
059540020020-2144;059540020020;100mN31483E41399;SM;NA;2;40;S;M;4049;EMP
059540020020-2144;059540020020;100mN31483E41399;SM;NA;2;2;S;M;0003;NEP
059540020020-2145;059540020020;100mN31463E41425;SF;NA;2;81;W;F;75XX;NEP
059540020020-2145;059540020020;100mN31463E41425;SF;NA;2;43;M;F;4049;NEP
059540020020-2146;059540020020;100mN31463E41425;MC;NA;4;34;M;F;3039;EMP
059540020020-2146;059540020020;100mN31463E41425;MC;NA;4;34;M;M;3039;EMP
059540020020-2146;059540020020;100mN31463E41425;MC;NA;4;19;W;F;1824;NEP
059540020020-2146;059540020020;100mN31463E41425;MC;NA;4;9;S;F;0614;NEP
059540020020-2147;059540020020;100mN31493E41425;SF;NA;3;52;S;F;5064;EMP
059540020020-2147;059540020020;100mN31493E41425;SF;NA;3;30;S;M;3039;EMP
059540020020-2147;059540020020;100mN31493E41425;SF;NA;3;12;S;M;0614;NEP
059540020020-2148;059540020020;100mN31497E41434;S;OS;1;46;M;F;4049;EMP
059540020020-2149;059540020020;100mN31463E41425;S;NA;1;65;M;M;6574;UEP
059540020020-2150;059540020020;100mN31490E41419;S;NA;1;70;D;F;6574;NEP
059540020020-2151;059540020020;100mN31463E41425;S;NA;1;27;S;M;2529;NEP
059540020020-2152;059540020020;100mN31483E41414;MC;NA;2;62;M;M;5064;EMP
059540020020-2152;059540020020;100mN31483E41414;MC;NA;2;60;M;F;5064;EMP
059540020020-2153;059540020020;100mN31491E41417;S;NA;1;66;M;M;6574;NEP
059540020020-2154;059540020020;100mN31489E41420;MC;MIX;4;82;W;M;75XX;NEP
059540020020-2154;059540020020;100mN31489E41420;MC;MIX;4;60;M;M;5064;EMP
059540020020-2154;059540020020;100mN31489E41420;MC;MIX;4;58;M;F;5064;NEP
059540020020-2154;059540020020;100mN31489E41420;MC;MIX;4;4;S;F;0305;NEP
059540020020-2155;059540020020;100mN31498E41417;S;NA;1;63;M;F;5064;NEP
059540020020-2156;059540020020;100mN31472E41422;SF;NA;4;63;W;F;5064;NEP
059540020020-2156;059540020020;100mN31472E41422;SF;NA;4;16;S;M;1517;EMP
059540020020-2156;059540020020;100mN31472E41422;SF;NA;4;27;W;F;2529;EMP
059540020020-2156;059540020020;100mN31472E41422;SF;NA;4;43;M;M;4049;EMP
059540020020-2157;059540020020;100mN31490E41418;MC;MIX;3;68;D;F;6574;NEP
059540020020-2157;059540020020;100mN31490E41418;MC;MIX;3;43;M;M;4049;EMP
059540020020-2157;059540020020;100mN31490E41418;MC;MIX;3;42;M;F;4049;EMP
059540020020-2158;059540020020;100mN31475E41421;PO;NA;2;62;S;F;5064;NEP
059540020020-2158;059540020020;100mN31475E41421;PO;NA;2;55;S;F;5064;EMP
059540020020-2159;059540020020;100mN31463E41425;MC;MIX;2;68;M;F;6574;EMP
059540020020-2159;059540020020;100mN31463E41425;MC;MIX;2;33;M;F;3039;NEP
059540020020-2160;059540020020;100mN31491E41419;S;OS;1;26;S;M;2529;EMP
059540020020-2161;059540020020;100mN31474E41422;MC;NA;4;35;M;F;3039;EMP
059540020020-2161;059540020020;100mN31474E41422;MC;NA;4;48;M;M;4049;EMP
059540020020-2161;059540020020;100mN31474E41422;MC;NA;4;11;S;M;0614;NEP
059540020020-2161;059540020020;100mN31474E41422;MC;NA;4;8;S;F;0614;NEP
059540020020-2162;059540020020;100mN31484E41418;MC;MIX;3;72;M;F;6574;NEP
059540020020-2162;059540020020;100mN31484E41418;MC;MIX;3;40;M;M;4049;NEP
059540020020-2162;059540020020;100mN31484E41418;MC;MIX;3;18;M;F;1824;NEP
059540020020-2163;059540020020;100mN31474E41422;S;NA;1;67;S;F;6574;EMP
059540020020-2164;059540020020;100mN31474E41422;MC;NA;2;56;M;F;5064;NEP
059540020020-2164;059540020020;100mN31474E41422;MC;NA;2;60;M;M;5064;NEP
059540020020-2165;059540020020;100mN31474E41422;S;NA;1;16;S;M;1517;EMP
059540020020-2166;059540020020;100mN31476E41421;SM;NA;3;45;S;M;4049;NEP
059540020020-2166;059540020020;100mN31476E41421;SM;NA;3;12;S;F;0614;NEP
059540020020-2166;059540020020;100mN31476E41421;SM;NA;3;10;S;F;0614;NEP
059540020020-2167;059540020020;100mN31474E41422;MC;MIX;5;79;M;M;75XX;EMP
059540020020-2167;059540020020;100mN31474E41422;MC;MIX;5;59;M;F;5064;EMP
059540020020-2167;059540020020;100mN31474E41422;MC;MIX;5;63;M;M;5064;NEP
059540020020-2167;059540020020;100mN31474E41422;MC;MIX;5;2;S;M;0003;NEP
059540020020-2167;059540020020;100mN31474E41422;MC;MIX;5;12;S;M;0614;NEP
059540020020-2168;059540020020;100mN31499E41420;SF;NA;4;57;D;F;5064;EMP
059540020020-2168;059540020020;100mN31499E41420;SF;NA;4;13;S;M;0614;NEP
059540020020-2168;059540020020;100mN31499E41420;SF;NA;4;13;S;F;0614;NEP
059540020020-2168;059540020020;100mN31499E41420;SF;NA;4;9;S;F;0614;NEP
059540020020-2169;059540020020;100mN31481E41412;S;NA;1;26;D;F;2529;NEP
059540020020-2170;059540020020;100mN31464E41424;S;NA;1;44;S;M;4049;NEP
059540020020-2171;059540020020;100mN31474E41422;MC;NA;2;45;M;M;4049;EMP
059540020020-2171;059540020020;100mN31474E41422;MC;NA;2;44;M;F;4049;NEP
059540020020-2172;059540020020;100mN31465E41423;S;OS;1;57;W;F;5064;NEP
059540020020-2173;059540020020;100mN31463E41423;S;OS;1;69;M;F;6574;NEP
059540020020-2174;059540020020;100mN31474E41422;S;NA;1;44;M;F;4049;EMP
059540020020-2175;059540020020;100mN31471E41420;S;OS;1;55;W;M;5064;NEP
059540020020-2176;059540020020;100mN31474E41422;MC;NA;3;37;M;M;3039;NEP
059540020020-2176;059540020020;100mN31474E41422;MC;NA;3;32;M;F;3039;NEP
059540020020-2176;059540020020;100mN31474E41422;MC;NA;3;9;S;F;0614;NEP
059540020020-2177;059540020020;100mN31497E41435;S;NA;1;85;W;F;75XX;EMP
059540020020-2178;059540020020;100mN31474E41422;S;OS;1;25;M;M;2529;EMP
059540020020-2179;059540020020;100mN31481E41405;S;NA;1;25;W;F;2529;EMP
059540020020-2180;059540020020;100mN31485E41413;MC;OS;2;81;M;M;75XX;EMP
059540020020-2180;059540020020;100mN31485E41413;MC;OS;2;84;M;F;75XX;EMP
059540020020-2181;059540020020;100mN31484E41409;MC;NA;2;43;M;M;4049;EMP
059540020020-2181;059540020020;100mN31484E41409;MC;NA;2;45;M;F;4049;EMP
059540020020-2182;059540020020;100mN31471E41431;S;NA;1;37;S;M;3039;EMP
059540020020-2183;059540020020;100mN31494E41423;MC;OS;5;78;M;F;75XX;NEP
059540020020-2183;059540020020;100mN31494E41423;MC;OS;5;82;M;M;75XX;EMP
059540020020-2183;059540020020;100mN31494E41423;MC;OS;5;72;D;F;6574;EMP
059540020020-2183;059540020020;100mN31494E41423;MC;OS;5;71;M;F;6574;EMP
059540020020-2183;059540020020;100mN31494E41423;MC;OS;5;68;W;F;6574;EMP
059540020020-2184;059540020020;100mN31479E41410;SF;MIX;4;78;D;F;75XX;NEP
059540020020-2184;059540020020;100mN31479E41410;SF;MIX;4;48;S;F;4049;NEP
059540020020-2184;059540020020;100mN31479E41410;SF;MIX;4;30;M;M;3039;NEP
059540020020-2184;059540020020;100mN31479E41410;SF;MIX;4;12;S;F;0614;NEP
059540020020-2185;059540020020;100mN31476E41421;S;NA;1;27;S;F;2529;NEP
059540020020-2186;059540020020;100mN31461E41432;MC;MIX;3;71;M;F;6574;NEP
059540020020-2186;059540020020;100mN31461E41432;MC;MIX;3;43;M;M;4049;NEP
059540020020-2186;059540020020;100mN31461E41432;MC;MIX;3;35;M;F;3039;NEP
059540020020-2187;059540020020;100mN31472E41422;MC;NA;3;52;M;M;5064;EMP
059540020020-2187;059540020020;100mN31472E41422;MC;NA;3;45;M;F;4049;NEP
059540020020-2187;059540020020;100mN31472E41422;MC;NA;3;0;S;F;0003;NEP
059540020020-2188;059540020020;100mN31476E41421;S;NA;1;65;M;M;6574;UEP
059540020020-2189;059540020020;100mN31467E41429;MC;OS;2;78;M;F;75XX;NEP
059540020020-2189;059540020020;100mN31467E41429;MC;OS;2;87;M;M;75XX;NEP
059540020020-2190;059540020020;100mN31498E41444;MC;NA;4;44;M;F;4049;NEP
059540020020-2190;059540020020;100mN31498E41444;MC;NA;4;45;M;M;4049;NEP
059540020020-2190;059540020020;100mN31498E41444;MC;NA;4;2;S;F;0003;NEP
059540020020-2190;059540020020;100mN31498E41444;MC;NA;4;9;S;M;0614;NEP
059540020020-2191;059540020020;100mN31480E41408;MC;NA;2;51;M;F;5064;EMP
059540020020-2191;059540020020;100mN31480E41408;MC;NA;2;54;M;M;5064;EMP
059540020020-2192;059540020020;100mN31476E41421;MC;NA;2;58;M;F;5064;EMP
059540020020-2192;059540020020;100mN31476E41421;MC;NA;2;59;M;M;5064;EMP
059540020020-2193;059540020020;100mN31491E41416;S;NA;1;48;S;M;4049;EMP
059540020020-2194;059540020020;100mN31478E41407;MC;MIX;2;65;M;F;6574;NEP
059540020020-2194;059540020020;100mN31478E41407;MC;MIX;2;72;S;M;6574;EMP
059540020020-2195;059540020020;100mN31497E41440;S;NA;1;48;M;F;4049;EMP
059540020020-2196;059540020020;100mN31473E41418;S;NA;1;59;S;M;5064;EMP
059540020020-2197;059540020020;100mN31476E41421;SM;NA;3;45;S;M;4049;NEP
059540020020-2197;059540020020;100mN31476E41421;SM;NA;3;12;S;F;0614;NEP
059540020020-2197;059540020020;100mN31476E41421;SM;NA;3;10;S;F;0614;NEP
059540020020-2198;059540020020;100mN31483E41409;SF;NA;2;61;W;F;5064;NEP
059540020020-2198;059540020020;100mN31483E41409;SF;NA;2;20;M;F;1824;EMP
059540020020-2199;059540020020;100mN31473E41421;S;OS;1;54;S;F;5064;EMP
059540020020-2200;059540020020;100mN31489E41396;PO;OS;2;70;S;F;6574;EMP
059540020020-2200;059540020020;100mN31489E41396;PO;OS;2;72;S;M;6574;EMP
059540020020-2201;059540020020;100mN31483E41405;MC;MIX;4;69;M;M;6574;NEP
059540020020-2201;059540020020;100mN31483E41405;MC;MIX;4;53;M;M;5064;EMP
059540020020-2201;059540020020;100mN31483E41405;MC;MIX;4;51;M;F;5064;EMP
059540020020-2201;059540020020;100mN31483E41405;MC;MIX;4;9;S;F;0614;NEP
059540020020-2202;059540020020;100mN31476E41421;MC;NA;2;46;M;F;4049;NEP
059540020020-2202;059540020020;100mN31476E41421;MC;NA;2;48;M;M;4049;EMP
059540020020-2203;059540020020;100mN31480E41410;S;NA;1;16;S;M;1517;NEP
059540020020-2204;059540020020;100mN31471E41417;SF;NA;2;53;W;F;5064;EMP
059540020020-2204;059540020020;100mN31471E41417;SF;NA;2;15;S;M;1517;NEP
059540020020-2205;059540020020;100mN31476E41421;MC;OS;4;65;M;M;6574;NEP
059540020020-2205;059540020020;100mN31476E41421;MC;OS;4;65;M;F;6574;EMP
059540020020-2205;059540020020;100mN31476E41421;MC;OS;4;82;S;F;75XX;NEP
059540020020-2205;059540020020;100mN31476E41421;MC;OS;4;83;M;F;75XX;EMP
059540020020-2206;059540020020;100mN31484E41413;S;NA;1;52;D;M;5064;EMP
059540020020-2207;059540020020;100mN31496E41443;S;OS;1;67;D;F;6574;NEP
059540020020-2208;059540020020;100mN31462E41431;SF;NA;3;52;D;F;5064;EMP
059540020020-2208;059540020020;100mN31462E41431;SF;NA;3;16;S;M;1517;EMP
059540020020-2208;059540020020;100mN31462E41431;SF;NA;3;9;S;F;0614;NEP
059540020020-2209;059540020020;100mN31489E41419;S;OS;1;51;S;F;5064;NEP
059540020020-2210;059540020020;100mN31467E41427;MC;NA;2;56;M;M;5064;EMP
059540020020-2210;059540020020;100mN31467E41427;MC;NA;2;54;M;F;5064;EMP
059540020020-2211;059540020020;100mN31464E41418;NA;NA;2;52;D;M;5064;EMP
059540020020-2211;059540020020;100mN31464E41418;NA;NA;2;82;M;F;75XX;EMP
059540020020-2212;059540020020;100mN31465E41423;PO;NA;2;59;S;F;5064;NEP
059540020020-2212;059540020020;100mN31465E41423;PO;NA;2;58;S;F;5064;NEP
059540020020-2213;059540020020;100mN31483E41409;S;NA;1;72;W;F;6574;EMP
059540020020-2214;059540020020;100mN31479E41405;SF;NA;3;61;D;F;5064;NEP
059540020020-2214;059540020020;100mN31479E41405;SF;NA;3;6;S;M;0614;NEP
059540020020-2214;059540020020;100mN31479E41405;SF;NA;3;7;S;F;0614;NEP
059540020020-2215;059540020020;100mN31483E41408;MC;OS;2;73;M;M;6574;EMP
059540020020-2215;059540020020;100mN31483E41408;MC;OS;2;72;M;F;6574;NEP
059540020020-2216;059540020020;100mN31479E41410;MC;NA;3;48;M;F;4049;NEP
059540020020-2216;059540020020;100mN31479E41410;MC;NA;3;50;M;M;5064;NEP
059540020020-2216;059540020020;100mN31479E41410;MC;NA;3;11;S;F;0614;NEP
059540020020-2217;059540020020;100mN31483E41408;MC;OS;2;66;M;M;6574;EMP
059540020020-2217;059540020020;100mN31483E41408;MC;OS;2;65;M;F;6574;EMP
059540020020-2218;059540020020;100mN31483E41408;S;NA;1;89;M;M;75XX;NEP
059540020020-2219;059540020020;100mN31479E41401;S;NA;1;35;S;M;3039;EMP
059540020020-2220;059540020020;100mN31481E41413;MC;NA;6;63;M;M;5064;EMP
059540020020-2220;059540020020;100mN31481E41413;MC;NA;6;63;M;F;5064;EMP
059540020020-2220;059540020020;100mN31481E41413;MC;NA;6;16;S;M;1517;EMP
059540020020-2220;059540020020;100mN31481E41413;MC;NA;6;4;S;F;0305;NEP
059540020020-2220;059540020020;100mN31481E41413;MC;NA;6;18;M;F;1824;EMP
059540020020-2220;059540020020;100mN31481E41413;MC;NA;6;43;D;M;4049;NEP
059540020020-2221;059540020020;100mN31483E41408;S;NA;1;46;M;F;4049;NEP
059540020020-2222;059540020020;100mN31476E41420;MC;NA;3;47;M;F;4049;EMP
059540020020-2222;059540020020;100mN31476E41420;MC;NA;3;44;M;M;4049;NEP
059540020020-2222;059540020020;100mN31476E41420;MC;NA;3;11;S;M;0614;NEP
059540020020-2223;059540020020;100mN31498E41430;MC;MIX;2;71;M;F;6574;EMP
059540020020-2223;059540020020;100mN31498E41430;MC;MIX;2;26;S;F;2529;NEP
059540020020-2224;059540020020;100mN31497E41442;MC;OS;2;68;M;F;6574;EMP
059540020020-2224;059540020020;100mN31497E41442;MC;OS;2;65;M;M;6574;EMP
059540020020-2225;059540020020;100mN31474E41420;MC;OS;3;73;M;F;6574;EMP
059540020020-2225;059540020020;100mN31474E41420;MC;OS;3;73;M;M;6574;EMP
059540020020-2225;059540020020;100mN31474E41420;MC;OS;3;73;S;F;6574;NEP
059540020020-2226;059540020020;100mN31484E41415;S;NA;1;67;D;F;6574;EMP
059540020020-2227;059540020020;100mN31483E41413;MC;OS;2;68;M;M;6574;EMP
059540020020-2227;059540020020;100mN31483E41413;MC;OS;2;81;M;F;75XX;NEP
059540020020-2228;059540020020;100mN31490E41420;S;NA;1;81;M;F;75XX;EMP
059540020020-2229;059540020020;100mN31473E41418;S;NA;1;47;D;F;4049;NEP
059540020020-2230;059540020020;100mN31466E41418;MC;NA;2;46;M;M;4049;UEP
059540020020-2230;059540020020;100mN31466E41418;MC;NA;2;41;M;F;4049;NEP
059540020020-2231;059540020020;100mN31461E41428;SF;NA;2;61;D;F;5064;EMP
059540020020-2231;059540020020;100mN31461E41428;SF;NA;2;12;S;F;0614;NEP
059540020020-2232;059540020020;100mN31479E41401;S;NA;1;43;D;M;4049;EMP
059540020020-2233;059540020020;100mN31483E41400;S;NA;1;55;S;M;5064;EMP
059540020020-2234;059540020020;100mN31483E41408;MC;NA;2;62;M;M;5064;EMP
059540020020-2234;059540020020;100mN31483E41408;MC;NA;2;60;M;F;5064;NEP
059540020020-2235;059540020020;100mN31483E41408;S;NA;1;69;M;M;6574;EMP
059540020020-2236;059540020020;100mN31490E41419;MC;OS;2;86;M;F;75XX;EMP
059540020020-2236;059540020020;100mN31490E41419;MC;OS;2;87;M;M;75XX;EMP
059540020020-2237;059540020020;100mN31463E41419;S;OS;1;87;S;M;75XX;EMP
059540020020-2238;059540020020;100mN31468E41421;PO;NA;2;53;S;F;5064;NEP
059540020020-2238;059540020020;100mN31468E41421;PO;NA;2;58;S;M;5064;EMP
059540020020-2239;059540020020;100mN31483E41408;SF;NA;3;65;S;F;6574;NEP
059540020020-2239;059540020020;100mN31483E41408;SF;NA;3;0;S;F;0003;NEP
059540020020-2239;059540020020;100mN31483E41408;SF;NA;3;16;S;M;1517;NEP
059540020020-2240;059540020020;100mN31490E41418;S;OS;1;53;S;M;5064;EMP
059540020020-2241;059540020020;100mN31479E41409;S;OS;1;33;M;M;3039;EMP
059540020020-2242;059540020020;100mN31483E41408;MC;NA;3;44;M;F;4049;EMP
059540020020-2242;059540020020;100mN31483E41408;MC;NA;3;46;M;M;4049;EMP
059540020020-2242;059540020020;100mN31483E41408;MC;NA;3;2;S;M;0003;NEP
059540020020-2243;059540020020;100mN31483E41408;S;NA;1;32;M;M;3039;EMP
059540020020-2244;059540020020;100mN31487E41427;SF;NA;2;67;D;F;6574;EMP
059540020020-2244;059540020020;100mN31487E41427;SF;NA;2;4;S;F;0305;NEP
059540020020-2245;059540020020;100mN31483E41408;S;NA;1;41;S;M;4049;NEP
059540020020-2246;059540020020;100mN31483E41408;MC;OS;2;83;M;F;75XX;EMP
059540020020-2246;059540020020;100mN31483E41408;MC;OS;2;88;M;M;75XX;NEP
059540020020-2247;059540020020;100mN31473E41418;S;NA;1;56;S;F;5064;NEP
059540020020-2248;059540020020;100mN31483E41408;S;NA;1;88;S;M;75XX;EMP
059540020020-2249;059540020020;100mN31474E41420;MC;NA;5;41;M;M;4049;EMP
059540020020-2249;059540020020;100mN31474E41420;MC;NA;5;44;M;F;4049;NEP
059540020020-2249;059540020020;100mN31474E41420;MC;NA;5;6;S;M;0614;NEP
059540020020-2249;059540020020;100mN31474E41420;MC;NA;5;26;D;F;2529;NEP
059540020020-2249;059540020020;100mN31474E41420;MC;NA;5;19;M;M;1824;EMP
059540020020-2250;059540020020;100mN31460E41426;S;OS;1;43;W;M;4049;EMP
059540020020-2251;059540020020;100mN31479E41410;S;OS;1;75;S;F;75XX;NEP
059540020020-2252;059540020020;100mN31483E41408;S;NA;1;41;S;F;4049;EMP
059540020020-2253;059540020020;100mN31478E41407;MC;MIX;3;68;W;M;6574;EMP
059540020020-2253;059540020020;100mN31478E41407;MC;MIX;3;50;M;M;5064;NEP
059540020020-2253;059540020020;100mN31478E41407;MC;MIX;3;50;M;F;5064;NEP
059540020020-2254;059540020020;100mN31483E41408;MC;NA;2;30;M;M;3039;EMP
059540020020-2254;059540020020;100mN31483E41408;MC;NA;2;22;M;F;1824;EMP
059540020020-2255;059540020020;100mN31483E41408;S;OS;1;56;S;F;5064;NEP
059540020020-2256;059540020020;100mN31490E41418;S;OS;1;53;S;M;5064;EMP
059540020020-2257;059540020020;100mN31483E41408;S;NA;1;83;S;M;75XX;EMP
059540020020-2258;059540020020;100mN31483E41408;MC;NA;4;31;M;F;3039;EMP
059540020020-2258;059540020020;100mN31483E41408;MC;NA;4;25;M;M;2529;NEP
059540020020-2258;059540020020;100mN31483E41408;MC;NA;4;0;S;F;0003;NEP
059540020020-2258;059540020020;100mN31483E41408;MC;NA;4;15;S;F;1517;EMP
059540020020-2259;059540020020;100mN31472E41424;S;NA;1;36;W;F;3039;EMP
059540020020-2260;059540020020;100mN31469E41432;S;OS;1;35;M;M;3039;EMP
059540020020-2261;059540020020;100mN31479E41407;SM;MIX;2;88;D;M;75XX;UEP
059540020020-2261;059540020020;100mN31479E41407;SM;MIX;2;8;S;M;0614;NEP
059540020020-2262;059540020020;100mN31492E41410;MC;NA;3;44;M;F;4049;NEP
059540020020-2262;059540020020;100mN31492E41410;MC;NA;3;53;M;M;5064;EMP
059540020020-2262;059540020020;100mN31492E41410;MC;NA;3;9;S;M;0614;NEP
059540020020-2263;059540020020;100mN31495E41434;SF;NA;2;46;W;F;4049;NEP
059540020020-2263;059540020020;100mN31495E41434;SF;NA;2;12;S;M;0614;NEP
059540020020-2264;059540020020;100mN31495E41434;S;NA;1;63;M;F;5064;EMP
059540020020-2265;059540020020;100mN31464E41424;S;OS;1;37;W;F;3039;EMP
059540020020-2266;059540020020;100mN31465E41429;MC;NA;5;51;M;F;5064;EMP
059540020020-2266;059540020020;100mN31465E41429;MC;NA;5;54;M;M;5064;NEP
059540020020-2266;059540020020;100mN31465E41429;MC;NA;5;7;S;F;0614;NEP
059540020020-2266;059540020020;100mN31465E41429;MC;NA;5;0;S;M;0003;NEP
059540020020-2266;059540020020;100mN31465E41429;MC;NA;5;7;S;M;0614;NEP
059540020020-2267;059540020020;100mN31498E41433;MC;MIX;2;66;M;M;6574;NEP
059540020020-2267;059540020020;100mN31498E41433;MC;MIX;2;63;M;F;5064;NEP
059540020020-2268;059540020020;100mN31501E41424;MC;NA;3;61;M;M;5064;EMP
059540020020-2268;059540020020;100mN31501E41424;MC;NA;3;62;M;F;5064;NEP
059540020020-2268;059540020020;100mN31501E41424;MC;NA;3;7;S;F;0614;NEP
059540020020-2269;059540020020;100mN31495E41434;MC;NA;2;42;M;F;4049;NEP
059540020020-2269;059540020020;100mN31495E41434;MC;NA;2;41;M;M;4049;EMP
059540020020-2270;059540020020;100mN31474E41420;MC;MIX;2;84;M;M;75XX;UEP
059540020020-2270;059540020020;100mN31474E41420;MC;MIX;2;12;S;F;0614;NEP
059540020020-2271;059540020020;100mN31472E41420;MC;MIX;2;69;M;M;6574;EMP
059540020020-2271;059540020020;100mN31472E41420;MC;MIX;2;28;D;M;2529;NEP
059540020020-2272;059540020020;100mN31495E41434;MC;MIX;3;83;M;M;75XX;NEP
059540020020-2272;059540020020;100mN31495E41434;MC;MIX;3;56;M;M;5064;EMP
059540020020-2272;059540020020;100mN31495E41434;MC;MIX;3;48;M;F;4049;NEP
059540020020-2273;059540020020;100mN31489E41421;S;NA;1;88;M;F;75XX;EMP
059540020020-2274;059540020020;100mN31495E41434;MC;OS;2;66;M;M;6574;EMP
059540020020-2274;059540020020;100mN31495E41434;MC;OS;2;76;M;F;75XX;NEP
059540020020-2275;059540020020;100mN31462E41430;S;NA;1;18;W;F;1824;EMP
059540020020-2276;059540020020;100mN31480E41401;MC;NA;2;56;M;F;5064;NEP
059540020020-2276;059540020020;100mN31480E41401;MC;NA;2;63;M;M;5064;NEP
059540020020-2277;059540020020;100mN31498E41433;MC;NA;2;43;M;F;4049;NEP
059540020020-2277;059540020020;100mN31498E41433;MC;NA;2;18;M;M;1824;NEP
059540020020-2278;059540020020;100mN31480E41401;MC;OS;2;68;M;F;6574;EMP
059540020020-2278;059540020020;100mN31480E41401;MC;OS;2;68;M;M;6574;EMP
059540020020-2279;059540020020;100mN31473E41419;MC;MIX;4;80;W;F;75XX;EMP
059540020020-2279;059540020020;100mN31473E41419;MC;MIX;4;53;M;M;5064;NEP
059540020020-2279;059540020020;100mN31473E41419;MC;MIX;4;52;M;F;5064;NEP
059540020020-2279;059540020020;100mN31473E41419;MC;MIX;4;34;D;F;3039;NEP
059540020020-2280;059540020020;100mN31472E41431;SM;MIX;4;89;D;F;75XX;EMP
059540020020-2280;059540020020;100mN31472E41431;SM;MIX;4;19;S;M;1824;EMP
059540020020-2280;059540020020;100mN31472E41431;SM;MIX;4;1;S;F;0003;NEP
059540020020-2280;059540020020;100mN31472E41431;SM;MIX;4;1;S;M;0003;NEP
059540020020-2281;059540020020;100mN31491E41417;MC;OS;2;80;M;F;75XX;EMP
059540020020-2281;059540020020;100mN31491E41417;MC;OS;2;80;M;M;75XX;EMP
059540020020-2282;059540020020;100mN31472E41431;NA;OS;3;62;D;M;5064;EMP
059540020020-2282;059540020020;100mN31472E41431;NA;OS;3;67;W;F;6574;EMP
059540020020-2282;059540020020;100mN31472E41431;NA;OS;3;60;M;F;5064;NEP
059540020020-2283;059540020020;100mN31466E41415;MC;OS;2;73;M;F;6574;EMP
059540020020-2283;059540020020;100mN31466E41415;MC;OS;2;73;M;M;6574;EMP
059540020020-2284;059540020020;100mN31469E41418;MC;OS;2;70;M;F;6574;EMP
059540020020-2284;059540020020;100mN31469E41418;MC;OS;2;71;M;M;6574;NEP
059540020020-2285;059540020020;100mN31461E41427;S;NA;1;61;S;F;5064;EMP
059540020020-2286;059540020020;100mN31483E41414;S;NA;1;41;M;M;4049;NEP
059540020020-2287;059540020020;100mN31463E41419;MC;OS;2;87;M;F;75XX;NEP
059540020020-2287;059540020020;100mN31463E41419;MC;OS;2;72;S;F;6574;NEP
059540020020-2288;059540020020;100mN31486E41429;PO;NA;4;62;S;F;5064;NEP
059540020020-2288;059540020020;100mN31486E41429;PO;NA;4;44;S;M;4049;EMP
059540020020-2288;059540020020;100mN31486E41429;PO;NA;4;7;S;F;0614;NEP
059540020020-2288;059540020020;100mN31486E41429;PO;NA;4;11;S;M;0614;NEP
059540020020-2289;059540020020;100mN31466E41415;S;NA;1;16;S;M;1517;EMP
059540020020-2290;059540020020;100mN31471E41421;S;NA;1;56;S;F;5064;NEP
059540020020-2291;059540020020;100mN31466E41415;MC;MIX;5;86;M;F;75XX;EMP
059540020020-2291;059540020020;100mN31466E41415;MC;MIX;5;62;M;F;5064;NEP
059540020020-2291;059540020020;100mN31466E41415;MC;MIX;5;58;M;M;5064;NEP
059540020020-2291;059540020020;100mN31466E41415;MC;MIX;5;3;S;M;0305;NEP
059540020020-2291;059540020020;100mN31466E41415;MC;MIX;5;40;M;F;4049;NEP
059540020020-2292;059540020020;100mN31466E41415;S;NA;1;71;S;M;6574;UEP
059540020020-2293;059540020020;100mN31481E41413;SF;MIX;4;75;S;M;75XX;EMP
059540020020-2293;059540020020;100mN31481E41413;SF;MIX;4;33;W;F;3039;NEP
059540020020-2293;059540020020;100mN31481E41413;SF;MIX;4;13;S;M;0614;NEP
059540020020-2293;059540020020;100mN31481E41413;SF;MIX;4;18;M;F;1824;NEP
059540020020-2294;059540020020;100mN31466E41415;SF;NA;2;61;D;F;5064;NEP
059540020020-2294;059540020020;100mN31466E41415;SF;NA;2;43;S;M;4049;EMP
059540020020-2295;059540020020;100mN31466E41415;MC;NA;2;62;M;F;5064;EMP
059540020020-2295;059540020020;100mN31466E41415;MC;NA;2;63;M;M;5064;NEP
059540020020-2296;059540020020;100mN31466E41415;S;NA;1;65;W;F;6574;EMP
059540020020-2297;059540020020;100mN31466E41415;MC;NA;2;19;M;F;1824;EMP
059540020020-2297;059540020020;100mN31466E41415;MC;NA;2;44;M;M;4049;EMP
059540020020-2298;059540020020;100mN31481E41413;S;NA;1;50;M;F;5064;EMP
059540020020-2299;059540020020;100mN31465E41431;S;NA;1;82;W;F;75XX;NEP
059540020020-2300;059540020020;100mN31466E41415;SF;MIX;2;82;W;F;75XX;EMP
059540020020-2300;059540020020;100mN31466E41415;SF;MIX;2;13;S;F;0614;NEP
059540020020-2301;059540020020;100mN31471E41418;S;NA;1;53;W;F;5064;NEP
059540020020-2302;059540020020;100mN31492E41402;MC;NA;3;44;M;F;4049;EMP
059540020020-2302;059540020020;100mN31492E41402;MC;NA;3;45;M;M;4049;NEP
059540020020-2302;059540020020;100mN31492E41402;MC;NA;3;10;S;M;0614;NEP
059540020020-2303;059540020020;100mN31484E41411;PO;NA;3;38;S;M;3039;NEP
059540020020-2303;059540020020;100mN31484E41411;PO;NA;3;37;S;M;3039;NEP
059540020020-2303;059540020020;100mN31484E41411;PO;NA;3;9;S;F;0614;NEP
059540020020-2304;059540020020;100mN31482E41412;S;OS;1;48;S;M;4049;NEP
059540020020-2305;059540020020;100mN31482E41412;S;NA;1;42;M;M;4049;NEP
059540020020-2306;059540020020;100mN31481E41413;S;NA;1;16;S;M;1517;EMP
059540020020-2307;059540020020;100mN31485E41429;S;OS;1;54;S;F;5064;EMP
059540020020-2308;059540020020;100mN31485E41429;S;NA;1;88;M;M;75XX;NEP
059540020020-2309;059540020020;100mN31481E41405;MC;NA;2;61;M;F;5064;NEP
059540020020-2309;059540020020;100mN31481E41405;MC;NA;2;47;M;F;4049;EMP
059540020020-2310;059540020020;100mN31472E41424;S;NA;1;36;W;F;3039;EMP
059540020020-2311;059540020020;100mN31481E41413;MC;OS;2;73;M;M;6574;EMP
059540020020-2311;059540020020;100mN31481E41413;MC;OS;2;71;M;F;6574;NEP
059540020020-2312;059540020020;100mN31471E41420;MC;NA;5;57;M;M;5064;NEP
059540020020-2312;059540020020;100mN31471E41420;MC;NA;5;57;M;F;5064;EMP
059540020020-2312;059540020020;100mN31471E41420;MC;NA;5;4;S;M;0305;NEP
059540020020-2312;059540020020;100mN31471E41420;MC;NA;5;20;D;F;1824;NEP
059540020020-2312;059540020020;100mN31471E41420;MC;NA;5;7;S;F;0614;NEP
059540020020-2313;059540020020;100mN31485E41428;MC;NA;3;42;M;M;4049;NEP
059540020020-2313;059540020020;100mN31485E41428;MC;NA;3;40;M;F;4049;NEP
059540020020-2313;059540020020;100mN31485E41428;MC;NA;3;22;M;F;1824;NEP
059540020020-2314;059540020020;100mN31463E41426;MC;NA;3;40;M;F;4049;EMP
059540020020-2314;059540020020;100mN31463E41426;MC;NA;3;48;M;M;4049;EMP
059540020020-2314;059540020020;100mN31463E41426;MC;NA;3;6;S;M;0614;NEP
059540020020-2315;059540020020;100mN31481E41411;MC;MIX;2;67;M;M;6574;EMP
059540020020-2315;059540020020;100mN31481E41411;MC;MIX;2;59;S;M;5064;EMP
059540020020-2316;059540020020;100mN31461E41431;MC;OS;2;79;M;F;75XX;EMP
059540020020-2316;059540020020;100mN31461E41431;MC;OS;2;81;M;M;75XX;EMP
059540020020-2317;059540020020;100mN31485E41412;MC;NA;2;27;M;M;2529;EMP
059540020020-2317;059540020020;100mN31485E41412;MC;NA;2;27;M;F;2529;EMP
059540020020-2318;059540020020;100mN31472E41422;MC;MIX;4;65;D;M;6574;EMP
059540020020-2318;059540020020;100mN31472E41422;MC;MIX;4;51;M;F;5064;NEP
059540020020-2318;059540020020;100mN31472E41422;MC;MIX;4;59;M;M;5064;EMP
059540020020-2318;059540020020;100mN31472E41422;MC;MIX;4;10;S;M;0614;NEP
059540020020-2319;059540020020;100mN31463E41426;S;NA;1;45;W;F;4049;NEP
059540020020-2320;059540020020;100mN31477E41405;S;OS;1;71;S;M;6574;EMP
059540020020-2321;059540020020;100mN31484E41413;SF;MIX;2;65;S;F;6574;EMP
059540020020-2321;059540020020;100mN31484E41413;SF;MIX;2;0;S;M;0003;NEP
059540020020-2322;059540020020;100mN31499E41431;MC;NA;2;47;M;F;4049;EMP
059540020020-2322;059540020020;100mN31499E41431;MC;NA;2;56;M;M;5064;NEP
059540020020-2323;059540020020;100mN31463E41426;S;NA;1;79;D;F;75XX;EMP
059540020020-2324;059540020020;100mN31480E41412;PO;NA;2;62;S;M;5064;EMP
059540020020-2324;059540020020;100mN31480E41412;PO;NA;2;63;S;M;5064;EMP
059540020020-2325;059540020020;100mN31463E41421;MC;NA;3;54;M;F;5064;EMP
059540020020-2325;059540020020;100mN31463E41421;MC;NA;3;63;M;M;5064;UEP
059540020020-2325;059540020020;100mN31463E41421;MC;NA;3;32;M;F;3039;NEP
059540020020-2326;059540020020;100mN31480E41408;S;NA;1;63;M;M;5064;NEP
059540020020-2327;059540020020;100mN31463E41426;MC;OS;2;66;M;F;6574;EMP
059540020020-2327;059540020020;100mN31463E41426;MC;OS;2;65;M;M;6574;EMP
059540020020-2328;059540020020;100mN31462E41424;MC;NA;2;47;M;F;4049;NEP
059540020020-2328;059540020020;100mN31462E41424;MC;NA;2;51;M;M;5064;EMP
059540020020-2329;059540020020;100mN31462E41424;SF;NA;2;42;D;F;4049;NEP
059540020020-2329;059540020020;100mN31462E41424;SF;NA;2;21;M;F;1824;EMP
059540020020-2330;059540020020;100mN31496E41418;S;OS;1;58;M;M;5064;EMP
059540020020-2331;059540020020;100mN31462E41424;SF;NA;2;33;S;F;3039;NEP
059540020020-2331;059540020020;100mN31462E41424;SF;NA;2;18;S;M;1824;EMP
059540020020-2332;059540020020;100mN31489E41419;S;NA;1;53;S;M;5064;EMP
059540020020-2333;059540020020;100mN31465E41428;MC;MIX;2;66;M;M;6574;EMP
059540020020-2333;059540020020;100mN31465E41428;MC;MIX;2;63;M;F;5064;NEP
059540020020-2334;059540020020;100mN31462E41424;S;OS;1;41;M;M;4049;EMP
059540020020-2335;059540020020;100mN31462E41424;MC;OS;3;81;M;M;75XX;NEP
059540020020-2335;059540020020;100mN31462E41424;MC;OS;3;73;M;F;6574;EMP
059540020020-2335;059540020020;100mN31462E41424;MC;OS;3;88;M;M;75XX;EMP
059540020020-2336;059540020020;100mN31462E41424;MC;NA;3;61;M;M;5064;EMP
059540020020-2336;059540020020;100mN31462E41424;MC;NA;3;54;M;F;5064;NEP
059540020020-2336;059540020020;100mN31462E41424;MC;NA;3;46;M;M;4049;EMP
059540020020-2337;059540020020;100mN31462E41424;MC;NA;3;51;M;F;5064;NEP
059540020020-2337;059540020020;100mN31462E41424;MC;NA;3;50;M;M;5064;EMP
059540020020-2337;059540020020;100mN31462E41424;MC;NA;3;31;M;M;3039;EMP
059540020020-2338;059540020020;100mN31489E41421;S;NA;1;35;S;M;3039;NEP
059540020020-2339;059540020020;100mN31462E41424;MC;NA;2;28;M;F;2529;EMP
059540020020-2339;059540020020;100mN31462E41424;MC;NA;2;30;M;M;3039;NEP
059540020020-2340;059540020020;100mN31462E41424;MC;NA;2;46;M;F;4049;EMP
059540020020-2340;059540020020;100mN31462E41424;MC;NA;2;45;M;M;4049;NEP
059540020020-2341;059540020020;100mN31481E41408;S;OS;1;70;S;F;6574;EMP
059540020020-2342;059540020020;100mN31465E41423;S;OS;1;57;W;F;5064;NEP
059540020020-2343;059540020020;100mN31479E41400;S;OS;1;53;W;M;5064;EMP
059540020020-2344;059540020020;100mN31480E41412;S;NA;1;44;S;M;4049;EMP
059540020020-2345;059540020020;100mN31462E41424;MC;OS;2;86;M;M;75XX;EMP
059540020020-2345;059540020020;100mN31462E41424;MC;OS;2;81;M;F;75XX;EMP
059540020020-2346;059540020020;100mN31460E41430;MC;NA;2;51;M;F;5064;EMP
059540020020-2346;059540020020;100mN31460E41430;MC;NA;2;52;M;M;5064;EMP
059540020020-2347;059540020020;100mN31485E41409;MC;NA;2;50;M;F;5064;NEP
059540020020-2347;059540020020;100mN31485E41409;MC;NA;2;45;M;M;4049;EMP
059540020020-2348;059540020020;100mN31462E41424;MC;NA;3;48;M;F;4049;EMP
059540020020-2348;059540020020;100mN31462E41424;MC;NA;3;51;M;M;5064;NEP
059540020020-2348;059540020020;100mN31462E41424;MC;NA;3;32;M;M;3039;EMP
059540020020-2349;059540020020;100mN31481E41408;SF;NA;2;50;S;F;5064;EMP
059540020020-2349;059540020020;100mN31481E41408;SF;NA;2;18;S;M;1824;EMP
059540020020-2350;059540020020;100mN31462E41424;MC;NA;2;32;M;M;3039;EMP
059540020020-2350;059540020020;100mN31462E41424;MC;NA;2;30;M;F;3039;EMP
059540020020-2351;059540020020;100mN31481E41413;MC;NA;3;35;M;M;3039;NEP
059540020020-2351;059540020020;100mN31481E41413;MC;NA;3;35;M;F;3039;EMP
059540020020-2351;059540020020;100mN31481E41413;MC;NA;3;12;S;M;0614;NEP
059540020020-2352;059540020020;100mN31485E41410;MC;NA;2;46;M;M;4049;EMP
059540020020-2352;059540020020;100mN31485E41410;MC;NA;2;43;M;F;4049;EMP
059540020020-2353;059540020020;100mN31462E41424;S;NA;1;21;M;M;1824;NEP
059540020020-2354;059540020020;100mN31478E41422;MC;NA;2;48;M;M;4049;NEP
059540020020-2354;059540020020;100mN31478E41422;MC;NA;2;51;M;F;5064;NEP
059540020020-2355;059540020020;100mN31490E41422;PO;NA;6;54;S;F;5064;EMP
059540020020-2355;059540020020;100mN31490E41422;PO;NA;6;55;S;F;5064;EMP
059540020020-2355;059540020020;100mN31490E41422;PO;NA;6;22;M;F;1824;NEP
059540020020-2355;059540020020;100mN31490E41422;PO;NA;6;4;S;F;0305;NEP
059540020020-2355;059540020020;100mN31490E41422;PO;NA;6;26;M;F;2529;EMP
059540020020-2355;059540020020;100mN31490E41422;PO;NA;6;3;S;M;0305;NEP
059540020020-2356;059540020020;100mN31462E41424;MC;NA;3;27;M;F;2529;NEP
059540020020-2356;059540020020;100mN31462E41424;MC;NA;3;28;M;M;2529;EMP
059540020020-2356;059540020020;100mN31462E41424;MC;NA;3;11;S;M;0614;NEP
059540020020-2357;059540020020;100mN31462E41424;NA;OS;2;22;S;M;1824;EMP
059540020020-2357;059540020020;100mN31462E41424;NA;OS;2;51;M;F;5064;NEP
059540020020-2358;059540020020;100mN31462E41424;SF;NA;5;55;S;F;5064;EMP
059540020020-2358;059540020020;100mN31462E41424;SF;NA;5;0;S;F;0003;NEP
059540020020-2358;059540020020;100mN31462E41424;SF;NA;5;19;S;M;1824;EMP
059540020020-2358;059540020020;100mN31462E41424;SF;NA;5;15;S;M;1517;EMP
059540020020-2358;059540020020;100mN31462E41424;SF;NA;5;21;S;F;1824;NEP
059540020020-2359;059540020020;100mN31480E41408;MC;OS;2;79;M;F;75XX;EMP
059540020020-2359;059540020020;100mN31480E41408;MC;OS;2;81;M;M;75XX;UEP
059540020020-2360;059540020020;100mN31462E41424;S;NA;1;65;M;M;6574;EMP
059540020020-2361;059540020020;100mN31468E41428;SF;NA;2;31;W;F;3039;NEP
059540020020-2361;059540020020;100mN31468E41428;SF;NA;2;11;S;F;0614;NEP
059540020020-2362;059540020020;100mN31499E41419;S;NA;1;22;W;F;1824;NEP
059540020020-2363;059540020020;100mN31472E41432;SF;NA;2;45;D;F;4049;EMP
059540020020-2363;059540020020;100mN31472E41432;SF;NA;2;13;S;M;0614;NEP
059540020020-2364;059540020020;100mN31484E41428;MC;MIX;5;73;M;F;6574;EMP
059540020020-2364;059540020020;100mN31484E41428;MC;MIX;5;54;M;F;5064;NEP
059540020020-2364;059540020020;100mN31484E41428;MC;MIX;5;57;M;M;5064;EMP
059540020020-2364;059540020020;100mN31484E41428;MC;MIX;5;6;S;M;0614;NEP
059540020020-2364;059540020020;100mN31484E41428;MC;MIX;5;11;S;M;0614;NEP
059540020020-2365;059540020020;100mN31483E41410;S;OS;1;55;W;F;5064;EMP
059540020020-2366;059540020020;100mN31470E41420;S;NA;1;86;S;M;75XX;NEP
059540020020-2367;059540020020;100mN31461E41422;SF;NA;4;43;D;F;4049;EMP
059540020020-2367;059540020020;100mN31461E41422;SF;NA;4;6;S;F;0614;NEP
059540020020-2367;059540020020;100mN31461E41422;SF;NA;4;16;S;M;1517;NEP
059540020020-2367;059540020020;100mN31461E41422;SF;NA;4;22;M;M;1824;NEP
059540020020-2368;059540020020;100mN31467E41421;MC;NA;3;48;M;F;4049;NEP
059540020020-2368;059540020020;100mN31467E41421;MC;NA;3;48;M;M;4049;NEP
059540020020-2368;059540020020;100mN31467E41421;MC;NA;3;11;S;M;0614;NEP
059540020020-2369;059540020020;100mN31472E41432;SF;NA;2;41;W;F;4049;EMP
059540020020-2369;059540020020;100mN31472E41432;SF;NA;2;16;S;M;1517;NEP
059540020020-2370;059540020020;100mN31470E41420;S;NA;1;48;D;F;4049;EMP
059540020020-2371;059540020020;100mN31473E41418;SM;NA;3;58;S;M;5064;EMP
059540020020-2371;059540020020;100mN31473E41418;SM;NA;3;11;S;F;0614;NEP
059540020020-2371;059540020020;100mN31473E41418;SM;NA;3;3;S;F;0305;NEP
059540020020-2372;059540020020;100mN31493E41403;S;NA;1;38;D;F;3039;NEP
059540020020-2373;059540020020;100mN31480E41408;SF;NA;2;47;D;F;4049;NEP
059540020020-2373;059540020020;100mN31480E41408;SF;NA;2;31;W;F;3039;EMP
059540020020-2374;059540020020;100mN31470E41420;PO;NA;2;35;S;M;3039;EMP
059540020020-2374;059540020020;100mN31470E41420;PO;NA;2;37;S;F;3039;EMP
059540020020-2375;059540020020;100mN31471E41421;S;NA;1;47;D;M;4049;NEP
059540020020-2376;059540020020;100mN31470E41420;S;NA;1;48;D;F;4049;NEP
059540020020-2377;059540020020;100mN31470E41420;MC;NA;6;31;M;M;3039;EMP
059540020020-2377;059540020020;100mN31470E41420;MC;NA;6;28;M;F;2529;EMP
059540020020-2377;059540020020;100mN31470E41420;MC;NA;6;6;S;F;0614;NEP
059540020020-2377;059540020020;100mN31470E41420;MC;NA;6;8;S;F;0614;NEP
059540020020-2377;059540020020;100mN31470E41420;MC;NA;6;9;S;F;0614;NEP
059540020020-2377;059540020020;100mN31470E41420;MC;NA;6;0;S;F;0003;NEP
059540020020-2378;059540020020;100mN31470E41420;S;OS;1;60;M;M;5064;EMP
059540020020-2379;059540020020;100mN31470E41420;S;NA;1;55;M;F;5064;EMP
059540020020-2380;059540020020;100mN31473E41419;MC;MIX;4;80;W;F;75XX;EMP
059540020020-2380;059540020020;100mN31473E41419;MC;MIX;4;53;M;M;5064;NEP
059540020020-2380;059540020020;100mN31473E41419;MC;MIX;4;52;M;F;5064;NEP
059540020020-2380;059540020020;100mN31473E41419;MC;MIX;4;34;D;F;3039;NEP
059540020020-2381;059540020020;100mN31470E41420;S;NA;1;70;S;F;6574;EMP
059540020020-2382;059540020020;100mN31470E41420;MC;MIX;3;66;M;F;6574;EMP
059540020020-2382;059540020020;100mN31470E41420;MC;MIX;3;19;M;F;1824;NEP
059540020020-2382;059540020020;100mN31470E41420;MC;MIX;3;19;M;M;1824;NEP
059540020020-2383;059540020020;100mN31470E41420;S;OS;1;56;M;F;5064;EMP
059540020020-2384;059540020020;100mN31464E41418;S;OS;1;47;S;M;4049;NEP
059540020020-2385;059540020020;100mN31471E41420;S;NA;1;52;M;M;5064;NEP
059540020020-2386;059540020020;100mN31483E41409;S;NA;1;41;S;M;4049;EMP
059540020020-2387;059540020020;100mN31465E41425;S;OS;1;57;M;M;5064;EMP
059540020020-2388;059540020020;100mN31470E41420;MC;NA;3;40;M;F;4049;NEP
059540020020-2388;059540020020;100mN31470E41420;MC;NA;3;40;M;M;4049;EMP
059540020020-2388;059540020020;100mN31470E41420;MC;NA;3;8;S;M;0614;NEP
059540020020-2389;059540020020;100mN31470E41420;S;NA;1;69;M;F;6574;EMP
059540020020-2390;059540020020;100mN31496E41444;MC;NA;2;56;M;M;5064;NEP
059540020020-2390;059540020020;100mN31496E41444;MC;NA;2;56;M;F;5064;EMP
059540020020-2391;059540020020;100mN31464E41418;SF;NA;3;28;D;F;2529;NEP
059540020020-2391;059540020020;100mN31464E41418;SF;NA;3;8;S;F;0614;NEP
059540020020-2391;059540020020;100mN31464E41418;SF;NA;3;3;S;F;0305;NEP
059540020020-2392;059540020020;100mN31480E41412;MC;MIX;2;88;M;M;75XX;NEP
059540020020-2392;059540020020;100mN31480E41412;MC;MIX;2;71;M;M;6574;EMP
059540020020-2393;059540020020;100mN31478E41398;MC;OS;3;87;M;F;75XX;EMP
059540020020-2393;059540020020;100mN31478E41398;MC;OS;3;28;M;F;2529;NEP
059540020020-2393;059540020020;100mN31478E41398;MC;OS;3;86;D;F;75XX;NEP
059540020020-2394;059540020020;100mN31471E41424;MC;OS;4;66;M;F;6574;EMP
059540020020-2394;059540020020;100mN31471E41424;MC;OS;4;69;M;M;6574;EMP
059540020020-2394;059540020020;100mN31471E41424;MC;OS;4;66;M;M;6574;NEP
059540020020-2394;059540020020;100mN31471E41424;MC;OS;4;86;D;F;75XX;EMP
059540020020-2395;059540020020;100mN31470E41420;MC;NA;3;37;M;F;3039;NEP
059540020020-2395;059540020020;100mN31470E41420;MC;NA;3;40;M;M;4049;EMP
059540020020-2395;059540020020;100mN31470E41420;MC;NA;3;16;S;M;1517;NEP
059540020020-2396;059540020020;100mN31491E41414;SM;NA;2;62;S;M;5064;NEP
059540020020-2396;059540020020;100mN31491E41414;SM;NA;2;7;S;M;0614;NEP
059540020020-2397;059540020020;100mN31463E41422;MC;MIX;2;67;M;F;6574;EMP
059540020020-2397;059540020020;100mN31463E41422;MC;MIX;2;25;D;F;2529;NEP
059540020020-2398;059540020020;100mN31494E41435;S;OS;1;55;P;M;5064;NEP
059540020020-2399;059540020020;100mN31493E41431;PO;NA;2;47;S;M;4049;NEP
059540020020-2399;059540020020;100mN31493E41431;PO;NA;2;55;S;F;5064;NEP
059540020020-2400;059540020020;100mN31463E41423;SF;MIX;4;82;M;F;75XX;EMP
059540020020-2400;059540020020;100mN31463E41423;SF;MIX;4;40;W;F;4049;EMP
059540020020-2400;059540020020;100mN31463E41423;SF;MIX;4;9;S;M;0614;NEP
059540020020-2400;059540020020;100mN31463E41423;SF;MIX;4;7;S;F;0614;NEP
059540020020-2401;059540020020;100mN31475E41422;S;NA;1;52;S;M;5064;EMP
059540020020-2402;059540020020;100mN31469E41418;PO;NA;4;59;S;M;5064;NEP
059540020020-2402;059540020020;100mN31469E41418;PO;NA;4;53;S;M;5064;EMP
059540020020-2402;059540020020;100mN31469E41418;PO;NA;4;6;S;M;0614;NEP
059540020020-2402;059540020020;100mN31469E41418;PO;NA;4;6;S;M;0614;NEP
059540020020-2403;059540020020;100mN31469E41418;MC;MIX;4;72;M;F;6574;EMP
059540020020-2403;059540020020;100mN31469E41418;MC;MIX;4;56;M;F;5064;EMP
059540020020-2403;059540020020;100mN31469E41418;MC;MIX;4;60;M;M;5064;EMP
059540020020-2403;059540020020;100mN31469E41418;MC;MIX;4;6;S;F;0614;NEP
059540020020-2404;059540020020;100mN31464E41425;MC;OS;4;89;M;F;75XX;EMP
059540020020-2404;059540020020;100mN31464E41425;MC;OS;4;12;S;F;0614;NEP
059540020020-2404;059540020020;100mN31464E41425;MC;OS;4;68;S;F;6574;EMP
059540020020-2404;059540020020;100mN31464E41425;MC;OS;4;66;S;F;6574;NEP
059540020020-2405;059540020020;100mN31467E41420;MC;OS;2;69;M;M;6574;EMP
059540020020-2405;059540020020;100mN31467E41420;MC;OS;2;65;M;F;6574;EMP
059540020020-2406;059540020020;100mN31469E41418;MC;NA;2;30;M;M;3039;EMP
059540020020-2406;059540020020;100mN31469E41418;MC;NA;2;30;M;F;3039;EMP
059540020020-2407;059540020020;100mN31465E41419;MC;NA;2;18;M;M;1824;EMP
059540020020-2407;059540020020;100mN31465E41419;MC;NA;2;18;M;F;1824;EMP
059540020020-2408;059540020020;100mN31485E41414;MC;NA;3;58;M;F;5064;EMP
059540020020-2408;059540020020;100mN31485E41414;MC;NA;3;62;M;M;5064;EMP
059540020020-2408;059540020020;100mN31485E41414;MC;NA;3;7;S;F;0614;NEP
059540020020-2409;059540020020;100mN31475E41421;MC;OS;2;73;M;F;6574;EMP
059540020020-2409;059540020020;100mN31475E41421;MC;OS;2;84;M;M;75XX;NEP
059540020020-2410;059540020020;100mN31469E41418;S;OS;1;38;M;M;3039;EMP
059540020020-2411;059540020020;100mN31469E41418;MC;NA;2;42;M;M;4049;EMP
059540020020-2411;059540020020;100mN31469E41418;MC;NA;2;62;M;F;5064;NEP
059540020020-2412;059540020020;100mN31469E41418;S;NA;1;16;S;M;1517;EMP
059540020020-2413;059540020020;100mN31462E41430;S;NA;1;18;W;F;1824;EMP
059540020020-2414;059540020020;100mN31481E41411;SM;NA;4;43;W;M;4049;NEP
059540020020-2414;059540020020;100mN31481E41411;SM;NA;4;12;S;M;0614;NEP
059540020020-2414;059540020020;100mN31481E41411;SM;NA;4;8;S;M;0614;NEP
059540020020-2414;059540020020;100mN31481E41411;SM;NA;4;23;M;M;1824;UEP
059540020020-2415;059540020020;100mN31469E41418;MC;NA;3;46;M;F;4049;NEP
059540020020-2415;059540020020;100mN31469E41418;MC;NA;3;44;M;M;4049;EMP
059540020020-2415;059540020020;100mN31469E41418;MC;NA;3;6;S;F;0614;NEP
059540020020-2416;059540020020;100mN31469E41418;MC;NA;2;18;M;M;1824;EMP
059540020020-2416;059540020020;100mN31469E41418;MC;NA;2;18;M;F;1824;NEP
059540020020-2417;059540020020;100mN31469E41418;MC;NA;2;21;M;F;1824;EMP
059540020020-2417;059540020020;100mN31469E41418;MC;NA;2;52;M;M;5064;EMP
059540020020-2418;059540020020;100mN31480E41410;S;OS;1;34;M;M;3039;EMP
059540020020-2419;059540020020;100mN31491E41418;S;NA;1;28;M;F;2529;EMP
059540020020-2420;059540020020;100mN31493E41435;MC;NA;2;48;M;M;4049;EMP
059540020020-2420;059540020020;100mN31493E41435;MC;NA;2;45;M;F;4049;EMP
059540020020-2421;059540020020;100mN31460E41428;S;NA;1;34;M;F;3039;EMP
059540020020-2422;059540020020;100mN31467E41421;MC;NA;3;48;M;F;4049;NEP
059540020020-2422;059540020020;100mN31467E41421;MC;NA;3;48;M;M;4049;NEP
059540020020-2422;059540020020;100mN31467E41421;MC;NA;3;11;S;M;0614;NEP
059540020020-2423;059540020020;100mN31497E41415;S;NA;1;77;D;F;75XX;NEP
059540020020-2424;059540020020;100mN31469E41418;MC;NA;3;52;M;F;5064;EMP
059540020020-2424;059540020020;100mN31469E41418;MC;NA;3;53;M;M;5064;EMP
059540020020-2424;059540020020;100mN31469E41418;MC;NA;3;12;S;M;0614;NEP
059540020020-2425;059540020020;100mN31483E41405;S;NA;1;38;S;F;3039;NEP
059540020020-2426;059540020020;100mN31469E41418;S;NA;1;63;S;M;5064;NEP
059540020020-2427;059540020020;100mN31471E41417;MC;NA;2;43;M;M;4049;NEP
059540020020-2427;059540020020;100mN31471E41417;MC;NA;2;34;M;F;3039;EMP
059540020020-2428;059540020020;100mN31469E41418;S;OS;1;50;M;F;5064;EMP
059540020020-2429;059540020020;100mN31469E41418;S;NA;1;76;M;M;75XX;NEP
059540020020-2430;059540020020;100mN31469E41418;MC;OS;2;67;M;F;6574;NEP
059540020020-2430;059540020020;100mN31469E41418;MC;OS;2;68;M;M;6574;EMP
059540020020-2431;059540020020;100mN31469E41418;S;NA;1;72;M;F;6574;NEP
059540020020-2432;059540020020;100mN31469E41418;S;OS;1;28;D;F;2529;EMP
059540020020-2433;059540020020;100mN31463E41419;MC;MIX;4;82;S;M;75XX;NEP
059540020020-2433;059540020020;100mN31463E41419;MC;MIX;4;61;M;M;5064;EMP
059540020020-2433;059540020020;100mN31463E41419;MC;MIX;4;35;M;F;3039;NEP
059540020020-2433;059540020020;100mN31463E41419;MC;MIX;4;42;D;M;4049;NEP
059540020020-2434;059540020020;100mN31483E41414;MC;OS;2;70;M;F;6574;NEP
059540020020-2434;059540020020;100mN31483E41414;MC;OS;2;73;M;M;6574;EMP
059540020020-2435;059540020020;100mN31480E41407;MC;NA;5;60;M;M;5064;UEP
059540020020-2435;059540020020;100mN31480E41407;MC;NA;5;59;M;F;5064;NEP
059540020020-2435;059540020020;100mN31480E41407;MC;NA;5;4;S;F;0305;NEP
059540020020-2435;059540020020;100mN31480E41407;MC;NA;5;15;S;F;1517;NEP
059540020020-2435;059540020020;100mN31480E41407;MC;NA;5;25;S;F;2529;EMP
059540020020-2436;059540020020;100mN31479E41407;S;OS;1;21;S;M;1824;EMP
059540020020-2437;059540020020;100mN31469E41418;S;NA;1;43;W;F;4049;NEP
059540020020-2438;059540020020;100mN31469E41418;S;NA;1;73;W;F;6574;NEP
059540020020-2439;059540020020;100mN31469E41418;MC;OS;2;70;M;F;6574;EMP
059540020020-2439;059540020020;100mN31469E41418;MC;OS;2;71;M;M;6574;NEP
059540020020-2440;059540020020;100mN31491E41412;S;OS;1;33;S;F;3039;NEP
059540020020-2441;059540020020;100mN31493E41403;S;NA;1;38;D;F;3039;NEP
059540020020-2442;059540020020;100mN31483E41404;MC;NA;2;36;M;M;3039;NEP
059540020020-2442;059540020020;100mN31483E41404;MC;NA;2;44;M;F;4049;EMP
059540020020-2443;059540020020;100mN31467E41424;MC;OS;3;68;M;M;6574;EMP
059540020020-2443;059540020020;100mN31467E41424;MC;OS;3;67;M;F;6574;EMP
059540020020-2443;059540020020;100mN31467E41424;MC;OS;3;68;D;F;6574;NEP
059540020020-2444;059540020020;100mN31471E41420;MC;OS;2;66;M;F;6574;EMP
059540020020-2444;059540020020;100mN31471E41420;MC;OS;2;69;M;M;6574;EMP
059540020020-2445;059540020020;100mN31463E41429;PO;NA;5;51;S;M;5064;EMP
059540020020-2445;059540020020;100mN31463E41429;PO;NA;5;48;S;F;4049;NEP
059540020020-2445;059540020020;100mN31463E41429;PO;NA;5;8;S;F;0614;NEP
059540020020-2445;059540020020;100mN31463E41429;PO;NA;5;4;S;F;0305;NEP
059540020020-2445;059540020020;100mN31463E41429;PO;NA;5;13;S;M;0614;NEP
059540020020-2446;059540020020;100mN31464E41418;PO;NA;2;56;S;F;5064;NEP
059540020020-2446;059540020020;100mN31464E41418;PO;NA;2;57;S;F;5064;EMP
059540020020-2447;059540020020;100mN31469E41418;S;NA;1;81;M;M;75XX;NEP
059540020020-2448;059540020020;100mN31469E41418;S;NA;1;57;M;F;5064;NEP
059540020020-2449;059540020020;100mN31461E41430;SF;MIX;2;69;W;F;6574;EMP
059540020020-2449;059540020020;100mN31461E41430;SF;MIX;2;3;S;M;0305;NEP
059540020020-2450;059540020020;100mN31469E41418;S;OS;1;22;M;M;1824;EMP
059540020020-2451;059540020020;100mN31481E41410;S;OS;1;50;M;F;5064;EMP
059540020020-2452;059540020020;100mN31469E41418;S;OS;1;48;M;M;4049;EMP
059540020020-2453;059540020020;100mN31498E41436;S;OS;1;73;D;M;6574;NEP
059540020020-2454;059540020020;100mN31469E41418;PO;NA;2;48;S;M;4049;EMP
059540020020-2454;059540020020;100mN31469E41418;PO;NA;2;47;S;F;4049;NEP
059540020020-2455;059540020020;100mN31486E41401;S;NA;1;37;D;M;3039;EMP
059540020020-2456;059540020020;100mN31468E41420;S;NA;1;60;M;M;5064;EMP
059540020020-2457;059540020020;100mN31481E41411;MC;MIX;2;67;M;M;6574;EMP
059540020020-2457;059540020020;100mN31481E41411;MC;MIX;2;59;S;M;5064;EMP
059540020020-2458;059540020020;100mN31467E41429;S;NA;1;68;W;F;6574;EMP
059540020020-2459;059540020020;100mN31483E41405;S;NA;1;86;M;M;75XX;NEP
059540020020-2460;059540020020;100mN31469E41418;S;NA;1;16;S;M;1517;NEP
059540020020-2461;059540020020;100mN31494E41420;MC;NA;2;61;M;F;5064;EMP
059540020020-2461;059540020020;100mN31494E41420;MC;NA;2;63;M;M;5064;NEP
059540020020-2462;059540020020;100mN31479E41407;MC;MIX;5;71;W;F;6574;EMP
059540020020-2462;059540020020;100mN31479E41407;MC;MIX;5;37;M;F;3039;EMP
059540020020-2462;059540020020;100mN31479E41407;MC;MIX;5;40;M;M;4049;EMP
059540020020-2462;059540020020;100mN31479E41407;MC;MIX;5;16;S;F;1517;NEP
059540020020-2462;059540020020;100mN31479E41407;MC;MIX;5;19;M;M;1824;EMP
059540020020-2463;059540020020;100mN31469E41418;PO;NA;2;32;S;F;3039;EMP
059540020020-2463;059540020020;100mN31469E41418;PO;NA;2;40;S;F;4049;EMP
059540020020-2464;059540020020;100mN31465E41423;MC;NA;3;34;M;M;3039;EMP
059540020020-2464;059540020020;100mN31465E41423;MC;NA;3;18;M;F;1824;EMP
059540020020-2464;059540020020;100mN31465E41423;MC;NA;3;8;S;F;0614;NEP
059540020020-2465;059540020020;100mN31468E41420;S;NA;1;52;D;M;5064;EMP
059540020020-2466;059540020020;100mN31477E41422;MC;MIX;3;79;M;F;75XX;EMP
059540020020-2466;059540020020;100mN31477E41422;MC;MIX;3;21;M;M;1824;EMP
059540020020-2466;059540020020;100mN31477E41422;MC;MIX;3;18;M;F;1824;EMP
059540020020-2467;059540020020;100mN31477E41422;MC;NA;2;43;M;M;4049;NEP
059540020020-2467;059540020020;100mN31477E41422;MC;NA;2;41;M;F;4049;NEP
059540020020-2468;059540020020;100mN31477E41422;S;NA;1;68;M;M;6574;EMP
059540020020-2469;059540020020;100mN31477E41422;MC;OS;2;73;M;M;6574;EMP
059540020020-2469;059540020020;100mN31477E41422;MC;OS;2;72;M;F;6574;EMP
059540020020-2470;059540020020;100mN31481E41411;MC;NA;4;53;M;F;5064;NEP
059540020020-2470;059540020020;100mN31481E41411;MC;NA;4;54;M;M;5064;EMP
059540020020-2470;059540020020;100mN31481E41411;MC;NA;4;12;S;M;0614;NEP
059540020020-2470;059540020020;100mN31481E41411;MC;NA;4;3;S;M;0305;NEP
059540020020-2471;059540020020;100mN31473E41426;S;NA;1;81;S;F;75XX;NEP
059540020020-2472;059540020020;100mN31462E41432;S;NA;1;62;M;F;5064;NEP
059540020020-2473;059540020020;100mN31479E41407;S;OS;1;44;M;M;4049;EMP
059540020020-2474;059540020020;100mN31463E41424;MC;NA;3;57;M;F;5064;EMP
059540020020-2474;059540020020;100mN31463E41424;MC;NA;3;48;M;M;4049;UEP
059540020020-2474;059540020020;100mN31463E41424;MC;NA;3;8;S;M;0614;NEP
059540020020-2475;059540020020;100mN31462E41428;MC;MIX;2;72;M;M;6574;NEP
059540020020-2475;059540020020;100mN31462E41428;MC;MIX;2;33;W;F;3039;NEP
059540020020-2476;059540020020;100mN31465E41420;S;NA;1;41;D;M;4049;EMP
059540020020-2477;059540020020;100mN31489E41418;S;OS;1;73;W;M;6574;EMP
059540020020-2478;059540020020;100mN31473E41431;MC;OS;3;66;M;M;6574;EMP
059540020020-2478;059540020020;100mN31473E41431;MC;OS;3;65;M;F;6574;EMP
059540020020-2478;059540020020;100mN31473E41431;MC;OS;3;68;D;F;6574;NEP
059540020020-2479;059540020020;100mN31477E41422;MC;OS;3;73;M;F;6574;EMP
059540020020-2479;059540020020;100mN31477E41422;MC;OS;3;80;M;M;75XX;EMP
059540020020-2479;059540020020;100mN31477E41422;MC;OS;3;81;M;F;75XX;EMP
059540020020-2480;059540020020;100mN31477E41422;MC;OS;3;73;M;F;6574;NEP
059540020020-2480;059540020020;100mN31477E41422;MC;OS;3;75;M;M;75XX;EMP
059540020020-2480;059540020020;100mN31477E41422;MC;OS;3;69;S;F;6574;EMP
059540020020-2481;059540020020;100mN31477E41422;MC;NA;2;59;M;F;5064;EMP
059540020020-2481;059540020020;100mN31477E41422;MC;NA;2;59;M;M;5064;EMP
059540020020-2482;059540020020;100mN31477E41422;S;NA;1;41;S;M;4049;EMP
059540020020-2483;059540020020;100mN31490E41438;MC;NA;2;33;M;F;3039;EMP
059540020020-2483;059540020020;100mN31490E41438;MC;NA;2;41;M;M;4049;EMP
059540020020-2484;059540020020;100mN31477E41422;S;NA;1;40;M;M;4049;NEP
059540020020-2485;059540020020;100mN31464E41424;PO;NA;2;56;S;M;5064;EMP
059540020020-2485;059540020020;100mN31464E41424;PO;NA;2;52;S;F;5064;EMP
059540020020-2486;059540020020;100mN31477E41422;MC;NA;2;48;M;F;4049;NEP
059540020020-2486;059540020020;100mN31477E41422;MC;NA;2;54;M;M;5064;NEP
059540020020-2487;059540020020;100mN31477E41422;SF;NA;2;45;S;F;4049;EMP
059540020020-2487;059540020020;100mN31477E41422;SF;NA;2;4;S;M;0305;NEP
059540020020-2488;059540020020;100mN31477E41422;MC;NA;2;58;M;M;5064;EMP
059540020020-2488;059540020020;100mN31477E41422;MC;NA;2;55;M;F;5064;EMP
059540020020-2489;059540020020;100mN31468E41431;PO;OS;2;77;S;F;75XX;EMP
059540020020-2489;059540020020;100mN31468E41431;PO;OS;2;78;S;F;75XX;EMP
059540020020-2490;059540020020;100mN31474E41431;S;NA;1;57;D;M;5064;NEP
059540020020-2491;059540020020;100mN31472E41423;MC;OS;2;70;M;M;6574;NEP
059540020020-2491;059540020020;100mN31472E41423;MC;OS;2;67;M;F;6574;EMP
059540020020-2492;059540020020;100mN31480E41404;MC;NA;2;45;M;M;4049;EMP
059540020020-2492;059540020020;100mN31480E41404;MC;NA;2;47;M;F;4049;NEP
059540020020-2493;059540020020;100mN31473E41418;SM;NA;3;58;S;M;5064;EMP
059540020020-2493;059540020020;100mN31473E41418;SM;NA;3;11;S;F;0614;NEP
059540020020-2493;059540020020;100mN31473E41418;SM;NA;3;3;S;F;0305;NEP
059540020020-2494;059540020020;100mN31477E41422;S;OS;1;63;M;M;5064;NEP
059540020020-2495;059540020020;100mN31473E41430;S;NA;1;31;S;M;3039;NEP
059540020020-2496;059540020020;100mN31486E41413;S;NA;1;32;S;F;3039;EMP
059540020020-2497;059540020020;100mN31467E41429;S;NA;1;44;M;M;4049;NEP
059540020020-2498;059540020020;100mN31468E41420;PO;NA;4;30;S;F;3039;EMP
059540020020-2498;059540020020;100mN31468E41420;PO;NA;4;32;S;F;3039;EMP
059540020020-2498;059540020020;100mN31468E41420;PO;NA;4;6;S;M;0614;NEP
059540020020-2498;059540020020;100mN31468E41420;PO;NA;4;15;S;M;1517;EMP
059540020020-2499;059540020020;100mN31477E41422;PO;OS;2;84;S;M;75XX;EMP
059540020020-2499;059540020020;100mN31477E41422;PO;OS;2;84;S;M;75XX;EMP
059540020020-2500;059540020020;100mN31477E41422;PO;NA;2;50;S;M;5064;NEP
059540020020-2500;059540020020;100mN31477E41422;PO;NA;2;42;S;M;4049;NEP
059540020020-2501;059540020020;100mN31477E41422;S;OS;1;46;S;F;4049;NEP
059540020020-2502;059540020020;100mN31501E41436;PO;NA;4;63;S;M;5064;NEP
059540020020-2502;059540020020;100mN31501E41436;PO;NA;4;63;S;M;5064;EMP
059540020020-2502;059540020020;100mN31501E41436;PO;NA;4;42;M;F;4049;EMP
059540020020-2502;059540020020;100mN31501E41436;PO;NA;4;8;S;M;0614;NEP
059540020020-2503;059540020020;100mN31469E41424;MC;NA;2;59;M;F;5064;EMP
059540020020-2503;059540020020;100mN31469E41424;MC;NA;2;55;M;M;5064;NEP
059540020020-2504;059540020020;100mN31473E41418;MC;NA;4;47;M;M;4049;EMP
059540020020-2504;059540020020;100mN31473E41418;MC;NA;4;45;M;F;4049;NEP
059540020020-2504;059540020020;100mN31473E41418;MC;NA;4;8;S;F;0614;NEP
059540020020-2504;059540020020;100mN31473E41418;MC;NA;4;4;S;M;0305;NEP
059540020020-2505;059540020020;100mN31467E41424;S;OS;1;50;M;M;5064;EMP
059540020020-2506;059540020020;100mN31471E41421;S;NA;1;36;W;F;3039;NEP
059540020020-2507;059540020020;100mN31475E41420;PO;MIX;6;75;D;M;75XX;NEP
059540020020-2507;059540020020;100mN31475E41420;PO;MIX;6;43;S;F;4049;EMP
059540020020-2507;059540020020;100mN31475E41420;PO;MIX;6;45;S;F;4049;EMP
059540020020-2507;059540020020;100mN31475E41420;PO;MIX;6;6;S;M;0614;NEP
059540020020-2507;059540020020;100mN31475E41420;PO;MIX;6;4;S;F;0305;NEP
059540020020-2507;059540020020;100mN31475E41420;PO;MIX;6;2;S;M;0003;NEP
059540020020-2508;059540020020;100mN31501E41436;MC;NA;2;21;M;M;1824;UEP
059540020020-2508;059540020020;100mN31501E41436;MC;NA;2;22;M;F;1824;NEP
059540020020-2509;059540020020;100mN31461E41424;MC;NA;2;19;M;F;1824;EMP
059540020020-2509;059540020020;100mN31461E41424;MC;NA;2;26;M;M;2529;EMP
059540020020-2510;059540020020;100mN31483E41412;S;NA;1;88;S;M;75XX;EMP
059540020020-2511;059540020020;100mN31461E41424;S;NA;1;19;M;M;1824;EMP
059540020020-2512;059540020020;100mN31465E41417;MC;NA;3;63;M;F;5064;EMP
059540020020-2512;059540020020;100mN31465E41417;MC;NA;3;44;S;F;4049;EMP
059540020020-2512;059540020020;100mN31465E41417;MC;NA;3;9;S;F;0614;NEP
059540020020-2513;059540020020;100mN31461E41424;SM;NA;2;21;S;M;1824;EMP
059540020020-2513;059540020020;100mN31461E41424;SM;NA;2;3;S;M;0305;NEP
059540020020-2514;059540020020;100mN31501E41424;S;NA;1;67;M;F;6574;EMP
059540020020-2515;059540020020;100mN31501E41424;MC;OS;2;69;M;F;6574;EMP
059540020020-2515;059540020020;100mN31501E41424;MC;OS;2;69;M;M;6574;EMP
059540020020-2516;059540020020;100mN31501E41424;S;NA;1;61;S;M;5064;NEP
059540020020-2517;059540020020;100mN31501E41424;MC;NA;3;46;M;M;4049;UEP
059540020020-2517;059540020020;100mN31501E41424;MC;NA;3;43;M;F;4049;NEP
059540020020-2517;059540020020;100mN31501E41424;MC;NA;3;28;D;F;2529;NEP
059540020020-2518;059540020020;100mN31491E41429;S;NA;1;88;S;M;75XX;NEP
059540020020-2519;059540020020;100mN31501E41424;MC;NA;3;34;M;F;3039;EMP
059540020020-2519;059540020020;100mN31501E41424;MC;NA;3;47;M;M;4049;EMP
059540020020-2519;059540020020;100mN31501E41424;MC;NA;3;12;S;M;0614;NEP
059540020020-2520;059540020020;100mN31501E41424;MC;NA;3;61;M;M;5064;EMP
059540020020-2520;059540020020;100mN31501E41424;MC;NA;3;62;M;F;5064;NEP
059540020020-2520;059540020020;100mN31501E41424;MC;NA;3;7;S;F;0614;NEP
059540020020-2521;059540020020;100mN31471E41421;S;OS;1;66;S;M;6574;EMP
059540020020-2522;059540020020;100mN31465E41421;MC;OS;3;66;M;F;6574;EMP
059540020020-2522;059540020020;100mN31465E41421;MC;OS;3;72;M;M;6574;NEP
059540020020-2522;059540020020;100mN31465E41421;MC;OS;3;70;M;F;6574;EMP
059540020020-2523;059540020020;100mN31464E41431;SF;NA;2;52;S;F;5064;EMP
059540020020-2523;059540020020;100mN31464E41431;SF;NA;2;7;S;M;0614;NEP
059540020020-2524;059540020020;100mN31501E41424;MC;NA;2;46;M;M;4049;EMP
059540020020-2524;059540020020;100mN31501E41424;MC;NA;2;44;M;F;4049;NEP
059540020020-2525;059540020020;100mN31463E41421;MC;NA;2;18;M;M;1824;NEP
059540020020-2525;059540020020;100mN31463E41421;MC;NA;2;18;M;F;1824;NEP
059540020020-2526;059540020020;100mN31489E41419;MC;OS;2;87;M;M;75XX;NEP
059540020020-2526;059540020020;100mN31489E41419;MC;OS;2;89;M;F;75XX;NEP
059540020020-2527;059540020020;100mN31484E41417;MC;OS;4;78;M;F;75XX;EMP
059540020020-2527;059540020020;100mN31484E41417;MC;OS;4;76;M;M;75XX;NEP
059540020020-2527;059540020020;100mN31484E41417;MC;OS;4;76;D;F;75XX;EMP
059540020020-2527;059540020020;100mN31484E41417;MC;OS;4;79;M;F;75XX;EMP
059540020020-2528;059540020020;100mN31480E41399;MC;NA;2;36;M;M;3039;NEP
059540020020-2528;059540020020;100mN31480E41399;MC;NA;2;28;M;F;2529;NEP
059540020020-2529;059540020020;100mN31477E41405;MC;NA;2;20;M;F;1824;NEP
059540020020-2529;059540020020;100mN31477E41405;MC;NA;2;22;M;M;1824;EMP
059540020020-2530;059540020020;100mN31480E41399;S;NA;1;33;M;F;3039;NEP
059540020020-2531;059540020020;100mN31481E41413;SF;NA;2;73;W;F;6574;EMP
059540020020-2531;059540020020;100mN31481E41413;SF;NA;2;15;S;F;1517;EMP
059540020020-2532;059540020020;100mN31472E41422;MC;MIX;2;71;M;F;6574;NEP
059540020020-2532;059540020020;100mN31472E41422;MC;MIX;2;23;D;F;1824;EMP
059540020020-2533;059540020020;100mN31480E41399;S;OS;1;42;S;M;4049;EMP
059540020020-2534;059540020020;100mN31503E41440;SM;NA;3;48;D;M;4049;EMP
059540020020-2534;059540020020;100mN31503E41440;SM;NA;3;2;S;F;0003;NEP
059540020020-2534;059540020020;100mN31503E41440;SM;NA;3;20;M;M;1824;EMP
059540020020-2535;059540020020;100mN31481E41411;S;OS;1;89;M;F;75XX;NEP
059540020020-2536;059540020020;100mN31460E41428;MC;NA;3;56;M;F;5064;EMP
059540020020-2536;059540020020;100mN31460E41428;MC;NA;3;62;M;M;5064;NEP
059540020020-2536;059540020020;100mN31460E41428;MC;NA;3;10;S;F;0614;NEP
059540020020-2537;059540020020;100mN31479E41409;S;NA;1;18;W;M;1824;NEP
059540020020-2538;059540020020;100mN31483E41414;S;OS;1;28;D;M;2529;NEP
059540020020-2539;059540020020;100mN31485E41394;PO;NA;2;45;S;M;4049;NEP
059540020020-2539;059540020020;100mN31485E41394;PO;NA;2;44;S;M;4049;EMP
059540020020-2540;059540020020;100mN31461E41427;MC;NA;2;42;M;M;4049;EMP
059540020020-2540;059540020020;100mN31461E41427;MC;NA;2;40;M;F;4049;NEP
059540020020-2541;059540020020;100mN31461E41427;S;NA;1;61;S;F;5064;EMP
059540020020-2542;059540020020;100mN31465E41428;NA;NA;2;78;M;M;75XX;NEP
059540020020-2542;059540020020;100mN31465E41428;NA;NA;2;31;D;M;3039;EMP
059540020020-2543;059540020020;100mN31461E41427;S;NA;1;25;M;M;2529;NEP
059540020020-2544;059540020020;100mN31461E41427;PO;NA;3;57;S;M;5064;NEP
059540020020-2544;059540020020;100mN31461E41427;PO;NA;3;50;S;F;5064;NEP
059540020020-2544;059540020020;100mN31461E41427;PO;NA;3;41;S;M;4049;NEP
059540020020-2545;059540020020;100mN31479E41399;MC;NA;2;52;M;F;5064;EMP
059540020020-2545;059540020020;100mN31479E41399;MC;NA;2;56;M;M;5064;EMP
059540020020-2546;059540020020;100mN31472E41430;SF;MIX;2;84;W;F;75XX;EMP
059540020020-2546;059540020020;100mN31472E41430;SF;MIX;2;7;S;F;0614;NEP
059540020020-2547;059540020020;100mN31461E41427;PO;OS;2;67;S;M;6574;NEP
059540020020-2547;059540020020;100mN31461E41427;PO;OS;2;72;S;F;6574;NEP
059540020020-2548;059540020020;100mN31461E41427;MC;NA;2;43;M;M;4049;EMP
059540020020-2548;059540020020;100mN31461E41427;MC;NA;2;60;M;F;5064;NEP
059540020020-2549;059540020020;100mN31484E41414;S;OS;1;27;M;M;2529;NEP
059540020020-2550;059540020020;100mN31491E41415;SF;MIX;4;65;W;F;6574;NEP
059540020020-2550;059540020020;100mN31491E41415;SF;MIX;4;54;S;F;5064;NEP
059540020020-2550;059540020020;100mN31491E41415;SF;MIX;4;1;S;F;0003;NEP
059540020020-2550;059540020020;100mN31491E41415;SF;MIX;4;6;S;M;0614;NEP
059540020020-2551;059540020020;100mN31471E41420;MC;NA;2;57;M;M;5064;NEP
059540020020-2551;059540020020;100mN31471E41420;MC;NA;2;41;S;F;4049;NEP
059540020020-2552;059540020020;100mN31461E41427;SF;NA;2;52;S;F;5064;EMP
059540020020-2552;059540020020;100mN31461E41427;SF;NA;2;6;S;M;0614;NEP
059540020020-2553;059540020020;100mN31461E41427;S;NA;1;22;S;M;1824;EMP
059540020020-2554;059540020020;100mN31461E41427;S;NA;1;86;M;F;75XX;NEP
059540020020-2555;059540020020;100mN31494E41423;MC;NA;2;57;M;F;5064;EMP
059540020020-2555;059540020020;100mN31494E41423;MC;NA;2;62;M;M;5064;EMP
059540020020-2556;059540020020;100mN31461E41427;SF;NA;2;59;S;F;5064;NEP
059540020020-2556;059540020020;100mN31461E41427;SF;NA;2;8;S;M;0614;NEP
059540020020-2557;059540020020;100mN31461E41427;S;NA;1;42;M;F;4049;NEP
059540020020-2558;059540020020;100mN31461E41427;SM;NA;2;55;S;M;5064;EMP
059540020020-2558;059540020020;100mN31461E41427;SM;NA;2;36;W;F;3039;EMP
059540020020-2559;059540020020;100mN31498E41423;MC;MIX;2;65;M;F;6574;EMP
059540020020-2559;059540020020;100mN31498E41423;MC;MIX;2;45;D;F;4049;EMP
059540020020-2560;059540020020;100mN31487E41437;S;NA;1;53;M;M;5064;EMP
059540020020-2561;059540020020;100mN31469E41424;MC;NA;2;51;M;F;5064;NEP
059540020020-2561;059540020020;100mN31469E41424;MC;NA;2;54;M;M;5064;EMP
059540020020-2562;059540020020;100mN31461E41427;MC;NA;2;59;M;M;5064;EMP
059540020020-2562;059540020020;100mN31461E41427;MC;NA;2;58;M;F;5064;NEP
059540020020-2563;059540020020;100mN31484E41407;MC;NA;3;53;M;F;5064;EMP
059540020020-2563;059540020020;100mN31484E41407;MC;NA;3;56;M;M;5064;UEP
059540020020-2563;059540020020;100mN31484E41407;MC;NA;3;34;M;M;3039;EMP
059540020020-2564;059540020020;100mN31494E41420;MC;NA;3;56;M;F;5064;NEP
059540020020-2564;059540020020;100mN31494E41420;MC;NA;3;60;M;M;5064;EMP
059540020020-2564;059540020020;100mN31494E41420;MC;NA;3;36;S;M;3039;NEP
059540020020-2565;059540020020;100mN31464E41418;MC;NA;2;21;M;F;1824;EMP
059540020020-2565;059540020020;100mN31464E41418;MC;NA;2;20;M;M;1824;EMP
059540020020-2566;059540020020;100mN31480E41408;S;NA;1;62;S;F;5064;EMP
059540020020-2567;059540020020;100mN31472E41424;S;NA;1;20;W;M;1824;EMP
059540020020-2568;059540020020;100mN31483E41403;S;NA;1;55;S;F;5064;EMP
059540020020-2569;059540020020;100mN31461E41429;S;NA;1;55;M;M;5064;NEP
059540020020-2570;059540020020;100mN31472E41422;MC;OS;2;71;M;F;6574;EMP
059540020020-2570;059540020020;100mN31472E41422;MC;OS;2;72;M;M;6574;EMP
059540020020-2571;059540020020;100mN31461E41429;S;OS;1;53;M;F;5064;EMP
059540020020-2572;059540020020;100mN31499E41433;S;NA;1;63;S;M;5064;EMP
059540020020-2573;059540020020;100mN31493E41439;S;NA;1;48;M;M;4049;NEP
059540020020-2574;059540020020;100mN31462E41430;MC;NA;4;59;M;F;5064;EMP
059540020020-2574;059540020020;100mN31462E41430;MC;NA;4;63;M;M;5064;EMP
059540020020-2574;059540020020;100mN31462E41430;MC;NA;4;44;W;F;4049;EMP
059540020020-2574;059540020020;100mN31462E41430;MC;NA;4;16;S;M;1517;EMP
059540020020-2575;059540020020;100mN31461E41429;S;NA;1;47;M;M;4049;EMP
059540020020-2576;059540020020;100mN31471E41417;MC;NA;3;63;M;F;5064;EMP
059540020020-2576;059540020020;100mN31471E41417;MC;NA;3;72;W;F;6574;EMP
059540020020-2576;059540020020;100mN31471E41417;MC;NA;3;38;M;F;3039;EMP
059540020020-2577;059540020020;100mN31473E41424;S;NA;1;41;W;F;4049;EMP
059540020020-2578;059540020020;100mN31461E41429;SM;NA;2;80;S;M;75XX;NEP
059540020020-2578;059540020020;100mN31461E41429;SM;NA;2;48;M;F;4049;NEP
059540020020-2579;059540020020;100mN31461E41429;MC;NA;2;55;M;M;5064;EMP
059540020020-2579;059540020020;100mN31461E41429;MC;NA;2;47;M;F;4049;EMP
059540020020-2580;059540020020;100mN31490E41439;MC;NA;6;37;M;M;3039;EMP
059540020020-2580;059540020020;100mN31490E41439;MC;NA;6;28;M;F;2529;NEP
059540020020-2580;059540020020;100mN31490E41439;MC;NA;6;12;S;M;0614;NEP
059540020020-2580;059540020020;100mN31490E41439;MC;NA;6;12;S;F;0614;NEP
059540020020-2580;059540020020;100mN31490E41439;MC;NA;6;11;S;M;0614;NEP
059540020020-2580;059540020020;100mN31490E41439;MC;NA;6;18;W;M;1824;NEP
059540020020-2581;059540020020;100mN31471E41418;S;NA;1;21;S;M;1824;NEP
059540020020-2582;059540020020;100mN31502E41443;S;NA;1;72;S;M;6574;EMP
059540020020-2583;059540020020;100mN31501E41423;MC;NA;2;28;M;M;2529;EMP
059540020020-2583;059540020020;100mN31501E41423;MC;NA;2;33;M;F;3039;NEP
059540020020-2584;059540020020;100mN31501E41423;S;NA;1;44;M;M;4049;EMP
059540020020-2585;059540020020;100mN31484E41407;MC;NA;3;53;M;F;5064;EMP
059540020020-2585;059540020020;100mN31484E41407;MC;NA;3;56;M;M;5064;UEP
059540020020-2585;059540020020;100mN31484E41407;MC;NA;3;34;M;M;3039;EMP
059540020020-2586;059540020020;100mN31485E41409;MC;NA;2;55;M;F;5064;NEP
059540020020-2586;059540020020;100mN31485E41409;MC;NA;2;56;M;M;5064;EMP
059540020020-2587;059540020020;100mN31472E41420;S;NA;1;85;D;F;75XX;NEP
059540020020-2588;059540020020;100mN31501E41423;S;NA;1;22;W;F;1824;EMP
059540020020-2589;059540020020;100mN31501E41423;S;OS;1;65;S;M;6574;EMP
059540020020-2590;059540020020;100mN31472E41424;MC;MIX;3;65;M;F;6574;EMP
059540020020-2590;059540020020;100mN31472E41424;MC;MIX;3;56;M;M;5064;NEP
059540020020-2590;059540020020;100mN31472E41424;MC;MIX;3;55;M;F;5064;EMP
059540020020-2591;059540020020;100mN31501E41423;S;OS;1;57;M;M;5064;EMP
059540020020-2592;059540020020;100mN31465E41419;S;NA;1;61;M;F;5064;NEP
059540020020-2593;059540020020;100mN31501E41423;S;NA;1;68;S;M;6574;EMP
059540020020-2594;059540020020;100mN31501E41423;MC;NA;4;23;M;M;1824;UEP
059540020020-2594;059540020020;100mN31501E41423;MC;NA;4;28;M;F;2529;NEP
059540020020-2594;059540020020;100mN31501E41423;MC;NA;4;8;S;F;0614;NEP
059540020020-2594;059540020020;100mN31501E41423;MC;NA;4;3;S;F;0305;NEP
059540020020-2595;059540020020;100mN31494E41435;S;OS;1;55;P;M;5064;NEP
059540020020-2596;059540020020;100mN31465E41421;MC;NA;2;55;M;M;5064;EMP
059540020020-2596;059540020020;100mN31465E41421;MC;NA;2;50;M;F;5064;EMP
059540020020-2597;059540020020;100mN31464E41431;MC;MIX;2;81;M;F;75XX;EMP
059540020020-2597;059540020020;100mN31464E41431;MC;MIX;2;73;M;F;6574;EMP
059540020020-2598;059540020020;100mN31498E41432;PO;OS;2;75;S;F;75XX;NEP
059540020020-2598;059540020020;100mN31498E41432;PO;OS;2;76;S;F;75XX;EMP
059540020020-2599;059540020020;100mN31472E41423;S;NA;1;43;W;F;4049;EMP
059540020020-2600;059540020020;100mN31480E41413;PO;NA;2;48;S;F;4049;EMP
059540020020-2600;059540020020;100mN31480E41413;PO;NA;2;46;S;F;4049;EMP
059540020020-2601;059540020020;100mN31472E41432;S;OS;1;22;W;F;1824;EMP
059540020020-2602;059540020020;100mN31493E41425;S;NA;1;44;M;M;4049;NEP
059540020020-2603;059540020020;100mN31493E41425;SF;NA;3;52;S;F;5064;EMP
059540020020-2603;059540020020;100mN31493E41425;SF;NA;3;30;S;M;3039;EMP
059540020020-2603;059540020020;100mN31493E41425;SF;NA;3;12;S;M;0614;NEP
059540020020-2604;059540020020;100mN31472E41432;S;OS;1;77;M;F;75XX;NEP
059540020020-2605;059540020020;100mN31471E41423;MC;OS;2;72;M;M;6574;EMP
059540020020-2605;059540020020;100mN31471E41423;MC;OS;2;73;M;F;6574;NEP
059540020020-2606;059540020020;100mN31493E41425;MC;NA;2;57;M;M;5064;NEP
059540020020-2606;059540020020;100mN31493E41425;MC;NA;2;56;M;F;5064;EMP
059540020020-2607;059540020020;100mN31493E41425;MC;OS;2;72;M;M;6574;EMP
059540020020-2607;059540020020;100mN31493E41425;MC;OS;2;72;M;F;6574;EMP
059540020020-2608;059540020020;100mN31493E41425;S;NA;1;32;M;M;3039;EMP
059540020020-2609;059540020020;100mN31465E41419;S;NA;1;41;W;M;4049;NEP
059540020020-2610;059540020020;100mN31484E41416;S;NA;1;40;S;F;4049;EMP
059540020020-2611;059540020020;100mN31465E41419;PO;NA;2;45;S;M;4049;EMP
059540020020-2611;059540020020;100mN31465E41419;PO;NA;2;41;S;M;4049;EMP
059540020020-2612;059540020020;100mN31465E41419;MC;NA;3;56;M;M;5064;NEP
059540020020-2612;059540020020;100mN31465E41419;MC;NA;3;56;M;F;5064;NEP
059540020020-2612;059540020020;100mN31465E41419;MC;NA;3;10;S;F;0614;NEP
059540020020-2613;059540020020;100mN31465E41419;MC;NA;4;40;M;M;4049;NEP
059540020020-2613;059540020020;100mN31465E41419;MC;NA;4;38;M;F;3039;NEP
059540020020-2613;059540020020;100mN31465E41419;MC;NA;4;23;M;F;1824;NEP
059540020020-2613;059540020020;100mN31465E41419;MC;NA;4;3;S;F;0305;NEP
059540020020-2614;059540020020;100mN31465E41419;MC;NA;2;18;M;M;1824;EMP
059540020020-2614;059540020020;100mN31465E41419;MC;NA;2;18;M;F;1824;EMP
059540020020-2615;059540020020;100mN31464E41418;S;NA;1;62;D;M;5064;NEP
059540020020-2616;059540020020;100mN31465E41419;MC;OS;3;80;M;F;75XX;NEP
059540020020-2616;059540020020;100mN31465E41419;MC;OS;3;80;M;M;75XX;NEP
059540020020-2616;059540020020;100mN31465E41419;MC;OS;3;72;S;F;6574;NEP
059540020020-2617;059540020020;100mN31480E41406;MC;OS;3;85;M;F;75XX;NEP
059540020020-2617;059540020020;100mN31480E41406;MC;OS;3;88;M;M;75XX;NEP
059540020020-2617;059540020020;100mN31480E41406;MC;OS;3;66;W;F;6574;EMP
059540020020-2618;059540020020;100mN31473E41420;MC;NA;2;40;M;M;4049;NEP
059540020020-2618;059540020020;100mN31473E41420;MC;NA;2;32;M;F;3039;NEP
059540020020-2619;059540020020;100mN31480E41409;MC;NA;5;40;M;M;4049;NEP
059540020020-2619;059540020020;100mN31480E41409;MC;NA;5;37;M;F;3039;NEP
059540020020-2619;059540020020;100mN31480E41409;MC;NA;5;8;S;F;0614;NEP
059540020020-2619;059540020020;100mN31480E41409;MC;NA;5;4;S;F;0305;NEP
059540020020-2619;059540020020;100mN31480E41409;MC;NA;5;6;S;M;0614;NEP
059540020020-2620;059540020020;100mN31465E41419;MC;NA;3;58;M;M;5064;EMP
059540020020-2620;059540020020;100mN31465E41419;MC;NA;3;60;M;F;5064;NEP
059540020020-2620;059540020020;100mN31465E41419;MC;NA;3;0;S;M;0003;NEP
059540020020-2621;059540020020;100mN31480E41408;MC;NA;2;53;M;F;5064;EMP
059540020020-2621;059540020020;100mN31480E41408;MC;NA;2;53;M;M;5064;NEP
059540020020-2622;059540020020;100mN31473E41418;S;NA;1;89;S;F;75XX;NEP
059540020020-2623;059540020020;100mN31465E41417;MC;NA;3;63;M;F;5064;EMP
059540020020-2623;059540020020;100mN31465E41417;MC;NA;3;44;S;F;4049;EMP
059540020020-2623;059540020020;100mN31465E41417;MC;NA;3;9;S;F;0614;NEP
059540020020-2624;059540020020;100mN31484E41407;S;OS;1;53;W;F;5064;EMP
059540020020-2625;059540020020;100mN31465E41419;MC;NA;3;60;M;M;5064;EMP
059540020020-2625;059540020020;100mN31465E41419;MC;NA;3;60;M;F;5064;NEP
059540020020-2625;059540020020;100mN31465E41419;MC;NA;3;9;S;M;0614;NEP
059540020020-2626;059540020020;100mN31467E41421;MC;MIX;2;65;M;F;6574;NEP
059540020020-2626;059540020020;100mN31467E41421;MC;MIX;2;69;S;M;6574;EMP
059540020020-2627;059540020020;100mN31465E41419;MC;NA;2;57;M;F;5064;NEP
059540020020-2627;059540020020;100mN31465E41419;MC;NA;2;56;M;M;5064;NEP
059540020020-2628;059540020020;100mN31484E41414;S;NA;1;21;M;M;1824;EMP
059540020020-2629;059540020020;100mN31469E41419;MC;NA;5;58;M;F;5064;EMP
059540020020-2629;059540020020;100mN31469E41419;MC;NA;5;59;M;M;5064;UEP
059540020020-2629;059540020020;100mN31469E41419;MC;NA;5;7;S;F;0614;NEP
059540020020-2629;059540020020;100mN31469E41419;MC;NA;5;1;S;M;0003;NEP
059540020020-2629;059540020020;100mN31469E41419;MC;NA;5;43;D;F;4049;NEP
059540020020-2630;059540020020;100mN31465E41419;MC;NA;2;22;M;M;1824;EMP
059540020020-2630;059540020020;100mN31465E41419;MC;NA;2;22;M;F;1824;EMP
059540020020-2631;059540020020;100mN31465E41419;PO;MIX;3;66;M;F;6574;EMP
059540020020-2631;059540020020;100mN31465E41419;PO;MIX;3;57;S;M;5064;NEP
059540020020-2631;059540020020;100mN31465E41419;PO;MIX;3;58;S;F;5064;EMP
059540020020-2632;059540020020;100mN31465E41419;MC;MIX;2;67;M;F;6574;NEP
059540020020-2632;059540020020;100mN31465E41419;MC;MIX;2;62;S;F;5064;NEP
059540020020-2633;059540020020;100mN31465E41419;NA;MIX;2;59;M;M;5064;EMP
059540020020-2633;059540020020;100mN31465E41419;NA;MIX;2;54;S;M;5064;NEP
059540020020-2634;059540020020;100mN31471E41421;S;NA;1;71;S;M;6574;EMP
059540020020-2635;059540020020;100mN31479E41405;S;OS;1;48;S;M;4049;UEP
059540020020-2636;059540020020;100mN31465E41421;S;OS;1;58;W;F;5064;NEP
059540020020-2637;059540020020;100mN31465E41419;S;OS;1;70;S;M;6574;EMP
059540020020-2638;059540020020;100mN31479E41409;MC;NA;2;36;M;M;3039;EMP
059540020020-2638;059540020020;100mN31479E41409;MC;NA;2;28;M;F;2529;NEP
059540020020-2639;059540020020;100mN31490E41420;MC;OS;3;65;M;F;6574;NEP
059540020020-2639;059540020020;100mN31490E41420;MC;OS;3;68;M;M;6574;NEP
059540020020-2639;059540020020;100mN31490E41420;MC;OS;3;76;D;M;75XX;EMP
059540020020-2640;059540020020;100mN31465E41419;SF;NA;2;41;S;F;4049;NEP
059540020020-2640;059540020020;100mN31465E41419;SF;NA;2;16;S;F;1517;NEP
059540020020-2641;059540020020;100mN31465E41419;S;NA;1;20;M;M;1824;NEP
059540020020-2642;059540020020;100mN31484E41397;S;OS;1;47;M;M;4049;EMP
059540020020-2643;059540020020;100mN31479E41406;MC;NA;2;19;M;F;1824;NEP
059540020020-2643;059540020020;100mN31479E41406;MC;NA;2;18;M;M;1824;EMP
059540020020-2644;059540020020;100mN31473E41422;MC;MIX;3;75;S;F;75XX;EMP
059540020020-2644;059540020020;100mN31473E41422;MC;MIX;3;59;M;M;5064;NEP
059540020020-2644;059540020020;100mN31473E41422;MC;MIX;3;51;M;F;5064;EMP
059540020020-2645;059540020020;100mN31464E41428;S;NA;1;41;S;F;4049;NEP
059540020020-2646;059540020020;100mN31463E41419;MC;MIX;2;81;M;F;75XX;NEP
059540020020-2646;059540020020;100mN31463E41419;MC;MIX;2;4;S;F;0305;NEP
059540020020-2647;059540020020;100mN31465E41419;S;NA;1;61;M;F;5064;NEP
059540020020-2648;059540020020;100mN31480E41408;PO;NA;2;50;S;F;5064;EMP
059540020020-2648;059540020020;100mN31480E41408;PO;NA;2;52;S;M;5064;EMP
059540020020-2649;059540020020;100mN31499E41438;MC;NA;4;50;M;M;5064;EMP
059540020020-2649;059540020020;100mN31499E41438;MC;NA;4;45;M;F;4049;EMP
059540020020-2649;059540020020;100mN31499E41438;MC;NA;4;2;S;M;0003;NEP
059540020020-2649;059540020020;100mN31499E41438;MC;NA;4;13;S;F;0614;NEP
059540020020-2650;059540020020;100mN31465E41419;MC;NA;3;56;M;M;5064;EMP
059540020020-2650;059540020020;100mN31465E41419;MC;NA;3;18;M;F;1824;EMP
059540020020-2650;059540020020;100mN31465E41419;MC;NA;3;18;M;M;1824;EMP
059540020020-2651;059540020020;100mN31467E41423;S;OS;1;51;M;M;5064;EMP
059540020020-2652;059540020020;100mN31461E41431;MC;NA;2;45;M;F;4049;NEP
059540020020-2652;059540020020;100mN31461E41431;MC;NA;2;46;M;M;4049;NEP
059540020020-2653;059540020020;100mN31465E41419;S;NA;1;57;M;F;5064;NEP
059540020020-2654;059540020020;100mN31462E41431;MC;OS;3;73;M;M;6574;NEP
059540020020-2654;059540020020;100mN31462E41431;MC;OS;3;71;M;F;6574;NEP
059540020020-2654;059540020020;100mN31462E41431;MC;OS;3;72;M;F;6574;NEP
059540020020-2655;059540020020;100mN31465E41419;MC;NA;4;43;M;F;4049;NEP
059540020020-2655;059540020020;100mN31465E41419;MC;NA;4;52;M;M;5064;NEP
059540020020-2655;059540020020;100mN31465E41419;MC;NA;4;8;S;M;0614;NEP
059540020020-2655;059540020020;100mN31465E41419;MC;NA;4;23;M;M;1824;EMP
059540020020-2656;059540020020;100mN31485E41409;MC;MIX;5;66;M;M;6574;EMP
059540020020-2656;059540020020;100mN31485E41409;MC;MIX;5;63;M;F;5064;NEP
059540020020-2656;059540020020;100mN31485E41409;MC;MIX;5;57;D;F;5064;NEP
059540020020-2656;059540020020;100mN31485E41409;MC;MIX;5;25;M;M;2529;EMP
059540020020-2656;059540020020;100mN31485E41409;MC;MIX;5;11;S;M;0614;NEP
059540020020-2657;059540020020;100mN31480E41408;S;NA;1;51;S;F;5064;NEP
059540020020-2658;059540020020;100mN31460E41426;SF;NA;2;61;D;F;5064;EMP
059540020020-2658;059540020020;100mN31460E41426;SF;NA;2;15;S;F;1517;EMP
059540020020-2659;059540020020;100mN31464E41424;S;NA;1;47;S;F;4049;NEP
059540020020-2660;059540020020;100mN31478E41406;S;NA;1;41;S;M;4049;EMP
059540020020-2661;059540020020;100mN31500E41444;S;NA;1;36;D;M;3039;NEP
059540020020-2662;059540020020;100mN31465E41419;MC;NA;3;61;M;F;5064;NEP
059540020020-2662;059540020020;100mN31465E41419;MC;NA;3;31;D;F;3039;EMP
059540020020-2662;059540020020;100mN31465E41419;MC;NA;3;8;S;F;0614;NEP
059540020020-2663;059540020020;100mN31465E41419;MC;NA;2;35;M;M;3039;NEP
059540020020-2663;059540020020;100mN31465E41419;MC;NA;2;28;M;F;2529;NEP
059540020020-2664;059540020020;100mN31490E41422;S;NA;1;84;W;F;75XX;EMP
059540020020-2665;059540020020;100mN31484E41412;S;OS;1;61;D;M;5064;EMP
059540020020-2666;059540020020;100mN31465E41419;S;NA;1;52;M;F;5064;NEP
059540020020-2667;059540020020;100mN31465E41419;MC;NA;4;61;M;M;5064;EMP
059540020020-2667;059540020020;100mN31465E41419;MC;NA;4;59;M;F;5064;NEP
059540020020-2667;059540020020;100mN31465E41419;MC;NA;4;6;S;F;0614;NEP
059540020020-2667;059540020020;100mN31465E41419;MC;NA;4;10;S;F;0614;NEP
059540020020-2668;059540020020;100mN31465E41427;MC;NA;2;46;M;M;4049;EMP
059540020020-2668;059540020020;100mN31465E41427;MC;NA;2;40;M;F;4049;EMP
059540020020-2669;059540020020;100mN31473E41423;SF;NA;2;50;W;F;5064;NEP
059540020020-2669;059540020020;100mN31473E41423;SF;NA;2;9;S;M;0614;NEP
059540020020-2670;059540020020;100mN31464E41430;S;NA;1;67;S;F;6574;EMP
059540020020-2671;059540020020;100mN31472E41420;SF;NA;2;58;S;F;5064;EMP
059540020020-2671;059540020020;100mN31472E41420;SF;NA;2;41;S;M;4049;EMP
059540020020-2672;059540020020;100mN31465E41427;S;NA;1;43;M;M;4049;EMP
059540020020-2673;059540020020;100mN31478E41406;MC;NA;2;59;M;M;5064;EMP
059540020020-2673;059540020020;100mN31478E41406;MC;NA;2;57;M;F;5064;EMP
059540020020-2674;059540020020;100mN31465E41427;MC;NA;4;48;M;F;4049;EMP
059540020020-2674;059540020020;100mN31465E41427;MC;NA;4;61;M;M;5064;NEP
059540020020-2674;059540020020;100mN31465E41427;MC;NA;4;3;S;F;0305;NEP
059540020020-2674;059540020020;100mN31465E41427;MC;NA;4;6;S;M;0614;NEP
059540020020-2675;059540020020;100mN31465E41427;S;NA;1;35;S;M;3039;NEP
059540020020-2676;059540020020;100mN31465E41427;MC;NA;2;48;M;F;4049;NEP
059540020020-2676;059540020020;100mN31465E41427;MC;NA;2;51;M;M;5064;EMP
059540020020-2677;059540020020;100mN31481E41405;MC;MIX;2;84;M;F;75XX;EMP
059540020020-2677;059540020020;100mN31481E41405;MC;MIX;2;43;S;M;4049;EMP
059540020020-2678;059540020020;100mN31465E41427;S;OS;1;69;M;F;6574;NEP
059540020020-2679;059540020020;100mN31494E41441;MC;MIX;4;77;M;F;75XX;NEP
059540020020-2679;059540020020;100mN31494E41441;MC;MIX;4;42;M;M;4049;EMP
059540020020-2679;059540020020;100mN31494E41441;MC;MIX;4;18;M;F;1824;EMP
059540020020-2679;059540020020;100mN31494E41441;MC;MIX;4;19;D;F;1824;EMP
059540020020-2680;059540020020;100mN31465E41427;PO;OS;2;66;S;F;6574;EMP
059540020020-2680;059540020020;100mN31465E41427;PO;OS;2;88;S;F;75XX;NEP
059540020020-2681;059540020020;100mN31471E41422;MC;NA;3;35;M;F;3039;NEP
059540020020-2681;059540020020;100mN31471E41422;MC;NA;3;33;M;M;3039;NEP
059540020020-2681;059540020020;100mN31471E41422;MC;NA;3;8;S;M;0614;NEP
059540020020-2682;059540020020;100mN31480E41406;SF;NA;3;63;W;F;5064;NEP
059540020020-2682;059540020020;100mN31480E41406;SF;NA;3;7;S;F;0614;NEP
059540020020-2682;059540020020;100mN31480E41406;SF;NA;3;2;S;M;0003;NEP
059540020020-2683;059540020020;100mN31460E41426;S;NA;1;57;M;M;5064;EMP
059540020020-2684;059540020020;100mN31483E41409;MC;OS;2;77;M;F;75XX;EMP
059540020020-2684;059540020020;100mN31483E41409;MC;OS;2;80;M;M;75XX;UEP
059540020020-2685;059540020020;100mN31465E41427;MC;NA;4;53;M;F;5064;EMP
059540020020-2685;059540020020;100mN31465E41427;MC;NA;4;60;M;M;5064;EMP
059540020020-2685;059540020020;100mN31465E41427;MC;NA;4;10;S;F;0614;NEP
059540020020-2685;059540020020;100mN31465E41427;MC;NA;4;6;S;M;0614;NEP
059540020020-2686;059540020020;100mN31462E41429;PO;NA;4;55;S;M;5064;EMP
059540020020-2686;059540020020;100mN31462E41429;PO;NA;4;50;S;M;5064;EMP
059540020020-2686;059540020020;100mN31462E41429;PO;NA;4;22;M;F;1824;NEP
059540020020-2686;059540020020;100mN31462E41429;PO;NA;4;1;S;F;0003;NEP
059540020020-2687;059540020020;100mN31477E41401;MC;MIX;2;70;M;M;6574;EMP
059540020020-2687;059540020020;100mN31477E41401;MC;MIX;2;80;S;F;75XX;EMP
059540020020-2688;059540020020;100mN31469E41420;MC;NA;2;55;M;M;5064;EMP
059540020020-2688;059540020020;100mN31469E41420;MC;NA;2;54;M;F;5064;NEP
059540020020-2689;059540020020;100mN31461E41423;S;NA;1;43;W;F;4049;EMP
059540020020-2690;059540020020;100mN31482E41413;MC;MIX;2;67;M;M;6574;EMP
059540020020-2690;059540020020;100mN31482E41413;MC;MIX;2;55;M;F;5064;EMP
059540020020-2691;059540020020;100mN31465E41427;MC;NA;2;40;M;M;4049;NEP
059540020020-2691;059540020020;100mN31465E41427;MC;NA;2;34;M;F;3039;EMP
059540020020-2692;059540020020;100mN31465E41427;MC;OS;3;65;M;F;6574;EMP
059540020020-2692;059540020020;100mN31465E41427;MC;OS;3;65;M;M;6574;EMP
059540020020-2692;059540020020;100mN31465E41427;MC;OS;3;69;W;F;6574;NEP
059540020020-2693;059540020020;100mN31473E41431;MC;NA;4;32;M;M;3039;EMP
059540020020-2693;059540020020;100mN31473E41431;MC;NA;4;28;M;F;2529;NEP
059540020020-2693;059540020020;100mN31473E41431;MC;NA;4;4;S;F;0305;NEP
059540020020-2693;059540020020;100mN31473E41431;MC;NA;4;8;S;F;0614;NEP
059540020020-2694;059540020020;100mN31465E41427;MC;NA;2;59;M;M;5064;NEP
059540020020-2694;059540020020;100mN31465E41427;MC;NA;2;57;M;F;5064;NEP
059540020020-2695;059540020020;100mN31493E41420;SF;NA;2;52;W;F;5064;EMP
059540020020-2695;059540020020;100mN31493E41420;SF;NA;2;33;D;F;3039;NEP
059540020020-2696;059540020020;100mN31480E41410;SF;MIX;3;73;M;F;6574;EMP
059540020020-2696;059540020020;100mN31480E41410;SF;MIX;3;52;W;F;5064;EMP
059540020020-2696;059540020020;100mN31480E41410;SF;MIX;3;15;S;M;1517;EMP
059540020020-2697;059540020020;100mN31465E41427;MC;MIX;3;66;S;M;6574;EMP
059540020020-2697;059540020020;100mN31465E41427;MC;MIX;3;42;M;F;4049;NEP
059540020020-2697;059540020020;100mN31465E41427;MC;MIX;3;43;M;M;4049;EMP
059540020020-2698;059540020020;100mN31494E41441;S;OS;1;62;W;F;5064;NEP
059540020020-2699;059540020020;100mN31465E41427;S;NA;1;88;M;M;75XX;NEP
059540020020-2700;059540020020;100mN31465E41427;MC;NA;4;38;M;F;3039;EMP
059540020020-2700;059540020020;100mN31465E41427;MC;NA;4;45;M;M;4049;NEP
059540020020-2700;059540020020;100mN31465E41427;MC;NA;4;15;S;F;1517;EMP
059540020020-2700;059540020020;100mN31465E41427;MC;NA;4;22;D;M;1824;NEP
059540020020-2701;059540020020;100mN31465E41427;S;NA;1;44;M;M;4049;EMP
059540020020-2702;059540020020;100mN31465E41427;MC;NA;2;32;M;M;3039;NEP
059540020020-2702;059540020020;100mN31465E41427;MC;NA;2;26;M;F;2529;EMP
059540020020-2703;059540020020;100mN31465E41427;MC;NA;2;55;M;M;5064;NEP
059540020020-2703;059540020020;100mN31465E41427;MC;NA;2;52;M;F;5064;NEP
059540020020-2704;059540020020;100mN31487E41401;S;OS;1;34;M;F;3039;EMP
059540020020-2705;059540020020;100mN31481E41410;S;NA;1;23;W;F;1824;NEP
059540020020-2706;059540020020;100mN31483E41405;PO;NA;2;51;S;M;5064;NEP
059540020020-2706;059540020020;100mN31483E41405;PO;NA;2;48;S;F;4049;EMP
059540020020-2707;059540020020;100mN31465E41427;S;NA;1;40;M;F;4049;EMP
059540020020-2708;059540020020;100mN31473E41431;S;OS;1;40;S;F;4049;NEP
059540020020-2709;059540020020;100mN31474E41431;PO;OS;2;68;S;M;6574;NEP
059540020020-2709;059540020020;100mN31474E41431;PO;OS;2;81;S;F;75XX;EMP
059540020020-2710;059540020020;100mN31465E41427;SF;NA;2;52;S;F;5064;EMP
059540020020-2710;059540020020;100mN31465E41427;SF;NA;2;10;S;F;0614;NEP
059540020020-2711;059540020020;100mN31465E41427;S;NA;1;63;M;F;5064;NEP
059540020020-2712;059540020020;100mN31480E41408;S;OS;1;60;W;M;5064;EMP
059540020020-2713;059540020020;100mN31467E41429;SM;NA;2;69;W;M;6574;NEP
059540020020-2713;059540020020;100mN31467E41429;SM;NA;2;15;S;M;1517;NEP
059540020020-2714;059540020020;100mN31497E41434;S;NA;1;36;D;M;3039;NEP
059540020020-2715;059540020020;100mN31472E41423;S;OS;1;53;S;M;5064;NEP
059540020020-2716;059540020020;100mN31465E41427;SF;NA;4;30;W;F;3039;NEP
059540020020-2716;059540020020;100mN31465E41427;SF;NA;4;6;S;F;0614;NEP
059540020020-2716;059540020020;100mN31465E41427;SF;NA;4;4;S;M;0305;NEP
059540020020-2716;059540020020;100mN31465E41427;SF;NA;4;10;S;M;0614;NEP
059540020020-2717;059540020020;100mN31463E41423;S;OS;1;22;D;F;1824;NEP
059540020020-2718;059540020020;100mN31469E41420;PO;MIX;3;76;D;F;75XX;EMP
059540020020-2718;059540020020;100mN31469E41420;PO;MIX;3;19;S;M;1824;EMP
059540020020-2718;059540020020;100mN31469E41420;PO;MIX;3;18;S;M;1824;EMP
059540020020-2719;059540020020;100mN31461E41423;S;OS;1;41;M;F;4049;EMP
059540020020-2720;059540020020;100mN31476E41420;S;NA;1;65;M;M;6574;EMP
059540020020-2721;059540020020;100mN31464E41425;MC;OS;4;89;M;F;75XX;EMP
059540020020-2721;059540020020;100mN31464E41425;MC;OS;4;12;S;F;0614;NEP
059540020020-2721;059540020020;100mN31464E41425;MC;OS;4;68;S;F;6574;EMP
059540020020-2721;059540020020;100mN31464E41425;MC;OS;4;66;S;F;6574;NEP
059540020020-2722;059540020020;100mN31462E41428;MC;NA;4;56;M;M;5064;NEP
059540020020-2722;059540020020;100mN31462E41428;MC;NA;4;58;M;F;5064;NEP
059540020020-2722;059540020020;100mN31462E41428;MC;NA;4;10;S;F;0614;NEP
059540020020-2722;059540020020;100mN31462E41428;MC;NA;4;18;S;F;1824;NEP
059540020020-2723;059540020020;100mN31472E41424;PO;NA;3;54;S;M;5064;EMP
059540020020-2723;059540020020;100mN31472E41424;PO;NA;3;47;S;M;4049;EMP
059540020020-2723;059540020020;100mN31472E41424;PO;NA;3;6;S;F;0614;NEP
059540020020-2724;059540020020;100mN31471E41421;S;NA;1;66;S;F;6574;EMP
059540020020-2725;059540020020;100mN31479E41409;S;NA;1;44;D;M;4049;NEP
059540020020-2726;059540020020;100mN31471E41419;MC;NA;2;41;M;M;4049;EMP
059540020020-2726;059540020020;100mN31471E41419;MC;NA;2;40;M;F;4049;NEP
059540020020-2727;059540020020;100mN31464E41419;S;NA;1;53;S;F;5064;EMP
059540020020-2728;059540020020;100mN31483E41414;S;OS;1;70;D;M;6574;NEP
059540020020-2729;059540020020;100mN31476E41420;MC;NA;3;47;M;F;4049;EMP
059540020020-2729;059540020020;100mN31476E41420;MC;NA;3;44;M;M;4049;NEP
059540020020-2729;059540020020;100mN31476E41420;MC;NA;3;11;S;M;0614;NEP
059540020020-2730;059540020020;100mN31476E41420;PO;OS;2;71;S;M;6574;NEP
059540020020-2730;059540020020;100mN31476E41420;PO;OS;2;65;S;F;6574;NEP
059540020020-2731;059540020020;100mN31476E41420;S;OS;1;28;M;F;2529;NEP
059540020020-2732;059540020020;100mN31485E41410;S;OS;1;55;P;F;5064;EMP
059540020020-2733;059540020020;100mN31478E41406;MC;NA;5;31;M;F;3039;EMP
059540020020-2733;059540020020;100mN31478E41406;MC;NA;5;35;M;M;3039;EMP
059540020020-2733;059540020020;100mN31478E41406;MC;NA;5;16;S;M;1517;EMP
059540020020-2733;059540020020;100mN31478E41406;MC;NA;5;15;S;F;1517;NEP
059540020020-2733;059540020020;100mN31478E41406;MC;NA;5;11;S;F;0614;NEP
059540020020-2734;059540020020;100mN31476E41420;MC;OS;2;68;M;F;6574;EMP
059540020020-2734;059540020020;100mN31476E41420;MC;OS;2;71;M;M;6574;NEP
059540020020-2735;059540020020;100mN31465E41418;S;OS;1;21;M;M;1824;NEP
059540020020-2736;059540020020;100mN31476E41420;MC;OS;4;72;M;F;6574;EMP
059540020020-2736;059540020020;100mN31476E41420;MC;OS;4;72;M;M;6574;NEP
059540020020-2736;059540020020;100mN31476E41420;MC;OS;4;65;M;M;6574;NEP
059540020020-2736;059540020020;100mN31476E41420;MC;OS;4;68;S;M;6574;EMP
059540020020-2737;059540020020;100mN31484E41409;S;OS;1;42;S;M;4049;NEP
059540020020-2738;059540020020;100mN31476E41420;S;NA;1;43;M;F;4049;EMP
059540020020-2739;059540020020;100mN31464E41431;MC;NA;2;38;M;F;3039;EMP
059540020020-2739;059540020020;100mN31464E41431;MC;NA;2;40;M;M;4049;EMP
059540020020-2740;059540020020;100mN31476E41420;S;NA;1;56;M;F;5064;EMP
059540020020-2741;059540020020;100mN31463E41424;MC;MIX;3;73;M;F;6574;NEP
059540020020-2741;059540020020;100mN31463E41424;MC;MIX;3;51;M;F;5064;EMP
059540020020-2741;059540020020;100mN31463E41424;MC;MIX;3;52;M;M;5064;UEP
059540020020-2742;059540020020;100mN31481E41404;MC;NA;2;50;M;F;5064;NEP
059540020020-2742;059540020020;100mN31481E41404;MC;NA;2;59;M;M;5064;NEP
059540020020-2743;059540020020;100mN31481E41413;MC;NA;5;34;M;M;3039;EMP
059540020020-2743;059540020020;100mN31481E41413;MC;NA;5;37;M;F;3039;NEP
059540020020-2743;059540020020;100mN31481E41413;MC;NA;5;1;S;M;0003;NEP
059540020020-2743;059540020020;100mN31481E41413;MC;NA;5;6;S;F;0614;NEP
059540020020-2743;059540020020;100mN31481E41413;MC;NA;5;19;D;F;1824;NEP
059540020020-2744;059540020020;100mN31484E41403;S;NA;1;18;M;M;1824;EMP
059540020020-2745;059540020020;100mN31484E41403;S;NA;1;68;S;F;6574;EMP
059540020020-2746;059540020020;100mN31473E41422;S;OS;1;51;D;F;5064;NEP
059540020020-2747;059540020020;100mN31499E41422;MC;NA;2;51;M;M;5064;NEP
059540020020-2747;059540020020;100mN31499E41422;MC;NA;2;50;M;F;5064;NEP
059540020020-2748;059540020020;100mN31499E41422;MC;NA;2;54;M;F;5064;EMP
059540020020-2748;059540020020;100mN31499E41422;MC;NA;2;57;M;M;5064;EMP
059540020020-2749;059540020020;100mN31499E41422;S;NA;1;31;S;M;3039;EMP
059540020020-2750;059540020020;100mN31481E41405;S;NA;1;69;M;F;6574;EMP
059540020020-2751;059540020020;100mN31485E41419;SF;NA;6;48;S;F;4049;EMP
059540020020-2751;059540020020;100mN31485E41419;SF;NA;6;9;S;M;0614;NEP
059540020020-2751;059540020020;100mN31485E41419;SF;NA;6;21;D;M;1824;EMP
059540020020-2751;059540020020;100mN31485E41419;SF;NA;6;21;M;M;1824;EMP
059540020020-2751;059540020020;100mN31485E41419;SF;NA;6;18;M;F;1824;NEP
059540020020-2751;059540020020;100mN31485E41419;SF;NA;6;13;S;F;0614;NEP
059540020020-2752;059540020020;100mN31484E41430;S;NA;1;41;M;F;4049;NEP
059540020020-2753;059540020020;100mN31480E41404;S;OS;1;40;S;M;4049;EMP
059540020020-2754;059540020020;100mN31498E41436;S;OS;1;73;D;M;6574;NEP
059540020020-2755;059540020020;100mN31484E41427;S;NA;1;52;S;F;5064;NEP
059540020020-2756;059540020020;100mN31480E41411;S;OS;1;65;S;M;6574;EMP
059540020020-2757;059540020020;100mN31499E41422;S;OS;1;38;S;M;3039;NEP
059540020020-2758;059540020020;100mN31464E41427;MC;NA;2;54;M;M;5064;EMP
059540020020-2758;059540020020;100mN31464E41427;MC;NA;2;45;M;F;4049;NEP
059540020020-2759;059540020020;100mN31482E41409;S;NA;1;57;S;F;5064;EMP
059540020020-2760;059540020020;100mN31483E41409;S;NA;1;72;W;F;6574;EMP
059540020020-2761;059540020020;100mN31481E41408;SF;NA;2;75;S;F;75XX;EMP
059540020020-2761;059540020020;100mN31481E41408;SF;NA;2;13;S;F;0614;NEP
059540020020-2762;059540020020;100mN31501E41434;S;OS;1;68;M;F;6574;NEP
059540020020-2763;059540020020;100mN31490E41411;S;NA;1;16;S;M;1517;EMP
059540020020-2764;059540020020;100mN31494E41441;MC;MIX;4;77;M;F;75XX;NEP
059540020020-2764;059540020020;100mN31494E41441;MC;MIX;4;42;M;M;4049;EMP
059540020020-2764;059540020020;100mN31494E41441;MC;MIX;4;18;M;F;1824;EMP
059540020020-2764;059540020020;100mN31494E41441;MC;MIX;4;19;D;F;1824;EMP
059540020020-2765;059540020020;100mN31501E41434;S;OS;1;45;W;M;4049;EMP
059540020020-2766;059540020020;100mN31501E41434;MC;NA;3;61;M;M;5064;EMP
059540020020-2766;059540020020;100mN31501E41434;MC;NA;3;60;M;F;5064;NEP
059540020020-2766;059540020020;100mN31501E41434;MC;NA;3;10;S;M;0614;NEP
059540020020-2767;059540020020;100mN31483E41414;MC;NA;3;18;M;M;1824;NEP
059540020020-2767;059540020020;100mN31483E41414;MC;NA;3;21;M;F;1824;NEP
059540020020-2767;059540020020;100mN31483E41414;MC;NA;3;2;S;F;0003;NEP
059540020020-2768;059540020020;100mN31480E41411;MC;OS;2;82;M;F;75XX;EMP
059540020020-2768;059540020020;100mN31480E41411;MC;OS;2;84;M;M;75XX;EMP
059540020020-2769;059540020020;100mN31479E41407;S;NA;1;63;M;F;5064;NEP
059540020020-2770;059540020020;100mN31480E41411;MC;NA;3;45;M;F;4049;NEP
059540020020-2770;059540020020;100mN31480E41411;MC;NA;3;47;M;M;4049;EMP
059540020020-2770;059540020020;100mN31480E41411;MC;NA;3;6;S;M;0614;NEP
059540020020-2771;059540020020;100mN31486E41395;S;NA;1;51;S;F;5064;EMP
059540020020-2772;059540020020;100mN31464E41428;S;OS;1;20;S;M;1824;UEP
059540020020-2773;059540020020;100mN31475E41422;MC;NA;2;55;M;F;5064;EMP
059540020020-2773;059540020020;100mN31475E41422;MC;NA;2;63;M;M;5064;NEP
059540020020-2774;059540020020;100mN31491E41419;S;OS;1;26;S;M;2529;EMP
059540020020-2775;059540020020;100mN31486E41411;PO;NA;2;57;S;M;5064;EMP
059540020020-2775;059540020020;100mN31486E41411;PO;NA;2;59;S;M;5064;NEP
059540020020-2776;059540020020;100mN31464E41419;S;OS;1;37;M;M;3039;EMP
059540020020-2777;059540020020;100mN31464E41431;SF;NA;2;52;S;F;5064;EMP
059540020020-2777;059540020020;100mN31464E41431;SF;NA;2;7;S;M;0614;NEP
059540020020-2778;059540020020;100mN31483E41413;S;NA;1;25;W;F;2529;NEP
059540020020-2779;059540020020;100mN31480E41411;S;OS;1;65;S;M;6574;EMP
059540020020-2780;059540020020;100mN31488E41394;MC;OS;2;73;M;M;6574;EMP
059540020020-2780;059540020020;100mN31488E41394;MC;OS;2;70;M;F;6574;EMP
059540020020-2781;059540020020;100mN31480E41411;S;NA;1;37;S;M;3039;NEP
059540020020-2782;059540020020;100mN31492E41440;MC;NA;3;46;M;F;4049;NEP
059540020020-2782;059540020020;100mN31492E41440;MC;NA;3;46;M;M;4049;EMP
059540020020-2782;059540020020;100mN31492E41440;MC;NA;3;15;S;M;1517;NEP
059540020020-2783;059540020020;100mN31480E41411;PO;NA;2;62;S;F;5064;NEP
059540020020-2783;059540020020;100mN31480E41411;PO;NA;2;56;S;M;5064;EMP
059540020020-2784;059540020020;100mN31480E41411;S;NA;1;62;M;M;5064;EMP
059540020020-2785;059540020020;100mN31498E41438;S;OS;1;31;S;F;3039;NEP
059540020020-2786;059540020020;100mN31480E41411;MC;NA;2;38;M;M;3039;NEP
059540020020-2786;059540020020;100mN31480E41411;MC;NA;2;43;M;F;4049;NEP
059540020020-2787;059540020020;100mN31463E41423;MC;NA;2;20;M;F;1824;NEP
059540020020-2787;059540020020;100mN31463E41423;MC;NA;2;26;M;M;2529;EMP
059540020020-2788;059540020020;100mN31480E41411;MC;NA;2;40;M;F;4049;EMP
059540020020-2788;059540020020;100mN31480E41411;MC;NA;2;46;M;M;4049;EMP
059540020020-2789;059540020020;100mN31491E41419;S;OS;1;71;W;F;6574;NEP
059540020020-2790;059540020020;100mN31480E41411;PO;NA;2;18;S;F;1824;NEP
059540020020-2790;059540020020;100mN31480E41411;PO;NA;2;18;S;M;1824;EMP
059540020020-2791;059540020020;100mN31479E41401;S;NA;1;56;W;M;5064;NEP
059540020020-2792;059540020020;100mN31480E41411;S;NA;1;57;M;M;5064;EMP
059540020020-2793;059540020020;100mN31488E41429;MC;NA;2;38;M;M;3039;EMP
059540020020-2793;059540020020;100mN31488E41429;MC;NA;2;33;M;F;3039;EMP
059540020020-2794;059540020020;100mN31463E41424;SF;NA;2;56;D;F;5064;NEP
059540020020-2794;059540020020;100mN31463E41424;SF;NA;2;8;S;M;0614;NEP
059540020020-2795;059540020020;100mN31467E41423;MC;NA;2;41;M;M;4049;EMP
059540020020-2795;059540020020;100mN31467E41423;MC;NA;2;33;M;F;3039;NEP
059540020020-2796;059540020020;100mN31480E41411;PO;NA;5;60;S;M;5064;EMP
059540020020-2796;059540020020;100mN31480E41411;PO;NA;5;58;S;M;5064;EMP
059540020020-2796;059540020020;100mN31480E41411;PO;NA;5;44;M;F;4049;NEP
059540020020-2796;059540020020;100mN31480E41411;PO;NA;5;2;S;F;0003;NEP
059540020020-2796;059540020020;100mN31480E41411;PO;NA;5;11;S;M;0614;NEP
059540020020-2797;059540020020;100mN31463E41430;SF;NA;2;25;D;F;2529;NEP
059540020020-2797;059540020020;100mN31463E41430;SF;NA;2;1;S;F;0003;NEP
059540020020-2798;059540020020;100mN31480E41411;MC;NA;4;57;M;M;5064;NEP
059540020020-2798;059540020020;100mN31480E41411;MC;NA;4;18;M;F;1824;EMP
059540020020-2798;059540020020;100mN31480E41411;MC;NA;4;4;S;F;0305;NEP
059540020020-2798;059540020020;100mN31480E41411;MC;NA;4;16;S;M;1517;EMP
059540020020-2799;059540020020;100mN31471E41420;MC;NA;3;44;M;F;4049;EMP
059540020020-2799;059540020020;100mN31471E41420;MC;NA;3;41;M;M;4049;NEP
059540020020-2799;059540020020;100mN31471E41420;MC;NA;3;15;S;F;1517;EMP
059540020020-2800;059540020020;100mN31480E41411;MC;MIX;2;89;M;F;75XX;EMP
059540020020-2800;059540020020;100mN31480E41411;MC;MIX;2;19;M;F;1824;EMP
059540020020-2801;059540020020;100mN31480E41411;PO;MIX;2;66;S;M;6574;EMP
059540020020-2801;059540020020;100mN31480E41411;PO;MIX;2;42;M;M;4049;EMP
059540020020-2802;059540020020;100mN31480E41411;MC;NA;2;41;M;M;4049;NEP
059540020020-2802;059540020020;100mN31480E41411;MC;NA;2;35;M;F;3039;EMP
059540020020-2803;059540020020;100mN31481E41411;MC;NA;3;53;M;M;5064;NEP
059540020020-2803;059540020020;100mN31481E41411;MC;NA;3;52;M;F;5064;EMP
059540020020-2803;059540020020;100mN31481E41411;MC;NA;3;30;S;M;3039;EMP
059540020020-2804;059540020020;100mN31480E41408;MC;MIX;2;81;M;F;75XX;NEP
059540020020-2804;059540020020;100mN31480E41408;MC;MIX;2;58;M;M;5064;EMP
059540020020-2805;059540020020;100mN31491E41429;MC;NA;4;46;M;M;4049;NEP
059540020020-2805;059540020020;100mN31491E41429;MC;NA;4;41;M;F;4049;NEP
059540020020-2805;059540020020;100mN31491E41429;MC;NA;4;7;S;F;0614;NEP
059540020020-2805;059540020020;100mN31491E41429;MC;NA;4;10;S;F;0614;NEP
059540020020-2806;059540020020;100mN31480E41411;SF;NA;2;16;S;F;1517;EMP
059540020020-2806;059540020020;100mN31480E41411;SF;NA;2;1;S;M;0003;NEP
059540020020-2807;059540020020;100mN31475E41422;S;NA;1;38;W;M;3039;EMP
059540020020-2808;059540020020;100mN31480E41411;S;NA;1;22;M;M;1824;NEP
059540020020-2809;059540020020;100mN31488E41421;S;OS;1;53;S;F;5064;EMP
059540020020-2810;059540020020;100mN31469E41432;MC;MIX;2;73;M;M;6574;EMP
059540020020-2810;059540020020;100mN31469E41432;MC;MIX;2;37;M;M;3039;EMP
059540020020-2811;059540020020;100mN31481E41413;S;OS;1;72;M;F;6574;NEP
059540020020-2812;059540020020;100mN31468E41430;S;NA;1;41;D;M;4049;EMP
059540020020-2813;059540020020;100mN31480E41411;S;NA;1;28;S;M;2529;EMP
059540020020-2814;059540020020;100mN31499E41423;MC;MIX;2;67;M;M;6574;EMP
059540020020-2814;059540020020;100mN31499E41423;MC;MIX;2;56;S;M;5064;EMP
059540020020-2815;059540020020;100mN31484E41418;S;OS;1;57;D;F;5064;EMP
059540020020-2816;059540020020;100mN31499E41419;S;OS;1;43;M;M;4049;EMP
059540020020-2817;059540020020;100mN31472E41421;MC;MIX;2;67;M;M;6574;EMP
059540020020-2817;059540020020;100mN31472E41421;MC;MIX;2;78;M;F;75XX;EMP
059540020020-2818;059540020020;100mN31498E41430;S;NA;1;50;S;M;5064;EMP
059540020020-2819;059540020020;100mN31480E41413;S;NA;1;72;M;M;6574;EMP
059540020020-2820;059540020020;100mN31498E41430;MC;NA;2;27;M;F;2529;EMP
059540020020-2820;059540020020;100mN31498E41430;MC;NA;2;28;M;M;2529;EMP
059540020020-2821;059540020020;100mN31498E41430;S;OS;1;54;M;F;5064;EMP
059540020020-2822;059540020020;100mN31493E41419;S;NA;1;37;S;M;3039;NEP
059540020020-2823;059540020020;100mN31498E41430;MC;MIX;2;71;M;F;6574;EMP
059540020020-2823;059540020020;100mN31498E41430;MC;MIX;2;26;S;F;2529;NEP
059540020020-2824;059540020020;100mN31481E41415;MC;NA;4;37;M;F;3039;NEP
059540020020-2824;059540020020;100mN31481E41415;MC;NA;4;44;M;M;4049;EMP
059540020020-2824;059540020020;100mN31481E41415;MC;NA;4;16;S;F;1517;NEP
059540020020-2824;059540020020;100mN31481E41415;MC;NA;4;13;S;F;0614;NEP
059540020020-2825;059540020020;100mN31498E41430;MC;NA;4;47;M;M;4049;NEP
059540020020-2825;059540020020;100mN31498E41430;MC;NA;4;46;M;F;4049;EMP
059540020020-2825;059540020020;100mN31498E41430;MC;NA;4;6;S;F;0614;NEP
059540020020-2825;059540020020;100mN31498E41430;MC;NA;4;10;S;F;0614;NEP
059540020020-2826;059540020020;100mN31483E41410;MC;OS;2;86;M;M;75XX;EMP
059540020020-2826;059540020020;100mN31483E41410;MC;OS;2;79;M;F;75XX;NEP
059540020020-2827;059540020020;100mN31499E41424;S;NA;1;67;W;F;6574;EMP
059540020020-2828;059540020020;100mN31484E41407;S;NA;1;57;S;M;5064;NEP
059540020020-2829;059540020020;100mN31473E41419;S;OS;1;48;M;F;4049;NEP
059540020020-2830;059540020020;100mN31491E41416;MC;NA;3;28;M;M;2529;EMP
059540020020-2830;059540020020;100mN31491E41416;MC;NA;3;26;M;F;2529;EMP
059540020020-2830;059540020020;100mN31491E41416;MC;NA;3;8;S;M;0614;NEP
059540020020-2831;059540020020;100mN31498E41430;MC;NA;2;60;M;M;5064;EMP
059540020020-2831;059540020020;100mN31498E41430;MC;NA;2;62;M;F;5064;EMP
059540020020-2832;059540020020;100mN31462E41429;S;NA;1;66;M;F;6574;NEP
059540020020-2833;059540020020;100mN31498E41430;S;OS;1;60;W;F;5064;NEP
059540020020-2834;059540020020;100mN31498E41430;S;OS;1;46;S;F;4049;EMP
059540020020-2835;059540020020;100mN31498E41430;MC;NA;5;45;M;F;4049;NEP
059540020020-2835;059540020020;100mN31498E41430;MC;NA;5;45;M;M;4049;EMP
059540020020-2835;059540020020;100mN31498E41430;MC;NA;5;4;S;M;0305;NEP
059540020020-2835;059540020020;100mN31498E41430;MC;NA;5;6;S;F;0614;NEP
059540020020-2835;059540020020;100mN31498E41430;MC;NA;5;11;S;F;0614;NEP
059540020020-2836;059540020020;100mN31498E41430;S;OS;1;45;M;F;4049;NEP
059540020020-2837;059540020020;100mN31481E41404;SF;NA;3;54;D;F;5064;NEP
059540020020-2837;059540020020;100mN31481E41404;SF;NA;3;4;S;M;0305;NEP
059540020020-2837;059540020020;100mN31481E41404;SF;NA;3;10;S;M;0614;NEP
059540020020-2838;059540020020;100mN31468E41430;MC;NA;4;47;M;M;4049;EMP
059540020020-2838;059540020020;100mN31468E41430;MC;NA;4;45;M;F;4049;EMP
059540020020-2838;059540020020;100mN31468E41430;MC;NA;4;7;S;M;0614;NEP
059540020020-2838;059540020020;100mN31468E41430;MC;NA;4;23;W;M;1824;EMP
059540020020-2839;059540020020;100mN31499E41423;S;OS;1;43;M;F;4049;EMP
059540020020-2840;059540020020;100mN31492E41416;SM;NA;6;56;D;M;5064;NEP
059540020020-2840;059540020020;100mN31492E41416;SM;NA;6;1;S;F;0003;NEP
059540020020-2840;059540020020;100mN31492E41416;SM;NA;6;12;S;M;0614;NEP
059540020020-2840;059540020020;100mN31492E41416;SM;NA;6;9;S;F;0614;NEP
059540020020-2840;059540020020;100mN31492E41416;SM;NA;6;8;S;F;0614;NEP
059540020020-2840;059540020020;100mN31492E41416;SM;NA;6;1;S;M;0003;NEP
059540020020-2841;059540020020;100mN31499E41423;MC;MIX;2;67;M;M;6574;EMP
059540020020-2841;059540020020;100mN31499E41423;MC;MIX;2;56;S;M;5064;EMP
059540020020-2842;059540020020;100mN31462E41420;SF;MIX;2;79;D;F;75XX;NEP
059540020020-2842;059540020020;100mN31462E41420;SF;MIX;2;41;W;F;4049;NEP
059540020020-2843;059540020020;100mN31493E41406;S;OS;1;85;D;F;75XX;EMP
059540020020-2844;059540020020;100mN31499E41423;MC;NA;2;28;M;F;2529;EMP
059540020020-2844;059540020020;100mN31499E41423;MC;NA;2;22;M;M;1824;EMP
059540020020-2845;059540020020;100mN31470E41422;S;NA;1;21;S;F;1824;EMP
059540020020-2846;059540020020;100mN31474E41423;S;OS;1;36;S;M;3039;EMP
059540020020-2847;059540020020;100mN31466E41422;MC;NA;4;40;M;M;4049;EMP
059540020020-2847;059540020020;100mN31466E41422;MC;NA;4;34;M;F;3039;NEP
059540020020-2847;059540020020;100mN31466E41422;MC;NA;4;8;S;F;0614;NEP
059540020020-2847;059540020020;100mN31466E41422;MC;NA;4;15;S;F;1517;EMP
059540020020-2848;059540020020;100mN31466E41422;S;NA;1;40;M;M;4049;NEP
059540020020-2849;059540020020;100mN31483E41407;PO;NA;5;44;S;F;4049;NEP
059540020020-2849;059540020020;100mN31483E41407;PO;NA;5;52;S;M;5064;EMP
059540020020-2849;059540020020;100mN31483E41407;PO;NA;5;22;W;F;1824;EMP
059540020020-2849;059540020020;100mN31483E41407;PO;NA;5;6;S;M;0614;NEP
059540020020-2849;059540020020;100mN31483E41407;PO;NA;5;22;D;F;1824;NEP
059540020020-2850;059540020020;100mN31483E41405;MC;NA;2;44;M;M;4049;NEP
059540020020-2850;059540020020;100mN31483E41405;MC;NA;2;42;M;F;4049;NEP
059540020020-2851;059540020020;100mN31497E41426;PO;NA;4;54;S;F;5064;NEP
059540020020-2851;059540020020;100mN31497E41426;PO;NA;4;56;S;F;5064;NEP
059540020020-2851;059540020020;100mN31497E41426;PO;NA;4;4;S;M;0305;NEP
059540020020-2851;059540020020;100mN31497E41426;PO;NA;4;27;W;F;2529;EMP
059540020020-2852;059540020020;100mN31491E41439;S;OS;1;38;D;F;3039;EMP
059540020020-2853;059540020020;100mN31483E41413;S;NA;1;51;M;F;5064;EMP
059540020020-2854;059540020020;100mN31468E41422;MC;MIX;3;88;D;M;75XX;UEP
059540020020-2854;059540020020;100mN31468E41422;MC;MIX;3;44;M;F;4049;NEP
059540020020-2854;059540020020;100mN31468E41422;MC;MIX;3;50;M;M;5064;NEP
059540020020-2855;059540020020;100mN31502E41437;MC;NA;2;45;M;M;4049;EMP
059540020020-2855;059540020020;100mN31502E41437;MC;NA;2;44;M;F;4049;EMP
059540020020-2856;059540020020;100mN31462E41430;MC;OS;2;67;M;F;6574;NEP
059540020020-2856;059540020020;100mN31462E41430;MC;OS;2;69;M;M;6574;NEP
059540020020-2857;059540020020;100mN31481E41405;MC;OS;2;71;M;M;6574;EMP
059540020020-2857;059540020020;100mN31481E41405;MC;OS;2;68;M;F;6574;NEP
059540020020-2858;059540020020;100mN31465E41431;S;NA;1;68;D;F;6574;EMP
059540020020-2859;059540020020;100mN31471E41431;MC;NA;2;43;M;M;4049;NEP
059540020020-2859;059540020020;100mN31471E41431;MC;NA;2;41;M;F;4049;EMP
059540020020-2860;059540020020;100mN31502E41437;PO;NA;3;47;S;M;4049;EMP
059540020020-2860;059540020020;100mN31502E41437;PO;NA;3;47;S;F;4049;NEP
059540020020-2860;059540020020;100mN31502E41437;PO;NA;3;27;D;M;2529;EMP
059540020020-2861;059540020020;100mN31502E41437;MC;OS;2;83;M;F;75XX;EMP
059540020020-2861;059540020020;100mN31502E41437;MC;OS;2;86;M;M;75XX;NEP
059540020020-2862;059540020020;100mN31485E41400;MC;NA;2;62;M;F;5064;EMP
059540020020-2862;059540020020;100mN31485E41400;MC;NA;2;22;S;F;1824;EMP
059540020020-2863;059540020020;100mN31497E41415;S;NA;1;77;D;F;75XX;NEP
059540020020-2864;059540020020;100mN31489E41420;S;OS;1;50;M;F;5064;EMP
059540020020-2865;059540020020;100mN31495E41411;MC;NA;4;43;M;F;4049;NEP
059540020020-2865;059540020020;100mN31495E41411;MC;NA;4;45;M;M;4049;EMP
059540020020-2865;059540020020;100mN31495E41411;MC;NA;4;10;S;F;0614;NEP
059540020020-2865;059540020020;100mN31495E41411;MC;NA;4;22;M;F;1824;NEP
059540020020-2866;059540020020;100mN31485E41394;S;OS;1;80;M;M;75XX;EMP
059540020020-2867;059540020020;100mN31480E41412;MC;NA;2;44;M;M;4049;NEP
059540020020-2867;059540020020;100mN31480E41412;MC;NA;2;43;M;F;4049;NEP
059540020020-2868;059540020020;100mN31468E41430;MC;MIX;3;69;W;F;6574;NEP
059540020020-2868;059540020020;100mN31468E41430;MC;MIX;3;21;M;M;1824;EMP
059540020020-2868;059540020020;100mN31468E41430;MC;MIX;3;18;M;F;1824;EMP
059540020020-2869;059540020020;100mN31495E41411;MC;NA;2;40;M;M;4049;NEP
059540020020-2869;059540020020;100mN31495E41411;MC;NA;2;37;M;F;3039;NEP
059540020020-2870;059540020020;100mN31495E41411;MC;NA;4;48;M;F;4049;EMP
059540020020-2870;059540020020;100mN31495E41411;MC;NA;4;48;M;M;4049;EMP
059540020020-2870;059540020020;100mN31495E41411;MC;NA;4;2;S;F;0003;NEP
059540020020-2870;059540020020;100mN31495E41411;MC;NA;4;2;S;F;0003;NEP
059540020020-2871;059540020020;100mN31495E41411;S;OS;1;71;W;F;6574;NEP
059540020020-2872;059540020020;100mN31492E41416;MC;NA;2;57;M;F;5064;NEP
059540020020-2872;059540020020;100mN31492E41416;MC;NA;2;60;M;M;5064;EMP
059540020020-2873;059540020020;100mN31471E41430;S;NA;1;66;M;F;6574;EMP
059540020020-2874;059540020020;100mN31473E41429;S;NA;1;60;D;F;5064;EMP
059540020020-2875;059540020020;100mN31463E41419;MC;OS;2;72;M;M;6574;EMP
059540020020-2875;059540020020;100mN31463E41419;MC;OS;2;67;M;F;6574;EMP
059540020020-2876;059540020020;100mN31486E41429;PO;NA;4;62;S;F;5064;NEP
059540020020-2876;059540020020;100mN31486E41429;PO;NA;4;44;S;M;4049;EMP
059540020020-2876;059540020020;100mN31486E41429;PO;NA;4;7;S;F;0614;NEP
059540020020-2876;059540020020;100mN31486E41429;PO;NA;4;11;S;M;0614;NEP
059540020020-2877;059540020020;100mN31480E41406;MC;OS;2;72;M;F;6574;NEP
059540020020-2877;059540020020;100mN31480E41406;MC;OS;2;70;M;M;6574;EMP
059540020020-2878;059540020020;100mN31463E41430;MC;OS;2;65;M;F;6574;EMP
059540020020-2878;059540020020;100mN31463E41430;MC;OS;2;65;M;M;6574;EMP
059540020020-2879;059540020020;100mN31463E41430;MC;OS;4;86;M;M;75XX;NEP
059540020020-2879;059540020020;100mN31463E41430;MC;OS;4;83;M;F;75XX;NEP
059540020020-2879;059540020020;100mN31463E41430;MC;OS;4;65;W;F;6574;NEP
059540020020-2879;059540020020;100mN31463E41430;MC;OS;4;65;M;F;6574;NEP
059540020020-2880;059540020020;100mN31460E41424;S;NA;1;47;S;M;4049;EMP
059540020020-2881;059540020020;100mN31463E41430;S;NA;1;23;M;F;1824;EMP
059540020020-2882;059540020020;100mN31462E41428;MC;NA;4;57;M;M;5064;NEP
059540020020-2882;059540020020;100mN31462E41428;MC;NA;4;61;M;F;5064;EMP
059540020020-2882;059540020020;100mN31462E41428;MC;NA;4;9;S;F;0614;NEP
059540020020-2882;059540020020;100mN31462E41428;MC;NA;4;25;M;M;2529;EMP
059540020020-2883;059540020020;100mN31499E41444;MC;NA;3;41;M;M;4049;EMP
059540020020-2883;059540020020;100mN31499E41444;MC;NA;3;18;M;F;1824;EMP
059540020020-2883;059540020020;100mN31499E41444;MC;NA;3;15;S;F;1517;EMP
059540020020-2884;059540020020;100mN31467E41422;S;OS;1;23;W;F;1824;NEP
059540020020-2885;059540020020;100mN31465E41424;PO;NA;2;23;S;M;1824;EMP
059540020020-2885;059540020020;100mN31465E41424;PO;NA;2;18;S;M;1824;EMP
059540020020-2886;059540020020;100mN31463E41430;S;NA;1;45;S;M;4049;EMP
059540020020-2887;059540020020;100mN31482E41416;S;NA;1;58;S;M;5064;EMP
059540020020-2888;059540020020;100mN31494E41408;MC;OS;2;81;M;M;75XX;EMP
059540020020-2888;059540020020;100mN31494E41408;MC;OS;2;80;M;F;75XX;EMP
059540020020-2889;059540020020;100mN31471E41424;S;OS;1;58;S;M;5064;NEP
059540020020-2890;059540020020;100mN31463E41430;S;OS;1;50;W;F;5064;EMP
059540020020-2891;059540020020;100mN31483E41409;MC;NA;2;61;M;F;5064;EMP
059540020020-2891;059540020020;100mN31483E41409;MC;NA;2;62;M;M;5064;EMP
059540020020-2892;059540020020;100mN31494E41425;MC;NA;4;48;M;F;4049;EMP
059540020020-2892;059540020020;100mN31494E41425;MC;NA;4;48;M;M;4049;EMP
059540020020-2892;059540020020;100mN31494E41425;MC;NA;4;7;S;M;0614;NEP
059540020020-2892;059540020020;100mN31494E41425;MC;NA;4;18;S;M;1824;UEP
059540020020-2893;059540020020;100mN31463E41430;MC;MIX;2;68;M;M;6574;EMP
059540020020-2893;059540020020;100mN31463E41430;MC;MIX;2;63;M;F;5064;NEP
059540020020-2894;059540020020;100mN31467E41429;S;OS;1;72;S;M;6574;EMP
059540020020-2895;059540020020;100mN31491E41419;SF;NA;2;51;W;F;5064;NEP
059540020020-2895;059540020020;100mN31491E41419;SF;NA;2;12;S;F;0614;NEP
059540020020-2896;059540020020;100mN31463E41430;S;OS;1;16;S;M;1517;EMP
059540020020-2897;059540020020;100mN31475E41420;MC;NA;2;59;M;F;5064;EMP
059540020020-2897;059540020020;100mN31475E41420;MC;NA;2;59;M;M;5064;UEP
059540020020-2898;059540020020;100mN31463E41430;S;NA;1;43;M;M;4049;EMP
059540020020-2899;059540020020;100mN31463E41430;S;OS;1;68;M;M;6574;EMP
059540020020-2900;059540020020;100mN31463E41430;SF;NA;2;25;D;F;2529;NEP
059540020020-2900;059540020020;100mN31463E41430;SF;NA;2;1;S;F;0003;NEP
059540020020-2901;059540020020;100mN31495E41422;S;OS;1;54;M;M;5064;NEP
059540020020-2902;059540020020;100mN31487E41439;PO;NA;4;33;S;M;3039;EMP
059540020020-2902;059540020020;100mN31487E41439;PO;NA;4;30;S;M;3039;EMP
059540020020-2902;059540020020;100mN31487E41439;PO;NA;4;8;S;M;0614;NEP
059540020020-2902;059540020020;100mN31487E41439;PO;NA;4;9;S;F;0614;NEP
059540020020-2903;059540020020;100mN31472E41432;S;OS;1;43;W;M;4049;NEP
059540020020-2904;059540020020;100mN31463E41432;MC;NA;3;62;M;F;5064;NEP
059540020020-2904;059540020020;100mN31463E41432;MC;NA;3;63;M;M;5064;EMP
059540020020-2904;059540020020;100mN31463E41432;MC;NA;3;13;S;M;0614;NEP
059540020020-2905;059540020020;100mN31489E41421;S;OS;1;45;M;F;4049;NEP
059540020020-2906;059540020020;100mN31478E41401;MC;OS;2;72;M;F;6574;NEP
059540020020-2906;059540020020;100mN31478E41401;MC;OS;2;78;M;M;75XX;NEP
059540020020-2907;059540020020;100mN31479E41410;S;OS;1;47;M;M;4049;UEP
059540020020-2908;059540020020;100mN31477E41401;MC;NA;4;55;M;F;5064;NEP
059540020020-2908;059540020020;100mN31477E41401;MC;NA;4;55;M;M;5064;EMP
059540020020-2908;059540020020;100mN31477E41401;MC;NA;4;3;S;M;0305;NEP
059540020020-2908;059540020020;100mN31477E41401;MC;NA;4;6;S;M;0614;NEP
059540020020-2909;059540020020;100mN31480E41409;MC;NA;3;45;M;F;4049;EMP
059540020020-2909;059540020020;100mN31480E41409;MC;NA;3;47;M;M;4049;NEP
059540020020-2909;059540020020;100mN31480E41409;MC;NA;3;16;S;M;1517;EMP
059540020020-2910;059540020020;100mN31464E41420;S;NA;1;38;M;F;3039;NEP
059540020020-2911;059540020020;100mN31463E41432;NA;NA;2;25;M;F;2529;EMP
059540020020-2911;059540020020;100mN31463E41432;NA;NA;2;85;D;F;75XX;NEP
059540020020-2912;059540020020;100mN31473E41422;MC;NA;2;60;M;M;5064;NEP
059540020020-2912;059540020020;100mN31473E41422;MC;NA;2;58;M;F;5064;EMP
059540020020-2913;059540020020;100mN31494E41437;SF;NA;2;56;D;F;5064;NEP
059540020020-2913;059540020020;100mN31494E41437;SF;NA;2;16;S;M;1517;NEP
059540020020-2914;059540020020;100mN31463E41432;SM;NA;4;88;D;M;75XX;EMP
059540020020-2914;059540020020;100mN31463E41432;SM;NA;4;11;S;F;0614;NEP
059540020020-2914;059540020020;100mN31463E41432;SM;NA;4;15;S;F;1517;EMP
059540020020-2914;059540020020;100mN31463E41432;SM;NA;4;4;S;M;0305;NEP
059540020020-2915;059540020020;100mN31472E41432;MC;MIX;6;65;M;F;6574;NEP
059540020020-2915;059540020020;100mN31472E41432;MC;MIX;6;61;M;M;5064;EMP
059540020020-2915;059540020020;100mN31472E41432;MC;MIX;6;71;M;M;6574;UEP
059540020020-2915;059540020020;100mN31472E41432;MC;MIX;6;15;S;F;1517;EMP
059540020020-2915;059540020020;100mN31472E41432;MC;MIX;6;18;W;M;1824;EMP
059540020020-2915;059540020020;100mN31472E41432;MC;MIX;6;11;S;M;0614;NEP
059540020020-2916;059540020020;100mN31463E41432;S;OS;1;43;M;F;4049;NEP
059540020020-2917;059540020020;100mN31463E41422;S;NA;1;53;M;M;5064;EMP
059540020020-2918;059540020020;100mN31463E41432;MC;OS;2;81;M;M;75XX;EMP
059540020020-2918;059540020020;100mN31463E41432;MC;OS;2;81;M;F;75XX;EMP
059540020020-2919;059540020020;100mN31463E41432;S;NA;1;41;M;F;4049;NEP
059540020020-2920;059540020020;100mN31474E41420;MC;NA;5;41;M;M;4049;EMP
059540020020-2920;059540020020;100mN31474E41420;MC;NA;5;44;M;F;4049;NEP
059540020020-2920;059540020020;100mN31474E41420;MC;NA;5;6;S;M;0614;NEP
059540020020-2920;059540020020;100mN31474E41420;MC;NA;5;26;D;F;2529;NEP
059540020020-2920;059540020020;100mN31474E41420;MC;NA;5;19;M;M;1824;EMP
059540020020-2921;059540020020;100mN31463E41432;MC;OS;3;83;M;F;75XX;NEP
059540020020-2921;059540020020;100mN31463E41432;MC;OS;3;88;M;M;75XX;EMP
059540020020-2921;059540020020;100mN31463E41432;MC;OS;3;65;S;M;6574;EMP
059540020020-2922;059540020020;100mN31480E41406;SF;NA;3;63;W;F;5064;NEP
059540020020-2922;059540020020;100mN31480E41406;SF;NA;3;7;S;F;0614;NEP
059540020020-2922;059540020020;100mN31480E41406;SF;NA;3;2;S;M;0003;NEP
059540020020-2923;059540020020;100mN31468E41424;S;NA;1;59;M;M;5064;EMP
059540020020-2924;059540020020;100mN31472E41424;S;NA;1;59;D;F;5064;NEP
059540020020-2925;059540020020;100mN31476E41429;S;NA;1;67;S;M;6574;EMP
059540020020-2926;059540020020;100mN31473E41422;MC;OS;2;87;M;F;75XX;EMP
059540020020-2926;059540020020;100mN31473E41422;MC;OS;2;85;M;M;75XX;UEP
059540020020-2927;059540020020;100mN31476E41429;MC;OS;2;67;M;M;6574;EMP
059540020020-2927;059540020020;100mN31476E41429;MC;OS;2;67;M;F;6574;NEP
059540020020-2928;059540020020;100mN31500E41422;S;OS;1;56;S;M;5064;NEP
059540020020-2929;059540020020;100mN31476E41429;S;OS;1;50;W;M;5064;EMP
059540020020-2930;059540020020;100mN31472E41426;MC;NA;2;46;M;F;4049;NEP
059540020020-2930;059540020020;100mN31472E41426;MC;NA;2;50;M;M;5064;EMP
059540020020-2931;059540020020;100mN31472E41426;S;NA;1;48;W;F;4049;EMP
059540020020-2932;059540020020;100mN31462E41426;S;OS;1;59;S;F;5064;EMP
059540020020-2933;059540020020;100mN31472E41426;MC;NA;2;20;M;F;1824;NEP
059540020020-2933;059540020020;100mN31472E41426;MC;NA;2;22;M;M;1824;EMP
059540020020-2934;059540020020;100mN31480E41409;MC;NA;2;48;M;F;4049;NEP
059540020020-2934;059540020020;100mN31480E41409;MC;NA;2;57;M;M;5064;EMP
059540020020-2935;059540020020;100mN31472E41422;MC;OS;2;71;M;F;6574;EMP
059540020020-2935;059540020020;100mN31472E41422;MC;OS;2;72;M;M;6574;EMP
059540020020-2936;059540020020;100mN31469E41431;MC;OS;2;79;M;F;75XX;EMP
059540020020-2936;059540020020;100mN31469E41431;MC;OS;2;79;M;M;75XX;NEP
059540020020-2937;059540020020;100mN31469E41431;MC;MIX;2;67;M;M;6574;UEP
059540020020-2937;059540020020;100mN31469E41431;MC;MIX;2;61;M;F;5064;EMP
059540020020-2938;059540020020;100mN31491E41429;MC;OS;3;85;M;F;75XX;NEP
059540020020-2938;059540020020;100mN31491E41429;MC;OS;3;89;M;M;75XX;EMP
059540020020-2938;059540020020;100mN31491E41429;MC;OS;3;88;D;F;75XX;NEP
059540020020-2939;059540020020;100mN31481E41405;MC;NA;2;18;M;F;1824;NEP
059540020020-2939;059540020020;100mN31481E41405;MC;NA;2;25;M;M;2529;NEP
059540020020-2940;059540020020;100mN31481E41405;MC;MIX;3;69;M;F;6574;NEP
059540020020-2940;059540020020;100mN31481E41405;MC;MIX;3;51;M;M;5064;EMP
059540020020-2940;059540020020;100mN31481E41405;MC;MIX;3;44;M;F;4049;NEP
059540020020-2941;059540020020;100mN31469E41431;S;OS;1;41;M;F;4049;NEP
059540020020-2942;059540020020;100mN31469E41431;SM;NA;3;40;W;M;4049;NEP
059540020020-2942;059540020020;100mN31469E41431;SM;NA;3;15;S;F;1517;EMP
059540020020-2942;059540020020;100mN31469E41431;SM;NA;3;9;S;M;0614;NEP
059540020020-2943;059540020020;100mN31490E41420;MC;OS;2;66;M;M;6574;EMP
059540020020-2943;059540020020;100mN31490E41420;MC;OS;2;65;M;F;6574;NEP
059540020020-2944;059540020020;100mN31491E41421;MC;OS;3;65;M;F;6574;EMP
059540020020-2944;059540020020;100mN31491E41421;MC;OS;3;68;M;M;6574;EMP
059540020020-2944;059540020020;100mN31491E41421;MC;OS;3;66;M;F;6574;EMP
059540020020-2945;059540020020;100mN31497E41425;S;OS;1;80;S;M;75XX;NEP
059540020020-2946;059540020020;100mN31469E41431;MC;NA;3;44;M;F;4049;EMP
059540020020-2946;059540020020;100mN31469E41431;MC;NA;3;45;M;M;4049;NEP
059540020020-2946;059540020020;100mN31469E41431;MC;NA;3;11;S;F;0614;NEP
059540020020-2947;059540020020;100mN31469E41431;MC;NA;2;33;M;M;3039;NEP
059540020020-2947;059540020020;100mN31469E41431;MC;NA;2;30;M;F;3039;EMP
059540020020-2948;059540020020;100mN31469E41431;MC;OS;2;85;M;F;75XX;EMP
059540020020-2948;059540020020;100mN31469E41431;MC;OS;2;89;M;M;75XX;NEP
059540020020-2949;059540020020;100mN31469E41431;SF;NA;2;72;W;F;6574;EMP
059540020020-2949;059540020020;100mN31469E41431;SF;NA;2;11;S;M;0614;NEP
059540020020-2950;059540020020;100mN31479E41406;PO;NA;2;20;S;F;1824;NEP
059540020020-2950;059540020020;100mN31479E41406;PO;NA;2;22;S;M;1824;NEP
059540020020-2951;059540020020;100mN31469E41431;MC;NA;3;51;M;F;5064;EMP
059540020020-2951;059540020020;100mN31469E41431;MC;NA;3;60;M;M;5064;EMP
059540020020-2951;059540020020;100mN31469E41431;MC;NA;3;25;M;F;2529;NEP
059540020020-2952;059540020020;100mN31469E41431;S;NA;1;21;S;M;1824;EMP
059540020020-2953;059540020020;100mN31469E41431;MC;NA;2;40;M;M;4049;EMP
059540020020-2953;059540020020;100mN31469E41431;MC;NA;2;37;M;F;3039;EMP
059540020020-2954;059540020020;100mN31469E41431;MC;NA;2;41;M;M;4049;EMP
059540020020-2954;059540020020;100mN31469E41431;MC;NA;2;40;M;F;4049;EMP
059540020020-2955;059540020020;100mN31469E41431;MC;OS;2;86;M;F;75XX;EMP
059540020020-2955;059540020020;100mN31469E41431;MC;OS;2;45;M;F;4049;EMP
059540020020-2956;059540020020;100mN31469E41431;S;NA;1;62;W;F;5064;NEP
059540020020-2957;059540020020;100mN31469E41419;MC;NA;5;58;M;F;5064;EMP
059540020020-2957;059540020020;100mN31469E41419;MC;NA;5;59;M;M;5064;UEP
059540020020-2957;059540020020;100mN31469E41419;MC;NA;5;7;S;F;0614;NEP
059540020020-2957;059540020020;100mN31469E41419;MC;NA;5;1;S;M;0003;NEP
059540020020-2957;059540020020;100mN31469E41419;MC;NA;5;43;D;F;4049;NEP
059540020020-2958;059540020020;100mN31493E41440;SF;NA;2;58;S;F;5064;NEP
059540020020-2958;059540020020;100mN31493E41440;SF;NA;2;9;S;F;0614;NEP
059540020020-2959;059540020020;100mN31469E41431;SF;NA;4;41;S;F;4049;NEP
059540020020-2959;059540020020;100mN31469E41431;SF;NA;4;12;S;M;0614;NEP
059540020020-2959;059540020020;100mN31469E41431;SF;NA;4;7;S;F;0614;NEP
059540020020-2959;059540020020;100mN31469E41431;SF;NA;4;7;S;F;0614;NEP
059540020020-2960;059540020020;100mN31473E41418;MC;NA;2;56;M;F;5064;EMP
059540020020-2960;059540020020;100mN31473E41418;MC;NA;2;61;M;M;5064;EMP
059540020020-2961;059540020020;100mN31469E41431;MC;OS;2;69;M;F;6574;EMP
059540020020-2961;059540020020;100mN31469E41431;MC;OS;2;73;M;M;6574;NEP
059540020020-2962;059540020020;100mN31469E41431;MC;NA;2;25;M;M;2529;EMP
059540020020-2962;059540020020;100mN31469E41431;MC;NA;2;28;M;F;2529;EMP
059540020020-2963;059540020020;100mN31469E41431;MC;NA;2;33;M;F;3039;EMP
059540020020-2963;059540020020;100mN31469E41431;MC;NA;2;57;M;M;5064;EMP
059540020020-2964;059540020020;100mN31473E41422;S;NA;1;71;M;M;6574;EMP
059540020020-2965;059540020020;100mN31469E41431;MC;NA;5;34;M;M;3039;EMP
059540020020-2965;059540020020;100mN31469E41431;MC;NA;5;35;M;F;3039;EMP
059540020020-2965;059540020020;100mN31469E41431;MC;NA;5;19;S;F;1824;NEP
059540020020-2965;059540020020;100mN31469E41431;MC;NA;5;9;S;M;0614;NEP
059540020020-2965;059540020020;100mN31469E41431;MC;NA;5;2;S;F;0003;NEP
059540020020-2966;059540020020;100mN31480E41413;S;NA;1;50;D;M;5064;NEP
059540020020-2967;059540020020;100mN31469E41431;S;NA;1;20;S;M;1824;NEP
059540020020-2968;059540020020;100mN31463E41421;MC;NA;2;32;M;M;3039;NEP
059540020020-2968;059540020020;100mN31463E41421;MC;NA;2;32;M;F;3039;EMP
059540020020-2969;059540020020;100mN31465E41417;MC;NA;3;63;M;F;5064;EMP
059540020020-2969;059540020020;100mN31465E41417;MC;NA;3;44;S;F;4049;EMP
059540020020-2969;059540020020;100mN31465E41417;MC;NA;3;9;S;F;0614;NEP
059540020020-2970;059540020020;100mN31488E41413;MC;NA;3;48;M;M;4049;EMP
059540020020-2970;059540020020;100mN31488E41413;MC;NA;3;45;M;F;4049;NEP
059540020020-2970;059540020020;100mN31488E41413;MC;NA;3;7;S;F;0614;NEP
059540020020-2971;059540020020;100mN31484E41416;PO;OS;2;70;S;M;6574;EMP
059540020020-2971;059540020020;100mN31484E41416;PO;OS;2;68;S;M;6574;EMP
059540020020-2972;059540020020;100mN31464E41420;S;OS;1;66;D;F;6574;EMP
059540020020-2973;059540020020;100mN31497E41443;PO;NA;2;26;S;M;2529;NEP
059540020020-2973;059540020020;100mN31497E41443;PO;NA;2;18;S;M;1824;EMP
059540020020-2974;059540020020;100mN31501E41432;MC;NA;2;18;M;M;1824;EMP
059540020020-2974;059540020020;100mN31501E41432;MC;NA;2;20;M;F;1824;NEP
059540020020-2975;059540020020;100mN31501E41432;S;NA;1;86;S;F;75XX;NEP
059540020020-2976;059540020020;100mN31501E41432;S;NA;1;89;W;M;75XX;EMP
059540020020-2977;059540020020;100mN31501E41432;NA;OS;2;16;S;M;1517;EMP
059540020020-2977;059540020020;100mN31501E41432;NA;OS;2;46;M;M;4049;EMP
059540020020-2978;059540020020;100mN31483E41405;S;OS;1;48;S;M;4049;UEP
059540020020-2979;059540020020;100mN31483E41413;S;OS;1;43;S;M;4049;EMP
059540020020-2980;059540020020;100mN31482E41409;S;NA;1;57;S;F;5064;EMP
059540020020-2981;059540020020;100mN31486E41404;MC;NA;3;58;M;M;5064;UEP
059540020020-2981;059540020020;100mN31486E41404;MC;NA;3;54;M;F;5064;NEP
059540020020-2981;059540020020;100mN31486E41404;MC;NA;3;10;S;M;0614;NEP
059540020020-2982;059540020020;100mN31462E41419;NA;NA;6;61;M;M;5064;NEP
059540020020-2982;059540020020;100mN31462E41419;NA;NA;6;48;W;F;4049;EMP
059540020020-2982;059540020020;100mN31462E41419;NA;NA;6;47;S;M;4049;NEP
059540020020-2982;059540020020;100mN31462E41419;NA;NA;6;27;S;M;2529;EMP
059540020020-2982;059540020020;100mN31462E41419;NA;NA;6;77;D;F;75XX;EMP
059540020020-2982;059540020020;100mN31462E41419;NA;NA;6;18;M;M;1824;EMP
059540020020-2983;059540020020;100mN31465E41418;S;OS;1;21;M;M;1824;NEP
059540020020-2984;059540020020;100mN31481E41414;S;OS;1;40;S;F;4049;EMP
059540020020-2985;059540020020;100mN31461E41433;S;OS;1;40;S;F;4049;NEP
059540020020-2986;059540020020;100mN31461E41433;S;NA;1;60;M;F;5064;NEP
059540020020-2987;059540020020;100mN31483E41400;SF;NA;4;43;D;F;4049;EMP
059540020020-2987;059540020020;100mN31483E41400;SF;NA;4;21;D;F;1824;EMP
059540020020-2987;059540020020;100mN31483E41400;SF;NA;4;4;S;M;0305;NEP
059540020020-2987;059540020020;100mN31483E41400;SF;NA;4;8;S;M;0614;NEP
059540020020-2988;059540020020;100mN31461E41433;S;NA;1;45;S;F;4049;EMP
059540020020-2989;059540020020;100mN31483E41413;S;OS;1;31;M;M;3039;UEP
059540020020-2990;059540020020;100mN31473E41422;PO;OS;6;65;S;F;6574;NEP
059540020020-2990;059540020020;100mN31473E41422;PO;OS;6;71;S;F;6574;EMP
059540020020-2990;059540020020;100mN31473E41422;PO;OS;6;71;S;F;6574;NEP
059540020020-2990;059540020020;100mN31473E41422;PO;OS;6;70;M;M;6574;EMP
059540020020-2990;059540020020;100mN31473E41422;PO;OS;6;66;W;F;6574;NEP
059540020020-2990;059540020020;100mN31473E41422;PO;OS;6;67;W;M;6574;EMP
059540020020-2991;059540020020;100mN31459E41380;MC;NA;2;42;M;F;4049;EMP
059540020020-2991;059540020020;100mN31459E41380;MC;NA;2;44;M;M;4049;EMP
059540020020-2992;059540020020;100mN31459E41380;SF;NA;2;62;S;F;5064;EMP
059540020020-2992;059540020020;100mN31459E41380;SF;NA;2;10;S;M;0614;NEP
059540020020-2993;059540020020;100mN31459E41380;NA;NA;2;59;M;M;5064;EMP
059540020020-2993;059540020020;100mN31459E41380;NA;NA;2;88;D;F;75XX;NEP
059540020020-2994;059540020020;100mN31482E41395;MC;NA;2;47;M;M;4049;EMP
059540020020-2994;059540020020;100mN31482E41395;MC;NA;2;47;M;F;4049;EMP
059540020020-2995;059540020020;100mN31499E41447;MC;NA;3;59;M;F;5064;EMP
059540020020-2995;059540020020;100mN31499E41447;MC;NA;3;61;M;M;5064;NEP
059540020020-2995;059540020020;100mN31499E41447;MC;NA;3;13;S;M;0614;NEP
059540020020-2996;059540020020;100mN31478E41406;S;NA;1;16;S;M;1517;NEP
059540020020-2997;059540020020;100mN31488E41404;MC;NA;3;46;M;M;4049;UEP
059540020020-2997;059540020020;100mN31488E41404;MC;NA;3;48;M;F;4049;EMP
059540020020-2997;059540020020;100mN31488E41404;MC;NA;3;28;W;F;2529;NEP
059540020020-2998;059540020020;100mN31481E41411;MC;NA;2;56;M;M;5064;EMP
059540020020-2998;059540020020;100mN31481E41411;MC;NA;2;59;M;F;5064;EMP
059540020020-2999;059540020020;100mN31461E41431;MC;NA;2;59;M;M;5064;EMP
059540020020-2999;059540020020;100mN31461E41431;MC;NA;2;63;M;F;5064;NEP
059540020020-3000;059540020020;100mN31493E41437;PO;OS;2;72;S;F;6574;NEP
059540020020-3000;059540020020;100mN31493E41437;PO;OS;2;73;S;M;6574;NEP
059540020020-3001;059540020020;100mN31483E41411;S;OS;1;20;S;M;1824;EMP
059540020020-3002;059540020020;100mN31461E41431;S;NA;1;32;M;M;3039;EMP
059540020020-3003;059540020020;100mN31460E41428;S;OS;1;75;M;F;75XX;NEP
059540020020-3004;059540020020;100mN31464E41424;S;NA;1;44;S;M;4049;NEP
059540020020-3005;059540020020;100mN31466E41418;MC;OS;2;71;M;F;6574;EMP
059540020020-3005;059540020020;100mN31466E41418;MC;OS;2;80;M;M;75XX;EMP
059540020020-3006;059540020020;100mN31461E41431;MC;NA;5;58;M;F;5064;EMP
059540020020-3006;059540020020;100mN31461E41431;MC;NA;5;59;M;M;5064;EMP
059540020020-3006;059540020020;100mN31461E41431;MC;NA;5;22;S;F;1824;EMP
059540020020-3006;059540020020;100mN31461E41431;MC;NA;5;23;S;F;1824;EMP
059540020020-3006;059540020020;100mN31461E41431;MC;NA;5;4;S;M;0305;NEP
059540020020-3007;059540020020;100mN31473E41424;MC;NA;2;48;M;F;4049;NEP
059540020020-3007;059540020020;100mN31473E41424;MC;NA;2;50;M;M;5064;EMP
059540020020-3008;059540020020;100mN31481E41407;MC;MIX;2;75;M;F;75XX;EMP
059540020020-3008;059540020020;100mN31481E41407;MC;MIX;2;73;M;F;6574;NEP
059540020020-3009;059540020020;100mN31483E41409;S;NA;1;63;M;M;5064;EMP
059540020020-3010;059540020020;100mN31461E41431;MC;NA;5;59;M;M;5064;EMP
059540020020-3010;059540020020;100mN31461E41431;MC;NA;5;55;M;F;5064;EMP
059540020020-3010;059540020020;100mN31461E41431;MC;NA;5;27;M;F;2529;NEP
059540020020-3010;059540020020;100mN31461E41431;MC;NA;5;13;S;M;0614;NEP
059540020020-3010;059540020020;100mN31461E41431;MC;NA;5;15;S;M;1517;NEP
059540020020-3011;059540020020;100mN31461E41431;S;NA;1;44;M;F;4049;EMP
059540020020-3012;059540020020;100mN31463E41429;S;NA;1;72;W;M;6574;NEP
059540020020-3013;059540020020;100mN31461E41431;MC;NA;6;60;M;M;5064;EMP
059540020020-3013;059540020020;100mN31461E41431;MC;NA;6;56;M;F;5064;NEP
059540020020-3013;059540020020;100mN31461E41431;MC;NA;6;6;S;M;0614;NEP
059540020020-3013;059540020020;100mN31461E41431;MC;NA;6;28;M;M;2529;EMP
059540020020-3013;059540020020;100mN31461E41431;MC;NA;6;16;S;M;1517;UEP
059540020020-3013;059540020020;100mN31461E41431;MC;NA;6;8;S;M;0614;NEP
059540020020-3014;059540020020;100mN31479E41401;MC;NA;4;63;M;M;5064;EMP
059540020020-3014;059540020020;100mN31479E41401;MC;NA;4;57;M;F;5064;NEP
059540020020-3014;059540020020;100mN31479E41401;MC;NA;4;8;S;M;0614;NEP
059540020020-3014;059540020020;100mN31479E41401;MC;NA;4;15;S;F;1517;NEP
059540020020-3015;059540020020;100mN31461E41431;MC;NA;3;59;M;M;5064;EMP
059540020020-3015;059540020020;100mN31461E41431;MC;NA;3;55;M;F;5064;EMP
059540020020-3015;059540020020;100mN31461E41431;MC;NA;3;7;S;M;0614;NEP
059540020020-3016;059540020020;100mN31461E41431;S;OS;1;54;M;F;5064;EMP
059540020020-3017;059540020020;100mN31471E41419;S;NA;1;35;M;M;3039;EMP
059540020020-3018;059540020020;100mN31479E41409;MC;NA;2;40;M;F;4049;EMP
059540020020-3018;059540020020;100mN31479E41409;MC;NA;2;41;M;M;4049;NEP
059540020020-3019;059540020020;100mN31461E41431;MC;NA;2;28;M;F;2529;EMP
059540020020-3019;059540020020;100mN31461E41431;MC;NA;2;30;M;M;3039;EMP
059540020020-3020;059540020020;100mN31461E41431;MC;NA;2;45;M;F;4049;NEP
059540020020-3020;059540020020;100mN31461E41431;MC;NA;2;46;M;M;4049;NEP
059540020020-3021;059540020020;100mN31488E41404;S;OS;1;30;S;M;3039;EMP
059540020020-3022;059540020020;100mN31461E41431;S;NA;1;25;M;F;2529;NEP
059540020020-3023;059540020020;100mN31461E41431;S;OS;1;20;S;F;1824;NEP
059540020020-3024;059540020020;100mN31461E41431;MC;OS;2;79;M;F;75XX;EMP
059540020020-3024;059540020020;100mN31461E41431;MC;OS;2;81;M;M;75XX;EMP
059540020020-3025;059540020020;100mN31491E41421;S;OS;1;42;D;M;4049;EMP
059540020020-3026;059540020020;100mN31461E41426;MC;NA;5;60;M;M;5064;EMP
059540020020-3026;059540020020;100mN31461E41426;MC;NA;5;59;M;F;5064;NEP
059540020020-3026;059540020020;100mN31461E41426;MC;NA;5;15;S;F;1517;EMP
059540020020-3026;059540020020;100mN31461E41426;MC;NA;5;9;S;M;0614;NEP
059540020020-3026;059540020020;100mN31461E41426;MC;NA;5;4;S;M;0305;NEP
059540020020-3027;059540020020;100mN31479E41406;S;NA;1;16;S;M;1517;NEP
059540020020-3028;059540020020;100mN31461E41426;SF;NA;3;72;D;F;6574;NEP
059540020020-3028;059540020020;100mN31461E41426;SF;NA;3;15;S;F;1517;EMP
059540020020-3028;059540020020;100mN31461E41426;SF;NA;3;12;S;F;0614;NEP
059540020020-3029;059540020020;100mN31498E41435;PO;OS;3;71;S;M;6574;EMP
059540020020-3029;059540020020;100mN31498E41435;PO;OS;3;78;S;F;75XX;EMP
059540020020-3029;059540020020;100mN31498E41435;PO;OS;3;67;S;F;6574;EMP
059540020020-3030;059540020020;100mN31465E41428;MC;NA;2;48;M;M;4049;EMP
059540020020-3030;059540020020;100mN31465E41428;MC;NA;2;47;M;F;4049;EMP
059540020020-3031;059540020020;100mN31461E41426;MC;OS;2;73;M;F;6574;NEP
059540020020-3031;059540020020;100mN31461E41426;MC;OS;2;75;M;M;75XX;EMP
059540020020-3032;059540020020;100mN31461E41426;PC;OS;2;88;P;F;75XX;EMP
059540020020-3032;059540020020;100mN31461E41426;PC;OS;2;89;M;F;75XX;NEP
059540020020-3033;059540020020;100mN31461E41426;S;OS;1;44;M;F;4049;EMP
059540020020-3034;059540020020;100mN31500E41432;MC;OS;3;66;M;F;6574;EMP
059540020020-3034;059540020020;100mN31500E41432;MC;OS;3;72;M;M;6574;EMP
059540020020-3034;059540020020;100mN31500E41432;MC;OS;3;72;D;M;6574;EMP
059540020020-3035;059540020020;100mN31483E41400;SF;NA;2;55;W;F;5064;EMP
059540020020-3035;059540020020;100mN31483E41400;SF;NA;2;40;M;M;4049;EMP
059540020020-3036;059540020020;100mN31461E41426;MC;NA;2;53;M;F;5064;EMP
059540020020-3036;059540020020;100mN31461E41426;MC;NA;2;55;M;M;5064;NEP
059540020020-3037;059540020020;100mN31461E41426;S;OS;1;88;D;M;75XX;EMP
059540020020-3038;059540020020;100mN31485E41412;MC;NA;3;25;M;M;2529;NEP
059540020020-3038;059540020020;100mN31485E41412;MC;NA;3;28;M;F;2529;EMP
059540020020-3038;059540020020;100mN31485E41412;MC;NA;3;9;S;M;0614;NEP
059540020020-3039;059540020020;100mN31484E41411;PO;NA;3;38;S;M;3039;NEP
059540020020-3039;059540020020;100mN31484E41411;PO;NA;3;37;S;M;3039;NEP
059540020020-3039;059540020020;100mN31484E41411;PO;NA;3;9;S;F;0614;NEP
059540020020-3040;059540020020;100mN31493E41439;MC;NA;2;28;M;M;2529;EMP
059540020020-3040;059540020020;100mN31493E41439;MC;NA;2;27;M;F;2529;NEP
059540020020-3041;059540020020;100mN31493E41439;MC;NA;2;44;M;F;4049;EMP
059540020020-3041;059540020020;100mN31493E41439;MC;NA;2;44;M;M;4049;EMP
059540020020-3042;059540020020;100mN31484E41407;SF;NA;2;65;D;F;6574;EMP
059540020020-3042;059540020020;100mN31484E41407;SF;NA;2;12;S;M;0614;NEP
059540020020-3043;059540020020;100mN31477E41423;MC;MIX;4;71;D;F;6574;EMP
059540020020-3043;059540020020;100mN31477E41423;MC;MIX;4;33;M;F;3039;NEP
059540020020-3043;059540020020;100mN31477E41423;MC;MIX;4;34;M;M;3039;EMP
059540020020-3043;059540020020;100mN31477E41423;MC;MIX;4;18;S;M;1824;EMP
059540020020-3044;059540020020;100mN31483E41409;S;NA;1;52;S;F;5064;EMP
059540020020-3045;059540020020;100mN31493E41439;S;NA;1;48;M;M;4049;NEP
059540020020-3046;059540020020;100mN31498E41446;MC;NA;2;47;M;F;4049;NEP
059540020020-3046;059540020020;100mN31498E41446;MC;NA;2;51;M;M;5064;EMP
059540020020-3047;059540020020;100mN31491E41415;PO;NA;2;55;S;M;5064;NEP
059540020020-3047;059540020020;100mN31491E41415;PO;NA;2;53;S;F;5064;EMP
059540020020-3048;059540020020;100mN31478E41401;S;OS;1;33;M;M;3039;EMP
059540020020-3049;059540020020;100mN31471E41432;MC;OS;2;75;M;M;75XX;EMP
059540020020-3049;059540020020;100mN31471E41432;MC;OS;2;73;M;F;6574;NEP
059540020020-3050;059540020020;100mN31498E41446;MC;NA;2;56;M;M;5064;NEP
059540020020-3050;059540020020;100mN31498E41446;MC;NA;2;53;M;F;5064;EMP
059540020020-3051;059540020020;100mN31474E41423;PO;MIX;3;78;W;F;75XX;NEP
059540020020-3051;059540020020;100mN31474E41423;PO;MIX;3;26;S;M;2529;EMP
059540020020-3051;059540020020;100mN31474E41423;PO;MIX;3;27;S;F;2529;NEP
059540020020-3052;059540020020;100mN31462E41429;PO;NA;4;60;S;M;5064;EMP
059540020020-3052;059540020020;100mN31462E41429;PO;NA;4;60;S;M;5064;NEP
059540020020-3052;059540020020;100mN31462E41429;PO;NA;4;44;S;F;4049;EMP
059540020020-3052;059540020020;100mN31462E41429;PO;NA;4;35;M;M;3039;EMP
059540020020-3053;059540020020;100mN31472E41423;MC;NA;3;40;M;F;4049;EMP
059540020020-3053;059540020020;100mN31472E41423;MC;NA;3;42;M;M;4049;EMP
059540020020-3053;059540020020;100mN31472E41423;MC;NA;3;18;S;M;1824;EMP
059540020020-3054;059540020020;100mN31498E41446;MC;NA;2;46;M;M;4049;EMP
059540020020-3054;059540020020;100mN31498E41446;MC;NA;2;47;M;F;4049;NEP
059540020020-3055;059540020020;100mN31472E41421;S;OS;1;51;D;F;5064;NEP
059540020020-3056;059540020020;100mN31472E41423;PO;NA;5;57;S;F;5064;NEP
059540020020-3056;059540020020;100mN31472E41423;PO;NA;5;61;S;M;5064;EMP
059540020020-3056;059540020020;100mN31472E41423;PO;NA;5;7;S;M;0614;NEP
059540020020-3056;059540020020;100mN31472E41423;PO;NA;5;3;S;M;0305;NEP
059540020020-3056;059540020020;100mN31472E41423;PO;NA;5;9;S;M;0614;NEP
059540020020-3057;059540020020;100mN31467E41422;S;OS;1;21;M;M;1824;EMP
059540020020-3058;059540020020;100mN31461E41430;SF;NA;2;68;S;F;6574;NEP
059540020020-3058;059540020020;100mN31461E41430;SF;NA;2;6;S;M;0614;NEP
059540020020-3059;059540020020;100mN31462E41429;S;NA;1;60;M;M;5064;EMP
059540020020-3060;059540020020;100mN31461E41430;S;NA;1;86;M;M;75XX;EMP
059540020020-3061;059540020020;100mN31463E41422;MC;MIX;2;73;M;M;6574;EMP
059540020020-3061;059540020020;100mN31463E41422;MC;MIX;2;40;S;F;4049;EMP
059540020020-3062;059540020020;100mN31461E41430;S;OS;1;42;W;F;4049;NEP
059540020020-3063;059540020020;100mN31476E41422;SF;NA;4;40;S;F;4049;EMP
059540020020-3063;059540020020;100mN31476E41422;SF;NA;4;6;S;M;0614;NEP
059540020020-3063;059540020020;100mN31476E41422;SF;NA;4;15;S;F;1517;EMP
059540020020-3063;059540020020;100mN31476E41422;SF;NA;4;20;S;F;1824;EMP
059540020020-3064;059540020020;100mN31478E41400;S;NA;1;63;S;F;5064;NEP
059540020020-3065;059540020020;100mN31479E41407;MC;NA;2;26;M;F;2529;EMP
059540020020-3065;059540020020;100mN31479E41407;MC;NA;2;27;M;M;2529;NEP
059540020020-3066;059540020020;100mN31461E41430;S;OS;1;25;M;M;2529;EMP
059540020020-3067;059540020020;100mN31481E41408;S;OS;1;57;S;F;5064;NEP
059540020020-3068;059540020020;100mN31471E41423;PO;OS;3;87;S;F;75XX;EMP
059540020020-3068;059540020020;100mN31471E41423;PO;OS;3;82;S;F;75XX;EMP
059540020020-3068;059540020020;100mN31471E41423;PO;OS;3;80;S;F;75XX;NEP
059540020020-3069;059540020020;100mN31461E41430;S;NA;1;31;S;M;3039;EMP
059540020020-3070;059540020020;100mN31461E41430;MC;NA;2;42;M;F;4049;NEP
059540020020-3070;059540020020;100mN31461E41430;MC;NA;2;40;M;M;4049;EMP
059540020020-3071;059540020020;100mN31461E41430;S;NA;1;76;W;F;75XX;NEP
059540020020-3072;059540020020;100mN31462E41430;MC;OS;4;89;M;F;75XX;EMP
059540020020-3072;059540020020;100mN31462E41430;MC;OS;4;89;M;M;75XX;NEP
059540020020-3072;059540020020;100mN31462E41430;MC;OS;4;75;M;M;75XX;NEP
059540020020-3072;059540020020;100mN31462E41430;MC;OS;4;66;W;F;6574;EMP
059540020020-3073;059540020020;100mN31502E41435;MC;OS;2;76;M;F;75XX;NEP
059540020020-3073;059540020020;100mN31502E41435;MC;OS;2;77;M;M;75XX;NEP
059540020020-3074;059540020020;100mN31461E41430;S;OS;1;68;M;M;6574;NEP
059540020020-3075;059540020020;100mN31461E41430;MC;NA;2;60;M;M;5064;EMP
059540020020-3075;059540020020;100mN31461E41430;MC;NA;2;57;M;F;5064;EMP
059540020020-3076;059540020020;100mN31467E41429;PO;NA;3;34;S;M;3039;NEP
059540020020-3076;059540020020;100mN31467E41429;PO;NA;3;31;S;F;3039;EMP
059540020020-3076;059540020020;100mN31467E41429;PO;NA;3;4;S;F;0305;NEP
059540020020-3077;059540020020;100mN31461E41430;S;NA;1;25;M;F;2529;NEP
059540020020-3078;059540020020;100mN31480E41404;MC;OS;2;69;M;F;6574;EMP
059540020020-3078;059540020020;100mN31480E41404;MC;OS;2;69;M;M;6574;NEP
059540020020-3079;059540020020;100mN31475E41422;S;NA;1;38;W;M;3039;EMP
059540020020-3080;059540020020;100mN31461E41430;MC;NA;3;44;M;F;4049;NEP
059540020020-3080;059540020020;100mN31461E41430;MC;NA;3;46;M;M;4049;EMP
059540020020-3080;059540020020;100mN31461E41430;MC;NA;3;21;M;M;1824;EMP
059540020020-3081;059540020020;100mN31468E41422;SM;MIX;2;79;D;M;75XX;EMP
059540020020-3081;059540020020;100mN31468E41422;SM;MIX;2;9;S;F;0614;NEP
059540020020-3082;059540020020;100mN31461E41430;SF;MIX;2;69;W;F;6574;EMP
059540020020-3082;059540020020;100mN31461E41430;SF;MIX;2;3;S;M;0305;NEP
059540020020-3083;059540020020;100mN31461E41430;S;OS;1;72;S;F;6574;EMP
059540020020-3084;059540020020;100mN31499E41444;S;OS;1;41;W;M;4049;EMP
059540020020-3085;059540020020;100mN31483E41404;MC;NA;3;31;M;F;3039;EMP
059540020020-3085;059540020020;100mN31483E41404;MC;NA;3;31;M;M;3039;NEP
059540020020-3085;059540020020;100mN31483E41404;MC;NA;3;11;S;M;0614;NEP
059540020020-3086;059540020020;100mN31461E41430;MC;MIX;3;87;M;F;75XX;NEP
059540020020-3086;059540020020;100mN31461E41430;MC;MIX;3;46;M;M;4049;EMP
059540020020-3086;059540020020;100mN31461E41430;MC;MIX;3;48;M;F;4049;EMP
059540020020-3087;059540020020;100mN31464E41430;S;NA;1;67;S;F;6574;EMP
059540020020-3088;059540020020;100mN31494E41408;MC;NA;2;43;M;F;4049;EMP
059540020020-3088;059540020020;100mN31494E41408;MC;NA;2;44;M;M;4049;NEP
059540020020-3089;059540020020;100mN31494E41408;MC;OS;2;69;M;M;6574;NEP
059540020020-3089;059540020020;100mN31494E41408;MC;OS;2;67;M;F;6574;EMP
059540020020-3090;059540020020;100mN31494E41408;MC;OS;2;81;M;M;75XX;EMP
059540020020-3090;059540020020;100mN31494E41408;MC;OS;2;80;M;F;75XX;EMP
059540020020-3091;059540020020;100mN31494E41408;S;OS;1;63;D;F;5064;EMP
059540020020-3092;059540020020;100mN31494E41408;MC;OS;2;86;M;M;75XX;EMP
059540020020-3092;059540020020;100mN31494E41408;MC;OS;2;84;M;F;75XX;EMP
059540020020-3093;059540020020;100mN31494E41408;MC;NA;2;53;M;M;5064;EMP
059540020020-3093;059540020020;100mN31494E41408;MC;NA;2;52;M;F;5064;NEP
059540020020-3094;059540020020;100mN31471E41419;MC;NA;2;31;M;F;3039;EMP
059540020020-3094;059540020020;100mN31471E41419;MC;NA;2;34;M;M;3039;NEP
059540020020-3095;059540020020;100mN31485E41409;MC;OS;2;65;M;M;6574;NEP
059540020020-3095;059540020020;100mN31485E41409;MC;OS;2;65;M;F;6574;EMP
059540020020-3096;059540020020;100mN31469E41421;MC;NA;2;35;M;M;3039;EMP
059540020020-3096;059540020020;100mN31469E41421;MC;NA;2;33;M;F;3039;NEP
059540020020-3097;059540020020;100mN31469E41421;MC;MIX;2;70;M;F;6574;NEP
059540020020-3097;059540020020;100mN31469E41421;MC;MIX;2;12;S;F;0614;NEP
059540020020-3098;059540020020;100mN31469E41422;MC;NA;2;28;M;M;2529;UEP
059540020020-3098;059540020020;100mN31469E41422;MC;NA;2;27;M;F;2529;NEP
059540020020-3099;059540020020;100mN31494E41436;MC;OS;2;72;M;M;6574;EMP
059540020020-3099;059540020020;100mN31494E41436;MC;OS;2;73;M;F;6574;NEP
059540020020-3100;059540020020;100mN31469E41421;MC;MIX;2;73;M;F;6574;EMP
059540020020-3100;059540020020;100mN31469E41421;MC;MIX;2;81;M;F;75XX;EMP
059540020020-3101;059540020020;100mN31469E41421;MC;NA;2;40;M;F;4049;EMP
059540020020-3101;059540020020;100mN31469E41421;MC;NA;2;33;M;M;3039;EMP
059540020020-3102;059540020020;100mN31469E41421;MC;NA;3;58;M;F;5064;NEP
059540020020-3102;059540020020;100mN31469E41421;MC;NA;3;57;M;M;5064;EMP
059540020020-3102;059540020020;100mN31469E41421;MC;NA;3;40;S;F;4049;NEP
059540020020-3103;059540020020;100mN31463E41422;S;OS;1;30;M;M;3039;EMP
059540020020-3104;059540020020;100mN31468E41430;S;OS;1;22;W;F;1824;EMP
059540020020-3105;059540020020;100mN31497E41425;MC;MIX;2;83;M;F;75XX;EMP
059540020020-3105;059540020020;100mN31497E41425;MC;MIX;2;77;D;F;75XX;EMP
059540020020-3106;059540020020;100mN31463E41422;S;NA;1;28;M;M;2529;EMP
059540020020-3107;059540020020;100mN31469E41421;SF;MIX;4;76;M;F;75XX;NEP
059540020020-3107;059540020020;100mN31469E41421;SF;MIX;4;72;S;F;6574;NEP
059540020020-3107;059540020020;100mN31469E41421;SF;MIX;4;11;S;F;0614;NEP
059540020020-3107;059540020020;100mN31469E41421;SF;MIX;4;54;M;M;5064;EMP
059540020020-3108;059540020020;100mN31469E41421;SM;MIX;2;73;S;M;6574;EMP
059540020020-3108;059540020020;100mN31469E41421;SM;MIX;2;19;W;M;1824;EMP
059540020020-3109;059540020020;100mN31485E41410;MC;MIX;2;70;M;M;6574;NEP
059540020020-3109;059540020020;100mN31485E41410;MC;MIX;2;71;W;M;6574;EMP
059540020020-3110;059540020020;100mN31461E41423;S;OS;1;16;S;M;1517;NEP
059540020020-3111;059540020020;100mN31469E41421;S;OS;1;56;M;M;5064;NEP
059540020020-3112;059540020020;100mN31469E41421;S;OS;1;20;S;M;1824;NEP
059540020020-3113;059540020020;100mN31478E41407;MC;NA;2;51;M;F;5064;EMP
059540020020-3113;059540020020;100mN31478E41407;MC;NA;2;45;M;M;4049;EMP
059540020020-3114;059540020020;100mN31499E41425;PO;NA;4;21;S;M;1824;EMP
059540020020-3114;059540020020;100mN31499E41425;PO;NA;4;18;S;M;1824;EMP
059540020020-3114;059540020020;100mN31499E41425;PO;NA;4;4;S;M;0305;NEP
059540020020-3114;059540020020;100mN31499E41425;PO;NA;4;6;S;F;0614;NEP
059540020020-3115;059540020020;100mN31464E41421;MC;NA;3;57;M;F;5064;EMP
059540020020-3115;059540020020;100mN31464E41421;MC;NA;3;59;M;M;5064;EMP
059540020020-3115;059540020020;100mN31464E41421;MC;NA;3;3;S;F;0305;NEP
059540020020-3116;059540020020;100mN31469E41421;S;OS;1;60;M;M;5064;EMP
059540020020-3117;059540020020;100mN31464E41427;S;OS;1;85;M;M;75XX;EMP
059540020020-3118;059540020020;100mN31469E41421;MC;NA;3;41;M;F;4049;EMP
059540020020-3118;059540020020;100mN31469E41421;MC;NA;3;44;M;M;4049;NEP
059540020020-3118;059540020020;100mN31469E41421;MC;NA;3;8;S;M;0614;NEP
059540020020-3119;059540020020;100mN31463E41429;S;NA;1;72;W;M;6574;NEP
059540020020-3120;059540020020;100mN31469E41421;MC;NA;2;58;M;M;5064;EMP
059540020020-3120;059540020020;100mN31469E41421;MC;NA;2;58;M;F;5064;EMP
059540020020-3121;059540020020;100mN31471E41422;MC;OS;4;70;M;M;6574;NEP
059540020020-3121;059540020020;100mN31471E41422;MC;OS;4;69;M;F;6574;NEP
059540020020-3121;059540020020;100mN31471E41422;MC;OS;4;68;S;M;6574;EMP
059540020020-3121;059540020020;100mN31471E41422;MC;OS;4;78;M;F;75XX;EMP
059540020020-3122;059540020020;100mN31472E41424;S;OS;1;19;M;M;1824;EMP
059540020020-3123;059540020020;100mN31483E41405;S;OS;1;40;S;F;4049;EMP
059540020020-3124;059540020020;100mN31469E41421;S;OS;1;30;M;M;3039;EMP
059540020020-3125;059540020020;100mN31499E41444;MC;NA;2;32;M;M;3039;NEP
059540020020-3125;059540020020;100mN31499E41444;MC;NA;2;30;M;F;3039;EMP
059540020020-3126;059540020020;100mN31469E41421;MC;OS;2;68;M;F;6574;NEP
059540020020-3126;059540020020;100mN31469E41421;MC;OS;2;73;M;M;6574;EMP
059540020020-3127;059540020020;100mN31462E41428;MC;NA;2;43;M;F;4049;EMP
059540020020-3127;059540020020;100mN31462E41428;MC;NA;2;40;M;M;4049;EMP
059540020020-3128;059540020020;100mN31465E41424;PO;NA;2;55;S;M;5064;EMP
059540020020-3128;059540020020;100mN31465E41424;PO;NA;2;48;S;F;4049;NEP
059540020020-3129;059540020020;100mN31493E41441;S;NA;1;84;W;F;75XX;EMP
059540020020-3130;059540020020;100mN31475E41422;PO;MIX;2;82;S;M;75XX;EMP
059540020020-3130;059540020020;100mN31475E41422;PO;MIX;2;86;M;F;75XX;EMP
059540020020-3131;059540020020;100mN31464E41428;MC;MIX;3;76;W;F;75XX;NEP
059540020020-3131;059540020020;100mN31464E41428;MC;MIX;3;41;M;M;4049;EMP
059540020020-3131;059540020020;100mN31464E41428;MC;MIX;3;48;M;F;4049;EMP
059540020020-3132;059540020020;100mN31498E41433;MC;OS;2;70;M;F;6574;EMP
059540020020-3132;059540020020;100mN31498E41433;MC;OS;2;72;M;M;6574;EMP
059540020020-3133;059540020020;100mN31499E41445;S;NA;1;57;S;F;5064;EMP
059540020020-3134;059540020020;100mN31480E41410;S;NA;1;86;M;M;75XX;EMP
059540020020-3135;059540020020;100mN31485E41410;S;NA;1;63;W;F;5064;NEP
059540020020-3136;059540020020;100mN31473E41423;S;NA;1;65;S;M;6574;EMP
059540020020-3137;059540020020;100mN31472E41424;NA;OS;4;35;M;F;3039;NEP
059540020020-3137;059540020020;100mN31472E41424;NA;OS;4;28;W;M;2529;EMP
059540020020-3137;059540020020;100mN31472E41424;NA;OS;4;38;W;F;3039;NEP
059540020020-3137;059540020020;100mN31472E41424;NA;OS;4;53;S;F;5064;NEP
059540020020-3138;059540020020;100mN31480E41410;MC;NA;3;56;M;F;5064;EMP
059540020020-3138;059540020020;100mN31480E41410;MC;NA;3;59;M;M;5064;EMP
059540020020-3138;059540020020;100mN31480E41410;MC;NA;3;7;S;M;0614;NEP
059540020020-3139;059540020020;100mN31480E41410;MC;OS;5;66;M;M;6574;EMP
059540020020-3139;059540020020;100mN31480E41410;MC;OS;5;72;M;F;6574;EMP
059540020020-3139;059540020020;100mN31480E41410;MC;OS;5;69;S;F;6574;EMP
059540020020-3139;059540020020;100mN31480E41410;MC;OS;5;67;W;M;6574;EMP
059540020020-3139;059540020020;100mN31480E41410;MC;OS;5;66;M;F;6574;NEP
059540020020-3140;059540020020;100mN31467E41421;MC;NA;2;43;M;M;4049;EMP
059540020020-3140;059540020020;100mN31467E41421;MC;NA;2;34;M;F;3039;NEP
059540020020-3141;059540020020;100mN31478E41407;MC;NA;3;57;M;F;5064;NEP
059540020020-3141;059540020020;100mN31478E41407;MC;NA;3;61;M;M;5064;EMP
059540020020-3141;059540020020;100mN31478E41407;MC;NA;3;8;S;F;0614;NEP
059540020020-3142;059540020020;100mN31480E41410;MC;NA;3;46;M;F;4049;EMP
059540020020-3142;059540020020;100mN31480E41410;MC;NA;3;46;M;M;4049;EMP
059540020020-3142;059540020020;100mN31480E41410;MC;NA;3;16;S;F;1517;NEP
059540020020-3143;059540020020;100mN31480E41410;S;NA;1;58;W;F;5064;EMP
059540020020-3144;059540020020;100mN31497E41436;MC;OS;2;72;M;M;6574;NEP
059540020020-3144;059540020020;100mN31497E41436;MC;OS;2;67;M;F;6574;EMP
059540020020-3145;059540020020;100mN31480E41410;PO;OS;2;68;S;F;6574;EMP
059540020020-3145;059540020020;100mN31480E41410;PO;OS;2;73;S;M;6574;EMP
059540020020-3146;059540020020;100mN31480E41410;MC;OS;2;65;M;M;6574;EMP
059540020020-3146;059540020020;100mN31480E41410;MC;OS;2;66;M;F;6574;NEP
059540020020-3147;059540020020;100mN31480E41410;S;NA;1;67;S;F;6574;EMP
059540020020-3148;059540020020;100mN31474E41431;MC;NA;2;63;M;M;5064;EMP
059540020020-3148;059540020020;100mN31474E41431;MC;NA;2;54;M;F;5064;EMP
059540020020-3149;059540020020;100mN31485E41418;S;OS;1;18;S;F;1824;EMP
059540020020-3150;059540020020;100mN31471E41423;MC;OS;3;70;M;F;6574;NEP
059540020020-3150;059540020020;100mN31471E41423;MC;OS;3;79;M;M;75XX;EMP
059540020020-3150;059540020020;100mN31471E41423;MC;OS;3;67;S;F;6574;NEP
059540020020-3151;059540020020;100mN31491E41421;S;OS;1;42;D;M;4049;EMP
059540020020-3152;059540020020;100mN31480E41410;MC;OS;3;73;M;F;6574;EMP
059540020020-3152;059540020020;100mN31480E41410;MC;OS;3;73;M;M;6574;EMP
059540020020-3152;059540020020;100mN31480E41410;MC;OS;3;89;M;M;75XX;EMP
059540020020-3153;059540020020;100mN31480E41410;PO;NA;2;51;S;F;5064;EMP
059540020020-3153;059540020020;100mN31480E41410;PO;NA;2;52;S;M;5064;EMP
059540020020-3154;059540020020;100mN31498E41426;S;NA;1;73;S;M;6574;EMP
059540020020-3155;059540020020;100mN31462E41427;S;NA;1;69;M;F;6574;NEP
059540020020-3156;059540020020;100mN31480E41410;SF;MIX;4;80;S;M;75XX;EMP
059540020020-3156;059540020020;100mN31480E41410;SF;MIX;4;38;W;F;3039;NEP
059540020020-3156;059540020020;100mN31480E41410;SF;MIX;4;7;S;F;0614;NEP
059540020020-3156;059540020020;100mN31480E41410;SF;MIX;4;0;S;M;0003;NEP
059540020020-3157;059540020020;100mN31461E41422;S;NA;1;46;S;M;4049;NEP
059540020020-3158;059540020020;100mN31480E41410;S;OS;1;43;S;M;4049;EMP
059540020020-3159;059540020020;100mN31480E41410;S;NA;1;69;S;M;6574;UEP
059540020020-3160;059540020020;100mN31471E41431;PO;OS;3;75;S;F;75XX;NEP
059540020020-3160;059540020020;100mN31471E41431;PO;OS;3;80;S;M;75XX;NEP
059540020020-3160;059540020020;100mN31471E41431;PO;OS;3;83;M;M;75XX;EMP
059540020020-3161;059540020020;100mN31480E41410;MC;OS;2;71;M;F;6574;NEP
059540020020-3161;059540020020;100mN31480E41410;MC;OS;2;65;M;M;6574;EMP
059540020020-3162;059540020020;100mN31480E41410;MC;NA;4;57;M;M;5064;NEP
059540020020-3162;059540020020;100mN31480E41410;MC;NA;4;61;M;F;5064;EMP
059540020020-3162;059540020020;100mN31480E41410;MC;NA;4;6;S;F;0614;NEP
059540020020-3162;059540020020;100mN31480E41410;MC;NA;4;41;S;M;4049;EMP
059540020020-3163;059540020020;100mN31480E41410;S;NA;1;73;S;F;6574;NEP
059540020020-3164;059540020020;100mN31478E41408;S;OS;1;48;M;M;4049;EMP
059540020020-3165;059540020020;100mN31480E41410;MC;OS;2;71;M;M;6574;EMP
059540020020-3165;059540020020;100mN31480E41410;MC;OS;2;66;M;F;6574;NEP
059540020020-3166;059540020020;100mN31480E41410;MC;NA;2;42;M;M;4049;NEP
059540020020-3166;059540020020;100mN31480E41410;MC;NA;2;37;M;F;3039;NEP
059540020020-3167;059540020020;100mN31481E41395;S;NA;1;73;W;F;6574;EMP
059540020020-3168;059540020020;100mN31480E41410;S;NA;1;82;M;F;75XX;EMP
059540020020-3169;059540020020;100mN31464E41420;S;OS;1;66;D;F;6574;EMP
059540020020-3170;059540020020;100mN31483E41407;MC;NA;2;52;M;F;5064;NEP
059540020020-3170;059540020020;100mN31483E41407;MC;NA;2;63;M;M;5064;EMP
059540020020-3171;059540020020;100mN31480E41410;MC;NA;2;28;M;M;2529;NEP
059540020020-3171;059540020020;100mN31480E41410;MC;NA;2;32;M;F;3039;NEP
059540020020-3172;059540020020;100mN31482E41395;MC;NA;2;47;M;M;4049;EMP
059540020020-3172;059540020020;100mN31482E41395;MC;NA;2;47;M;F;4049;EMP
059540020020-3173;059540020020;100mN31480E41410;MC;NA;3;43;M;M;4049;NEP
059540020020-3173;059540020020;100mN31480E41410;MC;NA;3;41;M;F;4049;EMP
059540020020-3173;059540020020;100mN31480E41410;MC;NA;3;3;S;F;0305;NEP
059540020020-3174;059540020020;100mN31480E41410;SF;MIX;3;73;M;F;6574;EMP
059540020020-3174;059540020020;100mN31480E41410;SF;MIX;3;52;W;F;5064;EMP
059540020020-3174;059540020020;100mN31480E41410;SF;MIX;3;15;S;M;1517;EMP
059540020020-3175;059540020020;100mN31483E41412;MC;MIX;2;72;M;M;6574;EMP
059540020020-3175;059540020020;100mN31483E41412;MC;MIX;2;63;M;F;5064;NEP
059540020020-3176;059540020020;100mN31483E41407;MC;NA;3;40;M;M;4049;EMP
059540020020-3176;059540020020;100mN31483E41407;MC;NA;3;33;M;F;3039;NEP
059540020020-3176;059540020020;100mN31483E41407;MC;NA;3;9;S;M;0614;NEP
059540020020-3177;059540020020;100mN31475E41420;MC;MIX;2;72;M;F;6574;EMP
059540020020-3177;059540020020;100mN31475E41420;MC;MIX;2;85;M;F;75XX;EMP
059540020020-3178;059540020020;100mN31480E41410;S;NA;1;44;S;M;4049;NEP
059540020020-3179;059540020020;100mN31464E41424;MC;NA;2;36;M;M;3039;EMP
059540020020-3179;059540020020;100mN31464E41424;MC;NA;2;45;M;F;4049;EMP
059540020020-3180;059540020020;100mN31480E41410;S;OS;1;34;M;M;3039;EMP
059540020020-3181;059540020020;100mN31480E41410;SM;MIX;2;80;S;M;75XX;EMP
059540020020-3181;059540020020;100mN31480E41410;SM;MIX;2;58;S;M;5064;NEP
059540020020-3182;059540020020;100mN31480E41410;S;OS;1;57;M;F;5064;NEP
059540020020-3183;059540020020;100mN31480E41412;MC;NA;2;54;M;M;5064;NEP
059540020020-3183;059540020020;100mN31480E41412;MC;NA;2;46;M;F;4049;NEP
059540020020-3184;059540020020;100mN31480E41410;S;NA;1;16;S;M;1517;NEP
059540020020-3185;059540020020;100mN31485E41441;SF;MIX;4;70;S;M;6574;UEP
059540020020-3185;059540020020;100mN31485E41441;SF;MIX;4;60;D;F;5064;NEP
059540020020-3185;059540020020;100mN31485E41441;SF;MIX;4;1;S;F;0003;NEP
059540020020-3185;059540020020;100mN31485E41441;SF;MIX;4;13;S;F;0614;NEP
059540020020-3186;059540020020;100mN31497E41426;PO;NA;4;54;S;F;5064;NEP
059540020020-3186;059540020020;100mN31497E41426;PO;NA;4;56;S;F;5064;NEP
059540020020-3186;059540020020;100mN31497E41426;PO;NA;4;4;S;M;0305;NEP
059540020020-3186;059540020020;100mN31497E41426;PO;NA;4;27;W;F;2529;EMP
059540020020-3187;059540020020;100mN31472E41422;S;NA;1;20;M;M;1824;EMP
059540020020-3188;059540020020;100mN31462E41432;MC;MIX;4;88;W;F;75XX;EMP
059540020020-3188;059540020020;100mN31462E41432;MC;MIX;4;48;M;M;4049;NEP
059540020020-3188;059540020020;100mN31462E41432;MC;MIX;4;40;M;F;4049;NEP
059540020020-3188;059540020020;100mN31462E41432;MC;MIX;4;23;M;F;1824;EMP
059540020020-3189;059540020020;100mN31488E41411;PO;NA;2;41;S;F;4049;NEP
059540020020-3189;059540020020;100mN31488E41411;PO;NA;2;41;S;F;4049;EMP
059540020020-3190;059540020020;100mN31483E41417;PO;NA;3;46;S;M;4049;EMP
059540020020-3190;059540020020;100mN31483E41417;PO;NA;3;43;S;F;4049;EMP
059540020020-3190;059540020020;100mN31483E41417;PO;NA;3;16;S;M;1517;UEP
059540020020-3191;059540020020;100mN31490E41418;S;OS;1;53;S;M;5064;EMP
059540020020-3192;059540020020;100mN31463E41419;MC;NA;5;61;M;F;5064;NEP
059540020020-3192;059540020020;100mN31463E41419;MC;NA;5;41;M;F;4049;EMP
059540020020-3192;059540020020;100mN31463E41419;MC;NA;5;6;S;F;0614;NEP
059540020020-3192;059540020020;100mN31463E41419;MC;NA;5;11;S;F;0614;NEP
059540020020-3192;059540020020;100mN31463E41419;MC;NA;5;9;S;F;0614;NEP
059540020020-3193;059540020020;100mN31461E41422;SF;NA;2;80;S;F;75XX;NEP
059540020020-3193;059540020020;100mN31461E41422;SF;NA;2;36;W;F;3039;EMP
059540020020-3194;059540020020;100mN31498E41425;S;NA;1;72;M;F;6574;NEP
059540020020-3195;059540020020;100mN31485E41411;S;NA;1;52;W;F;5064;EMP
059540020020-3196;059540020020;100mN31497E41445;PC;NA;4;35;P;F;3039;NEP
059540020020-3196;059540020020;100mN31497E41445;PC;NA;4;42;P;F;4049;NEP
059540020020-3196;059540020020;100mN31497E41445;PC;NA;4;9;S;M;0614;NEP
059540020020-3196;059540020020;100mN31497E41445;PC;NA;4;19;W;M;1824;EMP
059540020020-3197;059540020020;100mN31495E41440;S;NA;1;21;S;M;1824;NEP
059540020020-3198;059540020020;100mN31473E41418;MC;NA;2;56;M;M;5064;EMP
059540020020-3198;059540020020;100mN31473E41418;MC;NA;2;53;M;F;5064;EMP
059540020020-3199;059540020020;100mN31498E41425;S;NA;1;50;S;F;5064;EMP
059540020020-3200;059540020020;100mN31480E41413;MC;NA;2;45;M;F;4049;EMP
059540020020-3200;059540020020;100mN31480E41413;MC;NA;2;42;M;M;4049;NEP
059540020020-3201;059540020020;100mN31491E41428;S;NA;1;61;M;F;5064;EMP
059540020020-3202;059540020020;100mN31475E41421;PO;NA;2;62;S;F;5064;NEP
059540020020-3202;059540020020;100mN31475E41421;PO;NA;2;55;S;F;5064;EMP
059540020020-3203;059540020020;100mN31482E41416;S;NA;1;66;M;F;6574;EMP
059540020020-3204;059540020020;100mN31466E41427;SF;MIX;2;66;D;F;6574;EMP
059540020020-3204;059540020020;100mN31466E41427;SF;MIX;2;15;S;F;1517;EMP
059540020020-3205;059540020020;100mN31478E41406;S;OS;1;72;S;F;6574;EMP
059540020020-3206;059540020020;100mN31466E41427;MC;NA;3;20;M;F;1824;NEP
059540020020-3206;059540020020;100mN31466E41427;MC;NA;3;18;M;M;1824;NEP
059540020020-3206;059540020020;100mN31466E41427;MC;NA;3;2;S;M;0003;NEP
059540020020-3207;059540020020;100mN31483E41414;MC;MIX;2;65;M;F;6574;EMP
059540020020-3207;059540020020;100mN31483E41414;MC;MIX;2;18;M;M;1824;NEP
059540020020-3208;059540020020;100mN31479E41407;MC;NA;5;35;M;F;3039;NEP
059540020020-3208;059540020020;100mN31479E41407;MC;NA;5;44;M;M;4049;EMP
059540020020-3208;059540020020;100mN31479E41407;MC;NA;5;20;M;M;1824;NEP
059540020020-3208;059540020020;100mN31479E41407;MC;NA;5;20;S;M;1824;NEP
059540020020-3208;059540020020;100mN31479E41407;MC;NA;5;9;S;F;0614;NEP
059540020020-3209;059540020020;100mN31471E41431;S;OS;1;16;S;M;1517;NEP
059540020020-3210;059540020020;100mN31498E41429;MC;OS;3;66;M;M;6574;NEP
059540020020-3210;059540020020;100mN31498E41429;MC;OS;3;65;M;F;6574;EMP
059540020020-3210;059540020020;100mN31498E41429;MC;OS;3;76;S;F;75XX;EMP
059540020020-3211;059540020020;100mN31472E41431;S;NA;1;83;W;F;75XX;NEP
059540020020-3212;059540020020;100mN31466E41427;S;NA;1;23;M;F;1824;NEP
059540020020-3213;059540020020;100mN31466E41427;MC;NA;4;45;M;M;4049;NEP
059540020020-3213;059540020020;100mN31466E41427;MC;NA;4;43;M;F;4049;NEP
059540020020-3213;059540020020;100mN31466E41427;MC;NA;4;15;S;M;1517;NEP
059540020020-3213;059540020020;100mN31466E41427;MC;NA;4;3;S;M;0305;NEP
059540020020-3214;059540020020;100mN31460E41380;MC;OS;3;85;M;F;75XX;EMP
059540020020-3214;059540020020;100mN31460E41380;MC;OS;3;86;M;M;75XX;EMP
059540020020-3214;059540020020;100mN31460E41380;MC;OS;3;68;M;F;6574;NEP
059540020020-3215;059540020020;100mN31486E41442;S;NA;1;60;S;M;5064;NEP
059540020020-3216;059540020020;100mN31483E41400;MC;OS;4;70;M;M;6574;NEP
059540020020-3216;059540020020;100mN31483E41400;MC;OS;4;68;M;F;6574;EMP
059540020020-3216;059540020020;100mN31483E41400;MC;OS;4;65;W;F;6574;NEP
059540020020-3216;059540020020;100mN31483E41400;MC;OS;4;87;M;M;75XX;NEP
059540020020-3217;059540020020;100mN31473E41431;S;OS;1;40;S;F;4049;NEP
059540020020-3218;059540020020;100mN31466E41427;MC;NA;3;38;M;F;3039;EMP
059540020020-3218;059540020020;100mN31466E41427;MC;NA;3;32;M;M;3039;EMP
059540020020-3218;059540020020;100mN31466E41427;MC;NA;3;10;S;M;0614;NEP
059540020020-3219;059540020020;100mN31466E41427;MC;NA;4;27;M;M;2529;EMP
059540020020-3219;059540020020;100mN31466E41427;MC;NA;4;27;M;F;2529;NEP
059540020020-3219;059540020020;100mN31466E41427;MC;NA;4;11;S;F;0614;NEP
059540020020-3219;059540020020;100mN31466E41427;MC;NA;4;6;S;M;0614;NEP
059540020020-3220;059540020020;100mN31483E41413;S;OS;1;89;M;F;75XX;NEP
059540020020-3221;059540020020;100mN31483E41417;PO;NA;3;46;S;M;4049;EMP
059540020020-3221;059540020020;100mN31483E41417;PO;NA;3;43;S;F;4049;EMP
059540020020-3221;059540020020;100mN31483E41417;PO;NA;3;16;S;M;1517;UEP
059540020020-3222;059540020020;100mN31479E41407;S;NA;1;56;D;F;5064;EMP
059540020020-3223;059540020020;100mN31483E41417;PO;NA;2;63;S;M;5064;NEP
059540020020-3223;059540020020;100mN31483E41417;PO;NA;2;60;S;M;5064;EMP
059540020020-3224;059540020020;100mN31465E41425;MC;OS;6;65;M;F;6574;EMP
059540020020-3224;059540020020;100mN31465E41425;MC;OS;6;68;M;M;6574;EMP
059540020020-3224;059540020020;100mN31465E41425;MC;OS;6;70;S;M;6574;EMP
059540020020-3224;059540020020;100mN31465E41425;MC;OS;6;65;M;F;6574;NEP
059540020020-3224;059540020020;100mN31465E41425;MC;OS;6;78;M;F;75XX;NEP
059540020020-3224;059540020020;100mN31465E41425;MC;OS;6;68;M;F;6574;NEP
059540020020-3225;059540020020;100mN31465E41425;SF;MIX;4;67;M;M;6574;EMP
059540020020-3225;059540020020;100mN31465E41425;SF;MIX;4;33;D;F;3039;EMP
059540020020-3225;059540020020;100mN31465E41425;SF;MIX;4;18;S;F;1824;NEP
059540020020-3225;059540020020;100mN31465E41425;SF;MIX;4;18;S;M;1824;EMP
059540020020-3226;059540020020;100mN31491E41418;S;OS;1;67;W;F;6574;EMP
059540020020-3227;059540020020;100mN31465E41425;MC;MIX;2;70;M;F;6574;EMP
059540020020-3227;059540020020;100mN31465E41425;MC;MIX;2;48;M;F;4049;NEP
059540020020-3228;059540020020;100mN31465E41425;MC;NA;2;33;M;M;3039;NEP
059540020020-3228;059540020020;100mN31465E41425;MC;NA;2;28;M;F;2529;NEP
059540020020-3229;059540020020;100mN31481E41414;MC;NA;3;28;M;M;2529;NEP
059540020020-3229;059540020020;100mN31481E41414;MC;NA;3;21;M;F;1824;NEP
059540020020-3229;059540020020;100mN31481E41414;MC;NA;3;12;S;F;0614;NEP
059540020020-3230;059540020020;100mN31465E41425;S;OS;1;57;M;M;5064;EMP
059540020020-3231;059540020020;100mN31473E41422;PO;OS;6;65;S;F;6574;NEP
059540020020-3231;059540020020;100mN31473E41422;PO;OS;6;71;S;F;6574;EMP
059540020020-3231;059540020020;100mN31473E41422;PO;OS;6;71;S;F;6574;NEP
059540020020-3231;059540020020;100mN31473E41422;PO;OS;6;70;M;M;6574;EMP
059540020020-3231;059540020020;100mN31473E41422;PO;OS;6;66;W;F;6574;NEP
059540020020-3231;059540020020;100mN31473E41422;PO;OS;6;67;W;M;6574;EMP
059540020020-3232;059540020020;100mN31469E41432;S;OS;1;35;M;M;3039;EMP
059540020020-3233;059540020020;100mN31464E41417;S;NA;1;43;S;F;4049;NEP
059540020020-3234;059540020020;100mN31465E41425;MC;OS;3;70;M;M;6574;EMP
059540020020-3234;059540020020;100mN31465E41425;MC;OS;3;77;M;F;75XX;NEP
059540020020-3234;059540020020;100mN31465E41425;MC;OS;3;84;M;F;75XX;EMP
059540020020-3235;059540020020;100mN31465E41425;MC;NA;2;53;M;F;5064;NEP
059540020020-3235;059540020020;100mN31465E41425;MC;NA;2;52;M;M;5064;UEP
059540020020-3236;059540020020;100mN31465E41425;MC;NA;3;50;M;F;5064;EMP
059540020020-3236;059540020020;100mN31465E41425;MC;NA;3;47;M;M;4049;EMP
059540020020-3236;059540020020;100mN31465E41425;MC;NA;3;1;S;M;0003;NEP
059540020020-3237;059540020020;100mN31471E41420;MC;OS;4;67;M;F;6574;EMP
059540020020-3237;059540020020;100mN31471E41420;MC;OS;4;69;M;M;6574;NEP
059540020020-3237;059540020020;100mN31471E41420;MC;OS;4;70;D;F;6574;EMP
059540020020-3237;059540020020;100mN31471E41420;MC;OS;4;87;W;F;75XX;NEP
059540020020-3238;059540020020;100mN31481E41404;S;OS;1;58;S;M;5064;NEP
059540020020-3239;059540020020;100mN31490E41439;S;NA;1;63;M;M;5064;EMP
059540020020-3240;059540020020;100mN31465E41425;MC;NA;2;45;M;F;4049;EMP
059540020020-3240;059540020020;100mN31465E41425;MC;NA;2;47;M;M;4049;EMP
059540020020-3241;059540020020;100mN31490E41419;MC;NA;4;55;M;M;5064;NEP
059540020020-3241;059540020020;100mN31490E41419;MC;NA;4;47;M;F;4049;NEP
059540020020-3241;059540020020;100mN31490E41419;MC;NA;4;13;S;M;0614;NEP
059540020020-3241;059540020020;100mN31490E41419;MC;NA;4;20;S;F;1824;EMP
059540020020-3242;059540020020;100mN31499E41431;MC;NA;2;47;M;F;4049;EMP
059540020020-3242;059540020020;100mN31499E41431;MC;NA;2;56;M;M;5064;NEP
059540020020-3243;059540020020;100mN31465E41425;S;OS;1;44;M;M;4049;EMP
059540020020-3244;059540020020;100mN31467E41424;MC;MIX;2;66;M;F;6574;NEP
059540020020-3244;059540020020;100mN31467E41424;MC;MIX;2;62;M;M;5064;EMP
059540020020-3245;059540020020;100mN31465E41425;MC;NA;4;43;M;M;4049;NEP
059540020020-3245;059540020020;100mN31465E41425;MC;NA;4;38;M;F;3039;NEP
059540020020-3245;059540020020;100mN31465E41425;MC;NA;4;6;S;M;0614;NEP
059540020020-3245;059540020020;100mN31465E41425;MC;NA;4;18;M;M;1824;NEP
059540020020-3246;059540020020;100mN31465E41425;S;NA;1;40;M;M;4049;EMP
059540020020-3247;059540020020;100mN31485E41413;SF;NA;5;52;S;F;5064;EMP
059540020020-3247;059540020020;100mN31485E41413;SF;NA;5;13;S;F;0614;NEP
059540020020-3247;059540020020;100mN31485E41413;SF;NA;5;4;S;F;0305;NEP
059540020020-3247;059540020020;100mN31485E41413;SF;NA;5;26;S;M;2529;EMP
059540020020-3247;059540020020;100mN31485E41413;SF;NA;5;10;S;M;0614;NEP
059540020020-3248;059540020020;100mN31465E41425;MC;OS;2;84;M;F;75XX;NEP
059540020020-3248;059540020020;100mN31465E41425;MC;OS;2;85;M;M;75XX;NEP
059540020020-3249;059540020020;100mN31465E41425;SF;MIX;2;77;S;F;75XX;EMP
059540020020-3249;059540020020;100mN31465E41425;SF;MIX;2;54;M;F;5064;NEP
059540020020-3250;059540020020;100mN31497E41434;S;NA;1;36;D;M;3039;NEP
059540020020-3251;059540020020;100mN31468E41430;S;OS;1;22;W;F;1824;EMP
059540020020-3252;059540020020;100mN31480E41408;SF;NA;2;47;D;F;4049;NEP
059540020020-3252;059540020020;100mN31480E41408;SF;NA;2;31;W;F;3039;EMP
059540020020-3253;059540020020;100mN31489E41419;MC;NA;2;27;M;F;2529;EMP
059540020020-3253;059540020020;100mN31489E41419;MC;NA;2;52;M;M;5064;EMP
059540020020-3254;059540020020;100mN31465E41425;PO;OS;2;68;S;F;6574;EMP
059540020020-3254;059540020020;100mN31465E41425;PO;OS;2;69;S;M;6574;UEP
059540020020-3255;059540020020;100mN31490E41422;S;NA;1;32;D;M;3039;EMP
059540020020-3256;059540020020;100mN31489E41421;MC;NA;5;56;M;F;5064;EMP
059540020020-3256;059540020020;100mN31489E41421;MC;NA;5;58;M;M;5064;NEP
059540020020-3256;059540020020;100mN31489E41421;MC;NA;5;15;S;F;1517;NEP
059540020020-3256;059540020020;100mN31489E41421;MC;NA;5;16;S;F;1517;EMP
059540020020-3256;059540020020;100mN31489E41421;MC;NA;5;13;S;M;0614;NEP
059540020020-3257;059540020020;100mN31465E41425;S;OS;1;66;M;M;6574;EMP
059540020020-3258;059540020020;100mN31465E41425;PO;OS;3;65;S;F;6574;NEP
059540020020-3258;059540020020;100mN31465E41425;PO;OS;3;65;S;F;6574;EMP
059540020020-3258;059540020020;100mN31465E41425;PO;OS;3;78;M;M;75XX;EMP
059540020020-3259;059540020020;100mN31460E41428;S;NA;1;44;M;F;4049;EMP
059540020020-3260;059540020020;100mN31468E41421;MC;NA;3;55;M;F;5064;EMP
059540020020-3260;059540020020;100mN31468E41421;MC;NA;3;46;M;M;4049;EMP
059540020020-3260;059540020020;100mN31468E41421;MC;NA;3;34;M;F;3039;NEP
059540020020-3261;059540020020;100mN31465E41425;MC;NA;2;51;M;M;5064;EMP
059540020020-3261;059540020020;100mN31465E41425;MC;NA;2;51;M;F;5064;EMP
059540020020-3262;059540020020;100mN31467E41428;S;OS;1;67;W;F;6574;EMP
059540020020-3263;059540020020;100mN31465E41425;SF;MIX;3;68;D;F;6574;NEP
059540020020-3263;059540020020;100mN31465E41425;SF;MIX;3;50;D;F;5064;NEP
059540020020-3263;059540020020;100mN31465E41425;SF;MIX;3;2;S;M;0003;NEP
059540020020-3264;059540020020;100mN31465E41425;MC;OS;2;65;M;F;6574;NEP
059540020020-3264;059540020020;100mN31465E41425;MC;OS;2;68;M;M;6574;EMP
059540020020-3265;059540020020;100mN31472E41432;S;OS;1;59;M;F;5064;EMP
059540020020-3266;059540020020;100mN31488E41421;S;OS;1;53;S;F;5064;EMP
059540020020-3267;059540020020;100mN31481E41414;S;NA;1;62;D;F;5064;NEP
059540020020-3268;059540020020;100mN31465E41425;MC;NA;2;27;M;F;2529;EMP
059540020020-3268;059540020020;100mN31465E41425;MC;NA;2;54;M;M;5064;EMP
059540020020-3269;059540020020;100mN31465E41425;SF;NA;2;88;D;F;75XX;NEP
059540020020-3269;059540020020;100mN31465E41425;SF;NA;2;15;S;F;1517;EMP
059540020020-3270;059540020020;100mN31489E41445;S;OS;1;45;M;M;4049;EMP
059540020020-3271;059540020020;100mN31465E41425;MC;OS;2;75;M;F;75XX;EMP
059540020020-3271;059540020020;100mN31465E41425;MC;OS;2;73;M;M;6574;EMP
059540020020-3272;059540020020;100mN31481E41414;S;NA;1;46;M;M;4049;UEP
059540020020-3273;059540020020;100mN31460E41425;MC;NA;2;63;M;M;5064;EMP
059540020020-3273;059540020020;100mN31460E41425;MC;NA;2;62;M;F;5064;EMP
059540020020-3274;059540020020;100mN31473E41418;SF;NA;2;55;W;F;5064;EMP
059540020020-3274;059540020020;100mN31473E41418;SF;NA;2;2;S;F;0003;NEP
059540020020-3275;059540020020;100mN31465E41423;MC;NA;2;44;M;M;4049;NEP
059540020020-3275;059540020020;100mN31465E41423;MC;NA;2;41;M;F;4049;NEP
059540020020-3276;059540020020;100mN31495E41441;MC;NA;4;62;M;F;5064;EMP
059540020020-3276;059540020020;100mN31495E41441;MC;NA;4;63;M;M;5064;NEP
059540020020-3276;059540020020;100mN31495E41441;MC;NA;4;41;S;M;4049;EMP
059540020020-3276;059540020020;100mN31495E41441;MC;NA;4;37;W;F;3039;NEP
059540020020-3277;059540020020;100mN31475E41422;S;NA;1;52;M;M;5064;EMP
059540020020-3278;059540020020;100mN31481E41414;S;OS;1;57;M;F;5064;NEP
059540020020-3279;059540020020;100mN31472E41423;MC;OS;2;70;M;M;6574;NEP
059540020020-3279;059540020020;100mN31472E41423;MC;OS;2;67;M;F;6574;EMP
059540020020-3280;059540020020;100mN31470E41422;S;NA;1;62;W;F;5064;NEP
059540020020-3281;059540020020;100mN31470E41422;MC;NA;2;27;M;M;2529;EMP
059540020020-3281;059540020020;100mN31470E41422;MC;NA;2;21;M;F;1824;NEP
059540020020-3282;059540020020;100mN31470E41422;S;NA;1;21;S;F;1824;EMP
059540020020-3283;059540020020;100mN31464E41420;MC;NA;2;50;M;M;5064;UEP
059540020020-3283;059540020020;100mN31464E41420;MC;NA;2;50;M;F;5064;NEP
059540020020-3284;059540020020;100mN31474E41423;MC;NA;3;42;M;M;4049;UEP
059540020020-3284;059540020020;100mN31474E41423;MC;NA;3;47;M;F;4049;NEP
059540020020-3284;059540020020;100mN31474E41423;MC;NA;3;1;S;M;0003;NEP
059540020020-3285;059540020020;100mN31470E41422;SM;NA;2;30;S;M;3039;EMP
059540020020-3285;059540020020;100mN31470E41422;SM;NA;2;12;S;F;0614;NEP
059540020020-3286;059540020020;100mN31470E41422;S;OS;1;63;M;M;5064;NEP
059540020020-3287;059540020020;100mN31484E41413;S;NA;1;62;S;F;5064;EMP
059540020020-3288;059540020020;100mN31488E41408;S;NA;1;37;M;M;3039;NEP
059540020020-3289;059540020020;100mN31470E41422;MC;NA;3;59;M;F;5064;NEP
059540020020-3289;059540020020;100mN31470E41422;MC;NA;3;59;M;M;5064;EMP
059540020020-3289;059540020020;100mN31470E41422;MC;NA;3;13;S;M;0614;NEP
059540020020-3290;059540020020;100mN31498E41423;MC;MIX;2;65;M;F;6574;EMP
059540020020-3290;059540020020;100mN31498E41423;MC;MIX;2;45;D;F;4049;EMP
059540020020-3291;059540020020;100mN31470E41422;MC;NA;2;47;M;M;4049;EMP
059540020020-3291;059540020020;100mN31470E41422;MC;NA;2;54;M;F;5064;NEP
059540020020-3292;059540020020;100mN31475E41397;PO;OS;2;67;S;M;6574;EMP
059540020020-3292;059540020020;100mN31475E41397;PO;OS;2;69;S;M;6574;EMP
059540020020-3293;059540020020;100mN31491E41414;S;NA;1;57;S;F;5064;EMP
059540020020-3294;059540020020;100mN31470E41422;MC;NA;2;48;M;F;4049;NEP
059540020020-3294;059540020020;100mN31470E41422;MC;NA;2;53;M;M;5064;EMP
059540020020-3295;059540020020;100mN31470E41422;SF;NA;2;58;W;F;5064;NEP
059540020020-3295;059540020020;100mN31470E41422;SF;NA;2;8;S;F;0614;NEP
059540020020-3296;059540020020;100mN31482E41413;S;NA;1;53;D;M;5064;EMP
059540020020-3297;059540020020;100mN31460E41428;MC;OS;2;76;M;F;75XX;NEP
059540020020-3297;059540020020;100mN31460E41428;MC;OS;2;67;M;M;6574;NEP
059540020020-3298;059540020020;100mN31462E41419;MC;OS;4;73;M;F;6574;EMP
059540020020-3298;059540020020;100mN31462E41419;MC;OS;4;80;M;M;75XX;NEP
059540020020-3298;059540020020;100mN31462E41419;MC;OS;4;81;M;M;75XX;NEP
059540020020-3298;059540020020;100mN31462E41419;MC;OS;4;79;M;F;75XX;EMP
059540020020-3299;059540020020;100mN31462E41419;S;NA;1;22;D;M;1824;EMP
059540020020-3300;059540020020;100mN31472E41422;SM;NA;2;58;W;M;5064;NEP
059540020020-3300;059540020020;100mN31472E41422;SM;NA;2;22;S;M;1824;EMP
059540020020-3301;059540020020;100mN31462E41419;NA;NA;6;61;M;M;5064;NEP
059540020020-3301;059540020020;100mN31462E41419;NA;NA;6;48;W;F;4049;EMP
059540020020-3301;059540020020;100mN31462E41419;NA;NA;6;47;S;M;4049;NEP
059540020020-3301;059540020020;100mN31462E41419;NA;NA;6;27;S;M;2529;EMP
059540020020-3301;059540020020;100mN31462E41419;NA;NA;6;77;D;F;75XX;EMP
059540020020-3301;059540020020;100mN31462E41419;NA;NA;6;18;M;M;1824;EMP
059540020020-3302;059540020020;100mN31462E41419;NA;NA;2;31;M;F;3039;EMP
059540020020-3302;059540020020;100mN31462E41419;NA;NA;2;55;M;F;5064;EMP
059540020020-3303;059540020020;100mN31462E41419;S;NA;1;48;S;F;4049;EMP
059540020020-3304;059540020020;100mN31484E41417;SF;NA;3;52;D;F;5064;EMP
059540020020-3304;059540020020;100mN31484E41417;SF;NA;3;15;S;F;1517;EMP
059540020020-3304;059540020020;100mN31484E41417;SF;NA;3;3;S;M;0305;NEP
059540020020-3305;059540020020;100mN31478E41405;MC;NA;2;40;M;M;4049;EMP
059540020020-3305;059540020020;100mN31478E41405;MC;NA;2;48;M;F;4049;NEP
059540020020-3306;059540020020;100mN31475E41421;SF;NA;2;88;W;F;75XX;EMP
059540020020-3306;059540020020;100mN31475E41421;SF;NA;2;2;S;F;0003;NEP
059540020020-3307;059540020020;100mN31462E41419;MC;NA;2;31;M;M;3039;EMP
059540020020-3307;059540020020;100mN31462E41419;MC;NA;2;26;M;F;2529;EMP
059540020020-3308;059540020020;100mN31462E41419;PO;NA;2;22;S;M;1824;EMP
059540020020-3308;059540020020;100mN31462E41419;PO;NA;2;18;S;F;1824;EMP
059540020020-3309;059540020020;100mN31462E41419;MC;OS;5;83;M;M;75XX;NEP
059540020020-3309;059540020020;100mN31462E41419;MC;OS;5;81;M;F;75XX;NEP
059540020020-3309;059540020020;100mN31462E41419;MC;OS;5;72;W;F;6574;NEP
059540020020-3309;059540020020;100mN31462E41419;MC;OS;5;66;D;M;6574;NEP
059540020020-3309;059540020020;100mN31462E41419;MC;OS;5;72;M;F;6574;EMP
059540020020-3310;059540020020;100mN31471E41430;SF;NA;2;79;D;F;75XX;NEP
059540020020-3310;059540020020;100mN31471E41430;SF;NA;2;13;S;M;0614;NEP
059540020020-3311;059540020020;100mN31462E41419;MC;NA;2;41;M;M;4049;EMP
059540020020-3311;059540020020;100mN31462E41419;MC;NA;2;46;M;F;4049;EMP
059540020020-3312;059540020020;100mN31472E41424;PO;NA;3;54;S;M;5064;EMP
059540020020-3312;059540020020;100mN31472E41424;PO;NA;3;47;S;M;4049;EMP
059540020020-3312;059540020020;100mN31472E41424;PO;NA;3;6;S;F;0614;NEP
059540020020-3313;059540020020;100mN31495E41424;MC;NA;2;51;M;M;5064;EMP
059540020020-3313;059540020020;100mN31495E41424;MC;NA;2;51;M;F;5064;NEP
059540020020-3314;059540020020;100mN31476E41422;MC;NA;2;44;M;F;4049;EMP
059540020020-3314;059540020020;100mN31476E41422;MC;NA;2;46;M;M;4049;EMP
059540020020-3315;059540020020;100mN31466E41418;MC;OS;3;65;M;F;6574;EMP
059540020020-3315;059540020020;100mN31466E41418;MC;OS;3;88;M;M;75XX;EMP
059540020020-3315;059540020020;100mN31466E41418;MC;OS;3;85;M;F;75XX;NEP
059540020020-3316;059540020020;100mN31463E41422;MC;MIX;2;67;M;F;6574;EMP
059540020020-3316;059540020020;100mN31463E41422;MC;MIX;2;25;D;F;2529;NEP
059540020020-3317;059540020020;100mN31476E41422;S;NA;1;59;W;F;5064;EMP
059540020020-3318;059540020020;100mN31478E41407;S;NA;1;51;D;F;5064;EMP
059540020020-3319;059540020020;100mN31476E41422;S;NA;1;66;M;M;6574;EMP
059540020020-3320;059540020020;100mN31476E41422;MC;NA;3;33;M;M;3039;EMP
059540020020-3320;059540020020;100mN31476E41422;MC;NA;3;26;M;F;2529;NEP
059540020020-3320;059540020020;100mN31476E41422;MC;NA;3;18;W;F;1824;EMP
059540020020-3321;059540020020;100mN31476E41422;SF;NA;2;42;W;F;4049;NEP
059540020020-3321;059540020020;100mN31476E41422;SF;NA;2;8;S;F;0614;NEP
059540020020-3322;059540020020;100mN31472E41421;S;OS;1;51;D;F;5064;NEP
059540020020-3323;059540020020;100mN31478E41404;NA;NA;5;83;D;M;75XX;EMP
059540020020-3323;059540020020;100mN31478E41404;NA;NA;5;26;S;F;2529;EMP
059540020020-3323;059540020020;100mN31478E41404;NA;NA;5;45;M;F;4049;NEP
059540020020-3323;059540020020;100mN31478E41404;NA;NA;5;47;D;F;4049;EMP
059540020020-3323;059540020020;100mN31478E41404;NA;NA;5;72;M;M;6574;EMP
059540020020-3324;059540020020;100mN31464E41421;MC;NA;4;47;M;M;4049;EMP
059540020020-3324;059540020020;100mN31464E41421;MC;NA;4;46;M;F;4049;EMP
059540020020-3324;059540020020;100mN31464E41421;MC;NA;4;28;M;F;2529;EMP
059540020020-3324;059540020020;100mN31464E41421;MC;NA;4;15;S;F;1517;EMP
059540020020-3325;059540020020;100mN31476E41422;S;NA;1;89;M;F;75XX;NEP
059540020020-3326;059540020020;100mN31495E41424;S;OS;1;27;W;F;2529;NEP
059540020020-3327;059540020020;100mN31491E41419;S;OS;1;26;S;M;2529;EMP
059540020020-3328;059540020020;100mN31483E41401;MC;NA;2;30;M;M;3039;NEP
059540020020-3328;059540020020;100mN31483E41401;MC;NA;2;26;M;F;2529;NEP
059540020020-3329;059540020020;100mN31476E41422;SF;NA;4;40;S;F;4049;EMP
059540020020-3329;059540020020;100mN31476E41422;SF;NA;4;6;S;M;0614;NEP
059540020020-3329;059540020020;100mN31476E41422;SF;NA;4;15;S;F;1517;EMP
059540020020-3329;059540020020;100mN31476E41422;SF;NA;4;20;S;F;1824;EMP
059540020020-3330;059540020020;100mN31476E41422;S;OS;1;60;M;F;5064;EMP
059540020020-3331;059540020020;100mN31483E41409;MC;OS;4;68;M;F;6574;EMP
059540020020-3331;059540020020;100mN31483E41409;MC;OS;4;69;M;M;6574;NEP
059540020020-3331;059540020020;100mN31483E41409;MC;OS;4;72;S;M;6574;EMP
059540020020-3331;059540020020;100mN31483E41409;MC;OS;4;79;D;F;75XX;NEP
059540020020-3332;059540020020;100mN31494E41420;MC;OS;4;73;M;M;6574;EMP
059540020020-3332;059540020020;100mN31494E41420;MC;OS;4;68;M;F;6574;NEP
059540020020-3332;059540020020;100mN31494E41420;MC;OS;4;70;S;M;6574;EMP
059540020020-3332;059540020020;100mN31494E41420;MC;OS;4;78;W;F;75XX;NEP
059540020020-3333;059540020020;100mN31483E41409;MC;NA;4;62;M;M;5064;EMP
059540020020-3333;059540020020;100mN31483E41409;MC;NA;4;61;M;F;5064;NEP
059540020020-3333;059540020020;100mN31483E41409;MC;NA;4;3;S;M;0305;NEP
059540020020-3333;059540020020;100mN31483E41409;MC;NA;4;12;S;F;0614;NEP
059540020020-3334;059540020020;100mN31483E41409;S;NA;1;41;S;M;4049;EMP
059540020020-3335;059540020020;100mN31492E41410;SM;NA;3;57;S;M;5064;NEP
059540020020-3335;059540020020;100mN31492E41410;SM;NA;3;8;S;M;0614;NEP
059540020020-3335;059540020020;100mN31492E41410;SM;NA;3;40;M;F;4049;EMP
059540020020-3336;059540020020;100mN31498E41443;S;NA;1;57;S;M;5064;EMP
059540020020-3337;059540020020;100mN31483E41409;PO;NA;5;23;S;M;1824;NEP
059540020020-3337;059540020020;100mN31483E41409;PO;NA;5;25;S;F;2529;NEP
059540020020-3337;059540020020;100mN31483E41409;PO;NA;5;2;S;M;0003;NEP
059540020020-3337;059540020020;100mN31483E41409;PO;NA;5;7;S;F;0614;NEP
059540020020-3337;059540020020;100mN31483E41409;PO;NA;5;1;S;F;0003;NEP
059540020020-3338;059540020020;100mN31483E41409;MC;NA;2;21;M;M;1824;EMP
059540020020-3338;059540020020;100mN31483E41409;MC;NA;2;18;M;F;1824;EMP
059540020020-3339;059540020020;100mN31483E41409;PO;NA;3;48;S;M;4049;EMP
059540020020-3339;059540020020;100mN31483E41409;PO;NA;3;45;S;F;4049;EMP
059540020020-3339;059540020020;100mN31483E41409;PO;NA;3;10;S;F;0614;NEP
059540020020-3340;059540020020;100mN31483E41409;SF;NA;2;61;W;F;5064;NEP
059540020020-3340;059540020020;100mN31483E41409;SF;NA;2;20;M;F;1824;EMP
059540020020-3341;059540020020;100mN31483E41409;SF;NA;6;45;S;F;4049;EMP
059540020020-3341;059540020020;100mN31483E41409;SF;NA;6;12;S;F;0614;NEP
059540020020-3341;059540020020;100mN31483E41409;SF;NA;6;9;S;F;0614;NEP
059540020020-3341;059540020020;100mN31483E41409;SF;NA;6;25;M;M;2529;NEP
059540020020-3341;059540020020;100mN31483E41409;SF;NA;6;25;D;M;2529;NEP
059540020020-3341;059540020020;100mN31483E41409;SF;NA;6;0;S;F;0003;NEP
059540020020-3342;059540020020;100mN31498E41437;MC;MIX;2;71;M;M;6574;NEP
059540020020-3342;059540020020;100mN31498E41437;MC;MIX;2;84;M;M;75XX;UEP
059540020020-3343;059540020020;100mN31483E41409;MC;NA;2;62;M;F;5064;EMP
059540020020-3343;059540020020;100mN31483E41409;MC;NA;2;62;M;M;5064;EMP
059540020020-3344;059540020020;100mN31483E41409;S;OS;1;22;M;M;1824;EMP
059540020020-3345;059540020020;100mN31462E41428;S;NA;1;23;S;M;1824;NEP
059540020020-3346;059540020020;100mN31483E41409;MC;NA;2;45;M;M;4049;NEP
059540020020-3346;059540020020;100mN31483E41409;MC;NA;2;41;M;F;4049;NEP
059540020020-3347;059540020020;100mN31471E41425;MC;OS;2;66;M;M;6574;EMP
059540020020-3347;059540020020;100mN31471E41425;MC;OS;2;65;M;F;6574;NEP
059540020020-3348;059540020020;100mN31479E41405;MC;MIX;2;70;M;F;6574;NEP
059540020020-3348;059540020020;100mN31479E41405;MC;MIX;2;67;W;F;6574;NEP
059540020020-3349;059540020020;100mN31483E41409;S;NA;1;80;M;F;75XX;NEP
059540020020-3350;059540020020;100mN31483E41409;MC;NA;2;28;M;F;2529;EMP
059540020020-3350;059540020020;100mN31483E41409;MC;NA;2;28;M;M;2529;EMP
059540020020-3351;059540020020;100mN31483E41409;MC;NA;2;61;M;F;5064;EMP
059540020020-3351;059540020020;100mN31483E41409;MC;NA;2;62;M;M;5064;EMP
059540020020-3352;059540020020;100mN31483E41409;S;NA;1;30;M;M;3039;NEP
059540020020-3353;059540020020;100mN31483E41409;S;NA;1;58;M;F;5064;EMP
059540020020-3354;059540020020;100mN31483E41409;S;NA;1;33;S;M;3039;EMP
059540020020-3355;059540020020;100mN31483E41409;S;NA;1;80;M;F;75XX;EMP
059540020020-3356;059540020020;100mN31471E41420;MC;MIX;3;67;W;F;6574;EMP
059540020020-3356;059540020020;100mN31471E41420;MC;MIX;3;41;M;M;4049;EMP
059540020020-3356;059540020020;100mN31471E41420;MC;MIX;3;33;M;F;3039;EMP
059540020020-3357;059540020020;100mN31483E41409;S;NA;1;27;S;M;2529;EMP
059540020020-3358;059540020020;100mN31490E41438;SF;NA;2;31;W;F;3039;EMP
059540020020-3358;059540020020;100mN31490E41438;SF;NA;2;7;S;M;0614;NEP
059540020020-3359;059540020020;100mN31500E41432;S;NA;1;56;M;M;5064;EMP
059540020020-3360;059540020020;100mN31477E41401;MC;NA;4;59;M;M;5064;NEP
059540020020-3360;059540020020;100mN31477E41401;MC;NA;4;20;M;F;1824;EMP
059540020020-3360;059540020020;100mN31477E41401;MC;NA;4;7;S;F;0614;NEP
059540020020-3360;059540020020;100mN31477E41401;MC;NA;4;7;S;M;0614;NEP
059540020020-3361;059540020020;100mN31472E41432;MC;NA;2;55;M;M;5064;EMP
059540020020-3361;059540020020;100mN31472E41432;MC;NA;2;50;M;F;5064;EMP
059540020020-3362;059540020020;100mN31483E41409;S;NA;1;56;M;F;5064;EMP
059540020020-3363;059540020020;100mN31483E41409;S;NA;1;72;W;F;6574;EMP
059540020020-3364;059540020020;100mN31483E41409;MC;NA;2;42;M;F;4049;NEP
059540020020-3364;059540020020;100mN31483E41409;MC;NA;2;42;M;M;4049;NEP
059540020020-3365;059540020020;100mN31482E41413;S;NA;1;38;S;F;3039;NEP
059540020020-3366;059540020020;100mN31483E41409;S;NA;1;61;M;F;5064;EMP
059540020020-3367;059540020020;100mN31483E41409;S;NA;1;79;S;M;75XX;EMP
059540020020-3368;059540020020;100mN31479E41400;S;NA;1;46;M;M;4049;NEP
059540020020-3369;059540020020;100mN31483E41409;PO;NA;2;36;S;F;3039;EMP
059540020020-3369;059540020020;100mN31483E41409;PO;NA;2;44;S;M;4049;EMP
059540020020-3370;059540020020;100mN31483E41409;MC;NA;3;50;M;M;5064;EMP
059540020020-3370;059540020020;100mN31483E41409;MC;NA;3;42;M;F;4049;NEP
059540020020-3370;059540020020;100mN31483E41409;MC;NA;3;12;S;M;0614;NEP
059540020020-3371;059540020020;100mN31478E41401;PO;NA;2;42;S;M;4049;NEP
059540020020-3371;059540020020;100mN31478E41401;PO;NA;2;40;S;M;4049;EMP
059540020020-3372;059540020020;100mN31481E41408;MC;OS;2;70;M;F;6574;NEP
059540020020-3372;059540020020;100mN31481E41408;MC;OS;2;76;M;M;75XX;NEP
059540020020-3373;059540020020;100mN31471E41424;PO;NA;2;41;S;M;4049;NEP
059540020020-3373;059540020020;100mN31471E41424;PO;NA;2;37;S;M;3039;NEP
059540020020-3374;059540020020;100mN31483E41409;S;NA;1;57;S;M;5064;EMP
059540020020-3375;059540020020;100mN31483E41409;S;NA;1;63;M;M;5064;EMP
059540020020-3376;059540020020;100mN31486E41413;NA;OS;3;86;W;F;75XX;NEP
059540020020-3376;059540020020;100mN31486E41413;NA;OS;3;31;M;M;3039;NEP
059540020020-3376;059540020020;100mN31486E41413;NA;OS;3;69;M;M;6574;EMP
059540020020-3377;059540020020;100mN31483E41409;S;NA;1;50;M;F;5064;NEP
059540020020-3378;059540020020;100mN31474E41431;PO;NA;2;18;S;M;1824;EMP
059540020020-3378;059540020020;100mN31474E41431;PO;NA;2;18;S;M;1824;EMP
059540020020-3379;059540020020;100mN31483E41409;MC;NA;4;61;M;F;5064;EMP
059540020020-3379;059540020020;100mN31483E41409;MC;NA;4;57;M;F;5064;EMP
059540020020-3379;059540020020;100mN31483E41409;MC;NA;4;7;S;M;0614;NEP
059540020020-3379;059540020020;100mN31483E41409;MC;NA;4;42;M;M;4049;NEP
059540020020-3380;059540020020;100mN31483E41409;MC;OS;2;86;M;M;75XX;EMP
059540020020-3380;059540020020;100mN31483E41409;MC;OS;2;78;M;F;75XX;EMP
059540020020-3381;059540020020;100mN31483E41409;S;OS;1;59;S;M;5064;NEP
059540020020-3382;059540020020;100mN31479E41410;MC;OS;3;88;M;M;75XX;EMP
059540020020-3382;059540020020;100mN31479E41410;MC;OS;3;88;M;F;75XX;NEP
059540020020-3382;059540020020;100mN31479E41410;MC;OS;3;77;W;F;75XX;EMP
059540020020-3383;059540020020;100mN31493E41412;S;NA;1;48;S;M;4049;NEP
059540020020-3384;059540020020;100mN31483E41409;MC;MIX;2;75;M;F;75XX;EMP
059540020020-3384;059540020020;100mN31483E41409;MC;MIX;2;68;M;M;6574;EMP
059540020020-3385;059540020020;100mN31471E41421;S;NA;1;53;D;M;5064;EMP
059540020020-3386;059540020020;100mN31484E41413;SF;NA;4;76;W;F;75XX;NEP
059540020020-3386;059540020020;100mN31484E41413;SF;NA;4;50;S;M;5064;EMP
059540020020-3386;059540020020;100mN31484E41413;SF;NA;4;43;D;M;4049;NEP
059540020020-3386;059540020020;100mN31484E41413;SF;NA;4;46;M;M;4049;EMP
059540020020-3387;059540020020;100mN31483E41409;S;OS;1;16;S;F;1517;EMP
059540020020-3388;059540020020;100mN31467E41422;MC;NA;2;38;M;F;3039;NEP
059540020020-3388;059540020020;100mN31467E41422;MC;NA;2;40;M;M;4049;NEP
059540020020-3389;059540020020;100mN31483E41409;MC;NA;4;52;M;M;5064;EMP
059540020020-3389;059540020020;100mN31483E41409;MC;NA;4;58;M;F;5064;EMP
059540020020-3389;059540020020;100mN31483E41409;MC;NA;4;13;S;M;0614;NEP
059540020020-3389;059540020020;100mN31483E41409;MC;NA;4;6;S;F;0614;NEP
059540020020-3390;059540020020;100mN31483E41409;S;OS;1;41;M;M;4049;EMP
059540020020-3391;059540020020;100mN31483E41409;S;NA;1;52;S;F;5064;EMP
059540020020-3392;059540020020;100mN31480E41412;NA;MIX;3;22;M;M;1824;EMP
059540020020-3392;059540020020;100mN31480E41412;NA;MIX;3;41;S;M;4049;EMP
059540020020-3392;059540020020;100mN31480E41412;NA;MIX;3;50;S;M;5064;EMP
059540020020-3393;059540020020;100mN31483E41409;S;NA;1;36;M;M;3039;EMP
059540020020-3394;059540020020;100mN31470E41421;PO;OS;2;82;S;F;75XX;EMP
059540020020-3394;059540020020;100mN31470E41421;PO;OS;2;82;S;F;75XX;NEP
059540020020-3395;059540020020;100mN31483E41409;MC;OS;5;70;M;M;6574;EMP
059540020020-3395;059540020020;100mN31483E41409;MC;OS;5;69;M;F;6574;NEP
059540020020-3395;059540020020;100mN31483E41409;MC;OS;5;72;D;F;6574;EMP
059540020020-3395;059540020020;100mN31483E41409;MC;OS;5;89;S;M;75XX;EMP
059540020020-3395;059540020020;100mN31483E41409;MC;OS;5;71;M;F;6574;EMP
059540020020-3396;059540020020;100mN31464E41420;S;NA;1;56;S;F;5064;NEP
059540020020-3397;059540020020;100mN31472E41432;PO;NA;2;58;S;M;5064;EMP
059540020020-3397;059540020020;100mN31472E41432;PO;NA;2;54;S;M;5064;NEP
059540020020-3398;059540020020;100mN31483E41409;PO;OS;2;72;S;F;6574;EMP
059540020020-3398;059540020020;100mN31483E41409;PO;OS;2;73;S;F;6574;EMP
059540020020-3399;059540020020;100mN31493E41404;MC;MIX;4;85;D;M;75XX;NEP
059540020020-3399;059540020020;100mN31493E41404;MC;MIX;4;52;M;M;5064;EMP
059540020020-3399;059540020020;100mN31493E41404;MC;MIX;4;45;M;F;4049;NEP
059540020020-3399;059540020020;100mN31493E41404;MC;MIX;4;11;S;F;0614;NEP
059540020020-3400;059540020020;100mN31484E41428;MC;NA;5;44;M;M;4049;NEP
059540020020-3400;059540020020;100mN31484E41428;MC;NA;5;35;M;F;3039;EMP
059540020020-3400;059540020020;100mN31484E41428;MC;NA;5;18;D;F;1824;EMP
059540020020-3400;059540020020;100mN31484E41428;MC;NA;5;13;S;M;0614;NEP
059540020020-3400;059540020020;100mN31484E41428;MC;NA;5;12;S;M;0614;NEP
059540020020-3401;059540020020;100mN31483E41409;MC;NA;4;46;M;M;4049;NEP
059540020020-3401;059540020020;100mN31483E41409;MC;NA;4;47;M;F;4049;NEP
059540020020-3401;059540020020;100mN31483E41409;MC;NA;4;13;S;M;0614;NEP
059540020020-3401;059540020020;100mN31483E41409;MC;NA;4;12;S;F;0614;NEP
059540020020-3402;059540020020;100mN31471E41420;MC;NA;3;63;M;F;5064;EMP
059540020020-3402;059540020020;100mN31471E41420;MC;NA;3;46;S;M;4049;EMP
059540020020-3402;059540020020;100mN31471E41420;MC;NA;3;6;S;M;0614;NEP
059540020020-3403;059540020020;100mN31483E41409;S;NA;1;44;M;F;4049;NEP
059540020020-3404;059540020020;100mN31483E41409;MC;NA;2;50;M;F;5064;EMP
059540020020-3404;059540020020;100mN31483E41409;MC;NA;2;50;M;M;5064;EMP
059540020020-3405;059540020020;100mN31478E41409;S;NA;1;47;S;M;4049;UEP
059540020020-3406;059540020020;100mN31483E41409;MC;NA;2;62;M;M;5064;NEP
059540020020-3406;059540020020;100mN31483E41409;MC;NA;2;61;M;F;5064;EMP
059540020020-3407;059540020020;100mN31483E41405;S;NA;1;43;D;F;4049;NEP
059540020020-3408;059540020020;100mN31465E41429;MC;NA;3;48;M;M;4049;EMP
059540020020-3408;059540020020;100mN31465E41429;MC;NA;3;54;M;F;5064;EMP
059540020020-3408;059540020020;100mN31465E41429;MC;NA;3;32;S;M;3039;EMP
059540020020-3409;059540020020;100mN31483E41409;MC;NA;3;45;M;F;4049;EMP
059540020020-3409;059540020020;100mN31483E41409;MC;NA;3;62;M;M;5064;NEP
059540020020-3409;059540020020;100mN31483E41409;MC;NA;3;23;W;F;1824;NEP
059540020020-3410;059540020020;100mN31479E41406;S;NA;1;45;S;M;4049;EMP
059540020020-3411;059540020020;100mN31466E41418;MC;NA;3;53;M;F;5064;EMP
059540020020-3411;059540020020;100mN31466E41418;MC;NA;3;62;M;M;5064;EMP
059540020020-3411;059540020020;100mN31466E41418;MC;NA;3;13;S;F;0614;NEP
059540020020-3412;059540020020;100mN31483E41409;MC;OS;2;77;M;F;75XX;EMP
059540020020-3412;059540020020;100mN31483E41409;MC;OS;2;80;M;M;75XX;UEP
059540020020-3413;059540020020;100mN31467E41424;S;OS;1;71;M;M;6574;EMP
059540020020-3414;059540020020;100mN31499E41419;MC;NA;2;45;M;M;4049;EMP
059540020020-3414;059540020020;100mN31499E41419;MC;NA;2;18;M;F;1824;EMP
059540020020-3415;059540020020;100mN31484E41407;S;OS;1;59;M;F;5064;EMP
059540020020-3416;059540020020;100mN31484E41414;MC;MIX;2;69;M;F;6574;NEP
059540020020-3416;059540020020;100mN31484E41414;MC;MIX;2;54;S;F;5064;EMP
059540020020-3417;059540020020;100mN31472E41430;S;NA;1;46;W;F;4049;NEP
059540020020-3418;059540020020;100mN31499E41419;MC;NA;2;45;M;M;4049;EMP
059540020020-3418;059540020020;100mN31499E41419;MC;NA;2;43;M;F;4049;EMP
059540020020-3419;059540020020;100mN31489E41421;S;NA;1;88;M;F;75XX;EMP
059540020020-3420;059540020020;100mN31473E41432;S;OS;1;40;S;F;4049;NEP
059540020020-3421;059540020020;100mN31467E41429;PO;NA;3;34;S;M;3039;NEP
059540020020-3421;059540020020;100mN31467E41429;PO;NA;3;31;S;F;3039;EMP
059540020020-3421;059540020020;100mN31467E41429;PO;NA;3;4;S;F;0305;NEP
059540020020-3422;059540020020;100mN31499E41419;S;NA;1;22;W;F;1824;NEP
059540020020-3423;059540020020;100mN31485E41408;MC;NA;2;52;M;F;5064;EMP
059540020020-3423;059540020020;100mN31485E41408;MC;NA;2;51;M;M;5064;EMP
059540020020-3424;059540020020;100mN31499E41419;S;OS;1;84;W;F;75XX;EMP
059540020020-3425;059540020020;100mN31481E41414;S;NA;1;46;M;M;4049;UEP
059540020020-3426;059540020020;100mN31480E41407;MC;OS;2;69;M;M;6574;NEP
059540020020-3426;059540020020;100mN31480E41407;MC;OS;2;66;M;F;6574;EMP
059540020020-3427;059540020020;100mN31463E41423;S;NA;1;47;M;F;4049;EMP
059540020020-3428;059540020020;100mN31479E41404;PO;NA;2;57;S;M;5064;UEP
059540020020-3428;059540020020;100mN31479E41404;PO;NA;2;57;S;M;5064;NEP
059540020020-3429;059540020020;100mN31472E41432;SM;NA;3;57;D;M;5064;NEP
059540020020-3429;059540020020;100mN31472E41432;SM;NA;3;42;W;F;4049;EMP
059540020020-3429;059540020020;100mN31472E41432;SM;NA;3;2;S;F;0003;NEP
059540020020-3430;059540020020;100mN31499E41419;S;OS;1;43;M;M;4049;EMP
059540020020-3431;059540020020;100mN31500E41443;SF;NA;2;72;S;F;6574;NEP
059540020020-3431;059540020020;100mN31500E41443;SF;NA;2;16;S;F;1517;EMP
059540020020-3432;059540020020;100mN31485E41410;S;NA;1;63;W;F;5064;NEP
059540020020-3433;059540020020;100mN31468E41424;NA;MIX;3;53;M;M;5064;EMP
059540020020-3433;059540020020;100mN31468E41424;NA;MIX;3;71;M;M;6574;EMP
059540020020-3433;059540020020;100mN31468E41424;NA;MIX;3;38;M;M;3039;NEP
059540020020-3434;059540020020;100mN31478E41405;MC;NA;2;40;M;M;4049;EMP
059540020020-3434;059540020020;100mN31478E41405;MC;NA;2;48;M;F;4049;NEP
059540020020-3435;059540020020;100mN31468E41424;MC;NA;5;19;M;M;1824;EMP
059540020020-3435;059540020020;100mN31468E41424;MC;NA;5;18;M;F;1824;NEP
059540020020-3435;059540020020;100mN31468E41424;MC;NA;5;1;S;F;0003;NEP
059540020020-3435;059540020020;100mN31468E41424;MC;NA;5;0;S;M;0003;NEP
059540020020-3435;059540020020;100mN31468E41424;MC;NA;5;3;S;F;0305;NEP
059540020020-3436;059540020020;100mN31485E41412;S;OS;1;16;S;F;1517;EMP
059540020020-3437;059540020020;100mN31468E41424;SF;NA;3;43;W;F;4049;NEP
059540020020-3437;059540020020;100mN31468E41424;SF;NA;3;3;S;M;0305;NEP
059540020020-3437;059540020020;100mN31468E41424;SF;NA;3;16;S;M;1517;EMP
059540020020-3438;059540020020;100mN31465E41423;MC;NA;3;34;M;M;3039;EMP
059540020020-3438;059540020020;100mN31465E41423;MC;NA;3;18;M;F;1824;EMP
059540020020-3438;059540020020;100mN31465E41423;MC;NA;3;8;S;F;0614;NEP
059540020020-3439;059540020020;100mN31468E41424;MC;NA;4;40;M;M;4049;EMP
059540020020-3439;059540020020;100mN31468E41424;MC;NA;4;40;M;F;4049;EMP
059540020020-3439;059540020020;100mN31468E41424;MC;NA;4;11;S;M;0614;NEP
059540020020-3439;059540020020;100mN31468E41424;MC;NA;4;2;S;F;0003;NEP
059540020020-3440;059540020020;100mN31467E41429;S;NA;1;46;D;M;4049;EMP
059540020020-3441;059540020020;100mN31480E41413;NA;NA;2;16;S;M;1517;EMP
059540020020-3441;059540020020;100mN31480E41413;NA;NA;2;23;M;M;1824;EMP
059540020020-3442;059540020020;100mN31461E41423;S;NA;1;19;S;F;1824;EMP
059540020020-3443;059540020020;100mN31468E41424;S;OS;1;32;S;M;3039;NEP
059540020020-3444;059540020020;100mN31468E41424;MC;OS;2;81;M;F;75XX;EMP
059540020020-3444;059540020020;100mN31468E41424;MC;OS;2;83;M;M;75XX;UEP
059540020020-3445;059540020020;100mN31468E41424;MC;MIX;2;84;M;M;75XX;EMP
059540020020-3445;059540020020;100mN31468E41424;MC;MIX;2;46;M;M;4049;EMP
059540020020-3446;059540020020;100mN31468E41424;MC;NA;6;51;M;F;5064;EMP
059540020020-3446;059540020020;100mN31468E41424;MC;NA;6;54;M;M;5064;EMP
059540020020-3446;059540020020;100mN31468E41424;MC;NA;6;7;S;M;0614;NEP
059540020020-3446;059540020020;100mN31468E41424;MC;NA;6;11;S;F;0614;NEP
059540020020-3446;059540020020;100mN31468E41424;MC;NA;6;3;S;F;0305;NEP
059540020020-3446;059540020020;100mN31468E41424;MC;NA;6;23;S;M;1824;EMP
059540020020-3447;059540020020;100mN31465E41420;SF;NA;3;41;W;F;4049;NEP
059540020020-3447;059540020020;100mN31465E41420;SF;NA;3;16;S;F;1517;NEP
059540020020-3447;059540020020;100mN31465E41420;SF;NA;3;1;S;F;0003;NEP
059540020020-3448;059540020020;100mN31494E41423;S;NA;1;21;S;M;1824;NEP
059540020020-3449;059540020020;100mN31494E41435;SM;NA;2;58;D;M;5064;NEP
059540020020-3449;059540020020;100mN31494E41435;SM;NA;2;38;S;M;3039;EMP
059540020020-3450;059540020020;100mN31468E41424;S;NA;1;55;S;M;5064;EMP
059540020020-3451;059540020020;100mN31485E41409;S;OS;1;75;D;F;75XX;NEP
059540020020-3452;059540020020;100mN31464E41425;S;NA;1;56;S;F;5064;EMP
059540020020-3453;059540020020;100mN31468E41424;S;NA;1;46;M;M;4049;NEP
059540020020-3454;059540020020;100mN31468E41424;MC;OS;6;66;M;F;6574;NEP
059540020020-3454;059540020020;100mN31468E41424;MC;OS;6;69;M;M;6574;NEP
059540020020-3454;059540020020;100mN31468E41424;MC;OS;6;88;M;M;75XX;EMP
059540020020-3454;059540020020;100mN31468E41424;MC;OS;6;83;M;F;75XX;EMP
059540020020-3454;059540020020;100mN31468E41424;MC;OS;6;73;D;F;6574;EMP
059540020020-3454;059540020020;100mN31468E41424;MC;OS;6;83;W;F;75XX;EMP
059540020020-3455;059540020020;100mN31475E41422;S;OS;1;27;D;F;2529;EMP
059540020020-3456;059540020020;100mN31468E41424;MC;OS;2;69;M;F;6574;EMP
059540020020-3456;059540020020;100mN31468E41424;MC;OS;2;65;M;M;6574;EMP
059540020020-3457;059540020020;100mN31465E41424;S;NA;1;73;W;M;6574;EMP
059540020020-3458;059540020020;100mN31468E41424;S;NA;1;59;M;M;5064;EMP
059540020020-3459;059540020020;100mN31468E41424;S;OS;1;57;M;M;5064;EMP
059540020020-3460;059540020020;100mN31481E41410;MC;OS;2;73;M;M;6574;EMP
059540020020-3460;059540020020;100mN31481E41410;MC;OS;2;69;M;F;6574;EMP
059540020020-3461;059540020020;100mN31484E41430;MC;NA;3;50;M;F;5064;EMP
059540020020-3461;059540020020;100mN31484E41430;MC;NA;3;47;M;M;4049;NEP
059540020020-3461;059540020020;100mN31484E41430;MC;NA;3;9;S;F;0614;NEP
059540020020-3462;059540020020;100mN31488E41438;SF;NA;3;50;S;F;5064;NEP
059540020020-3462;059540020020;100mN31488E41438;SF;NA;3;31;S;F;3039;EMP
059540020020-3462;059540020020;100mN31488E41438;SF;NA;3;19;W;F;1824;EMP
059540020020-3463;059540020020;100mN31468E41424;MC;NA;5;62;M;M;5064;EMP
059540020020-3463;059540020020;100mN31468E41424;MC;NA;5;61;M;F;5064;EMP
059540020020-3463;059540020020;100mN31468E41424;MC;NA;5;13;S;F;0614;NEP
059540020020-3463;059540020020;100mN31468E41424;MC;NA;5;15;S;F;1517;EMP
059540020020-3463;059540020020;100mN31468E41424;MC;NA;5;2;S;M;0003;NEP
059540020020-3464;059540020020;100mN31468E41424;MC;NA;5;37;M;F;3039;EMP
059540020020-3464;059540020020;100mN31468E41424;MC;NA;5;41;M;M;4049;EMP
059540020020-3464;059540020020;100mN31468E41424;MC;NA;5;16;S;M;1517;EMP
059540020020-3464;059540020020;100mN31468E41424;MC;NA;5;10;S;F;0614;NEP
059540020020-3464;059540020020;100mN31468E41424;MC;NA;5;11;S;M;0614;NEP
059540020020-3465;059540020020;100mN31468E41424;SF;NA;2;71;S;F;6574;NEP
059540020020-3465;059540020020;100mN31468E41424;SF;NA;2;13;S;M;0614;NEP
059540020020-3466;059540020020;100mN31471E41431;S;NA;1;62;W;F;5064;NEP
059540020020-3467;059540020020;100mN31472E41422;S;NA;1;45;M;F;4049;NEP
059540020020-3468;059540020020;100mN31480E41407;MC;NA;4;58;M;M;5064;NEP
059540020020-3468;059540020020;100mN31480E41407;MC;NA;4;60;M;F;5064;NEP
059540020020-3468;059540020020;100mN31480E41407;MC;NA;4;4;S;F;0305;NEP
059540020020-3468;059540020020;100mN31480E41407;MC;NA;4;8;S;M;0614;NEP
059540020020-3469;059540020020;100mN31480E41407;S;NA;1;63;D;F;5064;EMP
059540020020-3470;059540020020;100mN31499E41432;NA;OS;2;56;M;F;5064;NEP
059540020020-3470;059540020020;100mN31499E41432;NA;OS;2;70;W;F;6574;NEP
059540020020-3471;059540020020;100mN31487E41427;S;NA;1;16;S;F;1517;NEP
059540020020-3472;059540020020;100mN31480E41407;MC;NA;4;53;M;F;5064;NEP
059540020020-3472;059540020020;100mN31480E41407;MC;NA;4;56;M;M;5064;EMP
059540020020-3472;059540020020;100mN31480E41407;MC;NA;4;31;M;F;3039;EMP
059540020020-3472;059540020020;100mN31480E41407;MC;NA;4;9;S;M;0614;NEP
059540020020-3473;059540020020;100mN31491E41421;S;NA;1;89;M;F;75XX;NEP
059540020020-3474;059540020020;100mN31480E41407;MC;OS;6;72;M;M;6574;EMP
059540020020-3474;059540020020;100mN31480E41407;MC;OS;6;72;M;F;6574;EMP
059540020020-3474;059540020020;100mN31480E41407;MC;OS;6;79;D;F;75XX;NEP
059540020020-3474;059540020020;100mN31480E41407;MC;OS;6;65;M;F;6574;EMP
059540020020-3474;059540020020;100mN31480E41407;MC;OS;6;68;S;F;6574;NEP
059540020020-3474;059540020020;100mN31480E41407;MC;OS;6;80;M;F;75XX;NEP
059540020020-3475;059540020020;100mN31480E41407;S;NA;1;62;M;F;5064;NEP
059540020020-3476;059540020020;100mN31481E41405;MC;MIX;2;65;M;M;6574;EMP
059540020020-3476;059540020020;100mN31481E41405;MC;MIX;2;50;S;M;5064;EMP
059540020020-3477;059540020020;100mN31480E41407;MC;NA;2;25;M;F;2529;NEP
059540020020-3477;059540020020;100mN31480E41407;MC;NA;2;26;M;M;2529;EMP
059540020020-3478;059540020020;100mN31486E41411;S;OS;1;65;M;M;6574;EMP
059540020020-3479;059540020020;100mN31471E41419;MC;NA;3;61;M;F;5064;NEP
059540020020-3479;059540020020;100mN31471E41419;MC;NA;3;42;M;M;4049;NEP
059540020020-3479;059540020020;100mN31471E41419;MC;NA;3;6;S;M;0614;NEP
059540020020-3480;059540020020;100mN31480E41407;S;NA;1;58;M;F;5064;NEP
059540020020-3481;059540020020;100mN31480E41407;MC;NA;2;52;M;F;5064;EMP
059540020020-3481;059540020020;100mN31480E41407;MC;NA;2;61;M;M;5064;EMP
059540020020-3482;059540020020;100mN31480E41414;MC;NA;2;63;M;F;5064;EMP
059540020020-3482;059540020020;100mN31480E41414;MC;NA;2;35;M;F;3039;NEP
059540020020-3483;059540020020;100mN31480E41407;NA;NA;3;20;S;F;1824;EMP
059540020020-3483;059540020020;100mN31480E41407;NA;NA;3;40;M;F;4049;EMP
059540020020-3483;059540020020;100mN31480E41407;NA;NA;3;43;S;F;4049;EMP
059540020020-3484;059540020020;100mN31491E41421;S;NA;1;70;M;M;6574;EMP
059540020020-3485;059540020020;100mN31480E41407;MC;NA;4;62;M;M;5064;EMP
059540020020-3485;059540020020;100mN31480E41407;MC;NA;4;59;M;F;5064;NEP
059540020020-3485;059540020020;100mN31480E41407;MC;NA;4;4;S;F;0305;NEP
059540020020-3485;059540020020;100mN31480E41407;MC;NA;4;16;S;M;1517;EMP
059540020020-3486;059540020020;100mN31465E41423;MC;NA;2;48;M;F;4049;EMP
059540020020-3486;059540020020;100mN31465E41423;MC;NA;2;52;M;M;5064;UEP
059540020020-3487;059540020020;100mN31480E41407;MC;NA;3;21;M;M;1824;EMP
059540020020-3487;059540020020;100mN31480E41407;MC;NA;3;21;M;F;1824;EMP
059540020020-3487;059540020020;100mN31480E41407;MC;NA;3;4;S;F;0305;NEP
059540020020-3488;059540020020;100mN31480E41407;S;NA;1;54;M;F;5064;NEP
059540020020-3489;059540020020;100mN31498E41438;MC;OS;2;72;M;M;6574;NEP
059540020020-3489;059540020020;100mN31498E41438;MC;OS;2;68;M;F;6574;NEP
059540020020-3490;059540020020;100mN31480E41407;MC;NA;2;55;M;M;5064;EMP
059540020020-3490;059540020020;100mN31480E41407;MC;NA;2;54;M;F;5064;NEP
059540020020-3491;059540020020;100mN31480E41407;MC;OS;2;69;M;M;6574;NEP
059540020020-3491;059540020020;100mN31480E41407;MC;OS;2;66;M;F;6574;EMP
059540020020-3492;059540020020;100mN31480E41407;MC;MIX;2;75;M;F;75XX;NEP
059540020020-3492;059540020020;100mN31480E41407;MC;MIX;2;73;M;M;6574;EMP
059540020020-3493;059540020020;100mN31480E41407;MC;NA;5;60;M;M;5064;UEP
059540020020-3493;059540020020;100mN31480E41407;MC;NA;5;59;M;F;5064;NEP
059540020020-3493;059540020020;100mN31480E41407;MC;NA;5;4;S;F;0305;NEP
059540020020-3493;059540020020;100mN31480E41407;MC;NA;5;15;S;F;1517;NEP
059540020020-3493;059540020020;100mN31480E41407;MC;NA;5;25;S;F;2529;EMP
059540020020-3494;059540020020;100mN31480E41407;S;NA;1;45;D;F;4049;EMP
059540020020-3495;059540020020;100mN31481E41414;S;OS;1;48;S;M;4049;EMP
059540020020-3496;059540020020;100mN31481E41404;MC;OS;3;73;M;M;6574;EMP
059540020020-3496;059540020020;100mN31481E41404;MC;OS;3;73;M;F;6574;NEP
059540020020-3496;059540020020;100mN31481E41404;MC;OS;3;65;S;M;6574;EMP
059540020020-3497;059540020020;100mN31478E41415;S;NA;1;43;S;F;4049;EMP
059540020020-3498;059540020020;100mN31480E41407;MC;NA;3;22;M;M;1824;EMP
059540020020-3498;059540020020;100mN31480E41407;MC;NA;3;22;M;F;1824;NEP
059540020020-3498;059540020020;100mN31480E41407;MC;NA;3;6;S;F;0614;NEP
059540020020-3499;059540020020;100mN31480E41413;S;NA;1;73;D;F;6574;EMP
059540020020-3500;059540020020;100mN31478E41407;SF;NA;3;45;D;F;4049;EMP
059540020020-3500;059540020020;100mN31478E41407;SF;NA;3;16;S;M;1517;NEP
059540020020-3500;059540020020;100mN31478E41407;SF;NA;3;30;S;F;3039;EMP
059540020020-3501;059540020020;100mN31480E41407;NA;NA;3;43;S;M;4049;EMP
059540020020-3501;059540020020;100mN31480E41407;NA;NA;3;67;M;F;6574;EMP
059540020020-3501;059540020020;100mN31480E41407;NA;NA;3;71;S;M;6574;NEP
059540020020-3502;059540020020;100mN31480E41408;S;NA;1;76;W;F;75XX;EMP
059540020020-3503;059540020020;100mN31480E41409;MC;NA;2;48;M;F;4049;NEP
059540020020-3503;059540020020;100mN31480E41409;MC;NA;2;57;M;M;5064;EMP
059540020020-3504;059540020020;100mN31480E41407;MC;OS;3;75;M;M;75XX;EMP
059540020020-3504;059540020020;100mN31480E41407;MC;OS;3;71;M;F;6574;EMP
059540020020-3504;059540020020;100mN31480E41407;MC;OS;3;66;M;M;6574;NEP
059540020020-3505;059540020020;100mN31480E41407;MC;OS;2;67;M;F;6574;EMP
059540020020-3505;059540020020;100mN31480E41407;MC;OS;2;75;M;M;75XX;NEP
059540020020-3506;059540020020;100mN31480E41407;MC;OS;2;85;M;M;75XX;NEP
059540020020-3506;059540020020;100mN31480E41407;MC;OS;2;82;M;F;75XX;EMP
059540020020-3507;059540020020;100mN31481E41406;MC;MIX;4;79;S;M;75XX;EMP
059540020020-3507;059540020020;100mN31481E41406;MC;MIX;4;46;M;M;4049;UEP
059540020020-3507;059540020020;100mN31481E41406;MC;MIX;4;43;M;F;4049;NEP
059540020020-3507;059540020020;100mN31481E41406;MC;MIX;4;31;W;F;3039;EMP
059540020020-3508;059540020020;100mN31494E41423;MC;NA;2;58;M;F;5064;NEP
059540020020-3508;059540020020;100mN31494E41423;MC;NA;2;63;M;M;5064;NEP
059540020020-3509;059540020020;100mN31480E41424;S;OS;1;20;S;M;1824;NEP
059540020020-3510;059540020020;100mN31473E41418;S;NA;1;59;S;M;5064;EMP
059540020020-3511;059540020020;100mN31462E41428;MC;MIX;3;79;M;M;75XX;EMP
059540020020-3511;059540020020;100mN31462E41428;MC;MIX;3;19;M;M;1824;EMP
059540020020-3511;059540020020;100mN31462E41428;MC;MIX;3;18;M;F;1824;NEP
059540020020-3512;059540020020;100mN31480E41424;S;NA;1;58;S;F;5064;EMP
059540020020-3513;059540020020;100mN31462E41427;S;NA;1;85;M;F;75XX;NEP
059540020020-3514;059540020020;100mN31489E41408;MC;NA;6;28;M;M;2529;NEP
059540020020-3514;059540020020;100mN31489E41408;MC;NA;6;28;M;F;2529;EMP
059540020020-3514;059540020020;100mN31489E41408;MC;NA;6;6;S;F;0614;NEP
059540020020-3514;059540020020;100mN31489E41408;MC;NA;6;9;S;M;0614;NEP
059540020020-3514;059540020020;100mN31489E41408;MC;NA;6;9;S;M;0614;NEP
059540020020-3514;059540020020;100mN31489E41408;MC;NA;6;2;S;F;0003;NEP
059540020020-3515;059540020020;100mN31462E41427;S;NA;1;69;D;F;6574;EMP
059540020020-3516;059540020020;100mN31460E41424;PO;NA;4;35;S;M;3039;NEP
059540020020-3516;059540020020;100mN31460E41424;PO;NA;4;27;S;M;2529;EMP
059540020020-3516;059540020020;100mN31460E41424;PO;NA;4;12;S;M;0614;NEP
059540020020-3516;059540020020;100mN31460E41424;PO;NA;4;16;S;M;1517;EMP
059540020020-3517;059540020020;100mN31473E41430;S;NA;1;52;W;F;5064;EMP
059540020020-3518;059540020020;100mN31492E41401;S;OS;1;53;W;F;5064;EMP
059540020020-3519;059540020020;100mN31481E41404;S;OS;1;53;S;M;5064;EMP
059540020020-3520;059540020020;100mN31483E41414;MC;NA;2;42;M;M;4049;EMP
059540020020-3520;059540020020;100mN31483E41414;MC;NA;2;41;M;F;4049;NEP
059540020020-3521;059540020020;100mN31462E41427;S;NA;1;58;M;F;5064;EMP
059540020020-3522;059540020020;100mN31484E41413;S;NA;1;52;D;M;5064;EMP
059540020020-3523;059540020020;100mN31462E41427;MC;NA;5;62;M;M;5064;EMP
059540020020-3523;059540020020;100mN31462E41427;MC;NA;5;61;M;F;5064;NEP
059540020020-3523;059540020020;100mN31462E41427;MC;NA;5;34;M;M;3039;NEP
059540020020-3523;059540020020;100mN31462E41427;MC;NA;5;22;D;F;1824;NEP
059540020020-3523;059540020020;100mN31462E41427;MC;NA;5;15;S;M;1517;NEP
059540020020-3524;059540020020;100mN31473E41421;MC;NA;4;56;M;M;5064;EMP
059540020020-3524;059540020020;100mN31473E41421;MC;NA;4;47;M;F;4049;EMP
059540020020-3524;059540020020;100mN31473E41421;MC;NA;4;8;S;F;0614;NEP
059540020020-3524;059540020020;100mN31473E41421;MC;NA;4;18;D;M;1824;EMP
059540020020-3525;059540020020;100mN31499E41436;MC;NA;3;52;M;M;5064;EMP
059540020020-3525;059540020020;100mN31499E41436;MC;NA;3;50;M;F;5064;NEP
059540020020-3525;059540020020;100mN31499E41436;MC;NA;3;8;S;M;0614;NEP
059540020020-3526;059540020020;100mN31471E41430;MC;NA;4;38;M;F;3039;NEP
059540020020-3526;059540020020;100mN31471E41430;MC;NA;4;46;M;M;4049;NEP
059540020020-3526;059540020020;100mN31471E41430;MC;NA;4;10;S;F;0614;NEP
059540020020-3526;059540020020;100mN31471E41430;MC;NA;4;11;S;F;0614;NEP
059540020020-3527;059540020020;100mN31462E41427;S;NA;1;69;M;F;6574;NEP
059540020020-3528;059540020020;100mN31472E41422;S;NA;1;36;S;F;3039;EMP
059540020020-3529;059540020020;100mN31499E41432;S;NA;1;56;S;M;5064;NEP
059540020020-3530;059540020020;100mN31498E41435;MC;NA;2;53;M;M;5064;EMP
059540020020-3530;059540020020;100mN31498E41435;MC;NA;2;47;M;F;4049;EMP
059540020020-3531;059540020020;100mN31474E41420;SM;NA;5;55;S;M;5064;NEP
059540020020-3531;059540020020;100mN31474E41420;SM;NA;5;37;M;F;3039;EMP
059540020020-3531;059540020020;100mN31474E41420;SM;NA;5;35;M;M;3039;EMP
059540020020-3531;059540020020;100mN31474E41420;SM;NA;5;13;S;M;0614;NEP
059540020020-3531;059540020020;100mN31474E41420;SM;NA;5;36;M;M;3039;NEP
059540020020-3532;059540020020;100mN31498E41435;MC;OS;2;72;M;F;6574;NEP
059540020020-3532;059540020020;100mN31498E41435;MC;OS;2;75;M;M;75XX;EMP
059540020020-3533;059540020020;100mN31498E41435;PO;OS;3;71;S;M;6574;EMP
059540020020-3533;059540020020;100mN31498E41435;PO;OS;3;78;S;F;75XX;EMP
059540020020-3533;059540020020;100mN31498E41435;PO;OS;3;67;S;F;6574;EMP
059540020020-3534;059540020020;100mN31498E41435;S;NA;1;84;M;M;75XX;EMP
059540020020-3535;059540020020;100mN31484E41412;MC;MIX;2;79;M;M;75XX;NEP
059540020020-3535;059540020020;100mN31484E41412;MC;MIX;2;69;M;F;6574;EMP
059540020020-3536;059540020020;100mN31472E41422;MC;NA;6;45;M;F;4049;EMP
059540020020-3536;059540020020;100mN31472E41422;MC;NA;6;48;M;M;4049;EMP
059540020020-3536;059540020020;100mN31472E41422;MC;NA;6;4;S;M;0305;NEP
059540020020-3536;059540020020;100mN31472E41422;MC;NA;6;9;S;F;0614;NEP
059540020020-3536;059540020020;100mN31472E41422;MC;NA;6;1;S;M;0003;NEP
059540020020-3536;059540020020;100mN31472E41422;MC;NA;6;16;S;M;1517;NEP
059540020020-3537;059540020020;100mN31498E41432;PO;OS;2;75;S;F;75XX;NEP
059540020020-3537;059540020020;100mN31498E41432;PO;OS;2;76;S;F;75XX;EMP
059540020020-3538;059540020020;100mN31470E41430;MC;NA;2;43;M;F;4049;NEP
059540020020-3538;059540020020;100mN31470E41430;MC;NA;2;48;M;M;4049;EMP
059540020020-3539;059540020020;100mN31498E41432;MC;NA;2;47;M;F;4049;EMP
059540020020-3539;059540020020;100mN31498E41432;MC;NA;2;54;M;M;5064;NEP
059540020020-3540;059540020020;100mN31498E41432;MC;OS;3;65;M;F;6574;NEP
059540020020-3540;059540020020;100mN31498E41432;MC;OS;3;66;M;M;6574;EMP
059540020020-3540;059540020020;100mN31498E41432;MC;OS;3;71;M;M;6574;NEP
059540020020-3541;059540020020;100mN31472E41424;S;OS;1;31;S;F;3039;EMP
059540020020-3542;059540020020;100mN31468E41420;MC;NA;3;26;M;F;2529;EMP
059540020020-3542;059540020020;100mN31468E41420;MC;NA;3;34;M;M;3039;NEP
059540020020-3542;059540020020;100mN31468E41420;MC;NA;3;3;S;M;0305;NEP
059540020020-3543;059540020020;100mN31474E41420;MC;OS;2;67;M;F;6574;EMP
059540020020-3543;059540020020;100mN31474E41420;MC;OS;2;66;M;M;6574;EMP
059540020020-3544;059540020020;100mN31480E41412;MC;NA;3;43;M;M;4049;EMP
059540020020-3544;059540020020;100mN31480E41412;MC;NA;3;35;M;F;3039;EMP
059540020020-3544;059540020020;100mN31480E41412;MC;NA;3;16;S;M;1517;NEP
059540020020-3545;059540020020;100mN31484E41428;MC;NA;5;44;M;M;4049;NEP
059540020020-3545;059540020020;100mN31484E41428;MC;NA;5;35;M;F;3039;EMP
059540020020-3545;059540020020;100mN31484E41428;MC;NA;5;18;D;F;1824;EMP
059540020020-3545;059540020020;100mN31484E41428;MC;NA;5;13;S;M;0614;NEP
059540020020-3545;059540020020;100mN31484E41428;MC;NA;5;12;S;M;0614;NEP
059540020020-3546;059540020020;100mN31494E41411;S;OS;1;84;D;F;75XX;NEP
059540020020-3547;059540020020;100mN31490E41436;S;OS;1;43;W;M;4049;EMP
059540020020-3548;059540020020;100mN31462E41431;S;OS;1;43;M;F;4049;EMP
059540020020-3549;059540020020;100mN31494E41411;S;NA;1;33;M;M;3039;EMP
059540020020-3550;059540020020;100mN31473E41418;MC;MIX;4;67;M;M;6574;NEP
059540020020-3550;059540020020;100mN31473E41418;MC;MIX;4;43;M;M;4049;EMP
059540020020-3550;059540020020;100mN31473E41418;MC;MIX;4;18;M;F;1824;EMP
059540020020-3550;059540020020;100mN31473E41418;MC;MIX;4;16;S;M;1517;NEP
059540020020-3551;059540020020;100mN31494E41411;S;NA;1;67;M;M;6574;EMP
059540020020-3552;059540020020;100mN31494E41411;S;NA;1;43;M;F;4049;EMP
059540020020-3553;059540020020;100mN31474E41431;MC;OS;3;76;M;F;75XX;EMP
059540020020-3553;059540020020;100mN31474E41431;MC;OS;3;65;M;M;6574;UEP
059540020020-3553;059540020020;100mN31474E41431;MC;OS;3;66;M;F;6574;NEP
059540020020-3554;059540020020;100mN31494E41411;MC;OS;3;69;M;F;6574;NEP
059540020020-3554;059540020020;100mN31494E41411;MC;OS;3;70;M;M;6574;EMP
059540020020-3554;059540020020;100mN31494E41411;MC;OS;3;73;M;F;6574;EMP
059540020020-3555;059540020020;100mN31494E41411;MC;NA;2;48;M;F;4049;NEP
059540020020-3555;059540020020;100mN31494E41411;MC;NA;2;54;M;M;5064;EMP
059540020020-3556;059540020020;100mN31468E41420;MC;NA;2;59;M;F;5064;EMP
059540020020-3556;059540020020;100mN31468E41420;MC;NA;2;28;M;M;2529;EMP
059540020020-3557;059540020020;100mN31494E41420;MC;NA;2;61;M;F;5064;EMP
059540020020-3557;059540020020;100mN31494E41420;MC;NA;2;63;M;M;5064;NEP
059540020020-3558;059540020020;100mN31484E41427;S;NA;1;52;S;F;5064;NEP
059540020020-3559;059540020020;100mN31494E41420;NA;OS;2;56;W;F;5064;NEP
059540020020-3559;059540020020;100mN31494E41420;NA;OS;2;53;D;M;5064;NEP
059540020020-3560;059540020020;100mN31494E41420;MC;NA;4;37;M;F;3039;NEP
059540020020-3560;059540020020;100mN31494E41420;MC;NA;4;34;M;M;3039;EMP
059540020020-3560;059540020020;100mN31494E41420;MC;NA;4;1;S;F;0003;NEP
059540020020-3560;059540020020;100mN31494E41420;MC;NA;4;7;S;F;0614;NEP
059540020020-3561;059540020020;100mN31484E41415;S;NA;1;45;D;F;4049;NEP
059540020020-3562;059540020020;100mN31473E41430;SF;NA;2;48;D;F;4049;NEP
059540020020-3562;059540020020;100mN31473E41430;SF;NA;2;9;S;F;0614;NEP
059540020020-3563;059540020020;100mN31494E41420;S;NA;1;42;M;M;4049;UEP
059540020020-3564;059540020020;100mN31464E41418;MC;NA;2;43;M;M;4049;UEP
059540020020-3564;059540020020;100mN31464E41418;MC;NA;2;41;M;F;4049;NEP
059540020020-3565;059540020020;100mN31481E41407;MC;OS;2;69;M;F;6574;NEP
059540020020-3565;059540020020;100mN31481E41407;MC;OS;2;78;M;M;75XX;NEP
059540020020-3566;059540020020;100mN31494E41420;MC;OS;4;73;M;M;6574;EMP
059540020020-3566;059540020020;100mN31494E41420;MC;OS;4;68;M;F;6574;NEP
059540020020-3566;059540020020;100mN31494E41420;MC;OS;4;70;S;M;6574;EMP
059540020020-3566;059540020020;100mN31494E41420;MC;OS;4;78;W;F;75XX;NEP
059540020020-3567;059540020020;100mN31465E41431;MC;NA;3;28;M;M;2529;NEP
059540020020-3567;059540020020;100mN31465E41431;MC;NA;3;31;M;F;3039;NEP
059540020020-3567;059540020020;100mN31465E41431;MC;NA;3;11;S;M;0614;NEP
059540020020-3568;059540020020;100mN31494E41420;MC;NA;3;56;M;F;5064;NEP
059540020020-3568;059540020020;100mN31494E41420;MC;NA;3;60;M;M;5064;EMP
059540020020-3568;059540020020;100mN31494E41420;MC;NA;3;36;S;M;3039;NEP
059540020020-3569;059540020020;100mN31473E41418;MC;NA;2;55;M;M;5064;NEP
059540020020-3569;059540020020;100mN31473E41418;MC;NA;2;52;M;F;5064;NEP
059540020020-3570;059540020020;100mN31471E41421;MC;MIX;4;70;M;M;6574;EMP
059540020020-3570;059540020020;100mN31471E41421;MC;MIX;4;44;M;M;4049;UEP
059540020020-3570;059540020020;100mN31471E41421;MC;MIX;4;53;M;F;5064;EMP
059540020020-3570;059540020020;100mN31471E41421;MC;MIX;4;10;S;M;0614;NEP
059540020020-3571;059540020020;100mN31480E41406;PO;NA;2;58;S;F;5064;NEP
059540020020-3571;059540020020;100mN31480E41406;PO;NA;2;62;S;F;5064;NEP
059540020020-3572;059540020020;100mN31464E41430;S;OS;1;56;M;F;5064;NEP
059540020020-3573;059540020020;100mN31475E41421;MC;OS;2;73;M;F;6574;EMP
059540020020-3573;059540020020;100mN31475E41421;MC;OS;2;75;M;M;75XX;NEP
059540020020-3574;059540020020;100mN31475E41421;SF;NA;2;88;W;F;75XX;EMP
059540020020-3574;059540020020;100mN31475E41421;SF;NA;2;2;S;F;0003;NEP
059540020020-3575;059540020020;100mN31494E41416;SF;NA;4;67;S;F;6574;EMP
059540020020-3575;059540020020;100mN31494E41416;SF;NA;4;2;S;F;0003;NEP
059540020020-3575;059540020020;100mN31494E41416;SF;NA;4;46;M;F;4049;EMP
059540020020-3575;059540020020;100mN31494E41416;SF;NA;4;2;S;M;0003;NEP
059540020020-3576;059540020020;100mN31494E41416;S;NA;1;38;M;M;3039;EMP
059540020020-3577;059540020020;100mN31463E41419;S;NA;1;83;D;F;75XX;NEP
059540020020-3578;059540020020;100mN31465E41429;MC;NA;2;43;M;F;4049;EMP
059540020020-3578;059540020020;100mN31465E41429;MC;NA;2;51;M;M;5064;EMP
059540020020-3579;059540020020;100mN31498E41436;MC;NA;2;44;M;M;4049;EMP
059540020020-3579;059540020020;100mN31498E41436;MC;NA;2;43;M;F;4049;EMP
059540020020-3580;059540020020;100mN31463E41434;MC;NA;2;57;M;M;5064;EMP
059540020020-3580;059540020020;100mN31463E41434;MC;NA;2;50;M;F;5064;NEP
059540020020-3581;059540020020;100mN31481E41410;S;NA;1;28;D;F;2529;EMP
059540020020-3582;059540020020;100mN31482E41413;S;NA;1;71;S;M;6574;EMP
059540020020-3583;059540020020;100mN31493E41435;MC;NA;2;48;M;M;4049;EMP
059540020020-3583;059540020020;100mN31493E41435;MC;NA;2;45;M;F;4049;EMP
059540020020-3584;059540020020;100mN31494E41442;MC;NA;2;27;M;M;2529;EMP
059540020020-3584;059540020020;100mN31494E41442;MC;NA;2;25;M;F;2529;NEP
059540020020-3585;059540020020;100mN31494E41442;MC;OS;4;68;M;M;6574;EMP
059540020020-3585;059540020020;100mN31494E41442;MC;OS;4;87;M;F;75XX;NEP
059540020020-3585;059540020020;100mN31494E41442;MC;OS;4;67;M;M;6574;EMP
059540020020-3585;059540020020;100mN31494E41442;MC;OS;4;76;M;F;75XX;NEP
059540020020-3586;059540020020;100mN31479E41406;S;NA;1;45;S;F;4049;EMP
059540020020-3587;059540020020;100mN31497E41415;MC;NA;2;59;M;M;5064;NEP
059540020020-3587;059540020020;100mN31497E41415;MC;NA;2;53;M;F;5064;EMP
059540020020-3588;059540020020;100mN31488E41423;MC;NA;3;32;M;M;3039;EMP
059540020020-3588;059540020020;100mN31488E41423;MC;NA;3;35;M;F;3039;NEP
059540020020-3588;059540020020;100mN31488E41423;MC;NA;3;9;S;M;0614;NEP
059540020020-3589;059540020020;100mN31467E41424;SF;NA;2;44;S;F;4049;NEP
059540020020-3589;059540020020;100mN31467E41424;SF;NA;2;4;S;F;0305;NEP
059540020020-3590;059540020020;100mN31467E41424;S;NA;1;63;M;F;5064;NEP
059540020020-3591;059540020020;100mN31467E41424;S;OS;1;50;M;M;5064;EMP
059540020020-3592;059540020020;100mN31481E41414;MC;OS;2;85;M;F;75XX;EMP
059540020020-3592;059540020020;100mN31481E41414;MC;OS;2;68;M;M;6574;EMP
059540020020-3593;059540020020;100mN31467E41424;MC;NA;2;22;M;F;1824;EMP
059540020020-3593;059540020020;100mN31467E41424;MC;NA;2;30;M;M;3039;EMP
059540020020-3594;059540020020;100mN31467E41424;S;OS;1;45;M;M;4049;EMP
059540020020-3595;059540020020;100mN31467E41424;MC;NA;2;57;M;M;5064;EMP
059540020020-3595;059540020020;100mN31467E41424;MC;NA;2;50;M;F;5064;EMP
059540020020-3596;059540020020;100mN31469E41420;PO;MIX;3;76;D;F;75XX;EMP
059540020020-3596;059540020020;100mN31469E41420;PO;MIX;3;19;S;M;1824;EMP
059540020020-3596;059540020020;100mN31469E41420;PO;MIX;3;18;S;M;1824;EMP
059540020020-3597;059540020020;100mN31493E41427;MC;NA;2;25;M;F;2529;NEP
059540020020-3597;059540020020;100mN31493E41427;MC;NA;2;25;M;M;2529;NEP
059540020020-3598;059540020020;100mN31478E41407;S;NA;1;45;M;F;4049;NEP
059540020020-3599;059540020020;100mN31462E41429;MC;NA;3;46;M;F;4049;NEP
059540020020-3599;059540020020;100mN31462E41429;MC;NA;3;46;M;M;4049;NEP
059540020020-3599;059540020020;100mN31462E41429;MC;NA;3;22;M;M;1824;NEP
059540020020-3600;059540020020;100mN31467E41424;S;NA;1;25;M;M;2529;EMP
059540020020-3601;059540020020;100mN31474E41423;S;OS;1;68;M;F;6574;EMP
059540020020-3602;059540020020;100mN31467E41424;S;NA;1;32;M;M;3039;EMP
059540020020-3603;059540020020;100mN31471E41421;S;NA;1;47;D;M;4049;NEP
059540020020-3604;059540020020;100mN31467E41424;SF;NA;4;48;W;F;4049;NEP
059540020020-3604;059540020020;100mN31467E41424;SF;NA;4;10;S;F;0614;NEP
059540020020-3604;059540020020;100mN31467E41424;SF;NA;4;33;M;F;3039;EMP
059540020020-3604;059540020020;100mN31467E41424;SF;NA;4;4;S;F;0305;NEP
059540020020-3605;059540020020;100mN31467E41424;MC;NA;3;56;M;M;5064;EMP
059540020020-3605;059540020020;100mN31467E41424;MC;NA;3;58;M;F;5064;NEP
059540020020-3605;059540020020;100mN31467E41424;MC;NA;3;38;M;M;3039;NEP
059540020020-3606;059540020020;100mN31467E41424;MC;NA;2;27;M;M;2529;EMP
059540020020-3606;059540020020;100mN31467E41424;MC;NA;2;30;M;F;3039;EMP
059540020020-3607;059540020020;100mN31479E41411;MC;NA;2;47;M;M;4049;NEP
059540020020-3607;059540020020;100mN31479E41411;MC;NA;2;48;M;F;4049;EMP
059540020020-3608;059540020020;100mN31473E41423;S;OS;1;32;M;F;3039;EMP
059540020020-3609;059540020020;100mN31467E41424;MC;OS;3;68;M;M;6574;EMP
059540020020-3609;059540020020;100mN31467E41424;MC;OS;3;67;M;F;6574;EMP
059540020020-3609;059540020020;100mN31467E41424;MC;OS;3;68;D;F;6574;NEP
059540020020-3610;059540020020;100mN31485E41417;MC;NA;4;58;M;F;5064;NEP
059540020020-3610;059540020020;100mN31485E41417;MC;NA;4;63;M;M;5064;NEP
059540020020-3610;059540020020;100mN31485E41417;MC;NA;4;43;M;F;4049;EMP
059540020020-3610;059540020020;100mN31485E41417;MC;NA;4;16;S;F;1517;EMP
059540020020-3611;059540020020;100mN31467E41424;S;OS;1;59;M;M;5064;EMP
059540020020-3612;059540020020;100mN31467E41424;MC;NA;2;51;M;M;5064;NEP
059540020020-3612;059540020020;100mN31467E41424;MC;NA;2;46;M;F;4049;NEP
059540020020-3613;059540020020;100mN31480E41413;MC;NA;5;59;M;F;5064;EMP
059540020020-3613;059540020020;100mN31480E41413;MC;NA;5;63;M;M;5064;EMP
059540020020-3613;059540020020;100mN31480E41413;MC;NA;5;4;S;F;0305;NEP
059540020020-3613;059540020020;100mN31480E41413;MC;NA;5;15;S;M;1517;EMP
059540020020-3613;059540020020;100mN31480E41413;MC;NA;5;42;M;M;4049;EMP
059540020020-3614;059540020020;100mN31500E41422;S;OS;1;56;S;M;5064;NEP
059540020020-3615;059540020020;100mN31482E41401;SF;NA;4;16;S;F;1517;EMP
059540020020-3615;059540020020;100mN31482E41401;SF;NA;4;0;S;M;0003;NEP
059540020020-3615;059540020020;100mN31482E41401;SF;NA;4;1;S;F;0003;NEP
059540020020-3615;059540020020;100mN31482E41401;SF;NA;4;1;S;F;0003;NEP
059540020020-3616;059540020020;100mN31467E41424;MC;NA;2;33;M;F;3039;EMP
059540020020-3616;059540020020;100mN31467E41424;MC;NA;2;33;M;M;3039;NEP
059540020020-3617;059540020020;100mN31483E41413;S;NA;1;25;W;F;2529;NEP
059540020020-3618;059540020020;100mN31464E41421;SF;NA;2;75;W;F;75XX;NEP
059540020020-3618;059540020020;100mN31464E41421;SF;NA;2;10;S;M;0614;NEP
059540020020-3619;059540020020;100mN31472E41432;S;NA;1;85;M;M;75XX;UEP
059540020020-3620;059540020020;100mN31467E41424;MC;NA;2;38;M;M;3039;EMP
059540020020-3620;059540020020;100mN31467E41424;MC;NA;2;37;M;F;3039;EMP
059540020020-3621;059540020020;100mN31471E41430;MC;OS;2;88;M;F;75XX;EMP
059540020020-3621;059540020020;100mN31471E41430;MC;OS;2;41;D;F;4049;NEP
059540020020-3622;059540020020;100mN31485E41414;S;OS;1;71;S;F;6574;NEP
059540020020-3623;059540020020;100mN31467E41424;SM;MIX;2;72;S;M;6574;EMP
059540020020-3623;059540020020;100mN31467E41424;SM;MIX;2;19;W;F;1824;NEP
059540020020-3624;059540020020;100mN31467E41424;MC;MIX;2;66;M;F;6574;NEP
059540020020-3624;059540020020;100mN31467E41424;MC;MIX;2;62;M;M;5064;EMP
059540020020-3625;059540020020;100mN31481E41409;S;NA;1;43;W;M;4049;EMP
059540020020-3626;059540020020;100mN31467E41424;S;NA;1;61;M;M;5064;EMP
059540020020-3627;059540020020;100mN31480E41404;MC;OS;2;69;M;F;6574;EMP
059540020020-3627;059540020020;100mN31480E41404;MC;OS;2;69;M;M;6574;NEP
059540020020-3628;059540020020;100mN31494E41423;MC;NA;2;54;M;F;5064;NEP
059540020020-3628;059540020020;100mN31494E41423;MC;NA;2;60;M;M;5064;EMP
059540020020-3629;059540020020;100mN31467E41424;MC;OS;2;68;M;F;6574;EMP
059540020020-3629;059540020020;100mN31467E41424;MC;OS;2;71;M;M;6574;NEP
059540020020-3630;059540020020;100mN31467E41424;S;NA;1;59;M;M;5064;EMP
059540020020-3631;059540020020;100mN31462E41428;S;NA;1;52;D;M;5064;EMP
059540020020-3632;059540020020;100mN31464E41430;S;NA;1;61;W;F;5064;EMP
059540020020-3633;059540020020;100mN31467E41424;S;OS;1;71;M;M;6574;EMP
059540020020-3634;059540020020;100mN31472E41420;PO;NA;4;33;S;M;3039;NEP
059540020020-3634;059540020020;100mN31472E41420;PO;NA;4;33;S;M;3039;EMP
059540020020-3634;059540020020;100mN31472E41420;PO;NA;4;10;S;F;0614;NEP
059540020020-3634;059540020020;100mN31472E41420;PO;NA;4;18;M;F;1824;NEP
059540020020-3635;059540020020;100mN31467E41424;MC;NA;2;57;M;M;5064;EMP
059540020020-3635;059540020020;100mN31467E41424;MC;NA;2;52;M;F;5064;NEP
059540020020-3636;059540020020;100mN31471E41420;S;OS;1;55;W;M;5064;NEP
059540020020-3637;059540020020;100mN31474E41420;S;NA;1;47;M;M;4049;NEP
059540020020-3638;059540020020;100mN31494E41412;S;OS;1;72;D;M;6574;NEP
059540020020-3639;059540020020;100mN31474E41420;MC;NA;5;41;M;M;4049;EMP
059540020020-3639;059540020020;100mN31474E41420;MC;NA;5;44;M;F;4049;NEP
059540020020-3639;059540020020;100mN31474E41420;MC;NA;5;6;S;M;0614;NEP
059540020020-3639;059540020020;100mN31474E41420;MC;NA;5;26;D;F;2529;NEP
059540020020-3639;059540020020;100mN31474E41420;MC;NA;5;19;M;M;1824;EMP
059540020020-3640;059540020020;100mN31474E41420;S;NA;1;33;M;M;3039;NEP
059540020020-3641;059540020020;100mN31464E41430;S;NA;1;61;W;F;5064;EMP
059540020020-3642;059540020020;100mN31474E41420;SF;NA;3;22;D;F;1824;NEP
059540020020-3642;059540020020;100mN31474E41420;SF;NA;3;7;S;M;0614;NEP
059540020020-3642;059540020020;100mN31474E41420;SF;NA;3;1;S;F;0003;NEP
059540020020-3643;059540020020;100mN31481E41409;PO;NA;3;45;S;F;4049;EMP
059540020020-3643;059540020020;100mN31481E41409;PO;NA;3;51;S;M;5064;EMP
059540020020-3643;059540020020;100mN31481E41409;PO;NA;3;18;D;M;1824;EMP
059540020020-3644;059540020020;100mN31467E41428;PO;NA;2;48;S;M;4049;EMP
059540020020-3644;059540020020;100mN31467E41428;PO;NA;2;41;S;M;4049;EMP
059540020020-3645;059540020020;100mN31484E41413;S;NA;1;42;W;F;4049;NEP
059540020020-3646;059540020020;100mN31481E41409;S;NA;1;68;D;F;6574;NEP
059540020020-3647;059540020020;100mN31474E41420;S;OS;1;72;M;F;6574;EMP
059540020020-3648;059540020020;100mN31474E41420;S;OS;1;61;W;F;5064;EMP
059540020020-3649;059540020020;100mN31485E41437;SM;NA;5;46;S;M;4049;EMP
059540020020-3649;059540020020;100mN31485E41437;SM;NA;5;10;S;F;0614;NEP
059540020020-3649;059540020020;100mN31485E41437;SM;NA;5;28;W;M;2529;NEP
059540020020-3649;059540020020;100mN31485E41437;SM;NA;5;3;S;M;0305;NEP
059540020020-3649;059540020020;100mN31485E41437;SM;NA;5;23;M;M;1824;EMP
059540020020-3650;059540020020;100mN31474E41420;S;NA;1;25;S;F;2529;NEP
059540020020-3651;059540020020;100mN31474E41420;MC;MIX;2;84;M;M;75XX;UEP
059540020020-3651;059540020020;100mN31474E41420;MC;MIX;2;12;S;F;0614;NEP
059540020020-3652;059540020020;100mN31472E41432;S;NA;1;67;W;M;6574;EMP
059540020020-3653;059540020020;100mN31474E41420;S;OS;1;85;W;F;75XX;EMP
059540020020-3654;059540020020;100mN31464E41430;S;OS;1;59;S;M;5064;EMP
059540020020-3655;059540020020;100mN31478E41402;MC;NA;2;63;M;M;5064;EMP
059540020020-3655;059540020020;100mN31478E41402;MC;NA;2;61;M;F;5064;NEP
059540020020-3656;059540020020;100mN31483E41413;S;NA;1;57;S;M;5064;NEP
059540020020-3657;059540020020;100mN31474E41420;S;NA;1;30;S;M;3039;EMP
059540020020-3658;059540020020;100mN31478E41404;MC;MIX;3;67;M;M;6574;UEP
059540020020-3658;059540020020;100mN31478E41404;MC;MIX;3;54;M;M;5064;EMP
059540020020-3658;059540020020;100mN31478E41404;MC;MIX;3;48;M;F;4049;EMP
059540020020-3659;059540020020;100mN31474E41420;MC;MIX;2;78;M;M;75XX;EMP
059540020020-3659;059540020020;100mN31474E41420;MC;MIX;2;47;M;M;4049;EMP
059540020020-3660;059540020020;100mN31479E41406;MC;NA;2;57;M;F;5064;NEP
059540020020-3660;059540020020;100mN31479E41406;MC;NA;2;59;M;M;5064;EMP
059540020020-3661;059540020020;100mN31474E41420;SF;NA;2;63;D;F;5064;NEP
059540020020-3661;059540020020;100mN31474E41420;SF;NA;2;23;M;F;1824;EMP
059540020020-3662;059540020020;100mN31474E41420;SM;NA;5;55;S;M;5064;NEP
059540020020-3662;059540020020;100mN31474E41420;SM;NA;5;37;M;F;3039;EMP
059540020020-3662;059540020020;100mN31474E41420;SM;NA;5;35;M;M;3039;EMP
059540020020-3662;059540020020;100mN31474E41420;SM;NA;5;13;S;M;0614;NEP
059540020020-3662;059540020020;100mN31474E41420;SM;NA;5;36;M;M;3039;NEP
059540020020-3663;059540020020;100mN31473E41418;S;NA;1;47;M;F;4049;NEP
059540020020-3664;059540020020;100mN31485E41411;S;NA;1;52;W;F;5064;EMP
059540020020-3665;059540020020;100mN31465E41428;S;OS;1;60;D;M;5064;NEP
059540020020-3666;059540020020;100mN31492E41416;MC;NA;2;48;M;F;4049;NEP
059540020020-3666;059540020020;100mN31492E41416;MC;NA;2;50;M;M;5064;EMP
059540020020-3667;059540020020;100mN31474E41420;S;NA;1;76;S;F;75XX;NEP
059540020020-3668;059540020020;100mN31473E41422;SF;NA;3;76;W;F;75XX;EMP
059540020020-3668;059540020020;100mN31473E41422;SF;NA;3;56;M;M;5064;UEP
059540020020-3668;059540020020;100mN31473E41422;SF;NA;3;1;S;F;0003;NEP
059540020020-3669;059540020020;100mN31497E41425;S;OS;1;69;S;M;6574;EMP
059540020020-3670;059540020020;100mN31474E41420;MC;OS;3;73;M;F;6574;EMP
059540020020-3670;059540020020;100mN31474E41420;MC;OS;3;73;M;M;6574;EMP
059540020020-3670;059540020020;100mN31474E41420;MC;OS;3;73;S;F;6574;NEP
059540020020-3671;059540020020;100mN31486E41435;MC;NA;3;53;M;F;5064;NEP
059540020020-3671;059540020020;100mN31486E41435;MC;NA;3;52;M;M;5064;EMP
059540020020-3671;059540020020;100mN31486E41435;MC;NA;3;33;M;F;3039;EMP
059540020020-3672;059540020020;100mN31489E41435;MC;MIX;2;76;M;F;75XX;EMP
059540020020-3672;059540020020;100mN31489E41435;MC;MIX;2;34;D;F;3039;NEP
059540020020-3673;059540020020;100mN31474E41420;MC;NA;2;50;M;M;5064;EMP
059540020020-3673;059540020020;100mN31474E41420;MC;NA;2;50;M;F;5064;NEP
059540020020-3674;059540020020;100mN31498E41428;S;OS;1;35;S;M;3039;NEP
059540020020-3675;059540020020;100mN31474E41420;S;NA;1;31;S;M;3039;NEP
059540020020-3676;059540020020;100mN31464E41421;MC;NA;2;26;M;F;2529;EMP
059540020020-3676;059540020020;100mN31464E41421;MC;NA;2;30;M;M;3039;UEP
059540020020-3677;059540020020;100mN31474E41420;S;NA;1;48;M;M;4049;EMP
059540020020-3678;059540020020;100mN31473E41418;MC;NA;2;41;M;F;4049;EMP
059540020020-3678;059540020020;100mN31473E41418;MC;NA;2;44;M;M;4049;EMP
059540020020-3679;059540020020;100mN31467E41429;S;NA;1;78;S;F;75XX;NEP
059540020020-3680;059540020020;100mN31485E41409;MC;NA;4;47;M;F;4049;EMP
059540020020-3680;059540020020;100mN31485E41409;MC;NA;4;48;M;M;4049;EMP
059540020020-3680;059540020020;100mN31485E41409;MC;NA;4;11;S;F;0614;NEP
059540020020-3680;059540020020;100mN31485E41409;MC;NA;4;12;S;F;0614;NEP
059540020020-3681;059540020020;100mN31483E41403;MC;NA;4;40;M;F;4049;NEP
059540020020-3681;059540020020;100mN31483E41403;MC;NA;4;37;M;M;3039;EMP
059540020020-3681;059540020020;100mN31483E41403;MC;NA;4;20;D;F;1824;EMP
059540020020-3681;059540020020;100mN31483E41403;MC;NA;4;18;M;M;1824;NEP
059540020020-3682;059540020020;100mN31474E41420;MC;OS;2;67;M;F;6574;EMP
059540020020-3682;059540020020;100mN31474E41420;MC;OS;2;66;M;M;6574;EMP
059540020020-3683;059540020020;100mN31474E41420;S;NA;1;71;M;M;6574;EMP
059540020020-3684;059540020020;100mN31473E41422;MC;NA;6;60;M;M;5064;EMP
059540020020-3684;059540020020;100mN31473E41422;MC;NA;6;58;M;F;5064;NEP
059540020020-3684;059540020020;100mN31473E41422;MC;NA;6;6;S;M;0614;NEP
059540020020-3684;059540020020;100mN31473E41422;MC;NA;6;8;S;F;0614;NEP
059540020020-3684;059540020020;100mN31473E41422;MC;NA;6;3;S;F;0305;NEP
059540020020-3684;059540020020;100mN31473E41422;MC;NA;6;7;S;M;0614;NEP
059540020020-3685;059540020020;100mN31474E41420;S;NA;1;54;S;M;5064;EMP
059540020020-3686;059540020020;100mN31474E41420;MC;NA;4;26;M;M;2529;EMP
059540020020-3686;059540020020;100mN31474E41420;MC;NA;4;18;M;F;1824;EMP
059540020020-3686;059540020020;100mN31474E41420;MC;NA;4;11;S;F;0614;NEP
059540020020-3686;059540020020;100mN31474E41420;MC;NA;4;9;S;F;0614;NEP
059540020020-3687;059540020020;100mN31485E41394;PO;NA;2;45;S;M;4049;NEP
059540020020-3687;059540020020;100mN31485E41394;PO;NA;2;44;S;M;4049;EMP
059540020020-3688;059540020020;100mN31497E41415;MC;MIX;4;68;M;F;6574;EMP
059540020020-3688;059540020020;100mN31497E41415;MC;MIX;4;41;M;M;4049;NEP
059540020020-3688;059540020020;100mN31497E41415;MC;MIX;4;38;M;F;3039;NEP
059540020020-3688;059540020020;100mN31497E41415;MC;MIX;4;11;S;M;0614;NEP
059540020020-3689;059540020020;100mN31479E41401;MC;NA;5;51;M;M;5064;EMP
059540020020-3689;059540020020;100mN31479E41401;MC;NA;5;51;M;F;5064;EMP
059540020020-3689;059540020020;100mN31479E41401;MC;NA;5;15;S;F;1517;EMP
059540020020-3689;059540020020;100mN31479E41401;MC;NA;5;4;S;F;0305;NEP
059540020020-3689;059540020020;100mN31479E41401;MC;NA;5;31;M;M;3039;EMP
059540020020-3690;059540020020;100mN31474E41420;MC;NA;2;46;M;M;4049;EMP
059540020020-3690;059540020020;100mN31474E41420;MC;NA;2;43;M;F;4049;NEP
059540020020-3691;059540020020;100mN31493E41410;S;NA;1;23;S;M;1824;NEP
059540020020-3692;059540020020;100mN31485E41413;SF;NA;2;63;S;F;5064;NEP
059540020020-3692;059540020020;100mN31485E41413;SF;NA;2;15;S;M;1517;EMP
059540020020-3693;059540020020;100mN31473E41420;MC;NA;4;23;M;F;1824;EMP
059540020020-3693;059540020020;100mN31473E41420;MC;NA;4;30;M;M;3039;NEP
059540020020-3693;059540020020;100mN31473E41420;MC;NA;4;7;S;M;0614;NEP
059540020020-3693;059540020020;100mN31473E41420;MC;NA;4;3;S;M;0305;NEP
059540020020-3694;059540020020;100mN31474E41420;MC;NA;2;57;M;M;5064;EMP
059540020020-3694;059540020020;100mN31474E41420;MC;NA;2;50;M;F;5064;NEP
059540020020-3695;059540020020;100mN31474E41420;SF;NA;2;51;D;F;5064;EMP
059540020020-3695;059540020020;100mN31474E41420;SF;NA;2;21;M;M;1824;EMP
059540020020-3696;059540020020;100mN31474E41420;S;OS;1;80;M;F;75XX;NEP
059540020020-3697;059540020020;100mN31492E41427;S;NA;1;80;M;M;75XX;EMP
059540020020-3698;059540020020;100mN31464E41422;S;NA;1;77;M;F;75XX;EMP
059540020020-3699;059540020020;100mN31464E41422;MC;OS;4;80;M;M;75XX;NEP
059540020020-3699;059540020020;100mN31464E41422;MC;OS;4;77;M;F;75XX;NEP
059540020020-3699;059540020020;100mN31464E41422;MC;OS;4;79;M;F;75XX;EMP
059540020020-3699;059540020020;100mN31464E41422;MC;OS;4;71;S;F;6574;NEP
059540020020-3700;059540020020;100mN31464E41422;S;NA;1;40;W;F;4049;EMP
059540020020-3701;059540020020;100mN31489E41422;MC;NA;3;20;M;F;1824;NEP
059540020020-3701;059540020020;100mN31489E41422;MC;NA;3;27;M;M;2529;EMP
059540020020-3701;059540020020;100mN31489E41422;MC;NA;3;4;S;F;0305;NEP
059540020020-3702;059540020020;100mN31464E41422;S;NA;1;16;S;M;1517;EMP
059540020020-3703;059540020020;100mN31465E41420;S;OS;1;38;S;F;3039;NEP
059540020020-3704;059540020020;100mN31473E41429;S;NA;1;60;D;F;5064;EMP
059540020020-3705;059540020020;100mN31484E41412;MC;NA;2;58;M;F;5064;NEP
059540020020-3705;059540020020;100mN31484E41412;MC;NA;2;55;M;M;5064;NEP
059540020020-3706;059540020020;100mN31497E41436;S;NA;1;75;D;F;75XX;EMP
059540020020-3707;059540020020;100mN31473E41423;MC;OS;4;82;M;F;75XX;NEP
059540020020-3707;059540020020;100mN31473E41423;MC;OS;4;83;M;M;75XX;NEP
059540020020-3707;059540020020;100mN31473E41423;MC;OS;4;70;S;F;6574;NEP
059540020020-3707;059540020020;100mN31473E41423;MC;OS;4;88;S;F;75XX;EMP
059540020020-3708;059540020020;100mN31483E41405;MC;OS;2;88;M;M;75XX;EMP
059540020020-3708;059540020020;100mN31483E41405;MC;OS;2;86;M;F;75XX;NEP
059540020020-3709;059540020020;100mN31464E41432;NA;OS;3;30;M;F;3039;EMP
059540020020-3709;059540020020;100mN31464E41432;NA;OS;3;40;W;F;4049;EMP
059540020020-3709;059540020020;100mN31464E41432;NA;OS;3;85;M;M;75XX;NEP
059540020020-3710;059540020020;100mN31463E41419;MC;NA;3;55;M;M;5064;NEP
059540020020-3710;059540020020;100mN31463E41419;MC;NA;3;52;M;F;5064;EMP
059540020020-3710;059540020020;100mN31463E41419;MC;NA;3;20;W;F;1824;EMP
059540020020-3711;059540020020;100mN31485E41414;MC;MIX;3;72;M;M;6574;EMP
059540020020-3711;059540020020;100mN31485E41414;MC;MIX;3;44;M;F;4049;EMP
059540020020-3711;059540020020;100mN31485E41414;MC;MIX;3;48;M;M;4049;EMP
059540020020-3712;059540020020;100mN31469E41419;SF;NA;3;60;S;F;5064;EMP
059540020020-3712;059540020020;100mN31469E41419;SF;NA;3;2;S;F;0003;NEP
059540020020-3712;059540020020;100mN31469E41419;SF;NA;3;16;S;M;1517;EMP
059540020020-3713;059540020020;100mN31489E41422;MC;NA;3;20;M;F;1824;NEP
059540020020-3713;059540020020;100mN31489E41422;MC;NA;3;27;M;M;2529;EMP
059540020020-3713;059540020020;100mN31489E41422;MC;NA;3;4;S;F;0305;NEP
059540020020-3714;059540020020;100mN31489E41422;S;OS;1;65;S;M;6574;NEP
059540020020-3715;059540020020;100mN31489E41422;SF;NA;2;43;S;F;4049;EMP
059540020020-3715;059540020020;100mN31489E41422;SF;NA;2;12;S;M;0614;NEP
059540020020-3716;059540020020;100mN31489E41422;PO;OS;2;65;S;F;6574;EMP
059540020020-3716;059540020020;100mN31489E41422;PO;OS;2;69;S;M;6574;EMP
059540020020-3717;059540020020;100mN31473E41419;S;NA;1;25;M;F;2529;NEP
059540020020-3718;059540020020;100mN31489E41422;S;OS;1;60;S;F;5064;EMP
059540020020-3719;059540020020;100mN31483E41405;S;OS;1;40;S;F;4049;EMP
059540020020-3720;059540020020;100mN31473E41420;MC;NA;3;59;M;F;5064;NEP
059540020020-3720;059540020020;100mN31473E41420;MC;NA;3;59;M;M;5064;EMP
059540020020-3720;059540020020;100mN31473E41420;MC;NA;3;11;S;F;0614;NEP
059540020020-3721;059540020020;100mN31485E41416;S;OS;1;57;M;M;5064;EMP
059540020020-3722;059540020020;100mN31489E41422;MC;NA;2;52;M;F;5064;NEP
059540020020-3722;059540020020;100mN31489E41422;MC;NA;2;46;M;M;4049;EMP
059540020020-3723;059540020020;100mN31484E41414;MC;NA;2;47;M;F;4049;EMP
059540020020-3723;059540020020;100mN31484E41414;MC;NA;2;52;M;M;5064;EMP
059540020020-3724;059540020020;100mN31489E41422;S;NA;1;18;S;F;1824;NEP
059540020020-3725;059540020020;100mN31493E41410;S;NA;1;18;M;F;1824;EMP
059540020020-3726;059540020020;100mN31482E41413;MC;NA;2;55;M;F;5064;EMP
059540020020-3726;059540020020;100mN31482E41413;MC;NA;2;7;S;M;0614;NEP
059540020020-3727;059540020020;100mN31482E41413;NA;OS;2;43;S;M;4049;NEP
059540020020-3727;059540020020;100mN31482E41413;NA;OS;2;82;S;F;75XX;EMP
059540020020-3728;059540020020;100mN31482E41413;PO;OS;2;85;S;M;75XX;NEP
059540020020-3728;059540020020;100mN31482E41413;PO;OS;2;86;S;M;75XX;EMP
059540020020-3729;059540020020;100mN31461E41422;MC;OS;2;69;M;M;6574;EMP
059540020020-3729;059540020020;100mN31461E41422;MC;OS;2;68;M;F;6574;NEP
059540020020-3730;059540020020;100mN31494E41424;S;OS;1;45;D;F;4049;EMP
059540020020-3731;059540020020;100mN31499E41431;MC;OS;2;72;M;F;6574;EMP
059540020020-3731;059540020020;100mN31499E41431;MC;OS;2;78;M;M;75XX;NEP
059540020020-3732;059540020020;100mN31480E41406;PO;NA;2;58;S;F;5064;NEP
059540020020-3732;059540020020;100mN31480E41406;PO;NA;2;62;S;F;5064;NEP
059540020020-3733;059540020020;100mN31482E41413;S;NA;1;30;S;F;3039;NEP
059540020020-3734;059540020020;100mN31482E41413;MC;NA;3;30;M;F;3039;NEP
059540020020-3734;059540020020;100mN31482E41413;MC;NA;3;34;M;M;3039;NEP
059540020020-3734;059540020020;100mN31482E41413;MC;NA;3;0;S;M;0003;NEP
059540020020-3735;059540020020;100mN31479E41403;S;OS;1;51;S;M;5064;EMP
059540020020-3736;059540020020;100mN31482E41413;MC;MIX;2;67;M;M;6574;EMP
059540020020-3736;059540020020;100mN31482E41413;MC;MIX;2;55;M;F;5064;EMP
059540020020-3737;059540020020;100mN31491E41429;MC;NA;2;35;M;M;3039;NEP
059540020020-3737;059540020020;100mN31491E41429;MC;NA;2;27;M;F;2529;NEP
059540020020-3738;059540020020;100mN31482E41413;S;NA;1;53;D;M;5064;EMP
059540020020-3739;059540020020;100mN31485E41430;S;OS;1;33;M;M;3039;NEP
059540020020-3740;059540020020;100mN31482E41413;MC;NA;5;55;M;M;5064;EMP
059540020020-3740;059540020020;100mN31482E41413;MC;NA;5;47;M;F;4049;EMP
059540020020-3740;059540020020;100mN31482E41413;MC;NA;5;6;S;F;0614;NEP
059540020020-3740;059540020020;100mN31482E41413;MC;NA;5;16;S;M;1517;NEP
059540020020-3740;059540020020;100mN31482E41413;MC;NA;5;10;S;M;0614;NEP
059540020020-3741;059540020020;100mN31478E41406;S;NA;1;80;M;F;75XX;EMP
059540020020-3742;059540020020;100mN31492E41410;SM;NA;3;57;S;M;5064;NEP
059540020020-3742;059540020020;100mN31492E41410;SM;NA;3;8;S;M;0614;NEP
059540020020-3742;059540020020;100mN31492E41410;SM;NA;3;40;M;F;4049;EMP
059540020020-3743;059540020020;100mN31478E41406;MC;OS;3;66;M;F;6574;EMP
059540020020-3743;059540020020;100mN31478E41406;MC;OS;3;72;M;M;6574;EMP
059540020020-3743;059540020020;100mN31478E41406;MC;OS;3;68;S;F;6574;EMP
059540020020-3744;059540020020;100mN31482E41413;MC;NA;4;55;M;M;5064;NEP
059540020020-3744;059540020020;100mN31482E41413;MC;NA;4;51;M;F;5064;NEP
059540020020-3744;059540020020;100mN31482E41413;MC;NA;4;16;S;M;1517;EMP
059540020020-3744;059540020020;100mN31482E41413;MC;NA;4;20;M;M;1824;EMP
059540020020-3745;059540020020;100mN31490E41426;S;NA;1;27;M;M;2529;EMP
059540020020-3746;059540020020;100mN31482E41413;MC;OS;2;68;M;M;6574;EMP
059540020020-3746;059540020020;100mN31482E41413;MC;OS;2;72;M;F;6574;NEP
059540020020-3747;059540020020;100mN31482E41413;NA;OS;2;47;S;F;4049;EMP
059540020020-3747;059540020020;100mN31482E41413;NA;OS;2;44;S;F;4049;EMP
059540020020-3748;059540020020;100mN31475E41423;S;NA;1;46;D;M;4049;NEP
059540020020-3749;059540020020;100mN31482E41413;MC;NA;4;22;M;M;1824;EMP
059540020020-3749;059540020020;100mN31482E41413;MC;NA;4;18;M;F;1824;EMP
059540020020-3749;059540020020;100mN31482E41413;MC;NA;4;3;S;M;0305;NEP
059540020020-3749;059540020020;100mN31482E41413;MC;NA;4;3;S;F;0305;NEP
059540020020-3750;059540020020;100mN31482E41413;S;NA;1;86;M;F;75XX;EMP
059540020020-3751;059540020020;100mN31471E41421;MC;NA;2;53;M;F;5064;EMP
059540020020-3751;059540020020;100mN31471E41421;MC;NA;2;46;M;M;4049;NEP
059540020020-3752;059540020020;100mN31468E41430;S;OS;1;52;M;F;5064;NEP
059540020020-3753;059540020020;100mN31484E41409;S;NA;1;47;W;F;4049;EMP
059540020020-3754;059540020020;100mN31494E41435;S;NA;1;69;D;F;6574;EMP
059540020020-3755;059540020020;100mN31465E41429;SF;NA;2;52;D;F;5064;NEP
059540020020-3755;059540020020;100mN31465E41429;SF;NA;2;8;S;M;0614;NEP
059540020020-3756;059540020020;100mN31484E41419;NA;NA;2;40;M;M;4049;EMP
059540020020-3756;059540020020;100mN31484E41419;NA;NA;2;65;S;F;6574;NEP
059540020020-3757;059540020020;100mN31482E41413;SF;NA;2;69;S;F;6574;NEP
059540020020-3757;059540020020;100mN31482E41413;SF;NA;2;0;S;F;0003;NEP
059540020020-3758;059540020020;100mN31482E41413;MC;NA;2;47;M;M;4049;EMP
059540020020-3758;059540020020;100mN31482E41413;MC;NA;2;47;M;F;4049;EMP
059540020020-3759;059540020020;100mN31484E41411;SF;NA;5;66;D;F;6574;NEP
059540020020-3759;059540020020;100mN31484E41411;SF;NA;5;15;S;M;1517;EMP
059540020020-3759;059540020020;100mN31484E41411;SF;NA;5;6;S;F;0614;NEP
059540020020-3759;059540020020;100mN31484E41411;SF;NA;5;16;S;F;1517;EMP
059540020020-3759;059540020020;100mN31484E41411;SF;NA;5;16;S;F;1517;NEP
059540020020-3760;059540020020;100mN31481E41412;S;NA;1;28;D;M;2529;EMP
059540020020-3761;059540020020;100mN31496E41427;S;OS;1;43;M;F;4049;NEP
059540020020-3762;059540020020;100mN31484E41412;MC;NA;5;54;M;F;5064;NEP
059540020020-3762;059540020020;100mN31484E41412;MC;NA;5;57;M;M;5064;NEP
059540020020-3762;059540020020;100mN31484E41412;MC;NA;5;9;S;M;0614;NEP
059540020020-3762;059540020020;100mN31484E41412;MC;NA;5;6;S;M;0614;NEP
059540020020-3762;059540020020;100mN31484E41412;MC;NA;5;15;S;M;1517;EMP
059540020020-3763;059540020020;100mN31482E41413;S;NA;1;52;M;F;5064;NEP
059540020020-3764;059540020020;100mN31462E41430;MC;NA;2;50;M;M;5064;NEP
059540020020-3764;059540020020;100mN31462E41430;MC;NA;2;56;M;F;5064;EMP
059540020020-3765;059540020020;100mN31482E41413;S;NA;1;71;S;F;6574;NEP
059540020020-3766;059540020020;100mN31482E41413;S;NA;1;38;S;F;3039;NEP
059540020020-3767;059540020020;100mN31482E41413;MC;NA;2;57;M;F;5064;EMP
059540020020-3767;059540020020;100mN31482E41413;MC;NA;2;58;M;M;5064;NEP
059540020020-3768;059540020020;100mN31482E41413;MC;OS;2;72;M;F;6574;EMP
059540020020-3768;059540020020;100mN31482E41413;MC;OS;2;73;M;M;6574;EMP
059540020020-3769;059540020020;100mN31482E41413;S;OS;1;35;S;M;3039;EMP
059540020020-3770;059540020020;100mN31482E41413;MC;OS;3;81;M;M;75XX;EMP
059540020020-3770;059540020020;100mN31482E41413;MC;OS;3;76;M;F;75XX;EMP
059540020020-3770;059540020020;100mN31482E41413;MC;OS;3;65;S;F;6574;EMP
059540020020-3771;059540020020;100mN31482E41413;MC;NA;3;62;M;F;5064;NEP
059540020020-3771;059540020020;100mN31482E41413;MC;NA;3;62;M;M;5064;NEP
059540020020-3771;059540020020;100mN31482E41413;MC;NA;3;8;S;M;0614;NEP
059540020020-3772;059540020020;100mN31482E41413;S;NA;1;71;S;M;6574;EMP
059540020020-3773;059540020020;100mN31478E41406;S;NA;1;19;W;F;1824;NEP
059540020020-3774;059540020020;100mN31500E41444;S;NA;1;36;D;M;3039;NEP
059540020020-3775;059540020020;100mN31479E41405;SF;NA;3;61;D;F;5064;NEP
059540020020-3775;059540020020;100mN31479E41405;SF;NA;3;6;S;M;0614;NEP
059540020020-3775;059540020020;100mN31479E41405;SF;NA;3;7;S;F;0614;NEP
059540020020-3776;059540020020;100mN31482E41413;MC;NA;3;44;M;F;4049;EMP
059540020020-3776;059540020020;100mN31482E41413;MC;NA;3;44;M;M;4049;EMP
059540020020-3776;059540020020;100mN31482E41413;MC;NA;3;15;S;M;1517;EMP
059540020020-3777;059540020020;100mN31486E41410;S;OS;1;46;M;F;4049;EMP
059540020020-3778;059540020020;100mN31482E41413;S;OS;1;71;M;F;6574;NEP
059540020020-3779;059540020020;100mN31468E41421;MC;NA;3;50;M;F;5064;EMP
059540020020-3779;059540020020;100mN31468E41421;MC;NA;3;58;M;M;5064;EMP
059540020020-3779;059540020020;100mN31468E41421;MC;NA;3;6;S;M;0614;NEP
059540020020-3780;059540020020;100mN31483E41405;MC;NA;3;46;M;F;4049;EMP
059540020020-3780;059540020020;100mN31483E41405;MC;NA;3;48;M;M;4049;EMP
059540020020-3780;059540020020;100mN31483E41405;MC;NA;3;12;S;M;0614;NEP
059540020020-3781;059540020020;100mN31461E41428;S;OS;1;36;M;F;3039;NEP
059540020020-3782;059540020020;100mN31483E41403;NA;OS;2;83;S;F;75XX;NEP
059540020020-3782;059540020020;100mN31483E41403;NA;OS;2;48;P;F;4049;EMP
059540020020-3783;059540020020;100mN31472E41424;S;OS;1;19;M;M;1824;EMP
059540020020-3784;059540020020;100mN31471E41431;S;OS;1;33;M;M;3039;EMP
059540020020-3785;059540020020;100mN31461E41428;PO;OS;3;86;S;M;75XX;NEP
059540020020-3785;059540020020;100mN31461E41428;PO;OS;3;85;S;M;75XX;EMP
059540020020-3785;059540020020;100mN31461E41428;PO;OS;3;71;M;M;6574;EMP
059540020020-3786;059540020020;100mN31461E41428;MC;NA;3;47;M;M;4049;EMP
059540020020-3786;059540020020;100mN31461E41428;MC;NA;3;45;M;F;4049;NEP
059540020020-3786;059540020020;100mN31461E41428;MC;NA;3;4;S;F;0305;NEP
059540020020-3787;059540020020;100mN31466E41431;MC;OS;2;78;M;F;75XX;EMP
059540020020-3787;059540020020;100mN31466E41431;MC;OS;2;83;M;M;75XX;EMP
059540020020-3788;059540020020;100mN31467E41429;S;OS;1;35;D;M;3039;NEP
059540020020-3789;059540020020;100mN31461E41428;SF;NA;2;61;D;F;5064;EMP
059540020020-3789;059540020020;100mN31461E41428;SF;NA;2;12;S;F;0614;NEP
059540020020-3790;059540020020;100mN31461E41428;MC;NA;2;50;M;F;5064;NEP
059540020020-3790;059540020020;100mN31461E41428;MC;NA;2;52;M;M;5064;EMP
059540020020-3791;059540020020;100mN31500E41446;S;NA;1;57;W;M;5064;EMP
059540020020-3792;059540020020;100mN31471E41420;MC;OS;4;67;M;F;6574;EMP
059540020020-3792;059540020020;100mN31471E41420;MC;OS;4;69;M;M;6574;NEP
059540020020-3792;059540020020;100mN31471E41420;MC;OS;4;70;D;F;6574;EMP
059540020020-3792;059540020020;100mN31471E41420;MC;OS;4;87;W;F;75XX;NEP
059540020020-3793;059540020020;100mN31488E41421;S;NA;1;65;W;F;6574;NEP
059540020020-3794;059540020020;100mN31461E41428;MC;OS;4;66;M;F;6574;NEP
059540020020-3794;059540020020;100mN31461E41428;MC;OS;4;73;M;M;6574;EMP
059540020020-3794;059540020020;100mN31461E41428;MC;OS;4;68;M;F;6574;NEP
059540020020-3794;059540020020;100mN31461E41428;MC;OS;4;71;M;M;6574;EMP
059540020020-3795;059540020020;100mN31461E41428;S;NA;1;65;W;M;6574;EMP
059540020020-3796;059540020020;100mN31461E41428;S;NA;1;80;S;M;75XX;EMP
059540020020-3797;059540020020;100mN31461E41428;MC;OS;2;83;M;M;75XX;UEP
059540020020-3797;059540020020;100mN31461E41428;MC;OS;2;65;M;F;6574;NEP
059540020020-3798;059540020020;100mN31465E41423;PO;NA;2;44;S;F;4049;NEP
059540020020-3798;059540020020;100mN31465E41423;PO;NA;2;51;S;F;5064;EMP
059540020020-3799;059540020020;100mN31484E41426;S;OS;1;16;S;M;1517;EMP
059540020020-3800;059540020020;100mN31471E41420;SF;NA;6;70;W;F;6574;NEP
059540020020-3800;059540020020;100mN31471E41420;SF;NA;6;20;M;F;1824;NEP
059540020020-3800;059540020020;100mN31471E41420;SF;NA;6;3;S;F;0305;NEP
059540020020-3800;059540020020;100mN31471E41420;SF;NA;6;26;D;F;2529;NEP
059540020020-3800;059540020020;100mN31471E41420;SF;NA;6;48;S;M;4049;EMP
059540020020-3800;059540020020;100mN31471E41420;SF;NA;6;11;S;F;0614;NEP
059540020020-3801;059540020020;100mN31495E41424;MC;NA;2;36;M;M;3039;EMP
059540020020-3801;059540020020;100mN31495E41424;MC;NA;2;32;M;F;3039;EMP
059540020020-3802;059540020020;100mN31495E41424;MC;OS;4;80;M;F;75XX;NEP
059540020020-3802;059540020020;100mN31495E41424;MC;OS;4;83;M;M;75XX;EMP
059540020020-3802;059540020020;100mN31495E41424;MC;OS;4;69;M;F;6574;NEP
059540020020-3802;059540020020;100mN31495E41424;MC;OS;4;83;D;F;75XX;NEP
059540020020-3803;059540020020;100mN31495E41424;MC;NA;2;51;M;M;5064;EMP
059540020020-3803;059540020020;100mN31495E41424;MC;NA;2;51;M;F;5064;NEP
059540020020-3804;059540020020;100mN31472E41420;MC;MIX;2;71;M;M;6574;EMP
059540020020-3804;059540020020;100mN31472E41420;MC;MIX;2;32;M;F;3039;NEP
059540020020-3805;059540020020;100mN31495E41424;MC;OS;2;68;M;M;6574;NEP
059540020020-3805;059540020020;100mN31495E41424;MC;OS;2;75;M;F;75XX;EMP
059540020020-3806;059540020020;100mN31495E41424;MC;NA;2;52;M;M;5064;NEP
059540020020-3806;059540020020;100mN31495E41424;MC;NA;2;44;M;F;4049;NEP
059540020020-3807;059540020020;100mN31495E41424;MC;NA;3;40;M;M;4049;EMP
059540020020-3807;059540020020;100mN31495E41424;MC;NA;3;33;M;F;3039;EMP
059540020020-3807;059540020020;100mN31495E41424;MC;NA;3;12;S;F;0614;NEP
059540020020-3808;059540020020;100mN31495E41424;S;OS;1;34;M;F;3039;NEP
059540020020-3809;059540020020;100mN31495E41424;MC;OS;2;77;M;M;75XX;NEP
059540020020-3809;059540020020;100mN31495E41424;MC;OS;2;71;M;F;6574;EMP
059540020020-3810;059540020020;100mN31495E41424;S;OS;1;27;W;F;2529;NEP
059540020020-3811;059540020020;100mN31495E41424;PO;NA;3;47;S;M;4049;EMP
059540020020-3811;059540020020;100mN31495E41424;PO;NA;3;46;S;M;4049;EMP
059540020020-3811;059540020020;100mN31495E41424;PO;NA;3;13;S;M;0614;NEP
059540020020-3812;059540020020;100mN31495E41424;MC;OS;2;65;M;M;6574;EMP
059540020020-3812;059540020020;100mN31495E41424;MC;OS;2;69;M;F;6574;NEP
059540020020-3813;059540020020;100mN31467E41423;PO;NA;2;40;S;F;4049;NEP
059540020020-3813;059540020020;100mN31467E41423;PO;NA;2;43;S;F;4049;NEP
059540020020-3814;059540020020;100mN31471E41418;MC;MIX;2;65;M;F;6574;NEP
059540020020-3814;059540020020;100mN31471E41418;MC;MIX;2;44;M;F;4049;EMP
059540020020-3815;059540020020;100mN31469E41419;SF;NA;3;60;S;F;5064;EMP
059540020020-3815;059540020020;100mN31469E41419;SF;NA;3;2;S;F;0003;NEP
059540020020-3815;059540020020;100mN31469E41419;SF;NA;3;16;S;M;1517;EMP
059540020020-3816;059540020020;100mN31479E41399;MC;NA;2;41;M;F;4049;NEP
059540020020-3816;059540020020;100mN31479E41399;MC;NA;2;46;M;M;4049;EMP
059540020020-3817;059540020020;100mN31498E41445;NA;OS;2;36;M;M;3039;EMP
059540020020-3817;059540020020;100mN31498E41445;NA;OS;2;51;W;F;5064;NEP
059540020020-3818;059540020020;100mN31479E41399;MC;NA;2;52;M;F;5064;EMP
059540020020-3818;059540020020;100mN31479E41399;MC;NA;2;56;M;M;5064;EMP
059540020020-3819;059540020020;100mN31463E41424;MC;NA;3;57;M;F;5064;EMP
059540020020-3819;059540020020;100mN31463E41424;MC;NA;3;48;M;M;4049;UEP
059540020020-3819;059540020020;100mN31463E41424;MC;NA;3;8;S;M;0614;NEP
059540020020-3820;059540020020;100mN31481E41409;S;NA;1;43;W;M;4049;EMP
059540020020-3821;059540020020;100mN31473E41419;MC;NA;2;60;M;F;5064;NEP
059540020020-3821;059540020020;100mN31473E41419;MC;NA;2;60;M;M;5064;EMP
059540020020-3822;059540020020;100mN31479E41399;MC;NA;2;63;M;M;5064;EMP
059540020020-3822;059540020020;100mN31479E41399;MC;NA;2;63;M;F;5064;NEP
059540020020-3823;059540020020;100mN31487E41428;S;NA;1;63;M;F;5064;EMP
059540020020-3824;059540020020;100mN31497E41444;S;OS;1;34;S;M;3039;EMP
059540020020-3825;059540020020;100mN31499E41447;S;NA;1;46;D;F;4049;NEP
059540020020-3826;059540020020;100mN31488E41413;MC;MIX;3;72;S;M;6574;EMP
059540020020-3826;059540020020;100mN31488E41413;MC;MIX;3;51;M;F;5064;EMP
059540020020-3826;059540020020;100mN31488E41413;MC;MIX;3;58;M;M;5064;EMP
059540020020-3827;059540020020;100mN31467E41427;MC;NA;2;56;M;M;5064;EMP
059540020020-3827;059540020020;100mN31467E41427;MC;NA;2;54;M;F;5064;EMP
059540020020-3828;059540020020;100mN31472E41424;S;OS;1;31;S;F;3039;EMP
059540020020-3829;059540020020;100mN31494E41412;MC;MIX;2;86;M;F;75XX;EMP
059540020020-3829;059540020020;100mN31494E41412;MC;MIX;2;15;S;M;1517;EMP
059540020020-3830;059540020020;100mN31494E41412;S;OS;1;72;D;M;6574;NEP
059540020020-3831;059540020020;100mN31494E41412;MC;OS;3;69;M;F;6574;EMP
059540020020-3831;059540020020;100mN31494E41412;MC;OS;3;82;M;M;75XX;EMP
059540020020-3831;059540020020;100mN31494E41412;MC;OS;3;73;M;M;6574;NEP
059540020020-3832;059540020020;100mN31481E41410;S;NA;1;68;S;F;6574;EMP
059540020020-3833;059540020020;100mN31492E41410;MC;NA;3;44;M;F;4049;NEP
059540020020-3833;059540020020;100mN31492E41410;MC;NA;3;53;M;M;5064;EMP
059540020020-3833;059540020020;100mN31492E41410;MC;NA;3;9;S;M;0614;NEP
059540020020-3834;059540020020;100mN31492E41410;SM;NA;3;57;S;M;5064;NEP
059540020020-3834;059540020020;100mN31492E41410;SM;NA;3;8;S;M;0614;NEP
059540020020-3834;059540020020;100mN31492E41410;SM;NA;3;40;M;F;4049;EMP
059540020020-3835;059540020020;100mN31492E41410;MC;OS;2;65;M;M;6574;EMP
059540020020-3835;059540020020;100mN31492E41410;MC;OS;2;66;M;F;6574;EMP
059540020020-3836;059540020020;100mN31503E41439;S;NA;1;48;M;M;4049;EMP
059540020020-3837;059540020020;100mN31461E41421;S;OS;1;53;S;M;5064;NEP
059540020020-3838;059540020020;100mN31470E41421;PO;OS;2;82;S;F;75XX;EMP
059540020020-3838;059540020020;100mN31470E41421;PO;OS;2;82;S;F;75XX;NEP
059540020020-3839;059540020020;100mN31499E41433;MC;NA;3;58;M;F;5064;NEP
059540020020-3839;059540020020;100mN31499E41433;MC;NA;3;60;M;M;5064;UEP
059540020020-3839;059540020020;100mN31499E41433;MC;NA;3;41;W;M;4049;EMP
059540020020-3840;059540020020;100mN31497E41431;MC;NA;4;25;M;F;2529;EMP
059540020020-3840;059540020020;100mN31497E41431;MC;NA;4;34;M;M;3039;EMP
059540020020-3840;059540020020;100mN31497E41431;MC;NA;4;9;S;M;0614;NEP
059540020020-3840;059540020020;100mN31497E41431;MC;NA;4;1;S;M;0003;NEP
059540020020-3841;059540020020;100mN31497E41431;S;NA;1;71;S;F;6574;NEP
059540020020-3842;059540020020;100mN31465E41429;MC;NA;4;37;M;F;3039;NEP
059540020020-3842;059540020020;100mN31465E41429;MC;NA;4;30;M;M;3039;EMP
059540020020-3842;059540020020;100mN31465E41429;MC;NA;4;4;S;M;0305;NEP
059540020020-3842;059540020020;100mN31465E41429;MC;NA;4;9;S;M;0614;NEP
059540020020-3843;059540020020;100mN31497E41431;NA;OS;4;50;W;F;5064;NEP
059540020020-3843;059540020020;100mN31497E41431;NA;OS;4;73;M;M;6574;EMP
059540020020-3843;059540020020;100mN31497E41431;NA;OS;4;47;S;F;4049;NEP
059540020020-3843;059540020020;100mN31497E41431;NA;OS;4;52;M;F;5064;NEP
059540020020-3844;059540020020;100mN31497E41431;S;NA;1;36;S;M;3039;EMP
059540020020-3845;059540020020;100mN31478E41408;MC;NA;2;21;M;F;1824;EMP
059540020020-3845;059540020020;100mN31478E41408;MC;NA;2;27;M;M;2529;EMP
059540020020-3846;059540020020;100mN31481E41405;MC;NA;2;57;M;F;5064;EMP
059540020020-3846;059540020020;100mN31481E41405;MC;NA;2;59;M;M;5064;EMP
059540020020-3847;059540020020;100mN31478E41408;MC;NA;5;28;M;M;2529;EMP
059540020020-3847;059540020020;100mN31478E41408;MC;NA;5;21;M;F;1824;NEP
059540020020-3847;059540020020;100mN31478E41408;MC;NA;5;2;S;M;0003;NEP
059540020020-3847;059540020020;100mN31478E41408;MC;NA;5;0;S;M;0003;NEP
059540020020-3847;059540020020;100mN31478E41408;MC;NA;5;6;S;F;0614;NEP
059540020020-3848;059540020020;100mN31471E41420;MC;MIX;3;67;W;F;6574;EMP
059540020020-3848;059540020020;100mN31471E41420;MC;MIX;3;41;M;M;4049;EMP
059540020020-3848;059540020020;100mN31471E41420;MC;MIX;3;33;M;F;3039;EMP
059540020020-3849;059540020020;100mN31478E41408;MC;NA;2;56;M;F;5064;EMP
059540020020-3849;059540020020;100mN31478E41408;MC;NA;2;62;M;M;5064;EMP
059540020020-3850;059540020020;100mN31479E41406;S;NA;1;83;S;M;75XX;NEP
059540020020-3851;059540020020;100mN31462E41431;S;NA;1;43;W;F;4049;EMP
059540020020-3852;059540020020;100mN31478E41408;S;OS;1;48;M;M;4049;EMP
059540020020-3853;059540020020;100mN31478E41408;S;NA;1;87;M;F;75XX;NEP
059540020020-3854;059540020020;100mN31481E41410;S;NA;1;68;S;F;6574;EMP
059540020020-3855;059540020020;100mN31479E41407;S;NA;1;56;D;F;5064;EMP
059540020020-3856;059540020020;100mN31478E41408;MC;NA;2;44;M;M;4049;EMP
059540020020-3856;059540020020;100mN31478E41408;MC;NA;2;40;M;F;4049;EMP
059540020020-3857;059540020020;100mN31481E41405;SF;NA;2;45;W;F;4049;EMP
059540020020-3857;059540020020;100mN31481E41405;SF;NA;2;19;M;M;1824;EMP
059540020020-3858;059540020020;100mN31478E41408;MC;OS;3;71;M;F;6574;NEP
059540020020-3858;059540020020;100mN31478E41408;MC;OS;3;73;M;M;6574;EMP
059540020020-3858;059540020020;100mN31478E41408;MC;OS;3;67;S;M;6574;EMP
059540020020-3859;059540020020;100mN31478E41408;MC;NA;2;62;M;F;5064;EMP
059540020020-3859;059540020020;100mN31478E41408;MC;NA;2;57;M;M;5064;EMP
059540020020-3860;059540020020;100mN31500E41432;S;NA;1;65;D;F;6574;EMP
059540020020-3861;059540020020;100mN31478E41408;S;NA;1;73;M;F;6574;NEP
059540020020-3862;059540020020;100mN31468E41420;S;OS;1;38;M;M;3039;NEP
059540020020-3863;059540020020;100mN31491E41419;MC;NA;2;43;M;M;4049;EMP
059540020020-3863;059540020020;100mN31491E41419;MC;NA;2;37;M;F;3039;EMP
059540020020-3864;059540020020;100mN31480E41413;MC;OS;3;67;M;M;6574;UEP
059540020020-3864;059540020020;100mN31480E41413;MC;OS;3;65;M;F;6574;EMP
059540020020-3864;059540020020;100mN31480E41413;MC;OS;3;85;M;F;75XX;EMP
059540020020-3865;059540020020;100mN31489E41417;S;NA;1;66;W;F;6574;NEP
059540020020-3866;059540020020;100mN31464E41427;SF;NA;2;62;W;F;5064;EMP
059540020020-3866;059540020020;100mN31464E41427;SF;NA;2;46;S;F;4049;NEP
059540020020-3867;059540020020;100mN31479E41410;MC;OS;2;81;M;M;75XX;EMP
059540020020-3867;059540020020;100mN31479E41410;MC;OS;2;84;M;F;75XX;EMP
059540020020-3868;059540020020;100mN31479E41406;S;NA;1;45;S;M;4049;EMP
059540020020-3869;059540020020;100mN31489E41412;S;NA;1;63;S;M;5064;NEP
059540020020-3870;059540020020;100mN31482E41415;S;OS;1;62;M;F;5064;EMP
059540020020-3871;059540020020;100mN31482E41415;MC;NA;2;56;M;M;5064;NEP
059540020020-3871;059540020020;100mN31482E41415;MC;NA;2;63;M;F;5064;EMP
059540020020-3872;059540020020;100mN31482E41415;S;NA;1;58;M;F;5064;NEP
059540020020-3873;059540020020;100mN31472E41419;S;OS;1;45;S;F;4049;EMP
059540020020-3874;059540020020;100mN31489E41438;MC;NA;2;61;M;F;5064;EMP
059540020020-3874;059540020020;100mN31489E41438;MC;NA;2;59;M;M;5064;EMP
059540020020-3875;059540020020;100mN31472E41420;MC;MIX;2;71;M;M;6574;EMP
059540020020-3875;059540020020;100mN31472E41420;MC;MIX;2;32;M;F;3039;NEP
059540020020-3876;059540020020;100mN31492E41416;S;OS;1;46;M;M;4049;EMP
059540020020-3877;059540020020;100mN31481E41407;MC;OS;3;85;M;M;75XX;NEP
059540020020-3877;059540020020;100mN31481E41407;MC;OS;3;80;M;F;75XX;EMP
059540020020-3877;059540020020;100mN31481E41407;MC;OS;3;68;S;M;6574;UEP
059540020020-3878;059540020020;100mN31492E41416;MC;OS;4;72;M;F;6574;EMP
059540020020-3878;059540020020;100mN31492E41416;MC;OS;4;77;M;M;75XX;EMP
059540020020-3878;059540020020;100mN31492E41416;MC;OS;4;78;M;F;75XX;NEP
059540020020-3878;059540020020;100mN31492E41416;MC;OS;4;70;M;F;6574;NEP
059540020020-3879;059540020020;100mN31481E41413;PO;NA;4;44;S;F;4049;NEP
059540020020-3879;059540020020;100mN31481E41413;PO;NA;4;51;S;M;5064;EMP
059540020020-3879;059540020020;100mN31481E41413;PO;NA;4;22;W;F;1824;EMP
059540020020-3879;059540020020;100mN31481E41413;PO;NA;4;26;S;F;2529;NEP
059540020020-3880;059540020020;100mN31478E41403;MC;NA;3;54;M;M;5064;NEP
059540020020-3880;059540020020;100mN31478E41403;MC;NA;3;56;M;F;5064;NEP
059540020020-3880;059540020020;100mN31478E41403;MC;NA;3;25;W;F;2529;EMP
059540020020-3881;059540020020;100mN31484E41415;MC;OS;2;65;M;M;6574;EMP
059540020020-3881;059540020020;100mN31484E41415;MC;OS;2;86;M;F;75XX;NEP
059540020020-3882;059540020020;100mN31497E41425;S;OS;1;80;S;M;75XX;NEP
059540020020-3883;059540020020;100mN31469E41432;MC;MIX;2;73;M;M;6574;EMP
059540020020-3883;059540020020;100mN31469E41432;MC;MIX;2;37;M;M;3039;EMP
059540020020-3884;059540020020;100mN31471E41425;MC;NA;4;61;M;F;5064;NEP
059540020020-3884;059540020020;100mN31471E41425;MC;NA;4;62;M;M;5064;NEP
059540020020-3884;059540020020;100mN31471E41425;MC;NA;4;12;S;M;0614;NEP
059540020020-3884;059540020020;100mN31471E41425;MC;NA;4;4;S;F;0305;NEP
059540020020-3885;059540020020;100mN31492E41416;MC;NA;2;31;M;M;3039;NEP
059540020020-3885;059540020020;100mN31492E41416;MC;NA;2;30;M;F;3039;EMP
059540020020-3886;059540020020;100mN31500E41433;MC;MIX;2;68;M;M;6574;EMP
059540020020-3886;059540020020;100mN31500E41433;MC;MIX;2;59;S;M;5064;NEP
059540020020-3887;059540020020;100mN31492E41416;MC;NA;2;57;M;F;5064;NEP
059540020020-3887;059540020020;100mN31492E41416;MC;NA;2;60;M;M;5064;EMP
059540020020-3888;059540020020;100mN31492E41416;MC;NA;2;48;M;F;4049;NEP
059540020020-3888;059540020020;100mN31492E41416;MC;NA;2;50;M;M;5064;EMP
059540020020-3889;059540020020;100mN31492E41416;MC;NA;2;42;M;M;4049;EMP
059540020020-3889;059540020020;100mN31492E41416;MC;NA;2;42;M;F;4049;EMP
059540020020-3890;059540020020;100mN31492E41416;SM;NA;6;56;D;M;5064;NEP
059540020020-3890;059540020020;100mN31492E41416;SM;NA;6;1;S;F;0003;NEP
059540020020-3890;059540020020;100mN31492E41416;SM;NA;6;12;S;M;0614;NEP
059540020020-3890;059540020020;100mN31492E41416;SM;NA;6;9;S;F;0614;NEP
059540020020-3890;059540020020;100mN31492E41416;SM;NA;6;8;S;F;0614;NEP
059540020020-3890;059540020020;100mN31492E41416;SM;NA;6;1;S;M;0003;NEP
059540020020-3891;059540020020;100mN31492E41416;S;NA;1;60;M;M;5064;UEP
059540020020-3892;059540020020;100mN31492E41416;MC;OS;2;83;M;M;75XX;NEP
059540020020-3892;059540020020;100mN31492E41416;MC;OS;2;87;M;F;75XX;EMP
059540020020-3893;059540020020;100mN31498E41445;NA;OS;2;36;M;M;3039;EMP
059540020020-3893;059540020020;100mN31498E41445;NA;OS;2;51;W;F;5064;NEP
059540020020-3894;059540020020;100mN31465E41428;S;OS;1;65;W;F;6574;EMP
059540020020-3895;059540020020;100mN31498E41445;S;OS;1;43;S;M;4049;EMP
059540020020-3896;059540020020;100mN31461E41421;S;OS;1;53;S;M;5064;NEP
059540020020-3897;059540020020;100mN31490E41398;MC;NA;2;43;M;F;4049;EMP
059540020020-3897;059540020020;100mN31490E41398;MC;NA;2;41;M;M;4049;EMP
059540020020-3898;059540020020;100mN31484E41409;MC;NA;2;53;M;F;5064;EMP
059540020020-3898;059540020020;100mN31484E41409;MC;NA;2;62;M;M;5064;EMP
059540020020-3899;059540020020;100mN31497E41445;S;OS;1;42;M;F;4049;EMP
059540020020-3900;059540020020;100mN31483E41427;MC;NA;2;37;M;F;3039;EMP
059540020020-3900;059540020020;100mN31483E41427;MC;NA;2;46;M;M;4049;NEP
059540020020-3901;059540020020;100mN31495E41423;S;NA;1;55;M;M;5064;NEP
059540020020-3902;059540020020;100mN31498E41444;MC;NA;2;28;M;F;2529;EMP
059540020020-3902;059540020020;100mN31498E41444;MC;NA;2;25;M;M;2529;NEP
059540020020-3903;059540020020;100mN31465E41428;MC;OS;2;77;M;F;75XX;EMP
059540020020-3903;059540020020;100mN31465E41428;MC;OS;2;78;M;M;75XX;NEP
059540020020-3904;059540020020;100mN31465E41421;PO;NA;4;62;S;M;5064;EMP
059540020020-3904;059540020020;100mN31465E41421;PO;NA;4;60;S;F;5064;EMP
059540020020-3904;059540020020;100mN31465E41421;PO;NA;4;11;S;M;0614;NEP
059540020020-3904;059540020020;100mN31465E41421;PO;NA;4;37;W;F;3039;NEP
059540020020-3905;059540020020;100mN31498E41444;SF;NA;2;34;S;F;3039;EMP
059540020020-3905;059540020020;100mN31498E41444;SF;NA;2;6;S;F;0614;NEP
059540020020-3906;059540020020;100mN31464E41420;SF;MIX;2;80;D;F;75XX;NEP
059540020020-3906;059540020020;100mN31464E41420;SF;MIX;2;44;D;F;4049;EMP
059540020020-3907;059540020020;100mN31477E41405;SM;NA;2;61;W;M;5064;NEP
059540020020-3907;059540020020;100mN31477E41405;SM;NA;2;4;S;F;0305;NEP
059540020020-3908;059540020020;100mN31498E41444;NA;OS;2;68;M;M;6574;NEP
059540020020-3908;059540020020;100mN31498E41444;NA;OS;2;50;S;M;5064;EMP
059540020020-3909;059540020020;100mN31498E41444;MC;NA;3;38;M;M;3039;NEP
059540020020-3909;059540020020;100mN31498E41444;MC;NA;3;31;M;F;3039;EMP
059540020020-3909;059540020020;100mN31498E41444;MC;NA;3;13;S;M;0614;NEP
059540020020-3910;059540020020;100mN31498E41444;S;NA;1;56;S;M;5064;EMP
059540020020-3911;059540020020;100mN31498E41444;MC;NA;4;44;M;F;4049;NEP
059540020020-3911;059540020020;100mN31498E41444;MC;NA;4;45;M;M;4049;NEP
059540020020-3911;059540020020;100mN31498E41444;MC;NA;4;2;S;F;0003;NEP
059540020020-3911;059540020020;100mN31498E41444;MC;NA;4;9;S;M;0614;NEP
059540020020-3912;059540020020;100mN31498E41444;MC;NA;3;63;M;F;5064;NEP
059540020020-3912;059540020020;100mN31498E41444;MC;NA;3;70;M;M;6574;EMP
059540020020-3912;059540020020;100mN31498E41444;MC;NA;3;27;M;F;2529;NEP
059540020020-3913;059540020020;100mN31482E41416;S;NA;1;58;S;M;5064;EMP
059540020020-3914;059540020020;100mN31499E41436;SF;NA;3;83;D;F;75XX;EMP
059540020020-3914;059540020020;100mN31499E41436;SF;NA;3;19;M;M;1824;EMP
059540020020-3914;059540020020;100mN31499E41436;SF;NA;3;7;S;M;0614;NEP
059540020020-3915;059540020020;100mN31487E41442;S;NA;1;37;D;M;3039;EMP
059540020020-3916;059540020020;100mN31461E41432;MC;NA;2;56;M;F;5064;EMP
059540020020-3916;059540020020;100mN31461E41432;MC;NA;2;54;M;M;5064;EMP
059540020020-3917;059540020020;100mN31461E41432;MC;NA;2;46;M;M;4049;EMP
059540020020-3917;059540020020;100mN31461E41432;MC;NA;2;48;M;F;4049;NEP
059540020020-3918;059540020020;100mN31481E41410;S;NA;1;33;S;M;3039;EMP
059540020020-3919;059540020020;100mN31461E41432;S;NA;1;69;W;M;6574;EMP
059540020020-3920;059540020020;100mN31461E41432;MC;MIX;3;71;M;F;6574;NEP
059540020020-3920;059540020020;100mN31461E41432;MC;MIX;3;43;M;M;4049;NEP
059540020020-3920;059540020020;100mN31461E41432;MC;MIX;3;35;M;F;3039;NEP
059540020020-3921;059540020020;100mN31481E41410;S;OS;1;63;D;F;5064;EMP
059540020020-3922;059540020020;100mN31464E41421;PO;NA;2;60;S;F;5064;NEP
059540020020-3922;059540020020;100mN31464E41421;PO;NA;2;60;S;F;5064;EMP
059540020020-3923;059540020020;100mN31473E41422;SM;MIX;3;71;S;M;6574;EMP
059540020020-3923;059540020020;100mN31473E41422;SM;MIX;3;43;D;M;4049;NEP
059540020020-3923;059540020020;100mN31473E41422;SM;MIX;3;9;S;M;0614;NEP
059540020020-3924;059540020020;100mN31481E41413;SM;NA;2;16;S;M;1517;EMP
059540020020-3924;059540020020;100mN31481E41413;SM;NA;2;0;S;M;0003;NEP
059540020020-3925;059540020020;100mN31460E41380;MC;OS;3;85;M;F;75XX;EMP
059540020020-3925;059540020020;100mN31460E41380;MC;OS;3;86;M;M;75XX;EMP
059540020020-3925;059540020020;100mN31460E41380;MC;OS;3;68;M;F;6574;NEP
059540020020-3926;059540020020;100mN31460E41380;S;NA;1;22;M;M;1824;NEP
059540020020-3927;059540020020;100mN31464E41427;S;NA;1;59;S;F;5064;NEP
059540020020-3928;059540020020;100mN31460E41380;S;NA;1;16;S;F;1517;EMP
059540020020-3929;059540020020;100mN31460E41380;SF;NA;3;16;S;F;1517;NEP
059540020020-3929;059540020020;100mN31460E41380;SF;NA;3;1;S;F;0003;NEP
059540020020-3929;059540020020;100mN31460E41380;SF;NA;3;0;S;M;0003;NEP
059540020020-3930;059540020020;100mN31493E41442;MC;NA;3;40;M;F;4049;NEP
059540020020-3930;059540020020;100mN31493E41442;MC;NA;3;38;M;M;3039;NEP
059540020020-3930;059540020020;100mN31493E41442;MC;NA;3;12;S;F;0614;NEP
059540020020-3931;059540020020;100mN31493E41442;MC;NA;4;60;M;F;5064;NEP
059540020020-3931;059540020020;100mN31493E41442;MC;NA;4;63;M;M;5064;EMP
059540020020-3931;059540020020;100mN31493E41442;MC;NA;4;10;S;F;0614;NEP
059540020020-3931;059540020020;100mN31493E41442;MC;NA;4;15;S;F;1517;EMP
059540020020-3932;059540020020;100mN31483E41407;S;OS;1;27;S;F;2529;EMP
059540020020-3933;059540020020;100mN31467E41423;S;NA;1;66;M;M;6574;UEP
059540020020-3934;059540020020;100mN31498E41439;S;OS;1;37;S;F;3039;EMP
059540020020-3935;059540020020;100mN31469E41420;MC;NA;4;18;M;M;1824;EMP
059540020020-3935;059540020020;100mN31469E41420;MC;NA;4;22;M;F;1824;NEP
059540020020-3935;059540020020;100mN31469E41420;MC;NA;4;3;S;M;0305;NEP
059540020020-3935;059540020020;100mN31469E41420;MC;NA;4;0;S;F;0003;NEP
059540020020-3936;059540020020;100mN31469E41420;MC;NA;2;20;M;M;1824;EMP
059540020020-3936;059540020020;100mN31469E41420;MC;NA;2;20;M;F;1824;EMP
059540020020-3937;059540020020;100mN31497E41435;S;NA;1;40;W;F;4049;NEP
059540020020-3938;059540020020;100mN31485E41403;MC;NA;2;31;M;M;3039;EMP
059540020020-3938;059540020020;100mN31485E41403;MC;NA;2;33;M;F;3039;EMP
059540020020-3939;059540020020;100mN31491E41417;MC;OS;2;66;M;M;6574;EMP
059540020020-3939;059540020020;100mN31491E41417;MC;OS;2;65;M;F;6574;EMP
059540020020-3940;059540020020;100mN31485E41414;S;NA;1;83;D;M;75XX;EMP
059540020020-3941;059540020020;100mN31464E41419;MC;OS;6;80;M;M;75XX;NEP
059540020020-3941;059540020020;100mN31464E41419;MC;OS;6;71;M;F;6574;NEP
059540020020-3941;059540020020;100mN31464E41419;MC;OS;6;69;S;M;6574;EMP
059540020020-3941;059540020020;100mN31464E41419;MC;OS;6;68;S;F;6574;EMP
059540020020-3941;059540020020;100mN31464E41419;MC;OS;6;70;D;F;6574;EMP
059540020020-3941;059540020020;100mN31464E41419;MC;OS;6;83;S;F;75XX;NEP
059540020020-3942;059540020020;100mN31472E41431;S;NA;1;34;D;F;3039;NEP
059540020020-3943;059540020020;100mN31469E41420;MC;NA;3;55;M;M;5064;EMP
059540020020-3943;059540020020;100mN31469E41420;MC;NA;3;54;M;F;5064;EMP
059540020020-3943;059540020020;100mN31469E41420;MC;NA;3;19;S;M;1824;EMP
059540020020-3944;059540020020;100mN31468E41430;MC;NA;2;30;M;M;3039;EMP
059540020020-3944;059540020020;100mN31468E41430;MC;NA;2;27;M;F;2529;NEP
059540020020-3945;059540020020;100mN31498E41438;S;NA;1;59;M;F;5064;EMP
059540020020-3946;059540020020;100mN31469E41420;S;OS;1;72;S;F;6574;EMP
059540020020-3947;059540020020;100mN31468E41429;S;NA;1;25;S;F;2529;EMP
059540020020-3948;059540020020;100mN31469E41420;MC;OS;3;67;M;M;6574;EMP
059540020020-3948;059540020020;100mN31469E41420;MC;OS;3;87;M;F;75XX;NEP
059540020020-3948;059540020020;100mN31469E41420;MC;OS;3;72;S;M;6574;EMP
059540020020-3949;059540020020;100mN31469E41420;MC;NA;4;59;M;M;5064;EMP
059540020020-3949;059540020020;100mN31469E41420;MC;NA;4;56;M;F;5064;EMP
059540020020-3949;059540020020;100mN31469E41420;MC;NA;4;8;S;F;0614;NEP
059540020020-3949;059540020020;100mN31469E41420;MC;NA;4;9;S;M;0614;NEP
059540020020-3950;059540020020;100mN31469E41420;PO;MIX;3;76;D;F;75XX;EMP
059540020020-3950;059540020020;100mN31469E41420;PO;MIX;3;19;S;M;1824;EMP
059540020020-3950;059540020020;100mN31469E41420;PO;MIX;3;18;S;M;1824;EMP
059540020020-3951;059540020020;100mN31469E41420;MC;OS;2;75;M;F;75XX;EMP
059540020020-3951;059540020020;100mN31469E41420;MC;OS;2;78;M;M;75XX;NEP
059540020020-3952;059540020020;100mN31472E41421;S;OS;1;51;D;F;5064;NEP
059540020020-3953;059540020020;100mN31469E41420;MC;NA;3;63;M;F;5064;EMP
059540020020-3953;059540020020;100mN31469E41420;MC;NA;3;19;M;M;1824;NEP
059540020020-3953;059540020020;100mN31469E41420;MC;NA;3;27;M;F;2529;NEP
059540020020-3954;059540020020;100mN31464E41427;MC;NA;2;46;M;M;4049;EMP
059540020020-3954;059540020020;100mN31464E41427;MC;NA;2;40;M;F;4049;EMP
059540020020-3955;059540020020;100mN31469E41420;S;NA;1;61;S;F;5064;EMP
059540020020-3956;059540020020;100mN31472E41423;MC;NA;2;50;M;F;5064;EMP
059540020020-3956;059540020020;100mN31472E41423;MC;NA;2;41;M;M;4049;EMP
059540020020-3957;059540020020;100mN31469E41420;MC;OS;5;73;M;M;6574;EMP
059540020020-3957;059540020020;100mN31469E41420;MC;OS;5;82;M;F;75XX;EMP
059540020020-3957;059540020020;100mN31469E41420;MC;OS;5;85;D;M;75XX;EMP
059540020020-3957;059540020020;100mN31469E41420;MC;OS;5;66;M;M;6574;NEP
059540020020-3957;059540020020;100mN31469E41420;MC;OS;5;88;M;F;75XX;NEP
059540020020-3958;059540020020;100mN31472E41432;MC;NA;4;28;M;M;2529;EMP
059540020020-3958;059540020020;100mN31472E41432;MC;NA;4;26;M;F;2529;EMP
059540020020-3958;059540020020;100mN31472E41432;MC;NA;4;10;S;F;0614;NEP
059540020020-3958;059540020020;100mN31472E41432;MC;NA;4;10;S;M;0614;NEP
059540020020-3959;059540020020;100mN31479E41410;MC;NA;2;45;M;F;4049;EMP
059540020020-3959;059540020020;100mN31479E41410;MC;NA;2;42;M;M;4049;EMP
059540020020-3960;059540020020;100mN31469E41420;MC;NA;2;60;M;F;5064;NEP
059540020020-3960;059540020020;100mN31469E41420;MC;NA;2;9;S;F;0614;NEP
059540020020-3961;059540020020;100mN31487E41426;S;NA;1;60;D;F;5064;NEP
059540020020-3962;059540020020;100mN31469E41420;S;OS;1;48;M;F;4049;NEP
059540020020-3963;059540020020;100mN31490E41422;S;OS;1;61;M;M;5064;EMP
059540020020-3964;059540020020;100mN31469E41420;PO;NA;2;63;S;M;5064;EMP
059540020020-3964;059540020020;100mN31469E41420;PO;NA;2;62;S;F;5064;EMP
059540020020-3965;059540020020;100mN31469E41420;S;NA;1;63;M;F;5064;EMP
059540020020-3966;059540020020;100mN31469E41420;MC;OS;6;89;M;M;75XX;EMP
059540020020-3966;059540020020;100mN31469E41420;MC;OS;6;87;M;F;75XX;NEP
059540020020-3966;059540020020;100mN31469E41420;MC;OS;6;73;M;M;6574;EMP
059540020020-3966;059540020020;100mN31469E41420;MC;OS;6;71;S;F;6574;EMP
059540020020-3966;059540020020;100mN31469E41420;MC;OS;6;72;M;F;6574;EMP
059540020020-3966;059540020020;100mN31469E41420;MC;OS;6;86;D;F;75XX;NEP
059540020020-3967;059540020020;100mN31485E41404;MC;OS;2;70;M;M;6574;EMP
059540020020-3967;059540020020;100mN31485E41404;MC;OS;2;66;M;F;6574;NEP
059540020020-3968;059540020020;100mN31469E41420;S;NA;1;47;M;M;4049;EMP
059540020020-3969;059540020020;100mN31497E41415;MC;NA;3;30;M;M;3039;EMP
059540020020-3969;059540020020;100mN31497E41415;MC;NA;3;27;M;F;2529;NEP
059540020020-3969;059540020020;100mN31497E41415;MC;NA;3;15;S;F;1517;NEP
059540020020-3970;059540020020;100mN31472E41422;MC;MIX;2;80;M;M;75XX;NEP
059540020020-3970;059540020020;100mN31472E41422;MC;MIX;2;15;S;M;1517;EMP
059540020020-3971;059540020020;100mN31469E41420;MC;NA;2;32;M;F;3039;EMP
059540020020-3971;059540020020;100mN31469E41420;MC;NA;2;23;M;M;1824;EMP
059540020020-3972;059540020020;100mN31471E41422;MC;NA;3;38;M;F;3039;EMP
059540020020-3972;059540020020;100mN31471E41422;MC;NA;3;45;M;M;4049;EMP
059540020020-3972;059540020020;100mN31471E41422;MC;NA;3;18;S;M;1824;UEP
059540020020-3973;059540020020;100mN31462E41428;MC;NA;2;26;M;F;2529;NEP
059540020020-3973;059540020020;100mN31462E41428;MC;NA;2;18;M;M;1824;EMP
059540020020-3974;059540020020;100mN31469E41420;S;NA;1;70;S;M;6574;EMP
059540020020-3975;059540020020;100mN31473E41430;S;NA;1;52;W;F;5064;EMP
059540020020-3976;059540020020;100mN31469E41420;S;NA;1;87;M;F;75XX;EMP
059540020020-3977;059540020020;100mN31469E41420;MC;NA;2;55;M;M;5064;EMP
059540020020-3977;059540020020;100mN31469E41420;MC;NA;2;54;M;F;5064;NEP
059540020020-3978;059540020020;100mN31489E41421;MC;NA;3;44;M;F;4049;NEP
059540020020-3978;059540020020;100mN31489E41421;MC;NA;3;45;M;M;4049;EMP
059540020020-3978;059540020020;100mN31489E41421;MC;NA;3;8;S;M;0614;NEP
059540020020-3979;059540020020;100mN31469E41420;MC;NA;2;28;M;M;2529;NEP
059540020020-3979;059540020020;100mN31469E41420;MC;NA;2;23;M;F;1824;NEP
059540020020-3980;059540020020;100mN31469E41420;MC;NA;2;47;M;M;4049;EMP
059540020020-3980;059540020020;100mN31469E41420;MC;NA;2;54;M;F;5064;EMP
059540020020-3981;059540020020;100mN31481E41407;S;OS;1;67;W;F;6574;EMP
059540020020-3982;059540020020;100mN31475E41422;S;OS;1;70;M;F;6574;EMP
059540020020-3983;059540020020;100mN31469E41420;MC;NA;3;57;M;M;5064;NEP
059540020020-3983;059540020020;100mN31469E41420;MC;NA;3;56;M;F;5064;EMP
059540020020-3983;059540020020;100mN31469E41420;MC;NA;3;16;S;M;1517;EMP
059540020020-3984;059540020020;100mN31483E41412;MC;MIX;2;72;M;M;6574;EMP
059540020020-3984;059540020020;100mN31483E41412;MC;MIX;2;63;M;F;5064;NEP
059540020020-3985;059540020020;100mN31469E41420;S;NA;1;63;W;F;5064;EMP
059540020020-3986;059540020020;100mN31469E41420;MC;OS;2;84;M;M;75XX;EMP
059540020020-3986;059540020020;100mN31469E41420;MC;OS;2;84;M;F;75XX;NEP
059540020020-3987;059540020020;100mN31498E41436;S;OS;1;73;D;M;6574;NEP
059540020020-3988;059540020020;100mN31469E41420;PO;NA;2;57;S;M;5064;EMP
059540020020-3988;059540020020;100mN31469E41420;PO;NA;2;55;S;F;5064;EMP
059540020020-3989;059540020020;100mN31469E41420;PO;NA;2;21;S;M;1824;EMP
059540020020-3989;059540020020;100mN31469E41420;PO;NA;2;18;S;F;1824;NEP
059540020020-3990;059540020020;100mN31484E41418;MC;NA;2;55;M;M;5064;EMP
059540020020-3990;059540020020;100mN31484E41418;MC;NA;2;47;M;F;4049;EMP
059540020020-3991;059540020020;100mN31481E41410;PO;NA;2;61;S;F;5064;NEP
059540020020-3991;059540020020;100mN31481E41410;PO;NA;2;27;W;F;2529;EMP
059540020020-3992;059540020020;100mN31469E41420;MC;NA;3;31;M;F;3039;EMP
059540020020-3992;059540020020;100mN31469E41420;MC;NA;3;32;M;M;3039;EMP
059540020020-3992;059540020020;100mN31469E41420;MC;NA;3;13;S;M;0614;NEP
059540020020-3993;059540020020;100mN31479E41404;SF;NA;2;48;D;F;4049;NEP
059540020020-3993;059540020020;100mN31479E41404;SF;NA;2;26;M;M;2529;EMP
059540020020-3994;059540020020;100mN31464E41419;MC;OS;2;72;M;M;6574;EMP
059540020020-3994;059540020020;100mN31464E41419;MC;OS;2;71;M;F;6574;EMP
059540020020-3995;059540020020;100mN31468E41420;MC;OS;4;70;M;F;6574;EMP
059540020020-3995;059540020020;100mN31468E41420;MC;OS;4;72;M;M;6574;EMP
059540020020-3995;059540020020;100mN31468E41420;MC;OS;4;88;M;F;75XX;NEP
059540020020-3995;059540020020;100mN31468E41420;MC;OS;4;72;D;M;6574;EMP
059540020020-3996;059540020020;100mN31479E41404;NA;NA;3;46;W;F;4049;NEP
059540020020-3996;059540020020;100mN31479E41404;NA;NA;3;87;W;F;75XX;EMP
059540020020-3996;059540020020;100mN31479E41404;NA;NA;3;65;S;M;6574;NEP
059540020020-3997;059540020020;100mN31468E41420;S;NA;1;46;D;F;4049;EMP
059540020020-3998;059540020020;100mN31480E41414;S;OS;1;79;M;M;75XX;EMP
059540020020-3999;059540020020;100mN31469E41432;MC;MIX;5;80;M;M;75XX;EMP
059540020020-3999;059540020020;100mN31469E41432;MC;MIX;5;48;M;F;4049;NEP
059540020020-3999;059540020020;100mN31469E41432;MC;MIX;5;51;M;M;5064;EMP
059540020020-3999;059540020020;100mN31469E41432;MC;MIX;5;12;S;F;0614;NEP
059540020020-3999;059540020020;100mN31469E41432;MC;MIX;5;10;S;M;0614;NEP
059540020020-4000;059540020020;100mN31471E41432;MC;OS;2;82;M;M;75XX;NEP
059540020020-4000;059540020020;100mN31471E41432;MC;OS;2;80;M;F;75XX;EMP
059540020020-4001;059540020020;100mN31469E41420;S;NA;1;84;M;F;75XX;EMP
059540020020-4002;059540020020;100mN31469E41420;MC;OS;4;70;M;F;6574;NEP
059540020020-4002;059540020020;100mN31469E41420;MC;OS;4;78;M;M;75XX;NEP
059540020020-4002;059540020020;100mN31469E41420;MC;OS;4;66;S;F;6574;NEP
059540020020-4002;059540020020;100mN31469E41420;MC;OS;4;85;M;F;75XX;NEP
059540020020-4003;059540020020;100mN31469E41420;SF;NA;2;41;S;F;4049;NEP
059540020020-4003;059540020020;100mN31469E41420;SF;NA;2;11;S;F;0614;NEP
059540020020-4004;059540020020;100mN31469E41420;PO;NA;2;61;S;M;5064;EMP
059540020020-4004;059540020020;100mN31469E41420;PO;NA;2;54;S;F;5064;EMP
059540020020-4005;059540020020;100mN31461E41422;MC;NA;2;25;M;M;2529;EMP
059540020020-4005;059540020020;100mN31461E41422;MC;NA;2;25;M;F;2529;NEP
059540020020-4006;059540020020;100mN31465E41421;S;OS;1;58;W;F;5064;NEP
059540020020-4007;059540020020;100mN31487E41437;MC;NA;2;36;M;M;3039;EMP
059540020020-4007;059540020020;100mN31487E41437;MC;NA;2;55;M;F;5064;EMP
059540020020-4008;059540020020;100mN31466E41418;MC;NA;3;53;M;F;5064;EMP
059540020020-4008;059540020020;100mN31466E41418;MC;NA;3;62;M;M;5064;EMP
059540020020-4008;059540020020;100mN31466E41418;MC;NA;3;13;S;F;0614;NEP
059540020020-4009;059540020020;100mN31480E41406;MC;OS;3;85;M;F;75XX;NEP
059540020020-4009;059540020020;100mN31480E41406;MC;OS;3;88;M;M;75XX;NEP
059540020020-4009;059540020020;100mN31480E41406;MC;OS;3;66;W;F;6574;EMP
059540020020-4010;059540020020;100mN31487E41437;SF;NA;2;19;S;F;1824;EMP
059540020020-4010;059540020020;100mN31487E41437;SF;NA;2;0;S;M;0003;NEP
059540020020-4011;059540020020;100mN31485E41410;NA;NA;2;84;M;M;75XX;NEP
059540020020-4011;059540020020;100mN31485E41410;NA;NA;2;68;M;M;6574;EMP
059540020020-4012;059540020020;100mN31475E41420;SF;NA;2;45;S;F;4049;EMP
059540020020-4012;059540020020;100mN31475E41420;SF;NA;2;13;S;F;0614;NEP
059540020020-4013;059540020020;100mN31480E41413;S;OS;1;65;D;F;6574;NEP
059540020020-4014;059540020020;100mN31487E41437;MC;OS;2;65;M;M;6574;NEP
059540020020-4014;059540020020;100mN31487E41437;MC;OS;2;83;M;F;75XX;EMP
059540020020-4015;059540020020;100mN31487E41437;S;NA;1;53;M;M;5064;EMP
059540020020-4016;059540020020;100mN31487E41437;MC;NA;2;40;M;F;4049;NEP
059540020020-4016;059540020020;100mN31487E41437;MC;NA;2;42;M;M;4049;EMP
059540020020-4017;059540020020;100mN31469E41425;MC;NA;2;47;M;F;4049;NEP
059540020020-4017;059540020020;100mN31469E41425;MC;NA;2;48;M;M;4049;EMP
059540020020-4018;059540020020;100mN31469E41425;S;NA;1;59;M;F;5064;EMP
059540020020-4019;059540020020;100mN31489E41438;S;OS;1;61;M;F;5064;NEP
059540020020-4020;059540020020;100mN31487E41439;PO;NA;4;33;S;M;3039;EMP
059540020020-4020;059540020020;100mN31487E41439;PO;NA;4;30;S;M;3039;EMP
059540020020-4020;059540020020;100mN31487E41439;PO;NA;4;8;S;M;0614;NEP
059540020020-4020;059540020020;100mN31487E41439;PO;NA;4;9;S;F;0614;NEP
059540020020-4021;059540020020;100mN31461E41422;S;NA;1;60;M;M;5064;EMP
059540020020-4022;059540020020;100mN31487E41439;MC;NA;2;43;M;M;4049;NEP
059540020020-4022;059540020020;100mN31487E41439;MC;NA;2;34;M;F;3039;NEP
059540020020-4023;059540020020;100mN31487E41439;MC;NA;2;52;M;M;5064;EMP
059540020020-4023;059540020020;100mN31487E41439;MC;NA;2;52;M;F;5064;EMP
059540020020-4024;059540020020;100mN31487E41439;S;NA;1;45;W;F;4049;EMP
059540020020-4025;059540020020;100mN31498E41418;S;OS;1;59;D;F;5064;NEP
059540020020-4026;059540020020;100mN31481E41411;S;OS;1;27;D;M;2529;EMP
059540020020-4027;059540020020;100mN31480E41412;SF;MIX;2;65;D;F;6574;EMP
059540020020-4027;059540020020;100mN31480E41412;SF;MIX;2;34;S;M;3039;NEP
059540020020-4028;059540020020;100mN31480E41412;PO;NA;5;20;S;M;1824;NEP
059540020020-4028;059540020020;100mN31480E41412;PO;NA;5;18;S;F;1824;NEP
059540020020-4028;059540020020;100mN31480E41412;PO;NA;5;4;S;F;0305;NEP
059540020020-4028;059540020020;100mN31480E41412;PO;NA;5;4;S;M;0305;NEP
059540020020-4028;059540020020;100mN31480E41412;PO;NA;5;0;S;F;0003;NEP
059540020020-4029;059540020020;100mN31480E41412;MC;MIX;2;88;M;F;75XX;EMP
059540020020-4029;059540020020;100mN31480E41412;MC;MIX;2;70;M;M;6574;EMP
059540020020-4030;059540020020;100mN31483E41400;PO;NA;2;35;S;M;3039;EMP
059540020020-4030;059540020020;100mN31483E41400;PO;NA;2;31;S;F;3039;EMP
059540020020-4031;059540020020;100mN31484E41417;MC;NA;2;48;M;M;4049;EMP
059540020020-4031;059540020020;100mN31484E41417;MC;NA;2;50;M;F;5064;EMP
059540020020-4032;059540020020;100mN31480E41412;S;NA;1;51;D;F;5064;NEP
059540020020-4033;059540020020;100mN31471E41422;S;NA;1;18;M;M;1824;EMP
059540020020-4034;059540020020;100mN31480E41412;S;NA;1;20;M;F;1824;NEP
059540020020-4035;059540020020;100mN31480E41412;MC;NA;2;54;M;M;5064;NEP
059540020020-4035;059540020020;100mN31480E41412;MC;NA;2;46;M;F;4049;NEP
059540020020-4036;059540020020;100mN31480E41412;S;NA;1;32;D;M;3039;EMP
059540020020-4037;059540020020;100mN31483E41411;MC;NA;2;42;M;M;4049;EMP
059540020020-4037;059540020020;100mN31483E41411;MC;NA;2;33;M;F;3039;NEP
059540020020-4038;059540020020;100mN31494E41435;S;NA;1;69;D;F;6574;EMP
059540020020-4039;059540020020;100mN31478E41406;SF;NA;2;18;S;F;1824;EMP
059540020020-4039;059540020020;100mN31478E41406;SF;NA;2;3;S;F;0305;NEP
059540020020-4040;059540020020;100mN31480E41412;MC;OS;3;78;M;F;75XX;EMP
059540020020-4040;059540020020;100mN31480E41412;MC;OS;3;87;M;M;75XX;UEP
059540020020-4040;059540020020;100mN31480E41412;MC;OS;3;68;M;M;6574;EMP
059540020020-4041;059540020020;100mN31464E41418;S;NA;1;57;S;F;5064;EMP
059540020020-4042;059540020020;100mN31480E41413;MC;NA;4;54;M;M;5064;EMP
059540020020-4042;059540020020;100mN31480E41413;MC;NA;4;56;M;F;5064;NEP
059540020020-4042;059540020020;100mN31480E41413;MC;NA;4;22;M;F;1824;NEP
059540020020-4042;059540020020;100mN31480E41413;MC;NA;4;32;S;F;3039;NEP
059540020020-4043;059540020020;100mN31468E41420;S;NA;1;60;M;M;5064;EMP
059540020020-4044;059540020020;100mN31481E41412;S;NA;1;28;D;M;2529;EMP
059540020020-4045;059540020020;100mN31468E41422;S;OS;1;35;M;M;3039;EMP
059540020020-4046;059540020020;100mN31480E41412;MC;MIX;2;70;M;M;6574;EMP
059540020020-4046;059540020020;100mN31480E41412;MC;MIX;2;63;M;F;5064;NEP
059540020020-4047;059540020020;100mN31483E41414;MC;NA;3;25;M;M;2529;EMP
059540020020-4047;059540020020;100mN31483E41414;MC;NA;3;18;M;F;1824;NEP
059540020020-4047;059540020020;100mN31483E41414;MC;NA;3;10;S;M;0614;NEP
059540020020-4048;059540020020;100mN31480E41412;MC;OS;3;68;M;F;6574;EMP
059540020020-4048;059540020020;100mN31480E41412;MC;OS;3;70;M;M;6574;EMP
059540020020-4048;059540020020;100mN31480E41412;MC;OS;3;85;M;M;75XX;NEP
059540020020-4049;059540020020;100mN31480E41412;S;OS;1;46;S;M;4049;EMP
059540020020-4050;059540020020;100mN31484E41412;S;NA;1;32;S;F;3039;EMP
059540020020-4051;059540020020;100mN31479E41407;MC;OS;5;87;M;F;75XX;EMP
059540020020-4051;059540020020;100mN31479E41407;MC;OS;5;88;M;M;75XX;EMP
059540020020-4051;059540020020;100mN31479E41407;MC;OS;5;67;S;M;6574;NEP
059540020020-4051;059540020020;100mN31479E41407;MC;OS;5;83;D;F;75XX;EMP
059540020020-4051;059540020020;100mN31479E41407;MC;OS;5;76;D;F;75XX;EMP
059540020020-4052;059540020020;100mN31462E41428;S;NA;1;76;M;M;75XX;EMP
059540020020-4053;059540020020;100mN31480E41412;MC;NA;3;52;M;F;5064;EMP
059540020020-4053;059540020020;100mN31480E41412;MC;NA;3;61;M;M;5064;EMP
059540020020-4053;059540020020;100mN31480E41412;MC;NA;3;1;S;F;0003;NEP
059540020020-4054;059540020020;100mN31480E41412;SF;NA;5;69;W;F;6574;NEP
059540020020-4054;059540020020;100mN31480E41412;SF;NA;5;4;S;M;0305;NEP
059540020020-4054;059540020020;100mN31480E41412;SF;NA;5;12;S;F;0614;NEP
059540020020-4054;059540020020;100mN31480E41412;SF;NA;5;19;S;M;1824;EMP
059540020020-4054;059540020020;100mN31480E41412;SF;NA;5;16;S;M;1517;NEP
059540020020-4055;059540020020;100mN31480E41412;S;NA;1;43;D;F;4049;NEP
059540020020-4056;059540020020;100mN31480E41412;S;OS;1;61;M;F;5064;NEP
059540020020-4057;059540020020;100mN31480E41412;MC;NA;2;44;M;M;4049;NEP
059540020020-4057;059540020020;100mN31480E41412;MC;NA;2;43;M;F;4049;NEP
059540020020-4058;059540020020;100mN31479E41401;MC;NA;4;46;M;F;4049;NEP
059540020020-4058;059540020020;100mN31479E41401;MC;NA;4;48;M;M;4049;EMP
059540020020-4058;059540020020;100mN31479E41401;MC;NA;4;11;S;F;0614;NEP
059540020020-4058;059540020020;100mN31479E41401;MC;NA;4;7;S;M;0614;NEP
059540020020-4059;059540020020;100mN31480E41412;S;NA;1;53;M;F;5064;NEP
059540020020-4060;059540020020;100mN31483E41399;S;NA;1;50;S;F;5064;EMP
059540020020-4061;059540020020;100mN31480E41412;S;NA;1;38;M;M;3039;NEP
059540020020-4062;059540020020;100mN31480E41412;S;OS;1;69;M;F;6574;EMP
059540020020-4063;059540020020;100mN31491E41432;S;OS;1;59;W;F;5064;EMP
059540020020-4064;059540020020;100mN31480E41412;S;NA;1;66;M;M;6574;NEP
059540020020-4065;059540020020;100mN31481E41413;MC;MIX;2;81;M;F;75XX;EMP
059540020020-4065;059540020020;100mN31481E41413;MC;MIX;2;66;M;F;6574;EMP
059540020020-4066;059540020020;100mN31492E41401;S;OS;1;53;W;F;5064;EMP
059540020020-4067;059540020020;100mN31489E41415;PO;NA;2;60;S;F;5064;NEP
059540020020-4067;059540020020;100mN31489E41415;PO;NA;2;59;D;F;5064;EMP
059540020020-4068;059540020020;100mN31480E41412;S;NA;1;86;M;F;75XX;EMP
059540020020-4069;059540020020;100mN31472E41420;MC;NA;2;54;M;M;5064;EMP
059540020020-4069;059540020020;100mN31472E41420;MC;NA;2;55;M;F;5064;EMP
059540020020-4070;059540020020;100mN31498E41433;MC;MIX;2;66;M;M;6574;NEP
059540020020-4070;059540020020;100mN31498E41433;MC;MIX;2;63;M;F;5064;NEP
059540020020-4071;059540020020;100mN31463E41422;PO;NA;2;38;S;M;3039;NEP
059540020020-4071;059540020020;100mN31463E41422;PO;NA;2;34;S;M;3039;NEP
059540020020-4072;059540020020;100mN31480E41412;MC;NA;3;56;M;F;5064;NEP
059540020020-4072;059540020020;100mN31480E41412;MC;NA;3;58;M;M;5064;EMP
059540020020-4072;059540020020;100mN31480E41412;MC;NA;3;3;S;F;0305;NEP
059540020020-4073;059540020020;100mN31500E41423;S;OS;1;40;S;F;4049;EMP
059540020020-4074;059540020020;100mN31481E41411;MC;NA;3;57;M;M;5064;NEP
059540020020-4074;059540020020;100mN31481E41411;MC;NA;3;53;M;F;5064;EMP
059540020020-4074;059540020020;100mN31481E41411;MC;NA;3;4;S;F;0305;NEP
059540020020-4075;059540020020;100mN31480E41412;MC;OS;2;86;M;F;75XX;EMP
059540020020-4075;059540020020;100mN31480E41412;MC;OS;2;52;S;F;5064;EMP
059540020020-4076;059540020020;100mN31475E41422;SM;NA;2;22;S;M;1824;NEP
059540020020-4076;059540020020;100mN31475E41422;SM;NA;2;3;S;F;0305;NEP
059540020020-4077;059540020020;100mN31471E41420;MC;NA;3;63;M;F;5064;EMP
059540020020-4077;059540020020;100mN31471E41420;MC;NA;3;46;S;M;4049;EMP
059540020020-4077;059540020020;100mN31471E41420;MC;NA;3;6;S;M;0614;NEP
059540020020-4078;059540020020;100mN31464E41424;S;NA;1;36;W;F;3039;EMP
059540020020-4079;059540020020;100mN31472E41424;S;OS;1;46;W;F;4049;NEP
059540020020-4080;059540020020;100mN31473E41418;SF;NA;2;55;W;F;5064;EMP
059540020020-4080;059540020020;100mN31473E41418;SF;NA;2;2;S;F;0003;NEP
059540020020-4081;059540020020;100mN31480E41412;MC;NA;2;22;M;M;1824;EMP
059540020020-4081;059540020020;100mN31480E41412;MC;NA;2;20;M;F;1824;NEP
059540020020-4082;059540020020;100mN31485E41410;S;OS;1;32;D;F;3039;EMP
059540020020-4083;059540020020;100mN31491E41428;MC;NA;4;51;M;M;5064;NEP
059540020020-4083;059540020020;100mN31491E41428;MC;NA;4;53;M;F;5064;NEP
059540020020-4083;059540020020;100mN31491E41428;MC;NA;4;10;S;M;0614;NEP
059540020020-4083;059540020020;100mN31491E41428;MC;NA;4;15;S;F;1517;NEP
059540020020-4084;059540020020;100mN31480E41412;MC;NA;3;23;M;F;1824;EMP
059540020020-4084;059540020020;100mN31480E41412;MC;NA;3;26;M;M;2529;EMP
059540020020-4084;059540020020;100mN31480E41412;MC;NA;3;3;S;F;0305;NEP
059540020020-4085;059540020020;100mN31473E41420;S;NA;1;51;D;F;5064;NEP
059540020020-4086;059540020020;100mN31480E41412;MC;NA;2;41;M;M;4049;EMP
059540020020-4086;059540020020;100mN31480E41412;MC;NA;2;40;M;F;4049;EMP
059540020020-4087;059540020020;100mN31464E41424;S;NA;1;48;M;F;4049;EMP
059540020020-4088;059540020020;100mN31497E41445;MC;MIX;3;68;S;F;6574;EMP
059540020020-4088;059540020020;100mN31497E41445;MC;MIX;3;43;M;F;4049;NEP
059540020020-4088;059540020020;100mN31497E41445;MC;MIX;3;46;M;M;4049;NEP
059540020020-4089;059540020020;100mN31471E41420;S;NA;1;73;M;M;6574;EMP
059540020020-4090;059540020020;100mN31480E41412;MC;MIX;2;88;M;M;75XX;NEP
059540020020-4090;059540020020;100mN31480E41412;MC;MIX;2;71;M;M;6574;EMP
059540020020-4091;059540020020;100mN31471E41419;PO;NA;2;45;S;F;4049;NEP
059540020020-4091;059540020020;100mN31471E41419;PO;NA;2;48;S;F;4049;EMP
059540020020-4092;059540020020;100mN31480E41412;NA;MIX;3;22;M;M;1824;EMP
059540020020-4092;059540020020;100mN31480E41412;NA;MIX;3;41;S;M;4049;EMP
059540020020-4092;059540020020;100mN31480E41412;NA;MIX;3;50;S;M;5064;EMP
059540020020-4093;059540020020;100mN31480E41412;MC;OS;2;85;M;F;75XX;NEP
059540020020-4093;059540020020;100mN31480E41412;MC;OS;2;89;M;M;75XX;EMP
059540020020-4094;059540020020;100mN31481E41413;MC;MIX;5;67;M;M;6574;EMP
059540020020-4094;059540020020;100mN31481E41413;MC;MIX;5;60;M;F;5064;EMP
059540020020-4094;059540020020;100mN31481E41413;MC;MIX;5;63;M;M;5064;EMP
059540020020-4094;059540020020;100mN31481E41413;MC;MIX;5;30;M;M;3039;EMP
059540020020-4094;059540020020;100mN31481E41413;MC;MIX;5;15;S;F;1517;EMP
059540020020-4095;059540020020;100mN31460E41431;S;OS;1;48;M;F;4049;NEP
059540020020-4096;059540020020;100mN31480E41412;S;OS;1;72;S;F;6574;NEP
059540020020-4097;059540020020;100mN31480E41412;PO;NA;2;62;S;M;5064;EMP
059540020020-4097;059540020020;100mN31480E41412;PO;NA;2;63;S;M;5064;EMP
059540020020-4098;059540020020;100mN31477E41403;SF;NA;2;43;D;F;4049;NEP
059540020020-4098;059540020020;100mN31477E41403;SF;NA;2;16;S;M;1517;EMP
059540020020-4099;059540020020;100mN31462E41420;SF;MIX;2;79;D;F;75XX;NEP
059540020020-4099;059540020020;100mN31462E41420;SF;MIX;2;41;W;F;4049;NEP
059540020020-4100;059540020020;100mN31480E41412;S;OS;1;76;S;M;75XX;NEP
059540020020-4101;059540020020;100mN31480E41412;MC;MIX;2;66;M;M;6574;EMP
059540020020-4101;059540020020;100mN31480E41412;MC;MIX;2;48;M;M;4049;UEP
059540020020-4102;059540020020;100mN31480E41412;MC;MIX;4;66;M;M;6574;NEP
059540020020-4102;059540020020;100mN31480E41412;MC;MIX;4;44;M;F;4049;NEP
059540020020-4102;059540020020;100mN31480E41412;MC;MIX;4;18;M;M;1824;EMP
059540020020-4102;059540020020;100mN31480E41412;MC;MIX;4;18;S;M;1824;NEP
059540020020-4103;059540020020;100mN31480E41412;S;OS;1;38;M;F;3039;EMP
059540020020-4104;059540020020;100mN31480E41412;MC;NA;3;43;M;M;4049;EMP
059540020020-4104;059540020020;100mN31480E41412;MC;NA;3;35;M;F;3039;EMP
059540020020-4104;059540020020;100mN31480E41412;MC;NA;3;16;S;M;1517;NEP
059540020020-4105;059540020020;100mN31480E41412;S;NA;1;60;M;M;5064;EMP
059540020020-4106;059540020020;100mN31464E41418;S;OS;1;68;W;F;6574;EMP
059540020020-4107;059540020020;100mN31498E41417;S;OS;1;69;W;M;6574;EMP
059540020020-4108;059540020020;100mN31480E41412;S;OS;1;40;M;M;4049;EMP
059540020020-4109;059540020020;100mN31480E41412;S;NA;1;44;S;M;4049;EMP
059540020020-4110;059540020020;100mN31490E41419;MC;OS;2;86;M;F;75XX;EMP
059540020020-4110;059540020020;100mN31490E41419;MC;OS;2;87;M;M;75XX;EMP
059540020020-4111;059540020020;100mN31492E41428;SF;NA;4;18;W;F;1824;EMP
059540020020-4111;059540020020;100mN31492E41428;SF;NA;4;3;S;M;0305;NEP
059540020020-4111;059540020020;100mN31492E41428;SF;NA;4;2;S;M;0003;NEP
059540020020-4111;059540020020;100mN31492E41428;SF;NA;4;2;S;F;0003;NEP
059540020020-4112;059540020020;100mN31480E41412;MC;NA;5;48;M;F;4049;NEP
059540020020-4112;059540020020;100mN31480E41412;MC;NA;5;56;M;M;5064;EMP
059540020020-4112;059540020020;100mN31480E41412;MC;NA;5;27;W;F;2529;EMP
059540020020-4112;059540020020;100mN31480E41412;MC;NA;5;9;S;F;0614;NEP
059540020020-4112;059540020020;100mN31480E41412;MC;NA;5;6;S;F;0614;NEP
059540020020-4113;059540020020;100mN31480E41412;MC;NA;2;43;M;M;4049;EMP
059540020020-4113;059540020020;100mN31480E41412;MC;NA;2;40;M;F;4049;EMP
059540020020-4114;059540020020;100mN31486E41429;NA;NA;3;83;M;F;75XX;NEP
059540020020-4114;059540020020;100mN31486E41429;NA;NA;3;33;S;F;3039;NEP
059540020020-4114;059540020020;100mN31486E41429;NA;NA;3;70;S;M;6574;UEP
059540020020-4115;059540020020;100mN31463E41423;SF;MIX;4;82;M;F;75XX;EMP
059540020020-4115;059540020020;100mN31463E41423;SF;MIX;4;40;W;F;4049;EMP
059540020020-4115;059540020020;100mN31463E41423;SF;MIX;4;9;S;M;0614;NEP
059540020020-4115;059540020020;100mN31463E41423;SF;MIX;4;7;S;F;0614;NEP
059540020020-4116;059540020020;100mN31481E41404;MC;MIX;2;80;M;F;75XX;EMP
059540020020-4116;059540020020;100mN31481E41404;MC;MIX;2;16;S;M;1517;EMP
059540020020-4117;059540020020;100mN31483E41403;S;NA;1;52;D;F;5064;NEP
059540020020-4118;059540020020;100mN31480E41412;SF;NA;2;68;W;F;6574;EMP
059540020020-4118;059540020020;100mN31480E41412;SF;NA;2;12;S;F;0614;NEP
059540020020-4119;059540020020;100mN31491E41414;S;NA;1;57;S;F;5064;EMP
059540020020-4120;059540020020;100mN31480E41412;MC;NA;3;28;M;F;2529;NEP
059540020020-4120;059540020020;100mN31480E41412;MC;NA;3;30;M;M;3039;EMP
059540020020-4120;059540020020;100mN31480E41412;MC;NA;3;9;S;M;0614;NEP
059540020020-4121;059540020020;100mN31471E41432;MC;MIX;2;72;M;M;6574;NEP
059540020020-4121;059540020020;100mN31471E41432;MC;MIX;2;63;M;F;5064;NEP
059540020020-4122;059540020020;100mN31478E41407;SF;NA;3;45;D;F;4049;EMP
059540020020-4122;059540020020;100mN31478E41407;SF;NA;3;16;S;M;1517;NEP
059540020020-4122;059540020020;100mN31478E41407;SF;NA;3;30;S;F;3039;EMP
059540020020-4123;059540020020;100mN31480E41412;S;OS;1;83;S;F;75XX;EMP
059540020020-4124;059540020020;100mN31480E41412;MC;NA;4;50;M;M;5064;NEP
059540020020-4124;059540020020;100mN31480E41412;MC;NA;4;48;M;F;4049;EMP
059540020020-4124;059540020020;100mN31480E41412;MC;NA;4;0;S;F;0003;NEP
059540020020-4124;059540020020;100mN31480E41412;MC;NA;4;12;S;M;0614;NEP
059540020020-4125;059540020020;100mN31471E41425;S;NA;1;42;M;M;4049;EMP
059540020020-4126;059540020020;100mN31475E41422;S;NA;1;38;W;M;3039;EMP
059540020020-4127;059540020020;100mN31480E41412;S;OS;1;88;M;F;75XX;EMP
059540020020-4128;059540020020;100mN31480E41412;MC;OS;3;69;M;F;6574;EMP
059540020020-4128;059540020020;100mN31480E41412;MC;OS;3;73;M;M;6574;EMP
059540020020-4128;059540020020;100mN31480E41412;MC;OS;3;73;M;F;6574;NEP
059540020020-4129;059540020020;100mN31483E41413;S;NA;1;23;M;M;1824;UEP
059540020020-4130;059540020020;100mN31498E41438;S;NA;1;41;M;M;4049;EMP
059540020020-4131;059540020020;100mN31498E41438;S;NA;1;61;W;M;5064;EMP
059540020020-4132;059540020020;100mN31481E41414;MC;NA;2;55;M;F;5064;NEP
059540020020-4132;059540020020;100mN31481E41414;MC;NA;2;61;M;M;5064;NEP
059540020020-4133;059540020020;100mN31498E41438;MC;OS;3;88;M;F;75XX;EMP
059540020020-4133;059540020020;100mN31498E41438;MC;OS;3;89;M;M;75XX;EMP
059540020020-4133;059540020020;100mN31498E41438;MC;OS;3;84;S;F;75XX;NEP
059540020020-4134;059540020020;100mN31498E41438;MC;OS;2;72;M;M;6574;NEP
059540020020-4134;059540020020;100mN31498E41438;MC;OS;2;68;M;F;6574;NEP
059540020020-4135;059540020020;100mN31498E41438;MC;OS;2;80;M;M;75XX;EMP
059540020020-4135;059540020020;100mN31498E41438;MC;OS;2;78;M;F;75XX;EMP
059540020020-4136;059540020020;100mN31498E41438;S;NA;1;59;M;F;5064;EMP
059540020020-4137;059540020020;100mN31498E41438;S;OS;1;31;S;F;3039;NEP
059540020020-4138;059540020020;100mN31490E41420;MC;NA;2;41;M;M;4049;EMP
059540020020-4138;059540020020;100mN31490E41420;MC;NA;2;36;M;F;3039;NEP
059540020020-4139;059540020020;100mN31473E41432;MC;NA;2;50;M;M;5064;UEP
059540020020-4139;059540020020;100mN31473E41432;MC;NA;2;56;M;F;5064;NEP
059540020020-4140;059540020020;100mN31486E41432;MC;OS;2;65;M;F;6574;EMP
059540020020-4140;059540020020;100mN31486E41432;MC;OS;2;77;M;M;75XX;NEP
059540020020-4141;059540020020;100mN31463E41420;MC;NA;2;40;M;F;4049;NEP
059540020020-4141;059540020020;100mN31463E41420;MC;NA;2;42;M;M;4049;NEP
059540020020-4142;059540020020;100mN31498E41429;S;NA;1;51;M;M;5064;EMP
059540020020-4143;059540020020;100mN31498E41429;S;NA;1;50;M;F;5064;EMP
059540020020-4144;059540020020;100mN31491E41399;S;NA;1;43;D;F;4049;NEP
059540020020-4145;059540020020;100mN31498E41429;MC;OS;3;66;M;M;6574;NEP
059540020020-4145;059540020020;100mN31498E41429;MC;OS;3;65;M;F;6574;EMP
059540020020-4145;059540020020;100mN31498E41429;MC;OS;3;76;S;F;75XX;EMP
059540020020-4146;059540020020;100mN31492E41428;MC;NA;3;47;M;F;4049;NEP
059540020020-4146;059540020020;100mN31492E41428;MC;NA;3;59;M;M;5064;EMP
059540020020-4146;059540020020;100mN31492E41428;MC;NA;3;9;S;M;0614;NEP
059540020020-4147;059540020020;100mN31498E41429;S;OS;1;52;M;M;5064;UEP
059540020020-4148;059540020020;100mN31466E41416;MC;NA;2;19;M;F;1824;EMP
059540020020-4148;059540020020;100mN31466E41416;MC;NA;2;26;M;M;2529;EMP
059540020020-4149;059540020020;100mN31483E41414;S;OS;1;44;M;M;4049;EMP
059540020020-4150;059540020020;100mN31466E41416;S;NA;1;59;M;F;5064;EMP
059540020020-4151;059540020020;100mN31499E41434;MC;NA;2;45;M;M;4049;EMP
059540020020-4151;059540020020;100mN31499E41434;MC;NA;2;43;M;F;4049;EMP
059540020020-4152;059540020020;100mN31461E41421;MC;NA;2;33;M;M;3039;EMP
059540020020-4152;059540020020;100mN31461E41421;MC;NA;2;40;M;F;4049;NEP
059540020020-4153;059540020020;100mN31472E41431;S;NA;1;34;D;F;3039;NEP
059540020020-4154;059540020020;100mN31473E41418;MC;NA;2;55;M;M;5064;NEP
059540020020-4154;059540020020;100mN31473E41418;MC;NA;2;52;M;F;5064;NEP
059540020020-4155;059540020020;100mN31481E41407;PO;NA;4;63;S;F;5064;NEP
059540020020-4155;059540020020;100mN31481E41407;PO;NA;4;63;S;F;5064;NEP
059540020020-4155;059540020020;100mN31481E41407;PO;NA;4;9;S;M;0614;NEP
059540020020-4155;059540020020;100mN31481E41407;PO;NA;4;18;W;F;1824;EMP
059540020020-4156;059540020020;100mN31466E41416;MC;NA;2;53;M;F;5064;EMP
059540020020-4156;059540020020;100mN31466E41416;MC;NA;2;44;M;M;4049;NEP
059540020020-4157;059540020020;100mN31466E41416;S;NA;1;33;M;F;3039;NEP
059540020020-4158;059540020020;100mN31466E41416;S;OS;1;19;S;F;1824;NEP
059540020020-4159;059540020020;100mN31466E41416;MC;NA;4;59;M;M;5064;NEP
059540020020-4159;059540020020;100mN31466E41416;MC;NA;4;57;M;F;5064;NEP
059540020020-4159;059540020020;100mN31466E41416;MC;NA;4;12;S;M;0614;NEP
059540020020-4159;059540020020;100mN31466E41416;MC;NA;4;26;S;F;2529;NEP
059540020020-4160;059540020020;100mN31466E41416;MC;MIX;2;76;M;M;75XX;NEP
059540020020-4160;059540020020;100mN31466E41416;MC;MIX;2;48;M;F;4049;EMP
059540020020-4161;059540020020;100mN31478E41401;MC;MIX;2;73;M;M;6574;EMP
059540020020-4161;059540020020;100mN31478E41401;MC;MIX;2;40;M;F;4049;NEP
059540020020-4162;059540020020;100mN31485E41410;MC;MIX;2;70;M;M;6574;NEP
059540020020-4162;059540020020;100mN31485E41410;MC;MIX;2;71;W;M;6574;EMP
059540020020-4163;059540020020;100mN31484E41417;SF;NA;2;65;S;F;6574;EMP
059540020020-4163;059540020020;100mN31484E41417;SF;NA;2;20;M;M;1824;EMP
059540020020-4164;059540020020;100mN31466E41416;PO;OS;3;87;S;F;75XX;EMP
059540020020-4164;059540020020;100mN31466E41416;PO;OS;3;89;S;F;75XX;EMP
059540020020-4164;059540020020;100mN31466E41416;PO;OS;3;78;M;F;75XX;NEP
059540020020-4165;059540020020;100mN31478E41422;NA;OS;2;57;M;M;5064;NEP
059540020020-4165;059540020020;100mN31478E41422;NA;OS;2;82;S;M;75XX;EMP
059540020020-4166;059540020020;100mN31481E41404;S;NA;1;48;W;F;4049;EMP
059540020020-4167;059540020020;100mN31479E41404;S;NA;1;60;M;F;5064;EMP
059540020020-4168;059540020020;100mN31466E41416;SM;NA;2;82;S;M;75XX;EMP
059540020020-4168;059540020020;100mN31466E41416;SM;NA;2;15;S;M;1517;EMP
059540020020-4169;059540020020;100mN31472E41422;S;OS;1;50;M;F;5064;EMP
059540020020-4170;059540020020;100mN31498E41426;MC;NA;3;23;M;M;1824;NEP
059540020020-4170;059540020020;100mN31498E41426;MC;NA;3;22;M;F;1824;NEP
059540020020-4170;059540020020;100mN31498E41426;MC;NA;3;8;S;M;0614;NEP
059540020020-4171;059540020020;100mN31498E41426;MC;NA;2;32;M;M;3039;EMP
059540020020-4171;059540020020;100mN31498E41426;MC;NA;2;30;M;F;3039;NEP
059540020020-4172;059540020020;100mN31498E41426;S;NA;1;73;S;M;6574;EMP
059540020020-4173;059540020020;100mN31461E41421;S;NA;1;46;M;F;4049;EMP
059540020020-4174;059540020020;100mN31483E41405;MC;NA;2;55;M;F;5064;NEP
059540020020-4174;059540020020;100mN31483E41405;MC;NA;2;45;M;F;4049;NEP
059540020020-4175;059540020020;100mN31484E41414;S;OS;1;27;M;M;2529;NEP
059540020020-4176;059540020020;100mN31470E41421;MC;OS;2;76;M;M;75XX;EMP
059540020020-4176;059540020020;100mN31470E41421;MC;OS;2;71;M;F;6574;EMP
059540020020-4177;059540020020;100mN31470E41421;S;OS;1;58;M;F;5064;NEP
059540020020-4178;059540020020;100mN31491E41429;MC;NA;2;60;M;M;5064;NEP
059540020020-4178;059540020020;100mN31491E41429;MC;NA;2;56;M;F;5064;EMP
059540020020-4179;059540020020;100mN31470E41421;PO;OS;2;82;S;F;75XX;EMP
059540020020-4179;059540020020;100mN31470E41421;PO;OS;2;82;S;F;75XX;NEP
059540020020-4180;059540020020;100mN31470E41421;SM;NA;2;88;S;M;75XX;NEP
059540020020-4180;059540020020;100mN31470E41421;SM;NA;2;15;S;F;1517;NEP
059540020020-4181;059540020020;100mN31490E41418;S;NA;1;55;S;M;5064;NEP
059540020020-4182;059540020020;100mN31471E41421;MC;MIX;4;70;M;M;6574;EMP
059540020020-4182;059540020020;100mN31471E41421;MC;MIX;4;44;M;M;4049;UEP
059540020020-4182;059540020020;100mN31471E41421;MC;MIX;4;53;M;F;5064;EMP
059540020020-4182;059540020020;100mN31471E41421;MC;MIX;4;10;S;M;0614;NEP
059540020020-4183;059540020020;100mN31484E41428;MC;MIX;5;73;M;F;6574;EMP
059540020020-4183;059540020020;100mN31484E41428;MC;MIX;5;54;M;F;5064;NEP
059540020020-4183;059540020020;100mN31484E41428;MC;MIX;5;57;M;M;5064;EMP
059540020020-4183;059540020020;100mN31484E41428;MC;MIX;5;6;S;M;0614;NEP
059540020020-4183;059540020020;100mN31484E41428;MC;MIX;5;11;S;M;0614;NEP
059540020020-4184;059540020020;100mN31464E41431;MC;NA;3;47;M;F;4049;EMP
059540020020-4184;059540020020;100mN31464E41431;MC;NA;3;53;M;M;5064;EMP
059540020020-4184;059540020020;100mN31464E41431;MC;NA;3;27;M;F;2529;NEP
059540020020-4185;059540020020;100mN31470E41421;S;NA;1;35;M;F;3039;EMP
059540020020-4186;059540020020;100mN31486E41412;MC;OS;2;82;M;M;75XX;EMP
059540020020-4186;059540020020;100mN31486E41412;MC;OS;2;48;W;F;4049;EMP
059540020020-4187;059540020020;100mN31484E41419;MC;NA;2;47;M;M;4049;EMP
059540020020-4187;059540020020;100mN31484E41419;MC;NA;2;44;M;F;4049;EMP
059540020020-4188;059540020020;100mN31473E41422;MC;NA;3;61;M;M;5064;NEP
059540020020-4188;059540020020;100mN31473E41422;MC;NA;3;40;D;F;4049;EMP
059540020020-4188;059540020020;100mN31473E41422;MC;NA;3;15;S;M;1517;EMP
059540020020-4189;059540020020;100mN31499E41432;NA;OS;2;56;M;F;5064;NEP
059540020020-4189;059540020020;100mN31499E41432;NA;OS;2;70;W;F;6574;NEP
059540020020-4190;059540020020;100mN31470E41421;MC;NA;6;55;M;M;5064;EMP
059540020020-4190;059540020020;100mN31470E41421;MC;NA;6;50;M;F;5064;NEP
059540020020-4190;059540020020;100mN31470E41421;MC;NA;6;10;S;F;0614;NEP
059540020020-4190;059540020020;100mN31470E41421;MC;NA;6;26;M;F;2529;EMP
059540020020-4190;059540020020;100mN31470E41421;MC;NA;6;9;S;F;0614;NEP
059540020020-4190;059540020020;100mN31470E41421;MC;NA;6;18;S;M;1824;EMP
059540020020-4191;059540020020;100mN31499E41432;S;NA;1;77;M;F;75XX;EMP
059540020020-4192;059540020020;100mN31470E41421;MC;OS;3;69;M;F;6574;NEP
059540020020-4192;059540020020;100mN31470E41421;MC;OS;3;71;M;M;6574;NEP
059540020020-4192;059540020020;100mN31470E41421;MC;OS;3;69;W;M;6574;NEP
059540020020-4193;059540020020;100mN31470E41421;MC;OS;2;65;M;M;6574;EMP
059540020020-4193;059540020020;100mN31470E41421;MC;OS;2;68;M;F;6574;NEP
059540020020-4194;059540020020;100mN31483E41404;PO;NA;3;27;S;F;2529;NEP
059540020020-4194;059540020020;100mN31483E41404;PO;NA;3;28;S;M;2529;EMP
059540020020-4194;059540020020;100mN31483E41404;PO;NA;3;12;S;M;0614;NEP
059540020020-4195;059540020020;100mN31470E41421;MC;NA;2;42;M;M;4049;EMP
059540020020-4195;059540020020;100mN31470E41421;MC;NA;2;41;M;F;4049;EMP
059540020020-4196;059540020020;100mN31480E41413;MC;NA;2;43;M;M;4049;EMP
059540020020-4196;059540020020;100mN31480E41413;MC;NA;2;41;M;F;4049;EMP
059540020020-4197;059540020020;100mN31470E41421;S;NA;1;40;W;F;4049;NEP
059540020020-4198;059540020020;100mN31470E41421;S;OS;1;27;M;M;2529;UEP
059540020020-4199;059540020020;100mN31463E41419;MC;NA;2;45;M;F;4049;EMP
059540020020-4199;059540020020;100mN31463E41419;MC;NA;2;46;M;M;4049;EMP
059540020020-4200;059540020020;100mN31470E41421;MC;OS;2;75;M;F;75XX;EMP
059540020020-4200;059540020020;100mN31470E41421;MC;OS;2;76;M;M;75XX;EMP
059540020020-4201;059540020020;100mN31470E41421;S;NA;1;46;S;M;4049;NEP
059540020020-4202;059540020020;100mN31491E41415;SF;MIX;4;65;W;F;6574;NEP
059540020020-4202;059540020020;100mN31491E41415;SF;MIX;4;54;S;F;5064;NEP
059540020020-4202;059540020020;100mN31491E41415;SF;MIX;4;1;S;F;0003;NEP
059540020020-4202;059540020020;100mN31491E41415;SF;MIX;4;6;S;M;0614;NEP
059540020020-4203;059540020020;100mN31471E41421;S;NA;1;56;S;F;5064;NEP
059540020020-4204;059540020020;100mN31470E41421;MC;NA;2;38;M;F;3039;EMP
059540020020-4204;059540020020;100mN31470E41421;MC;NA;2;58;M;M;5064;EMP
059540020020-4205;059540020020;100mN31496E41427;S;OS;1;43;M;F;4049;NEP
059540020020-4206;059540020020;100mN31470E41424;S;NA;1;40;S;F;4049;NEP
059540020020-4207;059540020020;100mN31474E41431;PO;OS;2;68;S;M;6574;NEP
059540020020-4207;059540020020;100mN31474E41431;PO;OS;2;81;S;F;75XX;EMP
059540020020-4208;059540020020;100mN31470E41424;MC;NA;2;59;M;M;5064;EMP
059540020020-4208;059540020020;100mN31470E41424;MC;NA;2;60;M;F;5064;EMP
059540020020-4209;059540020020;100mN31470E41424;S;NA;1;16;S;M;1517;NEP
059540020020-4210;059540020020;100mN31470E41424;S;OS;1;50;M;F;5064;NEP
059540020020-4211;059540020020;100mN31472E41420;MC;NA;2;60;M;F;5064;EMP
059540020020-4211;059540020020;100mN31472E41420;MC;NA;2;76;S;M;75XX;EMP
059540020020-4212;059540020020;100mN31483E41401;MC;MIX;2;70;M;M;6574;EMP
059540020020-4212;059540020020;100mN31483E41401;MC;MIX;2;52;S;M;5064;NEP
059540020020-4213;059540020020;100mN31463E41419;MC;MIX;4;82;S;M;75XX;NEP
059540020020-4213;059540020020;100mN31463E41419;MC;MIX;4;61;M;M;5064;EMP
059540020020-4213;059540020020;100mN31463E41419;MC;MIX;4;35;M;F;3039;NEP
059540020020-4213;059540020020;100mN31463E41419;MC;MIX;4;42;D;M;4049;NEP
059540020020-4214;059540020020;100mN31495E41442;MC;OS;2;87;M;F;75XX;NEP
059540020020-4214;059540020020;100mN31495E41442;MC;OS;2;88;M;M;75XX;NEP
059540020020-4215;059540020020;100mN31499E41436;MC;NA;2;44;M;F;4049;EMP
059540020020-4215;059540020020;100mN31499E41436;MC;NA;2;36;M;M;3039;NEP
059540020020-4216;059540020020;100mN31483E41398;S;OS;1;81;M;F;75XX;EMP
059540020020-4217;059540020020;100mN31471E41424;MC;MIX;2;73;M;M;6574;EMP
059540020020-4217;059540020020;100mN31471E41424;MC;MIX;2;77;S;F;75XX;NEP
059540020020-4218;059540020020;100mN31480E41413;S;NA;1;23;D;F;1824;NEP
059540020020-4219;059540020020;100mN31472E41423;S;NA;1;43;W;F;4049;EMP
059540020020-4220;059540020020;100mN31472E41422;S;NA;1;22;D;F;1824;EMP
059540020020-4221;059540020020;100mN31465E41421;S;NA;1;62;W;F;5064;NEP
059540020020-4222;059540020020;100mN31465E41421;MC;OS;2;71;M;M;6574;NEP
059540020020-4222;059540020020;100mN31465E41421;MC;OS;2;70;M;F;6574;EMP
059540020020-4223;059540020020;100mN31465E41421;MC;NA;3;45;M;M;4049;EMP
059540020020-4223;059540020020;100mN31465E41421;MC;NA;3;45;M;F;4049;EMP
059540020020-4223;059540020020;100mN31465E41421;MC;NA;3;7;S;M;0614;NEP
059540020020-4224;059540020020;100mN31465E41421;MC;NA;2;57;M;M;5064;NEP
059540020020-4224;059540020020;100mN31465E41421;MC;NA;2;55;M;F;5064;NEP
059540020020-4225;059540020020;100mN31489E41417;S;NA;1;50;S;M;5064;EMP
059540020020-4226;059540020020;100mN31486E41436;S;NA;1;53;M;M;5064;EMP
059540020020-4227;059540020020;100mN31465E41421;S;NA;1;59;M;M;5064;EMP
059540020020-4228;059540020020;100mN31497E41445;NA;NA;3;31;D;M;3039;EMP
059540020020-4228;059540020020;100mN31497E41445;NA;NA;3;44;M;F;4049;EMP
059540020020-4228;059540020020;100mN31497E41445;NA;NA;3;79;M;F;75XX;EMP
059540020020-4229;059540020020;100mN31465E41421;MC;OS;3;66;M;F;6574;EMP
059540020020-4229;059540020020;100mN31465E41421;MC;OS;3;72;M;M;6574;NEP
059540020020-4229;059540020020;100mN31465E41421;MC;OS;3;70;M;F;6574;EMP
059540020020-4230;059540020020;100mN31472E41432;PO;NA;6;54;S;M;5064;EMP
059540020020-4230;059540020020;100mN31472E41432;PO;NA;6;46;S;M;4049;NEP
059540020020-4230;059540020020;100mN31472E41432;PO;NA;6;6;S;M;0614;NEP
059540020020-4230;059540020020;100mN31472E41432;PO;NA;6;13;S;F;0614;NEP
059540020020-4230;059540020020;100mN31472E41432;PO;NA;6;15;S;F;1517;EMP
059540020020-4230;059540020020;100mN31472E41432;PO;NA;6;1;S;F;0003;NEP
059540020020-4231;059540020020;100mN31464E41430;MC;NA;3;63;M;F;5064;NEP
059540020020-4231;059540020020;100mN31464E41430;MC;NA;3;43;D;M;4049;EMP
059540020020-4231;059540020020;100mN31464E41430;MC;NA;3;13;S;M;0614;NEP
059540020020-4232;059540020020;100mN31471E41431;MC;NA;4;47;M;F;4049;EMP
059540020020-4232;059540020020;100mN31471E41431;MC;NA;4;50;M;M;5064;NEP
059540020020-4232;059540020020;100mN31471E41431;MC;NA;4;8;S;M;0614;NEP
059540020020-4232;059540020020;100mN31471E41431;MC;NA;4;8;S;F;0614;NEP
059540020020-4233;059540020020;100mN31465E41421;SF;NA;3;23;S;F;1824;EMP
059540020020-4233;059540020020;100mN31465E41421;SF;NA;3;6;S;F;0614;NEP
059540020020-4233;059540020020;100mN31465E41421;SF;NA;3;3;S;M;0305;NEP
059540020020-4234;059540020020;100mN31465E41421;S;NA;1;46;W;F;4049;EMP
059540020020-4235;059540020020;100mN31464E41426;S;NA;1;38;D;M;3039;EMP
059540020020-4236;059540020020;100mN31471E41422;MC;NA;3;38;M;F;3039;EMP
059540020020-4236;059540020020;100mN31471E41422;MC;NA;3;45;M;M;4049;EMP
059540020020-4236;059540020020;100mN31471E41422;MC;NA;3;18;S;M;1824;UEP
059540020020-4237;059540020020;100mN31465E41421;MC;NA;2;55;M;M;5064;EMP
059540020020-4237;059540020020;100mN31465E41421;MC;NA;2;50;M;F;5064;EMP
059540020020-4238;059540020020;100mN31464E41421;S;NA;1;43;D;F;4049;NEP
059540020020-4239;059540020020;100mN31465E41421;S;NA;1;30;S;M;3039;NEP
059540020020-4240;059540020020;100mN31463E41422;S;OS;1;30;M;M;3039;EMP
059540020020-4241;059540020020;100mN31465E41421;PO;NA;4;62;S;M;5064;EMP
059540020020-4241;059540020020;100mN31465E41421;PO;NA;4;60;S;F;5064;EMP
059540020020-4241;059540020020;100mN31465E41421;PO;NA;4;11;S;M;0614;NEP
059540020020-4241;059540020020;100mN31465E41421;PO;NA;4;37;W;F;3039;NEP
059540020020-4242;059540020020;100mN31472E41420;S;NA;1;58;D;M;5064;NEP
059540020020-4243;059540020020;100mN31480E41413;MC;NA;2;37;M;F;3039;EMP
059540020020-4243;059540020020;100mN31480E41413;MC;NA;2;42;M;M;4049;UEP
059540020020-4244;059540020020;100mN31490E41397;MC;MIX;2;80;M;M;75XX;EMP
059540020020-4244;059540020020;100mN31490E41397;MC;MIX;2;56;S;M;5064;NEP
059540020020-4245;059540020020;100mN31482E41397;S;NA;1;53;S;M;5064;EMP
059540020020-4246;059540020020;100mN31465E41421;S;OS;1;58;W;F;5064;NEP
059540020020-4247;059540020020;100mN31465E41421;S;NA;1;81;M;F;75XX;EMP
059540020020-4248;059540020020;100mN31474E41431;PO;NA;2;18;S;M;1824;EMP
059540020020-4248;059540020020;100mN31474E41431;PO;NA;2;18;S;M;1824;EMP
059540020020-4249;059540020020;100mN31460E41429;MC;NA;2;33;M;M;3039;NEP
059540020020-4249;059540020020;100mN31460E41429;MC;NA;2;33;M;F;3039;EMP
059540020020-4250;059540020020;100mN31473E41419;MC;NA;2;60;M;F;5064;NEP
059540020020-4250;059540020020;100mN31473E41419;MC;NA;2;60;M;M;5064;EMP
059540020020-4251;059540020020;100mN31460E41429;MC;NA;2;55;M;F;5064;EMP
059540020020-4251;059540020020;100mN31460E41429;MC;NA;2;52;M;M;5064;NEP
059540020020-4252;059540020020;100mN31464E41428;S;NA;1;83;M;F;75XX;EMP
059540020020-4253;059540020020;100mN31465E41429;S;NA;1;68;M;M;6574;EMP
059540020020-4254;059540020020;100mN31460E41429;MC;NA;3;34;M;F;3039;NEP
059540020020-4254;059540020020;100mN31460E41429;MC;NA;3;41;M;M;4049;EMP
059540020020-4254;059540020020;100mN31460E41429;MC;NA;3;19;D;M;1824;NEP
059540020020-4255;059540020020;100mN31483E41412;MC;MIX;3;66;W;F;6574;EMP
059540020020-4255;059540020020;100mN31483E41412;MC;MIX;3;27;M;F;2529;NEP
059540020020-4255;059540020020;100mN31483E41412;MC;MIX;3;27;M;M;2529;EMP
059540020020-4256;059540020020;100mN31467E41421;S;NA;1;73;S;M;6574;EMP
059540020020-4257;059540020020;100mN31460E41429;S;NA;1;50;M;M;5064;EMP
059540020020-4258;059540020020;100mN31460E41429;MC;NA;5;38;M;M;3039;EMP
059540020020-4258;059540020020;100mN31460E41429;MC;NA;5;35;M;F;3039;NEP
059540020020-4258;059540020020;100mN31460E41429;MC;NA;5;12;S;F;0614;NEP
059540020020-4258;059540020020;100mN31460E41429;MC;NA;5;8;S;M;0614;NEP
059540020020-4258;059540020020;100mN31460E41429;MC;NA;5;20;S;M;1824;NEP
059540020020-4259;059540020020;100mN31460E41429;S;NA;1;83;M;M;75XX;NEP
059540020020-4260;059540020020;100mN31460E41429;SF;NA;2;54;D;F;5064;EMP
059540020020-4260;059540020020;100mN31460E41429;SF;NA;2;11;S;M;0614;NEP
059540020020-4261;059540020020;100mN31478E41403;S;NA;1;41;W;F;4049;EMP
059540020020-4262;059540020020;100mN31460E41429;MC;OS;2;76;M;F;75XX;EMP
059540020020-4262;059540020020;100mN31460E41429;MC;OS;2;72;M;M;6574;EMP
059540020020-4263;059540020020;100mN31460E41429;PO;NA;2;45;S;M;4049;NEP
059540020020-4263;059540020020;100mN31460E41429;PO;NA;2;41;S;M;4049;EMP
059540020020-4264;059540020020;100mN31461E41421;MC;NA;2;48;M;M;4049;EMP
059540020020-4264;059540020020;100mN31461E41421;MC;NA;2;43;M;F;4049;NEP
059540020020-4265;059540020020;100mN31463E41422;S;NA;1;55;M;F;5064;NEP
059540020020-4266;059540020020;100mN31464E41430;SF;NA;2;78;W;F;75XX;EMP
059540020020-4266;059540020020;100mN31464E41430;SF;NA;2;54;D;M;5064;EMP
059540020020-4267;059540020020;100mN31460E41429;PO;NA;2;37;S;M;3039;EMP
059540020020-4267;059540020020;100mN31460E41429;PO;NA;2;31;S;M;3039;EMP
059540020020-4268;059540020020;100mN31491E41418;S;NA;1;28;M;F;2529;EMP
059540020020-4269;059540020020;100mN31484E41402;MC;NA;2;63;M;M;5064;EMP
059540020020-4269;059540020020;100mN31484E41402;MC;NA;2;55;M;F;5064;NEP
059540020020-4270;059540020020;100mN31472E41432;S;OS;1;73;D;M;6574;NEP
059540020020-4271;059540020020;100mN31484E41402;SF;NA;2;16;S;F;1517;EMP
059540020020-4271;059540020020;100mN31484E41402;SF;NA;2;1;S;M;0003;NEP
059540020020-4272;059540020020;100mN31484E41402;SM;NA;2;35;S;M;3039;EMP
059540020020-4272;059540020020;100mN31484E41402;SM;NA;2;11;S;M;0614;NEP
059540020020-4273;059540020020;100mN31483E41406;S;NA;1;35;M;F;3039;EMP
059540020020-4274;059540020020;100mN31483E41406;S;NA;1;21;M;M;1824;NEP
059540020020-4275;059540020020;100mN31483E41406;SF;NA;2;35;S;F;3039;EMP
059540020020-4275;059540020020;100mN31483E41406;SF;NA;2;8;S;F;0614;NEP
059540020020-4276;059540020020;100mN31493E41418;MC;NA;2;45;M;F;4049;NEP
059540020020-4276;059540020020;100mN31493E41418;MC;NA;2;48;M;M;4049;NEP
059540020020-4277;059540020020;100mN31472E41424;NA;OS;4;35;M;F;3039;NEP
059540020020-4277;059540020020;100mN31472E41424;NA;OS;4;28;W;M;2529;EMP
059540020020-4277;059540020020;100mN31472E41424;NA;OS;4;38;W;F;3039;NEP
059540020020-4277;059540020020;100mN31472E41424;NA;OS;4;53;S;F;5064;NEP
059540020020-4278;059540020020;100mN31483E41406;MC;NA;2;46;M;F;4049;NEP
059540020020-4278;059540020020;100mN31483E41406;MC;NA;2;55;M;M;5064;NEP
059540020020-4279;059540020020;100mN31468E41421;PO;NA;2;60;S;F;5064;NEP
059540020020-4279;059540020020;100mN31468E41421;PO;NA;2;62;S;F;5064;EMP
059540020020-4280;059540020020;100mN31478E41407;MC;NA;2;40;M;M;4049;EMP
059540020020-4280;059540020020;100mN31478E41407;MC;NA;2;18;M;F;1824;EMP
059540020020-4281;059540020020;100mN31481E41414;MC;NA;4;62;M;F;5064;EMP
059540020020-4281;059540020020;100mN31481E41414;MC;NA;4;61;M;M;5064;EMP
059540020020-4281;059540020020;100mN31481E41414;MC;NA;4;6;S;M;0614;NEP
059540020020-4281;059540020020;100mN31481E41414;MC;NA;4;12;S;F;0614;NEP
059540020020-4282;059540020020;100mN31484E41407;MC;OS;2;82;M;F;75XX;EMP
059540020020-4282;059540020020;100mN31484E41407;MC;OS;2;84;M;M;75XX;EMP
059540020020-4283;059540020020;100mN31464E41424;MC;NA;2;42;M;M;4049;EMP
059540020020-4283;059540020020;100mN31464E41424;MC;NA;2;51;M;F;5064;EMP
059540020020-4284;059540020020;100mN31473E41419;S;NA;1;48;S;M;4049;NEP
059540020020-4285;059540020020;100mN31472E41422;MC;NA;2;41;M;F;4049;NEP
059540020020-4285;059540020020;100mN31472E41422;MC;NA;2;63;M;M;5064;EMP
059540020020-4286;059540020020;100mN31497E41442;MC;NA;2;50;M;M;5064;NEP
059540020020-4286;059540020020;100mN31497E41442;MC;NA;2;47;M;F;4049;NEP
059540020020-4287;059540020020;100mN31490E41419;S;NA;1;37;D;F;3039;EMP
059540020020-4288;059540020020;100mN31497E41442;MC;OS;2;77;M;M;75XX;NEP
059540020020-4288;059540020020;100mN31497E41442;MC;OS;2;79;M;F;75XX;EMP
059540020020-4289;059540020020;100mN31480E41408;MC;OS;2;69;M;M;6574;UEP
059540020020-4289;059540020020;100mN31480E41408;MC;OS;2;68;M;F;6574;EMP
059540020020-4290;059540020020;100mN31497E41442;MC;NA;2;43;M;M;4049;EMP
059540020020-4290;059540020020;100mN31497E41442;MC;NA;2;37;M;F;3039;EMP
059540020020-4291;059540020020;100mN31500E41443;PO;NA;2;52;S;F;5064;EMP
059540020020-4291;059540020020;100mN31500E41443;PO;NA;2;57;S;F;5064;NEP
059540020020-4292;059540020020;100mN31497E41442;MC;OS;2;68;M;F;6574;EMP
059540020020-4292;059540020020;100mN31497E41442;MC;OS;2;65;M;M;6574;EMP
059540020020-4293;059540020020;100mN31485E41408;MC;MIX;3;73;M;M;6574;EMP
059540020020-4293;059540020020;100mN31485E41408;MC;MIX;3;56;M;F;5064;EMP
059540020020-4293;059540020020;100mN31485E41408;MC;MIX;3;59;M;M;5064;EMP
059540020020-4294;059540020020;100mN31497E41442;MC;OS;2;66;M;M;6574;NEP
059540020020-4294;059540020020;100mN31497E41442;MC;OS;2;66;M;F;6574;NEP
059540020020-4295;059540020020;100mN31489E41429;S;NA;1;40;W;F;4049;NEP
059540020020-4296;059540020020;100mN31487E41442;S;NA;1;37;D;M;3039;EMP
059540020020-4297;059540020020;100mN31472E41432;MC;MIX;6;65;M;F;6574;NEP
059540020020-4297;059540020020;100mN31472E41432;MC;MIX;6;61;M;M;5064;EMP
059540020020-4297;059540020020;100mN31472E41432;MC;MIX;6;71;M;M;6574;UEP
059540020020-4297;059540020020;100mN31472E41432;MC;MIX;6;15;S;F;1517;EMP
059540020020-4297;059540020020;100mN31472E41432;MC;MIX;6;18;W;M;1824;EMP
059540020020-4297;059540020020;100mN31472E41432;MC;MIX;6;11;S;M;0614;NEP
059540020020-4298;059540020020;100mN31498E41428;S;OS;1;35;S;M;3039;NEP
059540020020-4299;059540020020;100mN31498E41428;MC;NA;2;46;M;M;4049;NEP
059540020020-4299;059540020020;100mN31498E41428;MC;NA;2;42;M;F;4049;EMP
059540020020-4300;059540020020;100mN31498E41428;MC;NA;3;33;M;F;3039;NEP
059540020020-4300;059540020020;100mN31498E41428;MC;NA;3;38;M;M;3039;EMP
059540020020-4300;059540020020;100mN31498E41428;MC;NA;3;7;S;M;0614;NEP
059540020020-4301;059540020020;100mN31498E41428;MC;OS;2;82;M;F;75XX;NEP
059540020020-4301;059540020020;100mN31498E41428;MC;OS;2;86;M;M;75XX;EMP
059540020020-4302;059540020020;100mN31498E41428;MC;NA;2;60;M;F;5064;EMP
059540020020-4302;059540020020;100mN31498E41428;MC;NA;2;11;S;M;0614;NEP
059540020020-4303;059540020020;100mN31471E41417;MC;NA;2;51;M;M;5064;EMP
059540020020-4303;059540020020;100mN31471E41417;MC;NA;2;48;M;F;4049;EMP
059540020020-4304;059540020020;100mN31471E41419;MC;NA;4;47;M;M;4049;NEP
059540020020-4304;059540020020;100mN31471E41419;MC;NA;4;38;M;F;3039;EMP
059540020020-4304;059540020020;100mN31471E41419;MC;NA;4;1;S;F;0003;NEP
059540020020-4304;059540020020;100mN31471E41419;MC;NA;4;16;S;M;1517;EMP
059540020020-4305;059540020020;100mN31492E41440;MC;MIX;2;68;M;M;6574;EMP
059540020020-4305;059540020020;100mN31492E41440;MC;MIX;2;73;W;F;6574;NEP
059540020020-4306;059540020020;100mN31492E41440;MC;NA;3;46;M;F;4049;NEP
059540020020-4306;059540020020;100mN31492E41440;MC;NA;3;46;M;M;4049;EMP
059540020020-4306;059540020020;100mN31492E41440;MC;NA;3;15;S;M;1517;NEP
059540020020-4307;059540020020;100mN31490E41427;MC;NA;4;48;M;M;4049;UEP
059540020020-4307;059540020020;100mN31490E41427;MC;NA;4;48;M;F;4049;NEP
059540020020-4307;059540020020;100mN31490E41427;MC;NA;4;15;S;F;1517;NEP
059540020020-4307;059540020020;100mN31490E41427;MC;NA;4;10;S;M;0614;NEP
059540020020-4308;059540020020;100mN31492E41440;PO;MIX;2;69;S;M;6574;EMP
059540020020-4308;059540020020;100mN31492E41440;PO;MIX;2;45;M;M;4049;NEP
059540020020-4309;059540020020;100mN31464E41424;S;NA;1;36;W;F;3039;EMP
059540020020-4310;059540020020;100mN31492E41440;MC;OS;2;66;M;F;6574;EMP
059540020020-4310;059540020020;100mN31492E41440;MC;OS;2;72;M;M;6574;EMP
059540020020-4311;059540020020;100mN31490E41411;S;OS;1;53;M;M;5064;NEP
059540020020-4312;059540020020;100mN31490E41411;S;NA;1;16;S;M;1517;EMP
059540020020-4313;059540020020;100mN31480E41408;MC;NA;2;50;M;F;5064;NEP
059540020020-4313;059540020020;100mN31480E41408;MC;NA;2;55;M;M;5064;EMP
059540020020-4314;059540020020;100mN31490E41409;S;OS;1;16;S;F;1517;EMP
059540020020-4315;059540020020;100mN31490E41409;MC;NA;2;54;M;M;5064;EMP
059540020020-4315;059540020020;100mN31490E41409;MC;NA;2;47;M;F;4049;EMP
059540020020-4316;059540020020;100mN31467E41422;S;NA;1;57;M;M;5064;NEP
059540020020-4317;059540020020;100mN31475E41422;SM;MIX;3;78;S;M;75XX;UEP
059540020020-4317;059540020020;100mN31475E41422;SM;MIX;3;77;D;M;75XX;EMP
059540020020-4317;059540020020;100mN31475E41422;SM;MIX;3;4;S;F;0305;NEP
059540020020-4318;059540020020;100mN31490E41419;PO;OS;2;70;S;F;6574;EMP
059540020020-4318;059540020020;100mN31490E41419;PO;OS;2;83;S;M;75XX;NEP
059540020020-4319;059540020020;100mN31495E41423;S;NA;1;63;M;F;5064;NEP
059540020020-4320;059540020020;100mN31472E41424;S;NA;1;36;W;F;3039;EMP
059540020020-4321;059540020020;100mN31490E41419;MC;OS;2;86;M;F;75XX;EMP
059540020020-4321;059540020020;100mN31490E41419;MC;OS;2;87;M;M;75XX;EMP
059540020020-4322;059540020020;100mN31473E41421;MC;NA;4;56;M;M;5064;EMP
059540020020-4322;059540020020;100mN31473E41421;MC;NA;4;47;M;F;4049;EMP
059540020020-4322;059540020020;100mN31473E41421;MC;NA;4;8;S;F;0614;NEP
059540020020-4322;059540020020;100mN31473E41421;MC;NA;4;18;D;M;1824;EMP
059540020020-4323;059540020020;100mN31478E41407;MC;NA;2;62;M;M;5064;EMP
059540020020-4323;059540020020;100mN31478E41407;MC;NA;2;62;M;F;5064;EMP
059540020020-4324;059540020020;100mN31490E41419;SF;NA;2;62;S;F;5064;NEP
059540020020-4324;059540020020;100mN31490E41419;SF;NA;2;36;D;F;3039;NEP
059540020020-4325;059540020020;100mN31490E41419;SM;NA;2;34;S;M;3039;EMP
059540020020-4325;059540020020;100mN31490E41419;SM;NA;2;10;S;M;0614;NEP
059540020020-4326;059540020020;100mN31472E41431;S;NA;1;77;M;F;75XX;NEP
059540020020-4327;059540020020;100mN31490E41419;S;NA;1;37;D;F;3039;EMP
059540020020-4328;059540020020;100mN31462E41428;S;NA;1;41;M;M;4049;EMP
059540020020-4329;059540020020;100mN31490E41419;S;NA;1;70;D;F;6574;NEP
059540020020-4330;059540020020;100mN31494E41435;MC;NA;2;62;M;M;5064;NEP
059540020020-4330;059540020020;100mN31494E41435;MC;NA;2;53;M;F;5064;EMP
059540020020-4331;059540020020;100mN31490E41419;S;NA;1;43;M;M;4049;EMP
059540020020-4332;059540020020;100mN31490E41419;MC;NA;3;59;M;M;5064;EMP
059540020020-4332;059540020020;100mN31490E41419;MC;NA;3;54;M;F;5064;EMP
059540020020-4332;059540020020;100mN31490E41419;MC;NA;3;15;S;F;1517;NEP
059540020020-4333;059540020020;100mN31464E41419;SF;NA;3;67;W;F;6574;NEP
059540020020-4333;059540020020;100mN31464E41419;SF;NA;3;1;S;M;0003;NEP
059540020020-4333;059540020020;100mN31464E41419;SF;NA;3;48;M;F;4049;EMP
059540020020-4334;059540020020;100mN31490E41419;MC;NA;4;55;M;M;5064;NEP
059540020020-4334;059540020020;100mN31490E41419;MC;NA;4;47;M;F;4049;NEP
059540020020-4334;059540020020;100mN31490E41419;MC;NA;4;13;S;M;0614;NEP
059540020020-4334;059540020020;100mN31490E41419;MC;NA;4;20;S;F;1824;EMP
059540020020-4335;059540020020;100mN31494E41436;MC;NA;4;32;M;M;3039;EMP
059540020020-4335;059540020020;100mN31494E41436;MC;NA;4;25;M;F;2529;NEP
059540020020-4335;059540020020;100mN31494E41436;MC;NA;4;10;S;F;0614;NEP
059540020020-4335;059540020020;100mN31494E41436;MC;NA;4;1;S;M;0003;NEP
059540020020-4336;059540020020;100mN31484E41412;PO;NA;2;32;S;M;3039;NEP
059540020020-4336;059540020020;100mN31484E41412;PO;NA;2;35;S;M;3039;EMP
059540020020-4337;059540020020;100mN31463E41422;S;OS;1;62;W;F;5064;EMP
059540020020-4338;059540020020;100mN31490E41419;MC;NA;2;35;M;F;3039;NEP
059540020020-4338;059540020020;100mN31490E41419;MC;NA;2;27;M;M;2529;EMP
059540020020-4339;059540020020;100mN31473E41418;MC;MIX;2;67;M;F;6574;EMP
059540020020-4339;059540020020;100mN31473E41418;MC;MIX;2;47;W;F;4049;NEP
059540020020-4340;059540020020;100mN31493E41440;MC;NA;3;56;M;M;5064;EMP
059540020020-4340;059540020020;100mN31493E41440;MC;NA;3;53;M;F;5064;NEP
059540020020-4340;059540020020;100mN31493E41440;MC;NA;3;15;S;F;1517;NEP
059540020020-4341;059540020020;100mN31469E41419;S;NA;1;83;S;M;75XX;NEP
059540020020-4342;059540020020;100mN31469E41419;SF;NA;3;60;S;F;5064;EMP
059540020020-4342;059540020020;100mN31469E41419;SF;NA;3;2;S;F;0003;NEP
059540020020-4342;059540020020;100mN31469E41419;SF;NA;3;16;S;M;1517;EMP
059540020020-4343;059540020020;100mN31500E41445;MC;NA;2;48;M;F;4049;NEP
059540020020-4343;059540020020;100mN31500E41445;MC;NA;2;50;M;M;5064;NEP
059540020020-4344;059540020020;100mN31484E41416;S;NA;1;76;D;F;75XX;EMP
059540020020-4345;059540020020;100mN31469E41419;S;NA;1;26;W;F;2529;EMP
059540020020-4346;059540020020;100mN31484E41411;SF;NA;5;66;D;F;6574;NEP
059540020020-4346;059540020020;100mN31484E41411;SF;NA;5;15;S;M;1517;EMP
059540020020-4346;059540020020;100mN31484E41411;SF;NA;5;6;S;F;0614;NEP
059540020020-4346;059540020020;100mN31484E41411;SF;NA;5;16;S;F;1517;EMP
059540020020-4346;059540020020;100mN31484E41411;SF;NA;5;16;S;F;1517;NEP
059540020020-4347;059540020020;100mN31469E41419;S;NA;1;45;M;M;4049;EMP
059540020020-4348;059540020020;100mN31469E41419;PO;OS;2;80;S;M;75XX;EMP
059540020020-4348;059540020020;100mN31469E41419;PO;OS;2;68;S;M;6574;EMP
059540020020-4349;059540020020;100mN31469E41419;MC;OS;2;68;M;F;6574;NEP
059540020020-4349;059540020020;100mN31469E41419;MC;OS;2;71;M;M;6574;EMP
059540020020-4350;059540020020;100mN31469E41419;S;NA;1;27;W;F;2529;NEP
059540020020-4351;059540020020;100mN31494E41436;MC;OS;2;68;M;M;6574;NEP
059540020020-4351;059540020020;100mN31494E41436;MC;OS;2;65;M;F;6574;NEP
059540020020-4352;059540020020;100mN31469E41419;S;NA;1;80;M;M;75XX;EMP
059540020020-4353;059540020020;100mN31469E41419;S;OS;1;63;M;M;5064;EMP
059540020020-4354;059540020020;100mN31469E41419;MC;NA;4;52;M;F;5064;NEP
059540020020-4354;059540020020;100mN31469E41419;MC;NA;4;43;M;M;4049;UEP
059540020020-4354;059540020020;100mN31469E41419;MC;NA;4;19;W;F;1824;NEP
059540020020-4354;059540020020;100mN31469E41419;MC;NA;4;27;S;M;2529;EMP
059540020020-4355;059540020020;100mN31485E41410;S;OS;1;50;W;F;5064;EMP
059540020020-4356;059540020020;100mN31469E41419;MC;OS;2;66;M;F;6574;EMP
059540020020-4356;059540020020;100mN31469E41419;MC;OS;2;73;M;M;6574;EMP
059540020020-4357;059540020020;100mN31469E41419;MC;OS;3;70;M;M;6574;NEP
059540020020-4357;059540020020;100mN31469E41419;MC;OS;3;68;M;F;6574;EMP
059540020020-4357;059540020020;100mN31469E41419;MC;OS;3;65;M;M;6574;NEP
059540020020-4358;059540020020;100mN31462E41428;MC;OS;2;71;M;F;6574;EMP
059540020020-4358;059540020020;100mN31462E41428;MC;OS;2;72;M;M;6574;EMP
059540020020-4359;059540020020;100mN31497E41435;S;NA;1;32;S;M;3039;EMP
059540020020-4360;059540020020;100mN31469E41419;SF;NA;2;40;S;F;4049;EMP
059540020020-4360;059540020020;100mN31469E41419;SF;NA;2;9;S;M;0614;NEP
059540020020-4361;059540020020;100mN31469E41419;MC;NA;5;58;M;F;5064;EMP
059540020020-4361;059540020020;100mN31469E41419;MC;NA;5;59;M;M;5064;UEP
059540020020-4361;059540020020;100mN31469E41419;MC;NA;5;7;S;F;0614;NEP
059540020020-4361;059540020020;100mN31469E41419;MC;NA;5;1;S;M;0003;NEP
059540020020-4361;059540020020;100mN31469E41419;MC;NA;5;43;D;F;4049;NEP
059540020020-4362;059540020020;100mN31469E41419;S;NA;1;56;S;M;5064;EMP
059540020020-4363;059540020020;100mN31489E41419;MC;NA;2;63;M;F;5064;EMP
059540020020-4363;059540020020;100mN31489E41419;MC;NA;2;2;S;F;0003;NEP
059540020020-4364;059540020020;100mN31473E41422;S;OS;1;51;D;F;5064;NEP
059540020020-4365;059540020020;100mN31481E41407;MC;OS;2;86;M;M;75XX;NEP
059540020020-4365;059540020020;100mN31481E41407;MC;OS;2;83;M;F;75XX;NEP
059540020020-4366;059540020020;100mN31469E41419;S;NA;1;51;M;M;5064;NEP
059540020020-4367;059540020020;100mN31461E41422;MC;NA;2;47;M;M;4049;NEP
059540020020-4367;059540020020;100mN31461E41422;MC;NA;2;41;M;F;4049;NEP
059540020020-4368;059540020020;100mN31469E41419;MC;OS;2;69;M;M;6574;EMP
059540020020-4368;059540020020;100mN31469E41419;MC;OS;2;67;M;F;6574;EMP
059540020020-4369;059540020020;100mN31467E41421;MC;OS;2;65;M;M;6574;EMP
059540020020-4369;059540020020;100mN31467E41421;MC;OS;2;71;M;F;6574;NEP
059540020020-4370;059540020020;100mN31469E41419;S;OS;1;69;M;M;6574;EMP
059540020020-4371;059540020020;100mN31489E41421;S;NA;1;35;S;M;3039;NEP
059540020020-4372;059540020020;100mN31488E41427;MC;MIX;2;86;M;F;75XX;NEP
059540020020-4372;059540020020;100mN31488E41427;MC;MIX;2;55;M;F;5064;NEP
059540020020-4373;059540020020;100mN31469E41419;S;OS;1;72;M;M;6574;NEP
059540020020-4374;059540020020;100mN31463E41419;S;OS;1;59;M;M;5064;EMP
059540020020-4375;059540020020;100mN31491E41417;SF;NA;2;44;D;F;4049;EMP
059540020020-4375;059540020020;100mN31491E41417;SF;NA;2;16;S;F;1517;NEP
059540020020-4376;059540020020;100mN31478E41404;S;NA;1;65;M;M;6574;EMP
059540020020-4377;059540020020;100mN31469E41419;MC;OS;4;66;M;F;6574;EMP
059540020020-4377;059540020020;100mN31469E41419;MC;OS;4;70;M;M;6574;EMP
059540020020-4377;059540020020;100mN31469E41419;MC;OS;4;65;M;M;6574;EMP
059540020020-4377;059540020020;100mN31469E41419;MC;OS;4;69;M;M;6574;NEP
059540020020-4378;059540020020;100mN31463E41424;MC;NA;2;58;M;F;5064;EMP
059540020020-4378;059540020020;100mN31463E41424;MC;NA;2;62;M;M;5064;NEP
059540020020-4379;059540020020;100mN31481E41415;MC;NA;2;50;M;F;5064;EMP
059540020020-4379;059540020020;100mN31481E41415;MC;NA;2;52;M;M;5064;NEP
059540020020-4380;059540020020;100mN31484E41412;SM;NA;2;28;D;M;2529;EMP
059540020020-4380;059540020020;100mN31484E41412;SM;NA;2;9;S;M;0614;NEP
059540020020-4381;059540020020;100mN31473E41422;S;OS;1;51;D;F;5064;NEP
059540020020-4382;059540020020;100mN31468E41421;PO;NA;3;55;S;M;5064;EMP
059540020020-4382;059540020020;100mN31468E41421;PO;NA;3;54;S;M;5064;NEP
059540020020-4382;059540020020;100mN31468E41421;PO;NA;3;3;S;F;0305;NEP
059540020020-4383;059540020020;100mN31472E41424;PO;NA;5;59;S;F;5064;NEP
059540020020-4383;059540020020;100mN31472E41424;PO;NA;5;60;S;M;5064;NEP
059540020020-4383;059540020020;100mN31472E41424;PO;NA;5;10;S;M;0614;NEP
059540020020-4383;059540020020;100mN31472E41424;PO;NA;5;13;S;M;0614;NEP
059540020020-4383;059540020020;100mN31472E41424;PO;NA;5;11;S;F;0614;NEP
059540020020-4384;059540020020;100mN31491E41419;S;NA;1;56;W;F;5064;NEP
059540020020-4385;059540020020;100mN31469E41424;MC;NA;2;59;M;F;5064;EMP
059540020020-4385;059540020020;100mN31469E41424;MC;NA;2;55;M;M;5064;NEP
059540020020-4386;059540020020;100mN31479E41409;MC;NA;4;59;M;M;5064;EMP
059540020020-4386;059540020020;100mN31479E41409;MC;NA;4;55;M;F;5064;EMP
059540020020-4386;059540020020;100mN31479E41409;MC;NA;4;33;S;F;3039;NEP
059540020020-4386;059540020020;100mN31479E41409;MC;NA;4;20;S;M;1824;NEP
059540020020-4387;059540020020;100mN31469E41424;MC;NA;2;37;M;M;3039;NEP
059540020020-4387;059540020020;100mN31469E41424;MC;NA;2;31;M;F;3039;NEP
059540020020-4388;059540020020;100mN31497E41415;MC;OS;5;65;M;M;6574;NEP
059540020020-4388;059540020020;100mN31497E41415;MC;OS;5;68;M;F;6574;EMP
059540020020-4388;059540020020;100mN31497E41415;MC;OS;5;69;W;F;6574;NEP
059540020020-4388;059540020020;100mN31497E41415;MC;OS;5;80;S;F;75XX;NEP
059540020020-4388;059540020020;100mN31497E41415;MC;OS;5;69;S;F;6574;EMP
059540020020-4389;059540020020;100mN31469E41424;S;OS;1;28;D;M;2529;EMP
059540020020-4390;059540020020;100mN31469E41424;S;NA;1;37;S;F;3039;EMP
059540020020-4391;059540020020;100mN31481E41404;S;NA;1;48;W;F;4049;EMP
059540020020-4392;059540020020;100mN31469E41424;MC;NA;2;51;M;F;5064;NEP
059540020020-4392;059540020020;100mN31469E41424;MC;NA;2;54;M;M;5064;EMP
059540020020-4393;059540020020;100mN31479E41407;MC;NA;3;58;M;M;5064;NEP
059540020020-4393;059540020020;100mN31479E41407;MC;NA;3;62;M;F;5064;EMP
059540020020-4393;059540020020;100mN31479E41407;MC;NA;3;2;S;M;0003;NEP
059540020020-4394;059540020020;100mN31481E41395;MC;NA;4;57;M;F;5064;EMP
059540020020-4394;059540020020;100mN31481E41395;MC;NA;4;51;M;M;5064;EMP
059540020020-4394;059540020020;100mN31481E41395;MC;NA;4;13;S;F;0614;NEP
059540020020-4394;059540020020;100mN31481E41395;MC;NA;4;21;M;M;1824;NEP
059540020020-4395;059540020020;100mN31469E41424;SF;NA;3;84;W;F;75XX;NEP
059540020020-4395;059540020020;100mN31469E41424;SF;NA;3;8;S;M;0614;NEP
059540020020-4395;059540020020;100mN31469E41424;SF;NA;3;1;S;F;0003;NEP
059540020020-4396;059540020020;100mN31478E41400;MC;NA;3;28;M;F;2529;NEP
059540020020-4396;059540020020;100mN31478E41400;MC;NA;3;32;M;M;3039;NEP
059540020020-4396;059540020020;100mN31478E41400;MC;NA;3;11;S;M;0614;NEP
059540020020-4397;059540020020;100mN31469E41424;MC;NA;2;46;M;M;4049;EMP
059540020020-4397;059540020020;100mN31469E41424;MC;NA;2;43;M;F;4049;NEP
059540020020-4398;059540020020;100mN31469E41424;MC;NA;4;43;M;M;4049;NEP
059540020020-4398;059540020020;100mN31469E41424;MC;NA;4;38;M;F;3039;NEP
059540020020-4398;059540020020;100mN31469E41424;MC;NA;4;18;M;F;1824;NEP
059540020020-4398;059540020020;100mN31469E41424;MC;NA;4;12;S;F;0614;NEP
059540020020-4399;059540020020;100mN31498E41434;MC;NA;3;62;M;F;5064;EMP
059540020020-4399;059540020020;100mN31498E41434;MC;NA;3;63;M;M;5064;EMP
059540020020-4399;059540020020;100mN31498E41434;MC;NA;3;7;S;M;0614;NEP
059540020020-4400;059540020020;100mN31469E41424;PO;NA;3;45;S;M;4049;NEP
059540020020-4400;059540020020;100mN31469E41424;PO;NA;3;41;S;M;4049;EMP
059540020020-4400;059540020020;100mN31469E41424;PO;NA;3;9;S;M;0614;NEP
059540020020-4401;059540020020;100mN31469E41424;MC;NA;2;38;M;M;3039;EMP
059540020020-4401;059540020020;100mN31469E41424;MC;NA;2;40;M;F;4049;NEP
059540020020-4402;059540020020;100mN31469E41424;PO;OS;2;73;S;F;6574;NEP
059540020020-4402;059540020020;100mN31469E41424;PO;OS;2;79;S;F;75XX;NEP
059540020020-4403;059540020020;100mN31491E41415;PO;NA;2;55;S;M;5064;NEP
059540020020-4403;059540020020;100mN31491E41415;PO;NA;2;53;S;F;5064;EMP
059540020020-4404;059540020020;100mN31469E41424;MC;OS;2;75;M;M;75XX;EMP
059540020020-4404;059540020020;100mN31469E41424;MC;OS;2;69;M;F;6574;NEP
059540020020-4405;059540020020;100mN31478E41406;S;NA;1;65;D;M;6574;EMP
059540020020-4406;059540020020;100mN31465E41431;MC;NA;2;23;M;F;1824;NEP
059540020020-4406;059540020020;100mN31465E41431;MC;NA;2;31;M;M;3039;NEP
059540020020-4407;059540020020;100mN31483E41410;S;OS;1;20;W;F;1824;EMP
059540020020-4408;059540020020;100mN31465E41431;S;OS;1;43;W;M;4049;NEP
059540020020-4409;059540020020;100mN31498E41437;S;NA;1;79;S;F;75XX;NEP
059540020020-4410;059540020020;100mN31462E41428;SF;MIX;3;71;S;M;6574;NEP
059540020020-4410;059540020020;100mN31462E41428;SF;MIX;3;47;D;F;4049;NEP
059540020020-4410;059540020020;100mN31462E41428;SF;MIX;3;3;S;M;0305;NEP
059540020020-4411;059540020020;100mN31478E41406;S;OS;1;55;M;M;5064;EMP
059540020020-4412;059540020020;100mN31465E41431;MC;NA;2;18;M;F;1824;EMP
059540020020-4412;059540020020;100mN31465E41431;MC;NA;2;18;M;M;1824;EMP
059540020020-4413;059540020020;100mN31465E41431;PO;NA;2;55;S;M;5064;EMP
059540020020-4413;059540020020;100mN31465E41431;PO;NA;2;53;S;M;5064;EMP
059540020020-4414;059540020020;100mN31465E41431;S;NA;1;82;W;F;75XX;NEP
059540020020-4415;059540020020;100mN31478E41406;S;NA;1;80;M;M;75XX;EMP
059540020020-4416;059540020020;100mN31478E41401;PO;NA;2;42;S;M;4049;NEP
059540020020-4416;059540020020;100mN31478E41401;PO;NA;2;40;S;M;4049;EMP
059540020020-4417;059540020020;100mN31465E41431;S;OS;1;61;D;F;5064;EMP
059540020020-4418;059540020020;100mN31465E41431;MC;NA;3;28;M;M;2529;NEP
059540020020-4418;059540020020;100mN31465E41431;MC;NA;3;31;M;F;3039;NEP
059540020020-4418;059540020020;100mN31465E41431;MC;NA;3;11;S;M;0614;NEP
059540020020-4419;059540020020;100mN31465E41431;S;OS;1;47;M;M;4049;NEP
059540020020-4420;059540020020;100mN31465E41431;S;NA;1;68;D;F;6574;EMP
059540020020-4421;059540020020;100mN31478E41402;SF;NA;4;52;S;F;5064;EMP
059540020020-4421;059540020020;100mN31478E41402;SF;NA;4;7;S;F;0614;NEP
059540020020-4421;059540020020;100mN31478E41402;SF;NA;4;25;W;F;2529;EMP
059540020020-4421;059540020020;100mN31478E41402;SF;NA;4;20;S;M;1824;NEP
059540020020-4422;059540020020;100mN31480E41413;MC;NA;2;30;M;M;3039;EMP
059540020020-4422;059540020020;100mN31480E41413;MC;NA;2;25;M;F;2529;EMP
059540020020-4423;059540020020;100mN31465E41431;S;NA;1;38;M;M;3039;EMP
059540020020-4424;059540020020;100mN31484E41417;SM;NA;2;72;D;M;6574;NEP
059540020020-4424;059540020020;100mN31484E41417;SM;NA;2;11;S;M;0614;NEP
059540020020-4425;059540020020;100mN31491E41415;MC;MIX;2;73;M;F;6574;NEP
059540020020-4425;059540020020;100mN31491E41415;MC;MIX;2;50;M;M;5064;EMP
059540020020-4426;059540020020;100mN31464E41427;S;OS;1;82;S;M;75XX;NEP
059540020020-4427;059540020020;100mN31467E41423;SF;NA;2;36;D;F;3039;EMP
059540020020-4427;059540020020;100mN31467E41423;SF;NA;2;15;S;F;1517;NEP
059540020020-4428;059540020020;100mN31480E41409;MC;NA;2;28;M;F;2529;NEP
059540020020-4428;059540020020;100mN31480E41409;MC;NA;2;30;M;M;3039;EMP
059540020020-4429;059540020020;100mN31491E41399;MC;NA;2;42;M;M;4049;NEP
059540020020-4429;059540020020;100mN31491E41399;MC;NA;2;33;M;F;3039;NEP
059540020020-4430;059540020020;100mN31482E41416;S;NA;1;58;S;M;5064;EMP
059540020020-4431;059540020020;100mN31482E41416;MC;NA;2;54;M;F;5064;EMP
059540020020-4431;059540020020;100mN31482E41416;MC;NA;2;54;M;M;5064;NEP
059540020020-4432;059540020020;100mN31494E41438;MC;NA;2;30;M;M;3039;EMP
059540020020-4432;059540020020;100mN31494E41438;MC;NA;2;36;M;F;3039;EMP
059540020020-4433;059540020020;100mN31465E41420;SF;NA;2;87;S;F;75XX;EMP
059540020020-4433;059540020020;100mN31465E41420;SF;NA;2;7;S;M;0614;NEP
059540020020-4434;059540020020;100mN31482E41416;S;NA;1;66;M;F;6574;EMP
059540020020-4435;059540020020;100mN31482E41416;S;NA;1;51;S;F;5064;EMP
059540020020-4436;059540020020;100mN31482E41416;MC;NA;2;51;M;M;5064;EMP
059540020020-4436;059540020020;100mN31482E41416;MC;NA;2;46;M;F;4049;EMP
059540020020-4437;059540020020;100mN31500E41423;MC;NA;2;57;M;F;5064;NEP
059540020020-4437;059540020020;100mN31500E41423;MC;NA;2;60;M;M;5064;NEP
059540020020-4438;059540020020;100mN31482E41416;MC;OS;2;70;M;M;6574;NEP
059540020020-4438;059540020020;100mN31482E41416;MC;OS;2;69;M;F;6574;NEP
059540020020-4439;059540020020;100mN31482E41416;MC;NA;2;41;M;M;4049;EMP
059540020020-4439;059540020020;100mN31482E41416;MC;NA;2;34;M;F;3039;EMP
059540020020-4440;059540020020;100mN31481E41410;MC;NA;2;41;M;M;4049;NEP
059540020020-4440;059540020020;100mN31481E41410;MC;NA;2;47;M;F;4049;EMP
059540020020-4441;059540020020;100mN31482E41416;S;NA;1;45;M;M;4049;EMP
059540020020-4442;059540020020;100mN31491E41428;S;NA;1;69;M;F;6574;EMP
059540020020-4443;059540020020;100mN31484E41413;S;NA;1;52;D;M;5064;EMP
059540020020-4444;059540020020;100mN31471E41420;MC;OS;2;66;M;F;6574;EMP
059540020020-4444;059540020020;100mN31471E41420;MC;OS;2;69;M;M;6574;EMP
059540020020-4445;059540020020;100mN31478E41423;S;NA;1;21;S;M;1824;EMP
059540020020-4446;059540020020;100mN31478E41423;S;NA;1;69;M;M;6574;EMP
059540020020-4447;059540020020;100mN31464E41429;SF;NA;5;67;D;F;6574;EMP
059540020020-4447;059540020020;100mN31464E41429;SF;NA;5;10;S;M;0614;NEP
059540020020-4447;059540020020;100mN31464E41429;SF;NA;5;18;M;M;1824;EMP
059540020020-4447;059540020020;100mN31464E41429;SF;NA;5;20;M;M;1824;NEP
059540020020-4447;059540020020;100mN31464E41429;SF;NA;5;22;D;M;1824;NEP
059540020020-4448;059540020020;100mN31491E41418;S;OS;1;67;W;F;6574;EMP
059540020020-4449;059540020020;100mN31491E41418;NA;OS;2;47;W;F;4049;EMP
059540020020-4449;059540020020;100mN31491E41418;NA;OS;2;50;W;M;5064;NEP
059540020020-4450;059540020020;100mN31491E41418;S;NA;1;60;M;F;5064;NEP
059540020020-4451;059540020020;100mN31473E41426;S;NA;1;26;PD;M;2529;EMP
059540020020-4452;059540020020;100mN31491E41418;MC;NA;3;46;M;F;4049;NEP
059540020020-4452;059540020020;100mN31491E41418;MC;NA;3;47;M;M;4049;NEP
059540020020-4452;059540020020;100mN31491E41418;MC;NA;3;18;S;F;1824;NEP
059540020020-4453;059540020020;100mN31491E41418;MC;NA;2;58;M;F;5064;EMP
059540020020-4453;059540020020;100mN31491E41418;MC;NA;2;55;M;M;5064;NEP
059540020020-4454;059540020020;100mN31488E41438;S;NA;1;55;S;F;5064;NEP
059540020020-4455;059540020020;100mN31458E41380;MC;NA;4;51;M;M;5064;EMP
059540020020-4455;059540020020;100mN31458E41380;MC;NA;4;48;M;F;4049;EMP
059540020020-4455;059540020020;100mN31458E41380;MC;NA;4;9;S;F;0614;NEP
059540020020-4455;059540020020;100mN31458E41380;MC;NA;4;12;S;F;0614;NEP
059540020020-4456;059540020020;100mN31491E41418;S;NA;1;41;M;M;4049;NEP
059540020020-4457;059540020020;100mN31479E41401;S;NA;1;56;W;M;5064;NEP
059540020020-4458;059540020020;100mN31483E41405;S;NA;1;59;D;M;5064;EMP
059540020020-4459;059540020020;100mN31494E41439;S;NA;1;88;D;M;75XX;NEP
059540020020-4460;059540020020;100mN31491E41418;MC;NA;2;62;M;M;5064;EMP
059540020020-4460;059540020020;100mN31491E41418;MC;NA;2;63;M;F;5064;NEP
059540020020-4461;059540020020;100mN31464E41418;PO;MIX;3;73;S;F;6574;NEP
059540020020-4461;059540020020;100mN31464E41418;PO;MIX;3;27;S;M;2529;NEP
059540020020-4461;059540020020;100mN31464E41418;PO;MIX;3;30;S;M;3039;EMP
059540020020-4462;059540020020;100mN31491E41418;NA;NA;5;75;M;F;75XX;EMP
059540020020-4462;059540020020;100mN31491E41418;NA;NA;5;72;S;F;6574;EMP
059540020020-4462;059540020020;100mN31491E41418;NA;NA;5;40;S;M;4049;EMP
059540020020-4462;059540020020;100mN31491E41418;NA;NA;5;42;M;M;4049;EMP
059540020020-4462;059540020020;100mN31491E41418;NA;NA;5;31;M;F;3039;NEP
059540020020-4463;059540020020;100mN31491E41418;S;NA;1;28;M;F;2529;EMP
059540020020-4464;059540020020;100mN31460E41424;S;NA;1;47;S;M;4049;EMP
059540020020-4465;059540020020;100mN31496E41426;MC;NA;3;37;M;F;3039;NEP
059540020020-4465;059540020020;100mN31496E41426;MC;NA;3;45;M;M;4049;EMP
059540020020-4465;059540020020;100mN31496E41426;MC;NA;3;12;S;F;0614;NEP
059540020020-4466;059540020020;100mN31479E41404;MC;NA;2;33;M;M;3039;EMP
059540020020-4466;059540020020;100mN31479E41404;MC;NA;2;28;M;F;2529;NEP
059540020020-4467;059540020020;100mN31468E41430;MC;NA;2;30;M;M;3039;EMP
059540020020-4467;059540020020;100mN31468E41430;MC;NA;2;27;M;F;2529;NEP
059540020020-4468;059540020020;100mN31471E41431;S;NA;1;62;W;F;5064;NEP
059540020020-4469;059540020020;100mN31496E41426;S;OS;1;70;M;F;6574;NEP
059540020020-4470;059540020020;100mN31481E41412;S;NA;1;28;D;M;2529;EMP
059540020020-4471;059540020020;100mN31481E41413;S;NA;1;47;S;M;4049;EMP
059540020020-4472;059540020020;100mN31502E41435;MC;NA;2;37;M;M;3039;NEP
059540020020-4472;059540020020;100mN31502E41435;MC;NA;2;35;M;F;3039;EMP
059540020020-4473;059540020020;100mN31485E41427;S;NA;1;42;S;M;4049;NEP
059540020020-4474;059540020020;100mN31473E41423;S;NA;1;55;W;F;5064;NEP
059540020020-4475;059540020020;100mN31468E41420;S;NA;1;59;D;F;5064;EMP
059540020020-4476;059540020020;100mN31475E41422;S;NA;1;38;W;M;3039;EMP
059540020020-4477;059540020020;100mN31502E41435;S;NA;1;80;S;F;75XX;NEP
059540020020-4478;059540020020;100mN31462E41431;S;NA;1;30;S;M;3039;UEP
059540020020-4479;059540020020;100mN31479E41412;S;OS;1;23;M;F;1824;NEP
059540020020-4480;059540020020;100mN31502E41435;MC;OS;2;76;M;F;75XX;NEP
059540020020-4480;059540020020;100mN31502E41435;MC;OS;2;77;M;M;75XX;NEP
059540020020-4481;059540020020;100mN31466E41418;S;OS;1;70;W;F;6574;NEP
059540020020-4482;059540020020;100mN31469E41432;MC;MIX;2;73;M;M;6574;EMP
059540020020-4482;059540020020;100mN31469E41432;MC;MIX;2;37;M;M;3039;EMP
059540020020-4483;059540020020;100mN31468E41422;MC;OS;2;84;M;M;75XX;NEP
059540020020-4483;059540020020;100mN31468E41422;MC;OS;2;85;M;F;75XX;NEP
059540020020-4484;059540020020;100mN31466E41418;MC;OS;3;65;M;F;6574;EMP
059540020020-4484;059540020020;100mN31466E41418;MC;OS;3;88;M;M;75XX;EMP
059540020020-4484;059540020020;100mN31466E41418;MC;OS;3;85;M;F;75XX;NEP
059540020020-4485;059540020020;100mN31466E41418;MC;OS;3;68;M;F;6574;NEP
059540020020-4485;059540020020;100mN31466E41418;MC;OS;3;69;M;M;6574;NEP
059540020020-4485;059540020020;100mN31466E41418;MC;OS;3;72;M;M;6574;EMP
059540020020-4486;059540020020;100mN31485E41410;S;NA;1;63;W;F;5064;NEP
059540020020-4487;059540020020;100mN31466E41418;MC;NA;3;58;M;M;5064;EMP
059540020020-4487;059540020020;100mN31466E41418;MC;NA;3;57;M;F;5064;NEP
059540020020-4487;059540020020;100mN31466E41418;MC;NA;3;11;S;F;0614;NEP
059540020020-4488;059540020020;100mN31478E41405;MC;NA;4;44;M;F;4049;EMP
059540020020-4488;059540020020;100mN31478E41405;MC;NA;4;42;M;M;4049;EMP
059540020020-4488;059540020020;100mN31478E41405;MC;NA;4;6;S;M;0614;NEP
059540020020-4488;059540020020;100mN31478E41405;MC;NA;4;9;S;F;0614;NEP
059540020020-4489;059540020020;100mN31466E41418;S;NA;1;43;M;F;4049;EMP
059540020020-4490;059540020020;100mN31466E41418;MC;OS;2;71;M;F;6574;EMP
059540020020-4490;059540020020;100mN31466E41418;MC;OS;2;80;M;M;75XX;EMP
059540020020-4491;059540020020;100mN31464E41420;MC;NA;2;42;M;M;4049;NEP
059540020020-4491;059540020020;100mN31464E41420;MC;NA;2;40;M;F;4049;NEP
059540020020-4492;059540020020;100mN31471E41421;S;NA;1;56;S;F;5064;NEP
059540020020-4493;059540020020;100mN31491E41416;S;NA;1;60;M;M;5064;NEP
059540020020-4494;059540020020;100mN31460E41426;MC;NA;4;44;M;M;4049;NEP
059540020020-4494;059540020020;100mN31460E41426;MC;NA;4;40;M;F;4049;EMP
059540020020-4494;059540020020;100mN31460E41426;MC;NA;4;10;S;M;0614;NEP
059540020020-4494;059540020020;100mN31460E41426;MC;NA;4;3;S;M;0305;NEP
059540020020-4495;059540020020;100mN31463E41419;PO;MIX;2;70;S;F;6574;NEP
059540020020-4495;059540020020;100mN31463E41419;PO;MIX;2;67;M;M;6574;EMP
059540020020-4496;059540020020;100mN31466E41418;S;NA;1;59;S;F;5064;NEP
059540020020-4497;059540020020;100mN31466E41418;MC;NA;3;53;M;F;5064;EMP
059540020020-4497;059540020020;100mN31466E41418;MC;NA;3;62;M;M;5064;EMP
059540020020-4497;059540020020;100mN31466E41418;MC;NA;3;13;S;F;0614;NEP
059540020020-4498;059540020020;100mN31466E41418;MC;NA;2;46;M;M;4049;UEP
059540020020-4498;059540020020;100mN31466E41418;MC;NA;2;41;M;F;4049;NEP
059540020020-4499;059540020020;100mN31466E41418;S;OS;1;22;M;F;1824;EMP
059540020020-4500;059540020020;100mN31494E41423;MC;NA;4;38;M;M;3039;NEP
059540020020-4500;059540020020;100mN31494E41423;MC;NA;4;18;M;F;1824;EMP
059540020020-4500;059540020020;100mN31494E41423;MC;NA;4;20;M;M;1824;EMP
059540020020-4500;059540020020;100mN31494E41423;MC;NA;4;23;S;M;1824;EMP
059540020020-4501;059540020020;100mN31489E41420;MC;OS;2;65;M;F;6574;NEP
059540020020-4501;059540020020;100mN31489E41420;MC;OS;2;71;M;M;6574;NEP
059540020020-4502;059540020020;100mN31466E41418;S;OS;1;61;W;F;5064;EMP
059540020020-4503;059540020020;100mN31466E41418;MC;MIX;2;71;M;F;6574;NEP
059540020020-4503;059540020020;100mN31466E41418;MC;MIX;2;43;M;F;4049;NEP
059540020020-4504;059540020020;100mN31471E41421;MC;NA;4;40;M;M;4049;EMP
059540020020-4504;059540020020;100mN31471E41421;MC;NA;4;18;M;F;1824;NEP
059540020020-4504;059540020020;100mN31471E41421;MC;NA;4;20;S;M;1824;NEP
059540020020-4504;059540020020;100mN31471E41421;MC;NA;4;6;S;F;0614;NEP
059540020020-4505;059540020020;100mN31466E41418;MC;OS;3;67;M;F;6574;NEP
059540020020-4505;059540020020;100mN31466E41418;MC;OS;3;72;M;M;6574;NEP
059540020020-4505;059540020020;100mN31466E41418;MC;OS;3;84;M;F;75XX;NEP
059540020020-4506;059540020020;100mN31466E41418;MC;OS;6;79;M;M;75XX;NEP
059540020020-4506;059540020020;100mN31466E41418;MC;OS;6;71;M;F;6574;NEP
059540020020-4506;059540020020;100mN31466E41418;MC;OS;6;71;M;F;6574;EMP
059540020020-4506;059540020020;100mN31466E41418;MC;OS;6;65;S;F;6574;EMP
059540020020-4506;059540020020;100mN31466E41418;MC;OS;6;72;M;F;6574;NEP
059540020020-4506;059540020020;100mN31466E41418;MC;OS;6;84;M;F;75XX;NEP
059540020020-4507;059540020020;100mN31466E41418;MC;OS;2;71;M;F;6574;EMP
059540020020-4507;059540020020;100mN31466E41418;MC;OS;2;71;M;M;6574;EMP
059540020020-4508;059540020020;100mN31481E41404;MC;MIX;2;80;M;F;75XX;EMP
059540020020-4508;059540020020;100mN31481E41404;MC;MIX;2;16;S;M;1517;EMP
059540020020-4509;059540020020;100mN31466E41418;SF;NA;2;58;S;F;5064;EMP
059540020020-4509;059540020020;100mN31466E41418;SF;NA;2;16;S;F;1517;EMP
059540020020-4510;059540020020;100mN31472E41432;S;NA;1;83;D;F;75XX;EMP
059540020020-4511;059540020020;100mN31466E41418;MC;NA;2;50;M;M;5064;EMP
059540020020-4511;059540020020;100mN31466E41418;MC;NA;2;48;M;F;4049;NEP
059540020020-4512;059540020020;100mN31466E41418;S;OS;1;27;S;M;2529;EMP
059540020020-4513;059540020020;100mN31468E41420;PO;NA;4;30;S;F;3039;EMP
059540020020-4513;059540020020;100mN31468E41420;PO;NA;4;32;S;F;3039;EMP
059540020020-4513;059540020020;100mN31468E41420;PO;NA;4;6;S;M;0614;NEP
059540020020-4513;059540020020;100mN31468E41420;PO;NA;4;15;S;M;1517;EMP
059540020020-4514;059540020020;100mN31479E41407;S;OS;1;65;W;M;6574;EMP
059540020020-4515;059540020020;100mN31466E41418;MC;NA;2;62;M;F;5064;NEP
059540020020-4515;059540020020;100mN31466E41418;MC;NA;2;62;M;M;5064;NEP
059540020020-4516;059540020020;100mN31460E41430;S;OS;1;47;M;M;4049;EMP
059540020020-4517;059540020020;100mN31460E41430;MC;NA;2;51;M;F;5064;EMP
059540020020-4517;059540020020;100mN31460E41430;MC;NA;2;52;M;M;5064;EMP
059540020020-4518;059540020020;100mN31481E41404;MC;NA;3;62;M;M;5064;NEP
059540020020-4518;059540020020;100mN31481E41404;MC;NA;3;60;M;F;5064;EMP
059540020020-4518;059540020020;100mN31481E41404;MC;NA;3;3;S;F;0305;NEP
059540020020-4519;059540020020;100mN31471E41423;S;NA;1;56;M;F;5064;EMP
059540020020-4520;059540020020;100mN31460E41430;MC;OS;2;80;M;F;75XX;NEP
059540020020-4520;059540020020;100mN31460E41430;MC;OS;2;69;S;F;6574;NEP
059540020020-4521;059540020020;100mN31460E41430;S;OS;1;86;S;M;75XX;EMP
059540020020-4522;059540020020;100mN31460E41430;MC;NA;2;52;M;M;5064;NEP
059540020020-4522;059540020020;100mN31460E41430;MC;NA;2;45;M;F;4049;EMP
059540020020-4523;059540020020;100mN31460E41430;MC;NA;2;50;M;M;5064;EMP
059540020020-4523;059540020020;100mN31460E41430;MC;NA;2;44;M;F;4049;NEP
059540020020-4524;059540020020;100mN31460E41430;MC;OS;2;78;M;M;75XX;EMP
059540020020-4524;059540020020;100mN31460E41430;MC;OS;2;78;M;F;75XX;EMP
059540020020-4525;059540020020;100mN31483E41404;SF;NA;2;21;S;F;1824;EMP
059540020020-4525;059540020020;100mN31483E41404;SF;NA;2;3;S;M;0305;NEP
059540020020-4526;059540020020;100mN31460E41430;SF;NA;4;55;S;F;5064;EMP
059540020020-4526;059540020020;100mN31460E41430;SF;NA;4;7;S;M;0614;NEP
059540020020-4526;059540020020;100mN31460E41430;SF;NA;4;26;S;F;2529;EMP
059540020020-4526;059540020020;100mN31460E41430;SF;NA;4;26;D;F;2529;NEP
059540020020-4527;059540020020;100mN31483E41399;MC;NA;4;62;M;M;5064;UEP
059540020020-4527;059540020020;100mN31483E41399;MC;NA;4;60;M;F;5064;NEP
059540020020-4527;059540020020;100mN31483E41399;MC;NA;4;38;S;F;3039;NEP
059540020020-4527;059540020020;100mN31483E41399;MC;NA;4;12;S;M;0614;NEP
059540020020-4528;059540020020;100mN31464E41424;MC;NA;4;40;M;M;4049;EMP
059540020020-4528;059540020020;100mN31464E41424;MC;NA;4;32;M;F;3039;NEP
059540020020-4528;059540020020;100mN31464E41424;MC;NA;4;8;S;F;0614;NEP
059540020020-4528;059540020020;100mN31464E41424;MC;NA;4;13;S;F;0614;NEP
059540020020-4529;059540020020;100mN31481E41412;SF;NA;5;47;S;F;4049;NEP
059540020020-4529;059540020020;100mN31481E41412;SF;NA;5;9;S;M;0614;NEP
059540020020-4529;059540020020;100mN31481E41412;SF;NA;5;16;S;M;1517;EMP
059540020020-4529;059540020020;100mN31481E41412;SF;NA;5;1;S;M;0003;NEP
059540020020-4529;059540020020;100mN31481E41412;SF;NA;5;7;S;M;0614;NEP
059540020020-4530;059540020020;100mN31460E41430;MC;OS;2;88;M;M;75XX;NEP
059540020020-4530;059540020020;100mN31460E41430;MC;OS;2;83;M;F;75XX;NEP
059540020020-4531;059540020020;100mN31490E41418;MC;MIX;3;68;D;F;6574;NEP
059540020020-4531;059540020020;100mN31490E41418;MC;MIX;3;43;M;M;4049;EMP
059540020020-4531;059540020020;100mN31490E41418;MC;MIX;3;42;M;F;4049;EMP
059540020020-4532;059540020020;100mN31483E41414;S;OS;1;22;M;F;1824;NEP
059540020020-4533;059540020020;100mN31460E41430;MC;NA;2;37;M;M;3039;EMP
059540020020-4533;059540020020;100mN31460E41430;MC;NA;2;37;M;F;3039;EMP
059540020020-4534;059540020020;100mN31460E41430;MC;NA;2;60;M;M;5064;EMP
059540020020-4534;059540020020;100mN31460E41430;MC;NA;2;26;M;F;2529;NEP
059540020020-4535;059540020020;100mN31472E41431;S;NA;1;83;W;F;75XX;NEP
059540020020-4536;059540020020;100mN31460E41430;SF;NA;2;44;S;F;4049;EMP
059540020020-4536;059540020020;100mN31460E41430;SF;NA;2;23;W;F;1824;EMP
059540020020-4537;059540020020;100mN31460E41430;SF;NA;3;31;W;F;3039;NEP
059540020020-4537;059540020020;100mN31460E41430;SF;NA;3;0;S;M;0003;NEP
059540020020-4537;059540020020;100mN31460E41430;SF;NA;3;1;S;M;0003;NEP
059540020020-4538;059540020020;100mN31502E41426;S;NA;1;56;S;F;5064;NEP
059540020020-4539;059540020020;100mN31473E41426;S;NA;1;26;PD;M;2529;EMP
059540020020-4540;059540020020;100mN31490E41397;MC;MIX;2;80;M;M;75XX;EMP
059540020020-4540;059540020020;100mN31490E41397;MC;MIX;2;56;S;M;5064;NEP
059540020020-4541;059540020020;100mN31497E41435;S;NA;1;40;W;F;4049;NEP
059540020020-4542;059540020020;100mN31502E41426;MC;MIX;3;71;M;M;6574;EMP
059540020020-4542;059540020020;100mN31502E41426;MC;MIX;3;63;M;M;5064;EMP
059540020020-4542;059540020020;100mN31502E41426;MC;MIX;3;60;M;F;5064;NEP
059540020020-4543;059540020020;100mN31502E41426;MC;OS;3;67;M;F;6574;NEP
059540020020-4543;059540020020;100mN31502E41426;MC;OS;3;68;M;M;6574;EMP
059540020020-4543;059540020020;100mN31502E41426;MC;OS;3;81;M;F;75XX;NEP
059540020020-4544;059540020020;100mN31483E41405;MC;NA;4;20;M;F;1824;NEP
059540020020-4544;059540020020;100mN31483E41405;MC;NA;4;23;M;M;1824;EMP
059540020020-4544;059540020020;100mN31483E41405;MC;NA;4;3;S;F;0305;NEP
059540020020-4544;059540020020;100mN31483E41405;MC;NA;4;4;S;M;0305;NEP
059540020020-4545;059540020020;100mN31502E41426;S;OS;1;59;S;M;5064;EMP
059540020020-4546;059540020020;100mN31500E41425;MC;NA;2;35;M;F;3039;EMP
059540020020-4546;059540020020;100mN31500E41425;MC;NA;2;36;M;M;3039;NEP
059540020020-4547;059540020020;100mN31486E41410;S;NA;1;30;M;F;3039;EMP
059540020020-4548;059540020020;100mN31479E41407;MC;NA;2;47;M;M;4049;EMP
059540020020-4548;059540020020;100mN31479E41407;MC;NA;2;48;M;F;4049;EMP
059540020020-4549;059540020020;100mN31486E41410;MC;OS;2;65;M;F;6574;NEP
059540020020-4549;059540020020;100mN31486E41410;MC;OS;2;70;M;M;6574;EMP
059540020020-4550;059540020020;100mN31471E41431;S;OS;1;33;M;M;3039;EMP
059540020020-4551;059540020020;100mN31486E41410;MC;OS;2;68;M;M;6574;EMP
059540020020-4551;059540020020;100mN31486E41410;MC;OS;2;65;M;F;6574;EMP
059540020020-4552;059540020020;100mN31490E41438;MC;NA;2;33;M;F;3039;EMP
059540020020-4552;059540020020;100mN31490E41438;MC;NA;2;41;M;M;4049;EMP
059540020020-4553;059540020020;100mN31486E41410;MC;NA;2;30;M;F;3039;NEP
059540020020-4553;059540020020;100mN31486E41410;MC;NA;2;33;M;M;3039;EMP
059540020020-4554;059540020020;100mN31490E41420;MC;OS;2;66;M;M;6574;EMP
059540020020-4554;059540020020;100mN31490E41420;MC;OS;2;65;M;F;6574;NEP
059540020020-4555;059540020020;100mN31486E41410;MC;NA;3;38;M;M;3039;NEP
059540020020-4555;059540020020;100mN31486E41410;MC;NA;3;33;M;F;3039;EMP
059540020020-4555;059540020020;100mN31486E41410;MC;NA;3;21;D;F;1824;EMP
059540020020-4556;059540020020;100mN31473E41418;S;NA;1;44;M;M;4049;EMP
059540020020-4557;059540020020;100mN31479E41406;MC;NA;2;57;M;F;5064;NEP
059540020020-4557;059540020020;100mN31479E41406;MC;NA;2;59;M;M;5064;EMP
059540020020-4558;059540020020;100mN31486E41410;S;OS;1;59;M;M;5064;EMP
059540020020-4559;059540020020;100mN31471E41419;S;NA;1;52;W;F;5064;NEP
059540020020-4560;059540020020;100mN31486E41410;MC;OS;2;70;M;F;6574;NEP
059540020020-4560;059540020020;100mN31486E41410;MC;OS;2;70;M;M;6574;NEP
059540020020-4561;059540020020;100mN31464E41424;MC;NA;3;32;M;M;3039;EMP
059540020020-4561;059540020020;100mN31464E41424;MC;NA;3;27;M;F;2529;EMP
059540020020-4561;059540020020;100mN31464E41424;MC;NA;3;6;S;F;0614;NEP
059540020020-4562;059540020020;100mN31486E41410;S;NA;1;19;W;F;1824;NEP
059540020020-4563;059540020020;100mN31486E41410;MC;NA;2;45;M;M;4049;EMP
059540020020-4563;059540020020;100mN31486E41410;MC;NA;2;42;M;F;4049;NEP
059540020020-4564;059540020020;100mN31477E41404;MC;NA;2;62;M;M;5064;EMP
059540020020-4564;059540020020;100mN31477E41404;MC;NA;2;54;M;F;5064;NEP
059540020020-4565;059540020020;100mN31490E41418;MC;MIX;3;68;D;F;6574;NEP
059540020020-4565;059540020020;100mN31490E41418;MC;MIX;3;43;M;M;4049;EMP
059540020020-4565;059540020020;100mN31490E41418;MC;MIX;3;42;M;F;4049;EMP
059540020020-4566;059540020020;100mN31486E41410;SF;NA;2;69;D;F;6574;EMP
059540020020-4566;059540020020;100mN31486E41410;SF;NA;2;42;M;M;4049;EMP
059540020020-4567;059540020020;100mN31486E41410;S;NA;1;42;M;M;4049;EMP
059540020020-4568;059540020020;100mN31486E41410;MC;NA;4;60;M;F;5064;NEP
059540020020-4568;059540020020;100mN31486E41410;MC;NA;4;18;M;M;1824;EMP
059540020020-4568;059540020020;100mN31486E41410;MC;NA;4;6;S;M;0614;NEP
059540020020-4568;059540020020;100mN31486E41410;MC;NA;4;4;S;F;0305;NEP
059540020020-4569;059540020020;100mN31499E41434;S;OS;1;42;M;F;4049;EMP
059540020020-4570;059540020020;100mN31481E41405;MC;MIX;2;65;M;M;6574;EMP
059540020020-4570;059540020020;100mN31481E41405;MC;MIX;2;50;S;M;5064;EMP
059540020020-4571;059540020020;100mN31465E41423;S;NA;1;26;M;M;2529;EMP
059540020020-4572;059540020020;100mN31486E41410;MC;OS;2;67;M;M;6574;EMP
059540020020-4572;059540020020;100mN31486E41410;MC;OS;2;67;M;F;6574;NEP
059540020020-4573;059540020020;100mN31483E41396;S;OS;1;41;W;M;4049;EMP
059540020020-4574;059540020020;100mN31486E41410;MC;NA;2;36;M;M;3039;NEP
059540020020-4574;059540020020;100mN31486E41410;MC;NA;2;35;M;F;3039;NEP
059540020020-4575;059540020020;100mN31486E41410;S;OS;1;46;M;F;4049;EMP
059540020020-4576;059540020020;100mN31488E41394;MC;OS;2;73;M;M;6574;EMP
059540020020-4576;059540020020;100mN31488E41394;MC;OS;2;70;M;F;6574;EMP
059540020020-4577;059540020020;100mN31488E41394;S;OS;1;56;M;M;5064;EMP
059540020020-4578;059540020020;100mN31483E41407;MC;NA;4;44;M;M;4049;EMP
059540020020-4578;059540020020;100mN31483E41407;MC;NA;4;43;M;F;4049;EMP
059540020020-4578;059540020020;100mN31483E41407;MC;NA;4;1;S;M;0003;NEP
059540020020-4578;059540020020;100mN31483E41407;MC;NA;4;1;S;F;0003;NEP
059540020020-4579;059540020020;100mN31472E41424;S;NA;1;20;W;M;1824;EMP
059540020020-4580;059540020020;100mN31468E41430;S;NA;1;59;M;F;5064;NEP
059540020020-4581;059540020020;100mN31464E41425;S;OS;1;66;W;F;6574;NEP
059540020020-4582;059540020020;100mN31479E41410;S;NA;1;45;S;F;4049;NEP
059540020020-4583;059540020020;100mN31482E41409;S;NA;1;57;S;F;5064;EMP
059540020020-4584;059540020020;100mN31479E41410;S;OS;1;47;M;M;4049;UEP
059540020020-4585;059540020020;100mN31479E41410;S;OS;1;52;M;F;5064;EMP
059540020020-4586;059540020020;100mN31465E41428;MC;NA;2;63;M;M;5064;UEP
059540020020-4586;059540020020;100mN31465E41428;MC;NA;2;61;M;F;5064;EMP
059540020020-4587;059540020020;100mN31467E41423;S;NA;1;51;S;F;5064;NEP
059540020020-4588;059540020020;100mN31479E41410;SF;NA;2;86;W;F;75XX;EMP
059540020020-4588;059540020020;100mN31479E41410;SF;NA;2;13;S;M;0614;NEP
059540020020-4589;059540020020;100mN31479E41404;MC;MIX;2;72;M;M;6574;EMP
059540020020-4589;059540020020;100mN31479E41404;MC;MIX;2;63;M;F;5064;NEP
059540020020-4590;059540020020;100mN31479E41410;S;OS;1;75;S;F;75XX;NEP
059540020020-4591;059540020020;100mN31479E41410;S;NA;1;61;M;F;5064;NEP
059540020020-4592;059540020020;100mN31479E41410;MC;OS;4;66;M;M;6574;NEP
059540020020-4592;059540020020;100mN31479E41410;MC;OS;4;73;M;F;6574;EMP
059540020020-4592;059540020020;100mN31479E41410;MC;OS;4;73;M;M;6574;NEP
059540020020-4592;059540020020;100mN31479E41410;MC;OS;4;75;S;F;75XX;NEP
059540020020-4593;059540020020;100mN31473E41422;MC;MIX;3;75;S;F;75XX;EMP
059540020020-4593;059540020020;100mN31473E41422;MC;MIX;3;59;M;M;5064;NEP
059540020020-4593;059540020020;100mN31473E41422;MC;MIX;3;51;M;F;5064;EMP
059540020020-4594;059540020020;100mN31471E41421;S;OS;1;80;M;F;75XX;NEP
059540020020-4595;059540020020;100mN31479E41410;MC;NA;2;35;M;F;3039;NEP
059540020020-4595;059540020020;100mN31479E41410;MC;NA;2;36;M;M;3039;NEP
059540020020-4596;059540020020;100mN31479E41410;S;NA;1;19;S;M;1824;EMP
059540020020-4597;059540020020;100mN31471E41419;MC;NA;2;41;M;M;4049;EMP
059540020020-4597;059540020020;100mN31471E41419;MC;NA;2;40;M;F;4049;NEP
059540020020-4598;059540020020;100mN31479E41410;MC;NA;2;45;M;F;4049;EMP
059540020020-4598;059540020020;100mN31479E41410;MC;NA;2;42;M;M;4049;EMP
059540020020-4599;059540020020;100mN31491E41419;MC;MIX;3;88;S;M;75XX;EMP
059540020020-4599;059540020020;100mN31491E41419;MC;MIX;3;28;M;F;2529;NEP
059540020020-4599;059540020020;100mN31491E41419;MC;MIX;3;30;M;M;3039;EMP
059540020020-4600;059540020020;100mN31465E41420;SF;NA;2;87;S;F;75XX;EMP
059540020020-4600;059540020020;100mN31465E41420;SF;NA;2;7;S;M;0614;NEP
059540020020-4601;059540020020;100mN31479E41406;PO;NA;2;20;S;F;1824;NEP
059540020020-4601;059540020020;100mN31479E41406;PO;NA;2;22;S;M;1824;NEP
059540020020-4602;059540020020;100mN31479E41410;MC;NA;2;59;M;F;5064;EMP
059540020020-4602;059540020020;100mN31479E41410;MC;NA;2;61;M;M;5064;EMP
059540020020-4603;059540020020;100mN31479E41410;MC;OS;2;81;M;M;75XX;EMP
059540020020-4603;059540020020;100mN31479E41410;MC;OS;2;84;M;F;75XX;EMP
059540020020-4604;059540020020;100mN31479E41410;SF;NA;3;81;S;F;75XX;NEP
059540020020-4604;059540020020;100mN31479E41410;SF;NA;3;12;S;M;0614;NEP
059540020020-4604;059540020020;100mN31479E41410;SF;NA;3;38;M;F;3039;EMP
059540020020-4605;059540020020;100mN31491E41428;S;NA;1;43;M;M;4049;NEP
059540020020-4606;059540020020;100mN31479E41407;S;NA;1;32;M;M;3039;UEP
059540020020-4607;059540020020;100mN31479E41410;MC;OS;3;70;M;M;6574;NEP
059540020020-4607;059540020020;100mN31479E41410;MC;OS;3;69;M;F;6574;EMP
059540020020-4607;059540020020;100mN31479E41410;MC;OS;3;87;M;F;75XX;EMP
059540020020-4608;059540020020;100mN31479E41410;MC;OS;2;68;M;M;6574;NEP
059540020020-4608;059540020020;100mN31479E41410;MC;OS;2;69;M;F;6574;EMP
059540020020-4609;059540020020;100mN31479E41410;MC;OS;3;88;M;M;75XX;EMP
059540020020-4609;059540020020;100mN31479E41410;MC;OS;3;88;M;F;75XX;NEP
059540020020-4609;059540020020;100mN31479E41410;MC;OS;3;77;W;F;75XX;EMP
059540020020-4610;059540020020;100mN31472E41422;MC;MIX;2;80;M;M;75XX;NEP
059540020020-4610;059540020020;100mN31472E41422;MC;MIX;2;15;S;M;1517;EMP
059540020020-4611;059540020020;100mN31479E41410;SF;MIX;4;78;D;F;75XX;NEP
059540020020-4611;059540020020;100mN31479E41410;SF;MIX;4;48;S;F;4049;NEP
059540020020-4611;059540020020;100mN31479E41410;SF;MIX;4;30;M;M;3039;NEP
059540020020-4611;059540020020;100mN31479E41410;SF;MIX;4;12;S;F;0614;NEP
059540020020-4612;059540020020;100mN31479E41410;MC;OS;2;76;M;F;75XX;NEP
059540020020-4612;059540020020;100mN31479E41410;MC;OS;2;76;M;M;75XX;NEP
059540020020-4613;059540020020;100mN31479E41410;MC;NA;4;61;M;F;5064;NEP
059540020020-4613;059540020020;100mN31479E41410;MC;NA;4;61;M;M;5064;EMP
059540020020-4613;059540020020;100mN31479E41410;MC;NA;4;11;S;F;0614;NEP
059540020020-4613;059540020020;100mN31479E41410;MC;NA;4;8;S;F;0614;NEP
059540020020-4614;059540020020;100mN31479E41410;S;OS;1;55;S;F;5064;NEP
059540020020-4615;059540020020;100mN31477E41404;MC;NA;2;20;M;F;1824;EMP
059540020020-4615;059540020020;100mN31477E41404;MC;NA;2;27;M;M;2529;EMP
059540020020-4616;059540020020;100mN31489E41408;S;OS;1;42;M;F;4049;EMP
059540020020-4617;059540020020;100mN31479E41410;MC;NA;3;48;M;F;4049;NEP
059540020020-4617;059540020020;100mN31479E41410;MC;NA;3;50;M;M;5064;NEP
059540020020-4617;059540020020;100mN31479E41410;MC;NA;3;11;S;F;0614;NEP
059540020020-4618;059540020020;100mN31499E41431;MC;NA;2;47;M;F;4049;EMP
059540020020-4618;059540020020;100mN31499E41431;MC;NA;2;56;M;M;5064;NEP
059540020020-4619;059540020020;100mN31464E41427;SF;NA;4;70;D;F;6574;NEP
059540020020-4619;059540020020;100mN31464E41427;SF;NA;4;16;S;M;1517;UEP
059540020020-4619;059540020020;100mN31464E41427;SF;NA;4;0;S;F;0003;NEP
059540020020-4619;059540020020;100mN31464E41427;SF;NA;4;12;S;F;0614;NEP
059540020020-4620;059540020020;100mN31493E41440;S;NA;1;62;M;M;5064;NEP
059540020020-4621;059540020020;100mN31493E41440;MC;NA;2;42;M;M;4049;EMP
059540020020-4621;059540020020;100mN31493E41440;MC;NA;2;40;M;F;4049;EMP
059540020020-4622;059540020020;100mN31493E41440;SF;NA;2;58;S;F;5064;NEP
059540020020-4622;059540020020;100mN31493E41440;SF;NA;2;9;S;F;0614;NEP
059540020020-4623;059540020020;100mN31493E41440;MC;NA;3;56;M;M;5064;EMP
059540020020-4623;059540020020;100mN31493E41440;MC;NA;3;53;M;F;5064;NEP
059540020020-4623;059540020020;100mN31493E41440;MC;NA;3;15;S;F;1517;NEP
059540020020-4624;059540020020;100mN31479E41411;MC;NA;5;30;M;M;3039;NEP
059540020020-4624;059540020020;100mN31479E41411;MC;NA;5;28;M;F;2529;NEP
059540020020-4624;059540020020;100mN31479E41411;MC;NA;5;3;S;M;0305;NEP
059540020020-4624;059540020020;100mN31479E41411;MC;NA;5;6;S;F;0614;NEP
059540020020-4624;059540020020;100mN31479E41411;MC;NA;5;13;S;F;0614;NEP
059540020020-4625;059540020020;100mN31493E41440;SF;NA;2;50;W;F;5064;EMP
059540020020-4625;059540020020;100mN31493E41440;SF;NA;2;7;S;F;0614;NEP
059540020020-4626;059540020020;100mN31493E41440;PO;NA;2;21;S;F;1824;NEP
059540020020-4626;059540020020;100mN31493E41440;PO;NA;2;20;S;F;1824;NEP
059540020020-4627;059540020020;100mN31493E41440;MC;NA;2;61;M;M;5064;EMP
059540020020-4627;059540020020;100mN31493E41440;MC;NA;2;54;M;F;5064;NEP
059540020020-4628;059540020020;100mN31498E41417;S;OS;1;69;W;M;6574;EMP
059540020020-4629;059540020020;100mN31484E41412;S;NA;1;85;W;F;75XX;NEP
059540020020-4630;059540020020;100mN31493E41440;MC;NA;4;52;M;M;5064;EMP
059540020020-4630;059540020020;100mN31493E41440;MC;NA;4;50;M;F;5064;EMP
059540020020-4630;059540020020;100mN31493E41440;MC;NA;4;7;S;M;0614;NEP
059540020020-4630;059540020020;100mN31493E41440;MC;NA;4;15;S;F;1517;EMP
059540020020-4631;059540020020;100mN31485E41418;S;OS;1;18;S;F;1824;EMP
059540020020-4632;059540020020;100mN31468E41423;S;NA;1;47;M;M;4049;EMP
059540020020-4633;059540020020;100mN31480E41406;S;NA;1;68;S;M;6574;EMP
059540020020-4634;059540020020;100mN31468E41423;MC;MIX;2;67;M;F;6574;NEP
059540020020-4634;059540020020;100mN31468E41423;MC;MIX;2;79;M;M;75XX;EMP
059540020020-4635;059540020020;100mN31468E41423;PO;OS;2;78;S;M;75XX;EMP
059540020020-4635;059540020020;100mN31468E41423;PO;OS;2;72;S;F;6574;NEP
059540020020-4636;059540020020;100mN31479E41407;MC;OS;2;80;M;F;75XX;NEP
059540020020-4636;059540020020;100mN31479E41407;MC;OS;2;81;M;M;75XX;EMP
059540020020-4637;059540020020;100mN31481E41411;MC;MIX;2;67;M;M;6574;EMP
059540020020-4637;059540020020;100mN31481E41411;MC;MIX;2;59;S;M;5064;EMP
059540020020-4638;059540020020;100mN31468E41422;MC;MIX;2;68;M;M;6574;EMP
059540020020-4638;059540020020;100mN31468E41422;MC;MIX;2;63;M;F;5064;EMP
059540020020-4639;059540020020;100mN31464E41419;MC;NA;3;46;M;F;4049;NEP
059540020020-4639;059540020020;100mN31464E41419;MC;NA;3;47;M;M;4049;NEP
059540020020-4639;059540020020;100mN31464E41419;MC;NA;3;31;S;F;3039;NEP
059540020020-4640;059540020020;100mN31468E41423;PO;NA;3;45;S;M;4049;NEP
059540020020-4640;059540020020;100mN31468E41423;PO;NA;3;45;S;M;4049;EMP
059540020020-4640;059540020020;100mN31468E41423;PO;NA;3;8;S;F;0614;NEP
059540020020-4641;059540020020;100mN31468E41423;MC;OS;3;83;M;M;75XX;NEP
059540020020-4641;059540020020;100mN31468E41423;MC;OS;3;81;M;F;75XX;NEP
059540020020-4641;059540020020;100mN31468E41423;MC;OS;3;67;M;M;6574;EMP
059540020020-4642;059540020020;100mN31484E41407;SF;NA;2;65;D;F;6574;EMP
059540020020-4642;059540020020;100mN31484E41407;SF;NA;2;12;S;M;0614;NEP
059540020020-4643;059540020020;100mN31489E41429;PO;NA;2;52;S;F;5064;NEP
059540020020-4643;059540020020;100mN31489E41429;PO;NA;2;57;S;F;5064;EMP
059540020020-4644;059540020020;100mN31484E41407;MC;NA;4;36;M;M;3039;NEP
059540020020-4644;059540020020;100mN31484E41407;MC;NA;4;30;M;F;3039;NEP
059540020020-4644;059540020020;100mN31484E41407;MC;NA;4;18;M;M;1824;EMP
059540020020-4644;059540020020;100mN31484E41407;MC;NA;4;3;S;M;0305;NEP
059540020020-4645;059540020020;100mN31473E41423;S;NA;1;19;D;M;1824;EMP
059540020020-4646;059540020020;100mN31484E41407;S;OS;1;60;M;F;5064;EMP
059540020020-4647;059540020020;100mN31492E41439;SF;NA;2;66;S;F;6574;NEP
059540020020-4647;059540020020;100mN31492E41439;SF;NA;2;8;S;F;0614;NEP
059540020020-4648;059540020020;100mN31471E41421;S;NA;1;45;D;M;4049;EMP
059540020020-4649;059540020020;100mN31484E41412;S;NA;1;32;S;F;3039;EMP
059540020020-4650;059540020020;100mN31484E41407;S;NA;1;61;S;M;5064;NEP
059540020020-4651;059540020020;100mN31484E41407;MC;NA;2;25;M;F;2529;NEP
059540020020-4651;059540020020;100mN31484E41407;MC;NA;2;33;M;M;3039;EMP
059540020020-4652;059540020020;100mN31478E41407;S;OS;1;81;S;M;75XX;EMP
059540020020-4653;059540020020;100mN31488E41421;MC;NA;2;35;M;F;3039;EMP
059540020020-4653;059540020020;100mN31488E41421;MC;NA;2;18;M;M;1824;EMP
059540020020-4654;059540020020;100mN31484E41407;MC;OS;3;65;M;M;6574;EMP
059540020020-4654;059540020020;100mN31484E41407;MC;OS;3;80;M;F;75XX;EMP
059540020020-4654;059540020020;100mN31484E41407;MC;OS;3;69;W;F;6574;EMP
059540020020-4655;059540020020;100mN31499E41425;PO;NA;4;21;S;M;1824;EMP
059540020020-4655;059540020020;100mN31499E41425;PO;NA;4;18;S;M;1824;EMP
059540020020-4655;059540020020;100mN31499E41425;PO;NA;4;4;S;M;0305;NEP
059540020020-4655;059540020020;100mN31499E41425;PO;NA;4;6;S;F;0614;NEP
059540020020-4656;059540020020;100mN31484E41407;MC;NA;3;27;M;M;2529;NEP
059540020020-4656;059540020020;100mN31484E41407;MC;NA;3;26;M;F;2529;EMP
059540020020-4656;059540020020;100mN31484E41407;MC;NA;3;7;S;M;0614;NEP
059540020020-4657;059540020020;100mN31484E41407;S;OS;1;22;M;F;1824;EMP
059540020020-4658;059540020020;100mN31467E41415;S;NA;1;66;S;M;6574;NEP
059540020020-4659;059540020020;100mN31484E41407;S;OS;1;53;W;F;5064;EMP
059540020020-4660;059540020020;100mN31484E41407;S;NA;1;54;M;F;5064;NEP
059540020020-4661;059540020020;100mN31484E41407;MC;NA;3;53;M;F;5064;EMP
059540020020-4661;059540020020;100mN31484E41407;MC;NA;3;56;M;M;5064;UEP
059540020020-4661;059540020020;100mN31484E41407;MC;NA;3;34;M;M;3039;EMP
059540020020-4662;059540020020;100mN31484E41407;MC;NA;2;31;M;F;3039;EMP
059540020020-4662;059540020020;100mN31484E41407;MC;NA;2;28;M;M;2529;EMP
059540020020-4663;059540020020;100mN31494E41440;MC;NA;2;63;M;F;5064;EMP
059540020020-4663;059540020020;100mN31494E41440;MC;NA;2;26;S;F;2529;EMP
059540020020-4664;059540020020;100mN31499E41432;PO;NA;2;44;S;F;4049;EMP
059540020020-4664;059540020020;100mN31499E41432;PO;NA;2;43;S;F;4049;EMP
059540020020-4665;059540020020;100mN31484E41407;MC;NA;2;57;M;M;5064;NEP
059540020020-4665;059540020020;100mN31484E41407;MC;NA;2;58;M;F;5064;EMP
059540020020-4666;059540020020;100mN31491E41413;MC;MIX;4;73;S;M;6574;UEP
059540020020-4666;059540020020;100mN31491E41413;MC;MIX;4;34;M;F;3039;NEP
059540020020-4666;059540020020;100mN31491E41413;MC;MIX;4;38;M;M;3039;NEP
059540020020-4666;059540020020;100mN31491E41413;MC;MIX;4;16;S;M;1517;NEP
059540020020-4667;059540020020;100mN31484E41407;S;OS;1;59;M;F;5064;EMP
059540020020-4668;059540020020;100mN31484E41407;S;NA;1;65;M;M;6574;EMP
059540020020-4669;059540020020;100mN31485E41410;S;NA;1;81;D;F;75XX;EMP
059540020020-4670;059540020020;100mN31471E41431;S;NA;1;34;W;F;3039;NEP
059540020020-4671;059540020020;100mN31491E41417;SF;NA;2;44;D;F;4049;EMP
059540020020-4671;059540020020;100mN31491E41417;SF;NA;2;16;S;F;1517;NEP
059540020020-4672;059540020020;100mN31484E41407;S;NA;1;41;W;F;4049;EMP
059540020020-4673;059540020020;100mN31484E41407;MC;OS;2;82;M;F;75XX;EMP
059540020020-4673;059540020020;100mN31484E41407;MC;OS;2;84;M;M;75XX;EMP
059540020020-4674;059540020020;100mN31464E41419;MC;NA;4;43;M;M;4049;NEP
059540020020-4674;059540020020;100mN31464E41419;MC;NA;4;45;M;F;4049;EMP
059540020020-4674;059540020020;100mN31464E41419;MC;NA;4;12;S;M;0614;NEP
059540020020-4674;059540020020;100mN31464E41419;MC;NA;4;22;W;F;1824;NEP
059540020020-4675;059540020020;100mN31471E41425;MC;NA;4;61;M;F;5064;NEP
059540020020-4675;059540020020;100mN31471E41425;MC;NA;4;62;M;M;5064;NEP
059540020020-4675;059540020020;100mN31471E41425;MC;NA;4;12;S;M;0614;NEP
059540020020-4675;059540020020;100mN31471E41425;MC;NA;4;4;S;F;0305;NEP
059540020020-4676;059540020020;100mN31462E41426;S;OS;1;59;S;F;5064;EMP
059540020020-4677;059540020020;100mN31484E41427;S;NA;1;52;S;F;5064;NEP
059540020020-4678;059540020020;100mN31484E41407;MC;OS;4;65;M;F;6574;EMP
059540020020-4678;059540020020;100mN31484E41407;MC;OS;4;71;M;M;6574;NEP
059540020020-4678;059540020020;100mN31484E41407;MC;OS;4;79;M;F;75XX;EMP
059540020020-4678;059540020020;100mN31484E41407;MC;OS;4;81;M;M;75XX;NEP
059540020020-4679;059540020020;100mN31475E41422;SM;MIX;3;78;S;M;75XX;UEP
059540020020-4679;059540020020;100mN31475E41422;SM;MIX;3;77;D;M;75XX;EMP
059540020020-4679;059540020020;100mN31475E41422;SM;MIX;3;4;S;F;0305;NEP
059540020020-4680;059540020020;100mN31489E41435;S;NA;1;79;M;M;75XX;EMP
059540020020-4681;059540020020;100mN31484E41407;MC;NA;2;26;M;F;2529;EMP
059540020020-4681;059540020020;100mN31484E41407;MC;NA;2;27;M;M;2529;EMP
059540020020-4682;059540020020;100mN31484E41407;S;NA;1;57;S;M;5064;NEP
059540020020-4683;059540020020;100mN31484E41407;MC;NA;2;27;M;F;2529;EMP
059540020020-4683;059540020020;100mN31484E41407;MC;NA;2;28;M;M;2529;EMP
059540020020-4684;059540020020;100mN31484E41407;S;NA;1;57;W;F;5064;EMP
059540020020-4685;059540020020;100mN31485E41409;MC;NA;2;50;M;F;5064;NEP
059540020020-4685;059540020020;100mN31485E41409;MC;NA;2;45;M;M;4049;EMP
059540020020-4686;059540020020;100mN31485E41419;MC;OS;2;73;M;M;6574;EMP
059540020020-4686;059540020020;100mN31485E41419;MC;OS;2;72;M;F;6574;EMP
059540020020-4687;059540020020;100mN31462E41432;SF;NA;2;16;S;F;1517;NEP
059540020020-4687;059540020020;100mN31462E41432;SF;NA;2;0;S;M;0003;NEP
059540020020-4688;059540020020;100mN31483E41404;S;OS;1;45;D;F;4049;NEP
059540020020-4689;059540020020;100mN31499E41433;S;OS;1;51;D;F;5064;EMP
059540020020-4690;059540020020;100mN31472E41432;S;OS;1;22;W;F;1824;EMP
059540020020-4691;059540020020;100mN31492E41417;S;OS;1;58;M;F;5064;NEP
059540020020-4692;059540020020;100mN31492E41417;MC;OS;2;88;M;F;75XX;EMP
059540020020-4692;059540020020;100mN31492E41417;MC;OS;2;25;D;M;2529;EMP
059540020020-4693;059540020020;100mN31472E41424;MC;MIX;2;69;M;F;6574;EMP
059540020020-4693;059540020020;100mN31472E41424;MC;MIX;2;31;W;F;3039;EMP
059540020020-4694;059540020020;100mN31483E41400;MC;NA;3;62;M;M;5064;EMP
059540020020-4694;059540020020;100mN31483E41400;MC;NA;3;62;M;F;5064;NEP
059540020020-4694;059540020020;100mN31483E41400;MC;NA;3;13;S;F;0614;NEP
059540020020-4695;059540020020;100mN31492E41417;S;NA;1;69;S;F;6574;EMP
059540020020-4696;059540020020;100mN31492E41417;S;NA;1;30;M;M;3039;EMP
059540020020-4697;059540020020;100mN31492E41417;S;OS;1;60;M;M;5064;EMP
059540020020-4698;059540020020;100mN31500E41432;S;NA;1;47;M;M;4049;EMP
059540020020-4699;059540020020;100mN31483E41404;PO;NA;3;27;S;F;2529;NEP
059540020020-4699;059540020020;100mN31483E41404;PO;NA;3;28;S;M;2529;EMP
059540020020-4699;059540020020;100mN31483E41404;PO;NA;3;12;S;M;0614;NEP
059540020020-4700;059540020020;100mN31499E41432;MC;MIX;3;67;M;M;6574;EMP
059540020020-4700;059540020020;100mN31499E41432;MC;MIX;3;51;M;M;5064;EMP
059540020020-4700;059540020020;100mN31499E41432;MC;MIX;3;44;M;F;4049;NEP
059540020020-4701;059540020020;100mN31467E41415;S;NA;1;38;M;F;3039;EMP
059540020020-4702;059540020020;100mN31475E41422;MC;OS;3;71;M;M;6574;EMP
059540020020-4702;059540020020;100mN31475E41422;MC;OS;3;66;M;F;6574;NEP
059540020020-4702;059540020020;100mN31475E41422;MC;OS;3;72;M;M;6574;NEP
059540020020-4703;059540020020;100mN31467E41415;S;NA;1;47;M;M;4049;EMP
059540020020-4704;059540020020;100mN31467E41415;S;NA;1;70;M;F;6574;NEP
059540020020-4705;059540020020;100mN31472E41421;S;NA;1;34;S;M;3039;EMP
059540020020-4706;059540020020;100mN31467E41415;NA;NA;2;35;S;F;3039;EMP
059540020020-4706;059540020020;100mN31467E41415;NA;NA;2;18;W;F;1824;EMP
059540020020-4707;059540020020;100mN31467E41415;MC;NA;2;37;M;F;3039;NEP
059540020020-4707;059540020020;100mN31467E41415;MC;NA;2;40;M;M;4049;NEP
059540020020-4708;059540020020;100mN31467E41415;S;NA;1;47;D;M;4049;NEP
059540020020-4709;059540020020;100mN31467E41415;SM;NA;2;16;S;M;1517;NEP
059540020020-4709;059540020020;100mN31467E41415;SM;NA;2;0;S;M;0003;NEP
059540020020-4710;059540020020;100mN31462E41430;MC;NA;4;52;M;F;5064;NEP
059540020020-4710;059540020020;100mN31462E41430;MC;NA;4;63;M;M;5064;EMP
059540020020-4710;059540020020;100mN31462E41430;MC;NA;4;2;S;F;0003;NEP
059540020020-4710;059540020020;100mN31462E41430;MC;NA;4;6;S;M;0614;NEP
059540020020-4711;059540020020;100mN31467E41415;S;NA;1;66;S;M;6574;NEP
059540020020-4712;059540020020;100mN31460E41426;MC;MIX;2;76;M;M;75XX;NEP
059540020020-4712;059540020020;100mN31460E41426;MC;MIX;2;53;M;F;5064;EMP
059540020020-4713;059540020020;100mN31467E41429;MC;OS;2;86;M;M;75XX;NEP
059540020020-4713;059540020020;100mN31467E41429;MC;OS;2;84;M;F;75XX;EMP
059540020020-4714;059540020020;100mN31497E41426;SF;NA;2;89;S;F;75XX;EMP
059540020020-4714;059540020020;100mN31497E41426;SF;NA;2;13;S;M;0614;NEP
059540020020-4715;059540020020;100mN31478E41405;MC;NA;4;44;M;F;4049;EMP
059540020020-4715;059540020020;100mN31478E41405;MC;NA;4;42;M;M;4049;EMP
059540020020-4715;059540020020;100mN31478E41405;MC;NA;4;6;S;M;0614;NEP
059540020020-4715;059540020020;100mN31478E41405;MC;NA;4;9;S;F;0614;NEP
059540020020-4716;059540020020;100mN31481E41412;MC;NA;3;61;M;F;5064;NEP
059540020020-4716;059540020020;100mN31481E41412;MC;NA;3;43;S;F;4049;EMP
059540020020-4716;059540020020;100mN31481E41412;MC;NA;3;13;S;M;0614;NEP
059540020020-4717;059540020020;100mN31467E41415;MC;NA;5;25;M;F;2529;EMP
059540020020-4717;059540020020;100mN31467E41415;MC;NA;5;26;M;M;2529;NEP
059540020020-4717;059540020020;100mN31467E41415;MC;NA;5;8;S;F;0614;NEP
059540020020-4717;059540020020;100mN31467E41415;MC;NA;5;9;S;F;0614;NEP
059540020020-4717;059540020020;100mN31467E41415;MC;NA;5;10;S;F;0614;NEP
059540020020-4718;059540020020;100mN31498E41433;MC;NA;2;43;M;F;4049;NEP
059540020020-4718;059540020020;100mN31498E41433;MC;NA;2;18;M;M;1824;NEP
059540020020-4719;059540020020;100mN31498E41433;MC;NA;2;54;M;F;5064;NEP
059540020020-4719;059540020020;100mN31498E41433;MC;NA;2;63;M;M;5064;NEP
059540020020-4720;059540020020;100mN31498E41433;MC;NA;2;38;M;M;3039;EMP
059540020020-4720;059540020020;100mN31498E41433;MC;NA;2;36;M;F;3039;NEP
059540020020-4721;059540020020;100mN31492E41446;MC;NA;2;46;M;F;4049;NEP
059540020020-4721;059540020020;100mN31492E41446;MC;NA;2;47;M;M;4049;UEP
059540020020-4722;059540020020;100mN31498E41433;S;OS;1;63;W;F;5064;EMP
059540020020-4723;059540020020;100mN31498E41433;S;NA;1;25;M;M;2529;NEP
059540020020-4724;059540020020;100mN31498E41433;MC;MIX;2;66;M;M;6574;NEP
059540020020-4724;059540020020;100mN31498E41433;MC;MIX;2;63;M;F;5064;NEP
059540020020-4725;059540020020;100mN31498E41433;MC;NA;3;44;M;M;4049;EMP
059540020020-4725;059540020020;100mN31498E41433;MC;NA;3;44;M;F;4049;EMP
059540020020-4725;059540020020;100mN31498E41433;MC;NA;3;10;S;M;0614;NEP
059540020020-4726;059540020020;100mN31498E41433;S;NA;1;54;S;M;5064;NEP
059540020020-4727;059540020020;100mN31497E41432;PO;OS;2;65;S;M;6574;EMP
059540020020-4727;059540020020;100mN31497E41432;PO;OS;2;65;S;M;6574;NEP
059540020020-4728;059540020020;100mN31461E41422;PO;NA;3;42;S;M;4049;EMP
059540020020-4728;059540020020;100mN31461E41422;PO;NA;3;36;S;M;3039;EMP
059540020020-4728;059540020020;100mN31461E41422;PO;NA;3;15;S;F;1517;EMP
059540020020-4729;059540020020;100mN31498E41433;MC;OS;2;70;M;F;6574;EMP
059540020020-4729;059540020020;100mN31498E41433;MC;OS;2;72;M;M;6574;EMP
059540020020-4730;059540020020;100mN31459E41426;MC;NA;2;21;M;F;1824;NEP
059540020020-4730;059540020020;100mN31459E41426;MC;NA;2;23;M;M;1824;EMP
059540020020-4731;059540020020;100mN31475E41420;SF;NA;2;45;S;F;4049;EMP
059540020020-4731;059540020020;100mN31475E41420;SF;NA;2;13;S;F;0614;NEP
059540020020-4732;059540020020;100mN31459E41426;MC;OS;2;72;M;F;6574;EMP
059540020020-4732;059540020020;100mN31459E41426;MC;OS;2;76;M;M;75XX;NEP
059540020020-4733;059540020020;100mN31498E41437;S;NA;1;79;S;F;75XX;NEP
059540020020-4734;059540020020;100mN31498E41437;SF;NA;2;45;W;F;4049;EMP
059540020020-4734;059540020020;100mN31498E41437;SF;NA;2;15;S;M;1517;NEP
059540020020-4735;059540020020;100mN31498E41437;S;NA;1;51;M;M;5064;NEP
059540020020-4736;059540020020;100mN31498E41437;MC;MIX;2;71;M;M;6574;NEP
059540020020-4736;059540020020;100mN31498E41437;MC;MIX;2;84;M;M;75XX;UEP
059540020020-4737;059540020020;100mN31467E41429;S;OS;1;72;S;M;6574;EMP
059540020020-4738;059540020020;100mN31496E41418;S;OS;1;58;M;M;5064;EMP
059540020020-4739;059540020020;100mN31485E41409;MC;MIX;5;66;M;M;6574;EMP
059540020020-4739;059540020020;100mN31485E41409;MC;MIX;5;63;M;F;5064;NEP
059540020020-4739;059540020020;100mN31485E41409;MC;MIX;5;57;D;F;5064;NEP
059540020020-4739;059540020020;100mN31485E41409;MC;MIX;5;25;M;M;2529;EMP
059540020020-4739;059540020020;100mN31485E41409;MC;MIX;5;11;S;M;0614;NEP
059540020020-4740;059540020020;100mN31496E41418;MC;NA;3;62;M;F;5064;EMP
059540020020-4740;059540020020;100mN31496E41418;MC;NA;3;63;M;M;5064;EMP
059540020020-4740;059540020020;100mN31496E41418;MC;NA;3;6;S;M;0614;NEP
059540020020-4741;059540020020;100mN31464E41432;MC;OS;4;89;M;F;75XX;EMP
059540020020-4741;059540020020;100mN31464E41432;MC;OS;4;68;M;M;6574;NEP
059540020020-4741;059540020020;100mN31464E41432;MC;OS;4;85;W;F;75XX;EMP
059540020020-4741;059540020020;100mN31464E41432;MC;OS;4;71;M;M;6574;EMP
059540020020-4742;059540020020;100mN31484E41426;MC;OS;3;72;M;M;6574;NEP
059540020020-4742;059540020020;100mN31484E41426;MC;OS;3;71;M;F;6574;EMP
059540020020-4742;059540020020;100mN31484E41426;MC;OS;3;71;M;M;6574;EMP
059540020020-4743;059540020020;100mN31489E41409;S;NA;1;68;D;F;6574;EMP
059540020020-4744;059540020020;100mN31484E41426;S;NA;1;83;M;F;75XX;NEP
059540020020-4745;059540020020;100mN31457E41383;MC;NA;4;46;M;F;4049;EMP
059540020020-4745;059540020020;100mN31457E41383;MC;NA;4;52;M;M;5064;EMP
059540020020-4745;059540020020;100mN31457E41383;MC;NA;4;8;S;M;0614;NEP
059540020020-4745;059540020020;100mN31457E41383;MC;NA;4;15;S;M;1517;EMP
059540020020-4746;059540020020;100mN31484E41426;S;NA;1;53;M;F;5064;EMP
059540020020-4747;059540020020;100mN31484E41426;S;NA;1;72;M;M;6574;EMP
059540020020-4748;059540020020;100mN31487E41427;MC;NA;4;43;M;F;4049;NEP
059540020020-4748;059540020020;100mN31487E41427;MC;NA;4;46;M;M;4049;EMP
059540020020-4748;059540020020;100mN31487E41427;MC;NA;4;22;S;F;1824;EMP
059540020020-4748;059540020020;100mN31487E41427;MC;NA;4;26;S;F;2529;NEP
059540020020-4749;059540020020;100mN31477E41401;S;NA;1;33;S;M;3039;NEP
059540020020-4750;059540020020;100mN31484E41426;S;OS;1;16;S;M;1517;EMP
059540020020-4751;059540020020;100mN31483E41433;MC;NA;4;30;M;M;3039;EMP
059540020020-4751;059540020020;100mN31483E41433;MC;NA;4;23;M;F;1824;NEP
059540020020-4751;059540020020;100mN31483E41433;MC;NA;4;10;S;M;0614;NEP
059540020020-4751;059540020020;100mN31483E41433;MC;NA;4;15;S;M;1517;EMP
059540020020-4752;059540020020;100mN31483E41433;S;NA;1;23;M;M;1824;EMP
059540020020-4753;059540020020;100mN31481E41415;S;OS;1;46;M;M;4049;NEP
059540020020-4754;059540020020;100mN31484E41414;MC;OS;2;67;M;F;6574;EMP
059540020020-4754;059540020020;100mN31484E41414;MC;OS;2;73;M;M;6574;NEP
059540020020-4755;059540020020;100mN31490E41420;MC;OS;3;65;M;F;6574;NEP
059540020020-4755;059540020020;100mN31490E41420;MC;OS;3;68;M;M;6574;NEP
059540020020-4755;059540020020;100mN31490E41420;MC;OS;3;76;D;M;75XX;EMP
059540020020-4756;059540020020;100mN31490E41420;S;NA;1;34;S;M;3039;NEP
059540020020-4757;059540020020;100mN31490E41420;S;NA;1;67;D;M;6574;EMP
059540020020-4758;059540020020;100mN31490E41420;S;NA;1;70;M;F;6574;EMP
059540020020-4759;059540020020;100mN31480E41408;S;NA;1;62;S;F;5064;EMP
059540020020-4760;059540020020;100mN31490E41420;S;NA;1;81;M;F;75XX;EMP
059540020020-4761;059540020020;100mN31465E41428;SF;NA;2;72;S;F;6574;EMP
059540020020-4761;059540020020;100mN31465E41428;SF;NA;2;12;S;M;0614;NEP
059540020020-4762;059540020020;100mN31484E41414;S;OS;1;67;M;M;6574;EMP
059540020020-4763;059540020020;100mN31494E41439;S;NA;1;62;M;M;5064;EMP
059540020020-4764;059540020020;100mN31489E41430;S;NA;1;46;S;F;4049;NEP
059540020020-4765;059540020020;100mN31490E41420;MC;NA;2;41;M;M;4049;EMP
059540020020-4765;059540020020;100mN31490E41420;MC;NA;2;36;M;F;3039;NEP
059540020020-4766;059540020020;100mN31492E41428;S;OS;1;26;S;M;2529;NEP
059540020020-4767;059540020020;100mN31490E41420;MC;NA;4;52;M;M;5064;NEP
059540020020-4767;059540020020;100mN31490E41420;MC;NA;4;44;M;F;4049;NEP
059540020020-4767;059540020020;100mN31490E41420;MC;NA;4;1;S;M;0003;NEP
059540020020-4767;059540020020;100mN31490E41420;MC;NA;4;3;S;M;0305;NEP
059540020020-4768;059540020020;100mN31490E41420;MC;OS;2;66;M;M;6574;EMP
059540020020-4768;059540020020;100mN31490E41420;MC;OS;2;65;M;F;6574;NEP
059540020020-4769;059540020020;100mN31490E41420;MC;NA;3;53;M;F;5064;EMP
059540020020-4769;059540020020;100mN31490E41420;MC;NA;3;45;M;M;4049;NEP
059540020020-4769;059540020020;100mN31490E41420;MC;NA;3;22;M;F;1824;EMP
059540020020-4770;059540020020;100mN31490E41420;S;NA;1;61;M;F;5064;NEP
059540020020-4771;059540020020;100mN31490E41420;MC;NA;2;53;M;M;5064;EMP
059540020020-4771;059540020020;100mN31490E41420;MC;NA;2;51;M;F;5064;NEP
059540020020-4772;059540020020;100mN31480E41408;MC;NA;2;51;M;F;5064;EMP
059540020020-4772;059540020020;100mN31480E41408;MC;NA;2;54;M;M;5064;EMP
059540020020-4773;059540020020;100mN31490E41420;SF;MIX;2;81;S;F;75XX;NEP
059540020020-4773;059540020020;100mN31490E41420;SF;MIX;2;7;S;M;0614;NEP
059540020020-4774;059540020020;100mN31498E41431;SF;NA;3;16;S;F;1517;EMP
059540020020-4774;059540020020;100mN31498E41431;SF;NA;3;0;S;M;0003;NEP
059540020020-4774;059540020020;100mN31498E41431;SF;NA;3;1;S;F;0003;NEP
059540020020-4775;059540020020;100mN31498E41431;PO;MIX;2;67;S;F;6574;EMP
059540020020-4775;059540020020;100mN31498E41431;PO;MIX;2;67;M;M;6574;EMP
059540020020-4776;059540020020;100mN31498E41431;SF;NA;2;21;D;F;1824;NEP
059540020020-4776;059540020020;100mN31498E41431;SF;NA;2;0;S;F;0003;NEP
059540020020-4777;059540020020;100mN31498E41431;MC;OS;2;66;M;M;6574;EMP
059540020020-4777;059540020020;100mN31498E41431;MC;OS;2;66;M;F;6574;NEP
059540020020-4778;059540020020;100mN31498E41431;MC;NA;3;54;M;M;5064;NEP
059540020020-4778;059540020020;100mN31498E41431;MC;NA;3;52;M;F;5064;EMP
059540020020-4778;059540020020;100mN31498E41431;MC;NA;3;0;S;F;0003;NEP
059540020020-4779;059540020020;100mN31484E41418;PO;NA;4;43;S;F;4049;EMP
059540020020-4779;059540020020;100mN31484E41418;PO;NA;4;51;S;F;5064;EMP
059540020020-4779;059540020020;100mN31484E41418;PO;NA;4;11;S;F;0614;NEP
059540020020-4779;059540020020;100mN31484E41418;PO;NA;4;12;S;M;0614;NEP
059540020020-4780;059540020020;100mN31498E41431;S;OS;1;70;M;M;6574;EMP
059540020020-4781;059540020020;100mN31491E41401;MC;NA;2;41;M;M;4049;EMP
059540020020-4781;059540020020;100mN31491E41401;MC;NA;2;44;M;F;4049;NEP
059540020020-4782;059540020020;100mN31471E41431;S;NA;1;62;W;F;5064;NEP
059540020020-4783;059540020020;100mN31499E41432;SF;NA;2;66;D;F;6574;EMP
059540020020-4783;059540020020;100mN31499E41432;SF;NA;2;15;S;F;1517;EMP
059540020020-4784;059540020020;100mN31465E41420;PO;NA;2;53;S;M;5064;EMP
059540020020-4784;059540020020;100mN31465E41420;PO;NA;2;58;S;M;5064;NEP
059540020020-4785;059540020020;100mN31484E41414;NA;OS;2;71;S;F;6574;EMP
059540020020-4785;059540020020;100mN31484E41414;NA;OS;2;57;M;M;5064;EMP
059540020020-4786;059540020020;100mN31488E41408;MC;OS;2;73;M;F;6574;NEP
059540020020-4786;059540020020;100mN31488E41408;MC;OS;2;81;M;M;75XX;EMP
059540020020-4787;059540020020;100mN31488E41408;S;NA;1;37;M;M;3039;NEP
059540020020-4788;059540020020;100mN31487E41427;MC;MIX;2;81;M;M;75XX;EMP
059540020020-4788;059540020020;100mN31487E41427;MC;MIX;2;13;S;M;0614;NEP
059540020020-4789;059540020020;100mN31488E41408;S;NA;1;70;M;M;6574;NEP
059540020020-4790;059540020020;100mN31491E41428;MC;NA;2;62;M;M;5064;EMP
059540020020-4790;059540020020;100mN31491E41428;MC;NA;2;63;M;F;5064;NEP
059540020020-4791;059540020020;100mN31462E41428;MC;OS;2;71;M;F;6574;EMP
059540020020-4791;059540020020;100mN31462E41428;MC;OS;2;72;M;M;6574;EMP
059540020020-4792;059540020020;100mN31495E41423;MC;OS;2;78;M;F;75XX;NEP
059540020020-4792;059540020020;100mN31495E41423;MC;OS;2;82;M;M;75XX;NEP
059540020020-4793;059540020020;100mN31495E41423;SM;MIX;2;73;D;M;6574;EMP
059540020020-4793;059540020020;100mN31495E41423;SM;MIX;2;30;S;M;3039;EMP
059540020020-4794;059540020020;100mN31464E41427;MC;OS;3;70;M;M;6574;EMP
059540020020-4794;059540020020;100mN31464E41427;MC;OS;3;65;M;F;6574;NEP
059540020020-4794;059540020020;100mN31464E41427;MC;OS;3;66;W;F;6574;EMP
059540020020-4795;059540020020;100mN31495E41423;S;NA;1;63;M;F;5064;NEP
059540020020-4796;059540020020;100mN31465E41420;S;NA;1;73;S;M;6574;NEP
059540020020-4797;059540020020;100mN31495E41423;MC;OS;3;65;M;M;6574;EMP
059540020020-4797;059540020020;100mN31495E41423;MC;OS;3;76;M;F;75XX;NEP
059540020020-4797;059540020020;100mN31495E41423;MC;OS;3;70;W;F;6574;NEP
059540020020-4798;059540020020;100mN31495E41423;S;NA;1;73;M;F;6574;NEP
059540020020-4799;059540020020;100mN31498E41423;MC;MIX;2;65;M;F;6574;EMP
059540020020-4799;059540020020;100mN31498E41423;MC;MIX;2;45;D;F;4049;EMP
059540020020-4800;059540020020;100mN31487E41427;MC;MIX;4;76;M;M;75XX;EMP
059540020020-4800;059540020020;100mN31487E41427;MC;MIX;4;63;M;M;5064;NEP
059540020020-4800;059540020020;100mN31487E41427;MC;MIX;4;58;M;F;5064;NEP
059540020020-4800;059540020020;100mN31487E41427;MC;MIX;4;6;S;M;0614;NEP
059540020020-4801;059540020020;100mN31464E41418;S;NA;1;57;S;F;5064;EMP
059540020020-4802;059540020020;100mN31495E41423;S;OS;1;35;S;M;3039;EMP
059540020020-4803;059540020020;100mN31495E41423;S;NA;1;55;M;M;5064;NEP
059540020020-4804;059540020020;100mN31495E41423;MC;NA;3;44;M;M;4049;EMP
059540020020-4804;059540020020;100mN31495E41423;MC;NA;3;41;M;F;4049;NEP
059540020020-4804;059540020020;100mN31495E41423;MC;NA;3;25;S;M;2529;EMP
059540020020-4805;059540020020;100mN31480E41404;MC;MIX;3;73;W;F;6574;NEP
059540020020-4805;059540020020;100mN31480E41404;MC;MIX;3;32;M;M;3039;NEP
059540020020-4805;059540020020;100mN31480E41404;MC;MIX;3;30;M;F;3039;NEP
059540020020-4806;059540020020;100mN31483E41400;MC;NA;2;23;M;F;1824;EMP
059540020020-4806;059540020020;100mN31483E41400;MC;NA;2;25;M;M;2529;NEP
059540020020-4807;059540020020;100mN31495E41423;MC;NA;2;25;M;F;2529;NEP
059540020020-4807;059540020020;100mN31495E41423;MC;NA;2;33;M;M;3039;EMP
059540020020-4808;059540020020;100mN31486E41413;MC;NA;2;47;M;F;4049;NEP
059540020020-4808;059540020020;100mN31486E41413;MC;NA;2;48;M;M;4049;EMP
059540020020-4809;059540020020;100mN31495E41423;NA;OS;4;79;M;M;75XX;NEP
059540020020-4809;059540020020;100mN31495E41423;NA;OS;4;57;M;F;5064;NEP
059540020020-4809;059540020020;100mN31495E41423;NA;OS;4;41;S;M;4049;NEP
059540020020-4809;059540020020;100mN31495E41423;NA;OS;4;42;D;M;4049;EMP
059540020020-4810;059540020020;100mN31495E41423;PO;NA;3;38;S;F;3039;EMP
059540020020-4810;059540020020;100mN31495E41423;PO;NA;3;41;S;M;4049;EMP
059540020020-4810;059540020020;100mN31495E41423;PO;NA;3;6;S;F;0614;NEP
059540020020-4811;059540020020;100mN31481E41395;MC;OS;3;87;M;F;75XX;EMP
059540020020-4811;059540020020;100mN31481E41395;MC;OS;3;25;M;M;2529;EMP
059540020020-4811;059540020020;100mN31481E41395;MC;OS;3;71;M;M;6574;EMP
059540020020-4812;059540020020;100mN31461E41423;MC;NA;2;52;M;M;5064;EMP
059540020020-4812;059540020020;100mN31461E41423;MC;NA;2;52;M;F;5064;NEP
059540020020-4813;059540020020;100mN31499E41445;S;OS;1;25;W;F;2529;NEP
059540020020-4814;059540020020;100mN31464E41424;SF;NA;3;73;D;F;6574;NEP
059540020020-4814;059540020020;100mN31464E41424;SF;NA;3;48;M;F;4049;NEP
059540020020-4814;059540020020;100mN31464E41424;SF;NA;3;2;S;F;0003;NEP
059540020020-4815;059540020020;100mN31480E41408;S;NA;1;60;D;F;5064;EMP
059540020020-4816;059540020020;100mN31458E41380;S;NA;1;21;D;F;1824;EMP
059540020020-4817;059540020020;100mN31458E41380;MC;NA;4;51;M;M;5064;EMP
059540020020-4817;059540020020;100mN31458E41380;MC;NA;4;48;M;F;4049;EMP
059540020020-4817;059540020020;100mN31458E41380;MC;NA;4;9;S;F;0614;NEP
059540020020-4817;059540020020;100mN31458E41380;MC;NA;4;12;S;F;0614;NEP
059540020020-4818;059540020020;100mN31492E41428;SF;NA;4;18;W;F;1824;EMP
059540020020-4818;059540020020;100mN31492E41428;SF;NA;4;3;S;M;0305;NEP
059540020020-4818;059540020020;100mN31492E41428;SF;NA;4;2;S;M;0003;NEP
059540020020-4818;059540020020;100mN31492E41428;SF;NA;4;2;S;F;0003;NEP
059540020020-4819;059540020020;100mN31483E41414;MC;OS;2;69;M;M;6574;NEP
059540020020-4819;059540020020;100mN31483E41414;MC;OS;2;65;M;F;6574;NEP
059540020020-4820;059540020020;100mN31492E41428;S;NA;1;63;W;F;5064;EMP
059540020020-4821;059540020020;100mN31492E41428;MC;NA;3;56;M;F;5064;NEP
059540020020-4821;059540020020;100mN31492E41428;MC;NA;3;59;M;M;5064;EMP
059540020020-4821;059540020020;100mN31492E41428;MC;NA;3;18;M;F;1824;EMP
059540020020-4822;059540020020;100mN31481E41399;S;NA;1;57;D;M;5064;EMP
059540020020-4823;059540020020;100mN31492E41428;S;NA;1;76;W;M;75XX;NEP
059540020020-4824;059540020020;100mN31483E41413;S;NA;1;47;W;F;4049;NEP
059540020020-4825;059540020020;100mN31481E41414;MC;NA;4;48;M;F;4049;NEP
059540020020-4825;059540020020;100mN31481E41414;MC;NA;4;57;M;M;5064;EMP
059540020020-4825;059540020020;100mN31481E41414;MC;NA;4;33;M;M;3039;EMP
059540020020-4825;059540020020;100mN31481E41414;MC;NA;4;15;S;F;1517;EMP
059540020020-4826;059540020020;100mN31492E41428;S;NA;1;79;M;F;75XX;NEP
059540020020-4827;059540020020;100mN31492E41428;MC;NA;3;47;M;F;4049;NEP
059540020020-4827;059540020020;100mN31492E41428;MC;NA;3;59;M;M;5064;EMP
059540020020-4827;059540020020;100mN31492E41428;MC;NA;3;9;S;M;0614;NEP
059540020020-4828;059540020020;100mN31492E41428;MC;NA;2;58;M;F;5064;EMP
059540020020-4828;059540020020;100mN31492E41428;MC;NA;2;56;M;M;5064;EMP
059540020020-4829;059540020020;100mN31500E41422;S;NA;1;68;W;F;6574;EMP
059540020020-4830;059540020020;100mN31492E41428;MC;OS;2;69;M;F;6574;EMP
059540020020-4830;059540020020;100mN31492E41428;MC;OS;2;67;M;M;6574;EMP
059540020020-4831;059540020020;100mN31492E41428;S;NA;1;73;M;M;6574;EMP
059540020020-4832;059540020020;100mN31492E41428;S;OS;1;26;S;M;2529;NEP
059540020020-4833;059540020020;100mN31473E41432;S;NA;1;18;M;M;1824;EMP
059540020020-4834;059540020020;100mN31467E41428;SM;NA;4;45;S;M;4049;EMP
059540020020-4834;059540020020;100mN31467E41428;SM;NA;4;26;D;M;2529;EMP
059540020020-4834;059540020020;100mN31467E41428;SM;NA;4;4;S;F;0305;NEP
059540020020-4834;059540020020;100mN31467E41428;SM;NA;4;12;S;M;0614;NEP
059540020020-4835;059540020020;100mN31483E41399;MC;NA;4;62;M;M;5064;UEP
059540020020-4835;059540020020;100mN31483E41399;MC;NA;4;60;M;F;5064;NEP
059540020020-4835;059540020020;100mN31483E41399;MC;NA;4;38;S;F;3039;NEP
059540020020-4835;059540020020;100mN31483E41399;MC;NA;4;12;S;M;0614;NEP
059540020020-4836;059540020020;100mN31487E41438;PO;NA;2;54;S;F;5064;EMP
059540020020-4836;059540020020;100mN31487E41438;PO;NA;2;55;S;F;5064;EMP
059540020020-4837;059540020020;100mN31492E41428;PO;NA;3;62;S;F;5064;EMP
059540020020-4837;059540020020;100mN31492E41428;PO;NA;3;63;S;F;5064;NEP
059540020020-4837;059540020020;100mN31492E41428;PO;NA;3;19;M;M;1824;EMP
059540020020-4838;059540020020;100mN31464E41418;PO;MIX;3;73;S;F;6574;NEP
059540020020-4838;059540020020;100mN31464E41418;PO;MIX;3;27;S;M;2529;NEP
059540020020-4838;059540020020;100mN31464E41418;PO;MIX;3;30;S;M;3039;EMP
059540020020-4839;059540020020;100mN31464E41418;S;OS;1;47;S;M;4049;NEP
059540020020-4840;059540020020;100mN31483E41405;PO;NA;2;51;S;M;5064;NEP
059540020020-4840;059540020020;100mN31483E41405;PO;NA;2;48;S;F;4049;EMP
059540020020-4841;059540020020;100mN31492E41428;S;NA;1;70;M;F;6574;EMP
059540020020-4842;059540020020;100mN31492E41428;MC;NA;2;63;M;F;5064;EMP
059540020020-4842;059540020020;100mN31492E41428;MC;NA;2;80;S;M;75XX;EMP
059540020020-4843;059540020020;100mN31478E41401;S;NA;1;30;S;M;3039;EMP
059540020020-4844;059540020020;100mN31492E41428;S;NA;1;30;S;M;3039;EMP
059540020020-4845;059540020020;100mN31492E41428;MC;NA;2;54;M;F;5064;EMP
059540020020-4845;059540020020;100mN31492E41428;MC;NA;2;21;M;F;1824;NEP
059540020020-4846;059540020020;100mN31471E41418;MC;NA;3;36;M;M;3039;NEP
059540020020-4846;059540020020;100mN31471E41418;MC;NA;3;27;M;F;2529;NEP
059540020020-4846;059540020020;100mN31471E41418;MC;NA;3;6;S;F;0614;NEP
059540020020-4847;059540020020;100mN31492E41428;S;OS;1;31;M;F;3039;EMP
059540020020-4848;059540020020;100mN31492E41428;S;NA;1;52;M;F;5064;NEP
059540020020-4849;059540020020;100mN31471E41420;S;NA;1;45;W;F;4049;EMP
059540020020-4850;059540020020;100mN31492E41428;MC;NA;2;56;M;F;5064;EMP
059540020020-4850;059540020020;100mN31492E41428;MC;NA;2;63;M;M;5064;EMP
059540020020-4851;059540020020;100mN31471E41430;MC;NA;2;50;M;M;5064;NEP
059540020020-4851;059540020020;100mN31471E41430;MC;NA;2;50;M;F;5064;NEP
059540020020-4852;059540020020;100mN31492E41428;MC;NA;2;35;M;M;3039;NEP
059540020020-4852;059540020020;100mN31492E41428;MC;NA;2;32;M;F;3039;EMP
059540020020-4853;059540020020;100mN31492E41428;MC;NA;2;62;M;M;5064;EMP
059540020020-4853;059540020020;100mN31492E41428;MC;NA;2;60;M;F;5064;EMP
059540020020-4854;059540020020;100mN31468E41428;MC;NA;2;42;M;M;4049;EMP
059540020020-4854;059540020020;100mN31468E41428;MC;NA;2;40;M;F;4049;EMP
059540020020-4855;059540020020;100mN31485E41441;SF;MIX;4;70;S;M;6574;UEP
059540020020-4855;059540020020;100mN31485E41441;SF;MIX;4;60;D;F;5064;NEP
059540020020-4855;059540020020;100mN31485E41441;SF;MIX;4;1;S;F;0003;NEP
059540020020-4855;059540020020;100mN31485E41441;SF;MIX;4;13;S;F;0614;NEP
059540020020-4856;059540020020;100mN31471E41421;S;OS;1;80;M;F;75XX;NEP
059540020020-4857;059540020020;100mN31494E41426;MC;NA;2;42;M;M;4049;EMP
059540020020-4857;059540020020;100mN31494E41426;MC;NA;2;42;M;F;4049;NEP
059540020020-4858;059540020020;100mN31494E41423;S;OS;1;65;M;F;6574;EMP
059540020020-4859;059540020020;100mN31485E41418;MC;NA;3;42;M;F;4049;EMP
059540020020-4859;059540020020;100mN31485E41418;MC;NA;3;45;M;M;4049;NEP
059540020020-4859;059540020020;100mN31485E41418;MC;NA;3;9;S;M;0614;NEP
059540020020-4860;059540020020;100mN31485E41418;S;OS;1;18;S;F;1824;EMP
059540020020-4861;059540020020;100mN31472E41422;MC;MIX;4;65;D;M;6574;EMP
059540020020-4861;059540020020;100mN31472E41422;MC;MIX;4;51;M;F;5064;NEP
059540020020-4861;059540020020;100mN31472E41422;MC;MIX;4;59;M;M;5064;EMP
059540020020-4861;059540020020;100mN31472E41422;MC;MIX;4;10;S;M;0614;NEP
059540020020-4862;059540020020;100mN31478E41409;S;NA;1;47;S;M;4049;UEP
059540020020-4863;059540020020;100mN31480E41413;S;OS;1;47;M;M;4049;EMP
059540020020-4864;059540020020;100mN31491E41419;MC;OS;2;68;M;F;6574;NEP
059540020020-4864;059540020020;100mN31491E41419;MC;OS;2;70;M;M;6574;EMP
059540020020-4865;059540020020;100mN31464E41418;S;OS;1;68;W;F;6574;EMP
059540020020-4866;059540020020;100mN31485E41418;S;OS;1;66;M;M;6574;NEP
059540020020-4867;059540020020;100mN31464E41428;MC;OS;3;85;M;M;75XX;NEP
059540020020-4867;059540020020;100mN31464E41428;MC;OS;3;85;M;F;75XX;NEP
059540020020-4867;059540020020;100mN31464E41428;MC;OS;3;73;D;F;6574;EMP
059540020020-4868;059540020020;100mN31473E41418;S;NA;1;89;S;F;75XX;NEP
059540020020-4869;059540020020;100mN31485E41418;S;NA;1;41;M;M;4049;NEP
059540020020-4870;059540020020;100mN31485E41418;S;NA;1;58;M;M;5064;UEP
059540020020-4871;059540020020;100mN31478E41404;PO;NA;2;43;S;F;4049;NEP
059540020020-4871;059540020020;100mN31478E41404;PO;NA;2;43;S;M;4049;EMP
059540020020-4872;059540020020;100mN31485E41418;MC;NA;2;34;M;M;3039;EMP
059540020020-4872;059540020020;100mN31485E41418;MC;NA;2;34;M;F;3039;EMP
059540020020-4873;059540020020;100mN31472E41418;MC;MIX;2;77;M;F;75XX;EMP
059540020020-4873;059540020020;100mN31472E41418;MC;MIX;2;40;M;F;4049;EMP
059540020020-4874;059540020020;100mN31483E41414;MC;NA;4;50;M;F;5064;NEP
059540020020-4874;059540020020;100mN31483E41414;MC;NA;4;54;M;M;5064;EMP
059540020020-4874;059540020020;100mN31483E41414;MC;NA;4;6;S;M;0614;NEP
059540020020-4874;059540020020;100mN31483E41414;MC;NA;4;1;S;M;0003;NEP
059540020020-4875;059540020020;100mN31472E41418;MC;OS;2;76;M;F;75XX;EMP
059540020020-4875;059540020020;100mN31472E41418;MC;OS;2;79;M;M;75XX;EMP
059540020020-4876;059540020020;100mN31472E41418;MC;NA;2;28;M;F;2529;EMP
059540020020-4876;059540020020;100mN31472E41418;MC;NA;2;27;M;M;2529;EMP
059540020020-4877;059540020020;100mN31499E41447;MC;MIX;2;82;M;M;75XX;EMP
059540020020-4877;059540020020;100mN31499E41447;MC;MIX;2;15;S;F;1517;NEP
059540020020-4878;059540020020;100mN31485E41413;SF;NA;2;63;S;F;5064;NEP
059540020020-4878;059540020020;100mN31485E41413;SF;NA;2;15;S;M;1517;EMP
059540020020-4879;059540020020;100mN31489E41419;MC;NA;2;50;M;F;5064;EMP
059540020020-4879;059540020020;100mN31489E41419;MC;NA;2;58;M;M;5064;EMP
059540020020-4880;059540020020;100mN31485E41413;SF;NA;5;52;S;F;5064;EMP
059540020020-4880;059540020020;100mN31485E41413;SF;NA;5;13;S;F;0614;NEP
059540020020-4880;059540020020;100mN31485E41413;SF;NA;5;4;S;F;0305;NEP
059540020020-4880;059540020020;100mN31485E41413;SF;NA;5;26;S;M;2529;EMP
059540020020-4880;059540020020;100mN31485E41413;SF;NA;5;10;S;M;0614;NEP
059540020020-4881;059540020020;100mN31483E41399;MC;NA;2;55;M;M;5064;EMP
059540020020-4881;059540020020;100mN31483E41399;MC;NA;2;53;M;F;5064;NEP
059540020020-4882;059540020020;100mN31483E41405;SF;MIX;2;69;D;F;6574;NEP
059540020020-4882;059540020020;100mN31483E41405;SF;MIX;2;16;S;M;1517;EMP
059540020020-4883;059540020020;100mN31479E41412;S;NA;1;72;M;F;6574;NEP
059540020020-4884;059540020020;100mN31485E41413;MC;NA;3;28;M;F;2529;EMP
059540020020-4884;059540020020;100mN31485E41413;MC;NA;3;31;M;M;3039;EMP
059540020020-4884;059540020020;100mN31485E41413;MC;NA;3;12;S;M;0614;NEP
059540020020-4885;059540020020;100mN31494E41435;NA;NA;2;28;S;F;2529;NEP
059540020020-4885;059540020020;100mN31494E41435;NA;NA;2;84;W;F;75XX;NEP
059540020020-4886;059540020020;100mN31485E41413;MC;NA;2;32;M;F;3039;NEP
059540020020-4886;059540020020;100mN31485E41413;MC;NA;2;33;M;M;3039;NEP
059540020020-4887;059540020020;100mN31485E41413;MC;OS;2;81;M;M;75XX;EMP
059540020020-4887;059540020020;100mN31485E41413;MC;OS;2;84;M;F;75XX;EMP
059540020020-4888;059540020020;100mN31485E41413;S;NA;1;63;S;M;5064;EMP
059540020020-4889;059540020020;100mN31485E41413;MC;OS;3;67;M;M;6574;EMP
059540020020-4889;059540020020;100mN31485E41413;MC;OS;3;65;M;F;6574;NEP
059540020020-4889;059540020020;100mN31485E41413;MC;OS;3;70;M;F;6574;NEP
059540020020-4890;059540020020;100mN31497E41445;MC;MIX;3;68;S;F;6574;EMP
059540020020-4890;059540020020;100mN31497E41445;MC;MIX;3;43;M;F;4049;NEP
059540020020-4890;059540020020;100mN31497E41445;MC;MIX;3;46;M;M;4049;NEP
059540020020-4891;059540020020;100mN31485E41413;MC;NA;2;26;M;M;2529;EMP
059540020020-4891;059540020020;100mN31485E41413;MC;NA;2;25;M;F;2529;EMP
059540020020-4892;059540020020;100mN31471E41422;MC;OS;2;72;M;F;6574;EMP
059540020020-4892;059540020020;100mN31471E41422;MC;OS;2;73;M;M;6574;NEP
059540020020-4893;059540020020;100mN31485E41413;MC;NA;2;47;M;M;4049;EMP
059540020020-4893;059540020020;100mN31485E41413;MC;NA;2;43;M;F;4049;NEP
059540020020-4894;059540020020;100mN31467E41429;S;NA;1;48;W;F;4049;EMP
059540020020-4895;059540020020;100mN31485E41413;S;OS;1;41;S;F;4049;EMP
059540020020-4896;059540020020;100mN31483E41403;S;NA;1;55;S;F;5064;EMP
059540020020-4897;059540020020;100mN31485E41413;MC;OS;2;84;M;F;75XX;NEP
059540020020-4897;059540020020;100mN31485E41413;MC;OS;2;84;M;M;75XX;EMP
059540020020-4898;059540020020;100mN31498E41434;PO;NA;3;47;S;F;4049;EMP
059540020020-4898;059540020020;100mN31498E41434;PO;NA;3;52;S;M;5064;EMP
059540020020-4898;059540020020;100mN31498E41434;PO;NA;3;27;M;M;2529;EMP
059540020020-4899;059540020020;100mN31498E41434;MC;NA;3;62;M;F;5064;EMP
059540020020-4899;059540020020;100mN31498E41434;MC;NA;3;63;M;M;5064;EMP
059540020020-4899;059540020020;100mN31498E41434;MC;NA;3;7;S;M;0614;NEP
059540020020-4900;059540020020;100mN31498E41434;MC;NA;2;55;M;F;5064;EMP
059540020020-4900;059540020020;100mN31498E41434;MC;NA;2;57;M;M;5064;NEP
059540020020-4901;059540020020;100mN31491E41410;S;OS;1;46;W;M;4049;EMP
059540020020-4902;059540020020;100mN31498E41434;MC;NA;4;51;M;F;5064;NEP
059540020020-4902;059540020020;100mN31498E41434;MC;NA;4;54;M;M;5064;NEP
059540020020-4902;059540020020;100mN31498E41434;MC;NA;4;3;S;M;0305;NEP
059540020020-4902;059540020020;100mN31498E41434;MC;NA;4;12;S;M;0614;NEP
059540020020-4903;059540020020;100mN31483E41400;S;OS;1;68;D;M;6574;NEP
059540020020-4904;059540020020;100mN31491E41429;MC;NA;2;21;M;M;1824;EMP
059540020020-4904;059540020020;100mN31491E41429;MC;NA;2;18;M;F;1824;EMP
059540020020-4905;059540020020;100mN31464E41421;MC;OS;2;81;M;F;75XX;EMP
059540020020-4905;059540020020;100mN31464E41421;MC;OS;2;82;M;M;75XX;EMP
059540020020-4906;059540020020;100mN31464E41421;S;NA;1;43;D;F;4049;NEP
059540020020-4907;059540020020;100mN31467E41429;S;NA;1;46;M;M;4049;NEP
059540020020-4908;059540020020;100mN31464E41421;MC;NA;2;54;M;F;5064;NEP
059540020020-4908;059540020020;100mN31464E41421;MC;NA;2;46;M;M;4049;EMP
059540020020-4909;059540020020;100mN31481E41404;SF;NA;2;88;W;F;75XX;EMP
059540020020-4909;059540020020;100mN31481E41404;SF;NA;2;45;W;F;4049;EMP
059540020020-4910;059540020020;100mN31473E41421;MC;NA;5;26;M;F;2529;NEP
059540020020-4910;059540020020;100mN31473E41421;MC;NA;5;23;M;M;1824;EMP
059540020020-4910;059540020020;100mN31473E41421;MC;NA;5;6;S;M;0614;NEP
059540020020-4910;059540020020;100mN31473E41421;MC;NA;5;8;S;M;0614;NEP
059540020020-4910;059540020020;100mN31473E41421;MC;NA;5;8;S;F;0614;NEP
059540020020-4911;059540020020;100mN31464E41421;SF;NA;3;43;W;F;4049;EMP
059540020020-4911;059540020020;100mN31464E41421;SF;NA;3;9;S;M;0614;NEP
059540020020-4911;059540020020;100mN31464E41421;SF;NA;3;6;S;M;0614;NEP
059540020020-4912;059540020020;100mN31463E41419;S;NA;1;57;S;M;5064;NEP
059540020020-4913;059540020020;100mN31464E41421;S;NA;1;81;M;M;75XX;NEP
059540020020-4914;059540020020;100mN31464E41421;MC;NA;3;57;M;F;5064;EMP
059540020020-4914;059540020020;100mN31464E41421;MC;NA;3;59;M;M;5064;EMP
059540020020-4914;059540020020;100mN31464E41421;MC;NA;3;3;S;F;0305;NEP
059540020020-4915;059540020020;100mN31464E41421;PO;NA;2;60;S;F;5064;NEP
059540020020-4915;059540020020;100mN31464E41421;PO;NA;2;60;S;F;5064;EMP
059540020020-4916;059540020020;100mN31488E41421;S;OS;1;53;S;F;5064;EMP
059540020020-4917;059540020020;100mN31464E41421;S;NA;1;50;M;F;5064;NEP
059540020020-4918;059540020020;100mN31464E41421;MC;NA;2;44;M;F;4049;EMP
059540020020-4918;059540020020;100mN31464E41421;MC;NA;2;44;M;M;4049;EMP
059540020020-4919;059540020020;100mN31464E41421;MC;NA;3;62;M;M;5064;EMP
059540020020-4919;059540020020;100mN31464E41421;MC;NA;3;54;M;F;5064;NEP
059540020020-4919;059540020020;100mN31464E41421;MC;NA;3;2;S;M;0003;NEP
059540020020-4920;059540020020;100mN31475E41422;S;NA;1;52;S;M;5064;EMP
059540020020-4921;059540020020;100mN31464E41421;SF;NA;2;51;S;F;5064;EMP
059540020020-4921;059540020020;100mN31464E41421;SF;NA;2;11;S;F;0614;NEP
059540020020-4922;059540020020;100mN31464E41421;MC;NA;2;18;M;M;1824;EMP
059540020020-4922;059540020020;100mN31464E41421;MC;NA;2;20;M;F;1824;EMP
059540020020-4923;059540020020;100mN31464E41421;PO;OS;2;83;S;M;75XX;EMP
059540020020-4923;059540020020;100mN31464E41421;PO;OS;2;80;S;M;75XX;EMP
059540020020-4924;059540020020;100mN31468E41420;S;NA;1;69;S;M;6574;UEP
059540020020-4925;059540020020;100mN31464E41421;S;NA;1;53;S;F;5064;NEP
059540020020-4926;059540020020;100mN31491E41421;MC;NA;2;47;M;F;4049;EMP
059540020020-4926;059540020020;100mN31491E41421;MC;NA;2;41;M;M;4049;EMP
059540020020-4927;059540020020;100mN31464E41421;SF;NA;2;75;W;F;75XX;NEP
059540020020-4927;059540020020;100mN31464E41421;SF;NA;2;10;S;M;0614;NEP
059540020020-4928;059540020020;100mN31461E41423;MC;NA;2;53;M;F;5064;EMP
059540020020-4928;059540020020;100mN31461E41423;MC;NA;2;62;M;M;5064;NEP
059540020020-4929;059540020020;100mN31464E41421;MC;NA;2;26;M;F;2529;EMP
059540020020-4929;059540020020;100mN31464E41421;MC;NA;2;30;M;M;3039;UEP
059540020020-4930;059540020020;100mN31464E41421;MC;OS;2;75;M;F;75XX;EMP
059540020020-4930;059540020020;100mN31464E41421;MC;OS;2;66;M;M;6574;NEP
059540020020-4931;059540020020;100mN31464E41421;MC;NA;4;47;M;M;4049;EMP
059540020020-4931;059540020020;100mN31464E41421;MC;NA;4;46;M;F;4049;EMP
059540020020-4931;059540020020;100mN31464E41421;MC;NA;4;28;M;F;2529;EMP
059540020020-4931;059540020020;100mN31464E41421;MC;NA;4;15;S;F;1517;EMP
059540020020-4932;059540020020;100mN31471E41430;MC;OS;2;85;M;F;75XX;NEP
059540020020-4932;059540020020;100mN31471E41430;MC;OS;2;86;M;M;75XX;EMP
059540020020-4933;059540020020;100mN31483E41403;NA;OS;2;83;S;F;75XX;NEP
059540020020-4933;059540020020;100mN31483E41403;NA;OS;2;48;P;F;4049;EMP
059540020020-4934;059540020020;100mN31464E41421;MC;NA;3;25;M;M;2529;NEP
059540020020-4934;059540020020;100mN31464E41421;MC;NA;3;23;M;F;1824;NEP
059540020020-4934;059540020020;100mN31464E41421;MC;NA;3;9;S;F;0614;NEP
059540020020-4935;059540020020;100mN31493E41404;MC;MIX;2;89;M;M;75XX;NEP
059540020020-4935;059540020020;100mN31493E41404;MC;MIX;2;44;S;M;4049;EMP
059540020020-4936;059540020020;100mN31472E41422;S;OS;1;68;M;M;6574;NEP
059540020020-4937;059540020020;100mN31464E41421;MC;MIX;2;70;M;F;6574;NEP
059540020020-4937;059540020020;100mN31464E41421;MC;MIX;2;16;S;F;1517;EMP
059540020020-4938;059540020020;100mN31467E41422;PO;NA;2;56;S;F;5064;EMP
059540020020-4938;059540020020;100mN31467E41422;PO;NA;2;61;S;M;5064;NEP
059540020020-4939;059540020020;100mN31473E41418;MC;NA;2;55;M;M;5064;NEP
059540020020-4939;059540020020;100mN31473E41418;MC;NA;2;52;M;F;5064;NEP
059540020020-4940;059540020020;100mN31484E41415;MC;NA;3;50;M;M;5064;EMP
059540020020-4940;059540020020;100mN31484E41415;MC;NA;3;48;M;F;4049;EMP
059540020020-4940;059540020020;100mN31484E41415;MC;NA;3;22;D;M;1824;EMP
059540020020-4941;059540020020;100mN31490E41417;S;NA;1;31;M;F;3039;NEP
059540020020-4942;059540020020;100mN31472E41423;MC;NA;2;50;M;F;5064;EMP
059540020020-4942;059540020020;100mN31472E41423;MC;NA;2;41;M;M;4049;EMP
059540020020-4943;059540020020;100mN31473E41418;S;OS;1;45;W;F;4049;NEP
059540020020-4944;059540020020;100mN31463E41419;MC;NA;2;45;M;F;4049;EMP
059540020020-4944;059540020020;100mN31463E41419;MC;NA;2;46;M;M;4049;EMP
059540020020-4945;059540020020;100mN31490E41417;MC;OS;3;68;M;M;6574;EMP
059540020020-4945;059540020020;100mN31490E41417;MC;OS;3;66;M;F;6574;NEP
059540020020-4945;059540020020;100mN31490E41417;MC;OS;3;87;M;F;75XX;EMP
059540020020-4946;059540020020;100mN31490E41417;S;NA;1;18;M;M;1824;EMP
059540020020-4947;059540020020;100mN31473E41430;PO;NA;3;44;S;M;4049;EMP
059540020020-4947;059540020020;100mN31473E41430;PO;NA;3;37;S;M;3039;UEP
059540020020-4947;059540020020;100mN31473E41430;PO;NA;3;7;S;F;0614;NEP
059540020020-4948;059540020020;100mN31490E41417;S;NA;1;23;S;M;1824;NEP
059540020020-4949;059540020020;100mN31490E41417;MC;NA;2;48;M;F;4049;NEP
059540020020-4949;059540020020;100mN31490E41417;MC;NA;2;55;M;M;5064;EMP
059540020020-4950;059540020020;100mN31490E41417;S;OS;1;26;M;F;2529;EMP
059540020020-4951;059540020020;100mN31471E41423;MC;OS;3;70;M;F;6574;NEP
059540020020-4951;059540020020;100mN31471E41423;MC;OS;3;79;M;M;75XX;EMP
059540020020-4951;059540020020;100mN31471E41423;MC;OS;3;67;S;F;6574;NEP
059540020020-4952;059540020020;100mN31490E41417;S;NA;1;32;M;M;3039;EMP
059540020020-4953;059540020020;100mN31483E41405;MC;NA;2;55;M;F;5064;NEP
059540020020-4953;059540020020;100mN31483E41405;MC;NA;2;45;M;F;4049;NEP
059540020020-4954;059540020020;100mN31457E41383;MC;NA;4;46;M;F;4049;EMP
059540020020-4954;059540020020;100mN31457E41383;MC;NA;4;52;M;M;5064;EMP
059540020020-4954;059540020020;100mN31457E41383;MC;NA;4;8;S;M;0614;NEP
059540020020-4954;059540020020;100mN31457E41383;MC;NA;4;15;S;M;1517;EMP
059540020020-4955;059540020020;100mN31490E41417;MC;MIX;3;87;S;M;75XX;EMP
059540020020-4955;059540020020;100mN31490E41417;MC;MIX;3;21;M;F;1824;NEP
059540020020-4955;059540020020;100mN31490E41417;MC;MIX;3;22;M;M;1824;NEP
059540020020-4956;059540020020;100mN31461E41422;MC;NA;5;51;M;M;5064;NEP
059540020020-4956;059540020020;100mN31461E41422;MC;NA;5;44;M;F;4049;EMP
059540020020-4956;059540020020;100mN31461E41422;MC;NA;5;16;S;M;1517;NEP
059540020020-4956;059540020020;100mN31461E41422;MC;NA;5;0;S;M;0003;NEP
059540020020-4956;059540020020;100mN31461E41422;MC;NA;5;12;S;F;0614;NEP
059540020020-4957;059540020020;100mN31493E41406;PO;OS;2;88;S;F;75XX;NEP
059540020020-4957;059540020020;100mN31493E41406;PO;OS;2;89;S;M;75XX;EMP
059540020020-4958;059540020020;100mN31486E41436;MC;NA;2;43;M;M;4049;NEP
059540020020-4958;059540020020;100mN31486E41436;MC;NA;2;42;M;F;4049;NEP
059540020020-4959;059540020020;100mN31486E41436;S;OS;1;40;S;M;4049;NEP
059540020020-4960;059540020020;100mN31486E41436;S;NA;1;53;M;M;5064;EMP
059540020020-4961;059540020020;100mN31498E41417;PO;NA;3;21;S;M;1824;EMP
059540020020-4961;059540020020;100mN31498E41417;PO;NA;3;18;S;M;1824;EMP
059540020020-4961;059540020020;100mN31498E41417;PO;NA;3;6;S;M;0614;NEP
059540020020-4962;059540020020;100mN31486E41436;S;NA;1;70;S;F;6574;EMP
059540020020-4963;059540020020;100mN31479E41401;S;NA;1;18;D;F;1824;EMP
059540020020-4964;059540020020;100mN31485E41410;S;NA;1;16;S;M;1517;EMP
059540020020-4965;059540020020;100mN31483E41405;S;NA;1;18;W;F;1824;NEP
059540020020-4966;059540020020;100mN31483E41403;S;NA;1;52;D;F;5064;NEP
059540020020-4967;059540020020;100mN31472E41432;MC;OS;2;65;M;M;6574;UEP
059540020020-4967;059540020020;100mN31472E41432;MC;OS;2;73;M;F;6574;NEP
059540020020-4968;059540020020;100mN31500E41446;S;OS;1;53;S;M;5064;NEP
059540020020-4969;059540020020;100mN31462E41431;MC;NA;2;58;M;M;5064;EMP
059540020020-4969;059540020020;100mN31462E41431;MC;NA;2;60;M;F;5064;EMP
059540020020-4970;059540020020;100mN31479E41407;MC;NA;2;47;M;F;4049;EMP
059540020020-4970;059540020020;100mN31479E41407;MC;NA;2;44;M;M;4049;NEP
059540020020-4971;059540020020;100mN31473E41422;SF;NA;4;34;W;F;3039;EMP
059540020020-4971;059540020020;100mN31473E41422;SF;NA;4;12;S;M;0614;NEP
059540020020-4971;059540020020;100mN31473E41422;SF;NA;4;12;S;M;0614;NEP
059540020020-4971;059540020020;100mN31473E41422;SF;NA;4;18;M;M;1824;NEP
059540020020-4972;059540020020;100mN31477E41423;MC;MIX;4;71;D;F;6574;EMP
059540020020-4972;059540020020;100mN31477E41423;MC;MIX;4;33;M;F;3039;NEP
059540020020-4972;059540020020;100mN31477E41423;MC;MIX;4;34;M;M;3039;EMP
059540020020-4972;059540020020;100mN31477E41423;MC;MIX;4;18;S;M;1824;EMP
059540020020-4973;059540020020;100mN31500E41421;MC;OS;2;67;M;M;6574;NEP
059540020020-4973;059540020020;100mN31500E41421;MC;OS;2;65;M;F;6574;EMP
059540020020-4974;059540020020;100mN31471E41421;PC;MIX;4;66;S;F;6574;EMP
059540020020-4974;059540020020;100mN31471E41421;PC;MIX;4;55;P;M;5064;NEP
059540020020-4974;059540020020;100mN31471E41421;PC;MIX;4;52;P;F;5064;NEP
059540020020-4974;059540020020;100mN31471E41421;PC;MIX;4;9;S;M;0614;NEP
059540020020-4975;059540020020;100mN31479E41404;MC;NA;2;28;M;M;2529;EMP
059540020020-4975;059540020020;100mN31479E41404;MC;NA;2;27;M;F;2529;NEP
059540020020-4976;059540020020;100mN31479E41404;SF;NA;3;67;S;F;6574;NEP
059540020020-4976;059540020020;100mN31479E41404;SF;NA;3;16;S;F;1517;EMP
059540020020-4976;059540020020;100mN31479E41404;SF;NA;3;37;M;F;3039;NEP
059540020020-4977;059540020020;100mN31491E41429;MC;NA;2;21;M;M;1824;EMP
059540020020-4977;059540020020;100mN31491E41429;MC;NA;2;18;M;F;1824;EMP
059540020020-4978;059540020020;100mN31479E41404;NA;NA;2;22;S;F;1824;NEP
059540020020-4978;059540020020;100mN31479E41404;NA;NA;2;53;S;M;5064;EMP
059540020020-4979;059540020020;100mN31479E41404;PO;NA;2;46;S;F;4049;EMP
059540020020-4979;059540020020;100mN31479E41404;PO;NA;2;56;S;M;5064;NEP
059540020020-4980;059540020020;100mN31473E41424;S;OS;1;73;M;M;6574;EMP
059540020020-4981;059540020020;100mN31479E41404;MC;MIX;2;72;M;M;6574;EMP
059540020020-4981;059540020020;100mN31479E41404;MC;MIX;2;63;M;F;5064;NEP
059540020020-4982;059540020020;100mN31479E41404;NA;NA;3;46;W;F;4049;NEP
059540020020-4982;059540020020;100mN31479E41404;NA;NA;3;87;W;F;75XX;EMP
059540020020-4982;059540020020;100mN31479E41404;NA;NA;3;65;S;M;6574;NEP
059540020020-4983;059540020020;100mN31484E41412;MC;NA;5;54;M;F;5064;NEP
059540020020-4983;059540020020;100mN31484E41412;MC;NA;5;57;M;M;5064;NEP
059540020020-4983;059540020020;100mN31484E41412;MC;NA;5;9;S;M;0614;NEP
059540020020-4983;059540020020;100mN31484E41412;MC;NA;5;6;S;M;0614;NEP
059540020020-4983;059540020020;100mN31484E41412;MC;NA;5;15;S;M;1517;EMP
059540020020-4984;059540020020;100mN31471E41423;S;NA;1;56;M;F;5064;EMP
059540020020-4985;059540020020;100mN31479E41404;S;NA;1;60;M;F;5064;EMP
059540020020-4986;059540020020;100mN31499E41436;MC;MIX;2;67;M;M;6574;EMP
059540020020-4986;059540020020;100mN31499E41436;MC;MIX;2;30;M;M;3039;EMP
059540020020-4987;059540020020;100mN31472E41432;S;OS;1;43;W;M;4049;NEP
059540020020-4988;059540020020;100mN31479E41404;MC;NA;2;33;M;M;3039;EMP
059540020020-4988;059540020020;100mN31479E41404;MC;NA;2;28;M;F;2529;NEP
059540020020-4989;059540020020;100mN31474E41431;S;NA;1;71;S;F;6574;EMP
059540020020-4990;059540020020;100mN31479E41404;MC;NA;2;32;M;M;3039;NEP
059540020020-4990;059540020020;100mN31479E41404;MC;NA;2;31;M;F;3039;NEP
059540020020-4991;059540020020;100mN31479E41404;MC;NA;3;37;M;F;3039;EMP
059540020020-4991;059540020020;100mN31479E41404;MC;NA;3;46;M;M;4049;NEP
059540020020-4991;059540020020;100mN31479E41404;MC;NA;3;3;S;M;0305;NEP
059540020020-4992;059540020020;100mN31479E41404;MC;NA;4;56;M;F;5064;NEP
059540020020-4992;059540020020;100mN31479E41404;MC;NA;4;61;M;M;5064;EMP
059540020020-4992;059540020020;100mN31479E41404;MC;NA;4;22;M;M;1824;EMP
059540020020-4992;059540020020;100mN31479E41404;MC;NA;4;27;M;F;2529;EMP
059540020020-4993;059540020020;100mN31479E41404;S;OS;1;54;M;F;5064;NEP
059540020020-4994;059540020020;100mN31489E41429;MC;NA;2;33;M;M;3039;EMP
059540020020-4994;059540020020;100mN31489E41429;MC;NA;2;28;M;F;2529;NEP
059540020020-4995;059540020020;100mN31479E41404;MC;OS;2;66;M;M;6574;EMP
059540020020-4995;059540020020;100mN31479E41404;MC;OS;2;65;M;F;6574;EMP
059540020020-4996;059540020020;100mN31479E41407;S;NA;1;52;D;F;5064;NEP
059540020020-4997;059540020020;100mN31473E41423;S;OS;1;32;M;F;3039;EMP
059540020020-4998;059540020020;100mN31479E41404;MC;OS;2;79;M;F;75XX;NEP
059540020020-4998;059540020020;100mN31479E41404;MC;OS;2;73;M;M;6574;NEP
059540020020-4999;059540020020;100mN31497E41415;MC;NA;4;51;M;F;5064;NEP
059540020020-4999;059540020020;100mN31497E41415;MC;NA;4;53;M;M;5064;EMP
059540020020-4999;059540020020;100mN31497E41415;MC;NA;4;18;M;F;1824;EMP
059540020020-4999;059540020020;100mN31497E41415;MC;NA;4;8;S;M;0614;NEP
059540020020-5000;059540020020;100mN31479E41404;MC;NA;3;44;M;M;4049;EMP
059540020020-5000;059540020020;100mN31479E41404;MC;NA;3;47;M;F;4049;EMP
059540020020-5000;059540020020;100mN31479E41404;MC;NA;3;13;S;M;0614;NEP
059540020020-5001;059540020020;100mN31479E41404;SF;NA;2;48;D;F;4049;NEP
059540020020-5001;059540020020;100mN31479E41404;SF;NA;2;26;M;M;2529;EMP
059540020020-5002;059540020020;100mN31479E41404;MC;NA;3;43;M;F;4049;EMP
059540020020-5002;059540020020;100mN31479E41404;MC;NA;3;45;M;M;4049;EMP
059540020020-5002;059540020020;100mN31479E41404;MC;NA;3;10;S;M;0614;NEP
059540020020-5003;059540020020;100mN31479E41404;S;NA;1;83;S;F;75XX;NEP
059540020020-5004;059540020020;100mN31479E41404;PO;NA;2;57;S;M;5064;UEP
059540020020-5004;059540020020;100mN31479E41404;PO;NA;2;57;S;M;5064;NEP
059540020020-5005;059540020020;100mN31467E41421;MC;MIX;2;65;M;F;6574;NEP
059540020020-5005;059540020020;100mN31467E41421;MC;MIX;2;69;S;M;6574;EMP
059540020020-5006;059540020020;100mN31483E41412;MC;MIX;4;76;M;F;75XX;EMP
059540020020-5006;059540020020;100mN31483E41412;MC;MIX;4;44;M;F;4049;EMP
059540020020-5006;059540020020;100mN31483E41412;MC;MIX;4;41;M;M;4049;EMP
059540020020-5006;059540020020;100mN31483E41412;MC;MIX;4;7;S;M;0614;NEP
059540020020-5007;059540020020;100mN31485E41411;MC;NA;3;44;M;F;4049;EMP
059540020020-5007;059540020020;100mN31485E41411;MC;NA;3;43;M;M;4049;EMP
059540020020-5007;059540020020;100mN31485E41411;MC;NA;3;1;S;M;0003;NEP
059540020020-5008;059540020020;100mN31467E41422;S;OS;1;33;D;M;3039;NEP
059540020020-5009;059540020020;100mN31488E41426;S;NA;1;23;M;M;1824;EMP
059540020020-5010;059540020020;100mN31496E41419;S;OS;1;73;D;M;6574;NEP
059540020020-5011;059540020020;100mN31493E41437;PO;OS;2;72;S;F;6574;NEP
059540020020-5011;059540020020;100mN31493E41437;PO;OS;2;73;S;M;6574;NEP
059540020020-5012;059540020020;100mN31492E41401;S;OS;1;53;W;F;5064;EMP
059540020020-5013;059540020020;100mN31471E41423;SF;NA;2;52;S;F;5064;EMP
059540020020-5013;059540020020;100mN31471E41423;SF;NA;2;13;S;M;0614;NEP
059540020020-5014;059540020020;100mN31465E41429;SF;NA;2;52;D;F;5064;NEP
059540020020-5014;059540020020;100mN31465E41429;SF;NA;2;8;S;M;0614;NEP
059540020020-5015;059540020020;100mN31479E41407;S;OS;1;27;W;F;2529;NEP
059540020020-5016;059540020020;100mN31462E41429;PO;NA;4;55;S;M;5064;EMP
059540020020-5016;059540020020;100mN31462E41429;PO;NA;4;50;S;M;5064;EMP
059540020020-5016;059540020020;100mN31462E41429;PO;NA;4;22;M;F;1824;NEP
059540020020-5016;059540020020;100mN31462E41429;PO;NA;4;1;S;F;0003;NEP
059540020020-5017;059540020020;100mN31479E41401;MC;NA;3;23;M;M;1824;NEP
059540020020-5017;059540020020;100mN31479E41401;MC;NA;3;18;M;F;1824;EMP
059540020020-5017;059540020020;100mN31479E41401;MC;NA;3;4;S;F;0305;NEP
059540020020-5018;059540020020;100mN31496E41440;MC;OS;3;69;M;M;6574;NEP
059540020020-5018;059540020020;100mN31496E41440;MC;OS;3;75;M;F;75XX;NEP
059540020020-5018;059540020020;100mN31496E41440;MC;OS;3;77;S;F;75XX;EMP
059540020020-5019;059540020020;100mN31479E41406;MC;NA;3;55;M;F;5064;EMP
059540020020-5019;059540020020;100mN31479E41406;MC;NA;3;58;M;M;5064;NEP
059540020020-5019;059540020020;100mN31479E41406;MC;NA;3;10;S;M;0614;NEP
059540020020-5020;059540020020;100mN31479E41402;MC;MIX;2;66;M;F;6574;NEP
059540020020-5020;059540020020;100mN31479E41402;MC;MIX;2;30;W;F;3039;NEP
059540020020-5021;059540020020;100mN31484E41418;MC;NA;3;19;M;M;1824;EMP
059540020020-5021;059540020020;100mN31484E41418;MC;NA;3;28;M;F;2529;NEP
059540020020-5021;059540020020;100mN31484E41418;MC;NA;3;4;S;F;0305;NEP
059540020020-5022;059540020020;100mN31479E41405;S;OS;1;48;S;M;4049;UEP
059540020020-5023;059540020020;100mN31485E41408;S;NA;1;48;S;F;4049;EMP
059540020020-5024;059540020020;100mN31467E41423;S;NA;1;66;M;M;6574;UEP
059540020020-5025;059540020020;100mN31471E41419;PO;NA;2;45;S;F;4049;NEP
059540020020-5025;059540020020;100mN31471E41419;PO;NA;2;48;S;F;4049;EMP
059540020020-5026;059540020020;100mN31471E41419;MC;OS;2;70;M;F;6574;NEP
059540020020-5026;059540020020;100mN31471E41419;MC;OS;2;71;M;M;6574;EMP
059540020020-5027;059540020020;100mN31471E41419;MC;MIX;2;69;M;M;6574;EMP
059540020020-5027;059540020020;100mN31471E41419;MC;MIX;2;71;M;F;6574;NEP
059540020020-5028;059540020020;100mN31496E41439;MC;NA;2;43;M;F;4049;NEP
059540020020-5028;059540020020;100mN31496E41439;MC;NA;2;46;M;M;4049;NEP
059540020020-5029;059540020020;100mN31461E41421;S;NA;1;86;M;F;75XX;NEP
059540020020-5030;059540020020;100mN31471E41419;S;NA;1;47;S;F;4049;EMP
059540020020-5031;059540020020;100mN31471E41419;MC;NA;3;59;M;M;5064;NEP
059540020020-5031;059540020020;100mN31471E41419;MC;NA;3;59;M;F;5064;NEP
059540020020-5031;059540020020;100mN31471E41419;MC;NA;3;20;S;M;1824;NEP
059540020020-5032;059540020020;100mN31471E41419;MC;NA;4;47;M;M;4049;NEP
059540020020-5032;059540020020;100mN31471E41419;MC;NA;4;38;M;F;3039;EMP
059540020020-5032;059540020020;100mN31471E41419;MC;NA;4;1;S;F;0003;NEP
059540020020-5032;059540020020;100mN31471E41419;MC;NA;4;16;S;M;1517;EMP
059540020020-5033;059540020020;100mN31471E41419;S;OS;1;48;M;F;4049;NEP
059540020020-5034;059540020020;100mN31471E41419;MC;NA;2;41;M;M;4049;EMP
059540020020-5034;059540020020;100mN31471E41419;MC;NA;2;40;M;F;4049;NEP
059540020020-5035;059540020020;100mN31498E41417;S;OS;1;35;M;F;3039;NEP
059540020020-5036;059540020020;100mN31471E41419;MC;NA;4;37;M;F;3039;EMP
059540020020-5036;059540020020;100mN31471E41419;MC;NA;4;37;M;M;3039;EMP
059540020020-5036;059540020020;100mN31471E41419;MC;NA;4;18;M;F;1824;NEP
059540020020-5036;059540020020;100mN31471E41419;MC;NA;4;4;S;F;0305;NEP
059540020020-5037;059540020020;100mN31467E41429;S;NA;1;46;D;M;4049;EMP
059540020020-5038;059540020020;100mN31461E41422;MC;NA;2;28;M;M;2529;NEP
059540020020-5038;059540020020;100mN31461E41422;MC;NA;2;28;M;F;2529;EMP
059540020020-5039;059540020020;100mN31492E41415;S;NA;1;41;D;M;4049;EMP
059540020020-5040;059540020020;100mN31471E41419;MC;NA;2;52;M;M;5064;EMP
059540020020-5040;059540020020;100mN31471E41419;MC;NA;2;51;M;F;5064;EMP
059540020020-5041;059540020020;100mN31471E41419;MC;NA;3;57;M;M;5064;NEP
059540020020-5041;059540020020;100mN31471E41419;MC;NA;3;54;M;F;5064;NEP
059540020020-5041;059540020020;100mN31471E41419;MC;NA;3;7;S;F;0614;NEP
059540020020-5042;059540020020;100mN31471E41419;MC;NA;3;61;M;F;5064;NEP
059540020020-5042;059540020020;100mN31471E41419;MC;NA;3;42;M;M;4049;NEP
059540020020-5042;059540020020;100mN31471E41419;MC;NA;3;6;S;M;0614;NEP
059540020020-5043;059540020020;100mN31471E41419;PO;NA;2;28;S;F;2529;EMP
059540020020-5043;059540020020;100mN31471E41419;PO;NA;2;63;S;F;5064;EMP
059540020020-5044;059540020020;100mN31494E41437;S;NA;1;46;S;F;4049;NEP
059540020020-5045;059540020020;100mN31471E41419;S;NA;1;52;W;F;5064;NEP
059540020020-5046;059540020020;100mN31471E41419;S;NA;1;35;M;M;3039;EMP
059540020020-5047;059540020020;100mN31471E41419;MC;NA;3;59;M;M;5064;EMP
059540020020-5047;059540020020;100mN31471E41419;MC;NA;3;57;M;F;5064;EMP
059540020020-5047;059540020020;100mN31471E41419;MC;NA;3;10;S;F;0614;NEP
059540020020-5048;059540020020;100mN31471E41419;MC;NA;2;31;M;F;3039;EMP
059540020020-5048;059540020020;100mN31471E41419;MC;NA;2;34;M;M;3039;NEP
059540020020-5049;059540020020;100mN31471E41422;S;NA;1;42;M;F;4049;NEP
059540020020-5050;059540020020;100mN31498E41423;MC;MIX;2;65;M;F;6574;EMP
059540020020-5050;059540020020;100mN31498E41423;MC;MIX;2;45;D;F;4049;EMP
059540020020-5051;059540020020;100mN31491E41400;MC;NA;2;44;M;M;4049;EMP
059540020020-5051;059540020020;100mN31491E41400;MC;NA;2;43;M;F;4049;EMP
059540020020-5052;059540020020;100mN31491E41400;MC;NA;6;47;M;F;4049;EMP
059540020020-5052;059540020020;100mN31491E41400;MC;NA;6;48;M;M;4049;EMP
059540020020-5052;059540020020;100mN31491E41400;MC;NA;6;4;S;M;0305;NEP
059540020020-5052;059540020020;100mN31491E41400;MC;NA;6;16;S;M;1517;EMP
059540020020-5052;059540020020;100mN31491E41400;MC;NA;6;20;W;M;1824;EMP
059540020020-5052;059540020020;100mN31491E41400;MC;NA;6;0;S;F;0003;NEP
059540020020-5053;059540020020;100mN31466E41431;S;OS;1;31;M;M;3039;EMP
059540020020-5054;059540020020;100mN31466E41431;MC;OS;2;86;M;F;75XX;EMP
059540020020-5054;059540020020;100mN31466E41431;MC;OS;2;85;M;M;75XX;EMP
059540020020-5055;059540020020;100mN31499E41424;S;NA;1;48;S;F;4049;EMP
059540020020-5056;059540020020;100mN31485E41411;S;NA;1;46;S;F;4049;EMP
059540020020-5057;059540020020;100mN31486E41404;MC;NA;3;58;M;M;5064;UEP
059540020020-5057;059540020020;100mN31486E41404;MC;NA;3;54;M;F;5064;NEP
059540020020-5057;059540020020;100mN31486E41404;MC;NA;3;10;S;M;0614;NEP
059540020020-5058;059540020020;100mN31466E41431;S;NA;1;72;M;M;6574;EMP
059540020020-5059;059540020020;100mN31466E41431;S;NA;1;67;W;F;6574;EMP
059540020020-5060;059540020020;100mN31466E41431;MC;NA;4;60;M;F;5064;EMP
059540020020-5060;059540020020;100mN31466E41431;MC;NA;4;63;M;M;5064;EMP
059540020020-5060;059540020020;100mN31466E41431;MC;NA;4;12;S;F;0614;NEP
059540020020-5060;059540020020;100mN31466E41431;MC;NA;4;11;S;F;0614;NEP
059540020020-5061;059540020020;100mN31468E41429;MC;NA;3;44;M;F;4049;NEP
059540020020-5061;059540020020;100mN31468E41429;MC;NA;3;47;M;M;4049;NEP
059540020020-5061;059540020020;100mN31468E41429;MC;NA;3;12;S;M;0614;NEP
059540020020-5062;059540020020;100mN31471E41418;S;NA;1;72;D;F;6574;NEP
059540020020-5063;059540020020;100mN31475E41421;MC;NA;3;54;M;F;5064;EMP
059540020020-5063;059540020020;100mN31475E41421;MC;NA;3;71;M;F;6574;EMP
059540020020-5063;059540020020;100mN31475E41421;MC;NA;3;1;S;F;0003;NEP
059540020020-5064;059540020020;100mN31471E41418;SF;MIX;2;87;S;F;75XX;NEP
059540020020-5064;059540020020;100mN31471E41418;SF;MIX;2;3;S;F;0305;NEP
059540020020-5065;059540020020;100mN31466E41431;S;NA;1;65;S;F;6574;NEP
059540020020-5066;059540020020;100mN31466E41431;PO;NA;2;47;S;M;4049;NEP
059540020020-5066;059540020020;100mN31466E41431;PO;NA;2;41;S;F;4049;NEP
059540020020-5067;059540020020;100mN31466E41431;S;OS;1;34;W;F;3039;NEP
059540020020-5068;059540020020;100mN31466E41431;MC;OS;3;80;M;M;75XX;EMP
059540020020-5068;059540020020;100mN31466E41431;MC;OS;3;72;M;F;6574;NEP
059540020020-5068;059540020020;100mN31466E41431;MC;OS;3;72;M;M;6574;NEP
059540020020-5069;059540020020;100mN31466E41431;MC;OS;2;78;M;F;75XX;EMP
059540020020-5069;059540020020;100mN31466E41431;MC;OS;2;83;M;M;75XX;EMP
059540020020-5070;059540020020;100mN31460E41426;MC;NA;2;38;M;M;3039;EMP
059540020020-5070;059540020020;100mN31460E41426;MC;NA;2;37;M;F;3039;NEP
059540020020-5071;059540020020;100mN31471E41420;MC;MIX;3;67;W;F;6574;EMP
059540020020-5071;059540020020;100mN31471E41420;MC;MIX;3;41;M;M;4049;EMP
059540020020-5071;059540020020;100mN31471E41420;MC;MIX;3;33;M;F;3039;EMP
059540020020-5072;059540020020;100mN31502E41441;MC;MIX;4;66;M;M;6574;EMP
059540020020-5072;059540020020;100mN31502E41441;MC;MIX;4;58;M;M;5064;EMP
059540020020-5072;059540020020;100mN31502E41441;MC;MIX;4;52;M;F;5064;NEP
059540020020-5072;059540020020;100mN31502E41441;MC;MIX;4;41;M;M;4049;EMP
059540020020-5073;059540020020;100mN31464E41420;MC;MIX;2;69;M;M;6574;EMP
059540020020-5073;059540020020;100mN31464E41420;MC;MIX;2;65;D;F;6574;NEP
059540020020-5074;059540020020;100mN31491E41401;MC;NA;2;41;M;M;4049;EMP
059540020020-5074;059540020020;100mN31491E41401;MC;NA;2;44;M;F;4049;NEP
059540020020-5075;059540020020;100mN31491E41401;S;NA;1;27;M;F;2529;NEP
059540020020-5076;059540020020;100mN31494E41437;S;NA;1;68;S;F;6574;NEP
059540020020-5077;059540020020;100mN31495E41438;S;NA;1;54;M;M;5064;EMP
059540020020-5078;059540020020;100mN31495E41438;S;NA;1;23;M;M;1824;EMP
059540020020-5079;059540020020;100mN31485E41411;S;OS;1;48;D;M;4049;EMP
059540020020-5080;059540020020;100mN31495E41438;NA;MIX;4;81;M;M;75XX;NEP
059540020020-5080;059540020020;100mN31495E41438;NA;MIX;4;67;M;F;6574;NEP
059540020020-5080;059540020020;100mN31495E41438;NA;MIX;4;57;M;F;5064;EMP
059540020020-5080;059540020020;100mN31495E41438;NA;MIX;4;21;M;F;1824;EMP
059540020020-5081;059540020020;100mN31497E41432;S;OS;1;41;M;M;4049;EMP
059540020020-5082;059540020020;100mN31497E41432;PO;OS;3;79;S;F;75XX;NEP
059540020020-5082;059540020020;100mN31497E41432;PO;OS;3;81;S;M;75XX;NEP
059540020020-5082;059540020020;100mN31497E41432;PO;OS;3;66;M;F;6574;NEP
059540020020-5083;059540020020;100mN31485E41411;MC;NA;2;54;M;M;5064;NEP
059540020020-5083;059540020020;100mN31485E41411;MC;NA;2;50;M;F;5064;EMP
059540020020-5084;059540020020;100mN31461E41423;S;NA;1;59;M;M;5064;EMP
059540020020-5085;059540020020;100mN31497E41432;PO;OS;2;65;S;M;6574;EMP
059540020020-5085;059540020020;100mN31497E41432;PO;OS;2;65;S;M;6574;NEP
059540020020-5086;059540020020;100mN31484E41427;S;NA;1;16;S;F;1517;NEP
059540020020-5087;059540020020;100mN31489E41417;NA;OS;3;33;M;M;3039;NEP
059540020020-5087;059540020020;100mN31489E41417;NA;OS;3;44;M;F;4049;EMP
059540020020-5087;059540020020;100mN31489E41417;NA;OS;3;55;M;F;5064;NEP
059540020020-5088;059540020020;100mN31489E41419;MC;NA;2;63;M;F;5064;EMP
059540020020-5088;059540020020;100mN31489E41419;MC;NA;2;2;S;F;0003;NEP
059540020020-5089;059540020020;100mN31484E41417;MC;NA;2;55;M;M;5064;NEP
059540020020-5089;059540020020;100mN31484E41417;MC;NA;2;58;M;F;5064;EMP
059540020020-5090;059540020020;100mN31489E41417;S;NA;1;66;W;F;6574;NEP
059540020020-5091;059540020020;100mN31493E41408;MC;OS;2;88;M;F;75XX;EMP
059540020020-5091;059540020020;100mN31493E41408;MC;OS;2;11;S;F;0614;NEP
059540020020-5092;059540020020;100mN31489E41417;S;NA;1;50;S;M;5064;EMP
059540020020-5093;059540020020;100mN31489E41417;S;NA;1;18;D;F;1824;NEP
059540020020-5094;059540020020;100mN31479E41406;S;NA;1;83;S;M;75XX;NEP
059540020020-5095;059540020020;100mN31479E41406;MC;NA;2;19;M;F;1824;NEP
059540020020-5095;059540020020;100mN31479E41406;MC;NA;2;18;M;M;1824;EMP
059540020020-5096;059540020020;100mN31479E41406;S;OS;1;73;S;M;6574;EMP
059540020020-5097;059540020020;100mN31479E41406;S;NA;1;45;S;M;4049;EMP
059540020020-5098;059540020020;100mN31471E41424;SF;NA;2;18;D;F;1824;EMP
059540020020-5098;059540020020;100mN31471E41424;SF;NA;2;3;S;M;0305;NEP
059540020020-5099;059540020020;100mN31498E41436;MC;OS;4;77;M;F;75XX;EMP
059540020020-5099;059540020020;100mN31498E41436;MC;OS;4;80;M;M;75XX;NEP
059540020020-5099;059540020020;100mN31498E41436;MC;OS;4;87;S;M;75XX;EMP
059540020020-5099;059540020020;100mN31498E41436;MC;OS;4;68;W;F;6574;EMP
059540020020-5100;059540020020;100mN31479E41406;SF;NA;2;23;W;F;1824;NEP
059540020020-5100;059540020020;100mN31479E41406;SF;NA;2;1;S;M;0003;NEP
059540020020-5101;059540020020;100mN31479E41406;MC;NA;5;45;M;F;4049;EMP
059540020020-5101;059540020020;100mN31479E41406;MC;NA;5;48;M;M;4049;EMP
059540020020-5101;059540020020;100mN31479E41406;MC;NA;5;12;S;F;0614;NEP
059540020020-5101;059540020020;100mN31479E41406;MC;NA;5;7;S;F;0614;NEP
059540020020-5101;059540020020;100mN31479E41406;MC;NA;5;13;S;F;0614;NEP
059540020020-5102;059540020020;100mN31484E41418;S;OS;1;33;W;F;3039;EMP
059540020020-5103;059540020020;100mN31479E41406;MC;NA;4;45;M;F;4049;EMP
059540020020-5103;059540020020;100mN31479E41406;MC;NA;4;47;M;M;4049;EMP
059540020020-5103;059540020020;100mN31479E41406;MC;NA;4;15;S;F;1517;EMP
059540020020-5103;059540020020;100mN31479E41406;MC;NA;4;18;D;M;1824;EMP
059540020020-5104;059540020020;100mN31473E41418;MC;NA;4;47;M;M;4049;EMP
059540020020-5104;059540020020;100mN31473E41418;MC;NA;4;45;M;F;4049;NEP
059540020020-5104;059540020020;100mN31473E41418;MC;NA;4;8;S;F;0614;NEP
059540020020-5104;059540020020;100mN31473E41418;MC;NA;4;4;S;M;0305;NEP
059540020020-5105;059540020020;100mN31464E41424;MC;NA;2;40;M;F;4049;EMP
059540020020-5105;059540020020;100mN31464E41424;MC;NA;2;40;M;M;4049;NEP
059540020020-5106;059540020020;100mN31471E41432;PO;NA;2;40;S;M;4049;EMP
059540020020-5106;059540020020;100mN31471E41432;PO;NA;2;40;S;F;4049;NEP
059540020020-5107;059540020020;100mN31479E41406;S;NA;1;16;S;M;1517;NEP
059540020020-5108;059540020020;100mN31470E41429;SF;NA;2;81;W;F;75XX;NEP
059540020020-5108;059540020020;100mN31470E41429;SF;NA;2;26;S;F;2529;EMP
059540020020-5109;059540020020;100mN31468E41420;S;NA;1;69;S;M;6574;UEP
059540020020-5110;059540020020;100mN31482E41411;S;OS;1;68;D;M;6574;EMP
059540020020-5111;059540020020;100mN31479E41406;MC;MIX;2;68;M;F;6574;NEP
059540020020-5111;059540020020;100mN31479E41406;MC;MIX;2;27;M;F;2529;NEP
059540020020-5112;059540020020;100mN31491E41416;MC;NA;4;50;M;F;5064;NEP
059540020020-5112;059540020020;100mN31491E41416;MC;NA;4;51;M;M;5064;NEP
059540020020-5112;059540020020;100mN31491E41416;MC;NA;4;13;S;F;0614;NEP
059540020020-5112;059540020020;100mN31491E41416;MC;NA;4;11;S;F;0614;NEP
059540020020-5113;059540020020;100mN31484E41409;MC;NA;2;53;M;F;5064;EMP
059540020020-5113;059540020020;100mN31484E41409;MC;NA;2;62;M;M;5064;EMP
059540020020-5114;059540020020;100mN31481E41405;S;NA;1;16;S;M;1517;NEP
059540020020-5115;059540020020;100mN31479E41406;MC;NA;2;40;M;F;4049;EMP
059540020020-5115;059540020020;100mN31479E41406;MC;NA;2;40;M;M;4049;EMP
059540020020-5116;059540020020;100mN31479E41401;MC;OS;4;86;M;F;75XX;EMP
059540020020-5116;059540020020;100mN31479E41401;MC;OS;4;87;M;M;75XX;EMP
059540020020-5116;059540020020;100mN31479E41401;MC;OS;4;66;M;F;6574;NEP
059540020020-5116;059540020020;100mN31479E41401;MC;OS;4;67;D;M;6574;UEP
059540020020-5117;059540020020;100mN31464E41420;S;OS;1;66;D;F;6574;EMP
059540020020-5118;059540020020;100mN31479E41406;MC;MIX;2;65;M;M;6574;EMP
059540020020-5118;059540020020;100mN31479E41406;MC;MIX;2;25;M;M;2529;EMP
059540020020-5119;059540020020;100mN31479E41406;MC;NA;2;46;M;F;4049;NEP
059540020020-5119;059540020020;100mN31479E41406;MC;NA;2;46;M;M;4049;EMP
059540020020-5120;059540020020;100mN31479E41406;S;NA;1;31;D;M;3039;EMP
059540020020-5121;059540020020;100mN31472E41432;S;NA;1;54;M;F;5064;EMP
059540020020-5122;059540020020;100mN31500E41423;MC;NA;5;21;M;F;1824;EMP
059540020020-5122;059540020020;100mN31500E41423;MC;NA;5;33;M;M;3039;EMP
059540020020-5122;059540020020;100mN31500E41423;MC;NA;5;4;S;F;0305;NEP
059540020020-5122;059540020020;100mN31500E41423;MC;NA;5;0;S;F;0003;NEP
059540020020-5122;059540020020;100mN31500E41423;MC;NA;5;6;S;M;0614;NEP
059540020020-5123;059540020020;100mN31472E41424;S;OS;1;31;S;F;3039;EMP
059540020020-5124;059540020020;100mN31479E41406;PO;NA;2;45;S;F;4049;EMP
059540020020-5124;059540020020;100mN31479E41406;PO;NA;2;45;S;F;4049;NEP
059540020020-5125;059540020020;100mN31479E41406;MC;NA;2;57;M;F;5064;NEP
059540020020-5125;059540020020;100mN31479E41406;MC;NA;2;59;M;M;5064;EMP
059540020020-5126;059540020020;100mN31480E41408;SF;NA;3;51;D;F;5064;NEP
059540020020-5126;059540020020;100mN31480E41408;SF;NA;3;15;S;F;1517;NEP
059540020020-5126;059540020020;100mN31480E41408;SF;NA;3;16;S;F;1517;EMP
059540020020-5127;059540020020;100mN31479E41406;MC;OS;3;73;M;F;6574;EMP
059540020020-5127;059540020020;100mN31479E41406;MC;OS;3;80;M;M;75XX;EMP
059540020020-5127;059540020020;100mN31479E41406;MC;OS;3;66;S;F;6574;NEP
059540020020-5128;059540020020;100mN31479E41406;S;NA;1;65;W;F;6574;NEP
059540020020-5129;059540020020;100mN31481E41409;SF;NA;2;45;W;F;4049;NEP
059540020020-5129;059540020020;100mN31481E41409;SF;NA;2;22;M;M;1824;NEP
059540020020-5130;059540020020;100mN31479E41406;SM;NA;3;16;S;M;1517;NEP
059540020020-5130;059540020020;100mN31479E41406;SM;NA;3;0;S;F;0003;NEP
059540020020-5130;059540020020;100mN31479E41406;SM;NA;3;0;S;F;0003;NEP
059540020020-5131;059540020020;100mN31463E41419;S;NA;1;83;D;F;75XX;NEP
059540020020-5132;059540020020;100mN31469E41432;MC;MIX;2;73;M;M;6574;EMP
059540020020-5132;059540020020;100mN31469E41432;MC;MIX;2;37;M;M;3039;EMP
059540020020-5133;059540020020;100mN31484E41416;PO;OS;2;70;S;M;6574;EMP
059540020020-5133;059540020020;100mN31484E41416;PO;OS;2;68;S;M;6574;EMP
059540020020-5134;059540020020;100mN31479E41409;S;NA;1;56;M;M;5064;EMP
059540020020-5135;059540020020;100mN31479E41406;MC;NA;3;35;M;F;3039;NEP
059540020020-5135;059540020020;100mN31479E41406;MC;NA;3;38;M;M;3039;EMP
059540020020-5135;059540020020;100mN31479E41406;MC;NA;3;18;S;M;1824;NEP
059540020020-5136;059540020020;100mN31488E41438;S;OS;1;53;M;F;5064;EMP
059540020020-5137;059540020020;100mN31461E41421;S;NA;1;25;S;F;2529;EMP
059540020020-5138;059540020020;100mN31488E41427;MC;OS;2;75;M;F;75XX;EMP
059540020020-5138;059540020020;100mN31488E41427;MC;OS;2;77;M;M;75XX;EMP
059540020020-5139;059540020020;100mN31499E41433;MC;NA;3;58;M;F;5064;NEP
059540020020-5139;059540020020;100mN31499E41433;MC;NA;3;60;M;M;5064;UEP
059540020020-5139;059540020020;100mN31499E41433;MC;NA;3;41;W;M;4049;EMP
059540020020-5140;059540020020;100mN31479E41406;MC;NA;3;55;M;F;5064;EMP
059540020020-5140;059540020020;100mN31479E41406;MC;NA;3;58;M;M;5064;NEP
059540020020-5140;059540020020;100mN31479E41406;MC;NA;3;10;S;M;0614;NEP
059540020020-5141;059540020020;100mN31479E41406;S;NA;1;45;S;F;4049;EMP
059540020020-5142;059540020020;100mN31463E41420;S;NA;1;69;S;F;6574;EMP
059540020020-5143;059540020020;100mN31479E41406;MC;NA;2;20;M;F;1824;NEP
059540020020-5143;059540020020;100mN31479E41406;MC;NA;2;55;M;M;5064;NEP
059540020020-5144;059540020020;100mN31471E41431;S;NA;1;37;S;M;3039;EMP
059540020020-5145;059540020020;100mN31479E41406;PO;NA;2;20;S;F;1824;NEP
059540020020-5145;059540020020;100mN31479E41406;PO;NA;2;22;S;M;1824;NEP
059540020020-5146;059540020020;100mN31479E41406;SF;NA;2;62;W;F;5064;NEP
059540020020-5146;059540020020;100mN31479E41406;SF;NA;2;15;S;F;1517;NEP
059540020020-5147;059540020020;100mN31479E41406;MC;NA;2;30;M;F;3039;NEP
059540020020-5147;059540020020;100mN31479E41406;MC;NA;2;30;M;M;3039;EMP
059540020020-5148;059540020020;100mN31479E41406;MC;NA;2;40;M;M;4049;EMP
059540020020-5148;059540020020;100mN31479E41406;MC;NA;2;37;M;F;3039;NEP
059540020020-5149;059540020020;100mN31479E41406;S;NA;1;67;D;M;6574;EMP
059540020020-5150;059540020020;100mN31479E41406;PO;OS;2;65;S;F;6574;NEP
059540020020-5150;059540020020;100mN31479E41406;PO;OS;2;67;S;F;6574;NEP
059540020020-5151;059540020020;100mN31479E41406;S;NA;1;54;M;F;5064;EMP
059540020020-5152;059540020020;100mN31479E41406;MC;OS;2;70;M;M;6574;NEP
059540020020-5152;059540020020;100mN31479E41406;MC;OS;2;73;M;F;6574;NEP
059540020020-5153;059540020020;100mN31461E41422;S;NA;1;48;S;F;4049;EMP
059540020020-5154;059540020020;100mN31465E41429;MC;NA;2;23;M;F;1824;NEP
059540020020-5154;059540020020;100mN31465E41429;MC;NA;2;22;M;M;1824;NEP
059540020020-5155;059540020020;100mN31464E41425;S;NA;1;69;M;M;6574;EMP
059540020020-5156;059540020020;100mN31467E41428;SF;MIX;2;69;S;F;6574;NEP
059540020020-5156;059540020020;100mN31467E41428;SF;MIX;2;52;W;F;5064;EMP
059540020020-5157;059540020020;100mN31479E41406;MC;NA;2;62;M;F;5064;EMP
059540020020-5157;059540020020;100mN31479E41406;MC;NA;2;63;M;M;5064;EMP
059540020020-5158;059540020020;100mN31500E41447;S;NA;1;37;M;F;3039;NEP
059540020020-5159;059540020020;100mN31481E41408;S;NA;1;42;S;M;4049;EMP
059540020020-5160;059540020020;100mN31493E41406;PO;OS;2;88;S;F;75XX;NEP
059540020020-5160;059540020020;100mN31493E41406;PO;OS;2;89;S;M;75XX;EMP
059540020020-5161;059540020020;100mN31479E41406;MC;OS;2;79;M;M;75XX;EMP
059540020020-5161;059540020020;100mN31479E41406;MC;OS;2;84;M;F;75XX;NEP
059540020020-5162;059540020020;100mN31483E41413;MC;OS;2;73;M;F;6574;NEP
059540020020-5162;059540020020;100mN31483E41413;MC;OS;2;81;M;M;75XX;EMP
059540020020-5163;059540020020;100mN31489E41421;SF;NA;2;52;S;F;5064;NEP
059540020020-5163;059540020020;100mN31489E41421;SF;NA;2;0;S;F;0003;NEP
059540020020-5164;059540020020;100mN31481E41405;MC;NA;2;43;M;F;4049;NEP
059540020020-5164;059540020020;100mN31481E41405;MC;NA;2;47;M;M;4049;EMP
059540020020-5165;059540020020;100mN31469E41432;MC;OS;2;70;M;F;6574;EMP
059540020020-5165;059540020020;100mN31469E41432;MC;OS;2;68;M;M;6574;EMP
059540020020-5166;059540020020;100mN31489E41421;S;NA;1;88;M;F;75XX;EMP
059540020020-5167;059540020020;100mN31469E41432;MC;NA;5;22;M;M;1824;EMP
059540020020-5167;059540020020;100mN31469E41432;MC;NA;5;18;M;F;1824;EMP
059540020020-5167;059540020020;100mN31469E41432;MC;NA;5;4;S;F;0305;NEP
059540020020-5167;059540020020;100mN31469E41432;MC;NA;5;4;S;F;0305;NEP
059540020020-5167;059540020020;100mN31469E41432;MC;NA;5;6;S;M;0614;NEP
059540020020-5168;059540020020;100mN31473E41423;MC;NA;2;63;M;F;5064;NEP
059540020020-5168;059540020020;100mN31473E41423;MC;NA;2;15;S;F;1517;EMP
059540020020-5169;059540020020;100mN31469E41432;MC;NA;3;31;M;F;3039;EMP
059540020020-5169;059540020020;100mN31469E41432;MC;NA;3;33;M;M;3039;NEP
059540020020-5169;059540020020;100mN31469E41432;MC;NA;3;3;S;M;0305;NEP
059540020020-5170;059540020020;100mN31469E41432;S;OS;1;47;D;M;4049;NEP
059540020020-5171;059540020020;100mN31483E41412;MC;MIX;3;66;W;F;6574;EMP
059540020020-5171;059540020020;100mN31483E41412;MC;MIX;3;27;M;F;2529;NEP
059540020020-5171;059540020020;100mN31483E41412;MC;MIX;3;27;M;M;2529;EMP
059540020020-5172;059540020020;100mN31469E41432;S;OS;1;86;D;F;75XX;NEP
059540020020-5173;059540020020;100mN31469E41432;S;OS;1;35;M;M;3039;EMP
059540020020-5174;059540020020;100mN31469E41432;S;OS;1;26;S;F;2529;NEP
059540020020-5175;059540020020;100mN31469E41432;S;NA;1;87;W;F;75XX;EMP
059540020020-5176;059540020020;100mN31473E41431;S;OS;1;40;S;F;4049;NEP
059540020020-5177;059540020020;100mN31478E41406;MC;NA;2;57;M;F;5064;NEP
059540020020-5177;059540020020;100mN31478E41406;MC;NA;2;61;M;M;5064;EMP
059540020020-5178;059540020020;100mN31469E41432;MC;OS;4;72;M;M;6574;NEP
059540020020-5178;059540020020;100mN31469E41432;MC;OS;4;72;M;F;6574;EMP
059540020020-5178;059540020020;100mN31469E41432;MC;OS;4;88;M;F;75XX;NEP
059540020020-5178;059540020020;100mN31469E41432;MC;OS;4;82;M;F;75XX;EMP
059540020020-5179;059540020020;100mN31469E41432;MC;MIX;5;80;M;M;75XX;EMP
059540020020-5179;059540020020;100mN31469E41432;MC;MIX;5;48;M;F;4049;NEP
059540020020-5179;059540020020;100mN31469E41432;MC;MIX;5;51;M;M;5064;EMP
059540020020-5179;059540020020;100mN31469E41432;MC;MIX;5;12;S;F;0614;NEP
059540020020-5179;059540020020;100mN31469E41432;MC;MIX;5;10;S;M;0614;NEP
059540020020-5180;059540020020;100mN31469E41432;MC;NA;3;37;M;M;3039;EMP
059540020020-5180;059540020020;100mN31469E41432;MC;NA;3;37;M;F;3039;EMP
059540020020-5180;059540020020;100mN31469E41432;MC;NA;3;18;S;M;1824;EMP
059540020020-5181;059540020020;100mN31469E41432;MC;MIX;2;73;M;M;6574;EMP
059540020020-5181;059540020020;100mN31469E41432;MC;MIX;2;37;M;M;3039;EMP
059540020020-5182;059540020020;100mN31469E41432;MC;NA;3;42;M;M;4049;UEP
059540020020-5182;059540020020;100mN31469E41432;MC;NA;3;18;M;F;1824;EMP
059540020020-5182;059540020020;100mN31469E41432;MC;NA;3;22;M;F;1824;EMP
059540020020-5183;059540020020;100mN31481E41413;SF;NA;2;43;W;F;4049;EMP
059540020020-5183;059540020020;100mN31481E41413;SF;NA;2;9;S;F;0614;NEP
059540020020-5184;059540020020;100mN31482E41397;S;NA;1;53;S;M;5064;EMP
059540020020-5185;059540020020;100mN31469E41432;MC;NA;2;38;M;M;3039;EMP
059540020020-5185;059540020020;100mN31469E41432;MC;NA;2;43;M;F;4049;NEP
059540020020-5186;059540020020;100mN31465E41424;MC;OS;2;68;M;F;6574;NEP
059540020020-5186;059540020020;100mN31465E41424;MC;OS;2;72;M;M;6574;EMP
059540020020-5187;059540020020;100mN31467E41423;MC;NA;2;57;M;M;5064;NEP
059540020020-5187;059540020020;100mN31467E41423;MC;NA;2;60;M;F;5064;NEP
059540020020-5188;059540020020;100mN31481E41410;PO;NA;2;61;S;F;5064;NEP
059540020020-5188;059540020020;100mN31481E41410;PO;NA;2;27;W;F;2529;EMP
059540020020-5189;059540020020;100mN31465E41424;S;NA;1;63;M;F;5064;EMP
059540020020-5190;059540020020;100mN31465E41424;S;NA;1;73;W;M;6574;EMP
059540020020-5191;059540020020;100mN31465E41424;S;OS;1;44;M;F;4049;NEP
059540020020-5192;059540020020;100mN31465E41424;PO;NA;2;55;S;M;5064;EMP
059540020020-5192;059540020020;100mN31465E41424;PO;NA;2;48;S;F;4049;NEP
059540020020-5193;059540020020;100mN31472E41424;MC;OS;2;86;M;F;75XX;EMP
059540020020-5193;059540020020;100mN31472E41424;MC;OS;2;57;M;M;5064;NEP
059540020020-5194;059540020020;100mN31465E41424;NA;NA;2;27;M;M;2529;EMP
059540020020-5194;059540020020;100mN31465E41424;NA;NA;2;67;W;F;6574;EMP
059540020020-5195;059540020020;100mN31473E41422;MC;NA;4;42;M;F;4049;NEP
059540020020-5195;059540020020;100mN31473E41422;MC;NA;4;42;M;M;4049;EMP
059540020020-5195;059540020020;100mN31473E41422;MC;NA;4;1;S;F;0003;NEP
059540020020-5195;059540020020;100mN31473E41422;MC;NA;4;7;S;F;0614;NEP
059540020020-5196;059540020020;100mN31484E41412;S;NA;1;19;M;F;1824;EMP
059540020020-5197;059540020020;100mN31479E41401;MC;NA;5;47;M;M;4049;EMP
059540020020-5197;059540020020;100mN31479E41401;MC;NA;5;40;M;F;4049;NEP
059540020020-5197;059540020020;100mN31479E41401;MC;NA;5;3;S;M;0305;NEP
059540020020-5197;059540020020;100mN31479E41401;MC;NA;5;16;S;M;1517;NEP
059540020020-5197;059540020020;100mN31479E41401;MC;NA;5;10;S;M;0614;NEP
059540020020-5198;059540020020;100mN31465E41424;S;NA;1;16;S;F;1517;EMP
059540020020-5199;059540020020;100mN31465E41424;S;NA;1;26;M;M;2529;EMP
059540020020-5200;059540020020;100mN31465E41424;PO;NA;2;23;S;M;1824;EMP
059540020020-5200;059540020020;100mN31465E41424;PO;NA;2;18;S;M;1824;EMP
059540020020-5201;059540020020;100mN31463E41419;S;NA;1;59;M;F;5064;NEP
059540020020-5202;059540020020;100mN31467E41429;MC;NA;2;52;M;M;5064;EMP
059540020020-5202;059540020020;100mN31467E41429;MC;NA;2;46;M;F;4049;EMP
059540020020-5203;059540020020;100mN31465E41424;S;NA;1;62;D;M;5064;NEP
059540020020-5204;059540020020;100mN31465E41424;S;NA;1;26;D;F;2529;EMP
059540020020-5205;059540020020;100mN31479E41407;S;NA;1;52;D;F;5064;NEP
059540020020-5206;059540020020;100mN31477E41403;SF;NA;2;43;D;F;4049;NEP
059540020020-5206;059540020020;100mN31477E41403;SF;NA;2;16;S;M;1517;EMP
059540020020-5207;059540020020;100mN31471E41422;MC;NA;2;40;M;M;4049;NEP
059540020020-5207;059540020020;100mN31471E41422;MC;NA;2;41;M;F;4049;NEP
059540020020-5208;059540020020;100mN31464E41418;SF;NA;5;86;W;F;75XX;EMP
059540020020-5208;059540020020;100mN31464E41418;SF;NA;5;68;D;M;6574;EMP
059540020020-5208;059540020020;100mN31464E41418;SF;NA;5;3;S;M;0305;NEP
059540020020-5208;059540020020;100mN31464E41418;SF;NA;5;12;S;F;0614;NEP
059540020020-5208;059540020020;100mN31464E41418;SF;NA;5;8;S;M;0614;NEP
059540020020-5209;059540020020;100mN31465E41424;MC;NA;3;32;M;M;3039;EMP
059540020020-5209;059540020020;100mN31465E41424;MC;NA;3;27;M;F;2529;EMP
059540020020-5209;059540020020;100mN31465E41424;MC;NA;3;13;S;M;0614;NEP
059540020020-5210;059540020020;100mN31484E41418;MC;NA;5;53;M;F;5064;EMP
059540020020-5210;059540020020;100mN31484E41418;MC;NA;5;62;M;M;5064;NEP
059540020020-5210;059540020020;100mN31484E41418;MC;NA;5;16;S;M;1517;EMP
059540020020-5210;059540020020;100mN31484E41418;MC;NA;5;9;S;M;0614;NEP
059540020020-5210;059540020020;100mN31484E41418;MC;NA;5;12;S;M;0614;NEP
059540020020-5211;059540020020;100mN31471E41420;S;OS;1;30;S;M;3039;EMP
059540020020-5212;059540020020;100mN31471E41421;MC;NA;2;48;M;F;4049;EMP
059540020020-5212;059540020020;100mN31471E41421;MC;NA;2;50;M;M;5064;EMP
059540020020-5213;059540020020;100mN31471E41421;SF;NA;4;50;S;F;5064;NEP
059540020020-5213;059540020020;100mN31471E41421;SF;NA;4;11;S;M;0614;NEP
059540020020-5213;059540020020;100mN31471E41421;SF;NA;4;6;S;F;0614;NEP
059540020020-5213;059540020020;100mN31471E41421;SF;NA;4;6;S;F;0614;NEP
059540020020-5214;059540020020;100mN31465E41424;SF;NA;3;36;D;F;3039;NEP
059540020020-5214;059540020020;100mN31465E41424;SF;NA;3;20;M;M;1824;EMP
059540020020-5214;059540020020;100mN31465E41424;SF;NA;3;3;S;F;0305;NEP
059540020020-5215;059540020020;100mN31465E41424;MC;OS;2;66;M;M;6574;EMP
059540020020-5215;059540020020;100mN31465E41424;MC;OS;2;72;M;F;6574;NEP
059540020020-5216;059540020020;100mN31481E41414;MC;OS;2;85;M;F;75XX;EMP
059540020020-5216;059540020020;100mN31481E41414;MC;OS;2;68;M;M;6574;EMP
059540020020-5217;059540020020;100mN31484E41412;MC;OS;4;67;M;F;6574;NEP
059540020020-5217;059540020020;100mN31484E41412;MC;OS;4;67;M;M;6574;NEP
059540020020-5217;059540020020;100mN31484E41412;MC;OS;4;71;S;M;6574;NEP
059540020020-5217;059540020020;100mN31484E41412;MC;OS;4;72;W;F;6574;NEP
059540020020-5218;059540020020;100mN31463E41420;MC;NA;5;51;M;M;5064;EMP
059540020020-5218;059540020020;100mN31463E41420;MC;NA;5;46;M;F;4049;EMP
059540020020-5218;059540020020;100mN31463E41420;MC;NA;5;7;S;M;0614;NEP
059540020020-5218;059540020020;100mN31463E41420;MC;NA;5;35;M;M;3039;NEP
059540020020-5218;059540020020;100mN31463E41420;MC;NA;5;13;S;F;0614;NEP
059540020020-5219;059540020020;100mN31457E41383;SF;NA;2;59;W;F;5064;NEP
059540020020-5219;059540020020;100mN31457E41383;SF;NA;2;10;S;F;0614;NEP
059540020020-5220;059540020020;100mN31465E41423;S;NA;1;53;S;M;5064;NEP
059540020020-5221;059540020020;100mN31483E41413;S;OS;1;26;M;F;2529;EMP
059540020020-5222;059540020020;100mN31484E41412;MC;NA;2;48;M;F;4049;EMP
059540020020-5222;059540020020;100mN31484E41412;MC;NA;2;51;M;M;5064;NEP
059540020020-5223;059540020020;100mN31465E41428;MC;NA;5;45;M;F;4049;NEP
059540020020-5223;059540020020;100mN31465E41428;MC;NA;5;47;M;M;4049;EMP
059540020020-5223;059540020020;100mN31465E41428;MC;NA;5;16;S;M;1517;EMP
059540020020-5223;059540020020;100mN31465E41428;MC;NA;5;30;S;F;3039;NEP
059540020020-5223;059540020020;100mN31465E41428;MC;NA;5;12;S;F;0614;NEP
059540020020-5224;059540020020;100mN31465E41424;MC;OS;2;88;M;M;75XX;EMP
059540020020-5224;059540020020;100mN31465E41424;MC;OS;2;81;M;F;75XX;EMP
059540020020-5225;059540020020;100mN31465E41424;S;NA;1;76;D;F;75XX;EMP
059540020020-5226;059540020020;100mN31478E41402;SF;NA;4;52;S;F;5064;EMP
059540020020-5226;059540020020;100mN31478E41402;SF;NA;4;7;S;F;0614;NEP
059540020020-5226;059540020020;100mN31478E41402;SF;NA;4;25;W;F;2529;EMP
059540020020-5226;059540020020;100mN31478E41402;SF;NA;4;20;S;M;1824;NEP
059540020020-5227;059540020020;100mN31465E41424;MC;NA;2;46;M;F;4049;EMP
059540020020-5227;059540020020;100mN31465E41424;MC;NA;2;47;M;M;4049;EMP
059540020020-5228;059540020020;100mN31465E41424;MC;NA;2;44;M;F;4049;NEP
059540020020-5228;059540020020;100mN31465E41424;MC;NA;2;48;M;M;4049;NEP
059540020020-5229;059540020020;100mN31464E41419;SF;MIX;3;84;S;M;75XX;NEP
059540020020-5229;059540020020;100mN31464E41419;SF;MIX;3;51;S;F;5064;NEP
059540020020-5229;059540020020;100mN31464E41419;SF;MIX;3;11;S;M;0614;NEP
059540020020-5230;059540020020;100mN31484E41404;MC;NA;2;50;M;M;5064;EMP
059540020020-5230;059540020020;100mN31484E41404;MC;NA;2;59;M;F;5064;EMP
059540020020-5231;059540020020;100mN31484E41404;MC;NA;2;30;M;F;3039;EMP
059540020020-5231;059540020020;100mN31484E41404;MC;NA;2;32;M;M;3039;NEP
059540020020-5232;059540020020;100mN31484E41404;S;NA;1;58;M;F;5064;NEP
059540020020-5233;059540020020;100mN31484E41404;MC;NA;2;59;M;F;5064;EMP
059540020020-5233;059540020020;100mN31484E41404;MC;NA;2;65;S;M;6574;EMP
059540020020-5234;059540020020;100mN31481E41392;MC;OS;3;83;M;F;75XX;NEP
059540020020-5234;059540020020;100mN31481E41392;MC;OS;3;84;M;M;75XX;EMP
059540020020-5234;059540020020;100mN31481E41392;MC;OS;3;67;D;F;6574;NEP
059540020020-5235;059540020020;100mN31471E41425;MC;NA;2;48;M;F;4049;NEP
059540020020-5235;059540020020;100mN31471E41425;MC;NA;2;51;M;M;5064;NEP
059540020020-5236;059540020020;100mN31484E41404;MC;MIX;2;82;M;F;75XX;EMP
059540020020-5236;059540020020;100mN31484E41404;MC;MIX;2;36;M;M;3039;NEP
059540020020-5237;059540020020;100mN31484E41404;MC;NA;2;50;M;M;5064;NEP
059540020020-5237;059540020020;100mN31484E41404;MC;NA;2;47;M;F;4049;EMP
059540020020-5238;059540020020;100mN31479E41401;SF;NA;2;82;W;F;75XX;EMP
059540020020-5238;059540020020;100mN31479E41401;SF;NA;2;7;S;F;0614;NEP
059540020020-5239;059540020020;100mN31471E41422;S;NA;1;44;M;M;4049;EMP
059540020020-5240;059540020020;100mN31479E41401;MC;NA;5;51;M;M;5064;EMP
059540020020-5240;059540020020;100mN31479E41401;MC;NA;5;51;M;F;5064;EMP
059540020020-5240;059540020020;100mN31479E41401;MC;NA;5;15;S;F;1517;EMP
059540020020-5240;059540020020;100mN31479E41401;MC;NA;5;4;S;F;0305;NEP
059540020020-5240;059540020020;100mN31479E41401;MC;NA;5;31;M;M;3039;EMP
059540020020-5241;059540020020;100mN31479E41401;S;OS;1;71;M;F;6574;EMP
059540020020-5242;059540020020;100mN31479E41401;S;NA;1;31;M;F;3039;EMP
059540020020-5243;059540020020;100mN31481E41414;S;NA;1;16;S;M;1517;NEP
059540020020-5244;059540020020;100mN31479E41401;MC;MIX;2;89;M;F;75XX;NEP
059540020020-5244;059540020020;100mN31479E41401;MC;MIX;2;13;S;M;0614;NEP
059540020020-5245;059540020020;100mN31465E41420;MC;NA;2;48;M;M;4049;NEP
059540020020-5245;059540020020;100mN31465E41420;MC;NA;2;42;M;F;4049;NEP
059540020020-5246;059540020020;100mN31479E41401;S;NA;1;81;M;M;75XX;NEP
059540020020-5247;059540020020;100mN31489E41420;SF;NA;2;25;D;F;2529;EMP
059540020020-5247;059540020020;100mN31489E41420;SF;NA;2;3;S;M;0305;NEP
059540020020-5248;059540020020;100mN31472E41423;PO;NA;5;57;S;F;5064;NEP
059540020020-5248;059540020020;100mN31472E41423;PO;NA;5;61;S;M;5064;EMP
059540020020-5248;059540020020;100mN31472E41423;PO;NA;5;7;S;M;0614;NEP
059540020020-5248;059540020020;100mN31472E41423;PO;NA;5;3;S;M;0305;NEP
059540020020-5248;059540020020;100mN31472E41423;PO;NA;5;9;S;M;0614;NEP
059540020020-5249;059540020020;100mN31479E41401;MC;NA;4;46;M;F;4049;NEP
059540020020-5249;059540020020;100mN31479E41401;MC;NA;4;48;M;M;4049;EMP
059540020020-5249;059540020020;100mN31479E41401;MC;NA;4;11;S;F;0614;NEP
059540020020-5249;059540020020;100mN31479E41401;MC;NA;4;7;S;M;0614;NEP
059540020020-5250;059540020020;100mN31479E41401;MC;NA;2;20;M;M;1824;EMP
059540020020-5250;059540020020;100mN31479E41401;MC;NA;2;18;M;F;1824;EMP
059540020020-5251;059540020020;100mN31479E41401;S;NA;1;45;M;F;4049;EMP
059540020020-5252;059540020020;100mN31479E41401;S;OS;1;60;M;M;5064;EMP
059540020020-5253;059540020020;100mN31479E41401;MC;NA;2;61;M;F;5064;NEP
059540020020-5253;059540020020;100mN31479E41401;MC;NA;2;50;M;M;5064;EMP
059540020020-5254;059540020020;100mN31472E41424;S;NA;1;55;S;F;5064;NEP
059540020020-5255;059540020020;100mN31493E41419;S;OS;1;35;M;M;3039;NEP
059540020020-5256;059540020020;100mN31484E41415;S;NA;1;45;D;F;4049;NEP
059540020020-5257;059540020020;100mN31479E41401;S;NA;1;70;S;F;6574;EMP
059540020020-5258;059540020020;100mN31479E41401;MC;OS;2;79;M;M;75XX;EMP
059540020020-5258;059540020020;100mN31479E41401;MC;OS;2;71;M;F;6574;NEP
059540020020-5259;059540020020;100mN31467E41422;MC;OS;3;73;M;M;6574;NEP
059540020020-5259;059540020020;100mN31467E41422;MC;OS;3;73;M;F;6574;NEP
059540020020-5259;059540020020;100mN31467E41422;MC;OS;3;70;D;M;6574;EMP
059540020020-5260;059540020020;100mN31479E41401;MC;NA;3;23;M;M;1824;NEP
059540020020-5260;059540020020;100mN31479E41401;MC;NA;3;18;M;F;1824;EMP
059540020020-5260;059540020020;100mN31479E41401;MC;NA;3;4;S;F;0305;NEP
059540020020-5261;059540020020;100mN31479E41401;S;NA;1;35;S;M;3039;EMP
059540020020-5262;059540020020;100mN31479E41401;SF;NA;2;23;D;F;1824;NEP
059540020020-5262;059540020020;100mN31479E41401;SF;NA;2;6;S;M;0614;NEP
059540020020-5263;059540020020;100mN31479E41401;MC;OS;2;83;M;F;75XX;NEP
059540020020-5263;059540020020;100mN31479E41401;MC;OS;2;85;M;M;75XX;EMP
059540020020-5264;059540020020;100mN31479E41401;MC;NA;5;47;M;M;4049;EMP
059540020020-5264;059540020020;100mN31479E41401;MC;NA;5;40;M;F;4049;NEP
059540020020-5264;059540020020;100mN31479E41401;MC;NA;5;3;S;M;0305;NEP
059540020020-5264;059540020020;100mN31479E41401;MC;NA;5;16;S;M;1517;NEP
059540020020-5264;059540020020;100mN31479E41401;MC;NA;5;10;S;M;0614;NEP
059540020020-5265;059540020020;100mN31479E41401;MC;NA;2;35;M;F;3039;EMP
059540020020-5265;059540020020;100mN31479E41401;MC;NA;2;32;M;M;3039;EMP
059540020020-5266;059540020020;100mN31480E41406;MC;OS;2;72;M;F;6574;NEP
059540020020-5266;059540020020;100mN31480E41406;MC;OS;2;70;M;M;6574;EMP
059540020020-5267;059540020020;100mN31485E41411;S;NA;1;63;W;F;5064;NEP
059540020020-5268;059540020020;100mN31485E41411;S;NA;1;52;W;F;5064;EMP
059540020020-5269;059540020020;100mN31479E41401;S;OS;1;67;W;F;6574;NEP
059540020020-5270;059540020020;100mN31473E41418;MC;NA;4;61;M;M;5064;EMP
059540020020-5270;059540020020;100mN31473E41418;MC;NA;4;37;W;F;3039;NEP
059540020020-5270;059540020020;100mN31473E41418;MC;NA;4;13;S;M;0614;NEP
059540020020-5270;059540020020;100mN31473E41418;MC;NA;4;6;S;M;0614;NEP
059540020020-5271;059540020020;100mN31479E41401;MC;OS;3;72;M;M;6574;EMP
059540020020-5271;059540020020;100mN31479E41401;MC;OS;3;66;M;F;6574;NEP
059540020020-5271;059540020020;100mN31479E41401;MC;OS;3;88;D;F;75XX;NEP
059540020020-5272;059540020020;100mN31484E41430;MC;NA;3;50;M;F;5064;EMP
059540020020-5272;059540020020;100mN31484E41430;MC;NA;3;47;M;M;4049;NEP
059540020020-5272;059540020020;100mN31484E41430;MC;NA;3;9;S;F;0614;NEP
059540020020-5273;059540020020;100mN31479E41401;S;NA;1;61;W;F;5064;EMP
059540020020-5274;059540020020;100mN31481E41411;MC;NA;5;38;M;F;3039;NEP
059540020020-5274;059540020020;100mN31481E41411;MC;NA;5;40;M;M;4049;EMP
059540020020-5274;059540020020;100mN31481E41411;MC;NA;5;2;S;F;0003;NEP
059540020020-5274;059540020020;100mN31481E41411;MC;NA;5;16;S;F;1517;NEP
059540020020-5274;059540020020;100mN31481E41411;MC;NA;5;20;W;F;1824;NEP
059540020020-5275;059540020020;100mN31486E41411;PO;NA;2;57;S;M;5064;EMP
059540020020-5275;059540020020;100mN31486E41411;PO;NA;2;59;S;M;5064;NEP
059540020020-5276;059540020020;100mN31479E41401;SF;NA;2;73;S;F;6574;NEP
059540020020-5276;059540020020;100mN31479E41401;SF;NA;2;9;S;M;0614;NEP
059540020020-5277;059540020020;100mN31493E41408;MC;NA;2;60;M;M;5064;EMP
059540020020-5277;059540020020;100mN31493E41408;MC;NA;2;53;M;F;5064;NEP
059540020020-5278;059540020020;100mN31479E41401;PO;NA;3;43;S;M;4049;EMP
059540020020-5278;059540020020;100mN31479E41401;PO;NA;3;41;S;F;4049;NEP
059540020020-5278;059540020020;100mN31479E41401;PO;NA;3;8;S;M;0614;NEP
059540020020-5279;059540020020;100mN31479E41401;PO;OS;2;72;S;M;6574;EMP
059540020020-5279;059540020020;100mN31479E41401;PO;OS;2;66;S;M;6574;NEP
059540020020-5280;059540020020;100mN31479E41401;S;NA;1;56;W;M;5064;NEP
059540020020-5281;059540020020;100mN31462E41432;S;NA;1;26;D;F;2529;EMP
059540020020-5282;059540020020;100mN31483E41410;MC;NA;3;55;M;M;5064;EMP
059540020020-5282;059540020020;100mN31483E41410;MC;NA;3;56;M;F;5064;EMP
059540020020-5282;059540020020;100mN31483E41410;MC;NA;3;22;M;M;1824;NEP
059540020020-5283;059540020020;100mN31479E41401;S;NA;1;43;D;M;4049;EMP
059540020020-5284;059540020020;100mN31479E41401;MC;NA;4;48;M;M;4049;NEP
059540020020-5284;059540020020;100mN31479E41401;MC;NA;4;46;M;F;4049;EMP
059540020020-5284;059540020020;100mN31479E41401;MC;NA;4;15;S;F;1517;NEP
059540020020-5284;059540020020;100mN31479E41401;MC;NA;4;3;S;F;0305;NEP
059540020020-5285;059540020020;100mN31479E41401;MC;NA;2;18;M;F;1824;EMP
059540020020-5285;059540020020;100mN31479E41401;MC;NA;2;27;M;M;2529;EMP
059540020020-5286;059540020020;100mN31479E41401;MC;NA;2;27;M;M;2529;EMP
059540020020-5286;059540020020;100mN31479E41401;MC;NA;2;25;M;F;2529;EMP
059540020020-5287;059540020020;100mN31471E41420;S;NA;1;33;D;F;3039;EMP
059540020020-5288;059540020020;100mN31479E41401;MC;OS;4;86;M;F;75XX;EMP
059540020020-5288;059540020020;100mN31479E41401;MC;OS;4;87;M;M;75XX;EMP
059540020020-5288;059540020020;100mN31479E41401;MC;OS;4;66;M;F;6574;NEP
059540020020-5288;059540020020;100mN31479E41401;MC;OS;4;67;D;M;6574;UEP
059540020020-5289;059540020020;100mN31499E41433;MC;NA;3;58;M;F;5064;NEP
059540020020-5289;059540020020;100mN31499E41433;MC;NA;3;60;M;M;5064;UEP
059540020020-5289;059540020020;100mN31499E41433;MC;NA;3;41;W;M;4049;EMP
059540020020-5290;059540020020;100mN31479E41401;S;NA;1;18;D;F;1824;EMP
059540020020-5291;059540020020;100mN31486E41413;S;OS;1;21;M;M;1824;EMP
059540020020-5292;059540020020;100mN31467E41423;MC;OS;2;65;M;M;6574;EMP
059540020020-5292;059540020020;100mN31467E41423;MC;OS;2;77;M;F;75XX;EMP
059540020020-5293;059540020020;100mN31479E41401;MC;NA;4;63;M;M;5064;EMP
059540020020-5293;059540020020;100mN31479E41401;MC;NA;4;57;M;F;5064;NEP
059540020020-5293;059540020020;100mN31479E41401;MC;NA;4;8;S;M;0614;NEP
059540020020-5293;059540020020;100mN31479E41401;MC;NA;4;15;S;F;1517;NEP
059540020020-5294;059540020020;100mN31468E41422;S;NA;1;50;S;F;5064;NEP
059540020020-5295;059540020020;100mN31479E41401;MC;NA;2;57;M;F;5064;NEP
059540020020-5295;059540020020;100mN31479E41401;MC;NA;2;57;M;M;5064;EMP
059540020020-5296;059540020020;100mN31461E41423;MC;NA;3;28;M;F;2529;EMP
059540020020-5296;059540020020;100mN31461E41423;MC;NA;3;37;M;M;3039;EMP
059540020020-5296;059540020020;100mN31461E41423;MC;NA;3;3;S;M;0305;NEP
059540020020-5297;059540020020;100mN31463E41423;MC;NA;3;57;M;F;5064;EMP
059540020020-5297;059540020020;100mN31463E41423;MC;NA;3;63;M;M;5064;EMP
059540020020-5297;059540020020;100mN31463E41423;MC;NA;3;16;S;F;1517;NEP
059540020020-5298;059540020020;100mN31479E41401;S;NA;1;32;M;F;3039;NEP
059540020020-5299;059540020020;100mN31460E41426;MC;MIX;2;76;M;M;75XX;NEP
059540020020-5299;059540020020;100mN31460E41426;MC;MIX;2;53;M;F;5064;EMP
059540020020-5300;059540020020;100mN31483E41405;MC;NA;2;28;M;M;2529;EMP
059540020020-5300;059540020020;100mN31483E41405;MC;NA;2;28;M;F;2529;NEP
059540020020-5301;059540020020;100mN31480E41414;PO;NA;3;54;S;F;5064;EMP
059540020020-5301;059540020020;100mN31480E41414;PO;NA;3;60;S;M;5064;EMP
059540020020-5301;059540020020;100mN31480E41414;PO;NA;3;21;D;F;1824;EMP
059540020020-5302;059540020020;100mN31486E41409;S;OS;1;73;W;M;6574;EMP
059540020020-5303;059540020020;100mN31480E41414;MC;OS;3;71;M;F;6574;EMP
059540020020-5303;059540020020;100mN31480E41414;MC;OS;3;68;M;M;6574;NEP
059540020020-5303;059540020020;100mN31480E41414;MC;OS;3;89;M;M;75XX;NEP
059540020020-5304;059540020020;100mN31468E41430;PO;NA;3;35;S;M;3039;EMP
059540020020-5304;059540020020;100mN31468E41430;PO;NA;3;27;S;M;2529;NEP
059540020020-5304;059540020020;100mN31468E41430;PO;NA;3;8;S;M;0614;NEP
059540020020-5305;059540020020;100mN31486E41413;SF;NA;3;77;D;F;75XX;EMP
059540020020-5305;059540020020;100mN31486E41413;SF;NA;3;0;S;F;0003;NEP
059540020020-5305;059540020020;100mN31486E41413;SF;NA;3;6;S;M;0614;NEP
059540020020-5306;059540020020;100mN31480E41414;MC;NA;2;63;M;F;5064;EMP
059540020020-5306;059540020020;100mN31480E41414;MC;NA;2;35;M;F;3039;NEP
059540020020-5307;059540020020;100mN31480E41414;S;OS;1;79;M;M;75XX;EMP
059540020020-5308;059540020020;100mN31491E41416;S;NA;1;62;D;F;5064;NEP
059540020020-5309;059540020020;100mN31486E41429;MC;NA;2;54;M;F;5064;NEP
059540020020-5309;059540020020;100mN31486E41429;MC;NA;2;55;M;M;5064;EMP
059540020020-5310;059540020020;100mN31480E41414;MC;OS;2;68;M;M;6574;NEP
059540020020-5310;059540020020;100mN31480E41414;MC;OS;2;70;M;F;6574;NEP
059540020020-5311;059540020020;100mN31467E41422;MC;OS;3;73;M;M;6574;NEP
059540020020-5311;059540020020;100mN31467E41422;MC;OS;3;73;M;F;6574;NEP
059540020020-5311;059540020020;100mN31467E41422;MC;OS;3;70;D;M;6574;EMP
059540020020-5312;059540020020;100mN31471E41430;S;NA;1;36;W;F;3039;EMP
059540020020-5313;059540020020;100mN31480E41414;MC;NA;2;52;M;F;5064;NEP
059540020020-5313;059540020020;100mN31480E41414;MC;NA;2;55;M;M;5064;NEP
059540020020-5314;059540020020;100mN31472E41422;MC;NA;2;51;M;F;5064;NEP
059540020020-5314;059540020020;100mN31472E41422;MC;NA;2;53;M;M;5064;EMP
059540020020-5315;059540020020;100mN31480E41414;SF;NA;2;36;D;F;3039;EMP
059540020020-5315;059540020020;100mN31480E41414;SF;NA;2;6;S;M;0614;NEP
059540020020-5316;059540020020;100mN31464E41418;PO;MIX;3;73;S;F;6574;NEP
059540020020-5316;059540020020;100mN31464E41418;PO;MIX;3;27;S;M;2529;NEP
059540020020-5316;059540020020;100mN31464E41418;PO;MIX;3;30;S;M;3039;EMP
059540020020-5317;059540020020;100mN31480E41414;S;NA;1;21;S;M;1824;EMP
059540020020-5318;059540020020;100mN31480E41414;MC;NA;2;25;M;F;2529;NEP
059540020020-5318;059540020020;100mN31480E41414;MC;NA;2;28;M;M;2529;EMP
059540020020-5319;059540020020;100mN31480E41414;MC;OS;3;77;M;F;75XX;NEP
059540020020-5319;059540020020;100mN31480E41414;MC;OS;3;78;M;M;75XX;NEP
059540020020-5319;059540020020;100mN31480E41414;MC;OS;3;71;M;M;6574;EMP
059540020020-5320;059540020020;100mN31487E41427;MC;NA;4;43;M;F;4049;NEP
059540020020-5320;059540020020;100mN31487E41427;MC;NA;4;46;M;M;4049;EMP
059540020020-5320;059540020020;100mN31487E41427;MC;NA;4;22;S;F;1824;EMP
059540020020-5320;059540020020;100mN31487E41427;MC;NA;4;26;S;F;2529;NEP
059540020020-5321;059540020020;100mN31490E41399;SF;NA;2;59;W;F;5064;EMP
059540020020-5321;059540020020;100mN31490E41399;SF;NA;2;6;S;M;0614;NEP
059540020020-5322;059540020020;100mN31490E41399;S;OS;1;88;M;F;75XX;EMP
059540020020-5323;059540020020;100mN31471E41421;S;NA;1;35;M;F;3039;EMP
059540020020-5324;059540020020;100mN31475E41420;S;NA;1;50;S;M;5064;EMP
059540020020-5325;059540020020;100mN31468E41428;MC;NA;2;41;M;M;4049;EMP
059540020020-5325;059540020020;100mN31468E41428;MC;NA;2;40;M;F;4049;NEP
059540020020-5326;059540020020;100mN31468E41428;MC;NA;5;45;M;F;4049;NEP
059540020020-5326;059540020020;100mN31468E41428;MC;NA;5;50;M;M;5064;NEP
059540020020-5326;059540020020;100mN31468E41428;MC;NA;5;11;S;M;0614;NEP
059540020020-5326;059540020020;100mN31468E41428;MC;NA;5;12;S;F;0614;NEP
059540020020-5326;059540020020;100mN31468E41428;MC;NA;5;7;S;F;0614;NEP
059540020020-5327;059540020020;100mN31468E41428;S;NA;1;45;M;F;4049;NEP
059540020020-5328;059540020020;100mN31468E41428;SF;NA;2;31;W;F;3039;NEP
059540020020-5328;059540020020;100mN31468E41428;SF;NA;2;11;S;F;0614;NEP
059540020020-5329;059540020020;100mN31468E41428;MC;NA;2;42;M;M;4049;EMP
059540020020-5329;059540020020;100mN31468E41428;MC;NA;2;40;M;F;4049;EMP
059540020020-5330;059540020020;100mN31462E41429;MC;OS;2;83;M;F;75XX;EMP
059540020020-5330;059540020020;100mN31462E41429;MC;OS;2;88;M;M;75XX;UEP
059540020020-5331;059540020020;100mN31468E41428;PO;OS;4;72;S;F;6574;EMP
059540020020-5331;059540020020;100mN31468E41428;PO;OS;4;80;S;F;75XX;NEP
059540020020-5331;059540020020;100mN31468E41428;PO;OS;4;88;M;F;75XX;NEP
059540020020-5331;059540020020;100mN31468E41428;PO;OS;4;82;M;F;75XX;NEP
059540020020-5332;059540020020;100mN31468E41428;MC;NA;4;55;M;F;5064;EMP
059540020020-5332;059540020020;100mN31468E41428;MC;NA;4;52;M;M;5064;EMP
059540020020-5332;059540020020;100mN31468E41428;MC;NA;4;30;S;F;3039;EMP
059540020020-5332;059540020020;100mN31468E41428;MC;NA;4;19;M;F;1824;EMP
059540020020-5333;059540020020;100mN31500E41446;MC;NA;4;63;M;M;5064;EMP
059540020020-5333;059540020020;100mN31500E41446;MC;NA;4;61;M;F;5064;EMP
059540020020-5333;059540020020;100mN31500E41446;MC;NA;4;36;S;M;3039;NEP
059540020020-5333;059540020020;100mN31500E41446;MC;NA;4;7;S;M;0614;NEP
059540020020-5334;059540020020;100mN31490E41412;MC;NA;2;43;M;F;4049;EMP
059540020020-5334;059540020020;100mN31490E41412;MC;NA;2;18;M;M;1824;EMP
059540020020-5335;059540020020;100mN31490E41412;S;NA;1;55;D;M;5064;NEP
059540020020-5336;059540020020;100mN31485E41411;S;NA;1;54;S;F;5064;EMP
059540020020-5337;059540020020;100mN31497E41436;MC;OS;2;72;M;M;6574;NEP
059540020020-5337;059540020020;100mN31497E41436;MC;OS;2;67;M;F;6574;EMP
059540020020-5338;059540020020;100mN31497E41436;S;NA;1;75;D;F;75XX;EMP
059540020020-5339;059540020020;100mN31464E41428;S;NA;1;40;M;M;4049;EMP
059540020020-5340;059540020020;100mN31497E41436;MC;OS;2;66;M;F;6574;EMP
059540020020-5340;059540020020;100mN31497E41436;MC;OS;2;66;M;M;6574;NEP
059540020020-5341;059540020020;100mN31497E41436;S;NA;1;44;S;M;4049;EMP
059540020020-5342;059540020020;100mN31467E41421;SF;NA;2;30;S;F;3039;EMP
059540020020-5342;059540020020;100mN31467E41421;SF;NA;2;8;S;F;0614;NEP
059540020020-5343;059540020020;100mN31497E41436;MC;NA;4;42;M;M;4049;EMP
059540020020-5343;059540020020;100mN31497E41436;MC;NA;4;40;M;F;4049;NEP
059540020020-5343;059540020020;100mN31497E41436;MC;NA;4;0;S;M;0003;NEP
059540020020-5343;059540020020;100mN31497E41436;MC;NA;4;10;S;M;0614;NEP
059540020020-5344;059540020020;100mN31494E41446;PO;OS;3;69;S;M;6574;EMP
059540020020-5344;059540020020;100mN31494E41446;PO;OS;3;68;S;M;6574;EMP
059540020020-5344;059540020020;100mN31494E41446;PO;OS;3;86;M;M;75XX;EMP
059540020020-5345;059540020020;100mN31468E41425;PO;NA;3;48;S;F;4049;EMP
059540020020-5345;059540020020;100mN31468E41425;PO;NA;3;48;S;F;4049;EMP
059540020020-5345;059540020020;100mN31468E41425;PO;NA;3;3;S;F;0305;NEP
059540020020-5346;059540020020;100mN31494E41446;MC;MIX;2;78;M;F;75XX;EMP
059540020020-5346;059540020020;100mN31494E41446;MC;MIX;2;16;S;F;1517;NEP
059540020020-5347;059540020020;100mN31471E41423;MC;NA;2;52;M;F;5064;NEP
059540020020-5347;059540020020;100mN31471E41423;MC;NA;2;55;M;M;5064;EMP
059540020020-5348;059540020020;100mN31468E41421;PO;NA;2;53;S;F;5064;NEP
059540020020-5348;059540020020;100mN31468E41421;PO;NA;2;58;S;M;5064;EMP
059540020020-5349;059540020020;100mN31471E41423;SF;NA;2;19;W;F;1824;EMP
059540020020-5349;059540020020;100mN31471E41423;SF;NA;2;4;S;F;0305;NEP
059540020020-5350;059540020020;100mN31471E41421;S;NA;1;71;S;M;6574;EMP
059540020020-5351;059540020020;100mN31471E41423;MC;OS;3;70;M;F;6574;NEP
059540020020-5351;059540020020;100mN31471E41423;MC;OS;3;79;M;M;75XX;EMP
059540020020-5351;059540020020;100mN31471E41423;MC;OS;3;67;S;F;6574;NEP
059540020020-5352;059540020020;100mN31481E41409;S;NA;1;71;M;M;6574;NEP
059540020020-5353;059540020020;100mN31471E41423;MC;OS;2;71;M;F;6574;EMP
059540020020-5353;059540020020;100mN31471E41423;MC;OS;2;72;M;M;6574;EMP
059540020020-5354;059540020020;100mN31471E41423;MC;NA;2;30;M;M;3039;NEP
059540020020-5354;059540020020;100mN31471E41423;MC;NA;2;26;M;F;2529;EMP
059540020020-5355;059540020020;100mN31472E41432;S;OS;1;77;M;F;75XX;NEP
059540020020-5356;059540020020;100mN31471E41423;S;OS;1;16;S;F;1517;NEP
059540020020-5357;059540020020;100mN31473E41420;S;NA;1;51;D;F;5064;NEP
059540020020-5358;059540020020;100mN31463E41421;MC;OS;2;66;M;M;6574;EMP
059540020020-5358;059540020020;100mN31463E41421;MC;OS;2;71;M;F;6574;EMP
059540020020-5359;059540020020;100mN31471E41423;PO;NA;2;62;S;M;5064;EMP
059540020020-5359;059540020020;100mN31471E41423;PO;NA;2;61;S;F;5064;EMP
059540020020-5360;059540020020;100mN31477E41403;S;NA;1;80;M;M;75XX;NEP
059540020020-5361;059540020020;100mN31471E41423;MC;OS;2;72;M;M;6574;EMP
059540020020-5361;059540020020;100mN31471E41423;MC;OS;2;73;M;F;6574;NEP
059540020020-5362;059540020020;100mN31471E41423;S;NA;1;57;S;F;5064;NEP
059540020020-5363;059540020020;100mN31478E41406;NA;OS;2;65;M;M;6574;EMP
059540020020-5363;059540020020;100mN31478E41406;NA;OS;2;53;M;F;5064;EMP
059540020020-5364;059540020020;100mN31471E41423;S;NA;1;45;M;M;4049;NEP
059540020020-5365;059540020020;100mN31477E41403;SF;NA;2;43;D;F;4049;NEP
059540020020-5365;059540020020;100mN31477E41403;SF;NA;2;16;S;M;1517;EMP
059540020020-5366;059540020020;100mN31489E41421;S;NA;1;38;D;M;3039;EMP
059540020020-5367;059540020020;100mN31471E41423;PO;NA;3;23;S;M;1824;EMP
059540020020-5367;059540020020;100mN31471E41423;PO;NA;3;32;S;M;3039;EMP
059540020020-5367;059540020020;100mN31471E41423;PO;NA;3;1;S;F;0003;NEP
059540020020-5368;059540020020;100mN31471E41423;S;OS;1;69;D;M;6574;NEP
059540020020-5369;059540020020;100mN31471E41423;S;OS;1;32;M;F;3039;NEP
059540020020-5370;059540020020;100mN31471E41423;S;NA;1;46;S;M;4049;NEP
059540020020-5371;059540020020;100mN31464E41424;MC;NA;5;28;M;F;2529;NEP
059540020020-5371;059540020020;100mN31464E41424;MC;NA;5;35;M;M;3039;EMP
059540020020-5371;059540020020;100mN31464E41424;MC;NA;5;12;S;F;0614;NEP
059540020020-5371;059540020020;100mN31464E41424;MC;NA;5;4;S;F;0305;NEP
059540020020-5371;059540020020;100mN31464E41424;MC;NA;5;3;S;M;0305;NEP
059540020020-5372;059540020020;100mN31478E41407;PO;NA;2;42;S;F;4049;NEP
059540020020-5372;059540020020;100mN31478E41407;PO;NA;2;34;S;F;3039;EMP
059540020020-5373;059540020020;100mN31471E41423;MC;NA;4;23;M;F;1824;NEP
059540020020-5373;059540020020;100mN31471E41423;MC;NA;4;25;M;M;2529;EMP
059540020020-5373;059540020020;100mN31471E41423;MC;NA;4;6;S;M;0614;NEP
059540020020-5373;059540020020;100mN31471E41423;MC;NA;4;6;S;F;0614;NEP
059540020020-5374;059540020020;100mN31471E41423;MC;NA;2;27;M;M;2529;NEP
059540020020-5374;059540020020;100mN31471E41423;MC;NA;2;28;M;F;2529;NEP
059540020020-5375;059540020020;100mN31478E41403;PO;NA;2;43;S;M;4049;NEP
059540020020-5375;059540020020;100mN31478E41403;PO;NA;2;36;S;M;3039;NEP
059540020020-5376;059540020020;100mN31471E41423;S;OS;1;56;S;M;5064;NEP
059540020020-5377;059540020020;100mN31471E41423;PO;OS;3;87;S;F;75XX;EMP
059540020020-5377;059540020020;100mN31471E41423;PO;OS;3;82;S;F;75XX;EMP
059540020020-5377;059540020020;100mN31471E41423;PO;OS;3;80;S;F;75XX;NEP
059540020020-5378;059540020020;100mN31500E41446;S;OS;1;53;S;M;5064;NEP
059540020020-5379;059540020020;100mN31471E41423;SF;NA;2;52;S;F;5064;EMP
059540020020-5379;059540020020;100mN31471E41423;SF;NA;2;13;S;M;0614;NEP
059540020020-5380;059540020020;100mN31471E41423;S;NA;1;56;M;F;5064;EMP
059540020020-5381;059540020020;100mN31475E41422;S;OS;1;27;D;F;2529;EMP
059540020020-5382;059540020020;100mN31471E41423;MC;MIX;2;87;M;F;75XX;NEP
059540020020-5382;059540020020;100mN31471E41423;MC;MIX;2;42;M;M;4049;NEP
059540020020-5383;059540020020;100mN31484E41415;S;NA;1;45;D;F;4049;NEP
059540020020-5384;059540020020;100mN31472E41432;SF;NA;4;47;W;F;4049;EMP
059540020020-5384;059540020020;100mN31472E41432;SF;NA;4;16;S;M;1517;EMP
059540020020-5384;059540020020;100mN31472E41432;SF;NA;4;6;S;M;0614;NEP
059540020020-5384;059540020020;100mN31472E41432;SF;NA;4;16;S;F;1517;NEP
059540020020-5385;059540020020;100mN31471E41423;SF;NA;4;62;S;F;5064;NEP
059540020020-5385;059540020020;100mN31471E41423;SF;NA;4;9;S;F;0614;NEP
059540020020-5385;059540020020;100mN31471E41423;SF;NA;4;13;S;F;0614;NEP
059540020020-5385;059540020020;100mN31471E41423;SF;NA;4;10;S;F;0614;NEP
059540020020-5386;059540020020;100mN31473E41424;S;NA;1;41;W;F;4049;EMP
059540020020-5387;059540020020;100mN31479E41407;S;OS;1;33;S;M;3039;EMP
059540020020-5388;059540020020;100mN31479E41411;MC;NA;2;57;M;M;5064;NEP
059540020020-5388;059540020020;100mN31479E41411;MC;NA;2;51;M;F;5064;NEP
059540020020-5389;059540020020;100mN31464E41423;S;OS;1;46;M;M;4049;EMP
059540020020-5390;059540020020;100mN31464E41423;S;OS;1;46;M;F;4049;NEP
059540020020-5391;059540020020;100mN31472E41432;S;NA;1;45;S;M;4049;EMP
059540020020-5392;059540020020;100mN31494E41424;MC;NA;2;47;M;M;4049;EMP
059540020020-5392;059540020020;100mN31494E41424;MC;NA;2;52;M;F;5064;EMP
059540020020-5393;059540020020;100mN31471E41417;S;NA;1;42;W;F;4049;NEP
059540020020-5394;059540020020;100mN31479E41407;S;NA;1;41;M;M;4049;EMP
059540020020-5395;059540020020;100mN31491E41421;PO;OS;2;70;S;M;6574;EMP
059540020020-5395;059540020020;100mN31491E41421;PO;OS;2;66;S;F;6574;EMP
059540020020-5396;059540020020;100mN31465E41423;S;OS;1;27;M;F;2529;EMP
059540020020-5397;059540020020;100mN31481E41413;PO;OS;2;71;S;F;6574;EMP
059540020020-5397;059540020020;100mN31481E41413;PO;OS;2;72;S;F;6574;EMP
059540020020-5398;059540020020;100mN31468E41430;S;OS;1;22;W;F;1824;EMP
059540020020-5399;059540020020;100mN31473E41423;S;OS;1;79;M;F;75XX;EMP
059540020020-5400;059540020020;100mN31464E41423;MC;OS;2;83;M;M;75XX;EMP
059540020020-5400;059540020020;100mN31464E41423;MC;OS;2;79;M;F;75XX;EMP
059540020020-5401;059540020020;100mN31497E41440;MC;MIX;3;69;M;M;6574;EMP
059540020020-5401;059540020020;100mN31497E41440;MC;MIX;3;18;M;M;1824;NEP
059540020020-5401;059540020020;100mN31497E41440;MC;MIX;3;18;M;F;1824;NEP
059540020020-5402;059540020020;100mN31481E41407;S;NA;1;76;S;F;75XX;EMP
059540020020-5403;059540020020;100mN31479E41409;MC;NA;4;59;M;M;5064;EMP
059540020020-5403;059540020020;100mN31479E41409;MC;NA;4;55;M;F;5064;EMP
059540020020-5403;059540020020;100mN31479E41409;MC;NA;4;33;S;F;3039;NEP
059540020020-5403;059540020020;100mN31479E41409;MC;NA;4;20;S;M;1824;NEP
059540020020-5404;059540020020;100mN31471E41431;SF;NA;3;81;W;F;75XX;NEP
059540020020-5404;059540020020;100mN31471E41431;SF;NA;3;11;S;M;0614;NEP
059540020020-5404;059540020020;100mN31471E41431;SF;NA;3;4;S;M;0305;NEP
059540020020-5405;059540020020;100mN31479E41409;S;NA;1;61;M;F;5064;NEP
059540020020-5406;059540020020;100mN31479E41409;SF;NA;5;65;W;F;6574;EMP
059540020020-5406;059540020020;100mN31479E41409;SF;NA;5;1;S;F;0003;NEP
059540020020-5406;059540020020;100mN31479E41409;SF;NA;5;38;M;M;3039;EMP
059540020020-5406;059540020020;100mN31479E41409;SF;NA;5;32;S;M;3039;NEP
059540020020-5406;059540020020;100mN31479E41409;SF;NA;5;8;S;M;0614;NEP
059540020020-5407;059540020020;100mN31471E41420;S;OS;1;58;M;M;5064;NEP
059540020020-5408;059540020020;100mN31468E41420;NA;NA;2;50;S;M;5064;NEP
059540020020-5408;059540020020;100mN31468E41420;NA;NA;2;27;M;F;2529;NEP
059540020020-5409;059540020020;100mN31479E41409;S;NA;1;56;M;M;5064;EMP
059540020020-5410;059540020020;100mN31479E41409;MC;NA;2;35;M;M;3039;NEP
059540020020-5410;059540020020;100mN31479E41409;MC;NA;2;44;M;F;4049;EMP
059540020020-5411;059540020020;100mN31479E41409;MC;MIX;3;75;S;F;75XX;EMP
059540020020-5411;059540020020;100mN31479E41409;MC;MIX;3;47;M;M;4049;EMP
059540020020-5411;059540020020;100mN31479E41409;MC;MIX;3;47;M;F;4049;EMP
059540020020-5412;059540020020;100mN31479E41409;S;OS;1;33;M;M;3039;EMP
059540020020-5413;059540020020;100mN31479E41409;S;OS;1;23;M;F;1824;NEP
059540020020-5414;059540020020;100mN31479E41409;SF;NA;2;79;S;F;75XX;NEP
059540020020-5414;059540020020;100mN31479E41409;SF;NA;2;13;S;F;0614;NEP
059540020020-5415;059540020020;100mN31479E41409;MC;NA;4;62;M;M;5064;EMP
059540020020-5415;059540020020;100mN31479E41409;MC;NA;4;56;M;F;5064;EMP
059540020020-5415;059540020020;100mN31479E41409;MC;NA;4;47;M;F;4049;EMP
059540020020-5415;059540020020;100mN31479E41409;MC;NA;4;38;S;M;3039;NEP
059540020020-5416;059540020020;100mN31464E41426;S;NA;1;38;D;M;3039;EMP
059540020020-5417;059540020020;100mN31500E41446;SF;NA;2;66;W;F;6574;NEP
059540020020-5417;059540020020;100mN31500E41446;SF;NA;2;4;S;M;0305;NEP
059540020020-5418;059540020020;100mN31479E41409;MC;OS;2;81;M;F;75XX;EMP
059540020020-5418;059540020020;100mN31479E41409;MC;OS;2;84;M;M;75XX;EMP
059540020020-5419;059540020020;100mN31479E41409;S;NA;1;44;D;M;4049;NEP
059540020020-5420;059540020020;100mN31473E41422;MC;MIX;3;66;S;F;6574;NEP
059540020020-5420;059540020020;100mN31473E41422;MC;MIX;3;38;M;M;3039;EMP
059540020020-5420;059540020020;100mN31473E41422;MC;MIX;3;30;M;F;3039;NEP
059540020020-5421;059540020020;100mN31485E41410;S;NA;1;19;W;F;1824;EMP
059540020020-5422;059540020020;100mN31474E41423;S;OS;1;65;S;M;6574;EMP
059540020020-5423;059540020020;100mN31479E41409;S;NA;1;45;M;F;4049;EMP
059540020020-5424;059540020020;100mN31479E41409;MC;NA;2;36;M;M;3039;EMP
059540020020-5424;059540020020;100mN31479E41409;MC;NA;2;28;M;F;2529;NEP
059540020020-5425;059540020020;100mN31479E41409;S;NA;1;42;M;F;4049;NEP
059540020020-5426;059540020020;100mN31479E41409;S;NA;1;38;S;M;3039;NEP
059540020020-5427;059540020020;100mN31463E41419;MC;NA;4;35;M;M;3039;EMP
059540020020-5427;059540020020;100mN31463E41419;MC;NA;4;31;M;F;3039;NEP
059540020020-5427;059540020020;100mN31463E41419;MC;NA;4;6;S;F;0614;NEP
059540020020-5427;059540020020;100mN31463E41419;MC;NA;4;20;M;F;1824;NEP
059540020020-5428;059540020020;100mN31483E41414;S;OS;1;41;W;M;4049;EMP
059540020020-5429;059540020020;100mN31479E41409;S;NA;1;89;M;F;75XX;EMP
059540020020-5430;059540020020;100mN31479E41409;S;NA;1;47;S;M;4049;EMP
059540020020-5431;059540020020;100mN31479E41409;MC;NA;2;60;M;F;5064;NEP
059540020020-5431;059540020020;100mN31479E41409;MC;NA;2;62;M;M;5064;NEP
059540020020-5432;059540020020;100mN31479E41409;MC;OS;3;66;M;F;6574;EMP
059540020020-5432;059540020020;100mN31479E41409;MC;OS;3;71;M;M;6574;EMP
059540020020-5432;059540020020;100mN31479E41409;MC;OS;3;79;M;F;75XX;EMP
059540020020-5433;059540020020;100mN31479E41409;S;NA;1;65;M;M;6574;EMP
059540020020-5434;059540020020;100mN31471E41425;S;NA;1;51;M;F;5064;EMP
059540020020-5435;059540020020;100mN31485E41411;S;OS;1;48;D;M;4049;EMP
059540020020-5436;059540020020;100mN31479E41409;MC;NA;2;21;M;M;1824;UEP
059540020020-5436;059540020020;100mN31479E41409;MC;NA;2;18;M;F;1824;EMP
059540020020-5437;059540020020;100mN31493E41420;S;OS;1;70;S;F;6574;EMP
059540020020-5438;059540020020;100mN31479E41409;S;NA;1;18;W;M;1824;NEP
059540020020-5439;059540020020;100mN31479E41409;S;NA;1;22;M;M;1824;NEP
059540020020-5440;059540020020;100mN31485E41441;SF;MIX;4;70;S;M;6574;UEP
059540020020-5440;059540020020;100mN31485E41441;SF;MIX;4;60;D;F;5064;NEP
059540020020-5440;059540020020;100mN31485E41441;SF;MIX;4;1;S;F;0003;NEP
059540020020-5440;059540020020;100mN31485E41441;SF;MIX;4;13;S;F;0614;NEP
059540020020-5441;059540020020;100mN31463E41424;MC;NA;2;60;M;M;5064;NEP
059540020020-5441;059540020020;100mN31463E41424;MC;NA;2;63;M;F;5064;EMP
059540020020-5442;059540020020;100mN31484E41412;SF;NA;2;51;D;F;5064;EMP
059540020020-5442;059540020020;100mN31484E41412;SF;NA;2;9;S;F;0614;NEP
059540020020-5443;059540020020;100mN31480E41413;MC;MIX;2;68;M;F;6574;NEP
059540020020-5443;059540020020;100mN31480E41413;MC;MIX;2;52;M;M;5064;NEP
059540020020-5444;059540020020;100mN31471E41421;MC;OS;2;88;M;F;75XX;EMP
059540020020-5444;059540020020;100mN31471E41421;MC;OS;2;88;M;M;75XX;EMP
059540020020-5445;059540020020;100mN31479E41409;S;NA;1;51;M;M;5064;NEP
059540020020-5446;059540020020;100mN31499E41431;MC;OS;2;72;M;F;6574;EMP
059540020020-5446;059540020020;100mN31499E41431;MC;OS;2;78;M;M;75XX;NEP
059540020020-5447;059540020020;100mN31479E41409;MC;NA;2;40;M;F;4049;EMP
059540020020-5447;059540020020;100mN31479E41409;MC;NA;2;41;M;M;4049;NEP
059540020020-5448;059540020020;100mN31479E41409;S;NA;1;23;M;M;1824;EMP
059540020020-5449;059540020020;100mN31483E41404;S;NA;1;57;M;F;5064;EMP
059540020020-5450;059540020020;100mN31471E41425;MC;MIX;2;86;M;M;75XX;EMP
059540020020-5450;059540020020;100mN31471E41425;MC;MIX;2;47;S;M;4049;NEP
059540020020-5451;059540020020;100mN31462E41431;SF;NA;2;54;W;F;5064;EMP
059540020020-5451;059540020020;100mN31462E41431;SF;NA;2;1;S;F;0003;NEP
059540020020-5452;059540020020;100mN31491E41439;S;OS;1;38;D;F;3039;EMP
059540020020-5453;059540020020;100mN31491E41439;MC;NA;2;23;M;M;1824;EMP
059540020020-5453;059540020020;100mN31491E41439;MC;NA;2;20;M;F;1824;NEP
059540020020-5454;059540020020;100mN31493E41404;MC;MIX;4;85;D;M;75XX;NEP
059540020020-5454;059540020020;100mN31493E41404;MC;MIX;4;52;M;M;5064;EMP
059540020020-5454;059540020020;100mN31493E41404;MC;MIX;4;45;M;F;4049;NEP
059540020020-5454;059540020020;100mN31493E41404;MC;MIX;4;11;S;F;0614;NEP
059540020020-5455;059540020020;100mN31493E41404;MC;NA;6;63;M;F;5064;EMP
059540020020-5455;059540020020;100mN31493E41404;MC;NA;6;47;S;M;4049;NEP
059540020020-5455;059540020020;100mN31493E41404;MC;NA;6;10;S;F;0614;NEP
059540020020-5455;059540020020;100mN31493E41404;MC;NA;6;3;S;F;0305;NEP
059540020020-5455;059540020020;100mN31493E41404;MC;NA;6;40;S;M;4049;EMP
059540020020-5455;059540020020;100mN31493E41404;MC;NA;6;4;S;F;0305;NEP
059540020020-5456;059540020020;100mN31493E41404;MC;MIX;2;89;M;M;75XX;NEP
059540020020-5456;059540020020;100mN31493E41404;MC;MIX;2;44;S;M;4049;EMP
059540020020-5457;059540020020;100mN31467E41429;MC;MIX;2;80;M;F;75XX;NEP
059540020020-5457;059540020020;100mN31467E41429;MC;MIX;2;38;PD;F;3039;NEP
059540020020-5458;059540020020;100mN31462E41429;PO;NA;4;60;S;M;5064;EMP
059540020020-5458;059540020020;100mN31462E41429;PO;NA;4;60;S;M;5064;NEP
059540020020-5458;059540020020;100mN31462E41429;PO;NA;4;44;S;F;4049;EMP
059540020020-5458;059540020020;100mN31462E41429;PO;NA;4;35;M;M;3039;EMP
059540020020-5459;059540020020;100mN31468E41420;S;NA;1;20;D;M;1824;EMP
059540020020-5460;059540020020;100mN31465E41428;S;NA;1;20;S;M;1824;EMP
059540020020-5461;059540020020;100mN31497E41445;S;NA;1;73;S;M;6574;EMP
059540020020-5462;059540020020;100mN31465E41428;MC;NA;5;45;M;F;4049;NEP
059540020020-5462;059540020020;100mN31465E41428;MC;NA;5;47;M;M;4049;EMP
059540020020-5462;059540020020;100mN31465E41428;MC;NA;5;16;S;M;1517;EMP
059540020020-5462;059540020020;100mN31465E41428;MC;NA;5;30;S;F;3039;NEP
059540020020-5462;059540020020;100mN31465E41428;MC;NA;5;12;S;F;0614;NEP
059540020020-5463;059540020020;100mN31488E41438;S;OS;1;81;D;F;75XX;EMP
059540020020-5464;059540020020;100mN31464E41419;MC;NA;2;47;M;F;4049;EMP
059540020020-5464;059540020020;100mN31464E41419;MC;NA;2;50;M;M;5064;EMP
059540020020-5465;059540020020;100mN31465E41428;PO;OS;2;66;S;F;6574;EMP
059540020020-5465;059540020020;100mN31465E41428;PO;OS;2;72;S;F;6574;EMP
059540020020-5466;059540020020;100mN31465E41428;PO;OS;3;70;S;M;6574;EMP
059540020020-5466;059540020020;100mN31465E41428;PO;OS;3;66;S;F;6574;EMP
059540020020-5466;059540020020;100mN31465E41428;PO;OS;3;73;D;F;6574;EMP
059540020020-5467;059540020020;100mN31465E41428;S;NA;1;51;M;F;5064;EMP
059540020020-5468;059540020020;100mN31468E41431;MC;NA;4;47;M;M;4049;NEP
059540020020-5468;059540020020;100mN31468E41431;MC;NA;4;40;M;F;4049;NEP
059540020020-5468;059540020020;100mN31468E41431;MC;NA;4;6;S;M;0614;NEP
059540020020-5468;059540020020;100mN31468E41431;MC;NA;4;0;S;M;0003;NEP
059540020020-5469;059540020020;100mN31461E41422;MC;NA;5;51;M;M;5064;NEP
059540020020-5469;059540020020;100mN31461E41422;MC;NA;5;44;M;F;4049;EMP
059540020020-5469;059540020020;100mN31461E41422;MC;NA;5;16;S;M;1517;NEP
059540020020-5469;059540020020;100mN31461E41422;MC;NA;5;0;S;M;0003;NEP
059540020020-5469;059540020020;100mN31461E41422;MC;NA;5;12;S;F;0614;NEP
059540020020-5470;059540020020;100mN31464E41424;MC;NA;5;59;M;M;5064;UEP
059540020020-5470;059540020020;100mN31464E41424;MC;NA;5;61;M;F;5064;NEP
059540020020-5470;059540020020;100mN31464E41424;MC;NA;5;11;S;M;0614;NEP
059540020020-5470;059540020020;100mN31464E41424;MC;NA;5;7;S;M;0614;NEP
059540020020-5470;059540020020;100mN31464E41424;MC;NA;5;3;S;F;0305;NEP
059540020020-5471;059540020020;100mN31465E41428;S;OS;1;26;D;F;2529;NEP
059540020020-5472;059540020020;100mN31473E41418;MC;OS;2;68;M;F;6574;EMP
059540020020-5472;059540020020;100mN31473E41418;MC;OS;2;73;M;M;6574;NEP
059540020020-5473;059540020020;100mN31491E41417;MC;NA;3;56;M;M;5064;EMP
059540020020-5473;059540020020;100mN31491E41417;MC;NA;3;54;M;F;5064;EMP
059540020020-5473;059540020020;100mN31491E41417;MC;NA;3;10;S;F;0614;NEP
059540020020-5474;059540020020;100mN31465E41428;MC;NA;2;63;M;M;5064;UEP
059540020020-5474;059540020020;100mN31465E41428;MC;NA;2;61;M;F;5064;EMP
059540020020-5475;059540020020;100mN31465E41428;MC;NA;2;48;M;M;4049;EMP
059540020020-5475;059540020020;100mN31465E41428;MC;NA;2;47;M;F;4049;EMP
059540020020-5476;059540020020;100mN31465E41428;NA;NA;2;78;M;M;75XX;NEP
059540020020-5476;059540020020;100mN31465E41428;NA;NA;2;31;D;M;3039;EMP
059540020020-5477;059540020020;100mN31463E41421;MC;OS;2;66;M;M;6574;EMP
059540020020-5477;059540020020;100mN31463E41421;MC;OS;2;71;M;F;6574;EMP
059540020020-5478;059540020020;100mN31465E41428;S;OS;1;79;M;F;75XX;NEP
059540020020-5479;059540020020;100mN31465E41428;S;OS;1;16;S;F;1517;EMP
059540020020-5480;059540020020;100mN31465E41428;MC;MIX;2;66;M;M;6574;EMP
059540020020-5480;059540020020;100mN31465E41428;MC;MIX;2;63;M;F;5064;NEP
059540020020-5481;059540020020;100mN31465E41428;MC;OS;2;77;M;F;75XX;EMP
059540020020-5481;059540020020;100mN31465E41428;MC;OS;2;78;M;M;75XX;NEP
059540020020-5482;059540020020;100mN31483E41400;MC;NA;3;62;M;M;5064;EMP
059540020020-5482;059540020020;100mN31483E41400;MC;NA;3;62;M;F;5064;NEP
059540020020-5482;059540020020;100mN31483E41400;MC;NA;3;13;S;F;0614;NEP
059540020020-5483;059540020020;100mN31465E41428;S;NA;1;51;M;M;5064;EMP
059540020020-5484;059540020020;100mN31465E41428;SM;NA;3;22;S;M;1824;NEP
059540020020-5484;059540020020;100mN31465E41428;SM;NA;3;3;S;F;0305;NEP
059540020020-5484;059540020020;100mN31465E41428;SM;NA;3;1;S;F;0003;NEP
059540020020-5485;059540020020;100mN31475E41420;S;NA;1;65;W;F;6574;EMP
059540020020-5486;059540020020;100mN31465E41428;NA;MIX;3;71;M;F;6574;EMP
059540020020-5486;059540020020;100mN31465E41428;NA;MIX;3;57;S;F;5064;EMP
059540020020-5486;059540020020;100mN31465E41428;NA;MIX;3;60;M;M;5064;EMP
059540020020-5487;059540020020;100mN31465E41428;MC;NA;3;25;M;F;2529;EMP
059540020020-5487;059540020020;100mN31465E41428;MC;NA;3;28;M;M;2529;EMP
059540020020-5487;059540020020;100mN31465E41428;MC;NA;3;6;S;M;0614;NEP
059540020020-5488;059540020020;100mN31465E41428;S;NA;1;66;S;F;6574;EMP
059540020020-5489;059540020020;100mN31465E41428;S;OS;1;65;W;F;6574;EMP
059540020020-5490;059540020020;100mN31484E41417;MC;NA;2;38;M;M;3039;EMP
059540020020-5490;059540020020;100mN31484E41417;MC;NA;2;38;M;F;3039;NEP
059540020020-5491;059540020020;100mN31493E41430;S;OS;1;61;S;M;5064;EMP
059540020020-5492;059540020020;100mN31491E41416;MC;NA;2;47;M;F;4049;NEP
059540020020-5492;059540020020;100mN31491E41416;MC;NA;2;48;M;M;4049;UEP
059540020020-5493;059540020020;100mN31465E41428;S;NA;1;59;D;F;5064;NEP
059540020020-5494;059540020020;100mN31465E41428;S;OS;1;60;D;M;5064;NEP
059540020020-5495;059540020020;100mN31465E41428;MC;NA;2;37;M;F;3039;EMP
059540020020-5495;059540020020;100mN31465E41428;MC;NA;2;40;M;M;4049;EMP
059540020020-5496;059540020020;100mN31465E41428;MC;NA;2;53;M;F;5064;NEP
059540020020-5496;059540020020;100mN31465E41428;MC;NA;2;56;M;M;5064;EMP
059540020020-5497;059540020020;100mN31465E41428;S;NA;1;57;M;F;5064;EMP
059540020020-5498;059540020020;100mN31465E41428;MC;OS;2;70;M;F;6574;EMP
059540020020-5498;059540020020;100mN31465E41428;MC;OS;2;78;M;M;75XX;EMP
059540020020-5499;059540020020;100mN31465E41428;MC;OS;2;84;M;M;75XX;NEP
059540020020-5499;059540020020;100mN31465E41428;MC;OS;2;71;M;F;6574;NEP
059540020020-5500;059540020020;100mN31465E41428;MC;NA;3;20;M;M;1824;NEP
059540020020-5500;059540020020;100mN31465E41428;MC;NA;3;18;M;F;1824;EMP
059540020020-5500;059540020020;100mN31465E41428;MC;NA;3;1;S;M;0003;NEP
059540020020-5501;059540020020;100mN31465E41428;SF;NA;2;72;S;F;6574;EMP
059540020020-5501;059540020020;100mN31465E41428;SF;NA;2;12;S;M;0614;NEP
059540020020-5502;059540020020;100mN31465E41428;MC;MIX;2;73;M;F;6574;EMP
059540020020-5502;059540020020;100mN31465E41428;MC;MIX;2;27;M;M;2529;EMP
059540020020-5503;059540020020;100mN31481E41413;MC;NA;4;44;M;F;4049;NEP
059540020020-5503;059540020020;100mN31481E41413;MC;NA;4;41;M;M;4049;NEP
059540020020-5503;059540020020;100mN31481E41413;MC;NA;4;18;M;M;1824;NEP
059540020020-5503;059540020020;100mN31481E41413;MC;NA;4;3;S;F;0305;NEP
059540020020-5504;059540020020;100mN31465E41428;MC;NA;2;53;M;F;5064;EMP
059540020020-5504;059540020020;100mN31465E41428;MC;NA;2;55;M;M;5064;EMP
059540020020-5505;059540020020;100mN31488E41421;MC;NA;2;53;M;M;5064;NEP
059540020020-5505;059540020020;100mN31488E41421;MC;NA;2;46;M;F;4049;NEP
059540020020-5506;059540020020;100mN31465E41428;MC;OS;4;69;M;F;6574;NEP
059540020020-5506;059540020020;100mN31465E41428;MC;OS;4;78;M;M;75XX;EMP
059540020020-5506;059540020020;100mN31465E41428;MC;OS;4;70;W;F;6574;EMP
059540020020-5506;059540020020;100mN31465E41428;MC;OS;4;71;S;F;6574;EMP
059540020020-5507;059540020020;100mN31465E41428;MC;NA;2;35;M;M;3039;EMP
059540020020-5507;059540020020;100mN31465E41428;MC;NA;2;34;M;F;3039;EMP
059540020020-5508;059540020020;100mN31481E41411;MC;NA;3;53;M;M;5064;NEP
059540020020-5508;059540020020;100mN31481E41411;MC;NA;3;52;M;F;5064;EMP
059540020020-5508;059540020020;100mN31481E41411;MC;NA;3;30;S;M;3039;EMP
059540020020-5509;059540020020;100mN31464E41432;MC;MIX;3;77;M;F;75XX;EMP
059540020020-5509;059540020020;100mN31464E41432;MC;MIX;3;54;M;M;5064;EMP
059540020020-5509;059540020020;100mN31464E41432;MC;MIX;3;52;M;F;5064;NEP
059540020020-5510;059540020020;100mN31489E41419;S;NA;1;20;D;F;1824;NEP
059540020020-5511;059540020020;100mN31491E41421;SF;NA;2;25;S;F;2529;NEP
059540020020-5511;059540020020;100mN31491E41421;SF;NA;2;10;S;F;0614;NEP
059540020020-5512;059540020020;100mN31465E41428;SF;NA;4;77;S;F;75XX;EMP
059540020020-5512;059540020020;100mN31465E41428;SF;NA;4;1;S;M;0003;NEP
059540020020-5512;059540020020;100mN31465E41428;SF;NA;4;4;S;M;0305;NEP
059540020020-5512;059540020020;100mN31465E41428;SF;NA;4;26;W;F;2529;NEP
059540020020-5513;059540020020;100mN31465E41428;MC;MIX;2;73;M;F;6574;NEP
059540020020-5513;059540020020;100mN31465E41428;MC;MIX;2;8;S;M;0614;NEP
059540020020-5514;059540020020;100mN31465E41428;MC;NA;3;57;M;M;5064;NEP
059540020020-5514;059540020020;100mN31465E41428;MC;NA;3;57;M;F;5064;EMP
059540020020-5514;059540020020;100mN31465E41428;MC;NA;3;13;S;F;0614;NEP
059540020020-5515;059540020020;100mN31465E41428;MC;NA;2;30;M;F;3039;EMP
059540020020-5515;059540020020;100mN31465E41428;MC;NA;2;27;M;M;2529;EMP
059540020020-5516;059540020020;100mN31484E41418;S;OS;1;33;W;F;3039;EMP
059540020020-5517;059540020020;100mN31477E41405;S;NA;1;77;M;F;75XX;NEP
059540020020-5518;059540020020;100mN31481E41413;MC;NA;4;37;M;F;3039;NEP
059540020020-5518;059540020020;100mN31481E41413;MC;NA;4;38;M;M;3039;EMP
059540020020-5518;059540020020;100mN31481E41413;MC;NA;4;3;S;M;0305;NEP
059540020020-5518;059540020020;100mN31481E41413;MC;NA;4;22;D;M;1824;EMP
059540020020-5519;059540020020;100mN31477E41405;MC;NA;2;61;M;M;5064;EMP
059540020020-5519;059540020020;100mN31477E41405;MC;NA;2;60;M;F;5064;EMP
059540020020-5520;059540020020;100mN31477E41405;MC;NA;2;20;M;F;1824;NEP
059540020020-5520;059540020020;100mN31477E41405;MC;NA;2;22;M;M;1824;EMP
059540020020-5521;059540020020;100mN31490E41440;MC;NA;2;55;M;M;5064;NEP
059540020020-5521;059540020020;100mN31490E41440;MC;NA;2;54;M;F;5064;EMP
059540020020-5522;059540020020;100mN31493E41407;S;NA;1;30;S;M;3039;EMP
059540020020-5523;059540020020;100mN31477E41405;S;OS;1;54;M;M;5064;NEP
059540020020-5524;059540020020;100mN31484E41432;S;NA;1;63;M;F;5064;EMP
059540020020-5525;059540020020;100mN31477E41405;MC;NA;2;45;M;M;4049;NEP
059540020020-5525;059540020020;100mN31477E41405;MC;NA;2;36;M;F;3039;NEP
059540020020-5526;059540020020;100mN31477E41405;S;NA;1;86;W;F;75XX;EMP
059540020020-5527;059540020020;100mN31477E41405;MC;NA;2;28;M;M;2529;EMP
059540020020-5527;059540020020;100mN31477E41405;MC;NA;2;27;M;F;2529;NEP
059540020020-5528;059540020020;100mN31464E41419;S;OS;1;53;D;M;5064;EMP
059540020020-5529;059540020020;100mN31477E41405;MC;NA;4;46;M;F;4049;NEP
059540020020-5529;059540020020;100mN31477E41405;MC;NA;4;48;M;M;4049;NEP
059540020020-5529;059540020020;100mN31477E41405;MC;NA;4;13;S;F;0614;NEP
059540020020-5529;059540020020;100mN31477E41405;MC;NA;4;30;M;M;3039;EMP
059540020020-5530;059540020020;100mN31477E41405;MC;NA;4;53;M;F;5064;EMP
059540020020-5530;059540020020;100mN31477E41405;MC;NA;4;57;M;M;5064;EMP
059540020020-5530;059540020020;100mN31477E41405;MC;NA;4;11;S;F;0614;NEP
059540020020-5530;059540020020;100mN31477E41405;MC;NA;4;38;S;M;3039;NEP
059540020020-5531;059540020020;100mN31477E41405;SF;NA;2;35;W;F;3039;EMP
059540020020-5531;059540020020;100mN31477E41405;SF;NA;2;8;S;F;0614;NEP
059540020020-5532;059540020020;100mN31477E41405;S;NA;1;56;M;M;5064;EMP
059540020020-5533;059540020020;100mN31477E41405;SM;NA;2;61;W;M;5064;NEP
059540020020-5533;059540020020;100mN31477E41405;SM;NA;2;4;S;F;0305;NEP
059540020020-5534;059540020020;100mN31477E41405;S;OS;1;71;S;M;6574;EMP
059540020020-5535;059540020020;100mN31477E41405;MC;OS;2;87;M;F;75XX;EMP
059540020020-5535;059540020020;100mN31477E41405;MC;OS;2;88;M;M;75XX;EMP
059540020020-5536;059540020020;100mN31464E41419;MC;NA;4;43;M;M;4049;NEP
059540020020-5536;059540020020;100mN31464E41419;MC;NA;4;45;M;F;4049;EMP
059540020020-5536;059540020020;100mN31464E41419;MC;NA;4;12;S;M;0614;NEP
059540020020-5536;059540020020;100mN31464E41419;MC;NA;4;22;W;F;1824;NEP
059540020020-5537;059540020020;100mN31475E41421;S;NA;1;23;S;F;1824;NEP
059540020020-5538;059540020020;100mN31494E41436;MC;NA;4;32;M;M;3039;EMP
059540020020-5538;059540020020;100mN31494E41436;MC;NA;4;25;M;F;2529;NEP
059540020020-5538;059540020020;100mN31494E41436;MC;NA;4;10;S;F;0614;NEP
059540020020-5538;059540020020;100mN31494E41436;MC;NA;4;1;S;M;0003;NEP
059540020020-5539;059540020020;100mN31475E41421;S;OS;1;72;S;F;6574;NEP
059540020020-5540;059540020020;100mN31475E41421;PO;NA;2;54;S;M;5064;NEP
059540020020-5540;059540020020;100mN31475E41421;PO;NA;2;18;S;M;1824;EMP
059540020020-5541;059540020020;100mN31483E41414;S;OS;1;66;W;F;6574;NEP
059540020020-5542;059540020020;100mN31475E41421;S;NA;1;56;D;F;5064;EMP
059540020020-5543;059540020020;100mN31475E41421;MC;OS;2;73;M;F;6574;EMP
059540020020-5543;059540020020;100mN31475E41421;MC;OS;2;84;M;M;75XX;NEP
059540020020-5544;059540020020;100mN31471E41422;MC;NA;3;35;M;F;3039;NEP
059540020020-5544;059540020020;100mN31471E41422;MC;NA;3;33;M;M;3039;NEP
059540020020-5544;059540020020;100mN31471E41422;MC;NA;3;8;S;M;0614;NEP
059540020020-5545;059540020020;100mN31475E41421;S;NA;1;34;M;F;3039;NEP
059540020020-5546;059540020020;100mN31475E41421;NA;OS;2;25;M;F;2529;EMP
059540020020-5546;059540020020;100mN31475E41421;NA;OS;2;42;M;F;4049;EMP
059540020020-5547;059540020020;100mN31475E41421;S;OS;1;35;S;M;3039;EMP
059540020020-5548;059540020020;100mN31475E41421;MC;OS;2;73;M;F;6574;EMP
059540020020-5548;059540020020;100mN31475E41421;MC;OS;2;75;M;M;75XX;NEP
059540020020-5549;059540020020;100mN31475E41421;SF;NA;2;20;W;F;1824;NEP
059540020020-5549;059540020020;100mN31475E41421;SF;NA;2;3;S;F;0305;NEP
059540020020-5550;059540020020;100mN31475E41421;PO;NA;2;62;S;F;5064;NEP
059540020020-5550;059540020020;100mN31475E41421;PO;NA;2;55;S;F;5064;EMP
059540020020-5551;059540020020;100mN31475E41421;S;NA;1;43;M;F;4049;NEP
059540020020-5552;059540020020;100mN31479E41411;SF;NA;3;61;D;F;5064;NEP
059540020020-5552;059540020020;100mN31479E41411;SF;NA;3;13;S;F;0614;NEP
059540020020-5552;059540020020;100mN31479E41411;SF;NA;3;9;S;M;0614;NEP
059540020020-5553;059540020020;100mN31475E41421;S;NA;1;35;M;M;3039;EMP
059540020020-5554;059540020020;100mN31484E41411;PO;NA;3;38;S;M;3039;NEP
059540020020-5554;059540020020;100mN31484E41411;PO;NA;3;37;S;M;3039;NEP
059540020020-5554;059540020020;100mN31484E41411;PO;NA;3;9;S;F;0614;NEP
059540020020-5555;059540020020;100mN31475E41421;MC;NA;2;22;M;M;1824;EMP
059540020020-5555;059540020020;100mN31475E41421;MC;NA;2;23;M;F;1824;EMP
059540020020-5556;059540020020;100mN31489E41421;S;NA;1;35;S;M;3039;NEP
059540020020-5557;059540020020;100mN31475E41421;MC;NA;3;54;M;F;5064;EMP
059540020020-5557;059540020020;100mN31475E41421;MC;NA;3;71;M;F;6574;EMP
059540020020-5557;059540020020;100mN31475E41421;MC;NA;3;1;S;F;0003;NEP
059540020020-5558;059540020020;100mN31475E41421;SF;NA;2;88;W;F;75XX;EMP
059540020020-5558;059540020020;100mN31475E41421;SF;NA;2;2;S;F;0003;NEP
059540020020-5559;059540020020;100mN31475E41421;S;OS;1;32;M;M;3039;EMP
059540020020-5560;059540020020;100mN31468E41431;S;OS;1;47;S;F;4049;EMP
059540020020-5561;059540020020;100mN31480E41413;MC;MIX;2;73;M;F;6574;NEP
059540020020-5561;059540020020;100mN31480E41413;MC;MIX;2;67;M;F;6574;NEP
059540020020-5562;059540020020;100mN31475E41421;S;OS;1;56;D;M;5064;EMP
059540020020-5563;059540020020;100mN31464E41418;S;NA;1;62;D;M;5064;NEP
059540020020-5564;059540020020;100mN31485E41417;MC;NA;4;58;M;F;5064;NEP
059540020020-5564;059540020020;100mN31485E41417;MC;NA;4;63;M;M;5064;NEP
059540020020-5564;059540020020;100mN31485E41417;MC;NA;4;43;M;F;4049;EMP
059540020020-5564;059540020020;100mN31485E41417;MC;NA;4;16;S;F;1517;EMP
059540020020-5565;059540020020;100mN31485E41417;MC;NA;4;60;M;M;5064;EMP
059540020020-5565;059540020020;100mN31485E41417;MC;NA;4;58;M;F;5064;EMP
059540020020-5565;059540020020;100mN31485E41417;MC;NA;4;28;D;M;2529;EMP
059540020020-5565;059540020020;100mN31485E41417;MC;NA;4;16;S;M;1517;EMP
059540020020-5566;059540020020;100mN31496E41441;S;NA;1;48;S;M;4049;EMP
059540020020-5567;059540020020;100mN31464E41384;S;OS;1;46;M;M;4049;NEP
059540020020-5568;059540020020;100mN31464E41384;MC;OS;4;72;M;F;6574;NEP
059540020020-5568;059540020020;100mN31464E41384;MC;OS;4;73;M;M;6574;EMP
059540020020-5568;059540020020;100mN31464E41384;MC;OS;4;65;M;M;6574;EMP
059540020020-5568;059540020020;100mN31464E41384;MC;OS;4;66;D;M;6574;EMP
059540020020-5569;059540020020;100mN31464E41418;MC;NA;2;25;M;M;2529;EMP
059540020020-5569;059540020020;100mN31464E41418;MC;NA;2;18;M;F;1824;NEP
059540020020-5570;059540020020;100mN31480E41400;SF;NA;2;43;W;F;4049;NEP
059540020020-5570;059540020020;100mN31480E41400;SF;NA;2;27;W;F;2529;NEP
059540020020-5571;059540020020;100mN31468E41430;MC;NA;2;53;M;F;5064;NEP
059540020020-5571;059540020020;100mN31468E41430;MC;NA;2;54;M;M;5064;EMP
059540020020-5572;059540020020;100mN31489E41408;S;NA;1;83;M;F;75XX;NEP
059540020020-5573;059540020020;100mN31489E41408;MC;NA;2;34;M;M;3039;NEP
059540020020-5573;059540020020;100mN31489E41408;MC;NA;2;33;M;F;3039;EMP
059540020020-5574;059540020020;100mN31489E41408;S;OS;1;45;M;M;4049;EMP
059540020020-5575;059540020020;100mN31484E41416;S;NA;1;44;D;F;4049;EMP
059540020020-5576;059540020020;100mN31467E41423;S;OS;1;41;S;F;4049;EMP
059540020020-5577;059540020020;100mN31489E41408;MC;NA;6;28;M;M;2529;NEP
059540020020-5577;059540020020;100mN31489E41408;MC;NA;6;28;M;F;2529;EMP
059540020020-5577;059540020020;100mN31489E41408;MC;NA;6;6;S;F;0614;NEP
059540020020-5577;059540020020;100mN31489E41408;MC;NA;6;9;S;M;0614;NEP
059540020020-5577;059540020020;100mN31489E41408;MC;NA;6;9;S;M;0614;NEP
059540020020-5577;059540020020;100mN31489E41408;MC;NA;6;2;S;F;0003;NEP
059540020020-5578;059540020020;100mN31489E41408;SF;NA;3;66;W;F;6574;NEP
059540020020-5578;059540020020;100mN31489E41408;SF;NA;3;4;S;M;0305;NEP
059540020020-5578;059540020020;100mN31489E41408;SF;NA;3;10;S;F;0614;NEP
059540020020-5579;059540020020;100mN31489E41408;MC;OS;4;71;M;M;6574;EMP
059540020020-5579;059540020020;100mN31489E41408;MC;OS;4;71;M;F;6574;NEP
059540020020-5579;059540020020;100mN31489E41408;MC;OS;4;82;M;M;75XX;EMP
059540020020-5579;059540020020;100mN31489E41408;MC;OS;4;73;M;F;6574;NEP
059540020020-5580;059540020020;100mN31489E41408;S;OS;1;42;M;F;4049;EMP
059540020020-5581;059540020020;100mN31471E41420;NA;NA;2;35;W;M;3039;UEP
059540020020-5581;059540020020;100mN31471E41420;NA;NA;2;22;M;M;1824;EMP
059540020020-5582;059540020020;100mN31471E41420;S;OS;1;48;M;F;4049;NEP
059540020020-5583;059540020020;100mN31464E41424;MC;NA;2;57;M;F;5064;EMP
059540020020-5583;059540020020;100mN31464E41424;MC;NA;2;62;M;M;5064;EMP
059540020020-5584;059540020020;100mN31471E41420;S;OS;1;44;W;F;4049;EMP
059540020020-5585;059540020020;100mN31472E41431;MC;NA;2;48;M;M;4049;EMP
059540020020-5585;059540020020;100mN31472E41431;MC;NA;2;46;M;F;4049;NEP
059540020020-5586;059540020020;100mN31463E41420;MC;NA;3;40;M;M;4049;EMP
059540020020-5586;059540020020;100mN31463E41420;MC;NA;3;42;M;F;4049;EMP
059540020020-5586;059540020020;100mN31463E41420;MC;NA;3;7;S;M;0614;NEP
059540020020-5587;059540020020;100mN31471E41420;S;NA;1;47;S;M;4049;NEP
059540020020-5588;059540020020;100mN31468E41431;MC;NA;2;38;M;M;3039;EMP
059540020020-5588;059540020020;100mN31468E41431;MC;NA;2;34;M;F;3039;NEP
059540020020-5589;059540020020;100mN31471E41420;MC;NA;2;60;M;M;5064;NEP
059540020020-5589;059540020020;100mN31471E41420;MC;NA;2;43;M;F;4049;NEP
059540020020-5590;059540020020;100mN31471E41420;S;NA;1;52;M;M;5064;NEP
059540020020-5591;059540020020;100mN31471E41420;MC;NA;2;20;M;F;1824;NEP
059540020020-5591;059540020020;100mN31471E41420;MC;NA;2;27;M;M;2529;EMP
059540020020-5592;059540020020;100mN31471E41420;MC;NA;3;44;M;F;4049;EMP
059540020020-5592;059540020020;100mN31471E41420;MC;NA;3;41;M;M;4049;NEP
059540020020-5592;059540020020;100mN31471E41420;MC;NA;3;15;S;F;1517;EMP
059540020020-5593;059540020020;100mN31471E41420;MC;OS;4;88;M;F;75XX;NEP
059540020020-5593;059540020020;100mN31471E41420;MC;OS;4;81;M;M;75XX;NEP
059540020020-5593;059540020020;100mN31471E41420;MC;OS;4;81;M;F;75XX;NEP
059540020020-5593;059540020020;100mN31471E41420;MC;OS;4;72;M;M;6574;EMP
059540020020-5594;059540020020;100mN31468E41430;S;OS;1;52;M;F;5064;NEP
059540020020-5595;059540020020;100mN31483E41407;MC;NA;2;52;M;F;5064;NEP
059540020020-5595;059540020020;100mN31483E41407;MC;NA;2;63;M;M;5064;EMP
059540020020-5596;059540020020;100mN31463E41420;MC;NA;2;40;M;F;4049;NEP
059540020020-5596;059540020020;100mN31463E41420;MC;NA;2;42;M;M;4049;NEP
059540020020-5597;059540020020;100mN31484E41430;MC;OS;2;70;M;M;6574;EMP
059540020020-5597;059540020020;100mN31484E41430;MC;OS;2;78;M;F;75XX;NEP
059540020020-5598;059540020020;100mN31481E41413;MC;OS;2;83;M;M;75XX;NEP
059540020020-5598;059540020020;100mN31481E41413;MC;OS;2;82;M;F;75XX;EMP
059540020020-5599;059540020020;100mN31471E41420;S;NA;1;45;W;F;4049;EMP
059540020020-5600;059540020020;100mN31464E41419;MC;NA;3;46;M;F;4049;NEP
059540020020-5600;059540020020;100mN31464E41419;MC;NA;3;47;M;M;4049;NEP
059540020020-5600;059540020020;100mN31464E41419;MC;NA;3;31;S;F;3039;NEP
059540020020-5601;059540020020;100mN31471E41420;S;NA;1;33;D;F;3039;EMP
059540020020-5602;059540020020;100mN31471E41420;MC;NA;3;54;M;F;5064;EMP
059540020020-5602;059540020020;100mN31471E41420;MC;NA;3;54;M;M;5064;NEP
059540020020-5602;059540020020;100mN31471E41420;MC;NA;3;16;S;F;1517;EMP
059540020020-5603;059540020020;100mN31471E41420;MC;NA;2;42;M;F;4049;EMP
059540020020-5603;059540020020;100mN31471E41420;MC;NA;2;47;M;M;4049;EMP
059540020020-5604;059540020020;100mN31471E41420;SF;NA;6;70;W;F;6574;NEP
059540020020-5604;059540020020;100mN31471E41420;SF;NA;6;20;M;F;1824;NEP
059540020020-5604;059540020020;100mN31471E41420;SF;NA;6;3;S;F;0305;NEP
059540020020-5604;059540020020;100mN31471E41420;SF;NA;6;26;D;F;2529;NEP
059540020020-5604;059540020020;100mN31471E41420;SF;NA;6;48;S;M;4049;EMP
059540020020-5604;059540020020;100mN31471E41420;SF;NA;6;11;S;F;0614;NEP
059540020020-5605;059540020020;100mN31484E41414;MC;NA;2;55;M;M;5064;EMP
059540020020-5605;059540020020;100mN31484E41414;MC;NA;2;54;M;F;5064;EMP
059540020020-5606;059540020020;100mN31471E41420;S;OS;1;85;M;M;75XX;EMP
059540020020-5607;059540020020;100mN31471E41420;SF;NA;3;56;W;F;5064;EMP
059540020020-5607;059540020020;100mN31471E41420;SF;NA;3;4;S;M;0305;NEP
059540020020-5607;059540020020;100mN31471E41420;SF;NA;3;32;S;M;3039;NEP
059540020020-5608;059540020020;100mN31485E41394;PO;NA;2;45;S;M;4049;NEP
059540020020-5608;059540020020;100mN31485E41394;PO;NA;2;44;S;M;4049;EMP
059540020020-5609;059540020020;100mN31478E41409;MC;MIX;2;70;M;M;6574;EMP
059540020020-5609;059540020020;100mN31478E41409;MC;MIX;2;84;M;F;75XX;NEP
059540020020-5610;059540020020;100mN31471E41420;S;NA;1;73;M;M;6574;EMP
059540020020-5611;059540020020;100mN31474E41431;S;NA;1;21;W;M;1824;EMP
059540020020-5612;059540020020;100mN31471E41420;SF;NA;2;55;W;F;5064;NEP
059540020020-5612;059540020020;100mN31471E41420;SF;NA;2;11;S;F;0614;NEP
059540020020-5613;059540020020;100mN31471E41420;MC;OS;4;71;M;F;6574;NEP
059540020020-5613;059540020020;100mN31471E41420;MC;OS;4;84;M;M;75XX;EMP
059540020020-5613;059540020020;100mN31471E41420;MC;OS;4;78;M;F;75XX;EMP
059540020020-5613;059540020020;100mN31471E41420;MC;OS;4;87;M;F;75XX;EMP
059540020020-5614;059540020020;100mN31471E41417;MC;NA;2;43;M;M;4049;NEP
059540020020-5614;059540020020;100mN31471E41417;MC;NA;2;34;M;F;3039;EMP
059540020020-5615;059540020020;100mN31471E41420;S;OS;1;58;M;M;5064;NEP
059540020020-5616;059540020020;100mN31471E41420;MC;NA;3;63;M;F;5064;EMP
059540020020-5616;059540020020;100mN31471E41420;MC;NA;3;46;S;M;4049;EMP
059540020020-5616;059540020020;100mN31471E41420;MC;NA;3;6;S;M;0614;NEP
059540020020-5617;059540020020;100mN31471E41420;S;NA;1;35;M;M;3039;EMP
059540020020-5618;059540020020;100mN31473E41422;S;NA;1;19;M;F;1824;EMP
059540020020-5619;059540020020;100mN31481E41411;MC;NA;3;57;M;M;5064;NEP
059540020020-5619;059540020020;100mN31481E41411;MC;NA;3;53;M;F;5064;EMP
059540020020-5619;059540020020;100mN31481E41411;MC;NA;3;4;S;F;0305;NEP
059540020020-5620;059540020020;100mN31471E41420;MC;OS;2;68;M;M;6574;NEP
059540020020-5620;059540020020;100mN31471E41420;MC;OS;2;65;M;F;6574;NEP
059540020020-5621;059540020020;100mN31471E41420;S;OS;1;58;M;M;5064;EMP
059540020020-5622;059540020020;100mN31471E41421;S;OS;1;36;D;F;3039;EMP
059540020020-5623;059540020020;100mN31471E41420;MC;MIX;3;67;W;F;6574;EMP
059540020020-5623;059540020020;100mN31471E41420;MC;MIX;3;41;M;M;4049;EMP
059540020020-5623;059540020020;100mN31471E41420;MC;MIX;3;33;M;F;3039;EMP
059540020020-5624;059540020020;100mN31471E41420;SM;NA;3;68;W;M;6574;EMP
059540020020-5624;059540020020;100mN31471E41420;SM;NA;3;0;S;F;0003;NEP
059540020020-5624;059540020020;100mN31471E41420;SM;NA;3;33;M;M;3039;EMP
059540020020-5625;059540020020;100mN31489E41445;MC;NA;2;37;M;M;3039;EMP
059540020020-5625;059540020020;100mN31489E41445;MC;NA;2;40;M;F;4049;EMP
059540020020-5626;059540020020;100mN31471E41420;S;OS;1;55;W;M;5064;NEP
059540020020-5627;059540020020;100mN31471E41420;MC;NA;2;62;M;F;5064;EMP
059540020020-5627;059540020020;100mN31471E41420;MC;NA;2;63;M;M;5064;NEP
059540020020-5628;059540020020;100mN31472E41420;S;NA;1;22;W;F;1824;NEP
059540020020-5629;059540020020;100mN31473E41424;S;OS;1;82;W;F;75XX;EMP
059540020020-5630;059540020020;100mN31486E41432;PO;NA;5;51;S;F;5064;NEP
059540020020-5630;059540020020;100mN31486E41432;PO;NA;5;55;S;M;5064;NEP
059540020020-5630;059540020020;100mN31486E41432;PO;NA;5;8;S;M;0614;NEP
059540020020-5630;059540020020;100mN31486E41432;PO;NA;5;16;S;F;1517;NEP
059540020020-5630;059540020020;100mN31486E41432;PO;NA;5;11;S;F;0614;NEP
059540020020-5631;059540020020;100mN31471E41420;MC;MIX;4;71;M;M;6574;EMP
059540020020-5631;059540020020;100mN31471E41420;MC;MIX;4;46;M;M;4049;EMP
059540020020-5631;059540020020;100mN31471E41420;MC;MIX;4;37;M;F;3039;NEP
059540020020-5631;059540020020;100mN31471E41420;MC;MIX;4;7;S;F;0614;NEP
059540020020-5632;059540020020;100mN31484E41416;MC;OS;4;81;M;F;75XX;NEP
059540020020-5632;059540020020;100mN31484E41416;MC;OS;4;88;M;M;75XX;EMP
059540020020-5632;059540020020;100mN31484E41416;MC;OS;4;73;D;M;6574;EMP
059540020020-5632;059540020020;100mN31484E41416;MC;OS;4;81;M;M;75XX;NEP
059540020020-5633;059540020020;100mN31464E41420;MC;NA;5;60;M;M;5064;NEP
059540020020-5633;059540020020;100mN31464E41420;MC;NA;5;37;M;F;3039;NEP
059540020020-5633;059540020020;100mN31464E41420;MC;NA;5;27;S;M;2529;NEP
059540020020-5633;059540020020;100mN31464E41420;MC;NA;5;11;S;F;0614;NEP
059540020020-5633;059540020020;100mN31464E41420;MC;NA;5;8;S;F;0614;NEP
059540020020-5634;059540020020;100mN31480E41408;PO;NA;2;50;S;F;5064;EMP
059540020020-5634;059540020020;100mN31480E41408;PO;NA;2;52;S;M;5064;EMP
059540020020-5635;059540020020;100mN31471E41420;MC;NA;2;47;M;M;4049;EMP
059540020020-5635;059540020020;100mN31471E41420;MC;NA;2;18;M;F;1824;EMP
059540020020-5636;059540020020;100mN31468E41431;MC;NA;4;62;M;F;5064;EMP
059540020020-5636;059540020020;100mN31468E41431;MC;NA;4;63;M;M;5064;EMP
059540020020-5636;059540020020;100mN31468E41431;MC;NA;4;8;S;M;0614;NEP
059540020020-5636;059540020020;100mN31468E41431;MC;NA;4;30;M;M;3039;EMP
059540020020-5637;059540020020;100mN31471E41420;MC;OS;2;66;M;F;6574;EMP
059540020020-5637;059540020020;100mN31471E41420;MC;OS;2;69;M;M;6574;EMP
059540020020-5638;059540020020;100mN31471E41420;PO;OS;2;67;S;F;6574;EMP
059540020020-5638;059540020020;100mN31471E41420;PO;OS;2;78;S;F;75XX;EMP
059540020020-5639;059540020020;100mN31481E41407;S;NA;1;76;S;F;75XX;EMP
059540020020-5640;059540020020;100mN31462E41420;SF;MIX;2;79;D;F;75XX;NEP
059540020020-5640;059540020020;100mN31462E41420;SF;MIX;2;41;W;F;4049;NEP
059540020020-5641;059540020020;100mN31471E41420;SF;MIX;3;86;M;F;75XX;NEP
059540020020-5641;059540020020;100mN31471E41420;SF;MIX;3;50;W;F;5064;NEP
059540020020-5641;059540020020;100mN31471E41420;SF;MIX;3;12;S;F;0614;NEP
059540020020-5642;059540020020;100mN31481E41404;PO;NA;2;57;S;F;5064;NEP
059540020020-5642;059540020020;100mN31481E41404;PO;NA;2;62;S;F;5064;EMP
059540020020-5643;059540020020;100mN31471E41420;MC;NA;4;41;M;F;4049;NEP
059540020020-5643;059540020020;100mN31471E41420;MC;NA;4;46;M;M;4049;EMP
059540020020-5643;059540020020;100mN31471E41420;MC;NA;4;20;S;M;1824;EMP
059540020020-5643;059540020020;100mN31471E41420;MC;NA;4;13;S;M;0614;NEP
059540020020-5644;059540020020;100mN31471E41420;MC;NA;2;48;M;F;4049;EMP
059540020020-5644;059540020020;100mN31471E41420;MC;NA;2;56;M;M;5064;NEP
059540020020-5645;059540020020;100mN31471E41420;S;NA;1;25;S;M;2529;EMP
059540020020-5646;059540020020;100mN31471E41420;S;NA;1;77;M;F;75XX;NEP
059540020020-5647;059540020020;100mN31471E41420;MC;OS;4;67;M;F;6574;EMP
059540020020-5647;059540020020;100mN31471E41420;MC;OS;4;69;M;M;6574;NEP
059540020020-5647;059540020020;100mN31471E41420;MC;OS;4;70;D;F;6574;EMP
059540020020-5647;059540020020;100mN31471E41420;MC;OS;4;87;W;F;75XX;NEP
059540020020-5648;059540020020;100mN31471E41420;MC;NA;5;57;M;M;5064;NEP
059540020020-5648;059540020020;100mN31471E41420;MC;NA;5;57;M;F;5064;EMP
059540020020-5648;059540020020;100mN31471E41420;MC;NA;5;4;S;M;0305;NEP
059540020020-5648;059540020020;100mN31471E41420;MC;NA;5;20;D;F;1824;NEP
059540020020-5648;059540020020;100mN31471E41420;MC;NA;5;7;S;F;0614;NEP
059540020020-5649;059540020020;100mN31471E41420;MC;NA;2;21;M;M;1824;EMP
059540020020-5649;059540020020;100mN31471E41420;MC;NA;2;21;M;F;1824;NEP
059540020020-5650;059540020020;100mN31483E41405;S;NA;1;59;D;M;5064;EMP
059540020020-5651;059540020020;100mN31471E41420;S;OS;1;28;W;F;2529;NEP
059540020020-5652;059540020020;100mN31471E41420;MC;NA;2;43;M;F;4049;EMP
059540020020-5652;059540020020;100mN31471E41420;MC;NA;2;35;M;M;3039;EMP
059540020020-5653;059540020020;100mN31471E41420;S;OS;1;30;S;M;3039;EMP
059540020020-5654;059540020020;100mN31473E41431;S;NA;1;58;M;M;5064;EMP
059540020020-5655;059540020020;100mN31471E41420;MC;NA;3;53;M;M;5064;EMP
059540020020-5655;059540020020;100mN31471E41420;MC;NA;3;56;M;F;5064;NEP
059540020020-5655;059540020020;100mN31471E41420;MC;NA;3;15;S;F;1517;EMP
059540020020-5656;059540020020;100mN31471E41420;MC;NA;2;57;M;M;5064;NEP
059540020020-5656;059540020020;100mN31471E41420;MC;NA;2;41;S;F;4049;NEP
059540020020-5657;059540020020;100mN31494E41423;MC;OS;5;78;M;F;75XX;NEP
059540020020-5657;059540020020;100mN31494E41423;MC;OS;5;82;M;M;75XX;EMP
059540020020-5657;059540020020;100mN31494E41423;MC;OS;5;72;D;F;6574;EMP
059540020020-5657;059540020020;100mN31494E41423;MC;OS;5;71;M;F;6574;EMP
059540020020-5657;059540020020;100mN31494E41423;MC;OS;5;68;W;F;6574;EMP
059540020020-5658;059540020020;100mN31471E41420;S;OS;1;55;S;F;5064;EMP
059540020020-5659;059540020020;100mN31480E41404;MC;NA;2;61;M;F;5064;NEP
059540020020-5659;059540020020;100mN31480E41404;MC;NA;2;47;M;M;4049;NEP
059540020020-5660;059540020020;100mN31471E41420;MC;NA;3;38;M;F;3039;NEP
059540020020-5660;059540020020;100mN31471E41420;MC;NA;3;38;M;M;3039;EMP
059540020020-5660;059540020020;100mN31471E41420;MC;NA;3;22;M;F;1824;NEP
059540020020-5661;059540020020;100mN31471E41420;MC;OS;3;83;M;F;75XX;NEP
059540020020-5661;059540020020;100mN31471E41420;MC;OS;3;84;M;M;75XX;EMP
059540020020-5661;059540020020;100mN31471E41420;MC;OS;3;66;S;F;6574;NEP
059540020020-5662;059540020020;100mN31460E41431;PO;NA;2;50;S;M;5064;EMP
059540020020-5662;059540020020;100mN31460E41431;PO;NA;2;48;S;M;4049;EMP
059540020020-5663;059540020020;100mN31464E41419;MC;NA;4;32;M;M;3039;NEP
059540020020-5663;059540020020;100mN31464E41419;MC;NA;4;26;M;F;2529;NEP
059540020020-5663;059540020020;100mN31464E41419;MC;NA;4;13;S;F;0614;NEP
059540020020-5663;059540020020;100mN31464E41419;MC;NA;4;16;S;F;1517;NEP
059540020020-5664;059540020020;100mN31464E41419;MC;OS;6;80;M;M;75XX;NEP
059540020020-5664;059540020020;100mN31464E41419;MC;OS;6;71;M;F;6574;NEP
059540020020-5664;059540020020;100mN31464E41419;MC;OS;6;69;S;M;6574;EMP
059540020020-5664;059540020020;100mN31464E41419;MC;OS;6;68;S;F;6574;EMP
059540020020-5664;059540020020;100mN31464E41419;MC;OS;6;70;D;F;6574;EMP
059540020020-5664;059540020020;100mN31464E41419;MC;OS;6;83;S;F;75XX;NEP
059540020020-5665;059540020020;100mN31464E41427;S;NA;1;16;S;M;1517;EMP
059540020020-5666;059540020020;100mN31464E41419;SF;MIX;3;84;S;M;75XX;NEP
059540020020-5666;059540020020;100mN31464E41419;SF;MIX;3;51;S;F;5064;NEP
059540020020-5666;059540020020;100mN31464E41419;SF;MIX;3;11;S;M;0614;NEP
059540020020-5667;059540020020;100mN31464E41419;MC;NA;3;48;M;M;4049;NEP
059540020020-5667;059540020020;100mN31464E41419;MC;NA;3;45;M;F;4049;NEP
059540020020-5667;059540020020;100mN31464E41419;MC;NA;3;1;S;F;0003;NEP
059540020020-5668;059540020020;100mN31467E41423;MC;NA;2;20;M;F;1824;EMP
059540020020-5668;059540020020;100mN31467E41423;MC;NA;2;25;M;M;2529;EMP
059540020020-5669;059540020020;100mN31478E41407;MC;NA;3;60;M;M;5064;EMP
059540020020-5669;059540020020;100mN31478E41407;MC;NA;3;56;M;F;5064;EMP
059540020020-5669;059540020020;100mN31478E41407;MC;NA;3;32;S;M;3039;EMP
059540020020-5670;059540020020;100mN31464E41419;MC;NA;4;43;M;M;4049;NEP
059540020020-5670;059540020020;100mN31464E41419;MC;NA;4;45;M;F;4049;EMP
059540020020-5670;059540020020;100mN31464E41419;MC;NA;4;12;S;M;0614;NEP
059540020020-5670;059540020020;100mN31464E41419;MC;NA;4;22;W;F;1824;NEP
059540020020-5671;059540020020;100mN31464E41419;MC;OS;2;72;M;M;6574;EMP
059540020020-5671;059540020020;100mN31464E41419;MC;OS;2;71;M;F;6574;EMP
059540020020-5672;059540020020;100mN31485E41411;MC;NA;2;40;M;M;4049;EMP
059540020020-5672;059540020020;100mN31485E41411;MC;NA;2;40;M;F;4049;NEP
059540020020-5673;059540020020;100mN31464E41419;MC;OS;2;65;M;M;6574;EMP
059540020020-5673;059540020020;100mN31464E41419;MC;OS;2;75;M;F;75XX;EMP
059540020020-5674;059540020020;100mN31464E41419;MC;NA;2;51;M;F;5064;NEP
059540020020-5674;059540020020;100mN31464E41419;MC;NA;2;51;M;M;5064;NEP
059540020020-5675;059540020020;100mN31491E41429;S;NA;1;59;M;F;5064;NEP
059540020020-5676;059540020020;100mN31464E41419;MC;OS;2;72;M;F;6574;NEP
059540020020-5676;059540020020;100mN31464E41419;MC;OS;2;73;M;M;6574;EMP
059540020020-5677;059540020020;100mN31488E41422;MC;NA;2;58;M;M;5064;NEP
059540020020-5677;059540020020;100mN31488E41422;MC;NA;2;53;S;F;5064;EMP
059540020020-5678;059540020020;100mN31494E41441;S;OS;1;62;W;F;5064;NEP
059540020020-5679;059540020020;100mN31489E41445;MC;NA;2;37;M;M;3039;EMP
059540020020-5679;059540020020;100mN31489E41445;MC;NA;2;40;M;F;4049;EMP
059540020020-5680;059540020020;100mN31468E41422;MC;NA;5;41;M;M;4049;EMP
059540020020-5680;059540020020;100mN31468E41422;MC;NA;5;40;M;F;4049;EMP
059540020020-5680;059540020020;100mN31468E41422;MC;NA;5;3;S;F;0305;NEP
059540020020-5680;059540020020;100mN31468E41422;MC;NA;5;11;S;F;0614;NEP
059540020020-5680;059540020020;100mN31468E41422;MC;NA;5;12;S;F;0614;NEP
059540020020-5681;059540020020;100mN31475E41422;SM;MIX;3;78;S;M;75XX;UEP
059540020020-5681;059540020020;100mN31475E41422;SM;MIX;3;77;D;M;75XX;EMP
059540020020-5681;059540020020;100mN31475E41422;SM;MIX;3;4;S;F;0305;NEP
059540020020-5682;059540020020;100mN31464E41419;S;NA;1;48;M;M;4049;NEP
059540020020-5683;059540020020;100mN31486E41395;S;NA;1;51;S;F;5064;EMP
059540020020-5684;059540020020;100mN31464E41419;MC;NA;2;47;M;F;4049;EMP
059540020020-5684;059540020020;100mN31464E41419;MC;NA;2;50;M;M;5064;EMP
059540020020-5685;059540020020;100mN31464E41419;SF;NA;3;67;W;F;6574;NEP
059540020020-5685;059540020020;100mN31464E41419;SF;NA;3;1;S;M;0003;NEP
059540020020-5685;059540020020;100mN31464E41419;SF;NA;3;48;M;F;4049;EMP
059540020020-5686;059540020020;100mN31464E41419;MC;NA;2;43;M;M;4049;NEP
059540020020-5686;059540020020;100mN31464E41419;MC;NA;2;35;M;F;3039;NEP
059540020020-5687;059540020020;100mN31464E41419;S;NA;1;42;M;M;4049;EMP
059540020020-5688;059540020020;100mN31464E41419;MC;NA;3;46;M;F;4049;NEP
059540020020-5688;059540020020;100mN31464E41419;MC;NA;3;47;M;M;4049;NEP
059540020020-5688;059540020020;100mN31464E41419;MC;NA;3;31;S;F;3039;NEP
059540020020-5689;059540020020;100mN31489E41421;S;NA;1;38;D;M;3039;EMP
059540020020-5690;059540020020;100mN31464E41419;MC;NA;2;45;M;M;4049;EMP
059540020020-5690;059540020020;100mN31464E41419;MC;NA;2;42;M;F;4049;NEP
059540020020-5691;059540020020;100mN31464E41419;MC;NA;2;35;M;F;3039;NEP
059540020020-5691;059540020020;100mN31464E41419;MC;NA;2;36;M;M;3039;EMP
059540020020-5692;059540020020;100mN31467E41428;S;OS;1;67;W;F;6574;EMP
059540020020-5693;059540020020;100mN31471E41432;S;NA;1;84;S;M;75XX;EMP
059540020020-5694;059540020020;100mN31464E41419;S;OS;1;53;D;M;5064;EMP
059540020020-5695;059540020020;100mN31464E41419;S;NA;1;53;S;F;5064;EMP
059540020020-5696;059540020020;100mN31464E41419;S;NA;1;36;M;M;3039;NEP
059540020020-5697;059540020020;100mN31464E41419;PO;NA;3;45;S;F;4049;EMP
059540020020-5697;059540020020;100mN31464E41419;PO;NA;3;52;S;M;5064;EMP
059540020020-5697;059540020020;100mN31464E41419;PO;NA;3;0;S;F;0003;NEP
059540020020-5698;059540020020;100mN31468E41431;PO;OS;2;77;S;F;75XX;EMP
059540020020-5698;059540020020;100mN31468E41431;PO;OS;2;78;S;F;75XX;EMP
059540020020-5699;059540020020;100mN31500E41433;SF;MIX;2;73;W;F;6574;NEP
059540020020-5699;059540020020;100mN31500E41433;SF;MIX;2;12;S;F;0614;NEP
059540020020-5700;059540020020;100mN31485E41411;S;NA;1;63;W;F;5064;NEP
059540020020-5701;059540020020;100mN31461E41423;MC;OS;2;67;M;F;6574;NEP
059540020020-5701;059540020020;100mN31461E41423;MC;OS;2;69;M;M;6574;EMP
059540020020-5702;059540020020;100mN31464E41419;S;OS;1;37;M;M;3039;EMP
059540020020-5703;059540020020;100mN31481E41393;MC;MIX;2;67;M;M;6574;EMP
059540020020-5703;059540020020;100mN31481E41393;MC;MIX;2;62;M;F;5064;EMP
059540020020-5704;059540020020;100mN31464E41419;MC;NA;3;63;M;M;5064;NEP
059540020020-5704;059540020020;100mN31464E41419;MC;NA;3;62;M;M;5064;EMP
059540020020-5704;059540020020;100mN31464E41419;MC;NA;3;0;S;F;0003;NEP
059540020020-5705;059540020020;100mN31464E41419;PO;NA;4;52;S;F;5064;EMP
059540020020-5705;059540020020;100mN31464E41419;PO;NA;4;55;S;M;5064;EMP
059540020020-5705;059540020020;100mN31464E41419;PO;NA;4;11;S;F;0614;NEP
059540020020-5705;059540020020;100mN31464E41419;PO;NA;4;12;S;F;0614;NEP
059540020020-5706;059540020020;100mN31464E41419;SF;MIX;2;71;S;F;6574;NEP
059540020020-5706;059540020020;100mN31464E41419;SF;MIX;2;9;S;M;0614;NEP
059540020020-5707;059540020020;100mN31473E41422;MC;NA;6;54;M;F;5064;NEP
059540020020-5707;059540020020;100mN31473E41422;MC;NA;6;57;M;M;5064;EMP
059540020020-5707;059540020020;100mN31473E41422;MC;NA;6;13;S;M;0614;NEP
059540020020-5707;059540020020;100mN31473E41422;MC;NA;6;3;S;M;0305;NEP
059540020020-5707;059540020020;100mN31473E41422;MC;NA;6;10;S;M;0614;NEP
059540020020-5707;059540020020;100mN31473E41422;MC;NA;6;12;S;F;0614;NEP
059540020020-5708;059540020020;100mN31464E41419;S;OS;1;54;W;F;5064;NEP
059540020020-5709;059540020020;100mN31463E41420;MC;MIX;2;72;M;F;6574;NEP
059540020020-5709;059540020020;100mN31463E41420;MC;MIX;2;59;M;M;5064;EMP
059540020020-5710;059540020020;100mN31464E41419;MC;NA;2;58;M;F;5064;NEP
059540020020-5710;059540020020;100mN31464E41419;MC;NA;2;55;M;M;5064;NEP
059540020020-5711;059540020020;100mN31494E41423;S;NA;1;62;M;F;5064;NEP
059540020020-5712;059540020020;100mN31483E41405;SF;NA;4;47;D;F;4049;NEP
059540020020-5712;059540020020;100mN31483E41405;SF;NA;4;11;S;F;0614;NEP
059540020020-5712;059540020020;100mN31483E41405;SF;NA;4;28;M;F;2529;EMP
059540020020-5712;059540020020;100mN31483E41405;SF;NA;4;8;S;M;0614;NEP
059540020020-5713;059540020020;100mN31485E41414;MC;NA;2;43;M;M;4049;NEP
059540020020-5713;059540020020;100mN31485E41414;MC;NA;2;42;M;F;4049;EMP
059540020020-5714;059540020020;100mN31485E41414;MC;NA;3;58;M;F;5064;EMP
059540020020-5714;059540020020;100mN31485E41414;MC;NA;3;62;M;M;5064;EMP
059540020020-5714;059540020020;100mN31485E41414;MC;NA;3;7;S;F;0614;NEP
059540020020-5715;059540020020;100mN31485E41414;MC;MIX;3;72;M;M;6574;EMP
059540020020-5715;059540020020;100mN31485E41414;MC;MIX;3;44;M;F;4049;EMP
059540020020-5715;059540020020;100mN31485E41414;MC;MIX;3;48;M;M;4049;EMP
059540020020-5716;059540020020;100mN31485E41414;SF;NA;2;21;S;F;1824;EMP
059540020020-5716;059540020020;100mN31485E41414;SF;NA;2;4;S;F;0305;NEP
059540020020-5717;059540020020;100mN31481E41412;SF;MIX;3;79;W;F;75XX;NEP
059540020020-5717;059540020020;100mN31481E41412;SF;MIX;3;68;S;F;6574;NEP
059540020020-5717;059540020020;100mN31481E41412;SF;MIX;3;4;S;F;0305;NEP
059540020020-5718;059540020020;100mN31481E41408;MC;NA;4;60;M;F;5064;EMP
059540020020-5718;059540020020;100mN31481E41408;MC;NA;4;53;S;F;5064;NEP
059540020020-5718;059540020020;100mN31481E41408;MC;NA;4;13;S;F;0614;NEP
059540020020-5718;059540020020;100mN31481E41408;MC;NA;4;8;S;F;0614;NEP
059540020020-5719;059540020020;100mN31497E41425;PO;NA;6;48;S;F;4049;EMP
059540020020-5719;059540020020;100mN31497E41425;PO;NA;6;48;S;M;4049;EMP
059540020020-5719;059540020020;100mN31497E41425;PO;NA;6;18;S;M;1824;EMP
059540020020-5719;059540020020;100mN31497E41425;PO;NA;6;12;S;F;0614;NEP
059540020020-5719;059540020020;100mN31497E41425;PO;NA;6;32;M;M;3039;EMP
059540020020-5719;059540020020;100mN31497E41425;PO;NA;6;6;S;M;0614;NEP
059540020020-5720;059540020020;100mN31483E41405;MC;OS;2;88;M;M;75XX;EMP
059540020020-5720;059540020020;100mN31483E41405;MC;OS;2;86;M;F;75XX;NEP
059540020020-5721;059540020020;100mN31485E41414;S;OS;1;71;S;F;6574;NEP
059540020020-5722;059540020020;100mN31485E41414;MC;NA;3;22;M;F;1824;EMP
059540020020-5722;059540020020;100mN31485E41414;MC;NA;3;19;M;M;1824;NEP
059540020020-5722;059540020020;100mN31485E41414;MC;NA;3;3;S;F;0305;NEP
059540020020-5723;059540020020;100mN31485E41414;S;NA;1;50;S;F;5064;NEP
059540020020-5724;059540020020;100mN31485E41414;S;NA;1;83;D;M;75XX;EMP
059540020020-5725;059540020020;100mN31481E41405;S;NA;1;53;S;F;5064;NEP
059540020020-5726;059540020020;100mN31485E41414;MC;OS;2;86;M;M;75XX;EMP
059540020020-5726;059540020020;100mN31485E41414;MC;OS;2;80;M;F;75XX;NEP
059540020020-5727;059540020020;100mN31498E41436;S;OS;1;73;D;M;6574;NEP
059540020020-5728;059540020020;100mN31468E41421;PO;NA;2;60;S;F;5064;NEP
059540020020-5728;059540020020;100mN31468E41421;PO;NA;2;62;S;F;5064;EMP
059540020020-5729;059540020020;100mN31481E41399;S;NA;1;57;D;M;5064;EMP
059540020020-5730;059540020020;100mN31462E41431;SM;NA;2;66;S;M;6574;EMP
059540020020-5730;059540020020;100mN31462E41431;SM;NA;2;34;S;F;3039;NEP
059540020020-5731;059540020020;100mN31500E41432;S;NA;1;47;M;M;4049;EMP
059540020020-5732;059540020020;100mN31490E41422;MC;NA;3;47;M;F;4049;EMP
059540020020-5732;059540020020;100mN31490E41422;MC;NA;3;47;M;M;4049;UEP
059540020020-5732;059540020020;100mN31490E41422;MC;NA;3;16;S;F;1517;NEP
059540020020-5733;059540020020;100mN31498E41418;MC;MIX;2;72;M;M;6574;EMP
059540020020-5733;059540020020;100mN31498E41418;MC;MIX;2;7;S;F;0614;NEP
059540020020-5734;059540020020;100mN31490E41422;S;NA;1;52;M;F;5064;EMP
059540020020-5735;059540020020;100mN31490E41422;S;NA;1;30;M;F;3039;NEP
059540020020-5736;059540020020;100mN31490E41422;S;OS;1;61;M;M;5064;EMP
059540020020-5737;059540020020;100mN31472E41430;S;NA;1;46;W;F;4049;NEP
059540020020-5738;059540020020;100mN31484E41414;MC;NA;2;47;M;F;4049;EMP
059540020020-5738;059540020020;100mN31484E41414;MC;NA;2;52;M;M;5064;EMP
059540020020-5739;059540020020;100mN31490E41422;MC;NA;2;22;M;F;1824;NEP
059540020020-5739;059540020020;100mN31490E41422;MC;NA;2;25;M;M;2529;EMP
059540020020-5740;059540020020;100mN31479E41400;MC;MIX;3;71;D;F;6574;NEP
059540020020-5740;059540020020;100mN31479E41400;MC;MIX;3;41;M;F;4049;NEP
059540020020-5740;059540020020;100mN31479E41400;MC;MIX;3;41;M;M;4049;EMP
059540020020-5741;059540020020;100mN31490E41422;MC;NA;2;61;M;M;5064;EMP
059540020020-5741;059540020020;100mN31490E41422;MC;NA;2;60;M;F;5064;NEP
059540020020-5742;059540020020;100mN31500E41433;MC;MIX;2;68;M;M;6574;EMP
059540020020-5742;059540020020;100mN31500E41433;MC;MIX;2;59;S;M;5064;NEP
059540020020-5743;059540020020;100mN31491E41417;PO;NA;2;35;S;F;3039;NEP
059540020020-5743;059540020020;100mN31491E41417;PO;NA;2;43;S;F;4049;EMP
059540020020-5744;059540020020;100mN31490E41422;MC;NA;2;40;M;M;4049;NEP
059540020020-5744;059540020020;100mN31490E41422;MC;NA;2;40;M;F;4049;NEP
059540020020-5745;059540020020;100mN31490E41422;S;NA;1;59;M;F;5064;EMP
059540020020-5746;059540020020;100mN31497E41415;MC;OS;5;65;M;M;6574;NEP
059540020020-5746;059540020020;100mN31497E41415;MC;OS;5;68;M;F;6574;EMP
059540020020-5746;059540020020;100mN31497E41415;MC;OS;5;69;W;F;6574;NEP
059540020020-5746;059540020020;100mN31497E41415;MC;OS;5;80;S;F;75XX;NEP
059540020020-5746;059540020020;100mN31497E41415;MC;OS;5;69;S;F;6574;EMP
059540020020-5747;059540020020;100mN31490E41422;MC;NA;2;26;M;M;2529;EMP
059540020020-5747;059540020020;100mN31490E41422;MC;NA;2;25;M;F;2529;NEP
059540020020-5748;059540020020;100mN31490E41422;S;NA;1;84;W;F;75XX;EMP
059540020020-5749;059540020020;100mN31490E41422;MC;OS;2;66;M;F;6574;NEP
059540020020-5749;059540020020;100mN31490E41422;MC;OS;2;69;M;M;6574;NEP
059540020020-5750;059540020020;100mN31490E41422;S;NA;1;32;D;M;3039;EMP
059540020020-5751;059540020020;100mN31490E41422;S;NA;1;32;S;M;3039;EMP
059540020020-5752;059540020020;100mN31490E41422;PO;NA;2;40;S;F;4049;EMP
059540020020-5752;059540020020;100mN31490E41422;PO;NA;2;47;S;M;4049;NEP
059540020020-5753;059540020020;100mN31490E41422;PO;NA;6;54;S;F;5064;EMP
059540020020-5753;059540020020;100mN31490E41422;PO;NA;6;55;S;F;5064;EMP
059540020020-5753;059540020020;100mN31490E41422;PO;NA;6;22;M;F;1824;NEP
059540020020-5753;059540020020;100mN31490E41422;PO;NA;6;4;S;F;0305;NEP
059540020020-5753;059540020020;100mN31490E41422;PO;NA;6;26;M;F;2529;EMP
059540020020-5753;059540020020;100mN31490E41422;PO;NA;6;3;S;M;0305;NEP
059540020020-5754;059540020020;100mN31490E41439;S;NA;1;63;M;M;5064;EMP
059540020020-5755;059540020020;100mN31490E41422;S;NA;1;40;S;M;4049;EMP
059540020020-5756;059540020020;100mN31465E41420;S;NA;1;73;S;M;6574;NEP
059540020020-5757;059540020020;100mN31465E41420;S;NA;1;51;W;F;5064;EMP
059540020020-5758;059540020020;100mN31472E41431;S;NA;1;77;M;F;75XX;NEP
059540020020-5759;059540020020;100mN31465E41420;MC;MIX;3;70;M;M;6574;EMP
059540020020-5759;059540020020;100mN31465E41420;MC;MIX;3;26;M;F;2529;NEP
059540020020-5759;059540020020;100mN31465E41420;MC;MIX;3;26;M;M;2529;EMP
059540020020-5760;059540020020;100mN31465E41420;S;NA;1;70;W;F;6574;NEP
059540020020-5761;059540020020;100mN31465E41420;S;NA;1;41;D;M;4049;EMP
059540020020-5762;059540020020;100mN31465E41420;S;NA;1;61;M;M;5064;EMP
059540020020-5763;059540020020;100mN31465E41420;SF;NA;3;41;W;F;4049;NEP
059540020020-5763;059540020020;100mN31465E41420;SF;NA;3;16;S;F;1517;NEP
059540020020-5763;059540020020;100mN31465E41420;SF;NA;3;1;S;F;0003;NEP
059540020020-5764;059540020020;100mN31465E41420;S;NA;1;88;D;M;75XX;NEP
059540020020-5765;059540020020;100mN31471E41424;MC;MIX;3;85;M;F;75XX;NEP
059540020020-5765;059540020020;100mN31471E41424;MC;MIX;3;38;M;M;3039;UEP
059540020020-5765;059540020020;100mN31471E41424;MC;MIX;3;34;M;F;3039;EMP
059540020020-5766;059540020020;100mN31481E41405;MC;MIX;3;69;M;F;6574;NEP
059540020020-5766;059540020020;100mN31481E41405;MC;MIX;3;51;M;M;5064;EMP
059540020020-5766;059540020020;100mN31481E41405;MC;MIX;3;44;M;F;4049;NEP
059540020020-5767;059540020020;100mN31471E41421;S;OS;1;66;S;M;6574;EMP
059540020020-5768;059540020020;100mN31465E41420;MC;NA;2;48;M;M;4049;NEP
059540020020-5768;059540020020;100mN31465E41420;MC;NA;2;42;M;F;4049;NEP
059540020020-5769;059540020020;100mN31465E41420;S;OS;1;38;S;F;3039;NEP
059540020020-5770;059540020020;100mN31465E41420;MC;NA;2;18;M;M;1824;EMP
059540020020-5770;059540020020;100mN31465E41420;MC;NA;2;18;M;F;1824;EMP
059540020020-5771;059540020020;100mN31465E41420;MC;OS;2;73;M;F;6574;EMP
059540020020-5771;059540020020;100mN31465E41420;MC;OS;2;73;M;M;6574;EMP
059540020020-5772;059540020020;100mN31465E41420;S;OS;1;52;M;F;5064;EMP
059540020020-5773;059540020020;100mN31465E41420;MC;OS;3;80;M;M;75XX;UEP
059540020020-5773;059540020020;100mN31465E41420;MC;OS;3;75;M;F;75XX;EMP
059540020020-5773;059540020020;100mN31465E41420;MC;OS;3;73;M;F;6574;EMP
059540020020-5774;059540020020;100mN31481E41407;MC;NA;2;33;M;M;3039;EMP
059540020020-5774;059540020020;100mN31481E41407;MC;NA;2;25;M;F;2529;NEP
059540020020-5775;059540020020;100mN31465E41420;S;NA;1;62;S;M;5064;NEP
059540020020-5776;059540020020;100mN31462E41428;MC;OS;2;73;M;M;6574;EMP
059540020020-5776;059540020020;100mN31462E41428;MC;OS;2;71;M;F;6574;NEP
059540020020-5777;059540020020;100mN31485E41404;S;OS;1;56;D;M;5064;NEP
059540020020-5778;059540020020;100mN31493E41418;MC;NA;3;56;M;M;5064;EMP
059540020020-5778;059540020020;100mN31493E41418;MC;NA;3;63;M;F;5064;NEP
059540020020-5778;059540020020;100mN31493E41418;MC;NA;3;8;S;M;0614;NEP
059540020020-5779;059540020020;100mN31464E41420;S;OS;1;66;D;F;6574;EMP
059540020020-5780;059540020020;100mN31486E41412;MC;OS;2;82;M;M;75XX;EMP
059540020020-5780;059540020020;100mN31486E41412;MC;OS;2;48;W;F;4049;EMP
059540020020-5781;059540020020;100mN31465E41420;PO;NA;2;53;S;M;5064;EMP
059540020020-5781;059540020020;100mN31465E41420;PO;NA;2;58;S;M;5064;NEP
059540020020-5782;059540020020;100mN31465E41420;S;OS;1;54;S;F;5064;NEP
059540020020-5783;059540020020;100mN31471E41431;SF;NA;3;45;W;F;4049;NEP
059540020020-5783;059540020020;100mN31471E41431;SF;NA;3;12;S;F;0614;NEP
059540020020-5783;059540020020;100mN31471E41431;SF;NA;3;13;S;F;0614;NEP
059540020020-5784;059540020020;100mN31471E41421;S;OS;1;36;D;F;3039;EMP
059540020020-5785;059540020020;100mN31465E41420;SF;NA;2;87;S;F;75XX;EMP
059540020020-5785;059540020020;100mN31465E41420;SF;NA;2;7;S;M;0614;NEP
059540020020-5786;059540020020;100mN31473E41423;S;NA;1;53;D;F;5064;NEP
059540020020-5787;059540020020;100mN31465E41420;MC;NA;2;22;M;M;1824;EMP
059540020020-5787;059540020020;100mN31465E41420;MC;NA;2;22;M;F;1824;EMP
059540020020-5788;059540020020;100mN31463E41429;PO;OS;2;72;S;F;6574;NEP
059540020020-5788;059540020020;100mN31463E41429;PO;OS;2;73;S;F;6574;NEP
059540020020-5789;059540020020;100mN31473E41431;S;NA;1;47;M;M;4049;NEP
059540020020-5790;059540020020;100mN31496E41443;S;OS;1;67;D;F;6574;NEP
059540020020-5791;059540020020;100mN31496E41443;MC;NA;3;47;M;F;4049;EMP
059540020020-5791;059540020020;100mN31496E41443;MC;NA;3;50;M;M;5064;EMP
059540020020-5791;059540020020;100mN31496E41443;MC;NA;3;0;S;F;0003;NEP
059540020020-5792;059540020020;100mN31481E41414;SF;NA;4;54;W;F;5064;NEP
059540020020-5792;059540020020;100mN31481E41414;SF;NA;4;10;S;M;0614;NEP
059540020020-5792;059540020020;100mN31481E41414;SF;NA;4;8;S;F;0614;NEP
059540020020-5792;059540020020;100mN31481E41414;SF;NA;4;6;S;M;0614;NEP
059540020020-5793;059540020020;100mN31482E41398;S;NA;1;54;S;M;5064;EMP
059540020020-5794;059540020020;100mN31496E41443;MC;MIX;3;73;M;F;6574;NEP
059540020020-5794;059540020020;100mN31496E41443;MC;MIX;3;27;M;M;2529;NEP
059540020020-5794;059540020020;100mN31496E41443;MC;MIX;3;26;M;F;2529;EMP
059540020020-5795;059540020020;100mN31496E41443;MC;NA;3;42;M;M;4049;EMP
059540020020-5795;059540020020;100mN31496E41443;MC;NA;3;41;M;F;4049;EMP
059540020020-5795;059540020020;100mN31496E41443;MC;NA;3;6;S;F;0614;NEP
059540020020-5796;059540020020;100mN31464E41430;S;NA;1;16;S;F;1517;EMP
059540020020-5797;059540020020;100mN31500E41421;MC;MIX;3;70;D;M;6574;NEP
059540020020-5797;059540020020;100mN31500E41421;MC;MIX;3;31;M;F;3039;NEP
059540020020-5797;059540020020;100mN31500E41421;MC;MIX;3;33;M;M;3039;EMP
059540020020-5798;059540020020;100mN31471E41433;MC;NA;2;58;M;M;5064;EMP
059540020020-5798;059540020020;100mN31471E41433;MC;NA;2;52;M;F;5064;NEP
059540020020-5799;059540020020;100mN31471E41433;S;OS;1;22;D;M;1824;NEP
059540020020-5800;059540020020;100mN31491E41412;SM;NA;3;26;S;M;2529;NEP
059540020020-5800;059540020020;100mN31491E41412;SM;NA;3;0;S;M;0003;NEP
059540020020-5800;059540020020;100mN31491E41412;SM;NA;3;1;S;M;0003;NEP
059540020020-5801;059540020020;100mN31481E41399;S;NA;1;57;D;M;5064;EMP
059540020020-5802;059540020020;100mN31491E41412;S;OS;1;33;S;F;3039;NEP
059540020020-5803;059540020020;100mN31491E41412;MC;OS;4;67;M;M;6574;EMP
059540020020-5803;059540020020;100mN31491E41412;MC;OS;4;69;M;F;6574;NEP
059540020020-5803;059540020020;100mN31491E41412;MC;OS;4;80;S;M;75XX;EMP
059540020020-5803;059540020020;100mN31491E41412;MC;OS;4;80;M;M;75XX;EMP
059540020020-5804;059540020020;100mN31462E41429;S;NA;1;45;S;F;4049;EMP
059540020020-5805;059540020020;100mN31499E41431;MC;MIX;2;77;M;F;75XX;NEP
059540020020-5805;059540020020;100mN31499E41431;MC;MIX;2;52;W;F;5064;EMP
059540020020-5806;059540020020;100mN31489E41395;S;NA;1;37;W;F;3039;NEP
059540020020-5807;059540020020;100mN31489E41395;SF;MIX;2;70;S;F;6574;NEP
059540020020-5807;059540020020;100mN31489E41395;SF;MIX;2;33;M;F;3039;NEP
059540020020-5808;059540020020;100mN31489E41395;MC;OS;3;88;M;M;75XX;NEP
059540020020-5808;059540020020;100mN31489E41395;MC;OS;3;35;M;F;3039;NEP
059540020020-5808;059540020020;100mN31489E41395;MC;OS;3;71;M;F;6574;EMP
059540020020-5809;059540020020;100mN31481E41413;MC;NA;2;27;M;M;2529;EMP
059540020020-5809;059540020020;100mN31481E41413;MC;NA;2;27;M;F;2529;EMP
059540020020-5810;059540020020;100mN31467E41429;MC;NA;3;56;M;F;5064;NEP
059540020020-5810;059540020020;100mN31467E41429;MC;NA;3;69;D;M;6574;EMP
059540020020-5810;059540020020;100mN31467E41429;MC;NA;3;36;M;F;3039;EMP
059540020020-5811;059540020020;100mN31489E41396;S;NA;1;45;D;F;4049;NEP
059540020020-5812;059540020020;100mN31463E41423;S;OS;1;16;S;F;1517;NEP
059540020020-5813;059540020020;100mN31489E41396;PO;OS;2;70;S;F;6574;EMP
059540020020-5813;059540020020;100mN31489E41396;PO;OS;2;72;S;M;6574;EMP
059540020020-5814;059540020020;100mN31483E41413;S;OS;1;43;S;M;4049;EMP
059540020020-5815;059540020020;100mN31481E41414;MC;OS;2;73;M;M;6574;EMP
059540020020-5815;059540020020;100mN31481E41414;MC;OS;2;71;M;F;6574;NEP
059540020020-5816;059540020020;100mN31502E41443;S;NA;1;72;S;M;6574;EMP
059540020020-5817;059540020020;100mN31502E41443;S;NA;1;80;M;M;75XX;EMP
059540020020-5818;059540020020;100mN31484E41415;S;NA;1;22;S;F;1824;NEP
059540020020-5819;059540020020;100mN31490E41418;S;NA;1;66;M;F;6574;NEP
059540020020-5820;059540020020;100mN31480E41404;MC;NA;2;63;M;M;5064;NEP
059540020020-5820;059540020020;100mN31480E41404;MC;NA;2;55;M;F;5064;NEP
059540020020-5821;059540020020;100mN31461E41421;MC;NA;2;50;M;M;5064;NEP
059540020020-5821;059540020020;100mN31461E41421;MC;NA;2;59;M;F;5064;EMP
059540020020-5822;059540020020;100mN31490E41418;MC;NA;4;53;M;F;5064;EMP
059540020020-5822;059540020020;100mN31490E41418;MC;NA;4;59;M;M;5064;EMP
059540020020-5822;059540020020;100mN31490E41418;MC;NA;4;12;S;M;0614;NEP
059540020020-5822;059540020020;100mN31490E41418;MC;NA;4;10;S;F;0614;NEP
059540020020-5823;059540020020;100mN31490E41418;MC;NA;3;54;M;F;5064;NEP
059540020020-5823;059540020020;100mN31490E41418;MC;NA;3;57;M;M;5064;NEP
059540020020-5823;059540020020;100mN31490E41418;MC;NA;3;9;S;F;0614;NEP
059540020020-5824;059540020020;100mN31464E41424;MC;OS;2;79;M;F;75XX;EMP
059540020020-5824;059540020020;100mN31464E41424;MC;OS;2;81;M;M;75XX;EMP
059540020020-5825;059540020020;100mN31490E41418;MC;NA;2;37;M;F;3039;NEP
059540020020-5825;059540020020;100mN31490E41418;MC;NA;2;34;M;M;3039;NEP
059540020020-5826;059540020020;100mN31463E41419;MC;MIX;4;82;S;M;75XX;NEP
059540020020-5826;059540020020;100mN31463E41419;MC;MIX;4;61;M;M;5064;EMP
059540020020-5826;059540020020;100mN31463E41419;MC;MIX;4;35;M;F;3039;NEP
059540020020-5826;059540020020;100mN31463E41419;MC;MIX;4;42;D;M;4049;NEP
059540020020-5827;059540020020;100mN31490E41418;MC;NA;4;63;M;M;5064;EMP
059540020020-5827;059540020020;100mN31490E41418;MC;NA;4;55;M;F;5064;EMP
059540020020-5827;059540020020;100mN31490E41418;MC;NA;4;8;S;M;0614;NEP
059540020020-5827;059540020020;100mN31490E41418;MC;NA;4;16;S;M;1517;EMP
059540020020-5828;059540020020;100mN31490E41418;MC;MIX;3;68;D;F;6574;NEP
059540020020-5828;059540020020;100mN31490E41418;MC;MIX;3;43;M;M;4049;EMP
059540020020-5828;059540020020;100mN31490E41418;MC;MIX;3;42;M;F;4049;EMP
059540020020-5829;059540020020;100mN31491E41399;MC;NA;2;42;M;M;4049;NEP
059540020020-5829;059540020020;100mN31491E41399;MC;NA;2;33;M;F;3039;NEP
059540020020-5830;059540020020;100mN31490E41418;S;NA;1;44;M;M;4049;EMP
059540020020-5831;059540020020;100mN31490E41418;S;NA;1;46;S;F;4049;EMP
059540020020-5832;059540020020;100mN31485E41411;MC;NA;2;50;M;F;5064;NEP
059540020020-5832;059540020020;100mN31485E41411;MC;NA;2;56;M;M;5064;EMP
059540020020-5833;059540020020;100mN31490E41418;MC;NA;2;46;M;M;4049;EMP
059540020020-5833;059540020020;100mN31490E41418;MC;NA;2;18;M;F;1824;NEP
059540020020-5834;059540020020;100mN31490E41418;MC;NA;2;60;M;F;5064;EMP
059540020020-5834;059540020020;100mN31490E41418;MC;NA;2;60;M;M;5064;UEP
059540020020-5835;059540020020;100mN31490E41418;S;OS;1;53;S;M;5064;EMP
059540020020-5836;059540020020;100mN31490E41418;S;NA;1;60;S;F;5064;EMP
059540020020-5837;059540020020;100mN31490E41418;MC;NA;2;61;M;M;5064;NEP
059540020020-5837;059540020020;100mN31490E41418;MC;NA;2;34;M;F;3039;EMP
059540020020-5838;059540020020;100mN31473E41426;S;NA;1;81;S;F;75XX;NEP
059540020020-5839;059540020020;100mN31480E41408;NA;NA;4;54;S;F;5064;EMP
059540020020-5839;059540020020;100mN31480E41408;NA;NA;4;23;W;M;1824;NEP
059540020020-5839;059540020020;100mN31480E41408;NA;NA;4;26;M;F;2529;NEP
059540020020-5839;059540020020;100mN31480E41408;NA;NA;4;40;M;M;4049;EMP
059540020020-5840;059540020020;100mN31480E41404;MC;NA;2;61;M;M;5064;NEP
059540020020-5840;059540020020;100mN31480E41404;MC;NA;2;59;M;F;5064;EMP
059540020020-5841;059540020020;100mN31491E41428;S;NA;1;69;M;F;6574;EMP
059540020020-5842;059540020020;100mN31473E41424;S;OS;1;41;S;M;4049;NEP
059540020020-5843;059540020020;100mN31490E41418;S;NA;1;38;M;M;3039;NEP
059540020020-5844;059540020020;100mN31463E41423;MC;OS;2;73;M;M;6574;EMP
059540020020-5844;059540020020;100mN31463E41423;MC;OS;2;69;M;F;6574;EMP
059540020020-5845;059540020020;100mN31490E41418;MC;OS;2;65;M;M;6574;EMP
059540020020-5845;059540020020;100mN31490E41418;MC;OS;2;82;M;F;75XX;EMP
059540020020-5846;059540020020;100mN31499E41431;S;NA;1;20;S;F;1824;NEP
059540020020-5847;059540020020;100mN31475E41422;MC;NA;2;60;M;M;5064;NEP
059540020020-5847;059540020020;100mN31475E41422;MC;NA;2;58;M;F;5064;NEP
059540020020-5848;059540020020;100mN31490E41418;S;NA;1;55;S;M;5064;NEP
059540020020-5849;059540020020;100mN31481E41413;MC;OS;2;86;M;F;75XX;EMP
059540020020-5849;059540020020;100mN31481E41413;MC;OS;2;67;M;F;6574;EMP
059540020020-5850;059540020020;100mN31472E41423;MC;NA;3;38;M;F;3039;NEP
059540020020-5850;059540020020;100mN31472E41423;MC;NA;3;35;M;M;3039;EMP
059540020020-5850;059540020020;100mN31472E41423;MC;NA;3;11;S;M;0614;NEP
059540020020-5851;059540020020;100mN31500E41447;MC;NA;3;36;M;F;3039;EMP
059540020020-5851;059540020020;100mN31500E41447;MC;NA;3;36;M;M;3039;NEP
059540020020-5851;059540020020;100mN31500E41447;MC;NA;3;4;S;M;0305;NEP
059540020020-5852;059540020020;100mN31472E41423;MC;NA;3;40;M;F;4049;EMP
059540020020-5852;059540020020;100mN31472E41423;MC;NA;3;42;M;M;4049;EMP
059540020020-5852;059540020020;100mN31472E41423;MC;NA;3;18;S;M;1824;EMP
059540020020-5853;059540020020;100mN31472E41423;S;OS;1;53;D;M;5064;EMP
059540020020-5854;059540020020;100mN31472E41423;S;NA;1;43;W;F;4049;EMP
059540020020-5855;059540020020;100mN31479E41405;S;OS;1;48;S;M;4049;UEP
059540020020-5856;059540020020;100mN31481E41410;S;OS;1;54;S;F;5064;NEP
059540020020-5857;059540020020;100mN31472E41423;MC;NA;4;60;M;F;5064;EMP
059540020020-5857;059540020020;100mN31472E41423;MC;NA;4;62;M;M;5064;EMP
059540020020-5857;059540020020;100mN31472E41423;MC;NA;4;9;S;F;0614;NEP
059540020020-5857;059540020020;100mN31472E41423;MC;NA;4;44;M;F;4049;EMP
059540020020-5858;059540020020;100mN31489E41445;S;OS;1;45;M;M;4049;EMP
059540020020-5859;059540020020;100mN31472E41423;MC;OS;4;76;M;F;75XX;NEP
059540020020-5859;059540020020;100mN31472E41423;MC;OS;4;68;M;M;6574;NEP
059540020020-5859;059540020020;100mN31472E41423;MC;OS;4;71;S;F;6574;NEP
059540020020-5859;059540020020;100mN31472E41423;MC;OS;4;65;W;F;6574;EMP
059540020020-5860;059540020020;100mN31467E41422;MC;OS;2;68;M;F;6574;NEP
059540020020-5860;059540020020;100mN31467E41422;MC;OS;2;70;M;M;6574;EMP
059540020020-5861;059540020020;100mN31490E41397;MC;MIX;2;80;M;M;75XX;EMP
059540020020-5861;059540020020;100mN31490E41397;MC;MIX;2;56;S;M;5064;NEP
059540020020-5862;059540020020;100mN31486E41412;MC;OS;2;82;M;M;75XX;EMP
059540020020-5862;059540020020;100mN31486E41412;MC;OS;2;48;W;F;4049;EMP
059540020020-5863;059540020020;100mN31500E41445;SM;NA;4;55;S;M;5064;NEP
059540020020-5863;059540020020;100mN31500E41445;SM;NA;4;28;S;F;2529;NEP
059540020020-5863;059540020020;100mN31500E41445;SM;NA;4;4;S;F;0305;NEP
059540020020-5863;059540020020;100mN31500E41445;SM;NA;4;12;S;F;0614;NEP
059540020020-5864;059540020020;100mN31464E41420;MC;NA;3;53;M;M;5064;NEP
059540020020-5864;059540020020;100mN31464E41420;MC;NA;3;44;M;F;4049;EMP
059540020020-5864;059540020020;100mN31464E41420;MC;NA;3;11;S;F;0614;NEP
059540020020-5865;059540020020;100mN31472E41423;S;OS;1;62;M;M;5064;EMP
059540020020-5866;059540020020;100mN31472E41423;S;NA;1;31;M;F;3039;NEP
059540020020-5867;059540020020;100mN31472E41423;MC;MIX;4;66;M;F;6574;EMP
059540020020-5867;059540020020;100mN31472E41423;MC;MIX;4;41;M;F;4049;EMP
059540020020-5867;059540020020;100mN31472E41423;MC;MIX;4;63;M;M;5064;NEP
059540020020-5867;059540020020;100mN31472E41423;MC;MIX;4;8;S;F;0614;NEP
059540020020-5868;059540020020;100mN31472E41423;MC;OS;3;72;M;F;6574;NEP
059540020020-5868;059540020020;100mN31472E41423;MC;OS;3;78;M;M;75XX;NEP
059540020020-5868;059540020020;100mN31472E41423;MC;OS;3;71;W;F;6574;NEP
059540020020-5869;059540020020;100mN31472E41423;MC;MIX;4;69;M;F;6574;EMP
059540020020-5869;059540020020;100mN31472E41423;MC;MIX;4;18;M;F;1824;NEP
059540020020-5869;059540020020;100mN31472E41423;MC;MIX;4;18;M;M;1824;NEP
059540020020-5869;059540020020;100mN31472E41423;MC;MIX;4;1;S;F;0003;NEP
059540020020-5870;059540020020;100mN31481E41414;NA;NA;3;48;M;F;4049;NEP
059540020020-5870;059540020020;100mN31481E41414;NA;NA;3;53;S;M;5064;EMP
059540020020-5870;059540020020;100mN31481E41414;NA;NA;3;41;S;M;4049;EMP
059540020020-5871;059540020020;100mN31480E41413;S;NA;1;73;D;F;6574;EMP
059540020020-5872;059540020020;100mN31472E41423;MC;OS;2;68;M;M;6574;EMP
059540020020-5872;059540020020;100mN31472E41423;MC;OS;2;69;M;F;6574;EMP
059540020020-5873;059540020020;100mN31468E41430;SF;MIX;3;66;M;M;6574;EMP
059540020020-5873;059540020020;100mN31468E41430;SF;MIX;3;82;W;F;75XX;NEP
059540020020-5873;059540020020;100mN31468E41430;SF;MIX;3;4;S;F;0305;NEP
059540020020-5874;059540020020;100mN31472E41423;MC;OS;2;65;M;F;6574;NEP
059540020020-5874;059540020020;100mN31472E41423;MC;OS;2;70;M;M;6574;EMP
059540020020-5875;059540020020;100mN31472E41423;SF;NA;2;42;W;F;4049;NEP
059540020020-5875;059540020020;100mN31472E41423;SF;NA;2;18;M;M;1824;UEP
059540020020-5876;059540020020;100mN31472E41423;MC;NA;4;48;M;F;4049;NEP
059540020020-5876;059540020020;100mN31472E41423;MC;NA;4;51;M;M;5064;NEP
059540020020-5876;059540020020;100mN31472E41423;MC;NA;4;3;S;F;0305;NEP
059540020020-5876;059540020020;100mN31472E41423;MC;NA;4;16;S;F;1517;EMP
059540020020-5877;059540020020;100mN31472E41423;MC;NA;2;59;M;M;5064;EMP
059540020020-5877;059540020020;100mN31472E41423;MC;NA;2;57;M;F;5064;NEP
059540020020-5878;059540020020;100mN31478E41403;MC;MIX;2;80;M;M;75XX;EMP
059540020020-5878;059540020020;100mN31478E41403;MC;MIX;2;43;D;M;4049;NEP
059540020020-5879;059540020020;100mN31472E41423;MC;NA;2;50;M;F;5064;EMP
059540020020-5879;059540020020;100mN31472E41423;MC;NA;2;41;M;M;4049;EMP
059540020020-5880;059540020020;100mN31472E41423;S;OS;1;53;S;M;5064;NEP
059540020020-5881;059540020020;100mN31472E41423;MC;OS;2;70;M;M;6574;NEP
059540020020-5881;059540020020;100mN31472E41423;MC;OS;2;67;M;F;6574;EMP
059540020020-5882;059540020020;100mN31472E41423;PO;NA;5;57;S;F;5064;NEP
059540020020-5882;059540020020;100mN31472E41423;PO;NA;5;61;S;M;5064;EMP
059540020020-5882;059540020020;100mN31472E41423;PO;NA;5;7;S;M;0614;NEP
059540020020-5882;059540020020;100mN31472E41423;PO;NA;5;3;S;M;0305;NEP
059540020020-5882;059540020020;100mN31472E41423;PO;NA;5;9;S;M;0614;NEP
059540020020-5883;059540020020;100mN31472E41423;S;NA;1;43;M;M;4049;EMP
059540020020-5884;059540020020;100mN31481E41407;MC;OS;3;85;M;M;75XX;NEP
059540020020-5884;059540020020;100mN31481E41407;MC;OS;3;80;M;F;75XX;EMP
059540020020-5884;059540020020;100mN31481E41407;MC;OS;3;68;S;M;6574;UEP
059540020020-5885;059540020020;100mN31472E41423;S;OS;1;60;M;F;5064;EMP
059540020020-5886;059540020020;100mN31472E41423;S;NA;1;50;S;M;5064;EMP
059540020020-5887;059540020020;100mN31465E41423;S;NA;1;53;S;M;5064;NEP
059540020020-5888;059540020020;100mN31483E41400;SF;NA;4;43;D;F;4049;EMP
059540020020-5888;059540020020;100mN31483E41400;SF;NA;4;21;D;F;1824;EMP
059540020020-5888;059540020020;100mN31483E41400;SF;NA;4;4;S;M;0305;NEP
059540020020-5888;059540020020;100mN31483E41400;SF;NA;4;8;S;M;0614;NEP
059540020020-5889;059540020020;100mN31471E41422;MC;NA;2;40;M;M;4049;NEP
059540020020-5889;059540020020;100mN31471E41422;MC;NA;2;41;M;F;4049;NEP
059540020020-5890;059540020020;100mN31471E41422;MC;NA;3;46;M;F;4049;EMP
059540020020-5890;059540020020;100mN31471E41422;MC;NA;3;42;M;M;4049;EMP
059540020020-5890;059540020020;100mN31471E41422;MC;NA;3;9;S;M;0614;NEP
059540020020-5891;059540020020;100mN31471E41422;MC;NA;2;36;M;M;3039;NEP
059540020020-5891;059540020020;100mN31471E41422;MC;NA;2;18;M;F;1824;NEP
059540020020-5892;059540020020;100mN31471E41422;S;NA;1;72;M;F;6574;NEP
059540020020-5893;059540020020;100mN31484E41417;S;NA;1;51;S;M;5064;EMP
059540020020-5894;059540020020;100mN31478E41406;MC;NA;2;60;M;F;5064;NEP
059540020020-5894;059540020020;100mN31478E41406;MC;NA;2;9;S;F;0614;NEP
059540020020-5895;059540020020;100mN31471E41422;MC;NA;2;52;M;M;5064;EMP
059540020020-5895;059540020020;100mN31471E41422;MC;NA;2;51;M;F;5064;EMP
059540020020-5896;059540020020;100mN31471E41421;S;NA;1;33;W;M;3039;EMP
059540020020-5897;059540020020;100mN31498E41436;SM;NA;3;16;S;M;1517;EMP
059540020020-5897;059540020020;100mN31498E41436;SM;NA;3;1;S;F;0003;NEP
059540020020-5897;059540020020;100mN31498E41436;SM;NA;3;1;S;M;0003;NEP
059540020020-5898;059540020020;100mN31471E41422;MC;OS;3;73;M;F;6574;EMP
059540020020-5898;059540020020;100mN31471E41422;MC;OS;3;71;M;M;6574;EMP
059540020020-5898;059540020020;100mN31471E41422;MC;OS;3;87;S;M;75XX;EMP
059540020020-5899;059540020020;100mN31471E41422;MC;NA;2;56;M;M;5064;EMP
059540020020-5899;059540020020;100mN31471E41422;MC;NA;2;57;M;F;5064;EMP
059540020020-5900;059540020020;100mN31471E41422;S;NA;1;62;M;F;5064;EMP
059540020020-5901;059540020020;100mN31464E41430;MC;NA;3;63;M;F;5064;NEP
059540020020-5901;059540020020;100mN31464E41430;MC;NA;3;43;D;M;4049;EMP
059540020020-5901;059540020020;100mN31464E41430;MC;NA;3;13;S;M;0614;NEP
059540020020-5902;059540020020;100mN31471E41422;MC;OS;3;87;M;F;75XX;EMP
059540020020-5902;059540020020;100mN31471E41422;MC;OS;3;34;M;M;3039;EMP
059540020020-5902;059540020020;100mN31471E41422;MC;OS;3;79;D;F;75XX;NEP
059540020020-5903;059540020020;100mN31471E41422;MC;NA;2;42;M;F;4049;NEP
059540020020-5903;059540020020;100mN31471E41422;MC;NA;2;46;M;M;4049;NEP
059540020020-5904;059540020020;100mN31489E41419;MC;NA;2;27;M;F;2529;EMP
059540020020-5904;059540020020;100mN31489E41419;MC;NA;2;52;M;M;5064;EMP
059540020020-5905;059540020020;100mN31471E41422;MC;OS;2;82;M;F;75XX;EMP
059540020020-5905;059540020020;100mN31471E41422;MC;OS;2;85;M;M;75XX;EMP
059540020020-5906;059540020020;100mN31472E41432;S;NA;1;67;W;M;6574;EMP
059540020020-5907;059540020020;100mN31471E41422;MC;OS;2;65;M;F;6574;EMP
059540020020-5907;059540020020;100mN31471E41422;MC;OS;2;66;M;M;6574;EMP
059540020020-5908;059540020020;100mN31479E41405;S;NA;1;50;D;F;5064;EMP
059540020020-5909;059540020020;100mN31477E41401;MC;MIX;2;70;M;M;6574;EMP
059540020020-5909;059540020020;100mN31477E41401;MC;MIX;2;80;S;F;75XX;EMP
059540020020-5910;059540020020;100mN31468E41420;MC;NA;3;43;M;F;4049;EMP
059540020020-5910;059540020020;100mN31468E41420;MC;NA;3;41;M;M;4049;EMP
059540020020-5910;059540020020;100mN31468E41420;MC;NA;3;7;S;M;0614;NEP
059540020020-5911;059540020020;100mN31478E41406;S;NA;1;18;M;M;1824;NEP
059540020020-5912;059540020020;100mN31487E41401;S;OS;1;34;M;F;3039;EMP
059540020020-5913;059540020020;100mN31471E41422;S;NA;1;42;M;F;4049;NEP
059540020020-5914;059540020020;100mN31471E41422;MC;NA;6;43;M;M;4049;NEP
059540020020-5914;059540020020;100mN31471E41422;MC;NA;6;41;M;F;4049;NEP
059540020020-5914;059540020020;100mN31471E41422;MC;NA;6;13;S;M;0614;NEP
059540020020-5914;059540020020;100mN31471E41422;MC;NA;6;13;S;M;0614;NEP
059540020020-5914;059540020020;100mN31471E41422;MC;NA;6;1;S;M;0003;NEP
059540020020-5914;059540020020;100mN31471E41422;MC;NA;6;4;S;F;0305;NEP
059540020020-5915;059540020020;100mN31471E41422;MC;NA;3;47;M;M;4049;EMP
059540020020-5915;059540020020;100mN31471E41422;MC;NA;3;45;M;F;4049;EMP
059540020020-5915;059540020020;100mN31471E41422;MC;NA;3;8;S;F;0614;NEP
059540020020-5916;059540020020;100mN31500E41436;MC;NA;2;37;M;F;3039;EMP
059540020020-5916;059540020020;100mN31500E41436;MC;NA;2;40;M;M;4049;EMP
059540020020-5917;059540020020;100mN31471E41422;MC;OS;2;75;M;F;75XX;EMP
059540020020-5917;059540020020;100mN31471E41422;MC;OS;2;76;M;M;75XX;NEP
059540020020-5918;059540020020;100mN31471E41422;MC;MIX;2;65;M;M;6574;EMP
059540020020-5918;059540020020;100mN31471E41422;MC;MIX;2;73;S;F;6574;EMP
059540020020-5919;059540020020;100mN31471E41422;MC;NA;2;19;M;F;1824;EMP
059540020020-5919;059540020020;100mN31471E41422;MC;NA;2;22;M;M;1824;EMP
059540020020-5920;059540020020;100mN31472E41424;MC;MIX;3;78;M;F;75XX;NEP
059540020020-5920;059540020020;100mN31472E41424;MC;MIX;3;32;M;M;3039;EMP
059540020020-5920;059540020020;100mN31472E41424;MC;MIX;3;34;M;F;3039;EMP
059540020020-5921;059540020020;100mN31471E41422;MC;NA;2;32;M;M;3039;NEP
059540020020-5921;059540020020;100mN31471E41422;MC;NA;2;27;M;F;2529;EMP
059540020020-5922;059540020020;100mN31464E41424;MC;NA;4;46;M;F;4049;EMP
059540020020-5922;059540020020;100mN31464E41424;MC;NA;4;37;M;M;3039;NEP
059540020020-5922;059540020020;100mN31464E41424;MC;NA;4;28;M;M;2529;NEP
059540020020-5922;059540020020;100mN31464E41424;MC;NA;4;10;S;F;0614;NEP
059540020020-5923;059540020020;100mN31479E41407;S;NA;1;46;D;M;4049;NEP
059540020020-5924;059540020020;100mN31478E41407;MC;NA;2;33;M;F;3039;NEP
059540020020-5924;059540020020;100mN31478E41407;MC;NA;2;36;M;M;3039;EMP
059540020020-5925;059540020020;100mN31484E41412;PO;NA;2;32;S;M;3039;NEP
059540020020-5925;059540020020;100mN31484E41412;PO;NA;2;35;S;M;3039;EMP
059540020020-5926;059540020020;100mN31463E41419;MC;OS;2;87;M;F;75XX;NEP
059540020020-5926;059540020020;100mN31463E41419;MC;OS;2;72;S;F;6574;NEP
059540020020-5927;059540020020;100mN31471E41422;S;OS;1;19;M;M;1824;EMP
059540020020-5928;059540020020;100mN31471E41422;MC;NA;3;63;M;M;5064;EMP
059540020020-5928;059540020020;100mN31471E41422;MC;NA;3;55;M;F;5064;NEP
059540020020-5928;059540020020;100mN31471E41422;MC;NA;3;46;S;F;4049;NEP
059540020020-5929;059540020020;100mN31471E41422;S;OS;1;47;S;M;4049;EMP
059540020020-5930;059540020020;100mN31471E41422;MC;OS;2;88;M;F;75XX;EMP
059540020020-5930;059540020020;100mN31471E41422;MC;OS;2;47;S;M;4049;NEP
059540020020-5931;059540020020;100mN31471E41422;S;NA;1;32;M;F;3039;NEP
059540020020-5932;059540020020;100mN31471E41422;S;OS;1;41;M;F;4049;EMP
059540020020-5933;059540020020;100mN31471E41422;S;NA;1;41;M;M;4049;EMP
059540020020-5934;059540020020;100mN31483E41404;S;OS;1;46;S;M;4049;EMP
059540020020-5935;059540020020;100mN31496E41439;MC;NA;2;43;M;F;4049;NEP
059540020020-5935;059540020020;100mN31496E41439;MC;NA;2;46;M;M;4049;NEP
059540020020-5936;059540020020;100mN31471E41422;S;NA;1;54;M;F;5064;NEP
059540020020-5937;059540020020;100mN31464E41420;MC;NA;2;62;M;F;5064;NEP
059540020020-5937;059540020020;100mN31464E41420;MC;NA;2;70;M;M;6574;NEP
059540020020-5938;059540020020;100mN31471E41422;MC;NA;3;38;M;F;3039;EMP
059540020020-5938;059540020020;100mN31471E41422;MC;NA;3;45;M;M;4049;EMP
059540020020-5938;059540020020;100mN31471E41422;MC;NA;3;18;S;M;1824;UEP
059540020020-5939;059540020020;100mN31471E41422;S;NA;1;44;M;M;4049;EMP
059540020020-5940;059540020020;100mN31471E41422;MC;OS;4;70;M;M;6574;NEP
059540020020-5940;059540020020;100mN31471E41422;MC;OS;4;69;M;F;6574;NEP
059540020020-5940;059540020020;100mN31471E41422;MC;OS;4;68;S;M;6574;EMP
059540020020-5940;059540020020;100mN31471E41422;MC;OS;4;78;M;F;75XX;EMP
059540020020-5941;059540020020;100mN31471E41422;MC;NA;2;47;M;M;4049;EMP
059540020020-5941;059540020020;100mN31471E41422;MC;NA;2;46;M;F;4049;NEP
059540020020-5942;059540020020;100mN31471E41422;MC;NA;5;63;M;F;5064;NEP
059540020020-5942;059540020020;100mN31471E41422;MC;NA;5;26;S;F;2529;EMP
059540020020-5942;059540020020;100mN31471E41422;MC;NA;5;13;S;F;0614;NEP
059540020020-5942;059540020020;100mN31471E41422;MC;NA;5;10;S;F;0614;NEP
059540020020-5942;059540020020;100mN31471E41422;MC;NA;5;47;S;F;4049;EMP
059540020020-5943;059540020020;100mN31464E41420;PO;NA;2;43;S;F;4049;NEP
059540020020-5943;059540020020;100mN31464E41420;PO;NA;2;45;S;F;4049;NEP
059540020020-5944;059540020020;100mN31484E41428;MC;MIX;5;73;M;F;6574;EMP
059540020020-5944;059540020020;100mN31484E41428;MC;MIX;5;54;M;F;5064;NEP
059540020020-5944;059540020020;100mN31484E41428;MC;MIX;5;57;M;M;5064;EMP
059540020020-5944;059540020020;100mN31484E41428;MC;MIX;5;6;S;M;0614;NEP
059540020020-5944;059540020020;100mN31484E41428;MC;MIX;5;11;S;M;0614;NEP
059540020020-5945;059540020020;100mN31471E41425;MC;NA;2;56;M;F;5064;EMP
059540020020-5945;059540020020;100mN31471E41425;MC;NA;2;57;M;M;5064;NEP
059540020020-5946;059540020020;100mN31474E41423;S;OS;1;65;S;M;6574;EMP
059540020020-5947;059540020020;100mN31471E41422;MC;NA;2;35;M;F;3039;EMP
059540020020-5947;059540020020;100mN31471E41422;MC;NA;2;41;M;M;4049;EMP
059540020020-5948;059540020020;100mN31463E41424;SF;NA;2;28;W;F;2529;EMP
059540020020-5948;059540020020;100mN31463E41424;SF;NA;2;4;S;M;0305;NEP
059540020020-5949;059540020020;100mN31471E41422;MC;NA;3;35;M;F;3039;NEP
059540020020-5949;059540020020;100mN31471E41422;MC;NA;3;33;M;M;3039;NEP
059540020020-5949;059540020020;100mN31471E41422;MC;NA;3;8;S;M;0614;NEP
059540020020-5950;059540020020;100mN31471E41422;S;NA;1;18;M;M;1824;EMP
059540020020-5951;059540020020;100mN31471E41422;SF;MIX;2;81;D;F;75XX;NEP
059540020020-5951;059540020020;100mN31471E41422;SF;MIX;2;47;W;M;4049;NEP
059540020020-5952;059540020020;100mN31471E41422;MC;OS;2;72;M;F;6574;EMP
059540020020-5952;059540020020;100mN31471E41422;MC;OS;2;73;M;M;6574;NEP
059540020020-5953;059540020020;100mN31499E41420;SF;NA;4;57;D;F;5064;EMP
059540020020-5953;059540020020;100mN31499E41420;SF;NA;4;13;S;M;0614;NEP
059540020020-5953;059540020020;100mN31499E41420;SF;NA;4;13;S;F;0614;NEP
059540020020-5953;059540020020;100mN31499E41420;SF;NA;4;9;S;F;0614;NEP
059540020020-5954;059540020020;100mN31493E41405;MC;NA;6;47;M;F;4049;NEP
059540020020-5954;059540020020;100mN31493E41405;MC;NA;6;55;M;M;5064;NEP
059540020020-5954;059540020020;100mN31493E41405;MC;NA;6;16;S;F;1517;EMP
059540020020-5954;059540020020;100mN31493E41405;MC;NA;6;23;D;F;1824;EMP
059540020020-5954;059540020020;100mN31493E41405;MC;NA;6;6;S;M;0614;NEP
059540020020-5954;059540020020;100mN31493E41405;MC;NA;6;15;S;F;1517;NEP
059540020020-5955;059540020020;100mN31499E41420;MC;OS;2;84;M;F;75XX;EMP
059540020020-5955;059540020020;100mN31499E41420;MC;OS;2;86;M;M;75XX;EMP
059540020020-5956;059540020020;100mN31499E41420;MC;OS;3;89;M;F;75XX;NEP
059540020020-5956;059540020020;100mN31499E41420;MC;OS;3;84;M;F;75XX;NEP
059540020020-5956;059540020020;100mN31499E41420;MC;OS;3;66;M;F;6574;NEP
059540020020-5957;059540020020;100mN31491E41429;S;NA;1;88;S;M;75XX;NEP
059540020020-5958;059540020020;100mN31499E41420;MC;OS;2;66;M;M;6574;NEP
059540020020-5958;059540020020;100mN31499E41420;MC;OS;2;82;M;F;75XX;NEP
059540020020-5959;059540020020;100mN31485E41410;MC;MIX;2;70;M;M;6574;NEP
059540020020-5959;059540020020;100mN31485E41410;MC;MIX;2;71;W;M;6574;EMP
059540020020-5960;059540020020;100mN31484E41410;SF;NA;2;50;W;F;5064;EMP
059540020020-5960;059540020020;100mN31484E41410;SF;NA;2;7;S;M;0614;NEP
059540020020-5961;059540020020;100mN31474E41432;MC;NA;3;33;M;F;3039;NEP
059540020020-5961;059540020020;100mN31474E41432;MC;NA;3;35;M;M;3039;EMP
059540020020-5961;059540020020;100mN31474E41432;MC;NA;3;3;S;F;0305;NEP
059540020020-5962;059540020020;100mN31474E41432;MC;NA;2;58;M;F;5064;EMP
059540020020-5962;059540020020;100mN31474E41432;MC;NA;2;53;M;M;5064;EMP
059540020020-5963;059540020020;100mN31474E41432;MC;MIX;2;88;M;M;75XX;EMP
059540020020-5963;059540020020;100mN31474E41432;MC;MIX;2;65;M;M;6574;NEP
059540020020-5964;059540020020;100mN31474E41432;MC;OS;2;73;M;M;6574;EMP
059540020020-5964;059540020020;100mN31474E41432;MC;OS;2;72;M;F;6574;NEP
059540020020-5965;059540020020;100mN31483E41413;S;OS;1;80;M;F;75XX;EMP
059540020020-5966;059540020020;100mN31478E41405;MC;NA;4;55;M;M;5064;NEP
059540020020-5966;059540020020;100mN31478E41405;MC;NA;4;46;M;F;4049;EMP
059540020020-5966;059540020020;100mN31478E41405;MC;NA;4;4;S;F;0305;NEP
059540020020-5966;059540020020;100mN31478E41405;MC;NA;4;16;S;F;1517;NEP
059540020020-5967;059540020020;100mN31462E41431;MC;OS;2;76;M;M;75XX;NEP
059540020020-5967;059540020020;100mN31462E41431;MC;OS;2;83;M;F;75XX;NEP
059540020020-5968;059540020020;100mN31481E41399;S;NA;1;57;D;M;5064;EMP
059540020020-5969;059540020020;100mN31478E41405;S;NA;1;40;M;M;4049;NEP
059540020020-5970;059540020020;100mN31478E41405;S;NA;1;61;M;F;5064;EMP
059540020020-5971;059540020020;100mN31461E41421;SF;NA;2;31;S;F;3039;NEP
059540020020-5971;059540020020;100mN31461E41421;SF;NA;2;11;S;M;0614;NEP
059540020020-5972;059540020020;100mN31467E41421;S;OS;1;62;S;M;5064;EMP
059540020020-5973;059540020020;100mN31478E41405;MC;NA;2;40;M;M;4049;EMP
059540020020-5973;059540020020;100mN31478E41405;MC;NA;2;48;M;F;4049;NEP
059540020020-5974;059540020020;100mN31487E41426;S;NA;1;60;D;F;5064;NEP
059540020020-5975;059540020020;100mN31485E41412;S;OS;1;18;W;M;1824;NEP
059540020020-5976;059540020020;100mN31464E41418;NA;NA;2;52;D;M;5064;EMP
059540020020-5976;059540020020;100mN31464E41418;NA;NA;2;82;M;F;75XX;EMP
059540020020-5977;059540020020;100mN31486E41429;MC;NA;2;54;M;F;5064;NEP
059540020020-5977;059540020020;100mN31486E41429;MC;NA;2;55;M;M;5064;EMP
059540020020-5978;059540020020;100mN31478E41405;MC;OS;4;84;M;M;75XX;EMP
059540020020-5978;059540020020;100mN31478E41405;MC;OS;4;77;M;F;75XX;NEP
059540020020-5978;059540020020;100mN31478E41405;MC;OS;4;65;M;F;6574;NEP
059540020020-5978;059540020020;100mN31478E41405;MC;OS;4;88;D;M;75XX;NEP
059540020020-5979;059540020020;100mN31478E41405;S;NA;1;18;M;M;1824;EMP
059540020020-5980;059540020020;100mN31478E41405;MC;NA;2;61;M;F;5064;NEP
059540020020-5980;059540020020;100mN31478E41405;MC;NA;2;42;S;M;4049;NEP
059540020020-5981;059540020020;100mN31478E41405;MC;NA;3;50;M;M;5064;EMP
059540020020-5981;059540020020;100mN31478E41405;MC;NA;3;48;M;F;4049;NEP
059540020020-5981;059540020020;100mN31478E41405;MC;NA;3;35;M;F;3039;EMP
059540020020-5982;059540020020;100mN31464E41428;MC;NA;2;60;M;M;5064;NEP
059540020020-5982;059540020020;100mN31464E41428;MC;NA;2;54;M;F;5064;EMP
059540020020-5983;059540020020;100mN31473E41424;NA;NA;2;54;M;M;5064;EMP
059540020020-5983;059540020020;100mN31473E41424;NA;NA;2;69;W;F;6574;EMP
059540020020-5984;059540020020;100mN31494E41424;S;OS;1;45;D;F;4049;EMP
059540020020-5985;059540020020;100mN31498E41443;S;OS;1;56;W;M;5064;EMP
059540020020-5986;059540020020;100mN31484E41415;S;NA;1;45;D;F;4049;NEP
059540020020-5987;059540020020;100mN31478E41405;SF;NA;4;45;W;F;4049;EMP
059540020020-5987;059540020020;100mN31478E41405;SF;NA;4;10;S;M;0614;NEP
059540020020-5987;059540020020;100mN31478E41405;SF;NA;4;1;S;M;0003;NEP
059540020020-5987;059540020020;100mN31478E41405;SF;NA;4;16;S;M;1517;EMP
059540020020-5988;059540020020;100mN31486E41428;MC;NA;3;42;M;F;4049;NEP
059540020020-5988;059540020020;100mN31486E41428;MC;NA;3;47;M;M;4049;EMP
059540020020-5988;059540020020;100mN31486E41428;MC;NA;3;7;S;M;0614;NEP
059540020020-5989;059540020020;100mN31478E41405;MC;NA;2;52;M;M;5064;UEP
059540020020-5989;059540020020;100mN31478E41405;MC;NA;2;48;M;F;4049;EMP
059540020020-5990;059540020020;100mN31478E41405;MC;NA;4;44;M;F;4049;EMP
059540020020-5990;059540020020;100mN31478E41405;MC;NA;4;42;M;M;4049;EMP
059540020020-5990;059540020020;100mN31478E41405;MC;NA;4;6;S;M;0614;NEP
059540020020-5990;059540020020;100mN31478E41405;MC;NA;4;9;S;F;0614;NEP
059540020020-5991;059540020020;100mN31478E41405;S;NA;1;19;M;M;1824;NEP
059540020020-5992;059540020020;100mN31478E41405;MC;NA;2;44;M;M;4049;EMP
059540020020-5992;059540020020;100mN31478E41405;MC;NA;2;43;M;F;4049;NEP
059540020020-5993;059540020020;100mN31478E41405;MC;NA;2;20;M;F;1824;EMP
059540020020-5993;059540020020;100mN31478E41405;MC;NA;2;18;M;M;1824;NEP
059540020020-5994;059540020020;100mN31484E41417;MC;NA;4;33;M;F;3039;NEP
059540020020-5994;059540020020;100mN31484E41417;MC;NA;4;28;M;M;2529;NEP
059540020020-5994;059540020020;100mN31484E41417;MC;NA;4;7;S;M;0614;NEP
059540020020-5994;059540020020;100mN31484E41417;MC;NA;4;13;S;F;0614;NEP
059540020020-5995;059540020020;100mN31498E41423;MC;MIX;2;65;M;F;6574;EMP
059540020020-5995;059540020020;100mN31498E41423;MC;MIX;2;45;D;F;4049;EMP
059540020020-5996;059540020020;100mN31478E41405;MC;NA;4;46;M;M;4049;EMP
059540020020-5996;059540020020;100mN31478E41405;MC;NA;4;48;M;F;4049;NEP
059540020020-5996;059540020020;100mN31478E41405;MC;NA;4;8;S;M;0614;NEP
059540020020-5996;059540020020;100mN31478E41405;MC;NA;4;11;S;F;0614;NEP
059540020020-5997;059540020020;100mN31491E41429;MC;NA;2;33;M;F;3039;NEP
059540020020-5997;059540020020;100mN31491E41429;MC;NA;2;28;M;M;2529;EMP
059540020020-5998;059540020020;100mN31490E41426;S;NA;1;27;M;M;2529;EMP
059540020020-5999;059540020020;100mN31491E41415;S;NA;1;53;M;M;5064;NEP
059540020020-6000;059540020020;100mN31484E41409;S;NA;1;43;M;F;4049;NEP
059540020020-6001;059540020020;100mN31464E41429;S;NA;1;43;S;F;4049;EMP
059540020020-6002;059540020020;100mN31464E41426;MC;NA;2;45;M;M;4049;EMP
059540020020-6002;059540020020;100mN31464E41426;MC;NA;2;37;M;F;3039;EMP
059540020020-6003;059540020020;100mN31484E41409;MC;NA;2;43;M;M;4049;EMP
059540020020-6003;059540020020;100mN31484E41409;MC;NA;2;45;M;F;4049;EMP
059540020020-6004;059540020020;100mN31473E41424;MC;NA;3;46;M;F;4049;EMP
059540020020-6004;059540020020;100mN31473E41424;MC;NA;3;50;M;M;5064;NEP
059540020020-6004;059540020020;100mN31473E41424;MC;NA;3;11;S;M;0614;NEP
059540020020-6005;059540020020;100mN31471E41431;SF;NA;3;81;W;F;75XX;NEP
059540020020-6005;059540020020;100mN31471E41431;SF;NA;3;11;S;M;0614;NEP
059540020020-6005;059540020020;100mN31471E41431;SF;NA;3;4;S;M;0305;NEP
059540020020-6006;059540020020;100mN31464E41427;NA;OS;4;19;M;M;1824;NEP
059540020020-6006;059540020020;100mN31464E41427;NA;OS;4;38;M;M;3039;EMP
059540020020-6006;059540020020;100mN31464E41427;NA;OS;4;58;S;M;5064;EMP
059540020020-6006;059540020020;100mN31464E41427;NA;OS;4;59;D;M;5064;EMP
059540020020-6007;059540020020;100mN31484E41409;S;NA;1;54;M;M;5064;EMP
059540020020-6008;059540020020;100mN31491E41420;PO;NA;2;41;S;F;4049;EMP
059540020020-6008;059540020020;100mN31491E41420;PO;NA;2;40;S;F;4049;NEP
059540020020-6009;059540020020;100mN31464E41427;SF;NA;4;70;D;F;6574;NEP
059540020020-6009;059540020020;100mN31464E41427;SF;NA;4;16;S;M;1517;UEP
059540020020-6009;059540020020;100mN31464E41427;SF;NA;4;0;S;F;0003;NEP
059540020020-6009;059540020020;100mN31464E41427;SF;NA;4;12;S;F;0614;NEP
059540020020-6010;059540020020;100mN31484E41409;MC;NA;4;19;M;M;1824;NEP
059540020020-6010;059540020020;100mN31484E41409;MC;NA;4;18;M;F;1824;EMP
059540020020-6010;059540020020;100mN31484E41409;MC;NA;4;1;S;F;0003;NEP
059540020020-6010;059540020020;100mN31484E41409;MC;NA;4;2;S;M;0003;NEP
059540020020-6011;059540020020;100mN31484E41409;MC;MIX;4;87;M;F;75XX;NEP
059540020020-6011;059540020020;100mN31484E41409;MC;MIX;4;28;M;F;2529;NEP
059540020020-6011;059540020020;100mN31484E41409;MC;MIX;4;30;M;M;3039;NEP
059540020020-6011;059540020020;100mN31484E41409;MC;MIX;4;9;S;M;0614;NEP
059540020020-6012;059540020020;100mN31484E41409;MC;NA;2;46;M;F;4049;NEP
059540020020-6012;059540020020;100mN31484E41409;MC;NA;2;50;M;M;5064;NEP
059540020020-6013;059540020020;100mN31484E41409;MC;NA;2;31;M;F;3039;NEP
059540020020-6013;059540020020;100mN31484E41409;MC;NA;2;37;M;M;3039;EMP
059540020020-6014;059540020020;100mN31468E41431;MC;OS;2;65;M;F;6574;NEP
059540020020-6014;059540020020;100mN31468E41431;MC;OS;2;71;M;M;6574;EMP
059540020020-6015;059540020020;100mN31484E41409;MC;NA;2;53;M;F;5064;EMP
059540020020-6015;059540020020;100mN31484E41409;MC;NA;2;62;M;M;5064;EMP
059540020020-6016;059540020020;100mN31478E41401;SF;NA;4;55;W;F;5064;EMP
059540020020-6016;059540020020;100mN31478E41401;SF;NA;4;28;M;M;2529;EMP
059540020020-6016;059540020020;100mN31478E41401;SF;NA;4;9;S;M;0614;NEP
059540020020-6016;059540020020;100mN31478E41401;SF;NA;4;12;S;M;0614;NEP
059540020020-6017;059540020020;100mN31484E41409;MC;NA;2;43;M;F;4049;EMP
059540020020-6017;059540020020;100mN31484E41409;MC;NA;2;43;M;M;4049;EMP
059540020020-6018;059540020020;100mN31484E41409;MC;NA;3;34;M;M;3039;EMP
059540020020-6018;059540020020;100mN31484E41409;MC;NA;3;18;M;F;1824;EMP
059540020020-6018;059540020020;100mN31484E41409;MC;NA;3;16;S;M;1517;EMP
059540020020-6019;059540020020;100mN31484E41409;MC;OS;3;69;M;M;6574;NEP
059540020020-6019;059540020020;100mN31484E41409;MC;OS;3;67;M;F;6574;EMP
059540020020-6019;059540020020;100mN31484E41409;MC;OS;3;73;M;F;6574;EMP
059540020020-6020;059540020020;100mN31484E41409;S;NA;1;47;W;F;4049;EMP
059540020020-6021;059540020020;100mN31484E41409;S;NA;1;61;M;F;5064;NEP
059540020020-6022;059540020020;100mN31484E41409;MC;NA;4;44;M;F;4049;EMP
059540020020-6022;059540020020;100mN31484E41409;MC;NA;4;53;M;M;5064;NEP
059540020020-6022;059540020020;100mN31484E41409;MC;NA;4;9;S;M;0614;NEP
059540020020-6022;059540020020;100mN31484E41409;MC;NA;4;28;M;F;2529;NEP
059540020020-6023;059540020020;100mN31484E41409;MC;NA;4;30;M;F;3039;NEP
059540020020-6023;059540020020;100mN31484E41409;MC;NA;4;31;M;M;3039;NEP
059540020020-6023;059540020020;100mN31484E41409;MC;NA;4;15;S;M;1517;EMP
059540020020-6023;059540020020;100mN31484E41409;MC;NA;4;15;S;F;1517;EMP
059540020020-6024;059540020020;100mN31484E41409;S;OS;1;31;M;M;3039;EMP
059540020020-6025;059540020020;100mN31484E41409;S;NA;1;56;D;F;5064;NEP
059540020020-6026;059540020020;100mN31484E41409;S;OS;1;38;D;M;3039;EMP
059540020020-6027;059540020020;100mN31484E41409;S;NA;1;70;W;F;6574;NEP
059540020020-6028;059540020020;100mN31484E41409;MC;NA;2;59;M;F;5064;NEP
059540020020-6028;059540020020;100mN31484E41409;MC;NA;2;63;M;M;5064;NEP
059540020020-6029;059540020020;100mN31484E41409;S;OS;1;42;S;M;4049;NEP
059540020020-6030;059540020020;100mN31481E41407;MC;OS;3;85;M;M;75XX;NEP
059540020020-6030;059540020020;100mN31481E41407;MC;OS;3;80;M;F;75XX;EMP
059540020020-6030;059540020020;100mN31481E41407;MC;OS;3;68;S;M;6574;UEP
059540020020-6031;059540020020;100mN31484E41409;S;NA;1;62;M;M;5064;NEP
059540020020-6032;059540020020;100mN31479E41407;S;NA;1;41;M;M;4049;EMP
059540020020-6033;059540020020;100mN31484E41409;S;OS;1;41;M;F;4049;EMP
059540020020-6034;059540020020;100mN31484E41409;MC;OS;3;75;M;F;75XX;EMP
059540020020-6034;059540020020;100mN31484E41409;MC;OS;3;76;M;M;75XX;EMP
059540020020-6034;059540020020;100mN31484E41409;MC;OS;3;70;W;F;6574;EMP
059540020020-6035;059540020020;100mN31484E41409;MC;NA;4;40;M;M;4049;EMP
059540020020-6035;059540020020;100mN31484E41409;MC;NA;4;35;M;F;3039;EMP
059540020020-6035;059540020020;100mN31484E41409;MC;NA;4;6;S;M;0614;NEP
059540020020-6035;059540020020;100mN31484E41409;MC;NA;4;10;S;M;0614;NEP
059540020020-6036;059540020020;100mN31462E41429;PO;NA;4;55;S;M;5064;EMP
059540020020-6036;059540020020;100mN31462E41429;PO;NA;4;50;S;M;5064;EMP
059540020020-6036;059540020020;100mN31462E41429;PO;NA;4;22;M;F;1824;NEP
059540020020-6036;059540020020;100mN31462E41429;PO;NA;4;1;S;F;0003;NEP
059540020020-6037;059540020020;100mN31491E41410;S;NA;1;27;M;F;2529;EMP
059540020020-6038;059540020020;100mN31461E41422;MC;NA;2;47;M;M;4049;NEP
059540020020-6038;059540020020;100mN31461E41422;MC;NA;2;41;M;F;4049;NEP
059540020020-6039;059540020020;100mN31468E41425;SM;NA;4;85;S;M;75XX;UEP
059540020020-6039;059540020020;100mN31468E41425;SM;NA;4;11;S;F;0614;NEP
059540020020-6039;059540020020;100mN31468E41425;SM;NA;4;67;D;F;6574;NEP
059540020020-6039;059540020020;100mN31468E41425;SM;NA;4;68;D;M;6574;NEP
059540020020-6040;059540020020;100mN31496E41439;MC;MIX;2;89;M;F;75XX;NEP
059540020020-6040;059540020020;100mN31496E41439;MC;MIX;2;54;S;F;5064;EMP
059540020020-6041;059540020020;100mN31484E41415;S;NA;1;53;S;F;5064;EMP
059540020020-6042;059540020020;100mN31493E41408;MC;MIX;3;78;M;M;75XX;NEP
059540020020-6042;059540020020;100mN31493E41408;MC;MIX;3;57;M;F;5064;EMP
059540020020-6042;059540020020;100mN31493E41408;MC;MIX;3;59;M;M;5064;EMP
059540020020-6043;059540020020;100mN31471E41430;MC;OS;2;85;M;F;75XX;NEP
059540020020-6043;059540020020;100mN31471E41430;MC;OS;2;86;M;M;75XX;EMP
059540020020-6044;059540020020;100mN31499E41431;MC;NA;6;55;M;F;5064;NEP
059540020020-6044;059540020020;100mN31499E41431;MC;NA;6;56;M;M;5064;EMP
059540020020-6044;059540020020;100mN31499E41431;MC;NA;6;7;S;F;0614;NEP
059540020020-6044;059540020020;100mN31499E41431;MC;NA;6;40;M;F;4049;EMP
059540020020-6044;059540020020;100mN31499E41431;MC;NA;6;12;S;F;0614;NEP
059540020020-6044;059540020020;100mN31499E41431;MC;NA;6;0;S;M;0003;NEP
059540020020-6045;059540020020;100mN31461E41422;S;NA;1;60;M;M;5064;EMP
059540020020-6046;059540020020;100mN31461E41422;S;NA;1;46;S;M;4049;NEP
059540020020-6047;059540020020;100mN31468E41430;PO;NA;2;62;S;M;5064;EMP
059540020020-6047;059540020020;100mN31468E41430;PO;NA;2;54;S;F;5064;NEP
059540020020-6048;059540020020;100mN31467E41422;S;OS;1;23;W;F;1824;NEP
059540020020-6049;059540020020;100mN31461E41422;MC;NA;5;51;M;M;5064;NEP
059540020020-6049;059540020020;100mN31461E41422;MC;NA;5;44;M;F;4049;EMP
059540020020-6049;059540020020;100mN31461E41422;MC;NA;5;16;S;M;1517;NEP
059540020020-6049;059540020020;100mN31461E41422;MC;NA;5;0;S;M;0003;NEP
059540020020-6049;059540020020;100mN31461E41422;MC;NA;5;12;S;F;0614;NEP
059540020020-6050;059540020020;100mN31497E41415;S;NA;1;57;D;M;5064;NEP
059540020020-6051;059540020020;100mN31489E41415;PO;NA;2;60;S;F;5064;NEP
059540020020-6051;059540020020;100mN31489E41415;PO;NA;2;59;D;F;5064;EMP
059540020020-6052;059540020020;100mN31464E41429;S;OS;1;19;M;M;1824;EMP
059540020020-6053;059540020020;100mN31479E41407;MC;NA;2;26;M;F;2529;EMP
059540020020-6053;059540020020;100mN31479E41407;MC;NA;2;27;M;M;2529;NEP
059540020020-6054;059540020020;100mN31499E41433;SM;NA;3;23;W;M;1824;EMP
059540020020-6054;059540020020;100mN31499E41433;SM;NA;3;1;S;F;0003;NEP
059540020020-6054;059540020020;100mN31499E41433;SM;NA;3;8;S;F;0614;NEP
059540020020-6055;059540020020;100mN31461E41422;S;NA;1;67;M;M;6574;EMP
059540020020-6056;059540020020;100mN31461E41422;MC;NA;4;41;M;M;4049;EMP
059540020020-6056;059540020020;100mN31461E41422;MC;NA;4;37;M;F;3039;NEP
059540020020-6056;059540020020;100mN31461E41422;MC;NA;4;0;S;F;0003;NEP
059540020020-6056;059540020020;100mN31461E41422;MC;NA;4;0;S;F;0003;NEP
059540020020-6057;059540020020;100mN31461E41422;S;NA;1;48;S;F;4049;EMP
059540020020-6058;059540020020;100mN31487E41438;PO;NA;2;54;S;F;5064;EMP
059540020020-6058;059540020020;100mN31487E41438;PO;NA;2;55;S;F;5064;EMP
059540020020-6059;059540020020;100mN31490E41438;SF;NA;3;34;W;F;3039;NEP
059540020020-6059;059540020020;100mN31490E41438;SF;NA;3;11;S;F;0614;NEP
059540020020-6059;059540020020;100mN31490E41438;SF;NA;3;18;M;M;1824;EMP
059540020020-6060;059540020020;100mN31461E41421;MC;NA;6;38;M;F;3039;EMP
059540020020-6060;059540020020;100mN31461E41421;MC;NA;6;41;M;M;4049;NEP
059540020020-6060;059540020020;100mN31461E41421;MC;NA;6;11;S;F;0614;NEP
059540020020-6060;059540020020;100mN31461E41421;MC;NA;6;11;S;M;0614;NEP
059540020020-6060;059540020020;100mN31461E41421;MC;NA;6;13;S;M;0614;NEP
059540020020-6060;059540020020;100mN31461E41421;MC;NA;6;21;S;M;1824;EMP
059540020020-6061;059540020020;100mN31464E41425;S;OS;1;66;W;F;6574;NEP
059540020020-6062;059540020020;100mN31461E41422;S;OS;1;32;M;F;3039;NEP
059540020020-6063;059540020020;100mN31461E41422;SF;NA;2;67;W;F;6574;EMP
059540020020-6063;059540020020;100mN31461E41422;SF;NA;2;11;S;F;0614;NEP
059540020020-6064;059540020020;100mN31461E41422;SF;NA;4;43;D;F;4049;EMP
059540020020-6064;059540020020;100mN31461E41422;SF;NA;4;6;S;F;0614;NEP
059540020020-6064;059540020020;100mN31461E41422;SF;NA;4;16;S;M;1517;NEP
059540020020-6064;059540020020;100mN31461E41422;SF;NA;4;22;M;M;1824;NEP
059540020020-6065;059540020020;100mN31461E41422;MC;OS;2;69;M;M;6574;EMP
059540020020-6065;059540020020;100mN31461E41422;MC;OS;2;68;M;F;6574;NEP
059540020020-6066;059540020020;100mN31490E41445;MC;OS;4;71;M;F;6574;EMP
059540020020-6066;059540020020;100mN31490E41445;MC;OS;4;69;M;M;6574;NEP
059540020020-6066;059540020020;100mN31490E41445;MC;OS;4;69;S;F;6574;EMP
059540020020-6066;059540020020;100mN31490E41445;MC;OS;4;69;W;F;6574;EMP
059540020020-6067;059540020020;100mN31461E41422;MC;NA;2;59;M;M;5064;UEP
059540020020-6067;059540020020;100mN31461E41422;MC;NA;2;56;M;F;5064;EMP
059540020020-6068;059540020020;100mN31461E41422;SF;NA;2;80;S;F;75XX;NEP
059540020020-6068;059540020020;100mN31461E41422;SF;NA;2;36;W;F;3039;EMP
059540020020-6069;059540020020;100mN31461E41422;S;NA;1;47;M;F;4049;NEP
059540020020-6070;059540020020;100mN31461E41422;SF;NA;2;62;S;F;5064;EMP
059540020020-6070;059540020020;100mN31461E41422;SF;NA;2;16;S;F;1517;EMP
059540020020-6071;059540020020;100mN31461E41422;MC;NA;2;28;M;M;2529;NEP
059540020020-6071;059540020020;100mN31461E41422;MC;NA;2;28;M;F;2529;EMP
059540020020-6072;059540020020;100mN31461E41422;PO;NA;3;42;S;M;4049;EMP
059540020020-6072;059540020020;100mN31461E41422;PO;NA;3;36;S;M;3039;EMP
059540020020-6072;059540020020;100mN31461E41422;PO;NA;3;15;S;F;1517;EMP
059540020020-6073;059540020020;100mN31461E41422;MC;NA;2;25;M;M;2529;EMP
059540020020-6073;059540020020;100mN31461E41422;MC;NA;2;25;M;F;2529;NEP
059540020020-6074;059540020020;100mN31464E41430;MC;NA;2;55;M;M;5064;EMP
059540020020-6074;059540020020;100mN31464E41430;MC;NA;2;53;M;F;5064;EMP
059540020020-6075;059540020020;100mN31489E41421;S;NA;1;38;D;M;3039;EMP
059540020020-6076;059540020020;100mN31461E41422;S;NA;1;60;M;M;5064;EMP
059540020020-6077;059540020020;100mN31464E41418;MC;NA;2;43;M;M;4049;UEP
059540020020-6077;059540020020;100mN31464E41418;MC;NA;2;41;M;F;4049;NEP
059540020020-6078;059540020020;100mN31461E41422;S;NA;1;54;S;M;5064;NEP
059540020020-6079;059540020020;100mN31461E41422;MC;OS;2;88;M;F;75XX;EMP
059540020020-6079;059540020020;100mN31461E41422;MC;OS;2;89;M;M;75XX;NEP
059540020020-6080;059540020020;100mN31486E41411;S;NA;1;47;M;M;4049;EMP
059540020020-6081;059540020020;100mN31485E41394;MC;NA;2;46;M;F;4049;EMP
059540020020-6081;059540020020;100mN31485E41394;MC;NA;2;55;M;M;5064;EMP
059540020020-6082;059540020020;100mN31471E41432;PO;NA;4;57;S;F;5064;EMP
059540020020-6082;059540020020;100mN31471E41432;PO;NA;4;60;S;M;5064;EMP
059540020020-6082;059540020020;100mN31471E41432;PO;NA;4;11;S;F;0614;NEP
059540020020-6082;059540020020;100mN31471E41432;PO;NA;4;37;D;F;3039;EMP
059540020020-6083;059540020020;100mN31473E41421;MC;NA;3;56;M;F;5064;EMP
059540020020-6083;059540020020;100mN31473E41421;MC;NA;3;61;M;M;5064;NEP
059540020020-6083;059540020020;100mN31473E41421;MC;NA;3;9;S;M;0614;NEP
059540020020-6084;059540020020;100mN31480E41413;MC;NA;2;45;M;F;4049;EMP
059540020020-6084;059540020020;100mN31480E41413;MC;NA;2;42;M;M;4049;NEP
059540020020-6085;059540020020;100mN31475E41420;PO;NA;2;21;S;F;1824;EMP
059540020020-6085;059540020020;100mN31475E41420;PO;NA;2;18;S;M;1824;EMP
059540020020-6086;059540020020;100mN31480E41413;S;NA;1;41;M;F;4049;EMP
059540020020-6087;059540020020;100mN31472E41431;S;NA;1;25;M;F;2529;NEP
059540020020-6088;059540020020;100mN31480E41413;MC;NA;2;47;M;M;4049;EMP
059540020020-6088;059540020020;100mN31480E41413;MC;NA;2;42;M;F;4049;EMP
059540020020-6089;059540020020;100mN31489E41409;S;OS;1;78;W;F;75XX;EMP
059540020020-6090;059540020020;100mN31480E41413;MC;NA;2;57;M;M;5064;EMP
059540020020-6090;059540020020;100mN31480E41413;MC;NA;2;54;M;F;5064;NEP
059540020020-6091;059540020020;100mN31481E41410;MC;NA;2;59;M;F;5064;EMP
059540020020-6091;059540020020;100mN31481E41410;MC;NA;2;63;M;M;5064;NEP
059540020020-6092;059540020020;100mN31500E41422;PO;NA;2;59;S;M;5064;EMP
059540020020-6092;059540020020;100mN31500E41422;PO;NA;2;57;S;F;5064;EMP
059540020020-6093;059540020020;100mN31499E41433;PO;NA;6;45;S;M;4049;NEP
059540020020-6093;059540020020;100mN31499E41433;PO;NA;6;42;S;M;4049;EMP
059540020020-6093;059540020020;100mN31499E41433;PO;NA;6;18;W;F;1824;EMP
059540020020-6093;059540020020;100mN31499E41433;PO;NA;6;13;S;M;0614;NEP
059540020020-6093;059540020020;100mN31499E41433;PO;NA;6;30;W;F;3039;EMP
059540020020-6093;059540020020;100mN31499E41433;PO;NA;6;12;S;F;0614;NEP
059540020020-6094;059540020020;100mN31480E41413;PO;NA;2;48;S;F;4049;EMP
059540020020-6094;059540020020;100mN31480E41413;PO;NA;2;46;S;F;4049;EMP
059540020020-6095;059540020020;100mN31463E41419;S;NA;1;57;S;M;5064;NEP
059540020020-6096;059540020020;100mN31463E41431;S;NA;1;66;S;M;6574;EMP
059540020020-6097;059540020020;100mN31483E41413;S;NA;1;44;M;M;4049;EMP
059540020020-6098;059540020020;100mN31480E41413;S;OS;1;65;D;F;6574;NEP
059540020020-6099;059540020020;100mN31472E41431;MC;NA;2;34;M;M;3039;EMP
059540020020-6099;059540020020;100mN31472E41431;MC;NA;2;28;M;F;2529;NEP
059540020020-6100;059540020020;100mN31468E41420;S;NA;1;46;D;F;4049;EMP
059540020020-6101;059540020020;100mN31481E41405;MC;MIX;2;84;M;F;75XX;EMP
059540020020-6101;059540020020;100mN31481E41405;MC;MIX;2;43;S;M;4049;EMP
059540020020-6102;059540020020;100mN31480E41413;S;NA;1;75;M;F;75XX;EMP
059540020020-6103;059540020020;100mN31480E41413;MC;MIX;2;68;M;F;6574;NEP
059540020020-6103;059540020020;100mN31480E41413;MC;MIX;2;52;M;M;5064;NEP
059540020020-6104;059540020020;100mN31480E41413;S;NA;1;31;M;F;3039;EMP
059540020020-6105;059540020020;100mN31480E41413;MC;NA;2;54;M;M;5064;EMP
059540020020-6105;059540020020;100mN31480E41413;MC;NA;2;52;M;F;5064;EMP
059540020020-6106;059540020020;100mN31480E41413;MC;NA;3;47;M;M;4049;NEP
059540020020-6106;059540020020;100mN31480E41413;MC;NA;3;50;M;F;5064;NEP
059540020020-6106;059540020020;100mN31480E41413;MC;NA;3;21;M;M;1824;NEP
059540020020-6107;059540020020;100mN31480E41413;PO;NA;2;21;S;M;1824;EMP
059540020020-6107;059540020020;100mN31480E41413;PO;NA;2;19;S;M;1824;EMP
059540020020-6108;059540020020;100mN31480E41413;S;OS;1;66;M;F;6574;NEP
059540020020-6109;059540020020;100mN31480E41413;PO;OS;2;83;S;F;75XX;NEP
059540020020-6109;059540020020;100mN31480E41413;PO;OS;2;84;S;F;75XX;EMP
059540020020-6110;059540020020;100mN31480E41413;S;NA;1;72;M;M;6574;EMP
059540020020-6111;059540020020;100mN31480E41413;MC;NA;2;43;M;M;4049;EMP
059540020020-6111;059540020020;100mN31480E41413;MC;NA;2;41;M;F;4049;EMP
059540020020-6112;059540020020;100mN31484E41415;S;NA;1;22;S;F;1824;NEP
059540020020-6113;059540020020;100mN31480E41413;MC;NA;4;32;M;M;3039;NEP
059540020020-6113;059540020020;100mN31480E41413;MC;NA;4;28;M;F;2529;EMP
059540020020-6113;059540020020;100mN31480E41413;MC;NA;4;16;S;M;1517;EMP
059540020020-6113;059540020020;100mN31480E41413;MC;NA;4;4;S;F;0305;NEP
059540020020-6114;059540020020;100mN31480E41413;NA;NA;2;16;S;M;1517;EMP
059540020020-6114;059540020020;100mN31480E41413;NA;NA;2;23;M;M;1824;EMP
059540020020-6115;059540020020;100mN31499E41424;MC;OS;2;65;M;M;6574;NEP
059540020020-6115;059540020020;100mN31499E41424;MC;OS;2;69;M;F;6574;NEP
059540020020-6116;059540020020;100mN31483E41413;MC;NA;3;48;M;F;4049;NEP
059540020020-6116;059540020020;100mN31483E41413;MC;NA;3;47;M;M;4049;NEP
059540020020-6116;059540020020;100mN31483E41413;MC;NA;3;6;S;M;0614;NEP
059540020020-6117;059540020020;100mN31480E41413;S;NA;1;27;M;M;2529;EMP
059540020020-6118;059540020020;100mN31480E41413;MC;NA;4;60;M;F;5064;EMP
059540020020-6118;059540020020;100mN31480E41413;MC;NA;4;62;M;M;5064;EMP
059540020020-6118;059540020020;100mN31480E41413;MC;NA;4;8;S;M;0614;NEP
059540020020-6118;059540020020;100mN31480E41413;MC;NA;4;9;S;M;0614;NEP
059540020020-6119;059540020020;100mN31480E41413;SF;NA;2;68;W;F;6574;EMP
059540020020-6119;059540020020;100mN31480E41413;SF;NA;2;52;M;F;5064;EMP
059540020020-6120;059540020020;100mN31480E41413;MC;OS;3;66;M;M;6574;NEP
059540020020-6120;059540020020;100mN31480E41413;MC;OS;3;86;M;F;75XX;NEP
059540020020-6120;059540020020;100mN31480E41413;MC;OS;3;68;M;F;6574;EMP
059540020020-6121;059540020020;100mN31481E41395;S;NA;1;73;W;F;6574;EMP
059540020020-6122;059540020020;100mN31497E41415;MC;NA;2;44;M;F;4049;EMP
059540020020-6122;059540020020;100mN31497E41415;MC;NA;2;47;M;M;4049;EMP
059540020020-6123;059540020020;100mN31480E41413;S;NA;1;71;M;F;6574;NEP
059540020020-6124;059540020020;100mN31480E41413;MC;NA;4;40;M;M;4049;EMP
059540020020-6124;059540020020;100mN31480E41413;MC;NA;4;38;M;F;3039;NEP
059540020020-6124;059540020020;100mN31480E41413;MC;NA;4;12;S;F;0614;NEP
059540020020-6124;059540020020;100mN31480E41413;MC;NA;4;2;S;F;0003;NEP
059540020020-6125;059540020020;100mN31480E41413;S;OS;1;60;W;F;5064;EMP
059540020020-6126;059540020020;100mN31480E41413;S;NA;1;67;M;F;6574;EMP
059540020020-6127;059540020020;100mN31461E41423;S;NA;1;59;M;M;5064;EMP
059540020020-6128;059540020020;100mN31494E41439;S;NA;1;88;D;M;75XX;NEP
059540020020-6129;059540020020;100mN31480E41413;MC;NA;2;51;M;M;5064;EMP
059540020020-6129;059540020020;100mN31480E41413;MC;NA;2;57;M;F;5064;NEP
059540020020-6130;059540020020;100mN31480E41413;S;NA;1;42;M;M;4049;EMP
059540020020-6131;059540020020;100mN31497E41435;S;NA;1;40;W;F;4049;NEP
059540020020-6132;059540020020;100mN31480E41413;S;OS;1;47;M;M;4049;EMP
059540020020-6133;059540020020;100mN31480E41413;S;NA;1;23;D;F;1824;NEP
059540020020-6134;059540020020;100mN31491E41409;S;NA;1;31;M;M;3039;NEP
059540020020-6135;059540020020;100mN31480E41413;S;OS;1;22;S;M;1824;EMP
059540020020-6136;059540020020;100mN31480E41413;S;NA;1;50;D;M;5064;NEP
059540020020-6137;059540020020;100mN31480E41413;MC;NA;3;51;M;F;5064;EMP
059540020020-6137;059540020020;100mN31480E41413;MC;NA;3;46;M;M;4049;EMP
059540020020-6137;059540020020;100mN31480E41413;MC;NA;3;7;S;M;0614;NEP
059540020020-6138;059540020020;100mN31480E41413;SF;NA;2;63;W;F;5064;EMP
059540020020-6138;059540020020;100mN31480E41413;SF;NA;2;35;M;F;3039;NEP
059540020020-6139;059540020020;100mN31480E41413;MC;NA;6;50;M;M;5064;EMP
059540020020-6139;059540020020;100mN31480E41413;MC;NA;6;48;M;F;4049;EMP
059540020020-6139;059540020020;100mN31480E41413;MC;NA;6;9;S;M;0614;NEP
059540020020-6139;059540020020;100mN31480E41413;MC;NA;6;20;M;F;1824;EMP
059540020020-6139;059540020020;100mN31480E41413;MC;NA;6;12;S;M;0614;NEP
059540020020-6139;059540020020;100mN31480E41413;MC;NA;6;25;M;M;2529;NEP
059540020020-6140;059540020020;100mN31485E41411;S;NA;1;54;S;F;5064;EMP
059540020020-6141;059540020020;100mN31480E41413;MC;NA;2;44;M;M;4049;UEP
059540020020-6141;059540020020;100mN31480E41413;MC;NA;2;44;M;F;4049;EMP
059540020020-6142;059540020020;100mN31480E41413;MC;NA;4;53;M;M;5064;NEP
059540020020-6142;059540020020;100mN31480E41413;MC;NA;4;53;M;F;5064;NEP
059540020020-6142;059540020020;100mN31480E41413;MC;NA;4;1;S;F;0003;NEP
059540020020-6142;059540020020;100mN31480E41413;MC;NA;4;15;S;M;1517;NEP
059540020020-6143;059540020020;100mN31480E41413;MC;NA;2;30;M;M;3039;EMP
059540020020-6143;059540020020;100mN31480E41413;MC;NA;2;25;M;F;2529;EMP
059540020020-6144;059540020020;100mN31488E41438;SF;MIX;6;65;D;M;6574;EMP
059540020020-6144;059540020020;100mN31488E41438;SF;MIX;6;65;W;F;6574;NEP
059540020020-6144;059540020020;100mN31488E41438;SF;MIX;6;9;S;M;0614;NEP
059540020020-6144;059540020020;100mN31488E41438;SF;MIX;6;12;S;M;0614;NEP
059540020020-6144;059540020020;100mN31488E41438;SF;MIX;6;7;S;F;0614;NEP
059540020020-6144;059540020020;100mN31488E41438;SF;MIX;6;13;S;M;0614;NEP
059540020020-6145;059540020020;100mN31481E41413;MC;NA;5;34;M;M;3039;EMP
059540020020-6145;059540020020;100mN31481E41413;MC;NA;5;37;M;F;3039;NEP
059540020020-6145;059540020020;100mN31481E41413;MC;NA;5;1;S;M;0003;NEP
059540020020-6145;059540020020;100mN31481E41413;MC;NA;5;6;S;F;0614;NEP
059540020020-6145;059540020020;100mN31481E41413;MC;NA;5;19;D;F;1824;NEP
059540020020-6146;059540020020;100mN31477E41401;S;OS;1;46;M;F;4049;NEP
059540020020-6147;059540020020;100mN31480E41413;MC;NA;2;37;M;F;3039;EMP
059540020020-6147;059540020020;100mN31480E41413;MC;NA;2;42;M;M;4049;UEP
059540020020-6148;059540020020;100mN31480E41413;PO;NA;3;42;S;M;4049;EMP
059540020020-6148;059540020020;100mN31480E41413;PO;NA;3;18;S;F;1824;NEP
059540020020-6148;059540020020;100mN31480E41413;PO;NA;3;10;S;F;0614;NEP
059540020020-6149;059540020020;100mN31480E41413;SF;NA;3;38;S;F;3039;NEP
059540020020-6149;059540020020;100mN31480E41413;SF;NA;3;20;M;F;1824;NEP
059540020020-6149;059540020020;100mN31480E41413;SF;NA;3;7;S;F;0614;NEP
059540020020-6150;059540020020;100mN31461E41423;S;NA;1;34;W;M;3039;EMP
059540020020-6151;059540020020;100mN31480E41413;S;NA;1;73;D;F;6574;EMP
059540020020-6152;059540020020;100mN31488E41427;MC;OS;2;72;M;F;6574;NEP
059540020020-6152;059540020020;100mN31488E41427;MC;OS;2;81;M;M;75XX;EMP
059540020020-6153;059540020020;100mN31480E41413;S;NA;1;23;D;F;1824;NEP
059540020020-6154;059540020020;100mN31480E41413;MC;NA;4;54;M;M;5064;EMP
059540020020-6154;059540020020;100mN31480E41413;MC;NA;4;56;M;F;5064;NEP
059540020020-6154;059540020020;100mN31480E41413;MC;NA;4;22;M;F;1824;NEP
059540020020-6154;059540020020;100mN31480E41413;MC;NA;4;32;S;F;3039;NEP
059540020020-6155;059540020020;100mN31480E41413;MC;NA;4;42;M;F;4049;NEP
059540020020-6155;059540020020;100mN31480E41413;MC;NA;4;48;M;M;4049;NEP
059540020020-6155;059540020020;100mN31480E41413;MC;NA;4;13;S;F;0614;NEP
059540020020-6155;059540020020;100mN31480E41413;MC;NA;4;6;S;F;0614;NEP
059540020020-6156;059540020020;100mN31480E41413;SF;MIX;3;71;M;F;6574;EMP
059540020020-6156;059540020020;100mN31480E41413;SF;MIX;3;42;D;F;4049;EMP
059540020020-6156;059540020020;100mN31480E41413;SF;MIX;3;15;S;F;1517;NEP
059540020020-6157;059540020020;100mN31480E41413;MC;NA;2;43;M;M;4049;NEP
059540020020-6157;059540020020;100mN31480E41413;MC;NA;2;43;M;F;4049;EMP
059540020020-6158;059540020020;100mN31480E41413;MC;NA;4;30;M;F;3039;EMP
059540020020-6158;059540020020;100mN31480E41413;MC;NA;4;32;M;M;3039;EMP
059540020020-6158;059540020020;100mN31480E41413;MC;NA;4;6;S;F;0614;NEP
059540020020-6158;059540020020;100mN31480E41413;MC;NA;4;1;S;F;0003;NEP
059540020020-6159;059540020020;100mN31480E41413;S;OS;1;55;M;F;5064;EMP
059540020020-6160;059540020020;100mN31480E41413;MC;NA;5;59;M;F;5064;EMP
059540020020-6160;059540020020;100mN31480E41413;MC;NA;5;63;M;M;5064;EMP
059540020020-6160;059540020020;100mN31480E41413;MC;NA;5;4;S;F;0305;NEP
059540020020-6160;059540020020;100mN31480E41413;MC;NA;5;15;S;M;1517;EMP
059540020020-6160;059540020020;100mN31480E41413;MC;NA;5;42;M;M;4049;EMP
059540020020-6161;059540020020;100mN31480E41413;MC;OS;3;73;M;M;6574;EMP
059540020020-6161;059540020020;100mN31480E41413;MC;OS;3;69;M;F;6574;EMP
059540020020-6161;059540020020;100mN31480E41413;MC;OS;3;65;S;F;6574;EMP
059540020020-6162;059540020020;100mN31480E41413;MC;OS;3;67;M;M;6574;UEP
059540020020-6162;059540020020;100mN31480E41413;MC;OS;3;65;M;F;6574;EMP
059540020020-6162;059540020020;100mN31480E41413;MC;OS;3;85;M;F;75XX;EMP
059540020020-6163;059540020020;100mN31480E41413;MC;MIX;2;73;M;F;6574;NEP
059540020020-6163;059540020020;100mN31480E41413;MC;MIX;2;67;M;F;6574;NEP
059540020020-6164;059540020020;100mN31480E41413;S;OS;1;51;M;M;5064;EMP
059540020020-6165;059540020020;100mN31480E41413;S;NA;1;28;M;M;2529;EMP
059540020020-6166;059540020020;100mN31480E41431;MC;OS;2;72;M;F;6574;EMP
059540020020-6166;059540020020;100mN31480E41431;MC;OS;2;82;M;M;75XX;NEP
059540020020-6167;059540020020;100mN31483E41405;MC;NA;3;46;M;F;4049;EMP
059540020020-6167;059540020020;100mN31483E41405;MC;NA;3;48;M;M;4049;EMP
059540020020-6167;059540020020;100mN31483E41405;MC;NA;3;12;S;M;0614;NEP
059540020020-6168;059540020020;100mN31479E41407;S;OS;1;58;M;M;5064;NEP
059540020020-6169;059540020020;100mN31464E41428;S;NA;1;40;M;M;4049;EMP
059540020020-6170;059540020020;100mN31481E41413;S;NA;1;47;S;M;4049;EMP
059540020020-6171;059540020020;100mN31468E41421;PO;NA;3;55;S;M;5064;EMP
059540020020-6171;059540020020;100mN31468E41421;PO;NA;3;54;S;M;5064;NEP
059540020020-6171;059540020020;100mN31468E41421;PO;NA;3;3;S;F;0305;NEP
059540020020-6172;059540020020;100mN31468E41421;MC;NA;4;31;M;F;3039;NEP
059540020020-6172;059540020020;100mN31468E41421;MC;NA;4;37;M;M;3039;NEP
059540020020-6172;059540020020;100mN31468E41421;MC;NA;4;11;S;F;0614;NEP
059540020020-6172;059540020020;100mN31468E41421;MC;NA;4;10;S;M;0614;NEP
059540020020-6173;059540020020;100mN31468E41421;MC;NA;3;55;M;F;5064;EMP
059540020020-6173;059540020020;100mN31468E41421;MC;NA;3;46;M;M;4049;EMP
059540020020-6173;059540020020;100mN31468E41421;MC;NA;3;34;M;F;3039;NEP
059540020020-6174;059540020020;100mN31468E41421;MC;NA;2;48;M;M;4049;EMP
059540020020-6174;059540020020;100mN31468E41421;MC;NA;2;42;M;F;4049;EMP
059540020020-6175;059540020020;100mN31468E41421;MC;OS;2;67;M;F;6574;EMP
059540020020-6175;059540020020;100mN31468E41421;MC;OS;2;67;M;M;6574;EMP
059540020020-6176;059540020020;100mN31462E41430;SF;NA;2;88;D;F;75XX;EMP
059540020020-6176;059540020020;100mN31462E41430;SF;NA;2;3;S;M;0305;NEP
059540020020-6177;059540020020;100mN31468E41421;MC;NA;3;50;M;F;5064;EMP
059540020020-6177;059540020020;100mN31468E41421;MC;NA;3;58;M;M;5064;EMP
059540020020-6177;059540020020;100mN31468E41421;MC;NA;3;6;S;M;0614;NEP
059540020020-6178;059540020020;100mN31468E41421;MC;NA;6;45;M;F;4049;EMP
059540020020-6178;059540020020;100mN31468E41421;MC;NA;6;57;M;M;5064;NEP
059540020020-6178;059540020020;100mN31468E41421;MC;NA;6;1;S;F;0003;NEP
059540020020-6178;059540020020;100mN31468E41421;MC;NA;6;15;S;M;1517;EMP
059540020020-6178;059540020020;100mN31468E41421;MC;NA;6;23;M;M;1824;NEP
059540020020-6178;059540020020;100mN31468E41421;MC;NA;6;30;M;M;3039;EMP
059540020020-6179;059540020020;100mN31468E41421;S;NA;1;66;S;F;6574;EMP
059540020020-6180;059540020020;100mN31484E41410;SF;NA;4;73;W;F;6574;NEP
059540020020-6180;059540020020;100mN31484E41410;SF;NA;4;41;M;M;4049;NEP
059540020020-6180;059540020020;100mN31484E41410;SF;NA;4;3;S;F;0305;NEP
059540020020-6180;059540020020;100mN31484E41410;SF;NA;4;10;S;F;0614;NEP
059540020020-6181;059540020020;100mN31468E41421;MC;NA;3;44;M;F;4049;EMP
059540020020-6181;059540020020;100mN31468E41421;MC;NA;3;45;M;M;4049;EMP
059540020020-6181;059540020020;100mN31468E41421;MC;NA;3;3;S;M;0305;NEP
059540020020-6182;059540020020;100mN31480E41408;MC;NA;2;50;M;F;5064;NEP
059540020020-6182;059540020020;100mN31480E41408;MC;NA;2;55;M;M;5064;EMP
059540020020-6183;059540020020;100mN31468E41421;S;OS;1;56;W;F;5064;NEP
059540020020-6184;059540020020;100mN31468E41421;PO;NA;2;53;S;F;5064;NEP
059540020020-6184;059540020020;100mN31468E41421;PO;NA;2;58;S;M;5064;EMP
059540020020-6185;059540020020;100mN31468E41421;PO;NA;2;60;S;F;5064;NEP
059540020020-6185;059540020020;100mN31468E41421;PO;NA;2;62;S;F;5064;EMP
059540020020-6186;059540020020;100mN31468E41421;MC;NA;4;44;M;F;4049;NEP
059540020020-6186;059540020020;100mN31468E41421;MC;NA;4;38;M;M;3039;EMP
059540020020-6186;059540020020;100mN31468E41421;MC;NA;4;6;S;M;0614;NEP
059540020020-6186;059540020020;100mN31468E41421;MC;NA;4;15;S;M;1517;NEP
059540020020-6187;059540020020;100mN31491E41413;MC;MIX;4;73;S;M;6574;UEP
059540020020-6187;059540020020;100mN31491E41413;MC;MIX;4;34;M;F;3039;NEP
059540020020-6187;059540020020;100mN31491E41413;MC;MIX;4;38;M;M;3039;NEP
059540020020-6187;059540020020;100mN31491E41413;MC;MIX;4;16;S;M;1517;NEP
059540020020-6188;059540020020;100mN31480E41409;MC;NA;4;50;M;M;5064;EMP
059540020020-6188;059540020020;100mN31480E41409;MC;NA;4;47;M;F;4049;NEP
059540020020-6188;059540020020;100mN31480E41409;MC;NA;4;16;S;F;1517;EMP
059540020020-6188;059540020020;100mN31480E41409;MC;NA;4;35;M;M;3039;EMP
059540020020-6189;059540020020;100mN31462E41420;SF;MIX;2;79;D;F;75XX;NEP
059540020020-6189;059540020020;100mN31462E41420;SF;MIX;2;41;W;F;4049;NEP
059540020020-6190;059540020020;100mN31480E41409;SF;NA;2;16;S;F;1517;NEP
059540020020-6190;059540020020;100mN31480E41409;SF;NA;2;1;S;M;0003;NEP
059540020020-6191;059540020020;100mN31483E41413;S;NA;1;67;S;M;6574;EMP
059540020020-6192;059540020020;100mN31481E41410;MC;NA;4;60;M;M;5064;NEP
059540020020-6192;059540020020;100mN31481E41410;MC;NA;4;19;M;F;1824;EMP
059540020020-6192;059540020020;100mN31481E41410;MC;NA;4;33;W;F;3039;EMP
059540020020-6192;059540020020;100mN31481E41410;MC;NA;4;6;S;F;0614;NEP
059540020020-6193;059540020020;100mN31480E41409;MC;NA;2;28;M;F;2529;NEP
059540020020-6193;059540020020;100mN31480E41409;MC;NA;2;30;M;M;3039;EMP
059540020020-6194;059540020020;100mN31491E41409;MC;NA;3;61;M;F;5064;NEP
059540020020-6194;059540020020;100mN31491E41409;MC;NA;3;55;M;M;5064;EMP
059540020020-6194;059540020020;100mN31491E41409;MC;NA;3;10;S;F;0614;NEP
059540020020-6195;059540020020;100mN31480E41409;MC;NA;2;48;M;F;4049;NEP
059540020020-6195;059540020020;100mN31480E41409;MC;NA;2;57;M;M;5064;EMP
059540020020-6196;059540020020;100mN31499E41432;NA;OS;2;56;M;F;5064;NEP
059540020020-6196;059540020020;100mN31499E41432;NA;OS;2;70;W;F;6574;NEP
059540020020-6197;059540020020;100mN31480E41409;MC;NA;2;34;M;F;3039;NEP
059540020020-6197;059540020020;100mN31480E41409;MC;NA;2;41;M;M;4049;EMP
059540020020-6198;059540020020;100mN31480E41409;S;NA;1;54;M;M;5064;EMP
059540020020-6199;059540020020;100mN31493E41408;MC;NA;3;31;M;M;3039;NEP
059540020020-6199;059540020020;100mN31493E41408;MC;NA;3;32;M;F;3039;EMP
059540020020-6199;059540020020;100mN31493E41408;MC;NA;3;2;S;M;0003;NEP
059540020020-6200;059540020020;100mN31480E41409;MC;NA;5;40;M;M;4049;NEP
059540020020-6200;059540020020;100mN31480E41409;MC;NA;5;37;M;F;3039;NEP
059540020020-6200;059540020020;100mN31480E41409;MC;NA;5;8;S;F;0614;NEP
059540020020-6200;059540020020;100mN31480E41409;MC;NA;5;4;S;F;0305;NEP
059540020020-6200;059540020020;100mN31480E41409;MC;NA;5;6;S;M;0614;NEP
059540020020-6201;059540020020;100mN31474E41431;PO;NA;2;18;S;M;1824;EMP
059540020020-6201;059540020020;100mN31474E41431;PO;NA;2;18;S;M;1824;EMP
059540020020-6202;059540020020;100mN31480E41409;PO;NA;2;52;S;F;5064;EMP
059540020020-6202;059540020020;100mN31480E41409;PO;NA;2;61;S;F;5064;EMP
059540020020-6203;059540020020;100mN31497E41426;MC;NA;2;50;M;F;5064;EMP
059540020020-6203;059540020020;100mN31497E41426;MC;NA;2;47;M;M;4049;EMP
059540020020-6204;059540020020;100mN31480E41409;S;OS;1;43;M;M;4049;EMP
059540020020-6205;059540020020;100mN31480E41409;MC;NA;3;45;M;F;4049;EMP
059540020020-6205;059540020020;100mN31480E41409;MC;NA;3;47;M;M;4049;NEP
059540020020-6205;059540020020;100mN31480E41409;MC;NA;3;16;S;M;1517;EMP
059540020020-6206;059540020020;100mN31485E41411;S;NA;1;41;M;M;4049;EMP
059540020020-6207;059540020020;100mN31480E41409;SM;NA;3;62;S;M;5064;NEP
059540020020-6207;059540020020;100mN31480E41409;SM;NA;3;10;S;M;0614;NEP
059540020020-6207;059540020020;100mN31480E41409;SM;NA;3;44;M;F;4049;EMP
059540020020-6208;059540020020;100mN31464E41417;MC;NA;2;41;M;F;4049;EMP
059540020020-6208;059540020020;100mN31464E41417;MC;NA;2;43;M;M;4049;NEP
059540020020-6209;059540020020;100mN31464E41417;S;NA;1;43;S;F;4049;NEP
059540020020-6210;059540020020;100mN31464E41417;MC;NA;3;27;M;M;2529;EMP
059540020020-6210;059540020020;100mN31464E41417;MC;NA;3;26;M;F;2529;NEP
059540020020-6210;059540020020;100mN31464E41417;MC;NA;3;1;S;F;0003;NEP
059540020020-6211;059540020020;100mN31460E41428;PO;NA;2;54;S;M;5064;NEP
059540020020-6211;059540020020;100mN31460E41428;PO;NA;2;51;S;F;5064;EMP
059540020020-6212;059540020020;100mN31464E41417;S;NA;1;53;M;F;5064;EMP
059540020020-6213;059540020020;100mN31474E41418;S;OS;1;47;S;M;4049;NEP
059540020020-6214;059540020020;100mN31464E41417;MC;NA;3;63;M;M;5064;NEP
059540020020-6214;059540020020;100mN31464E41417;MC;NA;3;55;M;F;5064;EMP
059540020020-6214;059540020020;100mN31464E41417;MC;NA;3;3;S;F;0305;NEP
059540020020-6215;059540020020;100mN31464E41417;MC;NA;2;33;M;M;3039;EMP
059540020020-6215;059540020020;100mN31464E41417;MC;NA;2;28;M;F;2529;EMP
059540020020-6216;059540020020;100mN31498E41417;PO;NA;3;21;S;M;1824;EMP
059540020020-6216;059540020020;100mN31498E41417;PO;NA;3;18;S;M;1824;EMP
059540020020-6216;059540020020;100mN31498E41417;PO;NA;3;6;S;M;0614;NEP
059540020020-6217;059540020020;100mN31471E41418;SF;NA;4;65;S;F;6574;EMP
059540020020-6217;059540020020;100mN31471E41418;SF;NA;4;8;S;M;0614;NEP
059540020020-6217;059540020020;100mN31471E41418;SF;NA;4;31;M;F;3039;NEP
059540020020-6217;059540020020;100mN31471E41418;SF;NA;4;6;S;F;0614;NEP
059540020020-6218;059540020020;100mN31481E41415;MC;NA;2;42;M;M;4049;EMP
059540020020-6218;059540020020;100mN31481E41415;MC;NA;2;33;M;F;3039;NEP
059540020020-6219;059540020020;100mN31471E41418;S;NA;1;82;M;F;75XX;NEP
059540020020-6220;059540020020;100mN31471E41418;MC;NA;2;54;M;F;5064;NEP
059540020020-6220;059540020020;100mN31471E41418;MC;NA;2;59;M;M;5064;EMP
059540020020-6221;059540020020;100mN31481E41404;S;NA;1;48;W;F;4049;EMP
059540020020-6222;059540020020;100mN31481E41409;S;NA;1;68;D;F;6574;NEP
059540020020-6223;059540020020;100mN31471E41418;SF;NA;2;62;D;F;5064;NEP
059540020020-6223;059540020020;100mN31471E41418;SF;NA;2;46;M;M;4049;EMP
059540020020-6224;059540020020;100mN31489E41421;MC;NA;4;55;M;M;5064;EMP
059540020020-6224;059540020020;100mN31489E41421;MC;NA;4;59;M;F;5064;EMP
059540020020-6224;059540020020;100mN31489E41421;MC;NA;4;16;S;F;1517;EMP
059540020020-6224;059540020020;100mN31489E41421;MC;NA;4;31;M;M;3039;NEP
059540020020-6225;059540020020;100mN31473E41419;MC;NA;4;53;M;M;5064;EMP
059540020020-6225;059540020020;100mN31473E41419;MC;NA;4;56;M;F;5064;EMP
059540020020-6225;059540020020;100mN31473E41419;MC;NA;4;10;S;M;0614;NEP
059540020020-6225;059540020020;100mN31473E41419;MC;NA;4;38;D;M;3039;NEP
059540020020-6226;059540020020;100mN31471E41418;SM;NA;3;47;D;M;4049;NEP
059540020020-6226;059540020020;100mN31471E41418;SM;NA;3;12;S;M;0614;NEP
059540020020-6226;059540020020;100mN31471E41418;SM;NA;3;15;S;F;1517;NEP
059540020020-6227;059540020020;100mN31471E41418;S;NA;1;68;S;F;6574;NEP
059540020020-6228;059540020020;100mN31471E41418;MC;NA;4;23;M;M;1824;EMP
059540020020-6228;059540020020;100mN31471E41418;MC;NA;4;21;M;F;1824;NEP
059540020020-6228;059540020020;100mN31471E41418;MC;NA;4;7;S;F;0614;NEP
059540020020-6228;059540020020;100mN31471E41418;MC;NA;4;7;S;M;0614;NEP
059540020020-6229;059540020020;100mN31471E41418;MC;NA;2;45;M;F;4049;NEP
059540020020-6229;059540020020;100mN31471E41418;MC;NA;2;38;M;M;3039;EMP
059540020020-6230;059540020020;100mN31471E41418;MC;NA;2;52;M;M;5064;NEP
059540020020-6230;059540020020;100mN31471E41418;MC;NA;2;50;M;F;5064;NEP
059540020020-6231;059540020020;100mN31471E41418;MC;OS;3;66;M;M;6574;NEP
059540020020-6231;059540020020;100mN31471E41418;MC;OS;3;66;M;F;6574;NEP
059540020020-6231;059540020020;100mN31471E41418;MC;OS;3;66;M;F;6574;EMP
059540020020-6232;059540020020;100mN31471E41418;MC;MIX;4;68;M;M;6574;EMP
059540020020-6232;059540020020;100mN31471E41418;MC;MIX;4;61;M;M;5064;EMP
059540020020-6232;059540020020;100mN31471E41418;MC;MIX;4;63;M;F;5064;NEP
059540020020-6232;059540020020;100mN31471E41418;MC;MIX;4;27;M;M;2529;EMP
059540020020-6233;059540020020;100mN31471E41418;S;NA;1;53;W;F;5064;NEP
059540020020-6234;059540020020;100mN31481E41410;S;NA;1;23;S;M;1824;EMP
059540020020-6235;059540020020;100mN31471E41418;MC;MIX;2;65;M;F;6574;NEP
059540020020-6235;059540020020;100mN31471E41418;MC;MIX;2;44;M;F;4049;EMP
059540020020-6236;059540020020;100mN31471E41418;S;NA;1;18;S;F;1824;NEP
059540020020-6237;059540020020;100mN31471E41418;MC;NA;2;60;M;M;5064;EMP
059540020020-6237;059540020020;100mN31471E41418;MC;NA;2;57;M;F;5064;NEP
059540020020-6238;059540020020;100mN31471E41418;S;OS;1;43;M;F;4049;NEP
059540020020-6239;059540020020;100mN31471E41418;SF;NA;2;25;W;F;2529;EMP
059540020020-6239;059540020020;100mN31471E41418;SF;NA;2;1;S;F;0003;NEP
059540020020-6240;059540020020;100mN31471E41418;MC;NA;2;45;M;F;4049;NEP
059540020020-6240;059540020020;100mN31471E41418;MC;NA;2;51;M;M;5064;EMP
059540020020-6241;059540020020;100mN31471E41418;PO;OS;2;89;S;F;75XX;NEP
059540020020-6241;059540020020;100mN31471E41418;PO;OS;2;89;S;M;75XX;EMP
059540020020-6242;059540020020;100mN31473E41422;SF;NA;4;34;W;F;3039;EMP
059540020020-6242;059540020020;100mN31473E41422;SF;NA;4;12;S;M;0614;NEP
059540020020-6242;059540020020;100mN31473E41422;SF;NA;4;12;S;M;0614;NEP
059540020020-6242;059540020020;100mN31473E41422;SF;NA;4;18;M;M;1824;NEP
059540020020-6243;059540020020;100mN31471E41418;MC;NA;4;43;M;F;4049;NEP
059540020020-6243;059540020020;100mN31471E41418;MC;NA;4;52;M;M;5064;NEP
059540020020-6243;059540020020;100mN31471E41418;MC;NA;4;10;S;F;0614;NEP
059540020020-6243;059540020020;100mN31471E41418;MC;NA;4;22;M;M;1824;EMP
059540020020-6244;059540020020;100mN31471E41418;SF;MIX;2;87;S;F;75XX;NEP
059540020020-6244;059540020020;100mN31471E41418;SF;MIX;2;3;S;F;0305;NEP
059540020020-6245;059540020020;100mN31483E41407;PO;NA;5;44;S;F;4049;NEP
059540020020-6245;059540020020;100mN31483E41407;PO;NA;5;52;S;M;5064;EMP
059540020020-6245;059540020020;100mN31483E41407;PO;NA;5;22;W;F;1824;EMP
059540020020-6245;059540020020;100mN31483E41407;PO;NA;5;6;S;M;0614;NEP
059540020020-6245;059540020020;100mN31483E41407;PO;NA;5;22;D;F;1824;NEP
059540020020-6246;059540020020;100mN31498E41436;MC;NA;2;44;M;M;4049;EMP
059540020020-6246;059540020020;100mN31498E41436;MC;NA;2;43;M;F;4049;EMP
059540020020-6247;059540020020;100mN31471E41418;MC;NA;2;20;M;M;1824;EMP
059540020020-6247;059540020020;100mN31471E41418;MC;NA;2;18;M;F;1824;EMP
059540020020-6248;059540020020;100mN31471E41418;SF;NA;2;62;W;F;5064;NEP
059540020020-6248;059540020020;100mN31471E41418;SF;NA;2;10;S;M;0614;NEP
059540020020-6249;059540020020;100mN31471E41418;MC;OS;2;72;M;M;6574;NEP
059540020020-6249;059540020020;100mN31471E41418;MC;OS;2;68;M;F;6574;NEP
059540020020-6250;059540020020;100mN31471E41418;MC;NA;2;56;M;F;5064;NEP
059540020020-6250;059540020020;100mN31471E41418;MC;NA;2;61;M;M;5064;EMP
059540020020-6251;059540020020;100mN31471E41418;S;NA;1;72;D;F;6574;NEP
059540020020-6252;059540020020;100mN31481E41413;S;OS;1;25;M;F;2529;NEP
059540020020-6253;059540020020;100mN31471E41431;SF;NA;3;81;W;F;75XX;NEP
059540020020-6253;059540020020;100mN31471E41431;SF;NA;3;11;S;M;0614;NEP
059540020020-6253;059540020020;100mN31471E41431;SF;NA;3;4;S;M;0305;NEP
059540020020-6254;059540020020;100mN31471E41418;MC;NA;2;60;M;F;5064;NEP
059540020020-6254;059540020020;100mN31471E41418;MC;NA;2;83;S;F;75XX;EMP
059540020020-6255;059540020020;100mN31463E41422;MC;MIX;2;67;M;F;6574;EMP
059540020020-6255;059540020020;100mN31463E41422;MC;MIX;2;25;D;F;2529;NEP
059540020020-6256;059540020020;100mN31472E41424;NA;OS;4;35;M;F;3039;NEP
059540020020-6256;059540020020;100mN31472E41424;NA;OS;4;28;W;M;2529;EMP
059540020020-6256;059540020020;100mN31472E41424;NA;OS;4;38;W;F;3039;NEP
059540020020-6256;059540020020;100mN31472E41424;NA;OS;4;53;S;F;5064;NEP
059540020020-6257;059540020020;100mN31474E41423;PO;MIX;3;78;W;F;75XX;NEP
059540020020-6257;059540020020;100mN31474E41423;PO;MIX;3;26;S;M;2529;EMP
059540020020-6257;059540020020;100mN31474E41423;PO;MIX;3;27;S;F;2529;NEP
059540020020-6258;059540020020;100mN31471E41418;S;OS;1;19;M;M;1824;EMP
059540020020-6259;059540020020;100mN31472E41424;MC;NA;4;46;M;M;4049;NEP
059540020020-6259;059540020020;100mN31472E41424;MC;NA;4;46;M;F;4049;NEP
059540020020-6259;059540020020;100mN31472E41424;MC;NA;4;22;D;F;1824;NEP
059540020020-6259;059540020020;100mN31472E41424;MC;NA;4;22;S;M;1824;NEP
059540020020-6260;059540020020;100mN31463E41429;S;NA;1;72;W;M;6574;NEP
059540020020-6261;059540020020;100mN31473E41418;S;NA;1;65;M;F;6574;NEP
059540020020-6262;059540020020;100mN31484E41415;SF;NA;2;62;S;F;5064;NEP
059540020020-6262;059540020020;100mN31484E41415;SF;NA;2;1;S;F;0003;NEP
059540020020-6263;059540020020;100mN31472E41432;MC;MIX;2;65;M;F;6574;EMP
059540020020-6263;059540020020;100mN31472E41432;MC;MIX;2;16;S;F;1517;EMP
059540020020-6264;059540020020;100mN31471E41418;MC;OS;2;67;M;F;6574;EMP
059540020020-6264;059540020020;100mN31471E41418;MC;OS;2;69;M;M;6574;EMP
059540020020-6265;059540020020;100mN31493E41420;SF;NA;4;51;S;F;5064;EMP
059540020020-6265;059540020020;100mN31493E41420;SF;NA;4;30;M;F;3039;NEP
059540020020-6265;059540020020;100mN31493E41420;SF;NA;4;25;W;M;2529;EMP
059540020020-6265;059540020020;100mN31493E41420;SF;NA;4;33;S;M;3039;NEP
059540020020-6266;059540020020;100mN31484E41413;MC;NA;2;40;M;F;4049;EMP
059540020020-6266;059540020020;100mN31484E41413;MC;NA;2;47;M;M;4049;EMP
059540020020-6267;059540020020;100mN31471E41418;S;NA;1;21;S;M;1824;NEP
059540020020-6268;059540020020;100mN31471E41418;MC;NA;3;36;M;M;3039;NEP
059540020020-6268;059540020020;100mN31471E41418;MC;NA;3;27;M;F;2529;NEP
059540020020-6268;059540020020;100mN31471E41418;MC;NA;3;6;S;F;0614;NEP
059540020020-6269;059540020020;100mN31481E41404;S;OS;1;58;S;M;5064;NEP
059540020020-6270;059540020020;100mN31463E41421;MC;OS;2;66;M;M;6574;EMP
059540020020-6270;059540020020;100mN31463E41421;MC;OS;2;71;M;F;6574;EMP
059540020020-6271;059540020020;100mN31471E41418;SF;NA;4;19;W;F;1824;EMP
059540020020-6271;059540020020;100mN31471E41418;SF;NA;4;4;S;M;0305;NEP
059540020020-6271;059540020020;100mN31471E41418;SF;NA;4;1;S;M;0003;NEP
059540020020-6271;059540020020;100mN31471E41418;SF;NA;4;3;S;M;0305;NEP
059540020020-6272;059540020020;100mN31471E41418;S;NA;1;58;S;M;5064;EMP
059540020020-6273;059540020020;100mN31471E41418;SF;MIX;2;69;W;F;6574;EMP
059540020020-6273;059540020020;100mN31471E41418;SF;MIX;2;21;M;F;1824;NEP
059540020020-6274;059540020020;100mN31471E41418;MC;OS;2;67;M;F;6574;EMP
059540020020-6274;059540020020;100mN31471E41418;MC;OS;2;68;M;M;6574;EMP
059540020020-6275;059540020020;100mN31474E41418;MC;NA;4;62;M;F;5064;NEP
059540020020-6275;059540020020;100mN31474E41418;MC;NA;4;19;M;F;1824;EMP
059540020020-6275;059540020020;100mN31474E41418;MC;NA;4;12;S;M;0614;NEP
059540020020-6275;059540020020;100mN31474E41418;MC;NA;4;42;S;F;4049;EMP
059540020020-6276;059540020020;100mN31487E41428;MC;NA;2;63;M;M;5064;EMP
059540020020-6276;059540020020;100mN31487E41428;MC;NA;2;19;W;F;1824;NEP
059540020020-6277;059540020020;100mN31481E41413;MC;NA;5;34;M;M;3039;EMP
059540020020-6277;059540020020;100mN31481E41413;MC;NA;5;37;M;F;3039;NEP
059540020020-6277;059540020020;100mN31481E41413;MC;NA;5;1;S;M;0003;NEP
059540020020-6277;059540020020;100mN31481E41413;MC;NA;5;6;S;F;0614;NEP
059540020020-6277;059540020020;100mN31481E41413;MC;NA;5;19;D;F;1824;NEP
059540020020-6278;059540020020;100mN31487E41428;SF;NA;2;56;S;F;5064;NEP
059540020020-6278;059540020020;100mN31487E41428;SF;NA;2;0;S;F;0003;NEP
059540020020-6279;059540020020;100mN31487E41428;MC;OS;2;87;M;M;75XX;EMP
059540020020-6279;059540020020;100mN31487E41428;MC;OS;2;80;M;F;75XX;NEP
059540020020-6280;059540020020;100mN31467E41421;S;NA;1;78;M;M;75XX;NEP
059540020020-6281;059540020020;100mN31487E41428;S;NA;1;63;M;F;5064;EMP
059540020020-6282;059540020020;100mN31488E41421;S;NA;1;52;D;F;5064;NEP
059540020020-6283;059540020020;100mN31487E41428;MC;NA;2;18;M;F;1824;NEP
059540020020-6283;059540020020;100mN31487E41428;MC;NA;2;21;M;M;1824;NEP
059540020020-6284;059540020020;100mN31497E41434;S;NA;1;36;D;M;3039;NEP
059540020020-6285;059540020020;100mN31486E41442;MC;OS;3;83;M;F;75XX;NEP
059540020020-6285;059540020020;100mN31486E41442;MC;OS;3;86;M;M;75XX;NEP
059540020020-6285;059540020020;100mN31486E41442;MC;OS;3;85;S;F;75XX;NEP
059540020020-6286;059540020020;100mN31486E41442;S;NA;1;60;S;M;5064;NEP
059540020020-6287;059540020020;100mN31483E41405;SF;MIX;2;69;D;F;6574;NEP
059540020020-6287;059540020020;100mN31483E41405;SF;MIX;2;16;S;M;1517;EMP
059540020020-6288;059540020020;100mN31478E41400;S;NA;1;63;S;F;5064;NEP
059540020020-6289;059540020020;100mN31478E41400;MC;NA;3;28;M;F;2529;NEP
059540020020-6289;059540020020;100mN31478E41400;MC;NA;3;32;M;M;3039;NEP
059540020020-6289;059540020020;100mN31478E41400;MC;NA;3;11;S;M;0614;NEP
059540020020-6290;059540020020;100mN31478E41400;MC;NA;2;36;M;F;3039;EMP
059540020020-6290;059540020020;100mN31478E41400;MC;NA;2;42;M;M;4049;NEP
059540020020-6291;059540020020;100mN31467E41429;S;NA;1;19;S;M;1824;NEP
059540020020-6292;059540020020;100mN31464E41420;MC;MIX;3;73;D;M;6574;EMP
059540020020-6292;059540020020;100mN31464E41420;MC;MIX;3;43;M;F;4049;NEP
059540020020-6292;059540020020;100mN31464E41420;MC;MIX;3;41;M;M;4049;EMP
059540020020-6293;059540020020;100mN31478E41400;S;NA;1;45;M;M;4049;EMP
059540020020-6294;059540020020;100mN31497E41420;S;OS;1;68;M;M;6574;EMP
059540020020-6295;059540020020;100mN31499E41434;MC;NA;2;45;M;M;4049;EMP
059540020020-6295;059540020020;100mN31499E41434;MC;NA;2;43;M;F;4049;EMP
059540020020-6296;059540020020;100mN31479E41400;MC;MIX;3;71;D;F;6574;NEP
059540020020-6296;059540020020;100mN31479E41400;MC;MIX;3;41;M;F;4049;NEP
059540020020-6296;059540020020;100mN31479E41400;MC;MIX;3;41;M;M;4049;EMP
059540020020-6297;059540020020;100mN31479E41412;MC;OS;2;65;M;M;6574;EMP
059540020020-6297;059540020020;100mN31479E41412;MC;OS;2;70;M;F;6574;EMP
059540020020-6298;059540020020;100mN31479E41412;S;NA;1;72;M;F;6574;NEP
059540020020-6299;059540020020;100mN31468E41422;S;OS;1;65;M;F;6574;NEP
059540020020-6300;059540020020;100mN31479E41412;MC;NA;3;60;M;M;5064;EMP
059540020020-6300;059540020020;100mN31479E41412;MC;NA;3;59;M;F;5064;EMP
059540020020-6300;059540020020;100mN31479E41412;MC;NA;3;42;M;M;4049;NEP
059540020020-6301;059540020020;100mN31483E41405;MC;NA;2;31;M;M;3039;UEP
059540020020-6301;059540020020;100mN31483E41405;MC;NA;2;22;M;F;1824;EMP
059540020020-6302;059540020020;100mN31479E41412;S;OS;1;23;M;F;1824;NEP
059540020020-6303;059540020020;100mN31473E41422;MC;OS;2;65;M;M;6574;NEP
059540020020-6303;059540020020;100mN31473E41422;MC;OS;2;65;M;F;6574;EMP
059540020020-6304;059540020020;100mN31479E41412;S;OS;1;47;M;F;4049;NEP
059540020020-6305;059540020020;100mN31479E41412;MC;OS;2;67;M;F;6574;EMP
059540020020-6305;059540020020;100mN31479E41412;MC;OS;2;67;M;M;6574;EMP
059540020020-6306;059540020020;100mN31479E41412;MC;OS;3;67;M;F;6574;NEP
059540020020-6306;059540020020;100mN31479E41412;MC;OS;3;70;M;M;6574;EMP
059540020020-6306;059540020020;100mN31479E41412;MC;OS;3;82;S;M;75XX;NEP
059540020020-6307;059540020020;100mN31494E41432;S;NA;1;80;W;F;75XX;NEP
059540020020-6308;059540020020;100mN31486E41413;MC;NA;2;52;M;F;5064;NEP
059540020020-6308;059540020020;100mN31486E41413;MC;NA;2;54;M;M;5064;EMP
059540020020-6309;059540020020;100mN31496E41444;S;OS;1;44;M;F;4049;NEP
059540020020-6310;059540020020;100mN31496E41444;MC;NA;2;57;M;F;5064;EMP
059540020020-6310;059540020020;100mN31496E41444;MC;NA;2;56;M;M;5064;EMP
059540020020-6311;059540020020;100mN31461E41421;MC;NA;6;38;M;F;3039;EMP
059540020020-6311;059540020020;100mN31461E41421;MC;NA;6;41;M;M;4049;NEP
059540020020-6311;059540020020;100mN31461E41421;MC;NA;6;11;S;F;0614;NEP
059540020020-6311;059540020020;100mN31461E41421;MC;NA;6;11;S;M;0614;NEP
059540020020-6311;059540020020;100mN31461E41421;MC;NA;6;13;S;M;0614;NEP
059540020020-6311;059540020020;100mN31461E41421;MC;NA;6;21;S;M;1824;EMP
059540020020-6312;059540020020;100mN31496E41444;MC;NA;2;56;M;M;5064;NEP
059540020020-6312;059540020020;100mN31496E41444;MC;NA;2;56;M;F;5064;EMP
059540020020-6313;059540020020;100mN31496E41444;MC;OS;2;67;M;F;6574;EMP
059540020020-6313;059540020020;100mN31496E41444;MC;OS;2;71;M;M;6574;NEP
059540020020-6314;059540020020;100mN31485E41411;MC;NA;3;34;M;M;3039;NEP
059540020020-6314;059540020020;100mN31485E41411;MC;NA;3;28;M;F;2529;EMP
059540020020-6314;059540020020;100mN31485E41411;MC;NA;3;18;M;F;1824;EMP
059540020020-6315;059540020020;100mN31496E41439;MC;MIX;2;89;M;F;75XX;NEP
059540020020-6315;059540020020;100mN31496E41439;MC;MIX;2;54;S;F;5064;EMP
059540020020-6316;059540020020;100mN31496E41439;MC;NA;2;43;M;F;4049;NEP
059540020020-6316;059540020020;100mN31496E41439;MC;NA;2;46;M;M;4049;NEP
059540020020-6317;059540020020;100mN31496E41439;S;NA;1;67;M;M;6574;EMP
059540020020-6318;059540020020;100mN31465E41423;MC;NA;2;59;M;M;5064;EMP
059540020020-6318;059540020020;100mN31465E41423;MC;NA;2;52;M;F;5064;EMP
059540020020-6319;059540020020;100mN31464E41418;S;NA;1;57;S;F;5064;EMP
059540020020-6320;059540020020;100mN31473E41420;MC;NA;3;25;M;F;2529;EMP
059540020020-6320;059540020020;100mN31473E41420;MC;NA;3;31;M;M;3039;NEP
059540020020-6320;059540020020;100mN31473E41420;MC;NA;3;7;S;M;0614;NEP
059540020020-6321;059540020020;100mN31465E41423;MC;NA;2;48;M;F;4049;EMP
059540020020-6321;059540020020;100mN31465E41423;MC;NA;2;52;M;M;5064;UEP
059540020020-6322;059540020020;100mN31494E41441;S;OS;1;62;W;F;5064;NEP
059540020020-6323;059540020020;100mN31465E41423;S;NA;1;54;M;F;5064;NEP
059540020020-6324;059540020020;100mN31472E41422;MC;NA;3;52;M;M;5064;EMP
059540020020-6324;059540020020;100mN31472E41422;MC;NA;3;45;M;F;4049;NEP
059540020020-6324;059540020020;100mN31472E41422;MC;NA;3;0;S;F;0003;NEP
059540020020-6325;059540020020;100mN31465E41423;S;OS;1;27;M;F;2529;EMP
059540020020-6326;059540020020;100mN31465E41423;MC;NA;2;44;M;M;4049;NEP
059540020020-6326;059540020020;100mN31465E41423;MC;NA;2;41;M;F;4049;NEP
059540020020-6327;059540020020;100mN31465E41423;SF;NA;2;84;S;F;75XX;EMP
059540020020-6327;059540020020;100mN31465E41423;SF;NA;2;51;M;F;5064;NEP
059540020020-6328;059540020020;100mN31467E41422;S;OS;1;84;D;M;75XX;NEP
059540020020-6329;059540020020;100mN31465E41423;MC;NA;3;42;M;M;4049;NEP
059540020020-6329;059540020020;100mN31465E41423;MC;NA;3;40;M;F;4049;EMP
059540020020-6329;059540020020;100mN31465E41423;MC;NA;3;16;S;M;1517;EMP
059540020020-6330;059540020020;100mN31499E41432;MC;NA;3;36;M;M;3039;EMP
059540020020-6330;059540020020;100mN31499E41432;MC;NA;3;30;M;F;3039;EMP
059540020020-6330;059540020020;100mN31499E41432;MC;NA;3;16;S;F;1517;NEP
059540020020-6331;059540020020;100mN31473E41423;SF;NA;2;50;W;F;5064;NEP
059540020020-6331;059540020020;100mN31473E41423;SF;NA;2;9;S;M;0614;NEP
059540020020-6332;059540020020;100mN31465E41423;S;NA;1;53;S;M;5064;NEP
059540020020-6333;059540020020;100mN31465E41423;MC;OS;3;86;M;M;75XX;EMP
059540020020-6333;059540020020;100mN31465E41423;MC;OS;3;43;M;M;4049;EMP
059540020020-6333;059540020020;100mN31465E41423;MC;OS;3;78;M;F;75XX;NEP
059540020020-6334;059540020020;100mN31465E41423;MC;NA;2;22;M;F;1824;EMP
059540020020-6334;059540020020;100mN31465E41423;MC;NA;2;20;M;M;1824;EMP
059540020020-6335;059540020020;100mN31465E41423;MC;OS;2;68;M;F;6574;EMP
059540020020-6335;059540020020;100mN31465E41423;MC;OS;2;72;M;M;6574;EMP
059540020020-6336;059540020020;100mN31465E41423;MC;NA;2;40;M;M;4049;EMP
059540020020-6336;059540020020;100mN31465E41423;MC;NA;2;37;M;F;3039;EMP
059540020020-6337;059540020020;100mN31465E41423;MC;NA;2;42;M;M;4049;EMP
059540020020-6337;059540020020;100mN31465E41423;MC;NA;2;44;M;F;4049;EMP
059540020020-6338;059540020020;100mN31465E41423;S;OS;1;57;W;F;5064;NEP
059540020020-6339;059540020020;100mN31465E41423;S;NA;1;44;M;M;4049;EMP
059540020020-6340;059540020020;100mN31471E41417;MC;NA;2;43;M;F;4049;EMP
059540020020-6340;059540020020;100mN31471E41417;MC;NA;2;43;M;M;4049;NEP
059540020020-6341;059540020020;100mN31465E41423;PO;NA;2;59;S;F;5064;NEP
059540020020-6341;059540020020;100mN31465E41423;PO;NA;2;58;S;F;5064;NEP
059540020020-6342;059540020020;100mN31500E41422;PO;NA;2;59;S;M;5064;EMP
059540020020-6342;059540020020;100mN31500E41422;PO;NA;2;57;S;F;5064;EMP
059540020020-6343;059540020020;100mN31461E41421;MC;NA;2;48;M;M;4049;EMP
059540020020-6343;059540020020;100mN31461E41421;MC;NA;2;43;M;F;4049;NEP
059540020020-6344;059540020020;100mN31465E41423;PO;NA;2;44;S;F;4049;NEP
059540020020-6344;059540020020;100mN31465E41423;PO;NA;2;51;S;F;5064;EMP
059540020020-6345;059540020020;100mN31465E41423;S;NA;1;26;M;M;2529;EMP
059540020020-6346;059540020020;100mN31465E41423;MC;NA;2;46;M;M;4049;NEP
059540020020-6346;059540020020;100mN31465E41423;MC;NA;2;40;M;F;4049;NEP
059540020020-6347;059540020020;100mN31465E41423;MC;NA;3;34;M;M;3039;EMP
059540020020-6347;059540020020;100mN31465E41423;MC;NA;3;18;M;F;1824;EMP
059540020020-6347;059540020020;100mN31465E41423;MC;NA;3;8;S;F;0614;NEP
059540020020-6348;059540020020;100mN31465E41423;MC;MIX;2;81;M;M;75XX;NEP
059540020020-6348;059540020020;100mN31465E41423;MC;MIX;2;50;M;F;5064;EMP
059540020020-6349;059540020020;100mN31465E41423;PO;NA;2;19;S;M;1824;EMP
059540020020-6349;059540020020;100mN31465E41423;PO;NA;2;18;S;F;1824;NEP
059540020020-6350;059540020020;100mN31465E41423;MC;NA;2;51;M;M;5064;EMP
059540020020-6350;059540020020;100mN31465E41423;MC;NA;2;48;M;F;4049;EMP
059540020020-6351;059540020020;100mN31465E41423;MC;NA;2;61;M;F;5064;EMP
059540020020-6351;059540020020;100mN31465E41423;MC;NA;2;9;S;M;0614;NEP
059540020020-6352;059540020020;100mN31464E41429;MC;OS;2;65;M;F;6574;EMP
059540020020-6352;059540020020;100mN31464E41429;MC;OS;2;83;M;M;75XX;UEP
059540020020-6353;059540020020;100mN31472E41432;MC;NA;4;28;M;M;2529;EMP
059540020020-6353;059540020020;100mN31472E41432;MC;NA;4;26;M;F;2529;EMP
059540020020-6353;059540020020;100mN31472E41432;MC;NA;4;10;S;F;0614;NEP
059540020020-6353;059540020020;100mN31472E41432;MC;NA;4;10;S;M;0614;NEP
059540020020-6354;059540020020;100mN31465E41429;MC;NA;5;51;M;F;5064;EMP
059540020020-6354;059540020020;100mN31465E41429;MC;NA;5;54;M;M;5064;NEP
059540020020-6354;059540020020;100mN31465E41429;MC;NA;5;7;S;F;0614;NEP
059540020020-6354;059540020020;100mN31465E41429;MC;NA;5;0;S;M;0003;NEP
059540020020-6354;059540020020;100mN31465E41429;MC;NA;5;7;S;M;0614;NEP
059540020020-6355;059540020020;100mN31478E41406;MC;NA;5;31;M;F;3039;EMP
059540020020-6355;059540020020;100mN31478E41406;MC;NA;5;35;M;M;3039;EMP
059540020020-6355;059540020020;100mN31478E41406;MC;NA;5;16;S;M;1517;EMP
059540020020-6355;059540020020;100mN31478E41406;MC;NA;5;15;S;F;1517;NEP
059540020020-6355;059540020020;100mN31478E41406;MC;NA;5;11;S;F;0614;NEP
059540020020-6356;059540020020;100mN31481E41411;MC;NA;3;57;M;M;5064;NEP
059540020020-6356;059540020020;100mN31481E41411;MC;NA;3;53;M;F;5064;EMP
059540020020-6356;059540020020;100mN31481E41411;MC;NA;3;4;S;F;0305;NEP
059540020020-6357;059540020020;100mN31465E41429;S;NA;1;50;D;M;5064;EMP
059540020020-6358;059540020020;100mN31465E41429;MC;NA;2;44;M;M;4049;EMP
059540020020-6358;059540020020;100mN31465E41429;MC;NA;2;42;M;F;4049;EMP
059540020020-6359;059540020020;100mN31464E41427;SF;NA;2;20;S;F;1824;NEP
059540020020-6359;059540020020;100mN31464E41427;SF;NA;2;4;S;F;0305;NEP
059540020020-6360;059540020020;100mN31465E41429;MC;NA;2;26;M;M;2529;EMP
059540020020-6360;059540020020;100mN31465E41429;MC;NA;2;25;M;F;2529;NEP
059540020020-6361;059540020020;100mN31462E41428;MC;MIX;3;79;M;M;75XX;EMP
059540020020-6361;059540020020;100mN31462E41428;MC;MIX;3;19;M;M;1824;EMP
059540020020-6361;059540020020;100mN31462E41428;MC;MIX;3;18;M;F;1824;NEP
059540020020-6362;059540020020;100mN31465E41429;MC;NA;2;43;M;F;4049;EMP
059540020020-6362;059540020020;100mN31465E41429;MC;NA;2;51;M;M;5064;EMP
059540020020-6363;059540020020;100mN31465E41429;SF;NA;2;81;S;F;75XX;EMP
059540020020-6363;059540020020;100mN31465E41429;SF;NA;2;9;S;M;0614;NEP
059540020020-6364;059540020020;100mN31465E41429;MC;OS;2;70;M;M;6574;EMP
059540020020-6364;059540020020;100mN31465E41429;MC;OS;2;65;M;F;6574;NEP
059540020020-6365;059540020020;100mN31478E41402;S;NA;1;27;W;F;2529;NEP
059540020020-6366;059540020020;100mN31478E41406;MC;OS;2;69;M;F;6574;EMP
059540020020-6366;059540020020;100mN31478E41406;MC;OS;2;69;M;M;6574;NEP
059540020020-6367;059540020020;100mN31491E41416;S;OS;1;76;M;F;75XX;NEP
059540020020-6368;059540020020;100mN31483E41413;S;OS;1;51;D;F;5064;NEP
059540020020-6369;059540020020;100mN31465E41429;MC;NA;4;37;M;F;3039;NEP
059540020020-6369;059540020020;100mN31465E41429;MC;NA;4;30;M;M;3039;EMP
059540020020-6369;059540020020;100mN31465E41429;MC;NA;4;4;S;M;0305;NEP
059540020020-6369;059540020020;100mN31465E41429;MC;NA;4;9;S;M;0614;NEP
059540020020-6370;059540020020;100mN31465E41429;MC;NA;2;23;M;F;1824;NEP
059540020020-6370;059540020020;100mN31465E41429;MC;NA;2;22;M;M;1824;NEP
059540020020-6371;059540020020;100mN31478E41406;SF;NA;2;71;S;F;6574;EMP
059540020020-6371;059540020020;100mN31478E41406;SF;NA;2;9;S;F;0614;NEP
059540020020-6372;059540020020;100mN31465E41429;S;NA;1;67;D;F;6574;NEP
059540020020-6373;059540020020;100mN31465E41429;S;NA;1;84;M;F;75XX;NEP
059540020020-6374;059540020020;100mN31484E41397;MC;OS;3;65;M;M;6574;EMP
059540020020-6374;059540020020;100mN31484E41397;MC;OS;3;83;M;F;75XX;EMP
059540020020-6374;059540020020;100mN31484E41397;MC;OS;3;70;S;M;6574;EMP
059540020020-6375;059540020020;100mN31465E41429;MC;NA;2;56;M;F;5064;EMP
059540020020-6375;059540020020;100mN31465E41429;MC;NA;2;55;M;M;5064;EMP
059540020020-6376;059540020020;100mN31465E41429;MC;NA;2;58;M;F;5064;EMP
059540020020-6376;059540020020;100mN31465E41429;MC;NA;2;60;M;M;5064;EMP
059540020020-6377;059540020020;100mN31465E41429;MC;OS;3;81;M;F;75XX;EMP
059540020020-6377;059540020020;100mN31465E41429;MC;OS;3;84;M;M;75XX;EMP
059540020020-6377;059540020020;100mN31465E41429;MC;OS;3;71;S;F;6574;NEP
059540020020-6378;059540020020;100mN31465E41429;MC;NA;3;48;M;M;4049;EMP
059540020020-6378;059540020020;100mN31465E41429;MC;NA;3;54;M;F;5064;EMP
059540020020-6378;059540020020;100mN31465E41429;MC;NA;3;32;S;M;3039;EMP
059540020020-6379;059540020020;100mN31465E41429;S;NA;1;44;M;F;4049;EMP
059540020020-6380;059540020020;100mN31481E41408;MC;NA;2;48;M;F;4049;NEP
059540020020-6380;059540020020;100mN31481E41408;MC;NA;2;51;M;M;5064;EMP
059540020020-6381;059540020020;100mN31465E41429;MC;MIX;2;65;M;F;6574;EMP
059540020020-6381;059540020020;100mN31465E41429;MC;MIX;2;32;S;M;3039;EMP
059540020020-6382;059540020020;100mN31465E41429;SF;NA;2;52;D;F;5064;NEP
059540020020-6382;059540020020;100mN31465E41429;SF;NA;2;8;S;M;0614;NEP
059540020020-6383;059540020020;100mN31465E41429;S;NA;1;52;M;M;5064;EMP
059540020020-6384;059540020020;100mN31465E41429;S;OS;1;46;M;F;4049;EMP
059540020020-6385;059540020020;100mN31465E41429;SF;NA;2;34;S;F;3039;EMP
059540020020-6385;059540020020;100mN31465E41429;SF;NA;2;19;D;F;1824;EMP
059540020020-6386;059540020020;100mN31465E41429;S;NA;1;68;M;M;6574;EMP
059540020020-6387;059540020020;100mN31465E41429;MC;NA;2;63;M;F;5064;NEP
059540020020-6387;059540020020;100mN31465E41429;MC;NA;2;61;M;M;5064;EMP
059540020020-6388;059540020020;100mN31465E41429;MC;NA;2;26;M;F;2529;EMP
059540020020-6388;059540020020;100mN31465E41429;MC;NA;2;32;M;M;3039;EMP
059540020020-6389;059540020020;100mN31465E41429;S;NA;1;19;W;M;1824;NEP
059540020020-6390;059540020020;100mN31465E41429;SF;NA;3;22;S;F;1824;NEP
059540020020-6390;059540020020;100mN31465E41429;SF;NA;3;1;S;F;0003;NEP
059540020020-6390;059540020020;100mN31465E41429;SF;NA;3;1;S;M;0003;NEP
059540020020-6391;059540020020;100mN31465E41429;S;OS;1;57;S;F;5064;NEP
059540020020-6392;059540020020;100mN31465E41429;SF;NA;2;71;D;F;6574;EMP
059540020020-6392;059540020020;100mN31465E41429;SF;NA;2;10;S;M;0614;NEP
059540020020-6393;059540020020;100mN31483E41400;PO;NA;2;40;S;M;4049;EMP
059540020020-6393;059540020020;100mN31483E41400;PO;NA;2;33;S;F;3039;NEP
059540020020-6394;059540020020;100mN31465E41429;MC;NA;4;61;M;F;5064;NEP
059540020020-6394;059540020020;100mN31465E41429;MC;NA;4;62;M;M;5064;NEP
059540020020-6394;059540020020;100mN31465E41429;MC;NA;4;45;M;M;4049;EMP
059540020020-6394;059540020020;100mN31465E41429;MC;NA;4;30;W;F;3039;EMP
059540020020-6395;059540020020;100mN31481E41411;S;OS;1;46;D;M;4049;NEP
059540020020-6396;059540020020;100mN31473E41420;MC;NA;3;59;M;F;5064;NEP
059540020020-6396;059540020020;100mN31473E41420;MC;NA;3;59;M;M;5064;EMP
059540020020-6396;059540020020;100mN31473E41420;MC;NA;3;11;S;F;0614;NEP
059540020020-6397;059540020020;100mN31465E41429;S;NA;1;55;M;M;5064;EMP
059540020020-6398;059540020020;100mN31485E41419;MC;OS;2;73;M;M;6574;EMP
059540020020-6398;059540020020;100mN31485E41419;MC;OS;2;72;M;F;6574;EMP
059540020020-6399;059540020020;100mN31468E41420;S;OS;1;88;M;F;75XX;EMP
059540020020-6400;059540020020;100mN31481E41409;NA;NA;2;21;S;M;1824;EMP
059540020020-6400;059540020020;100mN31481E41409;NA;NA;2;21;S;F;1824;NEP
059540020020-6401;059540020020;100mN31485E41419;PO;NA;2;38;S;M;3039;EMP
059540020020-6401;059540020020;100mN31485E41419;PO;NA;2;36;S;M;3039;NEP
059540020020-6402;059540020020;100mN31485E41419;SF;NA;6;48;S;F;4049;EMP
059540020020-6402;059540020020;100mN31485E41419;SF;NA;6;9;S;M;0614;NEP
059540020020-6402;059540020020;100mN31485E41419;SF;NA;6;21;D;M;1824;EMP
059540020020-6402;059540020020;100mN31485E41419;SF;NA;6;21;M;M;1824;EMP
059540020020-6402;059540020020;100mN31485E41419;SF;NA;6;18;M;F;1824;NEP
059540020020-6402;059540020020;100mN31485E41419;SF;NA;6;13;S;F;0614;NEP
059540020020-6403;059540020020;100mN31485E41419;S;NA;1;50;M;F;5064;EMP
059540020020-6404;059540020020;100mN31487E41438;SF;MIX;2;77;S;F;75XX;EMP
059540020020-6404;059540020020;100mN31487E41438;SF;MIX;2;15;S;F;1517;EMP
059540020020-6405;059540020020;100mN31498E41443;SF;MIX;2;76;W;F;75XX;NEP
059540020020-6405;059540020020;100mN31498E41443;SF;MIX;2;7;S;M;0614;NEP
059540020020-6406;059540020020;100mN31487E41438;PO;NA;2;54;S;F;5064;EMP
059540020020-6406;059540020020;100mN31487E41438;PO;NA;2;55;S;F;5064;EMP
059540020020-6407;059540020020;100mN31487E41438;S;NA;1;71;M;F;6574;EMP
059540020020-6408;059540020020;100mN31500E41422;MC;NA;2;57;M;F;5064;EMP
059540020020-6408;059540020020;100mN31500E41422;MC;NA;2;58;M;M;5064;NEP
059540020020-6409;059540020020;100mN31491E41404;S;NA;1;52;S;M;5064;NEP
059540020020-6410;059540020020;100mN31472E41424;MC;MIX;2;71;M;M;6574;EMP
059540020020-6410;059540020020;100mN31472E41424;MC;MIX;2;61;W;F;5064;EMP
059540020020-6411;059540020020;100mN31467E41429;PO;MIX;3;71;M;F;6574;EMP
059540020020-6411;059540020020;100mN31467E41429;PO;MIX;3;51;S;F;5064;NEP
059540020020-6411;059540020020;100mN31467E41429;PO;MIX;3;47;S;F;4049;NEP
059540020020-6412;059540020020;100mN31481E41410;S;OS;1;32;W;F;3039;NEP
059540020020-6413;059540020020;100mN31464E41427;MC;NA;2;37;M;M;3039;EMP
059540020020-6413;059540020020;100mN31464E41427;MC;NA;2;35;M;F;3039;EMP
059540020020-6414;059540020020;100mN31484E41418;PO;NA;4;43;S;F;4049;EMP
059540020020-6414;059540020020;100mN31484E41418;PO;NA;4;51;S;F;5064;EMP
059540020020-6414;059540020020;100mN31484E41418;PO;NA;4;11;S;F;0614;NEP
059540020020-6414;059540020020;100mN31484E41418;PO;NA;4;12;S;M;0614;NEP
059540020020-6415;059540020020;100mN31472E41420;SF;NA;2;58;S;F;5064;EMP
059540020020-6415;059540020020;100mN31472E41420;SF;NA;2;41;S;M;4049;EMP
059540020020-6416;059540020020;100mN31487E41426;MC;NA;2;50;M;M;5064;NEP
059540020020-6416;059540020020;100mN31487E41426;MC;NA;2;47;M;F;4049;EMP
059540020020-6417;059540020020;100mN31460E41426;SF;NA;2;61;D;F;5064;EMP
059540020020-6417;059540020020;100mN31460E41426;SF;NA;2;15;S;F;1517;EMP
059540020020-6418;059540020020;100mN31460E41426;S;NA;1;54;M;M;5064;EMP
059540020020-6419;059540020020;100mN31460E41426;MC;NA;4;44;M;M;4049;NEP
059540020020-6419;059540020020;100mN31460E41426;MC;NA;4;40;M;F;4049;EMP
059540020020-6419;059540020020;100mN31460E41426;MC;NA;4;10;S;M;0614;NEP
059540020020-6419;059540020020;100mN31460E41426;MC;NA;4;3;S;M;0305;NEP
059540020020-6420;059540020020;100mN31460E41426;MC;NA;2;38;M;M;3039;EMP
059540020020-6420;059540020020;100mN31460E41426;MC;NA;2;37;M;F;3039;NEP
059540020020-6421;059540020020;100mN31460E41426;MC;MIX;5;65;M;F;6574;EMP
059540020020-6421;059540020020;100mN31460E41426;MC;MIX;5;37;M;F;3039;NEP
059540020020-6421;059540020020;100mN31460E41426;MC;MIX;5;30;M;M;3039;NEP
059540020020-6421;059540020020;100mN31460E41426;MC;MIX;5;11;S;M;0614;NEP
059540020020-6421;059540020020;100mN31460E41426;MC;MIX;5;6;S;M;0614;NEP
059540020020-6422;059540020020;100mN31460E41426;S;NA;1;68;M;F;6574;EMP
059540020020-6423;059540020020;100mN31460E41426;MC;NA;3;46;M;F;4049;EMP
059540020020-6423;059540020020;100mN31460E41426;MC;NA;3;48;M;M;4049;EMP
059540020020-6423;059540020020;100mN31460E41426;MC;NA;3;1;S;M;0003;NEP
059540020020-6424;059540020020;100mN31472E41422;SM;NA;2;58;W;M;5064;NEP
059540020020-6424;059540020020;100mN31472E41422;SM;NA;2;22;S;M;1824;EMP
059540020020-6425;059540020020;100mN31494E41425;MC;NA;2;25;M;M;2529;EMP
059540020020-6425;059540020020;100mN31494E41425;MC;NA;2;22;M;F;1824;NEP
059540020020-6426;059540020020;100mN31460E41426;S;NA;1;57;M;M;5064;EMP
059540020020-6427;059540020020;100mN31460E41426;S;OS;1;43;W;M;4049;EMP
059540020020-6428;059540020020;100mN31460E41426;MC;MIX;2;76;M;M;75XX;NEP
059540020020-6428;059540020020;100mN31460E41426;MC;MIX;2;53;M;F;5064;EMP
059540020020-6429;059540020020;100mN31471E41425;S;NA;1;42;M;M;4049;EMP
059540020020-6430;059540020020;100mN31478E41402;MC;NA;2;63;M;M;5064;EMP
059540020020-6430;059540020020;100mN31478E41402;MC;NA;2;61;M;F;5064;NEP
059540020020-6431;059540020020;100mN31471E41425;PO;NA;2;62;S;M;5064;EMP
059540020020-6431;059540020020;100mN31471E41425;PO;NA;2;56;S;F;5064;EMP
059540020020-6432;059540020020;100mN31480E41408;S;NA;1;45;D;F;4049;EMP
059540020020-6433;059540020020;100mN31471E41425;MC;NA;4;61;M;F;5064;NEP
059540020020-6433;059540020020;100mN31471E41425;MC;NA;4;62;M;M;5064;NEP
059540020020-6433;059540020020;100mN31471E41425;MC;NA;4;12;S;M;0614;NEP
059540020020-6433;059540020020;100mN31471E41425;MC;NA;4;4;S;F;0305;NEP
059540020020-6434;059540020020;100mN31500E41423;S;OS;1;40;S;F;4049;EMP
059540020020-6435;059540020020;100mN31471E41425;MC;OS;2;78;M;M;75XX;EMP
059540020020-6435;059540020020;100mN31471E41425;MC;OS;2;88;M;F;75XX;NEP
059540020020-6436;059540020020;100mN31473E41431;MC;NA;2;28;M;M;2529;EMP
059540020020-6436;059540020020;100mN31473E41431;MC;NA;2;28;M;F;2529;EMP
059540020020-6437;059540020020;100mN31471E41425;S;NA;1;41;M;F;4049;NEP
059540020020-6438;059540020020;100mN31471E41425;MC;NA;2;48;M;F;4049;NEP
059540020020-6438;059540020020;100mN31471E41425;MC;NA;2;51;M;M;5064;NEP
059540020020-6439;059540020020;100mN31480E41406;PO;OS;2;72;S;M;6574;EMP
059540020020-6439;059540020020;100mN31480E41406;PO;OS;2;65;S;M;6574;NEP
059540020020-6440;059540020020;100mN31471E41425;S;NA;1;51;M;F;5064;EMP
059540020020-6441;059540020020;100mN31495E41444;S;OS;1;86;S;F;75XX;EMP
059540020020-6442;059540020020;100mN31471E41425;S;NA;1;45;S;M;4049;EMP
059540020020-6443;059540020020;100mN31471E41425;S;OS;1;72;M;M;6574;EMP
059540020020-6444;059540020020;100mN31471E41425;MC;OS;3;81;M;F;75XX;NEP
059540020020-6444;059540020020;100mN31471E41425;MC;OS;3;86;M;M;75XX;EMP
059540020020-6444;059540020020;100mN31471E41425;MC;OS;3;78;M;M;75XX;EMP
059540020020-6445;059540020020;100mN31471E41425;S;NA;1;38;M;M;3039;NEP
059540020020-6446;059540020020;100mN31481E41404;SF;NA;3;54;D;F;5064;NEP
059540020020-6446;059540020020;100mN31481E41404;SF;NA;3;4;S;M;0305;NEP
059540020020-6446;059540020020;100mN31481E41404;SF;NA;3;10;S;M;0614;NEP
059540020020-6447;059540020020;100mN31471E41425;MC;OS;2;76;M;M;75XX;NEP
059540020020-6447;059540020020;100mN31471E41425;MC;OS;2;76;M;F;75XX;EMP
059540020020-6448;059540020020;100mN31471E41425;MC;NA;2;56;M;F;5064;EMP
059540020020-6448;059540020020;100mN31471E41425;MC;NA;2;57;M;M;5064;NEP
059540020020-6449;059540020020;100mN31471E41425;MC;MIX;2;84;M;M;75XX;EMP
059540020020-6449;059540020020;100mN31471E41425;MC;MIX;2;88;M;F;75XX;NEP
059540020020-6450;059540020020;100mN31471E41425;MC;NA;2;52;M;F;5064;EMP
059540020020-6450;059540020020;100mN31471E41425;MC;NA;2;44;M;M;4049;EMP
059540020020-6451;059540020020;100mN31471E41425;MC;MIX;2;86;M;M;75XX;EMP
059540020020-6451;059540020020;100mN31471E41425;MC;MIX;2;47;S;M;4049;NEP
059540020020-6452;059540020020;100mN31472E41430;MC;NA;3;55;M;F;5064;NEP
059540020020-6452;059540020020;100mN31472E41430;MC;NA;3;21;M;F;1824;NEP
059540020020-6452;059540020020;100mN31472E41430;MC;NA;3;7;S;M;0614;NEP
059540020020-6453;059540020020;100mN31471E41425;MC;OS;2;66;M;M;6574;EMP
059540020020-6453;059540020020;100mN31471E41425;MC;OS;2;65;M;F;6574;NEP
059540020020-6454;059540020020;100mN31479E41407;S;OS;1;33;S;M;3039;EMP
059540020020-6455;059540020020;100mN31471E41425;MC;NA;3;48;M;M;4049;EMP
059540020020-6455;059540020020;100mN31471E41425;MC;NA;3;46;M;F;4049;EMP
059540020020-6455;059540020020;100mN31471E41425;MC;NA;3;1;S;M;0003;NEP
059540020020-6456;059540020020;100mN31497E41444;S;OS;1;34;S;M;3039;EMP
059540020020-6457;059540020020;100mN31472E41420;S;OS;1;77;D;F;75XX;EMP
059540020020-6458;059540020020;100mN31483E41414;MC;NA;2;40;M;F;4049;EMP
059540020020-6458;059540020020;100mN31483E41414;MC;NA;2;40;M;M;4049;EMP
059540020020-6459;059540020020;100mN31483E41412;MC;MIX;3;73;M;F;6574;EMP
059540020020-6459;059540020020;100mN31483E41412;MC;MIX;3;57;M;M;5064;EMP
059540020020-6459;059540020020;100mN31483E41412;MC;MIX;3;58;M;F;5064;EMP
059540020020-6460;059540020020;100mN31463E41419;S;NA;1;57;S;M;5064;NEP
059540020020-6461;059540020020;100mN31488E41427;MC;NA;2;18;M;F;1824;EMP
059540020020-6461;059540020020;100mN31488E41427;MC;NA;2;44;M;M;4049;EMP
059540020020-6462;059540020020;100mN31488E41427;MC;OS;2;72;M;F;6574;NEP
059540020020-6462;059540020020;100mN31488E41427;MC;OS;2;81;M;M;75XX;EMP
059540020020-6463;059540020020;100mN31488E41427;S;NA;1;42;M;F;4049;EMP
059540020020-6464;059540020020;100mN31464E41427;MC;NA;2;37;M;M;3039;EMP
059540020020-6464;059540020020;100mN31464E41427;MC;NA;2;35;M;F;3039;EMP
059540020020-6465;059540020020;100mN31488E41427;MC;MIX;2;86;M;F;75XX;NEP
059540020020-6465;059540020020;100mN31488E41427;MC;MIX;2;55;M;F;5064;NEP
059540020020-6466;059540020020;100mN31488E41427;MC;OS;4;80;M;M;75XX;UEP
059540020020-6466;059540020020;100mN31488E41427;MC;OS;4;72;M;F;6574;EMP
059540020020-6466;059540020020;100mN31488E41427;MC;OS;4;68;S;F;6574;NEP
059540020020-6466;059540020020;100mN31488E41427;MC;OS;4;76;S;M;75XX;NEP
059540020020-6467;059540020020;100mN31488E41427;MC;OS;2;75;M;F;75XX;EMP
059540020020-6467;059540020020;100mN31488E41427;MC;OS;2;77;M;M;75XX;EMP
059540020020-6468;059540020020;100mN31485E41411;MC;OS;2;70;M;F;6574;NEP
059540020020-6468;059540020020;100mN31485E41411;MC;OS;2;69;M;M;6574;EMP
059540020020-6469;059540020020;100mN31485E41411;S;NA;1;54;S;F;5064;EMP
059540020020-6470;059540020020;100mN31485E41411;S;NA;1;41;M;M;4049;EMP
059540020020-6471;059540020020;100mN31463E41424;S;OS;1;61;D;F;5064;NEP
059540020020-6472;059540020020;100mN31483E41413;S;NA;1;60;W;F;5064;EMP
059540020020-6473;059540020020;100mN31485E41411;S;NA;1;71;M;M;6574;EMP
059540020020-6474;059540020020;100mN31485E41411;MC;OS;2;70;M;F;6574;EMP
059540020020-6474;059540020020;100mN31485E41411;MC;OS;2;70;M;M;6574;NEP
059540020020-6475;059540020020;100mN31485E41411;S;NA;1;52;W;F;5064;EMP
059540020020-6476;059540020020;100mN31485E41411;MC;NA;3;41;M;M;4049;EMP
059540020020-6476;059540020020;100mN31485E41411;MC;NA;3;37;M;F;3039;NEP
059540020020-6476;059540020020;100mN31485E41411;MC;NA;3;22;S;F;1824;NEP
059540020020-6477;059540020020;100mN31485E41411;MC;NA;2;42;M;F;4049;NEP
059540020020-6477;059540020020;100mN31485E41411;MC;NA;2;42;M;M;4049;EMP
059540020020-6478;059540020020;100mN31491E41415;SF;MIX;4;65;W;F;6574;NEP
059540020020-6478;059540020020;100mN31491E41415;SF;MIX;4;54;S;F;5064;NEP
059540020020-6478;059540020020;100mN31491E41415;SF;MIX;4;1;S;F;0003;NEP
059540020020-6478;059540020020;100mN31491E41415;SF;MIX;4;6;S;M;0614;NEP
059540020020-6479;059540020020;100mN31485E41408;MC;NA;4;52;M;M;5064;UEP
059540020020-6479;059540020020;100mN31485E41408;MC;NA;4;59;M;F;5064;EMP
059540020020-6479;059540020020;100mN31485E41408;MC;NA;4;32;M;F;3039;NEP
059540020020-6479;059540020020;100mN31485E41408;MC;NA;4;9;S;M;0614;NEP
059540020020-6480;059540020020;100mN31485E41411;MC;NA;2;50;M;F;5064;NEP
059540020020-6480;059540020020;100mN31485E41411;MC;NA;2;56;M;M;5064;EMP
059540020020-6481;059540020020;100mN31485E41411;MC;NA;2;40;M;M;4049;EMP
059540020020-6481;059540020020;100mN31485E41411;MC;NA;2;43;M;F;4049;NEP
059540020020-6482;059540020020;100mN31485E41411;S;NA;1;70;S;M;6574;EMP
059540020020-6483;059540020020;100mN31483E41413;MC;NA;3;62;M;F;5064;EMP
059540020020-6483;059540020020;100mN31483E41413;MC;NA;3;63;M;M;5064;EMP
059540020020-6483;059540020020;100mN31483E41413;MC;NA;3;25;W;M;2529;EMP
059540020020-6484;059540020020;100mN31485E41411;S;NA;1;63;W;F;5064;NEP
059540020020-6485;059540020020;100mN31485E41411;MC;NA;2;57;M;F;5064;NEP
059540020020-6485;059540020020;100mN31485E41411;MC;NA;2;61;M;M;5064;EMP
059540020020-6486;059540020020;100mN31485E41411;MC;NA;2;59;M;M;5064;EMP
059540020020-6486;059540020020;100mN31485E41411;MC;NA;2;47;M;F;4049;EMP
059540020020-6487;059540020020;100mN31485E41411;MC;NA;2;54;M;M;5064;NEP
059540020020-6487;059540020020;100mN31485E41411;MC;NA;2;50;M;F;5064;EMP
059540020020-6488;059540020020;100mN31481E41413;SF;NA;2;16;S;F;1517;EMP
059540020020-6488;059540020020;100mN31481E41413;SF;NA;2;1;S;M;0003;NEP
059540020020-6489;059540020020;100mN31485E41411;SF;NA;2;45;S;F;4049;NEP
059540020020-6489;059540020020;100mN31485E41411;SF;NA;2;9;S;F;0614;NEP
059540020020-6490;059540020020;100mN31473E41432;S;NA;1;18;M;M;1824;EMP
059540020020-6491;059540020020;100mN31485E41411;S;NA;1;82;D;M;75XX;EMP
059540020020-6492;059540020020;100mN31485E41411;MC;NA;2;40;M;M;4049;EMP
059540020020-6492;059540020020;100mN31485E41411;MC;NA;2;40;M;F;4049;NEP
059540020020-6493;059540020020;100mN31485E41411;MC;NA;2;31;M;M;3039;NEP
059540020020-6493;059540020020;100mN31485E41411;MC;NA;2;27;M;F;2529;EMP
059540020020-6494;059540020020;100mN31481E41414;MC;NA;4;62;M;F;5064;EMP
059540020020-6494;059540020020;100mN31481E41414;MC;NA;4;61;M;M;5064;EMP
059540020020-6494;059540020020;100mN31481E41414;MC;NA;4;6;S;M;0614;NEP
059540020020-6494;059540020020;100mN31481E41414;MC;NA;4;12;S;F;0614;NEP
059540020020-6495;059540020020;100mN31473E41430;SF;NA;2;48;D;F;4049;NEP
059540020020-6495;059540020020;100mN31473E41430;SF;NA;2;9;S;F;0614;NEP
059540020020-6496;059540020020;100mN31485E41411;MC;NA;4;30;M;F;3039;EMP
059540020020-6496;059540020020;100mN31485E41411;MC;NA;4;31;M;M;3039;NEP
059540020020-6496;059540020020;100mN31485E41411;MC;NA;4;12;S;M;0614;NEP
059540020020-6496;059540020020;100mN31485E41411;MC;NA;4;15;S;F;1517;EMP
059540020020-6497;059540020020;100mN31485E41411;MC;MIX;4;68;M;M;6574;NEP
059540020020-6497;059540020020;100mN31485E41411;MC;MIX;4;45;M;M;4049;EMP
059540020020-6497;059540020020;100mN31485E41411;MC;MIX;4;42;M;F;4049;NEP
059540020020-6497;059540020020;100mN31485E41411;MC;MIX;4;13;S;M;0614;NEP
059540020020-6498;059540020020;100mN31491E41438;MC;NA;2;45;M;F;4049;NEP
059540020020-6498;059540020020;100mN31491E41438;MC;NA;2;45;M;M;4049;EMP
059540020020-6499;059540020020;100mN31485E41411;MC;NA;2;22;M;F;1824;EMP
059540020020-6499;059540020020;100mN31485E41411;MC;NA;2;23;M;M;1824;EMP
059540020020-6500;059540020020;100mN31485E41411;MC;NA;3;34;M;M;3039;NEP
059540020020-6500;059540020020;100mN31485E41411;MC;NA;3;28;M;F;2529;EMP
059540020020-6500;059540020020;100mN31485E41411;MC;NA;3;18;M;F;1824;EMP
059540020020-6501;059540020020;100mN31485E41411;MC;NA;4;41;M;F;4049;NEP
059540020020-6501;059540020020;100mN31485E41411;MC;NA;4;48;M;M;4049;EMP
059540020020-6501;059540020020;100mN31485E41411;MC;NA;4;10;S;F;0614;NEP
059540020020-6501;059540020020;100mN31485E41411;MC;NA;4;20;S;M;1824;NEP
059540020020-6502;059540020020;100mN31485E41411;S;OS;1;48;D;M;4049;EMP
059540020020-6503;059540020020;100mN31485E41411;MC;OS;2;86;M;F;75XX;EMP
059540020020-6503;059540020020;100mN31485E41411;MC;OS;2;12;S;F;0614;NEP
059540020020-6504;059540020020;100mN31481E41405;MC;OS;2;71;M;M;6574;EMP
059540020020-6504;059540020020;100mN31481E41405;MC;OS;2;68;M;F;6574;NEP
059540020020-6505;059540020020;100mN31485E41411;MC;OS;2;81;M;F;75XX;EMP
059540020020-6505;059540020020;100mN31485E41411;MC;OS;2;45;S;M;4049;NEP
059540020020-6506;059540020020;100mN31485E41411;MC;NA;3;44;M;F;4049;EMP
059540020020-6506;059540020020;100mN31485E41411;MC;NA;3;43;M;M;4049;EMP
059540020020-6506;059540020020;100mN31485E41411;MC;NA;3;1;S;M;0003;NEP
059540020020-6507;059540020020;100mN31485E41411;S;OS;1;18;S;M;1824;EMP
059540020020-6508;059540020020;100mN31483E41405;S;NA;1;18;W;F;1824;NEP
059540020020-6509;059540020020;100mN31485E41411;S;NA;1;52;M;M;5064;NEP
059540020020-6510;059540020020;100mN31485E41411;S;NA;1;46;S;F;4049;EMP
059540020020-6511;059540020020;100mN31468E41425;PO;NA;2;18;S;M;1824;NEP
059540020020-6511;059540020020;100mN31468E41425;PO;NA;2;23;S;F;1824;EMP
059540020020-6512;059540020020;100mN31471E41432;NA;OS;2;61;S;M;5064;EMP
059540020020-6512;059540020020;100mN31471E41432;NA;OS;2;80;S;M;75XX;NEP
059540020020-6513;059540020020;100mN31472E41419;S;OS;1;26;S;M;2529;EMP
059540020020-6514;059540020020;100mN31484E41418;S;OS;1;46;S;F;4049;EMP
059540020020-6515;059540020020;100mN31479E41407;S;NA;1;86;S;M;75XX;NEP
059540020020-6516;059540020020;100mN31484E41414;MC;NA;4;34;M;F;3039;EMP
059540020020-6516;059540020020;100mN31484E41414;MC;NA;4;36;M;M;3039;NEP
059540020020-6516;059540020020;100mN31484E41414;MC;NA;4;12;S;F;0614;NEP
059540020020-6516;059540020020;100mN31484E41414;MC;NA;4;4;S;F;0305;NEP
059540020020-6517;059540020020;100mN31479E41407;S;OS;1;22;M;F;1824;NEP
059540020020-6518;059540020020;100mN31479E41407;MC;OS;2;80;M;F;75XX;NEP
059540020020-6518;059540020020;100mN31479E41407;MC;OS;2;81;M;M;75XX;EMP
059540020020-6519;059540020020;100mN31479E41407;S;OS;1;21;S;M;1824;EMP
059540020020-6520;059540020020;100mN31483E41404;MC;NA;3;31;M;F;3039;EMP
059540020020-6520;059540020020;100mN31483E41404;MC;NA;3;31;M;M;3039;NEP
059540020020-6520;059540020020;100mN31483E41404;MC;NA;3;11;S;M;0614;NEP
059540020020-6521;059540020020;100mN31479E41407;S;NA;1;38;S;M;3039;NEP
059540020020-6522;059540020020;100mN31479E41407;MC;NA;2;30;M;M;3039;EMP
059540020020-6522;059540020020;100mN31479E41407;MC;NA;2;22;M;F;1824;EMP
059540020020-6523;059540020020;100mN31479E41407;S;NA;1;59;S;F;5064;EMP
059540020020-6524;059540020020;100mN31479E41407;S;NA;1;51;M;F;5064;EMP
059540020020-6525;059540020020;100mN31481E41415;MC;NA;2;42;M;M;4049;EMP
059540020020-6525;059540020020;100mN31481E41415;MC;NA;2;33;M;F;3039;NEP
059540020020-6526;059540020020;100mN31479E41407;S;NA;1;56;D;F;5064;EMP
059540020020-6527;059540020020;100mN31473E41422;SF;NA;4;34;W;F;3039;EMP
059540020020-6527;059540020020;100mN31473E41422;SF;NA;4;12;S;M;0614;NEP
059540020020-6527;059540020020;100mN31473E41422;SF;NA;4;12;S;M;0614;NEP
059540020020-6527;059540020020;100mN31473E41422;SF;NA;4;18;M;M;1824;NEP
059540020020-6528;059540020020;100mN31479E41407;S;NA;1;61;M;F;5064;NEP
059540020020-6529;059540020020;100mN31479E41407;PO;NA;3;33;S;M;3039;NEP
059540020020-6529;059540020020;100mN31479E41407;PO;NA;3;30;S;M;3039;EMP
059540020020-6529;059540020020;100mN31479E41407;PO;NA;3;18;M;F;1824;EMP
059540020020-6530;059540020020;100mN31484E41414;S;NA;1;78;W;F;75XX;EMP
059540020020-6531;059540020020;100mN31479E41407;S;NA;1;41;M;M;4049;NEP
059540020020-6532;059540020020;100mN31479E41407;S;NA;1;26;M;F;2529;NEP
059540020020-6533;059540020020;100mN31479E41407;MC;NA;2;32;M;M;3039;EMP
059540020020-6533;059540020020;100mN31479E41407;MC;NA;2;33;M;F;3039;EMP
059540020020-6534;059540020020;100mN31479E41407;S;NA;1;47;D;F;4049;NEP
059540020020-6535;059540020020;100mN31479E41407;MC;OS;2;78;M;F;75XX;NEP
059540020020-6535;059540020020;100mN31479E41407;MC;OS;2;79;M;M;75XX;EMP
059540020020-6536;059540020020;100mN31479E41407;S;NA;1;32;M;M;3039;UEP
059540020020-6537;059540020020;100mN31479E41407;MC;NA;6;60;M;M;5064;EMP
059540020020-6537;059540020020;100mN31479E41407;MC;NA;6;61;M;F;5064;EMP
059540020020-6537;059540020020;100mN31479E41407;MC;NA;6;41;M;M;4049;EMP
059540020020-6537;059540020020;100mN31479E41407;MC;NA;6;6;S;M;0614;NEP
059540020020-6537;059540020020;100mN31479E41407;MC;NA;6;0;S;F;0003;NEP
059540020020-6537;059540020020;100mN31479E41407;MC;NA;6;3;S;F;0305;NEP
059540020020-6538;059540020020;100mN31479E41407;S;NA;1;50;M;F;5064;NEP
059540020020-6539;059540020020;100mN31479E41407;MC;NA;3;58;M;M;5064;NEP
059540020020-6539;059540020020;100mN31479E41407;MC;NA;3;62;M;F;5064;EMP
059540020020-6539;059540020020;100mN31479E41407;MC;NA;3;2;S;M;0003;NEP
059540020020-6540;059540020020;100mN31479E41402;MC;MIX;2;66;M;F;6574;NEP
059540020020-6540;059540020020;100mN31479E41402;MC;MIX;2;30;W;F;3039;NEP
059540020020-6541;059540020020;100mN31479E41407;SF;NA;3;65;S;F;6574;NEP
059540020020-6541;059540020020;100mN31479E41407;SF;NA;3;42;M;F;4049;EMP
059540020020-6541;059540020020;100mN31479E41407;SF;NA;3;6;S;F;0614;NEP
059540020020-6542;059540020020;100mN31479E41407;S;NA;1;63;S;M;5064;EMP
059540020020-6543;059540020020;100mN31479E41407;MC;NA;5;35;M;F;3039;NEP
059540020020-6543;059540020020;100mN31479E41407;MC;NA;5;44;M;M;4049;EMP
059540020020-6543;059540020020;100mN31479E41407;MC;NA;5;20;M;M;1824;NEP
059540020020-6543;059540020020;100mN31479E41407;MC;NA;5;20;S;M;1824;NEP
059540020020-6543;059540020020;100mN31479E41407;MC;NA;5;9;S;F;0614;NEP
059540020020-6544;059540020020;100mN31479E41407;MC;OS;5;87;M;F;75XX;EMP
059540020020-6544;059540020020;100mN31479E41407;MC;OS;5;88;M;M;75XX;EMP
059540020020-6544;059540020020;100mN31479E41407;MC;OS;5;67;S;M;6574;NEP
059540020020-6544;059540020020;100mN31479E41407;MC;OS;5;83;D;F;75XX;EMP
059540020020-6544;059540020020;100mN31479E41407;MC;OS;5;76;D;F;75XX;EMP
059540020020-6545;059540020020;100mN31479E41407;S;OS;1;58;M;M;5064;NEP
059540020020-6546;059540020020;100mN31479E41407;S;OS;1;44;M;M;4049;EMP
059540020020-6547;059540020020;100mN31479E41407;MC;NA;4;33;M;F;3039;NEP
059540020020-6547;059540020020;100mN31479E41407;MC;NA;4;42;M;M;4049;EMP
059540020020-6547;059540020020;100mN31479E41407;MC;NA;4;1;S;M;0003;NEP
059540020020-6547;059540020020;100mN31479E41407;MC;NA;4;8;S;M;0614;NEP
059540020020-6548;059540020020;100mN31462E41426;S;OS;1;81;W;F;75XX;NEP
059540020020-6549;059540020020;100mN31479E41407;NA;OS;2;34;S;M;3039;EMP
059540020020-6549;059540020020;100mN31479E41407;NA;OS;2;44;D;F;4049;EMP
059540020020-6550;059540020020;100mN31479E41407;S;OS;1;53;M;F;5064;EMP
059540020020-6551;059540020020;100mN31474E41423;MC;NA;5;32;M;M;3039;NEP
059540020020-6551;059540020020;100mN31474E41423;MC;NA;5;37;M;F;3039;EMP
059540020020-6551;059540020020;100mN31474E41423;MC;NA;5;3;S;F;0305;NEP
059540020020-6551;059540020020;100mN31474E41423;MC;NA;5;11;S;M;0614;NEP
059540020020-6551;059540020020;100mN31474E41423;MC;NA;5;6;S;F;0614;NEP
059540020020-6552;059540020020;100mN31479E41407;MC;OS;3;65;M;F;6574;EMP
059540020020-6552;059540020020;100mN31479E41407;MC;OS;3;88;M;M;75XX;EMP
059540020020-6552;059540020020;100mN31479E41407;MC;OS;3;89;M;F;75XX;EMP
059540020020-6553;059540020020;100mN31498E41417;MC;MIX;2;75;M;M;75XX;EMP
059540020020-6553;059540020020;100mN31498E41417;MC;MIX;2;56;M;F;5064;EMP
059540020020-6554;059540020020;100mN31467E41429;MC;NA;5;47;M;F;4049;EMP
059540020020-6554;059540020020;100mN31467E41429;MC;NA;5;41;M;M;4049;EMP
059540020020-6554;059540020020;100mN31467E41429;MC;NA;5;19;W;F;1824;NEP
059540020020-6554;059540020020;100mN31467E41429;MC;NA;5;7;S;M;0614;NEP
059540020020-6554;059540020020;100mN31467E41429;MC;NA;5;12;S;F;0614;NEP
059540020020-6555;059540020020;100mN31479E41407;S;OS;1;33;S;M;3039;EMP
059540020020-6556;059540020020;100mN31484E41415;S;NA;1;67;D;F;6574;EMP
059540020020-6557;059540020020;100mN31471E41432;SF;NA;2;45;S;F;4049;NEP
059540020020-6557;059540020020;100mN31471E41432;SF;NA;2;19;W;F;1824;EMP
059540020020-6558;059540020020;100mN31479E41407;S;OS;1;27;W;F;2529;NEP
059540020020-6559;059540020020;100mN31479E41407;MC;NA;2;47;M;F;4049;EMP
059540020020-6559;059540020020;100mN31479E41407;MC;NA;2;44;M;M;4049;NEP
059540020020-6560;059540020020;100mN31473E41422;MC;OS;2;66;M;M;6574;EMP
059540020020-6560;059540020020;100mN31473E41422;MC;OS;2;67;M;F;6574;NEP
059540020020-6561;059540020020;100mN31488E41438;SF;MIX;6;65;D;M;6574;EMP
059540020020-6561;059540020020;100mN31488E41438;SF;MIX;6;65;W;F;6574;NEP
059540020020-6561;059540020020;100mN31488E41438;SF;MIX;6;9;S;M;0614;NEP
059540020020-6561;059540020020;100mN31488E41438;SF;MIX;6;12;S;M;0614;NEP
059540020020-6561;059540020020;100mN31488E41438;SF;MIX;6;7;S;F;0614;NEP
059540020020-6561;059540020020;100mN31488E41438;SF;MIX;6;13;S;M;0614;NEP
059540020020-6562;059540020020;100mN31472E41432;S;NA;1;67;W;M;6574;EMP
059540020020-6563;059540020020;100mN31479E41407;MC;NA;2;61;M;F;5064;EMP
059540020020-6563;059540020020;100mN31479E41407;MC;NA;2;63;M;M;5064;UEP
059540020020-6564;059540020020;100mN31467E41429;MC;NA;4;48;M;F;4049;NEP
059540020020-6564;059540020020;100mN31467E41429;MC;NA;4;44;M;M;4049;EMP
059540020020-6564;059540020020;100mN31467E41429;MC;NA;4;21;S;M;1824;NEP
059540020020-6564;059540020020;100mN31467E41429;MC;NA;4;23;M;F;1824;EMP
059540020020-6565;059540020020;100mN31472E41422;SF;NA;4;73;S;F;6574;EMP
059540020020-6565;059540020020;100mN31472E41422;SF;NA;4;57;D;F;5064;EMP
059540020020-6565;059540020020;100mN31472E41422;SF;NA;4;10;S;M;0614;NEP
059540020020-6565;059540020020;100mN31472E41422;SF;NA;4;10;S;M;0614;NEP
059540020020-6566;059540020020;100mN31479E41407;MC;OS;2;65;M;M;6574;NEP
059540020020-6566;059540020020;100mN31479E41407;MC;OS;2;65;M;F;6574;EMP
059540020020-6567;059540020020;100mN31479E41407;S;NA;1;41;M;M;4049;EMP
059540020020-6568;059540020020;100mN31479E41407;S;OS;1;76;M;F;75XX;NEP
059540020020-6569;059540020020;100mN31479E41407;S;NA;1;52;D;F;5064;NEP
059540020020-6570;059540020020;100mN31479E41407;SM;MIX;2;88;D;M;75XX;UEP
059540020020-6570;059540020020;100mN31479E41407;SM;MIX;2;8;S;M;0614;NEP
059540020020-6571;059540020020;100mN31479E41407;S;OS;1;20;M;F;1824;EMP
059540020020-6572;059540020020;100mN31479E41407;MC;NA;4;38;M;F;3039;NEP
059540020020-6572;059540020020;100mN31479E41407;MC;NA;4;56;M;M;5064;EMP
059540020020-6572;059540020020;100mN31479E41407;MC;NA;4;20;M;M;1824;NEP
059540020020-6572;059540020020;100mN31479E41407;MC;NA;4;19;D;M;1824;NEP
059540020020-6573;059540020020;100mN31479E41407;MC;OS;3;67;M;M;6574;EMP
059540020020-6573;059540020020;100mN31479E41407;MC;OS;3;77;M;F;75XX;EMP
059540020020-6573;059540020020;100mN31479E41407;MC;OS;3;73;M;F;6574;NEP
059540020020-6574;059540020020;100mN31479E41407;MC;NA;2;26;M;F;2529;EMP
059540020020-6574;059540020020;100mN31479E41407;MC;NA;2;27;M;M;2529;NEP
059540020020-6575;059540020020;100mN31479E41407;S;NA;1;46;D;M;4049;NEP
059540020020-6576;059540020020;100mN31479E41407;PO;OS;2;72;S;M;6574;EMP
059540020020-6576;059540020020;100mN31479E41407;PO;OS;2;70;S;M;6574;EMP
059540020020-6577;059540020020;100mN31479E41407;MC;OS;2;82;M;F;75XX;NEP
059540020020-6577;059540020020;100mN31479E41407;MC;OS;2;84;M;M;75XX;UEP
059540020020-6578;059540020020;100mN31479E41407;S;NA;1;63;M;F;5064;NEP
059540020020-6579;059540020020;100mN31479E41407;MC;NA;2;47;M;M;4049;EMP
059540020020-6579;059540020020;100mN31479E41407;MC;NA;2;48;M;F;4049;EMP
059540020020-6580;059540020020;100mN31473E41418;S;NA;1;65;M;F;6574;NEP
059540020020-6581;059540020020;100mN31481E41412;SF;NA;5;47;S;F;4049;NEP
059540020020-6581;059540020020;100mN31481E41412;SF;NA;5;9;S;M;0614;NEP
059540020020-6581;059540020020;100mN31481E41412;SF;NA;5;16;S;M;1517;EMP
059540020020-6581;059540020020;100mN31481E41412;SF;NA;5;1;S;M;0003;NEP
059540020020-6581;059540020020;100mN31481E41412;SF;NA;5;7;S;M;0614;NEP
059540020020-6582;059540020020;100mN31479E41407;MC;MIX;5;71;W;F;6574;EMP
059540020020-6582;059540020020;100mN31479E41407;MC;MIX;5;37;M;F;3039;EMP
059540020020-6582;059540020020;100mN31479E41407;MC;MIX;5;40;M;M;4049;EMP
059540020020-6582;059540020020;100mN31479E41407;MC;MIX;5;16;S;F;1517;NEP
059540020020-6582;059540020020;100mN31479E41407;MC;MIX;5;19;M;M;1824;EMP
059540020020-6583;059540020020;100mN31473E41422;MC;NA;2;60;M;M;5064;NEP
059540020020-6583;059540020020;100mN31473E41422;MC;NA;2;58;M;F;5064;EMP
059540020020-6584;059540020020;100mN31479E41407;MC;OS;3;70;M;M;6574;EMP
059540020020-6584;059540020020;100mN31479E41407;MC;OS;3;67;M;F;6574;EMP
059540020020-6584;059540020020;100mN31479E41407;MC;OS;3;79;M;F;75XX;NEP
059540020020-6585;059540020020;100mN31479E41407;S;OS;1;65;W;M;6574;EMP
059540020020-6586;059540020020;100mN31491E41415;MC;OS;3;78;M;F;75XX;NEP
059540020020-6586;059540020020;100mN31491E41415;MC;OS;3;86;M;M;75XX;NEP
059540020020-6586;059540020020;100mN31491E41415;MC;OS;3;66;M;F;6574;NEP
059540020020-6587;059540020020;100mN31491E41398;SF;NA;4;73;W;F;6574;NEP
059540020020-6587;059540020020;100mN31491E41398;SF;NA;4;16;S;F;1517;NEP
059540020020-6587;059540020020;100mN31491E41398;SF;NA;4;45;M;M;4049;EMP
059540020020-6587;059540020020;100mN31491E41398;SF;NA;4;16;S;M;1517;NEP
059540020020-6588;059540020020;100mN31473E41431;MC;MIX;2;82;M;M;75XX;NEP
059540020020-6588;059540020020;100mN31473E41431;MC;MIX;2;6;S;F;0614;NEP
059540020020-6589;059540020020;100mN31473E41430;S;NA;1;52;W;F;5064;EMP
059540020020-6590;059540020020;100mN31497E41445;S;NA;1;41;M;M;4049;EMP
059540020020-6591;059540020020;100mN31475E41420;MC;NA;2;59;M;F;5064;EMP
059540020020-6591;059540020020;100mN31475E41420;MC;NA;2;59;M;M;5064;UEP
059540020020-6592;059540020020;100mN31479E41400;S;OS;1;53;W;M;5064;EMP
059540020020-6593;059540020020;100mN31479E41400;NA;NA;2;23;M;M;1824;EMP
059540020020-6593;059540020020;100mN31479E41400;NA;NA;2;52;S;M;5064;EMP
059540020020-6594;059540020020;100mN31479E41400;S;NA;1;46;M;M;4049;NEP
059540020020-6595;059540020020;100mN31479E41400;MC;NA;4;56;M;M;5064;NEP
059540020020-6595;059540020020;100mN31479E41400;MC;NA;4;81;M;F;75XX;EMP
059540020020-6595;059540020020;100mN31479E41400;MC;NA;4;11;S;F;0614;NEP
059540020020-6595;059540020020;100mN31479E41400;MC;NA;4;15;S;M;1517;EMP
059540020020-6596;059540020020;100mN31479E41400;S;NA;1;75;M;F;75XX;EMP
059540020020-6597;059540020020;100mN31472E41432;S;NA;1;48;M;F;4049;EMP
059540020020-6598;059540020020;100mN31479E41400;MC;NA;3;36;M;M;3039;EMP
059540020020-6598;059540020020;100mN31479E41400;MC;NA;3;33;M;F;3039;EMP
059540020020-6598;059540020020;100mN31479E41400;MC;NA;3;13;S;F;0614;NEP
059540020020-6599;059540020020;100mN31479E41400;MC;MIX;3;71;D;F;6574;NEP
059540020020-6599;059540020020;100mN31479E41400;MC;MIX;3;41;M;F;4049;NEP
059540020020-6599;059540020020;100mN31479E41400;MC;MIX;3;41;M;M;4049;EMP
059540020020-6600;059540020020;100mN31479E41400;MC;NA;4;48;M;F;4049;NEP
059540020020-6600;059540020020;100mN31479E41400;MC;NA;4;45;M;M;4049;NEP
059540020020-6600;059540020020;100mN31479E41400;MC;NA;4;7;S;F;0614;NEP
059540020020-6600;059540020020;100mN31479E41400;MC;NA;4;33;M;M;3039;EMP
059540020020-6601;059540020020;100mN31461E41423;SF;NA;2;45;S;F;4049;EMP
059540020020-6601;059540020020;100mN31461E41423;SF;NA;2;18;M;M;1824;UEP
059540020020-6602;059540020020;100mN31461E41423;S;NA;1;71;M;M;6574;EMP
059540020020-6603;059540020020;100mN31461E41423;MC;NA;3;26;M;F;2529;EMP
059540020020-6603;059540020020;100mN31461E41423;MC;NA;3;27;M;M;2529;EMP
059540020020-6603;059540020020;100mN31461E41423;MC;NA;3;4;S;F;0305;NEP
059540020020-6604;059540020020;100mN31461E41423;MC;NA;4;42;M;M;4049;EMP
059540020020-6604;059540020020;100mN31461E41423;MC;NA;4;44;M;F;4049;EMP
059540020020-6604;059540020020;100mN31461E41423;MC;NA;4;20;S;M;1824;EMP
059540020020-6604;059540020020;100mN31461E41423;MC;NA;4;9;S;M;0614;NEP
059540020020-6605;059540020020;100mN31461E41423;S;NA;1;59;M;M;5064;EMP
059540020020-6606;059540020020;100mN31461E41423;MC;NA;2;35;M;M;3039;NEP
059540020020-6606;059540020020;100mN31461E41423;MC;NA;2;34;M;F;3039;NEP
059540020020-6607;059540020020;100mN31480E41408;S;NA;1;45;D;F;4049;EMP
059540020020-6608;059540020020;100mN31474E41419;MC;OS;2;86;M;F;75XX;EMP
059540020020-6608;059540020020;100mN31474E41419;MC;OS;2;89;M;M;75XX;EMP
059540020020-6609;059540020020;100mN31461E41423;MC;NA;3;28;M;F;2529;EMP
059540020020-6609;059540020020;100mN31461E41423;MC;NA;3;37;M;M;3039;EMP
059540020020-6609;059540020020;100mN31461E41423;MC;NA;3;3;S;M;0305;NEP
059540020020-6610;059540020020;100mN31468E41430;MC;MIX;3;69;W;F;6574;NEP
059540020020-6610;059540020020;100mN31468E41430;MC;MIX;3;21;M;M;1824;EMP
059540020020-6610;059540020020;100mN31468E41430;MC;MIX;3;18;M;F;1824;EMP
059540020020-6611;059540020020;100mN31483E41403;PO;MIX;3;75;S;F;75XX;EMP
059540020020-6611;059540020020;100mN31483E41403;PO;MIX;3;62;S;F;5064;EMP
059540020020-6611;059540020020;100mN31483E41403;PO;MIX;3;63;S;F;5064;NEP
059540020020-6612;059540020020;100mN31461E41423;S;OS;1;89;S;F;75XX;EMP
059540020020-6613;059540020020;100mN31461E41423;MC;NA;2;21;M;F;1824;NEP
059540020020-6613;059540020020;100mN31461E41423;MC;NA;2;18;M;M;1824;EMP
059540020020-6614;059540020020;100mN31468E41415;S;NA;1;57;M;F;5064;NEP
059540020020-6615;059540020020;100mN31461E41423;S;OS;1;16;S;M;1517;NEP
059540020020-6616;059540020020;100mN31485E41410;S;OS;1;65;W;F;6574;NEP
059540020020-6617;059540020020;100mN31484E41415;MC;NA;3;54;M;F;5064;EMP
059540020020-6617;059540020020;100mN31484E41415;MC;NA;3;62;M;M;5064;EMP
059540020020-6617;059540020020;100mN31484E41415;MC;NA;3;30;M;M;3039;NEP
059540020020-6618;059540020020;100mN31461E41423;MC;NA;2;59;M;F;5064;EMP
059540020020-6618;059540020020;100mN31461E41423;MC;NA;2;63;M;M;5064;EMP
059540020020-6619;059540020020;100mN31461E41423;MC;NA;2;23;M;M;1824;EMP
059540020020-6619;059540020020;100mN31461E41423;MC;NA;2;20;M;F;1824;EMP
059540020020-6620;059540020020;100mN31461E41423;MC;NA;2;51;M;F;5064;EMP
059540020020-6620;059540020020;100mN31461E41423;MC;NA;2;63;M;M;5064;NEP
059540020020-6621;059540020020;100mN31461E41423;S;NA;1;43;W;F;4049;EMP
059540020020-6622;059540020020;100mN31461E41423;S;OS;1;27;S;F;2529;EMP
059540020020-6623;059540020020;100mN31461E41423;MC;NA;2;52;M;M;5064;EMP
059540020020-6623;059540020020;100mN31461E41423;MC;NA;2;52;M;F;5064;NEP
059540020020-6624;059540020020;100mN31461E41423;S;OS;1;56;D;F;5064;EMP
059540020020-6625;059540020020;100mN31461E41423;PO;NA;3;32;S;F;3039;EMP
059540020020-6625;059540020020;100mN31461E41423;PO;NA;3;28;S;M;2529;EMP
059540020020-6625;059540020020;100mN31461E41423;PO;NA;3;16;S;F;1517;NEP
059540020020-6626;059540020020;100mN31461E41423;S;OS;1;41;M;F;4049;EMP
059540020020-6627;059540020020;100mN31461E41423;MC;OS;2;67;M;F;6574;NEP
059540020020-6627;059540020020;100mN31461E41423;MC;OS;2;69;M;M;6574;EMP
059540020020-6628;059540020020;100mN31461E41423;S;OS;1;31;W;F;3039;NEP
059540020020-6629;059540020020;100mN31461E41423;PO;NA;4;48;S;F;4049;EMP
059540020020-6629;059540020020;100mN31461E41423;PO;NA;4;51;S;M;5064;NEP
059540020020-6629;059540020020;100mN31461E41423;PO;NA;4;32;M;M;3039;EMP
059540020020-6629;059540020020;100mN31461E41423;PO;NA;4;13;S;M;0614;NEP
059540020020-6630;059540020020;100mN31461E41423;PO;NA;4;63;S;F;5064;EMP
059540020020-6630;059540020020;100mN31461E41423;PO;NA;4;63;S;F;5064;EMP
059540020020-6630;059540020020;100mN31461E41423;PO;NA;4;4;S;F;0305;NEP
059540020020-6630;059540020020;100mN31461E41423;PO;NA;4;13;S;F;0614;NEP
059540020020-6631;059540020020;100mN31461E41423;PO;OS;3;71;S;F;6574;EMP
059540020020-6631;059540020020;100mN31461E41423;PO;OS;3;80;S;F;75XX;EMP
059540020020-6631;059540020020;100mN31461E41423;PO;OS;3;65;W;F;6574;EMP
059540020020-6632;059540020020;100mN31497E41444;S;OS;1;34;S;M;3039;EMP
059540020020-6633;059540020020;100mN31461E41423;MC;NA;2;60;M;M;5064;EMP
059540020020-6633;059540020020;100mN31461E41423;MC;NA;2;58;M;F;5064;NEP
059540020020-6634;059540020020;100mN31489E41438;MC;NA;3;23;M;M;1824;EMP
059540020020-6634;059540020020;100mN31489E41438;MC;NA;3;20;M;F;1824;NEP
059540020020-6634;059540020020;100mN31489E41438;MC;NA;3;6;S;F;0614;NEP
059540020020-6635;059540020020;100mN31461E41423;MC;NA;5;57;M;F;5064;EMP
059540020020-6635;059540020020;100mN31461E41423;MC;NA;5;61;M;M;5064;NEP
059540020020-6635;059540020020;100mN31461E41423;MC;NA;5;31;M;F;3039;EMP
059540020020-6635;059540020020;100mN31461E41423;MC;NA;5;2;S;M;0003;NEP
059540020020-6635;059540020020;100mN31461E41423;MC;NA;5;8;S;F;0614;NEP
059540020020-6636;059540020020;100mN31461E41423;S;NA;1;85;M;M;75XX;NEP
059540020020-6637;059540020020;100mN31478E41407;MC;NA;4;55;M;F;5064;NEP
059540020020-6637;059540020020;100mN31478E41407;MC;NA;4;46;D;F;4049;NEP
059540020020-6637;059540020020;100mN31478E41407;MC;NA;4;11;S;F;0614;NEP
059540020020-6637;059540020020;100mN31478E41407;MC;NA;4;20;S;M;1824;EMP
059540020020-6638;059540020020;100mN31461E41423;MC;NA;2;28;M;M;2529;EMP
059540020020-6638;059540020020;100mN31461E41423;MC;NA;2;54;M;F;5064;NEP
059540020020-6639;059540020020;100mN31461E41423;PO;OS;2;65;S;M;6574;EMP
059540020020-6639;059540020020;100mN31461E41423;PO;OS;2;86;S;M;75XX;NEP
059540020020-6640;059540020020;100mN31461E41423;S;OS;1;44;M;M;4049;EMP
059540020020-6641;059540020020;100mN31461E41423;S;NA;1;34;W;M;3039;EMP
059540020020-6642;059540020020;100mN31461E41423;S;OS;1;63;M;M;5064;EMP
059540020020-6643;059540020020;100mN31479E41402;MC;MIX;2;66;M;F;6574;NEP
059540020020-6643;059540020020;100mN31479E41402;MC;MIX;2;30;W;F;3039;NEP
059540020020-6644;059540020020;100mN31478E41422;MC;NA;2;53;M;M;5064;NEP
059540020020-6644;059540020020;100mN31478E41422;MC;NA;2;53;M;F;5064;EMP
059540020020-6645;059540020020;100mN31461E41423;MC;NA;3;33;M;F;3039;EMP
059540020020-6645;059540020020;100mN31461E41423;MC;NA;3;36;M;M;3039;EMP
059540020020-6645;059540020020;100mN31461E41423;MC;NA;3;18;M;F;1824;NEP
059540020020-6646;059540020020;100mN31461E41423;S;NA;1;19;S;F;1824;EMP
059540020020-6647;059540020020;100mN31471E41417;S;NA;1;42;W;F;4049;NEP
059540020020-6648;059540020020;100mN31500E41446;NA;MIX;2;56;S;M;5064;NEP
059540020020-6648;059540020020;100mN31500E41446;NA;MIX;2;42;S;F;4049;NEP
059540020020-6649;059540020020;100mN31468E41431;S;NA;1;43;M;F;4049;EMP
059540020020-6650;059540020020;100mN31461E41423;S;OS;1;41;M;M;4049;EMP
059540020020-6651;059540020020;100mN31472E41422;SF;NA;2;55;D;F;5064;EMP
059540020020-6651;059540020020;100mN31472E41422;SF;NA;2;1;S;F;0003;NEP
059540020020-6652;059540020020;100mN31472E41431;MC;NA;3;60;M;M;5064;EMP
059540020020-6652;059540020020;100mN31472E41431;MC;NA;3;52;M;F;5064;EMP
059540020020-6652;059540020020;100mN31472E41431;MC;NA;3;30;D;M;3039;NEP
059540020020-6653;059540020020;100mN31483E41413;MC;NA;3;62;M;F;5064;EMP
059540020020-6653;059540020020;100mN31483E41413;MC;NA;3;63;M;M;5064;EMP
059540020020-6653;059540020020;100mN31483E41413;MC;NA;3;25;W;M;2529;EMP
059540020020-6654;059540020020;100mN31461E41423;MC;OS;2;86;M;M;75XX;EMP
059540020020-6654;059540020020;100mN31461E41423;MC;OS;2;84;M;F;75XX;NEP
059540020020-6655;059540020020;100mN31473E41419;S;OS;1;48;M;F;4049;NEP
059540020020-6656;059540020020;100mN31483E41414;MC;NA;2;40;M;F;4049;EMP
059540020020-6656;059540020020;100mN31483E41414;MC;NA;2;40;M;M;4049;EMP
059540020020-6657;059540020020;100mN31467E41422;S;OS;1;57;M;F;5064;EMP
059540020020-6658;059540020020;100mN31483E41401;MC;NA;2;30;M;M;3039;NEP
059540020020-6658;059540020020;100mN31483E41401;MC;NA;2;26;M;F;2529;NEP
059540020020-6659;059540020020;100mN31484E41415;MC;NA;2;33;M;F;3039;EMP
059540020020-6659;059540020020;100mN31484E41415;MC;NA;2;33;M;M;3039;NEP
059540020020-6660;059540020020;100mN31461E41423;MC;NA;4;54;M;F;5064;NEP
059540020020-6660;059540020020;100mN31461E41423;MC;NA;4;62;M;M;5064;EMP
059540020020-6660;059540020020;100mN31461E41423;MC;NA;4;15;S;F;1517;NEP
059540020020-6660;059540020020;100mN31461E41423;MC;NA;4;8;S;F;0614;NEP
059540020020-6661;059540020020;100mN31461E41423;MC;NA;2;59;M;M;5064;EMP
059540020020-6661;059540020020;100mN31461E41423;MC;NA;2;58;M;F;5064;NEP
059540020020-6662;059540020020;100mN31461E41423;MC;NA;4;61;M;M;5064;NEP
059540020020-6662;059540020020;100mN31461E41423;MC;NA;4;58;M;F;5064;EMP
059540020020-6662;059540020020;100mN31461E41423;MC;NA;4;7;S;M;0614;NEP
059540020020-6662;059540020020;100mN31461E41423;MC;NA;4;42;M;F;4049;NEP
059540020020-6663;059540020020;100mN31461E41423;MC;NA;2;53;M;F;5064;EMP
059540020020-6663;059540020020;100mN31461E41423;MC;NA;2;62;M;M;5064;NEP
059540020020-6664;059540020020;100mN31484E41415;S;NA;1;53;S;F;5064;EMP
059540020020-6665;059540020020;100mN31481E41405;S;NA;1;53;S;F;5064;NEP
059540020020-6666;059540020020;100mN31491E41409;MC;NA;3;61;M;F;5064;NEP
059540020020-6666;059540020020;100mN31491E41409;MC;NA;3;55;M;M;5064;EMP
059540020020-6666;059540020020;100mN31491E41409;MC;NA;3;10;S;F;0614;NEP
059540020020-6667;059540020020;100mN31491E41430;S;NA;1;48;M;M;4049;NEP
059540020020-6668;059540020020;100mN31463E41424;MC;NA;2;30;M;F;3039;NEP
059540020020-6668;059540020020;100mN31463E41424;MC;NA;2;38;M;M;3039;EMP
059540020020-6669;059540020020;100mN31491E41428;S;NA;1;73;D;F;6574;EMP
059540020020-6670;059540020020;100mN31491E41428;MC;NA;4;51;M;M;5064;NEP
059540020020-6670;059540020020;100mN31491E41428;MC;NA;4;53;M;F;5064;NEP
059540020020-6670;059540020020;100mN31491E41428;MC;NA;4;10;S;M;0614;NEP
059540020020-6670;059540020020;100mN31491E41428;MC;NA;4;15;S;F;1517;NEP
059540020020-6671;059540020020;100mN31491E41428;S;NA;1;54;W;F;5064;EMP
059540020020-6672;059540020020;100mN31491E41428;S;NA;1;43;M;M;4049;NEP
059540020020-6673;059540020020;100mN31491E41428;S;OS;1;63;M;F;5064;NEP
059540020020-6674;059540020020;100mN31491E41428;S;NA;1;69;M;F;6574;EMP
059540020020-6675;059540020020;100mN31491E41428;MC;MIX;2;85;M;F;75XX;EMP
059540020020-6675;059540020020;100mN31491E41428;MC;MIX;2;13;S;M;0614;NEP
059540020020-6676;059540020020;100mN31491E41428;MC;NA;2;62;M;M;5064;EMP
059540020020-6676;059540020020;100mN31491E41428;MC;NA;2;63;M;F;5064;NEP
059540020020-6677;059540020020;100mN31491E41428;S;NA;1;47;M;M;4049;NEP
059540020020-6678;059540020020;100mN31491E41428;MC;NA;2;62;M;M;5064;EMP
059540020020-6678;059540020020;100mN31491E41428;MC;NA;2;61;S;M;5064;EMP
059540020020-6679;059540020020;100mN31491E41428;S;NA;1;61;M;F;5064;EMP
059540020020-6680;059540020020;100mN31491E41417;S;OS;1;18;S;F;1824;EMP
059540020020-6681;059540020020;100mN31462E41432;S;NA;1;35;S;M;3039;NEP
059540020020-6682;059540020020;100mN31472E41432;MC;OS;2;70;M;F;6574;EMP
059540020020-6682;059540020020;100mN31472E41432;MC;OS;2;75;M;M;75XX;NEP
059540020020-6683;059540020020;100mN31491E41417;MC;NA;3;56;M;M;5064;EMP
059540020020-6683;059540020020;100mN31491E41417;MC;NA;3;54;M;F;5064;EMP
059540020020-6683;059540020020;100mN31491E41417;MC;NA;3;10;S;F;0614;NEP
059540020020-6684;059540020020;100mN31484E41419;S;NA;1;40;D;M;4049;EMP
059540020020-6685;059540020020;100mN31491E41417;SF;NA;2;44;D;F;4049;EMP
059540020020-6685;059540020020;100mN31491E41417;SF;NA;2;16;S;F;1517;NEP
059540020020-6686;059540020020;100mN31491E41417;MC;OS;5;67;M;M;6574;EMP
059540020020-6686;059540020020;100mN31491E41417;MC;OS;5;67;M;F;6574;EMP
059540020020-6686;059540020020;100mN31491E41417;MC;OS;5;83;M;F;75XX;EMP
059540020020-6686;059540020020;100mN31491E41417;MC;OS;5;82;W;F;75XX;NEP
059540020020-6686;059540020020;100mN31491E41417;MC;OS;5;73;M;M;6574;NEP
059540020020-6687;059540020020;100mN31491E41417;MC;NA;2;59;M;M;5064;EMP
059540020020-6687;059540020020;100mN31491E41417;MC;NA;2;63;M;F;5064;NEP
059540020020-6688;059540020020;100mN31491E41417;MC;OS;2;80;M;F;75XX;EMP
059540020020-6688;059540020020;100mN31491E41417;MC;OS;2;80;M;M;75XX;EMP
059540020020-6689;059540020020;100mN31491E41417;MC;NA;5;26;M;F;2529;EMP
059540020020-6689;059540020020;100mN31491E41417;MC;NA;5;28;M;M;2529;EMP
059540020020-6689;059540020020;100mN31491E41417;MC;NA;5;3;S;F;0305;NEP
059540020020-6689;059540020020;100mN31491E41417;MC;NA;5;7;S;M;0614;NEP
059540020020-6689;059540020020;100mN31491E41417;MC;NA;5;2;S;F;0003;NEP
059540020020-6690;059540020020;100mN31491E41417;MC;OS;2;66;M;M;6574;EMP
059540020020-6690;059540020020;100mN31491E41417;MC;OS;2;65;M;F;6574;EMP
059540020020-6691;059540020020;100mN31491E41417;PO;NA;2;35;S;F;3039;NEP
059540020020-6691;059540020020;100mN31491E41417;PO;NA;2;43;S;F;4049;EMP
059540020020-6692;059540020020;100mN31491E41417;S;OS;1;37;S;F;3039;EMP
059540020020-6693;059540020020;100mN31467E41428;PO;NA;2;48;S;M;4049;EMP
059540020020-6693;059540020020;100mN31467E41428;PO;NA;2;41;S;M;4049;EMP
059540020020-6694;059540020020;100mN31486E41404;MC;NA;3;58;M;M;5064;UEP
059540020020-6694;059540020020;100mN31486E41404;MC;NA;3;54;M;F;5064;NEP
059540020020-6694;059540020020;100mN31486E41404;MC;NA;3;10;S;M;0614;NEP
059540020020-6695;059540020020;100mN31491E41417;MC;OS;2;67;M;F;6574;EMP
059540020020-6695;059540020020;100mN31491E41417;MC;OS;2;71;M;M;6574;EMP
059540020020-6696;059540020020;100mN31464E41420;SF;NA;2;44;D;F;4049;EMP
059540020020-6696;059540020020;100mN31464E41420;SF;NA;2;7;S;F;0614;NEP
059540020020-6697;059540020020;100mN31491E41417;S;NA;1;66;M;M;6574;NEP
059540020020-6698;059540020020;100mN31472E41422;S;NA;1;70;M;F;6574;NEP
059540020020-6699;059540020020;100mN31464E41427;MC;OS;3;70;M;M;6574;EMP
059540020020-6699;059540020020;100mN31464E41427;MC;OS;3;65;M;F;6574;NEP
059540020020-6699;059540020020;100mN31464E41427;MC;OS;3;66;W;F;6574;EMP
059540020020-6700;059540020020;100mN31500E41447;MC;NA;4;52;M;F;5064;EMP
059540020020-6700;059540020020;100mN31500E41447;MC;NA;4;59;M;M;5064;NEP
059540020020-6700;059540020020;100mN31500E41447;MC;NA;4;15;S;F;1517;EMP
059540020020-6700;059540020020;100mN31500E41447;MC;NA;4;10;S;M;0614;NEP
059540020020-6701;059540020020;100mN31480E41408;S;NA;1;60;D;F;5064;EMP
059540020020-6702;059540020020;100mN31471E41417;S;OS;1;78;S;F;75XX;EMP
059540020020-6703;059540020020;100mN31472E41432;MC;MIX;3;86;S;M;75XX;EMP
059540020020-6703;059540020020;100mN31472E41432;MC;MIX;3;23;M;M;1824;NEP
059540020020-6703;059540020020;100mN31472E41432;MC;MIX;3;18;M;F;1824;NEP
059540020020-6704;059540020020;100mN31474E41423;S;OS;1;36;S;M;3039;EMP
059540020020-6705;059540020020;100mN31491E41419;S;OS;1;71;W;F;6574;NEP
059540020020-6706;059540020020;100mN31471E41417;MC;NA;2;43;M;F;4049;EMP
059540020020-6706;059540020020;100mN31471E41417;MC;NA;2;43;M;M;4049;NEP
059540020020-6707;059540020020;100mN31471E41417;MC;NA;2;51;M;M;5064;EMP
059540020020-6707;059540020020;100mN31471E41417;MC;NA;2;48;M;F;4049;EMP
059540020020-6708;059540020020;100mN31478E41404;NA;NA;5;83;D;M;75XX;EMP
059540020020-6708;059540020020;100mN31478E41404;NA;NA;5;26;S;F;2529;EMP
059540020020-6708;059540020020;100mN31478E41404;NA;NA;5;45;M;F;4049;NEP
059540020020-6708;059540020020;100mN31478E41404;NA;NA;5;47;D;F;4049;EMP
059540020020-6708;059540020020;100mN31478E41404;NA;NA;5;72;M;M;6574;EMP
059540020020-6709;059540020020;100mN31483E41413;S;OS;1;26;M;F;2529;EMP
059540020020-6710;059540020020;100mN31468E41420;S;NA;1;69;S;M;6574;UEP
059540020020-6711;059540020020;100mN31471E41417;MC;NA;5;42;M;M;4049;EMP
059540020020-6711;059540020020;100mN31471E41417;MC;NA;5;33;M;F;3039;NEP
059540020020-6711;059540020020;100mN31471E41417;MC;NA;5;4;S;M;0305;NEP
059540020020-6711;059540020020;100mN31471E41417;MC;NA;5;12;S;F;0614;NEP
059540020020-6711;059540020020;100mN31471E41417;MC;NA;5;16;S;F;1517;NEP
059540020020-6712;059540020020;100mN31471E41417;SF;NA;2;66;S;F;6574;NEP
059540020020-6712;059540020020;100mN31471E41417;SF;NA;2;16;S;M;1517;EMP
059540020020-6713;059540020020;100mN31471E41417;S;OS;1;38;M;M;3039;EMP
059540020020-6714;059540020020;100mN31481E41408;S;OS;1;68;M;M;6574;EMP
059540020020-6715;059540020020;100mN31471E41417;PO;NA;4;62;S;F;5064;NEP
059540020020-6715;059540020020;100mN31471E41417;PO;NA;4;63;S;M;5064;NEP
059540020020-6715;059540020020;100mN31471E41417;PO;NA;4;42;D;M;4049;NEP
059540020020-6715;059540020020;100mN31471E41417;PO;NA;4;3;S;F;0305;NEP
059540020020-6716;059540020020;100mN31471E41417;MC;OS;5;83;M;F;75XX;NEP
059540020020-6716;059540020020;100mN31471E41417;MC;OS;5;87;M;M;75XX;EMP
059540020020-6716;059540020020;100mN31471E41417;MC;OS;5;73;S;F;6574;NEP
059540020020-6716;059540020020;100mN31471E41417;MC;OS;5;81;S;F;75XX;NEP
059540020020-6716;059540020020;100mN31471E41417;MC;OS;5;65;M;M;6574;NEP
059540020020-6717;059540020020;100mN31471E41417;SF;NA;2;53;W;F;5064;EMP
059540020020-6717;059540020020;100mN31471E41417;SF;NA;2;15;S;M;1517;NEP
059540020020-6718;059540020020;100mN31471E41417;MC;NA;2;43;M;M;4049;NEP
059540020020-6718;059540020020;100mN31471E41417;MC;NA;2;34;M;F;3039;EMP
059540020020-6719;059540020020;100mN31478E41407;MC;MIX;3;68;W;M;6574;EMP
059540020020-6719;059540020020;100mN31478E41407;MC;MIX;3;50;M;M;5064;NEP
059540020020-6719;059540020020;100mN31478E41407;MC;MIX;3;50;M;F;5064;NEP
059540020020-6720;059540020020;100mN31471E41417;S;NA;1;42;W;F;4049;NEP
059540020020-6721;059540020020;100mN31471E41417;MC;NA;2;19;M;M;1824;EMP
059540020020-6721;059540020020;100mN31471E41417;MC;NA;2;18;M;F;1824;EMP
059540020020-6722;059540020020;100mN31494E41425;MC;NA;5;53;M;F;5064;NEP
059540020020-6722;059540020020;100mN31494E41425;MC;NA;5;53;M;M;5064;EMP
059540020020-6722;059540020020;100mN31494E41425;MC;NA;5;0;S;F;0003;NEP
059540020020-6722;059540020020;100mN31494E41425;MC;NA;5;7;S;F;0614;NEP
059540020020-6722;059540020020;100mN31494E41425;MC;NA;5;34;W;F;3039;EMP
059540020020-6723;059540020020;100mN31471E41417;MC;NA;3;63;M;F;5064;EMP
059540020020-6723;059540020020;100mN31471E41417;MC;NA;3;72;W;F;6574;EMP
059540020020-6723;059540020020;100mN31471E41417;MC;NA;3;38;M;F;3039;EMP
059540020020-6724;059540020020;100mN31484E41427;S;NA;1;73;M;M;6574;EMP
059540020020-6725;059540020020;100mN31498E41418;SF;NA;2;46;S;F;4049;EMP
059540020020-6725;059540020020;100mN31498E41418;SF;NA;2;20;M;F;1824;NEP
059540020020-6726;059540020020;100mN31484E41427;S;NA;1;52;S;F;5064;NEP
059540020020-6727;059540020020;100mN31484E41427;S;NA;1;65;S;F;6574;EMP
059540020020-6728;059540020020;100mN31473E41422;MC;NA;2;52;M;M;5064;EMP
059540020020-6728;059540020020;100mN31473E41422;MC;NA;2;48;M;F;4049;EMP
059540020020-6729;059540020020;100mN31484E41427;MC;OS;3;86;M;F;75XX;EMP
059540020020-6729;059540020020;100mN31484E41427;MC;OS;3;53;M;M;5064;EMP
059540020020-6729;059540020020;100mN31484E41427;MC;OS;3;67;W;F;6574;EMP
059540020020-6730;059540020020;100mN31484E41427;S;NA;1;16;S;F;1517;NEP
059540020020-6731;059540020020;100mN31472E41421;S;OS;1;51;D;F;5064;NEP
059540020020-6732;059540020020;100mN31472E41421;S;NA;1;73;S;M;6574;EMP
059540020020-6733;059540020020;100mN31474E41394;MC;NA;2;33;M;F;3039;NEP
059540020020-6733;059540020020;100mN31474E41394;MC;NA;2;27;M;M;2529;EMP
059540020020-6734;059540020020;100mN31464E41430;S;OS;1;59;S;M;5064;EMP
059540020020-6735;059540020020;100mN31471E41421;MC;NA;2;53;M;F;5064;EMP
059540020020-6735;059540020020;100mN31471E41421;MC;NA;2;46;M;M;4049;NEP
059540020020-6736;059540020020;100mN31472E41421;MC;MIX;2;67;M;M;6574;EMP
059540020020-6736;059540020020;100mN31472E41421;MC;MIX;2;78;M;F;75XX;EMP
059540020020-6737;059540020020;100mN31472E41421;S;NA;1;50;M;M;5064;EMP
059540020020-6738;059540020020;100mN31481E41405;SF;NA;2;66;W;F;6574;NEP
059540020020-6738;059540020020;100mN31481E41405;SF;NA;2;46;S;F;4049;EMP
059540020020-6739;059540020020;100mN31472E41421;MC;MIX;3;85;D;F;75XX;EMP
059540020020-6739;059540020020;100mN31472E41421;MC;MIX;3;28;M;M;2529;NEP
059540020020-6739;059540020020;100mN31472E41421;MC;MIX;3;19;M;F;1824;EMP
059540020020-6740;059540020020;100mN31472E41421;S;OS;1;48;W;F;4049;EMP
059540020020-6741;059540020020;100mN31472E41421;S;OS;1;21;M;F;1824;NEP
059540020020-6742;059540020020;100mN31472E41421;S;NA;1;35;W;F;3039;NEP
059540020020-6743;059540020020;100mN31473E41419;S;OS;1;55;M;M;5064;EMP
059540020020-6744;059540020020;100mN31472E41421;MC;NA;2;44;M;F;4049;NEP
059540020020-6744;059540020020;100mN31472E41421;MC;NA;2;50;M;M;5064;EMP
059540020020-6745;059540020020;100mN31500E41422;S;NA;1;68;W;F;6574;EMP
059540020020-6746;059540020020;100mN31472E41421;S;NA;1;34;S;M;3039;EMP
059540020020-6747;059540020020;100mN31484E41411;MC;MIX;2;70;M;M;6574;NEP
059540020020-6747;059540020020;100mN31484E41411;MC;MIX;2;68;W;M;6574;NEP
059540020020-6748;059540020020;100mN31474E41431;SF;NA;2;63;W;F;5064;NEP
059540020020-6748;059540020020;100mN31474E41431;SF;NA;2;9;S;F;0614;NEP
059540020020-6749;059540020020;100mN31471E41421;S;OS;1;66;S;M;6574;EMP
059540020020-6750;059540020020;100mN31498E41418;S;NA;1;66;W;F;6574;NEP
059540020020-6751;059540020020;100mN31462E41430;MC;OS;2;67;M;F;6574;NEP
059540020020-6751;059540020020;100mN31462E41430;MC;OS;2;69;M;M;6574;NEP
059540020020-6752;059540020020;100mN31464E41430;MC;NA;3;63;M;F;5064;NEP
059540020020-6752;059540020020;100mN31464E41430;MC;NA;3;43;D;M;4049;EMP
059540020020-6752;059540020020;100mN31464E41430;MC;NA;3;13;S;M;0614;NEP
059540020020-6753;059540020020;100mN31485E41409;MC;OS;2;65;M;M;6574;NEP
059540020020-6753;059540020020;100mN31485E41409;MC;OS;2;65;M;F;6574;EMP
059540020020-6754;059540020020;100mN31484E41414;S;OS;1;67;M;M;6574;EMP
059540020020-6755;059540020020;100mN31484E41414;MC;NA;2;47;M;F;4049;EMP
059540020020-6755;059540020020;100mN31484E41414;MC;NA;2;52;M;M;5064;EMP
059540020020-6756;059540020020;100mN31481E41413;MC;NA;2;60;M;F;5064;NEP
059540020020-6756;059540020020;100mN31481E41413;MC;NA;2;59;M;M;5064;EMP
059540020020-6757;059540020020;100mN31484E41414;MC;NA;3;21;M;F;1824;NEP
059540020020-6757;059540020020;100mN31484E41414;MC;NA;3;60;M;M;5064;EMP
059540020020-6757;059540020020;100mN31484E41414;MC;NA;3;3;S;F;0305;NEP
059540020020-6758;059540020020;100mN31478E41407;S;NA;1;46;M;M;4049;UEP
059540020020-6759;059540020020;100mN31473E41418;MC;NA;4;61;M;M;5064;EMP
059540020020-6759;059540020020;100mN31473E41418;MC;NA;4;37;W;F;3039;NEP
059540020020-6759;059540020020;100mN31473E41418;MC;NA;4;13;S;M;0614;NEP
059540020020-6759;059540020020;100mN31473E41418;MC;NA;4;6;S;M;0614;NEP
059540020020-6760;059540020020;100mN31489E41420;S;OS;1;71;M;F;6574;EMP
059540020020-6761;059540020020;100mN31484E41414;MC;NA;4;34;M;F;3039;EMP
059540020020-6761;059540020020;100mN31484E41414;MC;NA;4;36;M;M;3039;NEP
059540020020-6761;059540020020;100mN31484E41414;MC;NA;4;12;S;F;0614;NEP
059540020020-6761;059540020020;100mN31484E41414;MC;NA;4;4;S;F;0305;NEP
059540020020-6762;059540020020;100mN31474E41431;PO;NA;2;18;S;M;1824;EMP
059540020020-6762;059540020020;100mN31474E41431;PO;NA;2;18;S;M;1824;EMP
059540020020-6763;059540020020;100mN31484E41414;MC;NA;3;36;M;M;3039;NEP
059540020020-6763;059540020020;100mN31484E41414;MC;NA;3;31;M;F;3039;EMP
059540020020-6763;059540020020;100mN31484E41414;MC;NA;3;16;S;M;1517;EMP
059540020020-6764;059540020020;100mN31484E41414;S;NA;1;46;S;M;4049;NEP
059540020020-6765;059540020020;100mN31484E41414;MC;NA;2;35;M;M;3039;NEP
059540020020-6765;059540020020;100mN31484E41414;MC;NA;2;18;M;F;1824;NEP
059540020020-6766;059540020020;100mN31467E41429;S;NA;1;20;S;F;1824;NEP
059540020020-6767;059540020020;100mN31484E41414;MC;NA;3;61;M;M;5064;NEP
059540020020-6767;059540020020;100mN31484E41414;MC;NA;3;53;M;F;5064;NEP
059540020020-6767;059540020020;100mN31484E41414;MC;NA;3;3;S;F;0305;NEP
059540020020-6768;059540020020;100mN31484E41414;S;NA;1;88;M;M;75XX;EMP
059540020020-6769;059540020020;100mN31484E41414;MC;NA;2;22;M;F;1824;NEP
059540020020-6769;059540020020;100mN31484E41414;MC;NA;2;25;M;M;2529;EMP
059540020020-6770;059540020020;100mN31484E41414;MC;MIX;3;79;M;F;75XX;EMP
059540020020-6770;059540020020;100mN31484E41414;MC;MIX;3;18;M;M;1824;EMP
059540020020-6770;059540020020;100mN31484E41414;MC;MIX;3;18;M;F;1824;EMP
059540020020-6771;059540020020;100mN31484E41414;NA;OS;2;71;S;F;6574;EMP
059540020020-6771;059540020020;100mN31484E41414;NA;OS;2;57;M;M;5064;EMP
059540020020-6772;059540020020;100mN31484E41414;MC;NA;4;60;M;M;5064;EMP
059540020020-6772;059540020020;100mN31484E41414;MC;NA;4;51;M;F;5064;EMP
059540020020-6772;059540020020;100mN31484E41414;MC;NA;4;0;S;M;0003;NEP
059540020020-6772;059540020020;100mN31484E41414;MC;NA;4;7;S;M;0614;NEP
059540020020-6773;059540020020;100mN31484E41414;S;NA;1;54;S;M;5064;NEP
059540020020-6774;059540020020;100mN31484E41414;MC;MIX;2;69;M;F;6574;NEP
059540020020-6774;059540020020;100mN31484E41414;MC;MIX;2;54;S;F;5064;EMP
059540020020-6775;059540020020;100mN31484E41414;MC;NA;2;26;M;F;2529;EMP
059540020020-6775;059540020020;100mN31484E41414;MC;NA;2;33;M;M;3039;NEP
059540020020-6776;059540020020;100mN31484E41414;MC;OS;2;67;M;F;6574;EMP
059540020020-6776;059540020020;100mN31484E41414;MC;OS;2;73;M;M;6574;NEP
059540020020-6777;059540020020;100mN31484E41414;SF;NA;2;22;W;F;1824;EMP
059540020020-6777;059540020020;100mN31484E41414;SF;NA;2;0;S;M;0003;NEP
059540020020-6778;059540020020;100mN31484E41414;PO;OS;2;70;S;M;6574;NEP
059540020020-6778;059540020020;100mN31484E41414;PO;OS;2;69;S;M;6574;EMP
059540020020-6779;059540020020;100mN31484E41414;S;OS;1;27;M;M;2529;NEP
059540020020-6780;059540020020;100mN31484E41414;SF;NA;2;62;S;F;5064;NEP
059540020020-6780;059540020020;100mN31484E41414;SF;NA;2;12;S;M;0614;NEP
059540020020-6781;059540020020;100mN31484E41414;S;NA;1;21;M;M;1824;EMP
059540020020-6782;059540020020;100mN31484E41414;S;NA;1;67;M;M;6574;EMP
059540020020-6783;059540020020;100mN31478E41407;S;NA;1;51;D;F;5064;EMP
059540020020-6784;059540020020;100mN31484E41414;S;NA;1;78;W;F;75XX;EMP
059540020020-6785;059540020020;100mN31489E41420;S;NA;1;50;S;M;5064;EMP
059540020020-6786;059540020020;100mN31484E41414;SF;NA;3;51;W;F;5064;NEP
059540020020-6786;059540020020;100mN31484E41414;SF;NA;3;21;S;M;1824;EMP
059540020020-6786;059540020020;100mN31484E41414;SF;NA;3;7;S;M;0614;NEP
059540020020-6787;059540020020;100mN31484E41414;S;NA;1;40;M;F;4049;EMP
059540020020-6788;059540020020;100mN31484E41414;MC;NA;3;44;M;F;4049;EMP
059540020020-6788;059540020020;100mN31484E41414;MC;NA;3;45;M;M;4049;EMP
059540020020-6788;059540020020;100mN31484E41414;MC;NA;3;6;S;M;0614;NEP
059540020020-6789;059540020020;100mN31472E41422;MC;NA;6;46;M;F;4049;EMP
059540020020-6789;059540020020;100mN31472E41422;MC;NA;6;47;M;M;4049;NEP
059540020020-6789;059540020020;100mN31472E41422;MC;NA;6;21;M;M;1824;NEP
059540020020-6789;059540020020;100mN31472E41422;MC;NA;6;13;S;M;0614;NEP
059540020020-6789;059540020020;100mN31472E41422;MC;NA;6;13;S;F;0614;NEP
059540020020-6789;059540020020;100mN31472E41422;MC;NA;6;4;S;M;0305;NEP
059540020020-6790;059540020020;100mN31484E41414;MC;NA;2;55;M;M;5064;EMP
059540020020-6790;059540020020;100mN31484E41414;MC;NA;2;54;M;F;5064;EMP
059540020020-6791;059540020020;100mN31484E41414;S;NA;1;47;M;F;4049;EMP
059540020020-6792;059540020020;100mN31491E41419;S;NA;1;85;S;F;75XX;EMP
059540020020-6793;059540020020;100mN31499E41431;MC;OS;2;72;M;F;6574;EMP
059540020020-6793;059540020020;100mN31499E41431;MC;OS;2;78;M;M;75XX;NEP
059540020020-6794;059540020020;100mN31483E41407;PO;NA;5;44;S;F;4049;NEP
059540020020-6794;059540020020;100mN31483E41407;PO;NA;5;52;S;M;5064;EMP
059540020020-6794;059540020020;100mN31483E41407;PO;NA;5;22;W;F;1824;EMP
059540020020-6794;059540020020;100mN31483E41407;PO;NA;5;6;S;M;0614;NEP
059540020020-6794;059540020020;100mN31483E41407;PO;NA;5;22;D;F;1824;NEP
059540020020-6795;059540020020;100mN31464E41429;S;OS;1;19;M;M;1824;EMP
059540020020-6796;059540020020;100mN31499E41431;MC;NA;6;55;M;F;5064;NEP
059540020020-6796;059540020020;100mN31499E41431;MC;NA;6;56;M;M;5064;EMP
059540020020-6796;059540020020;100mN31499E41431;MC;NA;6;7;S;F;0614;NEP
059540020020-6796;059540020020;100mN31499E41431;MC;NA;6;40;M;F;4049;EMP
059540020020-6796;059540020020;100mN31499E41431;MC;NA;6;12;S;F;0614;NEP
059540020020-6796;059540020020;100mN31499E41431;MC;NA;6;0;S;M;0003;NEP
059540020020-6797;059540020020;100mN31472E41431;MC;NA;2;48;M;M;4049;EMP
059540020020-6797;059540020020;100mN31472E41431;MC;NA;2;46;M;F;4049;NEP
059540020020-6798;059540020020;100mN31499E41431;MC;NA;2;22;M;F;1824;NEP
059540020020-6798;059540020020;100mN31499E41431;MC;NA;2;30;M;M;3039;EMP
059540020020-6799;059540020020;100mN31463E41422;MC;MIX;2;73;M;M;6574;EMP
059540020020-6799;059540020020;100mN31463E41422;MC;MIX;2;40;S;F;4049;EMP
059540020020-6800;059540020020;100mN31499E41431;S;NA;1;20;S;F;1824;NEP
059540020020-6801;059540020020;100mN31499E41431;MC;OS;2;73;M;M;6574;NEP
059540020020-6801;059540020020;100mN31499E41431;MC;OS;2;81;M;F;75XX;NEP
059540020020-6802;059540020020;100mN31499E41431;S;OS;1;48;M;M;4049;EMP
059540020020-6803;059540020020;100mN31499E41431;S;OS;1;31;M;M;3039;EMP
059540020020-6804;059540020020;100mN31499E41431;MC;NA;2;47;M;F;4049;EMP
059540020020-6804;059540020020;100mN31499E41431;MC;NA;2;56;M;M;5064;NEP
059540020020-6805;059540020020;100mN31499E41431;MC;NA;2;51;M;M;5064;UEP
059540020020-6805;059540020020;100mN31499E41431;MC;NA;2;59;M;F;5064;EMP
059540020020-6806;059540020020;100mN31499E41431;MC;MIX;2;77;M;F;75XX;NEP
059540020020-6806;059540020020;100mN31499E41431;MC;MIX;2;52;W;F;5064;EMP
059540020020-6807;059540020020;100mN31471E41421;S;NA;1;40;M;M;4049;EMP
059540020020-6808;059540020020;100mN31471E41421;MC;NA;2;60;M;F;5064;EMP
059540020020-6808;059540020020;100mN31471E41421;MC;NA;2;53;D;F;5064;NEP
059540020020-6809;059540020020;100mN31484E41415;S;OS;1;42;D;M;4049;EMP
059540020020-6810;059540020020;100mN31463E41419;MC;OS;2;87;M;F;75XX;NEP
059540020020-6810;059540020020;100mN31463E41419;MC;OS;2;72;S;F;6574;NEP
059540020020-6811;059540020020;100mN31471E41421;S;OS;1;80;M;F;75XX;NEP
059540020020-6812;059540020020;100mN31471E41421;S;NA;1;36;W;F;3039;NEP
059540020020-6813;059540020020;100mN31462E41430;SF;NA;3;42;W;F;4049;NEP
059540020020-6813;059540020020;100mN31462E41430;SF;NA;3;16;S;M;1517;EMP
059540020020-6813;059540020020;100mN31462E41430;SF;NA;3;8;S;M;0614;NEP
059540020020-6814;059540020020;100mN31471E41421;MC;NA;2;41;M;F;4049;NEP
059540020020-6814;059540020020;100mN31471E41421;MC;NA;2;42;M;M;4049;NEP
059540020020-6815;059540020020;100mN31471E41421;MC;OS;2;75;M;F;75XX;EMP
059540020020-6815;059540020020;100mN31471E41421;MC;OS;2;66;M;M;6574;EMP
059540020020-6816;059540020020;100mN31471E41421;MC;OS;4;86;M;M;75XX;EMP
059540020020-6816;059540020020;100mN31471E41421;MC;OS;4;85;M;F;75XX;NEP
059540020020-6816;059540020020;100mN31471E41421;MC;OS;4;66;M;M;6574;NEP
059540020020-6816;059540020020;100mN31471E41421;MC;OS;4;69;S;M;6574;NEP
059540020020-6817;059540020020;100mN31471E41421;S;NA;1;56;S;F;5064;NEP
059540020020-6818;059540020020;100mN31491E41419;S;NA;1;85;S;F;75XX;EMP
059540020020-6819;059540020020;100mN31471E41421;MC;OS;2;88;M;M;75XX;NEP
059540020020-6819;059540020020;100mN31471E41421;MC;OS;2;85;M;F;75XX;EMP
059540020020-6820;059540020020;100mN31471E41421;MC;OS;3;68;M;F;6574;NEP
059540020020-6820;059540020020;100mN31471E41421;MC;OS;3;79;M;M;75XX;NEP
059540020020-6820;059540020020;100mN31471E41421;MC;OS;3;72;D;M;6574;EMP
059540020020-6821;059540020020;100mN31471E41421;S;NA;1;71;S;M;6574;EMP
059540020020-6822;059540020020;100mN31471E41421;SF;NA;4;50;S;F;5064;NEP
059540020020-6822;059540020020;100mN31471E41421;SF;NA;4;11;S;M;0614;NEP
059540020020-6822;059540020020;100mN31471E41421;SF;NA;4;6;S;F;0614;NEP
059540020020-6822;059540020020;100mN31471E41421;SF;NA;4;6;S;F;0614;NEP
059540020020-6823;059540020020;100mN31471E41421;MC;NA;4;40;M;M;4049;EMP
059540020020-6823;059540020020;100mN31471E41421;MC;NA;4;18;M;F;1824;NEP
059540020020-6823;059540020020;100mN31471E41421;MC;NA;4;20;S;M;1824;NEP
059540020020-6823;059540020020;100mN31471E41421;MC;NA;4;6;S;F;0614;NEP
059540020020-6824;059540020020;100mN31481E41405;S;OS;1;47;S;M;4049;EMP
059540020020-6825;059540020020;100mN31471E41421;MC;NA;2;34;M;F;3039;EMP
059540020020-6825;059540020020;100mN31471E41421;MC;NA;2;38;M;M;3039;EMP
059540020020-6826;059540020020;100mN31471E41421;SF;NA;3;68;S;F;6574;NEP
059540020020-6826;059540020020;100mN31471E41421;SF;NA;3;12;S;F;0614;NEP
059540020020-6826;059540020020;100mN31471E41421;SF;NA;3;0;S;F;0003;NEP
059540020020-6827;059540020020;100mN31471E41421;MC;NA;2;28;M;F;2529;EMP
059540020020-6827;059540020020;100mN31471E41421;MC;NA;2;33;M;M;3039;EMP
059540020020-6828;059540020020;100mN31471E41421;MC;MIX;4;70;M;M;6574;EMP
059540020020-6828;059540020020;100mN31471E41421;MC;MIX;4;44;M;M;4049;UEP
059540020020-6828;059540020020;100mN31471E41421;MC;MIX;4;53;M;F;5064;EMP
059540020020-6828;059540020020;100mN31471E41421;MC;MIX;4;10;S;M;0614;NEP
059540020020-6829;059540020020;100mN31471E41421;S;NA;1;46;M;F;4049;EMP
059540020020-6830;059540020020;100mN31464E41431;MC;NA;2;38;M;F;3039;EMP
059540020020-6830;059540020020;100mN31464E41431;MC;NA;2;40;M;M;4049;EMP
059540020020-6831;059540020020;100mN31471E41421;SF;NA;4;40;W;F;4049;NEP
059540020020-6831;059540020020;100mN31471E41421;SF;NA;4;7;S;F;0614;NEP
059540020020-6831;059540020020;100mN31471E41421;SF;NA;4;19;S;M;1824;NEP
059540020020-6831;059540020020;100mN31471E41421;SF;NA;4;20;M;F;1824;NEP
059540020020-6832;059540020020;100mN31471E41421;MC;NA;2;50;M;M;5064;EMP
059540020020-6832;059540020020;100mN31471E41421;MC;NA;2;48;M;F;4049;EMP
059540020020-6833;059540020020;100mN31473E41418;NA;NA;2;70;S;F;6574;NEP
059540020020-6833;059540020020;100mN31473E41418;NA;NA;2;37;S;M;3039;NEP
059540020020-6834;059540020020;100mN31473E41423;S;NA;1;53;D;F;5064;NEP
059540020020-6835;059540020020;100mN31471E41421;S;NA;1;40;M;M;4049;NEP
059540020020-6836;059540020020;100mN31464E41429;MC;MIX;3;87;S;F;75XX;NEP
059540020020-6836;059540020020;100mN31464E41429;MC;MIX;3;63;M;M;5064;EMP
059540020020-6836;059540020020;100mN31464E41429;MC;MIX;3;63;M;F;5064;EMP
059540020020-6837;059540020020;100mN31471E41421;S;NA;1;45;D;M;4049;EMP
059540020020-6838;059540020020;100mN31473E41426;S;NA;1;26;PD;M;2529;EMP
059540020020-6839;059540020020;100mN31478E41401;MC;OS;2;72;M;F;6574;NEP
059540020020-6839;059540020020;100mN31478E41401;MC;OS;2;78;M;M;75XX;NEP
059540020020-6840;059540020020;100mN31471E41421;SM;NA;2;72;S;M;6574;EMP
059540020020-6840;059540020020;100mN31471E41421;SM;NA;2;51;W;F;5064;EMP
059540020020-6841;059540020020;100mN31471E41421;MC;NA;4;45;M;M;4049;EMP
059540020020-6841;059540020020;100mN31471E41421;MC;NA;4;45;M;F;4049;EMP
059540020020-6841;059540020020;100mN31471E41421;MC;NA;4;2;S;F;0003;NEP
059540020020-6841;059540020020;100mN31471E41421;MC;NA;4;8;S;F;0614;NEP
059540020020-6842;059540020020;100mN31473E41418;MC;MIX;2;67;M;F;6574;EMP
059540020020-6842;059540020020;100mN31473E41418;MC;MIX;2;47;W;F;4049;NEP
059540020020-6843;059540020020;100mN31471E41421;MC;NA;2;53;M;F;5064;EMP
059540020020-6843;059540020020;100mN31471E41421;MC;NA;2;46;M;M;4049;NEP
059540020020-6844;059540020020;100mN31471E41421;S;NA;1;47;D;M;4049;NEP
059540020020-6845;059540020020;100mN31478E41401;PO;NA;2;42;S;M;4049;NEP
059540020020-6845;059540020020;100mN31478E41401;PO;NA;2;40;S;M;4049;EMP
059540020020-6846;059540020020;100mN31471E41421;S;OS;1;66;S;M;6574;EMP
059540020020-6847;059540020020;100mN31471E41421;S;NA;1;19;S;M;1824;EMP
059540020020-6848;059540020020;100mN31471E41421;PC;MIX;4;66;S;F;6574;EMP
059540020020-6848;059540020020;100mN31471E41421;PC;MIX;4;55;P;M;5064;NEP
059540020020-6848;059540020020;100mN31471E41421;PC;MIX;4;52;P;F;5064;NEP
059540020020-6848;059540020020;100mN31471E41421;PC;MIX;4;9;S;M;0614;NEP
059540020020-6849;059540020020;100mN31471E41421;MC;NA;2;32;M;F;3039;EMP
059540020020-6849;059540020020;100mN31471E41421;MC;NA;2;35;M;M;3039;NEP
059540020020-6850;059540020020;100mN31471E41421;MC;NA;2;48;M;F;4049;EMP
059540020020-6850;059540020020;100mN31471E41421;MC;NA;2;50;M;M;5064;EMP
059540020020-6851;059540020020;100mN31471E41421;SF;NA;2;54;W;F;5064;NEP
059540020020-6851;059540020020;100mN31471E41421;SF;NA;2;15;S;F;1517;EMP
059540020020-6852;059540020020;100mN31471E41421;SF;NA;2;84;D;F;75XX;NEP
059540020020-6852;059540020020;100mN31471E41421;SF;NA;2;6;S;F;0614;NEP
059540020020-6853;059540020020;100mN31499E41433;MC;OS;2;75;M;F;75XX;EMP
059540020020-6853;059540020020;100mN31499E41433;MC;OS;2;78;M;M;75XX;EMP
059540020020-6854;059540020020;100mN31463E41423;S;OS;1;45;M;M;4049;EMP
059540020020-6855;059540020020;100mN31471E41421;MC;NA;5;33;M;F;3039;EMP
059540020020-6855;059540020020;100mN31471E41421;MC;NA;5;36;M;M;3039;NEP
059540020020-6855;059540020020;100mN31471E41421;MC;NA;5;18;D;F;1824;NEP
059540020020-6855;059540020020;100mN31471E41421;MC;NA;5;15;S;F;1517;NEP
059540020020-6855;059540020020;100mN31471E41421;MC;NA;5;16;S;F;1517;EMP
059540020020-6856;059540020020;100mN31471E41421;MC;NA;2;45;M;M;4049;NEP
059540020020-6856;059540020020;100mN31471E41421;MC;NA;2;45;M;F;4049;NEP
059540020020-6857;059540020020;100mN31489E41419;S;OS;1;51;S;F;5064;NEP
059540020020-6858;059540020020;100mN31472E41432;PO;NA;2;58;S;M;5064;EMP
059540020020-6858;059540020020;100mN31472E41432;PO;NA;2;54;S;M;5064;NEP
059540020020-6859;059540020020;100mN31471E41421;S;OS;1;36;D;F;3039;EMP
059540020020-6860;059540020020;100mN31471E41421;S;NA;1;16;S;M;1517;EMP
059540020020-6861;059540020020;100mN31484E41419;MC;MIX;2;72;M;F;6574;EMP
059540020020-6861;059540020020;100mN31484E41419;MC;MIX;2;44;W;F;4049;NEP
059540020020-6862;059540020020;100mN31471E41421;NA;NA;2;21;S;F;1824;NEP
059540020020-6862;059540020020;100mN31471E41421;NA;NA;2;58;M;M;5064;NEP
059540020020-6863;059540020020;100mN31490E41400;MC;OS;2;66;M;M;6574;NEP
059540020020-6863;059540020020;100mN31490E41400;MC;OS;2;68;M;F;6574;NEP
059540020020-6864;059540020020;100mN31471E41421;S;NA;1;57;D;F;5064;EMP
059540020020-6865;059540020020;100mN31471E41421;S;NA;1;76;W;M;75XX;EMP
059540020020-6866;059540020020;100mN31471E41421;S;NA;1;48;S;M;4049;EMP
059540020020-6867;059540020020;100mN31481E41413;MC;OS;2;86;M;F;75XX;EMP
059540020020-6867;059540020020;100mN31481E41413;MC;OS;2;67;M;F;6574;EMP
059540020020-6868;059540020020;100mN31471E41430;S;NA;1;54;W;F;5064;NEP
059540020020-6869;059540020020;100mN31471E41421;S;OS;1;89;S;M;75XX;EMP
059540020020-6870;059540020020;100mN31471E41421;MC;OS;2;70;M;F;6574;EMP
059540020020-6870;059540020020;100mN31471E41421;MC;OS;2;72;M;M;6574;EMP
059540020020-6871;059540020020;100mN31471E41421;S;NA;1;52;S;M;5064;NEP
059540020020-6872;059540020020;100mN31471E41421;MC;NA;3;63;M;F;5064;NEP
059540020020-6872;059540020020;100mN31471E41421;MC;NA;3;87;M;F;75XX;NEP
059540020020-6872;059540020020;100mN31471E41421;MC;NA;3;3;S;M;0305;NEP
059540020020-6873;059540020020;100mN31471E41421;PO;NA;2;60;S;M;5064;NEP
059540020020-6873;059540020020;100mN31471E41421;PO;NA;2;55;S;F;5064;EMP
059540020020-6874;059540020020;100mN31471E41421;S;NA;1;66;S;F;6574;EMP
059540020020-6875;059540020020;100mN31471E41421;S;NA;1;53;D;M;5064;EMP
059540020020-6876;059540020020;100mN31471E41421;S;NA;1;65;M;F;6574;NEP
059540020020-6877;059540020020;100mN31471E41421;MC;OS;2;88;M;F;75XX;EMP
059540020020-6877;059540020020;100mN31471E41421;MC;OS;2;88;M;M;75XX;EMP
059540020020-6878;059540020020;100mN31471E41421;S;NA;1;43;D;M;4049;EMP
059540020020-6879;059540020020;100mN31471E41421;MC;NA;2;52;M;M;5064;EMP
059540020020-6879;059540020020;100mN31471E41421;MC;NA;2;47;M;F;4049;NEP
059540020020-6880;059540020020;100mN31471E41421;MC;NA;3;19;M;M;1824;EMP
059540020020-6880;059540020020;100mN31471E41421;MC;NA;3;18;M;F;1824;EMP
059540020020-6880;059540020020;100mN31471E41421;MC;NA;3;4;S;F;0305;NEP
059540020020-6881;059540020020;100mN31471E41421;S;NA;1;33;W;M;3039;EMP
059540020020-6882;059540020020;100mN31473E41424;S;NA;1;41;W;F;4049;EMP
059540020020-6883;059540020020;100mN31471E41421;MC;NA;3;18;M;M;1824;EMP
059540020020-6883;059540020020;100mN31471E41421;MC;NA;3;18;M;F;1824;NEP
059540020020-6883;059540020020;100mN31471E41421;MC;NA;3;3;S;F;0305;NEP
059540020020-6884;059540020020;100mN31491E41429;MC;NA;3;45;M;M;4049;EMP
059540020020-6884;059540020020;100mN31491E41429;MC;NA;3;42;M;F;4049;NEP
059540020020-6884;059540020020;100mN31491E41429;MC;NA;3;13;S;M;0614;NEP
059540020020-6885;059540020020;100mN31473E41423;PO;NA;2;54;S;F;5064;EMP
059540020020-6885;059540020020;100mN31473E41423;PO;NA;2;54;S;F;5064;EMP
059540020020-6886;059540020020;100mN31481E41412;S;NA;1;28;D;M;2529;EMP
059540020020-6887;059540020020;100mN31471E41421;MC;NA;2;27;M;F;2529;NEP
059540020020-6887;059540020020;100mN31471E41421;MC;NA;2;32;M;M;3039;EMP
059540020020-6888;059540020020;100mN31471E41421;MC;NA;3;42;M;M;4049;EMP
059540020020-6888;059540020020;100mN31471E41421;MC;NA;3;18;M;F;1824;NEP
059540020020-6888;059540020020;100mN31471E41421;MC;NA;3;11;S;F;0614;NEP
059540020020-6889;059540020020;100mN31471E41421;S;NA;1;35;M;F;3039;EMP
059540020020-6890;059540020020;100mN31464E41425;S;OS;1;46;M;M;4049;NEP
059540020020-6891;059540020020;100mN31475E41420;SF;NA;2;45;S;F;4049;EMP
059540020020-6891;059540020020;100mN31475E41420;SF;NA;2;13;S;F;0614;NEP
059540020020-6892;059540020020;100mN31471E41421;SF;NA;3;51;S;F;5064;NEP
059540020020-6892;059540020020;100mN31471E41421;SF;NA;3;7;S;M;0614;NEP
059540020020-6892;059540020020;100mN31471E41421;SF;NA;3;13;S;F;0614;NEP
059540020020-6893;059540020020;100mN31471E41421;S;OS;1;44;M;M;4049;EMP
059540020020-6894;059540020020;100mN31481E41400;S;NA;1;76;W;F;75XX;EMP
059540020020-6895;059540020020;100mN31485E41408;MC;NA;2;48;M;M;4049;EMP
059540020020-6895;059540020020;100mN31485E41408;MC;NA;2;42;M;F;4049;EMP
059540020020-6896;059540020020;100mN31481E41405;MC;MIX;2;65;M;M;6574;EMP
059540020020-6896;059540020020;100mN31481E41405;MC;MIX;2;50;S;M;5064;EMP
059540020020-6897;059540020020;100mN31479E41423;MC;OS;3;72;M;F;6574;NEP
059540020020-6897;059540020020;100mN31479E41423;MC;OS;3;67;M;M;6574;UEP
059540020020-6897;059540020020;100mN31479E41423;MC;OS;3;73;M;M;6574;EMP
059540020020-6898;059540020020;100mN31484E41412;MC;NA;2;52;M;M;5064;NEP
059540020020-6898;059540020020;100mN31484E41412;MC;NA;2;43;M;F;4049;EMP
059540020020-6899;059540020020;100mN31473E41419;S;OS;1;22;D;M;1824;EMP
059540020020-6900;059540020020;100mN31493E41417;S;NA;1;43;M;F;4049;EMP
059540020020-6901;059540020020;100mN31464E41420;S;OS;1;66;D;F;6574;EMP
059540020020-6902;059540020020;100mN31464E41420;MC;NA;2;55;M;M;5064;NEP
059540020020-6902;059540020020;100mN31464E41420;MC;NA;2;61;M;F;5064;EMP
059540020020-6903;059540020020;100mN31491E41399;MC;NA;4;52;M;M;5064;UEP
059540020020-6903;059540020020;100mN31491E41399;MC;NA;4;54;M;F;5064;EMP
059540020020-6903;059540020020;100mN31491E41399;MC;NA;4;19;M;M;1824;EMP
059540020020-6903;059540020020;100mN31491E41399;MC;NA;4;9;S;M;0614;NEP
059540020020-6904;059540020020;100mN31500E41446;S;OS;1;53;S;M;5064;NEP
059540020020-6905;059540020020;100mN31489E41415;PO;NA;2;60;S;F;5064;NEP
059540020020-6905;059540020020;100mN31489E41415;PO;NA;2;59;D;F;5064;EMP
059540020020-6906;059540020020;100mN31489E41419;S;OS;1;51;S;F;5064;NEP
059540020020-6907;059540020020;100mN31479E41423;MC;NA;2;54;M;M;5064;NEP
059540020020-6907;059540020020;100mN31479E41423;MC;NA;2;53;M;F;5064;NEP
059540020020-6908;059540020020;100mN31475E41397;PO;OS;2;67;S;M;6574;EMP
059540020020-6908;059540020020;100mN31475E41397;PO;OS;2;69;S;M;6574;EMP
059540020020-6909;059540020020;100mN31479E41423;MC;MIX;2;69;M;F;6574;NEP
059540020020-6909;059540020020;100mN31479E41423;MC;MIX;2;21;M;M;1824;EMP
059540020020-6910;059540020020;100mN31491E41436;S;NA;1;89;M;M;75XX;EMP
059540020020-6911;059540020020;100mN31491E41436;S;NA;1;80;S;M;75XX;NEP
059540020020-6912;059540020020;100mN31491E41436;S;OS;1;78;M;F;75XX;EMP
059540020020-6913;059540020020;100mN31471E41432;MC;MIX;4;76;D;F;75XX;EMP
059540020020-6913;059540020020;100mN31471E41432;MC;MIX;4;56;M;F;5064;NEP
059540020020-6913;059540020020;100mN31471E41432;MC;MIX;4;63;M;M;5064;EMP
059540020020-6913;059540020020;100mN31471E41432;MC;MIX;4;6;S;F;0614;NEP
059540020020-6914;059540020020;100mN31471E41432;MC;NA;4;42;M;F;4049;EMP
059540020020-6914;059540020020;100mN31471E41432;MC;NA;4;42;M;M;4049;NEP
059540020020-6914;059540020020;100mN31471E41432;MC;NA;4;21;M;M;1824;EMP
059540020020-6914;059540020020;100mN31471E41432;MC;NA;4;4;S;F;0305;NEP
059540020020-6915;059540020020;100mN31471E41432;MC;NA;3;44;M;F;4049;EMP
059540020020-6915;059540020020;100mN31471E41432;MC;NA;3;53;M;M;5064;EMP
059540020020-6915;059540020020;100mN31471E41432;MC;NA;3;9;S;F;0614;NEP
059540020020-6916;059540020020;100mN31471E41432;S;NA;1;83;M;M;75XX;EMP
059540020020-6917;059540020020;100mN31471E41432;NA;OS;2;61;S;M;5064;EMP
059540020020-6917;059540020020;100mN31471E41432;NA;OS;2;80;S;M;75XX;NEP
059540020020-6918;059540020020;100mN31481E41404;S;NA;1;26;W;F;2529;EMP
059540020020-6919;059540020020;100mN31471E41432;S;NA;1;81;M;F;75XX;EMP
059540020020-6920;059540020020;100mN31471E41432;MC;NA;4;25;M;F;2529;EMP
059540020020-6920;059540020020;100mN31471E41432;MC;NA;4;32;M;M;3039;NEP
059540020020-6920;059540020020;100mN31471E41432;MC;NA;4;0;S;F;0003;NEP
059540020020-6920;059540020020;100mN31471E41432;MC;NA;4;3;S;F;0305;NEP
059540020020-6921;059540020020;100mN31471E41432;MC;NA;2;40;M;M;4049;NEP
059540020020-6921;059540020020;100mN31471E41432;MC;NA;2;36;M;F;3039;NEP
059540020020-6922;059540020020;100mN31462E41428;MC;MIX;2;73;M;F;6574;EMP
059540020020-6922;059540020020;100mN31462E41428;MC;MIX;2;51;M;F;5064;NEP
059540020020-6923;059540020020;100mN31471E41432;MC;MIX;2;72;M;M;6574;NEP
059540020020-6923;059540020020;100mN31471E41432;MC;MIX;2;63;M;F;5064;NEP
059540020020-6924;059540020020;100mN31471E41432;MC;OS;2;67;M;M;6574;EMP
059540020020-6924;059540020020;100mN31471E41432;MC;OS;2;77;M;F;75XX;EMP
059540020020-6925;059540020020;100mN31471E41432;S;NA;1;84;S;M;75XX;EMP
059540020020-6926;059540020020;100mN31471E41432;MC;OS;2;75;M;M;75XX;EMP
059540020020-6926;059540020020;100mN31471E41432;MC;OS;2;73;M;F;6574;NEP
059540020020-6927;059540020020;100mN31486E41404;MC;NA;3;58;M;M;5064;UEP
059540020020-6927;059540020020;100mN31486E41404;MC;NA;3;54;M;F;5064;NEP
059540020020-6927;059540020020;100mN31486E41404;MC;NA;3;10;S;M;0614;NEP
059540020020-6928;059540020020;100mN31471E41432;SF;NA;2;45;S;F;4049;NEP
059540020020-6928;059540020020;100mN31471E41432;SF;NA;2;19;W;F;1824;EMP
059540020020-6929;059540020020;100mN31483E41410;S;OS;1;55;W;F;5064;EMP
059540020020-6930;059540020020;100mN31489E41421;S;NA;1;19;S;M;1824;EMP
059540020020-6931;059540020020;100mN31460E41425;SF;NA;2;70;S;F;6574;EMP
059540020020-6931;059540020020;100mN31460E41425;SF;NA;2;2;S;F;0003;NEP
059540020020-6932;059540020020;100mN31471E41432;PO;NA;2;40;S;M;4049;EMP
059540020020-6932;059540020020;100mN31471E41432;PO;NA;2;40;S;F;4049;NEP
059540020020-6933;059540020020;100mN31471E41432;S;OS;1;51;W;F;5064;NEP
059540020020-6934;059540020020;100mN31471E41432;S;NA;1;59;M;M;5064;EMP
059540020020-6935;059540020020;100mN31471E41432;S;NA;1;57;M;F;5064;EMP
059540020020-6936;059540020020;100mN31471E41432;PO;NA;4;57;S;F;5064;EMP
059540020020-6936;059540020020;100mN31471E41432;PO;NA;4;60;S;M;5064;EMP
059540020020-6936;059540020020;100mN31471E41432;PO;NA;4;11;S;F;0614;NEP
059540020020-6936;059540020020;100mN31471E41432;PO;NA;4;37;D;F;3039;EMP
059540020020-6937;059540020020;100mN31471E41432;MC;MIX;4;79;M;F;75XX;EMP
059540020020-6937;059540020020;100mN31471E41432;MC;MIX;4;58;M;F;5064;EMP
059540020020-6937;059540020020;100mN31471E41432;MC;MIX;4;60;M;M;5064;EMP
059540020020-6937;059540020020;100mN31471E41432;MC;MIX;4;8;S;M;0614;NEP
059540020020-6938;059540020020;100mN31471E41432;MC;OS;2;82;M;M;75XX;NEP
059540020020-6938;059540020020;100mN31471E41432;MC;OS;2;80;M;F;75XX;EMP
059540020020-6939;059540020020;100mN31471E41432;NA;NA;2;30;S;F;3039;EMP
059540020020-6939;059540020020;100mN31471E41432;NA;NA;2;60;M;M;5064;EMP
059540020020-6940;059540020020;100mN31471E41432;MC;NA;4;28;M;F;2529;NEP
059540020020-6940;059540020020;100mN31471E41432;MC;NA;4;20;M;M;1824;EMP
059540020020-6940;059540020020;100mN31471E41432;MC;NA;4;13;S;M;0614;NEP
059540020020-6940;059540020020;100mN31471E41432;MC;NA;4;12;S;M;0614;NEP
059540020020-6941;059540020020;100mN31491E41416;S;NA;1;63;W;F;5064;EMP
059540020020-6942;059540020020;100mN31477E41421;S;OS;1;57;M;F;5064;NEP
059540020020-6943;059540020020;100mN31467E41422;MC;NA;2;62;M;M;5064;EMP
059540020020-6943;059540020020;100mN31467E41422;MC;NA;2;53;M;F;5064;EMP
059540020020-6944;059540020020;100mN31462E41432;MC;NA;4;23;M;M;1824;UEP
059540020020-6944;059540020020;100mN31462E41432;MC;NA;4;21;M;F;1824;NEP
059540020020-6944;059540020020;100mN31462E41432;MC;NA;4;0;S;M;0003;NEP
059540020020-6944;059540020020;100mN31462E41432;MC;NA;4;8;S;M;0614;NEP
059540020020-6945;059540020020;100mN31462E41432;S;NA;1;19;M;M;1824;EMP
059540020020-6946;059540020020;100mN31462E41432;S;NA;1;62;M;F;5064;NEP
059540020020-6947;059540020020;100mN31467E41429;PO;NA;2;31;S;F;3039;NEP
059540020020-6947;059540020020;100mN31467E41429;PO;NA;2;31;S;F;3039;EMP
059540020020-6948;059540020020;100mN31462E41432;MC;OS;2;80;M;F;75XX;NEP
059540020020-6948;059540020020;100mN31462E41432;MC;OS;2;83;M;M;75XX;NEP
059540020020-6949;059540020020;100mN31483E41413;S;NA;1;63;M;F;5064;EMP
059540020020-6950;059540020020;100mN31462E41432;MC;MIX;4;88;W;F;75XX;EMP
059540020020-6950;059540020020;100mN31462E41432;MC;MIX;4;48;M;M;4049;NEP
059540020020-6950;059540020020;100mN31462E41432;MC;MIX;4;40;M;F;4049;NEP
059540020020-6950;059540020020;100mN31462E41432;MC;MIX;4;23;M;F;1824;EMP
059540020020-6951;059540020020;100mN31492E41401;S;OS;1;53;W;F;5064;EMP
059540020020-6952;059540020020;100mN31462E41432;S;NA;1;26;D;F;2529;EMP
059540020020-6953;059540020020;100mN31462E41432;MC;NA;3;58;M;F;5064;NEP
059540020020-6953;059540020020;100mN31462E41432;MC;NA;3;59;M;M;5064;EMP
059540020020-6953;059540020020;100mN31462E41432;MC;NA;3;16;S;M;1517;EMP
059540020020-6954;059540020020;100mN31477E41401;S;OS;1;46;M;F;4049;NEP
059540020020-6955;059540020020;100mN31462E41432;SF;MIX;2;88;W;F;75XX;NEP
059540020020-6955;059540020020;100mN31462E41432;SF;MIX;2;8;S;F;0614;NEP
059540020020-6956;059540020020;100mN31462E41432;MC;NA;2;43;M;M;4049;EMP
059540020020-6956;059540020020;100mN31462E41432;MC;NA;2;40;M;F;4049;EMP
059540020020-6957;059540020020;100mN31462E41432;S;OS;1;53;S;M;5064;EMP
059540020020-6958;059540020020;100mN31462E41432;S;NA;1;35;S;M;3039;NEP
059540020020-6959;059540020020;100mN31464E41425;MC;NA;3;51;M;F;5064;NEP
059540020020-6959;059540020020;100mN31464E41425;MC;NA;3;51;M;M;5064;EMP
059540020020-6959;059540020020;100mN31464E41425;MC;NA;3;9;S;M;0614;NEP
059540020020-6960;059540020020;100mN31462E41432;MC;NA;4;44;M;F;4049;NEP
059540020020-6960;059540020020;100mN31462E41432;MC;NA;4;42;M;M;4049;EMP
059540020020-6960;059540020020;100mN31462E41432;MC;NA;4;22;M;M;1824;EMP
059540020020-6960;059540020020;100mN31462E41432;MC;NA;4;25;M;F;2529;EMP
059540020020-6961;059540020020;100mN31462E41432;MC;OS;2;66;M;F;6574;NEP
059540020020-6961;059540020020;100mN31462E41432;MC;OS;2;66;M;M;6574;EMP
059540020020-6962;059540020020;100mN31480E41408;SF;NA;2;47;D;F;4049;NEP
059540020020-6962;059540020020;100mN31480E41408;SF;NA;2;31;W;F;3039;EMP
059540020020-6963;059540020020;100mN31462E41432;MC;NA;2;22;M;M;1824;EMP
059540020020-6963;059540020020;100mN31462E41432;MC;NA;2;19;M;F;1824;EMP
059540020020-6964;059540020020;100mN31488E41438;S;OS;1;81;D;F;75XX;EMP
059540020020-6965;059540020020;100mN31462E41432;SF;NA;2;16;S;F;1517;NEP
059540020020-6965;059540020020;100mN31462E41432;SF;NA;2;0;S;M;0003;NEP
059540020020-6966;059540020020;100mN31484E41430;S;NA;1;41;M;F;4049;NEP
059540020020-6967;059540020020;100mN31462E41432;MC;NA;2;35;M;F;3039;EMP
059540020020-6967;059540020020;100mN31462E41432;MC;NA;2;33;M;M;3039;NEP
059540020020-6968;059540020020;100mN31462E41432;MC;NA;2;31;M;M;3039;NEP
059540020020-6968;059540020020;100mN31462E41432;MC;NA;2;30;M;F;3039;EMP
059540020020-6969;059540020020;100mN31462E41432;MC;NA;3;28;M;M;2529;EMP
059540020020-6969;059540020020;100mN31462E41432;MC;NA;3;19;M;F;1824;EMP
059540020020-6969;059540020020;100mN31462E41432;MC;NA;3;3;S;F;0305;NEP
059540020020-6970;059540020020;100mN31490E41400;MC;NA;2;62;M;M;5064;NEP
059540020020-6970;059540020020;100mN31490E41400;MC;NA;2;58;M;F;5064;NEP
059540020020-6971;059540020020;100mN31490E41400;MC;NA;2;53;M;M;5064;NEP
059540020020-6971;059540020020;100mN31490E41400;MC;NA;2;55;M;F;5064;NEP
059540020020-6972;059540020020;100mN31490E41400;MC;OS;2;66;M;M;6574;NEP
059540020020-6972;059540020020;100mN31490E41400;MC;OS;2;68;M;F;6574;NEP
059540020020-6973;059540020020;100mN31473E41430;SF;NA;2;48;D;F;4049;NEP
059540020020-6973;059540020020;100mN31473E41430;SF;NA;2;9;S;F;0614;NEP
059540020020-6974;059540020020;100mN31491E41440;MC;OS;5;72;M;F;6574;EMP
059540020020-6974;059540020020;100mN31491E41440;MC;OS;5;73;M;M;6574;EMP
059540020020-6974;059540020020;100mN31491E41440;MC;OS;5;78;S;M;75XX;EMP
059540020020-6974;059540020020;100mN31491E41440;MC;OS;5;89;M;M;75XX;EMP
059540020020-6974;059540020020;100mN31491E41440;MC;OS;5;75;S;F;75XX;EMP
059540020020-6975;059540020020;100mN31493E41411;S;OS;1;18;D;F;1824;EMP
059540020020-6976;059540020020;100mN31493E41411;S;NA;1;72;W;F;6574;NEP
059540020020-6977;059540020020;100mN31494E41423;MC;NA;4;38;M;M;3039;NEP
059540020020-6977;059540020020;100mN31494E41423;MC;NA;4;18;M;F;1824;EMP
059540020020-6977;059540020020;100mN31494E41423;MC;NA;4;20;M;M;1824;EMP
059540020020-6977;059540020020;100mN31494E41423;MC;NA;4;23;S;M;1824;EMP
059540020020-6978;059540020020;100mN31478E41406;S;OS;1;55;M;M;5064;EMP
059540020020-6979;059540020020;100mN31494E41423;MC;NA;4;27;M;M;2529;EMP
059540020020-6979;059540020020;100mN31494E41423;MC;NA;4;23;M;F;1824;NEP
059540020020-6979;059540020020;100mN31494E41423;MC;NA;4;11;S;M;0614;NEP
059540020020-6979;059540020020;100mN31494E41423;MC;NA;4;8;S;M;0614;NEP
059540020020-6980;059540020020;100mN31463E41423;MC;NA;2;20;M;F;1824;NEP
059540020020-6980;059540020020;100mN31463E41423;MC;NA;2;26;M;M;2529;EMP
059540020020-6981;059540020020;100mN31493E41430;S;OS;1;61;S;M;5064;EMP
059540020020-6982;059540020020;100mN31494E41423;S;NA;1;21;S;M;1824;NEP
059540020020-6983;059540020020;100mN31494E41423;S;NA;1;69;S;M;6574;EMP
059540020020-6984;059540020020;100mN31494E41423;MC;NA;2;54;M;F;5064;NEP
059540020020-6984;059540020020;100mN31494E41423;MC;NA;2;60;M;M;5064;EMP
059540020020-6985;059540020020;100mN31494E41423;MC;NA;2;46;M;F;4049;EMP
059540020020-6985;059540020020;100mN31494E41423;MC;NA;2;46;M;M;4049;NEP
059540020020-6986;059540020020;100mN31497E41415;S;NA;1;57;D;M;5064;NEP
059540020020-6987;059540020020;100mN31494E41423;MC;NA;2;52;M;F;5064;EMP
059540020020-6987;059540020020;100mN31494E41423;MC;NA;2;61;M;M;5064;EMP
059540020020-6988;059540020020;100mN31494E41423;S;OS;1;59;M;F;5064;EMP
059540020020-6989;059540020020;100mN31494E41423;MC;OS;3;73;M;F;6574;EMP
059540020020-6989;059540020020;100mN31494E41423;MC;OS;3;72;M;M;6574;EMP
059540020020-6989;059540020020;100mN31494E41423;MC;OS;3;73;M;M;6574;EMP
059540020020-6990;059540020020;100mN31499E41444;MC;NA;3;41;M;M;4049;EMP
059540020020-6990;059540020020;100mN31499E41444;MC;NA;3;18;M;F;1824;EMP
059540020020-6990;059540020020;100mN31499E41444;MC;NA;3;15;S;F;1517;EMP
059540020020-6991;059540020020;100mN31468E41420;S;NA;1;33;S;M;3039;EMP
059540020020-6992;059540020020;100mN31494E41423;S;NA;1;37;M;M;3039;EMP
059540020020-6993;059540020020;100mN31474E41423;S;NA;1;84;S;F;75XX;EMP
059540020020-6994;059540020020;100mN31494E41423;S;NA;1;48;M;M;4049;NEP
059540020020-6995;059540020020;100mN31472E41431;NA;OS;3;62;D;M;5064;EMP
059540020020-6995;059540020020;100mN31472E41431;NA;OS;3;67;W;F;6574;EMP
059540020020-6995;059540020020;100mN31472E41431;NA;OS;3;60;M;F;5064;NEP
059540020020-6996;059540020020;100mN31494E41423;S;OS;1;47;D;M;4049;EMP
059540020020-6997;059540020020;100mN31494E41423;S;NA;1;62;M;F;5064;NEP
059540020020-6998;059540020020;100mN31494E41423;MC;NA;2;57;M;F;5064;EMP
059540020020-6998;059540020020;100mN31494E41423;MC;NA;2;62;M;M;5064;EMP
059540020020-6999;059540020020;100mN31499E41432;MC;OS;4;81;M;F;75XX;EMP
059540020020-6999;059540020020;100mN31499E41432;MC;OS;4;88;M;M;75XX;UEP
059540020020-6999;059540020020;100mN31499E41432;MC;OS;4;71;M;F;6574;EMP
059540020020-6999;059540020020;100mN31499E41432;MC;OS;4;71;S;M;6574;NEP
059540020020-7000;059540020020;100mN31494E41423;MC;OS;5;78;M;F;75XX;NEP
059540020020-7000;059540020020;100mN31494E41423;MC;OS;5;82;M;M;75XX;EMP
059540020020-7000;059540020020;100mN31494E41423;MC;OS;5;72;D;F;6574;EMP
059540020020-7000;059540020020;100mN31494E41423;MC;OS;5;71;M;F;6574;EMP
059540020020-7000;059540020020;100mN31494E41423;MC;OS;5;68;W;F;6574;EMP
059540020020-7001;059540020020;100mN31494E41423;S;OS;1;65;M;F;6574;EMP
059540020020-7002;059540020020;100mN31494E41423;MC;NA;2;58;M;F;5064;NEP
059540020020-7002;059540020020;100mN31494E41423;MC;NA;2;63;M;M;5064;NEP
059540020020-7003;059540020020;100mN31489E41407;NA;MIX;3;47;M;M;4049;EMP
059540020020-7003;059540020020;100mN31489E41407;NA;MIX;3;16;S;M;1517;EMP
059540020020-7003;059540020020;100mN31489E41407;NA;MIX;3;25;M;F;2529;EMP
059540020020-7004;059540020020;100mN31489E41407;MC;NA;2;32;M;F;3039;NEP
059540020020-7004;059540020020;100mN31489E41407;MC;NA;2;33;M;M;3039;EMP
059540020020-7005;059540020020;100mN31489E41407;MC;NA;2;28;M;M;2529;NEP
059540020020-7005;059540020020;100mN31489E41407;MC;NA;2;19;M;F;1824;EMP
059540020020-7006;059540020020;100mN31475E41422;MC;NA;2;55;M;F;5064;EMP
059540020020-7006;059540020020;100mN31475E41422;MC;NA;2;63;M;M;5064;NEP
059540020020-7007;059540020020;100mN31475E41422;PO;MIX;2;82;S;M;75XX;EMP
059540020020-7007;059540020020;100mN31475E41422;PO;MIX;2;86;M;F;75XX;EMP
059540020020-7008;059540020020;100mN31475E41422;MC;NA;6;56;M;M;5064;EMP
059540020020-7008;059540020020;100mN31475E41422;MC;NA;6;50;M;F;5064;NEP
059540020020-7008;059540020020;100mN31475E41422;MC;NA;6;11;S;M;0614;NEP
059540020020-7008;059540020020;100mN31475E41422;MC;NA;6;18;M;M;1824;EMP
059540020020-7008;059540020020;100mN31475E41422;MC;NA;6;11;S;M;0614;NEP
059540020020-7008;059540020020;100mN31475E41422;MC;NA;6;7;S;M;0614;NEP
059540020020-7009;059540020020;100mN31475E41422;S;NA;1;52;M;M;5064;EMP
059540020020-7010;059540020020;100mN31481E41413;S;OS;1;45;D;F;4049;EMP
059540020020-7011;059540020020;100mN31475E41422;MC;NA;2;47;M;F;4049;EMP
059540020020-7011;059540020020;100mN31475E41422;MC;NA;2;48;M;M;4049;NEP
059540020020-7012;059540020020;100mN31475E41422;S;NA;1;54;M;F;5064;NEP
059540020020-7013;059540020020;100mN31462E41428;S;OS;1;54;S;M;5064;EMP
059540020020-7014;059540020020;100mN31475E41422;S;NA;1;60;D;F;5064;NEP
059540020020-7015;059540020020;100mN31475E41422;S;NA;1;60;M;F;5064;EMP
059540020020-7016;059540020020;100mN31500E41422;MC;NA;3;46;M;F;4049;EMP
059540020020-7016;059540020020;100mN31500E41422;MC;NA;3;51;M;M;5064;NEP
059540020020-7016;059540020020;100mN31500E41422;MC;NA;3;15;S;F;1517;NEP
059540020020-7017;059540020020;100mN31499E41432;NA;OS;2;56;M;F;5064;NEP
059540020020-7017;059540020020;100mN31499E41432;NA;OS;2;70;W;F;6574;NEP
059540020020-7018;059540020020;100mN31475E41422;SM;NA;2;22;S;M;1824;NEP
059540020020-7018;059540020020;100mN31475E41422;SM;NA;2;3;S;F;0305;NEP
059540020020-7019;059540020020;100mN31484E41430;MC;OS;2;70;M;M;6574;EMP
059540020020-7019;059540020020;100mN31484E41430;MC;OS;2;78;M;F;75XX;NEP
059540020020-7020;059540020020;100mN31475E41422;MC;OS;3;71;M;M;6574;EMP
059540020020-7020;059540020020;100mN31475E41422;MC;OS;3;66;M;F;6574;NEP
059540020020-7020;059540020020;100mN31475E41422;MC;OS;3;72;M;M;6574;NEP
059540020020-7021;059540020020;100mN31475E41422;MC;NA;4;57;M;M;5064;EMP
059540020020-7021;059540020020;100mN31475E41422;MC;NA;4;60;M;F;5064;NEP
059540020020-7021;059540020020;100mN31475E41422;MC;NA;4;11;S;F;0614;NEP
059540020020-7021;059540020020;100mN31475E41422;MC;NA;4;0;S;F;0003;NEP
059540020020-7022;059540020020;100mN31475E41422;SM;MIX;3;78;S;M;75XX;UEP
059540020020-7022;059540020020;100mN31475E41422;SM;MIX;3;77;D;M;75XX;EMP
059540020020-7022;059540020020;100mN31475E41422;SM;MIX;3;4;S;F;0305;NEP
059540020020-7023;059540020020;100mN31471E41430;S;NA;1;36;W;F;3039;EMP
059540020020-7024;059540020020;100mN31475E41422;S;OS;1;32;M;F;3039;NEP
059540020020-7025;059540020020;100mN31475E41422;S;OS;1;27;D;F;2529;EMP
059540020020-7026;059540020020;100mN31475E41422;MC;NA;2;60;M;M;5064;NEP
059540020020-7026;059540020020;100mN31475E41422;MC;NA;2;58;M;F;5064;NEP
059540020020-7027;059540020020;100mN31475E41422;MC;OS;2;70;M;M;6574;NEP
059540020020-7027;059540020020;100mN31475E41422;MC;OS;2;66;M;F;6574;NEP
059540020020-7028;059540020020;100mN31475E41422;S;NA;1;75;D;M;75XX;NEP
059540020020-7029;059540020020;100mN31497E41444;S;OS;1;34;S;M;3039;EMP
059540020020-7030;059540020020;100mN31475E41422;S;NA;1;42;M;M;4049;EMP
059540020020-7031;059540020020;100mN31500E41446;NA;MIX;2;56;S;M;5064;NEP
059540020020-7031;059540020020;100mN31500E41446;NA;MIX;2;42;S;F;4049;NEP
059540020020-7032;059540020020;100mN31472E41424;S;NA;1;42;D;M;4049;NEP
059540020020-7033;059540020020;100mN31472E41422;PO;NA;4;46;S;F;4049;NEP
059540020020-7033;059540020020;100mN31472E41422;PO;NA;4;48;S;F;4049;EMP
059540020020-7033;059540020020;100mN31472E41422;PO;NA;4;3;S;M;0305;NEP
059540020020-7033;059540020020;100mN31472E41422;PO;NA;4;11;S;F;0614;NEP
059540020020-7034;059540020020;100mN31475E41422;S;NA;1;72;S;M;6574;EMP
059540020020-7035;059540020020;100mN31475E41422;MC;NA;2;27;M;M;2529;NEP
059540020020-7035;059540020020;100mN31475E41422;MC;NA;2;26;M;F;2529;EMP
059540020020-7036;059540020020;100mN31500E41421;MC;MIX;3;70;D;M;6574;NEP
059540020020-7036;059540020020;100mN31500E41421;MC;MIX;3;31;M;F;3039;NEP
059540020020-7036;059540020020;100mN31500E41421;MC;MIX;3;33;M;M;3039;EMP
059540020020-7037;059540020020;100mN31475E41422;MC;NA;3;51;M;F;5064;EMP
059540020020-7037;059540020020;100mN31475E41422;MC;NA;3;55;M;M;5064;EMP
059540020020-7037;059540020020;100mN31475E41422;MC;NA;3;13;S;M;0614;NEP
059540020020-7038;059540020020;100mN31472E41422;MC;NA;6;46;M;F;4049;EMP
059540020020-7038;059540020020;100mN31472E41422;MC;NA;6;47;M;M;4049;NEP
059540020020-7038;059540020020;100mN31472E41422;MC;NA;6;21;M;M;1824;NEP
059540020020-7038;059540020020;100mN31472E41422;MC;NA;6;13;S;M;0614;NEP
059540020020-7038;059540020020;100mN31472E41422;MC;NA;6;13;S;F;0614;NEP
059540020020-7038;059540020020;100mN31472E41422;MC;NA;6;4;S;M;0305;NEP
059540020020-7039;059540020020;100mN31475E41422;S;OS;1;70;M;F;6574;EMP
059540020020-7040;059540020020;100mN31475E41422;S;NA;1;22;M;F;1824;EMP
059540020020-7041;059540020020;100mN31475E41422;S;OS;1;35;M;M;3039;NEP
059540020020-7042;059540020020;100mN31494E41425;MC;NA;4;48;M;F;4049;EMP
059540020020-7042;059540020020;100mN31494E41425;MC;NA;4;48;M;M;4049;EMP
059540020020-7042;059540020020;100mN31494E41425;MC;NA;4;7;S;M;0614;NEP
059540020020-7042;059540020020;100mN31494E41425;MC;NA;4;18;S;M;1824;UEP
059540020020-7043;059540020020;100mN31468E41431;S;OS;1;47;S;F;4049;EMP
059540020020-7044;059540020020;100mN31475E41422;S;NA;1;52;S;M;5064;EMP
059540020020-7045;059540020020;100mN31464E41424;SF;NA;4;47;S;F;4049;EMP
059540020020-7045;059540020020;100mN31464E41424;SF;NA;4;28;D;M;2529;NEP
059540020020-7045;059540020020;100mN31464E41424;SF;NA;4;8;S;F;0614;NEP
059540020020-7045;059540020020;100mN31464E41424;SF;NA;4;6;S;F;0614;NEP
059540020020-7046;059540020020;100mN31462E41428;MC;OS;2;73;M;M;6574;EMP
059540020020-7046;059540020020;100mN31462E41428;MC;OS;2;71;M;F;6574;NEP
059540020020-7047;059540020020;100mN31461E41421;MC;NA;6;38;M;F;3039;EMP
059540020020-7047;059540020020;100mN31461E41421;MC;NA;6;41;M;M;4049;NEP
059540020020-7047;059540020020;100mN31461E41421;MC;NA;6;11;S;F;0614;NEP
059540020020-7047;059540020020;100mN31461E41421;MC;NA;6;11;S;M;0614;NEP
059540020020-7047;059540020020;100mN31461E41421;MC;NA;6;13;S;M;0614;NEP
059540020020-7047;059540020020;100mN31461E41421;MC;NA;6;21;S;M;1824;EMP
059540020020-7048;059540020020;100mN31475E41422;MC;NA;2;22;M;F;1824;EMP
059540020020-7048;059540020020;100mN31475E41422;MC;NA;2;28;M;M;2529;EMP
059540020020-7049;059540020020;100mN31497E41426;S;OS;1;79;S;M;75XX;EMP
059540020020-7050;059540020020;100mN31475E41422;S;NA;1;38;W;M;3039;EMP
059540020020-7051;059540020020;100mN31491E41419;MC;NA;2;50;M;M;5064;NEP
059540020020-7051;059540020020;100mN31491E41419;MC;NA;2;41;M;F;4049;NEP
059540020020-7052;059540020020;100mN31478E41406;MC;NA;6;35;M;M;3039;NEP
059540020020-7052;059540020020;100mN31478E41406;MC;NA;6;28;M;F;2529;EMP
059540020020-7052;059540020020;100mN31478E41406;MC;NA;6;3;S;F;0305;NEP
059540020020-7052;059540020020;100mN31478E41406;MC;NA;6;2;S;M;0003;NEP
059540020020-7052;059540020020;100mN31478E41406;MC;NA;6;11;S;M;0614;NEP
059540020020-7052;059540020020;100mN31478E41406;MC;NA;6;10;S;F;0614;NEP
059540020020-7053;059540020020;100mN31481E41412;SF;MIX;3;79;W;F;75XX;NEP
059540020020-7053;059540020020;100mN31481E41412;SF;MIX;3;68;S;F;6574;NEP
059540020020-7053;059540020020;100mN31481E41412;SF;MIX;3;4;S;F;0305;NEP
059540020020-7054;059540020020;100mN31491E41419;S;NA;1;19;M;M;1824;EMP
059540020020-7055;059540020020;100mN31491E41419;S;OS;1;68;M;M;6574;NEP
059540020020-7056;059540020020;100mN31491E41419;S;OS;1;26;S;M;2529;EMP
059540020020-7057;059540020020;100mN31478E41407;S;NA;1;51;D;F;5064;EMP
059540020020-7058;059540020020;100mN31491E41419;S;NA;1;40;W;F;4049;EMP
059540020020-7059;059540020020;100mN31491E41419;S;NA;1;56;W;F;5064;NEP
059540020020-7060;059540020020;100mN31483E41414;NA;OS;3;30;M;F;3039;NEP
059540020020-7060;059540020020;100mN31483E41414;NA;OS;3;41;D;F;4049;NEP
059540020020-7060;059540020020;100mN31483E41414;NA;OS;3;30;S;F;3039;EMP
059540020020-7061;059540020020;100mN31497E41443;S;NA;1;52;M;F;5064;NEP
059540020020-7062;059540020020;100mN31488E41410;PO;NA;4;53;S;M;5064;EMP
059540020020-7062;059540020020;100mN31488E41410;PO;NA;4;50;S;M;5064;EMP
059540020020-7062;059540020020;100mN31488E41410;PO;NA;4;1;S;M;0003;NEP
059540020020-7062;059540020020;100mN31488E41410;PO;NA;4;18;S;M;1824;EMP
059540020020-7063;059540020020;100mN31464E41425;PO;OS;3;83;S;M;75XX;EMP
059540020020-7063;059540020020;100mN31464E41425;PO;OS;3;81;S;F;75XX;EMP
059540020020-7063;059540020020;100mN31464E41425;PO;OS;3;83;S;F;75XX;NEP
059540020020-7064;059540020020;100mN31491E41419;SF;NA;2;51;W;F;5064;NEP
059540020020-7064;059540020020;100mN31491E41419;SF;NA;2;12;S;F;0614;NEP
059540020020-7065;059540020020;100mN31483E41399;MC;NA;4;62;M;M;5064;UEP
059540020020-7065;059540020020;100mN31483E41399;MC;NA;4;60;M;F;5064;NEP
059540020020-7065;059540020020;100mN31483E41399;MC;NA;4;38;S;F;3039;NEP
059540020020-7065;059540020020;100mN31483E41399;MC;NA;4;12;S;M;0614;NEP
059540020020-7066;059540020020;100mN31472E41430;S;OS;1;72;M;M;6574;NEP
059540020020-7067;059540020020;100mN31491E41419;SF;NA;2;62;S;F;5064;EMP
059540020020-7067;059540020020;100mN31491E41419;SF;NA;2;12;S;F;0614;NEP
059540020020-7068;059540020020;100mN31491E41419;SF;NA;3;71;W;F;6574;EMP
059540020020-7068;059540020020;100mN31491E41419;SF;NA;3;10;S;M;0614;NEP
059540020020-7068;059540020020;100mN31491E41419;SF;NA;3;9;S;F;0614;NEP
059540020020-7069;059540020020;100mN31491E41419;S;NA;1;47;S;F;4049;NEP
059540020020-7070;059540020020;100mN31491E41419;MC;NA;2;62;M;M;5064;EMP
059540020020-7070;059540020020;100mN31491E41419;MC;NA;2;55;M;F;5064;EMP
059540020020-7071;059540020020;100mN31468E41430;S;NA;1;47;M;M;4049;NEP
059540020020-7072;059540020020;100mN31491E41419;MC;NA;2;41;M;M;4049;EMP
059540020020-7072;059540020020;100mN31491E41419;MC;NA;2;18;M;F;1824;NEP
059540020020-7073;059540020020;100mN31491E41419;MC;MIX;3;88;S;M;75XX;EMP
059540020020-7073;059540020020;100mN31491E41419;MC;MIX;3;28;M;F;2529;NEP
059540020020-7073;059540020020;100mN31491E41419;MC;MIX;3;30;M;M;3039;EMP
059540020020-7074;059540020020;100mN31491E41419;S;OS;1;71;W;F;6574;NEP
059540020020-7075;059540020020;100mN31491E41419;S;OS;1;52;S;F;5064;NEP
059540020020-7076;059540020020;100mN31468E41430;MC;NA;4;47;M;M;4049;EMP
059540020020-7076;059540020020;100mN31468E41430;MC;NA;4;45;M;F;4049;EMP
059540020020-7076;059540020020;100mN31468E41430;MC;NA;4;7;S;M;0614;NEP
059540020020-7076;059540020020;100mN31468E41430;MC;NA;4;23;W;M;1824;EMP
059540020020-7077;059540020020;100mN31478E41406;MC;MIX;4;66;M;F;6574;NEP
059540020020-7077;059540020020;100mN31478E41406;MC;MIX;4;52;M;M;5064;NEP
059540020020-7077;059540020020;100mN31478E41406;MC;MIX;4;50;M;F;5064;EMP
059540020020-7077;059540020020;100mN31478E41406;MC;MIX;4;13;S;F;0614;NEP
059540020020-7078;059540020020;100mN31491E41419;S;NA;1;85;S;F;75XX;EMP
059540020020-7079;059540020020;100mN31468E41420;SF;NA;2;55;W;F;5064;EMP
059540020020-7079;059540020020;100mN31468E41420;SF;NA;2;15;S;F;1517;EMP
059540020020-7080;059540020020;100mN31491E41419;MC;OS;2;79;M;M;75XX;NEP
059540020020-7080;059540020020;100mN31491E41419;MC;OS;2;85;M;F;75XX;EMP
059540020020-7081;059540020020;100mN31491E41419;MC;NA;2;43;M;M;4049;EMP
059540020020-7081;059540020020;100mN31491E41419;MC;NA;2;37;M;F;3039;EMP
059540020020-7082;059540020020;100mN31491E41419;MC;OS;2;68;M;F;6574;NEP
059540020020-7082;059540020020;100mN31491E41419;MC;OS;2;70;M;M;6574;EMP
059540020020-7083;059540020020;100mN31500E41443;MC;MIX;2;77;M;M;75XX;EMP
059540020020-7083;059540020020;100mN31500E41443;MC;MIX;2;15;S;F;1517;EMP
059540020020-7084;059540020020;100mN31495E41440;MC;NA;3;53;M;F;5064;NEP
059540020020-7084;059540020020;100mN31495E41440;MC;NA;3;56;M;M;5064;NEP
059540020020-7084;059540020020;100mN31495E41440;MC;NA;3;7;S;F;0614;NEP
059540020020-7085;059540020020;100mN31495E41440;MC;NA;3;43;M;M;4049;EMP
059540020020-7085;059540020020;100mN31495E41440;MC;NA;3;42;M;F;4049;EMP
059540020020-7085;059540020020;100mN31495E41440;MC;NA;3;18;M;M;1824;EMP
059540020020-7086;059540020020;100mN31495E41440;MC;NA;4;53;M;M;5064;EMP
059540020020-7086;059540020020;100mN31495E41440;MC;NA;4;51;M;F;5064;EMP
059540020020-7086;059540020020;100mN31495E41440;MC;NA;4;16;S;M;1517;EMP
059540020020-7086;059540020020;100mN31495E41440;MC;NA;4;9;S;M;0614;NEP
059540020020-7087;059540020020;100mN31495E41440;S;NA;1;21;S;M;1824;NEP
059540020020-7088;059540020020;100mN31495E41440;S;NA;1;73;D;M;6574;NEP
059540020020-7089;059540020020;100mN31480E41406;MC;NA;3;58;M;M;5064;EMP
059540020020-7089;059540020020;100mN31480E41406;MC;NA;3;53;M;F;5064;NEP
059540020020-7089;059540020020;100mN31480E41406;MC;NA;3;10;S;M;0614;NEP
059540020020-7090;059540020020;100mN31473E41419;S;NA;1;48;S;M;4049;NEP
059540020020-7091;059540020020;100mN31468E41431;S;NA;1;48;M;M;4049;EMP
059540020020-7092;059540020020;100mN31468E41425;PO;NA;2;18;S;M;1824;NEP
059540020020-7092;059540020020;100mN31468E41425;PO;NA;2;23;S;F;1824;EMP
059540020020-7093;059540020020;100mN31468E41431;S;OS;1;44;M;M;4049;EMP
059540020020-7094;059540020020;100mN31468E41431;MC;NA;2;21;M;F;1824;EMP
059540020020-7094;059540020020;100mN31468E41431;MC;NA;2;61;M;M;5064;EMP
059540020020-7095;059540020020;100mN31478E41404;S;NA;1;52;S;M;5064;EMP
059540020020-7096;059540020020;100mN31468E41431;MC;NA;2;38;M;M;3039;EMP
059540020020-7096;059540020020;100mN31468E41431;MC;NA;2;34;M;F;3039;NEP
059540020020-7097;059540020020;100mN31468E41431;MC;NA;4;62;M;F;5064;EMP
059540020020-7097;059540020020;100mN31468E41431;MC;NA;4;63;M;M;5064;EMP
059540020020-7097;059540020020;100mN31468E41431;MC;NA;4;8;S;M;0614;NEP
059540020020-7097;059540020020;100mN31468E41431;MC;NA;4;30;M;M;3039;EMP
059540020020-7098;059540020020;100mN31468E41431;MC;OS;2;65;M;F;6574;NEP
059540020020-7098;059540020020;100mN31468E41431;MC;OS;2;71;M;M;6574;EMP
059540020020-7099;059540020020;100mN31468E41431;MC;NA;3;19;M;M;1824;EMP
059540020020-7099;059540020020;100mN31468E41431;MC;NA;3;18;M;F;1824;NEP
059540020020-7099;059540020020;100mN31468E41431;MC;NA;3;4;S;F;0305;NEP
059540020020-7100;059540020020;100mN31484E41412;MC;NA;2;23;M;M;1824;NEP
059540020020-7100;059540020020;100mN31484E41412;MC;NA;2;23;M;F;1824;NEP
059540020020-7101;059540020020;100mN31468E41431;SF;NA;4;48;S;F;4049;NEP
059540020020-7101;059540020020;100mN31468E41431;SF;NA;4;4;S;F;0305;NEP
059540020020-7101;059540020020;100mN31468E41431;SF;NA;4;32;M;M;3039;EMP
059540020020-7101;059540020020;100mN31468E41431;SF;NA;4;19;S;F;1824;NEP
059540020020-7102;059540020020;100mN31468E41422;SM;MIX;2;79;D;M;75XX;EMP
059540020020-7102;059540020020;100mN31468E41422;SM;MIX;2;9;S;F;0614;NEP
059540020020-7103;059540020020;100mN31481E41414;MC;OS;2;85;M;F;75XX;EMP
059540020020-7103;059540020020;100mN31481E41414;MC;OS;2;68;M;M;6574;EMP
059540020020-7104;059540020020;100mN31468E41431;S;NA;1;61;M;F;5064;EMP
059540020020-7105;059540020020;100mN31468E41431;MC;NA;2;26;M;M;2529;EMP
059540020020-7105;059540020020;100mN31468E41431;MC;NA;2;28;M;F;2529;NEP
059540020020-7106;059540020020;100mN31468E41431;PO;OS;2;77;S;F;75XX;EMP
059540020020-7106;059540020020;100mN31468E41431;PO;OS;2;78;S;F;75XX;EMP
059540020020-7107;059540020020;100mN31468E41431;S;NA;1;43;M;F;4049;EMP
059540020020-7108;059540020020;100mN31472E41432;S;OS;1;59;M;F;5064;EMP
059540020020-7109;059540020020;100mN31468E41431;MC;OS;3;77;M;F;75XX;NEP
059540020020-7109;059540020020;100mN31468E41431;MC;OS;3;83;M;M;75XX;EMP
059540020020-7109;059540020020;100mN31468E41431;MC;OS;3;68;W;F;6574;NEP
059540020020-7110;059540020020;100mN31468E41431;MC;NA;4;47;M;M;4049;NEP
059540020020-7110;059540020020;100mN31468E41431;MC;NA;4;40;M;F;4049;NEP
059540020020-7110;059540020020;100mN31468E41431;MC;NA;4;6;S;M;0614;NEP
059540020020-7110;059540020020;100mN31468E41431;MC;NA;4;0;S;M;0003;NEP
059540020020-7111;059540020020;100mN31500E41444;S;NA;1;36;D;M;3039;NEP
059540020020-7112;059540020020;100mN31468E41431;MC;OS;2;86;M;F;75XX;NEP
059540020020-7112;059540020020;100mN31468E41431;MC;OS;2;88;M;M;75XX;NEP
059540020020-7113;059540020020;100mN31468E41431;MC;OS;2;84;M;F;75XX;EMP
059540020020-7113;059540020020;100mN31468E41431;MC;OS;2;89;M;M;75XX;NEP
059540020020-7114;059540020020;100mN31468E41431;S;OS;1;47;S;F;4049;EMP
059540020020-7115;059540020020;100mN31464E41426;S;NA;1;38;D;M;3039;EMP
059540020020-7116;059540020020;100mN31464E41426;MC;NA;3;27;M;F;2529;NEP
059540020020-7116;059540020020;100mN31464E41426;MC;NA;3;27;M;M;2529;NEP
059540020020-7116;059540020020;100mN31464E41426;MC;NA;3;11;S;F;0614;NEP
059540020020-7117;059540020020;100mN31500E41422;MC;OS;2;66;M;M;6574;EMP
059540020020-7117;059540020020;100mN31500E41422;MC;OS;2;85;M;F;75XX;EMP
059540020020-7118;059540020020;100mN31484E41412;SF;NA;2;51;D;F;5064;EMP
059540020020-7118;059540020020;100mN31484E41412;SF;NA;2;9;S;F;0614;NEP
059540020020-7119;059540020020;100mN31491E41399;MC;NA;4;52;M;M;5064;UEP
059540020020-7119;059540020020;100mN31491E41399;MC;NA;4;54;M;F;5064;EMP
059540020020-7119;059540020020;100mN31491E41399;MC;NA;4;19;M;M;1824;EMP
059540020020-7119;059540020020;100mN31491E41399;MC;NA;4;9;S;M;0614;NEP
059540020020-7120;059540020020;100mN31464E41426;MC;NA;2;45;M;M;4049;EMP
059540020020-7120;059540020020;100mN31464E41426;MC;NA;2;37;M;F;3039;EMP
059540020020-7121;059540020020;100mN31464E41426;S;NA;1;44;D;M;4049;NEP
059540020020-7122;059540020020;100mN31463E41419;MC;OS;2;73;M;F;6574;EMP
059540020020-7122;059540020020;100mN31463E41419;MC;OS;2;70;M;M;6574;NEP
059540020020-7123;059540020020;100mN31468E41422;S;OS;1;65;M;F;6574;NEP
059540020020-7124;059540020020;100mN31468E41422;S;NA;1;72;M;M;6574;NEP
059540020020-7125;059540020020;100mN31468E41422;MC;OS;2;84;M;M;75XX;NEP
059540020020-7125;059540020020;100mN31468E41422;MC;OS;2;85;M;F;75XX;NEP
059540020020-7126;059540020020;100mN31468E41422;S;NA;1;52;S;M;5064;NEP
059540020020-7127;059540020020;100mN31468E41422;MC;MIX;2;68;M;M;6574;EMP
059540020020-7127;059540020020;100mN31468E41422;MC;MIX;2;63;M;F;5064;EMP
059540020020-7128;059540020020;100mN31481E41408;MC;NA;4;60;M;F;5064;EMP
059540020020-7128;059540020020;100mN31481E41408;MC;NA;4;53;S;F;5064;NEP
059540020020-7128;059540020020;100mN31481E41408;MC;NA;4;13;S;F;0614;NEP
059540020020-7128;059540020020;100mN31481E41408;MC;NA;4;8;S;F;0614;NEP
059540020020-7129;059540020020;100mN31484E41413;MC;NA;4;62;M;F;5064;NEP
059540020020-7129;059540020020;100mN31484E41413;MC;NA;4;63;M;M;5064;NEP
059540020020-7129;059540020020;100mN31484E41413;MC;NA;4;15;S;F;1517;EMP
059540020020-7129;059540020020;100mN31484E41413;MC;NA;4;44;W;M;4049;EMP
059540020020-7130;059540020020;100mN31468E41422;NA;OS;3;62;D;M;5064;EMP
059540020020-7130;059540020020;100mN31468E41422;NA;OS;3;43;S;F;4049;EMP
059540020020-7130;059540020020;100mN31468E41422;NA;OS;3;55;M;F;5064;EMP
059540020020-7131;059540020020;100mN31472E41422;MC;NA;2;36;M;M;3039;UEP
059540020020-7131;059540020020;100mN31472E41422;MC;NA;2;33;M;F;3039;NEP
059540020020-7132;059540020020;100mN31468E41422;S;NA;1;44;D;F;4049;EMP
059540020020-7133;059540020020;100mN31468E41422;MC;OS;2;72;M;F;6574;NEP
059540020020-7133;059540020020;100mN31468E41422;MC;OS;2;81;M;M;75XX;EMP
059540020020-7134;059540020020;100mN31468E41422;MC;NA;3;42;M;M;4049;EMP
059540020020-7134;059540020020;100mN31468E41422;MC;NA;3;34;M;F;3039;NEP
059540020020-7134;059540020020;100mN31468E41422;MC;NA;3;13;S;M;0614;NEP
059540020020-7135;059540020020;100mN31468E41422;S;NA;1;50;S;F;5064;NEP
059540020020-7136;059540020020;100mN31468E41422;S;OS;1;35;M;M;3039;EMP
059540020020-7137;059540020020;100mN31491E41409;S;OS;1;58;M;M;5064;EMP
059540020020-7138;059540020020;100mN31468E41422;SM;MIX;2;79;D;M;75XX;EMP
059540020020-7138;059540020020;100mN31468E41422;SM;MIX;2;9;S;F;0614;NEP
059540020020-7139;059540020020;100mN31471E41430;MC;OS;2;88;M;F;75XX;EMP
059540020020-7139;059540020020;100mN31471E41430;MC;OS;2;41;D;F;4049;NEP
059540020020-7140;059540020020;100mN31483E41412;MC;NA;4;55;M;F;5064;NEP
059540020020-7140;059540020020;100mN31483E41412;MC;NA;4;56;M;M;5064;EMP
059540020020-7140;059540020020;100mN31483E41412;MC;NA;4;37;D;F;3039;EMP
059540020020-7140;059540020020;100mN31483E41412;MC;NA;4;13;S;F;0614;NEP
059540020020-7141;059540020020;100mN31468E41422;MC;NA;2;53;M;M;5064;EMP
059540020020-7141;059540020020;100mN31468E41422;MC;NA;2;46;M;F;4049;EMP
059540020020-7142;059540020020;100mN31468E41422;S;NA;1;58;S;M;5064;EMP
059540020020-7143;059540020020;100mN31468E41422;S;NA;1;48;D;M;4049;EMP
059540020020-7144;059540020020;100mN31489E41445;MC;NA;2;37;M;M;3039;EMP
059540020020-7144;059540020020;100mN31489E41445;MC;NA;2;40;M;F;4049;EMP
059540020020-7145;059540020020;100mN31468E41422;MC;MIX;3;88;D;M;75XX;UEP
059540020020-7145;059540020020;100mN31468E41422;MC;MIX;3;44;M;F;4049;NEP
059540020020-7145;059540020020;100mN31468E41422;MC;MIX;3;50;M;M;5064;NEP
059540020020-7146;059540020020;100mN31468E41422;MC;NA;5;52;M;M;5064;EMP
059540020020-7146;059540020020;100mN31468E41422;MC;NA;5;45;M;F;4049;NEP
059540020020-7146;059540020020;100mN31468E41422;MC;NA;5;16;S;M;1517;NEP
059540020020-7146;059540020020;100mN31468E41422;MC;NA;5;13;S;M;0614;NEP
059540020020-7146;059540020020;100mN31468E41422;MC;NA;5;20;W;F;1824;EMP
059540020020-7147;059540020020;100mN31468E41422;MC;OS;2;80;M;F;75XX;NEP
059540020020-7147;059540020020;100mN31468E41422;MC;OS;2;86;M;M;75XX;EMP
059540020020-7148;059540020020;100mN31463E41424;MC;NA;2;57;M;M;5064;EMP
059540020020-7148;059540020020;100mN31463E41424;MC;NA;2;51;M;F;5064;EMP
059540020020-7149;059540020020;100mN31468E41422;SF;NA;2;37;W;F;3039;NEP
059540020020-7149;059540020020;100mN31468E41422;SF;NA;2;11;S;M;0614;NEP
059540020020-7150;059540020020;100mN31477E41401;MC;NA;2;48;M;M;4049;EMP
059540020020-7150;059540020020;100mN31477E41401;MC;NA;2;50;M;F;5064;EMP
059540020020-7151;059540020020;100mN31485E41394;S;OS;1;80;M;M;75XX;EMP
059540020020-7152;059540020020;100mN31468E41422;MC;OS;2;88;M;M;75XX;EMP
059540020020-7152;059540020020;100mN31468E41422;MC;OS;2;41;D;F;4049;NEP
059540020020-7153;059540020020;100mN31468E41422;MC;NA;3;45;M;F;4049;EMP
059540020020-7153;059540020020;100mN31468E41422;MC;NA;3;50;M;M;5064;EMP
059540020020-7153;059540020020;100mN31468E41422;MC;NA;3;23;S;M;1824;EMP
059540020020-7154;059540020020;100mN31468E41422;MC;NA;5;41;M;M;4049;EMP
059540020020-7154;059540020020;100mN31468E41422;MC;NA;5;40;M;F;4049;EMP
059540020020-7154;059540020020;100mN31468E41422;MC;NA;5;3;S;F;0305;NEP
059540020020-7154;059540020020;100mN31468E41422;MC;NA;5;11;S;F;0614;NEP
059540020020-7154;059540020020;100mN31468E41422;MC;NA;5;12;S;F;0614;NEP
059540020020-7155;059540020020;100mN31478E41404;MC;MIX;3;67;M;M;6574;UEP
059540020020-7155;059540020020;100mN31478E41404;MC;MIX;3;54;M;M;5064;EMP
059540020020-7155;059540020020;100mN31478E41404;MC;MIX;3;48;M;F;4049;EMP
059540020020-7156;059540020020;100mN31479E41402;MC;OS;2;71;M;F;6574;NEP
059540020020-7156;059540020020;100mN31479E41402;MC;OS;2;77;M;M;75XX;EMP
059540020020-7157;059540020020;100mN31473E41418;PO;OS;2;69;S;F;6574;NEP
059540020020-7157;059540020020;100mN31473E41418;PO;OS;2;67;S;M;6574;EMP
059540020020-7158;059540020020;100mN31478E41404;S;OS;1;42;M;F;4049;NEP
059540020020-7159;059540020020;100mN31478E41404;MC;MIX;4;80;M;F;75XX;NEP
059540020020-7159;059540020020;100mN31478E41404;MC;MIX;4;36;M;M;3039;EMP
059540020020-7159;059540020020;100mN31478E41404;MC;MIX;4;31;M;F;3039;EMP
059540020020-7159;059540020020;100mN31478E41404;MC;MIX;4;19;S;M;1824;EMP
059540020020-7160;059540020020;100mN31478E41404;MC;MIX;3;84;S;M;75XX;EMP
059540020020-7160;059540020020;100mN31478E41404;MC;MIX;3;23;M;M;1824;EMP
059540020020-7160;059540020020;100mN31478E41404;MC;MIX;3;18;M;F;1824;NEP
059540020020-7161;059540020020;100mN31478E41404;S;NA;1;71;M;F;6574;EMP
059540020020-7162;059540020020;100mN31478E41404;PO;NA;3;52;S;F;5064;EMP
059540020020-7162;059540020020;100mN31478E41404;PO;NA;3;60;S;M;5064;NEP
059540020020-7162;059540020020;100mN31478E41404;PO;NA;3;27;M;F;2529;EMP
059540020020-7163;059540020020;100mN31478E41404;MC;NA;2;42;M;M;4049;NEP
059540020020-7163;059540020020;100mN31478E41404;MC;NA;2;41;M;F;4049;NEP
059540020020-7164;059540020020;100mN31473E41422;SM;MIX;3;71;S;M;6574;EMP
059540020020-7164;059540020020;100mN31473E41422;SM;MIX;3;43;D;M;4049;NEP
059540020020-7164;059540020020;100mN31473E41422;SM;MIX;3;9;S;M;0614;NEP
059540020020-7165;059540020020;100mN31478E41404;NA;OS;2;84;M;F;75XX;EMP
059540020020-7165;059540020020;100mN31478E41404;NA;OS;2;21;M;F;1824;NEP
059540020020-7166;059540020020;100mN31478E41404;MC;OS;3;81;M;F;75XX;NEP
059540020020-7166;059540020020;100mN31478E41404;MC;OS;3;72;M;M;6574;EMP
059540020020-7166;059540020020;100mN31478E41404;MC;OS;3;87;M;M;75XX;EMP
059540020020-7167;059540020020;100mN31478E41404;MC;OS;2;66;M;M;6574;EMP
059540020020-7167;059540020020;100mN31478E41404;MC;OS;2;65;M;F;6574;EMP
059540020020-7168;059540020020;100mN31464E41424;S;NA;1;22;M;F;1824;EMP
059540020020-7169;059540020020;100mN31494E41425;MC;NA;2;25;M;M;2529;EMP
059540020020-7169;059540020020;100mN31494E41425;MC;NA;2;22;M;F;1824;NEP
059540020020-7170;059540020020;100mN31478E41404;MC;NA;2;51;M;M;5064;NEP
059540020020-7170;059540020020;100mN31478E41404;MC;NA;2;54;M;F;5064;NEP
059540020020-7171;059540020020;100mN31485E41410;S;NA;1;22;S;M;1824;NEP
059540020020-7172;059540020020;100mN31472E41422;MC;NA;6;45;M;F;4049;EMP
059540020020-7172;059540020020;100mN31472E41422;MC;NA;6;48;M;M;4049;EMP
059540020020-7172;059540020020;100mN31472E41422;MC;NA;6;4;S;M;0305;NEP
059540020020-7172;059540020020;100mN31472E41422;MC;NA;6;9;S;F;0614;NEP
059540020020-7172;059540020020;100mN31472E41422;MC;NA;6;1;S;M;0003;NEP
059540020020-7172;059540020020;100mN31472E41422;MC;NA;6;16;S;M;1517;NEP
059540020020-7173;059540020020;100mN31463E41423;MC;NA;2;37;M;F;3039;NEP
059540020020-7173;059540020020;100mN31463E41423;MC;NA;2;53;M;M;5064;NEP
059540020020-7174;059540020020;100mN31499E41432;MC;OS;3;79;M;F;75XX;EMP
059540020020-7174;059540020020;100mN31499E41432;MC;OS;3;82;M;M;75XX;EMP
059540020020-7174;059540020020;100mN31499E41432;MC;OS;3;83;W;F;75XX;EMP
059540020020-7175;059540020020;100mN31478E41404;MC;NA;2;58;M;M;5064;EMP
059540020020-7175;059540020020;100mN31478E41404;MC;NA;2;62;M;F;5064;EMP
059540020020-7176;059540020020;100mN31478E41404;S;NA;1;52;S;M;5064;EMP
059540020020-7177;059540020020;100mN31501E41435;PO;OS;4;80;S;M;75XX;EMP
059540020020-7177;059540020020;100mN31501E41435;PO;OS;4;78;S;M;75XX;NEP
059540020020-7177;059540020020;100mN31501E41435;PO;OS;4;66;S;M;6574;EMP
059540020020-7177;059540020020;100mN31501E41435;PO;OS;4;89;M;F;75XX;NEP
059540020020-7178;059540020020;100mN31478E41404;S;NA;1;66;M;M;6574;NEP
059540020020-7179;059540020020;100mN31478E41404;S;OS;1;41;M;F;4049;NEP
059540020020-7180;059540020020;100mN31478E41404;S;NA;1;65;M;M;6574;EMP
059540020020-7181;059540020020;100mN31467E41423;PO;NA;2;46;S;F;4049;NEP
059540020020-7181;059540020020;100mN31467E41423;PO;NA;2;52;S;F;5064;NEP
059540020020-7182;059540020020;100mN31478E41404;NA;NA;5;83;D;M;75XX;EMP
059540020020-7182;059540020020;100mN31478E41404;NA;NA;5;26;S;F;2529;EMP
059540020020-7182;059540020020;100mN31478E41404;NA;NA;5;45;M;F;4049;NEP
059540020020-7182;059540020020;100mN31478E41404;NA;NA;5;47;D;F;4049;EMP
059540020020-7182;059540020020;100mN31478E41404;NA;NA;5;72;M;M;6574;EMP
059540020020-7183;059540020020;100mN31478E41404;PO;OS;2;67;S;F;6574;NEP
059540020020-7183;059540020020;100mN31478E41404;PO;OS;2;66;S;M;6574;NEP
059540020020-7184;059540020020;100mN31478E41404;MC;OS;2;67;M;F;6574;EMP
059540020020-7184;059540020020;100mN31478E41404;MC;OS;2;71;M;M;6574;NEP
059540020020-7185;059540020020;100mN31478E41404;S;NA;1;67;M;F;6574;EMP
059540020020-7186;059540020020;100mN31478E41404;MC;NA;3;38;M;M;3039;EMP
059540020020-7186;059540020020;100mN31478E41404;MC;NA;3;47;M;F;4049;NEP
059540020020-7186;059540020020;100mN31478E41404;MC;NA;3;20;S;F;1824;EMP
059540020020-7187;059540020020;100mN31478E41404;S;NA;1;44;S;M;4049;EMP
059540020020-7188;059540020020;100mN31478E41404;PO;NA;2;43;S;F;4049;NEP
059540020020-7188;059540020020;100mN31478E41404;PO;NA;2;43;S;M;4049;EMP
059540020020-7189;059540020020;100mN31478E41404;NA;NA;2;16;S;M;1517;EMP
059540020020-7189;059540020020;100mN31478E41404;NA;NA;2;19;M;M;1824;EMP
059540020020-7190;059540020020;100mN31471E41430;SF;NA;2;73;D;F;6574;EMP
059540020020-7190;059540020020;100mN31471E41430;SF;NA;2;10;S;M;0614;NEP
059540020020-7191;059540020020;100mN31491E41429;MC;NA;2;21;M;M;1824;EMP
059540020020-7191;059540020020;100mN31491E41429;MC;NA;2;18;M;F;1824;EMP
059540020020-7192;059540020020;100mN31491E41429;MC;NA;2;35;M;M;3039;NEP
059540020020-7192;059540020020;100mN31491E41429;MC;NA;2;27;M;F;2529;NEP
059540020020-7193;059540020020;100mN31491E41429;MC;NA;2;38;M;M;3039;EMP
059540020020-7193;059540020020;100mN31491E41429;MC;NA;2;35;M;F;3039;EMP
059540020020-7194;059540020020;100mN31480E41404;MC;OS;2;70;M;M;6574;EMP
059540020020-7194;059540020020;100mN31480E41404;MC;OS;2;68;M;F;6574;EMP
059540020020-7195;059540020020;100mN31463E41423;MC;OS;2;73;M;M;6574;EMP
059540020020-7195;059540020020;100mN31463E41423;MC;OS;2;69;M;F;6574;EMP
059540020020-7196;059540020020;100mN31491E41429;MC;OS;3;85;M;F;75XX;NEP
059540020020-7196;059540020020;100mN31491E41429;MC;OS;3;89;M;M;75XX;EMP
059540020020-7196;059540020020;100mN31491E41429;MC;OS;3;88;D;F;75XX;NEP
059540020020-7197;059540020020;100mN31464E41420;MC;NA;2;42;M;M;4049;NEP
059540020020-7197;059540020020;100mN31464E41420;MC;NA;2;40;M;F;4049;NEP
059540020020-7198;059540020020;100mN31491E41429;MC;NA;3;45;M;M;4049;EMP
059540020020-7198;059540020020;100mN31491E41429;MC;NA;3;42;M;F;4049;NEP
059540020020-7198;059540020020;100mN31491E41429;MC;NA;3;13;S;M;0614;NEP
059540020020-7199;059540020020;100mN31491E41429;S;NA;1;57;M;M;5064;NEP
059540020020-7200;059540020020;100mN31491E41429;MC;NA;4;46;M;M;4049;NEP
059540020020-7200;059540020020;100mN31491E41429;MC;NA;4;41;M;F;4049;NEP
059540020020-7200;059540020020;100mN31491E41429;MC;NA;4;7;S;F;0614;NEP
059540020020-7200;059540020020;100mN31491E41429;MC;NA;4;10;S;F;0614;NEP
059540020020-7201;059540020020;100mN31491E41429;S;OS;1;79;M;F;75XX;EMP
059540020020-7202;059540020020;100mN31491E41429;MC;NA;3;18;M;M;1824;EMP
059540020020-7202;059540020020;100mN31491E41429;MC;NA;3;18;M;F;1824;EMP
059540020020-7202;059540020020;100mN31491E41429;MC;NA;3;3;S;M;0305;NEP
059540020020-7203;059540020020;100mN31491E41429;MC;NA;2;47;M;M;4049;NEP
059540020020-7203;059540020020;100mN31491E41429;MC;NA;2;47;M;F;4049;EMP
059540020020-7204;059540020020;100mN31464E41430;S;OS;1;56;M;F;5064;NEP
059540020020-7205;059540020020;100mN31491E41429;S;OS;1;40;M;F;4049;EMP
059540020020-7206;059540020020;100mN31491E41429;MC;NA;4;21;M;M;1824;NEP
059540020020-7206;059540020020;100mN31491E41429;MC;NA;4;18;M;F;1824;NEP
059540020020-7206;059540020020;100mN31491E41429;MC;NA;4;0;S;F;0003;NEP
059540020020-7206;059540020020;100mN31491E41429;MC;NA;4;6;S;F;0614;NEP
059540020020-7207;059540020020;100mN31491E41429;MC;NA;2;44;M;M;4049;EMP
059540020020-7207;059540020020;100mN31491E41429;MC;NA;2;36;M;F;3039;NEP
059540020020-7208;059540020020;100mN31491E41429;NA;NA;2;69;S;M;6574;EMP
059540020020-7208;059540020020;100mN31491E41429;NA;NA;2;58;M;M;5064;EMP
059540020020-7209;059540020020;100mN31491E41429;S;NA;1;59;M;F;5064;NEP
059540020020-7210;059540020020;100mN31481E41413;S;NA;1;31;M;F;3039;EMP
059540020020-7211;059540020020;100mN31491E41420;PO;NA;2;41;S;F;4049;EMP
059540020020-7211;059540020020;100mN31491E41420;PO;NA;2;40;S;F;4049;NEP
059540020020-7212;059540020020;100mN31462E41428;MC;NA;3;52;M;M;5064;NEP
059540020020-7212;059540020020;100mN31462E41428;MC;NA;3;50;M;F;5064;NEP
059540020020-7212;059540020020;100mN31462E41428;MC;NA;3;12;S;F;0614;NEP
059540020020-7213;059540020020;100mN31491E41429;MC;NA;2;60;M;M;5064;NEP
059540020020-7213;059540020020;100mN31491E41429;MC;NA;2;56;M;F;5064;EMP
059540020020-7214;059540020020;100mN31480E41404;SF;NA;4;58;D;F;5064;EMP
059540020020-7214;059540020020;100mN31480E41404;SF;NA;4;12;S;M;0614;NEP
059540020020-7214;059540020020;100mN31480E41404;SF;NA;4;37;S;M;3039;EMP
059540020020-7214;059540020020;100mN31480E41404;SF;NA;4;30;M;F;3039;EMP
059540020020-7215;059540020020;100mN31491E41429;MC;NA;2;33;M;M;3039;EMP
059540020020-7215;059540020020;100mN31491E41429;MC;NA;2;18;M;F;1824;NEP
059540020020-7216;059540020020;100mN31491E41429;S;NA;1;88;S;M;75XX;NEP
059540020020-7217;059540020020;100mN31479E41402;MC;MIX;2;66;M;F;6574;NEP
059540020020-7217;059540020020;100mN31479E41402;MC;MIX;2;30;W;F;3039;NEP
059540020020-7218;059540020020;100mN31472E41432;MC;NA;2;55;M;M;5064;EMP
059540020020-7218;059540020020;100mN31472E41432;MC;NA;2;50;M;F;5064;EMP
059540020020-7219;059540020020;100mN31483E41404;SF;NA;2;21;S;F;1824;EMP
059540020020-7219;059540020020;100mN31483E41404;SF;NA;2;3;S;M;0305;NEP
059540020020-7220;059540020020;100mN31468E41425;SM;NA;4;85;S;M;75XX;UEP
059540020020-7220;059540020020;100mN31468E41425;SM;NA;4;11;S;F;0614;NEP
059540020020-7220;059540020020;100mN31468E41425;SM;NA;4;67;D;F;6574;NEP
059540020020-7220;059540020020;100mN31468E41425;SM;NA;4;68;D;M;6574;NEP
059540020020-7221;059540020020;100mN31491E41429;MC;NA;2;33;M;F;3039;NEP
059540020020-7221;059540020020;100mN31491E41429;MC;NA;2;28;M;M;2529;EMP
059540020020-7222;059540020020;100mN31493E41403;MC;NA;2;50;M;M;5064;NEP
059540020020-7222;059540020020;100mN31493E41403;MC;NA;2;43;M;F;4049;EMP
059540020020-7223;059540020020;100mN31493E41403;S;NA;1;38;D;F;3039;NEP
059540020020-7224;059540020020;100mN31493E41403;PO;NA;2;23;S;F;1824;NEP
059540020020-7224;059540020020;100mN31493E41403;PO;NA;2;20;S;F;1824;NEP
059540020020-7225;059540020020;100mN31473E41421;S;OS;1;54;S;F;5064;EMP
059540020020-7226;059540020020;100mN31491E41409;S;OS;1;58;M;M;5064;EMP
059540020020-7227;059540020020;100mN31483E41404;SF;NA;2;56;W;F;5064;EMP
059540020020-7227;059540020020;100mN31483E41404;SF;NA;2;11;S;F;0614;NEP
059540020020-7228;059540020020;100mN31491E41409;MC;MIX;2;79;M;F;75XX;NEP
059540020020-7228;059540020020;100mN31491E41409;MC;MIX;2;20;M;F;1824;NEP
059540020020-7229;059540020020;100mN31464E41430;S;NA;1;67;S;F;6574;EMP
059540020020-7230;059540020020;100mN31491E41409;MC;NA;3;61;M;F;5064;NEP
059540020020-7230;059540020020;100mN31491E41409;MC;NA;3;55;M;M;5064;EMP
059540020020-7230;059540020020;100mN31491E41409;MC;NA;3;10;S;F;0614;NEP
059540020020-7231;059540020020;100mN31491E41409;MC;NA;2;19;M;M;1824;EMP
059540020020-7231;059540020020;100mN31491E41409;MC;NA;2;18;M;F;1824;EMP
059540020020-7232;059540020020;100mN31491E41409;S;NA;1;31;M;M;3039;NEP
059540020020-7233;059540020020;100mN31491E41409;MC;NA;3;35;M;M;3039;EMP
059540020020-7233;059540020020;100mN31491E41409;MC;NA;3;30;M;F;3039;NEP
059540020020-7233;059540020020;100mN31491E41409;MC;NA;3;16;S;M;1517;EMP
059540020020-7234;059540020020;100mN31491E41409;MC;NA;2;55;M;F;5064;EMP
059540020020-7234;059540020020;100mN31491E41409;MC;NA;2;13;S;F;0614;NEP
059540020020-7235;059540020020;100mN31474E41431;MC;NA;3;54;M;M;5064;EMP
059540020020-7235;059540020020;100mN31474E41431;MC;NA;3;51;M;F;5064;NEP
059540020020-7235;059540020020;100mN31474E41431;MC;NA;3;35;D;M;3039;EMP
059540020020-7236;059540020020;100mN31497E41445;MC;MIX;3;68;S;F;6574;EMP
059540020020-7236;059540020020;100mN31497E41445;MC;MIX;3;43;M;F;4049;NEP
059540020020-7236;059540020020;100mN31497E41445;MC;MIX;3;46;M;M;4049;NEP
059540020020-7237;059540020020;100mN31484E41430;S;NA;1;73;M;M;6574;EMP
059540020020-7238;059540020020;100mN31474E41431;S;NA;1;70;M;M;6574;EMP
059540020020-7239;059540020020;100mN31464E41430;SF;NA;2;78;W;F;75XX;EMP
059540020020-7239;059540020020;100mN31464E41430;SF;NA;2;54;D;M;5064;EMP
059540020020-7240;059540020020;100mN31464E41420;MC;NA;2;54;M;M;5064;EMP
059540020020-7240;059540020020;100mN31464E41420;MC;NA;2;50;M;F;5064;EMP
059540020020-7241;059540020020;100mN31474E41431;MC;MIX;3;86;M;M;75XX;NEP
059540020020-7241;059540020020;100mN31474E41431;MC;MIX;3;34;M;F;3039;EMP
059540020020-7241;059540020020;100mN31474E41431;MC;MIX;3;37;M;M;3039;NEP
059540020020-7242;059540020020;100mN31474E41431;MC;NA;3;18;M;M;1824;EMP
059540020020-7242;059540020020;100mN31474E41431;MC;NA;3;18;M;F;1824;NEP
059540020020-7242;059540020020;100mN31474E41431;MC;NA;3;2;S;M;0003;NEP
059540020020-7243;059540020020;100mN31485E41427;MC;OS;2;79;M;F;75XX;NEP
059540020020-7243;059540020020;100mN31485E41427;MC;OS;2;88;M;M;75XX;EMP
059540020020-7244;059540020020;100mN31478E41406;MC;NA;2;27;M;F;2529;NEP
059540020020-7244;059540020020;100mN31478E41406;MC;NA;2;28;M;M;2529;EMP
059540020020-7245;059540020020;100mN31474E41431;MC;MIX;3;87;M;F;75XX;NEP
059540020020-7245;059540020020;100mN31474E41431;MC;MIX;3;21;M;F;1824;EMP
059540020020-7245;059540020020;100mN31474E41431;MC;MIX;3;22;M;M;1824;EMP
059540020020-7246;059540020020;100mN31474E41431;S;NA;1;21;W;M;1824;EMP
059540020020-7247;059540020020;100mN31479E41403;MC;OS;2;70;M;M;6574;EMP
059540020020-7247;059540020020;100mN31479E41403;MC;OS;2;66;M;F;6574;EMP
059540020020-7248;059540020020;100mN31474E41431;PO;OS;2;68;S;M;6574;NEP
059540020020-7248;059540020020;100mN31474E41431;PO;OS;2;81;S;F;75XX;EMP
059540020020-7249;059540020020;100mN31491E41422;S;OS;1;77;S;M;75XX;UEP
059540020020-7250;059540020020;100mN31474E41431;PO;NA;2;18;S;M;1824;EMP
059540020020-7250;059540020020;100mN31474E41431;PO;NA;2;18;S;M;1824;EMP
059540020020-7251;059540020020;100mN31474E41431;MC;NA;2;63;M;M;5064;EMP
059540020020-7251;059540020020;100mN31474E41431;MC;NA;2;54;M;F;5064;EMP
059540020020-7252;059540020020;100mN31474E41431;MC;NA;3;41;M;F;4049;EMP
059540020020-7252;059540020020;100mN31474E41431;MC;NA;3;41;M;M;4049;NEP
059540020020-7252;059540020020;100mN31474E41431;MC;NA;3;16;S;M;1517;EMP
059540020020-7253;059540020020;100mN31474E41431;MC;OS;3;76;M;F;75XX;EMP
059540020020-7253;059540020020;100mN31474E41431;MC;OS;3;65;M;M;6574;UEP
059540020020-7253;059540020020;100mN31474E41431;MC;OS;3;66;M;F;6574;NEP
059540020020-7254;059540020020;100mN31474E41431;SF;NA;2;63;W;F;5064;NEP
059540020020-7254;059540020020;100mN31474E41431;SF;NA;2;9;S;F;0614;NEP
059540020020-7255;059540020020;100mN31474E41431;S;OS;1;67;M;M;6574;EMP
059540020020-7256;059540020020;100mN31474E41431;S;NA;1;57;D;M;5064;NEP
059540020020-7257;059540020020;100mN31474E41431;S;NA;1;71;S;F;6574;EMP
059540020020-7258;059540020020;100mN31485E41400;MC;NA;2;62;M;F;5064;EMP
059540020020-7258;059540020020;100mN31485E41400;MC;NA;2;22;S;F;1824;EMP
059540020020-7259;059540020020;100mN31474E41431;S;NA;1;63;M;F;5064;EMP
059540020020-7260;059540020020;100mN31491E41416;S;NA;1;41;W;F;4049;EMP
059540020020-7261;059540020020;100mN31491E41416;S;NA;1;63;W;F;5064;EMP
059540020020-7262;059540020020;100mN31491E41416;S;NA;1;60;M;M;5064;NEP
059540020020-7263;059540020020;100mN31491E41416;NA;NA;2;79;M;F;75XX;NEP
059540020020-7263;059540020020;100mN31491E41416;NA;NA;2;25;M;M;2529;EMP
059540020020-7264;059540020020;100mN31491E41416;MC;NA;2;40;M;M;4049;NEP
059540020020-7264;059540020020;100mN31491E41416;MC;NA;2;40;M;F;4049;EMP
059540020020-7265;059540020020;100mN31473E41432;MC;NA;2;50;M;M;5064;UEP
059540020020-7265;059540020020;100mN31473E41432;MC;NA;2;56;M;F;5064;NEP
059540020020-7266;059540020020;100mN31484E41413;S;NA;1;52;D;M;5064;EMP
059540020020-7267;059540020020;100mN31491E41416;PO;OS;2;65;S;F;6574;EMP
059540020020-7267;059540020020;100mN31491E41416;PO;OS;2;66;S;M;6574;EMP
059540020020-7268;059540020020;100mN31491E41416;MC;MIX;2;88;M;F;75XX;EMP
059540020020-7268;059540020020;100mN31491E41416;MC;MIX;2;8;S;M;0614;NEP
059540020020-7269;059540020020;100mN31491E41416;MC;NA;2;60;M;F;5064;EMP
059540020020-7269;059540020020;100mN31491E41416;MC;NA;2;66;M;M;6574;EMP
059540020020-7270;059540020020;100mN31491E41416;S;NA;1;45;M;M;4049;EMP
059540020020-7271;059540020020;100mN31491E41416;MC;NA;4;50;M;F;5064;NEP
059540020020-7271;059540020020;100mN31491E41416;MC;NA;4;51;M;M;5064;NEP
059540020020-7271;059540020020;100mN31491E41416;MC;NA;4;13;S;F;0614;NEP
059540020020-7271;059540020020;100mN31491E41416;MC;NA;4;11;S;F;0614;NEP
059540020020-7272;059540020020;100mN31491E41416;S;NA;1;48;S;M;4049;EMP
059540020020-7273;059540020020;100mN31494E41437;MC;NA;2;48;M;M;4049;EMP
059540020020-7273;059540020020;100mN31494E41437;MC;NA;2;18;M;F;1824;NEP
059540020020-7274;059540020020;100mN31484E41397;MC;OS;3;65;M;M;6574;EMP
059540020020-7274;059540020020;100mN31484E41397;MC;OS;3;83;M;F;75XX;EMP
059540020020-7274;059540020020;100mN31484E41397;MC;OS;3;70;S;M;6574;EMP
059540020020-7275;059540020020;100mN31491E41416;S;NA;1;86;D;F;75XX;EMP
059540020020-7276;059540020020;100mN31491E41421;S;NA;1;51;W;F;5064;EMP
059540020020-7277;059540020020;100mN31491E41416;MC;NA;2;47;M;F;4049;NEP
059540020020-7277;059540020020;100mN31491E41416;MC;NA;2;48;M;M;4049;UEP
059540020020-7278;059540020020;100mN31491E41416;S;NA;1;62;D;F;5064;NEP
059540020020-7279;059540020020;100mN31491E41416;SF;NA;2;65;W;F;6574;EMP
059540020020-7279;059540020020;100mN31491E41416;SF;NA;2;3;S;M;0305;NEP
059540020020-7280;059540020020;100mN31491E41416;MC;OS;2;77;M;F;75XX;NEP
059540020020-7280;059540020020;100mN31491E41416;MC;OS;2;78;M;M;75XX;EMP
059540020020-7281;059540020020;100mN31464E41428;S;NA;1;83;M;F;75XX;EMP
059540020020-7282;059540020020;100mN31491E41416;S;OS;1;76;M;F;75XX;NEP
059540020020-7283;059540020020;100mN31491E41416;MC;NA;3;28;M;F;2529;EMP
059540020020-7283;059540020020;100mN31491E41416;MC;NA;3;35;M;M;3039;NEP
059540020020-7283;059540020020;100mN31491E41416;MC;NA;3;8;S;F;0614;NEP
059540020020-7284;059540020020;100mN31491E41416;MC;NA;3;58;M;F;5064;EMP
059540020020-7284;059540020020;100mN31491E41416;MC;NA;3;62;M;M;5064;EMP
059540020020-7284;059540020020;100mN31491E41416;MC;NA;3;15;S;F;1517;NEP
059540020020-7285;059540020020;100mN31491E41416;MC;NA;3;28;M;M;2529;EMP
059540020020-7285;059540020020;100mN31491E41416;MC;NA;3;26;M;F;2529;EMP
059540020020-7285;059540020020;100mN31491E41416;MC;NA;3;8;S;M;0614;NEP
059540020020-7286;059540020020;100mN31491E41416;MC;NA;2;32;M;M;3039;EMP
059540020020-7286;059540020020;100mN31491E41416;MC;NA;2;18;M;F;1824;NEP
059540020020-7287;059540020020;100mN31491E41416;MC;NA;2;54;M;M;5064;NEP
059540020020-7287;059540020020;100mN31491E41416;MC;NA;2;57;M;F;5064;NEP
059540020020-7288;059540020020;100mN31485E41404;NA;OS;2;86;M;M;75XX;NEP
059540020020-7288;059540020020;100mN31485E41404;NA;OS;2;58;S;F;5064;EMP
059540020020-7289;059540020020;100mN31484E41420;S;NA;1;63;S;M;5064;EMP
059540020020-7290;059540020020;100mN31497E41415;MC;NA;3;32;M;M;3039;EMP
059540020020-7290;059540020020;100mN31497E41415;MC;NA;3;26;M;F;2529;EMP
059540020020-7290;059540020020;100mN31497E41415;MC;NA;3;12;S;M;0614;NEP
059540020020-7291;059540020020;100mN31460E41428;MC;NA;4;59;M;M;5064;NEP
059540020020-7291;059540020020;100mN31460E41428;MC;NA;4;42;M;F;4049;EMP
059540020020-7291;059540020020;100mN31460E41428;MC;NA;4;15;S;M;1517;EMP
059540020020-7291;059540020020;100mN31460E41428;MC;NA;4;15;S;F;1517;EMP
059540020020-7292;059540020020;100mN31484E41420;MC;NA;2;28;M;M;2529;EMP
059540020020-7292;059540020020;100mN31484E41420;MC;NA;2;25;M;F;2529;EMP
059540020020-7293;059540020020;100mN31491E41413;MC;MIX;4;73;S;M;6574;UEP
059540020020-7293;059540020020;100mN31491E41413;MC;MIX;4;34;M;F;3039;NEP
059540020020-7293;059540020020;100mN31491E41413;MC;MIX;4;38;M;M;3039;NEP
059540020020-7293;059540020020;100mN31491E41413;MC;MIX;4;16;S;M;1517;NEP
059540020020-7294;059540020020;100mN31500E41432;PO;NA;3;43;S;M;4049;EMP
059540020020-7294;059540020020;100mN31500E41432;PO;NA;3;43;S;M;4049;NEP
059540020020-7294;059540020020;100mN31500E41432;PO;NA;3;9;S;M;0614;NEP
059540020020-7295;059540020020;100mN31485E41410;S;OS;1;19;S;M;1824;NEP
059540020020-7296;059540020020;100mN31489E41421;MC;NA;5;56;M;F;5064;EMP
059540020020-7296;059540020020;100mN31489E41421;MC;NA;5;58;M;M;5064;NEP
059540020020-7296;059540020020;100mN31489E41421;MC;NA;5;15;S;F;1517;NEP
059540020020-7296;059540020020;100mN31489E41421;MC;NA;5;16;S;F;1517;EMP
059540020020-7296;059540020020;100mN31489E41421;MC;NA;5;13;S;M;0614;NEP
059540020020-7297;059540020020;100mN31473E41420;MC;NA;2;40;M;M;4049;NEP
059540020020-7297;059540020020;100mN31473E41420;MC;NA;2;32;M;F;3039;NEP
059540020020-7298;059540020020;100mN31473E41420;MC;NA;4;23;M;F;1824;EMP
059540020020-7298;059540020020;100mN31473E41420;MC;NA;4;30;M;M;3039;NEP
059540020020-7298;059540020020;100mN31473E41420;MC;NA;4;7;S;M;0614;NEP
059540020020-7298;059540020020;100mN31473E41420;MC;NA;4;3;S;M;0305;NEP
059540020020-7299;059540020020;100mN31473E41420;MC;NA;2;57;M;M;5064;NEP
059540020020-7299;059540020020;100mN31473E41420;MC;NA;2;59;M;F;5064;EMP
059540020020-7300;059540020020;100mN31473E41420;S;NA;1;51;D;F;5064;NEP
059540020020-7301;059540020020;100mN31473E41420;MC;NA;3;25;M;F;2529;EMP
059540020020-7301;059540020020;100mN31473E41420;MC;NA;3;31;M;M;3039;NEP
059540020020-7301;059540020020;100mN31473E41420;MC;NA;3;7;S;M;0614;NEP
059540020020-7302;059540020020;100mN31473E41420;MC;NA;3;59;M;F;5064;NEP
059540020020-7302;059540020020;100mN31473E41420;MC;NA;3;59;M;M;5064;EMP
059540020020-7302;059540020020;100mN31473E41420;MC;NA;3;11;S;F;0614;NEP
059540020020-7303;059540020020;100mN31473E41420;MC;NA;3;46;M;M;4049;NEP
059540020020-7303;059540020020;100mN31473E41420;MC;NA;3;42;M;F;4049;EMP
059540020020-7303;059540020020;100mN31473E41420;MC;NA;3;11;S;M;0614;NEP
059540020020-7304;059540020020;100mN31473E41420;MC;NA;2;52;M;F;5064;NEP
059540020020-7304;059540020020;100mN31473E41420;MC;NA;2;52;M;M;5064;EMP
059540020020-7305;059540020020;100mN31478E41406;MC;OS;2;83;M;M;75XX;EMP
059540020020-7305;059540020020;100mN31478E41406;MC;OS;2;80;M;F;75XX;EMP
059540020020-7306;059540020020;100mN31473E41424;PO;NA;4;57;S;M;5064;EMP
059540020020-7306;059540020020;100mN31473E41424;PO;NA;4;51;S;F;5064;NEP
059540020020-7306;059540020020;100mN31473E41424;PO;NA;4;12;S;M;0614;NEP
059540020020-7306;059540020020;100mN31473E41424;PO;NA;4;11;S;F;0614;NEP
059540020020-7307;059540020020;100mN31473E41420;S;OS;1;77;M;F;75XX;EMP
059540020020-7308;059540020020;100mN31473E41420;S;OS;1;88;M;F;75XX;NEP
059540020020-7309;059540020020;100mN31473E41420;S;NA;1;57;D;M;5064;EMP
059540020020-7310;059540020020;100mN31463E41423;MC;NA;3;44;M;M;4049;UEP
059540020020-7310;059540020020;100mN31463E41423;MC;NA;3;41;M;F;4049;EMP
059540020020-7310;059540020020;100mN31463E41423;MC;NA;3;0;S;F;0003;NEP
059540020020-7311;059540020020;100mN31472E41373;MC;NA;2;62;M;F;5064;EMP
059540020020-7311;059540020020;100mN31472E41373;MC;NA;2;58;M;M;5064;NEP
059540020020-7312;059540020020;100mN31477E41404;MC;NA;2;37;M;M;3039;EMP
059540020020-7312;059540020020;100mN31477E41404;MC;NA;2;46;M;F;4049;EMP
059540020020-7313;059540020020;100mN31463E41429;S;NA;1;72;W;M;6574;NEP
059540020020-7314;059540020020;100mN31463E41429;NA;NA;2;62;M;M;5064;EMP
059540020020-7314;059540020020;100mN31463E41429;NA;NA;2;28;M;F;2529;EMP
059540020020-7315;059540020020;100mN31463E41429;PO;OS;2;72;S;F;6574;NEP
059540020020-7315;059540020020;100mN31463E41429;PO;OS;2;73;S;F;6574;NEP
059540020020-7316;059540020020;100mN31463E41429;SM;NA;3;68;W;M;6574;EMP
059540020020-7316;059540020020;100mN31463E41429;SM;NA;3;9;S;M;0614;NEP
059540020020-7316;059540020020;100mN31463E41429;SM;NA;3;15;S;F;1517;NEP
059540020020-7317;059540020020;100mN31463E41420;MC;NA;5;51;M;M;5064;EMP
059540020020-7317;059540020020;100mN31463E41420;MC;NA;5;46;M;F;4049;EMP
059540020020-7317;059540020020;100mN31463E41420;MC;NA;5;7;S;M;0614;NEP
059540020020-7317;059540020020;100mN31463E41420;MC;NA;5;35;M;M;3039;NEP
059540020020-7317;059540020020;100mN31463E41420;MC;NA;5;13;S;F;0614;NEP
059540020020-7318;059540020020;100mN31463E41429;PO;NA;5;51;S;M;5064;EMP
059540020020-7318;059540020020;100mN31463E41429;PO;NA;5;48;S;F;4049;NEP
059540020020-7318;059540020020;100mN31463E41429;PO;NA;5;8;S;F;0614;NEP
059540020020-7318;059540020020;100mN31463E41429;PO;NA;5;4;S;F;0305;NEP
059540020020-7318;059540020020;100mN31463E41429;PO;NA;5;13;S;M;0614;NEP
059540020020-7319;059540020020;100mN31475E41397;PO;OS;2;67;S;M;6574;EMP
059540020020-7319;059540020020;100mN31475E41397;PO;OS;2;69;S;M;6574;EMP
059540020020-7320;059540020020;100mN31499E41433;MC;NA;2;46;M;M;4049;EMP
059540020020-7320;059540020020;100mN31499E41433;MC;NA;2;46;M;F;4049;NEP
059540020020-7321;059540020020;100mN31472E41419;MC;OS;2;82;M;M;75XX;NEP
059540020020-7321;059540020020;100mN31472E41419;MC;OS;2;81;M;F;75XX;EMP
059540020020-7322;059540020020;100mN31483E41405;MC;OS;3;71;M;M;6574;EMP
059540020020-7322;059540020020;100mN31483E41405;MC;OS;3;70;M;F;6574;NEP
059540020020-7322;059540020020;100mN31483E41405;MC;OS;3;88;W;F;75XX;EMP
059540020020-7323;059540020020;100mN31472E41432;SF;NA;2;41;W;F;4049;EMP
059540020020-7323;059540020020;100mN31472E41432;SF;NA;2;16;S;M;1517;NEP
059540020020-7324;059540020020;100mN31472E41419;S;NA;1;41;M;M;4049;EMP
059540020020-7325;059540020020;100mN31472E41419;MC;MIX;2;65;M;F;6574;EMP
059540020020-7325;059540020020;100mN31472E41419;MC;MIX;2;41;S;F;4049;EMP
059540020020-7326;059540020020;100mN31472E41419;NA;NA;2;25;M;F;2529;EMP
059540020020-7326;059540020020;100mN31472E41419;NA;NA;2;85;D;F;75XX;NEP
059540020020-7327;059540020020;100mN31472E41419;MC;OS;2;65;M;F;6574;EMP
059540020020-7327;059540020020;100mN31472E41419;MC;OS;2;73;M;M;6574;EMP
059540020020-7328;059540020020;100mN31472E41419;S;OS;1;45;S;F;4049;EMP
059540020020-7329;059540020020;100mN31472E41419;S;OS;1;26;S;M;2529;EMP
059540020020-7330;059540020020;100mN31472E41419;S;NA;1;46;M;M;4049;EMP
059540020020-7331;059540020020;100mN31483E41414;MC;NA;2;40;M;F;4049;EMP
059540020020-7331;059540020020;100mN31483E41414;MC;NA;2;40;M;M;4049;EMP
059540020020-7332;059540020020;100mN31472E41424;MC;NA;3;46;M;M;4049;EMP
059540020020-7332;059540020020;100mN31472E41424;MC;NA;3;46;M;F;4049;EMP
059540020020-7332;059540020020;100mN31472E41424;MC;NA;3;19;M;F;1824;EMP
059540020020-7333;059540020020;100mN31488E41404;MC;NA;3;46;M;M;4049;UEP
059540020020-7333;059540020020;100mN31488E41404;MC;NA;3;48;M;F;4049;EMP
059540020020-7333;059540020020;100mN31488E41404;MC;NA;3;28;W;F;2529;NEP
059540020020-7334;059540020020;100mN31488E41404;S;OS;1;30;S;M;3039;EMP
059540020020-7335;059540020020;100mN31468E41420;MC;OS;3;72;M;M;6574;EMP
059540020020-7335;059540020020;100mN31468E41420;MC;OS;3;73;M;F;6574;NEP
059540020020-7335;059540020020;100mN31468E41420;MC;OS;3;78;M;F;75XX;EMP
059540020020-7336;059540020020;100mN31486E41401;MC;NA;2;22;M;M;1824;EMP
059540020020-7336;059540020020;100mN31486E41401;MC;NA;2;27;M;F;2529;EMP
059540020020-7337;059540020020;100mN31491E41415;MC;NA;2;46;M;M;4049;EMP
059540020020-7337;059540020020;100mN31491E41415;MC;NA;2;40;M;F;4049;EMP
059540020020-7338;059540020020;100mN31486E41401;S;NA;1;37;D;M;3039;EMP
059540020020-7339;059540020020;100mN31500E41433;MC;NA;4;38;M;F;3039;EMP
059540020020-7339;059540020020;100mN31500E41433;MC;NA;4;36;M;M;3039;NEP
059540020020-7339;059540020020;100mN31500E41433;MC;NA;4;7;S;M;0614;NEP
059540020020-7339;059540020020;100mN31500E41433;MC;NA;4;19;M;F;1824;NEP
059540020020-7340;059540020020;100mN31500E41433;MC;MIX;2;68;M;M;6574;EMP
059540020020-7340;059540020020;100mN31500E41433;MC;MIX;2;59;S;M;5064;NEP
059540020020-7341;059540020020;100mN31500E41423;S;OS;1;26;S;M;2529;EMP
059540020020-7342;059540020020;100mN31500E41433;S;OS;1;47;M;F;4049;NEP
059540020020-7343;059540020020;100mN31486E41409;S;OS;1;73;W;M;6574;EMP
059540020020-7344;059540020020;100mN31500E41433;SF;MIX;2;73;W;F;6574;NEP
059540020020-7344;059540020020;100mN31500E41433;SF;MIX;2;12;S;F;0614;NEP
059540020020-7345;059540020020;100mN31500E41433;S;NA;1;79;D;M;75XX;EMP
059540020020-7346;059540020020;100mN31500E41433;MC;OS;3;73;M;M;6574;EMP
059540020020-7346;059540020020;100mN31500E41433;MC;OS;3;75;M;F;75XX;NEP
059540020020-7346;059540020020;100mN31500E41433;MC;OS;3;86;S;M;75XX;EMP
059540020020-7347;059540020020;100mN31489E41440;MC;NA;4;62;M;F;5064;NEP
059540020020-7347;059540020020;100mN31489E41440;MC;NA;4;62;M;M;5064;NEP
059540020020-7347;059540020020;100mN31489E41440;MC;NA;4;41;S;M;4049;NEP
059540020020-7347;059540020020;100mN31489E41440;MC;NA;4;13;S;F;0614;NEP
059540020020-7348;059540020020;100mN31467E41429;S;NA;1;46;M;M;4049;NEP
059540020020-7349;059540020020;100mN31467E41429;MC;NA;2;43;M;M;4049;NEP
059540020020-7349;059540020020;100mN31467E41429;MC;NA;2;61;M;F;5064;EMP
059540020020-7350;059540020020;100mN31467E41429;MC;NA;2;46;M;M;4049;EMP
059540020020-7350;059540020020;100mN31467E41429;MC;NA;2;46;M;F;4049;NEP
059540020020-7351;059540020020;100mN31467E41429;MC;NA;2;52;M;M;5064;EMP
059540020020-7351;059540020020;100mN31467E41429;MC;NA;2;46;M;F;4049;EMP
059540020020-7352;059540020020;100mN31470E41431;MC;NA;2;51;M;F;5064;NEP
059540020020-7352;059540020020;100mN31470E41431;MC;NA;2;53;M;M;5064;EMP
059540020020-7353;059540020020;100mN31467E41429;MC;OS;3;73;M;F;6574;NEP
059540020020-7353;059540020020;100mN31467E41429;MC;OS;3;73;M;M;6574;EMP
059540020020-7353;059540020020;100mN31467E41429;MC;OS;3;89;M;F;75XX;EMP
059540020020-7354;059540020020;100mN31467E41429;MC;OS;2;86;M;M;75XX;NEP
059540020020-7354;059540020020;100mN31467E41429;MC;OS;2;84;M;F;75XX;EMP
059540020020-7355;059540020020;100mN31467E41429;MC;MIX;2;80;M;F;75XX;NEP
059540020020-7355;059540020020;100mN31467E41429;MC;MIX;2;38;PD;F;3039;NEP
059540020020-7356;059540020020;100mN31467E41429;MC;NA;2;48;M;M;4049;EMP
059540020020-7356;059540020020;100mN31467E41429;MC;NA;2;41;M;F;4049;EMP
059540020020-7357;059540020020;100mN31467E41429;MC;NA;4;48;M;F;4049;NEP
059540020020-7357;059540020020;100mN31467E41429;MC;NA;4;44;M;M;4049;EMP
059540020020-7357;059540020020;100mN31467E41429;MC;NA;4;21;S;M;1824;NEP
059540020020-7357;059540020020;100mN31467E41429;MC;NA;4;23;M;F;1824;EMP
059540020020-7358;059540020020;100mN31467E41429;S;OS;1;46;S;M;4049;EMP
059540020020-7359;059540020020;100mN31467E41429;PO;NA;2;45;S;M;4049;EMP
059540020020-7359;059540020020;100mN31467E41429;PO;NA;2;44;S;F;4049;NEP
059540020020-7360;059540020020;100mN31467E41429;S;NA;1;19;S;M;1824;NEP
059540020020-7361;059540020020;100mN31467E41429;S;NA;1;78;S;F;75XX;NEP
059540020020-7362;059540020020;100mN31467E41429;PO;NA;2;31;S;F;3039;NEP
059540020020-7362;059540020020;100mN31467E41429;PO;NA;2;31;S;F;3039;EMP
059540020020-7363;059540020020;100mN31467E41429;S;NA;1;20;S;F;1824;NEP
059540020020-7364;059540020020;100mN31467E41429;S;OS;1;72;S;M;6574;EMP
059540020020-7365;059540020020;100mN31467E41429;MC;NA;5;47;M;F;4049;EMP
059540020020-7365;059540020020;100mN31467E41429;MC;NA;5;41;M;M;4049;EMP
059540020020-7365;059540020020;100mN31467E41429;MC;NA;5;19;W;F;1824;NEP
059540020020-7365;059540020020;100mN31467E41429;MC;NA;5;7;S;M;0614;NEP
059540020020-7365;059540020020;100mN31467E41429;MC;NA;5;12;S;F;0614;NEP
059540020020-7366;059540020020;100mN31472E41424;PO;NA;5;59;S;F;5064;NEP
059540020020-7366;059540020020;100mN31472E41424;PO;NA;5;60;S;M;5064;NEP
059540020020-7366;059540020020;100mN31472E41424;PO;NA;5;10;S;M;0614;NEP
059540020020-7366;059540020020;100mN31472E41424;PO;NA;5;13;S;M;0614;NEP
059540020020-7366;059540020020;100mN31472E41424;PO;NA;5;11;S;F;0614;NEP
059540020020-7367;059540020020;100mN31467E41429;MC;OS;2;66;M;M;6574;NEP
059540020020-7367;059540020020;100mN31467E41429;MC;OS;2;83;M;F;75XX;EMP
059540020020-7368;059540020020;100mN31467E41429;MC;NA;2;37;M;F;3039;EMP
059540020020-7368;059540020020;100mN31467E41429;MC;NA;2;44;M;M;4049;NEP
059540020020-7369;059540020020;100mN31467E41429;PO;MIX;3;71;M;F;6574;EMP
059540020020-7369;059540020020;100mN31467E41429;PO;MIX;3;51;S;F;5064;NEP
059540020020-7369;059540020020;100mN31467E41429;PO;MIX;3;47;S;F;4049;NEP
059540020020-7370;059540020020;100mN31467E41429;S;NA;1;58;M;F;5064;EMP
059540020020-7371;059540020020;100mN31467E41429;S;NA;1;48;M;F;4049;NEP
059540020020-7372;059540020020;100mN31478E41407;PO;NA;2;42;S;F;4049;NEP
059540020020-7372;059540020020;100mN31478E41407;PO;NA;2;34;S;F;3039;EMP
059540020020-7373;059540020020;100mN31467E41429;PO;OS;4;69;S;M;6574;NEP
059540020020-7373;059540020020;100mN31467E41429;PO;OS;4;65;S;M;6574;EMP
059540020020-7373;059540020020;100mN31467E41429;PO;OS;4;68;M;M;6574;EMP
059540020020-7373;059540020020;100mN31467E41429;PO;OS;4;65;S;M;6574;NEP
059540020020-7374;059540020020;100mN31490E41445;MC;NA;2;42;M;M;4049;EMP
059540020020-7374;059540020020;100mN31490E41445;MC;NA;2;40;M;F;4049;NEP
059540020020-7375;059540020020;100mN31467E41429;SM;NA;2;69;W;M;6574;NEP
059540020020-7375;059540020020;100mN31467E41429;SM;NA;2;15;S;M;1517;NEP
059540020020-7376;059540020020;100mN31467E41429;S;OS;1;35;D;M;3039;NEP
059540020020-7377;059540020020;100mN31483E41413;MC;OS;2;73;M;F;6574;NEP
059540020020-7377;059540020020;100mN31483E41413;MC;OS;2;81;M;M;75XX;EMP
059540020020-7378;059540020020;100mN31467E41429;MC;NA;2;56;M;M;5064;NEP
059540020020-7378;059540020020;100mN31467E41429;MC;NA;2;48;M;F;4049;EMP
059540020020-7379;059540020020;100mN31467E41429;S;NA;1;75;M;F;75XX;NEP
059540020020-7380;059540020020;100mN31467E41429;NA;NA;2;43;S;F;4049;EMP
059540020020-7380;059540020020;100mN31467E41429;NA;NA;2;35;M;F;3039;NEP
059540020020-7381;059540020020;100mN31467E41429;SF;NA;2;77;W;F;75XX;NEP
059540020020-7381;059540020020;100mN31467E41429;SF;NA;2;37;M;M;3039;EMP
059540020020-7382;059540020020;100mN31467E41429;MC;OS;2;71;M;F;6574;EMP
059540020020-7382;059540020020;100mN31467E41429;MC;OS;2;85;M;M;75XX;EMP
059540020020-7383;059540020020;100mN31467E41429;PO;NA;3;34;S;M;3039;NEP
059540020020-7383;059540020020;100mN31467E41429;PO;NA;3;31;S;F;3039;EMP
059540020020-7383;059540020020;100mN31467E41429;PO;NA;3;4;S;F;0305;NEP
059540020020-7384;059540020020;100mN31472E41422;MC;NA;4;45;M;F;4049;NEP
059540020020-7384;059540020020;100mN31472E41422;MC;NA;4;54;M;M;5064;NEP
059540020020-7384;059540020020;100mN31472E41422;MC;NA;4;15;S;F;1517;EMP
059540020020-7384;059540020020;100mN31472E41422;MC;NA;4;10;S;F;0614;NEP
059540020020-7385;059540020020;100mN31467E41429;MC;NA;3;56;M;F;5064;NEP
059540020020-7385;059540020020;100mN31467E41429;MC;NA;3;69;D;M;6574;EMP
059540020020-7385;059540020020;100mN31467E41429;MC;NA;3;36;M;F;3039;EMP
059540020020-7386;059540020020;100mN31467E41429;S;OS;1;20;S;M;1824;NEP
059540020020-7387;059540020020;100mN31474E41423;S;OS;1;68;M;F;6574;EMP
059540020020-7388;059540020020;100mN31467E41429;S;OS;1;42;M;F;4049;NEP
059540020020-7389;059540020020;100mN31467E41429;S;OS;1;37;M;M;3039;EMP
059540020020-7390;059540020020;100mN31467E41429;MC;NA;4;52;M;F;5064;NEP
059540020020-7390;059540020020;100mN31467E41429;MC;NA;4;58;M;M;5064;EMP
059540020020-7390;059540020020;100mN31467E41429;MC;NA;4;16;S;M;1517;EMP
059540020020-7390;059540020020;100mN31467E41429;MC;NA;4;16;S;F;1517;NEP
059540020020-7391;059540020020;100mN31471E41430;S;OS;1;41;M;F;4049;NEP
059540020020-7392;059540020020;100mN31467E41429;S;NA;1;44;M;M;4049;NEP
059540020020-7393;059540020020;100mN31467E41429;PO;NA;2;57;S;M;5064;NEP
059540020020-7393;059540020020;100mN31467E41429;PO;NA;2;50;S;M;5064;NEP
059540020020-7394;059540020020;100mN31467E41429;S;NA;1;46;D;M;4049;EMP
059540020020-7395;059540020020;100mN31489E41419;SF;NA;2;70;D;F;6574;NEP
059540020020-7395;059540020020;100mN31489E41419;SF;NA;2;2;S;F;0003;NEP
059540020020-7396;059540020020;100mN31478E41422;NA;OS;2;57;M;M;5064;NEP
059540020020-7396;059540020020;100mN31478E41422;NA;OS;2;82;S;M;75XX;EMP
059540020020-7397;059540020020;100mN31462E41431;S;NA;1;43;W;F;4049;EMP
059540020020-7398;059540020020;100mN31467E41429;MC;OS;3;80;M;M;75XX;EMP
059540020020-7398;059540020020;100mN31467E41429;MC;OS;3;72;M;F;6574;EMP
059540020020-7398;059540020020;100mN31467E41429;MC;OS;3;87;M;M;75XX;EMP
059540020020-7399;059540020020;100mN31467E41429;S;NA;1;68;W;F;6574;EMP
059540020020-7400;059540020020;100mN31467E41429;MC;OS;2;78;M;F;75XX;NEP
059540020020-7400;059540020020;100mN31467E41429;MC;OS;2;87;M;M;75XX;NEP
059540020020-7401;059540020020;100mN31468E41420;S;NA;1;69;S;M;6574;UEP
059540020020-7402;059540020020;100mN31478E41398;MC;OS;3;87;M;F;75XX;EMP
059540020020-7402;059540020020;100mN31478E41398;MC;OS;3;28;M;F;2529;NEP
059540020020-7402;059540020020;100mN31478E41398;MC;OS;3;86;D;F;75XX;NEP
059540020020-7403;059540020020;100mN31486E41429;MC;NA;2;50;M;F;5064;EMP
059540020020-7403;059540020020;100mN31486E41429;MC;NA;2;53;M;M;5064;EMP
059540020020-7404;059540020020;100mN31500E41447;S;NA;1;69;S;F;6574;EMP
059540020020-7405;059540020020;100mN31462E41428;MC;MIX;2;73;M;F;6574;EMP
059540020020-7405;059540020020;100mN31462E41428;MC;MIX;2;51;M;F;5064;NEP
059540020020-7406;059540020020;100mN31467E41429;S;NA;1;48;W;F;4049;EMP
059540020020-7407;059540020020;100mN31478E41406;PO;OS;3;75;S;F;75XX;NEP
059540020020-7407;059540020020;100mN31478E41406;PO;OS;3;77;S;F;75XX;EMP
059540020020-7407;059540020020;100mN31478E41406;PO;OS;3;66;W;F;6574;NEP
059540020020-7408;059540020020;100mN31489E41418;S;OS;1;38;W;F;3039;EMP
059540020020-7409;059540020020;100mN31489E41418;MC;NA;2;22;M;M;1824;EMP
059540020020-7409;059540020020;100mN31489E41418;MC;NA;2;18;M;F;1824;NEP
059540020020-7410;059540020020;100mN31489E41418;S;OS;1;73;W;M;6574;EMP
059540020020-7411;059540020020;100mN31484E41416;MC;NA;3;45;M;M;4049;EMP
059540020020-7411;059540020020;100mN31484E41416;MC;NA;3;42;M;F;4049;EMP
059540020020-7411;059540020020;100mN31484E41416;MC;NA;3;2;S;M;0003;NEP
059540020020-7412;059540020020;100mN31483E41403;MC;NA;2;55;M;F;5064;NEP
059540020020-7412;059540020020;100mN31483E41403;MC;NA;2;60;M;M;5064;EMP
059540020020-7413;059540020020;100mN31468E41430;S;NA;1;42;M;F;4049;EMP
059540020020-7414;059540020020;100mN31468E41430;PO;NA;3;35;S;M;3039;EMP
059540020020-7414;059540020020;100mN31468E41430;PO;NA;3;27;S;M;2529;NEP
059540020020-7414;059540020020;100mN31468E41430;PO;NA;3;8;S;M;0614;NEP
059540020020-7415;059540020020;100mN31468E41430;S;OS;1;22;W;F;1824;EMP
059540020020-7416;059540020020;100mN31468E41430;S;NA;1;48;S;M;4049;EMP
059540020020-7417;059540020020;100mN31468E41430;PO;NA;2;62;S;M;5064;EMP
059540020020-7417;059540020020;100mN31468E41430;PO;NA;2;42;S;F;4049;EMP
059540020020-7418;059540020020;100mN31468E41430;SF;MIX;3;66;M;M;6574;EMP
059540020020-7418;059540020020;100mN31468E41430;SF;MIX;3;82;W;F;75XX;NEP
059540020020-7418;059540020020;100mN31468E41430;SF;MIX;3;4;S;F;0305;NEP
059540020020-7419;059540020020;100mN31468E41429;MC;NA;2;42;M;M;4049;NEP
059540020020-7419;059540020020;100mN31468E41429;MC;NA;2;38;M;F;3039;EMP
059540020020-7420;059540020020;100mN31468E41430;S;NA;1;47;M;F;4049;EMP
059540020020-7421;059540020020;100mN31468E41430;MC;NA;2;21;M;M;1824;EMP
059540020020-7421;059540020020;100mN31468E41430;MC;NA;2;21;M;F;1824;NEP
059540020020-7422;059540020020;100mN31468E41430;S;OS;1;44;S;M;4049;EMP
059540020020-7423;059540020020;100mN31464E41420;MC;OS;2;69;M;M;6574;NEP
059540020020-7423;059540020020;100mN31464E41420;MC;OS;2;66;M;F;6574;EMP
059540020020-7424;059540020020;100mN31468E41430;NA;NA;4;46;M;F;4049;NEP
059540020020-7424;059540020020;100mN31468E41430;NA;NA;4;66;D;F;6574;NEP
059540020020-7424;059540020020;100mN31468E41430;NA;NA;4;21;D;F;1824;NEP
059540020020-7424;059540020020;100mN31468E41430;NA;NA;4;44;M;F;4049;EMP
059540020020-7425;059540020020;100mN31468E41430;S;NA;1;65;M;M;6574;EMP
059540020020-7426;059540020020;100mN31468E41430;S;NA;1;86;M;M;75XX;NEP
059540020020-7427;059540020020;100mN31468E41430;NA;OS;2;47;W;M;4049;NEP
059540020020-7427;059540020020;100mN31468E41430;NA;OS;2;31;M;F;3039;EMP
059540020020-7428;059540020020;100mN31463E41421;S;OS;1;50;W;M;5064;NEP
059540020020-7429;059540020020;100mN31483E41400;S;OS;1;68;D;M;6574;NEP
059540020020-7430;059540020020;100mN31468E41430;PO;NA;2;30;S;F;3039;EMP
059540020020-7430;059540020020;100mN31468E41430;PO;NA;2;37;S;F;3039;EMP
059540020020-7431;059540020020;100mN31468E41430;MC;OS;2;67;M;F;6574;NEP
059540020020-7431;059540020020;100mN31468E41430;MC;OS;2;70;M;M;6574;EMP
059540020020-7432;059540020020;100mN31468E41430;S;NA;1;41;D;M;4049;EMP
059540020020-7433;059540020020;100mN31474E41423;S;NA;1;20;S;M;1824;EMP
059540020020-7434;059540020020;100mN31468E41430;PO;OS;3;71;S;F;6574;NEP
059540020020-7434;059540020020;100mN31468E41430;PO;OS;3;77;S;M;75XX;EMP
059540020020-7434;059540020020;100mN31468E41430;PO;OS;3;71;S;M;6574;EMP
059540020020-7435;059540020020;100mN31468E41430;MC;NA;3;55;M;M;5064;EMP
059540020020-7435;059540020020;100mN31468E41430;MC;NA;3;55;M;F;5064;NEP
059540020020-7435;059540020020;100mN31468E41430;MC;NA;3;25;M;F;2529;EMP
059540020020-7436;059540020020;100mN31468E41430;MC;NA;2;53;M;F;5064;NEP
059540020020-7436;059540020020;100mN31468E41430;MC;NA;2;54;M;M;5064;EMP
059540020020-7437;059540020020;100mN31468E41430;S;NA;1;47;M;M;4049;NEP
059540020020-7438;059540020020;100mN31468E41430;PO;NA;2;62;S;M;5064;EMP
059540020020-7438;059540020020;100mN31468E41430;PO;NA;2;54;S;F;5064;NEP
059540020020-7439;059540020020;100mN31468E41430;MC;NA;2;45;M;F;4049;EMP
059540020020-7439;059540020020;100mN31468E41430;MC;NA;2;45;M;M;4049;NEP
059540020020-7440;059540020020;100mN31497E41425;S;OS;1;69;S;M;6574;EMP
059540020020-7441;059540020020;100mN31468E41430;MC;NA;2;32;M;F;3039;NEP
059540020020-7441;059540020020;100mN31468E41430;MC;NA;2;32;M;M;3039;NEP
059540020020-7442;059540020020;100mN31485E41404;S;OS;1;56;D;M;5064;NEP
059540020020-7443;059540020020;100mN31468E41430;S;NA;1;59;M;F;5064;NEP
059540020020-7444;059540020020;100mN31499E41444;S;OS;1;41;W;M;4049;EMP
059540020020-7445;059540020020;100mN31468E41430;MC;NA;2;53;M;F;5064;NEP
059540020020-7445;059540020020;100mN31468E41430;MC;NA;2;54;M;M;5064;EMP
059540020020-7446;059540020020;100mN31468E41430;S;OS;1;52;M;F;5064;NEP
059540020020-7447;059540020020;100mN31462E41428;MC;NA;4;52;M;F;5064;EMP
059540020020-7447;059540020020;100mN31462E41428;MC;NA;4;55;M;M;5064;NEP
059540020020-7447;059540020020;100mN31462E41428;MC;NA;4;8;S;F;0614;NEP
059540020020-7447;059540020020;100mN31462E41428;MC;NA;4;3;S;M;0305;NEP
059540020020-7448;059540020020;100mN31484E41416;S;OS;1;30;M;F;3039;EMP
059540020020-7449;059540020020;100mN31468E41420;S;NA;1;33;S;M;3039;EMP
059540020020-7450;059540020020;100mN31468E41430;MC;OS;2;84;M;F;75XX;EMP
059540020020-7450;059540020020;100mN31468E41430;MC;OS;2;89;M;M;75XX;NEP
059540020020-7451;059540020020;100mN31468E41430;MC;MIX;3;79;M;M;75XX;EMP
059540020020-7451;059540020020;100mN31468E41430;MC;MIX;3;50;M;F;5064;NEP
059540020020-7451;059540020020;100mN31468E41430;MC;MIX;3;56;M;M;5064;EMP
059540020020-7452;059540020020;100mN31468E41430;MC;MIX;3;69;W;F;6574;NEP
059540020020-7452;059540020020;100mN31468E41430;MC;MIX;3;21;M;M;1824;EMP
059540020020-7452;059540020020;100mN31468E41430;MC;MIX;3;18;M;F;1824;EMP
059540020020-7453;059540020020;100mN31468E41430;MC;NA;4;47;M;M;4049;EMP
059540020020-7453;059540020020;100mN31468E41430;MC;NA;4;45;M;F;4049;EMP
059540020020-7453;059540020020;100mN31468E41430;MC;NA;4;7;S;M;0614;NEP
059540020020-7453;059540020020;100mN31468E41430;MC;NA;4;23;W;M;1824;EMP
059540020020-7454;059540020020;100mN31468E41430;MC;NA;2;51;M;M;5064;EMP
059540020020-7454;059540020020;100mN31468E41430;MC;NA;2;48;M;F;4049;EMP
059540020020-7455;059540020020;100mN31468E41430;S;OS;1;47;W;F;4049;NEP
059540020020-7456;059540020020;100mN31478E41406;MC;NA;2;59;M;M;5064;EMP
059540020020-7456;059540020020;100mN31478E41406;MC;NA;2;57;M;F;5064;EMP
059540020020-7457;059540020020;100mN31468E41430;MC;NA;3;44;M;M;4049;EMP
059540020020-7457;059540020020;100mN31468E41430;MC;NA;3;44;M;F;4049;NEP
059540020020-7457;059540020020;100mN31468E41430;MC;NA;3;25;W;F;2529;NEP
059540020020-7458;059540020020;100mN31464E41427;S;OS;1;85;M;M;75XX;EMP
059540020020-7459;059540020020;100mN31493E41420;MC;NA;2;19;M;M;1824;NEP
059540020020-7459;059540020020;100mN31493E41420;MC;NA;2;18;M;F;1824;NEP
059540020020-7460;059540020020;100mN31468E41430;MC;NA;2;30;M;M;3039;EMP
059540020020-7460;059540020020;100mN31468E41430;MC;NA;2;27;M;F;2529;NEP
059540020020-7461;059540020020;100mN31462E41428;S;NA;1;82;M;M;75XX;EMP
059540020020-7462;059540020020;100mN31486E41409;SM;NA;2;55;D;M;5064;EMP
059540020020-7462;059540020020;100mN31486E41409;SM;NA;2;4;S;F;0305;NEP
059540020020-7463;059540020020;100mN31491E41415;MC;MIX;2;73;M;F;6574;NEP
059540020020-7463;059540020020;100mN31491E41415;MC;MIX;2;50;M;M;5064;EMP
059540020020-7464;059540020020;100mN31463E41419;SF;NA;3;16;S;F;1517;NEP
059540020020-7464;059540020020;100mN31463E41419;SF;NA;3;0;S;M;0003;NEP
059540020020-7464;059540020020;100mN31463E41419;SF;NA;3;1;S;M;0003;NEP
059540020020-7465;059540020020;100mN31491E41415;S;NA;1;71;S;F;6574;EMP
059540020020-7466;059540020020;100mN31491E41415;MC;NA;4;54;M;M;5064;NEP
059540020020-7466;059540020020;100mN31491E41415;MC;NA;4;53;M;F;5064;EMP
059540020020-7466;059540020020;100mN31491E41415;MC;NA;4;0;S;F;0003;NEP
059540020020-7466;059540020020;100mN31491E41415;MC;NA;4;11;S;F;0614;NEP
059540020020-7467;059540020020;100mN31491E41415;MC;NA;2;46;M;M;4049;EMP
059540020020-7467;059540020020;100mN31491E41415;MC;NA;2;40;M;F;4049;EMP
059540020020-7468;059540020020;100mN31491E41415;SM;NA;2;52;S;M;5064;NEP
059540020020-7468;059540020020;100mN31491E41415;SM;NA;2;15;S;F;1517;NEP
059540020020-7469;059540020020;100mN31491E41415;S;NA;1;66;M;M;6574;EMP
059540020020-7470;059540020020;100mN31464E41424;SF;NA;2;70;W;F;6574;NEP
059540020020-7470;059540020020;100mN31464E41424;SF;NA;2;0;S;F;0003;NEP
059540020020-7471;059540020020;100mN31491E41415;MC;OS;3;78;M;F;75XX;NEP
059540020020-7471;059540020020;100mN31491E41415;MC;OS;3;86;M;M;75XX;NEP
059540020020-7471;059540020020;100mN31491E41415;MC;OS;3;66;M;F;6574;NEP
059540020020-7472;059540020020;100mN31491E41415;MC;OS;2;73;M;F;6574;NEP
059540020020-7472;059540020020;100mN31491E41415;MC;OS;2;75;M;M;75XX;EMP
059540020020-7473;059540020020;100mN31477E41403;S;NA;1;20;M;M;1824;EMP
059540020020-7474;059540020020;100mN31491E41415;S;NA;1;47;W;F;4049;NEP
059540020020-7475;059540020020;100mN31491E41415;PO;NA;2;40;S;F;4049;EMP
059540020020-7475;059540020020;100mN31491E41415;PO;NA;2;41;S;F;4049;NEP
059540020020-7476;059540020020;100mN31491E41415;SF;MIX;4;65;W;F;6574;NEP
059540020020-7476;059540020020;100mN31491E41415;SF;MIX;4;54;S;F;5064;NEP
059540020020-7476;059540020020;100mN31491E41415;SF;MIX;4;1;S;F;0003;NEP
059540020020-7476;059540020020;100mN31491E41415;SF;MIX;4;6;S;M;0614;NEP
059540020020-7477;059540020020;100mN31464E41418;S;OS;1;68;W;F;6574;EMP
059540020020-7478;059540020020;100mN31491E41415;S;NA;1;53;M;M;5064;NEP
059540020020-7479;059540020020;100mN31464E41428;S;OS;1;20;S;M;1824;UEP
059540020020-7480;059540020020;100mN31491E41415;S;NA;1;21;M;M;1824;EMP
059540020020-7481;059540020020;100mN31491E41415;S;NA;1;46;W;F;4049;EMP
059540020020-7482;059540020020;100mN31491E41415;PO;NA;2;55;S;M;5064;NEP
059540020020-7482;059540020020;100mN31491E41415;PO;NA;2;53;S;F;5064;EMP
059540020020-7483;059540020020;100mN31491E41415;S;NA;1;43;S;M;4049;EMP
059540020020-7484;059540020020;100mN31490E41440;MC;NA;2;55;M;M;5064;NEP
059540020020-7484;059540020020;100mN31490E41440;MC;NA;2;54;M;F;5064;EMP
059540020020-7485;059540020020;100mN31467E41421;MC;OS;2;66;M;F;6574;EMP
059540020020-7485;059540020020;100mN31467E41421;MC;OS;2;67;M;M;6574;NEP
059540020020-7486;059540020020;100mN31462E41428;MC;MIX;2;79;M;M;75XX;EMP
059540020020-7486;059540020020;100mN31462E41428;MC;MIX;2;41;W;M;4049;EMP
059540020020-7487;059540020020;100mN31499E41432;NA;NA;2;65;M;M;6574;NEP
059540020020-7487;059540020020;100mN31499E41432;NA;NA;2;63;M;F;5064;NEP
059540020020-7488;059540020020;100mN31499E41432;MC;NA;3;63;M;F;5064;NEP
059540020020-7488;059540020020;100mN31499E41432;MC;NA;3;60;M;M;5064;EMP
059540020020-7488;059540020020;100mN31499E41432;MC;NA;3;38;S;M;3039;EMP
059540020020-7489;059540020020;100mN31499E41432;NA;OS;2;56;M;F;5064;NEP
059540020020-7489;059540020020;100mN31499E41432;NA;OS;2;70;W;F;6574;NEP
059540020020-7490;059540020020;100mN31499E41432;MC;NA;3;36;M;M;3039;EMP
059540020020-7490;059540020020;100mN31499E41432;MC;NA;3;30;M;F;3039;EMP
059540020020-7490;059540020020;100mN31499E41432;MC;NA;3;16;S;F;1517;NEP
059540020020-7491;059540020020;100mN31499E41432;S;NA;1;38;S;M;3039;EMP
059540020020-7492;059540020020;100mN31499E41432;S;NA;1;56;S;M;5064;NEP
059540020020-7493;059540020020;100mN31499E41432;SF;NA;2;66;D;F;6574;EMP
059540020020-7493;059540020020;100mN31499E41432;SF;NA;2;15;S;F;1517;EMP
059540020020-7494;059540020020;100mN31499E41432;S;NA;1;23;S;M;1824;NEP
059540020020-7495;059540020020;100mN31499E41432;MC;MIX;3;67;M;M;6574;EMP
059540020020-7495;059540020020;100mN31499E41432;MC;MIX;3;51;M;M;5064;EMP
059540020020-7495;059540020020;100mN31499E41432;MC;MIX;3;44;M;F;4049;NEP
059540020020-7496;059540020020;100mN31499E41432;S;NA;1;77;M;F;75XX;EMP
059540020020-7497;059540020020;100mN31499E41432;MC;NA;2;40;M;M;4049;EMP
059540020020-7497;059540020020;100mN31499E41432;MC;NA;2;18;M;F;1824;NEP
059540020020-7498;059540020020;100mN31499E41432;MC;OS;4;81;M;F;75XX;EMP
059540020020-7498;059540020020;100mN31499E41432;MC;OS;4;88;M;M;75XX;UEP
059540020020-7498;059540020020;100mN31499E41432;MC;OS;4;71;M;F;6574;EMP
059540020020-7498;059540020020;100mN31499E41432;MC;OS;4;71;S;M;6574;NEP
059540020020-7499;059540020020;100mN31499E41432;S;OS;1;20;M;M;1824;EMP
059540020020-7500;059540020020;100mN31499E41432;PO;NA;2;44;S;F;4049;EMP
059540020020-7500;059540020020;100mN31499E41432;PO;NA;2;43;S;F;4049;EMP
059540020020-7501;059540020020;100mN31499E41432;MC;NA;4;47;M;M;4049;EMP
059540020020-7501;059540020020;100mN31499E41432;MC;NA;4;42;M;F;4049;NEP
059540020020-7501;059540020020;100mN31499E41432;MC;NA;4;15;S;F;1517;EMP
059540020020-7501;059540020020;100mN31499E41432;MC;NA;4;20;M;M;1824;NEP
059540020020-7502;059540020020;100mN31499E41432;S;NA;1;47;M;M;4049;EMP
059540020020-7503;059540020020;100mN31472E41422;SF;NA;2;55;D;F;5064;EMP
059540020020-7503;059540020020;100mN31472E41422;SF;NA;2;1;S;F;0003;NEP
059540020020-7504;059540020020;100mN31499E41432;S;OS;1;57;M;M;5064;EMP
059540020020-7505;059540020020;100mN31499E41432;MC;OS;3;79;M;F;75XX;EMP
059540020020-7505;059540020020;100mN31499E41432;MC;OS;3;82;M;M;75XX;EMP
059540020020-7505;059540020020;100mN31499E41432;MC;OS;3;83;W;F;75XX;EMP
059540020020-7506;059540020020;100mN31491E41411;MC;NA;2;38;M;F;3039;NEP
059540020020-7506;059540020020;100mN31491E41411;MC;NA;2;40;M;M;4049;NEP
059540020020-7507;059540020020;100mN31491E41411;MC;OS;4;70;M;M;6574;NEP
059540020020-7507;059540020020;100mN31491E41411;MC;OS;4;65;M;F;6574;NEP
059540020020-7507;059540020020;100mN31491E41411;MC;OS;4;86;M;M;75XX;UEP
059540020020-7507;059540020020;100mN31491E41411;MC;OS;4;68;W;F;6574;EMP
059540020020-7508;059540020020;100mN31464E41424;MC;NA;2;31;M;M;3039;EMP
059540020020-7508;059540020020;100mN31464E41424;MC;NA;2;33;M;F;3039;NEP
059540020020-7509;059540020020;100mN31484E41412;MC;OS;2;76;M;F;75XX;NEP
059540020020-7509;059540020020;100mN31484E41412;MC;OS;2;87;M;M;75XX;EMP
059540020020-7510;059540020020;100mN31484E41412;SF;NA;2;51;D;F;5064;EMP
059540020020-7510;059540020020;100mN31484E41412;SF;NA;2;9;S;F;0614;NEP
059540020020-7511;059540020020;100mN31494E41436;MC;MIX;2;69;M;M;6574;NEP
059540020020-7511;059540020020;100mN31494E41436;MC;MIX;2;27;M;M;2529;NEP
059540020020-7512;059540020020;100mN31484E41412;MC;OS;4;67;M;F;6574;NEP
059540020020-7512;059540020020;100mN31484E41412;MC;OS;4;67;M;M;6574;NEP
059540020020-7512;059540020020;100mN31484E41412;MC;OS;4;71;S;M;6574;NEP
059540020020-7512;059540020020;100mN31484E41412;MC;OS;4;72;W;F;6574;NEP
059540020020-7513;059540020020;100mN31481E41407;MC;NA;3;52;M;F;5064;EMP
059540020020-7513;059540020020;100mN31481E41407;MC;NA;3;54;M;M;5064;EMP
059540020020-7513;059540020020;100mN31481E41407;MC;NA;3;35;D;F;3039;EMP
059540020020-7514;059540020020;100mN31481E41414;S;OS;1;48;S;M;4049;EMP
059540020020-7515;059540020020;100mN31484E41412;PO;NA;2;32;S;M;3039;NEP
059540020020-7515;059540020020;100mN31484E41412;PO;NA;2;35;S;M;3039;EMP
059540020020-7516;059540020020;100mN31484E41412;S;NA;1;46;M;F;4049;EMP
059540020020-7517;059540020020;100mN31484E41412;MC;NA;3;61;M;M;5064;EMP
059540020020-7517;059540020020;100mN31484E41412;MC;NA;3;52;M;F;5064;EMP
059540020020-7517;059540020020;100mN31484E41412;MC;NA;3;36;S;M;3039;EMP
059540020020-7518;059540020020;100mN31484E41412;MC;NA;2;55;M;F;5064;NEP
059540020020-7518;059540020020;100mN31484E41412;MC;NA;2;59;M;M;5064;EMP
059540020020-7519;059540020020;100mN31473E41419;S;NA;1;75;M;F;75XX;EMP
059540020020-7520;059540020020;100mN31484E41412;SF;NA;4;88;S;F;75XX;EMP
059540020020-7520;059540020020;100mN31484E41412;SF;NA;4;59;S;F;5064;EMP
059540020020-7520;059540020020;100mN31484E41412;SF;NA;4;18;W;M;1824;EMP
059540020020-7520;059540020020;100mN31484E41412;SF;NA;4;56;M;M;5064;EMP
059540020020-7521;059540020020;100mN31484E41412;MC;NA;3;54;M;M;5064;NEP
059540020020-7521;059540020020;100mN31484E41412;MC;NA;3;45;M;F;4049;EMP
059540020020-7521;059540020020;100mN31484E41412;MC;NA;3;11;S;F;0614;NEP
059540020020-7522;059540020020;100mN31489E41409;S;OS;1;78;W;F;75XX;EMP
059540020020-7523;059540020020;100mN31484E41412;MC;MIX;3;73;S;F;6574;NEP
059540020020-7523;059540020020;100mN31484E41412;MC;MIX;3;30;M;M;3039;EMP
059540020020-7523;059540020020;100mN31484E41412;MC;MIX;3;30;M;F;3039;NEP
059540020020-7524;059540020020;100mN31484E41412;S;OS;1;27;M;M;2529;EMP
059540020020-7525;059540020020;100mN31484E41412;MC;NA;2;62;M;M;5064;EMP
059540020020-7525;059540020020;100mN31484E41412;MC;NA;2;61;M;F;5064;NEP
059540020020-7526;059540020020;100mN31484E41412;S;NA;1;53;M;M;5064;EMP
059540020020-7527;059540020020;100mN31481E41405;MC;MIX;2;84;M;F;75XX;EMP
059540020020-7527;059540020020;100mN31481E41405;MC;MIX;2;43;S;M;4049;EMP
059540020020-7528;059540020020;100mN31484E41412;MC;NA;2;52;M;M;5064;NEP
059540020020-7528;059540020020;100mN31484E41412;MC;NA;2;43;M;F;4049;EMP
059540020020-7529;059540020020;100mN31491E41414;MC;NA;2;48;M;F;4049;NEP
059540020020-7529;059540020020;100mN31491E41414;MC;NA;2;47;M;M;4049;EMP
059540020020-7530;059540020020;100mN31484E41412;MC;NA;2;23;M;M;1824;NEP
059540020020-7530;059540020020;100mN31484E41412;MC;NA;2;23;M;F;1824;NEP
059540020020-7531;059540020020;100mN31485E41427;S;NA;1;42;S;M;4049;NEP
059540020020-7532;059540020020;100mN31484E41412;S;NA;1;25;M;M;2529;EMP
059540020020-7533;059540020020;100mN31484E41412;MC;NA;2;58;M;F;5064;NEP
059540020020-7533;059540020020;100mN31484E41412;MC;NA;2;55;M;M;5064;NEP
059540020020-7534;059540020020;100mN31484E41412;S;NA;1;32;S;F;3039;EMP
059540020020-7535;059540020020;100mN31484E41412;S;NA;1;19;M;F;1824;EMP
059540020020-7536;059540020020;100mN31484E41412;MC;NA;5;54;M;F;5064;NEP
059540020020-7536;059540020020;100mN31484E41412;MC;NA;5;57;M;M;5064;NEP
059540020020-7536;059540020020;100mN31484E41412;MC;NA;5;9;S;M;0614;NEP
059540020020-7536;059540020020;100mN31484E41412;MC;NA;5;6;S;M;0614;NEP
059540020020-7536;059540020020;100mN31484E41412;MC;NA;5;15;S;M;1517;EMP
059540020020-7537;059540020020;100mN31484E41412;S;NA;1;48;D;F;4049;EMP
059540020020-7538;059540020020;100mN31484E41412;MC;OS;4;72;M;M;6574;EMP
059540020020-7538;059540020020;100mN31484E41412;MC;OS;4;68;M;F;6574;NEP
059540020020-7538;059540020020;100mN31484E41412;MC;OS;4;80;M;F;75XX;EMP
059540020020-7538;059540020020;100mN31484E41412;MC;OS;4;67;M;F;6574;EMP
059540020020-7539;059540020020;100mN31484E41412;MC;MIX;2;79;M;M;75XX;NEP
059540020020-7539;059540020020;100mN31484E41412;MC;MIX;2;69;M;F;6574;EMP
059540020020-7540;059540020020;100mN31484E41412;S;OS;1;61;D;M;5064;EMP
059540020020-7541;059540020020;100mN31484E41412;MC;NA;2;48;M;F;4049;EMP
059540020020-7541;059540020020;100mN31484E41412;MC;NA;2;51;M;M;5064;NEP
059540020020-7542;059540020020;100mN31484E41412;S;NA;1;85;W;F;75XX;NEP
059540020020-7543;059540020020;100mN31483E41410;PO;NA;4;63;S;M;5064;EMP
059540020020-7543;059540020020;100mN31483E41410;PO;NA;4;62;S;F;5064;NEP
059540020020-7543;059540020020;100mN31483E41410;PO;NA;4;10;S;F;0614;NEP
059540020020-7543;059540020020;100mN31483E41410;PO;NA;4;48;M;M;4049;EMP
059540020020-7544;059540020020;100mN31484E41412;MC;NA;4;46;M;M;4049;NEP
059540020020-7544;059540020020;100mN31484E41412;MC;NA;4;44;M;F;4049;NEP
059540020020-7544;059540020020;100mN31484E41412;MC;NA;4;31;S;M;3039;EMP
059540020020-7544;059540020020;100mN31484E41412;MC;NA;4;10;S;F;0614;NEP
059540020020-7545;059540020020;100mN31484E41412;MC;OS;2;65;M;F;6574;NEP
059540020020-7545;059540020020;100mN31484E41412;MC;OS;2;73;M;M;6574;EMP
059540020020-7546;059540020020;100mN31481E41413;S;OS;1;25;M;F;2529;NEP
059540020020-7547;059540020020;100mN31484E41412;SM;NA;2;28;D;M;2529;EMP
059540020020-7547;059540020020;100mN31484E41412;SM;NA;2;9;S;M;0614;NEP
059540020020-7548;059540020020;100mN31484E41412;PO;NA;2;50;S;M;5064;EMP
059540020020-7548;059540020020;100mN31484E41412;PO;NA;2;45;S;M;4049;EMP
059540020020-7549;059540020020;100mN31484E41412;MC;OS;2;67;M;M;6574;EMP
059540020020-7549;059540020020;100mN31484E41412;MC;OS;2;79;M;F;75XX;EMP
059540020020-7550;059540020020;100mN31484E41412;S;OS;1;68;M;M;6574;NEP
059540020020-7551;059540020020;100mN31491E41410;S;OS;1;46;W;M;4049;EMP
059540020020-7552;059540020020;100mN31491E41410;MC;OS;2;72;M;M;6574;EMP
059540020020-7552;059540020020;100mN31491E41410;MC;OS;2;70;M;F;6574;NEP
059540020020-7553;059540020020;100mN31491E41410;S;NA;1;27;M;F;2529;EMP
059540020020-7554;059540020020;100mN31490E41427;S;NA;1;28;S;M;2529;EMP
059540020020-7555;059540020020;100mN31490E41427;MC;NA;2;47;M;F;4049;NEP
059540020020-7555;059540020020;100mN31490E41427;MC;NA;2;48;M;M;4049;EMP
059540020020-7556;059540020020;100mN31490E41427;MC;NA;4;48;M;M;4049;UEP
059540020020-7556;059540020020;100mN31490E41427;MC;NA;4;48;M;F;4049;NEP
059540020020-7556;059540020020;100mN31490E41427;MC;NA;4;15;S;F;1517;NEP
059540020020-7556;059540020020;100mN31490E41427;MC;NA;4;10;S;M;0614;NEP
059540020020-7557;059540020020;100mN31495E41439;MC;OS;2;66;M;M;6574;EMP
059540020020-7557;059540020020;100mN31495E41439;MC;OS;2;68;M;F;6574;EMP
059540020020-7558;059540020020;100mN31495E41439;SF;NA;2;48;W;F;4049;NEP
059540020020-7558;059540020020;100mN31495E41439;SF;NA;2;15;S;F;1517;NEP
059540020020-7559;059540020020;100mN31495E41439;S;OS;1;72;W;F;6574;EMP
059540020020-7560;059540020020;100mN31495E41439;MC;NA;2;55;M;M;5064;EMP
059540020020-7560;059540020020;100mN31495E41439;MC;NA;2;50;M;F;5064;NEP
059540020020-7561;059540020020;100mN31467E41423;PO;NA;2;46;S;F;4049;NEP
059540020020-7561;059540020020;100mN31467E41423;PO;NA;2;52;S;F;5064;NEP
059540020020-7562;059540020020;100mN31495E41439;S;NA;1;57;M;F;5064;NEP
059540020020-7563;059540020020;100mN31467E41423;MC;MIX;2;71;M;M;6574;NEP
059540020020-7563;059540020020;100mN31467E41423;MC;MIX;2;63;M;F;5064;NEP
059540020020-7564;059540020020;100mN31474E41423;S;OS;1;62;M;F;5064;NEP
059540020020-7565;059540020020;100mN31474E41423;PO;MIX;3;78;W;F;75XX;NEP
059540020020-7565;059540020020;100mN31474E41423;PO;MIX;3;26;S;M;2529;EMP
059540020020-7565;059540020020;100mN31474E41423;PO;MIX;3;27;S;F;2529;NEP
059540020020-7566;059540020020;100mN31474E41423;MC;NA;5;32;M;M;3039;NEP
059540020020-7566;059540020020;100mN31474E41423;MC;NA;5;37;M;F;3039;EMP
059540020020-7566;059540020020;100mN31474E41423;MC;NA;5;3;S;F;0305;NEP
059540020020-7566;059540020020;100mN31474E41423;MC;NA;5;11;S;M;0614;NEP
059540020020-7566;059540020020;100mN31474E41423;MC;NA;5;6;S;F;0614;NEP
059540020020-7567;059540020020;100mN31474E41423;MC;NA;2;52;M;M;5064;NEP
059540020020-7567;059540020020;100mN31474E41423;MC;NA;2;45;M;F;4049;EMP
059540020020-7568;059540020020;100mN31474E41423;S;OS;1;67;M;M;6574;NEP
059540020020-7569;059540020020;100mN31478E41398;S;OS;1;45;M;F;4049;EMP
059540020020-7570;059540020020;100mN31474E41423;S;NA;1;20;S;M;1824;EMP
059540020020-7571;059540020020;100mN31460E41428;MC;OS;2;70;M;F;6574;EMP
059540020020-7571;059540020020;100mN31460E41428;MC;OS;2;70;M;M;6574;NEP
059540020020-7572;059540020020;100mN31474E41423;S;OS;1;68;M;F;6574;EMP
059540020020-7573;059540020020;100mN31464E41427;MC;NA;2;44;M;M;4049;NEP
059540020020-7573;059540020020;100mN31464E41427;MC;NA;2;42;M;F;4049;NEP
059540020020-7574;059540020020;100mN31474E41423;S;OS;1;16;S;M;1517;NEP
059540020020-7575;059540020020;100mN31474E41423;S;OS;1;36;S;M;3039;EMP
059540020020-7576;059540020020;100mN31474E41423;S;OS;1;65;S;M;6574;EMP
059540020020-7577;059540020020;100mN31474E41423;MC;NA;3;42;M;M;4049;UEP
059540020020-7577;059540020020;100mN31474E41423;MC;NA;3;47;M;F;4049;NEP
059540020020-7577;059540020020;100mN31474E41423;MC;NA;3;1;S;M;0003;NEP
059540020020-7578;059540020020;100mN31497E41435;S;NA;1;85;W;F;75XX;EMP
059540020020-7579;059540020020;100mN31474E41423;S;NA;1;84;S;F;75XX;EMP
059540020020-7580;059540020020;100mN31474E41423;MC;NA;3;44;M;M;4049;NEP
059540020020-7580;059540020020;100mN31474E41423;MC;NA;3;41;M;F;4049;EMP
059540020020-7580;059540020020;100mN31474E41423;MC;NA;3;15;S;F;1517;EMP
059540020020-7581;059540020020;100mN31481E41405;S;NA;1;25;W;F;2529;EMP
059540020020-7582;059540020020;100mN31483E41413;S;OS;1;31;M;M;3039;UEP
059540020020-7583;059540020020;100mN31474E41423;MC;NA;4;55;M;M;5064;EMP
059540020020-7583;059540020020;100mN31474E41423;MC;NA;4;58;M;F;5064;NEP
059540020020-7583;059540020020;100mN31474E41423;MC;NA;4;12;S;M;0614;NEP
059540020020-7583;059540020020;100mN31474E41423;MC;NA;4;37;W;F;3039;NEP
059540020020-7584;059540020020;100mN31478E41409;S;NA;1;57;M;F;5064;NEP
059540020020-7585;059540020020;100mN31487E41401;MC;NA;2;27;M;F;2529;EMP
059540020020-7585;059540020020;100mN31487E41401;MC;NA;2;27;M;M;2529;EMP
059540020020-7586;059540020020;100mN31483E41411;MC;MIX;2;75;M;M;75XX;NEP
059540020020-7586;059540020020;100mN31483E41411;MC;MIX;2;59;M;F;5064;EMP
059540020020-7587;059540020020;100mN31500E41421;MC;MIX;3;70;D;M;6574;NEP
059540020020-7587;059540020020;100mN31500E41421;MC;MIX;3;31;M;F;3039;NEP
059540020020-7587;059540020020;100mN31500E41421;MC;MIX;3;33;M;M;3039;EMP
059540020020-7588;059540020020;100mN31478E41409;MC;OS;4;70;M;F;6574;EMP
059540020020-7588;059540020020;100mN31478E41409;MC;OS;4;71;M;M;6574;EMP
059540020020-7588;059540020020;100mN31478E41409;MC;OS;4;67;W;F;6574;NEP
059540020020-7588;059540020020;100mN31478E41409;MC;OS;4;84;M;M;75XX;NEP
059540020020-7589;059540020020;100mN31478E41409;S;NA;1;22;S;F;1824;NEP
059540020020-7590;059540020020;100mN31473E41430;S;NA;1;52;W;F;5064;EMP
059540020020-7591;059540020020;100mN31478E41409;MC;MIX;2;70;M;M;6574;EMP
059540020020-7591;059540020020;100mN31478E41409;MC;MIX;2;84;M;F;75XX;NEP
059540020020-7592;059540020020;100mN31478E41409;MC;NA;3;37;M;F;3039;NEP
059540020020-7592;059540020020;100mN31478E41409;MC;NA;3;43;M;M;4049;EMP
059540020020-7592;059540020020;100mN31478E41409;MC;NA;3;22;M;M;1824;EMP
059540020020-7593;059540020020;100mN31478E41409;MC;MIX;2;71;M;F;6574;EMP
059540020020-7593;059540020020;100mN31478E41409;MC;MIX;2;77;M;M;75XX;NEP
059540020020-7594;059540020020;100mN31478E41409;S;NA;1;47;S;M;4049;UEP
059540020020-7595;059540020020;100mN31478E41409;PO;MIX;2;89;S;F;75XX;NEP
059540020020-7595;059540020020;100mN31478E41409;PO;MIX;2;8;S;M;0614;NEP
059540020020-7596;059540020020;100mN31478E41409;MC;MIX;2;69;M;F;6574;EMP
059540020020-7596;059540020020;100mN31478E41409;MC;MIX;2;45;M;F;4049;EMP
059540020020-7597;059540020020;100mN31494E41439;MC;NA;2;57;M;F;5064;NEP
059540020020-7597;059540020020;100mN31494E41439;MC;NA;2;53;M;M;5064;EMP
059540020020-7598;059540020020;100mN31478E41409;S;NA;1;44;M;M;4049;NEP
059540020020-7599;059540020020;100mN31478E41409;MC;NA;2;41;M;F;4049;NEP
059540020020-7599;059540020020;100mN31478E41409;MC;NA;2;32;M;M;3039;EMP
059540020020-7600;059540020020;100mN31464E41425;PO;NA;3;54;S;M;5064;EMP
059540020020-7600;059540020020;100mN31464E41425;PO;NA;3;57;S;M;5064;EMP
059540020020-7600;059540020020;100mN31464E41425;PO;NA;3;13;S;M;0614;NEP
059540020020-7601;059540020020;100mN31484E41410;MC;OS;2;81;M;F;75XX;EMP
059540020020-7601;059540020020;100mN31484E41410;MC;OS;2;81;M;M;75XX;EMP
059540020020-7602;059540020020;100mN31484E41410;MC;NA;2;31;M;F;3039;NEP
059540020020-7602;059540020020;100mN31484E41410;MC;NA;2;33;M;M;3039;EMP
059540020020-7603;059540020020;100mN31480E41404;MC;NA;2;61;M;F;5064;NEP
059540020020-7603;059540020020;100mN31480E41404;MC;NA;2;47;M;M;4049;NEP
059540020020-7604;059540020020;100mN31484E41410;S;OS;1;19;S;M;1824;EMP
059540020020-7605;059540020020;100mN31484E41410;S;OS;1;38;M;M;3039;EMP
059540020020-7606;059540020020;100mN31484E41410;MC;NA;2;53;M;F;5064;NEP
059540020020-7606;059540020020;100mN31484E41410;MC;NA;2;56;M;M;5064;EMP
059540020020-7607;059540020020;100mN31484E41410;S;NA;1;26;M;M;2529;EMP
059540020020-7608;059540020020;100mN31478E41406;S;NA;1;47;S;F;4049;EMP
059540020020-7609;059540020020;100mN31483E41403;S;NA;1;52;D;F;5064;NEP
059540020020-7610;059540020020;100mN31464E41418;S;OS;1;68;W;F;6574;EMP
059540020020-7611;059540020020;100mN31481E41405;MC;MIX;2;68;M;M;6574;NEP
059540020020-7611;059540020020;100mN31481E41405;MC;MIX;2;61;M;F;5064;EMP
059540020020-7612;059540020020;100mN31464E41431;S;NA;1;78;S;F;75XX;EMP
059540020020-7613;059540020020;100mN31484E41410;S;OS;1;72;D;F;6574;NEP
059540020020-7614;059540020020;100mN31484E41410;SM;NA;3;67;S;M;6574;NEP
059540020020-7614;059540020020;100mN31484E41410;SM;NA;3;15;S;F;1517;EMP
059540020020-7614;059540020020;100mN31484E41410;SM;NA;3;40;S;F;4049;NEP
059540020020-7615;059540020020;100mN31484E41410;MC;NA;3;52;M;M;5064;EMP
059540020020-7615;059540020020;100mN31484E41410;MC;NA;3;59;M;F;5064;EMP
059540020020-7615;059540020020;100mN31484E41410;MC;NA;3;13;S;M;0614;NEP
059540020020-7616;059540020020;100mN31484E41410;MC;OS;3;66;M;F;6574;EMP
059540020020-7616;059540020020;100mN31484E41410;MC;OS;3;68;M;M;6574;NEP
059540020020-7616;059540020020;100mN31484E41410;MC;OS;3;81;M;F;75XX;EMP
059540020020-7617;059540020020;100mN31484E41410;MC;NA;2;62;M;F;5064;NEP
059540020020-7617;059540020020;100mN31484E41410;MC;NA;2;63;M;M;5064;EMP
059540020020-7618;059540020020;100mN31484E41410;MC;NA;4;42;M;F;4049;NEP
059540020020-7618;059540020020;100mN31484E41410;MC;NA;4;45;M;M;4049;EMP
059540020020-7618;059540020020;100mN31484E41410;MC;NA;4;15;S;F;1517;NEP
059540020020-7618;059540020020;100mN31484E41410;MC;NA;4;13;S;M;0614;NEP
059540020020-7619;059540020020;100mN31484E41410;MC;NA;2;38;M;M;3039;UEP
059540020020-7619;059540020020;100mN31484E41410;MC;NA;2;30;M;F;3039;NEP
059540020020-7620;059540020020;100mN31480E41406;MC;NA;3;54;M;F;5064;NEP
059540020020-7620;059540020020;100mN31480E41406;MC;NA;3;56;M;M;5064;EMP
059540020020-7620;059540020020;100mN31480E41406;MC;NA;3;7;S;M;0614;NEP
059540020020-7621;059540020020;100mN31484E41410;SF;NA;4;73;W;F;6574;NEP
059540020020-7621;059540020020;100mN31484E41410;SF;NA;4;41;M;M;4049;NEP
059540020020-7621;059540020020;100mN31484E41410;SF;NA;4;3;S;F;0305;NEP
059540020020-7621;059540020020;100mN31484E41410;SF;NA;4;10;S;F;0614;NEP
059540020020-7622;059540020020;100mN31484E41410;SF;NA;2;50;W;F;5064;EMP
059540020020-7622;059540020020;100mN31484E41410;SF;NA;2;7;S;M;0614;NEP
059540020020-7623;059540020020;100mN31483E41413;MC;OS;2;68;M;M;6574;EMP
059540020020-7623;059540020020;100mN31483E41413;MC;OS;2;81;M;F;75XX;NEP
059540020020-7624;059540020020;100mN31462E41430;MC;NA;2;55;M;M;5064;NEP
059540020020-7624;059540020020;100mN31462E41430;MC;NA;2;62;M;F;5064;NEP
059540020020-7625;059540020020;100mN31494E41437;SF;NA;2;56;D;F;5064;NEP
059540020020-7625;059540020020;100mN31494E41437;SF;NA;2;16;S;M;1517;NEP
059540020020-7626;059540020020;100mN31484E41410;MC;OS;2;65;M;M;6574;NEP
059540020020-7626;059540020020;100mN31484E41410;MC;OS;2;68;M;F;6574;NEP
059540020020-7627;059540020020;100mN31464E41429;S;OS;1;26;M;M;2529;EMP
059540020020-7628;059540020020;100mN31491E41421;MC;MIX;4;67;M;F;6574;EMP
059540020020-7628;059540020020;100mN31491E41421;MC;MIX;4;45;M;M;4049;EMP
059540020020-7628;059540020020;100mN31491E41421;MC;MIX;4;38;M;F;3039;EMP
059540020020-7628;059540020020;100mN31491E41421;MC;MIX;4;1;S;F;0003;NEP
059540020020-7629;059540020020;100mN31491E41421;S;NA;1;59;M;M;5064;NEP
059540020020-7630;059540020020;100mN31491E41421;S;NA;1;89;M;F;75XX;NEP
059540020020-7631;059540020020;100mN31491E41421;SF;NA;2;31;W;F;3039;NEP
059540020020-7631;059540020020;100mN31491E41421;SF;NA;2;4;S;F;0305;NEP
059540020020-7632;059540020020;100mN31491E41421;S;OS;1;42;D;M;4049;EMP
059540020020-7633;059540020020;100mN31491E41421;S;NA;1;51;W;F;5064;EMP
059540020020-7634;059540020020;100mN31491E41421;MC;NA;2;30;M;M;3039;EMP
059540020020-7634;059540020020;100mN31491E41421;MC;NA;2;27;M;F;2529;NEP
059540020020-7635;059540020020;100mN31472E41422;MC;NA;2;51;M;F;5064;NEP
059540020020-7635;059540020020;100mN31472E41422;MC;NA;2;53;M;M;5064;EMP
059540020020-7636;059540020020;100mN31491E41421;S;OS;1;53;M;F;5064;EMP
059540020020-7637;059540020020;100mN31481E41408;MC;OS;2;81;M;F;75XX;EMP
059540020020-7637;059540020020;100mN31481E41408;MC;OS;2;81;M;M;75XX;EMP
059540020020-7638;059540020020;100mN31491E41421;PO;OS;2;70;S;M;6574;EMP
059540020020-7638;059540020020;100mN31491E41421;PO;OS;2;66;S;F;6574;EMP
059540020020-7639;059540020020;100mN31491E41421;MC;OS;3;65;M;F;6574;EMP
059540020020-7639;059540020020;100mN31491E41421;MC;OS;3;68;M;M;6574;EMP
059540020020-7639;059540020020;100mN31491E41421;MC;OS;3;66;M;F;6574;EMP
059540020020-7640;059540020020;100mN31491E41421;S;NA;1;70;M;M;6574;EMP
059540020020-7641;059540020020;100mN31480E41404;MC;NA;2;21;M;M;1824;EMP
059540020020-7641;059540020020;100mN31480E41404;MC;NA;2;19;M;F;1824;EMP
059540020020-7642;059540020020;100mN31497E41440;MC;MIX;3;69;M;M;6574;EMP
059540020020-7642;059540020020;100mN31497E41440;MC;MIX;3;18;M;M;1824;NEP
059540020020-7642;059540020020;100mN31497E41440;MC;MIX;3;18;M;F;1824;NEP
059540020020-7643;059540020020;100mN31491E41421;S;NA;1;47;S;M;4049;EMP
059540020020-7644;059540020020;100mN31491E41421;S;NA;1;43;M;F;4049;NEP
059540020020-7645;059540020020;100mN31491E41421;MC;NA;2;54;M;F;5064;NEP
059540020020-7645;059540020020;100mN31491E41421;MC;NA;2;58;D;M;5064;EMP
059540020020-7646;059540020020;100mN31489E41419;MC;MIX;2;78;M;F;75XX;NEP
059540020020-7646;059540020020;100mN31489E41419;MC;MIX;2;15;S;F;1517;EMP
059540020020-7647;059540020020;100mN31491E41421;MC;MIX;2;86;M;F;75XX;EMP
059540020020-7647;059540020020;100mN31491E41421;MC;MIX;2;31;M;M;3039;NEP
059540020020-7648;059540020020;100mN31491E41421;NA;NA;3;41;M;M;4049;EMP
059540020020-7648;059540020020;100mN31491E41421;NA;NA;3;78;M;M;75XX;EMP
059540020020-7648;059540020020;100mN31491E41421;NA;NA;3;75;D;F;75XX;NEP
059540020020-7649;059540020020;100mN31491E41421;SF;NA;2;25;S;F;2529;NEP
059540020020-7649;059540020020;100mN31491E41421;SF;NA;2;10;S;F;0614;NEP
059540020020-7650;059540020020;100mN31481E41415;PO;NA;2;51;S;M;5064;EMP
059540020020-7650;059540020020;100mN31481E41415;PO;NA;2;43;S;M;4049;EMP
059540020020-7651;059540020020;100mN31491E41421;MC;NA;2;47;M;F;4049;EMP
059540020020-7651;059540020020;100mN31491E41421;MC;NA;2;41;M;M;4049;EMP
059540020020-7652;059540020020;100mN31480E41408;MC;NA;2;56;M;M;5064;EMP
059540020020-7652;059540020020;100mN31480E41408;MC;NA;2;59;M;F;5064;EMP
059540020020-7653;059540020020;100mN31491E41421;S;NA;1;65;M;M;6574;EMP
059540020020-7654;059540020020;100mN31479E41411;NA;NA;3;63;M;M;5064;NEP
059540020020-7654;059540020020;100mN31479E41411;NA;NA;3;70;M;M;6574;EMP
059540020020-7654;059540020020;100mN31479E41411;NA;NA;3;69;W;F;6574;EMP
059540020020-7655;059540020020;100mN31460E41428;S;OS;1;40;M;F;4049;NEP
059540020020-7656;059540020020;100mN31479E41411;MC;OS;2;68;M;M;6574;EMP
059540020020-7656;059540020020;100mN31479E41411;MC;OS;2;66;M;F;6574;EMP
059540020020-7657;059540020020;100mN31479E41411;MC;NA;2;57;M;M;5064;NEP
059540020020-7657;059540020020;100mN31479E41411;MC;NA;2;51;M;F;5064;NEP
059540020020-7658;059540020020;100mN31479E41411;MC;NA;2;45;M;F;4049;EMP
059540020020-7658;059540020020;100mN31479E41411;MC;NA;2;46;M;M;4049;EMP
059540020020-7659;059540020020;100mN31479E41411;MC;OS;3;75;M;F;75XX;EMP
059540020020-7659;059540020020;100mN31479E41411;MC;OS;3;80;M;M;75XX;EMP
059540020020-7659;059540020020;100mN31479E41411;MC;OS;3;68;S;F;6574;NEP
059540020020-7660;059540020020;100mN31484E41417;MC;NA;2;48;M;M;4049;EMP
059540020020-7660;059540020020;100mN31484E41417;MC;NA;2;50;M;F;5064;EMP
059540020020-7661;059540020020;100mN31483E41413;S;OS;1;31;M;M;3039;UEP
059540020020-7662;059540020020;100mN31479E41411;S;NA;1;54;M;F;5064;EMP
059540020020-7663;059540020020;100mN31479E41411;MC;NA;2;47;M;M;4049;NEP
059540020020-7663;059540020020;100mN31479E41411;MC;NA;2;48;M;F;4049;EMP
059540020020-7664;059540020020;100mN31479E41411;S;NA;1;46;M;F;4049;EMP
059540020020-7665;059540020020;100mN31479E41411;SF;NA;3;61;D;F;5064;NEP
059540020020-7665;059540020020;100mN31479E41411;SF;NA;3;13;S;F;0614;NEP
059540020020-7665;059540020020;100mN31479E41411;SF;NA;3;9;S;M;0614;NEP
059540020020-7666;059540020020;100mN31479E41411;S;NA;1;71;M;M;6574;EMP
059540020020-7667;059540020020;100mN31479E41411;MC;NA;5;30;M;M;3039;NEP
059540020020-7667;059540020020;100mN31479E41411;MC;NA;5;28;M;F;2529;NEP
059540020020-7667;059540020020;100mN31479E41411;MC;NA;5;3;S;M;0305;NEP
059540020020-7667;059540020020;100mN31479E41411;MC;NA;5;6;S;F;0614;NEP
059540020020-7667;059540020020;100mN31479E41411;MC;NA;5;13;S;F;0614;NEP
059540020020-7668;059540020020;100mN31473E41423;MC;NA;5;54;M;F;5064;EMP
059540020020-7668;059540020020;100mN31473E41423;MC;NA;5;56;M;M;5064;EMP
059540020020-7668;059540020020;100mN31473E41423;MC;NA;5;30;W;F;3039;NEP
059540020020-7668;059540020020;100mN31473E41423;MC;NA;5;2;S;M;0003;NEP
059540020020-7668;059540020020;100mN31473E41423;MC;NA;5;16;S;F;1517;NEP
059540020020-7669;059540020020;100mN31489E41438;MC;NA;3;23;M;M;1824;EMP
059540020020-7669;059540020020;100mN31489E41438;MC;NA;3;20;M;F;1824;NEP
059540020020-7669;059540020020;100mN31489E41438;MC;NA;3;6;S;F;0614;NEP
059540020020-7670;059540020020;100mN31489E41438;MC;OS;2;68;M;M;6574;EMP
059540020020-7670;059540020020;100mN31489E41438;MC;OS;2;67;M;F;6574;EMP
059540020020-7671;059540020020;100mN31489E41438;MC;NA;2;31;M;F;3039;NEP
059540020020-7671;059540020020;100mN31489E41438;MC;NA;2;40;M;M;4049;NEP
059540020020-7672;059540020020;100mN31489E41438;MC;NA;3;25;M;F;2529;EMP
059540020020-7672;059540020020;100mN31489E41438;MC;NA;3;34;M;M;3039;NEP
059540020020-7672;059540020020;100mN31489E41438;MC;NA;3;3;S;M;0305;NEP
059540020020-7673;059540020020;100mN31489E41438;S;NA;1;86;M;F;75XX;EMP
059540020020-7674;059540020020;100mN31489E41419;MC;NA;2;50;M;F;5064;EMP
059540020020-7674;059540020020;100mN31489E41419;MC;NA;2;58;M;M;5064;EMP
059540020020-7675;059540020020;100mN31487E41426;MC;NA;2;50;M;M;5064;NEP
059540020020-7675;059540020020;100mN31487E41426;MC;NA;2;47;M;F;4049;EMP
059540020020-7676;059540020020;100mN31489E41438;MC;NA;2;61;M;F;5064;EMP
059540020020-7676;059540020020;100mN31489E41438;MC;NA;2;59;M;M;5064;EMP
059540020020-7677;059540020020;100mN31489E41438;S;OS;1;61;M;F;5064;NEP
059540020020-7678;059540020020;100mN31462E41430;SF;NA;3;42;W;F;4049;NEP
059540020020-7678;059540020020;100mN31462E41430;SF;NA;3;16;S;M;1517;EMP
059540020020-7678;059540020020;100mN31462E41430;SF;NA;3;8;S;M;0614;NEP
059540020020-7679;059540020020;100mN31462E41430;MC;OS;4;69;M;M;6574;EMP
059540020020-7679;059540020020;100mN31462E41430;MC;OS;4;65;M;F;6574;EMP
059540020020-7679;059540020020;100mN31462E41430;MC;OS;4;68;M;M;6574;EMP
059540020020-7679;059540020020;100mN31462E41430;MC;OS;4;65;M;M;6574;NEP
059540020020-7680;059540020020;100mN31462E41430;MC;NA;2;48;M;F;4049;NEP
059540020020-7680;059540020020;100mN31462E41430;MC;NA;2;52;M;M;5064;NEP
059540020020-7681;059540020020;100mN31462E41430;MC;NA;5;26;M;F;2529;NEP
059540020020-7681;059540020020;100mN31462E41430;MC;NA;5;18;M;M;1824;NEP
059540020020-7681;059540020020;100mN31462E41430;MC;NA;5;1;S;F;0003;NEP
059540020020-7681;059540020020;100mN31462E41430;MC;NA;5;2;S;M;0003;NEP
059540020020-7681;059540020020;100mN31462E41430;MC;NA;5;1;S;M;0003;NEP
059540020020-7682;059540020020;100mN31480E41400;SF;NA;2;43;W;F;4049;NEP
059540020020-7682;059540020020;100mN31480E41400;SF;NA;2;27;W;F;2529;NEP
059540020020-7683;059540020020;100mN31483E41413;S;OS;1;26;M;F;2529;EMP
059540020020-7684;059540020020;100mN31462E41430;MC;NA;3;35;M;M;3039;EMP
059540020020-7684;059540020020;100mN31462E41430;MC;NA;3;36;M;F;3039;EMP
059540020020-7684;059540020020;100mN31462E41430;MC;NA;3;10;S;F;0614;NEP
059540020020-7685;059540020020;100mN31462E41430;MC;NA;4;52;M;F;5064;NEP
059540020020-7685;059540020020;100mN31462E41430;MC;NA;4;63;M;M;5064;EMP
059540020020-7685;059540020020;100mN31462E41430;MC;NA;4;2;S;F;0003;NEP
059540020020-7685;059540020020;100mN31462E41430;MC;NA;4;6;S;M;0614;NEP
059540020020-7686;059540020020;100mN31462E41430;S;NA;1;18;W;F;1824;EMP
059540020020-7687;059540020020;100mN31462E41430;MC;OS;4;89;M;F;75XX;EMP
059540020020-7687;059540020020;100mN31462E41430;MC;OS;4;89;M;M;75XX;NEP
059540020020-7687;059540020020;100mN31462E41430;MC;OS;4;75;M;M;75XX;NEP
059540020020-7687;059540020020;100mN31462E41430;MC;OS;4;66;W;F;6574;EMP
059540020020-7688;059540020020;100mN31462E41430;MC;NA;3;35;M;M;3039;NEP
059540020020-7688;059540020020;100mN31462E41430;MC;NA;3;32;M;F;3039;NEP
059540020020-7688;059540020020;100mN31462E41430;MC;NA;3;18;M;F;1824;EMP
059540020020-7689;059540020020;100mN31462E41428;S;NA;1;52;D;M;5064;EMP
059540020020-7690;059540020020;100mN31462E41430;MC;NA;2;42;M;F;4049;EMP
059540020020-7690;059540020020;100mN31462E41430;MC;NA;2;43;M;M;4049;NEP
059540020020-7691;059540020020;100mN31462E41430;S;NA;1;60;D;M;5064;EMP
059540020020-7692;059540020020;100mN31499E41433;S;OS;1;51;D;F;5064;EMP
059540020020-7693;059540020020;100mN31462E41430;MC;OS;2;67;M;F;6574;NEP
059540020020-7693;059540020020;100mN31462E41430;MC;OS;2;69;M;M;6574;NEP
059540020020-7694;059540020020;100mN31462E41430;MC;MIX;2;73;M;F;6574;NEP
059540020020-7694;059540020020;100mN31462E41430;MC;MIX;2;46;M;F;4049;EMP
059540020020-7695;059540020020;100mN31490E41440;MC;NA;2;55;M;M;5064;NEP
059540020020-7695;059540020020;100mN31490E41440;MC;NA;2;54;M;F;5064;EMP
059540020020-7696;059540020020;100mN31462E41430;MC;NA;4;59;M;F;5064;EMP
059540020020-7696;059540020020;100mN31462E41430;MC;NA;4;63;M;M;5064;EMP
059540020020-7696;059540020020;100mN31462E41430;MC;NA;4;44;W;F;4049;EMP
059540020020-7696;059540020020;100mN31462E41430;MC;NA;4;16;S;M;1517;EMP
059540020020-7697;059540020020;100mN31462E41430;S;NA;1;48;M;F;4049;EMP
059540020020-7698;059540020020;100mN31462E41430;MC;NA;2;50;M;M;5064;NEP
059540020020-7698;059540020020;100mN31462E41430;MC;NA;2;56;M;F;5064;EMP
059540020020-7699;059540020020;100mN31462E41430;MC;NA;2;45;M;F;4049;NEP
059540020020-7699;059540020020;100mN31462E41430;MC;NA;2;48;M;M;4049;EMP
059540020020-7700;059540020020;100mN31462E41430;MC;NA;2;55;M;M;5064;NEP
059540020020-7700;059540020020;100mN31462E41430;MC;NA;2;62;M;F;5064;NEP
059540020020-7701;059540020020;100mN31500E41432;S;NA;1;65;D;F;6574;EMP
059540020020-7702;059540020020;100mN31462E41430;SF;NA;2;88;D;F;75XX;EMP
059540020020-7702;059540020020;100mN31462E41430;SF;NA;2;3;S;M;0305;NEP
059540020020-7703;059540020020;100mN31483E41396;S;OS;1;40;S;M;4049;EMP
059540020020-7704;059540020020;100mN31495E41435;MC;NA;2;34;M;F;3039;EMP
059540020020-7704;059540020020;100mN31495E41435;MC;NA;2;18;M;M;1824;NEP
059540020020-7705;059540020020;100mN31481E41414;S;OS;1;48;S;M;4049;EMP
059540020020-7706;059540020020;100mN31484E41432;S;NA;1;63;M;F;5064;EMP
059540020020-7707;059540020020;100mN31484E41432;MC;NA;2;37;M;M;3039;EMP
059540020020-7707;059540020020;100mN31484E41432;MC;NA;2;36;M;F;3039;NEP
059540020020-7708;059540020020;100mN31475E41427;MC;OS;2;69;M;M;6574;EMP
059540020020-7708;059540020020;100mN31475E41427;MC;OS;2;67;M;F;6574;EMP
059540020020-7709;059540020020;100mN31493E41412;S;NA;1;48;S;M;4049;NEP
059540020020-7710;059540020020;100mN31481E41410;MC;NA;4;60;M;M;5064;NEP
059540020020-7710;059540020020;100mN31481E41410;MC;NA;4;19;M;F;1824;EMP
059540020020-7710;059540020020;100mN31481E41410;MC;NA;4;33;W;F;3039;EMP
059540020020-7710;059540020020;100mN31481E41410;MC;NA;4;6;S;F;0614;NEP
059540020020-7711;059540020020;100mN31493E41412;S;OS;1;53;M;F;5064;EMP
059540020020-7712;059540020020;100mN31490E41440;S;OS;1;58;M;F;5064;EMP
059540020020-7713;059540020020;100mN31490E41440;MC;NA;2;55;M;M;5064;NEP
059540020020-7713;059540020020;100mN31490E41440;MC;NA;2;54;M;F;5064;EMP
059540020020-7714;059540020020;100mN31490E41440;S;NA;1;58;S;M;5064;EMP
059540020020-7715;059540020020;100mN31468E41420;MC;OS;2;85;M;M;75XX;UEP
059540020020-7715;059540020020;100mN31468E41420;MC;OS;2;86;M;F;75XX;NEP
059540020020-7716;059540020020;100mN31489E41415;SF;NA;2;70;D;F;6574;EMP
059540020020-7716;059540020020;100mN31489E41415;SF;NA;2;9;S;M;0614;NEP
059540020020-7717;059540020020;100mN31489E41415;PO;NA;2;60;S;F;5064;NEP
059540020020-7717;059540020020;100mN31489E41415;PO;NA;2;59;D;F;5064;EMP
059540020020-7718;059540020020;100mN31483E41405;PO;NA;2;51;S;M;5064;NEP
059540020020-7718;059540020020;100mN31483E41405;PO;NA;2;48;S;F;4049;EMP
059540020020-7719;059540020020;100mN31488E41417;S;NA;1;45;M;M;4049;EMP
059540020020-7720;059540020020;100mN31488E41417;S;NA;1;59;M;M;5064;NEP
059540020020-7721;059540020020;100mN31489E41420;S;NA;1;56;M;M;5064;EMP
059540020020-7722;059540020020;100mN31489E41420;S;OS;1;71;M;F;6574;EMP
059540020020-7723;059540020020;100mN31489E41420;MC;OS;3;66;M;F;6574;EMP
059540020020-7723;059540020020;100mN31489E41420;MC;OS;3;72;M;M;6574;EMP
059540020020-7723;059540020020;100mN31489E41420;MC;OS;3;71;M;F;6574;NEP
059540020020-7724;059540020020;100mN31489E41420;MC;NA;2;54;M;M;5064;NEP
059540020020-7724;059540020020;100mN31489E41420;MC;NA;2;59;M;F;5064;EMP
059540020020-7725;059540020020;100mN31489E41420;MC;MIX;4;82;W;M;75XX;NEP
059540020020-7725;059540020020;100mN31489E41420;MC;MIX;4;60;M;M;5064;EMP
059540020020-7725;059540020020;100mN31489E41420;MC;MIX;4;58;M;F;5064;NEP
059540020020-7725;059540020020;100mN31489E41420;MC;MIX;4;4;S;F;0305;NEP
059540020020-7726;059540020020;100mN31489E41420;S;NA;1;65;S;M;6574;NEP
059540020020-7727;059540020020;100mN31489E41420;MC;MIX;3;76;M;F;75XX;NEP
059540020020-7727;059540020020;100mN31489E41420;MC;MIX;3;21;M;M;1824;EMP
059540020020-7727;059540020020;100mN31489E41420;MC;MIX;3;18;M;F;1824;EMP
059540020020-7728;059540020020;100mN31489E41420;S;OS;1;66;D;F;6574;NEP
059540020020-7729;059540020020;100mN31489E41420;MC;NA;2;47;M;M;4049;EMP
059540020020-7729;059540020020;100mN31489E41420;MC;NA;2;60;M;F;5064;NEP
059540020020-7730;059540020020;100mN31489E41420;MC;NA;2;47;M;M;4049;NEP
059540020020-7730;059540020020;100mN31489E41420;MC;NA;2;18;M;F;1824;EMP
059540020020-7731;059540020020;100mN31489E41420;MC;OS;2;65;M;F;6574;NEP
059540020020-7731;059540020020;100mN31489E41420;MC;OS;2;71;M;M;6574;NEP
059540020020-7732;059540020020;100mN31489E41420;PO;OS;3;66;S;M;6574;EMP
059540020020-7732;059540020020;100mN31489E41420;PO;OS;3;81;S;M;75XX;EMP
059540020020-7732;059540020020;100mN31489E41420;PO;OS;3;65;S;M;6574;NEP
059540020020-7733;059540020020;100mN31489E41420;S;OS;1;50;M;F;5064;EMP
059540020020-7734;059540020020;100mN31489E41420;S;NA;1;50;S;M;5064;EMP
059540020020-7735;059540020020;100mN31473E41418;MC;NA;4;61;M;M;5064;EMP
059540020020-7735;059540020020;100mN31473E41418;MC;NA;4;37;W;F;3039;NEP
059540020020-7735;059540020020;100mN31473E41418;MC;NA;4;13;S;M;0614;NEP
059540020020-7735;059540020020;100mN31473E41418;MC;NA;4;6;S;M;0614;NEP
059540020020-7736;059540020020;100mN31493E41407;S;NA;1;30;S;M;3039;EMP
059540020020-7737;059540020020;100mN31489E41420;S;OS;1;85;M;F;75XX;EMP
059540020020-7738;059540020020;100mN31489E41420;MC;NA;2;21;M;M;1824;EMP
059540020020-7738;059540020020;100mN31489E41420;MC;NA;2;20;M;F;1824;EMP
059540020020-7739;059540020020;100mN31489E41420;SF;NA;2;25;D;F;2529;EMP
059540020020-7739;059540020020;100mN31489E41420;SF;NA;2;3;S;M;0305;NEP
059540020020-7740;059540020020;100mN31462E41428;MC;NA;4;57;M;M;5064;NEP
059540020020-7740;059540020020;100mN31462E41428;MC;NA;4;61;M;F;5064;EMP
059540020020-7740;059540020020;100mN31462E41428;MC;NA;4;9;S;F;0614;NEP
059540020020-7740;059540020020;100mN31462E41428;MC;NA;4;25;M;M;2529;EMP
059540020020-7741;059540020020;100mN31477E41403;MC;OS;3;66;M;M;6574;NEP
059540020020-7741;059540020020;100mN31477E41403;MC;OS;3;81;M;F;75XX;NEP
059540020020-7741;059540020020;100mN31477E41403;MC;OS;3;72;S;F;6574;NEP
059540020020-7742;059540020020;100mN31477E41403;SF;NA;2;43;D;F;4049;NEP
059540020020-7742;059540020020;100mN31477E41403;SF;NA;2;16;S;M;1517;EMP
059540020020-7743;059540020020;100mN31477E41403;S;NA;1;20;M;M;1824;EMP
059540020020-7744;059540020020;100mN31486E41431;S;NA;1;23;D;M;1824;EMP
059540020020-7745;059540020020;100mN31477E41403;S;NA;1;80;M;M;75XX;NEP
059540020020-7746;059540020020;100mN31481E41410;MC;OS;2;73;M;M;6574;EMP
059540020020-7746;059540020020;100mN31481E41410;MC;OS;2;69;M;F;6574;EMP
059540020020-7747;059540020020;100mN31460E41431;PO;NA;2;52;S;F;5064;NEP
059540020020-7747;059540020020;100mN31460E41431;PO;NA;2;50;S;M;5064;EMP
059540020020-7748;059540020020;100mN31479E41403;S;OS;1;51;S;M;5064;EMP
059540020020-7749;059540020020;100mN31464E41431;MC;OS;4;75;M;F;75XX;EMP
059540020020-7749;059540020020;100mN31464E41431;MC;OS;4;78;M;M;75XX;EMP
059540020020-7749;059540020020;100mN31464E41431;MC;OS;4;73;W;M;6574;EMP
059540020020-7749;059540020020;100mN31464E41431;MC;OS;4;66;M;F;6574;EMP
059540020020-7750;059540020020;100mN31472E41431;SM;MIX;4;89;D;F;75XX;EMP
059540020020-7750;059540020020;100mN31472E41431;SM;MIX;4;19;S;M;1824;EMP
059540020020-7750;059540020020;100mN31472E41431;SM;MIX;4;1;S;F;0003;NEP
059540020020-7750;059540020020;100mN31472E41431;SM;MIX;4;1;S;M;0003;NEP
059540020020-7751;059540020020;100mN31477E41403;S;NA;1;52;D;F;5064;EMP
059540020020-7752;059540020020;100mN31483E41412;MC;OS;4;71;M;M;6574;EMP
059540020020-7752;059540020020;100mN31483E41412;MC;OS;4;70;M;F;6574;NEP
059540020020-7752;059540020020;100mN31483E41412;MC;OS;4;82;D;M;75XX;EMP
059540020020-7752;059540020020;100mN31483E41412;MC;OS;4;73;D;M;6574;NEP
059540020020-7753;059540020020;100mN31487E41427;MC;NA;2;36;M;F;3039;EMP
059540020020-7753;059540020020;100mN31487E41427;MC;NA;2;42;M;M;4049;EMP
059540020020-7754;059540020020;100mN31487E41427;MC;NA;2;62;M;M;5064;EMP
059540020020-7754;059540020020;100mN31487E41427;MC;NA;2;59;M;F;5064;NEP
059540020020-7755;059540020020;100mN31487E41427;S;NA;1;16;S;F;1517;NEP
059540020020-7756;059540020020;100mN31487E41427;SF;NA;2;67;D;F;6574;EMP
059540020020-7756;059540020020;100mN31487E41427;SF;NA;2;4;S;F;0305;NEP
059540020020-7757;059540020020;100mN31463E41422;S;OS;1;59;D;F;5064;EMP
059540020020-7758;059540020020;100mN31487E41427;S;OS;1;51;M;F;5064;EMP
059540020020-7759;059540020020;100mN31487E41427;MC;MIX;4;76;M;M;75XX;EMP
059540020020-7759;059540020020;100mN31487E41427;MC;MIX;4;63;M;M;5064;NEP
059540020020-7759;059540020020;100mN31487E41427;MC;MIX;4;58;M;F;5064;NEP
059540020020-7759;059540020020;100mN31487E41427;MC;MIX;4;6;S;M;0614;NEP
059540020020-7760;059540020020;100mN31487E41427;S;NA;1;48;M;M;4049;UEP
059540020020-7761;059540020020;100mN31487E41427;MC;NA;4;43;M;F;4049;NEP
059540020020-7761;059540020020;100mN31487E41427;MC;NA;4;46;M;M;4049;EMP
059540020020-7761;059540020020;100mN31487E41427;MC;NA;4;22;S;F;1824;EMP
059540020020-7761;059540020020;100mN31487E41427;MC;NA;4;26;S;F;2529;NEP
059540020020-7762;059540020020;100mN31487E41427;MC;MIX;2;81;M;M;75XX;EMP
059540020020-7762;059540020020;100mN31487E41427;MC;MIX;2;13;S;M;0614;NEP
059540020020-7763;059540020020;100mN31464E41420;MC;NA;2;54;M;M;5064;EMP
059540020020-7763;059540020020;100mN31464E41420;MC;NA;2;50;M;F;5064;EMP
059540020020-7764;059540020020;100mN31464E41420;MC;MIX;2;69;M;M;6574;EMP
059540020020-7764;059540020020;100mN31464E41420;MC;MIX;2;65;D;F;6574;NEP
059540020020-7765;059540020020;100mN31464E41420;S;OS;1;23;M;M;1824;EMP
059540020020-7766;059540020020;100mN31464E41420;MC;NA;2;50;M;M;5064;UEP
059540020020-7766;059540020020;100mN31464E41420;MC;NA;2;50;M;F;5064;NEP
059540020020-7767;059540020020;100mN31464E41420;S;OS;1;38;M;M;3039;EMP
059540020020-7768;059540020020;100mN31464E41420;MC;OS;2;69;M;M;6574;EMP
059540020020-7768;059540020020;100mN31464E41420;MC;OS;2;66;M;F;6574;EMP
059540020020-7769;059540020020;100mN31464E41429;S;NA;1;53;S;M;5064;EMP
059540020020-7770;059540020020;100mN31481E41406;MC;OS;3;66;M;F;6574;EMP
059540020020-7770;059540020020;100mN31481E41406;MC;OS;3;69;M;M;6574;UEP
059540020020-7770;059540020020;100mN31481E41406;MC;OS;3;72;S;F;6574;NEP
059540020020-7771;059540020020;100mN31464E41420;S;OS;1;68;M;M;6574;NEP
059540020020-7772;059540020020;100mN31478E41407;MC;MIX;3;68;W;M;6574;EMP
059540020020-7772;059540020020;100mN31478E41407;MC;MIX;3;50;M;M;5064;NEP
059540020020-7772;059540020020;100mN31478E41407;MC;MIX;3;50;M;F;5064;NEP
059540020020-7773;059540020020;100mN31464E41420;MC;OS;2;71;M;M;6574;EMP
059540020020-7773;059540020020;100mN31464E41420;MC;OS;2;66;M;F;6574;NEP
059540020020-7774;059540020020;100mN31464E41420;MC;NA;3;30;M;F;3039;NEP
059540020020-7774;059540020020;100mN31464E41420;MC;NA;3;32;M;M;3039;EMP
059540020020-7774;059540020020;100mN31464E41420;MC;NA;3;1;S;F;0003;NEP
059540020020-7775;059540020020;100mN31464E41420;MC;OS;3;86;M;M;75XX;EMP
059540020020-7775;059540020020;100mN31464E41420;MC;OS;3;80;M;F;75XX;EMP
059540020020-7775;059540020020;100mN31464E41420;MC;OS;3;76;M;M;75XX;EMP
059540020020-7776;059540020020;100mN31477E41404;MC;NA;4;58;M;F;5064;NEP
059540020020-7776;059540020020;100mN31477E41404;MC;NA;4;60;M;M;5064;UEP
059540020020-7776;059540020020;100mN31477E41404;MC;NA;4;9;S;F;0614;NEP
059540020020-7776;059540020020;100mN31477E41404;MC;NA;4;2;S;M;0003;NEP
059540020020-7777;059540020020;100mN31464E41430;PO;MIX;3;87;M;F;75XX;NEP
059540020020-7777;059540020020;100mN31464E41430;PO;MIX;3;42;S;F;4049;NEP
059540020020-7777;059540020020;100mN31464E41430;PO;MIX;3;43;S;F;4049;EMP
059540020020-7778;059540020020;100mN31464E41424;MC;NA;2;31;M;M;3039;EMP
059540020020-7778;059540020020;100mN31464E41424;MC;NA;2;33;M;F;3039;NEP
059540020020-7779;059540020020;100mN31464E41420;S;NA;1;72;D;F;6574;NEP
059540020020-7780;059540020020;100mN31464E41420;MC;OS;2;69;M;M;6574;NEP
059540020020-7780;059540020020;100mN31464E41420;MC;OS;2;66;M;F;6574;EMP
059540020020-7781;059540020020;100mN31464E41420;MC;MIX;2;85;M;M;75XX;EMP
059540020020-7781;059540020020;100mN31464E41420;MC;MIX;2;36;M;M;3039;EMP
059540020020-7782;059540020020;100mN31464E41420;SF;NA;2;77;S;F;75XX;EMP
059540020020-7782;059540020020;100mN31464E41420;SF;NA;2;43;M;M;4049;UEP
059540020020-7783;059540020020;100mN31473E41419;S;OS;1;48;M;F;4049;NEP
059540020020-7784;059540020020;100mN31464E41420;S;NA;1;50;M;F;5064;NEP
059540020020-7785;059540020020;100mN31464E41420;MC;NA;3;53;M;M;5064;NEP
059540020020-7785;059540020020;100mN31464E41420;MC;NA;3;44;M;F;4049;EMP
059540020020-7785;059540020020;100mN31464E41420;MC;NA;3;11;S;F;0614;NEP
059540020020-7786;059540020020;100mN31464E41420;MC;OS;4;72;M;M;6574;NEP
059540020020-7786;059540020020;100mN31464E41420;MC;OS;4;71;M;F;6574;NEP
059540020020-7786;059540020020;100mN31464E41420;MC;OS;4;77;D;F;75XX;EMP
059540020020-7786;059540020020;100mN31464E41420;MC;OS;4;83;M;M;75XX;NEP
059540020020-7787;059540020020;100mN31464E41420;MC;NA;2;54;M;M;5064;EMP
059540020020-7787;059540020020;100mN31464E41420;MC;NA;2;59;M;F;5064;NEP
059540020020-7788;059540020020;100mN31464E41420;MC;NA;2;42;M;M;4049;NEP
059540020020-7788;059540020020;100mN31464E41420;MC;NA;2;37;M;F;3039;NEP
059540020020-7789;059540020020;100mN31464E41429;S;OS;1;26;M;M;2529;EMP
059540020020-7790;059540020020;100mN31464E41420;MC;MIX;3;73;D;M;6574;EMP
059540020020-7790;059540020020;100mN31464E41420;MC;MIX;3;43;M;F;4049;NEP
059540020020-7790;059540020020;100mN31464E41420;MC;MIX;3;41;M;M;4049;EMP
059540020020-7791;059540020020;100mN31481E41413;MC;NA;2;60;M;F;5064;NEP
059540020020-7791;059540020020;100mN31481E41413;MC;NA;2;61;M;M;5064;UEP
059540020020-7792;059540020020;100mN31495E41425;MC;NA;2;57;M;F;5064;NEP
059540020020-7792;059540020020;100mN31495E41425;MC;NA;2;63;M;M;5064;EMP
059540020020-7793;059540020020;100mN31464E41420;MC;NA;3;59;M;M;5064;EMP
059540020020-7793;059540020020;100mN31464E41420;MC;NA;3;54;M;F;5064;NEP
059540020020-7793;059540020020;100mN31464E41420;MC;NA;3;28;M;M;2529;NEP
059540020020-7794;059540020020;100mN31467E41422;S;NA;1;18;S;M;1824;EMP
059540020020-7795;059540020020;100mN31480E41408;MC;MIX;2;87;M;F;75XX;EMP
059540020020-7795;059540020020;100mN31480E41408;MC;MIX;2;13;S;F;0614;NEP
059540020020-7796;059540020020;100mN31464E41420;PO;NA;2;43;S;F;4049;NEP
059540020020-7796;059540020020;100mN31464E41420;PO;NA;2;45;S;F;4049;NEP
059540020020-7797;059540020020;100mN31464E41420;MC;NA;5;60;M;M;5064;NEP
059540020020-7797;059540020020;100mN31464E41420;MC;NA;5;37;M;F;3039;NEP
059540020020-7797;059540020020;100mN31464E41420;MC;NA;5;27;S;M;2529;NEP
059540020020-7797;059540020020;100mN31464E41420;MC;NA;5;11;S;F;0614;NEP
059540020020-7797;059540020020;100mN31464E41420;MC;NA;5;8;S;F;0614;NEP
059540020020-7798;059540020020;100mN31464E41420;MC;NA;2;27;M;M;2529;EMP
059540020020-7798;059540020020;100mN31464E41420;MC;NA;2;25;M;F;2529;NEP
059540020020-7799;059540020020;100mN31464E41420;MC;NA;2;47;M;F;4049;EMP
059540020020-7799;059540020020;100mN31464E41420;MC;NA;2;48;M;M;4049;NEP
059540020020-7800;059540020020;100mN31464E41420;MC;NA;2;42;M;M;4049;NEP
059540020020-7800;059540020020;100mN31464E41420;MC;NA;2;40;M;F;4049;NEP
059540020020-7801;059540020020;100mN31481E41406;MC;MIX;4;79;S;M;75XX;EMP
059540020020-7801;059540020020;100mN31481E41406;MC;MIX;4;46;M;M;4049;UEP
059540020020-7801;059540020020;100mN31481E41406;MC;MIX;4;43;M;F;4049;NEP
059540020020-7801;059540020020;100mN31481E41406;MC;MIX;4;31;W;F;3039;EMP
059540020020-7802;059540020020;100mN31464E41420;S;OS;1;66;D;F;6574;EMP
059540020020-7803;059540020020;100mN31464E41420;MC;NA;2;55;M;M;5064;NEP
059540020020-7803;059540020020;100mN31464E41420;MC;NA;2;61;M;F;5064;EMP
059540020020-7804;059540020020;100mN31464E41420;S;OS;1;48;M;M;4049;EMP
059540020020-7805;059540020020;100mN31464E41420;MC;NA;3;48;M;M;4049;EMP
059540020020-7805;059540020020;100mN31464E41420;MC;NA;3;54;M;F;5064;NEP
059540020020-7805;059540020020;100mN31464E41420;MC;NA;3;16;S;F;1517;EMP
059540020020-7806;059540020020;100mN31464E41420;S;NA;1;56;S;F;5064;NEP
059540020020-7807;059540020020;100mN31464E41420;MC;NA;2;62;M;F;5064;NEP
059540020020-7807;059540020020;100mN31464E41420;MC;NA;2;70;M;M;6574;NEP
059540020020-7808;059540020020;100mN31473E41422;S;NA;1;71;M;M;6574;EMP
059540020020-7809;059540020020;100mN31498E41417;S;NA;1;63;M;F;5064;NEP
059540020020-7810;059540020020;100mN31464E41420;MC;OS;2;77;M;M;75XX;EMP
059540020020-7810;059540020020;100mN31464E41420;MC;OS;2;69;M;F;6574;NEP
059540020020-7811;059540020020;100mN31464E41420;S;NA;1;23;M;M;1824;NEP
059540020020-7812;059540020020;100mN31464E41427;MC;MIX;2;71;M;F;6574;NEP
059540020020-7812;059540020020;100mN31464E41427;MC;MIX;2;31;M;M;3039;EMP
059540020020-7813;059540020020;100mN31464E41420;SF;NA;2;48;D;F;4049;EMP
059540020020-7813;059540020020;100mN31464E41420;SF;NA;2;27;W;F;2529;NEP
059540020020-7814;059540020020;100mN31464E41420;S;NA;1;38;M;F;3039;NEP
059540020020-7815;059540020020;100mN31464E41420;MC;MIX;2;73;M;M;6574;EMP
059540020020-7815;059540020020;100mN31464E41420;MC;MIX;2;80;M;M;75XX;EMP
059540020020-7816;059540020020;100mN31464E41420;S;NA;1;57;M;F;5064;EMP
059540020020-7817;059540020020;100mN31464E41420;S;OS;1;66;M;F;6574;EMP
059540020020-7818;059540020020;100mN31464E41420;SF;MIX;2;80;D;F;75XX;NEP
059540020020-7818;059540020020;100mN31464E41420;SF;MIX;2;44;D;F;4049;EMP
059540020020-7819;059540020020;100mN31464E41420;MC;NA;2;48;M;M;4049;EMP
059540020020-7819;059540020020;100mN31464E41420;MC;NA;2;48;M;F;4049;EMP
059540020020-7820;059540020020;100mN31472E41432;MC;OS;4;77;M;F;75XX;NEP
059540020020-7820;059540020020;100mN31472E41432;MC;OS;4;73;M;M;6574;EMP
059540020020-7820;059540020020;100mN31472E41432;MC;OS;4;73;W;F;6574;NEP
059540020020-7820;059540020020;100mN31472E41432;MC;OS;4;87;M;F;75XX;EMP
059540020020-7821;059540020020;100mN31464E41420;S;NA;1;85;M;F;75XX;NEP
059540020020-7822;059540020020;100mN31464E41427;MC;NA;2;54;M;M;5064;EMP
059540020020-7822;059540020020;100mN31464E41427;MC;NA;2;45;M;F;4049;NEP
059540020020-7823;059540020020;100mN31464E41420;SF;NA;2;44;D;F;4049;EMP
059540020020-7823;059540020020;100mN31464E41420;SF;NA;2;7;S;F;0614;NEP
059540020020-7824;059540020020;100mN31481E41404;MC;MIX;2;80;M;F;75XX;EMP
059540020020-7824;059540020020;100mN31481E41404;MC;MIX;2;16;S;M;1517;EMP
059540020020-7825;059540020020;100mN31464E41420;S;OS;1;61;M;F;5064;EMP
059540020020-7826;059540020020;100mN31464E41420;MC;NA;2;26;M;M;2529;EMP
059540020020-7826;059540020020;100mN31464E41420;MC;NA;2;25;M;F;2529;EMP
059540020020-7827;059540020020;100mN31484E41411;MC;NA;3;50;M;F;5064;EMP
059540020020-7827;059540020020;100mN31484E41411;MC;NA;3;55;M;M;5064;EMP
059540020020-7827;059540020020;100mN31484E41411;MC;NA;3;3;S;F;0305;NEP
059540020020-7828;059540020020;100mN31484E41411;MC;NA;3;50;M;F;5064;EMP
059540020020-7828;059540020020;100mN31484E41411;MC;NA;3;55;M;M;5064;EMP
059540020020-7828;059540020020;100mN31484E41411;MC;NA;3;3;S;F;0305;NEP
059540020020-7829;059540020020;100mN31472E41420;S;NA;1;62;S;F;5064;EMP
059540020020-7830;059540020020;100mN31484E41411;SF;MIX;4;83;D;F;75XX;EMP
059540020020-7830;059540020020;100mN31484E41411;SF;MIX;4;80;D;F;75XX;NEP
059540020020-7830;059540020020;100mN31484E41411;SF;MIX;4;55;S;F;5064;EMP
059540020020-7830;059540020020;100mN31484E41411;SF;MIX;4;57;M;F;5064;NEP
059540020020-7831;059540020020;100mN31483E41407;S;OS;1;20;S;M;1824;UEP
059540020020-7832;059540020020;100mN31484E41411;MC;NA;2;28;M;M;2529;EMP
059540020020-7832;059540020020;100mN31484E41411;MC;NA;2;21;M;F;1824;EMP
059540020020-7833;059540020020;100mN31484E41411;MC;MIX;2;70;M;M;6574;NEP
059540020020-7833;059540020020;100mN31484E41411;MC;MIX;2;68;W;M;6574;NEP
059540020020-7834;059540020020;100mN31484E41411;S;OS;1;20;S;F;1824;NEP
059540020020-7835;059540020020;100mN31484E41411;SF;NA;5;66;D;F;6574;NEP
059540020020-7835;059540020020;100mN31484E41411;SF;NA;5;15;S;M;1517;EMP
059540020020-7835;059540020020;100mN31484E41411;SF;NA;5;6;S;F;0614;NEP
059540020020-7835;059540020020;100mN31484E41411;SF;NA;5;16;S;F;1517;EMP
059540020020-7835;059540020020;100mN31484E41411;SF;NA;5;16;S;F;1517;NEP
059540020020-7836;059540020020;100mN31484E41411;MC;MIX;6;88;D;M;75XX;NEP
059540020020-7836;059540020020;100mN31484E41411;MC;MIX;6;50;M;F;5064;EMP
059540020020-7836;059540020020;100mN31484E41411;MC;MIX;6;58;M;M;5064;NEP
059540020020-7836;059540020020;100mN31484E41411;MC;MIX;6;34;S;M;3039;EMP
059540020020-7836;059540020020;100mN31484E41411;MC;MIX;6;27;M;F;2529;EMP
059540020020-7836;059540020020;100mN31484E41411;MC;MIX;6;8;S;M;0614;NEP
059540020020-7837;059540020020;100mN31473E41418;MC;NA;2;55;M;M;5064;NEP
059540020020-7837;059540020020;100mN31473E41418;MC;NA;2;52;M;F;5064;NEP
059540020020-7838;059540020020;100mN31484E41411;PO;NA;3;38;S;M;3039;NEP
059540020020-7838;059540020020;100mN31484E41411;PO;NA;3;37;S;M;3039;NEP
059540020020-7838;059540020020;100mN31484E41411;PO;NA;3;9;S;F;0614;NEP
059540020020-7839;059540020020;100mN31473E41421;PO;NA;2;30;S;F;3039;EMP
059540020020-7839;059540020020;100mN31473E41421;PO;NA;2;28;S;F;2529;EMP
059540020020-7840;059540020020;100mN31484E41411;PO;OS;2;67;S;M;6574;NEP
059540020020-7840;059540020020;100mN31484E41411;PO;OS;2;67;S;M;6574;UEP
059540020020-7841;059540020020;100mN31491E41432;S;OS;1;59;W;F;5064;EMP
059540020020-7842;059540020020;100mN31474E41419;S;NA;1;65;M;M;6574;EMP
059540020020-7843;059540020020;100mN31491E41432;MC;NA;2;48;M;M;4049;EMP
059540020020-7843;059540020020;100mN31491E41432;MC;NA;2;51;M;F;5064;EMP
059540020020-7844;059540020020;100mN31464E41418;MC;NA;2;32;M;F;3039;NEP
059540020020-7844;059540020020;100mN31464E41418;MC;NA;2;34;M;M;3039;EMP
059540020020-7845;059540020020;100mN31498E41423;S;OS;1;69;M;F;6574;NEP
059540020020-7846;059540020020;100mN31490E41438;MC;NA;2;33;M;F;3039;EMP
059540020020-7846;059540020020;100mN31490E41438;MC;NA;2;41;M;M;4049;EMP
059540020020-7847;059540020020;100mN31498E41423;MC;MIX;2;65;M;F;6574;EMP
059540020020-7847;059540020020;100mN31498E41423;MC;MIX;2;45;D;F;4049;EMP
059540020020-7848;059540020020;100mN31498E41423;S;NA;1;37;S;F;3039;EMP
059540020020-7849;059540020020;100mN31491E41438;S;NA;1;55;S;M;5064;EMP
059540020020-7850;059540020020;100mN31491E41438;S;OS;1;66;S;M;6574;NEP
059540020020-7851;059540020020;100mN31491E41438;MC;NA;2;52;M;F;5064;EMP
059540020020-7851;059540020020;100mN31491E41438;MC;NA;2;50;M;M;5064;NEP
059540020020-7852;059540020020;100mN31491E41438;S;NA;1;44;S;M;4049;NEP
059540020020-7853;059540020020;100mN31491E41438;MC;NA;2;45;M;F;4049;NEP
059540020020-7853;059540020020;100mN31491E41438;MC;NA;2;45;M;M;4049;EMP
059540020020-7854;059540020020;100mN31485E41427;S;NA;1;42;S;M;4049;NEP
059540020020-7855;059540020020;100mN31473E41429;MC;NA;2;45;M;M;4049;EMP
059540020020-7855;059540020020;100mN31473E41429;MC;NA;2;38;M;F;3039;NEP
059540020020-7856;059540020020;100mN31463E41427;S;OS;1;31;W;F;3039;NEP
059540020020-7857;059540020020;100mN31472E41422;SF;NA;2;55;D;F;5064;EMP
059540020020-7857;059540020020;100mN31472E41422;SF;NA;2;1;S;F;0003;NEP
059540020020-7858;059540020020;100mN31483E41413;S;NA;1;47;W;F;4049;NEP
059540020020-7859;059540020020;100mN31491E41438;S;NA;1;63;M;M;5064;NEP
059540020020-7860;059540020020;100mN31471E41430;PO;NA;5;37;S;F;3039;EMP
059540020020-7860;059540020020;100mN31471E41430;PO;NA;5;40;S;F;4049;EMP
059540020020-7860;059540020020;100mN31471E41430;PO;NA;5;10;S;F;0614;NEP
059540020020-7860;059540020020;100mN31471E41430;PO;NA;5;4;S;F;0305;NEP
059540020020-7860;059540020020;100mN31471E41430;PO;NA;5;21;M;F;1824;NEP
059540020020-7861;059540020020;100mN31471E41430;MC;OS;2;85;M;F;75XX;NEP
059540020020-7861;059540020020;100mN31471E41430;MC;OS;2;86;M;M;75XX;EMP
059540020020-7862;059540020020;100mN31471E41430;MC;NA;2;43;M;M;4049;EMP
059540020020-7862;059540020020;100mN31471E41430;MC;NA;2;42;M;F;4049;NEP
059540020020-7863;059540020020;100mN31471E41430;S;NA;1;86;M;F;75XX;NEP
059540020020-7864;059540020020;100mN31471E41430;MC;OS;2;66;M;M;6574;EMP
059540020020-7864;059540020020;100mN31471E41430;MC;OS;2;66;M;F;6574;EMP
059540020020-7865;059540020020;100mN31471E41430;S;NA;1;54;W;F;5064;NEP
059540020020-7866;059540020020;100mN31471E41430;S;NA;1;66;M;F;6574;EMP
059540020020-7867;059540020020;100mN31471E41430;S;NA;1;36;W;F;3039;EMP
059540020020-7868;059540020020;100mN31471E41430;MC;NA;2;60;M;F;5064;NEP
059540020020-7868;059540020020;100mN31471E41430;MC;NA;2;63;M;M;5064;EMP
059540020020-7869;059540020020;100mN31471E41430;MC;NA;4;38;M;F;3039;NEP
059540020020-7869;059540020020;100mN31471E41430;MC;NA;4;46;M;M;4049;NEP
059540020020-7869;059540020020;100mN31471E41430;MC;NA;4;10;S;F;0614;NEP
059540020020-7869;059540020020;100mN31471E41430;MC;NA;4;11;S;F;0614;NEP
059540020020-7870;059540020020;100mN31472E41424;S;OS;1;31;S;F;3039;EMP
059540020020-7871;059540020020;100mN31471E41430;MC;NA;4;35;M;M;3039;EMP
059540020020-7871;059540020020;100mN31471E41430;MC;NA;4;43;M;F;4049;EMP
059540020020-7871;059540020020;100mN31471E41430;MC;NA;4;16;S;M;1517;EMP
059540020020-7871;059540020020;100mN31471E41430;MC;NA;4;18;M;M;1824;NEP
059540020020-7872;059540020020;100mN31471E41430;SF;NA;2;79;D;F;75XX;NEP
059540020020-7872;059540020020;100mN31471E41430;SF;NA;2;13;S;M;0614;NEP
059540020020-7873;059540020020;100mN31471E41430;MC;NA;2;58;M;F;5064;EMP
059540020020-7873;059540020020;100mN31471E41430;MC;NA;2;59;M;M;5064;NEP
059540020020-7874;059540020020;100mN31484E41418;MC;NA;3;19;M;M;1824;EMP
059540020020-7874;059540020020;100mN31484E41418;MC;NA;3;18;M;F;1824;NEP
059540020020-7874;059540020020;100mN31484E41418;MC;NA;3;3;S;M;0305;NEP
059540020020-7875;059540020020;100mN31471E41430;SF;NA;2;73;D;F;6574;EMP
059540020020-7875;059540020020;100mN31471E41430;SF;NA;2;10;S;M;0614;NEP
059540020020-7876;059540020020;100mN31471E41430;S;OS;1;41;M;F;4049;NEP
059540020020-7877;059540020020;100mN31471E41430;S;NA;1;26;M;F;2529;EMP
059540020020-7878;059540020020;100mN31471E41430;MC;OS;2;88;M;F;75XX;EMP
059540020020-7878;059540020020;100mN31471E41430;MC;OS;2;41;D;F;4049;NEP
059540020020-7879;059540020020;100mN31471E41430;S;OS;1;56;S;F;5064;NEP
059540020020-7880;059540020020;100mN31471E41430;MC;MIX;2;88;M;M;75XX;NEP
059540020020-7880;059540020020;100mN31471E41430;MC;MIX;2;53;M;M;5064;EMP
059540020020-7881;059540020020;100mN31471E41430;MC;NA;2;58;M;M;5064;EMP
059540020020-7881;059540020020;100mN31471E41430;MC;NA;2;56;M;F;5064;EMP
059540020020-7882;059540020020;100mN31471E41430;MC;NA;2;50;M;M;5064;NEP
059540020020-7882;059540020020;100mN31471E41430;MC;NA;2;50;M;F;5064;NEP
059540020020-7883;059540020020;100mN31460E41431;S;OS;1;48;M;F;4049;NEP
059540020020-7884;059540020020;100mN31460E41431;MC;MIX;2;75;M;F;75XX;NEP
059540020020-7884;059540020020;100mN31460E41431;MC;MIX;2;76;S;M;75XX;EMP
059540020020-7885;059540020020;100mN31484E41417;MC;OS;2;84;M;M;75XX;NEP
059540020020-7885;059540020020;100mN31484E41417;MC;OS;2;79;M;F;75XX;EMP
059540020020-7886;059540020020;100mN31460E41431;PO;NA;2;52;S;F;5064;NEP
059540020020-7886;059540020020;100mN31460E41431;PO;NA;2;50;S;M;5064;EMP
059540020020-7887;059540020020;100mN31460E41431;PO;NA;2;50;S;M;5064;EMP
059540020020-7887;059540020020;100mN31460E41431;PO;NA;2;48;S;M;4049;EMP
059540020020-7888;059540020020;100mN31460E41431;S;NA;1;72;S;M;6574;EMP
059540020020-7889;059540020020;100mN31481E41414;MC;OS;2;85;M;F;75XX;EMP
059540020020-7889;059540020020;100mN31481E41414;MC;OS;2;68;M;M;6574;EMP
059540020020-7890;059540020020;100mN31484E41417;MC;OS;3;75;M;M;75XX;EMP
059540020020-7890;059540020020;100mN31484E41417;MC;OS;3;75;M;F;75XX;NEP
059540020020-7890;059540020020;100mN31484E41417;MC;OS;3;82;M;F;75XX;NEP
059540020020-7891;059540020020;100mN31484E41417;SF;NA;2;34;W;F;3039;NEP
059540020020-7891;059540020020;100mN31484E41417;SF;NA;2;19;M;F;1824;EMP
059540020020-7892;059540020020;100mN31484E41417;MC;NA;2;38;M;M;3039;EMP
059540020020-7892;059540020020;100mN31484E41417;MC;NA;2;38;M;F;3039;NEP
059540020020-7893;059540020020;100mN31484E41417;S;NA;1;77;M;F;75XX;NEP
059540020020-7894;059540020020;100mN31463E41423;S;NA;1;66;S;M;6574;NEP
059540020020-7895;059540020020;100mN31460E41424;MC;NA;4;61;M;M;5064;UEP
059540020020-7895;059540020020;100mN31460E41424;MC;NA;4;61;M;F;5064;EMP
059540020020-7895;059540020020;100mN31460E41424;MC;NA;4;35;W;F;3039;EMP
059540020020-7895;059540020020;100mN31460E41424;MC;NA;4;9;S;M;0614;NEP
059540020020-7896;059540020020;100mN31484E41417;S;NA;1;65;D;F;6574;EMP
059540020020-7897;059540020020;100mN31490E41397;MC;NA;2;56;M;M;5064;NEP
059540020020-7897;059540020020;100mN31490E41397;MC;NA;2;58;M;F;5064;EMP
059540020020-7898;059540020020;100mN31484E41417;MC;OS;2;84;M;M;75XX;NEP
059540020020-7898;059540020020;100mN31484E41417;MC;OS;2;79;M;F;75XX;EMP
059540020020-7899;059540020020;100mN31484E41417;MC;OS;4;78;M;F;75XX;EMP
059540020020-7899;059540020020;100mN31484E41417;MC;OS;4;76;M;M;75XX;NEP
059540020020-7899;059540020020;100mN31484E41417;MC;OS;4;76;D;F;75XX;EMP
059540020020-7899;059540020020;100mN31484E41417;MC;OS;4;79;M;F;75XX;EMP
059540020020-7900;059540020020;100mN31484E41417;MC;NA;2;48;M;M;4049;EMP
059540020020-7900;059540020020;100mN31484E41417;MC;NA;2;50;M;F;5064;EMP
059540020020-7901;059540020020;100mN31484E41417;MC;NA;2;26;M;F;2529;NEP
059540020020-7901;059540020020;100mN31484E41417;MC;NA;2;27;M;M;2529;NEP
059540020020-7902;059540020020;100mN31484E41417;MC;NA;4;33;M;F;3039;NEP
059540020020-7902;059540020020;100mN31484E41417;MC;NA;4;28;M;M;2529;NEP
059540020020-7902;059540020020;100mN31484E41417;MC;NA;4;7;S;M;0614;NEP
059540020020-7902;059540020020;100mN31484E41417;MC;NA;4;13;S;F;0614;NEP
059540020020-7903;059540020020;100mN31484E41417;MC;NA;2;23;M;M;1824;EMP
059540020020-7903;059540020020;100mN31484E41417;MC;NA;2;18;M;F;1824;EMP
059540020020-7904;059540020020;100mN31478E41407;MC;MIX;3;68;W;M;6574;EMP
059540020020-7904;059540020020;100mN31478E41407;MC;MIX;3;50;M;M;5064;NEP
059540020020-7904;059540020020;100mN31478E41407;MC;MIX;3;50;M;F;5064;NEP
059540020020-7905;059540020020;100mN31484E41417;MC;NA;3;25;M;M;2529;NEP
059540020020-7905;059540020020;100mN31484E41417;MC;NA;3;32;M;F;3039;EMP
059540020020-7905;059540020020;100mN31484E41417;MC;NA;3;4;S;M;0305;NEP
059540020020-7906;059540020020;100mN31484E41417;S;NA;1;46;M;M;4049;EMP
059540020020-7907;059540020020;100mN31479E41403;S;OS;1;51;S;M;5064;EMP
059540020020-7908;059540020020;100mN31484E41417;S;NA;1;18;S;F;1824;EMP
059540020020-7909;059540020020;100mN31472E41420;MC;NA;2;60;M;F;5064;EMP
059540020020-7909;059540020020;100mN31472E41420;MC;NA;2;76;S;M;75XX;EMP
059540020020-7910;059540020020;100mN31484E41417;MC;OS;4;71;M;M;6574;EMP
059540020020-7910;059540020020;100mN31484E41417;MC;OS;4;65;M;F;6574;NEP
059540020020-7910;059540020020;100mN31484E41417;MC;OS;4;73;M;F;6574;EMP
059540020020-7910;059540020020;100mN31484E41417;MC;OS;4;87;S;M;75XX;EMP
059540020020-7911;059540020020;100mN31484E41417;SM;NA;2;67;S;M;6574;NEP
059540020020-7911;059540020020;100mN31484E41417;SM;NA;2;16;S;M;1517;NEP
059540020020-7912;059540020020;100mN31484E41417;S;NA;1;51;S;M;5064;EMP
059540020020-7913;059540020020;100mN31484E41417;MC;NA;2;55;M;M;5064;NEP
059540020020-7913;059540020020;100mN31484E41417;MC;NA;2;58;M;F;5064;EMP
059540020020-7914;059540020020;100mN31484E41417;MC;NA;2;50;M;F;5064;EMP
059540020020-7914;059540020020;100mN31484E41417;MC;NA;2;57;M;M;5064;NEP
059540020020-7915;059540020020;100mN31484E41419;SF;NA;2;71;S;F;6574;NEP
059540020020-7915;059540020020;100mN31484E41419;SF;NA;2;8;S;M;0614;NEP
059540020020-7916;059540020020;100mN31484E41417;SF;NA;3;52;D;F;5064;EMP
059540020020-7916;059540020020;100mN31484E41417;SF;NA;3;15;S;F;1517;EMP
059540020020-7916;059540020020;100mN31484E41417;SF;NA;3;3;S;M;0305;NEP
059540020020-7917;059540020020;100mN31484E41417;SM;NA;2;72;D;M;6574;NEP
059540020020-7917;059540020020;100mN31484E41417;SM;NA;2;11;S;M;0614;NEP
059540020020-7918;059540020020;100mN31484E41417;MC;NA;3;48;M;F;4049;NEP
059540020020-7918;059540020020;100mN31484E41417;MC;NA;3;45;M;M;4049;EMP
059540020020-7918;059540020020;100mN31484E41417;MC;NA;3;13;S;F;0614;NEP
059540020020-7919;059540020020;100mN31484E41417;S;NA;1;54;W;F;5064;NEP
059540020020-7920;059540020020;100mN31484E41417;PO;NA;2;54;S;F;5064;EMP
059540020020-7920;059540020020;100mN31484E41417;PO;NA;2;61;S;M;5064;NEP
059540020020-7921;059540020020;100mN31498E41417;MC;NA;2;25;M;M;2529;NEP
059540020020-7921;059540020020;100mN31498E41417;MC;NA;2;23;M;F;1824;EMP
059540020020-7922;059540020020;100mN31484E41417;S;OS;1;50;M;M;5064;NEP
059540020020-7923;059540020020;100mN31499E41448;S;OS;1;57;M;F;5064;NEP
059540020020-7924;059540020020;100mN31480E41408;MC;OS;2;79;M;F;75XX;EMP
059540020020-7924;059540020020;100mN31480E41408;MC;OS;2;81;M;M;75XX;UEP
059540020020-7925;059540020020;100mN31484E41417;S;NA;1;62;D;F;5064;EMP
059540020020-7926;059540020020;100mN31484E41417;SF;NA;2;65;S;F;6574;EMP
059540020020-7926;059540020020;100mN31484E41417;SF;NA;2;20;M;M;1824;EMP
059540020020-7927;059540020020;100mN31484E41417;S;OS;1;48;S;M;4049;NEP
059540020020-7928;059540020020;100mN31484E41417;S;NA;1;59;D;F;5064;NEP
059540020020-7929;059540020020;100mN31473E41431;MC;NA;3;48;M;M;4049;EMP
059540020020-7929;059540020020;100mN31473E41431;MC;NA;3;57;M;F;5064;EMP
059540020020-7929;059540020020;100mN31473E41431;MC;NA;3;22;D;F;1824;NEP
059540020020-7930;059540020020;100mN31473E41431;S;NA;1;47;M;M;4049;NEP
059540020020-7931;059540020020;100mN31473E41431;S;NA;1;58;M;M;5064;EMP
059540020020-7932;059540020020;100mN31473E41431;MC;NA;2;28;M;M;2529;EMP
059540020020-7932;059540020020;100mN31473E41431;MC;NA;2;28;M;F;2529;EMP
059540020020-7933;059540020020;100mN31473E41431;S;NA;1;26;S;F;2529;NEP
059540020020-7934;059540020020;100mN31473E41431;S;NA;1;86;W;F;75XX;EMP
059540020020-7935;059540020020;100mN31485E41408;MC;NA;2;48;M;M;4049;EMP
059540020020-7935;059540020020;100mN31485E41408;MC;NA;2;42;M;F;4049;EMP
059540020020-7936;059540020020;100mN31473E41431;S;NA;1;65;D;M;6574;EMP
059540020020-7937;059540020020;100mN31473E41431;MC;MIX;2;82;M;M;75XX;NEP
059540020020-7937;059540020020;100mN31473E41431;MC;MIX;2;6;S;F;0614;NEP
059540020020-7938;059540020020;100mN31473E41431;MC;OS;2;81;M;F;75XX;EMP
059540020020-7938;059540020020;100mN31473E41431;MC;OS;2;82;M;M;75XX;NEP
059540020020-7939;059540020020;100mN31473E41431;MC;OS;3;66;M;M;6574;EMP
059540020020-7939;059540020020;100mN31473E41431;MC;OS;3;65;M;F;6574;EMP
059540020020-7939;059540020020;100mN31473E41431;MC;OS;3;68;D;F;6574;NEP
059540020020-7940;059540020020;100mN31485E41409;S;NA;1;56;S;F;5064;NEP
059540020020-7941;059540020020;100mN31473E41431;S;OS;1;27;S;F;2529;NEP
059540020020-7942;059540020020;100mN31481E41410;MC;OS;2;80;M;F;75XX;NEP
059540020020-7942;059540020020;100mN31481E41410;MC;OS;2;83;M;M;75XX;EMP
059540020020-7943;059540020020;100mN31473E41431;S;OS;1;40;S;F;4049;NEP
059540020020-7944;059540020020;100mN31473E41431;MC;NA;2;20;M;M;1824;NEP
059540020020-7944;059540020020;100mN31473E41431;MC;NA;2;18;M;F;1824;EMP
059540020020-7945;059540020020;100mN31473E41431;MC;NA;4;32;M;M;3039;EMP
059540020020-7945;059540020020;100mN31473E41431;MC;NA;4;28;M;F;2529;NEP
059540020020-7945;059540020020;100mN31473E41431;MC;NA;4;4;S;F;0305;NEP
059540020020-7945;059540020020;100mN31473E41431;MC;NA;4;8;S;F;0614;NEP
059540020020-7946;059540020020;100mN31473E41431;MC;NA;4;45;M;M;4049;EMP
059540020020-7946;059540020020;100mN31473E41431;MC;NA;4;18;M;F;1824;EMP
059540020020-7946;059540020020;100mN31473E41431;MC;NA;4;28;M;F;2529;NEP
059540020020-7946;059540020020;100mN31473E41431;MC;NA;4;11;S;F;0614;NEP
059540020020-7947;059540020020;100mN31473E41429;SF;NA;3;60;S;F;5064;NEP
059540020020-7947;059540020020;100mN31473E41429;SF;NA;3;23;S;F;1824;NEP
059540020020-7947;059540020020;100mN31473E41429;SF;NA;3;15;S;M;1517;EMP
059540020020-7948;059540020020;100mN31473E41429;MC;NA;2;63;M;M;5064;EMP
059540020020-7948;059540020020;100mN31473E41429;MC;NA;2;60;M;F;5064;EMP
059540020020-7949;059540020020;100mN31473E41429;S;NA;1;60;D;F;5064;EMP
059540020020-7950;059540020020;100mN31473E41429;MC;NA;2;45;M;M;4049;EMP
059540020020-7950;059540020020;100mN31473E41429;MC;NA;2;38;M;F;3039;NEP
059540020020-7951;059540020020;100mN31464E41430;SF;MIX;2;66;S;F;6574;EMP
059540020020-7951;059540020020;100mN31464E41430;SF;MIX;2;1;S;F;0003;NEP
059540020020-7952;059540020020;100mN31468E41420;S;NA;1;46;D;F;4049;EMP
059540020020-7953;059540020020;100mN31483E41410;MC;NA;3;41;M;M;4049;EMP
059540020020-7953;059540020020;100mN31483E41410;MC;NA;3;41;M;F;4049;EMP
059540020020-7953;059540020020;100mN31483E41410;MC;NA;3;15;S;F;1517;NEP
059540020020-7954;059540020020;100mN31491E41414;SM;NA;2;62;S;M;5064;NEP
059540020020-7954;059540020020;100mN31491E41414;SM;NA;2;7;S;M;0614;NEP
059540020020-7955;059540020020;100mN31491E41414;MC;NA;4;23;M;M;1824;NEP
059540020020-7955;059540020020;100mN31491E41414;MC;NA;4;28;M;F;2529;EMP
059540020020-7955;059540020020;100mN31491E41414;MC;NA;4;4;S;F;0305;NEP
059540020020-7955;059540020020;100mN31491E41414;MC;NA;4;1;S;M;0003;NEP
059540020020-7956;059540020020;100mN31491E41414;S;NA;1;54;M;F;5064;EMP
059540020020-7957;059540020020;100mN31491E41414;S;OS;1;59;M;F;5064;EMP
059540020020-7958;059540020020;100mN31491E41414;S;NA;1;38;S;M;3039;NEP
059540020020-7959;059540020020;100mN31474E41419;MC;NA;3;47;M;F;4049;EMP
059540020020-7959;059540020020;100mN31474E41419;MC;NA;3;52;M;M;5064;NEP
059540020020-7959;059540020020;100mN31474E41419;MC;NA;3;31;W;F;3039;NEP
059540020020-7960;059540020020;100mN31491E41414;PO;NA;2;31;S;M;3039;EMP
059540020020-7960;059540020020;100mN31491E41414;PO;NA;2;28;S;F;2529;EMP
059540020020-7961;059540020020;100mN31472E41432;SF;NA;2;45;D;F;4049;EMP
059540020020-7961;059540020020;100mN31472E41432;SF;NA;2;13;S;M;0614;NEP
059540020020-7962;059540020020;100mN31491E41414;MC;NA;2;48;M;F;4049;NEP
059540020020-7962;059540020020;100mN31491E41414;MC;NA;2;47;M;M;4049;EMP
059540020020-7963;059540020020;100mN31472E41432;S;OS;1;42;S;M;4049;EMP
059540020020-7964;059540020020;100mN31483E41414;S;OS;1;41;W;M;4049;EMP
059540020020-7965;059540020020;100mN31467E41422;S;NA;1;18;S;M;1824;EMP
059540020020-7966;059540020020;100mN31491E41414;S;NA;1;57;S;F;5064;EMP
059540020020-7967;059540020020;100mN31483E41413;S;OS;1;31;M;M;3039;UEP
059540020020-7968;059540020020;100mN31483E41407;MC;OS;3;77;M;F;75XX;EMP
059540020020-7968;059540020020;100mN31483E41407;MC;OS;3;82;M;M;75XX;EMP
059540020020-7968;059540020020;100mN31483E41407;MC;OS;3;68;D;F;6574;NEP
059540020020-7969;059540020020;100mN31483E41405;SF;MIX;2;69;D;F;6574;NEP
059540020020-7969;059540020020;100mN31483E41405;SF;MIX;2;16;S;M;1517;EMP
059540020020-7970;059540020020;100mN31485E41401;S;NA;1;87;S;M;75XX;EMP
059540020020-7971;059540020020;100mN31472E41431;S;NA;1;83;W;F;75XX;NEP
059540020020-7972;059540020020;100mN31483E41407;S;OS;1;20;S;M;1824;UEP
059540020020-7973;059540020020;100mN31489E41419;MC;MIX;2;78;M;F;75XX;NEP
059540020020-7973;059540020020;100mN31489E41419;MC;MIX;2;15;S;F;1517;EMP
059540020020-7974;059540020020;100mN31483E41407;S;OS;1;51;S;F;5064;EMP
059540020020-7975;059540020020;100mN31483E41407;MC;NA;2;57;M;M;5064;NEP
059540020020-7975;059540020020;100mN31483E41407;MC;NA;2;53;M;F;5064;NEP
059540020020-7976;059540020020;100mN31472E41430;S;OS;1;72;M;M;6574;NEP
059540020020-7977;059540020020;100mN31483E41407;MC;NA;4;44;M;M;4049;EMP
059540020020-7977;059540020020;100mN31483E41407;MC;NA;4;43;M;F;4049;EMP
059540020020-7977;059540020020;100mN31483E41407;MC;NA;4;1;S;M;0003;NEP
059540020020-7977;059540020020;100mN31483E41407;MC;NA;4;1;S;F;0003;NEP
059540020020-7978;059540020020;100mN31483E41407;S;OS;1;27;S;F;2529;EMP
059540020020-7979;059540020020;100mN31483E41407;MC;NA;3;40;M;M;4049;EMP
059540020020-7979;059540020020;100mN31483E41407;MC;NA;3;33;M;F;3039;NEP
059540020020-7979;059540020020;100mN31483E41407;MC;NA;3;9;S;M;0614;NEP
059540020020-7980;059540020020;100mN31473E41423;MC;NA;2;63;M;F;5064;NEP
059540020020-7980;059540020020;100mN31473E41423;MC;NA;2;35;M;M;3039;NEP
059540020020-7981;059540020020;100mN31474E41396;S;NA;1;88;S;F;75XX;EMP
059540020020-7982;059540020020;100mN31479E41403;MC;OS;4;72;M;M;6574;NEP
059540020020-7982;059540020020;100mN31479E41403;MC;OS;4;69;M;F;6574;EMP
059540020020-7982;059540020020;100mN31479E41403;MC;OS;4;69;S;M;6574;EMP
059540020020-7982;059540020020;100mN31479E41403;MC;OS;4;68;W;F;6574;EMP
059540020020-7983;059540020020;100mN31472E41422;MC;MIX;4;65;D;M;6574;EMP
059540020020-7983;059540020020;100mN31472E41422;MC;MIX;4;51;M;F;5064;NEP
059540020020-7983;059540020020;100mN31472E41422;MC;MIX;4;59;M;M;5064;EMP
059540020020-7983;059540020020;100mN31472E41422;MC;MIX;4;10;S;M;0614;NEP
059540020020-7984;059540020020;100mN31483E41407;S;NA;1;28;M;M;2529;NEP
059540020020-7985;059540020020;100mN31483E41407;S;NA;1;32;M;F;3039;EMP
059540020020-7986;059540020020;100mN31483E41407;S;NA;1;68;S;M;6574;EMP
059540020020-7987;059540020020;100mN31479E41403;S;NA;1;19;S;F;1824;EMP
059540020020-7988;059540020020;100mN31483E41407;MC;NA;3;44;M;M;4049;EMP
059540020020-7988;059540020020;100mN31483E41407;MC;NA;3;45;M;F;4049;EMP
059540020020-7988;059540020020;100mN31483E41407;MC;NA;3;20;S;F;1824;EMP
059540020020-7989;059540020020;100mN31483E41407;MC;OS;4;86;M;F;75XX;EMP
059540020020-7989;059540020020;100mN31483E41407;MC;OS;4;88;M;M;75XX;NEP
059540020020-7989;059540020020;100mN31483E41407;MC;OS;4;89;W;M;75XX;EMP
059540020020-7989;059540020020;100mN31483E41407;MC;OS;4;85;S;F;75XX;EMP
059540020020-7990;059540020020;100mN31483E41407;PO;NA;5;44;S;F;4049;NEP
059540020020-7990;059540020020;100mN31483E41407;PO;NA;5;52;S;M;5064;EMP
059540020020-7990;059540020020;100mN31483E41407;PO;NA;5;22;W;F;1824;EMP
059540020020-7990;059540020020;100mN31483E41407;PO;NA;5;6;S;M;0614;NEP
059540020020-7990;059540020020;100mN31483E41407;PO;NA;5;22;D;F;1824;NEP
059540020020-7991;059540020020;100mN31483E41407;S;NA;1;26;M;F;2529;EMP
059540020020-7992;059540020020;100mN31483E41407;MC;NA;2;52;M;F;5064;NEP
059540020020-7992;059540020020;100mN31483E41407;MC;NA;2;63;M;M;5064;EMP
059540020020-7993;059540020020;100mN31477E41401;MC;NA;2;58;M;M;5064;NEP
059540020020-7993;059540020020;100mN31477E41401;MC;NA;2;25;M;F;2529;EMP
059540020020-7994;059540020020;100mN31477E41401;S;OS;1;67;M;F;6574;EMP
059540020020-7995;059540020020;100mN31477E41401;MC;NA;4;59;M;M;5064;NEP
059540020020-7995;059540020020;100mN31477E41401;MC;NA;4;20;M;F;1824;EMP
059540020020-7995;059540020020;100mN31477E41401;MC;NA;4;7;S;F;0614;NEP
059540020020-7995;059540020020;100mN31477E41401;MC;NA;4;7;S;M;0614;NEP
059540020020-7996;059540020020;100mN31477E41401;S;NA;1;33;S;M;3039;NEP
059540020020-7997;059540020020;100mN31477E41401;S;NA;1;85;W;F;75XX;NEP
059540020020-7998;059540020020;100mN31477E41401;MC;NA;4;55;M;F;5064;NEP
059540020020-7998;059540020020;100mN31477E41401;MC;NA;4;55;M;M;5064;EMP
059540020020-7998;059540020020;100mN31477E41401;MC;NA;4;3;S;M;0305;NEP
059540020020-7998;059540020020;100mN31477E41401;MC;NA;4;6;S;M;0614;NEP
059540020020-7999;059540020020;100mN31479E41402;S;NA;1;32;S;M;3039;EMP
059540020020-8000;059540020020;100mN31477E41401;MC;NA;5;58;M;M;5064;EMP
059540020020-8000;059540020020;100mN31477E41401;MC;NA;5;55;M;F;5064;EMP
059540020020-8000;059540020020;100mN31477E41401;MC;NA;5;6;S;M;0614;NEP
059540020020-8000;059540020020;100mN31477E41401;MC;NA;5;36;S;F;3039;EMP
059540020020-8000;059540020020;100mN31477E41401;MC;NA;5;19;M;M;1824;EMP
059540020020-8001;059540020020;100mN31472E41432;MC;OS;3;86;M;M;75XX;EMP
059540020020-8001;059540020020;100mN31472E41432;MC;OS;3;87;M;F;75XX;NEP
059540020020-8001;059540020020;100mN31472E41432;MC;OS;3;66;W;F;6574;NEP
059540020020-8002;059540020020;100mN31477E41401;MC;NA;2;51;M;M;5064;NEP
059540020020-8002;059540020020;100mN31477E41401;MC;NA;2;60;M;F;5064;EMP
059540020020-8003;059540020020;100mN31473E41424;S;OS;1;82;W;F;75XX;EMP
059540020020-8004;059540020020;100mN31477E41401;MC;MIX;2;70;M;M;6574;EMP
059540020020-8004;059540020020;100mN31477E41401;MC;MIX;2;80;S;F;75XX;EMP
059540020020-8005;059540020020;100mN31477E41401;MC;NA;6;44;M;F;4049;EMP
059540020020-8005;059540020020;100mN31477E41401;MC;NA;6;46;M;M;4049;EMP
059540020020-8005;059540020020;100mN31477E41401;MC;NA;6;22;D;M;1824;UEP
059540020020-8005;059540020020;100mN31477E41401;MC;NA;6;15;S;F;1517;NEP
059540020020-8005;059540020020;100mN31477E41401;MC;NA;6;7;S;F;0614;NEP
059540020020-8005;059540020020;100mN31477E41401;MC;NA;6;19;M;M;1824;EMP
059540020020-8006;059540020020;100mN31477E41401;MC;MIX;2;76;M;M;75XX;EMP
059540020020-8006;059540020020;100mN31477E41401;MC;MIX;2;46;S;F;4049;NEP
059540020020-8007;059540020020;100mN31477E41401;S;NA;1;47;D;F;4049;NEP
059540020020-8008;059540020020;100mN31477E41401;S;NA;1;33;M;F;3039;NEP
059540020020-8009;059540020020;100mN31490E41436;S;NA;1;84;M;M;75XX;NEP
059540020020-8010;059540020020;100mN31477E41401;MC;NA;2;48;M;M;4049;EMP
059540020020-8010;059540020020;100mN31477E41401;MC;NA;2;50;M;F;5064;EMP
059540020020-8011;059540020020;100mN31477E41401;S;OS;1;47;M;F;4049;NEP
059540020020-8012;059540020020;100mN31477E41401;S;OS;1;46;M;F;4049;NEP
059540020020-8013;059540020020;100mN31477E41401;S;OS;1;33;M;F;3039;EMP
059540020020-8014;059540020020;100mN31472E41422;S;NA;1;73;W;F;6574;NEP
059540020020-8015;059540020020;100mN31467E41425;MC;NA;3;32;M;F;3039;EMP
059540020020-8015;059540020020;100mN31467E41425;MC;NA;3;35;M;M;3039;EMP
059540020020-8015;059540020020;100mN31467E41425;MC;NA;3;11;S;F;0614;NEP
059540020020-8016;059540020020;100mN31467E41425;MC;NA;2;44;M;M;4049;UEP
059540020020-8016;059540020020;100mN31467E41425;MC;NA;2;37;M;F;3039;EMP
059540020020-8017;059540020020;100mN31489E41421;MC;NA;4;55;M;M;5064;EMP
059540020020-8017;059540020020;100mN31489E41421;MC;NA;4;59;M;F;5064;EMP
059540020020-8017;059540020020;100mN31489E41421;MC;NA;4;16;S;F;1517;EMP
059540020020-8017;059540020020;100mN31489E41421;MC;NA;4;31;M;M;3039;NEP
059540020020-8018;059540020020;100mN31494E41440;MC;NA;2;63;M;F;5064;EMP
059540020020-8018;059540020020;100mN31494E41440;MC;NA;2;26;S;F;2529;EMP
059540020020-8019;059540020020;100mN31494E41440;S;NA;1;70;S;F;6574;NEP
059540020020-8020;059540020020;100mN31494E41440;S;NA;1;50;S;M;5064;EMP
059540020020-8021;059540020020;100mN31463E41421;MC;NA;2;42;M;M;4049;NEP
059540020020-8021;059540020020;100mN31463E41421;MC;NA;2;41;M;F;4049;EMP
059540020020-8022;059540020020;100mN31478E41407;S;NA;1;51;D;F;5064;EMP
059540020020-8023;059540020020;100mN31478E41407;MC;NA;2;60;M;M;5064;NEP
059540020020-8023;059540020020;100mN31478E41407;MC;NA;2;40;M;M;4049;EMP
059540020020-8024;059540020020;100mN31478E41407;S;NA;1;46;M;M;4049;UEP
059540020020-8025;059540020020;100mN31478E41407;MC;MIX;3;68;W;M;6574;EMP
059540020020-8025;059540020020;100mN31478E41407;MC;MIX;3;50;M;M;5064;NEP
059540020020-8025;059540020020;100mN31478E41407;MC;MIX;3;50;M;F;5064;NEP
059540020020-8026;059540020020;100mN31478E41407;S;NA;1;48;M;M;4049;NEP
059540020020-8027;059540020020;100mN31478E41407;SF;NA;3;45;D;F;4049;EMP
059540020020-8027;059540020020;100mN31478E41407;SF;NA;3;16;S;M;1517;NEP
059540020020-8027;059540020020;100mN31478E41407;SF;NA;3;30;S;F;3039;EMP
059540020020-8028;059540020020;100mN31478E41406;S;NA;1;51;S;M;5064;EMP
059540020020-8029;059540020020;100mN31478E41407;MC;MIX;2;65;M;F;6574;NEP
059540020020-8029;059540020020;100mN31478E41407;MC;MIX;2;72;S;M;6574;EMP
059540020020-8030;059540020020;100mN31478E41407;S;NA;1;62;S;M;5064;NEP
059540020020-8031;059540020020;100mN31478E41407;MC;NA;3;60;M;M;5064;EMP
059540020020-8031;059540020020;100mN31478E41407;MC;NA;3;56;M;F;5064;EMP
059540020020-8031;059540020020;100mN31478E41407;MC;NA;3;32;S;M;3039;EMP
059540020020-8032;059540020020;100mN31488E41421;MC;NA;2;53;M;M;5064;NEP
059540020020-8032;059540020020;100mN31488E41421;MC;NA;2;46;M;F;4049;NEP
059540020020-8033;059540020020;100mN31462E41428;MC;MIX;3;79;M;M;75XX;EMP
059540020020-8033;059540020020;100mN31462E41428;MC;MIX;3;19;M;M;1824;EMP
059540020020-8033;059540020020;100mN31462E41428;MC;MIX;3;18;M;F;1824;NEP
059540020020-8034;059540020020;100mN31478E41407;MC;NA;3;57;M;F;5064;NEP
059540020020-8034;059540020020;100mN31478E41407;MC;NA;3;61;M;M;5064;EMP
059540020020-8034;059540020020;100mN31478E41407;MC;NA;3;8;S;F;0614;NEP
059540020020-8035;059540020020;100mN31478E41407;MC;NA;2;45;M;F;4049;NEP
059540020020-8035;059540020020;100mN31478E41407;MC;NA;2;38;M;M;3039;NEP
059540020020-8036;059540020020;100mN31500E41444;S;NA;1;36;D;M;3039;NEP
059540020020-8037;059540020020;100mN31483E41412;MC;MIX;4;76;M;F;75XX;EMP
059540020020-8037;059540020020;100mN31483E41412;MC;MIX;4;44;M;F;4049;EMP
059540020020-8037;059540020020;100mN31483E41412;MC;MIX;4;41;M;M;4049;EMP
059540020020-8037;059540020020;100mN31483E41412;MC;MIX;4;7;S;M;0614;NEP
059540020020-8038;059540020020;100mN31474E41419;MC;OS;2;86;M;F;75XX;EMP
059540020020-8038;059540020020;100mN31474E41419;MC;OS;2;89;M;M;75XX;EMP
059540020020-8039;059540020020;100mN31475E41397;PO;OS;2;67;S;M;6574;EMP
059540020020-8039;059540020020;100mN31475E41397;PO;OS;2;69;S;M;6574;EMP
059540020020-8040;059540020020;100mN31478E41407;MC;NA;2;51;M;F;5064;EMP
059540020020-8040;059540020020;100mN31478E41407;MC;NA;2;45;M;M;4049;EMP
059540020020-8041;059540020020;100mN31483E41404;MC;NA;2;56;M;F;5064;EMP
059540020020-8041;059540020020;100mN31483E41404;MC;NA;2;85;S;M;75XX;EMP
059540020020-8042;059540020020;100mN31473E41423;MC;NA;2;63;M;F;5064;NEP
059540020020-8042;059540020020;100mN31473E41423;MC;NA;2;15;S;F;1517;EMP
059540020020-8043;059540020020;100mN31481E41411;SM;NA;4;43;W;M;4049;NEP
059540020020-8043;059540020020;100mN31481E41411;SM;NA;4;12;S;M;0614;NEP
059540020020-8043;059540020020;100mN31481E41411;SM;NA;4;8;S;M;0614;NEP
059540020020-8043;059540020020;100mN31481E41411;SM;NA;4;23;M;M;1824;UEP
059540020020-8044;059540020020;100mN31478E41407;S;OS;1;40;M;F;4049;EMP
059540020020-8045;059540020020;100mN31478E41407;S;NA;1;68;S;M;6574;NEP
059540020020-8046;059540020020;100mN31478E41407;MC;NA;2;22;M;M;1824;EMP
059540020020-8046;059540020020;100mN31478E41407;MC;NA;2;25;M;F;2529;EMP
059540020020-8047;059540020020;100mN31473E41430;SM;NA;2;44;W;M;4049;EMP
059540020020-8047;059540020020;100mN31473E41430;SM;NA;2;9;S;M;0614;NEP
059540020020-8048;059540020020;100mN31478E41407;PO;OS;2;88;S;F;75XX;EMP
059540020020-8048;059540020020;100mN31478E41407;PO;OS;2;9;S;F;0614;NEP
059540020020-8049;059540020020;100mN31478E41407;S;OS;1;81;S;M;75XX;EMP
059540020020-8050;059540020020;100mN31478E41407;MC;NA;2;20;M;M;1824;NEP
059540020020-8050;059540020020;100mN31478E41407;MC;NA;2;18;M;F;1824;NEP
059540020020-8051;059540020020;100mN31478E41407;MC;NA;2;33;M;F;3039;NEP
059540020020-8051;059540020020;100mN31478E41407;MC;NA;2;36;M;M;3039;EMP
059540020020-8052;059540020020;100mN31478E41407;S;NA;1;84;M;F;75XX;EMP
059540020020-8053;059540020020;100mN31478E41407;MC;OS;3;66;M;F;6574;NEP
059540020020-8053;059540020020;100mN31478E41407;MC;OS;3;66;M;M;6574;EMP
059540020020-8053;059540020020;100mN31478E41407;MC;OS;3;66;M;M;6574;EMP
059540020020-8054;059540020020;100mN31478E41407;MC;NA;4;55;M;F;5064;NEP
059540020020-8054;059540020020;100mN31478E41407;MC;NA;4;46;D;F;4049;NEP
059540020020-8054;059540020020;100mN31478E41407;MC;NA;4;11;S;F;0614;NEP
059540020020-8054;059540020020;100mN31478E41407;MC;NA;4;20;S;M;1824;EMP
059540020020-8055;059540020020;100mN31478E41407;S;NA;1;40;M;M;4049;NEP
059540020020-8056;059540020020;100mN31478E41407;PO;NA;2;48;S;M;4049;EMP
059540020020-8056;059540020020;100mN31478E41407;PO;NA;2;57;S;M;5064;NEP
059540020020-8057;059540020020;100mN31478E41407;MC;NA;2;40;M;M;4049;EMP
059540020020-8057;059540020020;100mN31478E41407;MC;NA;2;18;M;F;1824;EMP
059540020020-8058;059540020020;100mN31494E41425;MC;NA;4;48;M;F;4049;EMP
059540020020-8058;059540020020;100mN31494E41425;MC;NA;4;48;M;M;4049;EMP
059540020020-8058;059540020020;100mN31494E41425;MC;NA;4;7;S;M;0614;NEP
059540020020-8058;059540020020;100mN31494E41425;MC;NA;4;18;S;M;1824;UEP
059540020020-8059;059540020020;100mN31478E41407;PO;NA;2;42;S;F;4049;NEP
059540020020-8059;059540020020;100mN31478E41407;PO;NA;2;34;S;F;3039;EMP
059540020020-8060;059540020020;100mN31497E41425;S;NA;1;69;D;F;6574;NEP
059540020020-8061;059540020020;100mN31478E41407;MC;NA;3;53;M;M;5064;EMP
059540020020-8061;059540020020;100mN31478E41407;MC;NA;3;51;M;F;5064;EMP
059540020020-8061;059540020020;100mN31478E41407;MC;NA;3;9;S;F;0614;NEP
059540020020-8062;059540020020;100mN31478E41407;S;NA;1;45;M;F;4049;NEP
059540020020-8063;059540020020;100mN31478E41407;MC;NA;2;62;M;M;5064;EMP
059540020020-8063;059540020020;100mN31478E41407;MC;NA;2;62;M;F;5064;EMP
059540020020-8064;059540020020;100mN31463E41422;MC;MIX;2;76;M;M;75XX;EMP
059540020020-8064;059540020020;100mN31463E41422;MC;MIX;2;47;S;M;4049;NEP
059540020020-8065;059540020020;100mN31471E41431;SF;NA;3;37;D;F;3039;NEP
059540020020-8065;059540020020;100mN31471E41431;SF;NA;3;4;S;F;0305;NEP
059540020020-8065;059540020020;100mN31471E41431;SF;NA;3;6;S;F;0614;NEP
059540020020-8066;059540020020;100mN31483E41413;MC;OS;4;69;M;F;6574;EMP
059540020020-8066;059540020020;100mN31483E41413;MC;OS;4;75;M;M;75XX;EMP
059540020020-8066;059540020020;100mN31483E41413;MC;OS;4;83;M;F;75XX;EMP
059540020020-8066;059540020020;100mN31483E41413;MC;OS;4;78;M;F;75XX;NEP
059540020020-8067;059540020020;100mN31468E41420;PO;NA;4;30;S;F;3039;EMP
059540020020-8067;059540020020;100mN31468E41420;PO;NA;4;32;S;F;3039;EMP
059540020020-8067;059540020020;100mN31468E41420;PO;NA;4;6;S;M;0614;NEP
059540020020-8067;059540020020;100mN31468E41420;PO;NA;4;15;S;M;1517;EMP
059540020020-8068;059540020020;100mN31478E41407;MC;OS;2;72;M;M;6574;EMP
059540020020-8068;059540020020;100mN31478E41407;MC;OS;2;80;M;F;75XX;EMP
059540020020-8069;059540020020;100mN31474E41418;MC;OS;2;77;M;F;75XX;NEP
059540020020-8069;059540020020;100mN31474E41418;MC;OS;2;85;M;M;75XX;NEP
059540020020-8070;059540020020;100mN31486E41408;MC;NA;2;45;M;F;4049;EMP
059540020020-8070;059540020020;100mN31486E41408;MC;NA;2;51;M;M;5064;NEP
059540020020-8071;059540020020;100mN31481E41408;S;NA;1;58;M;M;5064;NEP
059540020020-8072;059540020020;100mN31479E41405;S;NA;1;40;M;F;4049;NEP
059540020020-8073;059540020020;100mN31462E41431;S;NA;1;67;S;F;6574;NEP
059540020020-8074;059540020020;100mN31462E41431;S;NA;1;30;S;M;3039;UEP
059540020020-8075;059540020020;100mN31462E41431;SF;NA;3;52;D;F;5064;EMP
059540020020-8075;059540020020;100mN31462E41431;SF;NA;3;16;S;M;1517;EMP
059540020020-8075;059540020020;100mN31462E41431;SF;NA;3;9;S;F;0614;NEP
059540020020-8076;059540020020;100mN31462E41431;SF;NA;2;54;W;F;5064;EMP
059540020020-8076;059540020020;100mN31462E41431;SF;NA;2;1;S;F;0003;NEP
059540020020-8077;059540020020;100mN31462E41431;MC;NA;2;25;M;M;2529;EMP
059540020020-8077;059540020020;100mN31462E41431;MC;NA;2;23;M;F;1824;EMP
059540020020-8078;059540020020;100mN31462E41431;SM;NA;2;66;S;M;6574;EMP
059540020020-8078;059540020020;100mN31462E41431;SM;NA;2;34;S;F;3039;NEP
059540020020-8079;059540020020;100mN31462E41431;MC;OS;3;88;M;M;75XX;EMP
059540020020-8079;059540020020;100mN31462E41431;MC;OS;3;80;M;F;75XX;NEP
059540020020-8079;059540020020;100mN31462E41431;MC;OS;3;84;D;F;75XX;NEP
059540020020-8080;059540020020;100mN31462E41431;S;NA;1;18;M;M;1824;EMP
059540020020-8081;059540020020;100mN31480E41404;MC;NA;2;61;M;M;5064;NEP
059540020020-8081;059540020020;100mN31480E41404;MC;NA;2;59;M;F;5064;EMP
059540020020-8082;059540020020;100mN31462E41431;S;OS;1;43;M;F;4049;EMP
059540020020-8083;059540020020;100mN31478E41401;SF;NA;6;19;S;F;1824;EMP
059540020020-8083;059540020020;100mN31478E41401;SF;NA;6;3;S;M;0305;NEP
059540020020-8083;059540020020;100mN31478E41401;SF;NA;6;4;S;M;0305;NEP
059540020020-8083;059540020020;100mN31478E41401;SF;NA;6;2;S;F;0003;NEP
059540020020-8083;059540020020;100mN31478E41401;SF;NA;6;0;S;F;0003;NEP
059540020020-8083;059540020020;100mN31478E41401;SF;NA;6;4;S;M;0305;NEP
059540020020-8084;059540020020;100mN31497E41415;MC;OS;2;67;M;F;6574;NEP
059540020020-8084;059540020020;100mN31497E41415;MC;OS;2;70;M;M;6574;NEP
059540020020-8085;059540020020;100mN31462E41431;MC;OS;3;73;M;M;6574;NEP
059540020020-8085;059540020020;100mN31462E41431;MC;OS;3;71;M;F;6574;NEP
059540020020-8085;059540020020;100mN31462E41431;MC;OS;3;72;M;F;6574;NEP
059540020020-8086;059540020020;100mN31462E41431;MC;NA;2;63;M;M;5064;NEP
059540020020-8086;059540020020;100mN31462E41431;MC;NA;2;56;M;F;5064;EMP
059540020020-8087;059540020020;100mN31462E41431;MC;NA;2;23;M;M;1824;NEP
059540020020-8087;059540020020;100mN31462E41431;MC;NA;2;18;M;F;1824;EMP
059540020020-8088;059540020020;100mN31462E41431;MC;NA;4;53;M;M;5064;EMP
059540020020-8088;059540020020;100mN31462E41431;MC;NA;4;18;M;F;1824;NEP
059540020020-8088;059540020020;100mN31462E41431;MC;NA;4;11;S;M;0614;NEP
059540020020-8088;059540020020;100mN31462E41431;MC;NA;4;15;S;F;1517;NEP
059540020020-8089;059540020020;100mN31462E41431;MC;OS;2;76;M;M;75XX;NEP
059540020020-8089;059540020020;100mN31462E41431;MC;OS;2;83;M;F;75XX;NEP
059540020020-8090;059540020020;100mN31462E41431;PO;NA;3;45;S;M;4049;NEP
059540020020-8090;059540020020;100mN31462E41431;PO;NA;3;37;S;M;3039;NEP
059540020020-8090;059540020020;100mN31462E41431;PO;NA;3;0;S;M;0003;NEP
059540020020-8091;059540020020;100mN31462E41431;MC;NA;2;58;M;M;5064;EMP
059540020020-8091;059540020020;100mN31462E41431;MC;NA;2;60;M;F;5064;EMP
059540020020-8092;059540020020;100mN31473E41430;S;NA;1;43;W;F;4049;NEP
059540020020-8093;059540020020;100mN31462E41431;S;NA;1;43;W;F;4049;EMP
059540020020-8094;059540020020;100mN31463E41419;SF;NA;3;62;W;F;5064;NEP
059540020020-8094;059540020020;100mN31463E41419;SF;NA;3;15;S;M;1517;EMP
059540020020-8094;059540020020;100mN31463E41419;SF;NA;3;9;S;M;0614;NEP
059540020020-8095;059540020020;100mN31462E41431;MC;OS;3;71;M;F;6574;NEP
059540020020-8095;059540020020;100mN31462E41431;MC;OS;3;78;M;M;75XX;EMP
059540020020-8095;059540020020;100mN31462E41431;MC;OS;3;72;M;F;6574;EMP
059540020020-8096;059540020020;100mN31482E41398;S;NA;1;54;S;M;5064;EMP
059540020020-8097;059540020020;100mN31481E41413;SM;NA;2;30;S;M;3039;EMP
059540020020-8097;059540020020;100mN31481E41413;SM;NA;2;15;S;F;1517;EMP
059540020020-8098;059540020020;100mN31493E41405;S;OS;1;65;W;F;6574;NEP
059540020020-8099;059540020020;100mN31481E41404;S;OS;1;53;S;M;5064;EMP
059540020020-8100;059540020020;100mN31471E41431;MC;NA;4;47;M;F;4049;EMP
059540020020-8100;059540020020;100mN31471E41431;MC;NA;4;50;M;M;5064;NEP
059540020020-8100;059540020020;100mN31471E41431;MC;NA;4;8;S;M;0614;NEP
059540020020-8100;059540020020;100mN31471E41431;MC;NA;4;8;S;F;0614;NEP
059540020020-8101;059540020020;100mN31493E41405;MC;NA;6;47;M;F;4049;NEP
059540020020-8101;059540020020;100mN31493E41405;MC;NA;6;55;M;M;5064;NEP
059540020020-8101;059540020020;100mN31493E41405;MC;NA;6;16;S;F;1517;EMP
059540020020-8101;059540020020;100mN31493E41405;MC;NA;6;23;D;F;1824;EMP
059540020020-8101;059540020020;100mN31493E41405;MC;NA;6;6;S;M;0614;NEP
059540020020-8101;059540020020;100mN31493E41405;MC;NA;6;15;S;F;1517;NEP
059540020020-8102;059540020020;100mN31471E41424;MC;NA;2;43;M;M;4049;NEP
059540020020-8102;059540020020;100mN31471E41424;MC;NA;2;47;M;F;4049;EMP
059540020020-8103;059540020020;100mN31471E41424;SF;NA;2;18;D;F;1824;EMP
059540020020-8103;059540020020;100mN31471E41424;SF;NA;2;3;S;M;0305;NEP
059540020020-8104;059540020020;100mN31471E41424;MC;OS;4;66;M;F;6574;EMP
059540020020-8104;059540020020;100mN31471E41424;MC;OS;4;69;M;M;6574;EMP
059540020020-8104;059540020020;100mN31471E41424;MC;OS;4;66;M;M;6574;NEP
059540020020-8104;059540020020;100mN31471E41424;MC;OS;4;86;D;F;75XX;EMP
059540020020-8105;059540020020;100mN31471E41424;MC;NA;2;35;M;F;3039;NEP
059540020020-8105;059540020020;100mN31471E41424;MC;NA;2;30;M;M;3039;EMP
059540020020-8106;059540020020;100mN31471E41424;MC;MIX;3;85;M;F;75XX;NEP
059540020020-8106;059540020020;100mN31471E41424;MC;MIX;3;38;M;M;3039;UEP
059540020020-8106;059540020020;100mN31471E41424;MC;MIX;3;34;M;F;3039;EMP
059540020020-8107;059540020020;100mN31471E41424;PO;NA;2;41;S;M;4049;NEP
059540020020-8107;059540020020;100mN31471E41424;PO;NA;2;37;S;M;3039;NEP
059540020020-8108;059540020020;100mN31471E41424;MC;MIX;2;73;M;M;6574;EMP
059540020020-8108;059540020020;100mN31471E41424;MC;MIX;2;77;S;F;75XX;NEP
059540020020-8109;059540020020;100mN31471E41424;S;NA;1;18;M;F;1824;EMP
059540020020-8110;059540020020;100mN31471E41424;S;OS;1;58;S;M;5064;NEP
059540020020-8111;059540020020;100mN31488E41421;PO;MIX;2;71;S;F;6574;EMP
059540020020-8111;059540020020;100mN31488E41421;PO;MIX;2;46;M;M;4049;EMP
059540020020-8112;059540020020;100mN31488E41421;PO;OS;2;66;S;M;6574;EMP
059540020020-8112;059540020020;100mN31488E41421;PO;OS;2;83;S;M;75XX;EMP
059540020020-8113;059540020020;100mN31488E41421;S;OS;1;53;S;F;5064;EMP
059540020020-8114;059540020020;100mN31490E41436;S;OS;1;43;W;M;4049;EMP
059540020020-8115;059540020020;100mN31488E41421;S;NA;1;52;D;F;5064;NEP
059540020020-8116;059540020020;100mN31488E41421;S;NA;1;65;W;F;6574;NEP
059540020020-8117;059540020020;100mN31488E41421;PO;MIX;2;72;S;M;6574;EMP
059540020020-8117;059540020020;100mN31488E41421;PO;MIX;2;63;S;F;5064;EMP
059540020020-8118;059540020020;100mN31488E41421;MC;NA;2;35;M;F;3039;EMP
059540020020-8118;059540020020;100mN31488E41421;MC;NA;2;18;M;M;1824;EMP
059540020020-8119;059540020020;100mN31488E41421;MC;NA;2;53;M;M;5064;NEP
059540020020-8119;059540020020;100mN31488E41421;MC;NA;2;46;M;F;4049;NEP
059540020020-8120;059540020020;100mN31483E41414;MC;NA;2;42;M;M;4049;EMP
059540020020-8120;059540020020;100mN31483E41414;MC;NA;2;41;M;F;4049;NEP
059540020020-8121;059540020020;100mN31491E41422;MC;MIX;2;81;M;M;75XX;EMP
059540020020-8121;059540020020;100mN31491E41422;MC;MIX;2;13;S;F;0614;NEP
059540020020-8122;059540020020;100mN31491E41422;S;NA;1;55;M;F;5064;NEP
059540020020-8123;059540020020;100mN31491E41422;SF;NA;2;61;W;F;5064;EMP
059540020020-8123;059540020020;100mN31491E41422;SF;NA;2;7;S;M;0614;NEP
059540020020-8124;059540020020;100mN31491E41422;PO;MIX;2;85;S;M;75XX;NEP
059540020020-8124;059540020020;100mN31491E41422;PO;MIX;2;58;S;F;5064;EMP
059540020020-8125;059540020020;100mN31483E41405;S;NA;1;43;D;M;4049;NEP
059540020020-8126;059540020020;100mN31491E41422;S;NA;1;59;M;M;5064;NEP
059540020020-8127;059540020020;100mN31485E41412;S;OS;1;76;W;M;75XX;NEP
059540020020-8128;059540020020;100mN31463E41424;SF;NA;2;56;D;F;5064;NEP
059540020020-8128;059540020020;100mN31463E41424;SF;NA;2;8;S;M;0614;NEP
059540020020-8129;059540020020;100mN31463E41419;MC;MIX;4;82;S;M;75XX;NEP
059540020020-8129;059540020020;100mN31463E41419;MC;MIX;4;61;M;M;5064;EMP
059540020020-8129;059540020020;100mN31463E41419;MC;MIX;4;35;M;F;3039;NEP
059540020020-8129;059540020020;100mN31463E41419;MC;MIX;4;42;D;M;4049;NEP
059540020020-8130;059540020020;100mN31491E41422;S;NA;1;86;S;M;75XX;EMP
059540020020-8131;059540020020;100mN31483E41413;MC;NA;2;42;M;M;4049;EMP
059540020020-8131;059540020020;100mN31483E41413;MC;NA;2;37;M;F;3039;EMP
059540020020-8132;059540020020;100mN31484E41419;MC;MIX;2;72;M;F;6574;EMP
059540020020-8132;059540020020;100mN31484E41419;MC;MIX;2;44;W;F;4049;NEP
059540020020-8133;059540020020;100mN31491E41422;MC;NA;2;58;M;F;5064;EMP
059540020020-8133;059540020020;100mN31491E41422;MC;NA;2;58;M;M;5064;EMP
059540020020-8134;059540020020;100mN31491E41422;MC;NA;2;46;M;F;4049;EMP
059540020020-8134;059540020020;100mN31491E41422;MC;NA;2;43;M;M;4049;EMP
059540020020-8135;059540020020;100mN31491E41422;S;OS;1;77;S;M;75XX;UEP
059540020020-8136;059540020020;100mN31500E41425;MC;MIX;2;65;M;F;6574;NEP
059540020020-8136;059540020020;100mN31500E41425;MC;MIX;2;66;P;M;6574;EMP
059540020020-8137;059540020020;100mN31500E41425;MC;NA;2;35;M;F;3039;EMP
059540020020-8137;059540020020;100mN31500E41425;MC;NA;2;36;M;M;3039;NEP
059540020020-8138;059540020020;100mN31472E41432;SF;NA;2;45;D;F;4049;EMP
059540020020-8138;059540020020;100mN31472E41432;SF;NA;2;13;S;M;0614;NEP
059540020020-8139;059540020020;100mN31489E41409;S;OS;1;78;W;F;75XX;EMP
059540020020-8140;059540020020;100mN31489E41409;S;NA;1;43;D;F;4049;EMP
059540020020-8141;059540020020;100mN31489E41409;S;NA;1;65;S;F;6574;EMP
059540020020-8142;059540020020;100mN31489E41409;S;NA;1;68;D;F;6574;EMP
059540020020-8143;059540020020;100mN31472E41432;SF;NA;2;41;W;F;4049;EMP
059540020020-8143;059540020020;100mN31472E41432;SF;NA;2;16;S;M;1517;NEP
059540020020-8144;059540020020;100mN31461E41421;S;NA;1;86;M;F;75XX;NEP
059540020020-8145;059540020020;100mN31491E41420;MC;OS;2;80;M;F;75XX;EMP
059540020020-8145;059540020020;100mN31491E41420;MC;OS;2;77;M;M;75XX;NEP
059540020020-8146;059540020020;100mN31491E41420;MC;OS;2;72;M;F;6574;NEP
059540020020-8146;059540020020;100mN31491E41420;MC;OS;2;80;M;M;75XX;UEP
059540020020-8147;059540020020;100mN31491E41420;PO;NA;2;41;S;F;4049;EMP
059540020020-8147;059540020020;100mN31491E41420;PO;NA;2;40;S;F;4049;NEP
059540020020-8148;059540020020;100mN31491E41420;MC;OS;2;67;M;M;6574;EMP
059540020020-8148;059540020020;100mN31491E41420;MC;OS;2;65;M;F;6574;NEP
059540020020-8149;059540020020;100mN31481E41414;S;NA;1;46;M;M;4049;UEP
059540020020-8150;059540020020;100mN31500E41422;MC;NA;2;47;M;F;4049;EMP
059540020020-8150;059540020020;100mN31500E41422;MC;NA;2;52;M;M;5064;EMP
059540020020-8151;059540020020;100mN31491E41420;MC;NA;2;18;M;M;1824;NEP
059540020020-8151;059540020020;100mN31491E41420;MC;NA;2;18;M;F;1824;EMP
059540020020-8152;059540020020;100mN31491E41420;NA;OS;5;55;M;M;5064;EMP
059540020020-8152;059540020020;100mN31491E41420;NA;OS;5;43;W;F;4049;EMP
059540020020-8152;059540020020;100mN31491E41420;NA;OS;5;47;S;M;4049;EMP
059540020020-8152;059540020020;100mN31491E41420;NA;OS;5;70;M;F;6574;EMP
059540020020-8152;059540020020;100mN31491E41420;NA;OS;5;61;S;F;5064;EMP
059540020020-8153;059540020020;100mN31491E41420;S;NA;1;51;S;F;5064;EMP
059540020020-8154;059540020020;100mN31491E41420;S;NA;1;28;S;M;2529;EMP
059540020020-8155;059540020020;100mN31491E41420;S;OS;1;25;S;F;2529;EMP
059540020020-8156;059540020020;100mN31491E41420;PO;NA;2;33;S;F;3039;EMP
059540020020-8156;059540020020;100mN31491E41420;PO;NA;2;35;S;M;3039;EMP
059540020020-8157;059540020020;100mN31491E41420;MC;MIX;2;73;M;M;6574;EMP
059540020020-8157;059540020020;100mN31491E41420;MC;MIX;2;27;M;M;2529;EMP
059540020020-8158;059540020020;100mN31491E41420;MC;NA;2;40;M;F;4049;EMP
059540020020-8158;059540020020;100mN31491E41420;MC;NA;2;43;M;M;4049;NEP
059540020020-8159;059540020020;100mN31483E41405;S;NA;1;56;W;F;5064;NEP
059540020020-8160;059540020020;100mN31491E41420;MC;NA;2;40;M;M;4049;NEP
059540020020-8160;059540020020;100mN31491E41420;MC;NA;2;36;M;F;3039;EMP
059540020020-8161;059540020020;100mN31491E41420;MC;NA;3;28;M;M;2529;NEP
059540020020-8161;059540020020;100mN31491E41420;MC;NA;3;25;M;F;2529;NEP
059540020020-8161;059540020020;100mN31491E41420;MC;NA;3;9;S;M;0614;NEP
059540020020-8162;059540020020;100mN31491E41420;SF;NA;2;27;W;F;2529;EMP
059540020020-8162;059540020020;100mN31491E41420;SF;NA;2;10;S;F;0614;NEP
059540020020-8163;059540020020;100mN31495E41444;S;OS;1;86;S;F;75XX;EMP
059540020020-8164;059540020020;100mN31468E41426;S;NA;1;56;M;M;5064;EMP
059540020020-8165;059540020020;100mN31462E41428;MC;MIX;2;72;M;M;6574;NEP
059540020020-8165;059540020020;100mN31462E41428;MC;MIX;2;33;W;F;3039;NEP
059540020020-8166;059540020020;100mN31483E41405;MC;NA;2;28;M;M;2529;EMP
059540020020-8166;059540020020;100mN31483E41405;MC;NA;2;28;M;F;2529;NEP
059540020020-8167;059540020020;100mN31483E41411;MC;NA;3;54;M;F;5064;NEP
059540020020-8167;059540020020;100mN31483E41411;MC;NA;3;56;M;M;5064;NEP
059540020020-8167;059540020020;100mN31483E41411;MC;NA;3;15;S;M;1517;EMP
059540020020-8168;059540020020;100mN31483E41411;MC;MIX;2;75;M;M;75XX;NEP
059540020020-8168;059540020020;100mN31483E41411;MC;MIX;2;59;M;F;5064;EMP
059540020020-8169;059540020020;100mN31464E41429;MC;MIX;3;72;W;F;6574;EMP
059540020020-8169;059540020020;100mN31464E41429;MC;MIX;3;60;M;F;5064;NEP
059540020020-8169;059540020020;100mN31464E41429;MC;MIX;3;62;M;M;5064;NEP
059540020020-8170;059540020020;100mN31483E41411;NA;NA;2;87;S;F;75XX;EMP
059540020020-8170;059540020020;100mN31483E41411;NA;NA;2;44;W;F;4049;NEP
059540020020-8171;059540020020;100mN31460E41389;PO;NA;3;48;S;M;4049;EMP
059540020020-8171;059540020020;100mN31460E41389;PO;NA;3;42;S;F;4049;NEP
059540020020-8171;059540020020;100mN31460E41389;PO;NA;3;16;S;F;1517;EMP
059540020020-8172;059540020020;100mN31483E41411;MC;NA;2;42;M;M;4049;EMP
059540020020-8172;059540020020;100mN31483E41411;MC;NA;2;33;M;F;3039;NEP
059540020020-8173;059540020020;100mN31483E41411;S;OS;1;20;S;M;1824;EMP
059540020020-8174;059540020020;100mN31483E41411;MC;NA;2;46;M;M;4049;NEP
059540020020-8174;059540020020;100mN31483E41411;MC;NA;2;48;M;F;4049;NEP
059540020020-8175;059540020020;100mN31485E41427;MC;OS;2;79;M;F;75XX;NEP
059540020020-8175;059540020020;100mN31485E41427;MC;OS;2;88;M;M;75XX;EMP
059540020020-8176;059540020020;100mN31485E41427;S;NA;1;42;S;M;4049;NEP
059540020020-8177;059540020020;100mN31498E41417;S;NA;1;63;M;M;5064;EMP
059540020020-8178;059540020020;100mN31478E41429;MC;OS;2;82;M;F;75XX;NEP
059540020020-8178;059540020020;100mN31478E41429;MC;OS;2;78;M;M;75XX;EMP
059540020020-8179;059540020020;100mN31478E41429;MC;NA;2;57;M;F;5064;NEP
059540020020-8179;059540020020;100mN31478E41429;MC;NA;2;86;M;M;75XX;NEP
059540020020-8180;059540020020;100mN31478E41429;MC;NA;2;33;M;F;3039;NEP
059540020020-8180;059540020020;100mN31478E41429;MC;NA;2;35;M;M;3039;NEP
059540020020-8181;059540020020;100mN31488E41438;PO;OS;2;80;S;F;75XX;EMP
059540020020-8181;059540020020;100mN31488E41438;PO;OS;2;82;S;M;75XX;NEP
059540020020-8182;059540020020;100mN31497E41415;MC;MIX;2;72;M;F;6574;EMP
059540020020-8182;059540020020;100mN31497E41415;MC;MIX;2;22;M;M;1824;EMP
059540020020-8183;059540020020;100mN31497E41415;S;NA;1;57;S;F;5064;EMP
059540020020-8184;059540020020;100mN31497E41415;S;OS;1;44;S;M;4049;EMP
059540020020-8185;059540020020;100mN31472E41373;MC;NA;2;23;M;M;1824;NEP
059540020020-8185;059540020020;100mN31472E41373;MC;NA;2;18;M;F;1824;NEP
059540020020-8186;059540020020;100mN31497E41415;MC;NA;2;58;M;M;5064;EMP
059540020020-8186;059540020020;100mN31497E41415;MC;NA;2;23;M;F;1824;EMP
059540020020-8187;059540020020;100mN31497E41415;S;NA;1;19;M;F;1824;NEP
059540020020-8188;059540020020;100mN31497E41415;MC;NA;3;30;M;M;3039;EMP
059540020020-8188;059540020020;100mN31497E41415;MC;NA;3;27;M;F;2529;NEP
059540020020-8188;059540020020;100mN31497E41415;MC;NA;3;15;S;F;1517;NEP
059540020020-8189;059540020020;100mN31497E41415;MC;NA;2;35;M;F;3039;EMP
059540020020-8189;059540020020;100mN31497E41415;MC;NA;2;38;M;M;3039;EMP
059540020020-8190;059540020020;100mN31497E41415;MC;OS;2;67;M;F;6574;NEP
059540020020-8190;059540020020;100mN31497E41415;MC;OS;2;70;M;M;6574;NEP
059540020020-8191;059540020020;100mN31494E41435;MC;NA;2;55;M;M;5064;NEP
059540020020-8191;059540020020;100mN31494E41435;MC;NA;2;18;M;F;1824;EMP
059540020020-8192;059540020020;100mN31497E41415;S;NA;1;77;D;F;75XX;NEP
059540020020-8193;059540020020;100mN31497E41415;MC;MIX;4;68;M;F;6574;EMP
059540020020-8193;059540020020;100mN31497E41415;MC;MIX;4;41;M;M;4049;NEP
059540020020-8193;059540020020;100mN31497E41415;MC;MIX;4;38;M;F;3039;NEP
059540020020-8193;059540020020;100mN31497E41415;MC;MIX;4;11;S;M;0614;NEP
059540020020-8194;059540020020;100mN31497E41415;MC;NA;4;51;M;F;5064;NEP
059540020020-8194;059540020020;100mN31497E41415;MC;NA;4;53;M;M;5064;EMP
059540020020-8194;059540020020;100mN31497E41415;MC;NA;4;18;M;F;1824;EMP
059540020020-8194;059540020020;100mN31497E41415;MC;NA;4;8;S;M;0614;NEP
059540020020-8195;059540020020;100mN31493E41406;S;OS;1;85;D;F;75XX;EMP
059540020020-8196;059540020020;100mN31497E41415;MC;OS;2;65;M;M;6574;EMP
059540020020-8196;059540020020;100mN31497E41415;MC;OS;2;69;M;F;6574;EMP
059540020020-8197;059540020020;100mN31497E41415;MC;OS;5;65;M;M;6574;NEP
059540020020-8197;059540020020;100mN31497E41415;MC;OS;5;68;M;F;6574;EMP
059540020020-8197;059540020020;100mN31497E41415;MC;OS;5;69;W;F;6574;NEP
059540020020-8197;059540020020;100mN31497E41415;MC;OS;5;80;S;F;75XX;NEP
059540020020-8197;059540020020;100mN31497E41415;MC;OS;5;69;S;F;6574;EMP
059540020020-8198;059540020020;100mN31497E41415;MC;NA;3;32;M;M;3039;EMP
059540020020-8198;059540020020;100mN31497E41415;MC;NA;3;26;M;F;2529;EMP
059540020020-8198;059540020020;100mN31497E41415;MC;NA;3;12;S;M;0614;NEP
059540020020-8199;059540020020;100mN31497E41415;MC;NA;2;44;M;F;4049;EMP
059540020020-8199;059540020020;100mN31497E41415;MC;NA;2;47;M;M;4049;EMP
059540020020-8200;059540020020;100mN31463E41424;MC;MIX;3;73;M;F;6574;NEP
059540020020-8200;059540020020;100mN31463E41424;MC;MIX;3;51;M;F;5064;EMP
059540020020-8200;059540020020;100mN31463E41424;MC;MIX;3;52;M;M;5064;UEP
059540020020-8201;059540020020;100mN31497E41415;S;NA;1;73;S;M;6574;EMP
059540020020-8202;059540020020;100mN31497E41415;S;OS;1;21;M;F;1824;NEP
059540020020-8203;059540020020;100mN31497E41415;S;NA;1;57;D;M;5064;NEP
059540020020-8204;059540020020;100mN31497E41415;MC;NA;2;59;M;M;5064;NEP
059540020020-8204;059540020020;100mN31497E41415;MC;NA;2;53;M;F;5064;EMP
059540020020-8205;059540020020;100mN31480E41404;SM;NA;3;19;D;M;1824;NEP
059540020020-8205;059540020020;100mN31480E41404;SM;NA;3;1;S;M;0003;NEP
059540020020-8205;059540020020;100mN31480E41404;SM;NA;3;2;S;M;0003;NEP
059540020020-8206;059540020020;100mN31473E41424;S;NA;1;41;W;F;4049;EMP
059540020020-8207;059540020020;100mN31483E41400;MC;NA;3;62;M;M;5064;EMP
059540020020-8207;059540020020;100mN31483E41400;MC;NA;3;62;M;F;5064;NEP
059540020020-8207;059540020020;100mN31483E41400;MC;NA;3;13;S;F;0614;NEP
059540020020-8208;059540020020;100mN31468E41429;MC;NA;2;40;M;F;4049;NEP
059540020020-8208;059540020020;100mN31468E41429;MC;NA;2;38;M;M;3039;EMP
059540020020-8209;059540020020;100mN31493E41418;MC;NA;2;41;M;F;4049;NEP
059540020020-8209;059540020020;100mN31493E41418;MC;NA;2;43;M;M;4049;EMP
059540020020-8210;059540020020;100mN31468E41429;MC;NA;3;54;M;M;5064;EMP
059540020020-8210;059540020020;100mN31468E41429;MC;NA;3;46;M;F;4049;NEP
059540020020-8210;059540020020;100mN31468E41429;MC;NA;3;12;S;M;0614;NEP
059540020020-8211;059540020020;100mN31468E41429;MC;NA;3;44;M;F;4049;NEP
059540020020-8211;059540020020;100mN31468E41429;MC;NA;3;47;M;M;4049;NEP
059540020020-8211;059540020020;100mN31468E41429;MC;NA;3;12;S;M;0614;NEP
059540020020-8212;059540020020;100mN31468E41429;S;NA;1;25;S;F;2529;EMP
059540020020-8213;059540020020;100mN31468E41429;MC;NA;4;26;M;M;2529;NEP
059540020020-8213;059540020020;100mN31468E41429;MC;NA;4;28;M;F;2529;EMP
059540020020-8213;059540020020;100mN31468E41429;MC;NA;4;10;S;F;0614;NEP
059540020020-8213;059540020020;100mN31468E41429;MC;NA;4;6;S;M;0614;NEP
059540020020-8214;059540020020;100mN31468E41429;MC;NA;2;42;M;M;4049;NEP
059540020020-8214;059540020020;100mN31468E41429;MC;NA;2;38;M;F;3039;EMP
059540020020-8215;059540020020;100mN31468E41429;MC;NA;2;54;M;M;5064;NEP
059540020020-8215;059540020020;100mN31468E41429;MC;NA;2;53;M;F;5064;EMP
059540020020-8216;059540020020;100mN31468E41429;S;NA;1;30;M;M;3039;EMP
059540020020-8217;059540020020;100mN31488E41410;S;OS;1;45;M;F;4049;NEP
059540020020-8218;059540020020;100mN31488E41410;PO;NA;4;53;S;M;5064;EMP
059540020020-8218;059540020020;100mN31488E41410;PO;NA;4;50;S;M;5064;EMP
059540020020-8218;059540020020;100mN31488E41410;PO;NA;4;1;S;M;0003;NEP
059540020020-8218;059540020020;100mN31488E41410;PO;NA;4;18;S;M;1824;EMP
059540020020-8219;059540020020;100mN31484E41415;S;NA;1;48;S;M;4049;EMP
059540020020-8220;059540020020;100mN31488E41411;MC;NA;2;50;M;F;5064;EMP
059540020020-8220;059540020020;100mN31488E41411;MC;NA;2;53;M;M;5064;EMP
059540020020-8221;059540020020;100mN31493E41419;S;NA;1;45;W;F;4049;EMP
059540020020-8222;059540020020;100mN31488E41411;PO;NA;2;41;S;F;4049;NEP
059540020020-8222;059540020020;100mN31488E41411;PO;NA;2;41;S;F;4049;EMP
059540020020-8223;059540020020;100mN31488E41411;MC;OS;3;71;M;M;6574;NEP
059540020020-8223;059540020020;100mN31488E41411;MC;OS;3;66;M;F;6574;NEP
059540020020-8223;059540020020;100mN31488E41411;MC;OS;3;67;D;M;6574;EMP
059540020020-8224;059540020020;100mN31488E41411;MC;NA;5;34;M;M;3039;EMP
059540020020-8224;059540020020;100mN31488E41411;MC;NA;5;31;M;F;3039;NEP
059540020020-8224;059540020020;100mN31488E41411;MC;NA;5;0;S;F;0003;NEP
059540020020-8224;059540020020;100mN31488E41411;MC;NA;5;18;M;M;1824;NEP
059540020020-8224;059540020020;100mN31488E41411;MC;NA;5;10;S;F;0614;NEP
059540020020-8225;059540020020;100mN31483E41400;PO;NA;2;40;S;M;4049;EMP
059540020020-8225;059540020020;100mN31483E41400;PO;NA;2;33;S;F;3039;NEP
059540020020-8226;059540020020;100mN31485E41393;S;OS;1;40;M;F;4049;EMP
059540020020-8227;059540020020;100mN31463E41422;MC;MIX;2;73;M;M;6574;EMP
059540020020-8227;059540020020;100mN31463E41422;MC;MIX;2;40;S;F;4049;EMP
059540020020-8228;059540020020;100mN31493E41406;PO;OS;2;88;S;F;75XX;NEP
059540020020-8228;059540020020;100mN31493E41406;PO;OS;2;89;S;M;75XX;EMP
059540020020-8229;059540020020;100mN31467E41423;MC;NA;2;41;M;M;4049;EMP
059540020020-8229;059540020020;100mN31467E41423;MC;NA;2;33;M;F;3039;NEP
059540020020-8230;059540020020;100mN31493E41406;S;NA;1;19;S;M;1824;NEP
059540020020-8231;059540020020;100mN31493E41406;S;OS;1;85;D;F;75XX;EMP
059540020020-8232;059540020020;100mN31493E41406;S;OS;1;16;S;F;1517;EMP
059540020020-8233;059540020020;100mN31485E41394;S;OS;1;80;M;M;75XX;EMP
059540020020-8234;059540020020;100mN31485E41394;MC;NA;2;46;M;F;4049;EMP
059540020020-8234;059540020020;100mN31485E41394;MC;NA;2;55;M;M;5064;EMP
059540020020-8235;059540020020;100mN31485E41394;PO;NA;2;45;S;M;4049;NEP
059540020020-8235;059540020020;100mN31485E41394;PO;NA;2;44;S;M;4049;EMP
059540020020-8236;059540020020;100mN31460E41425;SF;NA;2;70;S;F;6574;EMP
059540020020-8236;059540020020;100mN31460E41425;SF;NA;2;2;S;F;0003;NEP
059540020020-8237;059540020020;100mN31460E41425;MC;NA;2;63;M;M;5064;EMP
059540020020-8237;059540020020;100mN31460E41425;MC;NA;2;62;M;F;5064;EMP
059540020020-8238;059540020020;100mN31460E41425;MC;OS;3;68;M;F;6574;NEP
059540020020-8238;059540020020;100mN31460E41425;MC;OS;3;76;M;M;75XX;EMP
059540020020-8238;059540020020;100mN31460E41425;MC;OS;3;85;D;M;75XX;EMP
059540020020-8239;059540020020;100mN31460E41425;SM;NA;4;41;S;M;4049;EMP
059540020020-8239;059540020020;100mN31460E41425;SM;NA;4;6;S;F;0614;NEP
059540020020-8239;059540020020;100mN31460E41425;SM;NA;4;9;S;M;0614;NEP
059540020020-8239;059540020020;100mN31460E41425;SM;NA;4;1;S;F;0003;NEP
059540020020-8240;059540020020;100mN31491E41399;MC;NA;2;42;M;M;4049;NEP
059540020020-8240;059540020020;100mN31491E41399;MC;NA;2;33;M;F;3039;NEP
059540020020-8241;059540020020;100mN31491E41399;MC;NA;4;52;M;M;5064;UEP
059540020020-8241;059540020020;100mN31491E41399;MC;NA;4;54;M;F;5064;EMP
059540020020-8241;059540020020;100mN31491E41399;MC;NA;4;19;M;M;1824;EMP
059540020020-8241;059540020020;100mN31491E41399;MC;NA;4;9;S;M;0614;NEP
059540020020-8242;059540020020;100mN31491E41399;S;NA;1;43;D;F;4049;NEP
059540020020-8243;059540020020;100mN31481E41413;MC;NA;4;37;M;F;3039;NEP
059540020020-8243;059540020020;100mN31481E41413;MC;NA;4;38;M;M;3039;EMP
059540020020-8243;059540020020;100mN31481E41413;MC;NA;4;3;S;M;0305;NEP
059540020020-8243;059540020020;100mN31481E41413;MC;NA;4;22;D;M;1824;EMP
059540020020-8244;059540020020;100mN31478E41406;MC;NA;2;50;M;M;5064;EMP
059540020020-8244;059540020020;100mN31478E41406;MC;NA;2;56;M;F;5064;EMP
059540020020-8245;059540020020;100mN31485E41409;MC;OS;2;65;M;M;6574;NEP
059540020020-8245;059540020020;100mN31485E41409;MC;OS;2;65;M;F;6574;EMP
059540020020-8246;059540020020;100mN31478E41406;MC;NA;3;52;M;F;5064;EMP
059540020020-8246;059540020020;100mN31478E41406;MC;NA;3;57;M;M;5064;NEP
059540020020-8246;059540020020;100mN31478E41406;MC;NA;3;35;M;F;3039;NEP
059540020020-8247;059540020020;100mN31478E41406;S;NA;1;80;M;F;75XX;EMP
059540020020-8248;059540020020;100mN31478E41406;MC;NA;2;60;M;F;5064;NEP
059540020020-8248;059540020020;100mN31478E41406;MC;NA;2;9;S;F;0614;NEP
059540020020-8249;059540020020;100mN31478E41406;S;NA;1;79;S;F;75XX;EMP
059540020020-8250;059540020020;100mN31478E41406;S;NA;1;19;W;F;1824;NEP
059540020020-8251;059540020020;100mN31478E41406;S;NA;1;80;M;M;75XX;EMP
059540020020-8252;059540020020;100mN31478E41406;S;NA;1;68;M;F;6574;NEP
059540020020-8253;059540020020;100mN31468E41420;S;NA;1;52;D;M;5064;EMP
059540020020-8254;059540020020;100mN31478E41406;MC;OS;2;70;M;F;6574;NEP
059540020020-8254;059540020020;100mN31478E41406;MC;OS;2;66;M;M;6574;EMP
059540020020-8255;059540020020;100mN31462E41428;MC;OS;3;77;M;F;75XX;EMP
059540020020-8255;059540020020;100mN31462E41428;MC;OS;3;77;M;M;75XX;EMP
059540020020-8255;059540020020;100mN31462E41428;MC;OS;3;82;M;M;75XX;EMP
059540020020-8256;059540020020;100mN31478E41406;S;NA;1;44;M;M;4049;EMP
059540020020-8257;059540020020;100mN31478E41406;S;NA;1;65;D;M;6574;EMP
059540020020-8258;059540020020;100mN31473E41430;MC;OS;2;88;M;F;75XX;EMP
059540020020-8258;059540020020;100mN31473E41430;MC;OS;2;86;M;M;75XX;EMP
059540020020-8259;059540020020;100mN31464E41418;PO;NA;2;55;S;F;5064;EMP
059540020020-8259;059540020020;100mN31464E41418;PO;NA;2;58;S;F;5064;EMP
059540020020-8260;059540020020;100mN31473E41418;MC;NA;4;61;M;M;5064;EMP
059540020020-8260;059540020020;100mN31473E41418;MC;NA;4;37;W;F;3039;NEP
059540020020-8260;059540020020;100mN31473E41418;MC;NA;4;13;S;M;0614;NEP
059540020020-8260;059540020020;100mN31473E41418;MC;NA;4;6;S;M;0614;NEP
059540020020-8261;059540020020;100mN31464E41424;S;OS;1;71;W;F;6574;NEP
059540020020-8262;059540020020;100mN31478E41406;MC;OS;3;66;M;F;6574;EMP
059540020020-8262;059540020020;100mN31478E41406;MC;OS;3;72;M;M;6574;EMP
059540020020-8262;059540020020;100mN31478E41406;MC;OS;3;68;S;F;6574;EMP
059540020020-8263;059540020020;100mN31478E41406;MC;OS;2;83;M;M;75XX;EMP
059540020020-8263;059540020020;100mN31478E41406;MC;OS;2;80;M;F;75XX;EMP
059540020020-8264;059540020020;100mN31478E41406;SF;NA;6;33;W;F;3039;EMP
059540020020-8264;059540020020;100mN31478E41406;SF;NA;6;18;M;F;1824;NEP
059540020020-8264;059540020020;100mN31478E41406;SF;NA;6;11;S;F;0614;NEP
059540020020-8264;059540020020;100mN31478E41406;SF;NA;6;1;S;M;0003;NEP
059540020020-8264;059540020020;100mN31478E41406;SF;NA;6;3;S;M;0305;NEP
059540020020-8264;059540020020;100mN31478E41406;SF;NA;6;9;S;F;0614;NEP
059540020020-8265;059540020020;100mN31478E41406;S;OS;1;69;M;F;6574;NEP
059540020020-8266;059540020020;100mN31493E41410;S;NA;1;23;S;M;1824;NEP
059540020020-8267;059540020020;100mN31478E41406;MC;OS;2;69;M;F;6574;EMP
059540020020-8267;059540020020;100mN31478E41406;MC;OS;2;69;M;M;6574;NEP
059540020020-8268;059540020020;100mN31478E41406;MC;MIX;4;69;M;M;6574;NEP
059540020020-8268;059540020020;100mN31478E41406;MC;MIX;4;41;M;M;4049;EMP
059540020020-8268;059540020020;100mN31478E41406;MC;MIX;4;46;M;F;4049;EMP
059540020020-8268;059540020020;100mN31478E41406;MC;MIX;4;11;S;M;0614;NEP
059540020020-8269;059540020020;100mN31478E41406;MC;NA;2;59;M;M;5064;EMP
059540020020-8269;059540020020;100mN31478E41406;MC;NA;2;57;M;F;5064;EMP
059540020020-8270;059540020020;100mN31478E41406;SF;NA;2;18;S;F;1824;EMP
059540020020-8270;059540020020;100mN31478E41406;SF;NA;2;3;S;F;0305;NEP
059540020020-8271;059540020020;100mN31481E41414;MC;NA;2;63;M;M;5064;EMP
059540020020-8271;059540020020;100mN31481E41414;MC;NA;2;4;S;F;0305;NEP
059540020020-8272;059540020020;100mN31478E41406;S;NA;1;63;M;M;5064;EMP
059540020020-8273;059540020020;100mN31478E41406;PO;NA;4;57;S;F;5064;EMP
059540020020-8273;059540020020;100mN31478E41406;PO;NA;4;59;S;M;5064;NEP
059540020020-8273;059540020020;100mN31478E41406;PO;NA;4;1;S;M;0003;NEP
059540020020-8273;059540020020;100mN31478E41406;PO;NA;4;8;S;F;0614;NEP
059540020020-8274;059540020020;100mN31478E41406;MC;NA;2;43;M;F;4049;NEP
059540020020-8274;059540020020;100mN31478E41406;MC;NA;2;44;M;M;4049;EMP
059540020020-8275;059540020020;100mN31481E41412;SF;NA;5;47;S;F;4049;NEP
059540020020-8275;059540020020;100mN31481E41412;SF;NA;5;9;S;M;0614;NEP
059540020020-8275;059540020020;100mN31481E41412;SF;NA;5;16;S;M;1517;EMP
059540020020-8275;059540020020;100mN31481E41412;SF;NA;5;1;S;M;0003;NEP
059540020020-8275;059540020020;100mN31481E41412;SF;NA;5;7;S;M;0614;NEP
059540020020-8276;059540020020;100mN31478E41406;SM;MIX;3;75;M;F;75XX;NEP
059540020020-8276;059540020020;100mN31478E41406;SM;MIX;3;34;S;M;3039;EMP
059540020020-8276;059540020020;100mN31478E41406;SM;MIX;3;10;S;M;0614;NEP
059540020020-8277;059540020020;100mN31478E41406;MC;NA;2;63;M;M;5064;EMP
059540020020-8277;059540020020;100mN31478E41406;MC;NA;2;21;S;M;1824;EMP
059540020020-8278;059540020020;100mN31478E41406;S;NA;1;16;S;M;1517;NEP
059540020020-8279;059540020020;100mN31478E41406;S;OS;1;55;M;M;5064;EMP
059540020020-8280;059540020020;100mN31478E41406;MC;NA;3;63;M;F;5064;EMP
059540020020-8280;059540020020;100mN31478E41406;MC;NA;3;31;M;M;3039;EMP
059540020020-8280;059540020020;100mN31478E41406;MC;NA;3;4;S;M;0305;NEP
059540020020-8281;059540020020;100mN31478E41406;S;OS;1;72;S;F;6574;EMP
059540020020-8282;059540020020;100mN31478E41406;MC;NA;2;57;M;F;5064;NEP
059540020020-8282;059540020020;100mN31478E41406;MC;NA;2;61;M;M;5064;EMP
059540020020-8283;059540020020;100mN31478E41406;MC;NA;3;33;M;F;3039;NEP
059540020020-8283;059540020020;100mN31478E41406;MC;NA;3;41;M;M;4049;EMP
059540020020-8283;059540020020;100mN31478E41406;MC;NA;3;2;S;M;0003;NEP
059540020020-8284;059540020020;100mN31478E41406;MC;NA;2;48;M;F;4049;NEP
059540020020-8284;059540020020;100mN31478E41406;MC;NA;2;46;M;M;4049;NEP
059540020020-8285;059540020020;100mN31478E41406;S;NA;1;40;S;M;4049;EMP
059540020020-8286;059540020020;100mN31478E41406;NA;OS;2;65;M;M;6574;EMP
059540020020-8286;059540020020;100mN31478E41406;NA;OS;2;53;M;F;5064;EMP
059540020020-8287;059540020020;100mN31478E41406;S;NA;1;41;S;M;4049;EMP
059540020020-8288;059540020020;100mN31478E41406;S;NA;1;47;S;M;4049;UEP
059540020020-8289;059540020020;100mN31478E41406;SF;NA;2;71;S;F;6574;EMP
059540020020-8289;059540020020;100mN31478E41406;SF;NA;2;9;S;F;0614;NEP
059540020020-8290;059540020020;100mN31494E41439;PO;NA;5;44;S;M;4049;EMP
059540020020-8290;059540020020;100mN31494E41439;PO;NA;5;51;S;M;5064;EMP
059540020020-8290;059540020020;100mN31494E41439;PO;NA;5;20;M;M;1824;UEP
059540020020-8290;059540020020;100mN31494E41439;PO;NA;5;16;S;F;1517;NEP
059540020020-8290;059540020020;100mN31494E41439;PO;NA;5;21;M;M;1824;NEP
059540020020-8291;059540020020;100mN31478E41406;MC;OS;2;72;M;F;6574;NEP
059540020020-8291;059540020020;100mN31478E41406;MC;OS;2;70;M;M;6574;NEP
059540020020-8292;059540020020;100mN31478E41406;MC;NA;2;27;M;F;2529;NEP
059540020020-8292;059540020020;100mN31478E41406;MC;NA;2;28;M;M;2529;EMP
059540020020-8293;059540020020;100mN31478E41406;S;NA;1;18;M;M;1824;NEP
059540020020-8294;059540020020;100mN31478E41406;MC;OS;4;83;M;M;75XX;EMP
059540020020-8294;059540020020;100mN31478E41406;MC;OS;4;77;M;F;75XX;NEP
059540020020-8294;059540020020;100mN31478E41406;MC;OS;4;68;M;M;6574;NEP
059540020020-8294;059540020020;100mN31478E41406;MC;OS;4;68;S;F;6574;NEP
059540020020-8295;059540020020;100mN31478E41406;MC;MIX;4;66;M;F;6574;NEP
059540020020-8295;059540020020;100mN31478E41406;MC;MIX;4;52;M;M;5064;NEP
059540020020-8295;059540020020;100mN31478E41406;MC;MIX;4;50;M;F;5064;EMP
059540020020-8295;059540020020;100mN31478E41406;MC;MIX;4;13;S;F;0614;NEP
059540020020-8296;059540020020;100mN31478E41406;NA;NA;3;21;S;M;1824;NEP
059540020020-8296;059540020020;100mN31478E41406;NA;NA;3;65;M;M;6574;EMP
059540020020-8296;059540020020;100mN31478E41406;NA;NA;3;32;M;M;3039;EMP
059540020020-8297;059540020020;100mN31478E41406;S;OS;1;45;M;F;4049;EMP
059540020020-8298;059540020020;100mN31478E41406;SF;NA;3;50;D;F;5064;EMP
059540020020-8298;059540020020;100mN31478E41406;SF;NA;3;20;W;M;1824;EMP
059540020020-8298;059540020020;100mN31478E41406;SF;NA;3;28;S;F;2529;NEP
059540020020-8299;059540020020;100mN31478E41406;S;NA;1;47;S;F;4049;EMP
059540020020-8300;059540020020;100mN31478E41406;S;OS;1;72;M;F;6574;NEP
059540020020-8301;059540020020;100mN31463E41423;S;OS;1;16;S;F;1517;NEP
059540020020-8302;059540020020;100mN31478E41406;PO;OS;3;75;S;F;75XX;NEP
059540020020-8302;059540020020;100mN31478E41406;PO;OS;3;77;S;F;75XX;EMP
059540020020-8302;059540020020;100mN31478E41406;PO;OS;3;66;W;F;6574;NEP
059540020020-8303;059540020020;100mN31478E41406;MC;NA;2;59;M;M;5064;NEP
059540020020-8303;059540020020;100mN31478E41406;MC;NA;2;55;M;F;5064;NEP
059540020020-8304;059540020020;100mN31478E41406;SM;MIX;4;86;D;F;75XX;EMP
059540020020-8304;059540020020;100mN31478E41406;SM;MIX;4;25;S;M;2529;NEP
059540020020-8304;059540020020;100mN31478E41406;SM;MIX;4;7;S;M;0614;NEP
059540020020-8304;059540020020;100mN31478E41406;SM;MIX;4;8;S;F;0614;NEP
059540020020-8305;059540020020;100mN31478E41406;MC;NA;6;35;M;M;3039;NEP
059540020020-8305;059540020020;100mN31478E41406;MC;NA;6;28;M;F;2529;EMP
059540020020-8305;059540020020;100mN31478E41406;MC;NA;6;3;S;F;0305;NEP
059540020020-8305;059540020020;100mN31478E41406;MC;NA;6;2;S;M;0003;NEP
059540020020-8305;059540020020;100mN31478E41406;MC;NA;6;11;S;M;0614;NEP
059540020020-8305;059540020020;100mN31478E41406;MC;NA;6;10;S;F;0614;NEP
059540020020-8306;059540020020;100mN31478E41406;MC;NA;5;31;M;F;3039;EMP
059540020020-8306;059540020020;100mN31478E41406;MC;NA;5;35;M;M;3039;EMP
059540020020-8306;059540020020;100mN31478E41406;MC;NA;5;16;S;M;1517;EMP
059540020020-8306;059540020020;100mN31478E41406;MC;NA;5;15;S;F;1517;NEP
059540020020-8306;059540020020;100mN31478E41406;MC;NA;5;11;S;F;0614;NEP
059540020020-8307;059540020020;100mN31478E41406;MC;MIX;2;88;M;M;75XX;NEP
059540020020-8307;059540020020;100mN31478E41406;MC;MIX;2;16;S;M;1517;NEP
059540020020-8308;059540020020;100mN31478E41406;S;NA;1;51;S;M;5064;EMP
059540020020-8309;059540020020;100mN31479E41405;SF;NA;3;61;D;F;5064;NEP
059540020020-8309;059540020020;100mN31479E41405;SF;NA;3;6;S;M;0614;NEP
059540020020-8309;059540020020;100mN31479E41405;SF;NA;3;7;S;F;0614;NEP
059540020020-8310;059540020020;100mN31479E41405;MC;NA;6;25;M;F;2529;NEP
059540020020-8310;059540020020;100mN31479E41405;MC;NA;6;28;M;M;2529;EMP
059540020020-8310;059540020020;100mN31479E41405;MC;NA;6;2;S;M;0003;NEP
059540020020-8310;059540020020;100mN31479E41405;MC;NA;6;1;S;F;0003;NEP
059540020020-8310;059540020020;100mN31479E41405;MC;NA;6;0;S;F;0003;NEP
059540020020-8310;059540020020;100mN31479E41405;MC;NA;6;0;S;F;0003;NEP
059540020020-8311;059540020020;100mN31479E41405;S;NA;1;80;M;F;75XX;EMP
059540020020-8312;059540020020;100mN31479E41405;S;OS;1;48;S;M;4049;UEP
059540020020-8313;059540020020;100mN31479E41405;S;NA;1;50;D;F;5064;EMP
059540020020-8314;059540020020;100mN31486E41435;PO;NA;2;46;S;M;4049;EMP
059540020020-8314;059540020020;100mN31486E41435;PO;NA;2;48;S;M;4049;NEP
059540020020-8315;059540020020;100mN31472E41420;MC;NA;2;54;M;M;5064;EMP
059540020020-8315;059540020020;100mN31472E41420;MC;NA;2;55;M;F;5064;EMP
059540020020-8316;059540020020;100mN31479E41405;S;NA;1;40;M;F;4049;NEP
059540020020-8317;059540020020;100mN31479E41405;MC;MIX;2;70;M;F;6574;NEP
059540020020-8317;059540020020;100mN31479E41405;MC;MIX;2;67;W;F;6574;NEP
059540020020-8318;059540020020;100mN31478E41422;NA;OS;2;57;M;M;5064;NEP
059540020020-8318;059540020020;100mN31478E41422;NA;OS;2;82;S;M;75XX;EMP
059540020020-8319;059540020020;100mN31478E41422;MC;NA;2;53;M;M;5064;NEP
059540020020-8319;059540020020;100mN31478E41422;MC;NA;2;53;M;F;5064;EMP
059540020020-8320;059540020020;100mN31478E41422;MC;NA;3;43;M;F;4049;NEP
059540020020-8320;059540020020;100mN31478E41422;MC;NA;3;43;M;M;4049;EMP
059540020020-8320;059540020020;100mN31478E41422;MC;NA;3;10;S;F;0614;NEP
059540020020-8321;059540020020;100mN31478E41422;MC;NA;2;48;M;M;4049;NEP
059540020020-8321;059540020020;100mN31478E41422;MC;NA;2;51;M;F;5064;NEP
059540020020-8322;059540020020;100mN31464E41427;S;OS;1;85;M;M;75XX;EMP
059540020020-8323;059540020020;100mN31464E41427;MC;NA;2;41;M;M;4049;EMP
059540020020-8323;059540020020;100mN31464E41427;MC;NA;2;18;M;F;1824;EMP
059540020020-8324;059540020020;100mN31464E41427;MC;NA;2;46;M;M;4049;EMP
059540020020-8324;059540020020;100mN31464E41427;MC;NA;2;40;M;F;4049;EMP
059540020020-8325;059540020020;100mN31467E41423;S;NA;1;51;S;F;5064;NEP
059540020020-8326;059540020020;100mN31464E41427;MC;NA;2;60;M;F;5064;NEP
059540020020-8326;059540020020;100mN31464E41427;MC;NA;2;86;M;M;75XX;EMP
059540020020-8327;059540020020;100mN31464E41427;S;OS;1;63;W;F;5064;NEP
059540020020-8328;059540020020;100mN31464E41427;MC;NA;2;18;M;F;1824;NEP
059540020020-8328;059540020020;100mN31464E41427;MC;NA;2;18;M;M;1824;EMP
059540020020-8329;059540020020;100mN31464E41427;MC;NA;2;54;M;M;5064;EMP
059540020020-8329;059540020020;100mN31464E41427;MC;NA;2;45;M;F;4049;NEP
059540020020-8330;059540020020;100mN31464E41427;S;OS;1;72;M;F;6574;NEP
059540020020-8331;059540020020;100mN31464E41427;S;NA;1;59;S;F;5064;NEP
059540020020-8332;059540020020;100mN31464E41427;MC;NA;2;37;M;M;3039;EMP
059540020020-8332;059540020020;100mN31464E41427;MC;NA;2;35;M;F;3039;EMP
059540020020-8333;059540020020;100mN31464E41427;S;OS;1;59;S;M;5064;EMP
059540020020-8334;059540020020;100mN31464E41427;SF;NA;2;62;W;F;5064;EMP
059540020020-8334;059540020020;100mN31464E41427;SF;NA;2;46;S;F;4049;NEP
059540020020-8335;059540020020;100mN31484E41413;MC;OS;2;81;M;F;75XX;EMP
059540020020-8335;059540020020;100mN31484E41413;MC;OS;2;82;M;M;75XX;NEP
059540020020-8336;059540020020;100mN31464E41427;S;NA;1;16;S;M;1517;EMP
059540020020-8337;059540020020;100mN31464E41427;MC;NA;3;25;M;M;2529;EMP
059540020020-8337;059540020020;100mN31464E41427;MC;NA;3;18;M;F;1824;EMP
059540020020-8337;059540020020;100mN31464E41427;MC;NA;3;8;S;M;0614;NEP
059540020020-8338;059540020020;100mN31464E41427;SF;NA;2;20;S;F;1824;NEP
059540020020-8338;059540020020;100mN31464E41427;SF;NA;2;4;S;F;0305;NEP
059540020020-8339;059540020020;100mN31464E41427;MC;OS;3;66;M;F;6574;NEP
059540020020-8339;059540020020;100mN31464E41427;MC;OS;3;69;M;M;6574;EMP
059540020020-8339;059540020020;100mN31464E41427;MC;OS;3;65;S;M;6574;EMP
059540020020-8340;059540020020;100mN31464E41427;MC;OS;3;70;M;M;6574;EMP
059540020020-8340;059540020020;100mN31464E41427;MC;OS;3;65;M;F;6574;NEP
059540020020-8340;059540020020;100mN31464E41427;MC;OS;3;66;W;F;6574;EMP
059540020020-8341;059540020020;100mN31464E41427;NA;OS;4;19;M;M;1824;NEP
059540020020-8341;059540020020;100mN31464E41427;NA;OS;4;38;M;M;3039;EMP
059540020020-8341;059540020020;100mN31464E41427;NA;OS;4;58;S;M;5064;EMP
059540020020-8341;059540020020;100mN31464E41427;NA;OS;4;59;D;M;5064;EMP
059540020020-8342;059540020020;100mN31464E41427;MC;NA;2;44;M;M;4049;NEP
059540020020-8342;059540020020;100mN31464E41427;MC;NA;2;42;M;F;4049;NEP
059540020020-8343;059540020020;100mN31464E41427;MC;NA;3;27;M;F;2529;NEP
059540020020-8343;059540020020;100mN31464E41427;MC;NA;3;27;M;M;2529;EMP
059540020020-8343;059540020020;100mN31464E41427;MC;NA;3;2;S;F;0003;NEP
059540020020-8344;059540020020;100mN31463E41421;MC;NA;6;42;M;M;4049;NEP
059540020020-8344;059540020020;100mN31463E41421;MC;NA;6;34;M;F;3039;EMP
059540020020-8344;059540020020;100mN31463E41421;MC;NA;6;16;S;F;1517;EMP
059540020020-8344;059540020020;100mN31463E41421;MC;NA;6;15;S;F;1517;EMP
059540020020-8344;059540020020;100mN31463E41421;MC;NA;6;7;S;F;0614;NEP
059540020020-8344;059540020020;100mN31463E41421;MC;NA;6;16;S;M;1517;NEP
059540020020-8345;059540020020;100mN31464E41427;S;OS;1;82;S;M;75XX;NEP
059540020020-8346;059540020020;100mN31464E41427;SM;NA;3;72;S;M;6574;EMP
059540020020-8346;059540020020;100mN31464E41427;SM;NA;3;12;S;M;0614;NEP
059540020020-8346;059540020020;100mN31464E41427;SM;NA;3;42;D;F;4049;NEP
059540020020-8347;059540020020;100mN31464E41427;MC;MIX;2;71;M;F;6574;NEP
059540020020-8347;059540020020;100mN31464E41427;MC;MIX;2;31;M;M;3039;EMP
059540020020-8348;059540020020;100mN31464E41427;MC;NA;4;36;M;M;3039;EMP
059540020020-8348;059540020020;100mN31464E41427;MC;NA;4;33;M;F;3039;EMP
059540020020-8348;059540020020;100mN31464E41427;MC;NA;4;11;S;M;0614;NEP
059540020020-8348;059540020020;100mN31464E41427;MC;NA;4;13;S;M;0614;NEP
059540020020-8349;059540020020;100mN31464E41427;S;OS;1;63;M;F;5064;NEP
059540020020-8350;059540020020;100mN31464E41427;NA;NA;2;47;M;F;4049;NEP
059540020020-8350;059540020020;100mN31464E41427;NA;NA;2;41;M;F;4049;EMP
059540020020-8351;059540020020;100mN31483E41399;NA;NA;2;19;M;M;1824;EMP
059540020020-8351;059540020020;100mN31483E41399;NA;NA;2;80;W;F;75XX;EMP
059540020020-8352;059540020020;100mN31473E41432;MC;MIX;4;73;S;M;6574;EMP
059540020020-8352;059540020020;100mN31473E41432;MC;MIX;4;60;M;F;5064;EMP
059540020020-8352;059540020020;100mN31473E41432;MC;MIX;4;56;M;F;5064;NEP
059540020020-8352;059540020020;100mN31473E41432;MC;MIX;4;2;S;F;0003;NEP
059540020020-8353;059540020020;100mN31483E41414;MC;NA;2;41;M;M;4049;NEP
059540020020-8353;059540020020;100mN31483E41414;MC;NA;2;35;M;F;3039;NEP
059540020020-8354;059540020020;100mN31464E41427;MC;OS;2;71;M;F;6574;EMP
059540020020-8354;059540020020;100mN31464E41427;MC;OS;2;72;M;M;6574;NEP
059540020020-8355;059540020020;100mN31473E41430;MC;OS;2;79;M;F;75XX;NEP
059540020020-8355;059540020020;100mN31473E41430;MC;OS;2;86;M;M;75XX;UEP
059540020020-8356;059540020020;100mN31464E41427;SF;NA;4;70;D;F;6574;NEP
059540020020-8356;059540020020;100mN31464E41427;SF;NA;4;16;S;M;1517;UEP
059540020020-8356;059540020020;100mN31464E41427;SF;NA;4;0;S;F;0003;NEP
059540020020-8356;059540020020;100mN31464E41427;SF;NA;4;12;S;F;0614;NEP
059540020020-8357;059540020020;100mN31464E41427;MC;MIX;2;71;M;F;6574;EMP
059540020020-8357;059540020020;100mN31464E41427;MC;MIX;2;52;M;M;5064;EMP
059540020020-8358;059540020020;100mN31483E41396;S;OS;1;41;W;M;4049;EMP
059540020020-8359;059540020020;100mN31461E41421;MC;NA;2;33;M;M;3039;EMP
059540020020-8359;059540020020;100mN31461E41421;MC;NA;2;40;M;F;4049;NEP
059540020020-8360;059540020020;100mN31463E41421;MC;NA;2;32;M;M;3039;NEP
059540020020-8360;059540020020;100mN31463E41421;MC;NA;2;32;M;F;3039;EMP
059540020020-8361;059540020020;100mN31472E41424;NA;OS;4;35;M;F;3039;NEP
059540020020-8361;059540020020;100mN31472E41424;NA;OS;4;28;W;M;2529;EMP
059540020020-8361;059540020020;100mN31472E41424;NA;OS;4;38;W;F;3039;NEP
059540020020-8361;059540020020;100mN31472E41424;NA;OS;4;53;S;F;5064;NEP
059540020020-8362;059540020020;100mN31461E41421;S;NA;1;25;S;F;2529;EMP
059540020020-8363;059540020020;100mN31461E41421;S;NA;1;71;M;M;6574;NEP
059540020020-8364;059540020020;100mN31461E41421;S;NA;1;40;S;M;4049;EMP
059540020020-8365;059540020020;100mN31461E41421;S;OS;1;53;S;M;5064;NEP
059540020020-8366;059540020020;100mN31461E41421;S;OS;1;32;M;F;3039;NEP
059540020020-8367;059540020020;100mN31461E41421;MC;NA;2;41;M;M;4049;EMP
059540020020-8367;059540020020;100mN31461E41421;MC;NA;2;38;M;F;3039;EMP
059540020020-8368;059540020020;100mN31461E41421;S;NA;1;20;D;F;1824;NEP
059540020020-8369;059540020020;100mN31461E41421;MC;NA;2;50;M;M;5064;NEP
059540020020-8369;059540020020;100mN31461E41421;MC;NA;2;59;M;F;5064;EMP
059540020020-8370;059540020020;100mN31483E41400;S;OS;1;68;D;M;6574;NEP
059540020020-8371;059540020020;100mN31461E41421;S;NA;1;42;M;F;4049;EMP
059540020020-8372;059540020020;100mN31461E41421;MC;NA;6;38;M;F;3039;EMP
059540020020-8372;059540020020;100mN31461E41421;MC;NA;6;41;M;M;4049;NEP
059540020020-8372;059540020020;100mN31461E41421;MC;NA;6;11;S;F;0614;NEP
059540020020-8372;059540020020;100mN31461E41421;MC;NA;6;11;S;M;0614;NEP
059540020020-8372;059540020020;100mN31461E41421;MC;NA;6;13;S;M;0614;NEP
059540020020-8372;059540020020;100mN31461E41421;MC;NA;6;21;S;M;1824;EMP
059540020020-8373;059540020020;100mN31461E41421;MC;NA;2;43;M;F;4049;NEP
059540020020-8373;059540020020;100mN31461E41421;MC;NA;2;51;M;M;5064;EMP
059540020020-8374;059540020020;100mN31461E41421;S;OS;1;56;M;M;5064;NEP
059540020020-8375;059540020020;100mN31461E41421;MC;NA;3;53;M;M;5064;EMP
059540020020-8375;059540020020;100mN31461E41421;MC;NA;3;44;M;F;4049;EMP
059540020020-8375;059540020020;100mN31461E41421;MC;NA;3;9;S;M;0614;NEP
059540020020-8376;059540020020;100mN31494E41432;S;NA;1;80;W;F;75XX;NEP
059540020020-8377;059540020020;100mN31461E41421;SF;NA;2;31;S;F;3039;NEP
059540020020-8377;059540020020;100mN31461E41421;SF;NA;2;11;S;M;0614;NEP
059540020020-8378;059540020020;100mN31461E41421;S;NA;1;86;M;F;75XX;NEP
059540020020-8379;059540020020;100mN31461E41421;S;NA;1;46;M;F;4049;EMP
059540020020-8380;059540020020;100mN31461E41421;MC;NA;2;48;M;M;4049;EMP
059540020020-8380;059540020020;100mN31461E41421;MC;NA;2;43;M;F;4049;NEP
059540020020-8381;059540020020;100mN31483E41405;S;NA;1;43;D;M;4049;NEP
059540020020-8382;059540020020;100mN31485E41400;MC;NA;2;62;M;F;5064;EMP
059540020020-8382;059540020020;100mN31485E41400;MC;NA;2;22;S;F;1824;EMP
059540020020-8383;059540020020;100mN31464E41418;S;NA;1;47;M;M;4049;EMP
059540020020-8384;059540020020;100mN31464E41418;S;OS;1;55;M;M;5064;NEP
059540020020-8385;059540020020;100mN31467E41421;MC;NA;3;47;M;M;4049;NEP
059540020020-8385;059540020020;100mN31467E41421;MC;NA;3;44;M;F;4049;EMP
059540020020-8385;059540020020;100mN31467E41421;MC;NA;3;16;S;F;1517;NEP
059540020020-8386;059540020020;100mN31464E41418;MC;NA;2;25;M;M;2529;EMP
059540020020-8386;059540020020;100mN31464E41418;MC;NA;2;18;M;F;1824;NEP
059540020020-8387;059540020020;100mN31462E41429;SF;NA;4;51;D;F;5064;NEP
059540020020-8387;059540020020;100mN31462E41429;SF;NA;4;35;M;F;3039;EMP
059540020020-8387;059540020020;100mN31462E41429;SF;NA;4;35;D;F;3039;NEP
059540020020-8387;059540020020;100mN31462E41429;SF;NA;4;15;S;F;1517;EMP
059540020020-8388;059540020020;100mN31481E41413;S;NA;1;47;S;M;4049;EMP
059540020020-8389;059540020020;100mN31464E41418;MC;NA;2;56;M;M;5064;NEP
059540020020-8389;059540020020;100mN31464E41418;MC;NA;2;57;M;F;5064;EMP
059540020020-8390;059540020020;100mN31485E41404;S;OS;1;56;D;M;5064;NEP
059540020020-8391;059540020020;100mN31464E41418;SF;NA;3;28;D;F;2529;NEP
059540020020-8391;059540020020;100mN31464E41418;SF;NA;3;8;S;F;0614;NEP
059540020020-8391;059540020020;100mN31464E41418;SF;NA;3;3;S;F;0305;NEP
059540020020-8392;059540020020;100mN31464E41418;MC;NA;2;21;M;F;1824;EMP
059540020020-8392;059540020020;100mN31464E41418;MC;NA;2;20;M;M;1824;EMP
059540020020-8393;059540020020;100mN31490E41421;MC;OS;2;71;M;F;6574;EMP
059540020020-8393;059540020020;100mN31490E41421;MC;OS;2;75;M;M;75XX;EMP
059540020020-8394;059540020020;100mN31464E41418;PO;NA;2;55;S;M;5064;EMP
059540020020-8394;059540020020;100mN31464E41418;PO;NA;2;58;S;F;5064;EMP
059540020020-8395;059540020020;100mN31464E41418;S;OS;1;69;M;F;6574;NEP
059540020020-8396;059540020020;100mN31464E41428;SM;NA;3;51;S;M;5064;NEP
059540020020-8396;059540020020;100mN31464E41428;SM;NA;3;10;S;F;0614;NEP
059540020020-8396;059540020020;100mN31464E41428;SM;NA;3;15;S;M;1517;EMP
059540020020-8397;059540020020;100mN31473E41419;SF;NA;3;66;S;F;6574;EMP
059540020020-8397;059540020020;100mN31473E41419;SF;NA;3;12;S;M;0614;NEP
059540020020-8397;059540020020;100mN31473E41419;SF;NA;3;7;S;M;0614;NEP
059540020020-8398;059540020020;100mN31464E41418;SF;NA;5;86;W;F;75XX;EMP
059540020020-8398;059540020020;100mN31464E41418;SF;NA;5;68;D;M;6574;EMP
059540020020-8398;059540020020;100mN31464E41418;SF;NA;5;3;S;M;0305;NEP
059540020020-8398;059540020020;100mN31464E41418;SF;NA;5;12;S;F;0614;NEP
059540020020-8398;059540020020;100mN31464E41418;SF;NA;5;8;S;M;0614;NEP
059540020020-8399;059540020020;100mN31464E41418;PO;MIX;3;73;S;F;6574;NEP
059540020020-8399;059540020020;100mN31464E41418;PO;MIX;3;27;S;M;2529;NEP
059540020020-8399;059540020020;100mN31464E41418;PO;MIX;3;30;S;M;3039;EMP
059540020020-8400;059540020020;100mN31489E41435;MC;NA;2;44;M;F;4049;NEP
059540020020-8400;059540020020;100mN31489E41435;MC;NA;2;47;M;M;4049;NEP
059540020020-8401;059540020020;100mN31464E41418;S;OS;1;47;S;M;4049;NEP
059540020020-8402;059540020020;100mN31464E41418;MC;NA;2;32;M;F;3039;NEP
059540020020-8402;059540020020;100mN31464E41418;MC;NA;2;34;M;M;3039;EMP
059540020020-8403;059540020020;100mN31464E41418;MC;NA;2;43;M;M;4049;UEP
059540020020-8403;059540020020;100mN31464E41418;MC;NA;2;41;M;F;4049;NEP
059540020020-8404;059540020020;100mN31464E41418;SF;NA;2;82;W;F;75XX;EMP
059540020020-8404;059540020020;100mN31464E41418;SF;NA;2;9;S;F;0614;NEP
059540020020-8405;059540020020;100mN31480E41408;SF;NA;3;51;D;F;5064;NEP
059540020020-8405;059540020020;100mN31480E41408;SF;NA;3;15;S;F;1517;NEP
059540020020-8405;059540020020;100mN31480E41408;SF;NA;3;16;S;F;1517;EMP
059540020020-8406;059540020020;100mN31464E41418;S;NA;1;57;S;F;5064;EMP
059540020020-8407;059540020020;100mN31464E41418;MC;NA;3;41;M;F;4049;NEP
059540020020-8407;059540020020;100mN31464E41418;MC;NA;3;40;M;M;4049;EMP
059540020020-8407;059540020020;100mN31464E41418;MC;NA;3;8;S;F;0614;NEP
059540020020-8408;059540020020;100mN31464E41418;PO;OS;2;89;S;F;75XX;EMP
059540020020-8408;059540020020;100mN31464E41418;PO;OS;2;54;S;M;5064;EMP
059540020020-8409;059540020020;100mN31464E41418;S;OS;1;68;W;F;6574;EMP
059540020020-8410;059540020020;100mN31464E41418;MC;NA;2;30;M;M;3039;NEP
059540020020-8410;059540020020;100mN31464E41418;MC;NA;2;28;M;F;2529;EMP
059540020020-8411;059540020020;100mN31464E41418;S;NA;1;62;D;M;5064;NEP
059540020020-8412;059540020020;100mN31500E41448;PO;MIX;3;77;D;M;75XX;EMP
059540020020-8412;059540020020;100mN31500E41448;PO;MIX;3;48;S;M;4049;EMP
059540020020-8412;059540020020;100mN31500E41448;PO;MIX;3;48;S;M;4049;UEP
059540020020-8413;059540020020;100mN31464E41418;PO;NA;2;56;S;F;5064;NEP
059540020020-8413;059540020020;100mN31464E41418;PO;NA;2;57;S;F;5064;EMP
059540020020-8414;059540020020;100mN31464E41418;S;OS;1;68;W;F;6574;EMP
059540020020-8415;059540020020;100mN31464E41418;NA;NA;2;52;D;M;5064;EMP
059540020020-8415;059540020020;100mN31464E41418;NA;NA;2;82;M;F;75XX;EMP
059540020020-8416;059540020020;100mN31464E41418;PO;NA;2;55;S;F;5064;EMP
059540020020-8416;059540020020;100mN31464E41418;PO;NA;2;58;S;F;5064;EMP
059540020020-8417;059540020020;100mN31464E41418;MC;MIX;2;87;M;M;75XX;EMP
059540020020-8417;059540020020;100mN31464E41418;MC;MIX;2;21;M;F;1824;NEP
059540020020-8418;059540020020;100mN31464E41418;PO;NA;2;44;S;F;4049;NEP
059540020020-8418;059540020020;100mN31464E41418;PO;NA;2;50;S;M;5064;EMP
059540020020-8419;059540020020;100mN31498E41418;S;NA;1;66;W;F;6574;NEP
059540020020-8420;059540020020;100mN31462E41433;S;OS;1;48;D;M;4049;EMP
059540020020-8421;059540020020;100mN31462E41433;MC;MIX;2;84;M;F;75XX;EMP
059540020020-8421;059540020020;100mN31462E41433;MC;MIX;2;55;M;M;5064;EMP
059540020020-8422;059540020020;100mN31493E41410;MC;MIX;5;68;S;M;6574;EMP
059540020020-8422;059540020020;100mN31493E41410;MC;MIX;5;45;M;M;4049;EMP
059540020020-8422;059540020020;100mN31493E41410;MC;MIX;5;18;M;F;1824;EMP
059540020020-8422;059540020020;100mN31493E41410;MC;MIX;5;25;W;F;2529;EMP
059540020020-8422;059540020020;100mN31493E41410;MC;MIX;5;11;S;M;0614;NEP
059540020020-8423;059540020020;100mN31470E41431;MC;NA;2;51;M;F;5064;NEP
059540020020-8423;059540020020;100mN31470E41431;MC;NA;2;53;M;M;5064;EMP
059540020020-8424;059540020020;100mN31462E41433;S;NA;1;23;M;F;1824;EMP
059540020020-8425;059540020020;100mN31498E41439;S;NA;1;72;D;F;6574;EMP
059540020020-8426;059540020020;100mN31498E41439;MC;OS;2;65;M;F;6574;NEP
059540020020-8426;059540020020;100mN31498E41439;MC;OS;2;66;M;M;6574;EMP
059540020020-8427;059540020020;100mN31498E41439;S;OS;1;37;S;F;3039;EMP
059540020020-8428;059540020020;100mN31480E41408;SF;NA;3;51;D;F;5064;NEP
059540020020-8428;059540020020;100mN31480E41408;SF;NA;3;15;S;F;1517;NEP
059540020020-8428;059540020020;100mN31480E41408;SF;NA;3;16;S;F;1517;EMP
059540020020-8429;059540020020;100mN31483E41403;MC;NA;2;52;M;F;5064;EMP
059540020020-8429;059540020020;100mN31483E41403;MC;NA;2;52;M;M;5064;NEP
059540020020-8430;059540020020;100mN31471E41426;MC;NA;2;43;M;M;4049;NEP
059540020020-8430;059540020020;100mN31471E41426;MC;NA;2;34;M;F;3039;EMP
059540020020-8431;059540020020;100mN31488E41413;SF;NA;2;40;S;F;4049;NEP
059540020020-8431;059540020020;100mN31488E41413;SF;NA;2;16;S;M;1517;EMP
059540020020-8432;059540020020;100mN31488E41413;MC;NA;3;48;M;M;4049;EMP
059540020020-8432;059540020020;100mN31488E41413;MC;NA;3;45;M;F;4049;NEP
059540020020-8432;059540020020;100mN31488E41413;MC;NA;3;7;S;F;0614;NEP
059540020020-8433;059540020020;100mN31488E41413;MC;MIX;3;72;S;M;6574;EMP
059540020020-8433;059540020020;100mN31488E41413;MC;MIX;3;51;M;F;5064;EMP
059540020020-8433;059540020020;100mN31488E41413;MC;MIX;3;58;M;M;5064;EMP
059540020020-8434;059540020020;100mN31471E41431;S;NA;1;76;M;M;75XX;EMP
059540020020-8435;059540020020;100mN31471E41431;S;OS;1;33;M;M;3039;EMP
059540020020-8436;059540020020;100mN31472E41432;S;OS;1;52;M;F;5064;EMP
059540020020-8437;059540020020;100mN31471E41431;MC;OS;2;84;M;F;75XX;NEP
059540020020-8437;059540020020;100mN31471E41431;MC;OS;2;82;M;M;75XX;NEP
059540020020-8438;059540020020;100mN31471E41431;S;NA;1;37;S;M;3039;EMP
059540020020-8439;059540020020;100mN31483E41414;S;OS;1;41;W;M;4049;EMP
059540020020-8440;059540020020;100mN31462E41428;MC;NA;6;58;M;F;5064;NEP
059540020020-8440;059540020020;100mN31462E41428;MC;NA;6;62;M;M;5064;EMP
059540020020-8440;059540020020;100mN31462E41428;MC;NA;6;7;S;M;0614;NEP
059540020020-8440;059540020020;100mN31462E41428;MC;NA;6;15;S;F;1517;NEP
059540020020-8440;059540020020;100mN31462E41428;MC;NA;6;0;S;F;0003;NEP
059540020020-8440;059540020020;100mN31462E41428;MC;NA;6;16;S;M;1517;EMP
059540020020-8441;059540020020;100mN31471E41431;S;NA;1;62;W;F;5064;NEP
059540020020-8442;059540020020;100mN31471E41431;S;NA;1;34;W;F;3039;NEP
059540020020-8443;059540020020;100mN31471E41431;S;NA;1;66;S;M;6574;EMP
059540020020-8444;059540020020;100mN31471E41431;MC;NA;2;43;M;M;4049;NEP
059540020020-8444;059540020020;100mN31471E41431;MC;NA;2;41;M;F;4049;EMP
059540020020-8445;059540020020;100mN31471E41431;PO;OS;3;88;S;F;75XX;NEP
059540020020-8445;059540020020;100mN31471E41431;PO;OS;3;89;S;M;75XX;EMP
059540020020-8445;059540020020;100mN31471E41431;PO;OS;3;77;M;M;75XX;NEP
059540020020-8446;059540020020;100mN31471E41431;MC;OS;2;83;M;F;75XX;NEP
059540020020-8446;059540020020;100mN31471E41431;MC;OS;2;82;M;M;75XX;NEP
059540020020-8447;059540020020;100mN31471E41431;MC;NA;3;35;M;M;3039;NEP
059540020020-8447;059540020020;100mN31471E41431;MC;NA;3;38;M;F;3039;NEP
059540020020-8447;059540020020;100mN31471E41431;MC;NA;3;19;D;M;1824;NEP
059540020020-8448;059540020020;100mN31471E41431;MC;OS;3;73;M;F;6574;EMP
059540020020-8448;059540020020;100mN31471E41431;MC;OS;3;76;M;M;75XX;NEP
059540020020-8448;059540020020;100mN31471E41431;MC;OS;3;81;W;F;75XX;NEP
059540020020-8449;059540020020;100mN31471E41431;SF;NA;2;87;W;F;75XX;NEP
059540020020-8449;059540020020;100mN31471E41431;SF;NA;2;65;M;M;6574;EMP
059540020020-8450;059540020020;100mN31464E41424;MC;NA;4;40;M;M;4049;EMP
059540020020-8450;059540020020;100mN31464E41424;MC;NA;4;32;M;F;3039;NEP
059540020020-8450;059540020020;100mN31464E41424;MC;NA;4;8;S;F;0614;NEP
059540020020-8450;059540020020;100mN31464E41424;MC;NA;4;13;S;F;0614;NEP
059540020020-8451;059540020020;100mN31471E41431;SF;NA;3;37;D;F;3039;NEP
059540020020-8451;059540020020;100mN31471E41431;SF;NA;3;4;S;F;0305;NEP
059540020020-8451;059540020020;100mN31471E41431;SF;NA;3;6;S;F;0614;NEP
059540020020-8452;059540020020;100mN31471E41431;S;OS;1;21;M;M;1824;EMP
059540020020-8453;059540020020;100mN31471E41431;S;OS;1;16;S;M;1517;NEP
059540020020-8454;059540020020;100mN31471E41431;SF;NA;3;81;W;F;75XX;NEP
059540020020-8454;059540020020;100mN31471E41431;SF;NA;3;11;S;M;0614;NEP
059540020020-8454;059540020020;100mN31471E41431;SF;NA;3;4;S;M;0305;NEP
059540020020-8455;059540020020;100mN31471E41431;S;OS;1;37;M;M;3039;NEP
059540020020-8456;059540020020;100mN31471E41431;SF;NA;3;45;W;F;4049;NEP
059540020020-8456;059540020020;100mN31471E41431;SF;NA;3;12;S;F;0614;NEP
059540020020-8456;059540020020;100mN31471E41431;SF;NA;3;13;S;F;0614;NEP
059540020020-8457;059540020020;100mN31485E41409;S;OS;1;43;M;F;4049;EMP
059540020020-8458;059540020020;100mN31471E41431;PO;OS;3;75;S;F;75XX;NEP
059540020020-8458;059540020020;100mN31471E41431;PO;OS;3;80;S;M;75XX;NEP
059540020020-8458;059540020020;100mN31471E41431;PO;OS;3;83;M;M;75XX;EMP
059540020020-8459;059540020020;100mN31483E41413;S;NA;1;60;W;F;5064;EMP
059540020020-8460;059540020020;100mN31471E41431;MC;NA;4;47;M;F;4049;EMP
059540020020-8460;059540020020;100mN31471E41431;MC;NA;4;50;M;M;5064;NEP
059540020020-8460;059540020020;100mN31471E41431;MC;NA;4;8;S;M;0614;NEP
059540020020-8460;059540020020;100mN31471E41431;MC;NA;4;8;S;F;0614;NEP
059540020020-8461;059540020020;100mN31472E41424;S;OS;1;46;W;F;4049;NEP
059540020020-8462;059540020020;100mN31494E41441;MC;MIX;4;77;M;F;75XX;NEP
059540020020-8462;059540020020;100mN31494E41441;MC;MIX;4;42;M;M;4049;EMP
059540020020-8462;059540020020;100mN31494E41441;MC;MIX;4;18;M;F;1824;EMP
059540020020-8462;059540020020;100mN31494E41441;MC;MIX;4;19;D;F;1824;EMP
059540020020-8463;059540020020;100mN31467E41421;MC;NA;5;54;M;M;5064;EMP
059540020020-8463;059540020020;100mN31467E41421;MC;NA;5;47;M;F;4049;EMP
059540020020-8463;059540020020;100mN31467E41421;MC;NA;5;9;S;F;0614;NEP
059540020020-8463;059540020020;100mN31467E41421;MC;NA;5;18;S;M;1824;EMP
059540020020-8463;059540020020;100mN31467E41421;MC;NA;5;13;S;M;0614;NEP
059540020020-8464;059540020020;100mN31494E41441;MC;NA;2;37;M;M;3039;NEP
059540020020-8464;059540020020;100mN31494E41441;MC;NA;2;38;M;F;3039;EMP
059540020020-8465;059540020020;100mN31494E41441;S;OS;1;31;M;F;3039;EMP
059540020020-8466;059540020020;100mN31494E41441;S;OS;1;62;W;F;5064;NEP
059540020020-8467;059540020020;100mN31494E41441;S;NA;1;69;M;M;6574;NEP
059540020020-8468;059540020020;100mN31480E41408;MC;NA;2;53;M;F;5064;EMP
059540020020-8468;059540020020;100mN31480E41408;MC;NA;2;53;M;M;5064;NEP
059540020020-8469;059540020020;100mN31494E41441;S;NA;1;16;S;M;1517;NEP
059540020020-8470;059540020020;100mN31494E41425;SF;NA;3;18;D;F;1824;EMP
059540020020-8470;059540020020;100mN31494E41425;SF;NA;3;1;S;M;0003;NEP
059540020020-8470;059540020020;100mN31494E41425;SF;NA;3;1;S;F;0003;NEP
059540020020-8471;059540020020;100mN31479E41403;S;OS;1;51;S;M;5064;EMP
059540020020-8472;059540020020;100mN31494E41425;MC;NA;5;53;M;F;5064;NEP
059540020020-8472;059540020020;100mN31494E41425;MC;NA;5;53;M;M;5064;EMP
059540020020-8472;059540020020;100mN31494E41425;MC;NA;5;0;S;F;0003;NEP
059540020020-8472;059540020020;100mN31494E41425;MC;NA;5;7;S;F;0614;NEP
059540020020-8472;059540020020;100mN31494E41425;MC;NA;5;34;W;F;3039;EMP
059540020020-8473;059540020020;100mN31494E41425;MC;NA;2;25;M;M;2529;EMP
059540020020-8473;059540020020;100mN31494E41425;MC;NA;2;22;M;F;1824;NEP
059540020020-8474;059540020020;100mN31494E41425;MC;NA;4;48;M;F;4049;EMP
059540020020-8474;059540020020;100mN31494E41425;MC;NA;4;48;M;M;4049;EMP
059540020020-8474;059540020020;100mN31494E41425;MC;NA;4;7;S;M;0614;NEP
059540020020-8474;059540020020;100mN31494E41425;MC;NA;4;18;S;M;1824;UEP
059540020020-8475;059540020020;100mN31483E41405;S;NA;1;59;D;M;5064;EMP
059540020020-8476;059540020020;100mN31494E41425;MC;NA;3;56;M;M;5064;EMP
059540020020-8476;059540020020;100mN31494E41425;MC;NA;3;55;M;F;5064;EMP
059540020020-8476;059540020020;100mN31494E41425;MC;NA;3;4;S;F;0305;NEP
059540020020-8477;059540020020;100mN31494E41425;MC;NA;2;41;M;M;4049;EMP
059540020020-8477;059540020020;100mN31494E41425;MC;NA;2;35;M;F;3039;NEP
059540020020-8478;059540020020;100mN31490E41445;MC;NA;2;42;M;M;4049;EMP
059540020020-8478;059540020020;100mN31490E41445;MC;NA;2;40;M;F;4049;NEP
059540020020-8479;059540020020;100mN31490E41445;MC;OS;2;80;M;F;75XX;EMP
059540020020-8479;059540020020;100mN31490E41445;MC;OS;2;88;M;M;75XX;UEP
059540020020-8480;059540020020;100mN31490E41445;MC;OS;4;71;M;F;6574;EMP
059540020020-8480;059540020020;100mN31490E41445;MC;OS;4;69;M;M;6574;NEP
059540020020-8480;059540020020;100mN31490E41445;MC;OS;4;69;S;F;6574;EMP
059540020020-8480;059540020020;100mN31490E41445;MC;OS;4;69;W;F;6574;EMP
059540020020-8481;059540020020;100mN31478E41415;S;OS;1;50;M;M;5064;NEP
059540020020-8482;059540020020;100mN31478E41415;MC;OS;3;72;M;M;6574;EMP
059540020020-8482;059540020020;100mN31478E41415;MC;OS;3;70;M;F;6574;NEP
059540020020-8482;059540020020;100mN31478E41415;MC;OS;3;86;M;F;75XX;NEP
059540020020-8483;059540020020;100mN31478E41415;S;NA;1;43;S;F;4049;EMP
059540020020-8484;059540020020;100mN31477E41404;MC;NA;2;62;M;M;5064;EMP
059540020020-8484;059540020020;100mN31477E41404;MC;NA;2;54;M;F;5064;NEP
059540020020-8485;059540020020;100mN31477E41404;MC;OS;3;79;M;M;75XX;EMP
059540020020-8485;059540020020;100mN31477E41404;MC;OS;3;72;M;F;6574;NEP
059540020020-8485;059540020020;100mN31477E41404;MC;OS;3;78;S;M;75XX;NEP
059540020020-8486;059540020020;100mN31481E41410;PO;OS;2;82;S;F;75XX;NEP
059540020020-8486;059540020020;100mN31481E41410;PO;OS;2;83;S;M;75XX;NEP
059540020020-8487;059540020020;100mN31477E41404;S;NA;1;72;M;M;6574;EMP
059540020020-8488;059540020020;100mN31477E41404;PO;NA;2;44;S;M;4049;EMP
059540020020-8488;059540020020;100mN31477E41404;PO;NA;2;51;S;F;5064;EMP
059540020020-8489;059540020020;100mN31467E41421;PO;NA;3;58;S;F;5064;EMP
059540020020-8489;059540020020;100mN31467E41421;PO;NA;3;57;S;F;5064;EMP
059540020020-8489;059540020020;100mN31467E41421;PO;NA;3;10;S;M;0614;NEP
059540020020-8490;059540020020;100mN31477E41404;MC;OS;2;73;M;M;6574;NEP
059540020020-8490;059540020020;100mN31477E41404;MC;OS;2;66;M;F;6574;EMP
059540020020-8491;059540020020;100mN31477E41404;MC;NA;2;20;M;F;1824;EMP
059540020020-8491;059540020020;100mN31477E41404;MC;NA;2;27;M;M;2529;EMP
059540020020-8492;059540020020;100mN31477E41404;MC;OS;2;65;M;M;6574;NEP
059540020020-8492;059540020020;100mN31477E41404;MC;OS;2;67;M;F;6574;NEP
059540020020-8493;059540020020;100mN31477E41404;MC;OS;2;65;M;M;6574;EMP
059540020020-8493;059540020020;100mN31477E41404;MC;OS;2;68;M;F;6574;EMP
059540020020-8494;059540020020;100mN31477E41404;MC;NA;4;58;M;F;5064;NEP
059540020020-8494;059540020020;100mN31477E41404;MC;NA;4;60;M;M;5064;UEP
059540020020-8494;059540020020;100mN31477E41404;MC;NA;4;9;S;F;0614;NEP
059540020020-8494;059540020020;100mN31477E41404;MC;NA;4;2;S;M;0003;NEP
059540020020-8495;059540020020;100mN31477E41404;MC;OS;2;79;M;F;75XX;EMP
059540020020-8495;059540020020;100mN31477E41404;MC;OS;2;80;M;M;75XX;NEP
059540020020-8496;059540020020;100mN31477E41404;MC;NA;2;40;M;F;4049;NEP
059540020020-8496;059540020020;100mN31477E41404;MC;NA;2;44;M;M;4049;NEP
059540020020-8497;059540020020;100mN31477E41404;MC;NA;2;37;M;M;3039;EMP
059540020020-8497;059540020020;100mN31477E41404;MC;NA;2;46;M;F;4049;EMP
059540020020-8498;059540020020;100mN31467E41421;MC;NA;5;54;M;M;5064;EMP
059540020020-8498;059540020020;100mN31467E41421;MC;NA;5;47;M;F;4049;EMP
059540020020-8498;059540020020;100mN31467E41421;MC;NA;5;9;S;F;0614;NEP
059540020020-8498;059540020020;100mN31467E41421;MC;NA;5;18;S;M;1824;EMP
059540020020-8498;059540020020;100mN31467E41421;MC;NA;5;13;S;M;0614;NEP
059540020020-8499;059540020020;100mN31477E41404;MC;NA;2;58;M;F;5064;NEP
059540020020-8499;059540020020;100mN31477E41404;MC;NA;2;59;M;M;5064;EMP
059540020020-8500;059540020020;100mN31481E41409;S;NA;1;68;D;F;6574;NEP
059540020020-8501;059540020020;100mN31477E41404;MC;MIX;4;75;M;F;75XX;EMP
059540020020-8501;059540020020;100mN31477E41404;MC;MIX;4;19;M;F;1824;EMP
059540020020-8501;059540020020;100mN31477E41404;MC;MIX;4;18;M;M;1824;EMP
059540020020-8501;059540020020;100mN31477E41404;MC;MIX;4;2;S;M;0003;NEP
059540020020-8502;059540020020;100mN31479E41402;MC;OS;3;70;M;F;6574;EMP
059540020020-8502;059540020020;100mN31479E41402;MC;OS;3;69;M;M;6574;EMP
059540020020-8502;059540020020;100mN31479E41402;MC;OS;3;70;S;M;6574;EMP
059540020020-8503;059540020020;100mN31485E41401;S;OS;1;16;S;M;1517;NEP
059540020020-8504;059540020020;100mN31479E41402;MC;OS;4;68;M;M;6574;EMP
059540020020-8504;059540020020;100mN31479E41402;MC;OS;4;66;M;F;6574;EMP
059540020020-8504;059540020020;100mN31479E41402;MC;OS;4;81;M;M;75XX;EMP
059540020020-8504;059540020020;100mN31479E41402;MC;OS;4;76;M;M;75XX;NEP
059540020020-8505;059540020020;100mN31479E41402;S;NA;1;59;S;F;5064;EMP
059540020020-8506;059540020020;100mN31479E41402;MC;OS;3;66;M;F;6574;EMP
059540020020-8506;059540020020;100mN31479E41402;MC;OS;3;69;M;M;6574;NEP
059540020020-8506;059540020020;100mN31479E41402;MC;OS;3;84;W;F;75XX;EMP
059540020020-8507;059540020020;100mN31479E41402;S;NA;1;85;M;F;75XX;EMP
059540020020-8508;059540020020;100mN31479E41402;S;NA;1;32;S;M;3039;EMP
059540020020-8509;059540020020;100mN31479E41402;S;OS;1;43;D;F;4049;NEP
059540020020-8510;059540020020;100mN31479E41402;MC;MIX;2;86;M;M;75XX;UEP
059540020020-8510;059540020020;100mN31479E41402;MC;MIX;2;75;W;F;75XX;NEP
059540020020-8511;059540020020;100mN31479E41402;MC;MIX;2;66;M;F;6574;NEP
059540020020-8511;059540020020;100mN31479E41402;MC;MIX;2;30;W;F;3039;NEP
059540020020-8512;059540020020;100mN31479E41402;MC;OS;2;69;M;F;6574;NEP
059540020020-8512;059540020020;100mN31479E41402;MC;OS;2;75;M;M;75XX;EMP
059540020020-8513;059540020020;100mN31479E41402;S;NA;1;81;M;F;75XX;NEP
059540020020-8514;059540020020;100mN31494E41437;S;NA;1;43;M;M;4049;NEP
059540020020-8515;059540020020;100mN31479E41402;MC;OS;2;71;M;F;6574;NEP
059540020020-8515;059540020020;100mN31479E41402;MC;OS;2;77;M;M;75XX;EMP
059540020020-8516;059540020020;100mN31479E41402;MC;OS;2;65;M;M;6574;NEP
059540020020-8516;059540020020;100mN31479E41402;MC;OS;2;65;M;F;6574;EMP
059540020020-8517;059540020020;100mN31484E41415;S;NA;1;53;S;F;5064;EMP
059540020020-8518;059540020020;100mN31481E41392;MC;OS;3;83;M;F;75XX;NEP
059540020020-8518;059540020020;100mN31481E41392;MC;OS;3;84;M;M;75XX;EMP
059540020020-8518;059540020020;100mN31481E41392;MC;OS;3;67;D;F;6574;NEP
059540020020-8519;059540020020;100mN31481E41392;S;NA;1;53;M;F;5064;EMP
059540020020-8520;059540020020;100mN31472E41422;PO;NA;4;46;S;F;4049;NEP
059540020020-8520;059540020020;100mN31472E41422;PO;NA;4;48;S;F;4049;EMP
059540020020-8520;059540020020;100mN31472E41422;PO;NA;4;3;S;M;0305;NEP
059540020020-8520;059540020020;100mN31472E41422;PO;NA;4;11;S;F;0614;NEP
059540020020-8521;059540020020;100mN31483E41413;S;NA;1;57;S;M;5064;NEP
059540020020-8522;059540020020;100mN31466E41428;MC;NA;2;41;M;F;4049;EMP
059540020020-8522;059540020020;100mN31466E41428;MC;NA;2;41;M;M;4049;EMP
059540020020-8523;059540020020;100mN31467E41423;MC;OS;4;72;M;F;6574;NEP
059540020020-8523;059540020020;100mN31467E41423;MC;OS;4;79;M;M;75XX;EMP
059540020020-8523;059540020020;100mN31467E41423;MC;OS;4;69;M;M;6574;EMP
059540020020-8523;059540020020;100mN31467E41423;MC;OS;4;67;D;M;6574;EMP
059540020020-8524;059540020020;100mN31467E41423;MC;NA;2;21;M;F;1824;EMP
059540020020-8524;059540020020;100mN31467E41423;MC;NA;2;25;M;M;2529;EMP
059540020020-8525;059540020020;100mN31467E41423;S;NA;1;53;M;F;5064;EMP
059540020020-8526;059540020020;100mN31467E41423;SM;NA;3;35;S;M;3039;EMP
059540020020-8526;059540020020;100mN31467E41423;SM;NA;3;3;S;M;0305;NEP
059540020020-8526;059540020020;100mN31467E41423;SM;NA;3;1;S;M;0003;NEP
059540020020-8527;059540020020;100mN31467E41423;MC;NA;2;57;M;M;5064;NEP
059540020020-8527;059540020020;100mN31467E41423;MC;NA;2;60;M;F;5064;NEP
059540020020-8528;059540020020;100mN31467E41423;PO;NA;2;46;S;F;4049;NEP
059540020020-8528;059540020020;100mN31467E41423;PO;NA;2;52;S;F;5064;NEP
059540020020-8529;059540020020;100mN31467E41423;S;OS;1;59;M;M;5064;EMP
059540020020-8530;059540020020;100mN31467E41423;PO;NA;2;40;S;F;4049;NEP
059540020020-8530;059540020020;100mN31467E41423;PO;NA;2;43;S;F;4049;NEP
059540020020-8531;059540020020;100mN31467E41423;MC;NA;5;37;M;M;3039;EMP
059540020020-8531;059540020020;100mN31467E41423;MC;NA;5;36;M;F;3039;NEP
059540020020-8531;059540020020;100mN31467E41423;MC;NA;5;9;S;F;0614;NEP
059540020020-8531;059540020020;100mN31467E41423;MC;NA;5;8;S;M;0614;NEP
059540020020-8531;059540020020;100mN31467E41423;MC;NA;5;6;S;M;0614;NEP
059540020020-8532;059540020020;100mN31467E41423;S;NA;1;66;M;M;6574;UEP
059540020020-8533;059540020020;100mN31467E41423;S;NA;1;53;M;F;5064;NEP
059540020020-8534;059540020020;100mN31467E41423;SF;NA;2;36;D;F;3039;EMP
059540020020-8534;059540020020;100mN31467E41423;SF;NA;2;15;S;F;1517;NEP
059540020020-8535;059540020020;100mN31467E41423;S;NA;1;51;S;F;5064;NEP
059540020020-8536;059540020020;100mN31467E41423;S;NA;1;60;M;F;5064;EMP
059540020020-8537;059540020020;100mN31467E41423;SF;NA;2;36;W;F;3039;EMP
059540020020-8537;059540020020;100mN31467E41423;SF;NA;2;19;S;M;1824;EMP
059540020020-8538;059540020020;100mN31467E41423;MC;NA;2;41;M;M;4049;EMP
059540020020-8538;059540020020;100mN31467E41423;MC;NA;2;33;M;F;3039;NEP
059540020020-8539;059540020020;100mN31467E41423;MC;MIX;2;71;M;M;6574;NEP
059540020020-8539;059540020020;100mN31467E41423;MC;MIX;2;63;M;F;5064;NEP
059540020020-8540;059540020020;100mN31467E41423;S;OS;1;51;M;M;5064;EMP
059540020020-8541;059540020020;100mN31467E41423;MC;NA;2;20;M;F;1824;EMP
059540020020-8541;059540020020;100mN31467E41423;MC;NA;2;25;M;M;2529;EMP
059540020020-8542;059540020020;100mN31467E41423;S;OS;1;56;M;M;5064;EMP
059540020020-8543;059540020020;100mN31467E41422;MC;NA;2;62;M;M;5064;EMP
059540020020-8543;059540020020;100mN31467E41422;MC;NA;2;53;M;F;5064;EMP
059540020020-8544;059540020020;100mN31500E41446;S;NA;1;57;W;M;5064;EMP
059540020020-8545;059540020020;100mN31467E41423;S;OS;1;41;S;F;4049;EMP
059540020020-8546;059540020020;100mN31467E41423;MC;OS;2;65;M;M;6574;EMP
059540020020-8546;059540020020;100mN31467E41423;MC;OS;2;77;M;F;75XX;EMP
059540020020-8547;059540020020;100mN31467E41423;MC;NA;3;28;M;F;2529;NEP
059540020020-8547;059540020020;100mN31467E41423;MC;NA;3;32;M;M;3039;EMP
059540020020-8547;059540020020;100mN31467E41423;MC;NA;3;8;S;F;0614;NEP
059540020020-8548;059540020020;100mN31481E41409;S;OS;1;48;M;M;4049;NEP
059540020020-8549;059540020020;100mN31467E41423;S;NA;1;58;W;F;5064;NEP
059540020020-8550;059540020020;100mN31497E41434;MC;OS;2;86;M;M;75XX;EMP
059540020020-8550;059540020020;100mN31497E41434;MC;OS;2;86;M;F;75XX;EMP
059540020020-8551;059540020020;100mN31473E41418;MC;MIX;4;67;M;M;6574;NEP
059540020020-8551;059540020020;100mN31473E41418;MC;MIX;4;43;M;M;4049;EMP
059540020020-8551;059540020020;100mN31473E41418;MC;MIX;4;18;M;F;1824;EMP
059540020020-8551;059540020020;100mN31473E41418;MC;MIX;4;16;S;M;1517;NEP
059540020020-8552;059540020020;100mN31497E41434;S;OS;1;21;M;F;1824;EMP
059540020020-8553;059540020020;100mN31493E41407;S;NA;1;40;S;M;4049;EMP
059540020020-8554;059540020020;100mN31497E41434;S;NA;1;36;D;M;3039;NEP
059540020020-8555;059540020020;100mN31497E41434;S;OS;1;46;M;F;4049;EMP
059540020020-8556;059540020020;100mN31489E41421;MC;OS;2;66;M;F;6574;NEP
059540020020-8556;059540020020;100mN31489E41421;MC;OS;2;67;M;M;6574;NEP
059540020020-8557;059540020020;100mN31489E41421;S;NA;1;34;M;F;3039;EMP
059540020020-8558;059540020020;100mN31489E41421;SF;MIX;2;65;S;F;6574;NEP
059540020020-8558;059540020020;100mN31489E41421;SF;MIX;2;42;S;M;4049;NEP
059540020020-8559;059540020020;100mN31483E41400;S;NA;1;21;M;M;1824;EMP
059540020020-8560;059540020020;100mN31489E41421;S;NA;1;35;S;M;3039;NEP
059540020020-8561;059540020020;100mN31489E41421;MC;NA;4;55;M;M;5064;EMP
059540020020-8561;059540020020;100mN31489E41421;MC;NA;4;59;M;F;5064;EMP
059540020020-8561;059540020020;100mN31489E41421;MC;NA;4;16;S;F;1517;EMP
059540020020-8561;059540020020;100mN31489E41421;MC;NA;4;31;M;M;3039;NEP
059540020020-8562;059540020020;100mN31489E41421;NA;NA;3;44;S;M;4049;NEP
059540020020-8562;059540020020;100mN31489E41421;NA;NA;3;57;S;F;5064;EMP
059540020020-8562;059540020020;100mN31489E41421;NA;NA;3;51;M;M;5064;EMP
059540020020-8563;059540020020;100mN31489E41421;S;NA;1;38;D;M;3039;EMP
059540020020-8564;059540020020;100mN31489E41421;S;NA;1;54;M;M;5064;NEP
059540020020-8565;059540020020;100mN31483E41405;MC;NA;2;19;M;M;1824;EMP
059540020020-8565;059540020020;100mN31483E41405;MC;NA;2;18;M;F;1824;NEP
059540020020-8566;059540020020;100mN31472E41422;MC;NA;6;45;M;F;4049;EMP
059540020020-8566;059540020020;100mN31472E41422;MC;NA;6;48;M;M;4049;EMP
059540020020-8566;059540020020;100mN31472E41422;MC;NA;6;4;S;M;0305;NEP
059540020020-8566;059540020020;100mN31472E41422;MC;NA;6;9;S;F;0614;NEP
059540020020-8566;059540020020;100mN31472E41422;MC;NA;6;1;S;M;0003;NEP
059540020020-8566;059540020020;100mN31472E41422;MC;NA;6;16;S;M;1517;NEP
059540020020-8567;059540020020;100mN31472E41422;PO;NA;4;46;S;F;4049;NEP
059540020020-8567;059540020020;100mN31472E41422;PO;NA;4;48;S;F;4049;EMP
059540020020-8567;059540020020;100mN31472E41422;PO;NA;4;3;S;M;0305;NEP
059540020020-8567;059540020020;100mN31472E41422;PO;NA;4;11;S;F;0614;NEP
059540020020-8568;059540020020;100mN31489E41421;MC;NA;3;41;M;F;4049;EMP
059540020020-8568;059540020020;100mN31489E41421;MC;NA;3;44;M;M;4049;UEP
059540020020-8568;059540020020;100mN31489E41421;MC;NA;3;25;M;F;2529;EMP
059540020020-8569;059540020020;100mN31489E41421;S;OS;1;45;M;F;4049;NEP
059540020020-8570;059540020020;100mN31489E41421;SF;NA;2;52;S;F;5064;NEP
059540020020-8570;059540020020;100mN31489E41421;SF;NA;2;0;S;F;0003;NEP
059540020020-8571;059540020020;100mN31489E41421;S;OS;1;20;M;F;1824;NEP
059540020020-8572;059540020020;100mN31483E41413;S;OS;1;26;M;F;2529;EMP
059540020020-8573;059540020020;100mN31494E41435;SM;NA;2;58;D;M;5064;NEP
059540020020-8573;059540020020;100mN31494E41435;SM;NA;2;38;S;M;3039;EMP
059540020020-8574;059540020020;100mN31501E41435;PO;OS;4;80;S;M;75XX;EMP
059540020020-8574;059540020020;100mN31501E41435;PO;OS;4;78;S;M;75XX;NEP
059540020020-8574;059540020020;100mN31501E41435;PO;OS;4;66;S;M;6574;EMP
059540020020-8574;059540020020;100mN31501E41435;PO;OS;4;89;M;F;75XX;NEP
059540020020-8575;059540020020;100mN31489E41421;MC;NA;5;56;M;F;5064;EMP
059540020020-8575;059540020020;100mN31489E41421;MC;NA;5;58;M;M;5064;NEP
059540020020-8575;059540020020;100mN31489E41421;MC;NA;5;15;S;F;1517;NEP
059540020020-8575;059540020020;100mN31489E41421;MC;NA;5;16;S;F;1517;EMP
059540020020-8575;059540020020;100mN31489E41421;MC;NA;5;13;S;M;0614;NEP
059540020020-8576;059540020020;100mN31489E41421;MC;OS;4;67;M;F;6574;EMP
059540020020-8576;059540020020;100mN31489E41421;MC;OS;4;72;M;M;6574;EMP
059540020020-8576;059540020020;100mN31489E41421;MC;OS;4;67;M;M;6574;NEP
059540020020-8576;059540020020;100mN31489E41421;MC;OS;4;73;M;M;6574;EMP
059540020020-8577;059540020020;100mN31489E41421;MC;NA;6;26;M;M;2529;EMP
059540020020-8577;059540020020;100mN31489E41421;MC;NA;6;18;M;F;1824;NEP
059540020020-8577;059540020020;100mN31489E41421;MC;NA;6;10;S;F;0614;NEP
059540020020-8577;059540020020;100mN31489E41421;MC;NA;6;4;S;F;0305;NEP
059540020020-8577;059540020020;100mN31489E41421;MC;NA;6;11;S;M;0614;NEP
059540020020-8577;059540020020;100mN31489E41421;MC;NA;6;7;S;F;0614;NEP
059540020020-8578;059540020020;100mN31489E41421;MC;NA;4;47;M;M;4049;NEP
059540020020-8578;059540020020;100mN31489E41421;MC;NA;4;45;M;F;4049;EMP
059540020020-8578;059540020020;100mN31489E41421;MC;NA;4;30;M;F;3039;EMP
059540020020-8578;059540020020;100mN31489E41421;MC;NA;4;7;S;M;0614;NEP
059540020020-8579;059540020020;100mN31489E41421;S;NA;1;30;D;F;3039;NEP
059540020020-8580;059540020020;100mN31489E41421;MC;NA;3;44;M;F;4049;NEP
059540020020-8580;059540020020;100mN31489E41421;MC;NA;3;45;M;M;4049;EMP
059540020020-8580;059540020020;100mN31489E41421;MC;NA;3;8;S;M;0614;NEP
059540020020-8581;059540020020;100mN31489E41421;S;NA;1;19;S;M;1824;EMP
059540020020-8582;059540020020;100mN31489E41421;S;NA;1;88;M;F;75XX;EMP
059540020020-8583;059540020020;100mN31490E41397;MC;OS;3;77;M;M;75XX;NEP
059540020020-8583;059540020020;100mN31490E41397;MC;OS;3;78;M;F;75XX;NEP
059540020020-8583;059540020020;100mN31490E41397;MC;OS;3;87;M;F;75XX;NEP
059540020020-8584;059540020020;100mN31490E41397;S;OS;1;45;M;F;4049;NEP
059540020020-8585;059540020020;100mN31490E41397;MC;NA;2;56;M;M;5064;NEP
059540020020-8585;059540020020;100mN31490E41397;MC;NA;2;58;M;F;5064;EMP
059540020020-8586;059540020020;100mN31490E41397;MC;MIX;2;80;M;M;75XX;EMP
059540020020-8586;059540020020;100mN31490E41397;MC;MIX;2;56;S;M;5064;NEP
059540020020-8587;059540020020;100mN31467E41422;S;OS;1;57;M;F;5064;EMP
059540020020-8588;059540020020;100mN31460E41422;S;NA;1;38;M;F;3039;NEP
059540020020-8589;059540020020;100mN31460E41422;MC;NA;2;37;M;M;3039;EMP
059540020020-8589;059540020020;100mN31460E41422;MC;NA;2;44;M;F;4049;NEP
059540020020-8590;059540020020;100mN31499E41447;S;OS;1;56;M;F;5064;NEP
059540020020-8591;059540020020;100mN31499E41447;MC;MIX;2;82;M;M;75XX;EMP
059540020020-8591;059540020020;100mN31499E41447;MC;MIX;2;15;S;F;1517;NEP
059540020020-8592;059540020020;100mN31499E41447;S;NA;1;72;W;M;6574;EMP
059540020020-8593;059540020020;100mN31499E41447;S;NA;1;46;D;F;4049;NEP
059540020020-8594;059540020020;100mN31472E41422;SF;NA;4;63;W;F;5064;NEP
059540020020-8594;059540020020;100mN31472E41422;SF;NA;4;16;S;M;1517;EMP
059540020020-8594;059540020020;100mN31472E41422;SF;NA;4;27;W;F;2529;EMP
059540020020-8594;059540020020;100mN31472E41422;SF;NA;4;43;M;M;4049;EMP
059540020020-8595;059540020020;100mN31499E41447;MC;NA;3;59;M;F;5064;EMP
059540020020-8595;059540020020;100mN31499E41447;MC;NA;3;61;M;M;5064;NEP
059540020020-8595;059540020020;100mN31499E41447;MC;NA;3;13;S;M;0614;NEP
059540020020-8596;059540020020;100mN31499E41447;S;NA;1;63;M;M;5064;EMP
059540020020-8597;059540020020;100mN31499E41447;S;NA;1;25;S;M;2529;EMP
059540020020-8598;059540020020;100mN31499E41445;MC;NA;3;58;M;M;5064;NEP
059540020020-8598;059540020020;100mN31499E41445;MC;NA;3;35;M;F;3039;EMP
059540020020-8598;059540020020;100mN31499E41445;MC;NA;3;2;S;M;0003;NEP
059540020020-8599;059540020020;100mN31499E41445;S;OS;1;25;W;F;2529;NEP
059540020020-8600;059540020020;100mN31499E41445;MC;NA;3;56;M;F;5064;EMP
059540020020-8600;059540020020;100mN31499E41445;MC;NA;3;53;M;M;5064;EMP
059540020020-8600;059540020020;100mN31499E41445;MC;NA;3;11;S;M;0614;NEP
059540020020-8601;059540020020;100mN31499E41445;S;NA;1;59;M;M;5064;EMP
059540020020-8602;059540020020;100mN31499E41445;S;NA;1;57;S;F;5064;EMP
059540020020-8603;059540020020;100mN31499E41445;S;OS;1;45;M;F;4049;NEP
059540020020-8604;059540020020;100mN31499E41445;S;NA;1;42;M;F;4049;EMP
059540020020-8605;059540020020;100mN31475E41420;MC;MIX;2;72;M;F;6574;EMP
059540020020-8605;059540020020;100mN31475E41420;MC;MIX;2;85;M;F;75XX;EMP
059540020020-8606;059540020020;100mN31480E41408;SF;NA;2;55;S;F;5064;NEP
059540020020-8606;059540020020;100mN31480E41408;SF;NA;2;23;S;F;1824;EMP
059540020020-8607;059540020020;100mN31499E41445;S;OS;1;48;M;F;4049;EMP
059540020020-8608;059540020020;100mN31499E41445;MC;NA;3;44;M;M;4049;NEP
059540020020-8608;059540020020;100mN31499E41445;MC;NA;3;44;M;F;4049;NEP
059540020020-8608;059540020020;100mN31499E41445;MC;NA;3;19;M;M;1824;EMP
059540020020-8609;059540020020;100mN31499E41445;PO;OS;3;82;S;F;75XX;EMP
059540020020-8609;059540020020;100mN31499E41445;PO;OS;3;83;S;F;75XX;EMP
059540020020-8609;059540020020;100mN31499E41445;PO;OS;3;78;S;F;75XX;EMP
059540020020-8610;059540020020;100mN31472E41422;S;OS;1;68;M;M;6574;NEP
059540020020-8611;059540020020;100mN31472E41422;S;NA;1;20;M;M;1824;EMP
059540020020-8612;059540020020;100mN31472E41422;S;NA;1;28;M;M;2529;EMP
059540020020-8613;059540020020;100mN31473E41422;MC;OS;2;66;M;M;6574;EMP
059540020020-8613;059540020020;100mN31473E41422;MC;OS;2;67;M;F;6574;NEP
059540020020-8614;059540020020;100mN31472E41422;MC;MIX;2;78;M;F;75XX;NEP
059540020020-8614;059540020020;100mN31472E41422;MC;MIX;2;77;W;F;75XX;NEP
059540020020-8615;059540020020;100mN31472E41422;PO;NA;4;46;S;F;4049;NEP
059540020020-8615;059540020020;100mN31472E41422;PO;NA;4;48;S;F;4049;EMP
059540020020-8615;059540020020;100mN31472E41422;PO;NA;4;3;S;M;0305;NEP
059540020020-8615;059540020020;100mN31472E41422;PO;NA;4;11;S;F;0614;NEP
059540020020-8616;059540020020;100mN31472E41432;NA;MIX;3;50;M;M;5064;NEP
059540020020-8616;059540020020;100mN31472E41432;NA;MIX;3;50;S;M;5064;EMP
059540020020-8616;059540020020;100mN31472E41432;NA;MIX;3;66;M;F;6574;EMP
059540020020-8617;059540020020;100mN31472E41422;MC;NA;2;36;M;M;3039;UEP
059540020020-8617;059540020020;100mN31472E41422;MC;NA;2;33;M;F;3039;NEP
059540020020-8618;059540020020;100mN31472E41422;S;NA;1;45;M;F;4049;NEP
059540020020-8619;059540020020;100mN31472E41422;MC;NA;4;45;M;F;4049;NEP
059540020020-8619;059540020020;100mN31472E41422;MC;NA;4;54;M;M;5064;NEP
059540020020-8619;059540020020;100mN31472E41422;MC;NA;4;15;S;F;1517;EMP
059540020020-8619;059540020020;100mN31472E41422;MC;NA;4;10;S;F;0614;NEP
059540020020-8620;059540020020;100mN31473E41424;PO;NA;4;57;S;M;5064;EMP
059540020020-8620;059540020020;100mN31473E41424;PO;NA;4;51;S;F;5064;NEP
059540020020-8620;059540020020;100mN31473E41424;PO;NA;4;12;S;M;0614;NEP
059540020020-8620;059540020020;100mN31473E41424;PO;NA;4;11;S;F;0614;NEP
059540020020-8621;059540020020;100mN31472E41422;SF;NA;4;63;W;F;5064;NEP
059540020020-8621;059540020020;100mN31472E41422;SF;NA;4;16;S;M;1517;EMP
059540020020-8621;059540020020;100mN31472E41422;SF;NA;4;27;W;F;2529;EMP
059540020020-8621;059540020020;100mN31472E41422;SF;NA;4;43;M;M;4049;EMP
059540020020-8622;059540020020;100mN31472E41422;MC;MIX;2;71;M;M;6574;NEP
059540020020-8622;059540020020;100mN31472E41422;MC;MIX;2;62;M;M;5064;EMP
059540020020-8623;059540020020;100mN31472E41422;MC;OS;3;67;M;F;6574;NEP
059540020020-8623;059540020020;100mN31472E41422;MC;OS;3;66;M;M;6574;NEP
059540020020-8623;059540020020;100mN31472E41422;MC;OS;3;70;M;F;6574;EMP
059540020020-8624;059540020020;100mN31472E41422;S;NA;1;22;D;F;1824;EMP
059540020020-8625;059540020020;100mN31468E41420;MC;MIX;4;72;M;M;6574;UEP
059540020020-8625;059540020020;100mN31468E41420;MC;MIX;4;47;M;M;4049;NEP
059540020020-8625;059540020020;100mN31468E41420;MC;MIX;4;48;M;F;4049;EMP
059540020020-8625;059540020020;100mN31468E41420;MC;MIX;4;12;S;F;0614;NEP
059540020020-8626;059540020020;100mN31472E41422;MC;NA;3;52;M;M;5064;EMP
059540020020-8626;059540020020;100mN31472E41422;MC;NA;3;45;M;F;4049;NEP
059540020020-8626;059540020020;100mN31472E41422;MC;NA;3;0;S;F;0003;NEP
059540020020-8627;059540020020;100mN31472E41422;S;NA;1;18;M;M;1824;EMP
059540020020-8628;059540020020;100mN31472E41422;SM;NA;2;58;W;M;5064;NEP
059540020020-8628;059540020020;100mN31472E41422;SM;NA;2;22;S;M;1824;EMP
059540020020-8629;059540020020;100mN31472E41422;MC;NA;2;53;M;F;5064;EMP
059540020020-8629;059540020020;100mN31472E41422;MC;NA;2;45;M;M;4049;EMP
059540020020-8630;059540020020;100mN31472E41422;MC;NA;3;41;M;M;4049;EMP
059540020020-8630;059540020020;100mN31472E41422;MC;NA;3;35;M;F;3039;NEP
059540020020-8630;059540020020;100mN31472E41422;MC;NA;3;1;S;F;0003;NEP
059540020020-8631;059540020020;100mN31472E41422;MC;OS;5;68;M;F;6574;EMP
059540020020-8631;059540020020;100mN31472E41422;MC;OS;5;87;M;M;75XX;NEP
059540020020-8631;059540020020;100mN31472E41422;MC;OS;5;67;M;M;6574;EMP
059540020020-8631;059540020020;100mN31472E41422;MC;OS;5;67;M;M;6574;EMP
059540020020-8631;059540020020;100mN31472E41422;MC;OS;5;89;M;M;75XX;EMP
059540020020-8632;059540020020;100mN31472E41422;MC;MIX;2;80;M;M;75XX;NEP
059540020020-8632;059540020020;100mN31472E41422;MC;MIX;2;15;S;M;1517;EMP
059540020020-8633;059540020020;100mN31462E41428;MC;MIX;2;72;M;M;6574;NEP
059540020020-8633;059540020020;100mN31462E41428;MC;MIX;2;33;W;F;3039;NEP
059540020020-8634;059540020020;100mN31472E41422;S;OS;1;50;M;F;5064;EMP
059540020020-8635;059540020020;100mN31481E41409;S;OS;1;73;M;F;6574;NEP
059540020020-8636;059540020020;100mN31472E41422;MC;MIX;2;71;M;F;6574;NEP
059540020020-8636;059540020020;100mN31472E41422;MC;MIX;2;23;D;F;1824;EMP
059540020020-8637;059540020020;100mN31472E41422;S;NA;1;42;S;M;4049;EMP
059540020020-8638;059540020020;100mN31472E41422;MC;NA;2;48;M;M;4049;NEP
059540020020-8638;059540020020;100mN31472E41422;MC;NA;2;42;M;F;4049;NEP
059540020020-8639;059540020020;100mN31460E41428;MC;MIX;3;67;M;F;6574;NEP
059540020020-8639;059540020020;100mN31460E41428;MC;MIX;3;59;M;F;5064;NEP
059540020020-8639;059540020020;100mN31460E41428;MC;MIX;3;25;W;F;2529;EMP
059540020020-8640;059540020020;100mN31472E41422;MC;OS;2;68;M;M;6574;EMP
059540020020-8640;059540020020;100mN31472E41422;MC;OS;2;65;M;F;6574;NEP
059540020020-8641;059540020020;100mN31472E41422;MC;NA;2;55;M;M;5064;EMP
059540020020-8641;059540020020;100mN31472E41422;MC;NA;2;53;M;F;5064;EMP
059540020020-8642;059540020020;100mN31472E41422;S;NA;1;70;M;M;6574;NEP
059540020020-8643;059540020020;100mN31472E41422;MC;MIX;4;65;D;M;6574;EMP
059540020020-8643;059540020020;100mN31472E41422;MC;MIX;4;51;M;F;5064;NEP
059540020020-8643;059540020020;100mN31472E41422;MC;MIX;4;59;M;M;5064;EMP
059540020020-8643;059540020020;100mN31472E41422;MC;MIX;4;10;S;M;0614;NEP
059540020020-8644;059540020020;100mN31472E41432;S;OS;1;42;S;M;4049;EMP
059540020020-8645;059540020020;100mN31485E41430;S;OS;1;33;M;M;3039;NEP
059540020020-8646;059540020020;100mN31472E41422;MC;NA;3;61;M;F;5064;EMP
059540020020-8646;059540020020;100mN31472E41422;MC;NA;3;63;M;M;5064;NEP
059540020020-8646;059540020020;100mN31472E41422;MC;NA;3;6;S;M;0614;NEP
059540020020-8647;059540020020;100mN31472E41422;MC;NA;3;60;M;F;5064;EMP
059540020020-8647;059540020020;100mN31472E41422;MC;NA;3;58;S;M;5064;NEP
059540020020-8647;059540020020;100mN31472E41422;MC;NA;3;1;S;M;0003;NEP
059540020020-8648;059540020020;100mN31472E41422;S;NA;1;36;S;F;3039;EMP
059540020020-8649;059540020020;100mN31464E41424;SF;NA;3;73;D;F;6574;NEP
059540020020-8649;059540020020;100mN31464E41424;SF;NA;3;48;M;F;4049;NEP
059540020020-8649;059540020020;100mN31464E41424;SF;NA;3;2;S;F;0003;NEP
059540020020-8650;059540020020;100mN31472E41422;S;OS;1;46;S;F;4049;NEP
059540020020-8651;059540020020;100mN31472E41422;S;OS;1;19;S;M;1824;EMP
059540020020-8652;059540020020;100mN31481E41414;MC;NA;4;62;M;F;5064;EMP
059540020020-8652;059540020020;100mN31481E41414;MC;NA;4;61;M;M;5064;EMP
059540020020-8652;059540020020;100mN31481E41414;MC;NA;4;6;S;M;0614;NEP
059540020020-8652;059540020020;100mN31481E41414;MC;NA;4;12;S;F;0614;NEP
059540020020-8653;059540020020;100mN31472E41422;S;NA;1;73;W;F;6574;NEP
059540020020-8654;059540020020;100mN31472E41422;S;NA;1;33;W;F;3039;NEP
059540020020-8655;059540020020;100mN31472E41422;MC;NA;2;53;M;F;5064;EMP
059540020020-8655;059540020020;100mN31472E41422;MC;NA;2;52;M;M;5064;EMP
059540020020-8656;059540020020;100mN31472E41422;MC;NA;6;45;M;F;4049;EMP
059540020020-8656;059540020020;100mN31472E41422;MC;NA;6;48;M;M;4049;EMP
059540020020-8656;059540020020;100mN31472E41422;MC;NA;6;4;S;M;0305;NEP
059540020020-8656;059540020020;100mN31472E41422;MC;NA;6;9;S;F;0614;NEP
059540020020-8656;059540020020;100mN31472E41422;MC;NA;6;1;S;M;0003;NEP
059540020020-8656;059540020020;100mN31472E41422;MC;NA;6;16;S;M;1517;NEP
059540020020-8657;059540020020;100mN31472E41422;PO;NA;2;44;S;F;4049;NEP
059540020020-8657;059540020020;100mN31472E41422;PO;NA;2;43;S;F;4049;EMP
059540020020-8658;059540020020;100mN31472E41422;S;NA;1;88;M;F;75XX;NEP
059540020020-8659;059540020020;100mN31472E41422;MC;NA;6;46;M;F;4049;EMP
059540020020-8659;059540020020;100mN31472E41422;MC;NA;6;47;M;M;4049;NEP
059540020020-8659;059540020020;100mN31472E41422;MC;NA;6;21;M;M;1824;NEP
059540020020-8659;059540020020;100mN31472E41422;MC;NA;6;13;S;M;0614;NEP
059540020020-8659;059540020020;100mN31472E41422;MC;NA;6;13;S;F;0614;NEP
059540020020-8659;059540020020;100mN31472E41422;MC;NA;6;4;S;M;0305;NEP
059540020020-8660;059540020020;100mN31463E41422;S;OS;1;59;D;F;5064;EMP
059540020020-8661;059540020020;100mN31472E41422;SF;NA;4;73;S;F;6574;EMP
059540020020-8661;059540020020;100mN31472E41422;SF;NA;4;57;D;F;5064;EMP
059540020020-8661;059540020020;100mN31472E41422;SF;NA;4;10;S;M;0614;NEP
059540020020-8661;059540020020;100mN31472E41422;SF;NA;4;10;S;M;0614;NEP
059540020020-8662;059540020020;100mN31472E41422;S;NA;1;63;D;F;5064;EMP
059540020020-8663;059540020020;100mN31472E41422;S;NA;1;70;M;F;6574;NEP
059540020020-8664;059540020020;100mN31500E41443;MC;MIX;2;77;M;M;75XX;EMP
059540020020-8664;059540020020;100mN31500E41443;MC;MIX;2;15;S;F;1517;EMP
059540020020-8665;059540020020;100mN31472E41422;PC;NA;3;25;P;F;2529;NEP
059540020020-8665;059540020020;100mN31472E41422;PC;NA;3;27;P;F;2529;NEP
059540020020-8665;059540020020;100mN31472E41422;PC;NA;3;6;S;M;0614;NEP
059540020020-8666;059540020020;100mN31472E41422;MC;NA;2;51;M;F;5064;NEP
059540020020-8666;059540020020;100mN31472E41422;MC;NA;2;53;M;M;5064;EMP
059540020020-8667;059540020020;100mN31485E41401;S;OS;1;16;S;M;1517;NEP
059540020020-8668;059540020020;100mN31472E41422;SF;NA;2;55;D;F;5064;EMP
059540020020-8668;059540020020;100mN31472E41422;SF;NA;2;1;S;F;0003;NEP
059540020020-8669;059540020020;100mN31472E41432;MC;NA;3;36;M;M;3039;NEP
059540020020-8669;059540020020;100mN31472E41432;MC;NA;3;37;M;F;3039;EMP
059540020020-8669;059540020020;100mN31472E41432;MC;NA;3;10;S;M;0614;NEP
059540020020-8670;059540020020;100mN31472E41422;MC;NA;2;43;M;F;4049;EMP
059540020020-8670;059540020020;100mN31472E41422;MC;NA;2;48;M;M;4049;NEP
059540020020-8671;059540020020;100mN31472E41422;SF;NA;2;86;D;F;75XX;EMP
059540020020-8671;059540020020;100mN31472E41422;SF;NA;2;10;S;M;0614;NEP
059540020020-8672;059540020020;100mN31472E41422;S;OS;1;80;S;F;75XX;EMP
059540020020-8673;059540020020;100mN31472E41422;MC;OS;2;71;M;F;6574;EMP
059540020020-8673;059540020020;100mN31472E41422;MC;OS;2;72;M;M;6574;EMP
059540020020-8674;059540020020;100mN31472E41422;S;OS;1;66;S;F;6574;EMP
059540020020-8675;059540020020;100mN31472E41422;MC;OS;2;80;M;F;75XX;EMP
059540020020-8675;059540020020;100mN31472E41422;MC;OS;2;80;M;M;75XX;EMP
059540020020-8676;059540020020;100mN31472E41422;MC;NA;2;41;M;F;4049;NEP
059540020020-8676;059540020020;100mN31472E41422;MC;NA;2;63;M;M;5064;EMP
059540020020-8677;059540020020;100mN31473E41422;SM;MIX;3;71;S;M;6574;EMP
059540020020-8677;059540020020;100mN31473E41422;SM;MIX;3;43;D;M;4049;NEP
059540020020-8677;059540020020;100mN31473E41422;SM;MIX;3;9;S;M;0614;NEP
059540020020-8678;059540020020;100mN31472E41422;MC;NA;4;30;M;M;3039;EMP
059540020020-8678;059540020020;100mN31472E41422;MC;NA;4;23;M;F;1824;NEP
059540020020-8678;059540020020;100mN31472E41422;MC;NA;4;13;S;F;0614;NEP
059540020020-8678;059540020020;100mN31472E41422;MC;NA;4;9;S;M;0614;NEP
059540020020-8679;059540020020;100mN31472E41422;S;NA;1;78;M;M;75XX;EMP
059540020020-8680;059540020020;100mN31488E41423;MC;NA;3;32;M;M;3039;EMP
059540020020-8680;059540020020;100mN31488E41423;MC;NA;3;35;M;F;3039;NEP
059540020020-8680;059540020020;100mN31488E41423;MC;NA;3;9;S;M;0614;NEP
059540020020-8681;059540020020;100mN31488E41423;MC;OS;2;87;M;F;75XX;EMP
059540020020-8681;059540020020;100mN31488E41423;MC;OS;2;89;M;M;75XX;NEP
059540020020-8682;059540020020;100mN31488E41423;S;NA;1;43;M;F;4049;NEP
059540020020-8683;059540020020;100mN31478E41401;S;NA;1;16;S;F;1517;NEP
059540020020-8684;059540020020;100mN31489E41429;S;NA;1;40;W;F;4049;NEP
059540020020-8685;059540020020;100mN31499E41424;S;NA;1;67;W;F;6574;EMP
059540020020-8686;059540020020;100mN31478E41401;MC;NA;2;48;M;M;4049;EMP
059540020020-8686;059540020020;100mN31478E41401;MC;NA;2;47;M;F;4049;EMP
059540020020-8687;059540020020;100mN31463E41422;PO;NA;2;38;S;M;3039;NEP
059540020020-8687;059540020020;100mN31463E41422;PO;NA;2;34;S;M;3039;NEP
059540020020-8688;059540020020;100mN31478E41401;MC;NA;3;30;M;F;3039;EMP
059540020020-8688;059540020020;100mN31478E41401;MC;NA;3;33;M;M;3039;EMP
059540020020-8688;059540020020;100mN31478E41401;MC;NA;3;9;S;M;0614;NEP
059540020020-8689;059540020020;100mN31478E41401;MC;MIX;2;73;M;M;6574;EMP
059540020020-8689;059540020020;100mN31478E41401;MC;MIX;2;40;M;F;4049;NEP
059540020020-8690;059540020020;100mN31478E41401;S;NA;1;30;S;M;3039;EMP
059540020020-8691;059540020020;100mN31478E41401;PO;NA;2;42;S;M;4049;NEP
059540020020-8691;059540020020;100mN31478E41401;PO;NA;2;40;S;M;4049;EMP
059540020020-8692;059540020020;100mN31478E41401;SF;NA;4;55;W;F;5064;EMP
059540020020-8692;059540020020;100mN31478E41401;SF;NA;4;28;M;M;2529;EMP
059540020020-8692;059540020020;100mN31478E41401;SF;NA;4;9;S;M;0614;NEP
059540020020-8692;059540020020;100mN31478E41401;SF;NA;4;12;S;M;0614;NEP
059540020020-8693;059540020020;100mN31478E41401;MC;MIX;2;69;M;M;6574;EMP
059540020020-8693;059540020020;100mN31478E41401;MC;MIX;2;47;W;M;4049;EMP
059540020020-8694;059540020020;100mN31473E41418;S;OS;1;30;M;M;3039;NEP
059540020020-8695;059540020020;100mN31481E41413;MC;NA;2;48;M;F;4049;EMP
059540020020-8695;059540020020;100mN31481E41413;MC;NA;2;52;M;M;5064;EMP
059540020020-8696;059540020020;100mN31478E41401;S;NA;1;44;M;F;4049;NEP
059540020020-8697;059540020020;100mN31478E41401;S;OS;1;33;M;M;3039;EMP
059540020020-8698;059540020020;100mN31478E41401;MC;OS;2;72;M;F;6574;NEP
059540020020-8698;059540020020;100mN31478E41401;MC;OS;2;78;M;M;75XX;NEP
059540020020-8699;059540020020;100mN31478E41401;SF;NA;6;19;S;F;1824;EMP
059540020020-8699;059540020020;100mN31478E41401;SF;NA;6;3;S;M;0305;NEP
059540020020-8699;059540020020;100mN31478E41401;SF;NA;6;4;S;M;0305;NEP
059540020020-8699;059540020020;100mN31478E41401;SF;NA;6;2;S;F;0003;NEP
059540020020-8699;059540020020;100mN31478E41401;SF;NA;6;0;S;F;0003;NEP
059540020020-8699;059540020020;100mN31478E41401;SF;NA;6;4;S;M;0305;NEP
059540020020-8700;059540020020;100mN31494E41439;MC;OS;3;70;M;F;6574;NEP
059540020020-8700;059540020020;100mN31494E41439;MC;OS;3;73;M;M;6574;EMP
059540020020-8700;059540020020;100mN31494E41439;MC;OS;3;70;S;M;6574;NEP
059540020020-8701;059540020020;100mN31478E41401;SF;MIX;4;70;S;M;6574;NEP
059540020020-8701;059540020020;100mN31478E41401;SF;MIX;4;51;S;F;5064;EMP
059540020020-8701;059540020020;100mN31478E41401;SF;MIX;4;10;S;M;0614;NEP
059540020020-8701;059540020020;100mN31478E41401;SF;MIX;4;3;S;F;0305;NEP
059540020020-8702;059540020020;100mN31478E41401;MC;NA;3;25;M;M;2529;EMP
059540020020-8702;059540020020;100mN31478E41401;MC;NA;3;27;M;F;2529;EMP
059540020020-8702;059540020020;100mN31478E41401;MC;NA;3;1;S;F;0003;NEP
059540020020-8703;059540020020;100mN31486E41435;S;NA;1;38;S;M;3039;EMP
059540020020-8704;059540020020;100mN31499E41424;S;NA;1;67;W;F;6574;EMP
059540020020-8705;059540020020;100mN31467E41422;PO;NA;2;42;S;F;4049;NEP
059540020020-8705;059540020020;100mN31467E41422;PO;NA;2;40;S;F;4049;NEP
059540020020-8706;059540020020;100mN31467E41422;S;OS;1;57;M;F;5064;EMP
059540020020-8707;059540020020;100mN31486E41395;S;NA;1;19;M;M;1824;NEP
059540020020-8708;059540020020;100mN31467E41422;S;OS;1;23;W;F;1824;NEP
059540020020-8709;059540020020;100mN31467E41422;MC;OS;2;68;M;F;6574;NEP
059540020020-8709;059540020020;100mN31467E41422;MC;OS;2;70;M;M;6574;EMP
059540020020-8710;059540020020;100mN31467E41422;MC;OS;3;73;M;M;6574;NEP
059540020020-8710;059540020020;100mN31467E41422;MC;OS;3;73;M;F;6574;NEP
059540020020-8710;059540020020;100mN31467E41422;MC;OS;3;70;D;M;6574;EMP
059540020020-8711;059540020020;100mN31467E41422;S;NA;1;85;M;M;75XX;EMP
059540020020-8712;059540020020;100mN31467E41422;MC;NA;2;55;M;F;5064;NEP
059540020020-8712;059540020020;100mN31467E41422;MC;NA;2;47;M;M;4049;UEP
059540020020-8713;059540020020;100mN31472E41424;MC;MIX;2;71;M;M;6574;EMP
059540020020-8713;059540020020;100mN31472E41424;MC;MIX;2;61;W;F;5064;EMP
059540020020-8714;059540020020;100mN31467E41422;S;NA;1;57;M;M;5064;NEP
059540020020-8715;059540020020;100mN31499E41433;MC;NA;2;46;M;M;4049;EMP
059540020020-8715;059540020020;100mN31499E41433;MC;NA;2;46;M;F;4049;NEP
059540020020-8716;059540020020;100mN31467E41422;MC;NA;2;38;M;F;3039;NEP
059540020020-8716;059540020020;100mN31467E41422;MC;NA;2;40;M;M;4049;NEP
059540020020-8717;059540020020;100mN31467E41422;MC;OS;2;65;M;F;6574;NEP
059540020020-8717;059540020020;100mN31467E41422;MC;OS;2;68;M;M;6574;NEP
059540020020-8718;059540020020;100mN31467E41422;S;OS;1;21;M;M;1824;EMP
059540020020-8719;059540020020;100mN31467E41422;S;OS;1;33;D;M;3039;NEP
059540020020-8720;059540020020;100mN31467E41422;PO;NA;2;56;S;F;5064;EMP
059540020020-8720;059540020020;100mN31467E41422;PO;NA;2;61;S;M;5064;NEP
059540020020-8721;059540020020;100mN31475E41420;MC;OS;2;75;M;M;75XX;NEP
059540020020-8721;059540020020;100mN31475E41420;MC;OS;2;67;M;F;6574;NEP
059540020020-8722;059540020020;100mN31467E41422;MC;NA;2;62;M;M;5064;EMP
059540020020-8722;059540020020;100mN31467E41422;MC;NA;2;53;M;F;5064;EMP
059540020020-8723;059540020020;100mN31467E41422;S;OS;1;84;D;M;75XX;NEP
059540020020-8724;059540020020;100mN31467E41422;S;NA;1;18;S;M;1824;EMP
059540020020-8725;059540020020;100mN31479E41403;MC;OS;4;72;M;M;6574;NEP
059540020020-8725;059540020020;100mN31479E41403;MC;OS;4;69;M;F;6574;EMP
059540020020-8725;059540020020;100mN31479E41403;MC;OS;4;69;S;M;6574;EMP
059540020020-8725;059540020020;100mN31479E41403;MC;OS;4;68;W;F;6574;EMP
059540020020-8726;059540020020;100mN31467E41422;S;NA;1;82;M;M;75XX;EMP
059540020020-8727;059540020020;100mN31480E41404;S;OS;1;80;S;M;75XX;EMP
059540020020-8728;059540020020;100mN31488E41429;MC;OS;2;86;M;M;75XX;NEP
059540020020-8728;059540020020;100mN31488E41429;MC;OS;2;80;M;F;75XX;NEP
059540020020-8729;059540020020;100mN31488E41429;MC;NA;2;21;M;M;1824;EMP
059540020020-8729;059540020020;100mN31488E41429;MC;NA;2;20;M;F;1824;EMP
059540020020-8730;059540020020;100mN31488E41429;MC;NA;2;38;M;M;3039;EMP
059540020020-8730;059540020020;100mN31488E41429;MC;NA;2;33;M;F;3039;EMP
059540020020-8731;059540020020;100mN31464E41424;S;OS;1;42;M;M;4049;EMP
059540020020-8732;059540020020;100mN31488E41429;S;OS;1;63;M;M;5064;NEP
059540020020-8733;059540020020;100mN31467E41421;MC;MIX;2;65;M;F;6574;NEP
059540020020-8733;059540020020;100mN31467E41421;MC;MIX;2;69;S;M;6574;EMP
059540020020-8734;059540020020;100mN31467E41421;S;NA;1;73;S;M;6574;EMP
059540020020-8735;059540020020;100mN31467E41421;MC;OS;2;65;M;M;6574;EMP
059540020020-8735;059540020020;100mN31467E41421;MC;OS;2;71;M;F;6574;NEP
059540020020-8736;059540020020;100mN31467E41421;MC;OS;3;68;M;F;6574;EMP
059540020020-8736;059540020020;100mN31467E41421;MC;OS;3;72;M;M;6574;NEP
059540020020-8736;059540020020;100mN31467E41421;MC;OS;3;76;M;M;75XX;EMP
059540020020-8737;059540020020;100mN31467E41421;MC;NA;3;48;M;F;4049;NEP
059540020020-8737;059540020020;100mN31467E41421;MC;NA;3;48;M;M;4049;NEP
059540020020-8737;059540020020;100mN31467E41421;MC;NA;3;11;S;M;0614;NEP
059540020020-8738;059540020020;100mN31464E41424;S;NA;1;34;D;M;3039;NEP
059540020020-8739;059540020020;100mN31497E41445;MC;NA;2;45;M;F;4049;NEP
059540020020-8739;059540020020;100mN31497E41445;MC;NA;2;46;M;M;4049;EMP
059540020020-8740;059540020020;100mN31467E41428;MC;MIX;2;83;M;M;75XX;EMP
059540020020-8740;059540020020;100mN31467E41428;MC;MIX;2;1;S;M;0003;NEP
059540020020-8741;059540020020;100mN31467E41421;SF;NA;2;30;S;F;3039;EMP
059540020020-8741;059540020020;100mN31467E41421;SF;NA;2;8;S;F;0614;NEP
059540020020-8742;059540020020;100mN31467E41421;MC;OS;2;84;M;F;75XX;EMP
059540020020-8742;059540020020;100mN31467E41421;MC;OS;2;83;M;M;75XX;NEP
059540020020-8743;059540020020;100mN31487E41426;PO;NA;4;62;S;M;5064;EMP
059540020020-8743;059540020020;100mN31487E41426;PO;NA;4;62;S;F;5064;EMP
059540020020-8743;059540020020;100mN31487E41426;PO;NA;4;9;S;F;0614;NEP
059540020020-8743;059540020020;100mN31487E41426;PO;NA;4;9;S;F;0614;NEP
059540020020-8744;059540020020;100mN31467E41421;MC;NA;2;59;M;F;5064;NEP
059540020020-8744;059540020020;100mN31467E41421;MC;NA;2;62;M;M;5064;EMP
059540020020-8745;059540020020;100mN31467E41421;S;NA;1;78;M;M;75XX;NEP
059540020020-8746;059540020020;100mN31467E41421;S;NA;1;23;S;M;1824;EMP
059540020020-8747;059540020020;100mN31467E41421;PO;NA;3;58;S;F;5064;EMP
059540020020-8747;059540020020;100mN31467E41421;PO;NA;3;57;S;F;5064;EMP
059540020020-8747;059540020020;100mN31467E41421;PO;NA;3;10;S;M;0614;NEP
059540020020-8748;059540020020;100mN31467E41421;S;NA;1;67;M;M;6574;EMP
059540020020-8749;059540020020;100mN31467E41421;MC;OS;2;66;M;F;6574;EMP
059540020020-8749;059540020020;100mN31467E41421;MC;OS;2;67;M;M;6574;NEP
059540020020-8750;059540020020;100mN31467E41421;MC;OS;2;83;M;M;75XX;EMP
059540020020-8750;059540020020;100mN31467E41421;MC;OS;2;77;M;F;75XX;NEP
059540020020-8751;059540020020;100mN31467E41421;MC;NA;2;43;M;M;4049;EMP
059540020020-8751;059540020020;100mN31467E41421;MC;NA;2;34;M;F;3039;NEP
059540020020-8752;059540020020;100mN31467E41421;MC;NA;3;47;M;M;4049;NEP
059540020020-8752;059540020020;100mN31467E41421;MC;NA;3;44;M;F;4049;EMP
059540020020-8752;059540020020;100mN31467E41421;MC;NA;3;16;S;F;1517;NEP
059540020020-8753;059540020020;100mN31467E41421;MC;NA;5;54;M;M;5064;EMP
059540020020-8753;059540020020;100mN31467E41421;MC;NA;5;47;M;F;4049;EMP
059540020020-8753;059540020020;100mN31467E41421;MC;NA;5;9;S;F;0614;NEP
059540020020-8753;059540020020;100mN31467E41421;MC;NA;5;18;S;M;1824;EMP
059540020020-8753;059540020020;100mN31467E41421;MC;NA;5;13;S;M;0614;NEP
059540020020-8754;059540020020;100mN31467E41421;SF;NA;2;79;S;F;75XX;EMP
059540020020-8754;059540020020;100mN31467E41421;SF;NA;2;23;S;M;1824;NEP
059540020020-8755;059540020020;100mN31467E41421;SF;NA;2;55;S;F;5064;NEP
059540020020-8755;059540020020;100mN31467E41421;SF;NA;2;7;S;F;0614;NEP
059540020020-8756;059540020020;100mN31467E41421;S;OS;1;62;S;M;5064;EMP
059540020020-8757;059540020020;100mN31483E41405;MC;NA;3;50;M;M;5064;EMP
059540020020-8757;059540020020;100mN31483E41405;MC;NA;3;47;M;F;4049;EMP
059540020020-8757;059540020020;100mN31483E41405;MC;NA;3;25;D;M;2529;NEP
059540020020-8758;059540020020;100mN31464E41431;MC;OS;4;75;M;F;75XX;EMP
059540020020-8758;059540020020;100mN31464E41431;MC;OS;4;78;M;M;75XX;EMP
059540020020-8758;059540020020;100mN31464E41431;MC;OS;4;73;W;M;6574;EMP
059540020020-8758;059540020020;100mN31464E41431;MC;OS;4;66;M;F;6574;EMP
059540020020-8759;059540020020;100mN31467E41421;S;NA;1;84;M;F;75XX;EMP
059540020020-8760;059540020020;100mN31481E41413;SF;NA;2;16;S;F;1517;EMP
059540020020-8760;059540020020;100mN31481E41413;SF;NA;2;1;S;M;0003;NEP
059540020020-8761;059540020020;100mN31481E41413;MC;NA;2;60;M;F;5064;NEP
059540020020-8761;059540020020;100mN31481E41413;MC;NA;2;59;M;M;5064;EMP
059540020020-8762;059540020020;100mN31481E41413;MC;MIX;2;81;M;F;75XX;EMP
059540020020-8762;059540020020;100mN31481E41413;MC;MIX;2;66;M;F;6574;EMP
059540020020-8763;059540020020;100mN31481E41413;MC;NA;2;27;M;M;2529;EMP
059540020020-8763;059540020020;100mN31481E41413;MC;NA;2;27;M;F;2529;EMP
059540020020-8764;059540020020;100mN31481E41413;SM;NA;2;30;S;M;3039;EMP
059540020020-8764;059540020020;100mN31481E41413;SM;NA;2;15;S;F;1517;EMP
059540020020-8765;059540020020;100mN31481E41413;MC;NA;4;37;M;F;3039;NEP
059540020020-8765;059540020020;100mN31481E41413;MC;NA;4;38;M;M;3039;EMP
059540020020-8765;059540020020;100mN31481E41413;MC;NA;4;3;S;M;0305;NEP
059540020020-8765;059540020020;100mN31481E41413;MC;NA;4;22;D;M;1824;EMP
059540020020-8766;059540020020;100mN31481E41413;S;OS;1;66;W;F;6574;EMP
059540020020-8767;059540020020;100mN31481E41413;MC;NA;3;43;M;M;4049;EMP
059540020020-8767;059540020020;100mN31481E41413;MC;NA;3;45;M;F;4049;NEP
059540020020-8767;059540020020;100mN31481E41413;MC;NA;3;6;S;M;0614;NEP
059540020020-8768;059540020020;100mN31481E41413;SF;NA;2;50;W;F;5064;EMP
059540020020-8768;059540020020;100mN31481E41413;SF;NA;2;15;S;M;1517;NEP
059540020020-8769;059540020020;100mN31481E41413;S;NA;1;50;M;F;5064;EMP
059540020020-8770;059540020020;100mN31481E41413;S;OS;1;16;S;F;1517;NEP
059540020020-8771;059540020020;100mN31481E41413;MC;NA;2;48;M;M;4049;EMP
059540020020-8771;059540020020;100mN31481E41413;MC;NA;2;18;M;F;1824;EMP
059540020020-8772;059540020020;100mN31481E41413;MC;NA;2;62;M;F;5064;EMP
059540020020-8772;059540020020;100mN31481E41413;MC;NA;2;42;D;F;4049;EMP
059540020020-8773;059540020020;100mN31481E41413;MC;NA;2;60;M;F;5064;NEP
059540020020-8773;059540020020;100mN31481E41413;MC;NA;2;61;M;M;5064;UEP
059540020020-8774;059540020020;100mN31481E41413;SF;NA;2;43;W;F;4049;EMP
059540020020-8774;059540020020;100mN31481E41413;SF;NA;2;9;S;F;0614;NEP
059540020020-8775;059540020020;100mN31473E41418;SM;NA;3;58;S;M;5064;EMP
059540020020-8775;059540020020;100mN31473E41418;SM;NA;3;11;S;F;0614;NEP
059540020020-8775;059540020020;100mN31473E41418;SM;NA;3;3;S;F;0305;NEP
059540020020-8776;059540020020;100mN31481E41413;PC;MIX;4;70;M;F;6574;NEP
059540020020-8776;059540020020;100mN31481E41413;PC;MIX;4;55;P;F;5064;EMP
059540020020-8776;059540020020;100mN31481E41413;PC;MIX;4;57;W;F;5064;EMP
059540020020-8776;059540020020;100mN31481E41413;PC;MIX;4;27;M;F;2529;EMP
059540020020-8777;059540020020;100mN31481E41413;PO;OS;2;84;S;F;75XX;NEP
059540020020-8777;059540020020;100mN31481E41413;PO;OS;2;86;S;F;75XX;NEP
059540020020-8778;059540020020;100mN31481E41413;MC;OS;2;86;M;F;75XX;EMP
059540020020-8778;059540020020;100mN31481E41413;MC;OS;2;67;M;F;6574;EMP
059540020020-8779;059540020020;100mN31481E41413;SF;MIX;4;75;S;M;75XX;EMP
059540020020-8779;059540020020;100mN31481E41413;SF;MIX;4;33;W;F;3039;NEP
059540020020-8779;059540020020;100mN31481E41413;SF;MIX;4;13;S;M;0614;NEP
059540020020-8779;059540020020;100mN31481E41413;SF;MIX;4;18;M;F;1824;NEP
059540020020-8780;059540020020;100mN31481E41413;S;OS;1;45;D;F;4049;EMP
059540020020-8781;059540020020;100mN31481E41413;MC;OS;3;72;M;F;6574;NEP
059540020020-8781;059540020020;100mN31481E41413;MC;OS;3;70;M;M;6574;EMP
059540020020-8781;059540020020;100mN31481E41413;MC;OS;3;75;M;M;75XX;NEP
059540020020-8782;059540020020;100mN31481E41413;S;OS;1;53;M;F;5064;NEP
059540020020-8783;059540020020;100mN31481E41413;NA;NA;3;26;M;F;2529;NEP
059540020020-8783;059540020020;100mN31481E41413;NA;NA;3;60;S;M;5064;EMP
059540020020-8783;059540020020;100mN31481E41413;NA;NA;3;51;S;M;5064;EMP
059540020020-8784;059540020020;100mN31481E41413;MC;OS;2;89;M;M;75XX;NEP
059540020020-8784;059540020020;100mN31481E41413;MC;OS;2;9;S;M;0614;NEP
059540020020-8785;059540020020;100mN31481E41413;MC;NA;4;44;M;F;4049;NEP
059540020020-8785;059540020020;100mN31481E41413;MC;NA;4;41;M;M;4049;NEP
059540020020-8785;059540020020;100mN31481E41413;MC;NA;4;18;M;M;1824;NEP
059540020020-8785;059540020020;100mN31481E41413;MC;NA;4;3;S;F;0305;NEP
059540020020-8786;059540020020;100mN31481E41408;MC;NA;2;60;M;F;5064;EMP
059540020020-8786;059540020020;100mN31481E41408;MC;NA;2;62;M;M;5064;EMP
059540020020-8787;059540020020;100mN31481E41413;MC;OS;2;73;M;M;6574;EMP
059540020020-8787;059540020020;100mN31481E41413;MC;OS;2;71;M;F;6574;NEP
059540020020-8788;059540020020;100mN31481E41413;S;NA;1;71;M;M;6574;EMP
059540020020-8789;059540020020;100mN31481E41413;S;OS;1;44;M;M;4049;EMP
059540020020-8790;059540020020;100mN31485E41410;S;NA;1;16;S;M;1517;EMP
059540020020-8791;059540020020;100mN31481E41413;S;OS;1;63;M;F;5064;EMP
059540020020-8792;059540020020;100mN31499E41444;MC;NA;3;54;M;M;5064;EMP
059540020020-8792;059540020020;100mN31499E41444;MC;NA;3;52;M;F;5064;EMP
059540020020-8792;059540020020;100mN31499E41444;MC;NA;3;22;D;F;1824;NEP
059540020020-8793;059540020020;100mN31481E41407;MC;NA;2;33;M;M;3039;EMP
059540020020-8793;059540020020;100mN31481E41407;MC;NA;2;25;M;F;2529;NEP
059540020020-8794;059540020020;100mN31462E41429;S;OS;1;19;W;F;1824;NEP
059540020020-8795;059540020020;100mN31481E41413;S;NA;1;16;S;M;1517;EMP
059540020020-8796;059540020020;100mN31493E41408;MC;NA;3;31;M;M;3039;NEP
059540020020-8796;059540020020;100mN31493E41408;MC;NA;3;32;M;F;3039;EMP
059540020020-8796;059540020020;100mN31493E41408;MC;NA;3;2;S;M;0003;NEP
059540020020-8797;059540020020;100mN31481E41413;MC;NA;2;60;M;F;5064;NEP
059540020020-8797;059540020020;100mN31481E41413;MC;NA;2;61;M;M;5064;UEP
059540020020-8798;059540020020;100mN31486E41429;MC;NA;2;54;M;F;5064;NEP
059540020020-8798;059540020020;100mN31486E41429;MC;NA;2;55;M;M;5064;EMP
059540020020-8799;059540020020;100mN31481E41413;MC;NA;3;51;M;F;5064;NEP
059540020020-8799;059540020020;100mN31481E41413;MC;NA;3;60;M;M;5064;EMP
059540020020-8799;059540020020;100mN31481E41413;MC;NA;3;25;S;M;2529;EMP
059540020020-8800;059540020020;100mN31481E41413;PO;OS;3;66;S;M;6574;EMP
059540020020-8800;059540020020;100mN31481E41413;PO;OS;3;65;S;M;6574;EMP
059540020020-8800;059540020020;100mN31481E41413;PO;OS;3;68;W;F;6574;NEP
059540020020-8801;059540020020;100mN31481E41413;MC;NA;3;35;M;M;3039;NEP
059540020020-8801;059540020020;100mN31481E41413;MC;NA;3;35;M;F;3039;EMP
059540020020-8801;059540020020;100mN31481E41413;MC;NA;3;12;S;M;0614;NEP
059540020020-8802;059540020020;100mN31481E41413;MC;NA;6;63;M;M;5064;EMP
059540020020-8802;059540020020;100mN31481E41413;MC;NA;6;63;M;F;5064;EMP
059540020020-8802;059540020020;100mN31481E41413;MC;NA;6;16;S;M;1517;EMP
059540020020-8802;059540020020;100mN31481E41413;MC;NA;6;4;S;F;0305;NEP
059540020020-8802;059540020020;100mN31481E41413;MC;NA;6;18;M;F;1824;EMP
059540020020-8802;059540020020;100mN31481E41413;MC;NA;6;43;D;M;4049;NEP
059540020020-8803;059540020020;100mN31481E41413;S;OS;1;31;D;M;3039;NEP
059540020020-8804;059540020020;100mN31481E41413;MC;OS;4;75;M;F;75XX;NEP
059540020020-8804;059540020020;100mN31481E41413;MC;OS;4;84;M;M;75XX;NEP
059540020020-8804;059540020020;100mN31481E41413;MC;OS;4;72;M;M;6574;NEP
059540020020-8804;059540020020;100mN31481E41413;MC;OS;4;71;W;F;6574;EMP
059540020020-8805;059540020020;100mN31481E41413;SF;NA;4;55;S;F;5064;EMP
059540020020-8805;059540020020;100mN31481E41413;SF;NA;4;0;S;F;0003;NEP
059540020020-8805;059540020020;100mN31481E41413;SF;NA;4;8;S;F;0614;NEP
059540020020-8805;059540020020;100mN31481E41413;SF;NA;4;15;S;M;1517;EMP
059540020020-8806;059540020020;100mN31481E41413;SF;NA;2;73;W;F;6574;EMP
059540020020-8806;059540020020;100mN31481E41413;SF;NA;2;15;S;F;1517;EMP
059540020020-8807;059540020020;100mN31481E41413;S;NA;1;47;S;M;4049;EMP
059540020020-8808;059540020020;100mN31481E41413;S;NA;1;69;M;M;6574;NEP
059540020020-8809;059540020020;100mN31481E41413;PO;OS;2;71;S;F;6574;EMP
059540020020-8809;059540020020;100mN31481E41413;PO;OS;2;72;S;F;6574;EMP
059540020020-8810;059540020020;100mN31472E41432;MC;OS;3;86;M;M;75XX;EMP
059540020020-8810;059540020020;100mN31472E41432;MC;OS;3;87;M;F;75XX;NEP
059540020020-8810;059540020020;100mN31472E41432;MC;OS;3;66;W;F;6574;NEP
059540020020-8811;059540020020;100mN31481E41413;MC;NA;2;48;M;F;4049;EMP
059540020020-8811;059540020020;100mN31481E41413;MC;NA;2;52;M;M;5064;EMP
059540020020-8812;059540020020;100mN31481E41413;S;NA;1;31;M;F;3039;EMP
059540020020-8813;059540020020;100mN31481E41413;MC;NA;2;57;M;F;5064;NEP
059540020020-8813;059540020020;100mN31481E41413;MC;NA;2;58;M;M;5064;EMP
059540020020-8814;059540020020;100mN31481E41413;S;NA;1;83;S;F;75XX;EMP
059540020020-8815;059540020020;100mN31481E41413;MC;OS;2;83;M;M;75XX;NEP
059540020020-8815;059540020020;100mN31481E41413;MC;OS;2;82;M;F;75XX;EMP
059540020020-8816;059540020020;100mN31481E41413;MC;OS;2;70;M;F;6574;NEP
059540020020-8816;059540020020;100mN31481E41413;MC;OS;2;73;M;M;6574;EMP
059540020020-8817;059540020020;100mN31481E41413;MC;NA;5;34;M;M;3039;EMP
059540020020-8817;059540020020;100mN31481E41413;MC;NA;5;37;M;F;3039;NEP
059540020020-8817;059540020020;100mN31481E41413;MC;NA;5;1;S;M;0003;NEP
059540020020-8817;059540020020;100mN31481E41413;MC;NA;5;6;S;F;0614;NEP
059540020020-8817;059540020020;100mN31481E41413;MC;NA;5;19;D;F;1824;NEP
059540020020-8818;059540020020;100mN31473E41423;MC;NA;2;63;M;F;5064;NEP
059540020020-8818;059540020020;100mN31473E41423;MC;NA;2;35;M;M;3039;NEP
059540020020-8819;059540020020;100mN31481E41413;SM;NA;2;16;S;M;1517;EMP
059540020020-8819;059540020020;100mN31481E41413;SM;NA;2;0;S;M;0003;NEP
059540020020-8820;059540020020;100mN31474E41426;MC;NA;3;51;M;F;5064;NEP
059540020020-8820;059540020020;100mN31474E41426;MC;NA;3;60;M;M;5064;EMP
059540020020-8820;059540020020;100mN31474E41426;MC;NA;3;3;S;F;0305;NEP
059540020020-8821;059540020020;100mN31481E41413;MC;OS;2;72;M;M;6574;NEP
059540020020-8821;059540020020;100mN31481E41413;MC;OS;2;72;M;F;6574;EMP
059540020020-8822;059540020020;100mN31481E41413;MC;MIX;5;67;M;M;6574;EMP
059540020020-8822;059540020020;100mN31481E41413;MC;MIX;5;60;M;F;5064;EMP
059540020020-8822;059540020020;100mN31481E41413;MC;MIX;5;63;M;M;5064;EMP
059540020020-8822;059540020020;100mN31481E41413;MC;MIX;5;30;M;M;3039;EMP
059540020020-8822;059540020020;100mN31481E41413;MC;MIX;5;15;S;F;1517;EMP
059540020020-8823;059540020020;100mN31481E41413;S;NA;1;42;S;M;4049;EMP
059540020020-8824;059540020020;100mN31481E41413;S;OS;1;72;M;F;6574;NEP
059540020020-8825;059540020020;100mN31481E41413;PO;NA;4;44;S;F;4049;NEP
059540020020-8825;059540020020;100mN31481E41413;PO;NA;4;51;S;M;5064;EMP
059540020020-8825;059540020020;100mN31481E41413;PO;NA;4;22;W;F;1824;EMP
059540020020-8825;059540020020;100mN31481E41413;PO;NA;4;26;S;F;2529;NEP
059540020020-8826;059540020020;100mN31481E41413;S;OS;1;25;M;F;2529;NEP
059540020020-8827;059540020020;100mN31472E41431;MC;OS;2;81;M;M;75XX;UEP
059540020020-8827;059540020020;100mN31472E41431;MC;OS;2;81;M;F;75XX;EMP
059540020020-8828;059540020020;100mN31462E41429;MC;OS;3;75;M;M;75XX;EMP
059540020020-8828;059540020020;100mN31462E41429;MC;OS;3;66;M;F;6574;NEP
059540020020-8828;059540020020;100mN31462E41429;MC;OS;3;70;M;F;6574;EMP
059540020020-8829;059540020020;100mN31462E41429;S;NA;1;34;S;M;3039;NEP
059540020020-8830;059540020020;100mN31490E41421;MC;NA;2;60;M;F;5064;NEP
059540020020-8830;059540020020;100mN31490E41421;MC;NA;2;60;M;M;5064;NEP
059540020020-8831;059540020020;100mN31462E41429;MC;NA;3;46;M;F;4049;NEP
059540020020-8831;059540020020;100mN31462E41429;MC;NA;3;46;M;M;4049;NEP
059540020020-8831;059540020020;100mN31462E41429;MC;NA;3;22;M;M;1824;NEP
059540020020-8832;059540020020;100mN31468E41420;MC;OS;4;70;M;F;6574;EMP
059540020020-8832;059540020020;100mN31468E41420;MC;OS;4;72;M;M;6574;EMP
059540020020-8832;059540020020;100mN31468E41420;MC;OS;4;88;M;F;75XX;NEP
059540020020-8832;059540020020;100mN31468E41420;MC;OS;4;72;D;M;6574;EMP
059540020020-8833;059540020020;100mN31462E41429;S;OS;1;19;W;F;1824;NEP
059540020020-8834;059540020020;100mN31462E41429;MC;OS;2;83;M;F;75XX;EMP
059540020020-8834;059540020020;100mN31462E41429;MC;OS;2;88;M;M;75XX;UEP
059540020020-8835;059540020020;100mN31462E41429;MC;NA;2;55;M;M;5064;EMP
059540020020-8835;059540020020;100mN31462E41429;MC;NA;2;18;M;F;1824;NEP
059540020020-8836;059540020020;100mN31462E41429;S;NA;1;45;S;F;4049;EMP
059540020020-8837;059540020020;100mN31462E41429;PO;NA;4;60;S;M;5064;EMP
059540020020-8837;059540020020;100mN31462E41429;PO;NA;4;60;S;M;5064;NEP
059540020020-8837;059540020020;100mN31462E41429;PO;NA;4;44;S;F;4049;EMP
059540020020-8837;059540020020;100mN31462E41429;PO;NA;4;35;M;M;3039;EMP
059540020020-8838;059540020020;100mN31462E41429;S;NA;1;57;M;F;5064;NEP
059540020020-8839;059540020020;100mN31462E41429;S;NA;1;66;M;F;6574;NEP
059540020020-8840;059540020020;100mN31462E41429;MC;NA;3;19;M;F;1824;EMP
059540020020-8840;059540020020;100mN31462E41429;MC;NA;3;21;M;M;1824;NEP
059540020020-8840;059540020020;100mN31462E41429;MC;NA;3;2;S;F;0003;NEP
059540020020-8841;059540020020;100mN31464E41424;MC;NA;2;57;M;F;5064;EMP
059540020020-8841;059540020020;100mN31464E41424;MC;NA;2;62;M;M;5064;EMP
059540020020-8842;059540020020;100mN31481E41411;S;OS;1;27;D;M;2529;EMP
059540020020-8843;059540020020;100mN31462E41429;S;NA;1;80;D;F;75XX;NEP
059540020020-8844;059540020020;100mN31462E41429;PO;NA;4;55;S;M;5064;EMP
059540020020-8844;059540020020;100mN31462E41429;PO;NA;4;50;S;M;5064;EMP
059540020020-8844;059540020020;100mN31462E41429;PO;NA;4;22;M;F;1824;NEP
059540020020-8844;059540020020;100mN31462E41429;PO;NA;4;1;S;F;0003;NEP
059540020020-8845;059540020020;100mN31462E41429;MC;NA;5;62;M;F;5064;NEP
059540020020-8845;059540020020;100mN31462E41429;MC;NA;5;63;M;M;5064;EMP
059540020020-8845;059540020020;100mN31462E41429;MC;NA;5;1;S;F;0003;NEP
059540020020-8845;059540020020;100mN31462E41429;MC;NA;5;3;S;F;0305;NEP
059540020020-8845;059540020020;100mN31462E41429;MC;NA;5;1;S;M;0003;NEP
059540020020-8846;059540020020;100mN31462E41429;SF;NA;4;51;D;F;5064;NEP
059540020020-8846;059540020020;100mN31462E41429;SF;NA;4;35;M;F;3039;EMP
059540020020-8846;059540020020;100mN31462E41429;SF;NA;4;35;D;F;3039;NEP
059540020020-8846;059540020020;100mN31462E41429;SF;NA;4;15;S;F;1517;EMP
059540020020-8847;059540020020;100mN31462E41429;S;NA;1;60;M;M;5064;EMP
059540020020-8848;059540020020;100mN31462E41429;S;OS;1;63;M;M;5064;EMP
059540020020-8849;059540020020;100mN31462E41429;S;NA;1;19;D;M;1824;NEP
059540020020-8850;059540020020;100mN31462E41429;SF;NA;4;52;W;F;5064;EMP
059540020020-8850;059540020020;100mN31462E41429;SF;NA;4;15;S;M;1517;EMP
059540020020-8850;059540020020;100mN31462E41429;SF;NA;4;21;D;F;1824;EMP
059540020020-8850;059540020020;100mN31462E41429;SF;NA;4;21;S;M;1824;EMP
059540020020-8851;059540020020;100mN31498E41443;SF;MIX;2;76;W;F;75XX;NEP
059540020020-8851;059540020020;100mN31498E41443;SF;MIX;2;7;S;M;0614;NEP
059540020020-8852;059540020020;100mN31499E41444;S;NA;1;65;M;M;6574;NEP
059540020020-8853;059540020020;100mN31498E41443;S;NA;1;57;S;M;5064;EMP
059540020020-8854;059540020020;100mN31498E41443;S;NA;1;25;M;F;2529;EMP
059540020020-8855;059540020020;100mN31498E41443;SF;NA;2;22;D;F;1824;EMP
059540020020-8855;059540020020;100mN31498E41443;SF;NA;2;6;S;F;0614;NEP
059540020020-8856;059540020020;100mN31498E41443;S;OS;1;56;W;M;5064;EMP
059540020020-8857;059540020020;100mN31474E41394;MC;NA;2;45;M;M;4049;EMP
059540020020-8857;059540020020;100mN31474E41394;MC;NA;2;43;M;F;4049;EMP
059540020020-8858;059540020020;100mN31463E41423;S;OS;1;22;D;F;1824;NEP
059540020020-8859;059540020020;100mN31489E41419;MC;NA;2;45;M;F;4049;EMP
059540020020-8859;059540020020;100mN31489E41419;MC;NA;2;52;M;M;5064;EMP
059540020020-8860;059540020020;100mN31489E41419;MC;NA;2;27;M;F;2529;EMP
059540020020-8860;059540020020;100mN31489E41419;MC;NA;2;52;M;M;5064;EMP
059540020020-8861;059540020020;100mN31489E41419;MC;NA;4;44;M;F;4049;EMP
059540020020-8861;059540020020;100mN31489E41419;MC;NA;4;44;M;M;4049;NEP
059540020020-8861;059540020020;100mN31489E41419;MC;NA;4;10;S;M;0614;NEP
059540020020-8861;059540020020;100mN31489E41419;MC;NA;4;9;S;M;0614;NEP
059540020020-8862;059540020020;100mN31489E41419;SF;NA;2;70;D;F;6574;NEP
059540020020-8862;059540020020;100mN31489E41419;SF;NA;2;2;S;F;0003;NEP
059540020020-8863;059540020020;100mN31489E41419;SF;NA;2;31;S;F;3039;NEP
059540020020-8863;059540020020;100mN31489E41419;SF;NA;2;8;S;F;0614;NEP
059540020020-8864;059540020020;100mN31464E41424;MC;NA;5;58;M;M;5064;EMP
059540020020-8864;059540020020;100mN31464E41424;MC;NA;5;58;M;F;5064;NEP
059540020020-8864;059540020020;100mN31464E41424;MC;NA;5;10;S;F;0614;NEP
059540020020-8864;059540020020;100mN31464E41424;MC;NA;5;26;S;F;2529;NEP
059540020020-8864;059540020020;100mN31464E41424;MC;NA;5;22;W;F;1824;NEP
059540020020-8865;059540020020;100mN31489E41419;MC;MIX;3;80;M;F;75XX;NEP
059540020020-8865;059540020020;100mN31489E41419;MC;MIX;3;62;M;M;5064;EMP
059540020020-8865;059540020020;100mN31489E41419;MC;MIX;3;60;M;F;5064;NEP
059540020020-8866;059540020020;100mN31489E41419;MC;NA;2;48;M;F;4049;NEP
059540020020-8866;059540020020;100mN31489E41419;MC;NA;2;42;M;M;4049;EMP
059540020020-8867;059540020020;100mN31489E41419;S;OS;1;51;S;F;5064;NEP
059540020020-8868;059540020020;100mN31489E41419;S;NA;1;86;S;M;75XX;EMP
059540020020-8869;059540020020;100mN31486E41428;S;OS;1;72;W;F;6574;EMP
059540020020-8870;059540020020;100mN31489E41419;MC;MIX;2;75;M;F;75XX;NEP
059540020020-8870;059540020020;100mN31489E41419;MC;MIX;2;44;S;M;4049;EMP
059540020020-8871;059540020020;100mN31489E41419;MC;NA;3;53;M;F;5064;EMP
059540020020-8871;059540020020;100mN31489E41419;MC;NA;3;62;M;M;5064;EMP
059540020020-8871;059540020020;100mN31489E41419;MC;NA;3;16;S;F;1517;EMP
059540020020-8872;059540020020;100mN31489E41419;MC;NA;2;50;M;F;5064;EMP
059540020020-8872;059540020020;100mN31489E41419;MC;NA;2;58;M;M;5064;EMP
059540020020-8873;059540020020;100mN31489E41419;MC;OS;2;82;M;M;75XX;EMP
059540020020-8873;059540020020;100mN31489E41419;MC;OS;2;77;M;F;75XX;NEP
059540020020-8874;059540020020;100mN31489E41419;MC;MIX;2;66;M;F;6574;NEP
059540020020-8874;059540020020;100mN31489E41419;MC;MIX;2;36;M;M;3039;EMP
059540020020-8875;059540020020;100mN31489E41419;S;NA;1;53;S;M;5064;EMP
059540020020-8876;059540020020;100mN31489E41419;S;NA;1;46;S;M;4049;NEP
059540020020-8877;059540020020;100mN31489E41419;MC;OS;2;87;M;M;75XX;NEP
059540020020-8877;059540020020;100mN31489E41419;MC;OS;2;89;M;F;75XX;NEP
059540020020-8878;059540020020;100mN31468E41420;MC;OS;2;80;M;F;75XX;EMP
059540020020-8878;059540020020;100mN31468E41420;MC;OS;2;81;M;M;75XX;UEP
059540020020-8879;059540020020;100mN31489E41419;PO;NA;2;53;S;F;5064;NEP
059540020020-8879;059540020020;100mN31489E41419;PO;NA;2;52;S;M;5064;NEP
059540020020-8880;059540020020;100mN31489E41419;NA;NA;2;26;M;F;2529;NEP
059540020020-8880;059540020020;100mN31489E41419;NA;NA;2;54;W;F;5064;NEP
059540020020-8881;059540020020;100mN31489E41419;MC;MIX;2;81;M;F;75XX;EMP
059540020020-8881;059540020020;100mN31489E41419;MC;MIX;2;48;M;F;4049;EMP
059540020020-8882;059540020020;100mN31489E41419;S;NA;1;20;D;F;1824;NEP
059540020020-8883;059540020020;100mN31489E41419;MC;MIX;2;78;M;F;75XX;NEP
059540020020-8883;059540020020;100mN31489E41419;MC;MIX;2;15;S;F;1517;EMP
059540020020-8884;059540020020;100mN31493E41421;PO;NA;3;48;S;M;4049;EMP
059540020020-8884;059540020020;100mN31493E41421;PO;NA;3;43;S;M;4049;EMP
059540020020-8884;059540020020;100mN31493E41421;PO;NA;3;20;W;F;1824;EMP
059540020020-8885;059540020020;100mN31474E41396;S;NA;1;36;S;F;3039;NEP
059540020020-8886;059540020020;100mN31481E41414;S;NA;1;16;S;M;1517;NEP
059540020020-8887;059540020020;100mN31489E41419;MC;NA;3;30;M;M;3039;NEP
059540020020-8887;059540020020;100mN31489E41419;MC;NA;3;26;M;F;2529;EMP
059540020020-8887;059540020020;100mN31489E41419;MC;NA;3;1;S;F;0003;NEP
059540020020-8888;059540020020;100mN31489E41419;MC;NA;2;63;M;F;5064;EMP
059540020020-8888;059540020020;100mN31489E41419;MC;NA;2;2;S;F;0003;NEP
059540020020-8889;059540020020;100mN31500E41422;MC;OS;2;68;M;M;6574;EMP
059540020020-8889;059540020020;100mN31500E41422;MC;OS;2;72;M;F;6574;EMP
059540020020-8890;059540020020;100mN31500E41422;MC;NA;4;19;M;M;1824;EMP
059540020020-8890;059540020020;100mN31500E41422;MC;NA;4;18;M;F;1824;EMP
059540020020-8890;059540020020;100mN31500E41422;MC;NA;4;3;S;F;0305;NEP
059540020020-8890;059540020020;100mN31500E41422;MC;NA;4;3;S;F;0305;NEP
059540020020-8891;059540020020;100mN31500E41422;MC;NA;2;33;M;M;3039;EMP
059540020020-8891;059540020020;100mN31500E41422;MC;NA;2;41;M;F;4049;NEP
059540020020-8892;059540020020;100mN31500E41422;SF;NA;2;57;D;F;5064;EMP
059540020020-8892;059540020020;100mN31500E41422;SF;NA;2;15;S;M;1517;EMP
059540020020-8893;059540020020;100mN31500E41422;S;OS;1;56;S;M;5064;NEP
059540020020-8894;059540020020;100mN31500E41422;MC;OS;2;66;M;M;6574;EMP
059540020020-8894;059540020020;100mN31500E41422;MC;OS;2;85;M;F;75XX;EMP
059540020020-8895;059540020020;100mN31500E41422;MC;NA;2;47;M;F;4049;EMP
059540020020-8895;059540020020;100mN31500E41422;MC;NA;2;52;M;M;5064;EMP
059540020020-8896;059540020020;100mN31500E41422;S;NA;1;50;M;F;5064;EMP
059540020020-8897;059540020020;100mN31500E41422;MC;NA;2;57;M;F;5064;EMP
059540020020-8897;059540020020;100mN31500E41422;MC;NA;2;58;M;M;5064;NEP
059540020020-8898;059540020020;100mN31500E41422;PO;NA;2;59;S;M;5064;EMP
059540020020-8898;059540020020;100mN31500E41422;PO;NA;2;57;S;F;5064;EMP
059540020020-8899;059540020020;100mN31500E41422;MC;NA;3;46;M;F;4049;EMP
059540020020-8899;059540020020;100mN31500E41422;MC;NA;3;51;M;M;5064;NEP
059540020020-8899;059540020020;100mN31500E41422;MC;NA;3;15;S;F;1517;NEP
059540020020-8900;059540020020;100mN31485E41409;SF;NA;4;61;W;F;5064;NEP
059540020020-8900;059540020020;100mN31485E41409;SF;NA;4;3;S;M;0305;NEP
059540020020-8900;059540020020;100mN31485E41409;SF;NA;4;15;S;M;1517;EMP
059540020020-8900;059540020020;100mN31485E41409;SF;NA;4;11;S;M;0614;NEP
059540020020-8901;059540020020;100mN31500E41422;MC;NA;2;54;M;M;5064;NEP
059540020020-8901;059540020020;100mN31500E41422;MC;NA;2;52;M;F;5064;EMP
059540020020-8902;059540020020;100mN31500E41422;S;OS;1;46;M;F;4049;EMP
059540020020-8903;059540020020;100mN31500E41422;S;NA;1;62;W;M;5064;EMP
059540020020-8904;059540020020;100mN31500E41447;S;NA;1;37;M;F;3039;NEP
059540020020-8905;059540020020;100mN31500E41422;S;NA;1;68;W;F;6574;EMP
059540020020-8906;059540020020;100mN31500E41422;MC;NA;2;55;M;M;5064;NEP
059540020020-8906;059540020020;100mN31500E41422;MC;NA;2;54;M;F;5064;NEP
059540020020-8907;059540020020;100mN31500E41422;MC;NA;3;25;M;F;2529;EMP
059540020020-8907;059540020020;100mN31500E41422;MC;NA;3;27;M;M;2529;EMP
059540020020-8907;059540020020;100mN31500E41422;MC;NA;3;4;S;F;0305;NEP
059540020020-8908;059540020020;100mN31478E41403;S;OS;1;53;M;M;5064;EMP
059540020020-8909;059540020020;100mN31497E41435;S;NA;1;52;S;F;5064;NEP
059540020020-8910;059540020020;100mN31481E41408;MC;NA;3;58;M;F;5064;EMP
059540020020-8910;059540020020;100mN31481E41408;MC;NA;3;61;M;M;5064;EMP
059540020020-8910;059540020020;100mN31481E41408;MC;NA;3;15;S;M;1517;NEP
059540020020-8911;059540020020;100mN31497E41435;S;NA;1;32;S;M;3039;EMP
059540020020-8912;059540020020;100mN31497E41435;S;NA;1;85;W;F;75XX;EMP
059540020020-8913;059540020020;100mN31488E41438;MC;MIX;2;70;M;F;6574;NEP
059540020020-8913;059540020020;100mN31488E41438;MC;MIX;2;23;M;M;1824;EMP
059540020020-8914;059540020020;100mN31497E41435;MC;NA;2;55;M;M;5064;EMP
059540020020-8914;059540020020;100mN31497E41435;MC;NA;2;52;M;F;5064;EMP
059540020020-8915;059540020020;100mN31497E41435;PO;NA;2;57;S;M;5064;EMP
059540020020-8915;059540020020;100mN31497E41435;PO;NA;2;57;S;M;5064;NEP
059540020020-8916;059540020020;100mN31497E41435;S;NA;1;40;W;F;4049;NEP
059540020020-8917;059540020020;100mN31486E41409;SM;NA;2;55;D;M;5064;EMP
059540020020-8917;059540020020;100mN31486E41409;SM;NA;2;4;S;F;0305;NEP
059540020020-8918;059540020020;100mN31497E41435;MC;OS;2;86;M;M;75XX;NEP
059540020020-8918;059540020020;100mN31497E41435;MC;OS;2;78;M;F;75XX;NEP
059540020020-8919;059540020020;100mN31497E41435;S;NA;1;52;M;M;5064;EMP
059540020020-8920;059540020020;100mN31497E41435;MC;NA;3;48;M;F;4049;EMP
059540020020-8920;059540020020;100mN31497E41435;MC;NA;3;56;M;M;5064;EMP
059540020020-8920;059540020020;100mN31497E41435;MC;NA;3;12;S;F;0614;NEP
059540020020-8921;059540020020;100mN31481E41412;S;NA;1;28;D;M;2529;EMP
059540020020-8922;059540020020;100mN31481E41412;MC;NA;3;61;M;F;5064;NEP
059540020020-8922;059540020020;100mN31481E41412;MC;NA;3;43;S;F;4049;EMP
059540020020-8922;059540020020;100mN31481E41412;MC;NA;3;13;S;M;0614;NEP
059540020020-8923;059540020020;100mN31463E41423;S;OS;1;16;S;F;1517;NEP
059540020020-8924;059540020020;100mN31464E41429;S;NA;1;53;S;M;5064;EMP
059540020020-8925;059540020020;100mN31481E41412;SF;NA;5;47;S;F;4049;NEP
059540020020-8925;059540020020;100mN31481E41412;SF;NA;5;9;S;M;0614;NEP
059540020020-8925;059540020020;100mN31481E41412;SF;NA;5;16;S;M;1517;EMP
059540020020-8925;059540020020;100mN31481E41412;SF;NA;5;1;S;M;0003;NEP
059540020020-8925;059540020020;100mN31481E41412;SF;NA;5;7;S;M;0614;NEP
059540020020-8926;059540020020;100mN31481E41412;MC;NA;2;54;M;M;5064;EMP
059540020020-8926;059540020020;100mN31481E41412;MC;NA;2;51;M;F;5064;EMP
059540020020-8927;059540020020;100mN31481E41412;S;OS;1;26;S;M;2529;NEP
059540020020-8928;059540020020;100mN31481E41412;S;OS;1;25;M;M;2529;EMP
059540020020-8929;059540020020;100mN31481E41412;S;NA;1;27;M;F;2529;NEP
059540020020-8930;059540020020;100mN31481E41412;SF;MIX;3;79;W;F;75XX;NEP
059540020020-8930;059540020020;100mN31481E41412;SF;MIX;3;68;S;F;6574;NEP
059540020020-8930;059540020020;100mN31481E41412;SF;MIX;3;4;S;F;0305;NEP
059540020020-8931;059540020020;100mN31481E41412;MC;NA;2;58;M;M;5064;EMP
059540020020-8931;059540020020;100mN31481E41412;MC;NA;2;53;M;F;5064;NEP
059540020020-8932;059540020020;100mN31481E41412;S;NA;1;26;D;F;2529;NEP
059540020020-8933;059540020020;100mN31484E41413;S;NA;1;42;W;F;4049;NEP
059540020020-8934;059540020020;100mN31498E41417;S;OS;1;69;W;M;6574;EMP
059540020020-8935;059540020020;100mN31481E41412;MC;NA;2;38;M;F;3039;EMP
059540020020-8935;059540020020;100mN31481E41412;MC;NA;2;47;M;M;4049;EMP
059540020020-8936;059540020020;100mN31472E41420;SF;NA;2;58;S;F;5064;EMP
059540020020-8936;059540020020;100mN31472E41420;SF;NA;2;41;S;M;4049;EMP
059540020020-8937;059540020020;100mN31485E41400;MC;NA;2;62;M;F;5064;EMP
059540020020-8937;059540020020;100mN31485E41400;MC;NA;2;22;S;F;1824;EMP
059540020020-8938;059540020020;100mN31481E41415;MC;NA;2;33;M;M;3039;EMP
059540020020-8938;059540020020;100mN31481E41415;MC;NA;2;33;M;F;3039;EMP
059540020020-8939;059540020020;100mN31472E41431;MC;NA;2;34;M;M;3039;EMP
059540020020-8939;059540020020;100mN31472E41431;MC;NA;2;28;M;F;2529;NEP
059540020020-8940;059540020020;100mN31485E41400;MC;OS;3;80;M;F;75XX;EMP
059540020020-8940;059540020020;100mN31485E41400;MC;OS;3;82;M;M;75XX;EMP
059540020020-8940;059540020020;100mN31485E41400;MC;OS;3;84;W;F;75XX;NEP
059540020020-8941;059540020020;100mN31488E41426;MC;NA;5;57;M;M;5064;EMP
059540020020-8941;059540020020;100mN31488E41426;MC;NA;5;55;M;F;5064;EMP
059540020020-8941;059540020020;100mN31488E41426;MC;NA;5;7;S;M;0614;NEP
059540020020-8941;059540020020;100mN31488E41426;MC;NA;5;16;S;M;1517;NEP
059540020020-8941;059540020020;100mN31488E41426;MC;NA;5;4;S;F;0305;NEP
059540020020-8942;059540020020;100mN31488E41426;MC;NA;3;56;M;M;5064;EMP
059540020020-8942;059540020020;100mN31488E41426;MC;NA;3;54;M;F;5064;NEP
059540020020-8942;059540020020;100mN31488E41426;MC;NA;3;23;M;F;1824;EMP
059540020020-8943;059540020020;100mN31488E41426;S;NA;1;23;M;M;1824;EMP
059540020020-8944;059540020020;100mN31488E41426;MC;NA;4;35;M;M;3039;EMP
059540020020-8944;059540020020;100mN31488E41426;MC;NA;4;28;M;F;2529;NEP
059540020020-8944;059540020020;100mN31488E41426;MC;NA;4;18;W;F;1824;EMP
059540020020-8944;059540020020;100mN31488E41426;MC;NA;4;1;S;M;0003;NEP
059540020020-8945;059540020020;100mN31473E41432;MC;MIX;4;73;S;M;6574;EMP
059540020020-8945;059540020020;100mN31473E41432;MC;MIX;4;60;M;F;5064;EMP
059540020020-8945;059540020020;100mN31473E41432;MC;MIX;4;56;M;F;5064;NEP
059540020020-8945;059540020020;100mN31473E41432;MC;MIX;4;2;S;F;0003;NEP
059540020020-8946;059540020020;100mN31488E41426;S;NA;1;28;S;F;2529;EMP
059540020020-8947;059540020020;100mN31480E41400;SF;NA;2;43;W;F;4049;NEP
059540020020-8947;059540020020;100mN31480E41400;SF;NA;2;27;W;F;2529;NEP
059540020020-8948;059540020020;100mN31500E41443;SF;NA;2;61;S;F;5064;NEP
059540020020-8948;059540020020;100mN31500E41443;SF;NA;2;44;M;M;4049;EMP
059540020020-8949;059540020020;100mN31488E41426;S;NA;1;59;M;M;5064;EMP
059540020020-8950;059540020020;100mN31483E41413;S;NA;1;60;W;F;5064;EMP
059540020020-8951;059540020020;100mN31488E41438;S;OS;1;53;M;F;5064;EMP
059540020020-8952;059540020020;100mN31464E41430;S;OS;1;48;M;M;4049;NEP
059540020020-8953;059540020020;100mN31489E41412;S;NA;1;63;S;M;5064;NEP
059540020020-8954;059540020020;100mN31490E41438;PO;MIX;4;68;S;M;6574;EMP
059540020020-8954;059540020020;100mN31490E41438;PO;MIX;4;58;S;M;5064;NEP
059540020020-8954;059540020020;100mN31490E41438;PO;MIX;4;57;S;M;5064;EMP
059540020020-8954;059540020020;100mN31490E41438;PO;MIX;4;16;S;F;1517;NEP
059540020020-8955;059540020020;100mN31490E41438;MC;NA;2;46;M;M;4049;EMP
059540020020-8955;059540020020;100mN31490E41438;MC;NA;2;48;M;F;4049;EMP
059540020020-8956;059540020020;100mN31490E41438;S;NA;1;65;W;F;6574;EMP
059540020020-8957;059540020020;100mN31490E41438;SF;NA;3;34;W;F;3039;NEP
059540020020-8957;059540020020;100mN31490E41438;SF;NA;3;11;S;F;0614;NEP
059540020020-8957;059540020020;100mN31490E41438;SF;NA;3;18;M;M;1824;EMP
059540020020-8958;059540020020;100mN31490E41438;MC;NA;2;33;M;F;3039;EMP
059540020020-8958;059540020020;100mN31490E41438;MC;NA;2;41;M;M;4049;EMP
059540020020-8959;059540020020;100mN31478E41403;MC;MIX;2;80;M;M;75XX;EMP
059540020020-8959;059540020020;100mN31478E41403;MC;MIX;2;43;D;M;4049;NEP
059540020020-8960;059540020020;100mN31490E41438;SF;NA;2;31;W;F;3039;EMP
059540020020-8960;059540020020;100mN31490E41438;SF;NA;2;7;S;M;0614;NEP
059540020020-8961;059540020020;100mN31493E41421;PO;NA;3;48;S;M;4049;EMP
059540020020-8961;059540020020;100mN31493E41421;PO;NA;3;43;S;M;4049;EMP
059540020020-8961;059540020020;100mN31493E41421;PO;NA;3;20;W;F;1824;EMP
059540020020-8962;059540020020;100mN31490E41438;S;NA;1;48;S;M;4049;NEP
059540020020-8963;059540020020;100mN31467E41427;MC;NA;2;56;M;M;5064;EMP
059540020020-8963;059540020020;100mN31467E41427;MC;NA;2;54;M;F;5064;EMP
059540020020-8964;059540020020;100mN31467E41427;MC;OS;3;76;M;M;75XX;EMP
059540020020-8964;059540020020;100mN31467E41427;MC;OS;3;68;M;F;6574;EMP
059540020020-8964;059540020020;100mN31467E41427;MC;OS;3;89;M;F;75XX;NEP
059540020020-8965;059540020020;100mN31467E41427;MC;NA;2;52;M;F;5064;NEP
059540020020-8965;059540020020;100mN31467E41427;MC;NA;2;50;M;M;5064;NEP
059540020020-8966;059540020020;100mN31468E41425;MC;NA;2;57;M;F;5064;NEP
059540020020-8966;059540020020;100mN31468E41425;MC;NA;2;58;M;M;5064;EMP
059540020020-8967;059540020020;100mN31481E41411;S;OS;1;27;D;M;2529;EMP
059540020020-8968;059540020020;100mN31481E41411;MC;NA;3;57;M;M;5064;NEP
059540020020-8968;059540020020;100mN31481E41411;MC;NA;3;53;M;F;5064;EMP
059540020020-8968;059540020020;100mN31481E41411;MC;NA;3;4;S;F;0305;NEP
059540020020-8969;059540020020;100mN31481E41411;MC;NA;5;38;M;F;3039;NEP
059540020020-8969;059540020020;100mN31481E41411;MC;NA;5;40;M;M;4049;EMP
059540020020-8969;059540020020;100mN31481E41411;MC;NA;5;2;S;F;0003;NEP
059540020020-8969;059540020020;100mN31481E41411;MC;NA;5;16;S;F;1517;NEP
059540020020-8969;059540020020;100mN31481E41411;MC;NA;5;20;W;F;1824;NEP
059540020020-8970;059540020020;100mN31481E41411;S;OS;1;89;M;F;75XX;NEP
059540020020-8971;059540020020;100mN31481E41411;MC;OS;2;76;M;F;75XX;NEP
059540020020-8971;059540020020;100mN31481E41411;MC;OS;2;83;M;M;75XX;EMP
059540020020-8972;059540020020;100mN31485E41410;MC;OS;2;83;M;F;75XX;NEP
059540020020-8972;059540020020;100mN31485E41410;MC;OS;2;56;M;F;5064;EMP
059540020020-8973;059540020020;100mN31481E41411;S;NA;1;86;W;F;75XX;NEP
059540020020-8974;059540020020;100mN31481E41405;SF;NA;2;66;W;F;6574;NEP
059540020020-8974;059540020020;100mN31481E41405;SF;NA;2;46;S;F;4049;EMP
059540020020-8975;059540020020;100mN31489E41429;S;NA;1;40;W;F;4049;NEP
059540020020-8976;059540020020;100mN31473E41430;MC;OS;2;79;M;F;75XX;NEP
059540020020-8976;059540020020;100mN31473E41430;MC;OS;2;86;M;M;75XX;UEP
059540020020-8977;059540020020;100mN31481E41411;SM;NA;4;43;W;M;4049;NEP
059540020020-8977;059540020020;100mN31481E41411;SM;NA;4;12;S;M;0614;NEP
059540020020-8977;059540020020;100mN31481E41411;SM;NA;4;8;S;M;0614;NEP
059540020020-8977;059540020020;100mN31481E41411;SM;NA;4;23;M;M;1824;UEP
059540020020-8978;059540020020;100mN31481E41411;MC;NA;2;52;M;F;5064;NEP
059540020020-8978;059540020020;100mN31481E41411;MC;NA;2;59;M;M;5064;EMP
059540020020-8979;059540020020;100mN31481E41411;MC;NA;4;53;M;F;5064;NEP
059540020020-8979;059540020020;100mN31481E41411;MC;NA;4;54;M;M;5064;EMP
059540020020-8979;059540020020;100mN31481E41411;MC;NA;4;12;S;M;0614;NEP
059540020020-8979;059540020020;100mN31481E41411;MC;NA;4;3;S;M;0305;NEP
059540020020-8980;059540020020;100mN31481E41411;MC;NA;2;23;M;F;1824;EMP
059540020020-8980;059540020020;100mN31481E41411;MC;NA;2;31;M;M;3039;NEP
059540020020-8981;059540020020;100mN31481E41411;PO;NA;2;59;S;M;5064;EMP
059540020020-8981;059540020020;100mN31481E41411;PO;NA;2;50;S;F;5064;EMP
059540020020-8982;059540020020;100mN31475E41427;MC;OS;2;69;M;M;6574;EMP
059540020020-8982;059540020020;100mN31475E41427;MC;OS;2;67;M;F;6574;EMP
059540020020-8983;059540020020;100mN31481E41414;S;NA;1;58;S;M;5064;EMP
059540020020-8984;059540020020;100mN31481E41411;S;NA;1;42;M;F;4049;NEP
059540020020-8985;059540020020;100mN31481E41411;S;OS;1;47;W;F;4049;NEP
059540020020-8986;059540020020;100mN31481E41411;S;NA;1;48;M;F;4049;EMP
059540020020-8987;059540020020;100mN31481E41411;S;OS;1;41;M;F;4049;NEP
059540020020-8988;059540020020;100mN31486E41413;S;NA;1;32;S;F;3039;EMP
059540020020-8989;059540020020;100mN31472E41424;NA;OS;4;35;M;F;3039;NEP
059540020020-8989;059540020020;100mN31472E41424;NA;OS;4;28;W;M;2529;EMP
059540020020-8989;059540020020;100mN31472E41424;NA;OS;4;38;W;F;3039;NEP
059540020020-8989;059540020020;100mN31472E41424;NA;OS;4;53;S;F;5064;NEP
059540020020-8990;059540020020;100mN31481E41411;MC;NA;3;53;M;M;5064;NEP
059540020020-8990;059540020020;100mN31481E41411;MC;NA;3;52;M;F;5064;EMP
059540020020-8990;059540020020;100mN31481E41411;MC;NA;3;30;S;M;3039;EMP
059540020020-8991;059540020020;100mN31481E41411;S;OS;1;46;D;M;4049;NEP
059540020020-8992;059540020020;100mN31481E41411;MC;NA;2;48;M;F;4049;NEP
059540020020-8992;059540020020;100mN31481E41411;MC;NA;2;46;M;M;4049;EMP
059540020020-8993;059540020020;100mN31481E41411;MC;MIX;5;86;D;F;75XX;EMP
059540020020-8993;059540020020;100mN31481E41411;MC;MIX;5;18;M;M;1824;EMP
059540020020-8993;059540020020;100mN31481E41411;MC;MIX;5;18;M;F;1824;EMP
059540020020-8993;059540020020;100mN31481E41411;MC;MIX;5;2;S;M;0003;NEP
059540020020-8993;059540020020;100mN31481E41411;MC;MIX;5;3;S;F;0305;NEP
059540020020-8994;059540020020;100mN31481E41411;MC;NA;2;18;M;F;1824;NEP
059540020020-8994;059540020020;100mN31481E41411;MC;NA;2;44;M;M;4049;EMP
059540020020-8995;059540020020;100mN31481E41411;MC;NA;2;43;M;F;4049;EMP
059540020020-8995;059540020020;100mN31481E41411;MC;NA;2;58;M;M;5064;EMP
059540020020-8996;059540020020;100mN31481E41411;MC;NA;2;56;M;M;5064;EMP
059540020020-8996;059540020020;100mN31481E41411;MC;NA;2;59;M;F;5064;EMP
059540020020-8997;059540020020;100mN31481E41411;MC;MIX;2;67;M;M;6574;EMP
059540020020-8997;059540020020;100mN31481E41411;MC;MIX;2;59;S;M;5064;EMP
059540020020-8998;059540020020;100mN31499E41433;MC;MIX;5;79;M;F;75XX;EMP
059540020020-8998;059540020020;100mN31499E41433;MC;MIX;5;47;M;F;4049;EMP
059540020020-8998;059540020020;100mN31499E41433;MC;MIX;5;50;M;M;5064;EMP
059540020020-8998;059540020020;100mN31499E41433;MC;MIX;5;23;D;F;1824;EMP
059540020020-8998;059540020020;100mN31499E41433;MC;MIX;5;21;M;M;1824;NEP
059540020020-8999;059540020020;100mN31499E41433;S;OS;1;51;D;F;5064;EMP
059540020020-9000;059540020020;100mN31499E41433;MC;NA;2;19;M;M;1824;EMP
059540020020-9000;059540020020;100mN31499E41433;MC;NA;2;18;M;F;1824;NEP
059540020020-9001;059540020020;100mN31499E41433;MC;OS;2;75;M;F;75XX;EMP
059540020020-9001;059540020020;100mN31499E41433;MC;OS;2;78;M;M;75XX;EMP
059540020020-9002;059540020020;100mN31499E41433;MC;NA;3;58;M;F;5064;NEP
059540020020-9002;059540020020;100mN31499E41433;MC;NA;3;60;M;M;5064;UEP
059540020020-9002;059540020020;100mN31499E41433;MC;NA;3;41;W;M;4049;EMP
059540020020-9003;059540020020;100mN31499E41433;MC;NA;2;46;M;M;4049;EMP
059540020020-9003;059540020020;100mN31499E41433;MC;NA;2;46;M;F;4049;NEP
059540020020-9004;059540020020;100mN31499E41433;SM;NA;3;23;W;M;1824;EMP
059540020020-9004;059540020020;100mN31499E41433;SM;NA;3;1;S;F;0003;NEP
059540020020-9004;059540020020;100mN31499E41433;SM;NA;3;8;S;F;0614;NEP
059540020020-9005;059540020020;100mN31473E41422;PO;NA;3;43;S;M;4049;NEP
059540020020-9005;059540020020;100mN31473E41422;PO;NA;3;42;S;F;4049;EMP
059540020020-9005;059540020020;100mN31473E41422;PO;NA;3;26;M;M;2529;NEP
059540020020-9006;059540020020;100mN31499E41433;PO;NA;6;45;S;M;4049;NEP
059540020020-9006;059540020020;100mN31499E41433;PO;NA;6;42;S;M;4049;EMP
059540020020-9006;059540020020;100mN31499E41433;PO;NA;6;18;W;F;1824;EMP
059540020020-9006;059540020020;100mN31499E41433;PO;NA;6;13;S;M;0614;NEP
059540020020-9006;059540020020;100mN31499E41433;PO;NA;6;30;W;F;3039;EMP
059540020020-9006;059540020020;100mN31499E41433;PO;NA;6;12;S;F;0614;NEP
059540020020-9007;059540020020;100mN31481E41405;S;OS;1;47;S;M;4049;EMP
059540020020-9008;059540020020;100mN31499E41433;S;NA;1;63;S;M;5064;EMP
059540020020-9009;059540020020;100mN31499E41433;S;NA;1;82;M;M;75XX;EMP
059540020020-9010;059540020020;100mN31499E41433;S;OS;1;36;M;F;3039;EMP
059540020020-9011;059540020020;100mN31481E41393;S;OS;1;35;D;M;3039;EMP
059540020020-9012;059540020020;100mN31481E41410;S;OS;1;32;W;F;3039;NEP
059540020020-9013;059540020020;100mN31481E41393;MC;MIX;2;67;M;M;6574;EMP
059540020020-9013;059540020020;100mN31481E41393;MC;MIX;2;62;M;F;5064;EMP
059540020020-9014;059540020020;100mN31481E41393;MC;OS;2;84;M;M;75XX;EMP
059540020020-9014;059540020020;100mN31481E41393;MC;OS;2;78;M;F;75XX;EMP
059540020020-9015;059540020020;100mN31472E41373;MC;NA;2;62;M;F;5064;EMP
059540020020-9015;059540020020;100mN31472E41373;MC;NA;2;58;M;M;5064;NEP
059540020020-9016;059540020020;100mN31472E41373;MC;NA;2;23;M;M;1824;NEP
059540020020-9016;059540020020;100mN31472E41373;MC;NA;2;18;M;F;1824;NEP
059540020020-9017;059540020020;100mN31472E41373;S;NA;1;73;M;M;6574;UEP
059540020020-9018;059540020020;100mN31468E41425;MC;NA;2;57;M;F;5064;NEP
059540020020-9018;059540020020;100mN31468E41425;MC;NA;2;58;M;M;5064;EMP
059540020020-9019;059540020020;100mN31468E41425;MC;OS;2;71;M;F;6574;EMP
059540020020-9019;059540020020;100mN31468E41425;MC;OS;2;76;M;M;75XX;EMP
059540020020-9020;059540020020;100mN31481E41414;MC;NA;3;58;M;F;5064;EMP
059540020020-9020;059540020020;100mN31481E41414;MC;NA;3;63;M;M;5064;EMP
059540020020-9020;059540020020;100mN31481E41414;MC;NA;3;3;S;M;0305;NEP
059540020020-9021;059540020020;100mN31468E41425;MC;OS;2;88;M;M;75XX;EMP
059540020020-9021;059540020020;100mN31468E41425;MC;OS;2;89;M;F;75XX;NEP
059540020020-9022;059540020020;100mN31468E41425;MC;OS;2;66;M;F;6574;NEP
059540020020-9022;059540020020;100mN31468E41425;MC;OS;2;83;M;M;75XX;UEP
059540020020-9023;059540020020;100mN31468E41425;PO;NA;3;48;S;F;4049;EMP
059540020020-9023;059540020020;100mN31468E41425;PO;NA;3;48;S;F;4049;EMP
059540020020-9023;059540020020;100mN31468E41425;PO;NA;3;3;S;F;0305;NEP
059540020020-9024;059540020020;100mN31468E41425;PO;NA;2;18;S;M;1824;NEP
059540020020-9024;059540020020;100mN31468E41425;PO;NA;2;23;S;F;1824;EMP
059540020020-9025;059540020020;100mN31468E41425;SM;NA;4;85;S;M;75XX;UEP
059540020020-9025;059540020020;100mN31468E41425;SM;NA;4;11;S;F;0614;NEP
059540020020-9025;059540020020;100mN31468E41425;SM;NA;4;67;D;F;6574;NEP
059540020020-9025;059540020020;100mN31468E41425;SM;NA;4;68;D;M;6574;NEP
059540020020-9026;059540020020;100mN31499E41436;MC;NA;2;32;M;F;3039;NEP
059540020020-9026;059540020020;100mN31499E41436;MC;NA;2;30;M;M;3039;EMP
059540020020-9027;059540020020;100mN31499E41436;MC;NA;2;44;M;F;4049;EMP
059540020020-9027;059540020020;100mN31499E41436;MC;NA;2;36;M;M;3039;NEP
059540020020-9028;059540020020;100mN31499E41436;SF;NA;3;83;D;F;75XX;EMP
059540020020-9028;059540020020;100mN31499E41436;SF;NA;3;19;M;M;1824;EMP
059540020020-9028;059540020020;100mN31499E41436;SF;NA;3;7;S;M;0614;NEP
059540020020-9029;059540020020;100mN31499E41436;MC;MIX;2;67;M;M;6574;EMP
059540020020-9029;059540020020;100mN31499E41436;MC;MIX;2;30;M;M;3039;EMP
059540020020-9030;059540020020;100mN31499E41436;NA;NA;2;67;M;F;6574;EMP
059540020020-9030;059540020020;100mN31499E41436;NA;NA;2;69;M;M;6574;NEP
059540020020-9031;059540020020;100mN31499E41436;PO;OS;2;66;S;M;6574;EMP
059540020020-9031;059540020020;100mN31499E41436;PO;OS;2;65;S;M;6574;EMP
059540020020-9032;059540020020;100mN31483E41405;S;NA;1;59;D;M;5064;EMP
059540020020-9033;059540020020;100mN31499E41436;MC;NA;3;52;M;M;5064;EMP
059540020020-9033;059540020020;100mN31499E41436;MC;NA;3;50;M;F;5064;NEP
059540020020-9033;059540020020;100mN31499E41436;MC;NA;3;8;S;M;0614;NEP
059540020020-9034;059540020020;100mN31493E41420;S;NA;1;59;S;M;5064;NEP
059540020020-9035;059540020020;100mN31472E41432;S;NA;1;54;M;F;5064;EMP
059540020020-9036;059540020020;100mN31473E41424;S;NA;1;41;W;F;4049;EMP
059540020020-9037;059540020020;100mN31493E41420;S;NA;1;45;M;F;4049;NEP
059540020020-9038;059540020020;100mN31493E41420;S;OS;1;70;S;F;6574;EMP
059540020020-9039;059540020020;100mN31493E41420;SF;NA;2;52;W;F;5064;EMP
059540020020-9039;059540020020;100mN31493E41420;SF;NA;2;33;D;F;3039;NEP
059540020020-9040;059540020020;100mN31493E41420;SF;NA;4;51;S;F;5064;EMP
059540020020-9040;059540020020;100mN31493E41420;SF;NA;4;30;M;F;3039;NEP
059540020020-9040;059540020020;100mN31493E41420;SF;NA;4;25;W;M;2529;EMP
059540020020-9040;059540020020;100mN31493E41420;SF;NA;4;33;S;M;3039;NEP
059540020020-9041;059540020020;100mN31486E41432;MC;NA;3;55;M;M;5064;NEP
059540020020-9041;059540020020;100mN31486E41432;MC;NA;3;48;M;F;4049;NEP
059540020020-9041;059540020020;100mN31486E41432;MC;NA;3;16;S;M;1517;EMP
059540020020-9042;059540020020;100mN31460E41428;SF;NA;2;22;W;F;1824;EMP
059540020020-9042;059540020020;100mN31460E41428;SF;NA;2;7;S;F;0614;NEP
059540020020-9043;059540020020;100mN31493E41420;MC;NA;2;19;M;M;1824;NEP
059540020020-9043;059540020020;100mN31493E41420;MC;NA;2;18;M;F;1824;NEP
059540020020-9044;059540020020;100mN31493E41420;MC;NA;2;45;M;F;4049;NEP
059540020020-9044;059540020020;100mN31493E41420;MC;NA;2;50;M;M;5064;NEP
059540020020-9045;059540020020;100mN31493E41420;S;NA;1;58;M;F;5064;NEP
059540020020-9046;059540020020;100mN31473E41419;MC;NA;2;60;M;F;5064;NEP
059540020020-9046;059540020020;100mN31473E41419;MC;NA;2;60;M;M;5064;EMP
059540020020-9047;059540020020;100mN31485E41416;MC;OS;2;65;M;M;6574;EMP
059540020020-9047;059540020020;100mN31485E41416;MC;OS;2;67;M;F;6574;EMP
059540020020-9048;059540020020;100mN31454E41388;SF;NA;2;33;D;F;3039;EMP
059540020020-9048;059540020020;100mN31454E41388;SF;NA;2;10;S;F;0614;NEP
059540020020-9049;059540020020;100mN31472E41420;NA;NA;3;67;M;M;6574;EMP
059540020020-9049;059540020020;100mN31472E41420;NA;NA;3;37;M;M;3039;EMP
059540020020-9049;059540020020;100mN31472E41420;NA;NA;3;75;S;F;75XX;NEP
059540020020-9050;059540020020;100mN31472E41420;S;OS;1;51;M;F;5064;EMP
059540020020-9051;059540020020;100mN31472E41420;MC;MIX;2;71;M;M;6574;EMP
059540020020-9051;059540020020;100mN31472E41420;MC;MIX;2;32;M;F;3039;NEP
059540020020-9052;059540020020;100mN31472E41420;MC;NA;2;59;M;M;5064;EMP
059540020020-9052;059540020020;100mN31472E41420;MC;NA;2;58;M;F;5064;NEP
059540020020-9053;059540020020;100mN31472E41420;S;OS;1;44;M;M;4049;EMP
059540020020-9054;059540020020;100mN31472E41420;MC;NA;2;57;M;F;5064;EMP
059540020020-9054;059540020020;100mN31472E41420;MC;NA;2;59;M;M;5064;EMP
059540020020-9055;059540020020;100mN31481E41414;S;OS;1;57;M;F;5064;NEP
059540020020-9056;059540020020;100mN31472E41420;S;OS;1;43;M;F;4049;EMP
059540020020-9057;059540020020;100mN31472E41420;S;NA;1;62;S;F;5064;EMP
059540020020-9058;059540020020;100mN31472E41420;NA;NA;4;69;S;M;6574;NEP
059540020020-9058;059540020020;100mN31472E41420;NA;NA;4;28;M;M;2529;EMP
059540020020-9058;059540020020;100mN31472E41420;NA;NA;4;27;M;F;2529;NEP
059540020020-9058;059540020020;100mN31472E41420;NA;NA;4;40;M;F;4049;EMP
059540020020-9059;059540020020;100mN31472E41420;MC;MIX;2;69;M;M;6574;EMP
059540020020-9059;059540020020;100mN31472E41420;MC;MIX;2;28;D;M;2529;NEP
059540020020-9060;059540020020;100mN31472E41420;MC;MIX;2;70;M;M;6574;EMP
059540020020-9060;059540020020;100mN31472E41420;MC;MIX;2;42;W;F;4049;NEP
059540020020-9061;059540020020;100mN31472E41420;MC;NA;2;60;M;F;5064;EMP
059540020020-9061;059540020020;100mN31472E41420;MC;NA;2;76;S;M;75XX;EMP
059540020020-9062;059540020020;100mN31472E41420;MC;OS;2;67;M;F;6574;EMP
059540020020-9062;059540020020;100mN31472E41420;MC;OS;2;71;M;M;6574;EMP
059540020020-9063;059540020020;100mN31472E41420;S;NA;1;37;M;F;3039;EMP
059540020020-9064;059540020020;100mN31472E41420;MC;MIX;2;70;M;M;6574;EMP
059540020020-9064;059540020020;100mN31472E41420;MC;MIX;2;38;S;M;3039;NEP
059540020020-9065;059540020020;100mN31472E41420;MC;NA;2;54;M;M;5064;EMP
059540020020-9065;059540020020;100mN31472E41420;MC;NA;2;55;M;F;5064;EMP
059540020020-9066;059540020020;100mN31472E41420;S;NA;1;18;M;M;1824;EMP
059540020020-9067;059540020020;100mN31472E41420;S;NA;1;58;D;M;5064;NEP
059540020020-9068;059540020020;100mN31467E41428;MC;NA;5;56;M;F;5064;EMP
059540020020-9068;059540020020;100mN31467E41428;MC;NA;5;59;M;M;5064;EMP
059540020020-9068;059540020020;100mN31467E41428;MC;NA;5;31;D;M;3039;EMP
059540020020-9068;059540020020;100mN31467E41428;MC;NA;5;25;W;F;2529;EMP
059540020020-9068;059540020020;100mN31467E41428;MC;NA;5;9;S;F;0614;NEP
059540020020-9069;059540020020;100mN31472E41420;SF;NA;2;58;S;F;5064;EMP
059540020020-9069;059540020020;100mN31472E41420;SF;NA;2;41;S;M;4049;EMP
059540020020-9070;059540020020;100mN31472E41420;S;OS;1;45;M;F;4049;NEP
059540020020-9071;059540020020;100mN31472E41420;S;NA;1;85;D;F;75XX;NEP
059540020020-9072;059540020020;100mN31472E41420;S;OS;1;77;D;F;75XX;EMP
059540020020-9073;059540020020;100mN31472E41420;S;NA;1;22;W;F;1824;NEP
059540020020-9074;059540020020;100mN31472E41420;PO;NA;4;33;S;M;3039;NEP
059540020020-9074;059540020020;100mN31472E41420;PO;NA;4;33;S;M;3039;EMP
059540020020-9074;059540020020;100mN31472E41420;PO;NA;4;10;S;F;0614;NEP
059540020020-9074;059540020020;100mN31472E41420;PO;NA;4;18;M;F;1824;NEP
059540020020-9075;059540020020;100mN31481E41404;S;OS;1;16;S;M;1517;EMP
059540020020-9076;059540020020;100mN31473E41421;MC;NA;3;56;M;F;5064;EMP
059540020020-9076;059540020020;100mN31473E41421;MC;NA;3;61;M;M;5064;NEP
059540020020-9076;059540020020;100mN31473E41421;MC;NA;3;9;S;M;0614;NEP
059540020020-9077;059540020020;100mN31483E41413;S;OS;1;43;S;M;4049;EMP
059540020020-9078;059540020020;100mN31473E41421;S;OS;1;84;M;M;75XX;NEP
059540020020-9079;059540020020;100mN31473E41421;S;NA;1;31;M;M;3039;EMP
059540020020-9080;059540020020;100mN31473E41421;MC;NA;4;56;M;M;5064;EMP
059540020020-9080;059540020020;100mN31473E41421;MC;NA;4;47;M;F;4049;EMP
059540020020-9080;059540020020;100mN31473E41421;MC;NA;4;8;S;F;0614;NEP
059540020020-9080;059540020020;100mN31473E41421;MC;NA;4;18;D;M;1824;EMP
059540020020-9081;059540020020;100mN31463E41421;MC;NA;2;42;M;M;4049;NEP
059540020020-9081;059540020020;100mN31463E41421;MC;NA;2;41;M;F;4049;EMP
059540020020-9082;059540020020;100mN31472E41431;MC;NA;3;62;M;F;5064;NEP
059540020020-9082;059540020020;100mN31472E41431;MC;NA;3;54;M;M;5064;EMP
059540020020-9082;059540020020;100mN31472E41431;MC;NA;3;47;D;F;4049;NEP
059540020020-9083;059540020020;100mN31473E41421;PO;NA;2;30;S;F;3039;EMP
059540020020-9083;059540020020;100mN31473E41421;PO;NA;2;28;S;F;2529;EMP
059540020020-9084;059540020020;100mN31473E41421;MC;NA;6;55;M;F;5064;NEP
059540020020-9084;059540020020;100mN31473E41421;MC;NA;6;58;M;M;5064;NEP
059540020020-9084;059540020020;100mN31473E41421;MC;NA;6;27;W;F;2529;NEP
059540020020-9084;059540020020;100mN31473E41421;MC;NA;6;1;S;F;0003;NEP
059540020020-9084;059540020020;100mN31473E41421;MC;NA;6;30;S;M;3039;NEP
059540020020-9084;059540020020;100mN31473E41421;MC;NA;6;25;M;F;2529;EMP
059540020020-9085;059540020020;100mN31473E41421;MC;NA;2;25;M;M;2529;NEP
059540020020-9085;059540020020;100mN31473E41421;MC;NA;2;18;M;F;1824;NEP
059540020020-9086;059540020020;100mN31473E41421;S;NA;1;56;S;F;5064;EMP
059540020020-9087;059540020020;100mN31473E41421;S;OS;1;54;S;F;5064;EMP
059540020020-9088;059540020020;100mN31473E41421;MC;NA;5;26;M;F;2529;NEP
059540020020-9088;059540020020;100mN31473E41421;MC;NA;5;23;M;M;1824;EMP
059540020020-9088;059540020020;100mN31473E41421;MC;NA;5;6;S;M;0614;NEP
059540020020-9088;059540020020;100mN31473E41421;MC;NA;5;8;S;M;0614;NEP
059540020020-9088;059540020020;100mN31473E41421;MC;NA;5;8;S;F;0614;NEP
059540020020-9089;059540020020;100mN31490E41436;S;NA;1;51;S;M;5064;EMP
059540020020-9090;059540020020;100mN31490E41436;S;NA;1;84;M;M;75XX;NEP
059540020020-9091;059540020020;100mN31490E41436;S;OS;1;43;W;M;4049;EMP
059540020020-9092;059540020020;100mN31498E41417;S;OS;1;35;M;F;3039;NEP
059540020020-9093;059540020020;100mN31478E41402;SF;NA;4;52;S;F;5064;EMP
059540020020-9093;059540020020;100mN31478E41402;SF;NA;4;7;S;F;0614;NEP
059540020020-9093;059540020020;100mN31478E41402;SF;NA;4;25;W;F;2529;EMP
059540020020-9093;059540020020;100mN31478E41402;SF;NA;4;20;S;M;1824;NEP
059540020020-9094;059540020020;100mN31478E41402;NA;NA;2;20;M;F;1824;NEP
059540020020-9094;059540020020;100mN31478E41402;NA;NA;2;76;M;F;75XX;EMP
059540020020-9095;059540020020;100mN31478E41402;MC;NA;2;63;M;M;5064;EMP
059540020020-9095;059540020020;100mN31478E41402;MC;NA;2;61;M;F;5064;NEP
059540020020-9096;059540020020;100mN31478E41402;S;NA;1;27;W;F;2529;NEP
059540020020-9097;059540020020;100mN31478E41402;MC;NA;3;34;M;F;3039;EMP
059540020020-9097;059540020020;100mN31478E41402;MC;NA;3;42;M;M;4049;NEP
059540020020-9097;059540020020;100mN31478E41402;MC;NA;3;6;S;F;0614;NEP
059540020020-9098;059540020020;100mN31478E41402;S;OS;1;51;S;F;5064;EMP
059540020020-9099;059540020020;100mN31473E41422;MC;OS;3;83;M;M;75XX;NEP
059540020020-9099;059540020020;100mN31473E41422;MC;OS;3;75;M;F;75XX;EMP
059540020020-9099;059540020020;100mN31473E41422;MC;OS;3;69;S;M;6574;EMP
059540020020-9100;059540020020;100mN31485E41401;S;OS;1;16;S;M;1517;NEP
059540020020-9101;059540020020;100mN31485E41401;S;NA;1;87;S;M;75XX;EMP
059540020020-9102;059540020020;100mN31485E41401;MC;OS;2;69;M;M;6574;NEP
059540020020-9102;059540020020;100mN31485E41401;MC;OS;2;81;M;F;75XX;NEP
059540020020-9103;059540020020;100mN31486E41395;S;NA;1;51;S;F;5064;EMP
059540020020-9104;059540020020;100mN31481E41414;MC;NA;4;41;M;F;4049;EMP
059540020020-9104;059540020020;100mN31481E41414;MC;NA;4;44;M;M;4049;EMP
059540020020-9104;059540020020;100mN31481E41414;MC;NA;4;12;S;F;0614;NEP
059540020020-9104;059540020020;100mN31481E41414;MC;NA;4;16;S;F;1517;NEP
059540020020-9105;059540020020;100mN31486E41395;S;NA;1;19;M;M;1824;NEP
059540020020-9106;059540020020;100mN31486E41395;S;NA;1;71;M;F;6574;EMP
059540020020-9107;059540020020;100mN31481E41404;MC;NA;3;33;M;M;3039;NEP
059540020020-9107;059540020020;100mN31481E41404;MC;NA;3;26;M;F;2529;EMP
059540020020-9107;059540020020;100mN31481E41404;MC;NA;3;3;S;M;0305;NEP
059540020020-9108;059540020020;100mN31481E41404;MC;NA;2;50;M;F;5064;NEP
059540020020-9108;059540020020;100mN31481E41404;MC;NA;2;59;M;M;5064;NEP
059540020020-9109;059540020020;100mN31481E41404;S;NA;1;72;M;F;6574;EMP
059540020020-9110;059540020020;100mN31481E41404;PO;NA;2;57;S;F;5064;NEP
059540020020-9110;059540020020;100mN31481E41404;PO;NA;2;62;S;F;5064;EMP
059540020020-9111;059540020020;100mN31481E41404;S;OS;1;32;M;M;3039;EMP
059540020020-9112;059540020020;100mN31481E41404;SF;NA;3;54;D;F;5064;NEP
059540020020-9112;059540020020;100mN31481E41404;SF;NA;3;4;S;M;0305;NEP
059540020020-9112;059540020020;100mN31481E41404;SF;NA;3;10;S;M;0614;NEP
059540020020-9113;059540020020;100mN31481E41404;MC;NA;3;61;M;M;5064;NEP
059540020020-9113;059540020020;100mN31481E41404;MC;NA;3;56;M;F;5064;EMP
059540020020-9113;059540020020;100mN31481E41404;MC;NA;3;11;S;M;0614;NEP
059540020020-9114;059540020020;100mN31481E41404;MC;NA;4;62;M;F;5064;EMP
059540020020-9114;059540020020;100mN31481E41404;MC;NA;4;62;M;M;5064;EMP
059540020020-9114;059540020020;100mN31481E41404;MC;NA;4;1;S;F;0003;NEP
059540020020-9114;059540020020;100mN31481E41404;MC;NA;4;13;S;F;0614;NEP
059540020020-9115;059540020020;100mN31468E41420;S;OS;1;66;S;M;6574;EMP
059540020020-9116;059540020020;100mN31481E41404;S;NA;1;52;M;M;5064;UEP
059540020020-9117;059540020020;100mN31481E41404;S;OS;1;16;S;M;1517;EMP
059540020020-9118;059540020020;100mN31481E41404;S;OS;1;53;S;M;5064;EMP
059540020020-9119;059540020020;100mN31481E41404;MC;MIX;2;80;M;F;75XX;EMP
059540020020-9119;059540020020;100mN31481E41404;MC;MIX;2;16;S;M;1517;EMP
059540020020-9120;059540020020;100mN31481E41404;S;NA;1;48;W;F;4049;EMP
059540020020-9121;059540020020;100mN31481E41404;S;OS;1;63;D;F;5064;NEP
059540020020-9122;059540020020;100mN31481E41404;MC;OS;3;73;M;M;6574;EMP
059540020020-9122;059540020020;100mN31481E41404;MC;OS;3;73;M;F;6574;NEP
059540020020-9122;059540020020;100mN31481E41404;MC;OS;3;65;S;M;6574;EMP
059540020020-9123;059540020020;100mN31473E41430;MC;NA;2;51;M;F;5064;EMP
059540020020-9123;059540020020;100mN31473E41430;MC;NA;2;54;M;M;5064;EMP
059540020020-9124;059540020020;100mN31481E41404;S;NA;1;66;M;M;6574;EMP
059540020020-9125;059540020020;100mN31481E41404;S;OS;1;58;S;M;5064;NEP
059540020020-9126;059540020020;100mN31481E41404;MC;NA;3;62;M;M;5064;NEP
059540020020-9126;059540020020;100mN31481E41404;MC;NA;3;60;M;F;5064;EMP
059540020020-9126;059540020020;100mN31481E41404;MC;NA;3;3;S;F;0305;NEP
059540020020-9127;059540020020;100mN31481E41404;S;OS;1;16;S;F;1517;NEP
059540020020-9128;059540020020;100mN31481E41404;S;NA;1;26;W;F;2529;EMP
059540020020-9129;059540020020;100mN31481E41404;MC;NA;2;40;M;F;4049;NEP
059540020020-9129;059540020020;100mN31481E41404;MC;NA;2;48;M;M;4049;NEP
059540020020-9130;059540020020;100mN31481E41404;SF;NA;2;88;W;F;75XX;EMP
059540020020-9130;059540020020;100mN31481E41404;SF;NA;2;45;W;F;4049;EMP
059540020020-9131;059540020020;100mN31485E41410;S;OS;1;55;P;F;5064;EMP
059540020020-9132;059540020020;100mN31500E41432;MC;OS;3;66;M;F;6574;EMP
059540020020-9132;059540020020;100mN31500E41432;MC;OS;3;72;M;M;6574;EMP
059540020020-9132;059540020020;100mN31500E41432;MC;OS;3;72;D;M;6574;EMP
059540020020-9133;059540020020;100mN31500E41432;S;NA;1;65;D;F;6574;EMP
059540020020-9134;059540020020;100mN31483E41414;MC;NA;2;44;M;F;4049;NEP
059540020020-9134;059540020020;100mN31483E41414;MC;NA;2;45;M;M;4049;EMP
059540020020-9135;059540020020;100mN31500E41432;MC;NA;2;41;M;M;4049;EMP
059540020020-9135;059540020020;100mN31500E41432;MC;NA;2;35;M;F;3039;NEP
059540020020-9136;059540020020;100mN31500E41432;MC;NA;2;60;M;F;5064;NEP
059540020020-9136;059540020020;100mN31500E41432;MC;NA;2;78;W;F;75XX;NEP
059540020020-9137;059540020020;100mN31500E41432;S;NA;1;47;M;M;4049;EMP
059540020020-9138;059540020020;100mN31500E41432;MC;OS;2;88;M;M;75XX;NEP
059540020020-9138;059540020020;100mN31500E41432;MC;OS;2;88;M;F;75XX;EMP
059540020020-9139;059540020020;100mN31500E41432;S;NA;1;25;W;F;2529;EMP
059540020020-9140;059540020020;100mN31485E41409;S;OS;1;75;D;F;75XX;NEP
059540020020-9141;059540020020;100mN31483E41413;S;NA;1;55;M;M;5064;EMP
059540020020-9142;059540020020;100mN31483E41410;PO;OS;2;66;S;F;6574;NEP
059540020020-9142;059540020020;100mN31483E41410;PO;OS;2;81;S;F;75XX;EMP
059540020020-9143;059540020020;100mN31500E41432;PO;NA;3;43;S;M;4049;EMP
059540020020-9143;059540020020;100mN31500E41432;PO;NA;3;43;S;M;4049;NEP
059540020020-9143;059540020020;100mN31500E41432;PO;NA;3;9;S;M;0614;NEP
059540020020-9144;059540020020;100mN31500E41432;SF;NA;2;71;S;F;6574;NEP
059540020020-9144;059540020020;100mN31500E41432;SF;NA;2;3;S;F;0305;NEP
059540020020-9145;059540020020;100mN31500E41432;S;NA;1;38;M;M;3039;EMP
059540020020-9146;059540020020;100mN31500E41432;S;NA;1;56;M;M;5064;EMP
059540020020-9147;059540020020;100mN31486E41404;MC;NA;3;58;M;M;5064;UEP
059540020020-9147;059540020020;100mN31486E41404;MC;NA;3;54;M;F;5064;NEP
059540020020-9147;059540020020;100mN31486E41404;MC;NA;3;10;S;M;0614;NEP
059540020020-9148;059540020020;100mN31486E41404;S;OS;1;23;M;F;1824;NEP
059540020020-9149;059540020020;100mN31486E41404;MC;NA;2;51;M;M;5064;EMP
059540020020-9149;059540020020;100mN31486E41404;MC;NA;2;51;M;F;5064;EMP
059540020020-9150;059540020020;100mN31487E41426;PO;NA;4;62;S;M;5064;EMP
059540020020-9150;059540020020;100mN31487E41426;PO;NA;4;62;S;F;5064;EMP
059540020020-9150;059540020020;100mN31487E41426;PO;NA;4;9;S;F;0614;NEP
059540020020-9150;059540020020;100mN31487E41426;PO;NA;4;9;S;F;0614;NEP
059540020020-9151;059540020020;100mN31464E41431;MC;MIX;2;81;M;F;75XX;EMP
059540020020-9151;059540020020;100mN31464E41431;MC;MIX;2;73;M;F;6574;EMP
059540020020-9152;059540020020;100mN31487E41426;MC;NA;4;43;M;M;4049;EMP
059540020020-9152;059540020020;100mN31487E41426;MC;NA;4;47;M;F;4049;NEP
059540020020-9152;059540020020;100mN31487E41426;MC;NA;4;10;S;F;0614;NEP
059540020020-9152;059540020020;100mN31487E41426;MC;NA;4;6;S;F;0614;NEP
059540020020-9153;059540020020;100mN31487E41426;MC;OS;3;73;M;M;6574;EMP
059540020020-9153;059540020020;100mN31487E41426;MC;OS;3;71;M;F;6574;NEP
059540020020-9153;059540020020;100mN31487E41426;MC;OS;3;68;M;M;6574;NEP
059540020020-9154;059540020020;100mN31487E41426;MC;NA;2;50;M;M;5064;NEP
059540020020-9154;059540020020;100mN31487E41426;MC;NA;2;47;M;F;4049;EMP
059540020020-9155;059540020020;100mN31487E41426;S;NA;1;60;D;F;5064;NEP
059540020020-9156;059540020020;100mN31483E41410;MC;NA;3;44;M;M;4049;EMP
059540020020-9156;059540020020;100mN31483E41410;MC;NA;3;18;M;F;1824;EMP
059540020020-9156;059540020020;100mN31483E41410;MC;NA;3;9;S;M;0614;NEP
059540020020-9157;059540020020;100mN31487E41426;MC;NA;2;30;M;M;3039;EMP
059540020020-9157;059540020020;100mN31487E41426;MC;NA;2;27;M;F;2529;EMP
059540020020-9158;059540020020;100mN31483E41414;S;OS;1;66;W;F;6574;NEP
059540020020-9159;059540020020;100mN31484E41397;SF;NA;3;62;W;F;5064;NEP
059540020020-9159;059540020020;100mN31484E41397;SF;NA;3;16;S;F;1517;NEP
059540020020-9159;059540020020;100mN31484E41397;SF;NA;3;46;M;F;4049;NEP
059540020020-9160;059540020020;100mN31484E41397;MC;OS;3;65;M;M;6574;EMP
059540020020-9160;059540020020;100mN31484E41397;MC;OS;3;83;M;F;75XX;EMP
059540020020-9160;059540020020;100mN31484E41397;MC;OS;3;70;S;M;6574;EMP
059540020020-9161;059540020020;100mN31484E41397;S;OS;1;47;M;M;4049;EMP
059540020020-9162;059540020020;100mN31483E41400;MC;OS;2;84;M;F;75XX;EMP
059540020020-9162;059540020020;100mN31483E41400;MC;OS;2;89;M;M;75XX;EMP
059540020020-9163;059540020020;100mN31478E41403;MC;NA;3;54;M;M;5064;NEP
059540020020-9163;059540020020;100mN31478E41403;MC;NA;3;56;M;F;5064;NEP
059540020020-9163;059540020020;100mN31478E41403;MC;NA;3;25;W;F;2529;EMP
059540020020-9164;059540020020;100mN31483E41400;MC;OS;4;79;M;F;75XX;EMP
059540020020-9164;059540020020;100mN31483E41400;MC;OS;4;87;M;M;75XX;EMP
059540020020-9164;059540020020;100mN31483E41400;MC;OS;4;86;W;F;75XX;EMP
059540020020-9164;059540020020;100mN31483E41400;MC;OS;4;73;M;F;6574;NEP
059540020020-9165;059540020020;100mN31483E41400;MC;NA;2;23;M;F;1824;EMP
059540020020-9165;059540020020;100mN31483E41400;MC;NA;2;25;M;M;2529;NEP
059540020020-9166;059540020020;100mN31483E41400;S;OS;1;68;D;M;6574;NEP
059540020020-9167;059540020020;100mN31483E41400;S;NA;1;22;M;M;1824;EMP
059540020020-9168;059540020020;100mN31483E41400;PO;NA;2;40;S;M;4049;EMP
059540020020-9168;059540020020;100mN31483E41400;PO;NA;2;33;S;F;3039;NEP
059540020020-9169;059540020020;100mN31483E41400;SF;NA;2;55;W;F;5064;EMP
059540020020-9169;059540020020;100mN31483E41400;SF;NA;2;40;M;M;4049;EMP
059540020020-9170;059540020020;100mN31483E41400;SF;NA;4;43;D;F;4049;EMP
059540020020-9170;059540020020;100mN31483E41400;SF;NA;4;21;D;F;1824;EMP
059540020020-9170;059540020020;100mN31483E41400;SF;NA;4;4;S;M;0305;NEP
059540020020-9170;059540020020;100mN31483E41400;SF;NA;4;8;S;M;0614;NEP
059540020020-9171;059540020020;100mN31483E41400;MC;NA;2;30;M;M;3039;EMP
059540020020-9171;059540020020;100mN31483E41400;MC;NA;2;27;M;F;2529;NEP
059540020020-9172;059540020020;100mN31483E41400;S;NA;1;21;M;M;1824;EMP
059540020020-9173;059540020020;100mN31483E41400;MC;NA;3;62;M;M;5064;EMP
059540020020-9173;059540020020;100mN31483E41400;MC;NA;3;62;M;F;5064;NEP
059540020020-9173;059540020020;100mN31483E41400;MC;NA;3;13;S;F;0614;NEP
059540020020-9174;059540020020;100mN31483E41400;S;NA;1;55;S;M;5064;EMP
059540020020-9175;059540020020;100mN31483E41400;MC;NA;2;63;M;F;5064;NEP
059540020020-9175;059540020020;100mN31483E41400;MC;NA;2;18;S;M;1824;EMP
059540020020-9176;059540020020;100mN31483E41400;MC;NA;2;22;M;F;1824;NEP
059540020020-9176;059540020020;100mN31483E41400;MC;NA;2;28;M;M;2529;EMP
059540020020-9177;059540020020;100mN31483E41400;PO;NA;2;35;S;M;3039;EMP
059540020020-9177;059540020020;100mN31483E41400;PO;NA;2;31;S;F;3039;EMP
059540020020-9178;059540020020;100mN31483E41400;MC;OS;4;70;M;M;6574;NEP
059540020020-9178;059540020020;100mN31483E41400;MC;OS;4;68;M;F;6574;EMP
059540020020-9178;059540020020;100mN31483E41400;MC;OS;4;65;W;F;6574;NEP
059540020020-9178;059540020020;100mN31483E41400;MC;OS;4;87;M;M;75XX;NEP
059540020020-9179;059540020020;100mN31494E41424;MC;OS;3;69;M;F;6574;EMP
059540020020-9179;059540020020;100mN31494E41424;MC;OS;3;70;M;M;6574;EMP
059540020020-9179;059540020020;100mN31494E41424;MC;OS;3;69;D;M;6574;NEP
059540020020-9180;059540020020;100mN31494E41424;MC;OS;2;70;M;M;6574;EMP
059540020020-9180;059540020020;100mN31494E41424;MC;OS;2;69;M;F;6574;EMP
059540020020-9181;059540020020;100mN31494E41424;S;OS;1;45;D;F;4049;EMP
059540020020-9182;059540020020;100mN31494E41424;SF;NA;3;67;S;F;6574;EMP
059540020020-9182;059540020020;100mN31494E41424;SF;NA;3;7;S;F;0614;NEP
059540020020-9182;059540020020;100mN31494E41424;SF;NA;3;12;S;M;0614;NEP
059540020020-9183;059540020020;100mN31494E41424;MC;NA;2;47;M;M;4049;EMP
059540020020-9183;059540020020;100mN31494E41424;MC;NA;2;52;M;F;5064;EMP
059540020020-9184;059540020020;100mN31494E41424;MC;NA;2;56;M;M;5064;EMP
059540020020-9184;059540020020;100mN31494E41424;MC;NA;2;55;M;F;5064;NEP
059540020020-9185;059540020020;100mN31494E41424;S;NA;1;72;M;F;6574;EMP
059540020020-9186;059540020020;100mN31484E41418;S;NA;1;59;S;F;5064;NEP
059540020020-9187;059540020020;100mN31484E41428;MC;MIX;5;73;M;F;6574;EMP
059540020020-9187;059540020020;100mN31484E41428;MC;MIX;5;54;M;F;5064;NEP
059540020020-9187;059540020020;100mN31484E41428;MC;MIX;5;57;M;M;5064;EMP
059540020020-9187;059540020020;100mN31484E41428;MC;MIX;5;6;S;M;0614;NEP
059540020020-9187;059540020020;100mN31484E41428;MC;MIX;5;11;S;M;0614;NEP
059540020020-9188;059540020020;100mN31484E41428;S;NA;1;47;S;M;4049;NEP
059540020020-9189;059540020020;100mN31484E41428;MC;NA;5;44;M;M;4049;NEP
059540020020-9189;059540020020;100mN31484E41428;MC;NA;5;35;M;F;3039;EMP
059540020020-9189;059540020020;100mN31484E41428;MC;NA;5;18;D;F;1824;EMP
059540020020-9189;059540020020;100mN31484E41428;MC;NA;5;13;S;M;0614;NEP
059540020020-9189;059540020020;100mN31484E41428;MC;NA;5;12;S;M;0614;NEP
059540020020-9190;059540020020;100mN31475E41420;S;NA;1;80;M;F;75XX;NEP
059540020020-9191;059540020020;100mN31475E41420;SF;NA;2;45;S;F;4049;EMP
059540020020-9191;059540020020;100mN31475E41420;SF;NA;2;13;S;F;0614;NEP
059540020020-9192;059540020020;100mN31490E41439;MC;NA;2;32;M;M;3039;NEP
059540020020-9192;059540020020;100mN31490E41439;MC;NA;2;32;M;F;3039;EMP
059540020020-9193;059540020020;100mN31484E41415;MC;NA;3;50;M;F;5064;NEP
059540020020-9193;059540020020;100mN31484E41415;MC;NA;3;51;M;M;5064;EMP
059540020020-9193;059540020020;100mN31484E41415;MC;NA;3;26;S;F;2529;EMP
059540020020-9194;059540020020;100mN31499E41434;S;OS;1;88;S;F;75XX;NEP
059540020020-9195;059540020020;100mN31475E41420;MC;NA;2;59;M;F;5064;EMP
059540020020-9195;059540020020;100mN31475E41420;MC;NA;2;59;M;M;5064;UEP
059540020020-9196;059540020020;100mN31475E41420;S;NA;1;31;W;F;3039;EMP
059540020020-9197;059540020020;100mN31475E41420;MC;OS;2;75;M;M;75XX;NEP
059540020020-9197;059540020020;100mN31475E41420;MC;OS;2;67;M;F;6574;NEP
059540020020-9198;059540020020;100mN31475E41420;S;NA;1;50;S;M;5064;EMP
059540020020-9199;059540020020;100mN31475E41420;PO;NA;2;21;S;F;1824;EMP
059540020020-9199;059540020020;100mN31475E41420;PO;NA;2;18;S;M;1824;EMP
059540020020-9200;059540020020;100mN31475E41420;S;NA;1;65;W;F;6574;EMP
059540020020-9201;059540020020;100mN31475E41420;PO;MIX;6;75;D;M;75XX;NEP
059540020020-9201;059540020020;100mN31475E41420;PO;MIX;6;43;S;F;4049;EMP
059540020020-9201;059540020020;100mN31475E41420;PO;MIX;6;45;S;F;4049;EMP
059540020020-9201;059540020020;100mN31475E41420;PO;MIX;6;6;S;M;0614;NEP
059540020020-9201;059540020020;100mN31475E41420;PO;MIX;6;4;S;F;0305;NEP
059540020020-9201;059540020020;100mN31475E41420;PO;MIX;6;2;S;M;0003;NEP
059540020020-9202;059540020020;100mN31475E41420;MC;NA;2;63;M;F;5064;NEP
059540020020-9202;059540020020;100mN31475E41420;MC;NA;2;63;M;M;5064;EMP
059540020020-9203;059540020020;100mN31475E41420;MC;MIX;2;72;M;F;6574;EMP
059540020020-9203;059540020020;100mN31475E41420;MC;MIX;2;85;M;F;75XX;EMP
059540020020-9204;059540020020;100mN31475E41420;MC;NA;2;32;M;M;3039;EMP
059540020020-9204;059540020020;100mN31475E41420;MC;NA;2;31;M;F;3039;EMP
059540020020-9205;059540020020;100mN31486E41409;S;OS;1;73;W;M;6574;EMP
059540020020-9206;059540020020;100mN31486E41409;S;NA;1;42;M;F;4049;EMP
059540020020-9207;059540020020;100mN31486E41409;SM;NA;2;55;D;M;5064;EMP
059540020020-9207;059540020020;100mN31486E41409;SM;NA;2;4;S;F;0305;NEP
059540020020-9208;059540020020;100mN31486E41409;S;OS;1;42;S;F;4049;EMP
059540020020-9209;059540020020;100mN31486E41409;MC;NA;2;53;M;F;5064;NEP
059540020020-9209;059540020020;100mN31486E41409;MC;NA;2;56;M;M;5064;EMP
059540020020-9210;059540020020;100mN31486E41409;PO;NA;2;48;S;F;4049;EMP
059540020020-9210;059540020020;100mN31486E41409;PO;NA;2;51;S;F;5064;NEP
059540020020-9211;059540020020;100mN31490E41439;MC;NA;2;32;M;M;3039;NEP
059540020020-9211;059540020020;100mN31490E41439;MC;NA;2;32;M;F;3039;EMP
059540020020-9212;059540020020;100mN31490E41439;PO;OS;2;87;S;M;75XX;NEP
059540020020-9212;059540020020;100mN31490E41439;PO;OS;2;85;S;F;75XX;NEP
059540020020-9213;059540020020;100mN31473E41424;SF;NA;3;53;W;F;5064;EMP
059540020020-9213;059540020020;100mN31473E41424;SF;NA;3;15;S;F;1517;EMP
059540020020-9213;059540020020;100mN31473E41424;SF;NA;3;27;M;F;2529;EMP
059540020020-9214;059540020020;100mN31490E41439;MC;NA;3;52;M;M;5064;EMP
059540020020-9214;059540020020;100mN31490E41439;MC;NA;3;60;M;F;5064;NEP
059540020020-9214;059540020020;100mN31490E41439;MC;NA;3;3;S;F;0305;NEP
059540020020-9215;059540020020;100mN31490E41439;S;NA;1;63;M;M;5064;EMP
059540020020-9216;059540020020;100mN31490E41439;MC;NA;6;37;M;M;3039;EMP
059540020020-9216;059540020020;100mN31490E41439;MC;NA;6;28;M;F;2529;NEP
059540020020-9216;059540020020;100mN31490E41439;MC;NA;6;12;S;M;0614;NEP
059540020020-9216;059540020020;100mN31490E41439;MC;NA;6;12;S;F;0614;NEP
059540020020-9216;059540020020;100mN31490E41439;MC;NA;6;11;S;M;0614;NEP
059540020020-9216;059540020020;100mN31490E41439;MC;NA;6;18;W;M;1824;NEP
059540020020-9217;059540020020;100mN31478E41403;S;OS;1;53;M;M;5064;EMP
059540020020-9218;059540020020;100mN31478E41403;MC;NA;3;53;M;M;5064;EMP
059540020020-9218;059540020020;100mN31478E41403;MC;NA;3;50;M;F;5064;EMP
059540020020-9218;059540020020;100mN31478E41403;MC;NA;3;13;S;F;0614;NEP
059540020020-9219;059540020020;100mN31484E41413;MC;OS;2;71;M;F;6574;EMP
059540020020-9219;059540020020;100mN31484E41413;MC;OS;2;73;M;M;6574;NEP
059540020020-9220;059540020020;100mN31481E41395;S;NA;1;73;W;F;6574;EMP
059540020020-9221;059540020020;100mN31478E41403;MC;NA;3;54;M;M;5064;NEP
059540020020-9221;059540020020;100mN31478E41403;MC;NA;3;56;M;F;5064;NEP
059540020020-9221;059540020020;100mN31478E41403;MC;NA;3;25;W;F;2529;EMP
059540020020-9222;059540020020;100mN31478E41403;PO;NA;2;43;S;M;4049;NEP
059540020020-9222;059540020020;100mN31478E41403;PO;NA;2;36;S;M;3039;NEP
059540020020-9223;059540020020;100mN31478E41403;MC;NA;3;44;M;M;4049;NEP
059540020020-9223;059540020020;100mN31478E41403;MC;NA;3;40;M;F;4049;EMP
059540020020-9223;059540020020;100mN31478E41403;MC;NA;3;18;M;F;1824;EMP
059540020020-9224;059540020020;100mN31478E41403;MC;NA;5;60;M;F;5064;NEP
059540020020-9224;059540020020;100mN31478E41403;MC;NA;5;89;D;F;75XX;EMP
059540020020-9224;059540020020;100mN31478E41403;MC;NA;5;11;S;M;0614;NEP
059540020020-9224;059540020020;100mN31478E41403;MC;NA;5;43;M;F;4049;NEP
059540020020-9224;059540020020;100mN31478E41403;MC;NA;5;9;S;M;0614;NEP
059540020020-9225;059540020020;100mN31478E41403;MC;NA;2;55;M;F;5064;NEP
059540020020-9225;059540020020;100mN31478E41403;MC;NA;2;58;M;M;5064;EMP
059540020020-9226;059540020020;100mN31478E41403;MC;NA;4;62;M;M;5064;EMP
059540020020-9226;059540020020;100mN31478E41403;MC;NA;4;63;M;F;5064;NEP
059540020020-9226;059540020020;100mN31478E41403;MC;NA;4;2;S;M;0003;NEP
059540020020-9226;059540020020;100mN31478E41403;MC;NA;4;16;S;F;1517;EMP
059540020020-9227;059540020020;100mN31478E41403;MC;NA;2;20;M;M;1824;EMP
059540020020-9227;059540020020;100mN31478E41403;MC;NA;2;18;M;F;1824;EMP
059540020020-9228;059540020020;100mN31478E41403;S;OS;1;34;M;F;3039;EMP
059540020020-9229;059540020020;100mN31478E41403;MC;NA;2;20;M;M;1824;NEP
059540020020-9229;059540020020;100mN31478E41403;MC;NA;2;20;M;F;1824;NEP
059540020020-9230;059540020020;100mN31478E41403;MC;NA;3;52;M;M;5064;EMP
059540020020-9230;059540020020;100mN31478E41403;MC;NA;3;61;M;F;5064;EMP
059540020020-9230;059540020020;100mN31478E41403;MC;NA;3;6;S;M;0614;NEP
059540020020-9231;059540020020;100mN31478E41403;MC;MIX;2;80;M;M;75XX;EMP
059540020020-9231;059540020020;100mN31478E41403;MC;MIX;2;43;D;M;4049;NEP
059540020020-9232;059540020020;100mN31478E41403;S;OS;1;37;M;M;3039;NEP
059540020020-9233;059540020020;100mN31478E41403;S;NA;1;41;W;F;4049;EMP
059540020020-9234;059540020020;100mN31497E41445;S;NA;1;41;M;M;4049;EMP
059540020020-9235;059540020020;100mN31480E41406;PO;NA;2;58;S;F;5064;NEP
059540020020-9235;059540020020;100mN31480E41406;PO;NA;2;62;S;F;5064;NEP
059540020020-9236;059540020020;100mN31478E41403;SF;NA;2;77;S;F;75XX;EMP
059540020020-9236;059540020020;100mN31478E41403;SF;NA;2;15;S;F;1517;NEP
059540020020-9237;059540020020;100mN31480E41404;MC;NA;3;61;M;M;5064;NEP
059540020020-9237;059540020020;100mN31480E41404;MC;NA;3;61;M;F;5064;EMP
059540020020-9237;059540020020;100mN31480E41404;MC;NA;3;8;S;M;0614;NEP
059540020020-9238;059540020020;100mN31484E41418;PO;NA;4;43;S;F;4049;EMP
059540020020-9238;059540020020;100mN31484E41418;PO;NA;4;51;S;F;5064;EMP
059540020020-9238;059540020020;100mN31484E41418;PO;NA;4;11;S;F;0614;NEP
059540020020-9238;059540020020;100mN31484E41418;PO;NA;4;12;S;M;0614;NEP
059540020020-9239;059540020020;100mN31483E41399;MC;NA;4;62;M;M;5064;UEP
059540020020-9239;059540020020;100mN31483E41399;MC;NA;4;60;M;F;5064;NEP
059540020020-9239;059540020020;100mN31483E41399;MC;NA;4;38;S;F;3039;NEP
059540020020-9239;059540020020;100mN31483E41399;MC;NA;4;12;S;M;0614;NEP
059540020020-9240;059540020020;100mN31483E41399;S;NA;1;50;S;F;5064;EMP
059540020020-9241;059540020020;100mN31483E41399;MC;OS;6;87;M;M;75XX;EMP
059540020020-9241;059540020020;100mN31483E41399;MC;OS;6;86;M;F;75XX;EMP
059540020020-9241;059540020020;100mN31483E41399;MC;OS;6;81;M;M;75XX;EMP
059540020020-9241;059540020020;100mN31483E41399;MC;OS;6;70;S;F;6574;NEP
059540020020-9241;059540020020;100mN31483E41399;MC;OS;6;87;M;M;75XX;EMP
059540020020-9241;059540020020;100mN31483E41399;MC;OS;6;66;S;F;6574;NEP
059540020020-9242;059540020020;100mN31483E41399;MC;NA;2;38;M;M;3039;NEP
059540020020-9242;059540020020;100mN31483E41399;MC;NA;2;31;M;F;3039;NEP
059540020020-9243;059540020020;100mN31483E41399;SM;NA;2;40;S;M;4049;EMP
059540020020-9243;059540020020;100mN31483E41399;SM;NA;2;2;S;M;0003;NEP
059540020020-9244;059540020020;100mN31483E41399;MC;MIX;2;87;M;F;75XX;NEP
059540020020-9244;059540020020;100mN31483E41399;MC;MIX;2;53;M;M;5064;NEP
059540020020-9245;059540020020;100mN31483E41399;PO;NA;2;60;S;F;5064;NEP
059540020020-9245;059540020020;100mN31483E41399;PO;NA;2;58;S;F;5064;EMP
059540020020-9246;059540020020;100mN31483E41399;SF;NA;3;66;W;F;6574;EMP
059540020020-9246;059540020020;100mN31483E41399;SF;NA;3;12;S;M;0614;NEP
059540020020-9246;059540020020;100mN31483E41399;SF;NA;3;40;M;F;4049;NEP
059540020020-9247;059540020020;100mN31473E41423;S;NA;1;19;D;M;1824;EMP
059540020020-9248;059540020020;100mN31483E41399;MC;NA;4;51;M;M;5064;EMP
059540020020-9248;059540020020;100mN31483E41399;MC;NA;4;51;M;F;5064;NEP
059540020020-9248;059540020020;100mN31483E41399;MC;NA;4;7;S;F;0614;NEP
059540020020-9248;059540020020;100mN31483E41399;MC;NA;4;6;S;M;0614;NEP
059540020020-9249;059540020020;100mN31483E41399;MC;NA;4;60;M;F;5064;EMP
059540020020-9249;059540020020;100mN31483E41399;MC;NA;4;48;W;F;4049;NEP
059540020020-9249;059540020020;100mN31483E41399;MC;NA;4;0;S;M;0003;NEP
059540020020-9249;059540020020;100mN31483E41399;MC;NA;4;10;S;F;0614;NEP
059540020020-9250;059540020020;100mN31483E41399;MC;NA;2;55;M;M;5064;EMP
059540020020-9250;059540020020;100mN31483E41399;MC;NA;2;53;M;F;5064;NEP
059540020020-9251;059540020020;100mN31462E41428;MC;NA;4;52;M;F;5064;EMP
059540020020-9251;059540020020;100mN31462E41428;MC;NA;4;55;M;M;5064;NEP
059540020020-9251;059540020020;100mN31462E41428;MC;NA;4;8;S;F;0614;NEP
059540020020-9251;059540020020;100mN31462E41428;MC;NA;4;3;S;M;0305;NEP
059540020020-9252;059540020020;100mN31483E41399;NA;NA;2;19;M;M;1824;EMP
059540020020-9252;059540020020;100mN31483E41399;NA;NA;2;80;W;F;75XX;EMP
059540020020-9253;059540020020;100mN31499E41448;S;OS;1;50;M;M;5064;EMP
059540020020-9254;059540020020;100mN31499E41448;MC;NA;2;25;M;F;2529;EMP
059540020020-9254;059540020020;100mN31499E41448;MC;NA;2;27;M;M;2529;NEP
059540020020-9255;059540020020;100mN31499E41448;S;OS;1;57;M;F;5064;NEP
059540020020-9256;059540020020;100mN31497E41446;S;NA;1;58;M;F;5064;NEP
059540020020-9257;059540020020;100mN31497E41446;MC;MIX;2;65;M;M;6574;NEP
059540020020-9257;059540020020;100mN31497E41446;MC;MIX;2;62;M;F;5064;EMP
059540020020-9258;059540020020;100mN31497E41446;PO;NA;5;63;S;F;5064;NEP
059540020020-9258;059540020020;100mN31497E41446;PO;NA;5;59;M;F;5064;EMP
059540020020-9258;059540020020;100mN31497E41446;PO;NA;5;2;S;F;0003;NEP
059540020020-9258;059540020020;100mN31497E41446;PO;NA;5;2;S;M;0003;NEP
059540020020-9258;059540020020;100mN31497E41446;PO;NA;5;15;S;F;1517;NEP
059540020020-9259;059540020020;100mN31481E41414;S;NA;1;72;M;M;6574;NEP
059540020020-9260;059540020020;100mN31481E41414;MC;NA;3;23;M;M;1824;EMP
059540020020-9260;059540020020;100mN31481E41414;MC;NA;3;18;M;F;1824;EMP
059540020020-9260;059540020020;100mN31481E41414;MC;NA;3;6;S;M;0614;NEP
059540020020-9261;059540020020;100mN31481E41414;MC;NA;5;48;M;M;4049;NEP
059540020020-9261;059540020020;100mN31481E41414;MC;NA;5;61;M;F;5064;NEP
059540020020-9261;059540020020;100mN31481E41414;MC;NA;5;8;S;M;0614;NEP
059540020020-9261;059540020020;100mN31481E41414;MC;NA;5;25;M;M;2529;EMP
059540020020-9261;059540020020;100mN31481E41414;MC;NA;5;10;S;M;0614;NEP
059540020020-9262;059540020020;100mN31463E41419;S;OS;1;21;D;M;1824;NEP
059540020020-9263;059540020020;100mN31481E41414;S;OS;1;68;S;F;6574;EMP
059540020020-9264;059540020020;100mN31481E41414;S;OS;1;65;M;M;6574;NEP
059540020020-9265;059540020020;100mN31480E41406;PO;NA;2;63;S;F;5064;EMP
059540020020-9265;059540020020;100mN31480E41406;PO;NA;2;59;S;F;5064;EMP
059540020020-9266;059540020020;100mN31499E41425;PO;OS;2;71;S;M;6574;EMP
059540020020-9266;059540020020;100mN31499E41425;PO;OS;2;68;S;M;6574;EMP
059540020020-9267;059540020020;100mN31481E41414;MC;NA;3;43;M;M;4049;NEP
059540020020-9267;059540020020;100mN31481E41414;MC;NA;3;36;M;F;3039;NEP
059540020020-9267;059540020020;100mN31481E41414;MC;NA;3;12;S;F;0614;NEP
059540020020-9268;059540020020;100mN31481E41414;MC;NA;4;62;M;F;5064;EMP
059540020020-9268;059540020020;100mN31481E41414;MC;NA;4;61;M;M;5064;EMP
059540020020-9268;059540020020;100mN31481E41414;MC;NA;4;6;S;M;0614;NEP
059540020020-9268;059540020020;100mN31481E41414;MC;NA;4;12;S;F;0614;NEP
059540020020-9269;059540020020;100mN31481E41414;S;OS;1;28;W;F;2529;EMP
059540020020-9270;059540020020;100mN31481E41414;NA;NA;3;48;M;F;4049;NEP
059540020020-9270;059540020020;100mN31481E41414;NA;NA;3;53;S;M;5064;EMP
059540020020-9270;059540020020;100mN31481E41414;NA;NA;3;41;S;M;4049;EMP
059540020020-9271;059540020020;100mN31483E41410;PO;NA;4;61;S;M;5064;EMP
059540020020-9271;059540020020;100mN31483E41410;PO;NA;4;53;S;F;5064;NEP
059540020020-9271;059540020020;100mN31483E41410;PO;NA;4;18;S;M;1824;NEP
059540020020-9271;059540020020;100mN31483E41410;PO;NA;4;1;S;M;0003;NEP
059540020020-9272;059540020020;100mN31481E41414;S;NA;1;63;S;M;5064;EMP
059540020020-9273;059540020020;100mN31481E41414;MC;NA;4;48;M;F;4049;NEP
059540020020-9273;059540020020;100mN31481E41414;MC;NA;4;57;M;M;5064;EMP
059540020020-9273;059540020020;100mN31481E41414;MC;NA;4;33;M;M;3039;EMP
059540020020-9273;059540020020;100mN31481E41414;MC;NA;4;15;S;F;1517;EMP
059540020020-9274;059540020020;100mN31481E41414;S;NA;1;62;D;F;5064;NEP
059540020020-9275;059540020020;100mN31481E41414;S;OS;1;57;M;F;5064;NEP
059540020020-9276;059540020020;100mN31481E41414;S;NA;1;16;S;M;1517;NEP
059540020020-9277;059540020020;100mN31481E41414;MC;NA;2;59;M;F;5064;EMP
059540020020-9277;059540020020;100mN31481E41414;MC;NA;2;62;M;M;5064;NEP
059540020020-9278;059540020020;100mN31481E41414;S;OS;1;40;S;F;4049;EMP
059540020020-9279;059540020020;100mN31481E41414;S;OS;1;48;S;M;4049;EMP
059540020020-9280;059540020020;100mN31481E41414;MC;NA;4;41;M;F;4049;EMP
059540020020-9280;059540020020;100mN31481E41414;MC;NA;4;44;M;M;4049;EMP
059540020020-9280;059540020020;100mN31481E41414;MC;NA;4;12;S;F;0614;NEP
059540020020-9280;059540020020;100mN31481E41414;MC;NA;4;16;S;F;1517;NEP
059540020020-9281;059540020020;100mN31481E41414;MC;OS;2;73;M;M;6574;EMP
059540020020-9281;059540020020;100mN31481E41414;MC;OS;2;71;M;F;6574;NEP
059540020020-9282;059540020020;100mN31481E41414;SF;NA;4;54;W;F;5064;NEP
059540020020-9282;059540020020;100mN31481E41414;SF;NA;4;10;S;M;0614;NEP
059540020020-9282;059540020020;100mN31481E41414;SF;NA;4;8;S;F;0614;NEP
059540020020-9282;059540020020;100mN31481E41414;SF;NA;4;6;S;M;0614;NEP
059540020020-9283;059540020020;100mN31481E41414;S;OS;1;80;W;M;75XX;EMP
059540020020-9284;059540020020;100mN31481E41414;MC;NA;3;58;M;F;5064;EMP
059540020020-9284;059540020020;100mN31481E41414;MC;NA;3;63;M;M;5064;EMP
059540020020-9284;059540020020;100mN31481E41414;MC;NA;3;3;S;M;0305;NEP
059540020020-9285;059540020020;100mN31481E41414;MC;OS;2;85;M;F;75XX;EMP
059540020020-9285;059540020020;100mN31481E41414;MC;OS;2;68;M;M;6574;EMP
059540020020-9286;059540020020;100mN31472E41432;MC;MIX;3;86;S;M;75XX;EMP
059540020020-9286;059540020020;100mN31472E41432;MC;MIX;3;23;M;M;1824;NEP
059540020020-9286;059540020020;100mN31472E41432;MC;MIX;3;18;M;F;1824;NEP
059540020020-9287;059540020020;100mN31497E41425;PO;OS;2;72;S;F;6574;EMP
059540020020-9287;059540020020;100mN31497E41425;PO;OS;2;73;S;F;6574;EMP
059540020020-9288;059540020020;100mN31480E41406;PO;NA;2;58;S;F;5064;NEP
059540020020-9288;059540020020;100mN31480E41406;PO;NA;2;62;S;F;5064;NEP
059540020020-9289;059540020020;100mN31481E41414;S;NA;1;46;M;M;4049;UEP
059540020020-9290;059540020020;100mN31481E41414;S;NA;1;58;S;M;5064;EMP
059540020020-9291;059540020020;100mN31493E41408;MC;NA;2;60;M;M;5064;EMP
059540020020-9291;059540020020;100mN31493E41408;MC;NA;2;53;M;F;5064;NEP
059540020020-9292;059540020020;100mN31481E41414;MC;NA;3;63;M;F;5064;EMP
059540020020-9292;059540020020;100mN31481E41414;MC;NA;3;51;S;F;5064;NEP
059540020020-9292;059540020020;100mN31481E41414;MC;NA;3;11;S;F;0614;NEP
059540020020-9293;059540020020;100mN31481E41414;MC;NA;3;28;M;M;2529;NEP
059540020020-9293;059540020020;100mN31481E41414;MC;NA;3;21;M;F;1824;NEP
059540020020-9293;059540020020;100mN31481E41414;MC;NA;3;12;S;F;0614;NEP
059540020020-9294;059540020020;100mN31481E41414;S;OS;1;56;D;F;5064;NEP
059540020020-9295;059540020020;100mN31481E41414;MC;NA;2;55;M;F;5064;NEP
059540020020-9295;059540020020;100mN31481E41414;MC;NA;2;61;M;M;5064;NEP
059540020020-9296;059540020020;100mN31481E41414;MC;NA;2;63;M;M;5064;EMP
059540020020-9296;059540020020;100mN31481E41414;MC;NA;2;4;S;F;0305;NEP
059540020020-9297;059540020020;100mN31468E41426;S;NA;1;31;M;F;3039;NEP
059540020020-9298;059540020020;100mN31485E41410;MC;NA;2;20;M;M;1824;EMP
059540020020-9298;059540020020;100mN31485E41410;MC;NA;2;18;M;F;1824;EMP
059540020020-9299;059540020020;100mN31468E41426;S;NA;1;56;M;M;5064;EMP
059540020020-9300;059540020020;100mN31494E41438;MC;NA;2;30;M;M;3039;EMP
059540020020-9300;059540020020;100mN31494E41438;MC;NA;2;36;M;F;3039;EMP
059540020020-9301;059540020020;100mN31494E41438;MC;OS;3;73;M;F;6574;EMP
059540020020-9301;059540020020;100mN31494E41438;MC;OS;3;79;M;M;75XX;NEP
059540020020-9301;059540020020;100mN31494E41438;MC;OS;3;88;D;F;75XX;EMP
059540020020-9302;059540020020;100mN31494E41438;MC;NA;3;56;M;F;5064;EMP
059540020020-9302;059540020020;100mN31494E41438;MC;NA;3;51;M;M;5064;EMP
059540020020-9302;059540020020;100mN31494E41438;MC;NA;3;21;S;M;1824;EMP
059540020020-9303;059540020020;100mN31498E41418;S;OS;1;59;D;F;5064;NEP
059540020020-9304;059540020020;100mN31498E41418;S;OS;1;68;S;M;6574;EMP
059540020020-9305;059540020020;100mN31498E41418;MC;MIX;2;72;M;M;6574;EMP
059540020020-9305;059540020020;100mN31498E41418;MC;MIX;2;7;S;F;0614;NEP
059540020020-9306;059540020020;100mN31498E41418;S;NA;1;69;S;M;6574;NEP
059540020020-9307;059540020020;100mN31498E41418;SF;NA;2;46;S;F;4049;EMP
059540020020-9307;059540020020;100mN31498E41418;SF;NA;2;20;M;F;1824;NEP
059540020020-9308;059540020020;100mN31492E41415;S;NA;1;41;D;M;4049;EMP
059540020020-9309;059540020020;100mN31498E41418;S;NA;1;66;W;F;6574;NEP
059540020020-9310;059540020020;100mN31498E41418;S;NA;1;76;W;F;75XX;NEP
059540020020-9311;059540020020;100mN31498E41418;S;NA;1;47;M;F;4049;EMP
059540020020-9312;059540020020;100mN31498E41418;S;OS;1;57;S;F;5064;EMP
059540020020-9313;059540020020;100mN31460E41424;S;NA;1;47;S;M;4049;EMP
059540020020-9314;059540020020;100mN31460E41424;MC;NA;4;61;M;M;5064;UEP
059540020020-9314;059540020020;100mN31460E41424;MC;NA;4;61;M;F;5064;EMP
059540020020-9314;059540020020;100mN31460E41424;MC;NA;4;35;W;F;3039;EMP
059540020020-9314;059540020020;100mN31460E41424;MC;NA;4;9;S;M;0614;NEP
059540020020-9315;059540020020;100mN31460E41424;PO;NA;4;35;S;M;3039;NEP
059540020020-9315;059540020020;100mN31460E41424;PO;NA;4;27;S;M;2529;EMP
059540020020-9315;059540020020;100mN31460E41424;PO;NA;4;12;S;M;0614;NEP
059540020020-9315;059540020020;100mN31460E41424;PO;NA;4;16;S;M;1517;EMP
059540020020-9316;059540020020;100mN31483E41413;S;OS;1;80;M;F;75XX;EMP
059540020020-9317;059540020020;100mN31483E41413;S;NA;1;44;M;M;4049;EMP
059540020020-9318;059540020020;100mN31483E41413;MC;NA;3;62;M;F;5064;EMP
059540020020-9318;059540020020;100mN31483E41413;MC;NA;3;63;M;M;5064;EMP
059540020020-9318;059540020020;100mN31483E41413;MC;NA;3;25;W;M;2529;EMP
059540020020-9319;059540020020;100mN31483E41413;MC;NA;4;25;M;M;2529;EMP
059540020020-9319;059540020020;100mN31483E41413;MC;NA;4;23;M;F;1824;NEP
059540020020-9319;059540020020;100mN31483E41413;MC;NA;4;1;S;M;0003;NEP
059540020020-9319;059540020020;100mN31483E41413;MC;NA;4;7;S;F;0614;NEP
059540020020-9320;059540020020;100mN31483E41413;S;NA;1;67;S;M;6574;EMP
059540020020-9321;059540020020;100mN31473E41422;PO;NA;3;53;S;F;5064;NEP
059540020020-9321;059540020020;100mN31473E41422;PO;NA;3;61;S;F;5064;EMP
059540020020-9321;059540020020;100mN31473E41422;PO;NA;3;13;S;M;0614;NEP
059540020020-9322;059540020020;100mN31483E41413;S;NA;1;80;M;F;75XX;NEP
059540020020-9323;059540020020;100mN31481E41405;S;NA;1;16;S;M;1517;NEP
059540020020-9324;059540020020;100mN31483E41413;S;NA;1;25;W;F;2529;NEP
059540020020-9325;059540020020;100mN31483E41413;MC;NA;4;60;M;M;5064;EMP
059540020020-9325;059540020020;100mN31483E41413;MC;NA;4;60;M;F;5064;NEP
059540020020-9325;059540020020;100mN31483E41413;MC;NA;4;2;S;M;0003;NEP
059540020020-9325;059540020020;100mN31483E41413;MC;NA;4;31;S;F;3039;NEP
059540020020-9326;059540020020;100mN31483E41413;S;NA;1;57;S;M;5064;NEP
059540020020-9327;059540020020;100mN31483E41413;SF;NA;2;68;W;F;6574;NEP
059540020020-9327;059540020020;100mN31483E41413;SF;NA;2;33;S;M;3039;EMP
059540020020-9328;059540020020;100mN31483E41413;S;OS;1;43;S;M;4049;EMP
059540020020-9329;059540020020;100mN31483E41413;MC;NA;3;48;M;F;4049;NEP
059540020020-9329;059540020020;100mN31483E41413;MC;NA;3;47;M;M;4049;NEP
059540020020-9329;059540020020;100mN31483E41413;MC;NA;3;6;S;M;0614;NEP
059540020020-9330;059540020020;100mN31483E41413;PO;NA;2;54;S;F;5064;EMP
059540020020-9330;059540020020;100mN31483E41413;PO;NA;2;55;S;F;5064;NEP
059540020020-9331;059540020020;100mN31483E41413;S;OS;1;89;M;F;75XX;NEP
059540020020-9332;059540020020;100mN31483E41413;S;NA;1;63;M;F;5064;EMP
059540020020-9333;059540020020;100mN31483E41413;MC;NA;3;18;M;M;1824;EMP
059540020020-9333;059540020020;100mN31483E41413;MC;NA;3;18;M;F;1824;EMP
059540020020-9333;059540020020;100mN31483E41413;MC;NA;3;1;S;M;0003;NEP
059540020020-9334;059540020020;100mN31481E41408;MC;NA;2;48;M;M;4049;EMP
059540020020-9334;059540020020;100mN31481E41408;MC;NA;2;45;M;F;4049;NEP
059540020020-9335;059540020020;100mN31483E41413;S;OS;1;26;M;F;2529;EMP
059540020020-9336;059540020020;100mN31483E41413;S;NA;1;60;W;F;5064;EMP
059540020020-9337;059540020020;100mN31481E41410;PO;NA;2;56;S;F;5064;NEP
059540020020-9337;059540020020;100mN31481E41410;PO;NA;2;53;S;F;5064;EMP
059540020020-9338;059540020020;100mN31483E41413;S;OS;1;31;M;M;3039;UEP
059540020020-9339;059540020020;100mN31483E41413;MC;NA;4;34;M;M;3039;EMP
059540020020-9339;059540020020;100mN31483E41413;MC;NA;4;34;M;F;3039;EMP
059540020020-9339;059540020020;100mN31483E41413;MC;NA;4;12;S;M;0614;NEP
059540020020-9339;059540020020;100mN31483E41413;MC;NA;4;12;S;M;0614;NEP
059540020020-9340;059540020020;100mN31473E41423;MC;NA;2;63;M;F;5064;NEP
059540020020-9340;059540020020;100mN31473E41423;MC;NA;2;15;S;F;1517;EMP
059540020020-9341;059540020020;100mN31483E41413;MC;OS;2;73;M;F;6574;NEP
059540020020-9341;059540020020;100mN31483E41413;MC;OS;2;81;M;M;75XX;EMP
059540020020-9342;059540020020;100mN31483E41413;S;NA;1;55;M;M;5064;EMP
059540020020-9343;059540020020;100mN31483E41413;S;OS;1;51;D;F;5064;NEP
059540020020-9344;059540020020;100mN31483E41413;MC;NA;2;63;M;F;5064;NEP
059540020020-9344;059540020020;100mN31483E41413;MC;NA;2;48;M;F;4049;NEP
059540020020-9345;059540020020;100mN31483E41413;S;NA;1;51;M;F;5064;EMP
059540020020-9346;059540020020;100mN31483E41413;MC;OS;4;69;M;F;6574;EMP
059540020020-9346;059540020020;100mN31483E41413;MC;OS;4;75;M;M;75XX;EMP
059540020020-9346;059540020020;100mN31483E41413;MC;OS;4;83;M;F;75XX;EMP
059540020020-9346;059540020020;100mN31483E41413;MC;OS;4;78;M;F;75XX;NEP
059540020020-9347;059540020020;100mN31483E41413;MC;NA;2;42;M;M;4049;EMP
059540020020-9347;059540020020;100mN31483E41413;MC;NA;2;37;M;F;3039;EMP
059540020020-9348;059540020020;100mN31483E41413;S;NA;1;23;M;M;1824;UEP
059540020020-9349;059540020020;100mN31483E41413;S;OS;1;22;S;M;1824;EMP
059540020020-9350;059540020020;100mN31483E41413;MC;OS;2;68;M;M;6574;EMP
059540020020-9350;059540020020;100mN31483E41413;MC;OS;2;81;M;F;75XX;NEP
059540020020-9351;059540020020;100mN31483E41413;S;NA;1;52;M;M;5064;EMP
059540020020-9352;059540020020;100mN31483E41413;S;NA;1;48;M;F;4049;NEP
059540020020-9353;059540020020;100mN31483E41413;S;NA;1;47;W;F;4049;NEP
059540020020-9354;059540020020;100mN31484E41430;S;NA;1;41;M;F;4049;NEP
059540020020-9355;059540020020;100mN31484E41430;MC;OS;2;70;M;M;6574;EMP
059540020020-9355;059540020020;100mN31484E41430;MC;OS;2;78;M;F;75XX;NEP
059540020020-9356;059540020020;100mN31484E41430;MC;NA;3;50;M;F;5064;EMP
059540020020-9356;059540020020;100mN31484E41430;MC;NA;3;47;M;M;4049;NEP
059540020020-9356;059540020020;100mN31484E41430;MC;NA;3;9;S;F;0614;NEP
059540020020-9357;059540020020;100mN31473E41424;NA;NA;2;54;M;M;5064;EMP
059540020020-9357;059540020020;100mN31473E41424;NA;NA;2;69;W;F;6574;EMP
059540020020-9358;059540020020;100mN31484E41430;S;NA;1;73;M;M;6574;EMP
059540020020-9359;059540020020;100mN31499E41444;S;OS;1;41;W;M;4049;EMP
059540020020-9360;059540020020;100mN31499E41444;MC;NA;2;32;M;M;3039;NEP
059540020020-9360;059540020020;100mN31499E41444;MC;NA;2;30;M;F;3039;EMP
059540020020-9361;059540020020;100mN31499E41444;MC;NA;2;21;M;M;1824;EMP
059540020020-9361;059540020020;100mN31499E41444;MC;NA;2;18;M;F;1824;EMP
059540020020-9362;059540020020;100mN31499E41444;S;OS;1;67;S;M;6574;EMP
059540020020-9363;059540020020;100mN31499E41444;MC;NA;3;54;M;M;5064;EMP
059540020020-9363;059540020020;100mN31499E41444;MC;NA;3;52;M;F;5064;EMP
059540020020-9363;059540020020;100mN31499E41444;MC;NA;3;22;D;F;1824;NEP
059540020020-9364;059540020020;100mN31499E41444;MC;NA;3;41;M;M;4049;EMP
059540020020-9364;059540020020;100mN31499E41444;MC;NA;3;18;M;F;1824;EMP
059540020020-9364;059540020020;100mN31499E41444;MC;NA;3;15;S;F;1517;EMP
059540020020-9365;059540020020;100mN31480E41408;S;OS;1;60;W;M;5064;EMP
059540020020-9366;059540020020;100mN31499E41444;S;NA;1;65;M;M;6574;NEP
059540020020-9367;059540020020;100mN31499E41444;MC;NA;3;18;M;F;1824;EMP
059540020020-9367;059540020020;100mN31499E41444;MC;NA;3;18;M;M;1824;EMP
059540020020-9367;059540020020;100mN31499E41444;MC;NA;3;3;S;M;0305;NEP
059540020020-9368;059540020020;100mN31499E41444;S;NA;1;77;D;F;75XX;EMP
059540020020-9369;059540020020;100mN31500E41421;MC;MIX;3;70;D;M;6574;NEP
059540020020-9369;059540020020;100mN31500E41421;MC;MIX;3;31;M;F;3039;NEP
059540020020-9369;059540020020;100mN31500E41421;MC;MIX;3;33;M;M;3039;EMP
059540020020-9370;059540020020;100mN31500E41421;S;NA;1;57;M;F;5064;EMP
059540020020-9371;059540020020;100mN31500E41421;MC;NA;2;52;M;F;5064;EMP
059540020020-9371;059540020020;100mN31500E41421;MC;NA;2;55;M;M;5064;EMP
059540020020-9372;059540020020;100mN31500E41421;S;NA;1;86;M;M;75XX;EMP
059540020020-9373;059540020020;100mN31500E41421;MC;OS;2;67;M;M;6574;NEP
059540020020-9373;059540020020;100mN31500E41421;MC;OS;2;65;M;F;6574;EMP
059540020020-9374;059540020020;100mN31462E41428;S;OS;1;54;S;M;5064;EMP
059540020020-9375;059540020020;100mN31500E41447;S;NA;1;44;S;F;4049;NEP
059540020020-9376;059540020020;100mN31479E41403;NA;NA;2;70;M;M;6574;EMP
059540020020-9376;059540020020;100mN31479E41403;NA;NA;2;27;M;M;2529;EMP
059540020020-9377;059540020020;100mN31479E41403;PO;NA;2;60;S;M;5064;NEP
059540020020-9377;059540020020;100mN31479E41403;PO;NA;2;59;S;F;5064;NEP
059540020020-9378;059540020020;100mN31499E41425;MC;NA;5;63;M;M;5064;EMP
059540020020-9378;059540020020;100mN31499E41425;MC;NA;5;58;M;F;5064;EMP
059540020020-9378;059540020020;100mN31499E41425;MC;NA;5;12;S;M;0614;NEP
059540020020-9378;059540020020;100mN31499E41425;MC;NA;5;16;S;M;1517;EMP
059540020020-9378;059540020020;100mN31499E41425;MC;NA;5;8;S;M;0614;NEP
059540020020-9379;059540020020;100mN31479E41403;MC;OS;4;72;M;M;6574;NEP
059540020020-9379;059540020020;100mN31479E41403;MC;OS;4;69;M;F;6574;EMP
059540020020-9379;059540020020;100mN31479E41403;MC;OS;4;69;S;M;6574;EMP
059540020020-9379;059540020020;100mN31479E41403;MC;OS;4;68;W;F;6574;EMP
059540020020-9380;059540020020;100mN31479E41403;MC;OS;2;70;M;M;6574;EMP
059540020020-9380;059540020020;100mN31479E41403;MC;OS;2;66;M;F;6574;EMP
059540020020-9381;059540020020;100mN31479E41403;MC;NA;2;30;M;M;3039;EMP
059540020020-9381;059540020020;100mN31479E41403;MC;NA;2;28;M;F;2529;NEP
059540020020-9382;059540020020;100mN31479E41403;S;OS;1;51;S;M;5064;EMP
059540020020-9383;059540020020;100mN31479E41403;MC;NA;2;59;M;M;5064;EMP
059540020020-9383;059540020020;100mN31479E41403;MC;NA;2;59;M;F;5064;NEP
059540020020-9384;059540020020;100mN31479E41403;MC;NA;2;51;M;M;5064;EMP
059540020020-9384;059540020020;100mN31479E41403;MC;NA;2;50;M;F;5064;EMP
059540020020-9385;059540020020;100mN31479E41403;S;NA;1;19;S;F;1824;EMP
059540020020-9386;059540020020;100mN31479E41403;MC;NA;2;30;M;F;3039;EMP
059540020020-9386;059540020020;100mN31479E41403;MC;NA;2;28;M;M;2529;NEP
059540020020-9387;059540020020;100mN31479E41403;MC;NA;2;26;M;F;2529;NEP
059540020020-9387;059540020020;100mN31479E41403;MC;NA;2;30;M;M;3039;EMP
059540020020-9388;059540020020;100mN31500E41423;MC;NA;2;48;M;F;4049;EMP
059540020020-9388;059540020020;100mN31500E41423;MC;NA;2;52;M;M;5064;NEP
059540020020-9389;059540020020;100mN31500E41423;S;OS;1;26;S;M;2529;EMP
059540020020-9390;059540020020;100mN31500E41423;MC;NA;5;21;M;F;1824;EMP
059540020020-9390;059540020020;100mN31500E41423;MC;NA;5;33;M;M;3039;EMP
059540020020-9390;059540020020;100mN31500E41423;MC;NA;5;4;S;F;0305;NEP
059540020020-9390;059540020020;100mN31500E41423;MC;NA;5;0;S;F;0003;NEP
059540020020-9390;059540020020;100mN31500E41423;MC;NA;5;6;S;M;0614;NEP
059540020020-9391;059540020020;100mN31500E41423;MC;NA;2;57;M;F;5064;NEP
059540020020-9391;059540020020;100mN31500E41423;MC;NA;2;60;M;M;5064;NEP
059540020020-9392;059540020020;100mN31500E41423;S;OS;1;40;S;F;4049;EMP
059540020020-9393;059540020020;100mN31499E41435;PO;OS;2;66;S;M;6574;NEP
059540020020-9393;059540020020;100mN31499E41435;PO;OS;2;67;S;F;6574;EMP
059540020020-9394;059540020020;100mN31499E41435;PO;NA;3;21;S;M;1824;EMP
059540020020-9394;059540020020;100mN31499E41435;PO;NA;3;18;S;M;1824;EMP
059540020020-9394;059540020020;100mN31499E41435;PO;NA;3;6;S;F;0614;NEP
059540020020-9395;059540020020;100mN31499E41435;S;OS;1;37;M;F;3039;NEP
059540020020-9396;059540020020;100mN31499E41435;S;OS;1;66;D;F;6574;EMP
059540020020-9397;059540020020;100mN31485E41410;S;OS;1;32;D;F;3039;EMP
059540020020-9398;059540020020;100mN31485E41410;S;NA;1;54;M;F;5064;NEP
059540020020-9399;059540020020;100mN31473E41422;MC;NA;3;61;M;M;5064;NEP
059540020020-9399;059540020020;100mN31473E41422;MC;NA;3;40;D;F;4049;EMP
059540020020-9399;059540020020;100mN31473E41422;MC;NA;3;15;S;M;1517;EMP
059540020020-9400;059540020020;100mN31485E41410;SF;NA;2;78;W;F;75XX;NEP
059540020020-9400;059540020020;100mN31485E41410;SF;NA;2;21;S;M;1824;EMP
059540020020-9401;059540020020;100mN31485E41410;MC;OS;2;71;M;F;6574;EMP
059540020020-9401;059540020020;100mN31485E41410;MC;OS;2;73;M;M;6574;EMP
059540020020-9402;059540020020;100mN31481E41409;MC;NA;2;60;M;F;5064;EMP
059540020020-9402;059540020020;100mN31481E41409;MC;NA;2;84;D;M;75XX;NEP
059540020020-9403;059540020020;100mN31483E41405;S;NA;1;43;D;F;4049;NEP
059540020020-9404;059540020020;100mN31485E41410;SF;NA;2;60;D;F;5064;EMP
059540020020-9404;059540020020;100mN31485E41410;SF;NA;2;13;S;M;0614;NEP
059540020020-9405;059540020020;100mN31485E41410;S;NA;1;81;D;F;75XX;EMP
059540020020-9406;059540020020;100mN31498E41436;S;NA;1;62;M;M;5064;EMP
059540020020-9407;059540020020;100mN31485E41410;S;OS;1;48;M;M;4049;EMP
059540020020-9408;059540020020;100mN31481E41399;S;NA;1;57;D;M;5064;EMP
059540020020-9409;059540020020;100mN31485E41410;MC;OS;2;83;M;F;75XX;NEP
059540020020-9409;059540020020;100mN31485E41410;MC;OS;2;56;M;F;5064;EMP
059540020020-9410;059540020020;100mN31485E41410;S;NA;1;19;W;F;1824;EMP
059540020020-9411;059540020020;100mN31485E41410;S;OS;1;26;S;F;2529;EMP
059540020020-9412;059540020020;100mN31485E41410;MC;MIX;2;70;M;M;6574;NEP
059540020020-9412;059540020020;100mN31485E41410;MC;MIX;2;71;W;M;6574;EMP
059540020020-9413;059540020020;100mN31485E41410;MC;OS;3;82;M;M;75XX;NEP
059540020020-9413;059540020020;100mN31485E41410;MC;OS;3;80;M;F;75XX;EMP
059540020020-9413;059540020020;100mN31485E41410;MC;OS;3;66;M;M;6574;EMP
059540020020-9414;059540020020;100mN31485E41410;S;NA;1;63;W;F;5064;NEP
059540020020-9415;059540020020;100mN31485E41410;S;NA;1;22;S;M;1824;NEP
059540020020-9416;059540020020;100mN31485E41410;MC;NA;2;28;M;M;2529;EMP
059540020020-9416;059540020020;100mN31485E41410;MC;NA;2;30;M;F;3039;EMP
059540020020-9417;059540020020;100mN31485E41410;S;NA;1;26;W;F;2529;EMP
059540020020-9418;059540020020;100mN31485E41410;MC;NA;2;54;M;F;5064;NEP
059540020020-9418;059540020020;100mN31485E41410;MC;NA;2;56;M;M;5064;EMP
059540020020-9419;059540020020;100mN31472E41424;S;NA;1;59;D;F;5064;NEP
059540020020-9420;059540020020;100mN31485E41410;NA;NA;2;84;M;M;75XX;NEP
059540020020-9420;059540020020;100mN31485E41410;NA;NA;2;68;M;M;6574;EMP
059540020020-9421;059540020020;100mN31485E41410;S;OS;1;19;S;M;1824;NEP
059540020020-9422;059540020020;100mN31485E41410;MC;OS;2;81;M;M;75XX;EMP
059540020020-9422;059540020020;100mN31485E41410;MC;OS;2;79;M;F;75XX;NEP
059540020020-9423;059540020020;100mN31485E41410;S;OS;1;50;W;F;5064;EMP
059540020020-9424;059540020020;100mN31485E41410;S;OS;1;55;P;F;5064;EMP
059540020020-9425;059540020020;100mN31485E41410;MC;NA;2;20;M;M;1824;EMP
059540020020-9425;059540020020;100mN31485E41410;MC;NA;2;18;M;F;1824;EMP
059540020020-9426;059540020020;100mN31485E41410;SF;NA;3;34;S;F;3039;NEP
059540020020-9426;059540020020;100mN31485E41410;SF;NA;3;3;S;M;0305;NEP
059540020020-9426;059540020020;100mN31485E41410;SF;NA;3;18;M;M;1824;NEP
059540020020-9427;059540020020;100mN31463E41423;S;OS;1;38;W;F;3039;EMP
059540020020-9428;059540020020;100mN31485E41410;S;NA;1;16;S;M;1517;EMP
059540020020-9429;059540020020;100mN31485E41410;S;OS;1;65;W;F;6574;NEP
059540020020-9430;059540020020;100mN31485E41410;MC;NA;2;46;M;M;4049;EMP
059540020020-9430;059540020020;100mN31485E41410;MC;NA;2;43;M;F;4049;EMP
059540020020-9431;059540020020;100mN31498E41436;MC;OS;4;77;M;F;75XX;EMP
059540020020-9431;059540020020;100mN31498E41436;MC;OS;4;80;M;M;75XX;NEP
059540020020-9431;059540020020;100mN31498E41436;MC;OS;4;87;S;M;75XX;EMP
059540020020-9431;059540020020;100mN31498E41436;MC;OS;4;68;W;F;6574;EMP
059540020020-9432;059540020020;100mN31498E41436;S;NA;1;33;D;F;3039;NEP
059540020020-9433;059540020020;100mN31498E41436;PO;NA;5;28;S;F;2529;EMP
059540020020-9433;059540020020;100mN31498E41436;PO;NA;5;28;S;M;2529;NEP
059540020020-9433;059540020020;100mN31498E41436;PO;NA;5;12;S;M;0614;NEP
059540020020-9433;059540020020;100mN31498E41436;PO;NA;5;13;S;M;0614;NEP
059540020020-9433;059540020020;100mN31498E41436;PO;NA;5;12;S;M;0614;NEP
059540020020-9434;059540020020;100mN31498E41436;MC;NA;2;44;M;M;4049;EMP
059540020020-9434;059540020020;100mN31498E41436;MC;NA;2;43;M;F;4049;EMP
059540020020-9435;059540020020;100mN31498E41436;S;NA;1;62;M;M;5064;EMP
059540020020-9436;059540020020;100mN31498E41436;S;NA;1;44;S;F;4049;EMP
059540020020-9437;059540020020;100mN31498E41436;S;OS;1;73;D;M;6574;NEP
059540020020-9438;059540020020;100mN31498E41436;SM;NA;3;16;S;M;1517;EMP
059540020020-9438;059540020020;100mN31498E41436;SM;NA;3;1;S;F;0003;NEP
059540020020-9438;059540020020;100mN31498E41436;SM;NA;3;1;S;M;0003;NEP
059540020020-9439;059540020020;100mN31498E41436;MC;NA;2;61;M;M;5064;EMP
059540020020-9439;059540020020;100mN31498E41436;MC;NA;2;55;M;F;5064;EMP
059540020020-9440;059540020020;100mN31481E41409;S;OS;1;73;M;F;6574;NEP
059540020020-9441;059540020020;100mN31481E41409;MC;NA;2;23;M;F;1824;NEP
059540020020-9441;059540020020;100mN31481E41409;MC;NA;2;31;M;M;3039;NEP
059540020020-9442;059540020020;100mN31481E41409;S;NA;1;85;M;M;75XX;EMP
059540020020-9443;059540020020;100mN31481E41409;PO;OS;3;78;S;M;75XX;EMP
059540020020-9443;059540020020;100mN31481E41409;PO;OS;3;77;S;F;75XX;EMP
059540020020-9443;059540020020;100mN31481E41409;PO;OS;3;69;M;F;6574;EMP
059540020020-9444;059540020020;100mN31481E41409;MC;NA;2;30;M;F;3039;NEP
059540020020-9444;059540020020;100mN31481E41409;MC;NA;2;38;M;M;3039;EMP
059540020020-9445;059540020020;100mN31473E41419;S;NA;1;52;S;M;5064;EMP
059540020020-9446;059540020020;100mN31481E41409;MC;NA;2;58;M;M;5064;EMP
059540020020-9446;059540020020;100mN31481E41409;MC;NA;2;55;M;F;5064;EMP
059540020020-9447;059540020020;100mN31481E41409;NA;NA;2;21;S;M;1824;EMP
059540020020-9447;059540020020;100mN31481E41409;NA;NA;2;21;S;F;1824;NEP
059540020020-9448;059540020020;100mN31481E41409;S;OS;1;48;M;M;4049;NEP
059540020020-9449;059540020020;100mN31481E41409;S;NA;1;71;M;M;6574;NEP
059540020020-9450;059540020020;100mN31473E41424;SF;NA;2;69;W;F;6574;NEP
059540020020-9450;059540020020;100mN31473E41424;SF;NA;2;20;S;F;1824;EMP
059540020020-9451;059540020020;100mN31481E41409;S;NA;1;43;W;M;4049;EMP
059540020020-9452;059540020020;100mN31481E41409;S;NA;1;68;D;F;6574;NEP
059540020020-9453;059540020020;100mN31481E41409;MC;OS;3;71;M;F;6574;NEP
059540020020-9453;059540020020;100mN31481E41409;MC;OS;3;72;M;M;6574;NEP
059540020020-9453;059540020020;100mN31481E41409;MC;OS;3;75;S;F;75XX;NEP
059540020020-9454;059540020020;100mN31481E41409;PO;NA;3;45;S;F;4049;EMP
059540020020-9454;059540020020;100mN31481E41409;PO;NA;3;51;S;M;5064;EMP
059540020020-9454;059540020020;100mN31481E41409;PO;NA;3;18;D;M;1824;EMP
059540020020-9455;059540020020;100mN31481E41409;SF;NA;2;45;W;F;4049;NEP
059540020020-9455;059540020020;100mN31481E41409;SF;NA;2;22;M;M;1824;NEP
059540020020-9456;059540020020;100mN31481E41409;S;NA;1;78;M;F;75XX;NEP
059540020020-9457;059540020020;100mN31483E41405;MC;NA;4;23;M;M;1824;EMP
059540020020-9457;059540020020;100mN31483E41405;MC;NA;4;18;M;F;1824;NEP
059540020020-9457;059540020020;100mN31483E41405;MC;NA;4;7;S;M;0614;NEP
059540020020-9457;059540020020;100mN31483E41405;MC;NA;4;7;S;F;0614;NEP
059540020020-9458;059540020020;100mN31481E41409;PO;NA;3;54;S;F;5064;EMP
059540020020-9458;059540020020;100mN31481E41409;PO;NA;3;55;S;M;5064;NEP
059540020020-9458;059540020020;100mN31481E41409;PO;NA;3;6;S;M;0614;NEP
059540020020-9459;059540020020;100mN31481E41409;MC;OS;2;66;M;M;6574;NEP
059540020020-9459;059540020020;100mN31481E41409;MC;OS;2;65;M;F;6574;EMP
059540020020-9460;059540020020;100mN31481E41409;MC;NA;2;60;M;F;5064;EMP
059540020020-9460;059540020020;100mN31481E41409;MC;NA;2;84;D;M;75XX;NEP
059540020020-9461;059540020020;100mN31464E41430;S;NA;1;60;M;M;5064;EMP
059540020020-9462;059540020020;100mN31472E41432;SM;NA;3;57;D;M;5064;NEP
059540020020-9462;059540020020;100mN31472E41432;SM;NA;3;42;W;F;4049;EMP
059540020020-9462;059540020020;100mN31472E41432;SM;NA;3;2;S;F;0003;NEP
059540020020-9463;059540020020;100mN31473E41424;S;OS;1;41;S;M;4049;NEP
059540020020-9464;059540020020;100mN31473E41422;PO;OS;2;67;S;F;6574;NEP
059540020020-9464;059540020020;100mN31473E41422;PO;OS;2;65;S;F;6574;NEP
059540020020-9465;059540020020;100mN31483E41412;MC;OS;4;71;M;M;6574;EMP
059540020020-9465;059540020020;100mN31483E41412;MC;OS;4;70;M;F;6574;NEP
059540020020-9465;059540020020;100mN31483E41412;MC;OS;4;82;D;M;75XX;EMP
059540020020-9465;059540020020;100mN31483E41412;MC;OS;4;73;D;M;6574;NEP
059540020020-9466;059540020020;100mN31483E41412;MC;MIX;3;73;M;F;6574;EMP
059540020020-9466;059540020020;100mN31483E41412;MC;MIX;3;57;M;M;5064;EMP
059540020020-9466;059540020020;100mN31483E41412;MC;MIX;3;58;M;F;5064;EMP
059540020020-9467;059540020020;100mN31483E41412;S;NA;1;50;S;M;5064;EMP
059540020020-9468;059540020020;100mN31483E41412;S;NA;1;88;S;M;75XX;EMP
059540020020-9469;059540020020;100mN31483E41412;MC;MIX;3;66;W;F;6574;EMP
059540020020-9469;059540020020;100mN31483E41412;MC;MIX;3;27;M;F;2529;NEP
059540020020-9469;059540020020;100mN31483E41412;MC;MIX;3;27;M;M;2529;EMP
059540020020-9470;059540020020;100mN31483E41412;MC;MIX;2;72;M;M;6574;EMP
059540020020-9470;059540020020;100mN31483E41412;MC;MIX;2;63;M;F;5064;NEP
059540020020-9471;059540020020;100mN31483E41412;S;NA;1;27;S;M;2529;EMP
059540020020-9472;059540020020;100mN31483E41412;S;NA;1;79;M;F;75XX;EMP
059540020020-9473;059540020020;100mN31483E41412;SF;NA;2;46;W;F;4049;NEP
059540020020-9473;059540020020;100mN31483E41412;SF;NA;2;11;S;F;0614;NEP
059540020020-9474;059540020020;100mN31483E41412;MC;NA;3;33;M;F;3039;NEP
059540020020-9474;059540020020;100mN31483E41412;MC;NA;3;37;M;M;3039;NEP
059540020020-9474;059540020020;100mN31483E41412;MC;NA;3;13;S;F;0614;NEP
059540020020-9475;059540020020;100mN31483E41412;MC;MIX;4;76;M;F;75XX;EMP
059540020020-9475;059540020020;100mN31483E41412;MC;MIX;4;44;M;F;4049;EMP
059540020020-9475;059540020020;100mN31483E41412;MC;MIX;4;41;M;M;4049;EMP
059540020020-9475;059540020020;100mN31483E41412;MC;MIX;4;7;S;M;0614;NEP
059540020020-9476;059540020020;100mN31484E41418;MC;OS;3;67;M;F;6574;EMP
059540020020-9476;059540020020;100mN31484E41418;MC;OS;3;70;M;M;6574;EMP
059540020020-9476;059540020020;100mN31484E41418;MC;OS;3;88;S;F;75XX;NEP
059540020020-9477;059540020020;100mN31483E41412;NA;NA;5;16;S;M;1517;EMP
059540020020-9477;059540020020;100mN31483E41412;NA;NA;5;48;M;F;4049;NEP
059540020020-9477;059540020020;100mN31483E41412;NA;NA;5;66;M;M;6574;EMP
059540020020-9477;059540020020;100mN31483E41412;NA;NA;5;67;M;F;6574;NEP
059540020020-9477;059540020020;100mN31483E41412;NA;NA;5;43;M;M;4049;UEP
059540020020-9478;059540020020;100mN31483E41412;MC;NA;3;62;M;F;5064;NEP
059540020020-9478;059540020020;100mN31483E41412;MC;NA;3;63;M;M;5064;EMP
059540020020-9478;059540020020;100mN31483E41412;MC;NA;3;15;S;F;1517;NEP
059540020020-9479;059540020020;100mN31483E41412;S;OS;1;62;M;M;5064;NEP
059540020020-9480;059540020020;100mN31483E41412;MC;NA;4;55;M;F;5064;NEP
059540020020-9480;059540020020;100mN31483E41412;MC;NA;4;56;M;M;5064;EMP
059540020020-9480;059540020020;100mN31483E41412;MC;NA;4;37;D;F;3039;EMP
059540020020-9480;059540020020;100mN31483E41412;MC;NA;4;13;S;F;0614;NEP
059540020020-9481;059540020020;100mN31483E41404;SF;NA;3;20;S;F;1824;NEP
059540020020-9481;059540020020;100mN31483E41404;SF;NA;3;1;S;M;0003;NEP
059540020020-9481;059540020020;100mN31483E41404;SF;NA;3;2;S;M;0003;NEP
059540020020-9482;059540020020;100mN31483E41404;MC;OS;4;69;M;F;6574;NEP
059540020020-9482;059540020020;100mN31483E41404;MC;OS;4;66;M;M;6574;EMP
059540020020-9482;059540020020;100mN31483E41404;MC;OS;4;76;W;F;75XX;NEP
059540020020-9482;059540020020;100mN31483E41404;MC;OS;4;69;M;F;6574;NEP
059540020020-9483;059540020020;100mN31483E41404;S;OS;1;45;D;F;4049;NEP
059540020020-9484;059540020020;100mN31473E41423;MC;NA;2;26;M;M;2529;EMP
059540020020-9484;059540020020;100mN31473E41423;MC;NA;2;35;M;F;3039;EMP
059540020020-9485;059540020020;100mN31483E41404;S;NA;1;57;M;F;5064;EMP
059540020020-9486;059540020020;100mN31483E41404;S;NA;1;48;M;F;4049;NEP
059540020020-9487;059540020020;100mN31464E41425;MC;NA;3;22;M;M;1824;EMP
059540020020-9487;059540020020;100mN31464E41425;MC;NA;3;19;M;F;1824;EMP
059540020020-9487;059540020020;100mN31464E41425;MC;NA;3;4;S;M;0305;NEP
059540020020-9488;059540020020;100mN31481E41408;MC;NA;3;34;M;M;3039;EMP
059540020020-9488;059540020020;100mN31481E41408;MC;NA;3;30;M;F;3039;EMP
059540020020-9488;059540020020;100mN31481E41408;MC;NA;3;8;S;M;0614;NEP
059540020020-9489;059540020020;100mN31483E41404;PO;NA;3;27;S;F;2529;NEP
059540020020-9489;059540020020;100mN31483E41404;PO;NA;3;28;S;M;2529;EMP
059540020020-9489;059540020020;100mN31483E41404;PO;NA;3;12;S;M;0614;NEP
059540020020-9490;059540020020;100mN31483E41404;S;OS;1;46;S;M;4049;EMP
059540020020-9491;059540020020;100mN31483E41404;S;NA;1;42;M;M;4049;EMP
059540020020-9492;059540020020;100mN31483E41404;S;OS;1;28;M;M;2529;NEP
059540020020-9493;059540020020;100mN31463E41424;MC;NA;4;50;M;M;5064;EMP
059540020020-9493;059540020020;100mN31463E41424;MC;NA;4;50;M;F;5064;NEP
059540020020-9493;059540020020;100mN31463E41424;MC;NA;4;9;S;F;0614;NEP
059540020020-9493;059540020020;100mN31463E41424;MC;NA;4;28;M;M;2529;EMP
059540020020-9494;059540020020;100mN31483E41404;MC;NA;2;53;M;F;5064;EMP
059540020020-9494;059540020020;100mN31483E41404;MC;NA;2;54;M;M;5064;NEP
059540020020-9495;059540020020;100mN31483E41404;MC;NA;2;36;M;M;3039;NEP
059540020020-9495;059540020020;100mN31483E41404;MC;NA;2;44;M;F;4049;EMP
059540020020-9496;059540020020;100mN31480E41406;MC;OS;2;85;M;F;75XX;NEP
059540020020-9496;059540020020;100mN31480E41406;MC;OS;2;87;M;M;75XX;EMP
059540020020-9497;059540020020;100mN31483E41404;SF;NA;2;56;W;F;5064;EMP
059540020020-9497;059540020020;100mN31483E41404;SF;NA;2;11;S;F;0614;NEP
059540020020-9498;059540020020;100mN31483E41404;MC;NA;2;56;M;F;5064;EMP
059540020020-9498;059540020020;100mN31483E41404;MC;NA;2;85;S;M;75XX;EMP
059540020020-9499;059540020020;100mN31483E41404;S;NA;1;31;M;F;3039;NEP
059540020020-9500;059540020020;100mN31483E41404;SF;NA;2;21;S;F;1824;EMP
059540020020-9500;059540020020;100mN31483E41404;SF;NA;2;3;S;M;0305;NEP
059540020020-9501;059540020020;100mN31483E41404;MC;OS;5;67;M;F;6574;EMP
059540020020-9501;059540020020;100mN31483E41404;MC;OS;5;73;M;M;6574;NEP
059540020020-9501;059540020020;100mN31483E41404;MC;OS;5;67;M;F;6574;EMP
059540020020-9501;059540020020;100mN31483E41404;MC;OS;5;71;S;F;6574;NEP
059540020020-9501;059540020020;100mN31483E41404;MC;OS;5;85;S;F;75XX;NEP
059540020020-9502;059540020020;100mN31483E41404;MC;OS;3;73;M;M;6574;EMP
059540020020-9502;059540020020;100mN31483E41404;MC;OS;3;71;M;F;6574;NEP
059540020020-9502;059540020020;100mN31483E41404;MC;OS;3;76;W;M;75XX;EMP
059540020020-9503;059540020020;100mN31483E41404;MC;NA;2;20;M;F;1824;EMP
059540020020-9503;059540020020;100mN31483E41404;MC;NA;2;22;M;M;1824;NEP
059540020020-9504;059540020020;100mN31483E41404;S;NA;1;23;S;M;1824;EMP
059540020020-9505;059540020020;100mN31497E41425;PO;NA;6;48;S;F;4049;EMP
059540020020-9505;059540020020;100mN31497E41425;PO;NA;6;48;S;M;4049;EMP
059540020020-9505;059540020020;100mN31497E41425;PO;NA;6;18;S;M;1824;EMP
059540020020-9505;059540020020;100mN31497E41425;PO;NA;6;12;S;F;0614;NEP
059540020020-9505;059540020020;100mN31497E41425;PO;NA;6;32;M;M;3039;EMP
059540020020-9505;059540020020;100mN31497E41425;PO;NA;6;6;S;M;0614;NEP
059540020020-9506;059540020020;100mN31473E41426;S;NA;1;26;PD;M;2529;EMP
059540020020-9507;059540020020;100mN31483E41404;MC;OS;4;68;M;F;6574;NEP
059540020020-9507;059540020020;100mN31483E41404;MC;OS;4;72;M;M;6574;NEP
059540020020-9507;059540020020;100mN31483E41404;MC;OS;4;85;M;M;75XX;EMP
059540020020-9507;059540020020;100mN31483E41404;MC;OS;4;83;D;F;75XX;NEP
059540020020-9508;059540020020;100mN31483E41404;S;OS;1;79;M;F;75XX;NEP
059540020020-9509;059540020020;100mN31483E41404;MC;NA;3;31;M;F;3039;EMP
059540020020-9509;059540020020;100mN31483E41404;MC;NA;3;31;M;M;3039;NEP
059540020020-9509;059540020020;100mN31483E41404;MC;NA;3;11;S;M;0614;NEP
059540020020-9510;059540020020;100mN31481E41410;PO;OS;2;82;S;F;75XX;NEP
059540020020-9510;059540020020;100mN31481E41410;PO;OS;2;83;S;M;75XX;NEP
059540020020-9511;059540020020;100mN31497E41444;SM;NA;3;42;S;M;4049;EMP
059540020020-9511;059540020020;100mN31497E41444;SM;NA;3;6;S;M;0614;NEP
059540020020-9511;059540020020;100mN31497E41444;SM;NA;3;23;D;F;1824;EMP
059540020020-9512;059540020020;100mN31481E41410;NA;NA;2;31;W;F;3039;NEP
059540020020-9512;059540020020;100mN31481E41410;NA;NA;2;51;M;F;5064;EMP
059540020020-9513;059540020020;100mN31481E41410;MC;NA;2;43;M;F;4049;NEP
059540020020-9513;059540020020;100mN31481E41410;MC;NA;2;45;M;M;4049;EMP
059540020020-9514;059540020020;100mN31481E41410;PO;NA;2;61;S;F;5064;NEP
059540020020-9514;059540020020;100mN31481E41410;PO;NA;2;27;W;F;2529;EMP
059540020020-9515;059540020020;100mN31481E41410;SF;NA;2;89;S;F;75XX;NEP
059540020020-9515;059540020020;100mN31481E41410;SF;NA;2;12;S;M;0614;NEP
059540020020-9516;059540020020;100mN31481E41410;MC;OS;2;73;M;M;6574;EMP
059540020020-9516;059540020020;100mN31481E41410;MC;OS;2;69;M;F;6574;EMP
059540020020-9517;059540020020;100mN31481E41410;MC;NA;2;23;M;M;1824;NEP
059540020020-9517;059540020020;100mN31481E41410;MC;NA;2;22;M;F;1824;EMP
059540020020-9518;059540020020;100mN31481E41410;S;NA;1;45;M;M;4049;EMP
059540020020-9519;059540020020;100mN31481E41410;MC;OS;2;89;M;F;75XX;EMP
059540020020-9519;059540020020;100mN31481E41410;MC;OS;2;70;D;F;6574;EMP
059540020020-9520;059540020020;100mN31481E41410;MC;NA;2;30;M;F;3039;NEP
059540020020-9520;059540020020;100mN31481E41410;MC;NA;2;30;M;M;3039;EMP
059540020020-9521;059540020020;100mN31473E41419;MC;NA;2;46;M;M;4049;EMP
059540020020-9521;059540020020;100mN31473E41419;MC;NA;2;37;M;F;3039;NEP
059540020020-9522;059540020020;100mN31481E41410;S;OS;1;38;M;M;3039;NEP
059540020020-9523;059540020020;100mN31481E41410;S;OS;1;54;S;F;5064;NEP
059540020020-9524;059540020020;100mN31481E41410;MC;OS;2;89;M;F;75XX;EMP
059540020020-9524;059540020020;100mN31481E41410;MC;OS;2;32;S;F;3039;EMP
059540020020-9525;059540020020;100mN31472E41432;SM;NA;3;57;D;M;5064;NEP
059540020020-9525;059540020020;100mN31472E41432;SM;NA;3;42;W;F;4049;EMP
059540020020-9525;059540020020;100mN31472E41432;SM;NA;3;2;S;F;0003;NEP
059540020020-9526;059540020020;100mN31481E41410;PO;NA;2;56;S;F;5064;NEP
059540020020-9526;059540020020;100mN31481E41410;PO;NA;2;53;S;F;5064;EMP
059540020020-9527;059540020020;100mN31481E41410;MC;OS;2;80;M;F;75XX;NEP
059540020020-9527;059540020020;100mN31481E41410;MC;OS;2;83;M;M;75XX;EMP
059540020020-9528;059540020020;100mN31481E41410;S;NA;1;28;D;F;2529;EMP
059540020020-9529;059540020020;100mN31481E41410;MC;NA;2;23;M;M;1824;EMP
059540020020-9529;059540020020;100mN31481E41410;MC;NA;2;18;M;F;1824;EMP
059540020020-9530;059540020020;100mN31481E41410;S;NA;1;33;S;M;3039;EMP
059540020020-9531;059540020020;100mN31481E41410;S;OS;1;63;D;F;5064;EMP
059540020020-9532;059540020020;100mN31481E41410;MC;NA;2;58;M;F;5064;EMP
059540020020-9532;059540020020;100mN31481E41410;MC;NA;2;54;M;M;5064;EMP
059540020020-9533;059540020020;100mN31481E41410;MC;NA;2;42;M;F;4049;EMP
059540020020-9533;059540020020;100mN31481E41410;MC;NA;2;41;M;M;4049;EMP
059540020020-9534;059540020020;100mN31481E41410;MC;NA;2;52;M;F;5064;NEP
059540020020-9534;059540020020;100mN31481E41410;MC;NA;2;54;M;M;5064;NEP
059540020020-9535;059540020020;100mN31481E41410;S;NA;1;50;M;F;5064;NEP
059540020020-9536;059540020020;100mN31481E41410;S;NA;1;23;S;M;1824;EMP
059540020020-9537;059540020020;100mN31481E41410;S;NA;1;59;M;M;5064;NEP
059540020020-9538;059540020020;100mN31481E41410;MC;NA;2;59;M;F;5064;EMP
059540020020-9538;059540020020;100mN31481E41410;MC;NA;2;63;M;M;5064;NEP
059540020020-9539;059540020020;100mN31481E41410;S;NA;1;43;W;F;4049;EMP
059540020020-9540;059540020020;100mN31481E41410;MC;NA;2;28;M;M;2529;EMP
059540020020-9540;059540020020;100mN31481E41410;MC;NA;2;31;M;F;3039;NEP
059540020020-9541;059540020020;100mN31481E41410;MC;NA;2;40;M;F;4049;NEP
059540020020-9541;059540020020;100mN31481E41410;MC;NA;2;43;M;M;4049;NEP
059540020020-9542;059540020020;100mN31481E41410;MC;OS;2;78;M;F;75XX;NEP
059540020020-9542;059540020020;100mN31481E41410;MC;OS;2;84;M;M;75XX;EMP
059540020020-9543;059540020020;100mN31481E41410;MC;NA;4;60;M;M;5064;NEP
059540020020-9543;059540020020;100mN31481E41410;MC;NA;4;19;M;F;1824;EMP
059540020020-9543;059540020020;100mN31481E41410;MC;NA;4;33;W;F;3039;EMP
059540020020-9543;059540020020;100mN31481E41410;MC;NA;4;6;S;F;0614;NEP
059540020020-9544;059540020020;100mN31481E41410;MC;NA;2;45;M;F;4049;EMP
059540020020-9544;059540020020;100mN31481E41410;MC;NA;2;45;M;M;4049;EMP
059540020020-9545;059540020020;100mN31481E41410;PO;NA;2;19;S;F;1824;EMP
059540020020-9545;059540020020;100mN31481E41410;PO;NA;2;20;S;M;1824;UEP
059540020020-9546;059540020020;100mN31481E41410;MC;OS;3;89;M;M;75XX;NEP
059540020020-9546;059540020020;100mN31481E41410;MC;OS;3;86;M;F;75XX;EMP
059540020020-9546;059540020020;100mN31481E41410;MC;OS;3;68;M;M;6574;EMP
059540020020-9547;059540020020;100mN31481E41410;S;NA;1;23;W;F;1824;NEP
059540020020-9548;059540020020;100mN31481E41410;MC;MIX;2;78;M;F;75XX;EMP
059540020020-9548;059540020020;100mN31481E41410;MC;MIX;2;22;M;F;1824;EMP
059540020020-9549;059540020020;100mN31481E41410;S;OS;1;32;W;F;3039;NEP
059540020020-9550;059540020020;100mN31481E41410;S;NA;1;68;S;F;6574;EMP
059540020020-9551;059540020020;100mN31481E41410;MC;OS;2;79;M;F;75XX;EMP
059540020020-9551;059540020020;100mN31481E41410;MC;OS;2;71;M;M;6574;NEP
059540020020-9552;059540020020;100mN31480E41406;MC;OS;2;75;M;F;75XX;NEP
059540020020-9552;059540020020;100mN31480E41406;MC;OS;2;75;M;M;75XX;NEP
059540020020-9553;059540020020;100mN31481E41410;S;OS;1;18;S;M;1824;UEP
059540020020-9554;059540020020;100mN31481E41410;MC;NA;2;35;M;M;3039;EMP
059540020020-9554;059540020020;100mN31481E41410;MC;NA;2;27;M;F;2529;EMP
059540020020-9555;059540020020;100mN31481E41410;MC;NA;3;57;M;F;5064;EMP
059540020020-9555;059540020020;100mN31481E41410;MC;NA;3;62;M;M;5064;NEP
059540020020-9555;059540020020;100mN31481E41410;MC;NA;3;2;S;F;0003;NEP
059540020020-9556;059540020020;100mN31481E41410;MC;NA;2;28;M;M;2529;NEP
059540020020-9556;059540020020;100mN31481E41410;MC;NA;2;26;M;F;2529;EMP
059540020020-9557;059540020020;100mN31481E41410;MC;NA;2;41;M;M;4049;NEP
059540020020-9557;059540020020;100mN31481E41410;MC;NA;2;47;M;F;4049;EMP
059540020020-9558;059540020020;100mN31481E41410;S;NA;1;42;S;F;4049;EMP
059540020020-9559;059540020020;100mN31481E41410;S;NA;1;20;M;F;1824;NEP
059540020020-9560;059540020020;100mN31481E41410;MC;NA;2;60;M;M;5064;NEP
059540020020-9560;059540020020;100mN31481E41410;MC;NA;2;55;M;F;5064;NEP
059540020020-9561;059540020020;100mN31481E41410;MC;NA;2;61;M;F;5064;NEP
059540020020-9561;059540020020;100mN31481E41410;MC;NA;2;58;M;M;5064;EMP
059540020020-9562;059540020020;100mN31481E41410;S;OS;1;50;M;F;5064;EMP
059540020020-9563;059540020020;100mN31481E41410;S;NA;1;45;S;F;4049;NEP
059540020020-9564;059540020020;100mN31481E41410;MC;NA;3;42;M;M;4049;EMP
059540020020-9564;059540020020;100mN31481E41410;MC;NA;3;18;M;F;1824;EMP
059540020020-9564;059540020020;100mN31481E41410;MC;NA;3;7;S;F;0614;NEP
059540020020-9565;059540020020;100mN31460E41428;S;OS;1;69;W;F;6574;NEP
059540020020-9566;059540020020;100mN31460E41428;MC;OS;2;70;M;F;6574;EMP
059540020020-9566;059540020020;100mN31460E41428;MC;OS;2;70;M;M;6574;NEP
059540020020-9567;059540020020;100mN31460E41428;MC;NA;3;56;M;F;5064;EMP
059540020020-9567;059540020020;100mN31460E41428;MC;NA;3;62;M;M;5064;NEP
059540020020-9567;059540020020;100mN31460E41428;MC;NA;3;10;S;F;0614;NEP
059540020020-9568;059540020020;100mN31460E41428;S;NA;1;84;W;F;75XX;NEP
059540020020-9569;059540020020;100mN31460E41428;S;NA;1;66;M;F;6574;EMP
059540020020-9570;059540020020;100mN31460E41428;MC;OS;3;66;M;M;6574;EMP
059540020020-9570;059540020020;100mN31460E41428;MC;OS;3;65;M;F;6574;EMP
059540020020-9570;059540020020;100mN31460E41428;MC;OS;3;65;W;F;6574;NEP
059540020020-9571;059540020020;100mN31460E41428;MC;OS;2;87;M;F;75XX;EMP
059540020020-9571;059540020020;100mN31460E41428;MC;OS;2;88;M;M;75XX;EMP
059540020020-9572;059540020020;100mN31460E41428;MC;NA;2;33;M;F;3039;EMP
059540020020-9572;059540020020;100mN31460E41428;MC;NA;2;36;M;M;3039;EMP
059540020020-9573;059540020020;100mN31460E41428;SF;NA;3;34;S;F;3039;EMP
059540020020-9573;059540020020;100mN31460E41428;SF;NA;3;18;W;F;1824;NEP
059540020020-9573;059540020020;100mN31460E41428;SF;NA;3;16;S;F;1517;EMP
059540020020-9574;059540020020;100mN31460E41428;S;OS;1;75;M;F;75XX;NEP
059540020020-9575;059540020020;100mN31460E41428;S;OS;1;40;M;F;4049;NEP
059540020020-9576;059540020020;100mN31460E41428;MC;NA;4;46;M;F;4049;EMP
059540020020-9576;059540020020;100mN31460E41428;MC;NA;4;54;M;M;5064;EMP
059540020020-9576;059540020020;100mN31460E41428;MC;NA;4;13;S;F;0614;NEP
059540020020-9576;059540020020;100mN31460E41428;MC;NA;4;18;M;F;1824;NEP
059540020020-9577;059540020020;100mN31460E41428;MC;OS;4;65;M;M;6574;EMP
059540020020-9577;059540020020;100mN31460E41428;MC;OS;4;80;M;F;75XX;NEP
059540020020-9577;059540020020;100mN31460E41428;MC;OS;4;76;M;M;75XX;UEP
059540020020-9577;059540020020;100mN31460E41428;MC;OS;4;77;D;F;75XX;EMP
059540020020-9578;059540020020;100mN31460E41428;MC;NA;4;59;M;M;5064;NEP
059540020020-9578;059540020020;100mN31460E41428;MC;NA;4;42;M;F;4049;EMP
059540020020-9578;059540020020;100mN31460E41428;MC;NA;4;15;S;M;1517;EMP
059540020020-9578;059540020020;100mN31460E41428;MC;NA;4;15;S;F;1517;EMP
059540020020-9579;059540020020;100mN31488E41438;PO;OS;2;80;S;F;75XX;EMP
059540020020-9579;059540020020;100mN31488E41438;PO;OS;2;82;S;M;75XX;NEP
059540020020-9580;059540020020;100mN31460E41428;PO;NA;2;54;S;M;5064;NEP
059540020020-9580;059540020020;100mN31460E41428;PO;NA;2;51;S;F;5064;EMP
059540020020-9581;059540020020;100mN31460E41428;S;NA;1;44;M;F;4049;EMP
059540020020-9582;059540020020;100mN31460E41428;S;NA;1;34;M;F;3039;EMP
059540020020-9583;059540020020;100mN31460E41428;MC;MIX;3;67;M;F;6574;NEP
059540020020-9583;059540020020;100mN31460E41428;MC;MIX;3;59;M;F;5064;NEP
059540020020-9583;059540020020;100mN31460E41428;MC;MIX;3;25;W;F;2529;EMP
059540020020-9584;059540020020;100mN31460E41428;MC;NA;2;42;M;F;4049;NEP
059540020020-9584;059540020020;100mN31460E41428;MC;NA;2;44;M;M;4049;EMP
059540020020-9585;059540020020;100mN31460E41428;MC;NA;2;59;M;F;5064;NEP
059540020020-9585;059540020020;100mN31460E41428;MC;NA;2;62;M;M;5064;EMP
059540020020-9586;059540020020;100mN31460E41428;SF;NA;2;22;W;F;1824;EMP
059540020020-9586;059540020020;100mN31460E41428;SF;NA;2;7;S;F;0614;NEP
059540020020-9587;059540020020;100mN31460E41428;MC;OS;2;76;M;F;75XX;NEP
059540020020-9587;059540020020;100mN31460E41428;MC;OS;2;67;M;M;6574;NEP
059540020020-9588;059540020020;100mN31460E41428;PO;NA;2;47;S;M;4049;NEP
059540020020-9588;059540020020;100mN31460E41428;PO;NA;2;40;S;M;4049;NEP
059540020020-9589;059540020020;100mN31460E41428;S;NA;1;55;S;F;5064;NEP
059540020020-9590;059540020020;100mN31460E41428;MC;NA;2;25;M;F;2529;NEP
059540020020-9590;059540020020;100mN31460E41428;MC;NA;2;25;M;M;2529;EMP
059540020020-9591;059540020020;100mN31481E41405;SF;NA;2;66;W;F;6574;NEP
059540020020-9591;059540020020;100mN31481E41405;SF;NA;2;46;S;F;4049;EMP
059540020020-9592;059540020020;100mN31481E41405;MC;MIX;3;69;M;F;6574;NEP
059540020020-9592;059540020020;100mN31481E41405;MC;MIX;3;51;M;M;5064;EMP
059540020020-9592;059540020020;100mN31481E41405;MC;MIX;3;44;M;F;4049;NEP
059540020020-9593;059540020020;100mN31481E41405;MC;OS;2;82;M;M;75XX;NEP
059540020020-9593;059540020020;100mN31481E41405;MC;OS;2;80;M;F;75XX;EMP
059540020020-9594;059540020020;100mN31463E41422;MC;NA;2;62;M;F;5064;EMP
059540020020-9594;059540020020;100mN31463E41422;MC;NA;2;85;S;M;75XX;NEP
059540020020-9595;059540020020;100mN31481E41405;MC;OS;2;71;M;M;6574;EMP
059540020020-9595;059540020020;100mN31481E41405;MC;OS;2;68;M;F;6574;NEP
059540020020-9596;059540020020;100mN31481E41405;S;NA;1;16;S;M;1517;NEP
059540020020-9597;059540020020;100mN31481E41405;MC;MIX;2;84;M;F;75XX;EMP
059540020020-9597;059540020020;100mN31481E41405;MC;MIX;2;43;S;M;4049;EMP
059540020020-9598;059540020020;100mN31481E41405;MC;NA;4;32;M;F;3039;EMP
059540020020-9598;059540020020;100mN31481E41405;MC;NA;4;33;M;M;3039;NEP
059540020020-9598;059540020020;100mN31481E41405;MC;NA;4;1;S;F;0003;NEP
059540020020-9598;059540020020;100mN31481E41405;MC;NA;4;6;S;M;0614;NEP
059540020020-9599;059540020020;100mN31473E41418;S;OS;1;53;S;M;5064;EMP
059540020020-9600;059540020020;100mN31481E41405;MC;MIX;2;78;M;F;75XX;NEP
059540020020-9600;059540020020;100mN31481E41405;MC;MIX;2;33;S;M;3039;EMP
059540020020-9601;059540020020;100mN31481E41405;MC;NA;2;58;M;M;5064;EMP
059540020020-9601;059540020020;100mN31481E41405;MC;NA;2;52;M;F;5064;EMP
059540020020-9602;059540020020;100mN31481E41405;S;OS;1;80;M;F;75XX;NEP
059540020020-9603;059540020020;100mN31473E41418;MC;NA;2;48;M;F;4049;EMP
059540020020-9603;059540020020;100mN31473E41418;MC;NA;2;48;M;M;4049;NEP
059540020020-9604;059540020020;100mN31481E41405;S;NA;1;25;W;F;2529;EMP
059540020020-9605;059540020020;100mN31481E41405;S;OS;1;47;S;M;4049;EMP
059540020020-9606;059540020020;100mN31481E41405;MC;NA;2;61;M;F;5064;NEP
059540020020-9606;059540020020;100mN31481E41405;MC;NA;2;47;M;F;4049;EMP
059540020020-9607;059540020020;100mN31481E41405;SF;NA;2;76;S;F;75XX;NEP
059540020020-9607;059540020020;100mN31481E41405;SF;NA;2;23;M;M;1824;NEP
059540020020-9608;059540020020;100mN31472E41432;S;NA;1;45;S;M;4049;EMP
059540020020-9609;059540020020;100mN31481E41405;MC;MIX;2;65;M;M;6574;EMP
059540020020-9609;059540020020;100mN31481E41405;MC;MIX;2;50;S;M;5064;EMP
059540020020-9610;059540020020;100mN31492E41408;MC;MIX;2;75;M;M;75XX;EMP
059540020020-9610;059540020020;100mN31492E41408;MC;MIX;2;55;M;M;5064;EMP
059540020020-9611;059540020020;100mN31481E41405;S;NA;1;53;S;F;5064;NEP
059540020020-9612;059540020020;100mN31481E41405;MC;NA;2;48;M;F;4049;NEP
059540020020-9612;059540020020;100mN31481E41405;MC;NA;2;54;M;M;5064;EMP
059540020020-9613;059540020020;100mN31468E41420;S;OS;1;66;S;M;6574;EMP
059540020020-9614;059540020020;100mN31481E41405;MC;NA;2;18;M;F;1824;NEP
059540020020-9614;059540020020;100mN31481E41405;MC;NA;2;25;M;M;2529;NEP
059540020020-9615;059540020020;100mN31481E41405;MC;NA;2;57;M;F;5064;EMP
059540020020-9615;059540020020;100mN31481E41405;MC;NA;2;59;M;M;5064;EMP
059540020020-9616;059540020020;100mN31481E41405;S;NA;1;69;M;F;6574;EMP
059540020020-9617;059540020020;100mN31481E41405;S;NA;1;46;M;F;4049;EMP
059540020020-9618;059540020020;100mN31488E41438;S;OS;1;81;D;F;75XX;EMP
059540020020-9619;059540020020;100mN31481E41405;SF;NA;2;45;W;F;4049;EMP
059540020020-9619;059540020020;100mN31481E41405;SF;NA;2;19;M;M;1824;EMP
059540020020-9620;059540020020;100mN31481E41405;MC;NA;2;43;M;F;4049;NEP
059540020020-9620;059540020020;100mN31481E41405;MC;NA;2;47;M;M;4049;EMP
059540020020-9621;059540020020;100mN31481E41405;PO;NA;2;43;S;M;4049;NEP
059540020020-9621;059540020020;100mN31481E41405;PO;NA;2;35;S;M;3039;EMP
059540020020-9622;059540020020;100mN31484E41418;MC;MIX;3;72;M;F;6574;NEP
059540020020-9622;059540020020;100mN31484E41418;MC;MIX;3;40;M;M;4049;NEP
059540020020-9622;059540020020;100mN31484E41418;MC;MIX;3;18;M;F;1824;NEP
059540020020-9623;059540020020;100mN31481E41405;MC;MIX;2;68;M;M;6574;NEP
059540020020-9623;059540020020;100mN31481E41405;MC;MIX;2;61;M;F;5064;EMP
059540020020-9624;059540020020;100mN31481E41407;PO;NA;4;63;S;F;5064;NEP
059540020020-9624;059540020020;100mN31481E41407;PO;NA;4;63;S;F;5064;NEP
059540020020-9624;059540020020;100mN31481E41407;PO;NA;4;9;S;M;0614;NEP
059540020020-9624;059540020020;100mN31481E41407;PO;NA;4;18;W;F;1824;EMP
059540020020-9625;059540020020;100mN31481E41407;MC;OS;2;69;M;F;6574;NEP
059540020020-9625;059540020020;100mN31481E41407;MC;OS;2;78;M;M;75XX;NEP
059540020020-9626;059540020020;100mN31481E41407;PO;NA;2;47;S;M;4049;NEP
059540020020-9626;059540020020;100mN31481E41407;PO;NA;2;46;S;M;4049;EMP
059540020020-9627;059540020020;100mN31481E41407;MC;OS;3;85;M;M;75XX;NEP
059540020020-9627;059540020020;100mN31481E41407;MC;OS;3;80;M;F;75XX;EMP
059540020020-9627;059540020020;100mN31481E41407;MC;OS;3;68;S;M;6574;UEP
059540020020-9628;059540020020;100mN31481E41407;MC;OS;2;86;M;M;75XX;NEP
059540020020-9628;059540020020;100mN31481E41407;MC;OS;2;83;M;F;75XX;NEP
059540020020-9629;059540020020;100mN31481E41407;MC;NA;3;52;M;F;5064;EMP
059540020020-9629;059540020020;100mN31481E41407;MC;NA;3;54;M;M;5064;EMP
059540020020-9629;059540020020;100mN31481E41407;MC;NA;3;35;D;F;3039;EMP
059540020020-9630;059540020020;100mN31481E41407;MC;MIX;2;75;M;F;75XX;EMP
059540020020-9630;059540020020;100mN31481E41407;MC;MIX;2;73;M;F;6574;NEP
059540020020-9631;059540020020;100mN31481E41407;MC;NA;2;33;M;M;3039;EMP
059540020020-9631;059540020020;100mN31481E41407;MC;NA;2;25;M;F;2529;NEP
059540020020-9632;059540020020;100mN31463E41422;MC;MIX;2;76;M;M;75XX;EMP
059540020020-9632;059540020020;100mN31463E41422;MC;MIX;2;47;S;M;4049;NEP
059540020020-9633;059540020020;100mN31481E41407;S;NA;1;31;M;F;3039;NEP
059540020020-9634;059540020020;100mN31481E41407;MC;OS;2;80;M;F;75XX;EMP
059540020020-9634;059540020020;100mN31481E41407;MC;OS;2;85;M;M;75XX;EMP
059540020020-9635;059540020020;100mN31481E41407;S;NA;1;76;S;F;75XX;EMP
059540020020-9636;059540020020;100mN31481E41407;S;OS;1;67;W;F;6574;EMP
059540020020-9637;059540020020;100mN31500E41446;SF;NA;2;66;W;F;6574;NEP
059540020020-9637;059540020020;100mN31500E41446;SF;NA;2;4;S;M;0305;NEP
059540020020-9638;059540020020;100mN31481E41407;NA;NA;2;50;S;M;5064;EMP
059540020020-9638;059540020020;100mN31481E41407;NA;NA;2;52;M;F;5064;NEP
059540020020-9639;059540020020;100mN31481E41407;S;NA;1;63;D;F;5064;EMP
059540020020-9640;059540020020;100mN31481E41399;S;NA;1;57;D;M;5064;EMP
059540020020-9641;059540020020;100mN31485E41415;S;NA;1;62;M;M;5064;NEP
059540020020-9642;059540020020;100mN31472E41432;S;OS;1;73;D;M;6574;NEP
059540020020-9643;059540020020;100mN31463E41422;S;NA;1;65;M;F;6574;NEP
059540020020-9644;059540020020;100mN31478E41398;S;OS;1;45;M;F;4049;EMP
059540020020-9645;059540020020;100mN31478E41398;S;OS;1;84;M;F;75XX;NEP
059540020020-9646;059540020020;100mN31478E41398;MC;OS;3;87;M;F;75XX;EMP
059540020020-9646;059540020020;100mN31478E41398;MC;OS;3;28;M;F;2529;NEP
059540020020-9646;059540020020;100mN31478E41398;MC;OS;3;86;D;F;75XX;NEP
059540020020-9647;059540020020;100mN31478E41398;PO;NA;2;20;S;M;1824;NEP
059540020020-9647;059540020020;100mN31478E41398;PO;NA;2;18;S;M;1824;NEP
059540020020-9648;059540020020;100mN31480E41408;SF;NA;2;41;W;F;4049;EMP
059540020020-9648;059540020020;100mN31480E41408;SF;NA;2;6;S;F;0614;NEP
059540020020-9649;059540020020;100mN31478E41398;S;NA;1;56;M;M;5064;EMP
059540020020-9650;059540020020;100mN31499E41446;MC;OS;3;82;M;F;75XX;EMP
059540020020-9650;059540020020;100mN31499E41446;MC;OS;3;85;M;M;75XX;EMP
059540020020-9650;059540020020;100mN31499E41446;MC;OS;3;79;M;M;75XX;NEP
059540020020-9651;059540020020;100mN31499E41446;MC;NA;4;22;M;M;1824;NEP
059540020020-9651;059540020020;100mN31499E41446;MC;NA;4;19;M;F;1824;EMP
059540020020-9651;059540020020;100mN31499E41446;MC;NA;4;6;S;F;0614;NEP
059540020020-9651;059540020020;100mN31499E41446;MC;NA;4;7;S;M;0614;NEP
059540020020-9652;059540020020;100mN31499E41446;PO;OS;3;66;S;F;6574;EMP
059540020020-9652;059540020020;100mN31499E41446;PO;OS;3;67;S;M;6574;EMP
059540020020-9652;059540020020;100mN31499E41446;PO;OS;3;84;M;F;75XX;NEP
059540020020-9653;059540020020;100mN31486E41432;S;NA;1;56;D;M;5064;EMP
059540020020-9654;059540020020;100mN31486E41432;MC;NA;2;48;M;M;4049;EMP
059540020020-9654;059540020020;100mN31486E41432;MC;NA;2;60;M;F;5064;NEP
059540020020-9655;059540020020;100mN31480E41408;S;OS;1;60;W;M;5064;EMP
059540020020-9656;059540020020;100mN31483E41405;S;NA;1;56;W;F;5064;NEP
059540020020-9657;059540020020;100mN31486E41432;MC;NA;2;58;M;M;5064;NEP
059540020020-9657;059540020020;100mN31486E41432;MC;NA;2;52;M;F;5064;NEP
059540020020-9658;059540020020;100mN31486E41432;PO;NA;5;51;S;F;5064;NEP
059540020020-9658;059540020020;100mN31486E41432;PO;NA;5;55;S;M;5064;NEP
059540020020-9658;059540020020;100mN31486E41432;PO;NA;5;8;S;M;0614;NEP
059540020020-9658;059540020020;100mN31486E41432;PO;NA;5;16;S;F;1517;NEP
059540020020-9658;059540020020;100mN31486E41432;PO;NA;5;11;S;F;0614;NEP
059540020020-9659;059540020020;100mN31486E41432;MC;OS;2;65;M;F;6574;EMP
059540020020-9659;059540020020;100mN31486E41432;MC;OS;2;77;M;M;75XX;NEP
059540020020-9660;059540020020;100mN31486E41432;MC;NA;3;55;M;M;5064;NEP
059540020020-9660;059540020020;100mN31486E41432;MC;NA;3;48;M;F;4049;NEP
059540020020-9660;059540020020;100mN31486E41432;MC;NA;3;16;S;M;1517;EMP
059540020020-9661;059540020020;100mN31481E41399;PO;NA;2;59;S;M;5064;NEP
059540020020-9661;059540020020;100mN31481E41399;PO;NA;2;56;S;M;5064;EMP
059540020020-9662;059540020020;100mN31472E41432;MC;OS;3;86;M;M;75XX;EMP
059540020020-9662;059540020020;100mN31472E41432;MC;OS;3;87;M;F;75XX;NEP
059540020020-9662;059540020020;100mN31472E41432;MC;OS;3;66;W;F;6574;NEP
059540020020-9663;059540020020;100mN31481E41399;MC;NA;2;50;M;F;5064;NEP
059540020020-9663;059540020020;100mN31481E41399;MC;NA;2;48;M;M;4049;EMP
059540020020-9664;059540020020;100mN31481E41399;S;NA;1;57;D;M;5064;EMP
059540020020-9665;059540020020;100mN31481E41406;MC;OS;2;65;M;F;6574;EMP
059540020020-9665;059540020020;100mN31481E41406;MC;OS;2;73;M;M;6574;EMP
059540020020-9666;059540020020;100mN31484E41415;MC;NA;2;58;M;F;5064;NEP
059540020020-9666;059540020020;100mN31484E41415;MC;NA;2;63;M;M;5064;EMP
059540020020-9667;059540020020;100mN31486E41429;S;NA;1;55;S;F;5064;EMP
059540020020-9668;059540020020;100mN31481E41399;MC;OS;2;79;M;F;75XX;EMP
059540020020-9668;059540020020;100mN31481E41399;MC;OS;2;70;M;M;6574;EMP
059540020020-9669;059540020020;100mN31481E41399;S;NA;1;32;S;M;3039;NEP
059540020020-9670;059540020020;100mN31481E41399;NA;NA;2;33;D;M;3039;EMP
059540020020-9670;059540020020;100mN31481E41399;NA;NA;2;47;S;M;4049;NEP
059540020020-9671;059540020020;100mN31481E41399;MC;NA;2;33;M;F;3039;NEP
059540020020-9671;059540020020;100mN31481E41399;MC;NA;2;36;M;M;3039;NEP
059540020020-9672;059540020020;100mN31483E41398;S;OS;1;81;M;F;75XX;EMP
059540020020-9673;059540020020;100mN31483E41398;MC;NA;2;55;M;M;5064;EMP
059540020020-9673;059540020020;100mN31483E41398;MC;NA;2;52;M;F;5064;EMP
059540020020-9674;059540020020;100mN31483E41398;S;NA;1;71;S;F;6574;EMP
059540020020-9675;059540020020;100mN31499E41434;S;OS;1;42;M;F;4049;EMP
059540020020-9676;059540020020;100mN31499E41434;SF;NA;2;66;S;F;6574;NEP
059540020020-9676;059540020020;100mN31499E41434;SF;NA;2;11;S;F;0614;NEP
059540020020-9677;059540020020;100mN31499E41434;S;OS;1;88;S;F;75XX;NEP
059540020020-9678;059540020020;100mN31499E41434;MC;NA;2;45;M;M;4049;EMP
059540020020-9678;059540020020;100mN31499E41434;MC;NA;2;43;M;F;4049;EMP
059540020020-9679;059540020020;100mN31499E41434;MC;MIX;2;84;M;M;75XX;NEP
059540020020-9679;059540020020;100mN31499E41434;MC;MIX;2;60;W;M;5064;NEP
059540020020-9680;059540020020;100mN31490E41421;MC;NA;2;60;M;F;5064;NEP
059540020020-9680;059540020020;100mN31490E41421;MC;NA;2;60;M;M;5064;NEP
059540020020-9681;059540020020;100mN31481E41408;MC;NA;4;60;M;F;5064;EMP
059540020020-9681;059540020020;100mN31481E41408;MC;NA;4;53;S;F;5064;NEP
059540020020-9681;059540020020;100mN31481E41408;MC;NA;4;13;S;F;0614;NEP
059540020020-9681;059540020020;100mN31481E41408;MC;NA;4;8;S;F;0614;NEP
059540020020-9682;059540020020;100mN31490E41421;MC;OS;2;71;M;F;6574;EMP
059540020020-9682;059540020020;100mN31490E41421;MC;OS;2;75;M;M;75XX;EMP
059540020020-9683;059540020020;100mN31485E41404;S;OS;1;56;D;M;5064;NEP
059540020020-9684;059540020020;100mN31485E41404;NA;OS;2;86;M;M;75XX;NEP
059540020020-9684;059540020020;100mN31485E41404;NA;OS;2;58;S;F;5064;EMP
059540020020-9685;059540020020;100mN31485E41404;MC;OS;2;70;M;M;6574;EMP
059540020020-9685;059540020020;100mN31485E41404;MC;OS;2;66;M;F;6574;NEP
059540020020-9686;059540020020;100mN31500E41446;MC;NA;3;55;M;F;5064;NEP
059540020020-9686;059540020020;100mN31500E41446;MC;NA;3;18;M;M;1824;NEP
059540020020-9686;059540020020;100mN31500E41446;MC;NA;3;4;S;F;0305;NEP
059540020020-9687;059540020020;100mN31480E41408;S;NA;1;62;S;F;5064;EMP
059540020020-9688;059540020020;100mN31481E41415;S;OS;1;26;S;F;2529;NEP
059540020020-9689;059540020020;100mN31481E41415;MC;NA;2;33;M;M;3039;EMP
059540020020-9689;059540020020;100mN31481E41415;MC;NA;2;33;M;F;3039;EMP
059540020020-9690;059540020020;100mN31481E41415;MC;NA;2;46;M;M;4049;EMP
059540020020-9690;059540020020;100mN31481E41415;MC;NA;2;46;M;F;4049;NEP
059540020020-9691;059540020020;100mN31481E41415;MC;NA;2;42;M;M;4049;EMP
059540020020-9691;059540020020;100mN31481E41415;MC;NA;2;33;M;F;3039;NEP
059540020020-9692;059540020020;100mN31481E41415;S;OS;1;46;M;M;4049;NEP
059540020020-9693;059540020020;100mN31481E41415;MC;NA;2;50;M;F;5064;EMP
059540020020-9693;059540020020;100mN31481E41415;MC;NA;2;52;M;M;5064;NEP
059540020020-9694;059540020020;100mN31481E41415;MC;NA;4;37;M;F;3039;NEP
059540020020-9694;059540020020;100mN31481E41415;MC;NA;4;44;M;M;4049;EMP
059540020020-9694;059540020020;100mN31481E41415;MC;NA;4;16;S;F;1517;NEP
059540020020-9694;059540020020;100mN31481E41415;MC;NA;4;13;S;F;0614;NEP
059540020020-9695;059540020020;100mN31463E41420;MC;NA;3;48;M;M;4049;EMP
059540020020-9695;059540020020;100mN31463E41420;MC;NA;3;46;M;F;4049;EMP
059540020020-9695;059540020020;100mN31463E41420;MC;NA;3;9;S;F;0614;NEP
059540020020-9696;059540020020;100mN31481E41415;PO;NA;2;51;S;M;5064;EMP
059540020020-9696;059540020020;100mN31481E41415;PO;NA;2;43;S;M;4049;EMP
059540020020-9697;059540020020;100mN31464E41425;MC;NA;3;51;M;F;5064;NEP
059540020020-9697;059540020020;100mN31464E41425;MC;NA;3;51;M;M;5064;EMP
059540020020-9697;059540020020;100mN31464E41425;MC;NA;3;9;S;M;0614;NEP
059540020020-9698;059540020020;100mN31464E41425;PO;NA;3;54;S;M;5064;EMP
059540020020-9698;059540020020;100mN31464E41425;PO;NA;3;57;S;M;5064;EMP
059540020020-9698;059540020020;100mN31464E41425;PO;NA;3;13;S;M;0614;NEP
059540020020-9699;059540020020;100mN31464E41425;MC;NA;2;60;M;M;5064;EMP
059540020020-9699;059540020020;100mN31464E41425;MC;NA;2;53;M;F;5064;NEP
059540020020-9700;059540020020;100mN31464E41425;S;NA;1;56;S;F;5064;EMP
059540020020-9701;059540020020;100mN31464E41425;PO;OS;3;83;S;M;75XX;EMP
059540020020-9701;059540020020;100mN31464E41425;PO;OS;3;81;S;F;75XX;EMP
059540020020-9701;059540020020;100mN31464E41425;PO;OS;3;83;S;F;75XX;NEP
059540020020-9702;059540020020;100mN31464E41425;MC;OS;4;89;M;F;75XX;EMP
059540020020-9702;059540020020;100mN31464E41425;MC;OS;4;12;S;F;0614;NEP
059540020020-9702;059540020020;100mN31464E41425;MC;OS;4;68;S;F;6574;EMP
059540020020-9702;059540020020;100mN31464E41425;MC;OS;4;66;S;F;6574;NEP
059540020020-9703;059540020020;100mN31500E41436;MC;NA;2;37;M;F;3039;EMP
059540020020-9703;059540020020;100mN31500E41436;MC;NA;2;40;M;M;4049;EMP
059540020020-9704;059540020020;100mN31464E41425;MC;NA;2;41;M;M;4049;NEP
059540020020-9704;059540020020;100mN31464E41425;MC;NA;2;41;M;F;4049;NEP
059540020020-9705;059540020020;100mN31464E41425;S;OS;1;66;W;F;6574;NEP
059540020020-9706;059540020020;100mN31464E41425;MC;NA;2;61;M;F;5064;NEP
059540020020-9706;059540020020;100mN31464E41425;MC;NA;2;58;M;M;5064;EMP
059540020020-9707;059540020020;100mN31464E41425;MC;MIX;2;68;M;F;6574;EMP
059540020020-9707;059540020020;100mN31464E41425;MC;MIX;2;73;M;F;6574;NEP
059540020020-9708;059540020020;100mN31464E41429;MC;MIX;3;72;W;F;6574;EMP
059540020020-9708;059540020020;100mN31464E41429;MC;MIX;3;60;M;F;5064;NEP
059540020020-9708;059540020020;100mN31464E41429;MC;MIX;3;62;M;M;5064;NEP
059540020020-9709;059540020020;100mN31464E41425;S;OS;1;46;M;M;4049;NEP
059540020020-9710;059540020020;100mN31464E41425;S;NA;1;69;M;M;6574;EMP
059540020020-9711;059540020020;100mN31464E41425;S;NA;1;40;M;M;4049;EMP
059540020020-9712;059540020020;100mN31464E41425;MC;MIX;2;68;M;M;6574;EMP
059540020020-9712;059540020020;100mN31464E41425;MC;MIX;2;62;M;F;5064;NEP
059540020020-9713;059540020020;100mN31464E41425;MC;NA;3;22;M;M;1824;EMP
059540020020-9713;059540020020;100mN31464E41425;MC;NA;3;19;M;F;1824;EMP
059540020020-9713;059540020020;100mN31464E41425;MC;NA;3;4;S;M;0305;NEP
059540020020-9714;059540020020;100mN31464E41425;MC;NA;4;23;M;M;1824;EMP
059540020020-9714;059540020020;100mN31464E41425;MC;NA;4;30;M;F;3039;NEP
059540020020-9714;059540020020;100mN31464E41425;MC;NA;4;1;S;M;0003;NEP
059540020020-9714;059540020020;100mN31464E41425;MC;NA;4;8;S;M;0614;NEP
059540020020-9715;059540020020;100mN31494E41439;SM;NA;4;46;S;M;4049;NEP
059540020020-9715;059540020020;100mN31494E41439;SM;NA;4;6;S;M;0614;NEP
059540020020-9715;059540020020;100mN31494E41439;SM;NA;4;13;S;F;0614;NEP
059540020020-9715;059540020020;100mN31494E41439;SM;NA;4;1;S;F;0003;NEP
059540020020-9716;059540020020;100mN31494E41439;S;NA;1;62;M;M;5064;EMP
059540020020-9717;059540020020;100mN31494E41439;MC;NA;6;31;M;F;3039;NEP
059540020020-9717;059540020020;100mN31494E41439;MC;NA;6;36;M;M;3039;EMP
059540020020-9717;059540020020;100mN31494E41439;MC;NA;6;11;S;M;0614;NEP
059540020020-9717;059540020020;100mN31494E41439;MC;NA;6;9;S;M;0614;NEP
059540020020-9717;059540020020;100mN31494E41439;MC;NA;6;8;S;F;0614;NEP
059540020020-9717;059540020020;100mN31494E41439;MC;NA;6;7;S;M;0614;NEP
059540020020-9718;059540020020;100mN31494E41439;MC;NA;3;56;M;M;5064;EMP
059540020020-9718;059540020020;100mN31494E41439;MC;NA;3;53;M;F;5064;EMP
059540020020-9718;059540020020;100mN31494E41439;MC;NA;3;3;S;M;0305;NEP
059540020020-9719;059540020020;100mN31464E41432;NA;NA;2;16;S;F;1517;EMP
059540020020-9719;059540020020;100mN31464E41432;NA;NA;2;26;S;F;2529;EMP
059540020020-9720;059540020020;100mN31494E41439;MC;NA;2;57;M;F;5064;NEP
059540020020-9720;059540020020;100mN31494E41439;MC;NA;2;53;M;M;5064;EMP
059540020020-9721;059540020020;100mN31463E41424;MC;NA;3;57;M;F;5064;EMP
059540020020-9721;059540020020;100mN31463E41424;MC;NA;3;48;M;M;4049;UEP
059540020020-9721;059540020020;100mN31463E41424;MC;NA;3;8;S;M;0614;NEP
059540020020-9722;059540020020;100mN31494E41439;MC;OS;3;70;M;F;6574;NEP
059540020020-9722;059540020020;100mN31494E41439;MC;OS;3;73;M;M;6574;EMP
059540020020-9722;059540020020;100mN31494E41439;MC;OS;3;70;S;M;6574;NEP
059540020020-9723;059540020020;100mN31494E41439;S;NA;1;88;D;M;75XX;NEP
059540020020-9724;059540020020;100mN31494E41439;S;NA;1;62;W;F;5064;EMP
059540020020-9725;059540020020;100mN31485E41409;MC;NA;2;55;M;F;5064;NEP
059540020020-9725;059540020020;100mN31485E41409;MC;NA;2;56;M;M;5064;EMP
059540020020-9726;059540020020;100mN31494E41439;PO;NA;5;44;S;M;4049;EMP
059540020020-9726;059540020020;100mN31494E41439;PO;NA;5;51;S;M;5064;EMP
059540020020-9726;059540020020;100mN31494E41439;PO;NA;5;20;M;M;1824;UEP
059540020020-9726;059540020020;100mN31494E41439;PO;NA;5;16;S;F;1517;NEP
059540020020-9726;059540020020;100mN31494E41439;PO;NA;5;21;M;M;1824;NEP
059540020020-9727;059540020020;100mN31494E41439;S;OS;1;47;M;F;4049;EMP
059540020020-9728;059540020020;100mN31494E41435;S;NA;1;55;S;M;5064;NEP
059540020020-9729;059540020020;100mN31494E41435;S;NA;1;69;D;F;6574;EMP
059540020020-9730;059540020020;100mN31494E41435;SM;NA;2;58;D;M;5064;NEP
059540020020-9730;059540020020;100mN31494E41435;SM;NA;2;38;S;M;3039;EMP
059540020020-9731;059540020020;100mN31494E41435;MC;NA;2;62;M;M;5064;NEP
059540020020-9731;059540020020;100mN31494E41435;MC;NA;2;53;M;F;5064;EMP
059540020020-9732;059540020020;100mN31494E41435;S;NA;1;46;M;M;4049;EMP
059540020020-9733;059540020020;100mN31494E41435;S;OS;1;55;P;M;5064;NEP
059540020020-9734;059540020020;100mN31494E41435;S;OS;1;86;D;F;75XX;NEP
059540020020-9735;059540020020;100mN31494E41435;MC;NA;2;55;M;M;5064;NEP
059540020020-9735;059540020020;100mN31494E41435;MC;NA;2;18;M;F;1824;EMP
059540020020-9736;059540020020;100mN31494E41435;NA;NA;2;28;S;F;2529;NEP
059540020020-9736;059540020020;100mN31494E41435;NA;NA;2;84;W;F;75XX;NEP
059540020020-9737;059540020020;100mN31494E41435;MC;NA;4;42;M;F;4049;EMP
059540020020-9737;059540020020;100mN31494E41435;MC;NA;4;48;M;M;4049;EMP
059540020020-9737;059540020020;100mN31494E41435;MC;NA;4;0;S;M;0003;NEP
059540020020-9737;059540020020;100mN31494E41435;MC;NA;4;15;S;M;1517;EMP
059540020020-9738;059540020020;100mN31497E41443;S;NA;1;52;M;F;5064;NEP
059540020020-9739;059540020020;100mN31497E41443;MC;NA;2;55;M;M;5064;EMP
059540020020-9739;059540020020;100mN31497E41443;MC;NA;2;54;M;F;5064;EMP
059540020020-9740;059540020020;100mN31497E41443;PO;NA;2;26;S;M;2529;NEP
059540020020-9740;059540020020;100mN31497E41443;PO;NA;2;18;S;M;1824;EMP
059540020020-9741;059540020020;100mN31497E41443;MC;NA;3;59;M;M;5064;EMP
059540020020-9741;059540020020;100mN31497E41443;MC;NA;3;56;M;F;5064;EMP
059540020020-9741;059540020020;100mN31497E41443;MC;NA;3;6;S;M;0614;NEP
059540020020-9742;059540020020;100mN31500E41446;MC;NA;2;55;M;M;5064;EMP
059540020020-9742;059540020020;100mN31500E41446;MC;NA;2;47;M;F;4049;EMP
059540020020-9743;059540020020;100mN31500E41446;MC;NA;4;63;M;M;5064;EMP
059540020020-9743;059540020020;100mN31500E41446;MC;NA;4;61;M;F;5064;EMP
059540020020-9743;059540020020;100mN31500E41446;MC;NA;4;36;S;M;3039;NEP
059540020020-9743;059540020020;100mN31500E41446;MC;NA;4;7;S;M;0614;NEP
059540020020-9744;059540020020;100mN31500E41446;MC;NA;3;47;M;F;4049;NEP
059540020020-9744;059540020020;100mN31500E41446;MC;NA;3;56;M;M;5064;EMP
059540020020-9744;059540020020;100mN31500E41446;MC;NA;3;30;S;F;3039;NEP
059540020020-9745;059540020020;100mN31500E41446;SF;NA;2;66;W;F;6574;NEP
059540020020-9745;059540020020;100mN31500E41446;SF;NA;2;4;S;M;0305;NEP
059540020020-9746;059540020020;100mN31500E41446;MC;NA;3;55;M;F;5064;NEP
059540020020-9746;059540020020;100mN31500E41446;MC;NA;3;18;M;M;1824;NEP
059540020020-9746;059540020020;100mN31500E41446;MC;NA;3;4;S;F;0305;NEP
059540020020-9747;059540020020;100mN31500E41446;S;NA;1;57;W;M;5064;EMP
059540020020-9748;059540020020;100mN31464E41424;S;NA;1;34;D;M;3039;NEP
059540020020-9749;059540020020;100mN31493E41417;S;NA;1;43;M;F;4049;EMP
059540020020-9750;059540020020;100mN31500E41446;S;OS;1;53;S;M;5064;NEP
059540020020-9751;059540020020;100mN31500E41446;NA;MIX;2;56;S;M;5064;NEP
059540020020-9751;059540020020;100mN31500E41446;NA;MIX;2;42;S;F;4049;NEP
059540020020-9752;059540020020;100mN31467E41428;PO;NA;2;48;S;M;4049;EMP
059540020020-9752;059540020020;100mN31467E41428;PO;NA;2;41;S;M;4049;EMP
059540020020-9753;059540020020;100mN31472E41430;S;OS;1;51;W;F;5064;EMP
059540020020-9754;059540020020;100mN31467E41428;MC;NA;5;56;M;F;5064;EMP
059540020020-9754;059540020020;100mN31467E41428;MC;NA;5;59;M;M;5064;EMP
059540020020-9754;059540020020;100mN31467E41428;MC;NA;5;31;D;M;3039;EMP
059540020020-9754;059540020020;100mN31467E41428;MC;NA;5;25;W;F;2529;EMP
059540020020-9754;059540020020;100mN31467E41428;MC;NA;5;9;S;F;0614;NEP
059540020020-9755;059540020020;100mN31467E41428;SM;NA;4;45;S;M;4049;EMP
059540020020-9755;059540020020;100mN31467E41428;SM;NA;4;26;D;M;2529;EMP
059540020020-9755;059540020020;100mN31467E41428;SM;NA;4;4;S;F;0305;NEP
059540020020-9755;059540020020;100mN31467E41428;SM;NA;4;12;S;M;0614;NEP
059540020020-9756;059540020020;100mN31467E41428;S;OS;1;57;W;F;5064;NEP
059540020020-9757;059540020020;100mN31467E41428;MC;MIX;2;83;M;M;75XX;EMP
059540020020-9757;059540020020;100mN31467E41428;MC;MIX;2;1;S;M;0003;NEP
059540020020-9758;059540020020;100mN31467E41428;S;NA;1;55;S;F;5064;NEP
059540020020-9759;059540020020;100mN31467E41428;MC;NA;4;40;M;M;4049;EMP
059540020020-9759;059540020020;100mN31467E41428;MC;NA;4;35;M;F;3039;NEP
059540020020-9759;059540020020;100mN31467E41428;MC;NA;4;13;S;M;0614;NEP
059540020020-9759;059540020020;100mN31467E41428;MC;NA;4;15;S;M;1517;EMP
059540020020-9760;059540020020;100mN31467E41428;SF;NA;2;16;S;F;1517;EMP
059540020020-9760;059540020020;100mN31467E41428;SF;NA;2;1;S;F;0003;NEP
059540020020-9761;059540020020;100mN31500E41448;PO;MIX;3;77;D;M;75XX;EMP
059540020020-9761;059540020020;100mN31500E41448;PO;MIX;3;48;S;M;4049;EMP
059540020020-9761;059540020020;100mN31500E41448;PO;MIX;3;48;S;M;4049;UEP
059540020020-9762;059540020020;100mN31467E41428;S;OS;1;67;W;F;6574;EMP
059540020020-9763;059540020020;100mN31467E41428;MC;NA;3;60;M;F;5064;EMP
059540020020-9763;059540020020;100mN31467E41428;MC;NA;3;62;M;M;5064;EMP
059540020020-9763;059540020020;100mN31467E41428;MC;NA;3;43;M;F;4049;NEP
059540020020-9764;059540020020;100mN31467E41428;SF;MIX;2;69;S;F;6574;NEP
059540020020-9764;059540020020;100mN31467E41428;SF;MIX;2;52;W;F;5064;EMP
059540020020-9765;059540020020;100mN31467E41420;MC;OS;2;69;M;M;6574;EMP
059540020020-9765;059540020020;100mN31467E41420;MC;OS;2;65;M;F;6574;EMP
059540020020-9766;059540020020;100mN31467E41420;S;OS;1;57;D;F;5064;NEP
059540020020-9767;059540020020;100mN31467E41420;S;OS;1;31;M;F;3039;EMP
059540020020-9768;059540020020;100mN31464E41431;MC;OS;4;75;M;F;75XX;EMP
059540020020-9768;059540020020;100mN31464E41431;MC;OS;4;78;M;M;75XX;EMP
059540020020-9768;059540020020;100mN31464E41431;MC;OS;4;73;W;M;6574;EMP
059540020020-9768;059540020020;100mN31464E41431;MC;OS;4;66;M;F;6574;EMP
059540020020-9769;059540020020;100mN31464E41431;S;NA;1;78;S;F;75XX;EMP
059540020020-9770;059540020020;100mN31464E41431;SF;NA;2;52;S;F;5064;EMP
059540020020-9770;059540020020;100mN31464E41431;SF;NA;2;7;S;M;0614;NEP
059540020020-9771;059540020020;100mN31500E41435;S;NA;1;43;M;M;4049;EMP
059540020020-9772;059540020020;100mN31464E41431;MC;NA;3;47;M;F;4049;EMP
059540020020-9772;059540020020;100mN31464E41431;MC;NA;3;53;M;M;5064;EMP
059540020020-9772;059540020020;100mN31464E41431;MC;NA;3;27;M;F;2529;NEP
059540020020-9773;059540020020;100mN31464E41431;MC;NA;3;47;M;F;4049;NEP
059540020020-9773;059540020020;100mN31464E41431;MC;NA;3;48;M;M;4049;NEP
059540020020-9773;059540020020;100mN31464E41431;MC;NA;3;0;S;F;0003;NEP
059540020020-9774;059540020020;100mN31464E41431;S;OS;1;76;M;M;75XX;EMP
059540020020-9775;059540020020;100mN31464E41431;PO;NA;2;56;S;F;5064;NEP
059540020020-9775;059540020020;100mN31464E41431;PO;NA;2;47;M;M;4049;EMP
059540020020-9776;059540020020;100mN31464E41431;MC;NA;2;55;M;M;5064;EMP
059540020020-9776;059540020020;100mN31464E41431;MC;NA;2;53;M;F;5064;NEP
059540020020-9777;059540020020;100mN31473E41423;MC;NA;2;42;M;M;4049;EMP
059540020020-9777;059540020020;100mN31473E41423;MC;NA;2;36;M;F;3039;NEP
059540020020-9778;059540020020;100mN31464E41431;MC;NA;4;42;M;F;4049;EMP
059540020020-9778;059540020020;100mN31464E41431;MC;NA;4;44;M;M;4049;EMP
059540020020-9778;059540020020;100mN31464E41431;MC;NA;4;18;S;F;1824;EMP
059540020020-9778;059540020020;100mN31464E41431;MC;NA;4;12;S;F;0614;NEP
059540020020-9779;059540020020;100mN31464E41431;S;NA;1;40;S;F;4049;EMP
059540020020-9780;059540020020;100mN31464E41431;MC;NA;2;38;M;F;3039;EMP
059540020020-9780;059540020020;100mN31464E41431;MC;NA;2;40;M;M;4049;EMP
059540020020-9781;059540020020;100mN31464E41431;MC;MIX;2;81;M;F;75XX;EMP
059540020020-9781;059540020020;100mN31464E41431;MC;MIX;2;73;M;F;6574;EMP
059540020020-9782;059540020020;100mN31483E41405;MC;NA;2;28;M;M;2529;EMP
059540020020-9782;059540020020;100mN31483E41405;MC;NA;2;28;M;F;2529;NEP
059540020020-9783;059540020020;100mN31494E41436;MC;MIX;2;69;M;M;6574;NEP
059540020020-9783;059540020020;100mN31494E41436;MC;MIX;2;27;M;M;2529;NEP
059540020020-9784;059540020020;100mN31494E41436;MC;OS;2;72;M;M;6574;EMP
059540020020-9784;059540020020;100mN31494E41436;MC;OS;2;73;M;F;6574;NEP
059540020020-9785;059540020020;100mN31494E41436;S;NA;1;65;M;M;6574;EMP
059540020020-9786;059540020020;100mN31494E41436;S;NA;1;59;M;F;5064;EMP
059540020020-9787;059540020020;100mN31481E41408;MC;OS;2;69;M;M;6574;EMP
059540020020-9787;059540020020;100mN31481E41408;MC;OS;2;68;M;F;6574;EMP
059540020020-9788;059540020020;100mN31494E41436;MC;NA;4;32;M;M;3039;EMP
059540020020-9788;059540020020;100mN31494E41436;MC;NA;4;25;M;F;2529;NEP
059540020020-9788;059540020020;100mN31494E41436;MC;NA;4;10;S;F;0614;NEP
059540020020-9788;059540020020;100mN31494E41436;MC;NA;4;1;S;M;0003;NEP
059540020020-9789;059540020020;100mN31494E41436;MC;OS;2;68;M;M;6574;NEP
059540020020-9789;059540020020;100mN31494E41436;MC;OS;2;65;M;F;6574;NEP
059540020020-9790;059540020020;100mN31494E41436;MC;NA;2;50;M;M;5064;EMP
059540020020-9790;059540020020;100mN31494E41436;MC;NA;2;18;M;F;1824;NEP
059540020020-9791;059540020020;100mN31494E41436;S;NA;1;20;S;F;1824;EMP
059540020020-9792;059540020020;100mN31474E41396;S;NA;1;88;S;F;75XX;EMP
059540020020-9793;059540020020;100mN31474E41396;S;NA;1;36;S;F;3039;NEP
059540020020-9794;059540020020;100mN31474E41396;S;NA;1;18;W;F;1824;EMP
059540020020-9795;059540020020;100mN31480E41404;SF;NA;4;58;D;F;5064;EMP
059540020020-9795;059540020020;100mN31480E41404;SF;NA;4;12;S;M;0614;NEP
059540020020-9795;059540020020;100mN31480E41404;SF;NA;4;37;S;M;3039;EMP
059540020020-9795;059540020020;100mN31480E41404;SF;NA;4;30;M;F;3039;EMP
059540020020-9796;059540020020;100mN31480E41404;MC;NA;2;44;M;M;4049;EMP
059540020020-9796;059540020020;100mN31480E41404;MC;NA;2;38;M;F;3039;NEP
059540020020-9797;059540020020;100mN31481E41408;SF;NA;2;50;S;F;5064;EMP
059540020020-9797;059540020020;100mN31481E41408;SF;NA;2;18;S;M;1824;EMP
059540020020-9798;059540020020;100mN31480E41404;S;NA;1;60;S;M;5064;EMP
059540020020-9799;059540020020;100mN31483E41405;MC;NA;2;44;M;M;4049;NEP
059540020020-9799;059540020020;100mN31483E41405;MC;NA;2;42;M;F;4049;NEP
059540020020-9800;059540020020;100mN31480E41404;MC;OS;2;70;M;M;6574;EMP
059540020020-9800;059540020020;100mN31480E41404;MC;OS;2;68;M;F;6574;EMP
059540020020-9801;059540020020;100mN31480E41404;MC;MIX;4;77;D;F;75XX;EMP
059540020020-9801;059540020020;100mN31480E41404;MC;MIX;4;47;M;F;4049;EMP
059540020020-9801;059540020020;100mN31480E41404;MC;MIX;4;46;M;M;4049;EMP
059540020020-9801;059540020020;100mN31480E41404;MC;MIX;4;11;S;M;0614;NEP
059540020020-9802;059540020020;100mN31480E41404;MC;OS;2;69;M;F;6574;EMP
059540020020-9802;059540020020;100mN31480E41404;MC;OS;2;69;M;M;6574;NEP
059540020020-9803;059540020020;100mN31480E41404;MC;MIX;3;73;W;F;6574;NEP
059540020020-9803;059540020020;100mN31480E41404;MC;MIX;3;32;M;M;3039;NEP
059540020020-9803;059540020020;100mN31480E41404;MC;MIX;3;30;M;F;3039;NEP
059540020020-9804;059540020020;100mN31480E41404;MC;NA;3;61;M;M;5064;NEP
059540020020-9804;059540020020;100mN31480E41404;MC;NA;3;61;M;F;5064;EMP
059540020020-9804;059540020020;100mN31480E41404;MC;NA;3;8;S;M;0614;NEP
059540020020-9805;059540020020;100mN31480E41404;MC;NA;2;63;M;M;5064;NEP
059540020020-9805;059540020020;100mN31480E41404;MC;NA;2;55;M;F;5064;NEP
059540020020-9806;059540020020;100mN31480E41404;MC;NA;2;43;M;F;4049;NEP
059540020020-9806;059540020020;100mN31480E41404;MC;NA;2;44;M;M;4049;EMP
059540020020-9807;059540020020;100mN31480E41404;MC;NA;2;61;M;F;5064;NEP
059540020020-9807;059540020020;100mN31480E41404;MC;NA;2;47;M;M;4049;NEP
059540020020-9808;059540020020;100mN31473E41418;MC;NA;5;32;M;M;3039;EMP
059540020020-9808;059540020020;100mN31473E41418;MC;NA;5;25;M;F;2529;NEP
059540020020-9808;059540020020;100mN31473E41418;MC;NA;5;16;S;M;1517;EMP
059540020020-9808;059540020020;100mN31473E41418;MC;NA;5;15;S;M;1517;EMP
059540020020-9808;059540020020;100mN31473E41418;MC;NA;5;13;S;F;0614;NEP
059540020020-9809;059540020020;100mN31480E41404;MC;OS;2;87;M;M;75XX;EMP
059540020020-9809;059540020020;100mN31480E41404;MC;OS;2;26;M;M;2529;EMP
059540020020-9810;059540020020;100mN31480E41404;S;OS;1;58;W;M;5064;NEP
059540020020-9811;059540020020;100mN31480E41404;S;NA;1;59;M;M;5064;EMP
059540020020-9812;059540020020;100mN31480E41404;S;OS;1;40;S;M;4049;EMP
059540020020-9813;059540020020;100mN31480E41404;MC;NA;2;61;M;M;5064;NEP
059540020020-9813;059540020020;100mN31480E41404;MC;NA;2;59;M;F;5064;EMP
059540020020-9814;059540020020;100mN31466E41421;MC;NA;3;59;M;M;5064;EMP
059540020020-9814;059540020020;100mN31466E41421;MC;NA;3;56;M;F;5064;EMP
059540020020-9814;059540020020;100mN31466E41421;MC;NA;3;4;S;F;0305;NEP
059540020020-9815;059540020020;100mN31480E41404;S;OS;1;80;S;M;75XX;EMP
059540020020-9816;059540020020;100mN31480E41404;MC;NA;2;21;M;M;1824;EMP
059540020020-9816;059540020020;100mN31480E41404;MC;NA;2;19;M;F;1824;EMP
059540020020-9817;059540020020;100mN31480E41404;MC;NA;2;45;M;M;4049;EMP
059540020020-9817;059540020020;100mN31480E41404;MC;NA;2;47;M;F;4049;NEP
059540020020-9818;059540020020;100mN31480E41404;SM;NA;3;19;D;M;1824;NEP
059540020020-9818;059540020020;100mN31480E41404;SM;NA;3;1;S;M;0003;NEP
059540020020-9818;059540020020;100mN31480E41404;SM;NA;3;2;S;M;0003;NEP
059540020020-9819;059540020020;100mN31483E41405;SF;MIX;2;69;D;F;6574;NEP
059540020020-9819;059540020020;100mN31483E41405;SF;MIX;2;16;S;M;1517;EMP
059540020020-9820;059540020020;100mN31493E41418;MC;NA;2;40;M;M;4049;EMP
059540020020-9820;059540020020;100mN31493E41418;MC;NA;2;37;M;F;3039;NEP
059540020020-9821;059540020020;100mN31493E41418;MC;NA;2;45;M;F;4049;NEP
059540020020-9821;059540020020;100mN31493E41418;MC;NA;2;48;M;M;4049;NEP
059540020020-9822;059540020020;100mN31493E41418;SF;NA;5;47;W;F;4049;NEP
059540020020-9822;059540020020;100mN31493E41418;SF;NA;5;11;S;M;0614;NEP
059540020020-9822;059540020020;100mN31493E41418;SF;NA;5;11;S;M;0614;NEP
059540020020-9822;059540020020;100mN31493E41418;SF;NA;5;12;S;M;0614;NEP
059540020020-9822;059540020020;100mN31493E41418;SF;NA;5;3;S;F;0305;NEP
059540020020-9823;059540020020;100mN31493E41418;MC;NA;3;56;M;M;5064;EMP
059540020020-9823;059540020020;100mN31493E41418;MC;NA;3;63;M;F;5064;NEP
059540020020-9823;059540020020;100mN31493E41418;MC;NA;3;8;S;M;0614;NEP
059540020020-9824;059540020020;100mN31493E41418;MC;OS;2;85;M;F;75XX;EMP
059540020020-9824;059540020020;100mN31493E41418;MC;OS;2;83;M;M;75XX;NEP
059540020020-9825;059540020020;100mN31493E41418;S;NA;1;42;M;M;4049;NEP
059540020020-9826;059540020020;100mN31493E41418;MC;NA;2;56;M;F;5064;NEP
059540020020-9826;059540020020;100mN31493E41418;MC;NA;2;57;M;M;5064;EMP
059540020020-9827;059540020020;100mN31493E41418;S;NA;1;38;W;F;3039;NEP
059540020020-9828;059540020020;100mN31493E41418;PO;OS;2;69;S;M;6574;EMP
059540020020-9828;059540020020;100mN31493E41418;PO;OS;2;67;S;F;6574;NEP
059540020020-9829;059540020020;100mN31472E41424;NA;OS;4;35;M;F;3039;NEP
059540020020-9829;059540020020;100mN31472E41424;NA;OS;4;28;W;M;2529;EMP
059540020020-9829;059540020020;100mN31472E41424;NA;OS;4;38;W;F;3039;NEP
059540020020-9829;059540020020;100mN31472E41424;NA;OS;4;53;S;F;5064;NEP
059540020020-9830;059540020020;100mN31493E41418;MC;NA;2;41;M;F;4049;NEP
059540020020-9830;059540020020;100mN31493E41418;MC;NA;2;43;M;M;4049;EMP
059540020020-9831;059540020020;100mN31493E41418;S;NA;1;59;M;F;5064;EMP
059540020020-9832;059540020020;100mN31493E41418;MC;NA;2;21;M;M;1824;EMP
059540020020-9832;059540020020;100mN31493E41418;MC;NA;2;20;M;F;1824;EMP
059540020020-9833;059540020020;100mN31493E41418;S;NA;1;62;M;F;5064;NEP
059540020020-9834;059540020020;100mN31483E41403;PO;MIX;3;75;S;F;75XX;EMP
059540020020-9834;059540020020;100mN31483E41403;PO;MIX;3;62;S;F;5064;EMP
059540020020-9834;059540020020;100mN31483E41403;PO;MIX;3;63;S;F;5064;NEP
059540020020-9835;059540020020;100mN31483E41403;MC;NA;4;40;M;F;4049;NEP
059540020020-9835;059540020020;100mN31483E41403;MC;NA;4;37;M;M;3039;EMP
059540020020-9835;059540020020;100mN31483E41403;MC;NA;4;20;D;F;1824;EMP
059540020020-9835;059540020020;100mN31483E41403;MC;NA;4;18;M;M;1824;NEP
059540020020-9836;059540020020;100mN31483E41403;MC;NA;2;55;M;F;5064;NEP
059540020020-9836;059540020020;100mN31483E41403;MC;NA;2;60;M;M;5064;EMP
059540020020-9837;059540020020;100mN31483E41403;S;NA;1;55;S;F;5064;EMP
059540020020-9838;059540020020;100mN31483E41403;S;NA;1;60;M;M;5064;EMP
059540020020-9839;059540020020;100mN31483E41403;NA;OS;2;83;S;F;75XX;NEP
059540020020-9839;059540020020;100mN31483E41403;NA;OS;2;48;P;F;4049;EMP
059540020020-9840;059540020020;100mN31483E41403;MC;NA;2;52;M;F;5064;EMP
059540020020-9840;059540020020;100mN31483E41403;MC;NA;2;52;M;M;5064;NEP
059540020020-9841;059540020020;100mN31483E41403;PO;OS;2;84;S;F;75XX;EMP
059540020020-9841;059540020020;100mN31483E41403;PO;OS;2;80;S;F;75XX;EMP
059540020020-9842;059540020020;100mN31483E41403;S;NA;1;52;D;F;5064;NEP
059540020020-9843;059540020020;100mN31463E41420;MC;NA;2;40;M;F;4049;NEP
059540020020-9843;059540020020;100mN31463E41420;MC;NA;2;42;M;M;4049;NEP
059540020020-9844;059540020020;100mN31484E41419;MC;MIX;2;72;M;F;6574;EMP
059540020020-9844;059540020020;100mN31484E41419;MC;MIX;2;44;W;F;4049;NEP
059540020020-9845;059540020020;100mN31484E41419;SF;NA;2;71;S;F;6574;NEP
059540020020-9845;059540020020;100mN31484E41419;SF;NA;2;8;S;M;0614;NEP
059540020020-9846;059540020020;100mN31500E41435;MC;NA;4;47;M;F;4049;NEP
059540020020-9846;059540020020;100mN31500E41435;MC;NA;4;53;M;M;5064;EMP
059540020020-9846;059540020020;100mN31500E41435;MC;NA;4;10;S;M;0614;NEP
059540020020-9846;059540020020;100mN31500E41435;MC;NA;4;22;D;M;1824;NEP
059540020020-9847;059540020020;100mN31484E41419;MC;NA;2;47;M;M;4049;EMP
059540020020-9847;059540020020;100mN31484E41419;MC;NA;2;44;M;F;4049;EMP
059540020020-9848;059540020020;100mN31484E41419;NA;NA;2;40;M;M;4049;EMP
059540020020-9848;059540020020;100mN31484E41419;NA;NA;2;65;S;F;6574;NEP
059540020020-9849;059540020020;100mN31484E41419;MC;NA;4;54;M;F;5064;NEP
059540020020-9849;059540020020;100mN31484E41419;MC;NA;4;60;M;M;5064;UEP
059540020020-9849;059540020020;100mN31484E41419;MC;NA;4;27;S;M;2529;NEP
059540020020-9849;059540020020;100mN31484E41419;MC;NA;4;6;S;M;0614;NEP
059540020020-9850;059540020020;100mN31484E41419;MC;NA;2;44;M;F;4049;NEP
059540020020-9850;059540020020;100mN31484E41419;MC;NA;2;45;M;M;4049;EMP
059540020020-9851;059540020020;100mN31484E41419;S;NA;1;40;D;M;4049;EMP
059540020020-9852;059540020020;100mN31480E41406;MC;MIX;5;67;S;F;6574;NEP
059540020020-9852;059540020020;100mN31480E41406;MC;MIX;5;38;M;F;3039;EMP
059540020020-9852;059540020020;100mN31480E41406;MC;MIX;5;41;M;M;4049;EMP
059540020020-9852;059540020020;100mN31480E41406;MC;MIX;5;16;S;F;1517;NEP
059540020020-9852;059540020020;100mN31480E41406;MC;MIX;5;9;S;M;0614;NEP
059540020020-9853;059540020020;100mN31480E41406;S;NA;1;19;M;M;1824;EMP
059540020020-9854;059540020020;100mN31480E41406;SF;MIX;2;77;D;F;75XX;EMP
059540020020-9854;059540020020;100mN31480E41406;SF;MIX;2;44;S;F;4049;NEP
059540020020-9855;059540020020;100mN31480E41406;MC;OS;2;85;M;F;75XX;NEP
059540020020-9855;059540020020;100mN31480E41406;MC;OS;2;87;M;M;75XX;EMP
059540020020-9856;059540020020;100mN31480E41406;MC;NA;3;44;M;F;4049;NEP
059540020020-9856;059540020020;100mN31480E41406;MC;NA;3;47;M;M;4049;EMP
059540020020-9856;059540020020;100mN31480E41406;MC;NA;3;8;S;M;0614;NEP
059540020020-9857;059540020020;100mN31480E41406;SF;NA;3;63;W;F;5064;NEP
059540020020-9857;059540020020;100mN31480E41406;SF;NA;3;7;S;F;0614;NEP
059540020020-9857;059540020020;100mN31480E41406;SF;NA;3;2;S;M;0003;NEP
059540020020-9858;059540020020;100mN31480E41406;MC;OS;2;65;M;F;6574;EMP
059540020020-9858;059540020020;100mN31480E41406;MC;OS;2;73;M;M;6574;EMP
059540020020-9859;059540020020;100mN31480E41406;MC;NA;2;62;M;M;5064;NEP
059540020020-9859;059540020020;100mN31480E41406;MC;NA;2;62;M;F;5064;NEP
059540020020-9860;059540020020;100mN31480E41406;MC;OS;2;75;M;F;75XX;NEP
059540020020-9860;059540020020;100mN31480E41406;MC;OS;2;75;M;M;75XX;NEP
059540020020-9861;059540020020;100mN31480E41406;PO;NA;2;57;S;F;5064;EMP
059540020020-9861;059540020020;100mN31480E41406;PO;NA;2;60;S;F;5064;NEP
059540020020-9862;059540020020;100mN31480E41406;MC;NA;3;58;M;M;5064;EMP
059540020020-9862;059540020020;100mN31480E41406;MC;NA;3;53;M;F;5064;NEP
059540020020-9862;059540020020;100mN31480E41406;MC;NA;3;10;S;M;0614;NEP
059540020020-9863;059540020020;100mN31480E41406;PO;NA;2;58;S;F;5064;NEP
059540020020-9863;059540020020;100mN31480E41406;PO;NA;2;62;S;F;5064;NEP
059540020020-9864;059540020020;100mN31480E41406;MC;NA;3;44;M;F;4049;NEP
059540020020-9864;059540020020;100mN31480E41406;MC;NA;3;45;M;M;4049;EMP
059540020020-9864;059540020020;100mN31480E41406;MC;NA;3;6;S;F;0614;NEP
059540020020-9865;059540020020;100mN31480E41406;S;NA;1;68;S;M;6574;EMP
059540020020-9866;059540020020;100mN31480E41406;MC;NA;2;45;M;M;4049;EMP
059540020020-9866;059540020020;100mN31480E41406;MC;NA;2;41;M;F;4049;EMP
059540020020-9867;059540020020;100mN31480E41406;PO;NA;2;63;S;F;5064;EMP
059540020020-9867;059540020020;100mN31480E41406;PO;NA;2;59;S;F;5064;EMP
059540020020-9868;059540020020;100mN31480E41406;MC;NA;3;54;M;F;5064;NEP
059540020020-9868;059540020020;100mN31480E41406;MC;NA;3;56;M;M;5064;EMP
059540020020-9868;059540020020;100mN31480E41406;MC;NA;3;7;S;M;0614;NEP
059540020020-9869;059540020020;100mN31473E41422;MC;NA;3;61;M;M;5064;NEP
059540020020-9869;059540020020;100mN31473E41422;MC;NA;3;40;D;F;4049;EMP
059540020020-9869;059540020020;100mN31473E41422;MC;NA;3;15;S;M;1517;EMP
059540020020-9870;059540020020;100mN31480E41406;S;NA;1;16;S;F;1517;NEP
059540020020-9871;059540020020;100mN31480E41406;PO;OS;2;72;S;M;6574;EMP
059540020020-9871;059540020020;100mN31480E41406;PO;OS;2;65;S;M;6574;NEP
059540020020-9872;059540020020;100mN31480E41406;MC;OS;2;72;M;F;6574;NEP
059540020020-9872;059540020020;100mN31480E41406;MC;OS;2;70;M;M;6574;EMP
059540020020-9873;059540020020;100mN31480E41406;MC;OS;3;85;M;F;75XX;NEP
059540020020-9873;059540020020;100mN31480E41406;MC;OS;3;88;M;M;75XX;NEP
059540020020-9873;059540020020;100mN31480E41406;MC;OS;3;66;W;F;6574;EMP
059540020020-9874;059540020020;100mN31481E41406;S;OS;1;43;S;F;4049;NEP
059540020020-9875;059540020020;100mN31481E41406;MC;OS;3;66;M;F;6574;EMP
059540020020-9875;059540020020;100mN31481E41406;MC;OS;3;69;M;M;6574;UEP
059540020020-9875;059540020020;100mN31481E41406;MC;OS;3;72;S;F;6574;NEP
059540020020-9876;059540020020;100mN31481E41406;MC;OS;2;65;M;F;6574;EMP
059540020020-9876;059540020020;100mN31481E41406;MC;OS;2;73;M;M;6574;EMP
059540020020-9877;059540020020;100mN31481E41406;PO;OS;2;84;S;F;75XX;NEP
059540020020-9877;059540020020;100mN31481E41406;PO;OS;2;84;S;F;75XX;EMP
059540020020-9878;059540020020;100mN31481E41406;MC;MIX;4;79;S;M;75XX;EMP
059540020020-9878;059540020020;100mN31481E41406;MC;MIX;4;46;M;M;4049;UEP
059540020020-9878;059540020020;100mN31481E41406;MC;MIX;4;43;M;F;4049;NEP
059540020020-9878;059540020020;100mN31481E41406;MC;MIX;4;31;W;F;3039;EMP
059540020020-9879;059540020020;100mN31481E41406;MC;OS;2;86;M;F;75XX;NEP
059540020020-9879;059540020020;100mN31481E41406;MC;OS;2;86;M;M;75XX;EMP
059540020020-9880;059540020020;100mN31463E41419;SF;NA;3;16;S;F;1517;NEP
059540020020-9880;059540020020;100mN31463E41419;SF;NA;3;0;S;M;0003;NEP
059540020020-9880;059540020020;100mN31463E41419;SF;NA;3;1;S;M;0003;NEP
059540020020-9881;059540020020;100mN31500E41447;S;NA;1;37;M;F;3039;NEP
059540020020-9882;059540020020;100mN31463E41419;MC;NA;2;45;M;F;4049;EMP
059540020020-9882;059540020020;100mN31463E41419;MC;NA;2;46;M;M;4049;EMP
059540020020-9883;059540020020;100mN31463E41419;S;NA;1;83;D;F;75XX;NEP
059540020020-9884;059540020020;100mN31463E41419;S;NA;1;22;S;F;1824;EMP
059540020020-9885;059540020020;100mN31463E41419;S;OS;1;87;S;M;75XX;EMP
059540020020-9886;059540020020;100mN31463E41419;MC;NA;3;55;M;M;5064;NEP
059540020020-9886;059540020020;100mN31463E41419;MC;NA;3;52;M;F;5064;EMP
059540020020-9886;059540020020;100mN31463E41419;MC;NA;3;20;W;F;1824;EMP
059540020020-9887;059540020020;100mN31468E41420;SF;NA;2;55;W;F;5064;EMP
059540020020-9887;059540020020;100mN31468E41420;SF;NA;2;15;S;F;1517;EMP
059540020020-9888;059540020020;100mN31463E41419;MC;MIX;2;81;M;F;75XX;NEP
059540020020-9888;059540020020;100mN31463E41419;MC;MIX;2;4;S;F;0305;NEP
059540020020-9889;059540020020;100mN31463E41419;S;NA;1;86;W;F;75XX;NEP
059540020020-9890;059540020020;100mN31473E41430;MC;NA;3;63;M;F;5064;NEP
059540020020-9890;059540020020;100mN31473E41430;MC;NA;3;27;S;M;2529;EMP
059540020020-9890;059540020020;100mN31473E41430;MC;NA;3;3;S;F;0305;NEP
059540020020-9891;059540020020;100mN31463E41419;MC;NA;4;35;M;M;3039;EMP
059540020020-9891;059540020020;100mN31463E41419;MC;NA;4;31;M;F;3039;NEP
059540020020-9891;059540020020;100mN31463E41419;MC;NA;4;6;S;F;0614;NEP
059540020020-9891;059540020020;100mN31463E41419;MC;NA;4;20;M;F;1824;NEP
059540020020-9892;059540020020;100mN31463E41419;S;OS;1;63;D;M;5064;EMP
059540020020-9893;059540020020;100mN31463E41419;PO;MIX;2;70;S;F;6574;NEP
059540020020-9893;059540020020;100mN31463E41419;PO;MIX;2;67;M;M;6574;EMP
059540020020-9894;059540020020;100mN31463E41419;S;NA;1;59;M;F;5064;NEP
059540020020-9895;059540020020;100mN31463E41419;MC;OS;2;72;M;M;6574;EMP
059540020020-9895;059540020020;100mN31463E41419;MC;OS;2;67;M;F;6574;EMP
059540020020-9896;059540020020;100mN31463E41419;MC;OS;2;73;M;M;6574;EMP
059540020020-9896;059540020020;100mN31463E41419;MC;OS;2;72;M;F;6574;NEP
059540020020-9897;059540020020;100mN31463E41419;S;OS;1;59;M;M;5064;EMP
059540020020-9898;059540020020;100mN31464E41424;SF;NA;4;50;D;F;5064;EMP
059540020020-9898;059540020020;100mN31464E41424;SF;NA;4;16;S;M;1517;NEP
059540020020-9898;059540020020;100mN31464E41424;SF;NA;4;20;S;F;1824;NEP
059540020020-9898;059540020020;100mN31464E41424;SF;NA;4;11;S;M;0614;NEP
059540020020-9899;059540020020;100mN31463E41419;MC;NA;5;61;M;F;5064;NEP
059540020020-9899;059540020020;100mN31463E41419;MC;NA;5;41;M;F;4049;EMP
059540020020-9899;059540020020;100mN31463E41419;MC;NA;5;6;S;F;0614;NEP
059540020020-9899;059540020020;100mN31463E41419;MC;NA;5;11;S;F;0614;NEP
059540020020-9899;059540020020;100mN31463E41419;MC;NA;5;9;S;F;0614;NEP
059540020020-9900;059540020020;100mN31463E41419;MC;NA;2;41;M;F;4049;NEP
059540020020-9900;059540020020;100mN31463E41419;MC;NA;2;48;M;M;4049;EMP
059540020020-9901;059540020020;100mN31463E41419;S;OS;1;21;D;M;1824;NEP
059540020020-9902;059540020020;100mN31463E41419;MC;MIX;4;82;S;M;75XX;NEP
059540020020-9902;059540020020;100mN31463E41419;MC;MIX;4;61;M;M;5064;EMP
059540020020-9902;059540020020;100mN31463E41419;MC;MIX;4;35;M;F;3039;NEP
059540020020-9902;059540020020;100mN31463E41419;MC;MIX;4;42;D;M;4049;NEP
059540020020-9903;059540020020;100mN31463E41419;SF;NA;3;62;W;F;5064;NEP
059540020020-9903;059540020020;100mN31463E41419;SF;NA;3;15;S;M;1517;EMP
059540020020-9903;059540020020;100mN31463E41419;SF;NA;3;9;S;M;0614;NEP
059540020020-9904;059540020020;100mN31463E41419;S;NA;1;57;S;M;5064;NEP
059540020020-9905;059540020020;100mN31463E41419;MC;OS;2;73;M;F;6574;EMP
059540020020-9905;059540020020;100mN31463E41419;MC;OS;2;70;M;M;6574;NEP
059540020020-9906;059540020020;100mN31463E41419;MC;OS;2;87;M;F;75XX;NEP
059540020020-9906;059540020020;100mN31463E41419;MC;OS;2;72;S;F;6574;NEP
059540020020-9907;059540020020;100mN31463E41419;S;OS;1;58;M;M;5064;EMP
059540020020-9908;059540020020;100mN31462E41426;S;OS;1;59;S;F;5064;EMP
059540020020-9909;059540020020;100mN31463E41419;S;NA;1;61;M;F;5064;NEP
059540020020-9910;059540020020;100mN31489E41430;SF;NA;3;38;W;F;3039;EMP
059540020020-9910;059540020020;100mN31489E41430;SF;NA;3;10;S;M;0614;NEP
059540020020-9910;059540020020;100mN31489E41430;SF;NA;3;7;S;M;0614;NEP
059540020020-9911;059540020020;100mN31489E41430;S;NA;1;46;S;F;4049;NEP
059540020020-9912;059540020020;100mN31489E41430;S;OS;1;21;M;F;1824;EMP
059540020020-9913;059540020020;100mN31489E41429;PO;NA;2;52;S;F;5064;NEP
059540020020-9913;059540020020;100mN31489E41429;PO;NA;2;57;S;F;5064;EMP
059540020020-9914;059540020020;100mN31489E41429;S;OS;1;31;M;F;3039;EMP
059540020020-9915;059540020020;100mN31489E41429;S;NA;1;40;W;F;4049;NEP
059540020020-9916;059540020020;100mN31489E41429;MC;NA;2;33;M;M;3039;EMP
059540020020-9916;059540020020;100mN31489E41429;MC;NA;2;28;M;F;2529;NEP
059540020020-9917;059540020020;100mN31489E41440;MC;NA;4;62;M;F;5064;NEP
059540020020-9917;059540020020;100mN31489E41440;MC;NA;4;62;M;M;5064;NEP
059540020020-9917;059540020020;100mN31489E41440;MC;NA;4;41;S;M;4049;NEP
059540020020-9917;059540020020;100mN31489E41440;MC;NA;4;13;S;F;0614;NEP
059540020020-9918;059540020020;100mN31489E41440;MC;NA;3;51;M;F;5064;EMP
059540020020-9918;059540020020;100mN31489E41440;MC;NA;3;47;M;M;4049;EMP
059540020020-9918;059540020020;100mN31489E41440;MC;NA;3;23;M;F;1824;NEP
059540020020-9919;059540020020;100mN31489E41440;MC;OS;2;68;M;M;6574;NEP
059540020020-9919;059540020020;100mN31489E41440;MC;OS;2;72;M;F;6574;NEP
059540020020-9920;059540020020;100mN31464E41432;NA;NA;2;16;S;F;1517;EMP
059540020020-9920;059540020020;100mN31464E41432;NA;NA;2;26;S;F;2529;EMP
059540020020-9921;059540020020;100mN31464E41432;MC;OS;4;89;M;F;75XX;EMP
059540020020-9921;059540020020;100mN31464E41432;MC;OS;4;68;M;M;6574;NEP
059540020020-9921;059540020020;100mN31464E41432;MC;OS;4;85;W;F;75XX;EMP
059540020020-9921;059540020020;100mN31464E41432;MC;OS;4;71;M;M;6574;EMP
059540020020-9922;059540020020;100mN31464E41432;S;OS;1;41;M;F;4049;NEP
059540020020-9923;059540020020;100mN31464E41432;MC;MIX;2;77;M;M;75XX;EMP
059540020020-9923;059540020020;100mN31464E41432;MC;MIX;2;42;M;M;4049;EMP
059540020020-9924;059540020020;100mN31464E41432;MC;MIX;2;76;M;F;75XX;NEP
059540020020-9924;059540020020;100mN31464E41432;MC;MIX;2;9;S;F;0614;NEP
059540020020-9925;059540020020;100mN31464E41432;MC;OS;2;71;M;F;6574;EMP
059540020020-9925;059540020020;100mN31464E41432;MC;OS;2;85;M;M;75XX;EMP
059540020020-9926;059540020020;100mN31464E41432;MC;MIX;3;77;M;F;75XX;EMP
059540020020-9926;059540020020;100mN31464E41432;MC;MIX;3;54;M;M;5064;EMP
059540020020-9926;059540020020;100mN31464E41432;MC;MIX;3;52;M;F;5064;NEP
059540020020-9927;059540020020;100mN31464E41432;MC;NA;3;46;M;M;4049;EMP
059540020020-9927;059540020020;100mN31464E41432;MC;NA;3;46;M;F;4049;EMP
059540020020-9927;059540020020;100mN31464E41432;MC;NA;3;28;S;F;2529;NEP
059540020020-9928;059540020020;100mN31464E41432;S;OS;1;78;W;F;75XX;EMP
059540020020-9929;059540020020;100mN31464E41432;NA;OS;3;30;M;F;3039;EMP
059540020020-9929;059540020020;100mN31464E41432;NA;OS;3;40;W;F;4049;EMP
059540020020-9929;059540020020;100mN31464E41432;NA;OS;3;85;M;M;75XX;NEP
059540020020-9930;059540020020;100mN31483E41393;MC;NA;2;34;M;M;3039;NEP
059540020020-9930;059540020020;100mN31483E41393;MC;NA;2;28;M;F;2529;NEP
059540020020-9931;059540020020;100mN31483E41393;MC;NA;4;27;M;M;2529;EMP
059540020020-9931;059540020020;100mN31483E41393;MC;NA;4;25;M;F;2529;NEP
059540020020-9931;059540020020;100mN31483E41393;MC;NA;4;3;S;F;0305;NEP
059540020020-9931;059540020020;100mN31483E41393;MC;NA;4;6;S;F;0614;NEP
059540020020-9932;059540020020;100mN31483E41393;MC;NA;5;57;M;M;5064;EMP
059540020020-9932;059540020020;100mN31483E41393;MC;NA;5;55;M;F;5064;EMP
059540020020-9932;059540020020;100mN31483E41393;MC;NA;5;3;S;F;0305;NEP
059540020020-9932;059540020020;100mN31483E41393;MC;NA;5;23;W;F;1824;NEP
059540020020-9932;059540020020;100mN31483E41393;MC;NA;5;11;S;F;0614;NEP
059540020020-9933;059540020020;100mN31493E41410;S;NA;1;18;M;F;1824;EMP
059540020020-9934;059540020020;100mN31493E41410;S;NA;1;23;S;M;1824;NEP
059540020020-9935;059540020020;100mN31493E41410;MC;MIX;5;68;S;M;6574;EMP
059540020020-9935;059540020020;100mN31493E41410;MC;MIX;5;45;M;M;4049;EMP
059540020020-9935;059540020020;100mN31493E41410;MC;MIX;5;18;M;F;1824;EMP
059540020020-9935;059540020020;100mN31493E41410;MC;MIX;5;25;W;F;2529;EMP
059540020020-9935;059540020020;100mN31493E41410;MC;MIX;5;11;S;M;0614;NEP
059540020020-9936;059540020020;100mN31486E41429;S;NA;1;55;S;F;5064;EMP
059540020020-9937;059540020020;100mN31486E41429;MC;NA;2;54;M;F;5064;NEP
059540020020-9937;059540020020;100mN31486E41429;MC;NA;2;55;M;M;5064;EMP
059540020020-9938;059540020020;100mN31485E41441;SF;MIX;4;70;S;M;6574;UEP
059540020020-9938;059540020020;100mN31485E41441;SF;MIX;4;60;D;F;5064;NEP
059540020020-9938;059540020020;100mN31485E41441;SF;MIX;4;1;S;F;0003;NEP
059540020020-9938;059540020020;100mN31485E41441;SF;MIX;4;13;S;F;0614;NEP
059540020020-9939;059540020020;100mN31486E41429;MC;NA;4;32;M;M;3039;EMP
059540020020-9939;059540020020;100mN31486E41429;MC;NA;4;30;M;F;3039;EMP
059540020020-9939;059540020020;100mN31486E41429;MC;NA;4;11;S;M;0614;NEP
059540020020-9939;059540020020;100mN31486E41429;MC;NA;4;6;S;M;0614;NEP
059540020020-9940;059540020020;100mN31486E41429;NA;NA;3;83;M;F;75XX;NEP
059540020020-9940;059540020020;100mN31486E41429;NA;NA;3;33;S;F;3039;NEP
059540020020-9940;059540020020;100mN31486E41429;NA;NA;3;70;S;M;6574;UEP
059540020020-9941;059540020020;100mN31486E41429;MC;NA;2;50;M;F;5064;EMP
059540020020-9941;059540020020;100mN31486E41429;MC;NA;2;53;M;M;5064;EMP
059540020020-9942;059540020020;100mN31486E41429;MC;NA;2;55;M;F;5064;EMP
059540020020-9942;059540020020;100mN31486E41429;MC;NA;2;63;M;M;5064;NEP
059540020020-9943;059540020020;100mN31486E41429;PO;NA;4;62;S;F;5064;NEP
059540020020-9943;059540020020;100mN31486E41429;PO;NA;4;44;S;M;4049;EMP
059540020020-9943;059540020020;100mN31486E41429;PO;NA;4;7;S;F;0614;NEP
059540020020-9943;059540020020;100mN31486E41429;PO;NA;4;11;S;M;0614;NEP
059540020020-9944;059540020020;100mN31493E41408;MC;NA;2;45;M;M;4049;EMP
059540020020-9944;059540020020;100mN31493E41408;MC;NA;2;18;M;F;1824;NEP
059540020020-9945;059540020020;100mN31493E41408;MC;NA;3;31;M;M;3039;NEP
059540020020-9945;059540020020;100mN31493E41408;MC;NA;3;32;M;F;3039;EMP
059540020020-9945;059540020020;100mN31493E41408;MC;NA;3;2;S;M;0003;NEP
059540020020-9946;059540020020;100mN31493E41408;MC;OS;2;88;M;F;75XX;EMP
059540020020-9946;059540020020;100mN31493E41408;MC;OS;2;11;S;F;0614;NEP
059540020020-9947;059540020020;100mN31493E41408;MC;MIX;3;78;M;M;75XX;NEP
059540020020-9947;059540020020;100mN31493E41408;MC;MIX;3;57;M;F;5064;EMP
059540020020-9947;059540020020;100mN31493E41408;MC;MIX;3;59;M;M;5064;EMP
059540020020-9948;059540020020;100mN31493E41408;MC;NA;2;60;M;M;5064;EMP
059540020020-9948;059540020020;100mN31493E41408;MC;NA;2;53;M;F;5064;NEP
059540020020-9949;059540020020;100mN31493E41408;S;OS;1;87;M;F;75XX;EMP
059540020020-9950;059540020020;100mN31493E41419;S;NA;1;45;W;F;4049;EMP
059540020020-9951;059540020020;100mN31493E41419;S;OS;1;35;M;M;3039;NEP
059540020020-9952;059540020020;100mN31493E41419;S;NA;1;37;S;M;3039;NEP
059540020020-9953;059540020020;100mN31493E41419;S;NA;1;62;M;F;5064;EMP
059540020020-9954;059540020020;100mN31463E41423;MC;NA;2;63;M;M;5064;EMP
059540020020-9954;059540020020;100mN31463E41423;MC;NA;2;60;M;F;5064;NEP
059540020020-9955;059540020020;100mN31463E41423;MC;NA;2;22;M;M;1824;EMP
059540020020-9955;059540020020;100mN31463E41423;MC;NA;2;18;M;F;1824;EMP
059540020020-9956;059540020020;100mN31472E41432;PO;NA;6;54;S;M;5064;EMP
059540020020-9956;059540020020;100mN31472E41432;PO;NA;6;46;S;M;4049;NEP
059540020020-9956;059540020020;100mN31472E41432;PO;NA;6;6;S;M;0614;NEP
059540020020-9956;059540020020;100mN31472E41432;PO;NA;6;13;S;F;0614;NEP
059540020020-9956;059540020020;100mN31472E41432;PO;NA;6;15;S;F;1517;EMP
059540020020-9956;059540020020;100mN31472E41432;PO;NA;6;1;S;F;0003;NEP
059540020020-9957;059540020020;100mN31463E41423;SF;MIX;4;82;M;F;75XX;EMP
059540020020-9957;059540020020;100mN31463E41423;SF;MIX;4;40;W;F;4049;EMP
059540020020-9957;059540020020;100mN31463E41423;SF;MIX;4;9;S;M;0614;NEP
059540020020-9957;059540020020;100mN31463E41423;SF;MIX;4;7;S;F;0614;NEP
059540020020-9958;059540020020;100mN31463E41423;MC;OS;4;65;M;M;6574;EMP
059540020020-9958;059540020020;100mN31463E41423;MC;OS;4;82;M;F;75XX;NEP
059540020020-9958;059540020020;100mN31463E41423;MC;OS;4;66;D;M;6574;NEP
059540020020-9958;059540020020;100mN31463E41423;MC;OS;4;88;S;M;75XX;EMP
059540020020-9959;059540020020;100mN31463E41423;S;OS;1;16;S;F;1517;NEP
059540020020-9960;059540020020;100mN31463E41423;S;OS;1;45;M;M;4049;EMP
059540020020-9961;059540020020;100mN31463E41423;MC;NA;3;44;M;M;4049;UEP
059540020020-9961;059540020020;100mN31463E41423;MC;NA;3;41;M;F;4049;EMP
059540020020-9961;059540020020;100mN31463E41423;MC;NA;3;0;S;F;0003;NEP
059540020020-9962;059540020020;100mN31463E41423;S;NA;1;59;M;M;5064;EMP
059540020020-9963;059540020020;100mN31463E41423;MC;NA;2;20;M;F;1824;NEP
059540020020-9963;059540020020;100mN31463E41423;MC;NA;2;26;M;M;2529;EMP
059540020020-9964;059540020020;100mN31463E41423;S;OS;1;63;M;F;5064;NEP
059540020020-9965;059540020020;100mN31463E41423;S;OS;1;38;W;F;3039;EMP
059540020020-9966;059540020020;100mN31463E41423;MC;NA;2;46;M;M;4049;NEP
059540020020-9966;059540020020;100mN31463E41423;MC;NA;2;57;M;F;5064;EMP
059540020020-9967;059540020020;100mN31463E41423;S;NA;1;47;M;F;4049;EMP
059540020020-9968;059540020020;100mN31464E41424;SM;NA;4;47;S;M;4049;EMP
059540020020-9968;059540020020;100mN31464E41424;SM;NA;4;15;S;F;1517;NEP
059540020020-9968;059540020020;100mN31464E41424;SM;NA;4;4;S;M;0305;NEP
059540020020-9968;059540020020;100mN31464E41424;SM;NA;4;2;S;F;0003;NEP
059540020020-9969;059540020020;100mN31463E41423;MC;NA;2;48;M;M;4049;NEP
059540020020-9969;059540020020;100mN31463E41423;MC;NA;2;47;M;F;4049;NEP
059540020020-9970;059540020020;100mN31463E41423;S;NA;1;79;S;M;75XX;NEP
059540020020-9971;059540020020;100mN31463E41423;S;OS;1;69;M;F;6574;NEP
059540020020-9972;059540020020;100mN31463E41423;S;OS;1;62;D;F;5064;NEP
059540020020-9973;059540020020;100mN31463E41423;S;OS;1;55;M;F;5064;NEP
059540020020-9974;059540020020;100mN31463E41423;MC;NA;3;57;M;F;5064;EMP
059540020020-9974;059540020020;100mN31463E41423;MC;NA;3;63;M;M;5064;EMP
059540020020-9974;059540020020;100mN31463E41423;MC;NA;3;16;S;F;1517;NEP
059540020020-9975;059540020020;100mN31463E41423;S;OS;1;22;D;F;1824;NEP
059540020020-9976;059540020020;100mN31463E41423;MC;OS;2;73;M;M;6574;EMP
059540020020-9976;059540020020;100mN31463E41423;MC;OS;2;69;M;F;6574;EMP
059540020020-9977;059540020020;100mN31463E41423;S;NA;1;66;S;M;6574;NEP
059540020020-9978;059540020020;100mN31463E41423;MC;NA;2;37;M;F;3039;NEP
059540020020-9978;059540020020;100mN31463E41423;MC;NA;2;53;M;M;5064;NEP
059540020020-9979;059540020020;100mN31494E41437;S;NA;1;68;S;F;6574;NEP
059540020020-9980;059540020020;100mN31494E41437;S;NA;1;46;S;F;4049;NEP
059540020020-9981;059540020020;100mN31494E41437;S;NA;1;67;S;F;6574;EMP
059540020020-9982;059540020020;100mN31494E41437;MC;NA;2;48;M;M;4049;EMP
059540020020-9982;059540020020;100mN31494E41437;MC;NA;2;18;M;F;1824;NEP
059540020020-9983;059540020020;100mN31494E41437;S;NA;1;65;M;M;6574;EMP
059540020020-9984;059540020020;100mN31494E41437;S;OS;1;44;M;F;4049;EMP
059540020020-9985;059540020020;100mN31494E41437;SF;NA;2;56;D;F;5064;NEP
059540020020-9985;059540020020;100mN31494E41437;SF;NA;2;16;S;M;1517;NEP
059540020020-9986;059540020020;100mN31494E41437;S;NA;1;43;M;M;4049;NEP
059540020020-9987;059540020020;100mN31463E41421;S;NA;1;71;S;F;6574;NEP
059540020020-9988;059540020020;100mN31463E41421;S;OS;1;50;W;M;5064;NEP
059540020020-9989;059540020020;100mN31463E41421;S;NA;1;70;D;F;6574;NEP
059540020020-9990;059540020020;100mN31463E41421;MC;OS;2;83;M;F;75XX;EMP
059540020020-9990;059540020020;100mN31463E41421;MC;OS;2;83;M;M;75XX;NEP
059540020020-9991;059540020020;100mN31463E41421;PO;NA;3;40;S;F;4049;NEP
059540020020-9991;059540020020;100mN31463E41421;PO;NA;3;41;S;M;4049;EMP
059540020020-9991;059540020020;100mN31463E41421;PO;NA;3;19;S;M;1824;EMP
059540020020-9992;059540020020;100mN31463E41421;MC;NA;3;63;M;F;5064;NEP
059540020020-9992;059540020020;100mN31463E41421;MC;NA;3;72;M;F;6574;EMP
059540020020-9992;059540020020;100mN31463E41421;MC;NA;3;16;S;M;1517;NEP
059540020020-9993;059540020020;100mN31463E41421;MC;MIX;2;67;M;F;6574;NEP
059540020020-9993;059540020020;100mN31463E41421;MC;MIX;2;46;M;M;4049;NEP
059540020020-9994;059540020020;100mN31463E41421;S;NA;1;46;S;F;4049;EMP
059540020020-9995;059540020020;100mN31463E41421;MC;NA;6;42;M;M;4049;NEP
059540020020-9995;059540020020;100mN31463E41421;MC;NA;6;34;M;F;3039;EMP
059540020020-9995;059540020020;100mN31463E41421;MC;NA;6;16;S;F;1517;EMP
059540020020-9995;059540020020;100mN31463E41421;MC;NA;6;15;S;F;1517;EMP
059540020020-9995;059540020020;100mN31463E41421;MC;NA;6;7;S;F;0614;NEP
059540020020-9995;059540020020;100mN31463E41421;MC;NA;6;16;S;M;1517;NEP
059540020020-9996;059540020020;100mN31463E41421;MC;NA;2;32;M;M;3039;NEP
059540020020-9996;059540020020;100mN31463E41421;MC;NA;2;32;M;F;3039;EMP
059540020020-9997;059540020020;100mN31463E41421;MC;NA;2;18;M;M;1824;NEP
059540020020-9997;059540020020;100mN31463E41421;MC;NA;2;18;M;F;1824;NEP
059540020020-9998;059540020020;100mN31463E41421;S;NA;1;66;M;M;6574;NEP
059540020020-9999;059540020020;100mN31463E41421;MC;NA;5;43;M;M;4049;EMP
059540020020-9999;059540020020;100mN31463E41421;MC;NA;5;41;M;F;4049;NEP
059540020020-9999;059540020020;100mN31463E41421;MC;NA;5;25;P;F;2529;NEP
059540020020-9999;059540020020;100mN31463E41421;MC;NA;5;16;S;F;1517;NEP
059540020020-9999;059540020020;100mN31463E41421;MC;NA;5;15;S;F;1517;EMP
059540020020-10000;059540020020;100mN31462E41428;MC;NA;3;40;M;F;4049;NEP
059540020020-10000;059540020020;100mN31462E41428;MC;NA;3;43;M;M;4049;EMP
059540020020-10000;059540020020;100mN31462E41428;MC;NA;3;19;M;M;1824;NEP
059540020020-10001;059540020020;100mN31463E41421;MC;NA;3;54;M;F;5064;EMP
059540020020-10001;059540020020;100mN31463E41421;MC;NA;3;63;M;M;5064;UEP
059540020020-10001;059540020020;100mN31463E41421;MC;NA;3;32;M;F;3039;NEP
059540020020-10002;059540020020;100mN31463E41421;MC;NA;2;42;M;M;4049;NEP
059540020020-10002;059540020020;100mN31463E41421;MC;NA;2;41;M;F;4049;EMP
059540020020-10003;059540020020;100mN31463E41421;MC;OS;2;66;M;M;6574;EMP
059540020020-10003;059540020020;100mN31463E41421;MC;OS;2;71;M;F;6574;EMP
059540020020-10004;059540020020;100mN31463E41421;MC;NA;2;59;M;M;5064;EMP
059540020020-10004;059540020020;100mN31463E41421;MC;NA;2;63;M;F;5064;EMP
059540020020-10005;059540020020;100mN31483E41396;S;OS;1;40;S;M;4049;EMP
059540020020-10006;059540020020;100mN31483E41396;S;OS;1;41;W;M;4049;EMP
059540020020-10007;059540020020;100mN31483E41396;S;NA;1;25;M;M;2529;EMP
059540020020-10008;059540020020;100mN31483E41401;MC;MIX;2;70;M;M;6574;EMP
059540020020-10008;059540020020;100mN31483E41401;MC;MIX;2;52;S;M;5064;NEP
059540020020-10009;059540020020;100mN31483E41401;MC;NA;2;54;M;M;5064;NEP
059540020020-10009;059540020020;100mN31483E41401;MC;NA;2;48;M;F;4049;NEP
059540020020-10010;059540020020;100mN31483E41401;MC;OS;2;65;M;F;6574;EMP
059540020020-10010;059540020020;100mN31483E41401;MC;OS;2;68;M;M;6574;EMP
059540020020-10011;059540020020;100mN31483E41401;MC;NA;2;30;M;M;3039;NEP
059540020020-10011;059540020020;100mN31483E41401;MC;NA;2;26;M;F;2529;NEP
059540020020-10012;059540020020;100mN31483E41401;MC;NA;2;58;M;F;5064;EMP
059540020020-10012;059540020020;100mN31483E41401;MC;NA;2;60;M;M;5064;EMP
059540020020-10013;059540020020;100mN31489E41445;S;OS;1;45;M;M;4049;EMP
059540020020-10014;059540020020;100mN31489E41445;MC;OS;4;69;M;F;6574;NEP
059540020020-10014;059540020020;100mN31489E41445;MC;OS;4;76;M;M;75XX;EMP
059540020020-10014;059540020020;100mN31489E41445;MC;OS;4;79;W;F;75XX;NEP
059540020020-10014;059540020020;100mN31489E41445;MC;OS;4;71;S;F;6574;NEP
059540020020-10015;059540020020;100mN31489E41445;MC;NA;2;37;M;M;3039;EMP
059540020020-10015;059540020020;100mN31489E41445;MC;NA;2;40;M;F;4049;EMP
059540020020-10016;059540020020;100mN31464E41430;MC;OS;4;66;M;F;6574;EMP
059540020020-10016;059540020020;100mN31464E41430;MC;OS;4;73;M;M;6574;EMP
059540020020-10016;059540020020;100mN31464E41430;MC;OS;4;69;M;M;6574;EMP
059540020020-10016;059540020020;100mN31464E41430;MC;OS;4;72;M;M;6574;EMP
059540020020-10017;059540020020;100mN31463E41422;S;OS;1;72;D;M;6574;NEP
059540020020-10018;059540020020;100mN31464E41430;PO;MIX;3;87;M;F;75XX;NEP
059540020020-10018;059540020020;100mN31464E41430;PO;MIX;3;42;S;F;4049;NEP
059540020020-10018;059540020020;100mN31464E41430;PO;MIX;3;43;S;F;4049;EMP
059540020020-10019;059540020020;100mN31464E41430;S;OS;1;59;S;M;5064;EMP
059540020020-10020;059540020020;100mN31464E41430;SF;NA;2;78;W;F;75XX;EMP
059540020020-10020;059540020020;100mN31464E41430;SF;NA;2;54;D;M;5064;EMP
059540020020-10021;059540020020;100mN31464E41430;S;NA;1;63;M;F;5064;EMP
059540020020-10022;059540020020;100mN31464E41430;SF;NA;2;59;W;F;5064;EMP
059540020020-10022;059540020020;100mN31464E41430;SF;NA;2;11;S;M;0614;NEP
059540020020-10023;059540020020;100mN31484E41413;MC;NA;2;40;M;F;4049;EMP
059540020020-10023;059540020020;100mN31484E41413;MC;NA;2;47;M;M;4049;EMP
059540020020-10024;059540020020;100mN31464E41430;MC;NA;2;50;M;F;5064;NEP
059540020020-10024;059540020020;100mN31464E41430;MC;NA;2;53;M;M;5064;EMP
059540020020-10025;059540020020;100mN31464E41430;MC;NA;2;55;M;M;5064;EMP
059540020020-10025;059540020020;100mN31464E41430;MC;NA;2;53;M;F;5064;EMP
059540020020-10026;059540020020;100mN31464E41430;SF;MIX;2;66;S;F;6574;EMP
059540020020-10026;059540020020;100mN31464E41430;SF;MIX;2;1;S;F;0003;NEP
059540020020-10027;059540020020;100mN31464E41430;S;NA;1;50;M;M;5064;EMP
059540020020-10028;059540020020;100mN31464E41430;S;NA;1;60;M;M;5064;EMP
059540020020-10029;059540020020;100mN31464E41430;S;OS;1;70;M;M;6574;EMP
059540020020-10030;059540020020;100mN31464E41430;S;NA;1;67;S;F;6574;EMP
059540020020-10031;059540020020;100mN31464E41430;PO;NA;2;63;S;F;5064;NEP
059540020020-10031;059540020020;100mN31464E41430;PO;NA;2;53;S;M;5064;EMP
059540020020-10032;059540020020;100mN31464E41430;S;NA;1;16;S;F;1517;EMP
059540020020-10033;059540020020;100mN31464E41430;S;NA;1;61;W;F;5064;EMP
059540020020-10034;059540020020;100mN31464E41430;S;OS;1;48;M;M;4049;NEP
059540020020-10035;059540020020;100mN31464E41430;S;OS;1;56;M;F;5064;NEP
059540020020-10036;059540020020;100mN31464E41430;MC;NA;2;54;M;M;5064;EMP
059540020020-10036;059540020020;100mN31464E41430;MC;NA;2;53;M;F;5064;NEP
059540020020-10037;059540020020;100mN31483E41410;MC;NA;2;58;M;F;5064;NEP
059540020020-10037;059540020020;100mN31483E41410;MC;NA;2;62;M;M;5064;NEP
059540020020-10038;059540020020;100mN31464E41430;MC;NA;3;63;M;F;5064;NEP
059540020020-10038;059540020020;100mN31464E41430;MC;NA;3;43;D;M;4049;EMP
059540020020-10038;059540020020;100mN31464E41430;MC;NA;3;13;S;M;0614;NEP
059540020020-10039;059540020020;100mN31457E41383;S;NA;1;65;M;M;6574;NEP
059540020020-10040;059540020020;100mN31457E41383;SF;NA;2;59;W;F;5064;NEP
059540020020-10040;059540020020;100mN31457E41383;SF;NA;2;10;S;F;0614;NEP
059540020020-10041;059540020020;100mN31457E41383;PO;NA;2;25;S;M;2529;NEP
059540020020-10041;059540020020;100mN31457E41383;PO;NA;2;18;S;M;1824;EMP
059540020020-10042;059540020020;100mN31457E41383;MC;NA;4;46;M;F;4049;EMP
059540020020-10042;059540020020;100mN31457E41383;MC;NA;4;52;M;M;5064;EMP
059540020020-10042;059540020020;100mN31457E41383;MC;NA;4;8;S;M;0614;NEP
059540020020-10042;059540020020;100mN31457E41383;MC;NA;4;15;S;M;1517;EMP
059540020020-10043;059540020020;100mN31464E41429;SF;NA;5;67;D;F;6574;EMP
059540020020-10043;059540020020;100mN31464E41429;SF;NA;5;10;S;M;0614;NEP
059540020020-10043;059540020020;100mN31464E41429;SF;NA;5;18;M;M;1824;EMP
059540020020-10043;059540020020;100mN31464E41429;SF;NA;5;20;M;M;1824;NEP
059540020020-10043;059540020020;100mN31464E41429;SF;NA;5;22;D;M;1824;NEP
059540020020-10044;059540020020;100mN31464E41429;MC;NA;2;52;M;M;5064;EMP
059540020020-10044;059540020020;100mN31464E41429;MC;NA;2;48;M;F;4049;NEP
059540020020-10045;059540020020;100mN31464E41429;MC;OS;2;73;M;M;6574;NEP
059540020020-10045;059540020020;100mN31464E41429;MC;OS;2;73;M;F;6574;NEP
059540020020-10046;059540020020;100mN31464E41429;MC;MIX;3;87;S;F;75XX;NEP
059540020020-10046;059540020020;100mN31464E41429;MC;MIX;3;63;M;M;5064;EMP
059540020020-10046;059540020020;100mN31464E41429;MC;MIX;3;63;M;F;5064;EMP
059540020020-10047;059540020020;100mN31464E41429;S;NA;1;53;S;M;5064;EMP
059540020020-10048;059540020020;100mN31464E41429;S;NA;1;67;M;F;6574;NEP
059540020020-10049;059540020020;100mN31464E41429;S;OS;1;19;M;M;1824;EMP
059540020020-10050;059540020020;100mN31464E41429;S;NA;1;70;M;F;6574;NEP
059540020020-10051;059540020020;100mN31484E41415;S;NA;1;48;S;M;4049;EMP
059540020020-10052;059540020020;100mN31464E41429;MC;OS;2;65;M;F;6574;EMP
059540020020-10052;059540020020;100mN31464E41429;MC;OS;2;83;M;M;75XX;UEP
059540020020-10053;059540020020;100mN31464E41429;S;OS;1;26;M;M;2529;EMP
059540020020-10054;059540020020;100mN31464E41429;S;NA;1;59;S;M;5064;EMP
059540020020-10055;059540020020;100mN31464E41429;SF;NA;2;85;W;F;75XX;EMP
059540020020-10055;059540020020;100mN31464E41429;SF;NA;2;3;S;M;0305;NEP
059540020020-10056;059540020020;100mN31464E41429;MC;MIX;3;72;W;F;6574;EMP
059540020020-10056;059540020020;100mN31464E41429;MC;MIX;3;60;M;F;5064;NEP
059540020020-10056;059540020020;100mN31464E41429;MC;MIX;3;62;M;M;5064;NEP
059540020020-10057;059540020020;100mN31464E41429;MC;NA;2;36;M;F;3039;EMP
059540020020-10057;059540020020;100mN31464E41429;MC;NA;2;41;M;M;4049;EMP
059540020020-10058;059540020020;100mN31464E41429;S;NA;1;43;S;F;4049;EMP
059540020020-10059;059540020020;100mN31464E41429;S;NA;1;71;M;M;6574;EMP
059540020020-10060;059540020020;100mN31493E41421;MC;NA;2;43;M;M;4049;EMP
059540020020-10060;059540020020;100mN31493E41421;MC;NA;2;35;M;F;3039;NEP
059540020020-10061;059540020020;100mN31493E41421;PO;NA;3;48;S;M;4049;EMP
059540020020-10061;059540020020;100mN31493E41421;PO;NA;3;43;S;M;4049;EMP
059540020020-10061;059540020020;100mN31493E41421;PO;NA;3;20;W;F;1824;EMP
059540020020-10062;059540020020;100mN31493E41421;S;OS;1;42;S;F;4049;EMP
059540020020-10063;059540020020;100mN31500E41443;SF;NA;2;46;D;F;4049;NEP
059540020020-10063;059540020020;100mN31500E41443;SF;NA;2;22;M;M;1824;EMP
059540020020-10064;059540020020;100mN31500E41443;SF;NA;2;61;S;F;5064;NEP
059540020020-10064;059540020020;100mN31500E41443;SF;NA;2;44;M;M;4049;EMP
059540020020-10065;059540020020;100mN31500E41443;MC;OS;2;66;M;M;6574;EMP
059540020020-10065;059540020020;100mN31500E41443;MC;OS;2;84;M;F;75XX;NEP
059540020020-10066;059540020020;100mN31500E41443;S;NA;1;73;S;M;6574;EMP
059540020020-10067;059540020020;100mN31500E41443;PO;NA;2;52;S;F;5064;EMP
059540020020-10067;059540020020;100mN31500E41443;PO;NA;2;57;S;F;5064;NEP
059540020020-10068;059540020020;100mN31500E41443;SF;NA;2;72;S;F;6574;NEP
059540020020-10068;059540020020;100mN31500E41443;SF;NA;2;16;S;F;1517;EMP
059540020020-10069;059540020020;100mN31500E41443;MC;MIX;2;77;M;M;75XX;EMP
059540020020-10069;059540020020;100mN31500E41443;MC;MIX;2;15;S;F;1517;EMP
059540020020-10070;059540020020;100mN31493E41407;S;OS;1;59;S;F;5064;NEP
059540020020-10071;059540020020;100mN31493E41407;S;NA;1;40;S;M;4049;EMP
059540020020-10072;059540020020;100mN31493E41407;S;NA;1;30;S;M;3039;EMP
059540020020-10073;059540020020;100mN31493E41407;SF;NA;4;45;S;F;4049;NEP
059540020020-10073;059540020020;100mN31493E41407;SF;NA;4;7;S;M;0614;NEP
059540020020-10073;059540020020;100mN31493E41407;SF;NA;4;26;S;F;2529;EMP
059540020020-10073;059540020020;100mN31493E41407;SF;NA;4;22;M;M;1824;NEP
059540020020-10074;059540020020;100mN31485E41416;MC;OS;2;65;M;M;6574;EMP
059540020020-10074;059540020020;100mN31485E41416;MC;OS;2;67;M;F;6574;EMP
059540020020-10075;059540020020;100mN31485E41416;S;OS;1;41;M;F;4049;NEP
059540020020-10076;059540020020;100mN31485E41416;S;OS;1;57;M;M;5064;EMP
059540020020-10077;059540020020;100mN31493E41417;PO;OS;2;75;S;F;75XX;EMP
059540020020-10077;059540020020;100mN31493E41417;PO;OS;2;82;S;M;75XX;EMP
059540020020-10078;059540020020;100mN31493E41417;MC;NA;3;57;M;M;5064;NEP
059540020020-10078;059540020020;100mN31493E41417;MC;NA;3;60;M;F;5064;NEP
059540020020-10078;059540020020;100mN31493E41417;MC;NA;3;8;S;M;0614;NEP
059540020020-10079;059540020020;100mN31493E41417;S;NA;1;43;M;F;4049;EMP
059540020020-10080;059540020020;100mN31462E41428;S;NA;1;47;D;M;4049;EMP
059540020020-10081;059540020020;100mN31475E41397;PO;OS;2;67;S;M;6574;EMP
059540020020-10081;059540020020;100mN31475E41397;PO;OS;2;69;S;M;6574;EMP
059540020020-10082;059540020020;100mN31484E41416;MC;NA;2;33;M;M;3039;EMP
059540020020-10082;059540020020;100mN31484E41416;MC;NA;2;27;M;F;2529;EMP
059540020020-10083;059540020020;100mN31462E41428;S;NA;1;75;S;F;75XX;EMP
059540020020-10084;059540020020;100mN31484E41416;MC;NA;4;62;M;F;5064;NEP
059540020020-10084;059540020020;100mN31484E41416;MC;NA;4;62;M;M;5064;EMP
059540020020-10084;059540020020;100mN31484E41416;MC;NA;4;16;S;F;1517;NEP
059540020020-10084;059540020020;100mN31484E41416;MC;NA;4;9;S;F;0614;NEP
059540020020-10085;059540020020;100mN31484E41416;S;NA;1;40;S;F;4049;EMP
059540020020-10086;059540020020;100mN31484E41416;MC;NA;2;52;M;F;5064;NEP
059540020020-10086;059540020020;100mN31484E41416;MC;NA;2;61;M;M;5064;NEP
059540020020-10087;059540020020;100mN31463E41422;S;NA;1;45;M;F;4049;NEP
059540020020-10088;059540020020;100mN31484E41416;MC;NA;2;22;M;M;1824;EMP
059540020020-10088;059540020020;100mN31484E41416;MC;NA;2;21;M;F;1824;EMP
059540020020-10089;059540020020;100mN31484E41416;S;NA;1;60;W;F;5064;EMP
059540020020-10090;059540020020;100mN31484E41416;MC;NA;2;33;M;M;3039;EMP
059540020020-10090;059540020020;100mN31484E41416;MC;NA;2;27;M;F;2529;EMP
059540020020-10091;059540020020;100mN31488E41438;S;OS;1;81;D;F;75XX;EMP
059540020020-10092;059540020020;100mN31484E41416;S;NA;1;43;S;M;4049;EMP
059540020020-10093;059540020020;100mN31484E41416;PO;OS;2;70;S;M;6574;EMP
059540020020-10093;059540020020;100mN31484E41416;PO;OS;2;68;S;M;6574;EMP
059540020020-10094;059540020020;100mN31484E41416;MC;OS;4;81;M;F;75XX;NEP
059540020020-10094;059540020020;100mN31484E41416;MC;OS;4;88;M;M;75XX;EMP
059540020020-10094;059540020020;100mN31484E41416;MC;OS;4;73;D;M;6574;EMP
059540020020-10094;059540020020;100mN31484E41416;MC;OS;4;81;M;M;75XX;NEP
059540020020-10095;059540020020;100mN31484E41416;MC;NA;3;45;M;M;4049;EMP
059540020020-10095;059540020020;100mN31484E41416;MC;NA;3;42;M;F;4049;EMP
059540020020-10095;059540020020;100mN31484E41416;MC;NA;3;2;S;M;0003;NEP
059540020020-10096;059540020020;100mN31484E41416;NA;OS;2;53;S;F;5064;NEP
059540020020-10096;059540020020;100mN31484E41416;NA;OS;2;25;M;F;2529;EMP
059540020020-10097;059540020020;100mN31484E41416;S;NA;1;76;D;F;75XX;EMP
059540020020-10098;059540020020;100mN31484E41416;S;NA;1;44;D;F;4049;EMP
059540020020-10099;059540020020;100mN31484E41416;S;OS;1;30;M;F;3039;EMP
059540020020-10100;059540020020;100mN31473E41418;MC;MIX;2;67;M;F;6574;EMP
059540020020-10100;059540020020;100mN31473E41418;MC;MIX;2;47;W;F;4049;NEP
059540020020-10101;059540020020;100mN31484E41416;S;NA;1;63;W;F;5064;EMP
059540020020-10102;059540020020;100mN31484E41416;S;OS;1;88;S;M;75XX;NEP
059540020020-10103;059540020020;100mN31484E41418;PO;NA;4;43;S;F;4049;EMP
059540020020-10103;059540020020;100mN31484E41418;PO;NA;4;51;S;F;5064;EMP
059540020020-10103;059540020020;100mN31484E41418;PO;NA;4;11;S;F;0614;NEP
059540020020-10103;059540020020;100mN31484E41418;PO;NA;4;12;S;M;0614;NEP
059540020020-10104;059540020020;100mN31484E41418;S;NA;1;59;S;F;5064;NEP
059540020020-10105;059540020020;100mN31484E41418;SM;NA;2;31;S;M;3039;NEP
059540020020-10105;059540020020;100mN31484E41418;SM;NA;2;0;S;M;0003;NEP
059540020020-10106;059540020020;100mN31484E41418;MC;OS;4;69;M;M;6574;EMP
059540020020-10106;059540020020;100mN31484E41418;MC;OS;4;66;M;F;6574;NEP
059540020020-10106;059540020020;100mN31484E41418;MC;OS;4;76;M;M;75XX;EMP
059540020020-10106;059540020020;100mN31484E41418;MC;OS;4;87;S;F;75XX;EMP
059540020020-10107;059540020020;100mN31484E41418;MC;MIX;3;88;S;F;75XX;NEP
059540020020-10107;059540020020;100mN31484E41418;MC;MIX;3;50;M;M;5064;EMP
059540020020-10107;059540020020;100mN31484E41418;MC;MIX;3;47;M;F;4049;EMP
059540020020-10108;059540020020;100mN31484E41418;S;OS;1;57;D;F;5064;EMP
059540020020-10109;059540020020;100mN31484E41418;S;OS;1;33;W;F;3039;EMP
059540020020-10110;059540020020;100mN31484E41418;MC;NA;3;55;M;M;5064;NEP
059540020020-10110;059540020020;100mN31484E41418;MC;NA;3;18;M;F;1824;EMP
059540020020-10110;059540020020;100mN31484E41418;MC;NA;3;15;S;F;1517;EMP
059540020020-10111;059540020020;100mN31473E41422;SM;MIX;3;71;S;M;6574;EMP
059540020020-10111;059540020020;100mN31473E41422;SM;MIX;3;43;D;M;4049;NEP
059540020020-10111;059540020020;100mN31473E41422;SM;MIX;3;9;S;M;0614;NEP
059540020020-10112;059540020020;100mN31484E41418;MC;NA;2;55;M;M;5064;EMP
059540020020-10112;059540020020;100mN31484E41418;MC;NA;2;47;M;F;4049;EMP
059540020020-10113;059540020020;100mN31484E41418;MC;NA;3;19;M;M;1824;EMP
059540020020-10113;059540020020;100mN31484E41418;MC;NA;3;18;M;F;1824;NEP
059540020020-10113;059540020020;100mN31484E41418;MC;NA;3;3;S;M;0305;NEP
059540020020-10114;059540020020;100mN31484E41418;MC;NA;5;53;M;F;5064;EMP
059540020020-10114;059540020020;100mN31484E41418;MC;NA;5;62;M;M;5064;NEP
059540020020-10114;059540020020;100mN31484E41418;MC;NA;5;16;S;M;1517;EMP
059540020020-10114;059540020020;100mN31484E41418;MC;NA;5;9;S;M;0614;NEP
059540020020-10114;059540020020;100mN31484E41418;MC;NA;5;12;S;M;0614;NEP
059540020020-10115;059540020020;100mN31484E41418;MC;NA;3;19;M;M;1824;EMP
059540020020-10115;059540020020;100mN31484E41418;MC;NA;3;28;M;F;2529;NEP
059540020020-10115;059540020020;100mN31484E41418;MC;NA;3;4;S;F;0305;NEP
059540020020-10116;059540020020;100mN31484E41418;MC;MIX;3;72;M;F;6574;NEP
059540020020-10116;059540020020;100mN31484E41418;MC;MIX;3;40;M;M;4049;NEP
059540020020-10116;059540020020;100mN31484E41418;MC;MIX;3;18;M;F;1824;NEP
059540020020-10117;059540020020;100mN31484E41418;MC;OS;2;84;M;F;75XX;NEP
059540020020-10117;059540020020;100mN31484E41418;MC;OS;2;82;M;M;75XX;EMP
059540020020-10118;059540020020;100mN31484E41418;MC;NA;4;40;M;F;4049;EMP
059540020020-10118;059540020020;100mN31484E41418;MC;NA;4;41;M;M;4049;EMP
059540020020-10118;059540020020;100mN31484E41418;MC;NA;4;8;S;M;0614;NEP
059540020020-10118;059540020020;100mN31484E41418;MC;NA;4;18;M;F;1824;NEP
059540020020-10119;059540020020;100mN31484E41418;S;OS;1;46;S;F;4049;EMP
059540020020-10120;059540020020;100mN31484E41418;PO;NA;4;43;S;F;4049;EMP
059540020020-10120;059540020020;100mN31484E41418;PO;NA;4;51;S;F;5064;EMP
059540020020-10120;059540020020;100mN31484E41418;PO;NA;4;11;S;F;0614;NEP
059540020020-10120;059540020020;100mN31484E41418;PO;NA;4;12;S;M;0614;NEP
059540020020-10121;059540020020;100mN31484E41418;MC;OS;3;67;M;F;6574;EMP
059540020020-10121;059540020020;100mN31484E41418;MC;OS;3;70;M;M;6574;EMP
059540020020-10121;059540020020;100mN31484E41418;MC;OS;3;88;S;F;75XX;NEP
059540020020-10122;059540020020;100mN31500E41436;MC;OS;2;67;M;M;6574;NEP
059540020020-10122;059540020020;100mN31500E41436;MC;OS;2;66;M;F;6574;NEP
059540020020-10123;059540020020;100mN31500E41436;SF;NA;2;65;D;F;6574;EMP
059540020020-10123;059540020020;100mN31500E41436;SF;NA;2;37;M;M;3039;NEP
059540020020-10124;059540020020;100mN31500E41436;PO;NA;2;33;S;M;3039;NEP
059540020020-10124;059540020020;100mN31500E41436;PO;NA;2;33;S;M;3039;EMP
059540020020-10125;059540020020;100mN31500E41436;MC;NA;2;37;M;F;3039;EMP
059540020020-10125;059540020020;100mN31500E41436;MC;NA;2;40;M;M;4049;EMP
059540020020-10126;059540020020;100mN31485E41409;MC;MIX;5;66;M;M;6574;EMP
059540020020-10126;059540020020;100mN31485E41409;MC;MIX;5;63;M;F;5064;NEP
059540020020-10126;059540020020;100mN31485E41409;MC;MIX;5;57;D;F;5064;NEP
059540020020-10126;059540020020;100mN31485E41409;MC;MIX;5;25;M;M;2529;EMP
059540020020-10126;059540020020;100mN31485E41409;MC;MIX;5;11;S;M;0614;NEP
059540020020-10127;059540020020;100mN31468E41420;MC;MIX;4;72;M;M;6574;UEP
059540020020-10127;059540020020;100mN31468E41420;MC;MIX;4;47;M;M;4049;NEP
059540020020-10127;059540020020;100mN31468E41420;MC;MIX;4;48;M;F;4049;EMP
059540020020-10127;059540020020;100mN31468E41420;MC;MIX;4;12;S;F;0614;NEP
059540020020-10128;059540020020;100mN31497E41445;S;NA;1;73;S;M;6574;EMP
059540020020-10129;059540020020;100mN31485E41403;MC;NA;2;31;M;M;3039;EMP
059540020020-10129;059540020020;100mN31485E41403;MC;NA;2;33;M;F;3039;EMP
059540020020-10130;059540020020;100mN31500E41445;S;OS;1;89;W;M;75XX;EMP
059540020020-10131;059540020020;100mN31500E41445;MC;NA;4;32;M;F;3039;EMP
059540020020-10131;059540020020;100mN31500E41445;MC;NA;4;32;M;M;3039;EMP
059540020020-10131;059540020020;100mN31500E41445;MC;NA;4;16;S;F;1517;EMP
059540020020-10131;059540020020;100mN31500E41445;MC;NA;4;6;S;F;0614;NEP
059540020020-10132;059540020020;100mN31500E41445;MC;NA;2;48;M;F;4049;NEP
059540020020-10132;059540020020;100mN31500E41445;MC;NA;2;50;M;M;5064;NEP
059540020020-10133;059540020020;100mN31500E41445;MC;OS;3;71;M;F;6574;NEP
059540020020-10133;059540020020;100mN31500E41445;MC;OS;3;79;M;M;75XX;EMP
059540020020-10133;059540020020;100mN31500E41445;MC;OS;3;67;D;M;6574;EMP
059540020020-10134;059540020020;100mN31485E41409;S;NA;1;48;M;M;4049;EMP
059540020020-10135;059540020020;100mN31500E41445;SM;NA;4;55;S;M;5064;NEP
059540020020-10135;059540020020;100mN31500E41445;SM;NA;4;28;S;F;2529;NEP
059540020020-10135;059540020020;100mN31500E41445;SM;NA;4;4;S;F;0305;NEP
059540020020-10135;059540020020;100mN31500E41445;SM;NA;4;12;S;F;0614;NEP
059540020020-10136;059540020020;100mN31472E41424;MC;MIX;2;71;M;M;6574;EMP
059540020020-10136;059540020020;100mN31472E41424;MC;MIX;2;61;W;F;5064;EMP
059540020020-10137;059540020020;100mN31487E41401;MC;NA;2;27;M;F;2529;EMP
059540020020-10137;059540020020;100mN31487E41401;MC;NA;2;27;M;M;2529;EMP
059540020020-10138;059540020020;100mN31487E41401;S;OS;1;34;M;F;3039;EMP
059540020020-10139;059540020020;100mN31489E41435;MC;NA;2;44;M;F;4049;NEP
059540020020-10139;059540020020;100mN31489E41435;MC;NA;2;47;M;M;4049;NEP
059540020020-10140;059540020020;100mN31489E41435;MC;MIX;2;76;M;F;75XX;EMP
059540020020-10140;059540020020;100mN31489E41435;MC;MIX;2;34;D;F;3039;NEP
059540020020-10141;059540020020;100mN31489E41435;S;NA;1;79;M;M;75XX;EMP
059540020020-10142;059540020020;100mN31486E41435;S;NA;1;57;D;F;5064;EMP
059540020020-10143;059540020020;100mN31486E41435;MC;NA;2;42;M;M;4049;EMP
059540020020-10143;059540020020;100mN31486E41435;MC;NA;2;46;M;F;4049;EMP
059540020020-10144;059540020020;100mN31486E41435;MC;NA;3;53;M;F;5064;NEP
059540020020-10144;059540020020;100mN31486E41435;MC;NA;3;52;M;M;5064;EMP
059540020020-10144;059540020020;100mN31486E41435;MC;NA;3;33;M;F;3039;EMP
059540020020-10145;059540020020;100mN31486E41435;S;NA;1;38;S;M;3039;EMP
059540020020-10146;059540020020;100mN31486E41435;PO;NA;2;46;S;M;4049;EMP
059540020020-10146;059540020020;100mN31486E41435;PO;NA;2;48;S;M;4049;NEP
059540020020-10147;059540020020;100mN31498E41421;MC;NA;4;52;M;M;5064;NEP
059540020020-10147;059540020020;100mN31498E41421;MC;NA;4;45;M;F;4049;EMP
059540020020-10147;059540020020;100mN31498E41421;MC;NA;4;8;S;M;0614;NEP
059540020020-10147;059540020020;100mN31498E41421;MC;NA;4;6;S;M;0614;NEP
059540020020-10148;059540020020;100mN31484E41413;MC;OS;2;86;M;M;75XX;UEP
059540020020-10148;059540020020;100mN31484E41413;MC;OS;2;86;M;F;75XX;NEP
059540020020-10149;059540020020;100mN31498E41421;MC;OS;2;78;M;M;75XX;NEP
059540020020-10149;059540020020;100mN31498E41421;MC;OS;2;73;M;F;6574;NEP
059540020020-10150;059540020020;100mN31472E41431;MC;NA;3;27;M;F;2529;NEP
059540020020-10150;059540020020;100mN31472E41431;MC;NA;3;30;M;M;3039;EMP
059540020020-10150;059540020020;100mN31472E41431;MC;NA;3;0;S;M;0003;NEP
059540020020-10151;059540020020;100mN31473E41422;MC;NA;3;61;M;M;5064;NEP
059540020020-10151;059540020020;100mN31473E41422;MC;NA;3;40;D;F;4049;EMP
059540020020-10151;059540020020;100mN31473E41422;MC;NA;3;15;S;M;1517;EMP
059540020020-10152;059540020020;100mN31472E41431;MC;OS;2;81;M;M;75XX;UEP
059540020020-10152;059540020020;100mN31472E41431;MC;OS;2;81;M;F;75XX;EMP
059540020020-10153;059540020020;100mN31472E41431;MC;OS;2;85;M;F;75XX;EMP
059540020020-10153;059540020020;100mN31472E41431;MC;OS;2;86;M;M;75XX;UEP
059540020020-10154;059540020020;100mN31472E41431;MC;NA;3;62;M;F;5064;NEP
059540020020-10154;059540020020;100mN31472E41431;MC;NA;3;54;M;M;5064;EMP
059540020020-10154;059540020020;100mN31472E41431;MC;NA;3;47;D;F;4049;NEP
059540020020-10155;059540020020;100mN31472E41431;S;NA;1;48;M;F;4049;NEP
059540020020-10156;059540020020;100mN31472E41431;MC;NA;2;35;M;M;3039;EMP
059540020020-10156;059540020020;100mN31472E41431;MC;NA;2;28;M;F;2529;EMP
059540020020-10157;059540020020;100mN31472E41431;S;NA;1;25;M;F;2529;NEP
059540020020-10158;059540020020;100mN31472E41431;MC;NA;3;52;M;M;5064;NEP
059540020020-10158;059540020020;100mN31472E41431;MC;NA;3;43;M;F;4049;EMP
059540020020-10158;059540020020;100mN31472E41431;MC;NA;3;20;M;F;1824;NEP
059540020020-10159;059540020020;100mN31472E41431;NA;OS;3;62;D;M;5064;EMP
059540020020-10159;059540020020;100mN31472E41431;NA;OS;3;67;W;F;6574;EMP
059540020020-10159;059540020020;100mN31472E41431;NA;OS;3;60;M;F;5064;NEP
059540020020-10160;059540020020;100mN31472E41431;SM;MIX;4;89;D;F;75XX;EMP
059540020020-10160;059540020020;100mN31472E41431;SM;MIX;4;19;S;M;1824;EMP
059540020020-10160;059540020020;100mN31472E41431;SM;MIX;4;1;S;F;0003;NEP
059540020020-10160;059540020020;100mN31472E41431;SM;MIX;4;1;S;M;0003;NEP
059540020020-10161;059540020020;100mN31472E41431;MC;NA;3;23;M;M;1824;EMP
059540020020-10161;059540020020;100mN31472E41431;MC;NA;3;18;M;F;1824;EMP
059540020020-10161;059540020020;100mN31472E41431;MC;NA;3;3;S;M;0305;NEP
059540020020-10162;059540020020;100mN31472E41431;S;NA;1;87;M;M;75XX;NEP
059540020020-10163;059540020020;100mN31472E41431;S;NA;1;77;M;F;75XX;NEP
059540020020-10164;059540020020;100mN31472E41431;MC;OS;2;68;M;M;6574;EMP
059540020020-10164;059540020020;100mN31472E41431;MC;OS;2;73;M;F;6574;NEP
059540020020-10165;059540020020;100mN31472E41431;SF;NA;2;20;S;F;1824;EMP
059540020020-10165;059540020020;100mN31472E41431;SF;NA;2;2;S;F;0003;NEP
059540020020-10166;059540020020;100mN31473E41430;S;NA;1;71;W;F;6574;NEP
059540020020-10167;059540020020;100mN31472E41431;S;NA;1;38;S;M;3039;EMP
059540020020-10168;059540020020;100mN31472E41431;MC;NA;3;51;M;F;5064;NEP
059540020020-10168;059540020020;100mN31472E41431;MC;NA;3;52;M;M;5064;EMP
059540020020-10168;059540020020;100mN31472E41431;MC;NA;3;11;S;F;0614;NEP
059540020020-10169;059540020020;100mN31472E41431;MC;OS;2;73;M;M;6574;EMP
059540020020-10169;059540020020;100mN31472E41431;MC;OS;2;67;M;F;6574;NEP
059540020020-10170;059540020020;100mN31472E41431;MC;NA;2;60;M;F;5064;NEP
059540020020-10170;059540020020;100mN31472E41431;MC;NA;2;62;M;M;5064;NEP
059540020020-10171;059540020020;100mN31472E41431;S;NA;1;83;W;F;75XX;NEP
059540020020-10172;059540020020;100mN31472E41431;MC;NA;2;34;M;M;3039;EMP
059540020020-10172;059540020020;100mN31472E41431;MC;NA;2;28;M;F;2529;NEP
059540020020-10173;059540020020;100mN31472E41431;S;NA;1;34;D;F;3039;NEP
059540020020-10174;059540020020;100mN31472E41431;MC;NA;3;60;M;M;5064;EMP
059540020020-10174;059540020020;100mN31472E41431;MC;NA;3;52;M;F;5064;EMP
059540020020-10174;059540020020;100mN31472E41431;MC;NA;3;30;D;M;3039;NEP
059540020020-10175;059540020020;100mN31472E41431;MC;NA;2;50;M;M;5064;NEP
059540020020-10175;059540020020;100mN31472E41431;MC;NA;2;41;M;F;4049;NEP
059540020020-10176;059540020020;100mN31472E41431;MC;NA;2;48;M;M;4049;EMP
059540020020-10176;059540020020;100mN31472E41431;MC;NA;2;46;M;F;4049;NEP
059540020020-10177;059540020020;100mN31472E41431;S;NA;1;88;S;M;75XX;EMP
059540020020-10178;059540020020;100mN31472E41431;MC;NA;4;55;M;F;5064;EMP
059540020020-10178;059540020020;100mN31472E41431;MC;NA;4;54;M;M;5064;EMP
059540020020-10178;059540020020;100mN31472E41431;MC;NA;4;9;S;F;0614;NEP
059540020020-10178;059540020020;100mN31472E41431;MC;NA;4;40;M;M;4049;EMP
059540020020-10179;059540020020;100mN31483E41414;MC;OS;2;70;M;F;6574;NEP
059540020020-10179;059540020020;100mN31483E41414;MC;OS;2;69;M;M;6574;EMP
059540020020-10180;059540020020;100mN31472E41432;MC;OS;3;86;M;M;75XX;EMP
059540020020-10180;059540020020;100mN31472E41432;MC;OS;3;87;M;F;75XX;NEP
059540020020-10180;059540020020;100mN31472E41432;MC;OS;3;66;W;F;6574;NEP
059540020020-10181;059540020020;100mN31483E41414;S;OS;1;22;M;F;1824;NEP
059540020020-10182;059540020020;100mN31483E41414;S;OS;1;44;M;M;4049;EMP
059540020020-10183;059540020020;100mN31483E41414;MC;OS;2;69;M;M;6574;NEP
059540020020-10183;059540020020;100mN31483E41414;MC;OS;2;65;M;F;6574;NEP
059540020020-10184;059540020020;100mN31483E41414;SF;NA;4;28;S;F;2529;NEP
059540020020-10184;059540020020;100mN31483E41414;SF;NA;4;3;S;M;0305;NEP
059540020020-10184;059540020020;100mN31483E41414;SF;NA;4;4;S;F;0305;NEP
059540020020-10184;059540020020;100mN31483E41414;SF;NA;4;11;S;M;0614;NEP
059540020020-10185;059540020020;100mN31483E41414;MC;NA;2;44;M;F;4049;NEP
059540020020-10185;059540020020;100mN31483E41414;MC;NA;2;45;M;M;4049;EMP
059540020020-10186;059540020020;100mN31483E41414;MC;NA;4;50;M;F;5064;NEP
059540020020-10186;059540020020;100mN31483E41414;MC;NA;4;54;M;M;5064;EMP
059540020020-10186;059540020020;100mN31483E41414;MC;NA;4;6;S;M;0614;NEP
059540020020-10186;059540020020;100mN31483E41414;MC;NA;4;1;S;M;0003;NEP
059540020020-10187;059540020020;100mN31483E41414;MC;OS;5;72;M;M;6574;EMP
059540020020-10187;059540020020;100mN31483E41414;MC;OS;5;89;M;F;75XX;EMP
059540020020-10187;059540020020;100mN31483E41414;MC;OS;5;78;M;M;75XX;EMP
059540020020-10187;059540020020;100mN31483E41414;MC;OS;5;76;M;M;75XX;EMP
059540020020-10187;059540020020;100mN31483E41414;MC;OS;5;70;S;F;6574;EMP
059540020020-10188;059540020020;100mN31483E41414;NA;NA;2;44;M;M;4049;EMP
059540020020-10188;059540020020;100mN31483E41414;NA;NA;2;19;S;M;1824;EMP
059540020020-10189;059540020020;100mN31483E41414;S;NA;1;48;S;M;4049;EMP
059540020020-10190;059540020020;100mN31483E41414;MC;NA;3;18;M;M;1824;NEP
059540020020-10190;059540020020;100mN31483E41414;MC;NA;3;21;M;F;1824;NEP
059540020020-10190;059540020020;100mN31483E41414;MC;NA;3;2;S;F;0003;NEP
059540020020-10191;059540020020;100mN31483E41414;MC;NA;2;40;M;F;4049;EMP
059540020020-10191;059540020020;100mN31483E41414;MC;NA;2;40;M;M;4049;EMP
059540020020-10192;059540020020;100mN31483E41414;S;NA;1;41;M;M;4049;NEP
059540020020-10193;059540020020;100mN31483E41414;SF;NA;3;77;W;F;75XX;NEP
059540020020-10193;059540020020;100mN31483E41414;SF;NA;3;16;S;F;1517;NEP
059540020020-10193;059540020020;100mN31483E41414;SF;NA;3;61;M;F;5064;EMP
059540020020-10194;059540020020;100mN31483E41414;MC;MIX;2;65;M;F;6574;EMP
059540020020-10194;059540020020;100mN31483E41414;MC;MIX;2;18;M;M;1824;NEP
059540020020-10195;059540020020;100mN31483E41414;MC;NA;2;62;M;M;5064;NEP
059540020020-10195;059540020020;100mN31483E41414;MC;NA;2;61;M;F;5064;EMP
059540020020-10196;059540020020;100mN31483E41414;MC;OS;2;70;M;F;6574;NEP
059540020020-10196;059540020020;100mN31483E41414;MC;OS;2;73;M;M;6574;EMP
059540020020-10197;059540020020;100mN31483E41414;S;OS;1;70;D;M;6574;NEP
059540020020-10198;059540020020;100mN31483E41414;SF;NA;2;63;S;F;5064;EMP
059540020020-10198;059540020020;100mN31483E41414;SF;NA;2;45;S;M;4049;EMP
059540020020-10199;059540020020;100mN31483E41414;MC;NA;2;42;M;M;4049;EMP
059540020020-10199;059540020020;100mN31483E41414;MC;NA;2;41;M;F;4049;NEP
059540020020-10200;059540020020;100mN31483E41414;MC;NA;2;41;M;M;4049;NEP
059540020020-10200;059540020020;100mN31483E41414;MC;NA;2;35;M;F;3039;NEP
059540020020-10201;059540020020;100mN31483E41414;MC;NA;2;62;M;M;5064;EMP
059540020020-10201;059540020020;100mN31483E41414;MC;NA;2;60;M;F;5064;EMP
059540020020-10202;059540020020;100mN31473E41418;MC;NA;2;55;M;M;5064;NEP
059540020020-10202;059540020020;100mN31473E41418;MC;NA;2;52;M;F;5064;NEP
059540020020-10203;059540020020;100mN31483E41414;PO;OS;4;67;S;M;6574;EMP
059540020020-10203;059540020020;100mN31483E41414;PO;OS;4;65;S;M;6574;EMP
059540020020-10203;059540020020;100mN31483E41414;PO;OS;4;66;D;M;6574;NEP
059540020020-10203;059540020020;100mN31483E41414;PO;OS;4;84;M;F;75XX;EMP
059540020020-10204;059540020020;100mN31483E41414;MC;NA;2;38;M;M;3039;NEP
059540020020-10204;059540020020;100mN31483E41414;MC;NA;2;37;M;F;3039;EMP
059540020020-10205;059540020020;100mN31483E41414;S;OS;1;41;W;M;4049;EMP
059540020020-10206;059540020020;100mN31483E41414;S;OS;1;66;W;F;6574;NEP
059540020020-10207;059540020020;100mN31483E41414;MC;NA;2;28;M;M;2529;NEP
059540020020-10207;059540020020;100mN31483E41414;MC;NA;2;21;M;F;1824;EMP
059540020020-10208;059540020020;100mN31483E41414;PO;NA;4;19;S;M;1824;EMP
059540020020-10208;059540020020;100mN31483E41414;PO;NA;4;18;S;M;1824;EMP
059540020020-10208;059540020020;100mN31483E41414;PO;NA;4;3;S;M;0305;NEP
059540020020-10208;059540020020;100mN31483E41414;PO;NA;4;3;S;F;0305;NEP
059540020020-10209;059540020020;100mN31483E41414;NA;OS;3;30;M;F;3039;NEP
059540020020-10209;059540020020;100mN31483E41414;NA;OS;3;41;D;F;4049;NEP
059540020020-10209;059540020020;100mN31483E41414;NA;OS;3;30;S;F;3039;EMP
059540020020-10210;059540020020;100mN31483E41414;S;OS;1;28;D;M;2529;NEP
059540020020-10211;059540020020;100mN31483E41414;MC;NA;4;44;M;M;4049;UEP
059540020020-10211;059540020020;100mN31483E41414;MC;NA;4;42;M;F;4049;EMP
059540020020-10211;059540020020;100mN31483E41414;MC;NA;4;1;S;F;0003;NEP
059540020020-10211;059540020020;100mN31483E41414;MC;NA;4;3;S;F;0305;NEP
059540020020-10212;059540020020;100mN31483E41414;MC;NA;3;25;M;M;2529;EMP
059540020020-10212;059540020020;100mN31483E41414;MC;NA;3;18;M;F;1824;NEP
059540020020-10212;059540020020;100mN31483E41414;MC;NA;3;10;S;M;0614;NEP
059540020020-10213;059540020020;100mN31474E41419;MC;OS;2;67;M;F;6574;EMP
059540020020-10213;059540020020;100mN31474E41419;MC;OS;2;76;M;M;75XX;NEP
059540020020-10214;059540020020;100mN31474E41419;MC;OS;2;86;M;F;75XX;EMP
059540020020-10214;059540020020;100mN31474E41419;MC;OS;2;89;M;M;75XX;EMP
059540020020-10215;059540020020;100mN31474E41419;S;NA;1;56;M;F;5064;NEP
059540020020-10216;059540020020;100mN31474E41419;S;NA;1;65;M;M;6574;EMP
059540020020-10217;059540020020;100mN31480E41408;MC;NA;3;55;M;F;5064;NEP
059540020020-10217;059540020020;100mN31480E41408;MC;NA;3;63;M;M;5064;NEP
059540020020-10217;059540020020;100mN31480E41408;MC;NA;3;12;S;M;0614;NEP
059540020020-10218;059540020020;100mN31474E41419;MC;NA;3;62;M;M;5064;EMP
059540020020-10218;059540020020;100mN31474E41419;MC;NA;3;54;M;F;5064;NEP
059540020020-10218;059540020020;100mN31474E41419;MC;NA;3;9;S;M;0614;NEP
059540020020-10219;059540020020;100mN31474E41419;MC;NA;3;47;M;F;4049;EMP
059540020020-10219;059540020020;100mN31474E41419;MC;NA;3;52;M;M;5064;NEP
059540020020-10219;059540020020;100mN31474E41419;MC;NA;3;31;W;F;3039;NEP
059540020020-10220;059540020020;100mN31474E41419;MC;OS;2;71;M;M;6574;EMP
059540020020-10220;059540020020;100mN31474E41419;MC;OS;2;68;M;F;6574;NEP
059540020020-10221;059540020020;100mN31500E41447;MC;NA;3;36;M;F;3039;EMP
059540020020-10221;059540020020;100mN31500E41447;MC;NA;3;36;M;M;3039;NEP
059540020020-10221;059540020020;100mN31500E41447;MC;NA;3;4;S;M;0305;NEP
059540020020-10222;059540020020;100mN31474E41426;MC;NA;3;51;M;F;5064;NEP
059540020020-10222;059540020020;100mN31474E41426;MC;NA;3;60;M;M;5064;EMP
059540020020-10222;059540020020;100mN31474E41426;MC;NA;3;3;S;F;0305;NEP
059540020020-10223;059540020020;100mN31474E41426;MC;NA;2;62;M;F;5064;EMP
059540020020-10223;059540020020;100mN31474E41426;MC;NA;2;63;M;M;5064;EMP
059540020020-10224;059540020020;100mN31486E41431;MC;NA;2;30;M;F;3039;EMP
059540020020-10224;059540020020;100mN31486E41431;MC;NA;2;38;M;M;3039;EMP
059540020020-10225;059540020020;100mN31486E41431;S;NA;1;23;D;M;1824;EMP
059540020020-10226;059540020020;100mN31486E41431;S;NA;1;71;M;M;6574;EMP
059540020020-10227;059540020020;100mN31486E41412;S;NA;1;43;M;M;4049;EMP
059540020020-10228;059540020020;100mN31486E41412;MC;OS;2;82;M;M;75XX;EMP
059540020020-10228;059540020020;100mN31486E41412;MC;OS;2;48;W;F;4049;EMP
059540020020-10229;059540020020;100mN31486E41412;MC;NA;2;55;M;M;5064;EMP
059540020020-10229;059540020020;100mN31486E41412;MC;NA;2;53;M;F;5064;NEP
059540020020-10230;059540020020;100mN31500E41448;MC;NA;2;45;M;M;4049;EMP
059540020020-10230;059540020020;100mN31500E41448;MC;NA;2;43;M;F;4049;EMP
059540020020-10231;059540020020;100mN31500E41448;PO;MIX;3;77;D;M;75XX;EMP
059540020020-10231;059540020020;100mN31500E41448;PO;MIX;3;48;S;M;4049;EMP
059540020020-10231;059540020020;100mN31500E41448;PO;MIX;3;48;S;M;4049;UEP
059540020020-10232;059540020020;100mN31464E41428;MC;OS;3;85;M;M;75XX;NEP
059540020020-10232;059540020020;100mN31464E41428;MC;OS;3;85;M;F;75XX;NEP
059540020020-10232;059540020020;100mN31464E41428;MC;OS;3;73;D;F;6574;EMP
059540020020-10233;059540020020;100mN31500E41448;SF;NA;2;51;S;F;5064;NEP
059540020020-10233;059540020020;100mN31500E41448;SF;NA;2;6;S;F;0614;NEP
059540020020-10234;059540020020;100mN31473E41418;SF;NA;2;84;D;F;75XX;NEP
059540020020-10234;059540020020;100mN31473E41418;SF;NA;2;3;S;M;0305;NEP
059540020020-10235;059540020020;100mN31473E41418;S;NA;1;47;M;F;4049;NEP
059540020020-10236;059540020020;100mN31473E41418;MC;NA;2;56;M;M;5064;EMP
059540020020-10236;059540020020;100mN31473E41418;MC;NA;2;53;M;F;5064;EMP
059540020020-10237;059540020020;100mN31473E41418;MC;MIX;4;67;M;M;6574;NEP
059540020020-10237;059540020020;100mN31473E41418;MC;MIX;4;43;M;M;4049;EMP
059540020020-10237;059540020020;100mN31473E41418;MC;MIX;4;18;M;F;1824;EMP
059540020020-10237;059540020020;100mN31473E41418;MC;MIX;4;16;S;M;1517;NEP
059540020020-10238;059540020020;100mN31481E41408;S;NA;1;42;S;M;4049;EMP
059540020020-10239;059540020020;100mN31473E41418;S;NA;1;59;S;M;5064;EMP
059540020020-10240;059540020020;100mN31473E41418;PO;OS;2;69;S;F;6574;NEP
059540020020-10240;059540020020;100mN31473E41418;PO;OS;2;67;S;M;6574;EMP
059540020020-10241;059540020020;100mN31473E41418;MC;MIX;2;67;M;F;6574;EMP
059540020020-10241;059540020020;100mN31473E41418;MC;MIX;2;47;W;F;4049;NEP
059540020020-10242;059540020020;100mN31473E41418;MC;OS;2;68;M;F;6574;EMP
059540020020-10242;059540020020;100mN31473E41418;MC;OS;2;73;M;M;6574;NEP
059540020020-10243;059540020020;100mN31473E41418;SF;NA;3;18;S;F;1824;EMP
059540020020-10243;059540020020;100mN31473E41418;SF;NA;3;3;S;M;0305;NEP
059540020020-10243;059540020020;100mN31473E41418;SF;NA;3;2;S;M;0003;NEP
059540020020-10244;059540020020;100mN31473E41418;S;NA;1;89;S;F;75XX;NEP
059540020020-10245;059540020020;100mN31473E41418;MC;NA;2;55;M;M;5064;NEP
059540020020-10245;059540020020;100mN31473E41418;MC;NA;2;52;M;F;5064;NEP
059540020020-10246;059540020020;100mN31473E41418;MC;OS;2;78;M;M;75XX;EMP
059540020020-10246;059540020020;100mN31473E41418;MC;OS;2;77;M;F;75XX;EMP
059540020020-10247;059540020020;100mN31473E41418;S;OS;1;30;M;M;3039;NEP
059540020020-10248;059540020020;100mN31473E41418;NA;NA;2;70;S;F;6574;NEP
059540020020-10248;059540020020;100mN31473E41418;NA;NA;2;37;S;M;3039;NEP
059540020020-10249;059540020020;100mN31484E41413;S;NA;1;62;S;F;5064;EMP
059540020020-10250;059540020020;100mN31473E41418;S;OS;1;45;W;F;4049;NEP
059540020020-10251;059540020020;100mN31473E41418;MC;NA;3;37;M;M;3039;EMP
059540020020-10251;059540020020;100mN31473E41418;MC;NA;3;36;M;F;3039;NEP
059540020020-10251;059540020020;100mN31473E41418;MC;NA;3;12;S;F;0614;NEP
059540020020-10252;059540020020;100mN31473E41418;MC;NA;3;62;M;F;5064;EMP
059540020020-10252;059540020020;100mN31473E41418;MC;NA;3;63;M;M;5064;EMP
059540020020-10252;059540020020;100mN31473E41418;MC;NA;3;1;S;M;0003;NEP
059540020020-10253;059540020020;100mN31473E41418;MC;MIX;2;73;M;M;6574;NEP
059540020020-10253;059540020020;100mN31473E41418;MC;MIX;2;18;S;F;1824;NEP
059540020020-10254;059540020020;100mN31473E41418;S;NA;1;56;S;F;5064;NEP
059540020020-10255;059540020020;100mN31473E41418;SF;NA;2;55;W;F;5064;EMP
059540020020-10255;059540020020;100mN31473E41418;SF;NA;2;2;S;F;0003;NEP
059540020020-10256;059540020020;100mN31473E41418;S;NA;1;65;M;F;6574;NEP
059540020020-10257;059540020020;100mN31473E41418;MC;NA;2;48;M;F;4049;EMP
059540020020-10257;059540020020;100mN31473E41418;MC;NA;2;48;M;M;4049;NEP
059540020020-10258;059540020020;100mN31473E41418;MC;NA;2;60;M;M;5064;NEP
059540020020-10258;059540020020;100mN31473E41418;MC;NA;2;62;M;F;5064;NEP
059540020020-10259;059540020020;100mN31473E41418;MC;OS;4;75;M;F;75XX;NEP
059540020020-10259;059540020020;100mN31473E41418;MC;OS;4;81;M;M;75XX;NEP
059540020020-10259;059540020020;100mN31473E41418;MC;OS;4;67;M;M;6574;EMP
059540020020-10259;059540020020;100mN31473E41418;MC;OS;4;88;W;F;75XX;EMP
059540020020-10260;059540020020;100mN31473E41418;S;NA;1;58;M;F;5064;EMP
059540020020-10261;059540020020;100mN31473E41418;S;NA;1;51;M;M;5064;EMP
059540020020-10262;059540020020;100mN31485E41412;S;OS;1;76;W;M;75XX;NEP
059540020020-10263;059540020020;100mN31473E41418;MC;NA;4;47;M;M;4049;EMP
059540020020-10263;059540020020;100mN31473E41418;MC;NA;4;45;M;F;4049;NEP
059540020020-10263;059540020020;100mN31473E41418;MC;NA;4;8;S;F;0614;NEP
059540020020-10263;059540020020;100mN31473E41418;MC;NA;4;4;S;M;0305;NEP
059540020020-10264;059540020020;100mN31463E41422;MC;MIX;2;76;M;M;75XX;EMP
059540020020-10264;059540020020;100mN31463E41422;MC;MIX;2;47;S;M;4049;NEP
059540020020-10265;059540020020;100mN31473E41418;SF;NA;4;67;S;F;6574;NEP
059540020020-10265;059540020020;100mN31473E41418;SF;NA;4;42;M;M;4049;UEP
059540020020-10265;059540020020;100mN31473E41418;SF;NA;4;9;S;M;0614;NEP
059540020020-10265;059540020020;100mN31473E41418;SF;NA;4;6;S;F;0614;NEP
059540020020-10266;059540020020;100mN31473E41418;MC;NA;2;41;M;F;4049;EMP
059540020020-10266;059540020020;100mN31473E41418;MC;NA;2;44;M;M;4049;EMP
059540020020-10267;059540020020;100mN31473E41418;S;NA;1;58;S;F;5064;NEP
059540020020-10268;059540020020;100mN31473E41418;MC;OS;2;71;M;F;6574;NEP
059540020020-10268;059540020020;100mN31473E41418;MC;OS;2;78;M;M;75XX;EMP
059540020020-10269;059540020020;100mN31473E41418;S;NA;1;44;M;M;4049;EMP
059540020020-10270;059540020020;100mN31473E41418;S;OS;1;86;M;M;75XX;EMP
059540020020-10271;059540020020;100mN31473E41418;S;OS;1;53;S;M;5064;EMP
059540020020-10272;059540020020;100mN31473E41418;PO;NA;2;61;S;M;5064;NEP
059540020020-10272;059540020020;100mN31473E41418;PO;NA;2;54;S;M;5064;EMP
059540020020-10273;059540020020;100mN31473E41418;S;OS;1;76;W;F;75XX;NEP
059540020020-10274;059540020020;100mN31473E41418;S;NA;1;25;M;F;2529;EMP
059540020020-10275;059540020020;100mN31473E41418;MC;NA;2;19;M;M;1824;EMP
059540020020-10275;059540020020;100mN31473E41418;MC;NA;2;23;M;F;1824;NEP
059540020020-10276;059540020020;100mN31473E41418;MC;NA;2;56;M;F;5064;EMP
059540020020-10276;059540020020;100mN31473E41418;MC;NA;2;61;M;M;5064;EMP
059540020020-10277;059540020020;100mN31473E41418;SM;NA;3;58;S;M;5064;EMP
059540020020-10277;059540020020;100mN31473E41418;SM;NA;3;11;S;F;0614;NEP
059540020020-10277;059540020020;100mN31473E41418;SM;NA;3;3;S;F;0305;NEP
059540020020-10278;059540020020;100mN31473E41418;MC;NA;2;50;M;M;5064;EMP
059540020020-10278;059540020020;100mN31473E41418;MC;NA;2;50;M;F;5064;EMP
059540020020-10279;059540020020;100mN31473E41418;MC;NA;4;61;M;M;5064;EMP
059540020020-10279;059540020020;100mN31473E41418;MC;NA;4;37;W;F;3039;NEP
059540020020-10279;059540020020;100mN31473E41418;MC;NA;4;13;S;M;0614;NEP
059540020020-10279;059540020020;100mN31473E41418;MC;NA;4;6;S;M;0614;NEP
059540020020-10280;059540020020;100mN31473E41418;S;NA;1;47;D;F;4049;NEP
059540020020-10281;059540020020;100mN31473E41418;MC;MIX;2;82;M;F;75XX;NEP
059540020020-10281;059540020020;100mN31473E41418;MC;MIX;2;44;M;M;4049;EMP
059540020020-10282;059540020020;100mN31473E41418;MC;NA;5;32;M;M;3039;EMP
059540020020-10282;059540020020;100mN31473E41418;MC;NA;5;25;M;F;2529;NEP
059540020020-10282;059540020020;100mN31473E41418;MC;NA;5;16;S;M;1517;EMP
059540020020-10282;059540020020;100mN31473E41418;MC;NA;5;15;S;M;1517;EMP
059540020020-10282;059540020020;100mN31473E41418;MC;NA;5;13;S;F;0614;NEP
059540020020-10283;059540020020;100mN31473E41418;SF;NA;6;52;S;F;5064;NEP
059540020020-10283;059540020020;100mN31473E41418;SF;NA;6;10;S;F;0614;NEP
059540020020-10283;059540020020;100mN31473E41418;SF;NA;6;3;S;F;0305;NEP
059540020020-10283;059540020020;100mN31473E41418;SF;NA;6;26;M;F;2529;NEP
059540020020-10283;059540020020;100mN31473E41418;SF;NA;6;9;S;M;0614;NEP
059540020020-10283;059540020020;100mN31473E41418;SF;NA;6;12;S;F;0614;NEP
059540020020-10284;059540020020;100mN31472E41430;MC;MIX;2;85;M;M;75XX;EMP
059540020020-10284;059540020020;100mN31472E41430;MC;MIX;2;34;W;M;3039;EMP
059540020020-10285;059540020020;100mN31472E41430;MC;NA;3;55;M;F;5064;NEP
059540020020-10285;059540020020;100mN31472E41430;MC;NA;3;21;M;F;1824;NEP
059540020020-10285;059540020020;100mN31472E41430;MC;NA;3;7;S;M;0614;NEP
059540020020-10286;059540020020;100mN31472E41430;SF;MIX;2;84;W;F;75XX;EMP
059540020020-10286;059540020020;100mN31472E41430;SF;MIX;2;7;S;F;0614;NEP
059540020020-10287;059540020020;100mN31488E41438;SF;MIX;6;65;D;M;6574;EMP
059540020020-10287;059540020020;100mN31488E41438;SF;MIX;6;65;W;F;6574;NEP
059540020020-10287;059540020020;100mN31488E41438;SF;MIX;6;9;S;M;0614;NEP
059540020020-10287;059540020020;100mN31488E41438;SF;MIX;6;12;S;M;0614;NEP
059540020020-10287;059540020020;100mN31488E41438;SF;MIX;6;7;S;F;0614;NEP
059540020020-10287;059540020020;100mN31488E41438;SF;MIX;6;13;S;M;0614;NEP
059540020020-10288;059540020020;100mN31472E41430;S;OS;1;72;M;M;6574;NEP
059540020020-10289;059540020020;100mN31472E41430;MC;MIX;6;69;M;F;6574;EMP
059540020020-10289;059540020020;100mN31472E41430;MC;MIX;6;27;M;M;2529;EMP
059540020020-10289;059540020020;100mN31472E41430;MC;MIX;6;36;M;F;3039;NEP
059540020020-10289;059540020020;100mN31472E41430;MC;MIX;6;9;S;M;0614;NEP
059540020020-10289;059540020020;100mN31472E41430;MC;MIX;6;1;S;F;0003;NEP
059540020020-10289;059540020020;100mN31472E41430;MC;MIX;6;6;S;F;0614;NEP
059540020020-10290;059540020020;100mN31472E41430;S;NA;1;46;W;F;4049;NEP
059540020020-10291;059540020020;100mN31472E41430;S;NA;1;47;S;M;4049;NEP
059540020020-10292;059540020020;100mN31472E41430;S;OS;1;51;W;F;5064;EMP
059540020020-10293;059540020020;100mN31468E41420;S;OS;1;66;S;M;6574;EMP
059540020020-10294;059540020020;100mN31480E41408;MC;OS;2;79;M;F;75XX;EMP
059540020020-10294;059540020020;100mN31480E41408;MC;OS;2;81;M;M;75XX;UEP
059540020020-10295;059540020020;100mN31472E41430;PO;OS;3;88;S;M;75XX;NEP
059540020020-10295;059540020020;100mN31472E41430;PO;OS;3;85;S;M;75XX;EMP
059540020020-10295;059540020020;100mN31472E41430;PO;OS;3;71;S;M;6574;EMP
059540020020-10296;059540020020;100mN31464E41428;S;NA;1;41;S;F;4049;NEP
059540020020-10297;059540020020;100mN31472E41425;SF;NA;5;47;S;F;4049;EMP
059540020020-10297;059540020020;100mN31472E41425;SF;NA;5;0;S;F;0003;NEP
059540020020-10297;059540020020;100mN31472E41425;SF;NA;5;6;S;F;0614;NEP
059540020020-10297;059540020020;100mN31472E41425;SF;NA;5;4;S;F;0305;NEP
059540020020-10297;059540020020;100mN31472E41425;SF;NA;5;16;S;M;1517;NEP
059540020020-10298;059540020020;100mN31472E41425;MC;NA;4;55;M;F;5064;EMP
059540020020-10298;059540020020;100mN31472E41425;MC;NA;4;56;M;M;5064;EMP
059540020020-10298;059540020020;100mN31472E41425;MC;NA;4;9;S;F;0614;NEP
059540020020-10298;059540020020;100mN31472E41425;MC;NA;4;7;S;F;0614;NEP
059540020020-10299;059540020020;100mN31472E41425;MC;MIX;2;79;M;F;75XX;NEP
059540020020-10299;059540020020;100mN31472E41425;MC;MIX;2;6;S;F;0614;NEP
059540020020-10300;059540020020;100mN31485E41409;MC;NA;6;34;M;M;3039;EMP
059540020020-10300;059540020020;100mN31485E41409;MC;NA;6;28;M;F;2529;EMP
059540020020-10300;059540020020;100mN31485E41409;MC;NA;6;4;S;F;0305;NEP
059540020020-10300;059540020020;100mN31485E41409;MC;NA;6;19;S;M;1824;EMP
059540020020-10300;059540020020;100mN31485E41409;MC;NA;6;7;S;M;0614;NEP
059540020020-10300;059540020020;100mN31485E41409;MC;NA;6;2;S;F;0003;NEP
059540020020-10301;059540020020;100mN31485E41409;S;NA;1;48;M;M;4049;NEP
059540020020-10302;059540020020;100mN31485E41409;S;NA;1;56;S;F;5064;NEP
059540020020-10303;059540020020;100mN31497E41425;MC;NA;2;42;M;F;4049;EMP
059540020020-10303;059540020020;100mN31497E41425;MC;NA;2;44;M;M;4049;EMP
059540020020-10304;059540020020;100mN31485E41409;SF;NA;4;61;W;F;5064;NEP
059540020020-10304;059540020020;100mN31485E41409;SF;NA;4;3;S;M;0305;NEP
059540020020-10304;059540020020;100mN31485E41409;SF;NA;4;15;S;M;1517;EMP
059540020020-10304;059540020020;100mN31485E41409;SF;NA;4;11;S;M;0614;NEP
059540020020-10305;059540020020;100mN31485E41409;MC;MIX;5;66;M;M;6574;EMP
059540020020-10305;059540020020;100mN31485E41409;MC;MIX;5;63;M;F;5064;NEP
059540020020-10305;059540020020;100mN31485E41409;MC;MIX;5;57;D;F;5064;NEP
059540020020-10305;059540020020;100mN31485E41409;MC;MIX;5;25;M;M;2529;EMP
059540020020-10305;059540020020;100mN31485E41409;MC;MIX;5;11;S;M;0614;NEP
059540020020-10306;059540020020;100mN31485E41409;S;OS;1;75;D;F;75XX;NEP
059540020020-10307;059540020020;100mN31485E41409;MC;OS;2;65;M;M;6574;NEP
059540020020-10307;059540020020;100mN31485E41409;MC;OS;2;65;M;F;6574;EMP
059540020020-10308;059540020020;100mN31485E41409;S;OS;1;43;M;F;4049;EMP
059540020020-10309;059540020020;100mN31485E41409;MC;NA;2;50;M;F;5064;NEP
059540020020-10309;059540020020;100mN31485E41409;MC;NA;2;45;M;M;4049;EMP
059540020020-10310;059540020020;100mN31462E41428;MC;MIX;2;79;M;M;75XX;EMP
059540020020-10310;059540020020;100mN31462E41428;MC;MIX;2;41;W;M;4049;EMP
059540020020-10311;059540020020;100mN31485E41409;S;NA;1;48;M;M;4049;EMP
059540020020-10312;059540020020;100mN31485E41409;S;NA;1;44;M;M;4049;EMP
059540020020-10313;059540020020;100mN31485E41409;MC;NA;2;55;M;F;5064;NEP
059540020020-10313;059540020020;100mN31485E41409;MC;NA;2;56;M;M;5064;EMP
059540020020-10314;059540020020;100mN31485E41409;MC;NA;4;47;M;F;4049;EMP
059540020020-10314;059540020020;100mN31485E41409;MC;NA;4;48;M;M;4049;EMP
059540020020-10314;059540020020;100mN31485E41409;MC;NA;4;11;S;F;0614;NEP
059540020020-10314;059540020020;100mN31485E41409;MC;NA;4;12;S;F;0614;NEP
059540020020-10315;059540020020;100mN31485E41409;MC;NA;2;59;M;F;5064;EMP
059540020020-10315;059540020020;100mN31485E41409;MC;NA;2;59;M;M;5064;EMP
059540020020-10316;059540020020;100mN31485E41409;S;NA;1;36;M;M;3039;EMP
059540020020-10317;059540020020;100mN31485E41409;MC;OS;3;69;M;M;6574;EMP
059540020020-10317;059540020020;100mN31485E41409;MC;OS;3;65;M;F;6574;EMP
059540020020-10317;059540020020;100mN31485E41409;MC;OS;3;87;S;F;75XX;EMP
059540020020-10318;059540020020;100mN31462E41428;S;NA;1;47;D;M;4049;EMP
059540020020-10319;059540020020;100mN31462E41428;S;NA;1;23;S;M;1824;NEP
059540020020-10320;059540020020;100mN31462E41428;MC;OS;4;78;M;F;75XX;NEP
059540020020-10320;059540020020;100mN31462E41428;MC;OS;4;79;M;M;75XX;NEP
059540020020-10320;059540020020;100mN31462E41428;MC;OS;4;70;D;F;6574;NEP
059540020020-10320;059540020020;100mN31462E41428;MC;OS;4;73;M;F;6574;EMP
059540020020-10321;059540020020;100mN31462E41428;MC;NA;2;32;M;M;3039;NEP
059540020020-10321;059540020020;100mN31462E41428;MC;NA;2;35;M;F;3039;NEP
059540020020-10322;059540020020;100mN31462E41428;MC;NA;2;26;M;F;2529;NEP
059540020020-10322;059540020020;100mN31462E41428;MC;NA;2;18;M;M;1824;EMP
059540020020-10323;059540020020;100mN31462E41428;S;NA;1;76;M;M;75XX;EMP
059540020020-10324;059540020020;100mN31462E41428;S;NA;1;52;D;M;5064;EMP
059540020020-10325;059540020020;100mN31462E41428;MC;NA;2;57;M;M;5064;EMP
059540020020-10325;059540020020;100mN31462E41428;MC;NA;2;50;M;F;5064;NEP
059540020020-10326;059540020020;100mN31464E41424;SF;NA;4;50;D;F;5064;EMP
059540020020-10326;059540020020;100mN31464E41424;SF;NA;4;16;S;M;1517;NEP
059540020020-10326;059540020020;100mN31464E41424;SF;NA;4;20;S;F;1824;NEP
059540020020-10326;059540020020;100mN31464E41424;SF;NA;4;11;S;M;0614;NEP
059540020020-10327;059540020020;100mN31462E41428;MC;NA;4;52;M;F;5064;EMP
059540020020-10327;059540020020;100mN31462E41428;MC;NA;4;55;M;M;5064;NEP
059540020020-10327;059540020020;100mN31462E41428;MC;NA;4;8;S;F;0614;NEP
059540020020-10327;059540020020;100mN31462E41428;MC;NA;4;3;S;M;0305;NEP
059540020020-10328;059540020020;100mN31472E41432;S;OS;1;42;S;M;4049;EMP
059540020020-10329;059540020020;100mN31462E41428;MC;OS;2;73;M;M;6574;EMP
059540020020-10329;059540020020;100mN31462E41428;MC;OS;2;71;M;F;6574;NEP
059540020020-10330;059540020020;100mN31462E41428;MC;NA;2;43;M;F;4049;EMP
059540020020-10330;059540020020;100mN31462E41428;MC;NA;2;40;M;M;4049;EMP
059540020020-10331;059540020020;100mN31462E41428;MC;NA;2;30;M;M;3039;UEP
059540020020-10331;059540020020;100mN31462E41428;MC;NA;2;27;M;F;2529;NEP
059540020020-10332;059540020020;100mN31462E41428;MC;OS;2;71;M;F;6574;EMP
059540020020-10332;059540020020;100mN31462E41428;MC;OS;2;72;M;M;6574;EMP
059540020020-10333;059540020020;100mN31462E41428;MC;MIX;2;72;M;M;6574;NEP
059540020020-10333;059540020020;100mN31462E41428;MC;MIX;2;33;W;F;3039;NEP
059540020020-10334;059540020020;100mN31462E41428;MC;MIX;2;73;M;F;6574;EMP
059540020020-10334;059540020020;100mN31462E41428;MC;MIX;2;51;M;F;5064;NEP
059540020020-10335;059540020020;100mN31462E41428;MC;OS;3;77;M;F;75XX;EMP
059540020020-10335;059540020020;100mN31462E41428;MC;OS;3;77;M;M;75XX;EMP
059540020020-10335;059540020020;100mN31462E41428;MC;OS;3;82;M;M;75XX;EMP
059540020020-10336;059540020020;100mN31473E41422;MC;MIX;2;87;M;M;75XX;EMP
059540020020-10336;059540020020;100mN31473E41422;MC;MIX;2;71;S;M;6574;EMP
059540020020-10337;059540020020;100mN31462E41428;MC;NA;6;58;M;F;5064;NEP
059540020020-10337;059540020020;100mN31462E41428;MC;NA;6;62;M;M;5064;EMP
059540020020-10337;059540020020;100mN31462E41428;MC;NA;6;7;S;M;0614;NEP
059540020020-10337;059540020020;100mN31462E41428;MC;NA;6;15;S;F;1517;NEP
059540020020-10337;059540020020;100mN31462E41428;MC;NA;6;0;S;F;0003;NEP
059540020020-10337;059540020020;100mN31462E41428;MC;NA;6;16;S;M;1517;EMP
059540020020-10338;059540020020;100mN31462E41428;SF;NA;3;68;S;F;6574;NEP
059540020020-10338;059540020020;100mN31462E41428;SF;NA;3;4;S;M;0305;NEP
059540020020-10338;059540020020;100mN31462E41428;SF;NA;3;10;S;F;0614;NEP
059540020020-10339;059540020020;100mN31462E41428;MC;NA;3;40;M;F;4049;NEP
059540020020-10339;059540020020;100mN31462E41428;MC;NA;3;43;M;M;4049;EMP
059540020020-10339;059540020020;100mN31462E41428;MC;NA;3;19;M;M;1824;NEP
059540020020-10340;059540020020;100mN31462E41428;S;OS;1;38;S;F;3039;NEP
059540020020-10341;059540020020;100mN31462E41428;MC;MIX;3;79;M;M;75XX;EMP
059540020020-10341;059540020020;100mN31462E41428;MC;MIX;3;19;M;M;1824;EMP
059540020020-10341;059540020020;100mN31462E41428;MC;MIX;3;18;M;F;1824;NEP
059540020020-10342;059540020020;100mN31462E41428;MC;OS;3;72;M;M;6574;NEP
059540020020-10342;059540020020;100mN31462E41428;MC;OS;3;85;M;F;75XX;EMP
059540020020-10342;059540020020;100mN31462E41428;MC;OS;3;80;S;F;75XX;EMP
059540020020-10343;059540020020;100mN31462E41428;S;NA;1;41;M;M;4049;EMP
059540020020-10344;059540020020;100mN31462E41428;S;NA;1;82;M;M;75XX;EMP
059540020020-10345;059540020020;100mN31462E41428;MC;NA;3;59;M;F;5064;NEP
059540020020-10345;059540020020;100mN31462E41428;MC;NA;3;62;M;M;5064;NEP
059540020020-10345;059540020020;100mN31462E41428;MC;NA;3;4;S;F;0305;NEP
059540020020-10346;059540020020;100mN31462E41428;MC;NA;4;57;M;M;5064;NEP
059540020020-10346;059540020020;100mN31462E41428;MC;NA;4;61;M;F;5064;EMP
059540020020-10346;059540020020;100mN31462E41428;MC;NA;4;9;S;F;0614;NEP
059540020020-10346;059540020020;100mN31462E41428;MC;NA;4;25;M;M;2529;EMP
059540020020-10347;059540020020;100mN31462E41428;MC;MIX;2;79;M;M;75XX;EMP
059540020020-10347;059540020020;100mN31462E41428;MC;MIX;2;41;W;M;4049;EMP
059540020020-10348;059540020020;100mN31462E41428;MC;OS;2;66;M;F;6574;EMP
059540020020-10348;059540020020;100mN31462E41428;MC;OS;2;67;M;M;6574;EMP
059540020020-10349;059540020020;100mN31462E41428;MC;NA;4;41;M;F;4049;NEP
059540020020-10349;059540020020;100mN31462E41428;MC;NA;4;44;M;M;4049;NEP
059540020020-10349;059540020020;100mN31462E41428;MC;NA;4;10;S;M;0614;NEP
059540020020-10349;059540020020;100mN31462E41428;MC;NA;4;23;S;F;1824;NEP
059540020020-10350;059540020020;100mN31462E41428;S;NA;1;57;S;M;5064;EMP
059540020020-10351;059540020020;100mN31464E41424;S;NA;1;52;S;M;5064;EMP
059540020020-10352;059540020020;100mN31462E41428;S;OS;1;54;S;M;5064;EMP
059540020020-10353;059540020020;100mN31462E41428;S;NA;1;79;M;M;75XX;NEP
059540020020-10354;059540020020;100mN31462E41428;SF;MIX;3;71;S;M;6574;NEP
059540020020-10354;059540020020;100mN31462E41428;SF;MIX;3;47;D;F;4049;NEP
059540020020-10354;059540020020;100mN31462E41428;SF;MIX;3;3;S;M;0305;NEP
059540020020-10355;059540020020;100mN31462E41428;MC;OS;2;66;M;M;6574;NEP
059540020020-10355;059540020020;100mN31462E41428;MC;OS;2;68;M;F;6574;NEP
059540020020-10356;059540020020;100mN31462E41428;S;NA;1;75;S;F;75XX;EMP
059540020020-10357;059540020020;100mN31462E41428;MC;NA;4;56;M;M;5064;NEP
059540020020-10357;059540020020;100mN31462E41428;MC;NA;4;58;M;F;5064;NEP
059540020020-10357;059540020020;100mN31462E41428;MC;NA;4;10;S;F;0614;NEP
059540020020-10357;059540020020;100mN31462E41428;MC;NA;4;18;S;F;1824;NEP
059540020020-10358;059540020020;100mN31462E41428;MC;NA;3;52;M;M;5064;NEP
059540020020-10358;059540020020;100mN31462E41428;MC;NA;3;50;M;F;5064;NEP
059540020020-10358;059540020020;100mN31462E41428;MC;NA;3;12;S;F;0614;NEP
059540020020-10359;059540020020;100mN31486E41411;S;NA;1;47;M;M;4049;EMP
059540020020-10360;059540020020;100mN31486E41411;PO;NA;2;62;S;M;5064;NEP
059540020020-10360;059540020020;100mN31486E41411;PO;NA;2;54;S;F;5064;EMP
059540020020-10361;059540020020;100mN31473E41423;S;NA;1;47;D;F;4049;NEP
059540020020-10362;059540020020;100mN31486E41411;S;OS;1;65;M;M;6574;EMP
059540020020-10363;059540020020;100mN31486E41411;PO;NA;2;57;S;M;5064;EMP
059540020020-10363;059540020020;100mN31486E41411;PO;NA;2;59;S;M;5064;NEP
059540020020-10364;059540020020;100mN31486E41411;SM;NA;3;61;W;M;5064;NEP
059540020020-10364;059540020020;100mN31486E41411;SM;NA;3;16;S;F;1517;NEP
059540020020-10364;059540020020;100mN31486E41411;SM;NA;3;6;S;F;0614;NEP
059540020020-10365;059540020020;100mN31488E41438;S;OS;1;53;M;F;5064;EMP
059540020020-10366;059540020020;100mN31486E41411;MC;NA;2;57;M;F;5064;NEP
059540020020-10366;059540020020;100mN31486E41411;MC;NA;2;58;M;M;5064;EMP
059540020020-10367;059540020020;100mN31460E41389;MC;NA;2;47;M;M;4049;EMP
059540020020-10367;059540020020;100mN31460E41389;MC;NA;2;46;M;F;4049;EMP
059540020020-10368;059540020020;100mN31460E41389;MC;OS;2;73;M;F;6574;EMP
059540020020-10368;059540020020;100mN31460E41389;MC;OS;2;76;M;M;75XX;EMP
059540020020-10369;059540020020;100mN31464E41424;SF;NA;4;47;S;F;4049;EMP
059540020020-10369;059540020020;100mN31464E41424;SF;NA;4;28;D;M;2529;NEP
059540020020-10369;059540020020;100mN31464E41424;SF;NA;4;8;S;F;0614;NEP
059540020020-10369;059540020020;100mN31464E41424;SF;NA;4;6;S;F;0614;NEP
059540020020-10370;059540020020;100mN31460E41389;PO;NA;3;48;S;M;4049;EMP
059540020020-10370;059540020020;100mN31460E41389;PO;NA;3;42;S;F;4049;NEP
059540020020-10370;059540020020;100mN31460E41389;PO;NA;3;16;S;F;1517;EMP
059540020020-10371;059540020020;100mN31486E41428;MC;NA;3;42;M;F;4049;NEP
059540020020-10371;059540020020;100mN31486E41428;MC;NA;3;47;M;M;4049;EMP
059540020020-10371;059540020020;100mN31486E41428;MC;NA;3;7;S;M;0614;NEP
059540020020-10372;059540020020;100mN31486E41428;MC;NA;2;40;M;M;4049;NEP
059540020020-10372;059540020020;100mN31486E41428;MC;NA;2;38;M;F;3039;EMP
059540020020-10373;059540020020;100mN31486E41428;S;OS;1;72;W;F;6574;EMP
059540020020-10374;059540020020;100mN31484E41415;S;NA;1;48;S;M;4049;EMP
059540020020-10375;059540020020;100mN31484E41415;S;NA;1;53;S;F;5064;EMP
059540020020-10376;059540020020;100mN31484E41415;MC;NA;3;50;M;F;5064;NEP
059540020020-10376;059540020020;100mN31484E41415;MC;NA;3;51;M;M;5064;EMP
059540020020-10376;059540020020;100mN31484E41415;MC;NA;3;26;S;F;2529;EMP
059540020020-10377;059540020020;100mN31484E41415;MC;OS;2;65;M;M;6574;EMP
059540020020-10377;059540020020;100mN31484E41415;MC;OS;2;86;M;F;75XX;NEP
059540020020-10378;059540020020;100mN31484E41415;MC;OS;2;73;M;M;6574;EMP
059540020020-10378;059540020020;100mN31484E41415;MC;OS;2;70;M;F;6574;EMP
059540020020-10379;059540020020;100mN31484E41415;S;OS;1;42;D;M;4049;EMP
059540020020-10380;059540020020;100mN31484E41415;S;NA;1;67;D;F;6574;EMP
059540020020-10381;059540020020;100mN31472E41424;S;OS;1;46;W;F;4049;NEP
059540020020-10382;059540020020;100mN31484E41415;MC;NA;2;31;M;M;3039;NEP
059540020020-10382;059540020020;100mN31484E41415;MC;NA;2;31;M;F;3039;EMP
059540020020-10383;059540020020;100mN31484E41415;MC;NA;2;58;M;F;5064;NEP
059540020020-10383;059540020020;100mN31484E41415;MC;NA;2;63;M;M;5064;EMP
059540020020-10384;059540020020;100mN31484E41415;MC;NA;3;50;M;M;5064;EMP
059540020020-10384;059540020020;100mN31484E41415;MC;NA;3;48;M;F;4049;EMP
059540020020-10384;059540020020;100mN31484E41415;MC;NA;3;22;D;M;1824;EMP
059540020020-10385;059540020020;100mN31484E41415;SF;NA;2;62;S;F;5064;NEP
059540020020-10385;059540020020;100mN31484E41415;SF;NA;2;1;S;F;0003;NEP
059540020020-10386;059540020020;100mN31497E41425;S;NA;1;30;M;M;3039;EMP
059540020020-10387;059540020020;100mN31484E41415;S;NA;1;45;D;F;4049;NEP
059540020020-10388;059540020020;100mN31484E41415;MC;NA;3;54;M;F;5064;EMP
059540020020-10388;059540020020;100mN31484E41415;MC;NA;3;62;M;M;5064;EMP
059540020020-10388;059540020020;100mN31484E41415;MC;NA;3;30;M;M;3039;NEP
059540020020-10389;059540020020;100mN31484E41415;S;NA;1;22;S;F;1824;NEP
059540020020-10390;059540020020;100mN31484E41415;MC;OS;2;78;M;F;75XX;EMP
059540020020-10390;059540020020;100mN31484E41415;MC;OS;2;86;M;M;75XX;NEP
059540020020-10391;059540020020;100mN31484E41415;MC;NA;2;33;M;F;3039;EMP
059540020020-10391;059540020020;100mN31484E41415;MC;NA;2;33;M;M;3039;NEP
059540020020-10392;059540020020;100mN31484E41415;S;NA;1;18;S;M;1824;EMP
059540020020-10393;059540020020;100mN31484E41415;MC;NA;4;52;M;F;5064;EMP
059540020020-10393;059540020020;100mN31484E41415;MC;NA;4;57;M;M;5064;NEP
059540020020-10393;059540020020;100mN31484E41415;MC;NA;4;4;S;F;0305;NEP
059540020020-10393;059540020020;100mN31484E41415;MC;NA;4;12;S;M;0614;NEP
059540020020-10394;059540020020;100mN31462E41426;MC;NA;2;34;M;M;3039;NEP
059540020020-10394;059540020020;100mN31462E41426;MC;NA;2;35;M;F;3039;EMP
059540020020-10395;059540020020;100mN31462E41426;S;OS;1;81;W;F;75XX;NEP
059540020020-10396;059540020020;100mN31462E41426;MC;NA;2;57;M;F;5064;NEP
059540020020-10396;059540020020;100mN31462E41426;MC;NA;2;62;M;M;5064;EMP
059540020020-10397;059540020020;100mN31462E41426;MC;NA;2;58;M;F;5064;EMP
059540020020-10397;059540020020;100mN31462E41426;MC;NA;2;62;M;M;5064;EMP
059540020020-10398;059540020020;100mN31462E41426;S;OS;1;59;S;F;5064;EMP
059540020020-10399;059540020020;100mN31462E41426;MC;NA;4;57;M;F;5064;NEP
059540020020-10399;059540020020;100mN31462E41426;MC;NA;4;63;M;M;5064;EMP
059540020020-10399;059540020020;100mN31462E41426;MC;NA;4;9;S;M;0614;NEP
059540020020-10399;059540020020;100mN31462E41426;MC;NA;4;11;S;M;0614;NEP
059540020020-10400;059540020020;100mN31486E41413;S;NA;1;32;S;F;3039;EMP
059540020020-10401;059540020020;100mN31486E41413;S;OS;1;21;M;M;1824;EMP
059540020020-10402;059540020020;100mN31486E41413;SF;NA;3;77;D;F;75XX;EMP
059540020020-10402;059540020020;100mN31486E41413;SF;NA;3;0;S;F;0003;NEP
059540020020-10402;059540020020;100mN31486E41413;SF;NA;3;6;S;M;0614;NEP
059540020020-10403;059540020020;100mN31473E41419;S;NA;1;77;W;F;75XX;NEP
059540020020-10404;059540020020;100mN31486E41413;MC;NA;2;47;M;F;4049;NEP
059540020020-10404;059540020020;100mN31486E41413;MC;NA;2;48;M;M;4049;EMP
059540020020-10405;059540020020;100mN31486E41413;MC;NA;2;52;M;F;5064;NEP
059540020020-10405;059540020020;100mN31486E41413;MC;NA;2;54;M;M;5064;EMP
059540020020-10406;059540020020;100mN31486E41413;NA;OS;3;86;W;F;75XX;NEP
059540020020-10406;059540020020;100mN31486E41413;NA;OS;3;31;M;M;3039;NEP
059540020020-10406;059540020020;100mN31486E41413;NA;OS;3;69;M;M;6574;EMP
059540020020-10407;059540020020;100mN31486E41413;SM;NA;2;47;S;M;4049;EMP
059540020020-10407;059540020020;100mN31486E41413;SM;NA;2;10;S;M;0614;NEP
059540020020-10408;059540020020;100mN31486E41413;PO;NA;2;61;S;M;5064;NEP
059540020020-10408;059540020020;100mN31486E41413;PO;NA;2;58;S;F;5064;EMP
059540020020-10409;059540020020;100mN31486E41413;PO;MIX;2;69;S;F;6574;EMP
059540020020-10409;059540020020;100mN31486E41413;PO;MIX;2;43;S;M;4049;NEP
059540020020-10410;059540020020;100mN31486E41413;S;OS;1;48;M;F;4049;EMP
059540020020-10411;059540020020;100mN31486E41413;MC;OS;2;65;M;M;6574;EMP
059540020020-10411;059540020020;100mN31486E41413;MC;OS;2;67;M;F;6574;EMP
059540020020-10412;059540020020;100mN31486E41413;MC;NA;2;27;M;F;2529;EMP
059540020020-10412;059540020020;100mN31486E41413;MC;NA;2;53;M;M;5064;EMP
059540020020-10413;059540020020;100mN31473E41430;S;NA;1;33;S;F;3039;EMP
059540020020-10414;059540020020;100mN31473E41430;PO;NA;3;44;S;M;4049;EMP
059540020020-10414;059540020020;100mN31473E41430;PO;NA;3;37;S;M;3039;UEP
059540020020-10414;059540020020;100mN31473E41430;PO;NA;3;7;S;F;0614;NEP
059540020020-10415;059540020020;100mN31463E41422;S;OS;1;59;D;F;5064;EMP
059540020020-10416;059540020020;100mN31473E41430;S;NA;1;71;W;F;6574;NEP
059540020020-10417;059540020020;100mN31473E41430;S;NA;1;56;W;F;5064;NEP
059540020020-10418;059540020020;100mN31473E41430;S;OS;1;60;D;M;5064;EMP
059540020020-10419;059540020020;100mN31473E41430;SF;NA;2;48;D;F;4049;NEP
059540020020-10419;059540020020;100mN31473E41430;SF;NA;2;9;S;F;0614;NEP
059540020020-10420;059540020020;100mN31473E41430;SF;NA;2;75;W;F;75XX;EMP
059540020020-10420;059540020020;100mN31473E41430;SF;NA;2;9;S;F;0614;NEP
059540020020-10421;059540020020;100mN31473E41430;S;OS;1;57;M;F;5064;EMP
059540020020-10422;059540020020;100mN31473E41430;MC;NA;2;51;M;F;5064;EMP
059540020020-10422;059540020020;100mN31473E41430;MC;NA;2;54;M;M;5064;EMP
059540020020-10423;059540020020;100mN31473E41430;MC;NA;3;23;M;M;1824;EMP
059540020020-10423;059540020020;100mN31473E41430;MC;NA;3;23;M;F;1824;EMP
059540020020-10423;059540020020;100mN31473E41430;MC;NA;3;7;S;F;0614;NEP
059540020020-10424;059540020020;100mN31473E41430;MC;NA;2;44;M;M;4049;EMP
059540020020-10424;059540020020;100mN31473E41430;MC;NA;2;42;M;F;4049;NEP
059540020020-10425;059540020020;100mN31473E41430;S;NA;1;68;M;F;6574;NEP
059540020020-10426;059540020020;100mN31473E41430;MC;OS;2;79;M;F;75XX;NEP
059540020020-10426;059540020020;100mN31473E41430;MC;OS;2;86;M;M;75XX;UEP
059540020020-10427;059540020020;100mN31473E41430;S;NA;1;52;W;F;5064;EMP
059540020020-10428;059540020020;100mN31473E41430;S;NA;1;16;S;F;1517;EMP
059540020020-10429;059540020020;100mN31473E41430;S;NA;1;31;S;M;3039;NEP
059540020020-10430;059540020020;100mN31473E41430;MC;NA;3;63;M;F;5064;NEP
059540020020-10430;059540020020;100mN31473E41430;MC;NA;3;27;S;M;2529;EMP
059540020020-10430;059540020020;100mN31473E41430;MC;NA;3;3;S;F;0305;NEP
059540020020-10431;059540020020;100mN31473E41430;SM;NA;2;44;W;M;4049;EMP
059540020020-10431;059540020020;100mN31473E41430;SM;NA;2;9;S;M;0614;NEP
059540020020-10432;059540020020;100mN31473E41430;S;NA;1;43;W;F;4049;NEP
059540020020-10433;059540020020;100mN31473E41430;MC;OS;2;88;M;F;75XX;EMP
059540020020-10433;059540020020;100mN31473E41430;MC;OS;2;86;M;M;75XX;EMP
059540020020-10434;059540020020;100mN31464E41428;MC;MIX;3;76;W;F;75XX;NEP
059540020020-10434;059540020020;100mN31464E41428;MC;MIX;3;41;M;M;4049;EMP
059540020020-10434;059540020020;100mN31464E41428;MC;MIX;3;48;M;F;4049;EMP
059540020020-10435;059540020020;100mN31464E41428;S;NA;1;83;M;F;75XX;EMP
059540020020-10436;059540020020;100mN31464E41428;S;NA;1;40;M;M;4049;EMP
059540020020-10437;059540020020;100mN31464E41428;S;OS;1;20;S;M;1824;UEP
059540020020-10438;059540020020;100mN31472E41432;S;NA;1;45;S;M;4049;EMP
059540020020-10439;059540020020;100mN31464E41428;MC;OS;2;71;M;M;6574;EMP
059540020020-10439;059540020020;100mN31464E41428;MC;OS;2;65;M;F;6574;NEP
059540020020-10440;059540020020;100mN31464E41428;MC;NA;2;60;M;M;5064;NEP
059540020020-10440;059540020020;100mN31464E41428;MC;NA;2;54;M;F;5064;EMP
059540020020-10441;059540020020;100mN31464E41428;S;NA;1;40;M;M;4049;EMP
059540020020-10442;059540020020;100mN31464E41428;S;NA;1;41;S;F;4049;NEP
059540020020-10443;059540020020;100mN31464E41428;MC;OS;3;85;M;M;75XX;NEP
059540020020-10443;059540020020;100mN31464E41428;MC;OS;3;85;M;F;75XX;NEP
059540020020-10443;059540020020;100mN31464E41428;MC;OS;3;73;D;F;6574;EMP
059540020020-10444;059540020020;100mN31464E41428;SM;NA;3;51;S;M;5064;NEP
059540020020-10444;059540020020;100mN31464E41428;SM;NA;3;10;S;F;0614;NEP
059540020020-10444;059540020020;100mN31464E41428;SM;NA;3;15;S;M;1517;EMP
059540020020-10445;059540020020;100mN31463E41420;MC;NA;2;40;M;F;4049;NEP
059540020020-10445;059540020020;100mN31463E41420;MC;NA;2;42;M;M;4049;NEP
059540020020-10446;059540020020;100mN31472E41432;S;NA;1;70;S;F;6574;EMP
059540020020-10447;059540020020;100mN31463E41420;MC;NA;3;48;M;M;4049;EMP
059540020020-10447;059540020020;100mN31463E41420;MC;NA;3;46;M;F;4049;EMP
059540020020-10447;059540020020;100mN31463E41420;MC;NA;3;9;S;F;0614;NEP
059540020020-10448;059540020020;100mN31463E41420;S;NA;1;69;S;F;6574;EMP
059540020020-10449;059540020020;100mN31463E41420;MC;OS;2;83;M;M;75XX;EMP
059540020020-10449;059540020020;100mN31463E41420;MC;OS;2;80;M;F;75XX;EMP
059540020020-10450;059540020020;100mN31463E41420;S;NA;1;61;W;F;5064;EMP
059540020020-10451;059540020020;100mN31463E41420;MC;NA;3;40;M;M;4049;EMP
059540020020-10451;059540020020;100mN31463E41420;MC;NA;3;42;M;F;4049;EMP
059540020020-10451;059540020020;100mN31463E41420;MC;NA;3;7;S;M;0614;NEP
059540020020-10452;059540020020;100mN31463E41420;MC;MIX;3;80;S;F;75XX;NEP
059540020020-10452;059540020020;100mN31463E41420;MC;MIX;3;40;M;M;4049;NEP
059540020020-10452;059540020020;100mN31463E41420;MC;MIX;3;18;M;F;1824;EMP
059540020020-10453;059540020020;100mN31498E41417;S;NA;1;63;M;F;5064;NEP
059540020020-10454;059540020020;100mN31463E41420;MC;OS;2;68;M;F;6574;EMP
059540020020-10454;059540020020;100mN31463E41420;MC;OS;2;71;M;M;6574;EMP
059540020020-10455;059540020020;100mN31463E41420;S;NA;1;89;S;M;75XX;EMP
059540020020-10456;059540020020;100mN31463E41420;MC;MIX;2;72;M;F;6574;NEP
059540020020-10456;059540020020;100mN31463E41420;MC;MIX;2;59;M;M;5064;EMP
059540020020-10457;059540020020;100mN31485E41408;S;NA;1;48;S;F;4049;EMP
059540020020-10458;059540020020;100mN31463E41420;MC;NA;5;51;M;M;5064;EMP
059540020020-10458;059540020020;100mN31463E41420;MC;NA;5;46;M;F;4049;EMP
059540020020-10458;059540020020;100mN31463E41420;MC;NA;5;7;S;M;0614;NEP
059540020020-10458;059540020020;100mN31463E41420;MC;NA;5;35;M;M;3039;NEP
059540020020-10458;059540020020;100mN31463E41420;MC;NA;5;13;S;F;0614;NEP
059540020020-10459;059540020020;100mN31468E41420;MC;MIX;4;72;M;M;6574;UEP
059540020020-10459;059540020020;100mN31468E41420;MC;MIX;4;47;M;M;4049;NEP
059540020020-10459;059540020020;100mN31468E41420;MC;MIX;4;48;M;F;4049;EMP
059540020020-10459;059540020020;100mN31468E41420;MC;MIX;4;12;S;F;0614;NEP
059540020020-10460;059540020020;100mN31463E41422;S;NA;1;55;M;F;5064;NEP
059540020020-10461;059540020020;100mN31468E41420;PO;NA;4;30;S;F;3039;EMP
059540020020-10461;059540020020;100mN31468E41420;PO;NA;4;32;S;F;3039;EMP
059540020020-10461;059540020020;100mN31468E41420;PO;NA;4;6;S;M;0614;NEP
059540020020-10461;059540020020;100mN31468E41420;PO;NA;4;15;S;M;1517;EMP
059540020020-10462;059540020020;100mN31468E41420;S;NA;1;52;D;M;5064;EMP
059540020020-10463;059540020020;100mN31468E41420;S;NA;1;37;M;M;3039;EMP
059540020020-10464;059540020020;100mN31468E41420;S;NA;1;60;M;M;5064;EMP
059540020020-10465;059540020020;100mN31468E41420;SF;NA;5;78;S;F;75XX;EMP
059540020020-10465;059540020020;100mN31468E41420;SF;NA;5;16;S;M;1517;EMP
059540020020-10465;059540020020;100mN31468E41420;SF;NA;5;3;S;F;0305;NEP
059540020020-10465;059540020020;100mN31468E41420;SF;NA;5;2;S;M;0003;NEP
059540020020-10465;059540020020;100mN31468E41420;SF;NA;5;6;S;M;0614;NEP
059540020020-10466;059540020020;100mN31468E41420;MC;OS;4;89;M;M;75XX;NEP
059540020020-10466;059540020020;100mN31468E41420;MC;OS;4;86;M;F;75XX;NEP
059540020020-10466;059540020020;100mN31468E41420;MC;OS;4;65;M;F;6574;NEP
059540020020-10466;059540020020;100mN31468E41420;MC;OS;4;86;M;M;75XX;UEP
059540020020-10467;059540020020;100mN31468E41420;MC;OS;3;72;M;M;6574;EMP
059540020020-10467;059540020020;100mN31468E41420;MC;OS;3;73;M;F;6574;NEP
059540020020-10467;059540020020;100mN31468E41420;MC;OS;3;78;M;F;75XX;EMP
059540020020-10468;059540020020;100mN31468E41420;S;NA;1;51;M;F;5064;NEP
059540020020-10469;059540020020;100mN31468E41420;S;NA;1;59;D;F;5064;EMP
059540020020-10470;059540020020;100mN31468E41420;S;OS;1;88;M;F;75XX;EMP
059540020020-10471;059540020020;100mN31468E41420;MC;NA;3;43;M;F;4049;EMP
059540020020-10471;059540020020;100mN31468E41420;MC;NA;3;41;M;M;4049;EMP
059540020020-10471;059540020020;100mN31468E41420;MC;NA;3;7;S;M;0614;NEP
059540020020-10472;059540020020;100mN31468E41420;MC;OS;2;85;M;M;75XX;UEP
059540020020-10472;059540020020;100mN31468E41420;MC;OS;2;86;M;F;75XX;NEP
059540020020-10473;059540020020;100mN31468E41420;S;NA;1;46;D;F;4049;EMP
059540020020-10474;059540020020;100mN31468E41420;S;NA;1;69;S;M;6574;UEP
059540020020-10475;059540020020;100mN31468E41420;NA;NA;2;50;S;M;5064;NEP
059540020020-10475;059540020020;100mN31468E41420;NA;NA;2;27;M;F;2529;NEP
059540020020-10476;059540020020;100mN31468E41420;S;NA;1;47;S;M;4049;NEP
059540020020-10477;059540020020;100mN31468E41420;MC;NA;2;44;M;M;4049;EMP
059540020020-10477;059540020020;100mN31468E41420;MC;NA;2;53;M;F;5064;EMP
059540020020-10478;059540020020;100mN31468E41420;PO;MIX;4;69;D;F;6574;EMP
059540020020-10478;059540020020;100mN31468E41420;PO;MIX;4;33;S;M;3039;NEP
059540020020-10478;059540020020;100mN31468E41420;PO;MIX;4;27;S;M;2529;EMP
059540020020-10478;059540020020;100mN31468E41420;PO;MIX;4;13;S;F;0614;NEP
059540020020-10479;059540020020;100mN31468E41420;S;OS;1;38;M;M;3039;NEP
059540020020-10480;059540020020;100mN31468E41420;PO;NA;2;36;S;F;3039;NEP
059540020020-10480;059540020020;100mN31468E41420;PO;NA;2;33;S;F;3039;NEP
059540020020-10481;059540020020;100mN31468E41415;S;NA;1;57;M;F;5064;NEP
059540020020-10482;059540020020;100mN31468E41420;S;NA;1;59;W;F;5064;NEP
059540020020-10483;059540020020;100mN31468E41420;MC;NA;2;59;M;F;5064;EMP
059540020020-10483;059540020020;100mN31468E41420;MC;NA;2;28;M;M;2529;EMP
059540020020-10484;059540020020;100mN31468E41420;S;NA;1;33;S;M;3039;EMP
059540020020-10485;059540020020;100mN31468E41420;SM;MIX;4;77;M;F;75XX;EMP
059540020020-10485;059540020020;100mN31468E41420;SM;MIX;4;63;W;M;5064;NEP
059540020020-10485;059540020020;100mN31468E41420;SM;MIX;4;3;S;M;0305;NEP
059540020020-10485;059540020020;100mN31468E41420;SM;MIX;4;2;S;F;0003;NEP
059540020020-10486;059540020020;100mN31468E41420;S;NA;1;20;D;M;1824;EMP
059540020020-10487;059540020020;100mN31468E41420;S;OS;1;66;S;M;6574;EMP
059540020020-10488;059540020020;100mN31468E41420;MC;OS;2;80;M;F;75XX;EMP
059540020020-10488;059540020020;100mN31468E41420;MC;OS;2;81;M;M;75XX;UEP
059540020020-10489;059540020020;100mN31468E41420;MC;NA;3;26;M;F;2529;EMP
059540020020-10489;059540020020;100mN31468E41420;MC;NA;3;34;M;M;3039;NEP
059540020020-10489;059540020020;100mN31468E41420;MC;NA;3;3;S;M;0305;NEP
059540020020-10490;059540020020;100mN31468E41420;MC;OS;4;70;M;F;6574;EMP
059540020020-10490;059540020020;100mN31468E41420;MC;OS;4;72;M;M;6574;EMP
059540020020-10490;059540020020;100mN31468E41420;MC;OS;4;88;M;F;75XX;NEP
059540020020-10490;059540020020;100mN31468E41420;MC;OS;4;72;D;M;6574;EMP
059540020020-10491;059540020020;100mN31468E41420;SF;NA;2;55;W;F;5064;EMP
059540020020-10491;059540020020;100mN31468E41420;SF;NA;2;15;S;F;1517;EMP
059540020020-10492;059540020020;100mN31468E41420;MC;OS;3;67;M;M;6574;NEP
059540020020-10492;059540020020;100mN31468E41420;MC;OS;3;67;M;F;6574;EMP
059540020020-10492;059540020020;100mN31468E41420;MC;OS;3;77;S;F;75XX;EMP
059540020020-10493;059540020020;100mN31468E41420;MC;NA;6;43;M;F;4049;EMP
059540020020-10493;059540020020;100mN31468E41420;MC;NA;6;44;M;M;4049;EMP
059540020020-10493;059540020020;100mN31468E41420;MC;NA;6;16;S;F;1517;EMP
059540020020-10493;059540020020;100mN31468E41420;MC;NA;6;11;S;M;0614;NEP
059540020020-10493;059540020020;100mN31468E41420;MC;NA;6;9;S;M;0614;NEP
059540020020-10493;059540020020;100mN31468E41420;MC;NA;6;4;S;F;0305;NEP
059540020020-10494;059540020020;100mN31468E41420;S;OS;1;62;M;F;5064;NEP
059540020020-10495;059540020020;100mN31468E41420;S;NA;1;66;M;F;6574;EMP
059540020020-10496;059540020020;100mN31499E41424;S;NA;1;67;W;F;6574;EMP
059540020020-10497;059540020020;100mN31499E41424;S;NA;1;48;S;F;4049;EMP
059540020020-10498;059540020020;100mN31499E41424;MC;OS;2;65;M;M;6574;NEP
059540020020-10498;059540020020;100mN31499E41424;MC;OS;2;69;M;F;6574;NEP
059540020020-10499;059540020020;100mN31499E41424;MC;NA;2;45;M;F;4049;NEP
059540020020-10499;059540020020;100mN31499E41424;MC;NA;2;51;M;M;5064;EMP
059540020020-10500;059540020020;100mN31483E41405;PO;NA;4;34;S;F;3039;NEP
059540020020-10500;059540020020;100mN31483E41405;PO;NA;4;38;S;M;3039;EMP
059540020020-10500;059540020020;100mN31483E41405;PO;NA;4;9;S;F;0614;NEP
059540020020-10500;059540020020;100mN31483E41405;PO;NA;4;11;S;M;0614;NEP
059540020020-10501;059540020020;100mN31472E41432;S;OS;1;73;D;M;6574;NEP
059540020020-10502;059540020020;100mN31499E41424;S;NA;1;57;M;F;5064;EMP
059540020020-10503;059540020020;100mN31499E41424;S;NA;1;65;M;M;6574;NEP
059540020020-10504;059540020020;100mN31499E41424;S;NA;1;46;S;F;4049;EMP
059540020020-10505;059540020020;100mN31497E41445;S;NA;1;73;S;M;6574;EMP
059540020020-10506;059540020020;100mN31497E41445;S;OS;1;42;M;F;4049;EMP
059540020020-10507;059540020020;100mN31497E41445;MC;OS;5;77;M;M;75XX;EMP
059540020020-10507;059540020020;100mN31497E41445;MC;OS;5;71;M;F;6574;NEP
059540020020-10507;059540020020;100mN31497E41445;MC;OS;5;69;M;M;6574;EMP
059540020020-10507;059540020020;100mN31497E41445;MC;OS;5;88;D;F;75XX;NEP
059540020020-10507;059540020020;100mN31497E41445;MC;OS;5;72;M;F;6574;EMP
059540020020-10508;059540020020;100mN31497E41445;MC;OS;3;80;M;M;75XX;EMP
059540020020-10508;059540020020;100mN31497E41445;MC;OS;3;78;M;F;75XX;NEP
059540020020-10508;059540020020;100mN31497E41445;MC;OS;3;88;S;M;75XX;EMP
059540020020-10509;059540020020;100mN31497E41445;MC;MIX;3;68;S;F;6574;EMP
059540020020-10509;059540020020;100mN31497E41445;MC;MIX;3;43;M;F;4049;NEP
059540020020-10509;059540020020;100mN31497E41445;MC;MIX;3;46;M;M;4049;NEP
059540020020-10510;059540020020;100mN31497E41445;PC;NA;4;35;P;F;3039;NEP
059540020020-10510;059540020020;100mN31497E41445;PC;NA;4;42;P;F;4049;NEP
059540020020-10510;059540020020;100mN31497E41445;PC;NA;4;9;S;M;0614;NEP
059540020020-10510;059540020020;100mN31497E41445;PC;NA;4;19;W;M;1824;EMP
059540020020-10511;059540020020;100mN31497E41445;MC;NA;2;45;M;F;4049;NEP
059540020020-10511;059540020020;100mN31497E41445;MC;NA;2;46;M;M;4049;EMP
059540020020-10512;059540020020;100mN31497E41445;S;NA;1;73;S;M;6574;EMP
059540020020-10513;059540020020;100mN31497E41445;NA;NA;3;31;D;M;3039;EMP
059540020020-10513;059540020020;100mN31497E41445;NA;NA;3;44;M;F;4049;EMP
059540020020-10513;059540020020;100mN31497E41445;NA;NA;3;79;M;F;75XX;EMP
059540020020-10514;059540020020;100mN31472E41424;S;OS;1;46;S;F;4049;EMP
059540020020-10515;059540020020;100mN31497E41445;S;NA;1;41;M;M;4049;EMP
059540020020-10516;059540020020;100mN31497E41445;SM;NA;4;62;D;M;5064;EMP
059540020020-10516;059540020020;100mN31497E41445;SM;NA;4;28;M;M;2529;NEP
059540020020-10516;059540020020;100mN31497E41445;SM;NA;4;11;S;F;0614;NEP
059540020020-10516;059540020020;100mN31497E41445;SM;NA;4;1;S;F;0003;NEP
059540020020-10517;059540020020;100mN31497E41445;S;NA;1;71;D;F;6574;EMP
059540020020-10518;059540020020;100mN31497E41440;S;NA;1;48;M;F;4049;EMP
059540020020-10519;059540020020;100mN31497E41440;NA;NA;2;73;M;F;6574;EMP
059540020020-10519;059540020020;100mN31497E41440;NA;NA;2;70;M;F;6574;EMP
059540020020-10520;059540020020;100mN31497E41440;MC;MIX;3;69;M;M;6574;EMP
059540020020-10520;059540020020;100mN31497E41440;MC;MIX;3;18;M;M;1824;NEP
059540020020-10520;059540020020;100mN31497E41440;MC;MIX;3;18;M;F;1824;NEP
059540020020-10521;059540020020;100mN31485E41408;PO;NA;2;59;S;F;5064;NEP
059540020020-10521;059540020020;100mN31485E41408;PO;NA;2;62;S;M;5064;NEP
059540020020-10522;059540020020;100mN31485E41408;S;NA;1;46;S;F;4049;EMP
059540020020-10523;059540020020;100mN31485E41408;S;NA;1;36;M;F;3039;EMP
059540020020-10524;059540020020;100mN31485E41408;MC;NA;2;48;M;M;4049;EMP
059540020020-10524;059540020020;100mN31485E41408;MC;NA;2;42;M;F;4049;EMP
059540020020-10525;059540020020;100mN31485E41408;MC;NA;2;52;M;F;5064;EMP
059540020020-10525;059540020020;100mN31485E41408;MC;NA;2;51;M;M;5064;EMP
059540020020-10526;059540020020;100mN31485E41408;MC;NA;2;21;M;M;1824;NEP
059540020020-10526;059540020020;100mN31485E41408;MC;NA;2;18;M;F;1824;NEP
059540020020-10527;059540020020;100mN31485E41408;MC;NA;4;52;M;M;5064;UEP
059540020020-10527;059540020020;100mN31485E41408;MC;NA;4;59;M;F;5064;EMP
059540020020-10527;059540020020;100mN31485E41408;MC;NA;4;32;M;F;3039;NEP
059540020020-10527;059540020020;100mN31485E41408;MC;NA;4;9;S;M;0614;NEP
059540020020-10528;059540020020;100mN31485E41408;S;NA;1;48;S;F;4049;EMP
059540020020-10529;059540020020;100mN31485E41408;MC;MIX;3;73;M;M;6574;EMP
059540020020-10529;059540020020;100mN31485E41408;MC;MIX;3;56;M;F;5064;EMP
059540020020-10529;059540020020;100mN31485E41408;MC;MIX;3;59;M;M;5064;EMP
059540020020-10530;059540020020;100mN31497E41426;PO;NA;4;54;S;F;5064;NEP
059540020020-10530;059540020020;100mN31497E41426;PO;NA;4;56;S;F;5064;NEP
059540020020-10530;059540020020;100mN31497E41426;PO;NA;4;4;S;M;0305;NEP
059540020020-10530;059540020020;100mN31497E41426;PO;NA;4;27;W;F;2529;EMP
059540020020-10531;059540020020;100mN31497E41426;MC;MIX;2;81;M;M;75XX;EMP
059540020020-10531;059540020020;100mN31497E41426;MC;MIX;2;62;M;F;5064;EMP
059540020020-10532;059540020020;100mN31497E41426;S;OS;1;79;S;M;75XX;EMP
059540020020-10533;059540020020;100mN31497E41426;MC;OS;2;81;M;M;75XX;NEP
059540020020-10533;059540020020;100mN31497E41426;MC;OS;2;75;M;F;75XX;EMP
059540020020-10534;059540020020;100mN31497E41426;MC;NA;2;50;M;F;5064;EMP
059540020020-10534;059540020020;100mN31497E41426;MC;NA;2;47;M;M;4049;EMP
059540020020-10535;059540020020;100mN31497E41426;S;NA;1;62;S;M;5064;EMP
059540020020-10536;059540020020;100mN31497E41426;SF;NA;2;89;S;F;75XX;EMP
059540020020-10536;059540020020;100mN31497E41426;SF;NA;2;13;S;M;0614;NEP
059540020020-10537;059540020020;100mN31473E41424;MC;NA;2;42;M;M;4049;NEP
059540020020-10537;059540020020;100mN31473E41424;MC;NA;2;35;M;F;3039;EMP
059540020020-10538;059540020020;100mN31497E41426;SF;NA;2;81;W;F;75XX;EMP
059540020020-10538;059540020020;100mN31497E41426;SF;NA;2;9;S;M;0614;NEP
059540020020-10539;059540020020;100mN31463E41422;MC;OS;2;65;M;M;6574;NEP
059540020020-10539;059540020020;100mN31463E41422;MC;OS;2;65;M;F;6574;NEP
059540020020-10540;059540020020;100mN31463E41422;S;NA;1;28;M;M;2529;EMP
059540020020-10541;059540020020;100mN31463E41422;MC;OS;2;79;M;F;75XX;EMP
059540020020-10541;059540020020;100mN31463E41422;MC;OS;2;82;M;M;75XX;EMP
059540020020-10542;059540020020;100mN31463E41422;MC;MIX;2;76;M;M;75XX;EMP
059540020020-10542;059540020020;100mN31463E41422;MC;MIX;2;47;S;M;4049;NEP
059540020020-10543;059540020020;100mN31463E41422;SF;NA;2;62;S;F;5064;NEP
059540020020-10543;059540020020;100mN31463E41422;SF;NA;2;6;S;F;0614;NEP
059540020020-10544;059540020020;100mN31463E41422;MC;MIX;2;73;M;M;6574;EMP
059540020020-10544;059540020020;100mN31463E41422;MC;MIX;2;40;S;F;4049;EMP
059540020020-10545;059540020020;100mN31463E41422;S;OS;1;37;M;F;3039;NEP
059540020020-10546;059540020020;100mN31463E41422;MC;NA;2;52;M;M;5064;EMP
059540020020-10546;059540020020;100mN31463E41422;MC;NA;2;50;M;F;5064;EMP
059540020020-10547;059540020020;100mN31463E41422;MC;NA;2;52;M;M;5064;EMP
059540020020-10547;059540020020;100mN31463E41422;MC;NA;2;61;M;F;5064;EMP
059540020020-10548;059540020020;100mN31463E41422;S;OS;1;72;D;M;6574;NEP
059540020020-10549;059540020020;100mN31463E41422;PO;MIX;2;69;S;F;6574;EMP
059540020020-10549;059540020020;100mN31463E41422;PO;MIX;2;27;M;F;2529;EMP
059540020020-10550;059540020020;100mN31463E41422;S;NA;1;53;M;M;5064;EMP
059540020020-10551;059540020020;100mN31463E41422;S;NA;1;65;M;F;6574;NEP
059540020020-10552;059540020020;100mN31463E41422;S;OS;1;30;M;M;3039;EMP
059540020020-10553;059540020020;100mN31463E41422;S;NA;1;55;M;F;5064;NEP
059540020020-10554;059540020020;100mN31463E41422;PO;NA;2;38;S;M;3039;NEP
059540020020-10554;059540020020;100mN31463E41422;PO;NA;2;34;S;M;3039;NEP
059540020020-10555;059540020020;100mN31463E41422;MC;NA;2;50;M;M;5064;EMP
059540020020-10555;059540020020;100mN31463E41422;MC;NA;2;52;M;F;5064;NEP
059540020020-10556;059540020020;100mN31463E41422;MC;MIX;2;67;M;F;6574;EMP
059540020020-10556;059540020020;100mN31463E41422;MC;MIX;2;25;D;F;2529;NEP
059540020020-10557;059540020020;100mN31463E41422;MC;NA;2;59;M;F;5064;EMP
059540020020-10557;059540020020;100mN31463E41422;MC;NA;2;60;M;M;5064;NEP
059540020020-10558;059540020020;100mN31463E41422;S;OS;1;58;M;F;5064;NEP
059540020020-10559;059540020020;100mN31472E41432;S;NA;1;67;W;M;6574;EMP
059540020020-10560;059540020020;100mN31473E41423;S;NA;1;55;W;F;5064;NEP
059540020020-10561;059540020020;100mN31463E41422;S;OS;1;59;D;F;5064;EMP
059540020020-10562;059540020020;100mN31463E41422;MC;NA;4;28;M;F;2529;NEP
059540020020-10562;059540020020;100mN31463E41422;MC;NA;4;30;M;M;3039;EMP
059540020020-10562;059540020020;100mN31463E41422;MC;NA;4;3;S;F;0305;NEP
059540020020-10562;059540020020;100mN31463E41422;MC;NA;4;9;S;F;0614;NEP
059540020020-10563;059540020020;100mN31463E41422;MC;NA;2;62;M;F;5064;EMP
059540020020-10563;059540020020;100mN31463E41422;MC;NA;2;85;S;M;75XX;NEP
059540020020-10564;059540020020;100mN31463E41422;SM;NA;3;16;S;M;1517;NEP
059540020020-10564;059540020020;100mN31463E41422;SM;NA;3;1;S;F;0003;NEP
059540020020-10564;059540020020;100mN31463E41422;SM;NA;3;1;S;M;0003;NEP
059540020020-10565;059540020020;100mN31463E41422;S;OS;1;62;W;F;5064;EMP
059540020020-10566;059540020020;100mN31463E41422;S;NA;1;71;M;M;6574;EMP
059540020020-10567;059540020020;100mN31472E41424;S;NA;1;36;W;F;3039;EMP
059540020020-10568;059540020020;100mN31463E41422;S;NA;1;45;M;F;4049;NEP
059540020020-10569;059540020020;100mN31463E41422;MC;NA;3;27;M;M;2529;NEP
059540020020-10569;059540020020;100mN31463E41422;MC;NA;3;27;M;F;2529;NEP
059540020020-10569;059540020020;100mN31463E41422;MC;NA;3;2;S;F;0003;NEP
059540020020-10570;059540020020;100mN31494E41432;S;OS;1;21;S;F;1824;NEP
059540020020-10571;059540020020;100mN31494E41432;MC;MIX;2;66;M;M;6574;EMP
059540020020-10571;059540020020;100mN31494E41432;MC;MIX;2;63;M;F;5064;EMP
059540020020-10572;059540020020;100mN31494E41432;S;NA;1;80;W;F;75XX;NEP
059540020020-10573;059540020020;100mN31473E41423;S;NA;1;68;M;F;6574;NEP
059540020020-10574;059540020020;100mN31473E41423;NA;NA;5;78;M;M;75XX;EMP
059540020020-10574;059540020020;100mN31473E41423;NA;NA;5;21;M;M;1824;NEP
059540020020-10574;059540020020;100mN31473E41423;NA;NA;5;71;D;F;6574;NEP
059540020020-10574;059540020020;100mN31473E41423;NA;NA;5;48;M;F;4049;EMP
059540020020-10574;059540020020;100mN31473E41423;NA;NA;5;46;W;F;4049;NEP
059540020020-10575;059540020020;100mN31473E41423;S;OS;1;32;M;F;3039;EMP
059540020020-10576;059540020020;100mN31473E41423;MC;NA;2;26;M;M;2529;EMP
059540020020-10576;059540020020;100mN31473E41423;MC;NA;2;35;M;F;3039;EMP
059540020020-10577;059540020020;100mN31473E41423;S;NA;1;77;M;M;75XX;EMP
059540020020-10578;059540020020;100mN31473E41423;MC;NA;2;63;M;F;5064;NEP
059540020020-10578;059540020020;100mN31473E41423;MC;NA;2;15;S;F;1517;EMP
059540020020-10579;059540020020;100mN31473E41423;MC;OS;2;72;M;M;6574;EMP
059540020020-10579;059540020020;100mN31473E41423;MC;OS;2;73;M;F;6574;NEP
059540020020-10580;059540020020;100mN31473E41423;S;NA;1;62;M;M;5064;EMP
059540020020-10581;059540020020;100mN31473E41423;S;NA;1;55;W;F;5064;NEP
059540020020-10582;059540020020;100mN31473E41423;MC;NA;2;42;M;M;4049;EMP
059540020020-10582;059540020020;100mN31473E41423;MC;NA;2;36;M;F;3039;NEP
059540020020-10583;059540020020;100mN31473E41423;MC;OS;4;82;M;F;75XX;NEP
059540020020-10583;059540020020;100mN31473E41423;MC;OS;4;83;M;M;75XX;NEP
059540020020-10583;059540020020;100mN31473E41423;MC;OS;4;70;S;F;6574;NEP
059540020020-10583;059540020020;100mN31473E41423;MC;OS;4;88;S;F;75XX;EMP
059540020020-10584;059540020020;100mN31473E41424;MC;NA;2;44;M;M;4049;NEP
059540020020-10584;059540020020;100mN31473E41424;MC;NA;2;40;M;F;4049;EMP
059540020020-10585;059540020020;100mN31473E41423;MC;NA;4;62;M;M;5064;EMP
059540020020-10585;059540020020;100mN31473E41423;MC;NA;4;61;M;F;5064;NEP
059540020020-10585;059540020020;100mN31473E41423;MC;NA;4;1;S;F;0003;NEP
059540020020-10585;059540020020;100mN31473E41423;MC;NA;4;45;D;M;4049;EMP
059540020020-10586;059540020020;100mN31473E41423;S;OS;1;84;D;F;75XX;NEP
059540020020-10587;059540020020;100mN31473E41423;S;OS;1;79;M;F;75XX;EMP
059540020020-10588;059540020020;100mN31473E41423;MC;NA;2;43;M;M;4049;EMP
059540020020-10588;059540020020;100mN31473E41423;MC;NA;2;42;M;F;4049;NEP
059540020020-10589;059540020020;100mN31473E41423;SF;NA;2;50;W;F;5064;NEP
059540020020-10589;059540020020;100mN31473E41423;SF;NA;2;9;S;M;0614;NEP
059540020020-10590;059540020020;100mN31473E41423;PO;NA;2;54;S;F;5064;EMP
059540020020-10590;059540020020;100mN31473E41423;PO;NA;2;54;S;F;5064;EMP
059540020020-10591;059540020020;100mN31473E41423;MC;NA;4;46;M;M;4049;EMP
059540020020-10591;059540020020;100mN31473E41423;MC;NA;4;40;M;F;4049;NEP
059540020020-10591;059540020020;100mN31473E41423;MC;NA;4;22;M;F;1824;NEP
059540020020-10591;059540020020;100mN31473E41423;MC;NA;4;6;S;M;0614;NEP
059540020020-10592;059540020020;100mN31473E41423;MC;OS;2;65;M;F;6574;EMP
059540020020-10592;059540020020;100mN31473E41423;MC;OS;2;73;M;M;6574;EMP
059540020020-10593;059540020020;100mN31473E41423;MC;NA;2;37;M;M;3039;EMP
059540020020-10593;059540020020;100mN31473E41423;MC;NA;2;35;M;F;3039;NEP
059540020020-10594;059540020020;100mN31473E41423;MC;NA;3;53;M;M;5064;EMP
059540020020-10594;059540020020;100mN31473E41423;MC;NA;3;53;M;F;5064;EMP
059540020020-10594;059540020020;100mN31473E41423;MC;NA;3;11;S;M;0614;NEP
059540020020-10595;059540020020;100mN31473E41423;S;NA;1;19;D;M;1824;EMP
059540020020-10596;059540020020;100mN31473E41423;S;NA;1;65;S;M;6574;EMP
059540020020-10597;059540020020;100mN31473E41423;S;NA;1;53;D;F;5064;NEP
059540020020-10598;059540020020;100mN31475E41430;MC;NA;2;41;M;F;4049;EMP
059540020020-10598;059540020020;100mN31475E41430;MC;NA;2;43;M;M;4049;NEP
059540020020-10599;059540020020;100mN31473E41423;MC;NA;2;63;M;F;5064;NEP
059540020020-10599;059540020020;100mN31473E41423;MC;NA;2;35;M;M;3039;NEP
059540020020-10600;059540020020;100mN31473E41423;MC;OS;2;66;M;M;6574;EMP
059540020020-10600;059540020020;100mN31473E41423;MC;OS;2;67;M;F;6574;NEP
059540020020-10601;059540020020;100mN31472E41432;PO;NA;6;54;S;M;5064;EMP
059540020020-10601;059540020020;100mN31472E41432;PO;NA;6;46;S;M;4049;NEP
059540020020-10601;059540020020;100mN31472E41432;PO;NA;6;6;S;M;0614;NEP
059540020020-10601;059540020020;100mN31472E41432;PO;NA;6;13;S;F;0614;NEP
059540020020-10601;059540020020;100mN31472E41432;PO;NA;6;15;S;F;1517;EMP
059540020020-10601;059540020020;100mN31472E41432;PO;NA;6;1;S;F;0003;NEP
059540020020-10602;059540020020;100mN31473E41423;MC;NA;5;54;M;F;5064;EMP
059540020020-10602;059540020020;100mN31473E41423;MC;NA;5;56;M;M;5064;EMP
059540020020-10602;059540020020;100mN31473E41423;MC;NA;5;30;W;F;3039;NEP
059540020020-10602;059540020020;100mN31473E41423;MC;NA;5;2;S;M;0003;NEP
059540020020-10602;059540020020;100mN31473E41423;MC;NA;5;16;S;F;1517;NEP
059540020020-10603;059540020020;100mN31472E41432;MC;OS;2;65;M;F;6574;NEP
059540020020-10603;059540020020;100mN31472E41432;MC;OS;2;68;M;M;6574;EMP
059540020020-10604;059540020020;100mN31473E41423;S;NA;1;47;D;F;4049;NEP
059540020020-10605;059540020020;100mN31473E41423;S;NA;1;61;M;F;5064;NEP
059540020020-10606;059540020020;100mN31473E41423;MC;NA;3;21;M;M;1824;EMP
059540020020-10606;059540020020;100mN31473E41423;MC;NA;3;28;M;F;2529;EMP
059540020020-10606;059540020020;100mN31473E41423;MC;NA;3;2;S;M;0003;NEP
059540020020-10607;059540020020;100mN31483E41405;MC;OS;4;79;M;F;75XX;EMP
059540020020-10607;059540020020;100mN31483E41405;MC;OS;4;79;M;M;75XX;EMP
059540020020-10607;059540020020;100mN31483E41405;MC;OS;4;66;M;M;6574;EMP
059540020020-10607;059540020020;100mN31483E41405;MC;OS;4;84;M;F;75XX;NEP
059540020020-10608;059540020020;100mN31483E41405;S;NA;1;56;W;F;5064;NEP
059540020020-10609;059540020020;100mN31473E41422;MC;NA;2;37;M;F;3039;EMP
059540020020-10609;059540020020;100mN31473E41422;MC;NA;2;41;M;M;4049;EMP
059540020020-10610;059540020020;100mN31483E41405;S;NA;1;44;M;F;4049;NEP
059540020020-10611;059540020020;100mN31473E41432;S;NA;1;61;W;F;5064;EMP
059540020020-10612;059540020020;100mN31483E41405;S;NA;1;80;M;F;75XX;NEP
059540020020-10613;059540020020;100mN31483E41405;MC;NA;3;37;M;F;3039;NEP
059540020020-10613;059540020020;100mN31483E41405;MC;NA;3;42;M;M;4049;EMP
059540020020-10613;059540020020;100mN31483E41405;MC;NA;3;20;M;F;1824;EMP
059540020020-10614;059540020020;100mN31483E41405;S;NA;1;43;D;F;4049;NEP
059540020020-10615;059540020020;100mN31483E41405;MC;NA;3;50;M;M;5064;EMP
059540020020-10615;059540020020;100mN31483E41405;MC;NA;3;47;M;F;4049;EMP
059540020020-10615;059540020020;100mN31483E41405;MC;NA;3;25;D;M;2529;NEP
059540020020-10616;059540020020;100mN31483E41405;S;NA;1;34;S;F;3039;NEP
059540020020-10617;059540020020;100mN31483E41405;MC;OS;3;79;M;F;75XX;EMP
059540020020-10617;059540020020;100mN31483E41405;MC;OS;3;85;M;M;75XX;EMP
059540020020-10617;059540020020;100mN31483E41405;MC;OS;3;69;M;M;6574;EMP
059540020020-10618;059540020020;100mN31483E41405;MC;NA;2;54;M;F;5064;NEP
059540020020-10618;059540020020;100mN31483E41405;MC;NA;2;58;M;M;5064;EMP
059540020020-10619;059540020020;100mN31483E41405;MC;NA;4;23;M;M;1824;EMP
059540020020-10619;059540020020;100mN31483E41405;MC;NA;4;18;M;F;1824;NEP
059540020020-10619;059540020020;100mN31483E41405;MC;NA;4;7;S;M;0614;NEP
059540020020-10619;059540020020;100mN31483E41405;MC;NA;4;7;S;F;0614;NEP
059540020020-10620;059540020020;100mN31483E41405;S;NA;1;43;D;M;4049;NEP
059540020020-10621;059540020020;100mN31483E41405;PO;NA;4;34;S;F;3039;NEP
059540020020-10621;059540020020;100mN31483E41405;PO;NA;4;38;S;M;3039;EMP
059540020020-10621;059540020020;100mN31483E41405;PO;NA;4;9;S;F;0614;NEP
059540020020-10621;059540020020;100mN31483E41405;PO;NA;4;11;S;M;0614;NEP
059540020020-10622;059540020020;100mN31483E41405;S;OS;1;40;S;F;4049;EMP
059540020020-10623;059540020020;100mN31483E41405;MC;NA;2;55;M;F;5064;NEP
059540020020-10623;059540020020;100mN31483E41405;MC;NA;2;45;M;F;4049;NEP
059540020020-10624;059540020020;100mN31483E41405;SF;NA;2;60;W;F;5064;EMP
059540020020-10624;059540020020;100mN31483E41405;SF;NA;2;7;S;F;0614;NEP
059540020020-10625;059540020020;100mN31483E41405;S;NA;1;38;S;F;3039;NEP
059540020020-10626;059540020020;100mN31483E41405;MC;OS;3;71;M;M;6574;EMP
059540020020-10626;059540020020;100mN31483E41405;MC;OS;3;70;M;F;6574;NEP
059540020020-10626;059540020020;100mN31483E41405;MC;OS;3;88;W;F;75XX;EMP
059540020020-10627;059540020020;100mN31483E41405;MC;MIX;4;69;M;M;6574;NEP
059540020020-10627;059540020020;100mN31483E41405;MC;MIX;4;53;M;M;5064;EMP
059540020020-10627;059540020020;100mN31483E41405;MC;MIX;4;51;M;F;5064;EMP
059540020020-10627;059540020020;100mN31483E41405;MC;MIX;4;9;S;F;0614;NEP
059540020020-10628;059540020020;100mN31483E41405;MC;NA;4;20;M;F;1824;NEP
059540020020-10628;059540020020;100mN31483E41405;MC;NA;4;23;M;M;1824;EMP
059540020020-10628;059540020020;100mN31483E41405;MC;NA;4;3;S;F;0305;NEP
059540020020-10628;059540020020;100mN31483E41405;MC;NA;4;4;S;M;0305;NEP
059540020020-10629;059540020020;100mN31483E41405;S;NA;1;18;W;F;1824;NEP
059540020020-10630;059540020020;100mN31483E41405;MC;OS;2;88;M;M;75XX;EMP
059540020020-10630;059540020020;100mN31483E41405;MC;OS;2;86;M;F;75XX;NEP
059540020020-10631;059540020020;100mN31483E41405;S;OS;1;40;M;M;4049;EMP
059540020020-10632;059540020020;100mN31483E41405;S;NA;1;86;M;M;75XX;NEP
059540020020-10633;059540020020;100mN31483E41405;S;NA;1;43;M;F;4049;NEP
059540020020-10634;059540020020;100mN31483E41405;S;NA;1;53;M;F;5064;NEP
059540020020-10635;059540020020;100mN31483E41405;MC;NA;2;56;M;M;5064;EMP
059540020020-10635;059540020020;100mN31483E41405;MC;NA;2;63;M;F;5064;EMP
059540020020-10636;059540020020;100mN31483E41405;S;NA;1;59;D;M;5064;EMP
059540020020-10637;059540020020;100mN31483E41405;S;OS;1;40;M;M;4049;EMP
059540020020-10638;059540020020;100mN31483E41405;PO;NA;2;51;S;M;5064;NEP
059540020020-10638;059540020020;100mN31483E41405;PO;NA;2;48;S;F;4049;EMP
059540020020-10639;059540020020;100mN31483E41405;S;NA;1;63;M;F;5064;EMP
059540020020-10640;059540020020;100mN31483E41405;SF;MIX;2;69;D;F;6574;NEP
059540020020-10640;059540020020;100mN31483E41405;SF;MIX;2;16;S;M;1517;EMP
059540020020-10641;059540020020;100mN31483E41405;SF;NA;4;47;D;F;4049;NEP
059540020020-10641;059540020020;100mN31483E41405;SF;NA;4;11;S;F;0614;NEP
059540020020-10641;059540020020;100mN31483E41405;SF;NA;4;28;M;F;2529;EMP
059540020020-10641;059540020020;100mN31483E41405;SF;NA;4;8;S;M;0614;NEP
059540020020-10642;059540020020;100mN31483E41405;MC;OS;2;73;M;M;6574;NEP
059540020020-10642;059540020020;100mN31483E41405;MC;OS;2;71;M;F;6574;EMP
059540020020-10643;059540020020;100mN31483E41405;MC;NA;2;44;M;M;4049;NEP
059540020020-10643;059540020020;100mN31483E41405;MC;NA;2;42;M;F;4049;NEP
059540020020-10644;059540020020;100mN31483E41405;MC;NA;2;28;M;M;2529;EMP
059540020020-10644;059540020020;100mN31483E41405;MC;NA;2;28;M;F;2529;NEP
059540020020-10645;059540020020;100mN31483E41405;MC;NA;2;33;M;F;3039;EMP
059540020020-10645;059540020020;100mN31483E41405;MC;NA;2;26;M;M;2529;EMP
059540020020-10646;059540020020;100mN31483E41405;S;OS;1;48;S;M;4049;UEP
059540020020-10647;059540020020;100mN31483E41405;MC;NA;3;46;M;M;4049;EMP
059540020020-10647;059540020020;100mN31483E41405;MC;NA;3;45;M;F;4049;EMP
059540020020-10647;059540020020;100mN31483E41405;MC;NA;3;30;S;M;3039;EMP
059540020020-10648;059540020020;100mN31483E41405;MC;NA;4;51;M;M;5064;NEP
059540020020-10648;059540020020;100mN31483E41405;MC;NA;4;46;M;F;4049;EMP
059540020020-10648;059540020020;100mN31483E41405;MC;NA;4;16;S;F;1517;EMP
059540020020-10648;059540020020;100mN31483E41405;MC;NA;4;23;S;F;1824;NEP
059540020020-10649;059540020020;100mN31483E41405;MC;NA;2;19;M;M;1824;EMP
059540020020-10649;059540020020;100mN31483E41405;MC;NA;2;18;M;F;1824;NEP
059540020020-10650;059540020020;100mN31483E41405;MC;NA;3;20;M;M;1824;NEP
059540020020-10650;059540020020;100mN31483E41405;MC;NA;3;18;M;F;1824;EMP
059540020020-10650;059540020020;100mN31483E41405;MC;NA;3;1;S;F;0003;NEP
059540020020-10651;059540020020;100mN31483E41405;MC;NA;2;31;M;M;3039;UEP
059540020020-10651;059540020020;100mN31483E41405;MC;NA;2;22;M;F;1824;EMP
059540020020-10652;059540020020;100mN31472E41432;S;OS;1;43;W;M;4049;NEP
059540020020-10653;059540020020;100mN31483E41405;MC;OS;3;68;M;M;6574;EMP
059540020020-10653;059540020020;100mN31483E41405;MC;OS;3;71;M;F;6574;EMP
059540020020-10653;059540020020;100mN31483E41405;MC;OS;3;72;S;M;6574;EMP
059540020020-10654;059540020020;100mN31483E41405;MC;NA;3;46;M;F;4049;EMP
059540020020-10654;059540020020;100mN31483E41405;MC;NA;3;48;M;M;4049;EMP
059540020020-10654;059540020020;100mN31483E41405;MC;NA;3;12;S;M;0614;NEP
059540020020-10655;059540020020;100mN31483E41405;S;NA;1;48;M;M;4049;EMP
059540020020-10656;059540020020;100mN31483E41405;MC;NA;3;53;M;F;5064;EMP
059540020020-10656;059540020020;100mN31483E41405;MC;NA;3;62;M;M;5064;EMP
059540020020-10656;059540020020;100mN31483E41405;MC;NA;3;2;S;F;0003;NEP
059540020020-10657;059540020020;100mN31483E41405;S;NA;1;19;S;M;1824;EMP
059540020020-10658;059540020020;100mN31483E41405;NA;NA;2;33;M;M;3039;EMP
059540020020-10658;059540020020;100mN31483E41405;NA;NA;2;34;M;F;3039;EMP
059540020020-10659;059540020020;100mN31483E41405;SM;NA;2;70;S;M;6574;EMP
059540020020-10659;059540020020;100mN31483E41405;SM;NA;2;12;S;F;0614;NEP
059540020020-10660;059540020020;100mN31499E41425;MC;NA;5;63;M;M;5064;EMP
059540020020-10660;059540020020;100mN31499E41425;MC;NA;5;58;M;F;5064;EMP
059540020020-10660;059540020020;100mN31499E41425;MC;NA;5;12;S;M;0614;NEP
059540020020-10660;059540020020;100mN31499E41425;MC;NA;5;16;S;M;1517;EMP
059540020020-10660;059540020020;100mN31499E41425;MC;NA;5;8;S;M;0614;NEP
059540020020-10661;059540020020;100mN31499E41425;PO;NA;4;21;S;M;1824;EMP
059540020020-10661;059540020020;100mN31499E41425;PO;NA;4;18;S;M;1824;EMP
059540020020-10661;059540020020;100mN31499E41425;PO;NA;4;4;S;M;0305;NEP
059540020020-10661;059540020020;100mN31499E41425;PO;NA;4;6;S;F;0614;NEP
059540020020-10662;059540020020;100mN31499E41425;S;OS;1;16;S;F;1517;NEP
059540020020-10663;059540020020;100mN31499E41425;MC;NA;2;28;M;F;2529;EMP
059540020020-10663;059540020020;100mN31499E41425;MC;NA;2;48;M;M;4049;NEP
059540020020-10664;059540020020;100mN31499E41425;S;NA;1;51;M;F;5064;NEP
059540020020-10665;059540020020;100mN31499E41425;S;OS;1;48;M;M;4049;EMP
059540020020-10666;059540020020;100mN31499E41425;MC;NA;2;52;M;F;5064;EMP
059540020020-10666;059540020020;100mN31499E41425;MC;NA;2;55;M;M;5064;NEP
059540020020-10667;059540020020;100mN31499E41425;S;NA;1;71;S;F;6574;EMP
059540020020-10668;059540020020;100mN31499E41425;PO;OS;2;71;S;M;6574;EMP
059540020020-10668;059540020020;100mN31499E41425;PO;OS;2;68;S;M;6574;EMP
059540020020-10669;059540020020;100mN31472E41424;S;NA;1;20;W;M;1824;EMP
059540020020-10670;059540020020;100mN31472E41424;S;OS;1;19;M;M;1824;EMP
059540020020-10671;059540020020;100mN31472E41424;PO;NA;5;59;S;F;5064;NEP
059540020020-10671;059540020020;100mN31472E41424;PO;NA;5;60;S;M;5064;NEP
059540020020-10671;059540020020;100mN31472E41424;PO;NA;5;10;S;M;0614;NEP
059540020020-10671;059540020020;100mN31472E41424;PO;NA;5;13;S;M;0614;NEP
059540020020-10671;059540020020;100mN31472E41424;PO;NA;5;11;S;F;0614;NEP
059540020020-10672;059540020020;100mN31472E41424;S;NA;1;69;M;F;6574;EMP
059540020020-10673;059540020020;100mN31472E41424;S;NA;1;59;D;F;5064;NEP
059540020020-10674;059540020020;100mN31472E41424;S;NA;1;55;S;F;5064;NEP
059540020020-10675;059540020020;100mN31472E41424;MC;NA;4;46;M;M;4049;NEP
059540020020-10675;059540020020;100mN31472E41424;MC;NA;4;46;M;F;4049;NEP
059540020020-10675;059540020020;100mN31472E41424;MC;NA;4;22;D;F;1824;NEP
059540020020-10675;059540020020;100mN31472E41424;MC;NA;4;22;S;M;1824;NEP
059540020020-10676;059540020020;100mN31472E41424;SF;NA;2;82;S;F;75XX;EMP
059540020020-10676;059540020020;100mN31472E41424;SF;NA;2;7;S;F;0614;NEP
059540020020-10677;059540020020;100mN31472E41424;S;NA;1;42;D;M;4049;NEP
059540020020-10678;059540020020;100mN31472E41424;MC;MIX;2;71;M;M;6574;EMP
059540020020-10678;059540020020;100mN31472E41424;MC;MIX;2;61;W;F;5064;EMP
059540020020-10679;059540020020;100mN31475E41427;MC;OS;2;69;M;M;6574;EMP
059540020020-10679;059540020020;100mN31475E41427;MC;OS;2;67;M;F;6574;EMP
059540020020-10680;059540020020;100mN31472E41424;MC;MIX;3;78;M;F;75XX;NEP
059540020020-10680;059540020020;100mN31472E41424;MC;MIX;3;32;M;M;3039;EMP
059540020020-10680;059540020020;100mN31472E41424;MC;MIX;3;34;M;F;3039;EMP
059540020020-10681;059540020020;100mN31472E41424;S;OS;1;60;M;M;5064;EMP
059540020020-10682;059540020020;100mN31472E41424;MC;NA;2;44;M;F;4049;EMP
059540020020-10682;059540020020;100mN31472E41424;MC;NA;2;51;M;M;5064;EMP
059540020020-10683;059540020020;100mN31472E41424;NA;OS;4;35;M;F;3039;NEP
059540020020-10683;059540020020;100mN31472E41424;NA;OS;4;28;W;M;2529;EMP
059540020020-10683;059540020020;100mN31472E41424;NA;OS;4;38;W;F;3039;NEP
059540020020-10683;059540020020;100mN31472E41424;NA;OS;4;53;S;F;5064;NEP
059540020020-10684;059540020020;100mN31472E41424;S;OS;1;87;M;M;75XX;EMP
059540020020-10685;059540020020;100mN31472E41424;PO;NA;4;43;S;M;4049;EMP
059540020020-10685;059540020020;100mN31472E41424;PO;NA;4;43;S;M;4049;EMP
059540020020-10685;059540020020;100mN31472E41424;PO;NA;4;11;S;M;0614;NEP
059540020020-10685;059540020020;100mN31472E41424;PO;NA;4;4;S;M;0305;NEP
059540020020-10686;059540020020;100mN31472E41424;S;NA;1;70;M;F;6574;EMP
059540020020-10687;059540020020;100mN31472E41424;MC;MIX;2;69;M;F;6574;EMP
059540020020-10687;059540020020;100mN31472E41424;MC;MIX;2;31;W;F;3039;EMP
059540020020-10688;059540020020;100mN31472E41424;PO;NA;3;54;S;M;5064;EMP
059540020020-10688;059540020020;100mN31472E41424;PO;NA;3;47;S;M;4049;EMP
059540020020-10688;059540020020;100mN31472E41424;PO;NA;3;6;S;F;0614;NEP
059540020020-10689;059540020020;100mN31472E41424;MC;OS;2;86;M;F;75XX;EMP
059540020020-10689;059540020020;100mN31472E41424;MC;OS;2;57;M;M;5064;NEP
059540020020-10690;059540020020;100mN31472E41424;S;NA;1;36;W;F;3039;EMP
059540020020-10691;059540020020;100mN31472E41424;MC;NA;3;46;M;M;4049;EMP
059540020020-10691;059540020020;100mN31472E41424;MC;NA;3;46;M;F;4049;EMP
059540020020-10691;059540020020;100mN31472E41424;MC;NA;3;19;M;F;1824;EMP
059540020020-10692;059540020020;100mN31472E41424;MC;NA;4;40;M;M;4049;EMP
059540020020-10692;059540020020;100mN31472E41424;MC;NA;4;40;M;F;4049;NEP
059540020020-10692;059540020020;100mN31472E41424;MC;NA;4;16;S;M;1517;NEP
059540020020-10692;059540020020;100mN31472E41424;MC;NA;4;15;S;M;1517;EMP
059540020020-10693;059540020020;100mN31464E41424;MC;NA;4;58;M;M;5064;EMP
059540020020-10693;059540020020;100mN31464E41424;MC;NA;4;54;M;F;5064;NEP
059540020020-10693;059540020020;100mN31464E41424;MC;NA;4;15;S;F;1517;EMP
059540020020-10693;059540020020;100mN31464E41424;MC;NA;4;23;S;M;1824;EMP
059540020020-10694;059540020020;100mN31472E41424;S;OS;1;46;S;F;4049;EMP
059540020020-10695;059540020020;100mN31472E41424;MC;NA;2;33;M;F;3039;NEP
059540020020-10695;059540020020;100mN31472E41424;MC;NA;2;38;M;M;3039;NEP
059540020020-10696;059540020020;100mN31472E41424;MC;OS;5;87;M;M;75XX;EMP
059540020020-10696;059540020020;100mN31472E41424;MC;OS;5;85;M;F;75XX;NEP
059540020020-10696;059540020020;100mN31472E41424;MC;OS;5;70;S;F;6574;NEP
059540020020-10696;059540020020;100mN31472E41424;MC;OS;5;65;M;F;6574;EMP
059540020020-10696;059540020020;100mN31472E41424;MC;OS;5;70;M;F;6574;NEP
059540020020-10697;059540020020;100mN31469E41422;MC;NA;2;28;M;M;2529;UEP
059540020020-10697;059540020020;100mN31469E41422;MC;NA;2;27;M;F;2529;NEP
059540020020-10698;059540020020;100mN31472E41424;S;OS;1;46;W;F;4049;NEP
059540020020-10699;059540020020;100mN31472E41424;MC;MIX;3;65;M;F;6574;EMP
059540020020-10699;059540020020;100mN31472E41424;MC;MIX;3;56;M;M;5064;NEP
059540020020-10699;059540020020;100mN31472E41424;MC;MIX;3;55;M;F;5064;EMP
059540020020-10700;059540020020;100mN31472E41424;S;OS;1;31;S;F;3039;EMP
059540020020-10701;059540020020;100mN31500E41447;S;NA;1;44;S;F;4049;NEP
059540020020-10702;059540020020;100mN31500E41447;MC;OS;4;89;M;M;75XX;NEP
059540020020-10702;059540020020;100mN31500E41447;MC;OS;4;87;M;F;75XX;EMP
059540020020-10702;059540020020;100mN31500E41447;MC;OS;4;73;W;F;6574;EMP
059540020020-10702;059540020020;100mN31500E41447;MC;OS;4;88;M;F;75XX;EMP
059540020020-10703;059540020020;100mN31500E41447;S;NA;1;69;S;F;6574;EMP
059540020020-10704;059540020020;100mN31500E41447;S;NA;1;37;M;F;3039;NEP
059540020020-10705;059540020020;100mN31500E41447;MC;NA;3;36;M;F;3039;EMP
059540020020-10705;059540020020;100mN31500E41447;MC;NA;3;36;M;M;3039;NEP
059540020020-10705;059540020020;100mN31500E41447;MC;NA;3;4;S;M;0305;NEP
059540020020-10706;059540020020;100mN31500E41447;MC;NA;4;52;M;F;5064;EMP
059540020020-10706;059540020020;100mN31500E41447;MC;NA;4;59;M;M;5064;NEP
059540020020-10706;059540020020;100mN31500E41447;MC;NA;4;15;S;F;1517;EMP
059540020020-10706;059540020020;100mN31500E41447;MC;NA;4;10;S;M;0614;NEP
059540020020-10707;059540020020;100mN31473E41424;S;NA;1;41;W;F;4049;EMP
059540020020-10708;059540020020;100mN31473E41424;MC;MIX;2;67;M;M;6574;EMP
059540020020-10708;059540020020;100mN31473E41424;MC;MIX;2;54;M;M;5064;EMP
059540020020-10709;059540020020;100mN31473E41424;MC;OS;5;70;M;F;6574;NEP
059540020020-10709;059540020020;100mN31473E41424;MC;OS;5;88;M;M;75XX;EMP
059540020020-10709;059540020020;100mN31473E41424;MC;OS;5;67;S;F;6574;EMP
059540020020-10709;059540020020;100mN31473E41424;MC;OS;5;72;D;F;6574;EMP
059540020020-10709;059540020020;100mN31473E41424;MC;OS;5;77;S;F;75XX;NEP
059540020020-10710;059540020020;100mN31473E41424;S;OS;1;82;W;F;75XX;EMP
059540020020-10711;059540020020;100mN31473E41424;SF;NA;3;53;W;F;5064;EMP
059540020020-10711;059540020020;100mN31473E41424;SF;NA;3;15;S;F;1517;EMP
059540020020-10711;059540020020;100mN31473E41424;SF;NA;3;27;M;F;2529;EMP
059540020020-10712;059540020020;100mN31473E41424;MC;OS;2;71;M;M;6574;EMP
059540020020-10712;059540020020;100mN31473E41424;MC;OS;2;67;M;F;6574;NEP
059540020020-10713;059540020020;100mN31473E41424;MC;NA;4;25;M;F;2529;EMP
059540020020-10713;059540020020;100mN31473E41424;MC;NA;4;34;M;M;3039;EMP
059540020020-10713;059540020020;100mN31473E41424;MC;NA;4;0;S;F;0003;NEP
059540020020-10713;059540020020;100mN31473E41424;MC;NA;4;9;S;M;0614;NEP
059540020020-10714;059540020020;100mN31473E41424;PO;NA;4;57;S;M;5064;EMP
059540020020-10714;059540020020;100mN31473E41424;PO;NA;4;51;S;F;5064;NEP
059540020020-10714;059540020020;100mN31473E41424;PO;NA;4;12;S;M;0614;NEP
059540020020-10714;059540020020;100mN31473E41424;PO;NA;4;11;S;F;0614;NEP
059540020020-10715;059540020020;100mN31473E41424;SF;NA;2;69;W;F;6574;NEP
059540020020-10715;059540020020;100mN31473E41424;SF;NA;2;20;S;F;1824;EMP
059540020020-10716;059540020020;100mN31473E41424;MC;NA;2;44;M;M;4049;NEP
059540020020-10716;059540020020;100mN31473E41424;MC;NA;2;40;M;F;4049;EMP
059540020020-10717;059540020020;100mN31473E41424;S;OS;1;67;S;F;6574;EMP
059540020020-10718;059540020020;100mN31473E41424;S;NA;1;70;S;M;6574;EMP
059540020020-10719;059540020020;100mN31473E41424;S;OS;1;41;S;M;4049;NEP
059540020020-10720;059540020020;100mN31473E41424;S;OS;1;89;S;F;75XX;EMP
059540020020-10721;059540020020;100mN31473E41424;S;NA;1;57;D;F;5064;NEP
059540020020-10722;059540020020;100mN31473E41424;S;OS;1;73;M;M;6574;EMP
059540020020-10723;059540020020;100mN31473E41424;S;OS;1;44;M;F;4049;EMP
059540020020-10724;059540020020;100mN31473E41424;MC;NA;2;42;M;M;4049;NEP
059540020020-10724;059540020020;100mN31473E41424;MC;NA;2;35;M;F;3039;EMP
059540020020-10725;059540020020;100mN31473E41424;MC;NA;3;46;M;F;4049;EMP
059540020020-10725;059540020020;100mN31473E41424;MC;NA;3;50;M;M;5064;NEP
059540020020-10725;059540020020;100mN31473E41424;MC;NA;3;11;S;M;0614;NEP
059540020020-10726;059540020020;100mN31473E41424;MC;NA;2;48;M;F;4049;NEP
059540020020-10726;059540020020;100mN31473E41424;MC;NA;2;50;M;M;5064;EMP
059540020020-10727;059540020020;100mN31473E41424;NA;NA;2;54;M;M;5064;EMP
059540020020-10727;059540020020;100mN31473E41424;NA;NA;2;69;W;F;6574;EMP
059540020020-10728;059540020020;100mN31473E41424;MC;NA;3;59;M;M;5064;EMP
059540020020-10728;059540020020;100mN31473E41424;MC;NA;3;56;M;F;5064;NEP
059540020020-10728;059540020020;100mN31473E41424;MC;NA;3;1;S;M;0003;NEP
059540020020-10729;059540020020;100mN31464E41424;S;OS;1;71;W;F;6574;NEP
059540020020-10730;059540020020;100mN31464E41424;S;OS;1;37;W;F;3039;EMP
059540020020-10731;059540020020;100mN31464E41424;MC;NA;4;27;M;F;2529;EMP
059540020020-10731;059540020020;100mN31464E41424;MC;NA;4;36;M;M;3039;EMP
059540020020-10731;059540020020;100mN31464E41424;MC;NA;4;8;S;M;0614;NEP
059540020020-10731;059540020020;100mN31464E41424;MC;NA;4;6;S;F;0614;NEP
059540020020-10732;059540020020;100mN31464E41424;MC;NA;2;25;M;F;2529;EMP
059540020020-10732;059540020020;100mN31464E41424;MC;NA;2;28;M;M;2529;EMP
059540020020-10733;059540020020;100mN31464E41424;MC;NA;2;48;M;F;4049;NEP
059540020020-10733;059540020020;100mN31464E41424;MC;NA;2;51;M;M;5064;EMP
059540020020-10734;059540020020;100mN31464E41424;MC;NA;2;42;M;M;4049;EMP
059540020020-10734;059540020020;100mN31464E41424;MC;NA;2;51;M;F;5064;EMP
059540020020-10735;059540020020;100mN31464E41424;SF;NA;4;47;S;F;4049;EMP
059540020020-10735;059540020020;100mN31464E41424;SF;NA;4;28;D;M;2529;NEP
059540020020-10735;059540020020;100mN31464E41424;SF;NA;4;8;S;F;0614;NEP
059540020020-10735;059540020020;100mN31464E41424;SF;NA;4;6;S;F;0614;NEP
059540020020-10736;059540020020;100mN31464E41424;S;NA;1;47;S;F;4049;NEP
059540020020-10737;059540020020;100mN31464E41424;S;NA;1;48;M;F;4049;EMP
059540020020-10738;059540020020;100mN31464E41424;MC;NA;4;58;M;M;5064;EMP
059540020020-10738;059540020020;100mN31464E41424;MC;NA;4;54;M;F;5064;NEP
059540020020-10738;059540020020;100mN31464E41424;MC;NA;4;15;S;F;1517;EMP
059540020020-10738;059540020020;100mN31464E41424;MC;NA;4;23;S;M;1824;EMP
059540020020-10739;059540020020;100mN31464E41424;S;NA;1;52;S;M;5064;EMP
059540020020-10740;059540020020;100mN31464E41424;SM;NA;4;47;S;M;4049;EMP
059540020020-10740;059540020020;100mN31464E41424;SM;NA;4;15;S;F;1517;NEP
059540020020-10740;059540020020;100mN31464E41424;SM;NA;4;4;S;M;0305;NEP
059540020020-10740;059540020020;100mN31464E41424;SM;NA;4;2;S;F;0003;NEP
059540020020-10741;059540020020;100mN31473E41422;S;NA;1;62;D;F;5064;NEP
059540020020-10742;059540020020;100mN31464E41424;MC;NA;3;57;M;F;5064;EMP
059540020020-10742;059540020020;100mN31464E41424;MC;NA;3;62;M;M;5064;NEP
059540020020-10742;059540020020;100mN31464E41424;MC;NA;3;9;S;M;0614;NEP
059540020020-10743;059540020020;100mN31464E41424;S;NA;1;45;S;F;4049;EMP
059540020020-10744;059540020020;100mN31464E41424;MC;NA;2;31;M;M;3039;EMP
059540020020-10744;059540020020;100mN31464E41424;MC;NA;2;33;M;F;3039;NEP
059540020020-10745;059540020020;100mN31464E41424;MC;NA;4;40;M;M;4049;EMP
059540020020-10745;059540020020;100mN31464E41424;MC;NA;4;32;M;F;3039;NEP
059540020020-10745;059540020020;100mN31464E41424;MC;NA;4;8;S;F;0614;NEP
059540020020-10745;059540020020;100mN31464E41424;MC;NA;4;13;S;F;0614;NEP
059540020020-10746;059540020020;100mN31464E41424;MC;NA;5;59;M;M;5064;UEP
059540020020-10746;059540020020;100mN31464E41424;MC;NA;5;61;M;F;5064;NEP
059540020020-10746;059540020020;100mN31464E41424;MC;NA;5;11;S;M;0614;NEP
059540020020-10746;059540020020;100mN31464E41424;MC;NA;5;7;S;M;0614;NEP
059540020020-10746;059540020020;100mN31464E41424;MC;NA;5;3;S;F;0305;NEP
059540020020-10747;059540020020;100mN31464E41424;MC;NA;5;58;M;M;5064;EMP
059540020020-10747;059540020020;100mN31464E41424;MC;NA;5;58;M;F;5064;NEP
059540020020-10747;059540020020;100mN31464E41424;MC;NA;5;10;S;F;0614;NEP
059540020020-10747;059540020020;100mN31464E41424;MC;NA;5;26;S;F;2529;NEP
059540020020-10747;059540020020;100mN31464E41424;MC;NA;5;22;W;F;1824;NEP
059540020020-10748;059540020020;100mN31464E41424;MC;NA;2;40;M;F;4049;EMP
059540020020-10748;059540020020;100mN31464E41424;MC;NA;2;40;M;M;4049;NEP
059540020020-10749;059540020020;100mN31464E41424;MC;NA;5;28;M;F;2529;NEP
059540020020-10749;059540020020;100mN31464E41424;MC;NA;5;35;M;M;3039;EMP
059540020020-10749;059540020020;100mN31464E41424;MC;NA;5;12;S;F;0614;NEP
059540020020-10749;059540020020;100mN31464E41424;MC;NA;5;4;S;F;0305;NEP
059540020020-10749;059540020020;100mN31464E41424;MC;NA;5;3;S;M;0305;NEP
059540020020-10750;059540020020;100mN31464E41424;MC;OS;2;82;M;F;75XX;NEP
059540020020-10750;059540020020;100mN31464E41424;MC;OS;2;66;M;M;6574;NEP
059540020020-10751;059540020020;100mN31464E41424;S;NA;1;59;M;M;5064;NEP
059540020020-10752;059540020020;100mN31464E41424;S;NA;1;22;M;M;1824;EMP
059540020020-10753;059540020020;100mN31464E41424;S;OS;1;42;M;M;4049;EMP
059540020020-10754;059540020020;100mN31464E41424;SF;NA;2;70;W;F;6574;NEP
059540020020-10754;059540020020;100mN31464E41424;SF;NA;2;0;S;F;0003;NEP
059540020020-10755;059540020020;100mN31464E41424;MC;NA;5;50;M;M;5064;EMP
059540020020-10755;059540020020;100mN31464E41424;MC;NA;5;45;M;F;4049;EMP
059540020020-10755;059540020020;100mN31464E41424;MC;NA;5;15;S;F;1517;NEP
059540020020-10755;059540020020;100mN31464E41424;MC;NA;5;9;S;F;0614;NEP
059540020020-10755;059540020020;100mN31464E41424;MC;NA;5;16;S;F;1517;NEP
059540020020-10756;059540020020;100mN31464E41424;MC;OS;2;79;M;F;75XX;EMP
059540020020-10756;059540020020;100mN31464E41424;MC;OS;2;81;M;M;75XX;EMP
059540020020-10757;059540020020;100mN31464E41424;S;NA;1;44;S;M;4049;NEP
059540020020-10758;059540020020;100mN31463E41424;MC;OS;6;76;M;F;75XX;EMP
059540020020-10758;059540020020;100mN31463E41424;MC;OS;6;79;M;M;75XX;EMP
059540020020-10758;059540020020;100mN31463E41424;MC;OS;6;84;S;M;75XX;NEP
059540020020-10758;059540020020;100mN31463E41424;MC;OS;6;66;S;M;6574;EMP
059540020020-10758;059540020020;100mN31463E41424;MC;OS;6;68;S;F;6574;NEP
059540020020-10758;059540020020;100mN31463E41424;MC;OS;6;89;M;F;75XX;NEP
059540020020-10759;059540020020;100mN31464E41424;MC;NA;5;32;M;M;3039;EMP
059540020020-10759;059540020020;100mN31464E41424;MC;NA;5;23;M;F;1824;NEP
059540020020-10759;059540020020;100mN31464E41424;MC;NA;5;12;S;M;0614;NEP
059540020020-10759;059540020020;100mN31464E41424;MC;NA;5;9;S;M;0614;NEP
059540020020-10759;059540020020;100mN31464E41424;MC;NA;5;2;S;F;0003;NEP
059540020020-10760;059540020020;100mN31464E41424;MC;NA;4;46;M;F;4049;EMP
059540020020-10760;059540020020;100mN31464E41424;MC;NA;4;37;M;M;3039;NEP
059540020020-10760;059540020020;100mN31464E41424;MC;NA;4;28;M;M;2529;NEP
059540020020-10760;059540020020;100mN31464E41424;MC;NA;4;10;S;F;0614;NEP
059540020020-10761;059540020020;100mN31464E41424;MC;NA;2;57;M;F;5064;EMP
059540020020-10761;059540020020;100mN31464E41424;MC;NA;2;62;M;M;5064;EMP
059540020020-10762;059540020020;100mN31464E41424;MC;NA;3;32;M;M;3039;EMP
059540020020-10762;059540020020;100mN31464E41424;MC;NA;3;27;M;F;2529;EMP
059540020020-10762;059540020020;100mN31464E41424;MC;NA;3;6;S;F;0614;NEP
059540020020-10763;059540020020;100mN31464E41424;S;NA;1;22;M;F;1824;EMP
059540020020-10764;059540020020;100mN31464E41424;S;NA;1;36;W;F;3039;EMP
059540020020-10765;059540020020;100mN31464E41424;MC;NA;2;36;M;M;3039;EMP
059540020020-10765;059540020020;100mN31464E41424;MC;NA;2;45;M;F;4049;EMP
059540020020-10766;059540020020;100mN31464E41424;MC;NA;3;63;M;M;5064;NEP
059540020020-10766;059540020020;100mN31464E41424;MC;NA;3;56;M;F;5064;EMP
059540020020-10766;059540020020;100mN31464E41424;MC;NA;3;3;S;M;0305;NEP
059540020020-10767;059540020020;100mN31464E41424;SF;NA;4;50;D;F;5064;EMP
059540020020-10767;059540020020;100mN31464E41424;SF;NA;4;16;S;M;1517;NEP
059540020020-10767;059540020020;100mN31464E41424;SF;NA;4;20;S;F;1824;NEP
059540020020-10767;059540020020;100mN31464E41424;SF;NA;4;11;S;M;0614;NEP
059540020020-10768;059540020020;100mN31464E41424;PO;NA;2;56;S;M;5064;EMP
059540020020-10768;059540020020;100mN31464E41424;PO;NA;2;52;S;F;5064;EMP
059540020020-10769;059540020020;100mN31464E41424;MC;NA;2;45;M;F;4049;NEP
059540020020-10769;059540020020;100mN31464E41424;MC;NA;2;50;M;M;5064;EMP
059540020020-10770;059540020020;100mN31499E41438;MC;NA;4;50;M;M;5064;EMP
059540020020-10770;059540020020;100mN31499E41438;MC;NA;4;45;M;F;4049;EMP
059540020020-10770;059540020020;100mN31499E41438;MC;NA;4;2;S;M;0003;NEP
059540020020-10770;059540020020;100mN31499E41438;MC;NA;4;13;S;F;0614;NEP
059540020020-10771;059540020020;100mN31464E41424;SF;NA;3;73;D;F;6574;NEP
059540020020-10771;059540020020;100mN31464E41424;SF;NA;3;48;M;F;4049;NEP
059540020020-10771;059540020020;100mN31464E41424;SF;NA;3;2;S;F;0003;NEP
059540020020-10772;059540020020;100mN31464E41424;S;NA;1;34;D;M;3039;NEP
059540020020-10773;059540020020;100mN31473E41432;SF;NA;4;45;S;F;4049;EMP
059540020020-10773;059540020020;100mN31473E41432;SF;NA;4;27;W;F;2529;EMP
059540020020-10773;059540020020;100mN31473E41432;SF;NA;4;22;M;M;1824;EMP
059540020020-10773;059540020020;100mN31473E41432;SF;NA;4;16;S;F;1517;NEP
059540020020-10774;059540020020;100mN31473E41432;S;NA;1;61;W;F;5064;EMP
059540020020-10775;059540020020;100mN31473E41432;S;NA;1;18;M;M;1824;EMP
059540020020-10776;059540020020;100mN31473E41432;MC;NA;4;44;M;F;4049;NEP
059540020020-10776;059540020020;100mN31473E41432;MC;NA;4;45;M;M;4049;EMP
059540020020-10776;059540020020;100mN31473E41432;MC;NA;4;21;M;M;1824;NEP
059540020020-10776;059540020020;100mN31473E41432;MC;NA;4;3;S;F;0305;NEP
059540020020-10777;059540020020;100mN31473E41432;MC;NA;3;53;M;F;5064;EMP
059540020020-10777;059540020020;100mN31473E41432;MC;NA;3;54;M;M;5064;EMP
059540020020-10777;059540020020;100mN31473E41432;MC;NA;3;27;S;M;2529;NEP
059540020020-10778;059540020020;100mN31473E41432;MC;MIX;4;73;S;M;6574;EMP
059540020020-10778;059540020020;100mN31473E41432;MC;MIX;4;60;M;F;5064;EMP
059540020020-10778;059540020020;100mN31473E41432;MC;MIX;4;56;M;F;5064;NEP
059540020020-10778;059540020020;100mN31473E41432;MC;MIX;4;2;S;F;0003;NEP
059540020020-10779;059540020020;100mN31473E41432;S;OS;1;40;S;F;4049;NEP
059540020020-10780;059540020020;100mN31482E41408;MC;NA;2;63;M;M;5064;NEP
059540020020-10780;059540020020;100mN31482E41408;MC;NA;2;54;M;F;5064;EMP
059540020020-10781;059540020020;100mN31473E41432;MC;NA;3;41;M;F;4049;NEP
059540020020-10781;059540020020;100mN31473E41432;MC;NA;3;41;M;M;4049;EMP
059540020020-10781;059540020020;100mN31473E41432;MC;NA;3;20;S;M;1824;EMP
059540020020-10782;059540020020;100mN31473E41432;MC;NA;2;50;M;M;5064;UEP
059540020020-10782;059540020020;100mN31473E41432;MC;NA;2;56;M;F;5064;NEP
059540020020-10783;059540020020;100mN31500E41435;S;NA;1;43;M;M;4049;EMP
059540020020-10784;059540020020;100mN31500E41435;MC;NA;4;47;M;F;4049;NEP
059540020020-10784;059540020020;100mN31500E41435;MC;NA;4;53;M;M;5064;EMP
059540020020-10784;059540020020;100mN31500E41435;MC;NA;4;10;S;M;0614;NEP
059540020020-10784;059540020020;100mN31500E41435;MC;NA;4;22;D;M;1824;NEP
059540020020-10785;059540020020;100mN31500E41435;S;NA;1;47;S;M;4049;NEP
059540020020-10786;059540020020;100mN31497E41425;S;NA;1;58;M;M;5064;UEP
059540020020-10787;059540020020;100mN31497E41425;PO;OS;2;72;S;F;6574;EMP
059540020020-10787;059540020020;100mN31497E41425;PO;OS;2;73;S;F;6574;EMP
059540020020-10788;059540020020;100mN31497E41425;S;OS;1;69;S;M;6574;EMP
059540020020-10789;059540020020;100mN31497E41425;MC;MIX;2;83;M;F;75XX;EMP
059540020020-10789;059540020020;100mN31497E41425;MC;MIX;2;77;D;F;75XX;EMP
059540020020-10790;059540020020;100mN31497E41425;PO;NA;6;48;S;F;4049;EMP
059540020020-10790;059540020020;100mN31497E41425;PO;NA;6;48;S;M;4049;EMP
059540020020-10790;059540020020;100mN31497E41425;PO;NA;6;18;S;M;1824;EMP
059540020020-10790;059540020020;100mN31497E41425;PO;NA;6;12;S;F;0614;NEP
059540020020-10790;059540020020;100mN31497E41425;PO;NA;6;32;M;M;3039;EMP
059540020020-10790;059540020020;100mN31497E41425;PO;NA;6;6;S;M;0614;NEP
059540020020-10791;059540020020;100mN31497E41425;S;OS;1;80;S;M;75XX;NEP
059540020020-10792;059540020020;100mN31497E41425;S;NA;1;69;D;F;6574;NEP
059540020020-10793;059540020020;100mN31497E41425;MC;NA;2;31;M;F;3039;EMP
059540020020-10793;059540020020;100mN31497E41425;MC;NA;2;31;M;M;3039;NEP
059540020020-10794;059540020020;100mN31497E41425;S;NA;1;30;M;M;3039;EMP
059540020020-10795;059540020020;100mN31497E41425;MC;NA;2;42;M;F;4049;EMP
059540020020-10795;059540020020;100mN31497E41425;MC;NA;2;44;M;M;4049;EMP
059540020020-10796;059540020020;100mN31480E41408;SF;NA;3;51;D;F;5064;NEP
059540020020-10796;059540020020;100mN31480E41408;SF;NA;3;15;S;F;1517;NEP
059540020020-10796;059540020020;100mN31480E41408;SF;NA;3;16;S;F;1517;EMP
059540020020-10797;059540020020;100mN31480E41408;S;NA;1;63;M;M;5064;NEP
059540020020-10798;059540020020;100mN31480E41408;SF;NA;2;55;S;F;5064;NEP
059540020020-10798;059540020020;100mN31480E41408;SF;NA;2;23;S;F;1824;EMP
059540020020-10799;059540020020;100mN31480E41408;NA;NA;2;33;M;F;3039;EMP
059540020020-10799;059540020020;100mN31480E41408;NA;NA;2;73;W;F;6574;NEP
059540020020-10800;059540020020;100mN31480E41408;MC;OS;2;69;M;M;6574;UEP
059540020020-10800;059540020020;100mN31480E41408;MC;OS;2;68;M;F;6574;EMP
059540020020-10801;059540020020;100mN31480E41408;MC;OS;2;86;M;F;75XX;EMP
059540020020-10801;059540020020;100mN31480E41408;MC;OS;2;84;M;M;75XX;NEP
059540020020-10802;059540020020;100mN31480E41408;MC;NA;3;58;M;F;5064;NEP
059540020020-10802;059540020020;100mN31480E41408;MC;NA;3;61;M;M;5064;EMP
059540020020-10802;059540020020;100mN31480E41408;MC;NA;3;10;S;F;0614;NEP
059540020020-10803;059540020020;100mN31480E41408;SF;NA;2;41;W;F;4049;EMP
059540020020-10803;059540020020;100mN31480E41408;SF;NA;2;6;S;F;0614;NEP
059540020020-10804;059540020020;100mN31480E41408;MC;NA;2;53;M;F;5064;EMP
059540020020-10804;059540020020;100mN31480E41408;MC;NA;2;53;M;M;5064;NEP
059540020020-10805;059540020020;100mN31480E41408;PO;NA;2;50;S;F;5064;EMP
059540020020-10805;059540020020;100mN31480E41408;PO;NA;2;52;S;M;5064;EMP
059540020020-10806;059540020020;100mN31480E41408;MC;MIX;2;87;M;F;75XX;EMP
059540020020-10806;059540020020;100mN31480E41408;MC;MIX;2;13;S;F;0614;NEP
059540020020-10807;059540020020;100mN31480E41408;MC;MIX;3;73;M;F;6574;EMP
059540020020-10807;059540020020;100mN31480E41408;MC;MIX;3;52;M;M;5064;EMP
059540020020-10807;059540020020;100mN31480E41408;MC;MIX;3;46;M;F;4049;NEP
059540020020-10808;059540020020;100mN31480E41408;S;NA;1;50;M;F;5064;EMP
059540020020-10809;059540020020;100mN31480E41408;S;NA;1;63;M;F;5064;EMP
059540020020-10810;059540020020;100mN31480E41408;S;OS;1;60;W;M;5064;EMP
059540020020-10811;059540020020;100mN31480E41408;S;NA;1;62;S;F;5064;EMP
059540020020-10812;059540020020;100mN31480E41408;S;NA;1;16;S;F;1517;NEP
059540020020-10813;059540020020;100mN31480E41408;S;NA;1;76;W;F;75XX;EMP
059540020020-10814;059540020020;100mN31480E41408;SF;NA;2;46;D;F;4049;EMP
059540020020-10814;059540020020;100mN31480E41408;SF;NA;2;16;S;M;1517;EMP
059540020020-10815;059540020020;100mN31472E41432;S;OS;1;22;W;F;1824;EMP
059540020020-10816;059540020020;100mN31480E41408;S;NA;1;46;M;M;4049;EMP
059540020020-10817;059540020020;100mN31480E41408;S;NA;1;51;S;F;5064;NEP
059540020020-10818;059540020020;100mN31480E41408;PO;OS;2;83;S;F;75XX;NEP
059540020020-10818;059540020020;100mN31480E41408;PO;OS;2;89;S;M;75XX;EMP
059540020020-10819;059540020020;100mN31480E41408;MC;NA;2;56;M;M;5064;EMP
059540020020-10819;059540020020;100mN31480E41408;MC;NA;2;59;M;F;5064;EMP
059540020020-10820;059540020020;100mN31480E41408;MC;NA;4;46;M;M;4049;NEP
059540020020-10820;059540020020;100mN31480E41408;MC;NA;4;45;M;F;4049;EMP
059540020020-10820;059540020020;100mN31480E41408;MC;NA;4;16;S;F;1517;NEP
059540020020-10820;059540020020;100mN31480E41408;MC;NA;4;0;S;F;0003;NEP
059540020020-10821;059540020020;100mN31480E41408;MC;NA;2;30;M;M;3039;EMP
059540020020-10821;059540020020;100mN31480E41408;MC;NA;2;22;M;F;1824;NEP
059540020020-10822;059540020020;100mN31480E41408;S;NA;1;47;D;F;4049;EMP
059540020020-10823;059540020020;100mN31480E41408;MC;NA;2;51;M;F;5064;EMP
059540020020-10823;059540020020;100mN31480E41408;MC;NA;2;54;M;M;5064;EMP
059540020020-10824;059540020020;100mN31480E41408;MC;NA;3;55;M;F;5064;NEP
059540020020-10824;059540020020;100mN31480E41408;MC;NA;3;63;M;M;5064;NEP
059540020020-10824;059540020020;100mN31480E41408;MC;NA;3;12;S;M;0614;NEP
059540020020-10825;059540020020;100mN31480E41408;S;NA;1;60;D;F;5064;EMP
059540020020-10826;059540020020;100mN31480E41408;S;NA;1;45;D;F;4049;EMP
059540020020-10827;059540020020;100mN31480E41408;MC;NA;2;50;M;F;5064;NEP
059540020020-10827;059540020020;100mN31480E41408;MC;NA;2;55;M;M;5064;EMP
059540020020-10828;059540020020;100mN31480E41408;MC;NA;2;48;M;M;4049;EMP
059540020020-10828;059540020020;100mN31480E41408;MC;NA;2;45;M;F;4049;EMP
059540020020-10829;059540020020;100mN31480E41408;SF;NA;2;47;D;F;4049;NEP
059540020020-10829;059540020020;100mN31480E41408;SF;NA;2;31;W;F;3039;EMP
059540020020-10830;059540020020;100mN31480E41408;MC;OS;2;69;M;F;6574;EMP
059540020020-10830;059540020020;100mN31480E41408;MC;OS;2;70;M;M;6574;NEP
059540020020-10831;059540020020;100mN31480E41408;S;NA;1;83;M;F;75XX;EMP
059540020020-10832;059540020020;100mN31480E41408;MC;MIX;2;81;M;F;75XX;NEP
059540020020-10832;059540020020;100mN31480E41408;MC;MIX;2;58;M;M;5064;EMP
059540020020-10833;059540020020;100mN31480E41408;MC;OS;2;79;M;F;75XX;EMP
059540020020-10833;059540020020;100mN31480E41408;MC;OS;2;81;M;M;75XX;UEP
059540020020-10834;059540020020;100mN31480E41408;S;NA;1;41;S;M;4049;NEP
059540020020-10835;059540020020;100mN31480E41408;NA;NA;4;54;S;F;5064;EMP
059540020020-10835;059540020020;100mN31480E41408;NA;NA;4;23;W;M;1824;NEP
059540020020-10835;059540020020;100mN31480E41408;NA;NA;4;26;M;F;2529;NEP
059540020020-10835;059540020020;100mN31480E41408;NA;NA;4;40;M;M;4049;EMP
059540020020-10836;059540020020;100mN31480E41408;MC;NA;2;30;M;M;3039;EMP
059540020020-10836;059540020020;100mN31480E41408;MC;NA;2;18;M;F;1824;EMP
059540020020-10837;059540020020;100mN31463E41424;SF;NA;2;28;W;F;2529;EMP
059540020020-10837;059540020020;100mN31463E41424;SF;NA;2;4;S;M;0305;NEP
059540020020-10838;059540020020;100mN31463E41424;MC;OS;6;76;M;F;75XX;EMP
059540020020-10838;059540020020;100mN31463E41424;MC;OS;6;79;M;M;75XX;EMP
059540020020-10838;059540020020;100mN31463E41424;MC;OS;6;84;S;M;75XX;NEP
059540020020-10838;059540020020;100mN31463E41424;MC;OS;6;66;S;M;6574;EMP
059540020020-10838;059540020020;100mN31463E41424;MC;OS;6;68;S;F;6574;NEP
059540020020-10838;059540020020;100mN31463E41424;MC;OS;6;89;M;F;75XX;NEP
059540020020-10839;059540020020;100mN31463E41424;S;NA;1;57;M;F;5064;EMP
059540020020-10840;059540020020;100mN31463E41424;MC;NA;3;57;M;F;5064;EMP
059540020020-10840;059540020020;100mN31463E41424;MC;NA;3;48;M;M;4049;UEP
059540020020-10840;059540020020;100mN31463E41424;MC;NA;3;8;S;M;0614;NEP
059540020020-10841;059540020020;100mN31463E41424;MC;NA;4;50;M;M;5064;EMP
059540020020-10841;059540020020;100mN31463E41424;MC;NA;4;50;M;F;5064;NEP
059540020020-10841;059540020020;100mN31463E41424;MC;NA;4;9;S;F;0614;NEP
059540020020-10841;059540020020;100mN31463E41424;MC;NA;4;28;M;M;2529;EMP
059540020020-10842;059540020020;100mN31463E41424;MC;NA;2;50;M;M;5064;NEP
059540020020-10842;059540020020;100mN31463E41424;MC;NA;2;48;M;F;4049;EMP
059540020020-10843;059540020020;100mN31463E41424;MC;NA;2;57;M;M;5064;EMP
059540020020-10843;059540020020;100mN31463E41424;MC;NA;2;51;M;F;5064;EMP
059540020020-10844;059540020020;100mN31463E41424;MC;NA;2;60;M;M;5064;NEP
059540020020-10844;059540020020;100mN31463E41424;MC;NA;2;63;M;F;5064;EMP
059540020020-10845;059540020020;100mN31463E41424;S;OS;1;40;M;F;4049;NEP
059540020020-10846;059540020020;100mN31463E41424;SF;NA;2;56;D;F;5064;NEP
059540020020-10846;059540020020;100mN31463E41424;SF;NA;2;8;S;M;0614;NEP
059540020020-10847;059540020020;100mN31463E41424;S;NA;1;34;M;F;3039;NEP
059540020020-10848;059540020020;100mN31463E41424;MC;NA;3;53;M;M;5064;NEP
059540020020-10848;059540020020;100mN31463E41424;MC;NA;3;48;M;F;4049;NEP
059540020020-10848;059540020020;100mN31463E41424;MC;NA;3;9;S;M;0614;NEP
059540020020-10849;059540020020;100mN31463E41424;S;OS;1;61;D;F;5064;NEP
059540020020-10850;059540020020;100mN31463E41424;S;NA;1;71;M;F;6574;NEP
059540020020-10851;059540020020;100mN31463E41424;MC;NA;3;41;M;M;4049;EMP
059540020020-10851;059540020020;100mN31463E41424;MC;NA;3;40;M;F;4049;NEP
059540020020-10851;059540020020;100mN31463E41424;MC;NA;3;13;S;F;0614;NEP
059540020020-10852;059540020020;100mN31463E41424;S;OS;1;30;M;F;3039;EMP
059540020020-10853;059540020020;100mN31463E41424;MC;NA;2;58;M;F;5064;EMP
059540020020-10853;059540020020;100mN31463E41424;MC;NA;2;62;M;M;5064;NEP
059540020020-10854;059540020020;100mN31463E41424;S;NA;1;68;M;F;6574;EMP
059540020020-10855;059540020020;100mN31463E41424;MC;NA;2;30;M;F;3039;NEP
059540020020-10855;059540020020;100mN31463E41424;MC;NA;2;38;M;M;3039;EMP
059540020020-10856;059540020020;100mN31463E41424;MC;MIX;2;89;M;F;75XX;EMP
059540020020-10856;059540020020;100mN31463E41424;MC;MIX;2;62;M;M;5064;EMP
059540020020-10857;059540020020;100mN31463E41424;MC;MIX;3;73;M;F;6574;NEP
059540020020-10857;059540020020;100mN31463E41424;MC;MIX;3;51;M;F;5064;EMP
059540020020-10857;059540020020;100mN31463E41424;MC;MIX;3;52;M;M;5064;UEP
059540020020-10858;059540020020;100mN31463E41424;MC;NA;3;63;M;F;5064;EMP
059540020020-10858;059540020020;100mN31463E41424;MC;NA;3;67;M;M;6574;EMP
059540020020-10858;059540020020;100mN31463E41424;MC;NA;3;8;S;M;0614;NEP
059540020020-10859;059540020020;100mN31500E41444;S;OS;1;22;W;F;1824;NEP
059540020020-10860;059540020020;100mN31500E41444;S;NA;1;36;D;M;3039;NEP
059540020020-10861;059540020020;100mN31500E41444;S;OS;1;53;M;F;5064;EMP
059540020020-10862;059540020020;100mN31484E41413;MC;NA;4;62;M;F;5064;NEP
059540020020-10862;059540020020;100mN31484E41413;MC;NA;4;63;M;M;5064;NEP
059540020020-10862;059540020020;100mN31484E41413;MC;NA;4;15;S;F;1517;EMP
059540020020-10862;059540020020;100mN31484E41413;MC;NA;4;44;W;M;4049;EMP
059540020020-10863;059540020020;100mN31475E41427;MC;OS;2;69;M;M;6574;EMP
059540020020-10863;059540020020;100mN31475E41427;MC;OS;2;67;M;F;6574;EMP
059540020020-10864;059540020020;100mN31484E41413;MC;OS;2;81;M;F;75XX;EMP
059540020020-10864;059540020020;100mN31484E41413;MC;OS;2;82;M;M;75XX;NEP
059540020020-10865;059540020020;100mN31484E41413;SF;MIX;2;65;S;F;6574;EMP
059540020020-10865;059540020020;100mN31484E41413;SF;MIX;2;0;S;M;0003;NEP
059540020020-10866;059540020020;100mN31484E41413;S;OS;1;23;M;M;1824;EMP
059540020020-10867;059540020020;100mN31484E41413;S;NA;1;52;D;M;5064;EMP
059540020020-10868;059540020020;100mN31484E41413;SF;NA;4;76;W;F;75XX;NEP
059540020020-10868;059540020020;100mN31484E41413;SF;NA;4;50;S;M;5064;EMP
059540020020-10868;059540020020;100mN31484E41413;SF;NA;4;43;D;M;4049;NEP
059540020020-10868;059540020020;100mN31484E41413;SF;NA;4;46;M;M;4049;EMP
059540020020-10869;059540020020;100mN31484E41413;MC;NA;2;40;M;F;4049;EMP
059540020020-10869;059540020020;100mN31484E41413;MC;NA;2;47;M;M;4049;EMP
059540020020-10870;059540020020;100mN31484E41413;S;NA;1;86;M;M;75XX;EMP
059540020020-10871;059540020020;100mN31473E41419;S;NA;1;52;S;M;5064;EMP
059540020020-10872;059540020020;100mN31484E41413;S;NA;1;57;S;M;5064;EMP
059540020020-10873;059540020020;100mN31484E41413;MC;OS;2;67;M;M;6574;EMP
059540020020-10873;059540020020;100mN31484E41413;MC;OS;2;88;M;F;75XX;EMP
059540020020-10874;059540020020;100mN31484E41413;MC;OS;2;71;M;F;6574;EMP
059540020020-10874;059540020020;100mN31484E41413;MC;OS;2;73;M;M;6574;NEP
059540020020-10875;059540020020;100mN31484E41413;S;NA;1;62;S;F;5064;EMP
059540020020-10876;059540020020;100mN31484E41413;S;NA;1;42;W;F;4049;NEP
059540020020-10877;059540020020;100mN31484E41413;MC;OS;5;73;M;F;6574;EMP
059540020020-10877;059540020020;100mN31484E41413;MC;OS;5;82;M;M;75XX;NEP
059540020020-10877;059540020020;100mN31484E41413;MC;OS;5;70;M;M;6574;NEP
059540020020-10877;059540020020;100mN31484E41413;MC;OS;5;66;M;M;6574;NEP
059540020020-10877;059540020020;100mN31484E41413;MC;OS;5;73;M;F;6574;NEP
059540020020-10878;059540020020;100mN31488E41422;MC;NA;2;58;M;M;5064;NEP
059540020020-10878;059540020020;100mN31488E41422;MC;NA;2;53;S;F;5064;EMP
059540020020-10879;059540020020;100mN31484E41413;MC;OS;2;86;M;M;75XX;UEP
059540020020-10879;059540020020;100mN31484E41413;MC;OS;2;86;M;F;75XX;NEP
059540020020-10880;059540020020;100mN31499E41438;SF;NA;2;69;S;F;6574;EMP
059540020020-10880;059540020020;100mN31499E41438;SF;NA;2;45;M;M;4049;EMP
059540020020-10881;059540020020;100mN31499E41438;S;OS;1;47;M;M;4049;NEP
059540020020-10882;059540020020;100mN31499E41438;MC;NA;4;50;M;M;5064;EMP
059540020020-10882;059540020020;100mN31499E41438;MC;NA;4;45;M;F;4049;EMP
059540020020-10882;059540020020;100mN31499E41438;MC;NA;4;2;S;M;0003;NEP
059540020020-10882;059540020020;100mN31499E41438;MC;NA;4;13;S;F;0614;NEP
059540020020-10883;059540020020;100mN31497E41444;S;OS;1;34;S;M;3039;EMP
059540020020-10884;059540020020;100mN31497E41444;SM;NA;3;42;S;M;4049;EMP
059540020020-10884;059540020020;100mN31497E41444;SM;NA;3;6;S;M;0614;NEP
059540020020-10884;059540020020;100mN31497E41444;SM;NA;3;23;D;F;1824;EMP
059540020020-10885;059540020020;100mN31498E41417;MC;NA;2;41;M;M;4049;NEP
059540020020-10885;059540020020;100mN31498E41417;MC;NA;2;40;M;F;4049;EMP
059540020020-10886;059540020020;100mN31475E41397;PO;OS;2;67;S;M;6574;EMP
059540020020-10886;059540020020;100mN31475E41397;PO;OS;2;69;S;M;6574;EMP
059540020020-10887;059540020020;100mN31475E41397;MC;NA;4;55;M;F;5064;NEP
059540020020-10887;059540020020;100mN31475E41397;MC;NA;4;57;M;M;5064;EMP
059540020020-10887;059540020020;100mN31475E41397;MC;NA;4;6;S;M;0614;NEP
059540020020-10887;059540020020;100mN31475E41397;MC;NA;4;6;S;F;0614;NEP
059540020020-10888;059540020020;100mN31475E41397;S;OS;1;43;S;M;4049;EMP
059540020020-10889;059540020020;100mN31472E41432;S;NA;1;67;W;M;6574;EMP
059540020020-10890;059540020020;100mN31472E41432;MC;OS;2;65;M;M;6574;UEP
059540020020-10890;059540020020;100mN31472E41432;MC;OS;2;73;M;F;6574;NEP
059540020020-10891;059540020020;100mN31472E41432;MC;OS;3;72;M;M;6574;EMP
059540020020-10891;059540020020;100mN31472E41432;MC;OS;3;70;M;F;6574;EMP
059540020020-10891;059540020020;100mN31472E41432;MC;OS;3;72;D;F;6574;EMP
059540020020-10892;059540020020;100mN31472E41432;MC;NA;2;62;M;M;5064;EMP
059540020020-10892;059540020020;100mN31472E41432;MC;NA;2;60;M;F;5064;NEP
059540020020-10893;059540020020;100mN31472E41432;S;NA;1;40;S;F;4049;NEP
059540020020-10894;059540020020;100mN31472E41432;S;NA;1;85;M;M;75XX;UEP
059540020020-10895;059540020020;100mN31472E41432;S;OS;1;45;M;F;4049;NEP
059540020020-10896;059540020020;100mN31472E41432;SF;NA;2;45;D;F;4049;EMP
059540020020-10896;059540020020;100mN31472E41432;SF;NA;2;13;S;M;0614;NEP
059540020020-10897;059540020020;100mN31472E41432;PO;NA;6;54;S;M;5064;EMP
059540020020-10897;059540020020;100mN31472E41432;PO;NA;6;46;S;M;4049;NEP
059540020020-10897;059540020020;100mN31472E41432;PO;NA;6;6;S;M;0614;NEP
059540020020-10897;059540020020;100mN31472E41432;PO;NA;6;13;S;F;0614;NEP
059540020020-10897;059540020020;100mN31472E41432;PO;NA;6;15;S;F;1517;EMP
059540020020-10897;059540020020;100mN31472E41432;PO;NA;6;1;S;F;0003;NEP
059540020020-10898;059540020020;100mN31472E41432;S;NA;1;48;M;F;4049;EMP
059540020020-10899;059540020020;100mN31472E41432;S;NA;1;18;M;F;1824;NEP
059540020020-10900;059540020020;100mN31472E41432;NA;MIX;3;50;M;M;5064;NEP
059540020020-10900;059540020020;100mN31472E41432;NA;MIX;3;50;S;M;5064;EMP
059540020020-10900;059540020020;100mN31472E41432;NA;MIX;3;66;M;F;6574;EMP
059540020020-10901;059540020020;100mN31472E41432;S;NA;1;45;S;M;4049;EMP
059540020020-10902;059540020020;100mN31472E41432;MC;NA;3;36;M;M;3039;NEP
059540020020-10902;059540020020;100mN31472E41432;MC;NA;3;37;M;F;3039;EMP
059540020020-10902;059540020020;100mN31472E41432;MC;NA;3;10;S;M;0614;NEP
059540020020-10903;059540020020;100mN31472E41432;S;OS;1;28;M;F;2529;NEP
059540020020-10904;059540020020;100mN31492E41446;MC;NA;2;46;M;F;4049;NEP
059540020020-10904;059540020020;100mN31492E41446;MC;NA;2;47;M;M;4049;UEP
059540020020-10905;059540020020;100mN31472E41432;MC;OS;4;77;M;F;75XX;NEP
059540020020-10905;059540020020;100mN31472E41432;MC;OS;4;73;M;M;6574;EMP
059540020020-10905;059540020020;100mN31472E41432;MC;OS;4;73;W;F;6574;NEP
059540020020-10905;059540020020;100mN31472E41432;MC;OS;4;87;M;F;75XX;EMP
059540020020-10906;059540020020;100mN31472E41432;MC;NA;2;28;M;F;2529;EMP
059540020020-10906;059540020020;100mN31472E41432;MC;NA;2;30;M;M;3039;NEP
059540020020-10907;059540020020;100mN31472E41432;S;OS;1;42;S;M;4049;EMP
059540020020-10908;059540020020;100mN31472E41432;S;NA;1;40;M;F;4049;EMP
059540020020-10909;059540020020;100mN31472E41432;S;NA;1;47;S;M;4049;EMP
059540020020-10910;059540020020;100mN31472E41432;S;NA;1;83;D;F;75XX;EMP
059540020020-10911;059540020020;100mN31472E41432;PO;NA;2;58;S;M;5064;EMP
059540020020-10911;059540020020;100mN31472E41432;PO;NA;2;54;S;M;5064;NEP
059540020020-10912;059540020020;100mN31472E41432;MC;NA;2;41;M;M;4049;EMP
059540020020-10912;059540020020;100mN31472E41432;MC;NA;2;40;M;F;4049;NEP
059540020020-10913;059540020020;100mN31472E41432;MC;OS;2;89;M;F;75XX;EMP
059540020020-10913;059540020020;100mN31472E41432;MC;OS;2;89;M;M;75XX;EMP
059540020020-10914;059540020020;100mN31472E41432;S;NA;1;40;M;F;4049;EMP
059540020020-10915;059540020020;100mN31472E41432;S;OS;1;52;M;F;5064;EMP
059540020020-10916;059540020020;100mN31472E41432;MC;MIX;2;65;M;F;6574;EMP
059540020020-10916;059540020020;100mN31472E41432;MC;MIX;2;16;S;F;1517;EMP
059540020020-10917;059540020020;100mN31472E41432;MC;NA;2;62;M;F;5064;EMP
059540020020-10917;059540020020;100mN31472E41432;MC;NA;2;63;M;M;5064;EMP
059540020020-10918;059540020020;100mN31472E41432;MC;NA;4;28;M;M;2529;EMP
059540020020-10918;059540020020;100mN31472E41432;MC;NA;4;26;M;F;2529;EMP
059540020020-10918;059540020020;100mN31472E41432;MC;NA;4;10;S;F;0614;NEP
059540020020-10918;059540020020;100mN31472E41432;MC;NA;4;10;S;M;0614;NEP
059540020020-10919;059540020020;100mN31472E41432;S;NA;1;54;M;F;5064;EMP
059540020020-10920;059540020020;100mN31472E41432;S;NA;1;68;M;F;6574;EMP
059540020020-10921;059540020020;100mN31481E41408;MC;MIX;2;68;M;M;6574;EMP
059540020020-10921;059540020020;100mN31481E41408;MC;MIX;2;59;M;M;5064;EMP
059540020020-10922;059540020020;100mN31472E41432;MC;NA;2;52;M;F;5064;NEP
059540020020-10922;059540020020;100mN31472E41432;MC;NA;2;48;M;M;4049;NEP
059540020020-10923;059540020020;100mN31472E41432;MC;MIX;6;65;M;F;6574;NEP
059540020020-10923;059540020020;100mN31472E41432;MC;MIX;6;61;M;M;5064;EMP
059540020020-10923;059540020020;100mN31472E41432;MC;MIX;6;71;M;M;6574;UEP
059540020020-10923;059540020020;100mN31472E41432;MC;MIX;6;15;S;F;1517;EMP
059540020020-10923;059540020020;100mN31472E41432;MC;MIX;6;18;W;M;1824;EMP
059540020020-10923;059540020020;100mN31472E41432;MC;MIX;6;11;S;M;0614;NEP
059540020020-10924;059540020020;100mN31472E41432;MC;NA;2;41;M;M;4049;NEP
059540020020-10924;059540020020;100mN31472E41432;MC;NA;2;40;M;F;4049;EMP
059540020020-10925;059540020020;100mN31472E41432;MC;OS;2;65;M;F;6574;NEP
059540020020-10925;059540020020;100mN31472E41432;MC;OS;2;68;M;M;6574;EMP
059540020020-10926;059540020020;100mN31472E41432;S;NA;1;36;M;M;3039;NEP
059540020020-10927;059540020020;100mN31472E41432;S;OS;1;77;M;F;75XX;NEP
059540020020-10928;059540020020;100mN31472E41432;S;NA;1;73;M;F;6574;NEP
059540020020-10929;059540020020;100mN31472E41432;SF;NA;4;47;W;F;4049;EMP
059540020020-10929;059540020020;100mN31472E41432;SF;NA;4;16;S;M;1517;EMP
059540020020-10929;059540020020;100mN31472E41432;SF;NA;4;6;S;M;0614;NEP
059540020020-10929;059540020020;100mN31472E41432;SF;NA;4;16;S;F;1517;NEP
059540020020-10930;059540020020;100mN31472E41432;MC;MIX;3;86;S;M;75XX;EMP
059540020020-10930;059540020020;100mN31472E41432;MC;MIX;3;23;M;M;1824;NEP
059540020020-10930;059540020020;100mN31472E41432;MC;MIX;3;18;M;F;1824;NEP
059540020020-10931;059540020020;100mN31472E41432;SF;NA;2;41;W;F;4049;EMP
059540020020-10931;059540020020;100mN31472E41432;SF;NA;2;16;S;M;1517;NEP
059540020020-10932;059540020020;100mN31472E41432;MC;OS;2;81;M;M;75XX;EMP
059540020020-10932;059540020020;100mN31472E41432;MC;OS;2;80;M;F;75XX;NEP
059540020020-10933;059540020020;100mN31472E41432;S;NA;1;70;S;F;6574;EMP
059540020020-10934;059540020020;100mN31472E41432;S;OS;1;59;M;F;5064;EMP
059540020020-10935;059540020020;100mN31472E41432;S;OS;1;73;D;M;6574;NEP
059540020020-10936;059540020020;100mN31472E41432;S;OS;1;22;W;F;1824;EMP
059540020020-10937;059540020020;100mN31472E41432;SF;NA;2;70;D;F;6574;EMP
059540020020-10937;059540020020;100mN31472E41432;SF;NA;2;4;S;F;0305;NEP
059540020020-10938;059540020020;100mN31472E41432;MC;NA;2;55;M;M;5064;EMP
059540020020-10938;059540020020;100mN31472E41432;MC;NA;2;50;M;F;5064;EMP
059540020020-10939;059540020020;100mN31472E41432;MC;OS;3;86;M;M;75XX;EMP
059540020020-10939;059540020020;100mN31472E41432;MC;OS;3;87;M;F;75XX;NEP
059540020020-10939;059540020020;100mN31472E41432;MC;OS;3;66;W;F;6574;NEP
059540020020-10940;059540020020;100mN31472E41432;S;NA;1;81;M;M;75XX;NEP
059540020020-10941;059540020020;100mN31472E41432;MC;OS;2;70;M;F;6574;EMP
059540020020-10941;059540020020;100mN31472E41432;MC;OS;2;75;M;M;75XX;NEP
059540020020-10942;059540020020;100mN31472E41432;MC;NA;4;47;M;F;4049;EMP
059540020020-10942;059540020020;100mN31472E41432;MC;NA;4;51;M;M;5064;NEP
059540020020-10942;059540020020;100mN31472E41432;MC;NA;4;12;S;M;0614;NEP
059540020020-10942;059540020020;100mN31472E41432;MC;NA;4;19;M;M;1824;EMP
059540020020-10943;059540020020;100mN31472E41432;MC;NA;2;42;M;F;4049;NEP
059540020020-10943;059540020020;100mN31472E41432;MC;NA;2;51;M;M;5064;EMP
059540020020-10944;059540020020;100mN31472E41432;S;OS;1;43;W;M;4049;NEP
059540020020-10945;059540020020;100mN31472E41432;MC;NA;3;62;M;F;5064;EMP
059540020020-10945;059540020020;100mN31472E41432;MC;NA;3;6;S;M;0614;NEP
059540020020-10945;059540020020;100mN31472E41432;MC;NA;3;44;M;M;4049;EMP
059540020020-10946;059540020020;100mN31472E41432;SM;NA;3;57;D;M;5064;NEP
059540020020-10946;059540020020;100mN31472E41432;SM;NA;3;42;W;F;4049;EMP
059540020020-10946;059540020020;100mN31472E41432;SM;NA;3;2;S;F;0003;NEP
059540020020-10947;059540020020;100mN31472E41432;S;OS;1;22;M;F;1824;NEP
059540020020-10948;059540020020;100mN31472E41432;MC;OS;2;77;M;M;75XX;NEP
059540020020-10948;059540020020;100mN31472E41432;MC;OS;2;69;M;F;6574;NEP
059540020020-10949;059540020020;100mN31472E41432;MC;NA;3;36;M;M;3039;NEP
059540020020-10949;059540020020;100mN31472E41432;MC;NA;3;37;M;F;3039;EMP
059540020020-10949;059540020020;100mN31472E41432;MC;NA;3;9;S;F;0614;NEP
059540020020-10950;059540020020;100mN31481E41395;MC;NA;4;57;M;F;5064;EMP
059540020020-10950;059540020020;100mN31481E41395;MC;NA;4;51;M;M;5064;EMP
059540020020-10950;059540020020;100mN31481E41395;MC;NA;4;13;S;F;0614;NEP
059540020020-10950;059540020020;100mN31481E41395;MC;NA;4;21;M;M;1824;NEP
059540020020-10951;059540020020;100mN31481E41395;MC;OS;3;87;M;F;75XX;EMP
059540020020-10951;059540020020;100mN31481E41395;MC;OS;3;25;M;M;2529;EMP
059540020020-10951;059540020020;100mN31481E41395;MC;OS;3;71;M;M;6574;EMP
059540020020-10952;059540020020;100mN31481E41395;S;NA;1;73;W;F;6574;EMP
059540020020-10953;059540020020;100mN31474E41418;MC;NA;3;52;M;M;5064;EMP
059540020020-10953;059540020020;100mN31474E41418;MC;NA;3;52;M;F;5064;NEP
059540020020-10953;059540020020;100mN31474E41418;MC;NA;3;26;M;F;2529;EMP
059540020020-10954;059540020020;100mN31474E41418;MC;OS;2;77;M;F;75XX;NEP
059540020020-10954;059540020020;100mN31474E41418;MC;OS;2;85;M;M;75XX;NEP
059540020020-10955;059540020020;100mN31474E41418;MC;NA;4;62;M;F;5064;NEP
059540020020-10955;059540020020;100mN31474E41418;MC;NA;4;19;M;F;1824;EMP
059540020020-10955;059540020020;100mN31474E41418;MC;NA;4;12;S;M;0614;NEP
059540020020-10955;059540020020;100mN31474E41418;MC;NA;4;42;S;F;4049;EMP
059540020020-10956;059540020020;100mN31474E41418;MC;NA;3;55;M;M;5064;NEP
059540020020-10956;059540020020;100mN31474E41418;MC;NA;3;50;M;F;5064;EMP
059540020020-10956;059540020020;100mN31474E41418;MC;NA;3;3;S;F;0305;NEP
059540020020-10957;059540020020;100mN31474E41418;S;OS;1;47;S;M;4049;NEP
059540020020-10958;059540020020;100mN31474E41418;MC;OS;2;78;M;F;75XX;NEP
059540020020-10958;059540020020;100mN31474E41418;MC;OS;2;80;M;M;75XX;EMP
059540020020-10959;059540020020;100mN31474E41418;S;NA;1;47;S;M;4049;EMP
059540020020-10960;059540020020;100mN31488E41438;MC;NA;2;48;M;F;4049;NEP
059540020020-10960;059540020020;100mN31488E41438;MC;NA;2;56;M;M;5064;EMP
059540020020-10961;059540020020;100mN31488E41438;PO;OS;2;80;S;F;75XX;EMP
059540020020-10961;059540020020;100mN31488E41438;PO;OS;2;82;S;M;75XX;NEP
059540020020-10962;059540020020;100mN31485E41412;S;OS;1;38;M;M;3039;NEP
059540020020-10963;059540020020;100mN31488E41438;S;NA;1;50;M;F;5064;NEP
059540020020-10964;059540020020;100mN31488E41438;MC;NA;2;45;M;F;4049;NEP
059540020020-10964;059540020020;100mN31488E41438;MC;NA;2;51;M;M;5064;NEP
059540020020-10965;059540020020;100mN31488E41438;SF;MIX;6;65;D;M;6574;EMP
059540020020-10965;059540020020;100mN31488E41438;SF;MIX;6;65;W;F;6574;NEP
059540020020-10965;059540020020;100mN31488E41438;SF;MIX;6;9;S;M;0614;NEP
059540020020-10965;059540020020;100mN31488E41438;SF;MIX;6;12;S;M;0614;NEP
059540020020-10965;059540020020;100mN31488E41438;SF;MIX;6;7;S;F;0614;NEP
059540020020-10965;059540020020;100mN31488E41438;SF;MIX;6;13;S;M;0614;NEP
059540020020-10966;059540020020;100mN31488E41438;MC;MIX;2;70;M;F;6574;NEP
059540020020-10966;059540020020;100mN31488E41438;MC;MIX;2;23;M;M;1824;EMP
059540020020-10967;059540020020;100mN31488E41438;S;OS;1;53;M;F;5064;EMP
059540020020-10968;059540020020;100mN31488E41438;SF;NA;2;63;S;F;5064;NEP
059540020020-10968;059540020020;100mN31488E41438;SF;NA;2;16;S;M;1517;NEP
059540020020-10969;059540020020;100mN31463E41427;S;OS;1;31;W;F;3039;NEP
059540020020-10970;059540020020;100mN31488E41438;S;OS;1;81;D;F;75XX;EMP
059540020020-10971;059540020020;100mN31488E41438;SF;NA;3;50;S;F;5064;NEP
059540020020-10971;059540020020;100mN31488E41438;SF;NA;3;31;S;F;3039;EMP
059540020020-10971;059540020020;100mN31488E41438;SF;NA;3;19;W;F;1824;EMP
059540020020-10972;059540020020;100mN31488E41438;S;NA;1;55;S;F;5064;NEP
059540020020-10973;059540020020;100mN31488E41438;MC;NA;2;47;M;M;4049;NEP
059540020020-10973;059540020020;100mN31488E41438;MC;NA;2;47;M;F;4049;EMP
059540020020-10974;059540020020;100mN31473E41426;S;OS;1;50;M;F;5064;NEP
059540020020-10975;059540020020;100mN31473E41426;S;NA;1;81;S;F;75XX;NEP
059540020020-10976;059540020020;100mN31473E41426;S;OS;1;45;M;F;4049;NEP
059540020020-10977;059540020020;100mN31473E41426;S;NA;1;26;PD;M;2529;EMP
059540020020-10978;059540020020;100mN31473E41426;SF;NA;6;84;D;F;75XX;NEP
059540020020-10978;059540020020;100mN31473E41426;SF;NA;6;19;S;F;1824;EMP
059540020020-10978;059540020020;100mN31473E41426;SF;NA;6;27;M;F;2529;EMP
059540020020-10978;059540020020;100mN31473E41426;SF;NA;6;3;S;F;0305;NEP
059540020020-10978;059540020020;100mN31473E41426;SF;NA;6;6;S;F;0614;NEP
059540020020-10978;059540020020;100mN31473E41426;SF;NA;6;13;S;F;0614;NEP
059540020020-10979;059540020020;100mN31473E41426;MC;NA;2;43;M;M;4049;EMP
059540020020-10979;059540020020;100mN31473E41426;MC;NA;2;42;M;F;4049;EMP
059540020020-10980;059540020020;100mN31474E41394;MC;NA;5;19;M;M;1824;EMP
059540020020-10980;059540020020;100mN31474E41394;MC;NA;5;20;M;F;1824;NEP
059540020020-10980;059540020020;100mN31474E41394;MC;NA;5;0;S;F;0003;NEP
059540020020-10980;059540020020;100mN31474E41394;MC;NA;5;4;S;F;0305;NEP
059540020020-10980;059540020020;100mN31474E41394;MC;NA;5;1;S;M;0003;NEP
059540020020-10981;059540020020;100mN31474E41394;MC;NA;2;33;M;F;3039;NEP
059540020020-10981;059540020020;100mN31474E41394;MC;NA;2;27;M;M;2529;EMP
059540020020-10982;059540020020;100mN31474E41394;MC;NA;2;45;M;M;4049;EMP
059540020020-10982;059540020020;100mN31474E41394;MC;NA;2;43;M;F;4049;EMP
059540020020-10983;059540020020;100mN31485E41412;S;OS;1;18;W;M;1824;NEP
059540020020-10984;059540020020;100mN31466E41430;NA;NA;3;25;M;M;2529;EMP
059540020020-10984;059540020020;100mN31466E41430;NA;NA;3;46;S;M;4049;EMP
059540020020-10984;059540020020;100mN31466E41430;NA;NA;3;33;S;M;3039;EMP
059540020020-10985;059540020020;100mN31485E41412;S;OS;1;76;W;M;75XX;NEP
059540020020-10986;059540020020;100mN31485E41412;MC;NA;3;25;M;M;2529;NEP
059540020020-10986;059540020020;100mN31485E41412;MC;NA;3;28;M;F;2529;EMP
059540020020-10986;059540020020;100mN31485E41412;MC;NA;3;9;S;M;0614;NEP
059540020020-10987;059540020020;100mN31485E41412;S;OS;1;16;S;F;1517;EMP
059540020020-10988;059540020020;100mN31485E41412;S;OS;1;38;M;M;3039;NEP
059540020020-10989;059540020020;100mN31485E41412;S;OS;1;18;S;M;1824;EMP
059540020020-10990;059540020020;100mN31485E41412;MC;OS;4;69;M;F;6574;NEP
059540020020-10990;059540020020;100mN31485E41412;MC;OS;4;70;M;M;6574;NEP
059540020020-10990;059540020020;100mN31485E41412;MC;OS;4;75;S;F;75XX;EMP
059540020020-10990;059540020020;100mN31485E41412;MC;OS;4;72;M;M;6574;EMP
059540020020-10991;059540020020;100mN31485E41412;MC;NA;2;27;M;M;2529;EMP
059540020020-10991;059540020020;100mN31485E41412;MC;NA;2;27;M;F;2529;EMP
059540020020-10992;059540020020;100mN31485E41412;S;NA;1;38;M;M;3039;EMP
059540020020-10993;059540020020;100mN31485E41412;MC;NA;4;30;M;M;3039;EMP
059540020020-10993;059540020020;100mN31485E41412;MC;NA;4;33;M;F;3039;NEP
059540020020-10993;059540020020;100mN31485E41412;MC;NA;4;0;S;M;0003;NEP
059540020020-10993;059540020020;100mN31485E41412;MC;NA;4;12;S;M;0614;NEP
059540020020-10994;059540020020;100mN31473E41419;S;OS;1;48;M;F;4049;NEP
059540020020-10995;059540020020;100mN31473E41419;MC;NA;4;53;M;M;5064;EMP
059540020020-10995;059540020020;100mN31473E41419;MC;NA;4;56;M;F;5064;EMP
059540020020-10995;059540020020;100mN31473E41419;MC;NA;4;10;S;M;0614;NEP
059540020020-10995;059540020020;100mN31473E41419;MC;NA;4;38;D;M;3039;NEP
059540020020-10996;059540020020;100mN31473E41419;S;NA;1;77;W;F;75XX;NEP
059540020020-10997;059540020020;100mN31473E41419;S;NA;1;75;M;F;75XX;EMP
059540020020-10998;059540020020;100mN31473E41419;S;OS;1;55;M;M;5064;EMP
059540020020-10999;059540020020;100mN31473E41419;SF;NA;3;66;S;F;6574;EMP
059540020020-10999;059540020020;100mN31473E41419;SF;NA;3;12;S;M;0614;NEP
059540020020-10999;059540020020;100mN31473E41419;SF;NA;3;7;S;M;0614;NEP
059540020020-11000;059540020020;100mN31473E41419;MC;NA;3;43;M;F;4049;EMP
059540020020-11000;059540020020;100mN31473E41419;MC;NA;3;46;M;M;4049;NEP
059540020020-11000;059540020020;100mN31473E41419;MC;NA;3;12;S;F;0614;NEP
059540020020-11001;059540020020;100mN31473E41419;S;NA;1;25;M;F;2529;NEP
059540020020-11002;059540020020;100mN31473E41419;S;NA;1;52;S;M;5064;EMP
059540020020-11003;059540020020;100mN31473E41419;MC;NA;2;60;M;F;5064;NEP
059540020020-11003;059540020020;100mN31473E41419;MC;NA;2;60;M;M;5064;EMP
059540020020-11004;059540020020;100mN31473E41419;MC;NA;2;46;M;M;4049;EMP
059540020020-11004;059540020020;100mN31473E41419;MC;NA;2;37;M;F;3039;NEP
059540020020-11005;059540020020;100mN31473E41419;S;OS;1;41;S;F;4049;NEP
059540020020-11006;059540020020;100mN31473E41419;MC;OS;2;88;M;F;75XX;EMP
059540020020-11006;059540020020;100mN31473E41419;MC;OS;2;89;M;M;75XX;NEP
059540020020-11007;059540020020;100mN31473E41419;S;OS;1;22;D;M;1824;EMP
059540020020-11008;059540020020;100mN31473E41419;SF;MIX;2;77;W;F;75XX;EMP
059540020020-11008;059540020020;100mN31473E41419;SF;MIX;2;10;S;M;0614;NEP
059540020020-11009;059540020020;100mN31473E41419;MC;OS;2;65;M;F;6574;NEP
059540020020-11009;059540020020;100mN31473E41419;MC;OS;2;67;M;M;6574;EMP
059540020020-11010;059540020020;100mN31473E41419;MC;MIX;4;80;W;F;75XX;EMP
059540020020-11010;059540020020;100mN31473E41419;MC;MIX;4;53;M;M;5064;NEP
059540020020-11010;059540020020;100mN31473E41419;MC;MIX;4;52;M;F;5064;NEP
059540020020-11010;059540020020;100mN31473E41419;MC;MIX;4;34;D;F;3039;NEP
059540020020-11011;059540020020;100mN31473E41419;S;NA;1;48;S;M;4049;NEP
059540020020-11012;059540020020;100mN31481E41408;SF;NA;2;50;S;F;5064;EMP
059540020020-11012;059540020020;100mN31481E41408;SF;NA;2;18;S;M;1824;EMP
059540020020-11013;059540020020;100mN31468E41419;MC;NA;2;32;M;F;3039;EMP
059540020020-11013;059540020020;100mN31468E41419;MC;NA;2;31;M;M;3039;NEP
059540020020-11014;059540020020;100mN31481E41408;MC;NA;2;48;M;M;4049;EMP
059540020020-11014;059540020020;100mN31481E41408;MC;NA;2;45;M;F;4049;NEP
059540020020-11015;059540020020;100mN31481E41408;S;NA;1;55;M;F;5064;NEP
059540020020-11016;059540020020;100mN31481E41408;S;OS;1;68;M;M;6574;EMP
059540020020-11017;059540020020;100mN31481E41408;NA;NA;2;32;M;F;3039;NEP
059540020020-11017;059540020020;100mN31481E41408;NA;NA;2;23;D;M;1824;EMP
059540020020-11018;059540020020;100mN31481E41408;SF;NA;2;75;S;F;75XX;EMP
059540020020-11018;059540020020;100mN31481E41408;SF;NA;2;13;S;F;0614;NEP
059540020020-11019;059540020020;100mN31481E41408;MC;OS;2;81;M;F;75XX;EMP
059540020020-11019;059540020020;100mN31481E41408;MC;OS;2;81;M;M;75XX;EMP
059540020020-11020;059540020020;100mN31481E41408;S;NA;1;58;M;M;5064;NEP
059540020020-11021;059540020020;100mN31481E41408;S;NA;1;46;M;M;4049;EMP
059540020020-11022;059540020020;100mN31481E41408;MC;NA;4;60;M;F;5064;EMP
059540020020-11022;059540020020;100mN31481E41408;MC;NA;4;53;S;F;5064;NEP
059540020020-11022;059540020020;100mN31481E41408;MC;NA;4;13;S;F;0614;NEP
059540020020-11022;059540020020;100mN31481E41408;MC;NA;4;8;S;F;0614;NEP
059540020020-11023;059540020020;100mN31481E41408;S;OS;1;43;W;M;4049;EMP
059540020020-11024;059540020020;100mN31481E41408;MC;NA;2;31;M;F;3039;EMP
059540020020-11024;059540020020;100mN31481E41408;MC;NA;2;32;M;M;3039;NEP
059540020020-11025;059540020020;100mN31481E41408;S;OS;1;70;S;F;6574;EMP
059540020020-11026;059540020020;100mN31481E41408;S;NA;1;42;S;M;4049;EMP
059540020020-11027;059540020020;100mN31481E41408;MC;NA;2;48;M;F;4049;NEP
059540020020-11027;059540020020;100mN31481E41408;MC;NA;2;51;M;M;5064;EMP
059540020020-11028;059540020020;100mN31481E41408;MC;OS;2;69;M;M;6574;EMP
059540020020-11028;059540020020;100mN31481E41408;MC;OS;2;68;M;F;6574;EMP
059540020020-11029;059540020020;100mN31481E41408;MC;NA;3;58;M;F;5064;EMP
059540020020-11029;059540020020;100mN31481E41408;MC;NA;3;61;M;M;5064;EMP
059540020020-11029;059540020020;100mN31481E41408;MC;NA;3;15;S;M;1517;NEP
059540020020-11030;059540020020;100mN31481E41408;MC;NA;2;60;M;F;5064;EMP
059540020020-11030;059540020020;100mN31481E41408;MC;NA;2;62;M;M;5064;EMP
059540020020-11031;059540020020;100mN31481E41408;S;OS;1;57;S;F;5064;NEP
059540020020-11032;059540020020;100mN31481E41408;S;OS;1;89;M;F;75XX;EMP
059540020020-11033;059540020020;100mN31481E41408;MC;NA;3;34;M;M;3039;EMP
059540020020-11033;059540020020;100mN31481E41408;MC;NA;3;30;M;F;3039;EMP
059540020020-11033;059540020020;100mN31481E41408;MC;NA;3;8;S;M;0614;NEP
059540020020-11034;059540020020;100mN31481E41408;MC;OS;2;70;M;F;6574;NEP
059540020020-11034;059540020020;100mN31481E41408;MC;OS;2;76;M;M;75XX;NEP
059540020020-11035;059540020020;100mN31481E41408;S;OS;1;71;D;F;6574;EMP
059540020020-11036;059540020020;100mN31481E41408;MC;MIX;2;68;M;M;6574;EMP
059540020020-11036;059540020020;100mN31481E41408;MC;MIX;2;59;M;M;5064;EMP
059540020020-11037;059540020020;100mN31481E41408;S;NA;1;50;M;M;5064;EMP
059540020020-11038;059540020020;100mN31498E41417;MC;NA;2;41;M;M;4049;NEP
059540020020-11038;059540020020;100mN31498E41417;MC;NA;2;40;M;F;4049;EMP
059540020020-11039;059540020020;100mN31498E41417;S;OS;1;35;M;F;3039;NEP
059540020020-11040;059540020020;100mN31498E41417;S;NA;1;47;M;M;4049;NEP
059540020020-11041;059540020020;100mN31498E41417;PO;NA;2;43;S;F;4049;NEP
059540020020-11041;059540020020;100mN31498E41417;PO;NA;2;36;S;F;3039;NEP
059540020020-11042;059540020020;100mN31498E41417;S;NA;1;63;M;F;5064;NEP
059540020020-11043;059540020020;100mN31498E41417;MC;NA;2;25;M;M;2529;NEP
059540020020-11043;059540020020;100mN31498E41417;MC;NA;2;23;M;F;1824;EMP
059540020020-11044;059540020020;100mN31498E41417;MC;NA;2;55;M;M;5064;NEP
059540020020-11044;059540020020;100mN31498E41417;MC;NA;2;48;M;F;4049;NEP
059540020020-11045;059540020020;100mN31498E41417;S;NA;1;63;M;M;5064;EMP
059540020020-11046;059540020020;100mN31498E41417;MC;OS;2;68;M;F;6574;EMP
059540020020-11046;059540020020;100mN31498E41417;MC;OS;2;72;M;M;6574;NEP
059540020020-11047;059540020020;100mN31498E41417;PO;NA;3;21;S;M;1824;EMP
059540020020-11047;059540020020;100mN31498E41417;PO;NA;3;18;S;M;1824;EMP
059540020020-11047;059540020020;100mN31498E41417;PO;NA;3;6;S;M;0614;NEP
059540020020-11048;059540020020;100mN31498E41417;MC;MIX;2;75;M;M;75XX;EMP
059540020020-11048;059540020020;100mN31498E41417;MC;MIX;2;56;M;F;5064;EMP
059540020020-11049;059540020020;100mN31498E41417;MC;OS;2;69;M;M;6574;NEP
059540020020-11049;059540020020;100mN31498E41417;MC;OS;2;66;M;F;6574;EMP
059540020020-11050;059540020020;100mN31498E41417;S;OS;1;69;W;M;6574;EMP
059540020020-11051;059540020020;100mN31498E41417;MC;OS;2;81;M;F;75XX;NEP
059540020020-11051;059540020020;100mN31498E41417;MC;OS;2;84;M;M;75XX;EMP
059540020020-11052;059540020020;100mN31473E41422;S;NA;1;36;M;F;3039;EMP
059540020020-11053;059540020020;100mN31473E41422;S;NA;1;82;M;M;75XX;EMP
059540020020-11054;059540020020;100mN31473E41422;MC;NA;6;60;M;M;5064;EMP
059540020020-11054;059540020020;100mN31473E41422;MC;NA;6;58;M;F;5064;NEP
059540020020-11054;059540020020;100mN31473E41422;MC;NA;6;6;S;M;0614;NEP
059540020020-11054;059540020020;100mN31473E41422;MC;NA;6;8;S;F;0614;NEP
059540020020-11054;059540020020;100mN31473E41422;MC;NA;6;3;S;F;0305;NEP
059540020020-11054;059540020020;100mN31473E41422;MC;NA;6;7;S;M;0614;NEP
059540020020-11055;059540020020;100mN31473E41422;MC;NA;6;54;M;F;5064;NEP
059540020020-11055;059540020020;100mN31473E41422;MC;NA;6;57;M;M;5064;EMP
059540020020-11055;059540020020;100mN31473E41422;MC;NA;6;13;S;M;0614;NEP
059540020020-11055;059540020020;100mN31473E41422;MC;NA;6;3;S;M;0305;NEP
059540020020-11055;059540020020;100mN31473E41422;MC;NA;6;10;S;M;0614;NEP
059540020020-11055;059540020020;100mN31473E41422;MC;NA;6;12;S;F;0614;NEP
059540020020-11056;059540020020;100mN31473E41422;MC;MIX;3;66;S;F;6574;NEP
059540020020-11056;059540020020;100mN31473E41422;MC;MIX;3;38;M;M;3039;EMP
059540020020-11056;059540020020;100mN31473E41422;MC;MIX;3;30;M;F;3039;NEP
059540020020-11057;059540020020;100mN31473E41422;MC;NA;4;45;M;F;4049;NEP
059540020020-11057;059540020020;100mN31473E41422;MC;NA;4;53;M;M;5064;EMP
059540020020-11057;059540020020;100mN31473E41422;MC;NA;4;1;S;F;0003;NEP
059540020020-11057;059540020020;100mN31473E41422;MC;NA;4;15;S;F;1517;EMP
059540020020-11058;059540020020;100mN31473E41422;PO;OS;2;67;S;F;6574;NEP
059540020020-11058;059540020020;100mN31473E41422;PO;OS;2;65;S;F;6574;NEP
059540020020-11059;059540020020;100mN31473E41422;SF;NA;3;30;D;F;3039;NEP
059540020020-11059;059540020020;100mN31473E41422;SF;NA;3;9;S;M;0614;NEP
059540020020-11059;059540020020;100mN31473E41422;SF;NA;3;7;S;F;0614;NEP
059540020020-11060;059540020020;100mN31473E41422;MC;OS;3;83;M;M;75XX;NEP
059540020020-11060;059540020020;100mN31473E41422;MC;OS;3;75;M;F;75XX;EMP
059540020020-11060;059540020020;100mN31473E41422;MC;OS;3;69;S;M;6574;EMP
059540020020-11061;059540020020;100mN31473E41422;MC;NA;3;41;M;M;4049;EMP
059540020020-11061;059540020020;100mN31473E41422;MC;NA;3;32;M;F;3039;EMP
059540020020-11061;059540020020;100mN31473E41422;MC;NA;3;1;S;F;0003;NEP
059540020020-11062;059540020020;100mN31473E41422;MC;MIX;2;78;M;M;75XX;NEP
059540020020-11062;059540020020;100mN31473E41422;MC;MIX;2;57;M;F;5064;EMP
059540020020-11063;059540020020;100mN31473E41422;SF;NA;3;76;W;F;75XX;EMP
059540020020-11063;059540020020;100mN31473E41422;SF;NA;3;56;M;M;5064;UEP
059540020020-11063;059540020020;100mN31473E41422;SF;NA;3;1;S;F;0003;NEP
059540020020-11064;059540020020;100mN31473E41422;MC;OS;2;65;M;M;6574;NEP
059540020020-11064;059540020020;100mN31473E41422;MC;OS;2;65;M;F;6574;EMP
059540020020-11065;059540020020;100mN31473E41422;MC;NA;3;61;M;M;5064;NEP
059540020020-11065;059540020020;100mN31473E41422;MC;NA;3;40;D;F;4049;EMP
059540020020-11065;059540020020;100mN31473E41422;MC;NA;3;15;S;M;1517;EMP
059540020020-11066;059540020020;100mN31473E41422;MC;NA;3;51;M;F;5064;NEP
059540020020-11066;059540020020;100mN31473E41422;MC;NA;3;51;M;M;5064;EMP
059540020020-11066;059540020020;100mN31473E41422;MC;NA;3;7;S;F;0614;NEP
059540020020-11067;059540020020;100mN31473E41422;MC;NA;2;34;M;M;3039;EMP
059540020020-11067;059540020020;100mN31473E41422;MC;NA;2;31;M;F;3039;NEP
059540020020-11068;059540020020;100mN31473E41422;PO;NA;3;53;S;F;5064;NEP
059540020020-11068;059540020020;100mN31473E41422;PO;NA;3;61;S;F;5064;EMP
059540020020-11068;059540020020;100mN31473E41422;PO;NA;3;13;S;M;0614;NEP
059540020020-11069;059540020020;100mN31473E41422;MC;NA;2;52;M;M;5064;EMP
059540020020-11069;059540020020;100mN31473E41422;MC;NA;2;48;M;F;4049;EMP
059540020020-11070;059540020020;100mN31473E41422;MC;MIX;3;75;S;F;75XX;EMP
059540020020-11070;059540020020;100mN31473E41422;MC;MIX;3;59;M;M;5064;NEP
059540020020-11070;059540020020;100mN31473E41422;MC;MIX;3;51;M;F;5064;EMP
059540020020-11071;059540020020;100mN31473E41422;PO;NA;3;43;S;M;4049;NEP
059540020020-11071;059540020020;100mN31473E41422;PO;NA;3;42;S;F;4049;EMP
059540020020-11071;059540020020;100mN31473E41422;PO;NA;3;26;M;M;2529;NEP
059540020020-11072;059540020020;100mN31473E41422;S;NA;1;46;S;F;4049;NEP
059540020020-11073;059540020020;100mN31473E41422;MC;OS;2;71;M;F;6574;NEP
059540020020-11073;059540020020;100mN31473E41422;MC;OS;2;76;M;M;75XX;EMP
059540020020-11074;059540020020;100mN31473E41422;S;NA;1;19;M;F;1824;EMP
059540020020-11075;059540020020;100mN31473E41422;PO;OS;6;65;S;F;6574;NEP
059540020020-11075;059540020020;100mN31473E41422;PO;OS;6;71;S;F;6574;EMP
059540020020-11075;059540020020;100mN31473E41422;PO;OS;6;71;S;F;6574;NEP
059540020020-11075;059540020020;100mN31473E41422;PO;OS;6;70;M;M;6574;EMP
059540020020-11075;059540020020;100mN31473E41422;PO;OS;6;66;W;F;6574;NEP
059540020020-11075;059540020020;100mN31473E41422;PO;OS;6;67;W;M;6574;EMP
059540020020-11076;059540020020;100mN31473E41422;S;NA;1;25;M;F;2529;NEP
059540020020-11077;059540020020;100mN31473E41422;MC;NA;4;42;M;F;4049;NEP
059540020020-11077;059540020020;100mN31473E41422;MC;NA;4;42;M;M;4049;EMP
059540020020-11077;059540020020;100mN31473E41422;MC;NA;4;1;S;F;0003;NEP
059540020020-11077;059540020020;100mN31473E41422;MC;NA;4;7;S;F;0614;NEP
059540020020-11078;059540020020;100mN31473E41422;MC;NA;2;60;M;M;5064;NEP
059540020020-11078;059540020020;100mN31473E41422;MC;NA;2;58;M;F;5064;EMP
059540020020-11079;059540020020;100mN31473E41422;MC;NA;2;40;M;F;4049;NEP
059540020020-11079;059540020020;100mN31473E41422;MC;NA;2;40;M;M;4049;EMP
059540020020-11080;059540020020;100mN31473E41422;MC;OS;2;66;M;M;6574;EMP
059540020020-11080;059540020020;100mN31473E41422;MC;OS;2;67;M;F;6574;NEP
059540020020-11081;059540020020;100mN31473E41422;S;NA;1;21;M;M;1824;EMP
059540020020-11082;059540020020;100mN31473E41422;MC;NA;2;41;M;F;4049;EMP
059540020020-11082;059540020020;100mN31473E41422;MC;NA;2;48;M;M;4049;NEP
059540020020-11083;059540020020;100mN31473E41422;S;OS;1;86;M;M;75XX;EMP
059540020020-11084;059540020020;100mN31473E41422;MC;OS;2;79;M;M;75XX;NEP
059540020020-11084;059540020020;100mN31473E41422;MC;OS;2;72;M;F;6574;NEP
059540020020-11085;059540020020;100mN31473E41422;S;NA;1;55;W;F;5064;EMP
059540020020-11086;059540020020;100mN31473E41422;SM;MIX;3;71;S;M;6574;EMP
059540020020-11086;059540020020;100mN31473E41422;SM;MIX;3;43;D;M;4049;NEP
059540020020-11086;059540020020;100mN31473E41422;SM;MIX;3;9;S;M;0614;NEP
059540020020-11087;059540020020;100mN31473E41422;MC;OS;2;87;M;F;75XX;EMP
059540020020-11087;059540020020;100mN31473E41422;MC;OS;2;85;M;M;75XX;UEP
059540020020-11088;059540020020;100mN31473E41422;S;NA;1;62;D;F;5064;NEP
059540020020-11089;059540020020;100mN31473E41422;MC;NA;2;37;M;F;3039;EMP
059540020020-11089;059540020020;100mN31473E41422;MC;NA;2;41;M;M;4049;EMP
059540020020-11090;059540020020;100mN31473E41422;S;NA;1;18;M;M;1824;EMP
059540020020-11091;059540020020;100mN31473E41422;MC;OS;4;77;M;F;75XX;EMP
059540020020-11091;059540020020;100mN31473E41422;MC;OS;4;86;M;M;75XX;NEP
059540020020-11091;059540020020;100mN31473E41422;MC;OS;4;81;S;F;75XX;EMP
059540020020-11091;059540020020;100mN31473E41422;MC;OS;4;86;M;F;75XX;NEP
059540020020-11092;059540020020;100mN31473E41422;S;NA;1;77;M;F;75XX;EMP
059540020020-11093;059540020020;100mN31473E41422;S;OS;1;66;M;M;6574;EMP
059540020020-11094;059540020020;100mN31473E41422;S;OS;1;51;D;F;5064;NEP
059540020020-11095;059540020020;100mN31473E41422;S;NA;1;71;M;M;6574;EMP
059540020020-11096;059540020020;100mN31473E41422;S;OS;1;48;M;F;4049;NEP
059540020020-11097;059540020020;100mN31473E41422;MC;MIX;2;87;M;M;75XX;EMP
059540020020-11097;059540020020;100mN31473E41422;MC;MIX;2;71;S;M;6574;EMP
059540020020-11098;059540020020;100mN31473E41422;SF;NA;4;34;W;F;3039;EMP
059540020020-11098;059540020020;100mN31473E41422;SF;NA;4;12;S;M;0614;NEP
059540020020-11098;059540020020;100mN31473E41422;SF;NA;4;12;S;M;0614;NEP
059540020020-11098;059540020020;100mN31473E41422;SF;NA;4;18;M;M;1824;NEP
059540020020-11099;059540020020;100mN31473E41422;S;NA;1;65;S;F;6574;EMP
059540020020-11100;059540020020;100mN31492E41426;S;NA;1;77;D;F;75XX;EMP
059540020020-11101;059540020020;100mN31483E41410;S;NA;1;40;M;M;4049;EMP
059540020020-11102;059540020020;100mN31483E41410;S;OS;1;55;W;F;5064;EMP
059540020020-11103;059540020020;100mN31483E41410;S;OS;1;20;W;F;1824;EMP
059540020020-11104;059540020020;100mN31483E41410;MC;OS;2;68;M;M;6574;EMP
059540020020-11104;059540020020;100mN31483E41410;MC;OS;2;67;M;F;6574;NEP
059540020020-11105;059540020020;100mN31483E41410;MC;NA;2;56;M;F;5064;NEP
059540020020-11105;059540020020;100mN31483E41410;MC;NA;2;58;M;M;5064;NEP
059540020020-11106;059540020020;100mN31483E41410;MC;NA;2;58;M;F;5064;NEP
059540020020-11106;059540020020;100mN31483E41410;MC;NA;2;62;M;M;5064;NEP
059540020020-11107;059540020020;100mN31483E41410;MC;NA;2;57;M;M;5064;NEP
059540020020-11107;059540020020;100mN31483E41410;MC;NA;2;18;M;F;1824;NEP
059540020020-11108;059540020020;100mN31483E41410;MC;NA;3;44;M;M;4049;EMP
059540020020-11108;059540020020;100mN31483E41410;MC;NA;3;18;M;F;1824;EMP
059540020020-11108;059540020020;100mN31483E41410;MC;NA;3;9;S;M;0614;NEP
059540020020-11109;059540020020;100mN31483E41410;MC;NA;3;41;M;M;4049;EMP
059540020020-11109;059540020020;100mN31483E41410;MC;NA;3;41;M;F;4049;EMP
059540020020-11109;059540020020;100mN31483E41410;MC;NA;3;15;S;F;1517;NEP
059540020020-11110;059540020020;100mN31483E41410;MC;OS;2;86;M;M;75XX;EMP
059540020020-11110;059540020020;100mN31483E41410;MC;OS;2;79;M;F;75XX;NEP
059540020020-11111;059540020020;100mN31483E41410;MC;MIX;3;88;S;F;75XX;NEP
059540020020-11111;059540020020;100mN31483E41410;MC;MIX;3;58;M;M;5064;EMP
059540020020-11111;059540020020;100mN31483E41410;MC;MIX;3;60;M;F;5064;EMP
059540020020-11112;059540020020;100mN31483E41410;MC;OS;2;68;M;M;6574;NEP
059540020020-11112;059540020020;100mN31483E41410;MC;OS;2;68;M;F;6574;EMP
059540020020-11113;059540020020;100mN31483E41410;S;NA;1;27;M;F;2529;NEP
059540020020-11114;059540020020;100mN31483E41410;PO;NA;4;61;S;M;5064;EMP
059540020020-11114;059540020020;100mN31483E41410;PO;NA;4;53;S;F;5064;NEP
059540020020-11114;059540020020;100mN31483E41410;PO;NA;4;18;S;M;1824;NEP
059540020020-11114;059540020020;100mN31483E41410;PO;NA;4;1;S;M;0003;NEP
059540020020-11115;059540020020;100mN31483E41410;MC;NA;2;43;M;F;4049;NEP
059540020020-11115;059540020020;100mN31483E41410;MC;NA;2;50;M;M;5064;EMP
059540020020-11116;059540020020;100mN31483E41410;S;OS;1;19;M;M;1824;EMP
059540020020-11117;059540020020;100mN31483E41410;PO;OS;2;66;S;F;6574;NEP
059540020020-11117;059540020020;100mN31483E41410;PO;OS;2;81;S;F;75XX;EMP
059540020020-11118;059540020020;100mN31483E41410;MC;NA;2;60;M;F;5064;NEP
059540020020-11118;059540020020;100mN31483E41410;MC;NA;2;55;M;F;5064;NEP
059540020020-11119;059540020020;100mN31483E41410;S;OS;1;46;D;M;4049;NEP
059540020020-11120;059540020020;100mN31483E41410;MC;NA;4;52;M;M;5064;EMP
059540020020-11120;059540020020;100mN31483E41410;MC;NA;4;47;M;F;4049;EMP
059540020020-11120;059540020020;100mN31483E41410;MC;NA;4;33;M;M;3039;NEP
059540020020-11120;059540020020;100mN31483E41410;MC;NA;4;36;W;F;3039;NEP
059540020020-11121;059540020020;100mN31483E41410;MC;NA;3;55;M;M;5064;EMP
059540020020-11121;059540020020;100mN31483E41410;MC;NA;3;56;M;F;5064;EMP
059540020020-11121;059540020020;100mN31483E41410;MC;NA;3;22;M;M;1824;NEP
059540020020-11122;059540020020;100mN31483E41410;S;OS;1;80;M;F;75XX;NEP
059540020020-11123;059540020020;100mN31483E41410;PO;NA;4;63;S;M;5064;EMP
059540020020-11123;059540020020;100mN31483E41410;PO;NA;4;62;S;F;5064;NEP
059540020020-11123;059540020020;100mN31483E41410;PO;NA;4;10;S;F;0614;NEP
059540020020-11123;059540020020;100mN31483E41410;PO;NA;4;48;M;M;4049;EMP
059540020020-11124;059540020020;100mN31483E41410;S;NA;1;58;M;F;5064;EMP
059540020020-11125;059540020020;100mN31482E41395;MC;NA;2;47;M;M;4049;EMP
059540020020-11125;059540020020;100mN31482E41395;MC;NA;2;47;M;F;4049;EMP
059540020020-11126;059540020020;100mN31485E41441;SF;MIX;4;70;S;M;6574;UEP
059540020020-11126;059540020020;100mN31485E41441;SF;MIX;4;60;D;F;5064;NEP
059540020020-11126;059540020020;100mN31485E41441;SF;MIX;4;1;S;F;0003;NEP
059540020020-11126;059540020020;100mN31485E41441;SF;MIX;4;13;S;F;0614;NEP
059540020020-11127;059540020020;100mN31492E41439;SF;NA;2;66;S;F;6574;NEP
059540020020-11127;059540020020;100mN31492E41439;SF;NA;2;8;S;F;0614;NEP
059540020020-11128;059540020020;100mN31482E41407;S;OS;1;41;M;M;4049;NEP
059540020020-11129;059540020020;100mN31496E41435;MC;OS;4;87;M;F;75XX;EMP
059540020020-11129;059540020020;100mN31496E41435;MC;OS;4;87;M;M;75XX;NEP
059540020020-11129;059540020020;100mN31496E41435;MC;OS;4;72;S;M;6574;EMP
059540020020-11129;059540020020;100mN31496E41435;MC;OS;4;85;M;F;75XX;NEP
059540020020-11130;059540020020;100mN31466E41428;MC;NA;2;41;M;F;4049;EMP
059540020020-11130;059540020020;100mN31466E41428;MC;NA;2;41;M;M;4049;EMP
059540020020-11131;059540020020;100mN31492E41425;MC;NA;3;60;M;M;5064;EMP
059540020020-11131;059540020020;100mN31492E41425;MC;NA;3;58;M;F;5064;EMP
059540020020-11131;059540020020;100mN31492E41425;MC;NA;3;9;S;M;0614;NEP
059540020020-11132;059540020020;100mN31470E41430;MC;NA;2;43;M;F;4049;NEP
059540020020-11132;059540020020;100mN31470E41430;MC;NA;2;48;M;M;4049;EMP
059540020020-11133;059540020020;100mN31496E41414;MC;NA;2;54;M;F;5064;NEP
059540020020-11133;059540020020;100mN31496E41414;MC;NA;2;54;M;M;5064;EMP
059540020020-11134;059540020020;100mN31475E41423;S;NA;1;46;D;M;4049;NEP
059540020020-11135;059540020020;100mN31475E41424;S;NA;1;63;M;M;5064;EMP
059540020020-11136;059540020020;100mN31491E41440;MC;OS;5;72;M;F;6574;EMP
059540020020-11136;059540020020;100mN31491E41440;MC;OS;5;73;M;M;6574;EMP
059540020020-11136;059540020020;100mN31491E41440;MC;OS;5;78;S;M;75XX;EMP
059540020020-11136;059540020020;100mN31491E41440;MC;OS;5;89;M;M;75XX;EMP
059540020020-11136;059540020020;100mN31491E41440;MC;OS;5;75;S;F;75XX;EMP
059540020020-11137;059540020020;100mN31495E41422;S;OS;1;54;M;M;5064;NEP
059540020020-11138;059540020020;100mN31495E41444;S;OS;1;86;S;F;75XX;EMP
059540020020-11139;059540020020;100mN31492E41426;S;NA;1;77;D;F;75XX;EMP
059540020020-11140;059540020020;100mN31470E41431;MC;NA;2;51;M;F;5064;NEP
059540020020-11140;059540020020;100mN31470E41431;MC;NA;2;53;M;M;5064;EMP
059540020020-11141;059540020020;100mN31493E41430;S;OS;1;61;S;M;5064;EMP
059540020020-11142;059540020020;100mN31468E41415;S;NA;1;57;M;F;5064;NEP
059540020020-11143;059540020020;100mN31496E41427;S;OS;1;43;M;F;4049;NEP
059540020020-11144;059540020020;100mN31492E41408;MC;MIX;2;75;M;M;75XX;EMP
059540020020-11144;059540020020;100mN31492E41408;MC;MIX;2;55;M;M;5064;EMP
059540020020-11145;059540020020;100mN31496E41434;MC;NA;2;40;M;F;4049;EMP
059540020020-11145;059540020020;100mN31496E41434;MC;NA;2;44;M;M;4049;EMP
059540020020-11146;059540020020;100mN31489E41439;MC;NA;2;41;M;M;4049;NEP
059540020020-11146;059540020020;100mN31489E41439;MC;NA;2;37;M;F;3039;NEP
059540020020-11147;059540020020;100mN31492E41406;PO;NA;2;48;S;F;4049;NEP
059540020020-11147;059540020020;100mN31492E41406;PO;NA;2;54;S;M;5064;EMP
059540020020-11148;059540020020;100mN31492E41401;S;OS;1;53;W;F;5064;EMP
059540020020-11149;059540020020;100mN31468E41419;MC;NA;2;32;M;F;3039;EMP
059540020020-11149;059540020020;100mN31468E41419;MC;NA;2;31;M;M;3039;NEP
059540020020-11150;059540020020;100mN31466E41419;MC;OS;2;67;M;F;6574;EMP
059540020020-11150;059540020020;100mN31466E41419;MC;OS;2;69;M;M;6574;EMP
059540020020-11151;059540020020;100mN31466E41430;NA;NA;3;25;M;M;2529;EMP
059540020020-11151;059540020020;100mN31466E41430;NA;NA;3;46;S;M;4049;EMP
059540020020-11151;059540020020;100mN31466E41430;NA;NA;3;33;S;M;3039;EMP
059540020020-11152;059540020020;100mN31501E41445;S;NA;1;63;D;M;5064;EMP
059540020020-11153;059540020020;100mN31480E41400;SF;NA;2;43;W;F;4049;NEP
059540020020-11153;059540020020;100mN31480E41400;SF;NA;2;27;W;F;2529;NEP
059540020020-11154;059540020020;100mN31470E41429;SF;NA;2;81;W;F;75XX;NEP
059540020020-11154;059540020020;100mN31470E41429;SF;NA;2;26;S;F;2529;EMP
059540020020-11155;059540020020;100mN31482E41408;MC;NA;2;63;M;M;5064;NEP
059540020020-11155;059540020020;100mN31482E41408;MC;NA;2;54;M;F;5064;EMP
059540020020-11156;059540020020;100mN31475E41430;MC;NA;2;41;M;F;4049;EMP
059540020020-11156;059540020020;100mN31475E41430;MC;NA;2;43;M;M;4049;NEP
059540020020-11157;059540020020;100mN31492E41415;S;NA;1;41;D;M;4049;EMP
059540020020-11158;059540020020;100mN31482E41397;S;NA;1;53;S;M;5064;EMP
059540020020-11159;059540020020;100mN31496E41416;S;NA;1;40;M;F;4049;EMP
059540020020-11160;059540020020;100mN31485E41437;SM;NA;5;46;S;M;4049;EMP
059540020020-11160;059540020020;100mN31485E41437;SM;NA;5;10;S;F;0614;NEP
059540020020-11160;059540020020;100mN31485E41437;SM;NA;5;28;W;M;2529;NEP
059540020020-11160;059540020020;100mN31485E41437;SM;NA;5;3;S;M;0305;NEP
059540020020-11160;059540020020;100mN31485E41437;SM;NA;5;23;M;M;1824;EMP
059540020020-11161;059540020020;100mN31501E41444;S;NA;1;59;W;F;5064;NEP
059540020020-11162;059540020020;100mN31493E41426;MC;NA;4;25;M;F;2529;NEP
059540020020-11162;059540020020;100mN31493E41426;MC;NA;4;23;M;M;1824;EMP
059540020020-11162;059540020020;100mN31493E41426;MC;NA;4;9;S;M;0614;NEP
059540020020-11162;059540020020;100mN31493E41426;MC;NA;4;4;S;F;0305;NEP
059540020020-11163;059540020020;100mN31488E41422;MC;NA;2;58;M;M;5064;NEP
059540020020-11163;059540020020;100mN31488E41422;MC;NA;2;53;S;F;5064;EMP
059540020020-11164;059540020020;100mN31463E41427;S;OS;1;31;W;F;3039;NEP
059540020020-11165;059540020020;100mN31485E41430;S;OS;1;33;M;M;3039;NEP
059540020020-11166;059540020020;100mN31482E41398;S;NA;1;54;S;M;5064;EMP
059540020020-11167;059540020020;100mN31493E41429;MC;NA;2;23;M;F;1824;EMP
059540020020-11167;059540020020;100mN31493E41429;MC;NA;2;27;M;M;2529;EMP
059540020020-11168;059540020020;100mN31492E41427;S;NA;1;80;M;M;75XX;EMP
059540020020-11169;059540020020;100mN31496E41441;S;NA;1;48;S;M;4049;EMP
059540020020-11170;059540020020;100mN31495E41425;MC;NA;2;57;M;F;5064;NEP
059540020020-11170;059540020020;100mN31495E41425;MC;NA;2;63;M;M;5064;EMP
059540020020-11171;059540020020;100mN31475E41427;MC;OS;2;69;M;M;6574;EMP
059540020020-11171;059540020020;100mN31475E41427;MC;OS;2;67;M;F;6574;EMP
059540020020-11172;059540020020;100mN31492E41424;MC;NA;3;63;M;F;5064;NEP
059540020020-11172;059540020020;100mN31492E41424;MC;NA;3;60;M;M;5064;NEP
059540020020-11172;059540020020;100mN31492E41424;MC;NA;3;47;D;M;4049;NEP
059540020020-11173;059540020020;100mN31483E41416;MC;OS;5;73;M;M;6574;EMP
059540020020-11173;059540020020;100mN31483E41416;MC;OS;5;70;M;F;6574;NEP
059540020020-11173;059540020020;100mN31483E41416;MC;OS;5;67;D;F;6574;NEP
059540020020-11173;059540020020;100mN31483E41416;MC;OS;5;65;M;M;6574;EMP
059540020020-11173;059540020020;100mN31483E41416;MC;OS;5;89;W;F;75XX;EMP
059540020020-11174;059540020020;100mN31492E41438;S;NA;1;73;M;F;6574;NEP
059540020020-11175;059540020020;100mN31501E41435;PO;OS;4;80;S;M;75XX;EMP
059540020020-11175;059540020020;100mN31501E41435;PO;OS;4;78;S;M;75XX;NEP
059540020020-11175;059540020020;100mN31501E41435;PO;OS;4;66;S;M;6574;EMP
059540020020-11175;059540020020;100mN31501E41435;PO;OS;4;89;M;F;75XX;NEP
059540020020-11176;059540020020;100mN31485E41432;SF;NA;2;42;S;F;4049;EMP
059540020020-11176;059540020020;100mN31485E41432;SF;NA;2;1;S;F;0003;NEP
059540020020-11177;059540020020;100mN31462E41420;SF;MIX;2;79;D;F;75XX;NEP
059540020020-11177;059540020020;100mN31462E41420;SF;MIX;2;41;W;F;4049;NEP
059540020020-11178;059540020020;100mN31467E41431;MC;NA;3;63;M;F;5064;NEP
059540020020-11178;059540020020;100mN31467E41431;MC;NA;3;56;M;M;5064;EMP
059540020020-11178;059540020020;100mN31467E41431;MC;NA;3;45;M;F;4049;NEP
059540020020-11179;059540020020;100mN31482E41401;SF;NA;4;16;S;F;1517;EMP
059540020020-11179;059540020020;100mN31482E41401;SF;NA;4;0;S;M;0003;NEP
059540020020-11179;059540020020;100mN31482E41401;SF;NA;4;1;S;F;0003;NEP
059540020020-11179;059540020020;100mN31482E41401;SF;NA;4;1;S;F;0003;NEP
059540020020-11180;059540020020;100mN31495E41435;MC;NA;2;34;M;F;3039;EMP
059540020020-11180;059540020020;100mN31495E41435;MC;NA;2;18;M;M;1824;NEP
059540020020-11181;059540020020;100mN31492E41446;MC;NA;2;46;M;F;4049;NEP
059540020020-11181;059540020020;100mN31492E41446;MC;NA;2;47;M;M;4049;UEP
059540020020-11182;059540020020;100mN31482E41399;MC;OS;2;65;M;M;6574;NEP
059540020020-11182;059540020020;100mN31482E41399;MC;OS;2;71;M;F;6574;NEP
059540020020-11183;059540020020;100mN31482E41409;S;NA;1;57;S;F;5064;EMP
059540020020-11184;059540020020;100mN31466E41421;MC;NA;3;59;M;M;5064;EMP
059540020020-11184;059540020020;100mN31466E41421;MC;NA;3;56;M;F;5064;EMP
059540020020-11184;059540020020;100mN31466E41421;MC;NA;3;4;S;F;0305;NEP
059540020020-11185;059540020020;100mN31482E41411;S;OS;1;68;D;M;6574;EMP
059540020020-11186;059540020020;100mN31496E41423;MC;OS;2;72;M;M;6574;EMP
059540020020-11186;059540020020;100mN31496E41423;MC;OS;2;67;M;F;6574;NEP
059540020020-11187;059540020020;100mN31463E41431;S;NA;1;66;S;M;6574;EMP
059540020020-11188;059540020020;100mN31469E41422;MC;NA;2;28;M;M;2529;UEP
059540020020-11188;059540020020;100mN31469E41422;MC;NA;2;27;M;F;2529;NEP
059540020020-11189;059540020020;100mN31469E41430;MC;NA;2;57;M;M;5064;NEP
059540020020-11189;059540020020;100mN31469E41430;MC;NA;2;53;M;F;5064;EMP
059540020020-11190;059540020020;100mN31462E41422;S;NA;1;60;S;M;5064;EMP
059540020020-11191;059540020020;100mN31493E41427;MC;NA;2;25;M;F;2529;NEP
059540020020-11191;059540020020;100mN31493E41427;MC;NA;2;25;M;M;2529;NEP
