household_id;municipality_id;grid_id;HLA;HSC;HSI;age;FAM;SEX;AG2;EMP
057540040040-0;057540040040;100mN32128E42093;MC;NA;4;47;M;M;4049;EMP
057540040040-0;057540040040;100mN32128E42093;MC;NA;4;40;M;F;4049;NEP
057540040040-0;057540040040;100mN32128E42093;MC;NA;4;20;S;M;1824;EMP
057540040040-0;057540040040;100mN32128E42093;MC;NA;4;13;S;M;0614;NEP
057540040040-1;057540040040;100mN32140E42118;MC;MIX;2;72;M;F;6574;NEP
057540040040-1;057540040040;100mN32140E42118;MC;MIX;2;42;M;M;4049;EMP
057540040040-2;057540040040;100mN32121E42119;MC;NA;2;42;M;F;4049;UEP
057540040040-2;057540040040;100mN32121E42119;MC;NA;2;44;M;M;4049;EMP
057540040040-3;057540040040;100mN32135E42133;MC;NA;3;60;M;F;5064;NEP
057540040040-3;057540040040;100mN32135E42133;MC;NA;3;35;M;M;3039;NEP
057540040040-3;057540040040;100mN32135E42133;MC;NA;3;40;S;F;4049;EMP
057540040040-4;057540040040;100mN32105E42099;S;NA;1;57;M;M;5064;EMP
057540040040-5;057540040040;100mN32125E42115;MC;NA;4;42;M;M;4049;NEP
057540040040-5;057540040040;100mN32125E42115;MC;NA;4;33;M;F;3039;EMP
057540040040-5;057540040040;100mN32125E42115;MC;NA;4;22;D;F;1824;UEP
057540040040-5;057540040040;100mN32125E42115;MC;NA;4;13;S;F;0614;NEP
057540040040-6;057540040040;100mN32129E42137;S;NA;1;52;M;F;5064;NEP
057540040040-7;057540040040;100mN32129E42137;SM;NA;2;47;S;M;4049;EMP
057540040040-7;057540040040;100mN32129E42137;SM;NA;2;8;S;F;0614;NEP
057540040040-8;057540040040;100mN32100E42073;MC;NA;3;62;M;M;5064;EMP
057540040040-8;057540040040;100mN32100E42073;MC;NA;3;63;M;F;5064;NEP
057540040040-8;057540040040;100mN32100E42073;MC;NA;3;7;S;M;0614;NEP
057540040040-9;057540040040;100mN32129E42137;MC;NA;3;53;M;F;5064;NEP
057540040040-9;057540040040;100mN32129E42137;MC;NA;3;62;M;M;5064;EMP
057540040040-9;057540040040;100mN32129E42137;MC;NA;3;13;S;M;0614;NEP
057540040040-10;057540040040;100mN32117E42123;MC;NA;4;58;M;F;5064;EMP
057540040040-10;057540040040;100mN32117E42123;MC;NA;4;61;S;M;5064;EMP
057540040040-10;057540040040;100mN32117E42123;MC;NA;4;7;S;M;0614;NEP
057540040040-10;057540040040;100mN32117E42123;MC;NA;4;3;S;F;0305;NEP
057540040040-11;057540040040;100mN32129E42137;MC;MIX;4;75;M;F;75XX;EMP
057540040040-11;057540040040;100mN32129E42137;MC;MIX;4;48;M;M;4049;NEP
057540040040-11;057540040040;100mN32129E42137;MC;MIX;4;48;M;F;4049;EMP
057540040040-11;057540040040;100mN32129E42137;MC;MIX;4;11;S;M;0614;NEP
057540040040-12;057540040040;100mN32125E42140;MC;NA;2;54;M;M;5064;EMP
057540040040-12;057540040040;100mN32125E42140;MC;NA;2;48;M;F;4049;NEP
057540040040-13;057540040040;100mN32116E42116;SM;NA;4;51;D;M;5064;EMP
057540040040-13;057540040040;100mN32116E42116;SM;NA;4;13;S;F;0614;NEP
057540040040-13;057540040040;100mN32116E42116;SM;NA;4;11;S;F;0614;NEP
057540040040-13;057540040040;100mN32116E42116;SM;NA;4;4;S;M;0305;NEP
057540040040-14;057540040040;100mN32114E42116;MC;NA;2;26;M;M;2529;NEP
057540040040-14;057540040040;100mN32114E42116;MC;NA;2;25;M;F;2529;EMP
057540040040-15;057540040040;100mN32098E42068;SF;NA;2;40;S;F;4049;EMP
057540040040-15;057540040040;100mN32098E42068;SF;NA;2;20;S;M;1824;EMP
057540040040-16;057540040040;100mN32098E42068;MC;OS;2;65;M;M;6574;NEP
057540040040-16;057540040040;100mN32098E42068;MC;OS;2;65;M;F;6574;NEP
057540040040-17;057540040040;100mN32120E42125;MC;NA;2;38;M;F;3039;NEP
057540040040-17;057540040040;100mN32120E42125;MC;NA;2;41;M;M;4049;NEP
057540040040-18;057540040040;100mN32098E42068;MC;NA;2;41;M;M;4049;NEP
057540040040-18;057540040040;100mN32098E42068;MC;NA;2;32;M;F;3039;EMP
057540040040-19;057540040040;100mN32132E42111;S;OS;1;58;W;F;5064;NEP
057540040040-20;057540040040;100mN32122E42114;MC;NA;4;54;M;M;5064;NEP
057540040040-20;057540040040;100mN32122E42114;MC;NA;4;62;M;F;5064;EMP
057540040040-20;057540040040;100mN32122E42114;MC;NA;4;21;M;F;1824;NEP
057540040040-20;057540040040;100mN32122E42114;MC;NA;4;32;M;F;3039;EMP
057540040040-21;057540040040;100mN32114E42118;MC;NA;4;41;M;F;4049;EMP
057540040040-21;057540040040;100mN32114E42118;MC;NA;4;46;M;M;4049;EMP
057540040040-21;057540040040;100mN32114E42118;MC;NA;4;15;S;F;1517;EMP
057540040040-21;057540040040;100mN32114E42118;MC;NA;4;10;S;M;0614;NEP
057540040040-22;057540040040;100mN32126E42139;S;NA;1;77;S;M;75XX;NEP
057540040040-23;057540040040;100mN32120E42127;MC;NA;3;61;M;F;5064;NEP
057540040040-23;057540040040;100mN32120E42127;MC;NA;3;62;M;M;5064;NEP
057540040040-23;057540040040;100mN32120E42127;MC;NA;3;10;S;M;0614;NEP
057540040040-24;057540040040;100mN32122E42114;S;NA;1;28;M;M;2529;NEP
057540040040-25;057540040040;100mN32122E42114;S;NA;1;34;S;F;3039;EMP
057540040040-26;057540040040;100mN32122E42114;MC;NA;5;56;M;M;5064;EMP
057540040040-26;057540040040;100mN32122E42114;MC;NA;5;53;M;F;5064;EMP
057540040040-26;057540040040;100mN32122E42114;MC;NA;5;9;S;F;0614;NEP
057540040040-26;057540040040;100mN32122E42114;MC;NA;5;38;W;F;3039;NEP
057540040040-26;057540040040;100mN32122E42114;MC;NA;5;12;S;M;0614;NEP
057540040040-27;057540040040;100mN32118E42130;S;NA;1;83;D;M;75XX;EMP
057540040040-28;057540040040;100mN32134E42121;S;NA;1;47;D;F;4049;EMP
057540040040-29;057540040040;100mN32135E42131;S;OS;1;70;D;F;6574;NEP
057540040040-30;057540040040;100mN32128E42139;MC;NA;2;28;M;M;2529;EMP
057540040040-30;057540040040;100mN32128E42139;MC;NA;2;20;M;F;1824;EMP
057540040040-31;057540040040;100mN32122E42114;S;NA;1;63;W;F;5064;NEP
057540040040-32;057540040040;100mN32114E42124;MC;NA;3;59;M;M;5064;EMP
057540040040-32;057540040040;100mN32114E42124;MC;NA;3;41;M;F;4049;NEP
057540040040-32;057540040040;100mN32114E42124;MC;NA;3;10;S;F;0614;NEP
057540040040-33;057540040040;100mN32137E42121;S;NA;1;45;W;F;4049;NEP
057540040040-34;057540040040;100mN32104E42075;SM;MIX;4;76;D;M;75XX;NEP
057540040040-34;057540040040;100mN32104E42075;SM;MIX;4;33;S;M;3039;NEP
057540040040-34;057540040040;100mN32104E42075;SM;MIX;4;4;S;M;0305;NEP
057540040040-34;057540040040;100mN32104E42075;SM;MIX;4;13;S;F;0614;NEP
057540040040-35;057540040040;100mN32129E42138;S;NA;1;43;S;F;4049;NEP
057540040040-36;057540040040;100mN32130E42138;MC;NA;2;60;M;F;5064;EMP
057540040040-36;057540040040;100mN32130E42138;MC;NA;2;61;M;M;5064;NEP
057540040040-37;057540040040;100mN32136E42131;MC;OS;4;73;M;F;6574;NEP
057540040040-37;057540040040;100mN32136E42131;MC;OS;4;86;M;M;75XX;NEP
057540040040-37;057540040040;100mN32136E42131;MC;OS;4;68;W;F;6574;EMP
057540040040-37;057540040040;100mN32136E42131;MC;OS;4;82;M;F;75XX;NEP
057540040040-38;057540040040;100mN32114E42126;MC;MIX;3;76;D;F;75XX;EMP
057540040040-38;057540040040;100mN32114E42126;MC;MIX;3;43;M;F;4049;EMP
057540040040-38;057540040040;100mN32114E42126;MC;MIX;3;45;M;M;4049;NEP
057540040040-39;057540040040;100mN32111E42121;S;NA;1;44;D;F;4049;NEP
057540040040-40;057540040040;100mN32119E42147;SF;NA;2;55;S;F;5064;NEP
057540040040-40;057540040040;100mN32119E42147;SF;NA;2;9;S;F;0614;NEP
057540040040-41;057540040040;100mN32129E42138;MC;OS;2;81;M;M;75XX;NEP
057540040040-41;057540040040;100mN32129E42138;MC;OS;2;85;M;F;75XX;UEP
057540040040-42;057540040040;100mN32133E42118;MC;MIX;2;70;M;F;6574;EMP
057540040040-42;057540040040;100mN32133E42118;MC;MIX;2;0;S;M;0003;NEP
057540040040-43;057540040040;100mN32129E42138;MC;OS;3;72;M;F;6574;EMP
057540040040-43;057540040040;100mN32129E42138;MC;OS;3;84;M;M;75XX;EMP
057540040040-43;057540040040;100mN32129E42138;MC;OS;3;72;S;M;6574;NEP
057540040040-44;057540040040;100mN32129E42138;SF;NA;2;51;S;F;5064;NEP
057540040040-44;057540040040;100mN32129E42138;SF;NA;2;3;S;M;0305;NEP
057540040040-45;057540040040;100mN32137E42120;SF;NA;2;21;D;F;1824;EMP
057540040040-45;057540040040;100mN32137E42120;SF;NA;2;6;S;M;0614;NEP
057540040040-46;057540040040;100mN32123E42142;MC;OS;2;87;M;F;75XX;NEP
057540040040-46;057540040040;100mN32123E42142;MC;OS;2;41;S;M;4049;NEP
057540040040-47;057540040040;100mN32114E42126;MC;NA;4;47;M;M;4049;EMP
057540040040-47;057540040040;100mN32114E42126;MC;NA;4;43;M;F;4049;NEP
057540040040-47;057540040040;100mN32114E42126;MC;NA;4;20;M;M;1824;EMP
057540040040-47;057540040040;100mN32114E42126;MC;NA;4;1;S;M;0003;NEP
057540040040-48;057540040040;100mN32107E42106;MC;OS;2;88;M;M;75XX;EMP
057540040040-48;057540040040;100mN32107E42106;MC;OS;2;86;M;F;75XX;UEP
057540040040-49;057540040040;100mN32113E42118;MC;NA;2;35;M;M;3039;EMP
057540040040-49;057540040040;100mN32113E42118;MC;NA;2;43;M;F;4049;NEP
057540040040-50;057540040040;100mN32129E42138;S;OS;1;43;M;M;4049;EMP
057540040040-51;057540040040;100mN32121E42115;S;OS;1;48;D;F;4049;NEP
057540040040-52;057540040040;100mN32129E42138;S;NA;1;43;M;F;4049;EMP
057540040040-53;057540040040;100mN32129E42138;MC;OS;2;65;M;F;6574;NEP
057540040040-53;057540040040;100mN32129E42138;MC;OS;2;73;M;M;6574;NEP
057540040040-54;057540040040;100mN32100E42070;MC;OS;2;83;M;F;75XX;NEP
057540040040-54;057540040040;100mN32100E42070;MC;OS;2;84;M;M;75XX;NEP
057540040040-55;057540040040;100mN32105E42073;MC;NA;4;59;M;F;5064;EMP
057540040040-55;057540040040;100mN32105E42073;MC;NA;4;63;M;M;5064;EMP
057540040040-55;057540040040;100mN32105E42073;MC;NA;4;13;S;M;0614;NEP
057540040040-55;057540040040;100mN32105E42073;MC;NA;4;12;S;F;0614;NEP
057540040040-56;057540040040;100mN32112E42124;MC;NA;3;58;M;M;5064;EMP
057540040040-56;057540040040;100mN32112E42124;MC;NA;3;56;M;F;5064;EMP
057540040040-56;057540040040;100mN32112E42124;MC;NA;3;3;S;M;0305;NEP
057540040040-57;057540040040;100mN32100E42070;S;NA;1;54;M;F;5064;EMP
057540040040-58;057540040040;100mN32113E42118;MC;MIX;4;70;M;M;6574;EMP
057540040040-58;057540040040;100mN32113E42118;MC;MIX;4;53;M;M;5064;EMP
057540040040-58;057540040040;100mN32113E42118;MC;MIX;4;51;M;F;5064;EMP
057540040040-58;057540040040;100mN32113E42118;MC;MIX;4;6;S;F;0614;NEP
057540040040-59;057540040040;100mN32126E42146;S;OS;1;30;W;F;3039;NEP
057540040040-60;057540040040;100mN32132E42134;S;NA;1;20;M;F;1824;EMP
057540040040-61;057540040040;100mN32116E42128;SF;NA;2;66;W;F;6574;EMP
057540040040-61;057540040040;100mN32116E42128;SF;NA;2;13;S;F;0614;NEP
057540040040-62;057540040040;100mN32089E42131;NA;OS;2;86;M;F;75XX;EMP
057540040040-62;057540040040;100mN32089E42131;NA;OS;2;28;M;M;2529;EMP
057540040040-63;057540040040;100mN32127E42137;MC;NA;2;54;M;M;5064;NEP
057540040040-63;057540040040;100mN32127E42137;MC;NA;2;51;M;F;5064;NEP
057540040040-64;057540040040;100mN32101E42072;S;OS;1;38;M;F;3039;EMP
057540040040-65;057540040040;100mN32100E42070;MC;NA;2;23;M;M;1824;EMP
057540040040-65;057540040040;100mN32100E42070;MC;NA;2;31;M;F;3039;NEP
057540040040-66;057540040040;100mN32121E42147;MC;NA;2;52;M;F;5064;EMP
057540040040-66;057540040040;100mN32121E42147;MC;NA;2;54;M;M;5064;EMP
057540040040-67;057540040040;100mN32100E42070;MC;NA;4;30;M;M;3039;NEP
057540040040-67;057540040040;100mN32100E42070;MC;NA;4;18;M;F;1824;NEP
057540040040-67;057540040040;100mN32100E42070;MC;NA;4;8;S;M;0614;NEP
057540040040-67;057540040040;100mN32100E42070;MC;NA;4;10;S;M;0614;NEP
057540040040-68;057540040040;100mN32100E42070;MC;NA;2;43;M;F;4049;NEP
057540040040-68;057540040040;100mN32100E42070;MC;NA;2;52;M;M;5064;EMP
057540040040-69;057540040040;100mN32122E42147;MC;NA;2;21;M;M;1824;EMP
057540040040-69;057540040040;100mN32122E42147;MC;NA;2;21;M;F;1824;NEP
057540040040-70;057540040040;100mN32126E42141;SM;NA;3;30;D;M;3039;NEP
057540040040-70;057540040040;100mN32126E42141;SM;NA;3;2;S;M;0003;NEP
057540040040-70;057540040040;100mN32126E42141;SM;NA;3;12;S;M;0614;NEP
057540040040-71;057540040040;100mN32122E42059;S;NA;1;66;M;F;6574;EMP
057540040040-72;057540040040;100mN32117E42130;MC;NA;4;31;M;F;3039;EMP
057540040040-72;057540040040;100mN32117E42130;MC;NA;4;42;M;M;4049;NEP
057540040040-72;057540040040;100mN32117E42130;MC;NA;4;2;S;M;0003;NEP
057540040040-72;057540040040;100mN32117E42130;MC;NA;4;16;S;M;1517;EMP
057540040040-73;057540040040;100mN32122E42059;MC;NA;3;46;M;F;4049;EMP
057540040040-73;057540040040;100mN32122E42059;MC;NA;3;48;M;M;4049;EMP
057540040040-73;057540040040;100mN32122E42059;MC;NA;3;22;M;M;1824;EMP
057540040040-74;057540040040;100mN32120E42117;S;NA;1;70;M;M;6574;NEP
057540040040-75;057540040040;100mN32126E42143;MC;OS;4;66;M;M;6574;NEP
057540040040-75;057540040040;100mN32126E42143;MC;OS;4;65;M;F;6574;EMP
057540040040-75;057540040040;100mN32126E42143;MC;OS;4;82;W;F;75XX;EMP
057540040040-75;057540040040;100mN32126E42143;MC;OS;4;71;M;M;6574;EMP
057540040040-76;057540040040;100mN32122E42119;S;NA;1;54;M;M;5064;NEP
057540040040-77;057540040040;100mN32108E42072;MC;NA;2;34;M;M;3039;EMP
057540040040-77;057540040040;100mN32108E42072;MC;NA;2;32;M;F;3039;EMP
057540040040-78;057540040040;100mN32123E42112;SF;NA;3;73;W;F;6574;EMP
057540040040-78;057540040040;100mN32123E42112;SF;NA;3;16;S;M;1517;NEP
057540040040-78;057540040040;100mN32123E42112;SF;NA;3;15;S;M;1517;NEP
057540040040-79;057540040040;100mN32110E42148;SF;MIX;3;89;M;F;75XX;EMP
057540040040-79;057540040040;100mN32110E42148;SF;MIX;3;16;S;F;1517;EMP
057540040040-79;057540040040;100mN32110E42148;SF;MIX;3;0;S;M;0003;NEP
057540040040-80;057540040040;100mN32133E42122;MC;NA;2;50;M;M;5064;NEP
057540040040-80;057540040040;100mN32133E42122;MC;NA;2;50;M;F;5064;UEP
057540040040-81;057540040040;100mN32113E42131;SF;NA;3;41;D;F;4049;EMP
057540040040-81;057540040040;100mN32113E42131;SF;NA;3;21;M;M;1824;EMP
057540040040-81;057540040040;100mN32113E42131;SF;NA;3;10;S;M;0614;NEP
057540040040-82;057540040040;100mN32137E42120;SF;NA;5;59;W;F;5064;EMP
057540040040-82;057540040040;100mN32137E42120;SF;NA;5;11;S;F;0614;NEP
057540040040-82;057540040040;100mN32137E42120;SF;NA;5;36;M;M;3039;EMP
057540040040-82;057540040040;100mN32137E42120;SF;NA;5;9;S;F;0614;NEP
057540040040-82;057540040040;100mN32137E42120;SF;NA;5;40;W;F;4049;EMP
057540040040-83;057540040040;100mN32117E42129;MC;MIX;2;72;M;F;6574;EMP
057540040040-83;057540040040;100mN32117E42129;MC;MIX;2;35;S;M;3039;EMP
057540040040-84;057540040040;100mN32136E42132;MC;NA;4;46;M;F;4049;UEP
057540040040-84;057540040040;100mN32136E42132;MC;NA;4;47;M;M;4049;NEP
057540040040-84;057540040040;100mN32136E42132;MC;NA;4;15;S;M;1517;EMP
057540040040-84;057540040040;100mN32136E42132;MC;NA;4;12;S;F;0614;NEP
057540040040-85;057540040040;100mN32142E42120;S;NA;1;27;M;M;2529;EMP
057540040040-86;057540040040;100mN32105E42086;MC;OS;3;67;M;F;6574;EMP
057540040040-86;057540040040;100mN32105E42086;MC;OS;3;72;M;M;6574;NEP
057540040040-86;057540040040;100mN32105E42086;MC;OS;3;67;D;M;6574;EMP
057540040040-87;057540040040;100mN32127E42136;PO;OS;2;73;S;F;6574;NEP
057540040040-87;057540040040;100mN32127E42136;PO;OS;2;73;S;F;6574;EMP
057540040040-88;057540040040;100mN32098E42070;MC;NA;4;23;M;M;1824;NEP
057540040040-88;057540040040;100mN32098E42070;MC;NA;4;26;M;F;2529;EMP
057540040040-88;057540040040;100mN32098E42070;MC;NA;4;3;S;M;0305;NEP
057540040040-88;057540040040;100mN32098E42070;MC;NA;4;1;S;M;0003;NEP
057540040040-89;057540040040;100mN32098E42070;SF;NA;5;31;S;F;3039;EMP
057540040040-89;057540040040;100mN32098E42070;SF;NA;5;10;S;M;0614;NEP
057540040040-89;057540040040;100mN32098E42070;SF;NA;5;10;S;M;0614;NEP
057540040040-89;057540040040;100mN32098E42070;SF;NA;5;4;S;M;0305;NEP
057540040040-89;057540040040;100mN32098E42070;SF;NA;5;10;S;M;0614;NEP
057540040040-90;057540040040;100mN32098E42070;MC;NA;4;55;M;F;5064;EMP
057540040040-90;057540040040;100mN32098E42070;MC;NA;4;58;M;M;5064;EMP
057540040040-90;057540040040;100mN32098E42070;MC;NA;4;11;S;M;0614;NEP
057540040040-90;057540040040;100mN32098E42070;MC;NA;4;16;S;M;1517;EMP
057540040040-91;057540040040;100mN32095E42116;S;OS;1;71;D;F;6574;EMP
057540040040-92;057540040040;100mN32129E42136;S;NA;1;44;M;M;4049;EMP
057540040040-93;057540040040;100mN32129E42136;NA;OS;2;41;M;M;4049;EMP
057540040040-93;057540040040;100mN32129E42136;NA;OS;2;23;M;M;1824;EMP
057540040040-94;057540040040;100mN32133E42121;S;NA;1;71;M;M;6574;EMP
057540040040-95;057540040040;100mN32101E42070;MC;NA;4;30;M;M;3039;NEP
057540040040-95;057540040040;100mN32101E42070;MC;NA;4;28;M;F;2529;EMP
057540040040-95;057540040040;100mN32101E42070;MC;NA;4;8;S;F;0614;NEP
057540040040-95;057540040040;100mN32101E42070;MC;NA;4;7;S;M;0614;NEP
057540040040-96;057540040040;100mN32119E42119;MC;NA;2;38;M;M;3039;NEP
057540040040-96;057540040040;100mN32119E42119;MC;NA;2;46;M;F;4049;NEP
057540040040-97;057540040040;100mN32136E42127;SF;NA;5;30;S;F;3039;EMP
057540040040-97;057540040040;100mN32136E42127;SF;NA;5;12;S;F;0614;NEP
057540040040-97;057540040040;100mN32136E42127;SF;NA;5;8;S;M;0614;NEP
057540040040-97;057540040040;100mN32136E42127;SF;NA;5;15;S;M;1517;EMP
057540040040-97;057540040040;100mN32136E42127;SF;NA;5;10;S;F;0614;NEP
057540040040-98;057540040040;100mN32119E42119;MC;NA;4;41;M;M;4049;NEP
057540040040-98;057540040040;100mN32119E42119;MC;NA;4;38;M;F;3039;NEP
057540040040-98;057540040040;100mN32119E42119;MC;NA;4;10;S;F;0614;NEP
057540040040-98;057540040040;100mN32119E42119;MC;NA;4;23;M;M;1824;NEP
057540040040-99;057540040040;100mN32087E42047;MC;NA;2;47;M;M;4049;NEP
057540040040-99;057540040040;100mN32087E42047;MC;NA;2;42;M;F;4049;NEP
057540040040-100;057540040040;100mN32119E42119;MC;NA;2;34;M;F;3039;EMP
057540040040-100;057540040040;100mN32119E42119;MC;NA;2;36;M;M;3039;EMP
057540040040-101;057540040040;100mN32098E42050;S;OS;1;46;S;M;4049;EMP
057540040040-102;057540040040;100mN32114E42127;S;NA;1;16;S;F;1517;EMP
057540040040-103;057540040040;100mN32115E42125;NA;OS;2;61;M;F;5064;NEP
057540040040-103;057540040040;100mN32115E42125;NA;OS;2;30;S;F;3039;NEP
057540040040-104;057540040040;100mN32112E42118;MC;MIX;2;77;M;M;75XX;NEP
057540040040-104;057540040040;100mN32112E42118;MC;MIX;2;31;M;F;3039;EMP
057540040040-105;057540040040;100mN32124E42113;MC;NA;3;52;M;F;5064;EMP
057540040040-105;057540040040;100mN32124E42113;MC;NA;3;61;M;M;5064;NEP
057540040040-105;057540040040;100mN32124E42113;MC;NA;3;9;S;M;0614;NEP
057540040040-106;057540040040;100mN32132E42133;MC;NA;3;42;M;F;4049;EMP
057540040040-106;057540040040;100mN32132E42133;MC;NA;3;44;M;M;4049;EMP
057540040040-106;057540040040;100mN32132E42133;MC;NA;3;11;S;M;0614;NEP
057540040040-107;057540040040;100mN32119E42119;S;NA;1;37;M;M;3039;EMP
057540040040-108;057540040040;100mN32115E42121;MC;OS;2;84;M;M;75XX;NEP
057540040040-108;057540040040;100mN32115E42121;MC;OS;2;85;M;F;75XX;NEP
057540040040-109;057540040040;100mN32101E42071;MC;NA;3;32;M;M;3039;EMP
057540040040-109;057540040040;100mN32101E42071;MC;NA;3;31;M;F;3039;EMP
057540040040-109;057540040040;100mN32101E42071;MC;NA;3;15;S;M;1517;EMP
057540040040-110;057540040040;100mN32111E42122;PO;NA;2;30;S;F;3039;EMP
057540040040-110;057540040040;100mN32111E42122;PO;NA;2;30;S;F;3039;EMP
057540040040-111;057540040040;100mN32115E42132;MC;NA;2;26;M;F;2529;NEP
057540040040-111;057540040040;100mN32115E42132;MC;NA;2;27;M;M;2529;NEP
057540040040-112;057540040040;100mN32109E42070;S;NA;1;48;W;F;4049;EMP
057540040040-113;057540040040;100mN32142E42118;PO;NA;2;57;S;M;5064;NEP
057540040040-113;057540040040;100mN32142E42118;PO;NA;2;55;S;F;5064;NEP
057540040040-114;057540040040;100mN32134E42119;PO;NA;2;43;S;F;4049;NEP
057540040040-114;057540040040;100mN32134E42119;PO;NA;2;50;S;F;5064;EMP
057540040040-115;057540040040;100mN32119E42119;MC;NA;2;54;M;F;5064;EMP
057540040040-115;057540040040;100mN32119E42119;MC;NA;2;58;M;M;5064;NEP
057540040040-116;057540040040;100mN32113E42120;S;OS;1;44;S;M;4049;EMP
057540040040-117;057540040040;100mN32123E42116;MC;NA;2;54;M;M;5064;EMP
057540040040-117;057540040040;100mN32123E42116;MC;NA;2;51;M;F;5064;EMP
057540040040-118;057540040040;100mN32119E42113;MC;OS;3;70;M;F;6574;NEP
057540040040-118;057540040040;100mN32119E42113;MC;OS;3;66;M;M;6574;EMP
057540040040-118;057540040040;100mN32119E42113;MC;OS;3;73;D;F;6574;EMP
057540040040-119;057540040040;100mN32128E42136;S;NA;1;41;M;F;4049;EMP
057540040040-120;057540040040;100mN32122E42118;MC;OS;2;85;M;F;75XX;EMP
057540040040-120;057540040040;100mN32122E42118;MC;OS;2;87;M;M;75XX;NEP
057540040040-121;057540040040;100mN32105E42073;MC;NA;3;46;M;F;4049;NEP
057540040040-121;057540040040;100mN32105E42073;MC;NA;3;48;M;M;4049;NEP
057540040040-121;057540040040;100mN32105E42073;MC;NA;3;4;S;F;0305;NEP
057540040040-122;057540040040;100mN32124E42142;MC;NA;2;51;M;M;5064;NEP
057540040040-122;057540040040;100mN32124E42142;MC;NA;2;48;M;F;4049;NEP
057540040040-123;057540040040;100mN32111E42124;S;NA;1;16;S;M;1517;EMP
057540040040-124;057540040040;100mN32124E42139;S;OS;1;83;S;F;75XX;NEP
057540040040-125;057540040040;100mN32112E42118;PO;NA;4;50;S;F;5064;NEP
057540040040-125;057540040040;100mN32112E42118;PO;NA;4;51;S;F;5064;EMP
057540040040-125;057540040040;100mN32112E42118;PO;NA;4;6;S;M;0614;NEP
057540040040-125;057540040040;100mN32112E42118;PO;NA;4;9;S;F;0614;NEP
057540040040-126;057540040040;100mN32122E42118;MC;OS;3;68;M;M;6574;EMP
057540040040-126;057540040040;100mN32122E42118;MC;OS;3;71;M;F;6574;EMP
057540040040-126;057540040040;100mN32122E42118;MC;OS;3;69;M;M;6574;EMP
057540040040-127;057540040040;100mN32123E42122;MC;MIX;3;76;W;M;75XX;EMP
057540040040-127;057540040040;100mN32123E42122;MC;MIX;3;54;M;F;5064;EMP
057540040040-127;057540040040;100mN32123E42122;MC;MIX;3;71;S;F;6574;NEP
057540040040-128;057540040040;100mN32131E42131;SF;NA;4;65;W;F;6574;EMP
057540040040-128;057540040040;100mN32131E42131;SF;NA;4;48;S;F;4049;EMP
057540040040-128;057540040040;100mN32131E42131;SF;NA;4;50;S;F;5064;EMP
057540040040-128;057540040040;100mN32131E42131;SF;NA;4;6;S;F;0614;NEP
057540040040-129;057540040040;100mN32126E42139;SF;NA;3;60;D;F;5064;EMP
057540040040-129;057540040040;100mN32126E42139;SF;NA;3;37;W;M;3039;NEP
057540040040-129;057540040040;100mN32126E42139;SF;NA;3;28;M;M;2529;NEP
057540040040-130;057540040040;100mN32133E42135;S;NA;1;48;D;F;4049;NEP
057540040040-131;057540040040;100mN32120E42128;S;NA;1;45;W;F;4049;NEP
057540040040-132;057540040040;100mN32121E42114;MC;NA;2;40;M;M;4049;EMP
057540040040-132;057540040040;100mN32121E42114;MC;NA;2;34;M;F;3039;EMP
057540040040-133;057540040040;100mN32108E42073;S;NA;1;32;D;M;3039;EMP
057540040040-134;057540040040;100mN32115E42115;S;OS;1;66;M;F;6574;NEP
057540040040-135;057540040040;100mN32136E42132;MC;NA;4;46;M;F;4049;UEP
057540040040-135;057540040040;100mN32136E42132;MC;NA;4;47;M;M;4049;NEP
057540040040-135;057540040040;100mN32136E42132;MC;NA;4;15;S;M;1517;EMP
057540040040-135;057540040040;100mN32136E42132;MC;NA;4;12;S;F;0614;NEP
057540040040-136;057540040040;100mN32113E42124;MC;OS;3;83;M;M;75XX;EMP
057540040040-136;057540040040;100mN32113E42124;MC;OS;3;80;M;F;75XX;EMP
057540040040-136;057540040040;100mN32113E42124;MC;OS;3;86;D;F;75XX;NEP
057540040040-137;057540040040;100mN32102E42070;MC;OS;5;70;M;F;6574;EMP
057540040040-137;057540040040;100mN32102E42070;MC;OS;5;70;M;M;6574;NEP
057540040040-137;057540040040;100mN32102E42070;MC;OS;5;86;D;F;75XX;NEP
057540040040-137;057540040040;100mN32102E42070;MC;OS;5;73;W;F;6574;NEP
057540040040-137;057540040040;100mN32102E42070;MC;OS;5;85;M;M;75XX;EMP
057540040040-138;057540040040;100mN32139E42123;S;NA;1;69;M;F;6574;NEP
057540040040-139;057540040040;100mN32120E42112;MC;OS;2;67;M;M;6574;EMP
057540040040-139;057540040040;100mN32120E42112;MC;OS;2;72;M;F;6574;NEP
057540040040-140;057540040040;100mN32131E42131;S;NA;1;31;S;M;3039;EMP
057540040040-141;057540040040;100mN32121E42140;S;OS;1;59;D;M;5064;EMP
057540040040-142;057540040040;100mN32098E42142;MC;NA;2;61;M;M;5064;EMP
057540040040-142;057540040040;100mN32098E42142;MC;NA;2;53;M;F;5064;NEP
057540040040-143;057540040040;100mN32098E42142;S;NA;1;31;W;F;3039;EMP
057540040040-144;057540040040;100mN32111E42121;S;NA;1;54;S;M;5064;EMP
057540040040-145;057540040040;100mN32128E42123;S;OS;1;52;M;F;5064;NEP
057540040040-146;057540040040;100mN32129E42140;PO;NA;2;48;S;F;4049;UEP
057540040040-146;057540040040;100mN32129E42140;PO;NA;2;47;S;F;4049;NEP
057540040040-147;057540040040;100mN32129E42141;S;NA;1;69;W;F;6574;NEP
057540040040-148;057540040040;100mN32125E42144;PO;OS;2;68;S;F;6574;NEP
057540040040-148;057540040040;100mN32125E42144;PO;OS;2;73;S;M;6574;EMP
057540040040-149;057540040040;100mN32114E42125;MC;OS;2;67;M;F;6574;EMP
057540040040-149;057540040040;100mN32114E42125;MC;OS;2;73;M;M;6574;EMP
057540040040-150;057540040040;100mN32123E42118;MC;NA;2;37;M;F;3039;NEP
057540040040-150;057540040040;100mN32123E42118;MC;NA;2;37;M;M;3039;EMP
057540040040-151;057540040040;100mN32127E42139;MC;NA;4;44;M;M;4049;EMP
057540040040-151;057540040040;100mN32127E42139;MC;NA;4;38;M;F;3039;NEP
057540040040-151;057540040040;100mN32127E42139;MC;NA;4;16;S;M;1517;EMP
057540040040-151;057540040040;100mN32127E42139;MC;NA;4;21;M;F;1824;EMP
057540040040-152;057540040040;100mN32129E42140;MC;NA;3;26;M;F;2529;EMP
057540040040-152;057540040040;100mN32129E42140;MC;NA;3;34;M;M;3039;EMP
057540040040-152;057540040040;100mN32129E42140;MC;NA;3;9;S;M;0614;NEP
057540040040-153;057540040040;100mN32129E42140;MC;OS;4;68;M;M;6574;NEP
057540040040-153;057540040040;100mN32129E42140;MC;OS;4;68;M;F;6574;NEP
057540040040-153;057540040040;100mN32129E42140;MC;OS;4;68;D;M;6574;NEP
057540040040-153;057540040040;100mN32129E42140;MC;OS;4;70;D;M;6574;EMP
057540040040-154;057540040040;100mN32129E42140;S;NA;1;19;S;M;1824;NEP
057540040040-155;057540040040;100mN32096E42067;PO;NA;2;52;S;M;5064;EMP
057540040040-155;057540040040;100mN32096E42067;PO;NA;2;44;S;M;4049;NEP
057540040040-156;057540040040;100mN32129E42140;MC;NA;2;56;M;M;5064;NEP
057540040040-156;057540040040;100mN32129E42140;MC;NA;2;52;M;F;5064;NEP
057540040040-157;057540040040;100mN32096E42067;PO;NA;2;52;S;M;5064;EMP
057540040040-157;057540040040;100mN32096E42067;PO;NA;2;44;S;M;4049;NEP
057540040040-158;057540040040;100mN32096E42069;MC;NA;4;34;M;M;3039;EMP
057540040040-158;057540040040;100mN32096E42069;MC;NA;4;25;M;F;2529;NEP
057540040040-158;057540040040;100mN32096E42069;MC;NA;4;10;S;M;0614;NEP
057540040040-158;057540040040;100mN32096E42069;MC;NA;4;16;S;M;1517;NEP
057540040040-159;057540040040;100mN32118E42121;MC;NA;4;36;M;M;3039;EMP
057540040040-159;057540040040;100mN32118E42121;MC;NA;4;40;M;F;4049;NEP
057540040040-159;057540040040;100mN32118E42121;MC;NA;4;15;S;F;1517;EMP
057540040040-159;057540040040;100mN32118E42121;MC;NA;4;11;S;F;0614;NEP
057540040040-160;057540040040;100mN32104E42136;S;NA;1;46;S;M;4049;EMP
057540040040-161;057540040040;100mN32129E42140;S;NA;1;61;M;M;5064;NEP
057540040040-162;057540040040;100mN32129E42140;MC;NA;4;51;M;M;5064;EMP
057540040040-162;057540040040;100mN32129E42140;MC;NA;4;45;M;F;4049;EMP
057540040040-162;057540040040;100mN32129E42140;MC;NA;4;16;S;F;1517;EMP
057540040040-162;057540040040;100mN32129E42140;MC;NA;4;4;S;M;0305;NEP
057540040040-163;057540040040;100mN32129E42140;MC;NA;2;41;M;F;4049;NEP
057540040040-163;057540040040;100mN32129E42140;MC;NA;2;47;M;M;4049;EMP
057540040040-164;057540040040;100mN32097E42057;S;OS;1;59;D;F;5064;NEP
057540040040-165;057540040040;100mN32124E42144;SF;NA;4;47;S;F;4049;UEP
057540040040-165;057540040040;100mN32124E42144;SF;NA;4;2;S;M;0003;NEP
057540040040-165;057540040040;100mN32124E42144;SF;NA;4;26;S;F;2529;UEP
057540040040-165;057540040040;100mN32124E42144;SF;NA;4;7;S;M;0614;NEP
057540040040-166;057540040040;100mN32097E42069;S;OS;1;20;M;F;1824;EMP
057540040040-167;057540040040;100mN32119E42122;PO;NA;2;41;S;M;4049;EMP
057540040040-167;057540040040;100mN32119E42122;PO;NA;2;40;S;M;4049;EMP
057540040040-168;057540040040;100mN32124E42117;MC;MIX;2;67;M;F;6574;EMP
057540040040-168;057540040040;100mN32124E42117;MC;MIX;2;71;S;M;6574;EMP
057540040040-169;057540040040;100mN32127E42137;S;NA;1;88;M;F;75XX;NEP
057540040040-170;057540040040;100mN32142E42118;PO;NA;2;57;S;M;5064;NEP
057540040040-170;057540040040;100mN32142E42118;PO;NA;2;55;S;F;5064;NEP
057540040040-171;057540040040;100mN32116E42134;MC;NA;2;40;M;M;4049;EMP
057540040040-171;057540040040;100mN32116E42134;MC;NA;2;31;M;F;3039;EMP
057540040040-172;057540040040;100mN32117E42129;MC;NA;6;41;M;F;4049;EMP
057540040040-172;057540040040;100mN32117E42129;MC;NA;6;48;M;M;4049;NEP
057540040040-172;057540040040;100mN32117E42129;MC;NA;6;21;W;F;1824;NEP
057540040040-172;057540040040;100mN32117E42129;MC;NA;6;15;S;M;1517;EMP
057540040040-172;057540040040;100mN32117E42129;MC;NA;6;25;M;M;2529;NEP
057540040040-172;057540040040;100mN32117E42129;MC;NA;6;8;S;M;0614;NEP
057540040040-173;057540040040;100mN32110E42147;MC;NA;2;41;M;F;4049;NEP
057540040040-173;057540040040;100mN32110E42147;MC;NA;2;43;M;M;4049;EMP
057540040040-174;057540040040;100mN32117E42122;S;OS;1;53;S;F;5064;EMP
057540040040-175;057540040040;100mN32116E42134;MC;NA;2;46;M;M;4049;EMP
057540040040-175;057540040040;100mN32116E42134;MC;NA;2;42;M;F;4049;EMP
057540040040-176;057540040040;100mN32111E42123;MC;NA;3;54;M;M;5064;EMP
057540040040-176;057540040040;100mN32111E42123;MC;NA;3;62;M;F;5064;NEP
057540040040-176;057540040040;100mN32111E42123;MC;NA;3;8;S;F;0614;NEP
057540040040-177;057540040040;100mN32095E42131;S;NA;1;23;M;F;1824;NEP
057540040040-178;057540040040;100mN32104E42130;SF;NA;2;44;S;F;4049;NEP
057540040040-178;057540040040;100mN32104E42130;SF;NA;2;2;S;M;0003;NEP
057540040040-179;057540040040;100mN32104E42130;S;NA;1;55;M;F;5064;EMP
057540040040-180;057540040040;100mN32134E42127;MC;NA;4;44;M;M;4049;EMP
057540040040-180;057540040040;100mN32134E42127;MC;NA;4;42;M;F;4049;EMP
057540040040-180;057540040040;100mN32134E42127;MC;NA;4;7;S;F;0614;NEP
057540040040-180;057540040040;100mN32134E42127;MC;NA;4;6;S;M;0614;NEP
057540040040-181;057540040040;100mN32112E42147;MC;MIX;3;89;M;F;75XX;NEP
057540040040-181;057540040040;100mN32112E42147;MC;MIX;3;42;M;F;4049;EMP
057540040040-181;057540040040;100mN32112E42147;MC;MIX;3;53;M;M;5064;EMP
057540040040-182;057540040040;100mN32135E42116;MC;OS;2;71;M;M;6574;EMP
057540040040-182;057540040040;100mN32135E42116;MC;OS;2;71;M;F;6574;EMP
057540040040-183;057540040040;100mN32122E42117;MC;NA;4;60;M;F;5064;NEP
057540040040-183;057540040040;100mN32122E42117;MC;NA;4;15;S;F;1517;NEP
057540040040-183;057540040040;100mN32122E42117;MC;NA;4;19;W;F;1824;NEP
057540040040-183;057540040040;100mN32122E42117;MC;NA;4;16;S;M;1517;EMP
057540040040-184;057540040040;100mN32119E42115;S;OS;1;77;S;M;75XX;NEP
057540040040-185;057540040040;100mN32118E42133;S;NA;1;85;W;F;75XX;NEP
057540040040-186;057540040040;100mN32128E42133;S;NA;1;16;S;M;1517;EMP
057540040040-187;057540040040;100mN32122E42117;MC;OS;2;88;M;F;75XX;EMP
057540040040-187;057540040040;100mN32122E42117;MC;OS;2;89;M;M;75XX;EMP
057540040040-188;057540040040;100mN32122E42117;MC;NA;2;23;M;F;1824;NEP
057540040040-188;057540040040;100mN32122E42117;MC;NA;2;18;M;M;1824;NEP
057540040040-189;057540040040;100mN32122E42117;MC;NA;3;34;M;M;3039;NEP
057540040040-189;057540040040;100mN32122E42117;MC;NA;3;33;M;F;3039;NEP
057540040040-189;057540040040;100mN32122E42117;MC;NA;3;18;M;M;1824;NEP
057540040040-190;057540040040;100mN32122E42117;MC;OS;3;71;M;M;6574;NEP
057540040040-190;057540040040;100mN32122E42117;MC;OS;3;75;M;F;75XX;EMP
057540040040-190;057540040040;100mN32122E42117;MC;OS;3;76;M;F;75XX;EMP
057540040040-191;057540040040;100mN32094E42116;MC;NA;2;44;M;F;4049;EMP
057540040040-191;057540040040;100mN32094E42116;MC;NA;2;52;M;M;5064;NEP
057540040040-192;057540040040;100mN32122E42117;PO;MIX;2;88;S;F;75XX;NEP
057540040040-192;057540040040;100mN32122E42117;PO;MIX;2;13;S;F;0614;NEP
057540040040-193;057540040040;100mN32112E42124;S;NA;1;43;S;M;4049;EMP
057540040040-194;057540040040;100mN32116E42121;MC;MIX;4;66;M;F;6574;NEP
057540040040-194;057540040040;100mN32116E42121;MC;MIX;4;27;M;M;2529;EMP
057540040040-194;057540040040;100mN32116E42121;MC;MIX;4;27;M;F;2529;NEP
057540040040-194;057540040040;100mN32116E42121;MC;MIX;4;6;S;M;0614;NEP
057540040040-195;057540040040;100mN32119E42067;MC;NA;4;47;M;M;4049;EMP
057540040040-195;057540040040;100mN32119E42067;MC;NA;4;41;M;F;4049;NEP
057540040040-195;057540040040;100mN32119E42067;MC;NA;4;8;S;F;0614;NEP
057540040040-195;057540040040;100mN32119E42067;MC;NA;4;1;S;F;0003;NEP
057540040040-196;057540040040;100mN32125E42115;PO;NA;3;31;S;F;3039;EMP
057540040040-196;057540040040;100mN32125E42115;PO;NA;3;33;S;M;3039;EMP
057540040040-196;057540040040;100mN32125E42115;PO;NA;3;11;S;F;0614;NEP
057540040040-197;057540040040;100mN32128E42137;MC;OS;2;67;M;F;6574;NEP
057540040040-197;057540040040;100mN32128E42137;MC;OS;2;70;M;M;6574;EMP
057540040040-198;057540040040;100mN32123E42112;PO;OS;3;65;S;F;6574;NEP
057540040040-198;057540040040;100mN32123E42112;PO;OS;3;68;S;M;6574;EMP
057540040040-198;057540040040;100mN32123E42112;PO;OS;3;78;M;M;75XX;EMP
057540040040-199;057540040040;100mN32128E42137;PO;NA;2;53;S;F;5064;NEP
057540040040-199;057540040040;100mN32128E42137;PO;NA;2;63;S;M;5064;EMP
057540040040-200;057540040040;100mN32121E42115;S;OS;1;55;M;F;5064;NEP
057540040040-201;057540040040;100mN32115E42121;S;NA;1;65;D;M;6574;NEP
057540040040-202;057540040040;100mN32129E42132;MC;MIX;2;82;M;M;75XX;EMP
057540040040-202;057540040040;100mN32129E42132;MC;MIX;2;50;M;M;5064;EMP
057540040040-203;057540040040;100mN32128E42137;SF;MIX;3;83;S;M;75XX;NEP
057540040040-203;057540040040;100mN32128E42137;SF;MIX;3;33;S;F;3039;EMP
057540040040-203;057540040040;100mN32128E42137;SF;MIX;3;18;M;M;1824;EMP
057540040040-204;057540040040;100mN32123E42122;SF;NA;3;45;D;F;4049;NEP
057540040040-204;057540040040;100mN32123E42122;SF;NA;3;6;S;F;0614;NEP
057540040040-204;057540040040;100mN32123E42122;SF;NA;3;10;S;F;0614;NEP
057540040040-205;057540040040;100mN32119E42123;MC;NA;3;34;M;M;3039;EMP
057540040040-205;057540040040;100mN32119E42123;MC;NA;3;25;M;F;2529;UEP
057540040040-205;057540040040;100mN32119E42123;MC;NA;3;15;S;F;1517;EMP
057540040040-206;057540040040;100mN32117E42122;MC;MIX;2;86;M;F;75XX;NEP
057540040040-206;057540040040;100mN32117E42122;MC;MIX;2;70;M;M;6574;EMP
057540040040-207;057540040040;100mN32104E42071;MC;NA;3;41;M;F;4049;EMP
057540040040-207;057540040040;100mN32104E42071;MC;NA;3;40;M;M;4049;EMP
057540040040-207;057540040040;100mN32104E42071;MC;NA;3;13;S;M;0614;NEP
057540040040-208;057540040040;100mN32086E42058;S;NA;1;67;W;F;6574;EMP
057540040040-209;057540040040;100mN32086E42058;MC;NA;3;53;M;F;5064;EMP
057540040040-209;057540040040;100mN32086E42058;MC;NA;3;54;M;M;5064;NEP
057540040040-209;057540040040;100mN32086E42058;MC;NA;3;3;S;M;0305;NEP
057540040040-210;057540040040;100mN32132E42135;S;OS;1;53;M;F;5064;EMP
057540040040-211;057540040040;100mN32122E42146;S;NA;1;81;W;F;75XX;NEP
057540040040-212;057540040040;100mN32122E42147;MC;NA;2;27;M;M;2529;EMP
057540040040-212;057540040040;100mN32122E42147;MC;NA;2;26;M;F;2529;EMP
057540040040-213;057540040040;100mN32122E42147;PO;NA;2;33;S;M;3039;NEP
057540040040-213;057540040040;100mN32122E42147;PO;NA;2;30;S;M;3039;EMP
057540040040-214;057540040040;100mN32122E42147;S;NA;1;75;M;M;75XX;EMP
057540040040-215;057540040040;100mN32104E42075;S;NA;1;51;S;M;5064;NEP
057540040040-216;057540040040;100mN32122E42147;MC;NA;2;41;M;F;4049;EMP
057540040040-216;057540040040;100mN32122E42147;MC;NA;2;47;M;M;4049;EMP
057540040040-217;057540040040;100mN32138E42124;MC;NA;2;21;M;M;1824;EMP
057540040040-217;057540040040;100mN32138E42124;MC;NA;2;18;M;F;1824;EMP
057540040040-218;057540040040;100mN32122E42147;MC;NA;2;21;M;M;1824;EMP
057540040040-218;057540040040;100mN32122E42147;MC;NA;2;21;M;F;1824;NEP
057540040040-219;057540040040;100mN32111E42120;MC;NA;2;42;M;M;4049;EMP
057540040040-219;057540040040;100mN32111E42120;MC;NA;2;38;M;F;3039;EMP
057540040040-220;057540040040;100mN32123E42117;MC;NA;3;30;M;F;3039;UEP
057540040040-220;057540040040;100mN32123E42117;MC;NA;3;37;M;M;3039;NEP
057540040040-220;057540040040;100mN32123E42117;MC;NA;3;7;S;F;0614;NEP
057540040040-221;057540040040;100mN32132E42134;MC;NA;4;60;M;F;5064;EMP
057540040040-221;057540040040;100mN32132E42134;MC;NA;4;54;M;M;5064;NEP
057540040040-221;057540040040;100mN32132E42134;MC;NA;4;3;S;M;0305;NEP
057540040040-221;057540040040;100mN32132E42134;MC;NA;4;13;S;M;0614;NEP
057540040040-222;057540040040;100mN32114E42126;S;NA;1;55;S;F;5064;NEP
057540040040-223;057540040040;100mN32112E42121;MC;NA;4;44;M;F;4049;NEP
057540040040-223;057540040040;100mN32112E42121;MC;NA;4;52;M;M;5064;EMP
057540040040-223;057540040040;100mN32112E42121;MC;NA;4;23;W;M;1824;EMP
057540040040-223;057540040040;100mN32112E42121;MC;NA;4;15;S;M;1517;EMP
057540040040-224;057540040040;100mN32111E42119;MC;MIX;4;69;D;M;6574;NEP
057540040040-224;057540040040;100mN32111E42119;MC;MIX;4;46;M;F;4049;EMP
057540040040-224;057540040040;100mN32111E42119;MC;MIX;4;47;M;M;4049;EMP
057540040040-224;057540040040;100mN32111E42119;MC;MIX;4;26;S;F;2529;EMP
057540040040-225;057540040040;100mN32119E42122;MC;NA;4;42;M;M;4049;NEP
057540040040-225;057540040040;100mN32119E42122;MC;NA;4;42;M;F;4049;EMP
057540040040-225;057540040040;100mN32119E42122;MC;NA;4;3;S;F;0305;NEP
057540040040-225;057540040040;100mN32119E42122;MC;NA;4;16;S;F;1517;NEP
057540040040-226;057540040040;100mN32103E42074;MC;NA;2;57;M;M;5064;NEP
057540040040-226;057540040040;100mN32103E42074;MC;NA;2;53;M;F;5064;EMP
057540040040-227;057540040040;100mN32113E42126;MC;MIX;2;87;M;M;75XX;EMP
057540040040-227;057540040040;100mN32113E42126;MC;MIX;2;52;S;M;5064;EMP
057540040040-228;057540040040;100mN32112E42116;S;OS;1;46;M;M;4049;EMP
057540040040-229;057540040040;100mN32119E42122;PO;NA;2;41;S;M;4049;EMP
057540040040-229;057540040040;100mN32119E42122;PO;NA;2;40;S;M;4049;EMP
057540040040-230;057540040040;100mN32138E42124;MC;NA;2;21;M;M;1824;EMP
057540040040-230;057540040040;100mN32138E42124;MC;NA;2;18;M;F;1824;EMP
057540040040-231;057540040040;100mN32125E42113;MC;NA;2;32;M;F;3039;NEP
057540040040-231;057540040040;100mN32125E42113;MC;NA;2;23;M;M;1824;NEP
057540040040-232;057540040040;100mN32124E42140;PO;NA;3;54;S;M;5064;NEP
057540040040-232;057540040040;100mN32124E42140;PO;NA;3;54;S;F;5064;EMP
057540040040-232;057540040040;100mN32124E42140;PO;NA;3;15;S;F;1517;EMP
057540040040-233;057540040040;100mN32123E42146;MC;NA;2;59;M;F;5064;EMP
057540040040-233;057540040040;100mN32123E42146;MC;NA;2;54;M;M;5064;EMP
057540040040-234;057540040040;100mN32117E42132;S;OS;1;57;S;F;5064;EMP
057540040040-235;057540040040;100mN32112E42120;MC;NA;2;44;M;M;4049;EMP
057540040040-235;057540040040;100mN32112E42120;MC;NA;2;44;M;F;4049;UEP
057540040040-236;057540040040;100mN32119E42122;PO;NA;2;37;S;M;3039;NEP
057540040040-236;057540040040;100mN32119E42122;PO;NA;2;33;S;M;3039;EMP
057540040040-237;057540040040;100mN32093E42129;MC;MIX;2;72;M;M;6574;NEP
057540040040-237;057540040040;100mN32093E42129;MC;MIX;2;52;S;F;5064;EMP
057540040040-238;057540040040;100mN32118E42123;S;NA;1;48;D;M;4049;NEP
057540040040-239;057540040040;100mN32126E42139;S;NA;1;58;D;M;5064;EMP
057540040040-240;057540040040;100mN32119E42122;SF;NA;2;16;S;F;1517;NEP
057540040040-240;057540040040;100mN32119E42122;SF;NA;2;1;S;M;0003;NEP
057540040040-241;057540040040;100mN32125E42137;MC;OS;4;75;M;F;75XX;NEP
057540040040-241;057540040040;100mN32125E42137;MC;OS;4;75;M;M;75XX;EMP
057540040040-241;057540040040;100mN32125E42137;MC;OS;4;68;M;F;6574;NEP
057540040040-241;057540040040;100mN32125E42137;MC;OS;4;65;D;F;6574;EMP
057540040040-242;057540040040;100mN32098E42071;SF;NA;2;84;D;F;75XX;EMP
057540040040-242;057540040040;100mN32098E42071;SF;NA;2;12;S;M;0614;NEP
057540040040-243;057540040040;100mN32119E42122;MC;MIX;5;70;M;M;6574;EMP
057540040040-243;057540040040;100mN32119E42122;MC;MIX;5;47;M;M;4049;EMP
057540040040-243;057540040040;100mN32119E42122;MC;MIX;5;18;M;F;1824;NEP
057540040040-243;057540040040;100mN32119E42122;MC;MIX;5;3;S;F;0305;NEP
057540040040-243;057540040040;100mN32119E42122;MC;MIX;5;10;S;M;0614;NEP
057540040040-244;057540040040;100mN32118E42129;MC;OS;2;72;M;F;6574;NEP
057540040040-244;057540040040;100mN32118E42129;MC;OS;2;79;M;M;75XX;EMP
057540040040-245;057540040040;100mN32131E42131;MC;NA;5;45;M;M;4049;EMP
057540040040-245;057540040040;100mN32131E42131;MC;NA;5;44;M;F;4049;EMP
057540040040-245;057540040040;100mN32131E42131;MC;NA;5;6;S;M;0614;NEP
057540040040-245;057540040040;100mN32131E42131;MC;NA;5;7;S;M;0614;NEP
057540040040-245;057540040040;100mN32131E42131;MC;NA;5;23;D;F;1824;EMP
057540040040-246;057540040040;100mN32119E42122;MC;OS;2;70;M;M;6574;EMP
057540040040-246;057540040040;100mN32119E42122;MC;OS;2;68;M;F;6574;EMP
057540040040-247;057540040040;100mN32127E42143;MC;NA;2;56;M;F;5064;EMP
057540040040-247;057540040040;100mN32127E42143;MC;NA;2;50;M;M;5064;NEP
057540040040-248;057540040040;100mN32140E42128;S;NA;1;46;S;M;4049;EMP
057540040040-249;057540040040;100mN32119E42122;MC;NA;2;48;M;F;4049;NEP
057540040040-249;057540040040;100mN32119E42122;MC;NA;2;45;M;M;4049;EMP
057540040040-250;057540040040;100mN32119E42122;MC;NA;2;53;M;F;5064;NEP
057540040040-250;057540040040;100mN32119E42122;MC;NA;2;62;M;M;5064;EMP
057540040040-251;057540040040;100mN32109E42142;MC;NA;3;45;M;M;4049;EMP
057540040040-251;057540040040;100mN32109E42142;MC;NA;3;43;M;F;4049;EMP
057540040040-251;057540040040;100mN32109E42142;MC;NA;3;8;S;F;0614;NEP
057540040040-252;057540040040;100mN32124E42113;S;NA;1;69;W;F;6574;UEP
057540040040-253;057540040040;100mN32119E42122;S;NA;1;65;M;M;6574;EMP
057540040040-254;057540040040;100mN32112E42118;MC;MIX;2;77;M;M;75XX;NEP
057540040040-254;057540040040;100mN32112E42118;MC;MIX;2;31;M;F;3039;EMP
057540040040-255;057540040040;100mN32136E42120;MC;NA;4;47;M;F;4049;EMP
057540040040-255;057540040040;100mN32136E42120;MC;NA;4;46;M;M;4049;EMP
057540040040-255;057540040040;100mN32136E42120;MC;NA;4;13;S;F;0614;NEP
057540040040-255;057540040040;100mN32136E42120;MC;NA;4;0;S;F;0003;NEP
057540040040-256;057540040040;100mN32109E42145;MC;NA;4;55;M;M;5064;EMP
057540040040-256;057540040040;100mN32109E42145;MC;NA;4;54;M;F;5064;NEP
057540040040-256;057540040040;100mN32109E42145;MC;NA;4;40;S;M;4049;EMP
057540040040-256;057540040040;100mN32109E42145;MC;NA;4;0;S;M;0003;NEP
057540040040-257;057540040040;100mN32090E42132;MC;NA;4;31;M;M;3039;EMP
057540040040-257;057540040040;100mN32090E42132;MC;NA;4;23;M;F;1824;EMP
057540040040-257;057540040040;100mN32090E42132;MC;NA;4;1;S;M;0003;NEP
057540040040-257;057540040040;100mN32090E42132;MC;NA;4;3;S;F;0305;NEP
057540040040-258;057540040040;100mN32119E42122;SM;NA;3;42;S;M;4049;EMP
057540040040-258;057540040040;100mN32119E42122;SM;NA;3;26;M;M;2529;EMP
057540040040-258;057540040040;100mN32119E42122;SM;NA;3;25;W;F;2529;EMP
057540040040-259;057540040040;100mN32101E42072;S;OS;1;25;W;F;2529;EMP
057540040040-260;057540040040;100mN32120E42121;MC;MIX;4;80;M;M;75XX;EMP
057540040040-260;057540040040;100mN32120E42121;MC;MIX;4;48;M;M;4049;EMP
057540040040-260;057540040040;100mN32120E42121;MC;MIX;4;47;M;F;4049;NEP
057540040040-260;057540040040;100mN32120E42121;MC;MIX;4;15;S;M;1517;EMP
057540040040-261;057540040040;100mN32118E42120;MC;MIX;2;81;M;F;75XX;EMP
057540040040-261;057540040040;100mN32118E42120;MC;MIX;2;55;W;F;5064;NEP
057540040040-262;057540040040;100mN32117E42113;S;OS;1;51;M;M;5064;EMP
057540040040-263;057540040040;100mN32119E42122;MC;NA;2;44;M;M;4049;NEP
057540040040-263;057540040040;100mN32119E42122;MC;NA;2;41;M;F;4049;NEP
057540040040-264;057540040040;100mN32115E42123;S;NA;1;40;W;F;4049;NEP
057540040040-265;057540040040;100mN32119E42122;NA;NA;5;60;M;F;5064;NEP
057540040040-265;057540040040;100mN32119E42122;NA;NA;5;70;M;F;6574;NEP
057540040040-265;057540040040;100mN32119E42122;NA;NA;5;86;S;F;75XX;EMP
057540040040-265;057540040040;100mN32119E42122;NA;NA;5;56;M;F;5064;EMP
057540040040-265;057540040040;100mN32119E42122;NA;NA;5;40;M;F;4049;EMP
057540040040-266;057540040040;100mN32113E42124;MC;MIX;2;67;M;M;6574;EMP
057540040040-266;057540040040;100mN32113E42124;MC;MIX;2;63;M;F;5064;NEP
057540040040-267;057540040040;100mN32131E42138;MC;NA;2;36;M;F;3039;NEP
057540040040-267;057540040040;100mN32131E42138;MC;NA;2;37;M;M;3039;EMP
057540040040-268;057540040040;100mN32087E42047;MC;NA;2;47;M;M;4049;NEP
057540040040-268;057540040040;100mN32087E42047;MC;NA;2;42;M;F;4049;NEP
057540040040-269;057540040040;100mN32114E42126;MC;OS;3;83;M;F;75XX;EMP
057540040040-269;057540040040;100mN32114E42126;MC;OS;3;86;M;M;75XX;NEP
057540040040-269;057540040040;100mN32114E42126;MC;OS;3;80;D;M;75XX;EMP
057540040040-270;057540040040;100mN32122E42113;MC;NA;5;41;M;F;4049;NEP
057540040040-270;057540040040;100mN32122E42113;MC;NA;5;42;M;M;4049;NEP
057540040040-270;057540040040;100mN32122E42113;MC;NA;5;7;S;F;0614;NEP
057540040040-270;057540040040;100mN32122E42113;MC;NA;5;22;M;M;1824;EMP
057540040040-270;057540040040;100mN32122E42113;MC;NA;5;16;S;F;1517;NEP
057540040040-271;057540040040;100mN32122E42113;S;NA;1;42;W;M;4049;EMP
057540040040-272;057540040040;100mN32122E42113;MC;NA;3;52;M;F;5064;NEP
057540040040-272;057540040040;100mN32122E42113;MC;NA;3;57;M;M;5064;EMP
057540040040-272;057540040040;100mN32122E42113;MC;NA;3;0;S;F;0003;NEP
057540040040-273;057540040040;100mN32122E42113;PO;OS;2;86;S;F;75XX;EMP
057540040040-273;057540040040;100mN32122E42113;PO;OS;2;88;S;F;75XX;NEP
057540040040-274;057540040040;100mN32113E42126;MC;NA;3;51;M;F;5064;NEP
057540040040-274;057540040040;100mN32113E42126;MC;NA;3;54;M;M;5064;EMP
057540040040-274;057540040040;100mN32113E42126;MC;NA;3;12;S;M;0614;NEP
057540040040-275;057540040040;100mN32122E42113;SF;NA;3;67;W;F;6574;EMP
057540040040-275;057540040040;100mN32122E42113;SF;NA;3;51;S;M;5064;EMP
057540040040-275;057540040040;100mN32122E42113;SF;NA;3;36;S;M;3039;EMP
057540040040-276;057540040040;100mN32106E42088;MC;NA;2;35;M;M;3039;EMP
057540040040-276;057540040040;100mN32106E42088;MC;NA;2;31;M;F;3039;NEP
057540040040-277;057540040040;100mN32116E42122;MC;MIX;6;68;W;F;6574;EMP
057540040040-277;057540040040;100mN32116E42122;MC;MIX;6;20;M;F;1824;NEP
057540040040-277;057540040040;100mN32116E42122;MC;MIX;6;23;M;M;1824;NEP
057540040040-277;057540040040;100mN32116E42122;MC;MIX;6;2;S;M;0003;NEP
057540040040-277;057540040040;100mN32116E42122;MC;MIX;6;3;S;M;0305;NEP
057540040040-277;057540040040;100mN32116E42122;MC;MIX;6;2;S;F;0003;NEP
057540040040-278;057540040040;100mN32122E42113;MC;NA;2;21;M;F;1824;NEP
057540040040-278;057540040040;100mN32122E42113;MC;NA;2;23;M;M;1824;EMP
057540040040-279;057540040040;100mN32112E42120;MC;MIX;3;72;M;F;6574;EMP
057540040040-279;057540040040;100mN32112E42120;MC;MIX;3;54;M;F;5064;NEP
057540040040-279;057540040040;100mN32112E42120;MC;MIX;3;57;M;M;5064;EMP
057540040040-280;057540040040;100mN32131E42131;S;NA;1;67;M;F;6574;NEP
057540040040-281;057540040040;100mN32093E42131;S;OS;1;83;M;M;75XX;EMP
057540040040-282;057540040040;100mN32122E42113;MC;NA;2;30;M;F;3039;NEP
057540040040-282;057540040040;100mN32122E42113;MC;NA;2;35;M;M;3039;EMP
057540040040-283;057540040040;100mN32122E42113;PO;NA;2;44;S;F;4049;EMP
057540040040-283;057540040040;100mN32122E42113;PO;NA;2;48;S;F;4049;NEP
057540040040-284;057540040040;100mN32122E42113;S;NA;1;26;D;M;2529;EMP
057540040040-285;057540040040;100mN32109E42146;S;OS;1;52;S;F;5064;UEP
057540040040-286;057540040040;100mN32129E42139;MC;OS;2;88;M;F;75XX;NEP
057540040040-286;057540040040;100mN32129E42139;MC;OS;2;89;M;M;75XX;EMP
057540040040-287;057540040040;100mN32118E42113;S;NA;1;38;S;M;3039;EMP
057540040040-288;057540040040;100mN32116E42114;S;NA;1;31;M;F;3039;EMP
057540040040-289;057540040040;100mN32100E42073;MC;OS;3;71;M;M;6574;EMP
057540040040-289;057540040040;100mN32100E42073;MC;OS;3;65;M;F;6574;UEP
057540040040-289;057540040040;100mN32100E42073;MC;OS;3;83;M;F;75XX;EMP
057540040040-290;057540040040;100mN32086E42068;MC;NA;2;60;M;F;5064;EMP
057540040040-290;057540040040;100mN32086E42068;MC;NA;2;16;S;M;1517;EMP
057540040040-291;057540040040;100mN32113E42123;S;NA;1;25;D;F;2529;EMP
057540040040-292;057540040040;100mN32113E42125;MC;OS;2;89;M;F;75XX;EMP
057540040040-292;057540040040;100mN32113E42125;MC;OS;2;51;W;F;5064;EMP
057540040040-293;057540040040;100mN32129E42139;MC;MIX;3;81;M;M;75XX;EMP
057540040040-293;057540040040;100mN32129E42139;MC;MIX;3;56;M;M;5064;NEP
057540040040-293;057540040040;100mN32129E42139;MC;MIX;3;48;M;F;4049;EMP
057540040040-294;057540040040;100mN32127E42142;S;OS;1;70;S;F;6574;EMP
057540040040-295;057540040040;100mN32129E42139;MC;NA;2;44;M;F;4049;EMP
057540040040-295;057540040040;100mN32129E42139;MC;NA;2;51;M;M;5064;EMP
057540040040-296;057540040040;100mN32129E42139;MC;OS;3;69;M;M;6574;NEP
057540040040-296;057540040040;100mN32129E42139;MC;OS;3;67;M;F;6574;NEP
057540040040-296;057540040040;100mN32129E42139;MC;OS;3;81;S;M;75XX;EMP
057540040040-297;057540040040;100mN32136E42131;MC;NA;4;36;M;F;3039;EMP
057540040040-297;057540040040;100mN32136E42131;MC;NA;4;45;M;M;4049;NEP
057540040040-297;057540040040;100mN32136E42131;MC;NA;4;0;S;M;0003;NEP
057540040040-297;057540040040;100mN32136E42131;MC;NA;4;9;S;F;0614;NEP
057540040040-298;057540040040;100mN32129E42139;MC;NA;3;34;M;M;3039;EMP
057540040040-298;057540040040;100mN32129E42139;MC;NA;3;28;M;F;2529;NEP
057540040040-298;057540040040;100mN32129E42139;MC;NA;3;18;S;M;1824;EMP
057540040040-299;057540040040;100mN32143E42118;MC;NA;4;22;M;M;1824;NEP
057540040040-299;057540040040;100mN32143E42118;MC;NA;4;20;M;F;1824;NEP
057540040040-299;057540040040;100mN32143E42118;MC;NA;4;7;S;F;0614;NEP
057540040040-299;057540040040;100mN32143E42118;MC;NA;4;0;S;M;0003;NEP
057540040040-300;057540040040;100mN32124E42116;S;NA;1;40;W;F;4049;EMP
057540040040-301;057540040040;100mN32143E42118;S;NA;1;19;M;F;1824;EMP
057540040040-302;057540040040;100mN32123E42145;MC;MIX;2;69;M;M;6574;NEP
057540040040-302;057540040040;100mN32123E42145;MC;MIX;2;63;M;F;5064;NEP
057540040040-303;057540040040;100mN32143E42115;SF;NA;2;30;S;F;3039;EMP
057540040040-303;057540040040;100mN32143E42115;SF;NA;2;15;S;F;1517;EMP
057540040040-304;057540040040;100mN32124E42142;S;NA;1;42;W;M;4049;EMP
057540040040-305;057540040040;100mN32117E42112;S;NA;1;40;S;F;4049;EMP
057540040040-306;057540040040;100mN32108E42146;S;OS;1;41;D;M;4049;NEP
057540040040-307;057540040040;100mN32143E42115;NA;NA;2;65;M;M;6574;EMP
057540040040-307;057540040040;100mN32143E42115;NA;NA;2;19;M;M;1824;EMP
057540040040-308;057540040040;100mN32121E42140;MC;NA;2;45;M;M;4049;NEP
057540040040-308;057540040040;100mN32121E42140;MC;NA;2;52;M;F;5064;EMP
057540040040-309;057540040040;100mN32143E42115;PO;OS;2;83;S;F;75XX;EMP
057540040040-309;057540040040;100mN32143E42115;PO;OS;2;81;S;M;75XX;NEP
057540040040-310;057540040040;100mN32114E42131;MC;NA;2;57;M;F;5064;EMP
057540040040-310;057540040040;100mN32114E42131;MC;NA;2;61;M;M;5064;EMP
057540040040-311;057540040040;100mN32115E42131;PO;NA;4;31;S;M;3039;EMP
057540040040-311;057540040040;100mN32115E42131;PO;NA;4;26;S;M;2529;EMP
057540040040-311;057540040040;100mN32115E42131;PO;NA;4;16;S;F;1517;NEP
057540040040-311;057540040040;100mN32115E42131;PO;NA;4;3;S;M;0305;NEP
057540040040-312;057540040040;100mN32143E42115;MC;NA;3;44;M;M;4049;NEP
057540040040-312;057540040040;100mN32143E42115;MC;NA;3;41;M;F;4049;NEP
057540040040-312;057540040040;100mN32143E42115;MC;NA;3;11;S;F;0614;NEP
057540040040-313;057540040040;100mN32100E42072;S;NA;1;16;S;F;1517;EMP
057540040040-314;057540040040;100mN32110E42146;S;OS;1;56;S;M;5064;EMP
057540040040-315;057540040040;100mN32108E42144;PO;NA;3;38;S;M;3039;NEP
057540040040-315;057540040040;100mN32108E42144;PO;NA;3;37;S;F;3039;EMP
057540040040-315;057540040040;100mN32108E42144;PO;NA;3;8;S;F;0614;NEP
057540040040-316;057540040040;100mN32106E42071;SF;NA;3;23;S;F;1824;EMP
057540040040-316;057540040040;100mN32106E42071;SF;NA;3;6;S;M;0614;NEP
057540040040-316;057540040040;100mN32106E42071;SF;NA;3;7;S;M;0614;NEP
057540040040-317;057540040040;100mN32115E42123;MC;NA;4;27;M;M;2529;EMP
057540040040-317;057540040040;100mN32115E42123;MC;NA;4;27;M;F;2529;NEP
057540040040-317;057540040040;100mN32115E42123;MC;NA;4;7;S;F;0614;NEP
057540040040-317;057540040040;100mN32115E42123;MC;NA;4;3;S;M;0305;NEP
057540040040-318;057540040040;100mN32114E42125;MC;NA;5;63;M;F;5064;NEP
057540040040-318;057540040040;100mN32114E42125;MC;NA;5;11;S;M;0614;NEP
057540040040-318;057540040040;100mN32114E42125;MC;NA;5;23;W;M;1824;NEP
057540040040-318;057540040040;100mN32114E42125;MC;NA;5;44;M;M;4049;NEP
057540040040-318;057540040040;100mN32114E42125;MC;NA;5;7;S;M;0614;NEP
057540040040-319;057540040040;100mN32115E42123;MC;NA;3;32;M;F;3039;EMP
057540040040-319;057540040040;100mN32115E42123;MC;NA;3;32;M;M;3039;NEP
057540040040-319;057540040040;100mN32115E42123;MC;NA;3;16;S;M;1517;EMP
057540040040-320;057540040040;100mN32139E42121;SF;NA;2;73;W;F;6574;NEP
057540040040-320;057540040040;100mN32139E42121;SF;NA;2;41;S;F;4049;EMP
057540040040-321;057540040040;100mN32131E42132;MC;MIX;2;68;M;F;6574;NEP
057540040040-321;057540040040;100mN32131E42132;MC;MIX;2;44;M;F;4049;NEP
057540040040-322;057540040040;100mN32137E42124;SF;NA;2;47;W;F;4049;EMP
057540040040-322;057540040040;100mN32137E42124;SF;NA;2;15;S;M;1517;EMP
057540040040-323;057540040040;100mN32106E42071;MC;NA;2;48;M;M;4049;NEP
057540040040-323;057540040040;100mN32106E42071;MC;NA;2;48;M;F;4049;UEP
057540040040-324;057540040040;100mN32125E42115;S;NA;1;51;M;M;5064;NEP
057540040040-325;057540040040;100mN32113E42125;S;OS;1;61;D;F;5064;NEP
057540040040-326;057540040040;100mN32086E42057;S;NA;1;53;M;M;5064;EMP
057540040040-327;057540040040;100mN32126E42146;S;OS;1;30;W;F;3039;NEP
057540040040-328;057540040040;100mN32107E42045;MC;NA;2;35;M;M;3039;EMP
057540040040-328;057540040040;100mN32107E42045;MC;NA;2;31;M;F;3039;UEP
057540040040-329;057540040040;100mN32123E42093;PO;NA;2;48;S;M;4049;EMP
057540040040-329;057540040040;100mN32123E42093;PO;NA;2;48;S;F;4049;EMP
057540040040-330;057540040040;100mN32112E42120;MC;NA;4;36;M;F;3039;NEP
057540040040-330;057540040040;100mN32112E42120;MC;NA;4;37;M;M;3039;NEP
057540040040-330;057540040040;100mN32112E42120;MC;NA;4;1;S;M;0003;NEP
057540040040-330;057540040040;100mN32112E42120;MC;NA;4;12;S;M;0614;NEP
057540040040-331;057540040040;100mN32133E42119;SF;NA;2;20;W;F;1824;NEP
057540040040-331;057540040040;100mN32133E42119;SF;NA;2;0;S;M;0003;NEP
057540040040-332;057540040040;100mN32087E42095;SF;NA;4;27;S;F;2529;EMP
057540040040-332;057540040040;100mN32087E42095;SF;NA;4;11;S;M;0614;NEP
057540040040-332;057540040040;100mN32087E42095;SF;NA;4;3;S;F;0305;NEP
057540040040-332;057540040040;100mN32087E42095;SF;NA;4;8;S;F;0614;NEP
057540040040-333;057540040040;100mN32114E42123;MC;NA;2;63;M;F;5064;NEP
057540040040-333;057540040040;100mN32114E42123;MC;NA;2;19;S;F;1824;UEP
057540040040-334;057540040040;100mN32107E42089;MC;MIX;4;71;D;F;6574;EMP
057540040040-334;057540040040;100mN32107E42089;MC;MIX;4;34;M;F;3039;NEP
057540040040-334;057540040040;100mN32107E42089;MC;MIX;4;41;M;M;4049;EMP
057540040040-334;057540040040;100mN32107E42089;MC;MIX;4;9;S;F;0614;NEP
057540040040-335;057540040040;100mN32125E42118;MC;NA;2;44;M;F;4049;EMP
057540040040-335;057540040040;100mN32125E42118;MC;NA;2;52;M;M;5064;EMP
057540040040-336;057540040040;100mN32114E42126;MC;MIX;2;72;M;F;6574;NEP
057540040040-336;057540040040;100mN32114E42126;MC;MIX;2;72;S;F;6574;EMP
057540040040-337;057540040040;100mN32133E42128;SF;NA;4;61;W;F;5064;EMP
057540040040-337;057540040040;100mN32133E42128;SF;NA;4;15;S;F;1517;EMP
057540040040-337;057540040040;100mN32133E42128;SF;NA;4;26;M;F;2529;NEP
057540040040-337;057540040040;100mN32133E42128;SF;NA;4;9;S;M;0614;NEP
057540040040-338;057540040040;100mN32131E42135;MC;NA;2;63;M;F;5064;NEP
057540040040-338;057540040040;100mN32131E42135;MC;NA;2;77;M;F;75XX;EMP
057540040040-339;057540040040;100mN32117E42124;MC;NA;2;56;M;F;5064;EMP
057540040040-339;057540040040;100mN32117E42124;MC;NA;2;58;M;M;5064;EMP
057540040040-340;057540040040;100mN32114E42116;PO;MIX;3;75;S;F;75XX;NEP
057540040040-340;057540040040;100mN32114E42116;PO;MIX;3;53;S;M;5064;EMP
057540040040-340;057540040040;100mN32114E42116;PO;MIX;3;51;S;F;5064;NEP
057540040040-341;057540040040;100mN32107E42070;MC;NA;3;43;M;F;4049;EMP
057540040040-341;057540040040;100mN32107E42070;MC;NA;3;44;M;M;4049;EMP
057540040040-341;057540040040;100mN32107E42070;MC;NA;3;2;S;M;0003;NEP
057540040040-342;057540040040;100mN32117E42123;MC;NA;4;60;M;F;5064;NEP
057540040040-342;057540040040;100mN32117E42123;MC;NA;4;40;W;M;4049;EMP
057540040040-342;057540040040;100mN32117E42123;MC;NA;4;11;S;M;0614;NEP
057540040040-342;057540040040;100mN32117E42123;MC;NA;4;3;S;F;0305;NEP
057540040040-343;057540040040;100mN32121E42120;S;OS;1;44;M;F;4049;EMP
057540040040-344;057540040040;100mN32115E42128;S;OS;1;37;M;M;3039;NEP
057540040040-345;057540040040;100mN32104E42096;MC;NA;2;38;M;M;3039;NEP
057540040040-345;057540040040;100mN32104E42096;MC;NA;2;36;M;F;3039;NEP
057540040040-346;057540040040;100mN32119E42127;S;NA;1;45;M;M;4049;NEP
057540040040-347;057540040040;100mN32131E42131;PO;NA;3;46;S;F;4049;NEP
057540040040-347;057540040040;100mN32131E42131;PO;NA;3;40;S;F;4049;NEP
057540040040-347;057540040040;100mN32131E42131;PO;NA;3;10;S;M;0614;NEP
057540040040-348;057540040040;100mN32119E42127;MC;NA;3;62;M;M;5064;EMP
057540040040-348;057540040040;100mN32119E42127;MC;NA;3;60;M;F;5064;NEP
057540040040-348;057540040040;100mN32119E42127;MC;NA;3;6;S;M;0614;NEP
057540040040-349;057540040040;100mN32112E42118;S;NA;1;28;S;F;2529;NEP
057540040040-350;057540040040;100mN32119E42127;MC;NA;2;22;M;M;1824;NEP
057540040040-350;057540040040;100mN32119E42127;MC;NA;2;18;M;F;1824;NEP
057540040040-351;057540040040;100mN32132E42134;SF;NA;2;86;S;F;75XX;EMP
057540040040-351;057540040040;100mN32132E42134;SF;NA;2;11;S;M;0614;NEP
057540040040-352;057540040040;100mN32119E42127;S;NA;1;66;M;F;6574;NEP
057540040040-353;057540040040;100mN32104E42074;S;NA;1;78;D;F;75XX;NEP
057540040040-354;057540040040;100mN32133E42133;MC;NA;2;43;M;F;4049;EMP
057540040040-354;057540040040;100mN32133E42133;MC;NA;2;46;M;M;4049;EMP
057540040040-355;057540040040;100mN32123E42111;S;NA;1;33;S;F;3039;UEP
057540040040-356;057540040040;100mN32117E42124;S;NA;1;47;S;M;4049;EMP
057540040040-357;057540040040;100mN32119E42127;SF;MIX;4;76;D;M;75XX;NEP
057540040040-357;057540040040;100mN32119E42127;SF;MIX;4;35;D;F;3039;EMP
057540040040-357;057540040040;100mN32119E42127;SF;MIX;4;2;S;M;0003;NEP
057540040040-357;057540040040;100mN32119E42127;SF;MIX;4;13;S;M;0614;NEP
057540040040-358;057540040040;100mN32119E42127;SF;NA;2;51;S;F;5064;NEP
057540040040-358;057540040040;100mN32119E42127;SF;NA;2;28;S;F;2529;EMP
057540040040-359;057540040040;100mN32117E42114;SM;NA;3;68;W;M;6574;EMP
057540040040-359;057540040040;100mN32117E42114;SM;NA;3;9;S;F;0614;NEP
057540040040-359;057540040040;100mN32117E42114;SM;NA;3;36;S;M;3039;EMP
057540040040-360;057540040040;100mN32125E42143;PO;OS;3;67;S;M;6574;EMP
057540040040-360;057540040040;100mN32125E42143;PO;OS;3;67;S;F;6574;EMP
057540040040-360;057540040040;100mN32125E42143;PO;OS;3;85;M;M;75XX;EMP
057540040040-361;057540040040;100mN32131E42090;S;NA;1;41;W;M;4049;NEP
057540040040-362;057540040040;100mN32114E42114;PO;NA;2;33;S;M;3039;NEP
057540040040-362;057540040040;100mN32114E42114;PO;NA;2;33;S;F;3039;NEP
057540040040-363;057540040040;100mN32114E42114;MC;OS;4;71;M;F;6574;EMP
057540040040-363;057540040040;100mN32114E42114;MC;OS;4;70;M;M;6574;NEP
057540040040-363;057540040040;100mN32114E42114;MC;OS;4;78;M;F;75XX;EMP
057540040040-363;057540040040;100mN32114E42114;MC;OS;4;83;S;M;75XX;EMP
057540040040-364;057540040040;100mN32117E42133;MC;OS;2;72;M;F;6574;EMP
057540040040-364;057540040040;100mN32117E42133;MC;OS;2;76;M;M;75XX;EMP
057540040040-365;057540040040;100mN32127E42137;MC;NA;4;63;M;F;5064;EMP
057540040040-365;057540040040;100mN32127E42137;MC;NA;4;51;S;M;5064;EMP
057540040040-365;057540040040;100mN32127E42137;MC;NA;4;9;S;M;0614;NEP
057540040040-365;057540040040;100mN32127E42137;MC;NA;4;3;S;F;0305;NEP
057540040040-366;057540040040;100mN32138E42121;MC;NA;4;46;M;M;4049;EMP
057540040040-366;057540040040;100mN32138E42121;MC;NA;4;46;M;F;4049;EMP
057540040040-366;057540040040;100mN32138E42121;MC;NA;4;12;S;M;0614;NEP
057540040040-366;057540040040;100mN32138E42121;MC;NA;4;13;S;M;0614;NEP
057540040040-367;057540040040;100mN32087E42098;S;NA;1;67;S;M;6574;EMP
057540040040-368;057540040040;100mN32132E42126;S;NA;1;52;S;F;5064;EMP
057540040040-369;057540040040;100mN32118E42118;MC;NA;3;20;M;M;1824;NEP
057540040040-369;057540040040;100mN32118E42118;MC;NA;3;20;M;F;1824;EMP
057540040040-369;057540040040;100mN32118E42118;MC;NA;3;4;S;M;0305;NEP
057540040040-370;057540040040;100mN32099E42071;MC;NA;5;40;M;F;4049;UEP
057540040040-370;057540040040;100mN32099E42071;MC;NA;5;40;M;M;4049;EMP
057540040040-370;057540040040;100mN32099E42071;MC;NA;5;15;S;M;1517;NEP
057540040040-370;057540040040;100mN32099E42071;MC;NA;5;23;M;M;1824;EMP
057540040040-370;057540040040;100mN32099E42071;MC;NA;5;18;M;M;1824;EMP
057540040040-371;057540040040;100mN32127E42142;S;NA;1;52;S;M;5064;EMP
057540040040-372;057540040040;100mN32114E42121;S;OS;1;35;M;F;3039;NEP
057540040040-373;057540040040;100mN32129E42141;MC;NA;2;53;M;F;5064;NEP
057540040040-373;057540040040;100mN32129E42141;MC;NA;2;57;M;M;5064;EMP
057540040040-374;057540040040;100mN32112E42120;S;OS;1;40;S;F;4049;EMP
057540040040-375;057540040040;100mN32129E42141;MC;NA;5;34;M;M;3039;NEP
057540040040-375;057540040040;100mN32129E42141;MC;NA;5;33;M;F;3039;EMP
057540040040-375;057540040040;100mN32129E42141;MC;NA;5;6;S;M;0614;NEP
057540040040-375;057540040040;100mN32129E42141;MC;NA;5;16;S;F;1517;NEP
057540040040-375;057540040040;100mN32129E42141;MC;NA;5;12;S;F;0614;NEP
057540040040-376;057540040040;100mN32129E42141;MC;OS;2;77;M;M;75XX;NEP
057540040040-376;057540040040;100mN32129E42141;MC;OS;2;76;M;F;75XX;NEP
057540040040-377;057540040040;100mN32114E42126;SM;NA;2;51;S;M;5064;EMP
057540040040-377;057540040040;100mN32114E42126;SM;NA;2;23;W;F;1824;NEP
057540040040-378;057540040040;100mN32129E42141;SF;NA;2;78;S;F;75XX;NEP
057540040040-378;057540040040;100mN32129E42141;SF;NA;2;15;S;M;1517;NEP
057540040040-379;057540040040;100mN32127E42143;SM;NA;3;41;S;M;4049;NEP
057540040040-379;057540040040;100mN32127E42143;SM;NA;3;1;S;M;0003;NEP
057540040040-379;057540040040;100mN32127E42143;SM;NA;3;26;W;F;2529;EMP
057540040040-380;057540040040;100mN32129E42141;MC;OS;4;86;M;F;75XX;EMP
057540040040-380;057540040040;100mN32129E42141;MC;OS;4;50;M;M;5064;EMP
057540040040-380;057540040040;100mN32129E42141;MC;OS;4;84;M;F;75XX;EMP
057540040040-380;057540040040;100mN32129E42141;MC;OS;4;84;S;M;75XX;EMP
057540040040-381;057540040040;100mN32122E42123;MC;NA;2;46;M;M;4049;NEP
057540040040-381;057540040040;100mN32122E42123;MC;NA;2;45;M;F;4049;EMP
057540040040-382;057540040040;100mN32115E42128;S;NA;1;41;W;F;4049;EMP
057540040040-383;057540040040;100mN32135E42127;SF;NA;3;32;D;F;3039;EMP
057540040040-383;057540040040;100mN32135E42127;SF;NA;3;4;S;M;0305;NEP
057540040040-383;057540040040;100mN32135E42127;SF;NA;3;7;S;M;0614;NEP
057540040040-384;057540040040;100mN32112E42146;S;OS;1;82;S;M;75XX;EMP
057540040040-385;057540040040;100mN32130E42137;MC;NA;2;41;M;M;4049;EMP
057540040040-385;057540040040;100mN32130E42137;MC;NA;2;18;M;F;1824;EMP
057540040040-386;057540040040;100mN32114E42125;MC;NA;2;50;M;M;5064;EMP
057540040040-386;057540040040;100mN32114E42125;MC;NA;2;55;M;F;5064;EMP
057540040040-387;057540040040;100mN32151E42122;NA;NA;4;67;D;M;6574;EMP
057540040040-387;057540040040;100mN32151E42122;NA;NA;4;36;M;F;3039;EMP
057540040040-387;057540040040;100mN32151E42122;NA;NA;4;23;M;F;1824;NEP
057540040040-387;057540040040;100mN32151E42122;NA;NA;4;68;M;F;6574;NEP
057540040040-388;057540040040;100mN32129E42141;S;NA;1;72;S;M;6574;EMP
057540040040-389;057540040040;100mN32129E42141;S;NA;1;69;W;F;6574;NEP
057540040040-390;057540040040;100mN32113E42126;MC;NA;2;63;M;F;5064;NEP
057540040040-390;057540040040;100mN32113E42126;MC;NA;2;63;M;M;5064;EMP
057540040040-391;057540040040;100mN32139E42122;SF;NA;4;38;W;F;3039;EMP
057540040040-391;057540040040;100mN32139E42122;SF;NA;4;19;S;M;1824;EMP
057540040040-391;057540040040;100mN32139E42122;SF;NA;4;11;S;F;0614;NEP
057540040040-391;057540040040;100mN32139E42122;SF;NA;4;15;S;F;1517;NEP
057540040040-392;057540040040;100mN32110E42148;MC;OS;2;67;M;M;6574;EMP
057540040040-392;057540040040;100mN32110E42148;MC;OS;2;66;M;F;6574;EMP
057540040040-393;057540040040;100mN32117E42129;SF;NA;2;47;D;F;4049;EMP
057540040040-393;057540040040;100mN32117E42129;SF;NA;2;31;D;F;3039;EMP
057540040040-394;057540040040;100mN32129E42131;MC;OS;3;65;M;F;6574;NEP
057540040040-394;057540040040;100mN32129E42131;MC;OS;3;67;M;M;6574;NEP
057540040040-394;057540040040;100mN32129E42131;MC;OS;3;66;S;F;6574;EMP
057540040040-395;057540040040;100mN32147E42123;MC;NA;3;50;M;F;5064;UEP
057540040040-395;057540040040;100mN32147E42123;MC;NA;3;63;M;M;5064;EMP
057540040040-395;057540040040;100mN32147E42123;MC;NA;3;15;S;M;1517;EMP
057540040040-396;057540040040;100mN32139E42127;MC;NA;2;41;M;M;4049;EMP
057540040040-396;057540040040;100mN32139E42127;MC;NA;2;33;M;F;3039;EMP
057540040040-397;057540040040;100mN32131E42117;MC;NA;2;33;M;M;3039;NEP
057540040040-397;057540040040;100mN32131E42117;MC;NA;2;26;M;F;2529;EMP
057540040040-398;057540040040;100mN32113E42118;MC;NA;4;62;M;M;5064;EMP
057540040040-398;057540040040;100mN32113E42118;MC;NA;4;63;M;F;5064;NEP
057540040040-398;057540040040;100mN32113E42118;MC;NA;4;8;S;F;0614;NEP
057540040040-398;057540040040;100mN32113E42118;MC;NA;4;4;S;F;0305;NEP
057540040040-399;057540040040;100mN32131E42117;MC;NA;2;34;M;M;3039;EMP
057540040040-399;057540040040;100mN32131E42117;MC;NA;2;18;M;F;1824;EMP
057540040040-400;057540040040;100mN32139E42128;MC;OS;2;89;M;M;75XX;NEP
057540040040-400;057540040040;100mN32139E42128;MC;OS;2;40;D;F;4049;UEP
057540040040-401;057540040040;100mN32123E42112;MC;NA;2;54;M;M;5064;NEP
057540040040-401;057540040040;100mN32123E42112;MC;NA;2;58;M;F;5064;EMP
057540040040-402;057540040040;100mN32120E42115;MC;OS;2;88;M;F;75XX;NEP
057540040040-402;057540040040;100mN32120E42115;MC;OS;2;89;M;M;75XX;EMP
057540040040-403;057540040040;100mN32114E42118;S;NA;1;25;S;M;2529;EMP
057540040040-404;057540040040;100mN32106E42103;PO;NA;3;41;S;M;4049;EMP
057540040040-404;057540040040;100mN32106E42103;PO;NA;3;48;S;M;4049;EMP
057540040040-404;057540040040;100mN32106E42103;PO;NA;3;20;M;F;1824;EMP
057540040040-405;057540040040;100mN32114E42125;S;NA;1;30;S;M;3039;EMP
057540040040-406;057540040040;100mN32105E42076;PO;NA;2;55;S;F;5064;NEP
057540040040-406;057540040040;100mN32105E42076;PO;NA;2;57;S;F;5064;EMP
057540040040-407;057540040040;100mN32118E42118;MC;OS;2;88;M;M;75XX;EMP
057540040040-407;057540040040;100mN32118E42118;MC;OS;2;81;M;F;75XX;EMP
057540040040-408;057540040040;100mN32104E42075;S;NA;1;51;S;M;5064;NEP
057540040040-409;057540040040;100mN32100E42072;S;NA;1;38;M;F;3039;EMP
057540040040-410;057540040040;100mN32121E42121;SF;NA;3;42;D;F;4049;NEP
057540040040-410;057540040040;100mN32121E42121;SF;NA;3;25;S;M;2529;EMP
057540040040-410;057540040040;100mN32121E42121;SF;NA;3;12;S;M;0614;NEP
057540040040-411;057540040040;100mN32118E42118;MC;NA;2;28;M;F;2529;EMP
057540040040-411;057540040040;100mN32118E42118;MC;NA;2;34;M;M;3039;EMP
057540040040-412;057540040040;100mN32118E42118;MC;NA;3;20;M;M;1824;NEP
057540040040-412;057540040040;100mN32118E42118;MC;NA;3;20;M;F;1824;EMP
057540040040-412;057540040040;100mN32118E42118;MC;NA;3;4;S;M;0305;NEP
057540040040-413;057540040040;100mN32117E42129;MC;NA;3;62;M;F;5064;NEP
057540040040-413;057540040040;100mN32117E42129;MC;NA;3;63;M;M;5064;EMP
057540040040-413;057540040040;100mN32117E42129;MC;NA;3;21;M;F;1824;NEP
057540040040-414;057540040040;100mN32112E42145;MC;MIX;2;70;M;F;6574;EMP
057540040040-414;057540040040;100mN32112E42145;MC;MIX;2;26;S;F;2529;NEP
057540040040-415;057540040040;100mN32113E42125;S;OS;1;41;S;M;4049;NEP
057540040040-416;057540040040;100mN32118E42118;S;OS;1;88;M;M;75XX;EMP
057540040040-417;057540040040;100mN32127E42144;MC;MIX;4;71;W;M;6574;EMP
057540040040-417;057540040040;100mN32127E42144;MC;MIX;4;48;M;F;4049;EMP
057540040040-417;057540040040;100mN32127E42144;MC;MIX;4;51;M;M;5064;NEP
057540040040-417;057540040040;100mN32127E42144;MC;MIX;4;12;S;M;0614;NEP
057540040040-418;057540040040;100mN32111E42119;S;OS;1;40;S;F;4049;NEP
057540040040-419;057540040040;100mN32117E42119;MC;NA;2;19;M;F;1824;EMP
057540040040-419;057540040040;100mN32117E42119;MC;NA;2;22;M;M;1824;EMP
057540040040-420;057540040040;100mN32113E42116;SF;NA;5;50;S;F;5064;EMP
057540040040-420;057540040040;100mN32113E42116;SF;NA;5;31;M;F;3039;EMP
057540040040-420;057540040040;100mN32113E42116;SF;NA;5;9;S;F;0614;NEP
057540040040-420;057540040040;100mN32113E42116;SF;NA;5;3;S;F;0305;NEP
057540040040-420;057540040040;100mN32113E42116;SF;NA;5;35;M;F;3039;EMP
057540040040-421;057540040040;100mN32121E42115;MC;NA;2;41;M;F;4049;EMP
057540040040-421;057540040040;100mN32121E42115;MC;NA;2;48;M;M;4049;EMP
057540040040-422;057540040040;100mN32112E42124;MC;NA;2;57;M;M;5064;EMP
057540040040-422;057540040040;100mN32112E42124;MC;NA;2;51;M;F;5064;EMP
057540040040-423;057540040040;100mN32112E42122;MC;MIX;2;79;M;F;75XX;EMP
057540040040-423;057540040040;100mN32112E42122;MC;MIX;2;36;W;F;3039;EMP
057540040040-424;057540040040;100mN32118E42112;PO;NA;4;21;S;F;1824;EMP
057540040040-424;057540040040;100mN32118E42112;PO;NA;4;18;S;F;1824;EMP
057540040040-424;057540040040;100mN32118E42112;PO;NA;4;2;S;M;0003;NEP
057540040040-424;057540040040;100mN32118E42112;PO;NA;4;6;S;M;0614;NEP
057540040040-425;057540040040;100mN32121E42115;MC;OS;2;68;M;M;6574;EMP
057540040040-425;057540040040;100mN32121E42115;MC;OS;2;82;M;F;75XX;NEP
057540040040-426;057540040040;100mN32118E42131;S;NA;1;56;D;F;5064;NEP
057540040040-427;057540040040;100mN32121E42115;S;NA;1;70;M;M;6574;EMP
057540040040-428;057540040040;100mN32125E42115;S;NA;1;30;S;M;3039;EMP
057540040040-429;057540040040;100mN32136E42127;SF;NA;5;30;S;F;3039;EMP
057540040040-429;057540040040;100mN32136E42127;SF;NA;5;12;S;F;0614;NEP
057540040040-429;057540040040;100mN32136E42127;SF;NA;5;8;S;M;0614;NEP
057540040040-429;057540040040;100mN32136E42127;SF;NA;5;15;S;M;1517;EMP
057540040040-429;057540040040;100mN32136E42127;SF;NA;5;10;S;F;0614;NEP
057540040040-430;057540040040;100mN32122E42119;MC;NA;2;60;M;F;5064;NEP
057540040040-430;057540040040;100mN32122E42119;MC;NA;2;44;W;F;4049;NEP
057540040040-431;057540040040;100mN32103E42073;MC;NA;3;56;M;M;5064;EMP
057540040040-431;057540040040;100mN32103E42073;MC;NA;3;61;M;F;5064;EMP
057540040040-431;057540040040;100mN32103E42073;MC;NA;3;6;S;F;0614;NEP
057540040040-432;057540040040;100mN32111E42119;MC;NA;4;35;M;F;3039;EMP
057540040040-432;057540040040;100mN32111E42119;MC;NA;4;62;M;M;5064;EMP
057540040040-432;057540040040;100mN32111E42119;MC;NA;4;10;S;F;0614;NEP
057540040040-432;057540040040;100mN32111E42119;MC;NA;4;7;S;M;0614;NEP
057540040040-433;057540040040;100mN32103E42073;MC;NA;2;51;M;M;5064;EMP
057540040040-433;057540040040;100mN32103E42073;MC;NA;2;48;M;F;4049;EMP
057540040040-434;057540040040;100mN32121E42115;MC;OS;2;80;M;M;75XX;NEP
057540040040-434;057540040040;100mN32121E42115;MC;OS;2;77;M;F;75XX;EMP
057540040040-435;057540040040;100mN32121E42115;S;OS;1;48;D;F;4049;NEP
057540040040-436;057540040040;100mN32134E42127;S;NA;1;76;S;M;75XX;EMP
057540040040-437;057540040040;100mN32113E42125;PO;NA;2;51;S;M;5064;NEP
057540040040-437;057540040040;100mN32113E42125;PO;NA;2;50;S;M;5064;EMP
057540040040-438;057540040040;100mN32117E42122;S;OS;1;53;S;F;5064;EMP
057540040040-439;057540040040;100mN32114E42121;S;NA;1;37;S;F;3039;EMP
057540040040-440;057540040040;100mN32102E42070;MC;NA;5;35;M;F;3039;NEP
057540040040-440;057540040040;100mN32102E42070;MC;NA;5;40;M;M;4049;NEP
057540040040-440;057540040040;100mN32102E42070;MC;NA;5;11;S;F;0614;NEP
057540040040-440;057540040040;100mN32102E42070;MC;NA;5;4;S;M;0305;NEP
057540040040-440;057540040040;100mN32102E42070;MC;NA;5;19;D;F;1824;EMP
057540040040-441;057540040040;100mN32121E42115;NA;NA;2;86;S;M;75XX;EMP
057540040040-441;057540040040;100mN32121E42115;NA;NA;2;78;S;F;75XX;EMP
057540040040-442;057540040040;100mN32118E42122;S;OS;1;21;S;M;1824;EMP
057540040040-443;057540040040;100mN32101E42071;S;OS;1;51;S;M;5064;EMP
057540040040-444;057540040040;100mN32123E42140;MC;MIX;4;69;S;M;6574;EMP
057540040040-444;057540040040;100mN32123E42140;MC;MIX;4;37;M;F;3039;NEP
057540040040-444;057540040040;100mN32123E42140;MC;MIX;4;40;M;M;4049;EMP
057540040040-444;057540040040;100mN32123E42140;MC;MIX;4;4;S;F;0305;NEP
057540040040-445;057540040040;100mN32108E42076;MC;NA;3;59;M;M;5064;EMP
057540040040-445;057540040040;100mN32108E42076;MC;NA;3;50;M;F;5064;EMP
057540040040-445;057540040040;100mN32108E42076;MC;NA;3;6;S;F;0614;NEP
057540040040-446;057540040040;100mN32141E42118;S;NA;1;20;S;M;1824;EMP
057540040040-447;057540040040;100mN32122E42125;S;NA;1;67;M;F;6574;EMP
057540040040-448;057540040040;100mN32126E42145;S;OS;1;22;M;M;1824;NEP
057540040040-449;057540040040;100mN32118E42130;MC;MIX;4;68;M;F;6574;NEP
057540040040-449;057540040040;100mN32118E42130;MC;MIX;4;54;M;M;5064;EMP
057540040040-449;057540040040;100mN32118E42130;MC;MIX;4;55;M;F;5064;EMP
057540040040-449;057540040040;100mN32118E42130;MC;MIX;4;19;S;F;1824;EMP
057540040040-450;057540040040;100mN32116E42122;NA;MIX;3;42;M;M;4049;NEP
057540040040-450;057540040040;100mN32116E42122;NA;MIX;3;51;M;F;5064;EMP
057540040040-450;057540040040;100mN32116E42122;NA;MIX;3;55;S;M;5064;EMP
057540040040-451;057540040040;100mN32125E42142;MC;NA;5;52;M;M;5064;EMP
057540040040-451;057540040040;100mN32125E42142;MC;NA;5;50;M;F;5064;NEP
057540040040-451;057540040040;100mN32125E42142;MC;NA;5;13;S;M;0614;NEP
057540040040-451;057540040040;100mN32125E42142;MC;NA;5;4;S;F;0305;NEP
057540040040-451;057540040040;100mN32125E42142;MC;NA;5;37;M;F;3039;NEP
057540040040-452;057540040040;100mN32104E42123;MC;NA;4;60;M;M;5064;EMP
057540040040-452;057540040040;100mN32104E42123;MC;NA;4;56;M;F;5064;EMP
057540040040-452;057540040040;100mN32104E42123;MC;NA;4;9;S;M;0614;NEP
057540040040-452;057540040040;100mN32104E42123;MC;NA;4;4;S;M;0305;NEP
057540040040-453;057540040040;100mN32104E42123;S;OS;1;33;M;F;3039;EMP
057540040040-454;057540040040;100mN32132E42132;PO;NA;2;44;S;F;4049;EMP
057540040040-454;057540040040;100mN32132E42132;PO;NA;2;53;S;F;5064;NEP
057540040040-455;057540040040;100mN32119E42120;MC;NA;2;54;M;M;5064;EMP
057540040040-455;057540040040;100mN32119E42120;MC;NA;2;45;M;F;4049;EMP
057540040040-456;057540040040;100mN32119E42120;S;NA;1;58;S;M;5064;NEP
057540040040-457;057540040040;100mN32117E42126;MC;NA;2;61;M;F;5064;NEP
057540040040-457;057540040040;100mN32117E42126;MC;NA;2;54;M;M;5064;EMP
057540040040-458;057540040040;100mN32132E42132;SF;NA;2;41;D;F;4049;EMP
057540040040-458;057540040040;100mN32132E42132;SF;NA;2;25;M;M;2529;EMP
057540040040-459;057540040040;100mN32114E42126;S;NA;1;83;S;M;75XX;NEP
057540040040-460;057540040040;100mN32123E42119;MC;OS;2;72;M;M;6574;EMP
057540040040-460;057540040040;100mN32123E42119;MC;OS;2;71;M;F;6574;EMP
057540040040-461;057540040040;100mN32119E42120;S;NA;1;16;S;M;1517;EMP
057540040040-462;057540040040;100mN32119E42120;MC;NA;3;26;M;F;2529;EMP
057540040040-462;057540040040;100mN32119E42120;MC;NA;3;18;M;M;1824;EMP
057540040040-462;057540040040;100mN32119E42120;MC;NA;3;8;S;F;0614;NEP
057540040040-463;057540040040;100mN32135E42126;S;NA;1;46;M;M;4049;EMP
057540040040-464;057540040040;100mN32122E42119;S;OS;1;40;M;F;4049;NEP
057540040040-465;057540040040;100mN32112E42123;MC;NA;4;25;M;M;2529;EMP
057540040040-465;057540040040;100mN32112E42123;MC;NA;4;23;M;F;1824;EMP
057540040040-465;057540040040;100mN32112E42123;MC;NA;4;1;S;F;0003;NEP
057540040040-465;057540040040;100mN32112E42123;MC;NA;4;10;S;F;0614;NEP
057540040040-466;057540040040;100mN32119E42126;S;NA;1;23;M;F;1824;EMP
057540040040-467;057540040040;100mN32114E42126;MC;OS;2;72;M;F;6574;NEP
057540040040-467;057540040040;100mN32114E42126;MC;OS;2;75;M;M;75XX;EMP
057540040040-468;057540040040;100mN32140E42127;MC;NA;3;40;M;F;4049;EMP
057540040040-468;057540040040;100mN32140E42127;MC;NA;3;43;M;M;4049;NEP
057540040040-468;057540040040;100mN32140E42127;MC;NA;3;7;S;F;0614;NEP
057540040040-469;057540040040;100mN32119E42120;MC;NA;3;19;M;M;1824;EMP
057540040040-469;057540040040;100mN32119E42120;MC;NA;3;18;M;F;1824;NEP
057540040040-469;057540040040;100mN32119E42120;MC;NA;3;3;S;F;0305;NEP
057540040040-470;057540040040;100mN32119E42120;MC;NA;3;38;M;M;3039;NEP
057540040040-470;057540040040;100mN32119E42120;MC;NA;3;31;M;F;3039;EMP
057540040040-470;057540040040;100mN32119E42120;MC;NA;3;4;S;M;0305;NEP
057540040040-471;057540040040;100mN32138E42127;PO;NA;2;42;S;M;4049;EMP
057540040040-471;057540040040;100mN32138E42127;PO;NA;2;37;S;M;3039;EMP
057540040040-472;057540040040;100mN32116E42124;MC;OS;2;73;M;M;6574;EMP
057540040040-472;057540040040;100mN32116E42124;MC;OS;2;72;M;F;6574;NEP
057540040040-473;057540040040;100mN32117E42123;MC;MIX;3;70;M;M;6574;EMP
057540040040-473;057540040040;100mN32117E42123;MC;MIX;3;51;M;F;5064;EMP
057540040040-473;057540040040;100mN32117E42123;MC;MIX;3;54;M;M;5064;EMP
057540040040-474;057540040040;100mN32119E42120;S;NA;1;16;S;F;1517;EMP
057540040040-475;057540040040;100mN32101E42070;MC;NA;4;35;M;F;3039;EMP
057540040040-475;057540040040;100mN32101E42070;MC;NA;4;37;M;M;3039;EMP
057540040040-475;057540040040;100mN32101E42070;MC;NA;4;8;S;M;0614;NEP
057540040040-475;057540040040;100mN32101E42070;MC;NA;4;20;S;F;1824;NEP
057540040040-476;057540040040;100mN32120E42115;MC;NA;5;55;M;M;5064;NEP
057540040040-476;057540040040;100mN32120E42115;MC;NA;5;55;M;F;5064;NEP
057540040040-476;057540040040;100mN32120E42115;MC;NA;5;20;S;M;1824;EMP
057540040040-476;057540040040;100mN32120E42115;MC;NA;5;27;S;M;2529;EMP
057540040040-476;057540040040;100mN32120E42115;MC;NA;5;10;S;F;0614;NEP
057540040040-477;057540040040;100mN32120E42115;MC;OS;2;88;M;F;75XX;NEP
057540040040-477;057540040040;100mN32120E42115;MC;OS;2;89;M;M;75XX;EMP
057540040040-478;057540040040;100mN32125E42115;MC;NA;4;42;M;M;4049;NEP
057540040040-478;057540040040;100mN32125E42115;MC;NA;4;33;M;F;3039;EMP
057540040040-478;057540040040;100mN32125E42115;MC;NA;4;22;D;F;1824;UEP
057540040040-478;057540040040;100mN32125E42115;MC;NA;4;13;S;F;0614;NEP
057540040040-479;057540040040;100mN32141E42117;S;NA;1;30;M;M;3039;EMP
057540040040-480;057540040040;100mN32121E42063;S;OS;1;32;S;F;3039;NEP
057540040040-481;057540040040;100mN32112E42116;MC;NA;5;53;M;F;5064;EMP
057540040040-481;057540040040;100mN32112E42116;MC;NA;5;63;M;M;5064;EMP
057540040040-481;057540040040;100mN32112E42116;MC;NA;5;25;D;M;2529;EMP
057540040040-481;057540040040;100mN32112E42116;MC;NA;5;9;S;F;0614;NEP
057540040040-481;057540040040;100mN32112E42116;MC;NA;5;27;M;M;2529;EMP
057540040040-482;057540040040;100mN32139E42118;SM;NA;3;40;S;M;4049;EMP
057540040040-482;057540040040;100mN32139E42118;SM;NA;3;19;W;F;1824;NEP
057540040040-482;057540040040;100mN32139E42118;SM;NA;3;0;S;M;0003;NEP
057540040040-483;057540040040;100mN32120E42115;SF;NA;2;57;W;F;5064;NEP
057540040040-483;057540040040;100mN32120E42115;SF;NA;2;10;S;M;0614;NEP
057540040040-484;057540040040;100mN32129E42095;S;NA;1;85;S;F;75XX;NEP
057540040040-485;057540040040;100mN32141E42117;S;NA;1;46;D;F;4049;NEP
057540040040-486;057540040040;100mN32120E42112;SM;NA;5;30;D;M;3039;NEP
057540040040-486;057540040040;100mN32120E42112;SM;NA;5;11;S;M;0614;NEP
057540040040-486;057540040040;100mN32120E42112;SM;NA;5;15;S;M;1517;EMP
057540040040-486;057540040040;100mN32120E42112;SM;NA;5;7;S;M;0614;NEP
057540040040-486;057540040040;100mN32120E42112;SM;NA;5;8;S;M;0614;NEP
057540040040-487;057540040040;100mN32120E42115;MC;OS;4;70;M;M;6574;EMP
057540040040-487;057540040040;100mN32120E42115;MC;OS;4;65;M;F;6574;NEP
057540040040-487;057540040040;100mN32120E42115;MC;OS;4;73;M;F;6574;EMP
057540040040-487;057540040040;100mN32120E42115;MC;OS;4;76;S;F;75XX;EMP
057540040040-488;057540040040;100mN32100E42046;S;NA;1;41;M;F;4049;NEP
057540040040-489;057540040040;100mN32143E42116;MC;NA;2;41;M;M;4049;EMP
057540040040-489;057540040040;100mN32143E42116;MC;NA;2;40;M;F;4049;NEP
057540040040-490;057540040040;100mN32130E42123;S;OS;1;45;S;F;4049;EMP
057540040040-491;057540040040;100mN32123E42118;MC;NA;2;37;M;F;3039;NEP
057540040040-491;057540040040;100mN32123E42118;MC;NA;2;37;M;M;3039;EMP
057540040040-492;057540040040;100mN32123E42118;S;NA;1;18;M;M;1824;EMP
057540040040-493;057540040040;100mN32123E42118;S;NA;1;66;W;F;6574;EMP
057540040040-494;057540040040;100mN32105E42083;MC;OS;2;66;M;F;6574;EMP
057540040040-494;057540040040;100mN32105E42083;MC;OS;2;73;M;M;6574;EMP
057540040040-495;057540040040;100mN32106E42073;MC;MIX;3;83;W;F;75XX;EMP
057540040040-495;057540040040;100mN32106E42073;MC;MIX;3;55;M;F;5064;EMP
057540040040-495;057540040040;100mN32106E42073;MC;MIX;3;57;M;M;5064;EMP
057540040040-496;057540040040;100mN32126E42147;PO;OS;2;82;S;F;75XX;NEP
057540040040-496;057540040040;100mN32126E42147;PO;OS;2;80;S;M;75XX;EMP
057540040040-497;057540040040;100mN32123E42118;S;NA;1;70;M;F;6574;NEP
057540040040-498;057540040040;100mN32109E42142;MC;NA;4;55;M;M;5064;EMP
057540040040-498;057540040040;100mN32109E42142;MC;NA;4;47;M;F;4049;EMP
057540040040-498;057540040040;100mN32109E42142;MC;NA;4;10;S;M;0614;NEP
057540040040-498;057540040040;100mN32109E42142;MC;NA;4;21;M;F;1824;NEP
057540040040-499;057540040040;100mN32097E42070;SM;NA;4;65;S;M;6574;EMP
057540040040-499;057540040040;100mN32097E42070;SM;NA;4;30;M;M;3039;NEP
057540040040-499;057540040040;100mN32097E42070;SM;NA;4;47;M;M;4049;EMP
057540040040-499;057540040040;100mN32097E42070;SM;NA;4;15;S;M;1517;EMP
057540040040-500;057540040040;100mN32112E42145;MC;MIX;2;70;M;F;6574;EMP
057540040040-500;057540040040;100mN32112E42145;MC;MIX;2;26;S;F;2529;NEP
057540040040-501;057540040040;100mN32129E42142;S;NA;1;26;M;F;2529;EMP
057540040040-502;057540040040;100mN32136E42132;MC;MIX;3;73;S;F;6574;NEP
057540040040-502;057540040040;100mN32136E42132;MC;MIX;3;30;M;M;3039;EMP
057540040040-502;057540040040;100mN32136E42132;MC;MIX;3;27;M;F;2529;EMP
057540040040-503;057540040040;100mN32118E42126;MC;MIX;4;73;M;M;6574;NEP
057540040040-503;057540040040;100mN32118E42126;MC;MIX;4;43;M;M;4049;EMP
057540040040-503;057540040040;100mN32118E42126;MC;MIX;4;40;M;F;4049;EMP
057540040040-503;057540040040;100mN32118E42126;MC;MIX;4;27;M;M;2529;EMP
057540040040-504;057540040040;100mN32097E42068;S;NA;1;52;M;M;5064;EMP
057540040040-505;057540040040;100mN32097E42068;SM;NA;3;37;S;M;3039;NEP
057540040040-505;057540040040;100mN32097E42068;SM;NA;3;4;S;M;0305;NEP
057540040040-505;057540040040;100mN32097E42068;SM;NA;3;12;S;F;0614;NEP
057540040040-506;057540040040;100mN32131E42134;SF;NA;4;45;W;F;4049;NEP
057540040040-506;057540040040;100mN32131E42134;SF;NA;4;9;S;F;0614;NEP
057540040040-506;057540040040;100mN32131E42134;SF;NA;4;3;S;M;0305;NEP
057540040040-506;057540040040;100mN32131E42134;SF;NA;4;16;S;M;1517;NEP
057540040040-507;057540040040;100mN32130E42134;S;OS;1;41;M;M;4049;NEP
057540040040-508;057540040040;100mN32117E42116;MC;OS;2;71;M;F;6574;EMP
057540040040-508;057540040040;100mN32117E42116;MC;OS;2;72;M;M;6574;EMP
057540040040-509;057540040040;100mN32114E42120;SM;MIX;2;67;S;M;6574;EMP
057540040040-509;057540040040;100mN32114E42120;SM;MIX;2;36;M;F;3039;EMP
057540040040-510;057540040040;100mN32131E42097;SF;NA;2;76;S;F;75XX;UEP
057540040040-510;057540040040;100mN32131E42097;SF;NA;2;52;M;F;5064;NEP
057540040040-511;057540040040;100mN32118E42130;MC;NA;2;52;M;M;5064;NEP
057540040040-511;057540040040;100mN32118E42130;MC;NA;2;50;M;F;5064;NEP
057540040040-512;057540040040;100mN32126E42081;MC;NA;3;56;M;M;5064;EMP
057540040040-512;057540040040;100mN32126E42081;MC;NA;3;51;M;F;5064;NEP
057540040040-512;057540040040;100mN32126E42081;MC;NA;3;15;S;M;1517;EMP
057540040040-513;057540040040;100mN32127E42144;SF;NA;4;42;D;F;4049;EMP
057540040040-513;057540040040;100mN32127E42144;SF;NA;4;7;S;F;0614;NEP
057540040040-513;057540040040;100mN32127E42144;SF;NA;4;18;S;F;1824;NEP
057540040040-513;057540040040;100mN32127E42144;SF;NA;4;10;S;F;0614;NEP
057540040040-514;057540040040;100mN32127E42143;MC;NA;4;38;M;M;3039;EMP
057540040040-514;057540040040;100mN32127E42143;MC;NA;4;37;M;F;3039;EMP
057540040040-514;057540040040;100mN32127E42143;MC;NA;4;9;S;M;0614;NEP
057540040040-514;057540040040;100mN32127E42143;MC;NA;4;15;S;M;1517;NEP
057540040040-515;057540040040;100mN32134E42128;NA;NA;5;19;M;F;1824;EMP
057540040040-515;057540040040;100mN32134E42128;NA;NA;5;16;S;M;1517;NEP
057540040040-515;057540040040;100mN32134E42128;NA;NA;5;63;M;M;5064;EMP
057540040040-515;057540040040;100mN32134E42128;NA;NA;5;79;D;F;75XX;EMP
057540040040-515;057540040040;100mN32134E42128;NA;NA;5;41;S;M;4049;EMP
057540040040-516;057540040040;100mN32114E42116;PO;MIX;3;75;S;F;75XX;NEP
057540040040-516;057540040040;100mN32114E42116;PO;MIX;3;53;S;M;5064;EMP
057540040040-516;057540040040;100mN32114E42116;PO;MIX;3;51;S;F;5064;NEP
057540040040-517;057540040040;100mN32113E42121;MC;NA;2;46;M;F;4049;EMP
057540040040-517;057540040040;100mN32113E42121;MC;NA;2;55;M;M;5064;EMP
057540040040-518;057540040040;100mN32119E42116;MC;OS;3;68;M;M;6574;EMP
057540040040-518;057540040040;100mN32119E42116;MC;OS;3;65;M;F;6574;EMP
057540040040-518;057540040040;100mN32119E42116;MC;OS;3;84;W;F;75XX;NEP
057540040040-519;057540040040;100mN32113E42120;MC;NA;4;60;M;M;5064;EMP
057540040040-519;057540040040;100mN32113E42120;MC;NA;4;58;M;F;5064;EMP
057540040040-519;057540040040;100mN32113E42120;MC;NA;4;2;S;M;0003;NEP
057540040040-519;057540040040;100mN32113E42120;MC;NA;4;9;S;M;0614;NEP
057540040040-520;057540040040;100mN32127E42144;MC;MIX;4;71;W;M;6574;EMP
057540040040-520;057540040040;100mN32127E42144;MC;MIX;4;48;M;F;4049;EMP
057540040040-520;057540040040;100mN32127E42144;MC;MIX;4;51;M;M;5064;NEP
057540040040-520;057540040040;100mN32127E42144;MC;MIX;4;12;S;M;0614;NEP
057540040040-521;057540040040;100mN32112E42124;MC;NA;4;36;M;M;3039;EMP
057540040040-521;057540040040;100mN32112E42124;MC;NA;4;32;M;F;3039;NEP
057540040040-521;057540040040;100mN32112E42124;MC;NA;4;15;S;F;1517;EMP
057540040040-521;057540040040;100mN32112E42124;MC;NA;4;10;S;M;0614;NEP
057540040040-522;057540040040;100mN32129E42131;S;NA;1;45;D;F;4049;EMP
057540040040-523;057540040040;100mN32119E42116;MC;MIX;2;84;M;F;75XX;EMP
057540040040-523;057540040040;100mN32119E42116;MC;MIX;2;66;M;M;6574;EMP
057540040040-524;057540040040;100mN32119E42125;PO;OS;2;75;S;M;75XX;EMP
057540040040-524;057540040040;100mN32119E42125;PO;OS;2;78;S;F;75XX;EMP
057540040040-525;057540040040;100mN32119E42125;MC;NA;2;18;M;F;1824;EMP
057540040040-525;057540040040;100mN32119E42125;MC;NA;2;18;M;M;1824;EMP
057540040040-526;057540040040;100mN32119E42125;PO;NA;5;25;S;M;2529;EMP
057540040040-526;057540040040;100mN32119E42125;PO;NA;5;27;S;F;2529;NEP
057540040040-526;057540040040;100mN32119E42125;PO;NA;5;10;S;M;0614;NEP
057540040040-526;057540040040;100mN32119E42125;PO;NA;5;3;S;F;0305;NEP
057540040040-526;057540040040;100mN32119E42125;PO;NA;5;6;S;F;0614;NEP
057540040040-527;057540040040;100mN32119E42125;PO;NA;2;23;S;M;1824;EMP
057540040040-527;057540040040;100mN32119E42125;PO;NA;2;21;S;F;1824;NEP
057540040040-528;057540040040;100mN32099E42131;S;NA;1;26;M;F;2529;EMP
057540040040-529;057540040040;100mN32118E42121;S;OS;1;16;S;F;1517;NEP
057540040040-530;057540040040;100mN32106E42089;S;OS;1;88;M;M;75XX;EMP
057540040040-531;057540040040;100mN32113E42116;MC;NA;2;53;M;F;5064;NEP
057540040040-531;057540040040;100mN32113E42116;MC;NA;2;55;M;M;5064;EMP
057540040040-532;057540040040;100mN32119E42125;MC;NA;2;44;M;M;4049;EMP
057540040040-532;057540040040;100mN32119E42125;MC;NA;2;43;M;F;4049;UEP
057540040040-533;057540040040;100mN32117E42129;SF;NA;2;47;D;F;4049;EMP
057540040040-533;057540040040;100mN32117E42129;SF;NA;2;31;D;F;3039;EMP
057540040040-534;057540040040;100mN32096E42064;MC;NA;2;60;M;F;5064;EMP
057540040040-534;057540040040;100mN32096E42064;MC;NA;2;12;S;F;0614;NEP
057540040040-535;057540040040;100mN32119E42125;MC;NA;2;44;M;F;4049;EMP
057540040040-535;057540040040;100mN32119E42125;MC;NA;2;53;M;M;5064;NEP
057540040040-536;057540040040;100mN32086E42128;MC;MIX;2;65;M;F;6574;EMP
057540040040-536;057540040040;100mN32086E42128;MC;MIX;2;55;M;F;5064;EMP
057540040040-537;057540040040;100mN32123E42116;S;OS;1;28;M;M;2529;EMP
057540040040-538;057540040040;100mN32125E42113;MC;NA;2;33;M;F;3039;EMP
057540040040-538;057540040040;100mN32125E42113;MC;NA;2;41;M;M;4049;EMP
057540040040-539;057540040040;100mN32116E42124;MC;OS;2;76;M;M;75XX;EMP
057540040040-539;057540040040;100mN32116E42124;MC;OS;2;67;M;F;6574;EMP
057540040040-540;057540040040;100mN32119E42125;MC;OS;4;85;M;F;75XX;EMP
057540040040-540;057540040040;100mN32119E42125;MC;OS;4;88;M;M;75XX;EMP
057540040040-540;057540040040;100mN32119E42125;MC;OS;4;70;M;M;6574;EMP
057540040040-540;057540040040;100mN32119E42125;MC;OS;4;85;M;F;75XX;NEP
057540040040-541;057540040040;100mN32119E42125;MC;OS;2;67;M;F;6574;EMP
057540040040-541;057540040040;100mN32119E42125;MC;OS;2;68;M;M;6574;EMP
057540040040-542;057540040040;100mN32116E42126;S;NA;1;52;D;M;5064;NEP
057540040040-543;057540040040;100mN32119E42125;S;OS;1;25;D;F;2529;NEP
057540040040-544;057540040040;100mN32133E42124;S;OS;1;51;M;M;5064;EMP
057540040040-545;057540040040;100mN32114E42124;MC;NA;4;63;M;M;5064;EMP
057540040040-545;057540040040;100mN32114E42124;MC;NA;4;60;M;F;5064;NEP
057540040040-545;057540040040;100mN32114E42124;MC;NA;4;8;S;M;0614;NEP
057540040040-545;057540040040;100mN32114E42124;MC;NA;4;0;S;M;0003;NEP
057540040040-546;057540040040;100mN32133E42124;SF;MIX;3;82;M;M;75XX;EMP
057540040040-546;057540040040;100mN32133E42124;SF;MIX;3;87;W;F;75XX;NEP
057540040040-546;057540040040;100mN32133E42124;SF;MIX;3;11;S;M;0614;NEP
057540040040-547;057540040040;100mN32136E42127;MC;MIX;2;77;M;F;75XX;EMP
057540040040-547;057540040040;100mN32136E42127;MC;MIX;2;50;D;M;5064;NEP
057540040040-548;057540040040;100mN32117E42122;MC;MIX;2;86;M;F;75XX;NEP
057540040040-548;057540040040;100mN32117E42122;MC;MIX;2;70;M;M;6574;EMP
057540040040-549;057540040040;100mN32108E42076;MC;OS;3;87;M;F;75XX;EMP
057540040040-549;057540040040;100mN32108E42076;MC;OS;3;87;M;M;75XX;NEP
057540040040-549;057540040040;100mN32108E42076;MC;OS;3;82;S;F;75XX;NEP
057540040040-550;057540040040;100mN32108E42076;MC;NA;3;59;M;M;5064;EMP
057540040040-550;057540040040;100mN32108E42076;MC;NA;3;50;M;F;5064;EMP
057540040040-550;057540040040;100mN32108E42076;MC;NA;3;6;S;F;0614;NEP
057540040040-551;057540040040;100mN32108E42076;S;NA;1;40;M;F;4049;EMP
057540040040-552;057540040040;100mN32130E42133;PO;NA;3;36;S;M;3039;EMP
057540040040-552;057540040040;100mN32130E42133;PO;NA;3;37;S;M;3039;EMP
057540040040-552;057540040040;100mN32130E42133;PO;NA;3;8;S;M;0614;NEP
057540040040-553;057540040040;100mN32105E42089;PO;NA;3;51;S;M;5064;NEP
057540040040-553;057540040040;100mN32105E42089;PO;NA;3;48;S;F;4049;EMP
057540040040-553;057540040040;100mN32105E42089;PO;NA;3;20;D;M;1824;EMP
057540040040-554;057540040040;100mN32116E42124;SM;NA;2;75;D;M;75XX;EMP
057540040040-554;057540040040;100mN32116E42124;SM;NA;2;2;S;F;0003;NEP
057540040040-555;057540040040;100mN32126E42144;MC;NA;2;61;M;M;5064;EMP
057540040040-555;057540040040;100mN32126E42144;MC;NA;2;60;M;F;5064;EMP
057540040040-556;057540040040;100mN32115E42132;MC;NA;4;53;M;F;5064;UEP
057540040040-556;057540040040;100mN32115E42132;MC;NA;4;57;M;M;5064;EMP
057540040040-556;057540040040;100mN32115E42132;MC;NA;4;37;M;F;3039;NEP
057540040040-556;057540040040;100mN32115E42132;MC;NA;4;11;S;M;0614;NEP
057540040040-557;057540040040;100mN32102E42112;MC;NA;4;62;M;F;5064;NEP
057540040040-557;057540040040;100mN32102E42112;MC;NA;4;63;M;M;5064;EMP
057540040040-557;057540040040;100mN32102E42112;MC;NA;4;16;S;M;1517;NEP
057540040040-557;057540040040;100mN32102E42112;MC;NA;4;32;S;F;3039;NEP
057540040040-558;057540040040;100mN32135E42126;MC;MIX;5;79;M;F;75XX;NEP
057540040040-558;057540040040;100mN32135E42126;MC;MIX;5;63;M;F;5064;EMP
057540040040-558;057540040040;100mN32135E42126;MC;MIX;5;63;M;M;5064;EMP
057540040040-558;057540040040;100mN32135E42126;MC;MIX;5;2;S;M;0003;NEP
057540040040-558;057540040040;100mN32135E42126;MC;MIX;5;6;S;M;0614;NEP
057540040040-559;057540040040;100mN32134E42133;S;NA;1;62;S;M;5064;NEP
057540040040-560;057540040040;100mN32117E42113;MC;NA;4;37;M;M;3039;NEP
057540040040-560;057540040040;100mN32117E42113;MC;NA;4;18;M;F;1824;UEP
057540040040-560;057540040040;100mN32117E42113;MC;NA;4;7;S;M;0614;NEP
057540040040-560;057540040040;100mN32117E42113;MC;NA;4;16;S;F;1517;EMP
057540040040-561;057540040040;100mN32110E42146;SF;NA;3;55;S;F;5064;EMP
057540040040-561;057540040040;100mN32110E42146;SF;NA;3;10;S;M;0614;NEP
057540040040-561;057540040040;100mN32110E42146;SF;NA;3;12;S;M;0614;NEP
057540040040-562;057540040040;100mN32110E42146;S;NA;1;58;M;M;5064;EMP
057540040040-563;057540040040;100mN32117E42123;PC;NA;5;38;P;F;3039;EMP
057540040040-563;057540040040;100mN32117E42123;PC;NA;5;37;M;F;3039;EMP
057540040040-563;057540040040;100mN32117E42123;PC;NA;5;23;S;F;1824;NEP
057540040040-563;057540040040;100mN32117E42123;PC;NA;5;10;S;M;0614;NEP
057540040040-563;057540040040;100mN32117E42123;PC;NA;5;23;D;F;1824;EMP
057540040040-564;057540040040;100mN32136E42121;S;NA;1;85;D;F;75XX;NEP
057540040040-565;057540040040;100mN32110E42146;SF;NA;5;41;S;F;4049;NEP
057540040040-565;057540040040;100mN32110E42146;SF;NA;5;15;S;F;1517;EMP
057540040040-565;057540040040;100mN32110E42146;SF;NA;5;16;S;M;1517;NEP
057540040040-565;057540040040;100mN32110E42146;SF;NA;5;11;S;M;0614;NEP
057540040040-565;057540040040;100mN32110E42146;SF;NA;5;1;S;M;0003;NEP
057540040040-566;057540040040;100mN32110E42146;S;NA;1;51;M;M;5064;EMP
057540040040-567;057540040040;100mN32110E42146;MC;NA;4;46;M;F;4049;NEP
057540040040-567;057540040040;100mN32110E42146;MC;NA;4;37;M;M;3039;EMP
057540040040-567;057540040040;100mN32110E42146;MC;NA;4;12;S;F;0614;NEP
057540040040-567;057540040040;100mN32110E42146;MC;NA;4;12;S;F;0614;NEP
057540040040-568;057540040040;100mN32087E42066;PO;MIX;3;69;M;F;6574;EMP
057540040040-568;057540040040;100mN32087E42066;PO;MIX;3;27;S;F;2529;NEP
057540040040-568;057540040040;100mN32087E42066;PO;MIX;3;25;S;M;2529;EMP
057540040040-569;057540040040;100mN32087E42066;SM;NA;2;81;S;M;75XX;EMP
057540040040-569;057540040040;100mN32087E42066;SM;NA;2;15;S;F;1517;NEP
057540040040-570;057540040040;100mN32116E42124;S;NA;1;20;D;M;1824;EMP
057540040040-571;057540040040;100mN32087E42066;MC;OS;2;66;M;F;6574;NEP
057540040040-571;057540040040;100mN32087E42066;MC;OS;2;69;M;M;6574;EMP
057540040040-572;057540040040;100mN32116E42124;MC;NA;2;41;M;F;4049;EMP
057540040040-572;057540040040;100mN32116E42124;MC;NA;2;47;M;M;4049;EMP
057540040040-573;057540040040;100mN32116E42124;S;NA;1;20;M;M;1824;NEP
057540040040-574;057540040040;100mN32114E42119;S;NA;1;43;W;M;4049;EMP
057540040040-575;057540040040;100mN32120E42116;S;NA;1;56;M;F;5064;EMP
057540040040-576;057540040040;100mN32132E42124;S;OS;1;47;W;M;4049;EMP
057540040040-577;057540040040;100mN32121E42127;MC;NA;5;31;M;F;3039;NEP
057540040040-577;057540040040;100mN32121E42127;MC;NA;5;31;M;M;3039;EMP
057540040040-577;057540040040;100mN32121E42127;MC;NA;5;15;S;M;1517;NEP
057540040040-577;057540040040;100mN32121E42127;MC;NA;5;6;S;M;0614;NEP
057540040040-577;057540040040;100mN32121E42127;MC;NA;5;0;S;F;0003;NEP
057540040040-578;057540040040;100mN32104E42087;S;NA;1;57;M;M;5064;EMP
057540040040-579;057540040040;100mN32118E42123;MC;NA;4;61;M;F;5064;EMP
057540040040-579;057540040040;100mN32118E42123;MC;NA;4;63;M;M;5064;EMP
057540040040-579;057540040040;100mN32118E42123;MC;NA;4;11;S;M;0614;NEP
057540040040-579;057540040040;100mN32118E42123;MC;NA;4;8;S;F;0614;NEP
057540040040-580;057540040040;100mN32119E42057;S;OS;1;36;D;M;3039;EMP
057540040040-581;057540040040;100mN32135E42131;S;NA;1;25;S;M;2529;NEP
057540040040-582;057540040040;100mN32101E42137;SF;NA;3;66;S;F;6574;EMP
057540040040-582;057540040040;100mN32101E42137;SF;NA;3;8;S;M;0614;NEP
057540040040-582;057540040040;100mN32101E42137;SF;NA;3;7;S;F;0614;NEP
057540040040-583;057540040040;100mN32117E42123;MC;NA;2;60;M;M;5064;EMP
057540040040-583;057540040040;100mN32117E42123;MC;NA;2;60;M;F;5064;NEP
057540040040-584;057540040040;100mN32102E42071;MC;OS;4;68;M;M;6574;NEP
057540040040-584;057540040040;100mN32102E42071;MC;OS;4;71;M;F;6574;EMP
057540040040-584;057540040040;100mN32102E42071;MC;OS;4;73;D;M;6574;EMP
057540040040-584;057540040040;100mN32102E42071;MC;OS;4;73;W;M;6574;EMP
057540040040-585;057540040040;100mN32103E42073;MC;NA;5;63;M;M;5064;EMP
057540040040-585;057540040040;100mN32103E42073;MC;NA;5;54;M;F;5064;EMP
057540040040-585;057540040040;100mN32103E42073;MC;NA;5;9;S;F;0614;NEP
057540040040-585;057540040040;100mN32103E42073;MC;NA;5;6;S;M;0614;NEP
057540040040-585;057540040040;100mN32103E42073;MC;NA;5;10;S;M;0614;NEP
057540040040-586;057540040040;100mN32131E42125;S;NA;1;79;M;F;75XX;NEP
057540040040-587;057540040040;100mN32106E42088;S;NA;1;43;M;F;4049;NEP
057540040040-588;057540040040;100mN32106E42088;MC;NA;2;35;M;M;3039;EMP
057540040040-588;057540040040;100mN32106E42088;MC;NA;2;31;M;F;3039;NEP
057540040040-589;057540040040;100mN32127E42138;MC;MIX;2;71;M;M;6574;EMP
057540040040-589;057540040040;100mN32127E42138;MC;MIX;2;38;M;F;3039;NEP
057540040040-590;057540040040;100mN32127E42137;MC;MIX;2;70;M;M;6574;NEP
057540040040-590;057540040040;100mN32127E42137;MC;MIX;2;21;S;F;1824;EMP
057540040040-591;057540040040;100mN32106E42145;S;NA;1;33;M;M;3039;EMP
057540040040-592;057540040040;100mN32106E42145;MC;NA;2;56;M;M;5064;NEP
057540040040-592;057540040040;100mN32106E42145;MC;NA;2;54;M;F;5064;NEP
057540040040-593;057540040040;100mN32131E42090;MC;MIX;5;75;M;F;75XX;NEP
057540040040-593;057540040040;100mN32131E42090;MC;MIX;5;54;M;M;5064;NEP
057540040040-593;057540040040;100mN32131E42090;MC;MIX;5;52;M;F;5064;EMP
057540040040-593;057540040040;100mN32131E42090;MC;MIX;5;13;S;F;0614;NEP
057540040040-593;057540040040;100mN32131E42090;MC;MIX;5;12;S;M;0614;NEP
057540040040-594;057540040040;100mN32103E42074;S;OS;1;36;W;M;3039;NEP
057540040040-595;057540040040;100mN32089E42055;S;OS;1;38;D;M;3039;NEP
057540040040-596;057540040040;100mN32117E42124;S;OS;1;46;D;F;4049;NEP
057540040040-597;057540040040;100mN32108E42072;MC;NA;2;34;M;M;3039;EMP
057540040040-597;057540040040;100mN32108E42072;MC;NA;2;32;M;F;3039;EMP
057540040040-598;057540040040;100mN32131E42090;S;NA;1;41;W;M;4049;NEP
057540040040-599;057540040040;100mN32122E42119;MC;NA;2;60;M;F;5064;NEP
057540040040-599;057540040040;100mN32122E42119;MC;NA;2;44;W;F;4049;NEP
057540040040-600;057540040040;100mN32133E42134;SF;MIX;2;82;S;F;75XX;NEP
057540040040-600;057540040040;100mN32133E42134;SF;MIX;2;52;M;M;5064;NEP
057540040040-601;057540040040;100mN32137E42128;SF;MIX;4;73;S;M;6574;EMP
057540040040-601;057540040040;100mN32137E42128;SF;MIX;4;43;W;F;4049;NEP
057540040040-601;057540040040;100mN32137E42128;SF;MIX;4;1;S;F;0003;NEP
057540040040-601;057540040040;100mN32137E42128;SF;MIX;4;25;D;F;2529;NEP
057540040040-602;057540040040;100mN32122E42146;S;NA;1;63;D;F;5064;EMP
057540040040-603;057540040040;100mN32119E42121;MC;NA;2;47;M;F;4049;EMP
057540040040-603;057540040040;100mN32119E42121;MC;NA;2;46;M;M;4049;EMP
057540040040-604;057540040040;100mN32137E42128;PO;NA;2;54;S;M;5064;EMP
057540040040-604;057540040040;100mN32137E42128;PO;NA;2;52;S;F;5064;EMP
057540040040-605;057540040040;100mN32118E42121;MC;NA;4;62;M;M;5064;EMP
057540040040-605;057540040040;100mN32118E42121;MC;NA;4;59;M;F;5064;NEP
057540040040-605;057540040040;100mN32118E42121;MC;NA;4;22;S;M;1824;EMP
057540040040-605;057540040040;100mN32118E42121;MC;NA;4;15;S;F;1517;NEP
057540040040-606;057540040040;100mN32129E42131;PO;NA;5;61;S;M;5064;EMP
057540040040-606;057540040040;100mN32129E42131;PO;NA;5;60;S;F;5064;EMP
057540040040-606;057540040040;100mN32129E42131;PO;NA;5;11;S;M;0614;NEP
057540040040-606;057540040040;100mN32129E42131;PO;NA;5;10;S;F;0614;NEP
057540040040-606;057540040040;100mN32129E42131;PO;NA;5;6;S;M;0614;NEP
057540040040-607;057540040040;100mN32122E42119;S;NA;1;27;M;M;2529;EMP
057540040040-608;057540040040;100mN32129E42141;SF;NA;4;51;S;F;5064;EMP
057540040040-608;057540040040;100mN32129E42141;SF;NA;4;31;D;M;3039;EMP
057540040040-608;057540040040;100mN32129E42141;SF;NA;4;9;S;M;0614;NEP
057540040040-608;057540040040;100mN32129E42141;SF;NA;4;21;M;F;1824;EMP
057540040040-609;057540040040;100mN32122E42119;NA;MIX;4;41;M;F;4049;EMP
057540040040-609;057540040040;100mN32122E42119;NA;MIX;4;26;M;F;2529;EMP
057540040040-609;057540040040;100mN32122E42119;NA;MIX;4;48;W;F;4049;EMP
057540040040-609;057540040040;100mN32122E42119;NA;MIX;4;57;S;F;5064;NEP
057540040040-610;057540040040;100mN32126E42146;MC;NA;3;32;M;F;3039;NEP
057540040040-610;057540040040;100mN32126E42146;MC;NA;3;35;M;M;3039;EMP
057540040040-610;057540040040;100mN32126E42146;MC;NA;3;13;S;M;0614;NEP
057540040040-611;057540040040;100mN32118E42125;MC;MIX;3;72;D;F;6574;NEP
057540040040-611;057540040040;100mN32118E42125;MC;MIX;3;33;M;F;3039;NEP
057540040040-611;057540040040;100mN32118E42125;MC;MIX;3;40;M;M;4049;EMP
057540040040-612;057540040040;100mN32122E42119;S;NA;1;54;M;M;5064;NEP
057540040040-613;057540040040;100mN32122E42119;S;OS;1;40;M;F;4049;NEP
057540040040-614;057540040040;100mN32122E42119;NA;NA;2;87;M;F;75XX;EMP
057540040040-614;057540040040;100mN32122E42119;NA;NA;2;60;M;M;5064;EMP
057540040040-615;057540040040;100mN32123E42113;PO;NA;2;18;S;M;1824;EMP
057540040040-615;057540040040;100mN32123E42113;PO;NA;2;18;S;M;1824;EMP
057540040040-616;057540040040;100mN32104E42074;S;OS;1;85;S;F;75XX;NEP
057540040040-617;057540040040;100mN32117E42130;S;NA;1;47;M;F;4049;EMP
057540040040-618;057540040040;100mN32121E42123;S;NA;1;38;M;M;3039;NEP
057540040040-619;057540040040;100mN32122E42119;MC;NA;2;40;M;F;4049;EMP
057540040040-619;057540040040;100mN32122E42119;MC;NA;2;42;M;M;4049;NEP
057540040040-620;057540040040;100mN32101E42072;S;OS;1;41;W;M;4049;NEP
057540040040-621;057540040040;100mN32114E42116;PO;MIX;3;75;S;F;75XX;NEP
057540040040-621;057540040040;100mN32114E42116;PO;MIX;3;53;S;M;5064;EMP
057540040040-621;057540040040;100mN32114E42116;PO;MIX;3;51;S;F;5064;NEP
057540040040-622;057540040040;100mN32122E42119;MC;MIX;3;81;S;M;75XX;NEP
057540040040-622;057540040040;100mN32122E42119;MC;MIX;3;38;M;M;3039;EMP
057540040040-622;057540040040;100mN32122E42119;MC;MIX;3;30;M;F;3039;EMP
057540040040-623;057540040040;100mN32122E42119;S;NA;1;56;S;M;5064;EMP
057540040040-624;057540040040;100mN32118E42131;PO;NA;4;57;S;M;5064;NEP
057540040040-624;057540040040;100mN32118E42131;PO;NA;4;57;S;M;5064;EMP
057540040040-624;057540040040;100mN32118E42131;PO;NA;4;34;M;M;3039;EMP
057540040040-624;057540040040;100mN32118E42131;PO;NA;4;16;S;F;1517;NEP
057540040040-625;057540040040;100mN32138E42123;MC;NA;4;28;M;F;2529;EMP
057540040040-625;057540040040;100mN32138E42123;MC;NA;4;28;M;M;2529;NEP
057540040040-625;057540040040;100mN32138E42123;MC;NA;4;12;S;M;0614;NEP
057540040040-625;057540040040;100mN32138E42123;MC;NA;4;12;S;M;0614;NEP
057540040040-626;057540040040;100mN32118E42115;MC;NA;2;50;M;M;5064;EMP
057540040040-626;057540040040;100mN32118E42115;MC;NA;2;50;M;F;5064;EMP
057540040040-627;057540040040;100mN32122E42119;MC;OS;3;89;M;M;75XX;EMP
057540040040-627;057540040040;100mN32122E42119;MC;OS;3;89;M;F;75XX;EMP
057540040040-627;057540040040;100mN32122E42119;MC;OS;3;75;M;F;75XX;NEP
057540040040-628;057540040040;100mN32119E42057;S;NA;1;48;M;F;4049;EMP
057540040040-629;057540040040;100mN32117E42125;MC;MIX;4;71;M;F;6574;EMP
057540040040-629;057540040040;100mN32117E42125;MC;MIX;4;52;M;M;5064;EMP
057540040040-629;057540040040;100mN32117E42125;MC;MIX;4;46;M;F;4049;EMP
057540040040-629;057540040040;100mN32117E42125;MC;MIX;4;28;S;M;2529;EMP
057540040040-630;057540040040;100mN32118E42128;MC;MIX;3;71;W;M;6574;NEP
057540040040-630;057540040040;100mN32118E42128;MC;MIX;3;22;M;F;1824;EMP
057540040040-630;057540040040;100mN32118E42128;MC;MIX;3;31;M;M;3039;EMP
057540040040-631;057540040040;100mN32122E42119;S;NA;1;28;M;F;2529;EMP
057540040040-632;057540040040;100mN32122E42119;MC;NA;2;52;M;F;5064;NEP
057540040040-632;057540040040;100mN32122E42119;MC;NA;2;54;M;M;5064;EMP
057540040040-633;057540040040;100mN32103E42071;S;NA;1;44;S;M;4049;NEP
057540040040-634;057540040040;100mN32105E42099;S;NA;1;57;M;M;5064;EMP
057540040040-635;057540040040;100mN32123E42122;SF;NA;3;45;D;F;4049;NEP
057540040040-635;057540040040;100mN32123E42122;SF;NA;3;6;S;F;0614;NEP
057540040040-635;057540040040;100mN32123E42122;SF;NA;3;10;S;F;0614;NEP
057540040040-636;057540040040;100mN32117E42127;MC;NA;2;44;M;F;4049;EMP
057540040040-636;057540040040;100mN32117E42127;MC;NA;2;37;M;M;3039;NEP
057540040040-637;057540040040;100mN32113E42125;MC;OS;2;89;M;F;75XX;EMP
057540040040-637;057540040040;100mN32113E42125;MC;OS;2;51;W;F;5064;EMP
057540040040-638;057540040040;100mN32122E42119;NA;MIX;5;36;M;M;3039;EMP
057540040040-638;057540040040;100mN32122E42119;NA;MIX;5;73;M;M;6574;EMP
057540040040-638;057540040040;100mN32122E42119;NA;MIX;5;31;S;F;3039;NEP
057540040040-638;057540040040;100mN32122E42119;NA;MIX;5;76;M;F;75XX;EMP
057540040040-638;057540040040;100mN32122E42119;NA;MIX;5;84;S;M;75XX;EMP
057540040040-639;057540040040;100mN32119E42128;S;OS;1;40;M;M;4049;EMP
057540040040-640;057540040040;100mN32122E42123;MC;NA;2;46;M;M;4049;NEP
057540040040-640;057540040040;100mN32122E42123;MC;NA;2;45;M;F;4049;EMP
057540040040-641;057540040040;100mN32111E42121;S;NA;1;79;M;F;75XX;NEP
057540040040-642;057540040040;100mN32114E42126;MC;NA;2;54;M;M;5064;NEP
057540040040-642;057540040040;100mN32114E42126;MC;NA;2;62;M;F;5064;NEP
057540040040-643;057540040040;100mN32124E42144;SF;NA;4;47;S;F;4049;UEP
057540040040-643;057540040040;100mN32124E42144;SF;NA;4;2;S;M;0003;NEP
057540040040-643;057540040040;100mN32124E42144;SF;NA;4;26;S;F;2529;UEP
057540040040-643;057540040040;100mN32124E42144;SF;NA;4;7;S;M;0614;NEP
057540040040-644;057540040040;100mN32128E42131;SF;NA;4;56;W;F;5064;EMP
057540040040-644;057540040040;100mN32128E42131;SF;NA;4;40;M;F;4049;EMP
057540040040-644;057540040040;100mN32128E42131;SF;NA;4;10;S;M;0614;NEP
057540040040-644;057540040040;100mN32128E42131;SF;NA;4;3;S;M;0305;NEP
057540040040-645;057540040040;100mN32129E42097;S;NA;1;30;S;F;3039;EMP
057540040040-646;057540040040;100mN32115E42131;MC;NA;2;48;M;M;4049;EMP
057540040040-646;057540040040;100mN32115E42131;MC;NA;2;18;M;F;1824;EMP
057540040040-647;057540040040;100mN32143E42119;S;OS;1;80;W;F;75XX;EMP
057540040040-648;057540040040;100mN32087E42092;MC;MIX;3;80;S;F;75XX;EMP
057540040040-648;057540040040;100mN32087E42092;MC;MIX;3;37;M;F;3039;EMP
057540040040-648;057540040040;100mN32087E42092;MC;MIX;3;54;M;M;5064;EMP
057540040040-649;057540040040;100mN32115E42126;MC;NA;2;61;M;F;5064;NEP
057540040040-649;057540040040;100mN32115E42126;MC;NA;2;62;M;M;5064;EMP
057540040040-650;057540040040;100mN32133E42125;MC;NA;4;47;M;F;4049;NEP
057540040040-650;057540040040;100mN32133E42125;MC;NA;4;48;M;M;4049;EMP
057540040040-650;057540040040;100mN32133E42125;MC;NA;4;12;S;M;0614;NEP
057540040040-650;057540040040;100mN32133E42125;MC;NA;4;19;M;M;1824;EMP
057540040040-651;057540040040;100mN32133E42125;MC;NA;2;52;M;M;5064;EMP
057540040040-651;057540040040;100mN32133E42125;MC;NA;2;60;M;F;5064;NEP
057540040040-652;057540040040;100mN32133E42125;MC;NA;2;21;M;M;1824;NEP
057540040040-652;057540040040;100mN32133E42125;MC;NA;2;20;M;F;1824;NEP
057540040040-653;057540040040;100mN32117E42122;S;NA;1;28;S;M;2529;EMP
057540040040-654;057540040040;100mN32104E42096;NA;OS;2;47;M;F;4049;NEP
057540040040-654;057540040040;100mN32104E42096;NA;OS;2;57;S;M;5064;EMP
057540040040-655;057540040040;100mN32104E42096;MC;NA;2;38;M;M;3039;NEP
057540040040-655;057540040040;100mN32104E42096;MC;NA;2;36;M;F;3039;NEP
057540040040-656;057540040040;100mN32126E42076;SF;NA;5;67;D;F;6574;EMP
057540040040-656;057540040040;100mN32126E42076;SF;NA;5;0;S;F;0003;NEP
057540040040-656;057540040040;100mN32126E42076;SF;NA;5;2;S;M;0003;NEP
057540040040-656;057540040040;100mN32126E42076;SF;NA;5;11;S;M;0614;NEP
057540040040-656;057540040040;100mN32126E42076;SF;NA;5;45;S;M;4049;EMP
057540040040-657;057540040040;100mN32104E42110;MC;NA;3;53;M;M;5064;EMP
057540040040-657;057540040040;100mN32104E42110;MC;NA;3;48;M;F;4049;EMP
057540040040-657;057540040040;100mN32104E42110;MC;NA;3;3;S;M;0305;NEP
057540040040-658;057540040040;100mN32114E42125;S;NA;1;38;D;F;3039;NEP
057540040040-659;057540040040;100mN32141E42117;S;NA;1;52;W;F;5064;UEP
057540040040-660;057540040040;100mN32104E42110;MC;NA;2;45;M;F;4049;NEP
057540040040-660;057540040040;100mN32104E42110;MC;NA;2;46;M;M;4049;NEP
057540040040-661;057540040040;100mN32104E42110;MC;NA;3;21;M;F;1824;NEP
057540040040-661;057540040040;100mN32104E42110;MC;NA;3;20;M;M;1824;NEP
057540040040-661;057540040040;100mN32104E42110;MC;NA;3;4;S;F;0305;NEP
057540040040-662;057540040040;100mN32104E42110;S;OS;1;52;M;F;5064;EMP
057540040040-663;057540040040;100mN32123E42142;S;NA;1;42;S;M;4049;EMP
057540040040-664;057540040040;100mN32137E42130;MC;NA;2;56;M;F;5064;EMP
057540040040-664;057540040040;100mN32137E42130;MC;NA;2;56;M;M;5064;EMP
057540040040-665;057540040040;100mN32118E42125;MC;MIX;3;72;D;F;6574;NEP
057540040040-665;057540040040;100mN32118E42125;MC;MIX;3;33;M;F;3039;NEP
057540040040-665;057540040040;100mN32118E42125;MC;MIX;3;40;M;M;4049;EMP
057540040040-666;057540040040;100mN32116E42110;S;NA;1;68;M;F;6574;EMP
057540040040-667;057540040040;100mN32121E42127;S;OS;1;62;M;M;5064;EMP
057540040040-668;057540040040;100mN32143E42116;MC;NA;2;41;M;M;4049;EMP
057540040040-668;057540040040;100mN32143E42116;MC;NA;2;40;M;F;4049;NEP
057540040040-669;057540040040;100mN32119E42117;MC;NA;2;34;M;F;3039;EMP
057540040040-669;057540040040;100mN32119E42117;MC;NA;2;34;M;M;3039;EMP
057540040040-670;057540040040;100mN32119E42117;MC;NA;3;59;M;F;5064;NEP
057540040040-670;057540040040;100mN32119E42117;MC;NA;3;56;M;M;5064;EMP
057540040040-670;057540040040;100mN32119E42117;MC;NA;3;7;S;F;0614;NEP
057540040040-671;057540040040;100mN32117E42121;MC;MIX;2;81;M;M;75XX;NEP
057540040040-671;057540040040;100mN32117E42121;MC;MIX;2;50;S;M;5064;NEP
057540040040-672;057540040040;100mN32119E42117;MC;NA;3;47;M;M;4049;NEP
057540040040-672;057540040040;100mN32119E42117;MC;NA;3;44;M;F;4049;EMP
057540040040-672;057540040040;100mN32119E42117;MC;NA;3;2;S;M;0003;NEP
057540040040-673;057540040040;100mN32119E42117;S;OS;1;42;M;F;4049;NEP
057540040040-674;057540040040;100mN32119E42117;MC;NA;2;56;M;F;5064;EMP
057540040040-674;057540040040;100mN32119E42117;MC;NA;2;57;M;M;5064;EMP
057540040040-675;057540040040;100mN32119E42117;MC;NA;3;60;M;F;5064;EMP
057540040040-675;057540040040;100mN32119E42117;MC;NA;3;57;M;M;5064;EMP
057540040040-675;057540040040;100mN32119E42117;MC;NA;3;36;M;M;3039;NEP
057540040040-676;057540040040;100mN32116E42129;MC;NA;2;47;M;F;4049;NEP
057540040040-676;057540040040;100mN32116E42129;MC;NA;2;44;M;M;4049;EMP
057540040040-677;057540040040;100mN32104E42087;S;OS;1;62;S;F;5064;EMP
057540040040-678;057540040040;100mN32114E42128;MC;NA;2;44;M;F;4049;EMP
057540040040-678;057540040040;100mN32114E42128;MC;NA;2;41;M;M;4049;NEP
057540040040-679;057540040040;100mN32102E42073;MC;NA;2;33;M;F;3039;UEP
057540040040-679;057540040040;100mN32102E42073;MC;NA;2;35;M;M;3039;NEP
057540040040-680;057540040040;100mN32117E42128;PO;NA;2;46;S;F;4049;UEP
057540040040-680;057540040040;100mN32117E42128;PO;NA;2;48;S;F;4049;EMP
057540040040-681;057540040040;100mN32119E42117;MC;NA;4;46;M;M;4049;EMP
057540040040-681;057540040040;100mN32119E42117;MC;NA;4;41;M;F;4049;NEP
057540040040-681;057540040040;100mN32119E42117;MC;NA;4;4;S;M;0305;NEP
057540040040-681;057540040040;100mN32119E42117;MC;NA;4;21;M;M;1824;EMP
057540040040-682;057540040040;100mN32117E42133;S;NA;1;67;M;M;6574;EMP
057540040040-683;057540040040;100mN32119E42117;S;NA;1;70;M;F;6574;EMP
057540040040-684;057540040040;100mN32119E42117;MC;NA;2;37;M;M;3039;NEP
057540040040-684;057540040040;100mN32119E42117;MC;NA;2;37;M;F;3039;EMP
057540040040-685;057540040040;100mN32086E42068;S;OS;1;38;M;M;3039;NEP
057540040040-686;057540040040;100mN32119E42117;MC;NA;2;38;M;M;3039;EMP
057540040040-686;057540040040;100mN32119E42117;MC;NA;2;33;M;F;3039;EMP
057540040040-687;057540040040;100mN32119E42117;MC;NA;2;37;M;M;3039;EMP
057540040040-687;057540040040;100mN32119E42117;MC;NA;2;28;M;F;2529;NEP
057540040040-688;057540040040;100mN32119E42117;MC;NA;2;21;M;M;1824;EMP
057540040040-688;057540040040;100mN32119E42117;MC;NA;2;18;M;F;1824;NEP
057540040040-689;057540040040;100mN32123E42120;S;OS;1;61;S;M;5064;EMP
057540040040-690;057540040040;100mN32117E42127;S;NA;1;18;M;F;1824;NEP
057540040040-691;057540040040;100mN32102E42144;MC;NA;2;62;M;F;5064;EMP
057540040040-691;057540040040;100mN32102E42144;MC;NA;2;56;S;M;5064;NEP
057540040040-692;057540040040;100mN32111E42120;MC;NA;2;62;M;M;5064;EMP
057540040040-692;057540040040;100mN32111E42120;MC;NA;2;61;M;F;5064;UEP
057540040040-693;057540040040;100mN32119E42117;MC;NA;2;38;M;F;3039;EMP
057540040040-693;057540040040;100mN32119E42117;MC;NA;2;41;M;M;4049;EMP
057540040040-694;057540040040;100mN32147E42129;PO;NA;3;42;S;M;4049;NEP
057540040040-694;057540040040;100mN32147E42129;PO;NA;3;55;S;M;5064;EMP
057540040040-694;057540040040;100mN32147E42129;PO;NA;3;26;S;M;2529;EMP
057540040040-695;057540040040;100mN32102E42071;S;OS;1;40;S;F;4049;EMP
057540040040-696;057540040040;100mN32113E42131;S;NA;1;40;D;M;4049;EMP
057540040040-697;057540040040;100mN32119E42117;MC;NA;2;22;M;M;1824;NEP
057540040040-697;057540040040;100mN32119E42117;MC;NA;2;28;M;F;2529;EMP
057540040040-698;057540040040;100mN32115E42123;MC;NA;3;60;M;F;5064;EMP
057540040040-698;057540040040;100mN32115E42123;MC;NA;3;59;M;M;5064;EMP
057540040040-698;057540040040;100mN32115E42123;MC;NA;3;12;S;F;0614;NEP
057540040040-699;057540040040;100mN32123E42146;MC;NA;3;20;M;F;1824;NEP
057540040040-699;057540040040;100mN32123E42146;MC;NA;3;21;M;M;1824;EMP
057540040040-699;057540040040;100mN32123E42146;MC;NA;3;1;S;F;0003;NEP
057540040040-700;057540040040;100mN32112E42118;SM;NA;2;71;W;M;6574;EMP
057540040040-700;057540040040;100mN32112E42118;SM;NA;2;25;M;F;2529;NEP
057540040040-701;057540040040;100mN32117E42113;MC;NA;4;37;M;M;3039;NEP
057540040040-701;057540040040;100mN32117E42113;MC;NA;4;18;M;F;1824;UEP
057540040040-701;057540040040;100mN32117E42113;MC;NA;4;7;S;M;0614;NEP
057540040040-701;057540040040;100mN32117E42113;MC;NA;4;16;S;F;1517;EMP
057540040040-702;057540040040;100mN32105E42089;MC;MIX;2;67;M;M;6574;NEP
057540040040-702;057540040040;100mN32105E42089;MC;MIX;2;62;M;F;5064;NEP
057540040040-703;057540040040;100mN32089E42055;MC;NA;6;48;M;F;4049;NEP
057540040040-703;057540040040;100mN32089E42055;MC;NA;6;48;M;M;4049;EMP
057540040040-703;057540040040;100mN32089E42055;MC;NA;6;30;M;M;3039;EMP
057540040040-703;057540040040;100mN32089E42055;MC;NA;6;19;M;M;1824;EMP
057540040040-703;057540040040;100mN32089E42055;MC;NA;6;16;S;M;1517;NEP
057540040040-703;057540040040;100mN32089E42055;MC;NA;6;10;S;F;0614;NEP
057540040040-704;057540040040;100mN32119E42117;MC;NA;4;21;M;M;1824;NEP
057540040040-704;057540040040;100mN32119E42117;MC;NA;4;20;M;F;1824;NEP
057540040040-704;057540040040;100mN32119E42117;MC;NA;4;6;S;F;0614;NEP
057540040040-704;057540040040;100mN32119E42117;MC;NA;4;3;S;M;0305;NEP
057540040040-705;057540040040;100mN32119E42117;MC;NA;3;35;M;M;3039;EMP
057540040040-705;057540040040;100mN32119E42117;MC;NA;3;33;M;F;3039;EMP
057540040040-705;057540040040;100mN32119E42117;MC;NA;3;7;S;F;0614;NEP
057540040040-706;057540040040;100mN32103E42073;PO;NA;2;53;S;F;5064;EMP
057540040040-706;057540040040;100mN32103E42073;PO;NA;2;53;S;M;5064;EMP
057540040040-707;057540040040;100mN32119E42149;MC;NA;3;32;M;M;3039;NEP
057540040040-707;057540040040;100mN32119E42149;MC;NA;3;35;M;F;3039;EMP
057540040040-707;057540040040;100mN32119E42149;MC;NA;3;16;S;F;1517;NEP
057540040040-708;057540040040;100mN32119E42149;PO;OS;3;78;S;F;75XX;EMP
057540040040-708;057540040040;100mN32119E42149;PO;OS;3;80;S;F;75XX;EMP
057540040040-708;057540040040;100mN32119E42149;PO;OS;3;70;M;M;6574;EMP
057540040040-709;057540040040;100mN32095E42093;MC;MIX;2;72;M;F;6574;EMP
057540040040-709;057540040040;100mN32095E42093;MC;MIX;2;18;D;F;1824;EMP
057540040040-710;057540040040;100mN32119E42114;MC;NA;2;38;M;F;3039;EMP
057540040040-710;057540040040;100mN32119E42114;MC;NA;2;41;M;M;4049;EMP
057540040040-711;057540040040;100mN32103E42075;SF;NA;4;28;W;F;2529;NEP
057540040040-711;057540040040;100mN32103E42075;SF;NA;4;6;S;F;0614;NEP
057540040040-711;057540040040;100mN32103E42075;SF;NA;4;11;S;M;0614;NEP
057540040040-711;057540040040;100mN32103E42075;SF;NA;4;6;S;M;0614;NEP
057540040040-712;057540040040;100mN32127E42143;S;NA;1;16;S;M;1517;EMP
057540040040-713;057540040040;100mN32114E42124;MC;NA;2;37;M;M;3039;EMP
057540040040-713;057540040040;100mN32114E42124;MC;NA;2;36;M;F;3039;EMP
057540040040-714;057540040040;100mN32119E42114;MC;NA;2;58;M;M;5064;EMP
057540040040-714;057540040040;100mN32119E42114;MC;NA;2;51;M;F;5064;EMP
057540040040-715;057540040040;100mN32119E42114;PO;NA;5;43;S;F;4049;EMP
057540040040-715;057540040040;100mN32119E42114;PO;NA;5;45;S;F;4049;NEP
057540040040-715;057540040040;100mN32119E42114;PO;NA;5;3;S;F;0305;NEP
057540040040-715;057540040040;100mN32119E42114;PO;NA;5;0;S;F;0003;NEP
057540040040-715;057540040040;100mN32119E42114;PO;NA;5;3;S;F;0305;NEP
057540040040-716;057540040040;100mN32100E42069;MC;OS;2;78;M;M;75XX;EMP
057540040040-716;057540040040;100mN32100E42069;MC;OS;2;89;M;F;75XX;EMP
057540040040-717;057540040040;100mN32124E42141;MC;NA;2;26;M;M;2529;EMP
057540040040-717;057540040040;100mN32124E42141;MC;NA;2;18;M;F;1824;NEP
057540040040-718;057540040040;100mN32089E42135;S;OS;1;52;M;F;5064;EMP
057540040040-719;057540040040;100mN32119E42114;S;NA;1;67;M;F;6574;NEP
057540040040-720;057540040040;100mN32114E42126;PO;MIX;2;77;S;F;75XX;EMP
057540040040-720;057540040040;100mN32114E42126;PO;MIX;2;35;W;F;3039;NEP
057540040040-721;057540040040;100mN32119E42114;MC;MIX;4;73;M;M;6574;EMP
057540040040-721;057540040040;100mN32119E42114;MC;MIX;4;26;M;F;2529;NEP
057540040040-721;057540040040;100mN32119E42114;MC;MIX;4;25;M;M;2529;EMP
057540040040-721;057540040040;100mN32119E42114;MC;MIX;4;4;S;M;0305;NEP
057540040040-722;057540040040;100mN32136E42131;MC;NA;2;56;M;M;5064;EMP
057540040040-722;057540040040;100mN32136E42131;MC;NA;2;47;M;F;4049;EMP
057540040040-723;057540040040;100mN32126E42145;S;OS;1;52;S;F;5064;EMP
057540040040-724;057540040040;100mN32101E42072;MC;NA;5;41;M;F;4049;NEP
057540040040-724;057540040040;100mN32101E42072;MC;NA;5;36;M;M;3039;NEP
057540040040-724;057540040040;100mN32101E42072;MC;NA;5;15;S;F;1517;NEP
057540040040-724;057540040040;100mN32101E42072;MC;NA;5;11;S;M;0614;NEP
057540040040-724;057540040040;100mN32101E42072;MC;NA;5;18;D;M;1824;NEP
057540040040-725;057540040040;100mN32089E42097;SF;NA;4;34;S;F;3039;EMP
057540040040-725;057540040040;100mN32089E42097;SF;NA;4;0;S;F;0003;NEP
057540040040-725;057540040040;100mN32089E42097;SF;NA;4;19;D;M;1824;EMP
057540040040-725;057540040040;100mN32089E42097;SF;NA;4;13;S;M;0614;NEP
057540040040-726;057540040040;100mN32118E42114;MC;OS;4;67;M;F;6574;EMP
057540040040-726;057540040040;100mN32118E42114;MC;OS;4;69;M;M;6574;EMP
057540040040-726;057540040040;100mN32118E42114;MC;OS;4;67;S;M;6574;EMP
057540040040-726;057540040040;100mN32118E42114;MC;OS;4;69;M;M;6574;NEP
057540040040-727;057540040040;100mN32121E42117;MC;MIX;3;71;M;F;6574;EMP
057540040040-727;057540040040;100mN32121E42117;MC;MIX;3;60;M;M;5064;EMP
057540040040-727;057540040040;100mN32121E42117;MC;MIX;3;60;M;F;5064;EMP
057540040040-728;057540040040;100mN32118E42114;S;OS;1;70;M;M;6574;EMP
057540040040-729;057540040040;100mN32120E42117;MC;NA;3;30;M;F;3039;EMP
057540040040-729;057540040040;100mN32120E42117;MC;NA;3;33;M;M;3039;NEP
057540040040-729;057540040040;100mN32120E42117;MC;NA;3;10;S;F;0614;NEP
057540040040-730;057540040040;100mN32118E42114;PO;NA;2;20;S;F;1824;EMP
057540040040-730;057540040040;100mN32118E42114;PO;NA;2;18;S;F;1824;NEP
057540040040-731;057540040040;100mN32118E42114;MC;OS;3;73;M;M;6574;NEP
057540040040-731;057540040040;100mN32118E42114;MC;OS;3;71;M;F;6574;EMP
057540040040-731;057540040040;100mN32118E42114;MC;OS;3;67;S;F;6574;EMP
057540040040-732;057540040040;100mN32119E42118;MC;NA;5;60;M;F;5064;EMP
057540040040-732;057540040040;100mN32119E42118;MC;NA;5;44;S;F;4049;NEP
057540040040-732;057540040040;100mN32119E42118;MC;NA;5;37;D;F;3039;EMP
057540040040-732;057540040040;100mN32119E42118;MC;NA;5;15;S;F;1517;EMP
057540040040-732;057540040040;100mN32119E42118;MC;NA;5;10;S;F;0614;NEP
057540040040-733;057540040040;100mN32118E42114;MC;NA;2;62;M;M;5064;EMP
057540040040-733;057540040040;100mN32118E42114;MC;NA;2;61;M;F;5064;EMP
057540040040-734;057540040040;100mN32118E42114;MC;NA;3;41;M;F;4049;NEP
057540040040-734;057540040040;100mN32118E42114;MC;NA;3;54;M;M;5064;EMP
057540040040-734;057540040040;100mN32118E42114;MC;NA;3;23;M;M;1824;EMP
057540040040-735;057540040040;100mN32118E42114;MC;NA;3;32;M;F;3039;EMP
057540040040-735;057540040040;100mN32118E42114;MC;NA;3;40;M;M;4049;EMP
057540040040-735;057540040040;100mN32118E42114;MC;NA;3;13;S;F;0614;NEP
057540040040-736;057540040040;100mN32118E42114;SF;NA;2;69;W;F;6574;NEP
057540040040-736;057540040040;100mN32118E42114;SF;NA;2;52;M;F;5064;EMP
057540040040-737;057540040040;100mN32118E42114;MC;NA;2;35;M;M;3039;EMP
057540040040-737;057540040040;100mN32118E42114;MC;NA;2;28;M;F;2529;EMP
057540040040-738;057540040040;100mN32118E42114;S;OS;1;42;M;F;4049;NEP
057540040040-739;057540040040;100mN32116E42121;S;NA;1;46;D;F;4049;EMP
057540040040-740;057540040040;100mN32103E42074;MC;NA;4;59;M;F;5064;EMP
057540040040-740;057540040040;100mN32103E42074;MC;NA;4;63;M;M;5064;NEP
057540040040-740;057540040040;100mN32103E42074;MC;NA;4;3;S;M;0305;NEP
057540040040-740;057540040040;100mN32103E42074;MC;NA;4;26;S;M;2529;EMP
057540040040-741;057540040040;100mN32118E42114;S;NA;1;73;S;M;6574;EMP
057540040040-742;057540040040;100mN32118E42114;MC;OS;5;66;M;M;6574;EMP
057540040040-742;057540040040;100mN32118E42114;MC;OS;5;67;M;F;6574;EMP
057540040040-742;057540040040;100mN32118E42114;MC;OS;5;67;M;F;6574;EMP
057540040040-742;057540040040;100mN32118E42114;MC;OS;5;82;M;F;75XX;NEP
057540040040-742;057540040040;100mN32118E42114;MC;OS;5;69;D;F;6574;EMP
057540040040-743;057540040040;100mN32124E42116;MC;NA;4;38;M;M;3039;EMP
057540040040-743;057540040040;100mN32124E42116;MC;NA;4;32;M;F;3039;EMP
057540040040-743;057540040040;100mN32124E42116;MC;NA;4;11;S;F;0614;NEP
057540040040-743;057540040040;100mN32124E42116;MC;NA;4;15;S;M;1517;EMP
057540040040-744;057540040040;100mN32108E42146;S;NA;1;70;M;M;6574;EMP
057540040040-745;057540040040;100mN32118E42125;MC;NA;2;40;M;F;4049;EMP
057540040040-745;057540040040;100mN32118E42125;MC;NA;2;48;M;M;4049;EMP
057540040040-746;057540040040;100mN32134E42121;S;OS;1;42;M;F;4049;EMP
057540040040-747;057540040040;100mN32134E42121;MC;NA;2;38;M;F;3039;NEP
057540040040-747;057540040040;100mN32134E42121;MC;NA;2;38;M;M;3039;EMP
057540040040-748;057540040040;100mN32112E42124;S;NA;1;53;D;M;5064;NEP
057540040040-749;057540040040;100mN32136E42128;S;NA;1;60;S;F;5064;NEP
057540040040-750;057540040040;100mN32108E42146;SF;NA;4;46;S;F;4049;EMP
057540040040-750;057540040040;100mN32108E42146;SF;NA;4;0;S;M;0003;NEP
057540040040-750;057540040040;100mN32108E42146;SF;NA;4;9;S;M;0614;NEP
057540040040-750;057540040040;100mN32108E42146;SF;NA;4;4;S;F;0305;NEP
057540040040-751;057540040040;100mN32108E42146;MC;OS;4;75;M;M;75XX;NEP
057540040040-751;057540040040;100mN32108E42146;MC;OS;4;79;M;F;75XX;NEP
057540040040-751;057540040040;100mN32108E42146;MC;OS;4;80;S;M;75XX;EMP
057540040040-751;057540040040;100mN32108E42146;MC;OS;4;68;S;F;6574;EMP
057540040040-752;057540040040;100mN32108E42146;MC;OS;3;83;M;M;75XX;EMP
057540040040-752;057540040040;100mN32108E42146;MC;OS;3;76;M;F;75XX;EMP
057540040040-752;057540040040;100mN32108E42146;MC;OS;3;88;S;F;75XX;EMP
057540040040-753;057540040040;100mN32108E42146;MC;NA;2;19;M;M;1824;NEP
057540040040-753;057540040040;100mN32108E42146;MC;NA;2;28;M;F;2529;NEP
057540040040-754;057540040040;100mN32117E42125;S;OS;1;56;D;M;5064;NEP
057540040040-755;057540040040;100mN32126E42144;MC;NA;5;51;M;F;5064;EMP
057540040040-755;057540040040;100mN32126E42144;MC;NA;5;48;M;M;4049;EMP
057540040040-755;057540040040;100mN32126E42144;MC;NA;5;15;S;M;1517;NEP
057540040040-755;057540040040;100mN32126E42144;MC;NA;5;9;S;F;0614;NEP
057540040040-755;057540040040;100mN32126E42144;MC;NA;5;9;S;F;0614;NEP
057540040040-756;057540040040;100mN32108E42146;MC;NA;4;41;M;F;4049;EMP
057540040040-756;057540040040;100mN32108E42146;MC;NA;4;40;M;M;4049;EMP
057540040040-756;057540040040;100mN32108E42146;MC;NA;4;20;S;M;1824;EMP
057540040040-756;057540040040;100mN32108E42146;MC;NA;4;10;S;M;0614;NEP
057540040040-757;057540040040;100mN32130E42142;MC;NA;2;41;M;M;4049;EMP
057540040040-757;057540040040;100mN32130E42142;MC;NA;2;41;M;F;4049;NEP
057540040040-758;057540040040;100mN32134E42127;MC;MIX;2;85;M;F;75XX;NEP
057540040040-758;057540040040;100mN32134E42127;MC;MIX;2;36;S;M;3039;EMP
057540040040-759;057540040040;100mN32134E42128;MC;OS;2;85;M;M;75XX;NEP
057540040040-759;057540040040;100mN32134E42128;MC;OS;2;83;M;F;75XX;EMP
057540040040-760;057540040040;100mN32118E42120;MC;NA;5;43;M;M;4049;EMP
057540040040-760;057540040040;100mN32118E42120;MC;NA;5;46;M;F;4049;EMP
057540040040-760;057540040040;100mN32118E42120;MC;NA;5;23;M;F;1824;NEP
057540040040-760;057540040040;100mN32118E42120;MC;NA;5;15;S;F;1517;NEP
057540040040-760;057540040040;100mN32118E42120;MC;NA;5;26;S;M;2529;NEP
057540040040-761;057540040040;100mN32130E42142;PO;NA;5;47;S;M;4049;EMP
057540040040-761;057540040040;100mN32130E42142;PO;NA;5;46;S;M;4049;EMP
057540040040-761;057540040040;100mN32130E42142;PO;NA;5;4;S;M;0305;NEP
057540040040-761;057540040040;100mN32130E42142;PO;NA;5;28;M;F;2529;EMP
057540040040-761;057540040040;100mN32130E42142;PO;NA;5;11;S;F;0614;NEP
057540040040-762;057540040040;100mN32130E42142;MC;NA;2;40;M;F;4049;EMP
057540040040-762;057540040040;100mN32130E42142;MC;NA;2;41;M;M;4049;NEP
057540040040-763;057540040040;100mN32130E42142;SF;NA;3;35;D;F;3039;EMP
057540040040-763;057540040040;100mN32130E42142;SF;NA;3;11;S;M;0614;NEP
057540040040-763;057540040040;100mN32130E42142;SF;NA;3;12;S;M;0614;NEP
057540040040-764;057540040040;100mN32130E42142;S;NA;1;72;M;M;6574;EMP
057540040040-765;057540040040;100mN32126E42135;MC;MIX;2;83;M;M;75XX;EMP
057540040040-765;057540040040;100mN32126E42135;MC;MIX;2;87;S;F;75XX;EMP
057540040040-766;057540040040;100mN32114E42128;S;NA;1;53;S;M;5064;EMP
057540040040-767;057540040040;100mN32130E42142;MC;OS;2;89;M;F;75XX;EMP
057540040040-767;057540040040;100mN32130E42142;MC;OS;2;47;W;F;4049;EMP
057540040040-768;057540040040;100mN32130E42142;MC;NA;5;56;M;M;5064;EMP
057540040040-768;057540040040;100mN32130E42142;MC;NA;5;52;M;F;5064;EMP
057540040040-768;057540040040;100mN32130E42142;MC;NA;5;12;S;F;0614;NEP
057540040040-768;057540040040;100mN32130E42142;MC;NA;5;12;S;M;0614;NEP
057540040040-768;057540040040;100mN32130E42142;MC;NA;5;4;S;M;0305;NEP
057540040040-769;057540040040;100mN32114E42116;MC;MIX;2;85;M;F;75XX;NEP
057540040040-769;057540040040;100mN32114E42116;MC;MIX;2;2;S;M;0003;NEP
057540040040-770;057540040040;100mN32140E42128;S;NA;1;56;S;M;5064;EMP
057540040040-771;057540040040;100mN32132E42135;PO;NA;2;36;S;M;3039;EMP
057540040040-771;057540040040;100mN32132E42135;PO;NA;2;40;S;M;4049;EMP
057540040040-772;057540040040;100mN32118E42124;MC;NA;2;34;M;M;3039;EMP
057540040040-772;057540040040;100mN32118E42124;MC;NA;2;32;M;F;3039;NEP
057540040040-773;057540040040;100mN32098E42142;MC;NA;2;43;M;F;4049;EMP
057540040040-773;057540040040;100mN32098E42142;MC;NA;2;46;M;M;4049;EMP
057540040040-774;057540040040;100mN32105E42073;MC;OS;5;89;M;F;75XX;EMP
057540040040-774;057540040040;100mN32105E42073;MC;OS;5;63;D;F;5064;EMP
057540040040-774;057540040040;100mN32105E42073;MC;OS;5;78;S;F;75XX;NEP
057540040040-774;057540040040;100mN32105E42073;MC;OS;5;66;M;M;6574;EMP
057540040040-774;057540040040;100mN32105E42073;MC;OS;5;71;M;M;6574;NEP
057540040040-775;057540040040;100mN32128E42134;MC;OS;3;65;M;F;6574;NEP
057540040040-775;057540040040;100mN32128E42134;MC;OS;3;83;M;M;75XX;EMP
057540040040-775;057540040040;100mN32128E42134;MC;OS;3;79;M;F;75XX;EMP
057540040040-776;057540040040;100mN32103E42073;S;NA;1;25;M;M;2529;EMP
057540040040-777;057540040040;100mN32103E42071;S;OS;1;53;W;F;5064;EMP
057540040040-778;057540040040;100mN32118E42122;S;NA;1;68;W;F;6574;EMP
057540040040-779;057540040040;100mN32124E42147;MC;NA;3;31;M;F;3039;EMP
057540040040-779;057540040040;100mN32124E42147;MC;NA;3;28;M;M;2529;NEP
057540040040-779;057540040040;100mN32124E42147;MC;NA;3;16;S;F;1517;NEP
057540040040-780;057540040040;100mN32117E42121;MC;MIX;2;81;M;M;75XX;NEP
057540040040-780;057540040040;100mN32117E42121;MC;MIX;2;50;S;M;5064;NEP
057540040040-781;057540040040;100mN32122E42112;MC;NA;2;22;M;F;1824;NEP
057540040040-781;057540040040;100mN32122E42112;MC;NA;2;19;M;M;1824;EMP
057540040040-782;057540040040;100mN32122E42112;MC;OS;4;88;M;F;75XX;NEP
057540040040-782;057540040040;100mN32122E42112;MC;OS;4;89;M;M;75XX;EMP
057540040040-782;057540040040;100mN32122E42112;MC;OS;4;87;M;F;75XX;NEP
057540040040-782;057540040040;100mN32122E42112;MC;OS;4;81;M;M;75XX;EMP
057540040040-783;057540040040;100mN32132E42124;S;OS;1;47;W;M;4049;EMP
057540040040-784;057540040040;100mN32115E42131;S;NA;1;46;S;M;4049;EMP
057540040040-785;057540040040;100mN32110E42141;MC;NA;2;27;M;M;2529;EMP
057540040040-785;057540040040;100mN32110E42141;MC;NA;2;18;M;F;1824;EMP
057540040040-786;057540040040;100mN32113E42125;MC;OS;2;86;M;M;75XX;EMP
057540040040-786;057540040040;100mN32113E42125;MC;OS;2;86;M;F;75XX;UEP
057540040040-787;057540040040;100mN32125E42113;SF;NA;2;50;W;F;5064;EMP
057540040040-787;057540040040;100mN32125E42113;SF;NA;2;8;S;M;0614;NEP
057540040040-788;057540040040;100mN32102E42075;MC;OS;2;68;M;M;6574;EMP
057540040040-788;057540040040;100mN32102E42075;MC;OS;2;65;M;F;6574;NEP
057540040040-789;057540040040;100mN32087E42095;SF;NA;4;27;S;F;2529;EMP
057540040040-789;057540040040;100mN32087E42095;SF;NA;4;11;S;M;0614;NEP
057540040040-789;057540040040;100mN32087E42095;SF;NA;4;3;S;F;0305;NEP
057540040040-789;057540040040;100mN32087E42095;SF;NA;4;8;S;F;0614;NEP
057540040040-790;057540040040;100mN32112E42145;MC;NA;6;46;M;M;4049;EMP
057540040040-790;057540040040;100mN32112E42145;MC;NA;6;40;M;F;4049;NEP
057540040040-790;057540040040;100mN32112E42145;MC;NA;6;16;S;M;1517;EMP
057540040040-790;057540040040;100mN32112E42145;MC;NA;6;11;S;F;0614;NEP
057540040040-790;057540040040;100mN32112E42145;MC;NA;6;13;S;F;0614;NEP
057540040040-790;057540040040;100mN32112E42145;MC;NA;6;15;S;F;1517;NEP
057540040040-791;057540040040;100mN32112E42145;MC;MIX;2;70;M;F;6574;EMP
057540040040-791;057540040040;100mN32112E42145;MC;MIX;2;26;S;F;2529;NEP
057540040040-792;057540040040;100mN32102E42073;MC;NA;2;33;M;F;3039;UEP
057540040040-792;057540040040;100mN32102E42073;MC;NA;2;35;M;M;3039;NEP
057540040040-793;057540040040;100mN32110E42148;SF;MIX;3;89;M;F;75XX;EMP
057540040040-793;057540040040;100mN32110E42148;SF;MIX;3;16;S;F;1517;EMP
057540040040-793;057540040040;100mN32110E42148;SF;MIX;3;0;S;M;0003;NEP
057540040040-794;057540040040;100mN32120E42120;MC;NA;2;48;M;F;4049;NEP
057540040040-794;057540040040;100mN32120E42120;MC;NA;2;40;M;M;4049;NEP
057540040040-795;057540040040;100mN32125E42139;S;OS;1;30;M;M;3039;NEP
057540040040-796;057540040040;100mN32118E42130;MC;MIX;4;68;M;F;6574;NEP
057540040040-796;057540040040;100mN32118E42130;MC;MIX;4;54;M;M;5064;EMP
057540040040-796;057540040040;100mN32118E42130;MC;MIX;4;55;M;F;5064;EMP
057540040040-796;057540040040;100mN32118E42130;MC;MIX;4;19;S;F;1824;EMP
057540040040-797;057540040040;100mN32118E42121;S;OS;1;26;W;M;2529;NEP
057540040040-798;057540040040;100mN32114E42126;MC;MIX;3;76;D;F;75XX;EMP
057540040040-798;057540040040;100mN32114E42126;MC;MIX;3;43;M;F;4049;EMP
057540040040-798;057540040040;100mN32114E42126;MC;MIX;3;45;M;M;4049;NEP
057540040040-799;057540040040;100mN32110E42148;S;NA;1;60;M;M;5064;EMP
057540040040-800;057540040040;100mN32101E42070;PO;MIX;4;72;D;F;6574;NEP
057540040040-800;057540040040;100mN32101E42070;PO;MIX;4;53;S;M;5064;EMP
057540040040-800;057540040040;100mN32101E42070;PO;MIX;4;48;S;F;4049;NEP
057540040040-800;057540040040;100mN32101E42070;PO;MIX;4;12;S;M;0614;NEP
057540040040-801;057540040040;100mN32110E42148;S;OS;1;20;M;F;1824;EMP
057540040040-802;057540040040;100mN32123E42140;S;NA;1;63;S;M;5064;NEP
057540040040-803;057540040040;100mN32139E42122;SF;NA;2;26;W;F;2529;NEP
057540040040-803;057540040040;100mN32139E42122;SF;NA;2;6;S;F;0614;NEP
057540040040-804;057540040040;100mN32100E42073;MC;OS;2;86;M;F;75XX;EMP
057540040040-804;057540040040;100mN32100E42073;MC;OS;2;88;M;M;75XX;EMP
057540040040-805;057540040040;100mN32124E42117;SF;NA;2;56;W;F;5064;EMP
057540040040-805;057540040040;100mN32124E42117;SF;NA;2;32;S;F;3039;EMP
057540040040-806;057540040040;100mN32131E42135;MC;NA;6;23;M;M;1824;EMP
057540040040-806;057540040040;100mN32131E42135;MC;NA;6;22;M;F;1824;UEP
057540040040-806;057540040040;100mN32131E42135;MC;NA;6;2;S;F;0003;NEP
057540040040-806;057540040040;100mN32131E42135;MC;NA;6;8;S;F;0614;NEP
057540040040-806;057540040040;100mN32131E42135;MC;NA;6;3;S;M;0305;NEP
057540040040-806;057540040040;100mN32131E42135;MC;NA;6;7;S;M;0614;NEP
057540040040-807;057540040040;100mN32121E42117;MC;NA;2;55;M;M;5064;EMP
057540040040-807;057540040040;100mN32121E42117;MC;NA;2;18;M;F;1824;EMP
057540040040-808;057540040040;100mN32099E42129;MC;OS;4;73;M;F;6574;EMP
057540040040-808;057540040040;100mN32099E42129;MC;OS;4;69;M;M;6574;NEP
057540040040-808;057540040040;100mN32099E42129;MC;OS;4;66;M;F;6574;EMP
057540040040-808;057540040040;100mN32099E42129;MC;OS;4;80;W;F;75XX;NEP
057540040040-809;057540040040;100mN32103E42071;MC;NA;3;42;M;F;4049;EMP
057540040040-809;057540040040;100mN32103E42071;MC;NA;3;40;M;M;4049;EMP
057540040040-809;057540040040;100mN32103E42071;MC;NA;3;16;S;F;1517;NEP
057540040040-810;057540040040;100mN32129E42134;S;NA;1;53;M;M;5064;NEP
057540040040-811;057540040040;100mN32121E42117;S;NA;1;72;S;M;6574;EMP
057540040040-812;057540040040;100mN32121E42117;MC;MIX;3;66;D;M;6574;EMP
057540040040-812;057540040040;100mN32121E42117;MC;MIX;3;50;M;F;5064;NEP
057540040040-812;057540040040;100mN32121E42117;MC;MIX;3;52;M;M;5064;EMP
057540040040-813;057540040040;100mN32107E42072;MC;NA;2;46;M;M;4049;NEP
057540040040-813;057540040040;100mN32107E42072;MC;NA;2;43;M;F;4049;NEP
057540040040-814;057540040040;100mN32121E42117;MC;MIX;3;71;M;F;6574;EMP
057540040040-814;057540040040;100mN32121E42117;MC;MIX;3;60;M;M;5064;EMP
057540040040-814;057540040040;100mN32121E42117;MC;MIX;3;60;M;F;5064;EMP
057540040040-815;057540040040;100mN32114E42132;S;NA;1;58;D;F;5064;EMP
057540040040-816;057540040040;100mN32121E42117;S;NA;1;45;M;F;4049;EMP
057540040040-817;057540040040;100mN32121E42117;SF;NA;5;70;D;F;6574;NEP
057540040040-817;057540040040;100mN32121E42117;SF;NA;5;6;S;F;0614;NEP
057540040040-817;057540040040;100mN32121E42117;SF;NA;5;6;S;M;0614;NEP
057540040040-817;057540040040;100mN32121E42117;SF;NA;5;51;M;F;5064;EMP
057540040040-817;057540040040;100mN32121E42117;SF;NA;5;43;S;M;4049;EMP
057540040040-818;057540040040;100mN32121E42117;S;NA;1;45;M;F;4049;NEP
057540040040-819;057540040040;100mN32134E42121;MC;NA;3;43;M;M;4049;EMP
057540040040-819;057540040040;100mN32134E42121;MC;NA;3;42;M;F;4049;EMP
057540040040-819;057540040040;100mN32134E42121;MC;NA;3;1;S;F;0003;NEP
057540040040-820;057540040040;100mN32131E42134;S;NA;1;47;W;F;4049;EMP
057540040040-821;057540040040;100mN32118E42113;MC;NA;3;51;M;M;5064;EMP
057540040040-821;057540040040;100mN32118E42113;MC;NA;3;42;M;F;4049;EMP
057540040040-821;057540040040;100mN32118E42113;MC;NA;3;12;S;F;0614;NEP
057540040040-822;057540040040;100mN32116E42123;SF;NA;5;48;S;F;4049;NEP
057540040040-822;057540040040;100mN32116E42123;SF;NA;5;9;S;F;0614;NEP
057540040040-822;057540040040;100mN32116E42123;SF;NA;5;9;S;M;0614;NEP
057540040040-822;057540040040;100mN32116E42123;SF;NA;5;7;S;F;0614;NEP
057540040040-822;057540040040;100mN32116E42123;SF;NA;5;6;S;F;0614;NEP
057540040040-823;057540040040;100mN32126E42142;S;NA;1;76;S;F;75XX;EMP
057540040040-824;057540040040;100mN32121E42117;S;NA;1;67;M;M;6574;NEP
057540040040-825;057540040040;100mN32121E42117;MC;NA;2;61;M;F;5064;EMP
057540040040-825;057540040040;100mN32121E42117;MC;NA;2;61;M;M;5064;EMP
057540040040-826;057540040040;100mN32124E42141;SF;NA;4;42;W;F;4049;EMP
057540040040-826;057540040040;100mN32124E42141;SF;NA;4;12;S;M;0614;NEP
057540040040-826;057540040040;100mN32124E42141;SF;NA;4;6;S;M;0614;NEP
057540040040-826;057540040040;100mN32124E42141;SF;NA;4;16;S;M;1517;EMP
057540040040-827;057540040040;100mN32102E42075;NA;NA;4;43;S;M;4049;EMP
057540040040-827;057540040040;100mN32102E42075;NA;NA;4;30;W;F;3039;NEP
057540040040-827;057540040040;100mN32102E42075;NA;NA;4;57;M;M;5064;EMP
057540040040-827;057540040040;100mN32102E42075;NA;NA;4;31;D;F;3039;EMP
057540040040-828;057540040040;100mN32111E42123;S;NA;1;31;W;F;3039;EMP
057540040040-829;057540040040;100mN32143E42116;MC;OS;2;70;M;F;6574;EMP
057540040040-829;057540040040;100mN32143E42116;MC;OS;2;72;M;M;6574;EMP
057540040040-830;057540040040;100mN32114E42131;S;NA;1;46;D;M;4049;NEP
057540040040-831;057540040040;100mN32113E42124;NA;NA;2;22;M;F;1824;EMP
057540040040-831;057540040040;100mN32113E42124;NA;NA;2;62;W;M;5064;NEP
057540040040-832;057540040040;100mN32126E42145;S;NA;1;44;D;M;4049;NEP
057540040040-833;057540040040;100mN32086E42068;S;OS;1;38;M;M;3039;NEP
057540040040-834;057540040040;100mN32127E42144;S;OS;1;21;D;M;1824;NEP
057540040040-835;057540040040;100mN32105E42086;MC;OS;3;67;M;F;6574;EMP
057540040040-835;057540040040;100mN32105E42086;MC;OS;3;72;M;M;6574;NEP
057540040040-835;057540040040;100mN32105E42086;MC;OS;3;67;D;M;6574;EMP
057540040040-836;057540040040;100mN32123E42116;MC;NA;3;40;M;F;4049;EMP
057540040040-836;057540040040;100mN32123E42116;MC;NA;3;48;M;M;4049;NEP
057540040040-836;057540040040;100mN32123E42116;MC;NA;3;20;M;F;1824;NEP
057540040040-837;057540040040;100mN32132E42131;S;NA;1;80;S;M;75XX;EMP
057540040040-838;057540040040;100mN32123E42116;MC;NA;2;54;M;M;5064;EMP
057540040040-838;057540040040;100mN32123E42116;MC;NA;2;51;M;F;5064;EMP
057540040040-839;057540040040;100mN32123E42116;MC;MIX;2;80;M;M;75XX;EMP
057540040040-839;057540040040;100mN32123E42116;MC;MIX;2;16;S;M;1517;EMP
057540040040-840;057540040040;100mN32113E42124;SM;NA;3;42;D;M;4049;EMP
057540040040-840;057540040040;100mN32113E42124;SM;NA;3;13;S;F;0614;NEP
057540040040-840;057540040040;100mN32113E42124;SM;NA;3;10;S;M;0614;NEP
057540040040-841;057540040040;100mN32109E42143;MC;NA;2;53;M;M;5064;EMP
057540040040-841;057540040040;100mN32109E42143;MC;NA;2;54;M;F;5064;NEP
057540040040-842;057540040040;100mN32121E42138;MC;NA;4;42;M;M;4049;NEP
057540040040-842;057540040040;100mN32121E42138;MC;NA;4;41;M;F;4049;NEP
057540040040-842;057540040040;100mN32121E42138;MC;NA;4;9;S;F;0614;NEP
057540040040-842;057540040040;100mN32121E42138;MC;NA;4;16;S;M;1517;NEP
057540040040-843;057540040040;100mN32138E42121;MC;NA;4;47;M;F;4049;EMP
057540040040-843;057540040040;100mN32138E42121;MC;NA;4;47;M;M;4049;EMP
057540040040-843;057540040040;100mN32138E42121;MC;NA;4;16;S;M;1517;EMP
057540040040-843;057540040040;100mN32138E42121;MC;NA;4;12;S;M;0614;NEP
057540040040-844;057540040040;100mN32123E42116;MC;OS;5;65;M;M;6574;EMP
057540040040-844;057540040040;100mN32123E42116;MC;OS;5;87;M;F;75XX;EMP
057540040040-844;057540040040;100mN32123E42116;MC;OS;5;86;M;M;75XX;EMP
057540040040-844;057540040040;100mN32123E42116;MC;OS;5;66;M;M;6574;EMP
057540040040-844;057540040040;100mN32123E42116;MC;OS;5;88;D;M;75XX;EMP
057540040040-845;057540040040;100mN32113E42121;S;NA;1;42;D;F;4049;EMP
057540040040-846;057540040040;100mN32123E42116;MC;NA;2;22;M;F;1824;EMP
057540040040-846;057540040040;100mN32123E42116;MC;NA;2;18;M;M;1824;EMP
057540040040-847;057540040040;100mN32116E42117;MC;OS;2;85;M;F;75XX;EMP
057540040040-847;057540040040;100mN32116E42117;MC;OS;2;89;M;M;75XX;EMP
057540040040-848;057540040040;100mN32123E42116;S;OS;1;28;M;M;2529;EMP
057540040040-849;057540040040;100mN32118E42127;S;NA;1;36;W;F;3039;NEP
057540040040-850;057540040040;100mN32126E42144;MC;NA;2;50;M;F;5064;UEP
057540040040-850;057540040040;100mN32126E42144;MC;NA;2;52;M;M;5064;EMP
057540040040-851;057540040040;100mN32101E42071;MC;OS;2;71;M;F;6574;EMP
057540040040-851;057540040040;100mN32101E42071;MC;OS;2;79;M;M;75XX;EMP
057540040040-852;057540040040;100mN32106E42089;S;OS;1;40;M;F;4049;NEP
057540040040-853;057540040040;100mN32112E42122;PO;NA;4;40;S;M;4049;EMP
057540040040-853;057540040040;100mN32112E42122;PO;NA;4;38;S;M;3039;EMP
057540040040-853;057540040040;100mN32112E42122;PO;NA;4;8;S;F;0614;NEP
057540040040-853;057540040040;100mN32112E42122;PO;NA;4;16;S;F;1517;EMP
057540040040-854;057540040040;100mN32141E42118;MC;NA;2;41;M;F;4049;EMP
057540040040-854;057540040040;100mN32141E42118;MC;NA;2;43;M;M;4049;NEP
057540040040-855;057540040040;100mN32119E42121;S;NA;1;73;M;M;6574;EMP
057540040040-856;057540040040;100mN32127E42136;MC;NA;2;28;M;F;2529;EMP
057540040040-856;057540040040;100mN32127E42136;MC;NA;2;33;M;M;3039;EMP
057540040040-857;057540040040;100mN32122E42146;S;NA;1;63;D;F;5064;EMP
057540040040-858;057540040040;100mN32106E42089;S;OS;1;65;M;M;6574;NEP
057540040040-859;057540040040;100mN32106E42089;S;NA;1;45;M;F;4049;NEP
057540040040-860;057540040040;100mN32128E42132;S;NA;1;70;M;F;6574;EMP
057540040040-861;057540040040;100mN32118E42121;MC;NA;4;36;M;M;3039;EMP
057540040040-861;057540040040;100mN32118E42121;MC;NA;4;40;M;F;4049;NEP
057540040040-861;057540040040;100mN32118E42121;MC;NA;4;15;S;F;1517;EMP
057540040040-861;057540040040;100mN32118E42121;MC;NA;4;11;S;F;0614;NEP
057540040040-862;057540040040;100mN32128E42132;S;NA;1;43;D;F;4049;EMP
057540040040-863;057540040040;100mN32116E42130;MC;NA;3;63;M;M;5064;EMP
057540040040-863;057540040040;100mN32116E42130;MC;NA;3;61;M;F;5064;EMP
057540040040-863;057540040040;100mN32116E42130;MC;NA;3;46;M;F;4049;EMP
057540040040-864;057540040040;100mN32128E42132;MC;NA;3;51;M;F;5064;UEP
057540040040-864;057540040040;100mN32128E42132;MC;NA;3;48;M;M;4049;EMP
057540040040-864;057540040040;100mN32128E42132;MC;NA;3;25;M;M;2529;NEP
057540040040-865;057540040040;100mN32132E42133;S;OS;1;54;D;F;5064;NEP
057540040040-866;057540040040;100mN32118E42125;MC;NA;2;25;M;M;2529;NEP
057540040040-866;057540040040;100mN32118E42125;MC;NA;2;30;M;F;3039;EMP
057540040040-867;057540040040;100mN32113E42120;S;OS;1;61;D;F;5064;EMP
057540040040-868;057540040040;100mN32101E42072;MC;NA;3;45;M;M;4049;EMP
057540040040-868;057540040040;100mN32101E42072;MC;NA;3;45;M;F;4049;NEP
057540040040-868;057540040040;100mN32101E42072;MC;NA;3;23;W;F;1824;EMP
057540040040-869;057540040040;100mN32140E42117;MC;OS;2;73;M;F;6574;NEP
057540040040-869;057540040040;100mN32140E42117;MC;OS;2;76;M;M;75XX;NEP
057540040040-870;057540040040;100mN32112E42121;S;NA;1;84;M;M;75XX;NEP
057540040040-871;057540040040;100mN32114E42121;PO;NA;3;45;S;M;4049;EMP
057540040040-871;057540040040;100mN32114E42121;PO;NA;3;43;S;M;4049;EMP
057540040040-871;057540040040;100mN32114E42121;PO;NA;3;0;S;F;0003;NEP
057540040040-872;057540040040;100mN32101E42070;S;NA;1;22;M;F;1824;NEP
057540040040-873;057540040040;100mN32136E42131;SF;NA;4;37;W;F;3039;NEP
057540040040-873;057540040040;100mN32136E42131;SF;NA;4;12;S;M;0614;NEP
057540040040-873;057540040040;100mN32136E42131;SF;NA;4;6;S;F;0614;NEP
057540040040-873;057540040040;100mN32136E42131;SF;NA;4;20;M;M;1824;EMP
057540040040-874;057540040040;100mN32124E42144;MC;NA;2;26;M;M;2529;EMP
057540040040-874;057540040040;100mN32124E42144;MC;NA;2;18;M;F;1824;NEP
057540040040-875;057540040040;100mN32139E42118;SF;NA;2;20;W;F;1824;NEP
057540040040-875;057540040040;100mN32139E42118;SF;NA;2;4;S;M;0305;NEP
057540040040-876;057540040040;100mN32114E42119;S;OS;1;30;S;M;3039;EMP
057540040040-877;057540040040;100mN32114E42120;SF;NA;2;55;D;F;5064;EMP
057540040040-877;057540040040;100mN32114E42120;SF;NA;2;15;S;M;1517;EMP
057540040040-878;057540040040;100mN32137E42119;S;NA;1;28;M;M;2529;NEP
057540040040-879;057540040040;100mN32121E42114;MC;NA;2;41;M;M;4049;EMP
057540040040-879;057540040040;100mN32121E42114;MC;NA;2;38;M;F;3039;NEP
057540040040-880;057540040040;100mN32121E42114;S;NA;1;41;M;F;4049;EMP
057540040040-881;057540040040;100mN32121E42114;S;NA;1;70;M;F;6574;NEP
057540040040-882;057540040040;100mN32101E42070;MC;OS;2;73;M;F;6574;NEP
057540040040-882;057540040040;100mN32101E42070;MC;OS;2;73;M;M;6574;EMP
057540040040-883;057540040040;100mN32121E42114;MC;NA;3;43;M;F;4049;EMP
057540040040-883;057540040040;100mN32121E42114;MC;NA;3;48;M;M;4049;EMP
057540040040-883;057540040040;100mN32121E42114;MC;NA;3;7;S;M;0614;NEP
057540040040-884;057540040040;100mN32138E42123;MC;NA;4;28;M;F;2529;EMP
057540040040-884;057540040040;100mN32138E42123;MC;NA;4;28;M;M;2529;NEP
057540040040-884;057540040040;100mN32138E42123;MC;NA;4;12;S;M;0614;NEP
057540040040-884;057540040040;100mN32138E42123;MC;NA;4;12;S;M;0614;NEP
057540040040-885;057540040040;100mN32121E42114;MC;MIX;2;82;M;M;75XX;NEP
057540040040-885;057540040040;100mN32121E42114;MC;MIX;2;32;S;F;3039;EMP
057540040040-886;057540040040;100mN32121E42114;MC;NA;2;40;M;M;4049;EMP
057540040040-886;057540040040;100mN32121E42114;MC;NA;2;34;M;F;3039;EMP
057540040040-887;057540040040;100mN32114E42127;MC;NA;4;38;M;M;3039;NEP
057540040040-887;057540040040;100mN32114E42127;MC;NA;4;32;M;F;3039;EMP
057540040040-887;057540040040;100mN32114E42127;MC;NA;4;3;S;F;0305;NEP
057540040040-887;057540040040;100mN32114E42127;MC;NA;4;9;S;F;0614;NEP
057540040040-888;057540040040;100mN32124E42138;S;NA;1;42;M;M;4049;EMP
057540040040-889;057540040040;100mN32132E42132;MC;MIX;3;89;M;F;75XX;EMP
057540040040-889;057540040040;100mN32132E42132;MC;MIX;3;60;M;M;5064;EMP
057540040040-889;057540040040;100mN32132E42132;MC;MIX;3;62;M;F;5064;EMP
057540040040-890;057540040040;100mN32089E42097;SF;NA;4;34;S;F;3039;EMP
057540040040-890;057540040040;100mN32089E42097;SF;NA;4;0;S;F;0003;NEP
057540040040-890;057540040040;100mN32089E42097;SF;NA;4;19;D;M;1824;EMP
057540040040-890;057540040040;100mN32089E42097;SF;NA;4;13;S;M;0614;NEP
057540040040-891;057540040040;100mN32121E42114;S;NA;1;48;M;F;4049;EMP
057540040040-892;057540040040;100mN32117E42123;MC;NA;5;57;M;F;5064;NEP
057540040040-892;057540040040;100mN32117E42123;MC;NA;5;55;M;M;5064;EMP
057540040040-892;057540040040;100mN32117E42123;MC;NA;5;3;S;F;0305;NEP
057540040040-892;057540040040;100mN32117E42123;MC;NA;5;16;S;F;1517;EMP
057540040040-892;057540040040;100mN32117E42123;MC;NA;5;3;S;M;0305;NEP
057540040040-893;057540040040;100mN32121E42114;MC;NA;5;56;M;F;5064;NEP
057540040040-893;057540040040;100mN32121E42114;MC;NA;5;53;M;M;5064;EMP
057540040040-893;057540040040;100mN32121E42114;MC;NA;5;15;S;F;1517;EMP
057540040040-893;057540040040;100mN32121E42114;MC;NA;5;2;S;M;0003;NEP
057540040040-893;057540040040;100mN32121E42114;MC;NA;5;18;M;F;1824;NEP
057540040040-894;057540040040;100mN32114E42119;MC;NA;3;37;M;F;3039;EMP
057540040040-894;057540040040;100mN32114E42119;MC;NA;3;38;M;M;3039;EMP
057540040040-894;057540040040;100mN32114E42119;MC;NA;3;11;S;F;0614;NEP
057540040040-895;057540040040;100mN32121E42114;MC;OS;3;88;M;M;75XX;EMP
057540040040-895;057540040040;100mN32121E42114;MC;OS;3;88;M;F;75XX;NEP
057540040040-895;057540040040;100mN32121E42114;MC;OS;3;81;W;F;75XX;NEP
057540040040-896;057540040040;100mN32135E42126;MC;MIX;5;79;M;F;75XX;NEP
057540040040-896;057540040040;100mN32135E42126;MC;MIX;5;63;M;F;5064;EMP
057540040040-896;057540040040;100mN32135E42126;MC;MIX;5;63;M;M;5064;EMP
057540040040-896;057540040040;100mN32135E42126;MC;MIX;5;2;S;M;0003;NEP
057540040040-896;057540040040;100mN32135E42126;MC;MIX;5;6;S;M;0614;NEP
057540040040-897;057540040040;100mN32121E42114;S;NA;1;35;S;M;3039;EMP
057540040040-898;057540040040;100mN32124E42140;S;OS;1;44;D;M;4049;NEP
057540040040-899;057540040040;100mN32108E42145;S;NA;1;69;W;F;6574;NEP
057540040040-900;057540040040;100mN32102E42071;MC;NA;2;22;M;M;1824;NEP
057540040040-900;057540040040;100mN32102E42071;MC;NA;2;19;M;F;1824;NEP
057540040040-901;057540040040;100mN32121E42114;MC;NA;2;54;M;M;5064;EMP
057540040040-901;057540040040;100mN32121E42114;MC;NA;2;52;M;F;5064;NEP
057540040040-902;057540040040;100mN32099E42069;MC;NA;2;41;M;F;4049;NEP
057540040040-902;057540040040;100mN32099E42069;MC;NA;2;43;M;M;4049;EMP
057540040040-903;057540040040;100mN32099E42069;MC;NA;2;38;M;M;3039;EMP
057540040040-903;057540040040;100mN32099E42069;MC;NA;2;35;M;F;3039;EMP
057540040040-904;057540040040;100mN32099E42069;SM;NA;3;54;S;M;5064;EMP
057540040040-904;057540040040;100mN32099E42069;SM;NA;3;0;S;M;0003;NEP
057540040040-904;057540040040;100mN32099E42069;SM;NA;3;16;S;M;1517;EMP
057540040040-905;057540040040;100mN32099E42069;MC;NA;3;45;M;M;4049;EMP
057540040040-905;057540040040;100mN32099E42069;MC;NA;3;44;M;F;4049;EMP
057540040040-905;057540040040;100mN32099E42069;MC;NA;3;21;M;M;1824;EMP
057540040040-906;057540040040;100mN32099E42069;PO;NA;2;23;S;M;1824;EMP
057540040040-906;057540040040;100mN32099E42069;PO;NA;2;22;S;F;1824;EMP
057540040040-907;057540040040;100mN32114E42121;MC;NA;4;30;M;M;3039;EMP
057540040040-907;057540040040;100mN32114E42121;MC;NA;4;26;M;F;2529;EMP
057540040040-907;057540040040;100mN32114E42121;MC;NA;4;12;S;M;0614;NEP
057540040040-907;057540040040;100mN32114E42121;MC;NA;4;2;S;F;0003;NEP
057540040040-908;057540040040;100mN32099E42069;MC;OS;2;87;M;F;75XX;EMP
057540040040-908;057540040040;100mN32099E42069;MC;OS;2;88;M;M;75XX;EMP
057540040040-909;057540040040;100mN32099E42069;MC;NA;2;27;M;F;2529;EMP
057540040040-909;057540040040;100mN32099E42069;MC;NA;2;30;M;M;3039;EMP
057540040040-910;057540040040;100mN32115E42122;MC;NA;4;28;M;M;2529;EMP
057540040040-910;057540040040;100mN32115E42122;MC;NA;4;26;M;F;2529;EMP
057540040040-910;057540040040;100mN32115E42122;MC;NA;4;2;S;M;0003;NEP
057540040040-910;057540040040;100mN32115E42122;MC;NA;4;11;S;M;0614;NEP
057540040040-911;057540040040;100mN32141E42116;S;NA;1;42;W;F;4049;EMP
057540040040-912;057540040040;100mN32099E42132;MC;OS;4;71;M;F;6574;EMP
057540040040-912;057540040040;100mN32099E42132;MC;OS;4;72;M;M;6574;EMP
057540040040-912;057540040040;100mN32099E42132;MC;OS;4;68;D;M;6574;EMP
057540040040-912;057540040040;100mN32099E42132;MC;OS;4;72;S;M;6574;EMP
057540040040-913;057540040040;100mN32100E42138;PO;NA;2;42;S;M;4049;NEP
057540040040-913;057540040040;100mN32100E42138;PO;NA;2;41;S;M;4049;EMP
057540040040-914;057540040040;100mN32101E42057;SF;NA;2;46;S;F;4049;EMP
057540040040-914;057540040040;100mN32101E42057;SF;NA;2;15;S;F;1517;NEP
057540040040-915;057540040040;100mN32132E42133;S;NA;1;80;W;F;75XX;NEP
057540040040-916;057540040040;100mN32122E42147;S;NA;1;32;W;F;3039;NEP
057540040040-917;057540040040;100mN32134E42129;MC;NA;2;50;M;F;5064;EMP
057540040040-917;057540040040;100mN32134E42129;MC;NA;2;62;M;M;5064;EMP
057540040040-918;057540040040;100mN32114E42116;MC;NA;2;44;M;F;4049;EMP
057540040040-918;057540040040;100mN32114E42116;MC;NA;2;45;M;M;4049;EMP
057540040040-919;057540040040;100mN32103E42073;MC;MIX;3;89;M;M;75XX;NEP
057540040040-919;057540040040;100mN32103E42073;MC;MIX;3;56;M;M;5064;NEP
057540040040-919;057540040040;100mN32103E42073;MC;MIX;3;54;M;F;5064;EMP
057540040040-920;057540040040;100mN32105E42072;S;NA;1;23;D;M;1824;NEP
057540040040-921;057540040040;100mN32138E42121;MC;NA;2;45;M;M;4049;EMP
057540040040-921;057540040040;100mN32138E42121;MC;NA;2;37;M;F;3039;EMP
057540040040-922;057540040040;100mN32112E42085;S;NA;1;20;S;M;1824;EMP
057540040040-923;057540040040;100mN32117E42123;S;NA;1;45;M;F;4049;EMP
057540040040-924;057540040040;100mN32110E42070;S;OS;1;22;M;M;1824;EMP
057540040040-925;057540040040;100mN32123E42112;S;NA;1;56;M;M;5064;EMP
057540040040-926;057540040040;100mN32138E42128;S;NA;1;16;S;M;1517;EMP
057540040040-927;057540040040;100mN32138E42128;MC;NA;2;60;M;M;5064;EMP
057540040040-927;057540040040;100mN32138E42128;MC;NA;2;67;M;M;6574;EMP
057540040040-928;057540040040;100mN32123E42113;PO;NA;2;18;S;M;1824;EMP
057540040040-928;057540040040;100mN32123E42113;PO;NA;2;18;S;M;1824;EMP
057540040040-929;057540040040;100mN32138E42128;MC;NA;2;55;M;M;5064;EMP
057540040040-929;057540040040;100mN32138E42128;MC;NA;2;54;M;F;5064;NEP
057540040040-930;057540040040;100mN32121E42116;MC;NA;4;31;M;F;3039;EMP
057540040040-930;057540040040;100mN32121E42116;MC;NA;4;40;M;M;4049;NEP
057540040040-930;057540040040;100mN32121E42116;MC;NA;4;11;S;M;0614;NEP
057540040040-930;057540040040;100mN32121E42116;MC;NA;4;0;S;F;0003;NEP
057540040040-931;057540040040;100mN32121E42147;MC;NA;3;27;M;M;2529;NEP
057540040040-931;057540040040;100mN32121E42147;MC;NA;3;30;M;F;3039;EMP
057540040040-931;057540040040;100mN32121E42147;MC;NA;3;4;S;F;0305;NEP
057540040040-932;057540040040;100mN32122E42059;MC;MIX;3;68;S;M;6574;EMP
057540040040-932;057540040040;100mN32122E42059;MC;MIX;3;61;M;M;5064;NEP
057540040040-932;057540040040;100mN32122E42059;MC;MIX;3;63;M;F;5064;NEP
057540040040-933;057540040040;100mN32138E42128;MC;NA;3;25;M;F;2529;EMP
057540040040-933;057540040040;100mN32138E42128;MC;NA;3;44;M;M;4049;NEP
057540040040-933;057540040040;100mN32138E42128;MC;NA;3;2;S;M;0003;NEP
057540040040-934;057540040040;100mN32138E42128;MC;NA;5;41;M;M;4049;EMP
057540040040-934;057540040040;100mN32138E42128;MC;NA;5;36;M;F;3039;EMP
057540040040-934;057540040040;100mN32138E42128;MC;NA;5;20;M;M;1824;EMP
057540040040-934;057540040040;100mN32138E42128;MC;NA;5;15;S;F;1517;EMP
057540040040-934;057540040040;100mN32138E42128;MC;NA;5;7;S;M;0614;NEP
057540040040-935;057540040040;100mN32130E42139;S;NA;1;59;M;F;5064;UEP
057540040040-936;057540040040;100mN32087E42047;MC;NA;2;47;M;M;4049;NEP
057540040040-936;057540040040;100mN32087E42047;MC;NA;2;42;M;F;4049;NEP
057540040040-937;057540040040;100mN32087E42047;MC;NA;4;26;M;F;2529;EMP
057540040040-937;057540040040;100mN32087E42047;MC;NA;4;32;M;M;3039;NEP
057540040040-937;057540040040;100mN32087E42047;MC;NA;4;3;S;F;0305;NEP
057540040040-937;057540040040;100mN32087E42047;MC;NA;4;10;S;F;0614;NEP
057540040040-938;057540040040;100mN32107E42073;S;OS;1;82;S;F;75XX;EMP
057540040040-939;057540040040;100mN32112E42121;SF;NA;4;31;S;F;3039;EMP
057540040040-939;057540040040;100mN32112E42121;SF;NA;4;10;S;F;0614;NEP
057540040040-939;057540040040;100mN32112E42121;SF;NA;4;3;S;F;0305;NEP
057540040040-939;057540040040;100mN32112E42121;SF;NA;4;15;S;F;1517;EMP
057540040040-940;057540040040;100mN32103E42133;MC;OS;2;75;M;M;75XX;NEP
057540040040-940;057540040040;100mN32103E42133;MC;OS;2;70;M;F;6574;EMP
057540040040-941;057540040040;100mN32116E42131;MC;OS;2;71;M;M;6574;NEP
057540040040-941;057540040040;100mN32116E42131;MC;OS;2;66;M;F;6574;EMP
057540040040-942;057540040040;100mN32122E42123;MC;MIX;3;68;D;F;6574;NEP
057540040040-942;057540040040;100mN32122E42123;MC;MIX;3;30;M;F;3039;NEP
057540040040-942;057540040040;100mN32122E42123;MC;MIX;3;32;M;M;3039;EMP
057540040040-943;057540040040;100mN32122E42123;MC;NA;2;46;M;M;4049;NEP
057540040040-943;057540040040;100mN32122E42123;MC;NA;2;45;M;F;4049;EMP
057540040040-944;057540040040;100mN32122E42123;S;NA;1;59;M;F;5064;EMP
057540040040-945;057540040040;100mN32117E42122;MC;NA;2;28;M;M;2529;NEP
057540040040-945;057540040040;100mN32117E42122;MC;NA;2;26;M;F;2529;NEP
057540040040-946;057540040040;100mN32144E42117;MC;NA;4;52;M;F;5064;EMP
057540040040-946;057540040040;100mN32144E42117;MC;NA;4;53;M;M;5064;NEP
057540040040-946;057540040040;100mN32144E42117;MC;NA;4;2;S;F;0003;NEP
057540040040-946;057540040040;100mN32144E42117;MC;NA;4;12;S;M;0614;NEP
057540040040-947;057540040040;100mN32122E42123;MC;MIX;3;79;M;F;75XX;NEP
057540040040-947;057540040040;100mN32122E42123;MC;MIX;3;56;M;F;5064;EMP
057540040040-947;057540040040;100mN32122E42123;MC;MIX;3;53;M;M;5064;NEP
057540040040-948;057540040040;100mN32113E42124;S;OS;1;55;M;F;5064;EMP
057540040040-949;057540040040;100mN32122E42123;MC;NA;4;28;M;F;2529;EMP
057540040040-949;057540040040;100mN32122E42123;MC;NA;4;30;M;M;3039;EMP
057540040040-949;057540040040;100mN32122E42123;MC;NA;4;10;S;F;0614;NEP
057540040040-949;057540040040;100mN32122E42123;MC;NA;4;12;S;M;0614;NEP
057540040040-950;057540040040;100mN32123E42142;PO;NA;2;63;S;M;5064;EMP
057540040040-950;057540040040;100mN32123E42142;PO;NA;2;61;S;F;5064;EMP
057540040040-951;057540040040;100mN32122E42123;MC;NA;2;33;M;F;3039;NEP
057540040040-951;057540040040;100mN32122E42123;MC;NA;2;38;M;M;3039;EMP
057540040040-952;057540040040;100mN32122E42123;S;NA;1;20;S;M;1824;EMP
057540040040-953;057540040040;100mN32127E42142;SM;NA;3;43;D;M;4049;EMP
057540040040-953;057540040040;100mN32127E42142;SM;NA;3;9;S;F;0614;NEP
057540040040-953;057540040040;100mN32127E42142;SM;NA;3;15;S;F;1517;EMP
057540040040-954;057540040040;100mN32122E42123;SF;NA;4;30;W;F;3039;EMP
057540040040-954;057540040040;100mN32122E42123;SF;NA;4;12;S;M;0614;NEP
057540040040-954;057540040040;100mN32122E42123;SF;NA;4;13;S;F;0614;NEP
057540040040-954;057540040040;100mN32122E42123;SF;NA;4;9;S;F;0614;NEP
057540040040-955;057540040040;100mN32114E42132;MC;OS;3;78;M;F;75XX;EMP
057540040040-955;057540040040;100mN32114E42132;MC;OS;3;67;M;M;6574;EMP
057540040040-955;057540040040;100mN32114E42132;MC;OS;3;68;W;F;6574;NEP
057540040040-956;057540040040;100mN32122E42123;S;NA;1;21;M;F;1824;NEP
057540040040-957;057540040040;100mN32122E42123;S;NA;1;77;S;M;75XX;EMP
057540040040-958;057540040040;100mN32125E42114;S;NA;1;33;M;F;3039;EMP
057540040040-959;057540040040;100mN32103E42069;MC;NA;2;18;M;M;1824;EMP
057540040040-959;057540040040;100mN32103E42069;MC;NA;2;18;M;F;1824;EMP
057540040040-960;057540040040;100mN32122E42123;MC;NA;2;31;M;M;3039;NEP
057540040040-960;057540040040;100mN32122E42123;MC;NA;2;31;M;F;3039;NEP
057540040040-961;057540040040;100mN32118E42126;MC;NA;4;46;M;F;4049;EMP
057540040040-961;057540040040;100mN32118E42126;MC;NA;4;43;M;M;4049;NEP
057540040040-961;057540040040;100mN32118E42126;MC;NA;4;8;S;F;0614;NEP
057540040040-961;057540040040;100mN32118E42126;MC;NA;4;26;M;M;2529;NEP
057540040040-962;057540040040;100mN32124E42139;MC;NA;4;46;M;F;4049;EMP
057540040040-962;057540040040;100mN32124E42139;MC;NA;4;48;M;M;4049;EMP
057540040040-962;057540040040;100mN32124E42139;MC;NA;4;15;S;M;1517;NEP
057540040040-962;057540040040;100mN32124E42139;MC;NA;4;8;S;M;0614;NEP
057540040040-963;057540040040;100mN32118E42123;MC;NA;3;33;M;M;3039;EMP
057540040040-963;057540040040;100mN32118E42123;MC;NA;3;31;M;F;3039;EMP
057540040040-963;057540040040;100mN32118E42123;MC;NA;3;15;S;M;1517;EMP
057540040040-964;057540040040;100mN32122E42123;MC;NA;2;54;M;M;5064;NEP
057540040040-964;057540040040;100mN32122E42123;MC;NA;2;58;M;F;5064;EMP
057540040040-965;057540040040;100mN32122E42123;PO;NA;3;57;S;M;5064;EMP
057540040040-965;057540040040;100mN32122E42123;PO;NA;3;54;S;M;5064;NEP
057540040040-965;057540040040;100mN32122E42123;PO;NA;3;4;S;F;0305;NEP
057540040040-966;057540040040;100mN32142E42118;MC;OS;2;70;M;F;6574;UEP
057540040040-966;057540040040;100mN32142E42118;MC;OS;2;72;M;M;6574;EMP
057540040040-967;057540040040;100mN32104E42090;MC;OS;2;65;M;F;6574;NEP
057540040040-967;057540040040;100mN32104E42090;MC;OS;2;86;M;M;75XX;NEP
057540040040-968;057540040040;100mN32113E42126;MC;NA;3;50;M;F;5064;NEP
057540040040-968;057540040040;100mN32113E42126;MC;NA;3;50;M;M;5064;EMP
057540040040-968;057540040040;100mN32113E42126;MC;NA;3;4;S;F;0305;NEP
057540040040-969;057540040040;100mN32124E42140;SF;NA;2;30;W;F;3039;NEP
057540040040-969;057540040040;100mN32124E42140;SF;NA;2;7;S;F;0614;NEP
057540040040-970;057540040040;100mN32102E42073;MC;NA;4;19;M;M;1824;EMP
057540040040-970;057540040040;100mN32102E42073;MC;NA;4;18;M;F;1824;NEP
057540040040-970;057540040040;100mN32102E42073;MC;NA;4;3;S;F;0305;NEP
057540040040-970;057540040040;100mN32102E42073;MC;NA;4;3;S;M;0305;NEP
057540040040-971;057540040040;100mN32113E42120;NA;NA;2;50;M;M;5064;EMP
057540040040-971;057540040040;100mN32113E42120;NA;NA;2;45;S;F;4049;NEP
057540040040-972;057540040040;100mN32112E42120;SF;NA;4;43;W;F;4049;EMP
057540040040-972;057540040040;100mN32112E42120;SF;NA;4;6;S;F;0614;NEP
057540040040-972;057540040040;100mN32112E42120;SF;NA;4;18;M;M;1824;EMP
057540040040-972;057540040040;100mN32112E42120;SF;NA;4;18;D;F;1824;EMP
057540040040-973;057540040040;100mN32114E42121;MC;NA;3;41;M;M;4049;NEP
057540040040-973;057540040040;100mN32114E42121;MC;NA;3;40;M;F;4049;EMP
057540040040-973;057540040040;100mN32114E42121;MC;NA;3;12;S;M;0614;NEP
057540040040-974;057540040040;100mN32116E42125;SF;NA;4;43;S;F;4049;EMP
057540040040-974;057540040040;100mN32116E42125;SF;NA;4;16;S;F;1517;EMP
057540040040-974;057540040040;100mN32116E42125;SF;NA;4;25;M;F;2529;EMP
057540040040-974;057540040040;100mN32116E42125;SF;NA;4;9;S;F;0614;NEP
057540040040-975;057540040040;100mN32133E42127;MC;NA;3;52;M;M;5064;EMP
057540040040-975;057540040040;100mN32133E42127;MC;NA;3;50;M;F;5064;EMP
057540040040-975;057540040040;100mN32133E42127;MC;NA;3;32;D;M;3039;NEP
057540040040-976;057540040040;100mN32123E42117;MC;NA;2;46;M;M;4049;NEP
057540040040-976;057540040040;100mN32123E42117;MC;NA;2;38;M;F;3039;EMP
057540040040-977;057540040040;100mN32123E42117;S;OS;1;54;M;F;5064;EMP
057540040040-978;057540040040;100mN32123E42117;S;NA;1;22;M;F;1824;UEP
057540040040-979;057540040040;100mN32123E42117;S;NA;1;26;M;F;2529;NEP
057540040040-980;057540040040;100mN32124E42140;MC;OS;4;79;M;F;75XX;NEP
057540040040-980;057540040040;100mN32124E42140;MC;OS;4;87;M;M;75XX;EMP
057540040040-980;057540040040;100mN32124E42140;MC;OS;4;75;M;F;75XX;EMP
057540040040-980;057540040040;100mN32124E42140;MC;OS;4;87;W;M;75XX;EMP
057540040040-981;057540040040;100mN32123E42117;S;NA;1;37;M;M;3039;NEP
057540040040-982;057540040040;100mN32123E42117;MC;NA;3;30;M;F;3039;UEP
057540040040-982;057540040040;100mN32123E42117;MC;NA;3;37;M;M;3039;NEP
057540040040-982;057540040040;100mN32123E42117;MC;NA;3;7;S;F;0614;NEP
057540040040-983;057540040040;100mN32123E42117;MC;MIX;2;78;M;F;75XX;NEP
057540040040-983;057540040040;100mN32123E42117;MC;MIX;2;27;M;M;2529;EMP
057540040040-984;057540040040;100mN32123E42136;S;OS;1;44;W;F;4049;EMP
057540040040-985;057540040040;100mN32098E42129;S;OS;1;85;S;F;75XX;EMP
057540040040-986;057540040040;100mN32131E42134;S;OS;1;16;S;M;1517;EMP
057540040040-987;057540040040;100mN32105E42089;MC;NA;3;56;M;F;5064;NEP
057540040040-987;057540040040;100mN32105E42089;MC;NA;3;55;M;M;5064;EMP
057540040040-987;057540040040;100mN32105E42089;MC;NA;3;2;S;M;0003;NEP
057540040040-988;057540040040;100mN32093E42059;PO;OS;5;81;S;F;75XX;EMP
057540040040-988;057540040040;100mN32093E42059;PO;OS;5;79;S;M;75XX;EMP
057540040040-988;057540040040;100mN32093E42059;PO;OS;5;73;W;F;6574;EMP
057540040040-988;057540040040;100mN32093E42059;PO;OS;5;67;S;M;6574;NEP
057540040040-988;057540040040;100mN32093E42059;PO;OS;5;78;D;F;75XX;EMP
057540040040-989;057540040040;100mN32119E42115;MC;NA;3;54;M;F;5064;NEP
057540040040-989;057540040040;100mN32119E42115;MC;NA;3;53;M;M;5064;NEP
057540040040-989;057540040040;100mN32119E42115;MC;NA;3;12;S;M;0614;NEP
057540040040-990;057540040040;100mN32107E42106;MC;NA;2;28;M;M;2529;NEP
057540040040-990;057540040040;100mN32107E42106;MC;NA;2;21;M;F;1824;EMP
057540040040-991;057540040040;100mN32117E42129;MC;NA;2;61;M;F;5064;EMP
057540040040-991;057540040040;100mN32117E42129;MC;NA;2;3;S;M;0305;NEP
057540040040-992;057540040040;100mN32101E42073;S;OS;1;35;S;M;3039;EMP
057540040040-993;057540040040;100mN32117E42113;MC;NA;6;55;M;F;5064;NEP
057540040040-993;057540040040;100mN32117E42113;MC;NA;6;58;M;M;5064;EMP
057540040040-993;057540040040;100mN32117E42113;MC;NA;6;6;S;M;0614;NEP
057540040040-993;057540040040;100mN32117E42113;MC;NA;6;16;S;M;1517;EMP
057540040040-993;057540040040;100mN32117E42113;MC;NA;6;34;W;F;3039;NEP
057540040040-993;057540040040;100mN32117E42113;MC;NA;6;9;S;M;0614;NEP
057540040040-994;057540040040;100mN32119E42115;MC;NA;2;38;M;M;3039;EMP
057540040040-994;057540040040;100mN32119E42115;MC;NA;2;38;M;F;3039;NEP
057540040040-995;057540040040;100mN32119E42115;S;NA;1;55;M;M;5064;EMP
057540040040-996;057540040040;100mN32115E42131;PO;NA;2;48;S;M;4049;NEP
057540040040-996;057540040040;100mN32115E42131;PO;NA;2;41;S;M;4049;EMP
057540040040-997;057540040040;100mN32104E42072;S;OS;1;67;M;M;6574;NEP
057540040040-998;057540040040;100mN32105E42081;S;NA;1;67;W;M;6574;EMP
057540040040-999;057540040040;100mN32119E42115;S;OS;1;45;M;M;4049;NEP
057540040040-1000;057540040040;100mN32119E42115;S;OS;1;77;S;M;75XX;NEP
057540040040-1001;057540040040;100mN32119E42115;MC;OS;2;66;M;F;6574;EMP
057540040040-1001;057540040040;100mN32119E42115;MC;OS;2;70;M;M;6574;EMP
057540040040-1002;057540040040;100mN32119E42115;S;NA;1;69;M;M;6574;EMP
057540040040-1003;057540040040;100mN32120E42127;MC;NA;2;57;M;M;5064;EMP
057540040040-1003;057540040040;100mN32120E42127;MC;NA;2;58;M;F;5064;EMP
057540040040-1004;057540040040;100mN32078E42059;S;NA;1;41;M;M;4049;EMP
057540040040-1005;057540040040;100mN32117E42123;PO;NA;2;48;S;M;4049;EMP
057540040040-1005;057540040040;100mN32117E42123;PO;NA;2;51;S;M;5064;EMP
057540040040-1006;057540040040;100mN32131E42133;S;OS;1;38;M;M;3039;EMP
057540040040-1007;057540040040;100mN32122E42116;MC;NA;3;31;M;F;3039;NEP
057540040040-1007;057540040040;100mN32122E42116;MC;NA;3;37;M;M;3039;EMP
057540040040-1007;057540040040;100mN32122E42116;MC;NA;3;8;S;M;0614;NEP
057540040040-1008;057540040040;100mN32110E42147;MC;NA;2;37;M;F;3039;EMP
057540040040-1008;057540040040;100mN32110E42147;MC;NA;2;40;M;M;4049;EMP
057540040040-1009;057540040040;100mN32118E42116;S;OS;1;71;D;M;6574;NEP
057540040040-1010;057540040040;100mN32115E42124;MC;MIX;2;65;M;M;6574;NEP
057540040040-1010;057540040040;100mN32115E42124;MC;MIX;2;62;M;F;5064;EMP
057540040040-1011;057540040040;100mN32115E42132;S;NA;1;57;W;F;5064;EMP
057540040040-1012;057540040040;100mN32115E42124;S;OS;1;25;M;M;2529;NEP
057540040040-1013;057540040040;100mN32113E42126;MC;NA;3;51;M;F;5064;NEP
057540040040-1013;057540040040;100mN32113E42126;MC;NA;3;54;M;M;5064;EMP
057540040040-1013;057540040040;100mN32113E42126;MC;NA;3;12;S;M;0614;NEP
057540040040-1014;057540040040;100mN32108E42072;MC;MIX;3;85;D;M;75XX;EMP
057540040040-1014;057540040040;100mN32108E42072;MC;MIX;3;43;M;F;4049;EMP
057540040040-1014;057540040040;100mN32108E42072;MC;MIX;3;38;M;M;3039;NEP
057540040040-1015;057540040040;100mN32130E42138;S;NA;1;61;M;M;5064;EMP
057540040040-1016;057540040040;100mN32131E42132;S;NA;1;57;D;F;5064;EMP
057540040040-1017;057540040040;100mN32100E42069;PO;NA;4;27;S;F;2529;EMP
057540040040-1017;057540040040;100mN32100E42069;PO;NA;4;31;S;F;3039;EMP
057540040040-1017;057540040040;100mN32100E42069;PO;NA;4;8;S;F;0614;NEP
057540040040-1017;057540040040;100mN32100E42069;PO;NA;4;11;S;M;0614;NEP
057540040040-1018;057540040040;100mN32115E42124;MC;NA;2;44;M;F;4049;NEP
057540040040-1018;057540040040;100mN32115E42124;MC;NA;2;46;M;M;4049;EMP
057540040040-1019;057540040040;100mN32115E42110;S;OS;1;80;D;M;75XX;EMP
057540040040-1020;057540040040;100mN32101E42070;PO;NA;2;51;S;M;5064;NEP
057540040040-1020;057540040040;100mN32101E42070;PO;NA;2;50;S;M;5064;EMP
057540040040-1021;057540040040;100mN32115E42124;S;OS;1;71;M;M;6574;NEP
057540040040-1022;057540040040;100mN32115E42124;MC;NA;2;63;M;F;5064;EMP
057540040040-1022;057540040040;100mN32115E42124;MC;NA;2;33;M;M;3039;EMP
057540040040-1023;057540040040;100mN32103E42110;PO;NA;2;52;S;M;5064;EMP
057540040040-1023;057540040040;100mN32103E42110;PO;NA;2;56;S;F;5064;UEP
057540040040-1024;057540040040;100mN32114E42123;MC;NA;3;33;M;M;3039;EMP
057540040040-1024;057540040040;100mN32114E42123;MC;NA;3;34;M;F;3039;EMP
057540040040-1024;057540040040;100mN32114E42123;MC;NA;3;2;S;M;0003;NEP
057540040040-1025;057540040040;100mN32115E42124;MC;NA;2;42;M;M;4049;NEP
057540040040-1025;057540040040;100mN32115E42124;MC;NA;2;40;M;F;4049;EMP
057540040040-1026;057540040040;100mN32115E42124;PC;NA;2;22;P;F;1824;NEP
057540040040-1026;057540040040;100mN32115E42124;PC;NA;2;25;P;F;2529;EMP
057540040040-1027;057540040040;100mN32138E42121;MC;NA;4;47;M;F;4049;EMP
057540040040-1027;057540040040;100mN32138E42121;MC;NA;4;47;M;M;4049;EMP
057540040040-1027;057540040040;100mN32138E42121;MC;NA;4;16;S;M;1517;EMP
057540040040-1027;057540040040;100mN32138E42121;MC;NA;4;12;S;M;0614;NEP
057540040040-1028;057540040040;100mN32115E42124;S;NA;1;56;S;M;5064;EMP
057540040040-1029;057540040040;100mN32108E42076;S;OS;1;71;M;F;6574;EMP
057540040040-1030;057540040040;100mN32131E42131;MC;NA;5;45;M;M;4049;EMP
057540040040-1030;057540040040;100mN32131E42131;MC;NA;5;44;M;F;4049;EMP
057540040040-1030;057540040040;100mN32131E42131;MC;NA;5;6;S;M;0614;NEP
057540040040-1030;057540040040;100mN32131E42131;MC;NA;5;7;S;M;0614;NEP
057540040040-1030;057540040040;100mN32131E42131;MC;NA;5;23;D;F;1824;EMP
057540040040-1031;057540040040;100mN32121E42142;MC;NA;2;58;M;M;5064;EMP
057540040040-1031;057540040040;100mN32121E42142;MC;NA;2;36;M;F;3039;NEP
057540040040-1032;057540040040;100mN32115E42124;MC;NA;6;55;M;M;5064;EMP
057540040040-1032;057540040040;100mN32115E42124;MC;NA;6;18;M;F;1824;UEP
057540040040-1032;057540040040;100mN32115E42124;MC;NA;6;16;S;F;1517;EMP
057540040040-1032;057540040040;100mN32115E42124;MC;NA;6;4;S;M;0305;NEP
057540040040-1032;057540040040;100mN32115E42124;MC;NA;6;27;S;M;2529;EMP
057540040040-1032;057540040040;100mN32115E42124;MC;NA;6;12;S;F;0614;NEP
057540040040-1033;057540040040;100mN32114E42131;MC;NA;3;22;M;M;1824;EMP
057540040040-1033;057540040040;100mN32114E42131;MC;NA;3;18;M;F;1824;NEP
057540040040-1033;057540040040;100mN32114E42131;MC;NA;3;4;S;M;0305;NEP
057540040040-1034;057540040040;100mN32100E42071;MC;NA;2;41;M;M;4049;EMP
057540040040-1034;057540040040;100mN32100E42071;MC;NA;2;32;M;F;3039;NEP
057540040040-1035;057540040040;100mN32115E42124;S;NA;1;60;D;F;5064;EMP
057540040040-1036;057540040040;100mN32118E42125;PO;NA;2;31;S;M;3039;NEP
057540040040-1036;057540040040;100mN32118E42125;PO;NA;2;25;S;M;2529;EMP
057540040040-1037;057540040040;100mN32118E42116;S;OS;1;60;S;F;5064;NEP
057540040040-1038;057540040040;100mN32128E42123;S;OS;1;52;M;F;5064;NEP
057540040040-1039;057540040040;100mN32128E42123;MC;NA;3;61;M;F;5064;NEP
057540040040-1039;057540040040;100mN32128E42123;MC;NA;3;73;M;M;6574;NEP
057540040040-1039;057540040040;100mN32128E42123;MC;NA;3;13;S;F;0614;NEP
057540040040-1040;057540040040;100mN32120E42114;MC;NA;2;23;M;F;1824;NEP
057540040040-1040;057540040040;100mN32120E42114;MC;NA;2;23;M;M;1824;EMP
057540040040-1041;057540040040;100mN32130E42136;S;NA;1;53;W;F;5064;NEP
057540040040-1042;057540040040;100mN32125E42116;MC;MIX;3;65;M;F;6574;EMP
057540040040-1042;057540040040;100mN32125E42116;MC;MIX;3;33;M;F;3039;EMP
057540040040-1042;057540040040;100mN32125E42116;MC;MIX;3;40;M;M;4049;EMP
057540040040-1043;057540040040;100mN32125E42114;MC;NA;2;56;M;M;5064;EMP
057540040040-1043;057540040040;100mN32125E42114;MC;NA;2;54;M;F;5064;EMP
057540040040-1044;057540040040;100mN32130E42139;MC;OS;3;86;M;F;75XX;NEP
057540040040-1044;057540040040;100mN32130E42139;MC;OS;3;31;S;F;3039;EMP
057540040040-1044;057540040040;100mN32130E42139;MC;OS;3;66;S;F;6574;NEP
057540040040-1045;057540040040;100mN32119E42146;S;OS;1;54;M;M;5064;NEP
057540040040-1046;057540040040;100mN32118E42125;SM;NA;2;38;W;M;3039;NEP
057540040040-1046;057540040040;100mN32118E42125;SM;NA;2;15;S;F;1517;NEP
057540040040-1047;057540040040;100mN32105E42089;MC;MIX;2;67;M;M;6574;NEP
057540040040-1047;057540040040;100mN32105E42089;MC;MIX;2;62;M;F;5064;NEP
057540040040-1048;057540040040;100mN32123E42147;MC;NA;3;50;M;M;5064;EMP
057540040040-1048;057540040040;100mN32123E42147;MC;NA;3;48;M;F;4049;EMP
057540040040-1048;057540040040;100mN32123E42147;MC;NA;3;10;S;F;0614;NEP
057540040040-1049;057540040040;100mN32121E42140;MC;NA;2;45;M;M;4049;NEP
057540040040-1049;057540040040;100mN32121E42140;MC;NA;2;52;M;F;5064;EMP
057540040040-1050;057540040040;100mN32108E42071;MC;MIX;3;67;M;M;6574;NEP
057540040040-1050;057540040040;100mN32108E42071;MC;MIX;3;23;M;M;1824;EMP
057540040040-1050;057540040040;100mN32108E42071;MC;MIX;3;18;M;F;1824;EMP
057540040040-1051;057540040040;100mN32088E42064;MC;NA;5;38;M;M;3039;EMP
057540040040-1051;057540040040;100mN32088E42064;MC;NA;5;36;M;F;3039;EMP
057540040040-1051;057540040040;100mN32088E42064;MC;NA;5;20;W;M;1824;EMP
057540040040-1051;057540040040;100mN32088E42064;MC;NA;5;9;S;M;0614;NEP
057540040040-1051;057540040040;100mN32088E42064;MC;NA;5;23;M;F;1824;NEP
057540040040-1052;057540040040;100mN32120E42114;MC;NA;2;40;M;M;4049;EMP
057540040040-1052;057540040040;100mN32120E42114;MC;NA;2;46;M;F;4049;NEP
057540040040-1053;057540040040;100mN32120E42114;MC;NA;2;38;M;M;3039;EMP
057540040040-1053;057540040040;100mN32120E42114;MC;NA;2;36;M;F;3039;EMP
057540040040-1054;057540040040;100mN32141E42117;S;NA;1;20;S;F;1824;NEP
057540040040-1055;057540040040;100mN32120E42114;S;NA;1;45;S;F;4049;NEP
057540040040-1056;057540040040;100mN32120E42114;MC;OS;3;82;M;F;75XX;EMP
057540040040-1056;057540040040;100mN32120E42114;MC;OS;3;79;M;M;75XX;NEP
057540040040-1056;057540040040;100mN32120E42114;MC;OS;3;68;M;F;6574;NEP
057540040040-1057;057540040040;100mN32120E42114;PO;NA;2;25;S;F;2529;EMP
057540040040-1057;057540040040;100mN32120E42114;PO;NA;2;25;S;F;2529;EMP
057540040040-1058;057540040040;100mN32112E42123;PO;NA;4;35;S;F;3039;EMP
057540040040-1058;057540040040;100mN32112E42123;PO;NA;4;32;S;M;3039;EMP
057540040040-1058;057540040040;100mN32112E42123;PO;NA;4;11;S;F;0614;NEP
057540040040-1058;057540040040;100mN32112E42123;PO;NA;4;19;D;F;1824;EMP
057540040040-1059;057540040040;100mN32107E42070;S;NA;1;66;D;F;6574;NEP
057540040040-1060;057540040040;100mN32125E42143;MC;NA;4;45;M;F;4049;EMP
057540040040-1060;057540040040;100mN32125E42143;MC;NA;4;37;M;M;3039;EMP
057540040040-1060;057540040040;100mN32125E42143;MC;NA;4;7;S;F;0614;NEP
057540040040-1060;057540040040;100mN32125E42143;MC;NA;4;9;S;F;0614;NEP
057540040040-1061;057540040040;100mN32112E42121;MC;NA;4;44;M;F;4049;NEP
057540040040-1061;057540040040;100mN32112E42121;MC;NA;4;52;M;M;5064;EMP
057540040040-1061;057540040040;100mN32112E42121;MC;NA;4;23;W;M;1824;EMP
057540040040-1061;057540040040;100mN32112E42121;MC;NA;4;15;S;M;1517;EMP
057540040040-1062;057540040040;100mN32138E42122;MC;NA;3;34;M;F;3039;EMP
057540040040-1062;057540040040;100mN32138E42122;MC;NA;3;36;M;M;3039;EMP
057540040040-1062;057540040040;100mN32138E42122;MC;NA;3;13;S;M;0614;NEP
057540040040-1063;057540040040;100mN32131E42134;S;NA;1;47;W;F;4049;EMP
057540040040-1064;057540040040;100mN32109E42141;S;NA;1;26;D;M;2529;NEP
057540040040-1065;057540040040;100mN32098E42071;MC;NA;2;56;M;M;5064;NEP
057540040040-1065;057540040040;100mN32098E42071;MC;NA;2;54;M;F;5064;NEP
057540040040-1066;057540040040;100mN32122E42137;MC;NA;4;48;M;F;4049;NEP
057540040040-1066;057540040040;100mN32122E42137;MC;NA;4;50;M;M;5064;NEP
057540040040-1066;057540040040;100mN32122E42137;MC;NA;4;10;S;F;0614;NEP
057540040040-1066;057540040040;100mN32122E42137;MC;NA;4;3;S;M;0305;NEP
057540040040-1067;057540040040;100mN32099E42109;S;NA;1;35;M;M;3039;NEP
057540040040-1068;057540040040;100mN32111E42147;MC;MIX;4;67;M;F;6574;EMP
057540040040-1068;057540040040;100mN32111E42147;MC;MIX;4;63;M;M;5064;EMP
057540040040-1068;057540040040;100mN32111E42147;MC;MIX;4;61;M;F;5064;NEP
057540040040-1068;057540040040;100mN32111E42147;MC;MIX;4;6;S;M;0614;NEP
057540040040-1069;057540040040;100mN32097E42057;S;OS;1;20;M;F;1824;EMP
057540040040-1070;057540040040;100mN32111E42118;MC;MIX;4;70;S;M;6574;EMP
057540040040-1070;057540040040;100mN32111E42118;MC;MIX;4;43;M;F;4049;EMP
057540040040-1070;057540040040;100mN32111E42118;MC;MIX;4;50;M;M;5064;NEP
057540040040-1070;057540040040;100mN32111E42118;MC;MIX;4;15;S;F;1517;EMP
057540040040-1071;057540040040;100mN32114E42126;S;NA;1;31;S;F;3039;NEP
057540040040-1072;057540040040;100mN32128E42139;PO;NA;2;23;S;M;1824;NEP
057540040040-1072;057540040040;100mN32128E42139;PO;NA;2;18;S;F;1824;EMP
057540040040-1073;057540040040;100mN32119E42121;PO;NA;5;48;S;M;4049;NEP
057540040040-1073;057540040040;100mN32119E42121;PO;NA;5;50;S;F;5064;NEP
057540040040-1073;057540040040;100mN32119E42121;PO;NA;5;22;D;M;1824;EMP
057540040040-1073;057540040040;100mN32119E42121;PO;NA;5;21;M;M;1824;NEP
057540040040-1073;057540040040;100mN32119E42121;PO;NA;5;9;S;F;0614;NEP
057540040040-1074;057540040040;100mN32128E42139;PO;OS;2;68;S;M;6574;EMP
057540040040-1074;057540040040;100mN32128E42139;PO;OS;2;72;S;F;6574;NEP
057540040040-1075;057540040040;100mN32128E42139;S;NA;1;68;S;M;6574;NEP
057540040040-1076;057540040040;100mN32128E42139;SF;MIX;2;79;S;F;75XX;NEP
057540040040-1076;057540040040;100mN32128E42139;SF;MIX;2;37;M;M;3039;NEP
057540040040-1077;057540040040;100mN32141E42118;S;NA;1;20;S;M;1824;EMP
057540040040-1078;057540040040;100mN32118E42123;MC;NA;2;56;M;M;5064;EMP
057540040040-1078;057540040040;100mN32118E42123;MC;NA;2;47;M;F;4049;NEP
057540040040-1079;057540040040;100mN32115E42129;S;OS;1;48;M;M;4049;EMP
057540040040-1080;057540040040;100mN32128E42139;MC;OS;2;73;M;F;6574;NEP
057540040040-1080;057540040040;100mN32128E42139;MC;OS;2;77;M;M;75XX;EMP
057540040040-1081;057540040040;100mN32137E42128;S;OS;1;45;S;M;4049;NEP
057540040040-1082;057540040040;100mN32112E42122;S;NA;1;63;M;M;5064;NEP
057540040040-1083;057540040040;100mN32133E42127;MC;NA;5;48;M;F;4049;NEP
057540040040-1083;057540040040;100mN32133E42127;MC;NA;5;53;M;M;5064;NEP
057540040040-1083;057540040040;100mN32133E42127;MC;NA;5;7;S;F;0614;NEP
057540040040-1083;057540040040;100mN32133E42127;MC;NA;5;6;S;F;0614;NEP
057540040040-1083;057540040040;100mN32133E42127;MC;NA;5;15;S;F;1517;NEP
057540040040-1084;057540040040;100mN32127E42142;S;NA;1;31;M;M;3039;NEP
057540040040-1085;057540040040;100mN32117E42125;S;OS;1;46;S;M;4049;EMP
057540040040-1086;057540040040;100mN32128E42139;S;NA;1;80;S;F;75XX;NEP
057540040040-1087;057540040040;100mN32103E42073;MC;NA;5;43;M;F;4049;UEP
057540040040-1087;057540040040;100mN32103E42073;MC;NA;5;48;M;M;4049;EMP
057540040040-1087;057540040040;100mN32103E42073;MC;NA;5;11;S;M;0614;NEP
057540040040-1087;057540040040;100mN32103E42073;MC;NA;5;12;S;F;0614;NEP
057540040040-1087;057540040040;100mN32103E42073;MC;NA;5;3;S;M;0305;NEP
057540040040-1088;057540040040;100mN32117E42129;S;NA;1;85;M;F;75XX;NEP
057540040040-1089;057540040040;100mN32102E42070;NA;NA;2;41;D;M;4049;EMP
057540040040-1089;057540040040;100mN32102E42070;NA;NA;2;25;M;F;2529;EMP
057540040040-1090;057540040040;100mN32126E42143;MC;OS;2;80;M;M;75XX;NEP
057540040040-1090;057540040040;100mN32126E42143;MC;OS;2;78;M;F;75XX;NEP
057540040040-1091;057540040040;100mN32128E42139;MC;MIX;2;66;M;F;6574;EMP
057540040040-1091;057540040040;100mN32128E42139;MC;MIX;2;22;M;M;1824;EMP
057540040040-1092;057540040040;100mN32125E42115;MC;OS;3;80;M;F;75XX;NEP
057540040040-1092;057540040040;100mN32125E42115;MC;OS;3;89;M;M;75XX;EMP
057540040040-1092;057540040040;100mN32125E42115;MC;OS;3;68;W;F;6574;EMP
057540040040-1093;057540040040;100mN32128E42139;MC;MIX;2;83;M;F;75XX;EMP
057540040040-1093;057540040040;100mN32128E42139;MC;MIX;2;47;M;F;4049;EMP
057540040040-1094;057540040040;100mN32128E42139;MC;NA;2;28;M;M;2529;EMP
057540040040-1094;057540040040;100mN32128E42139;MC;NA;2;20;M;F;1824;EMP
057540040040-1095;057540040040;100mN32128E42139;MC;NA;4;45;M;M;4049;NEP
057540040040-1095;057540040040;100mN32128E42139;MC;NA;4;42;M;F;4049;NEP
057540040040-1095;057540040040;100mN32128E42139;MC;NA;4;0;S;F;0003;NEP
057540040040-1095;057540040040;100mN32128E42139;MC;NA;4;18;D;M;1824;EMP
057540040040-1096;057540040040;100mN32113E42125;MC;NA;2;37;M;F;3039;NEP
057540040040-1096;057540040040;100mN32113E42125;MC;NA;2;44;M;M;4049;EMP
057540040040-1097;057540040040;100mN32113E42126;MC;NA;3;28;M;F;2529;NEP
057540040040-1097;057540040040;100mN32113E42126;MC;NA;3;28;M;M;2529;EMP
057540040040-1097;057540040040;100mN32113E42126;MC;NA;3;10;S;M;0614;NEP
057540040040-1098;057540040040;100mN32117E42114;MC;NA;4;36;M;M;3039;EMP
057540040040-1098;057540040040;100mN32117E42114;MC;NA;4;42;M;F;4049;EMP
057540040040-1098;057540040040;100mN32117E42114;MC;NA;4;15;S;F;1517;EMP
057540040040-1098;057540040040;100mN32117E42114;MC;NA;4;0;S;M;0003;NEP
057540040040-1099;057540040040;100mN32128E42139;PO;NA;3;52;S;M;5064;NEP
057540040040-1099;057540040040;100mN32128E42139;PO;NA;3;53;S;F;5064;EMP
057540040040-1099;057540040040;100mN32128E42139;PO;NA;3;28;S;F;2529;NEP
057540040040-1100;057540040040;100mN32107E42089;PO;NA;2;52;S;M;5064;EMP
057540040040-1100;057540040040;100mN32107E42089;PO;NA;2;50;S;M;5064;EMP
057540040040-1101;057540040040;100mN32128E42139;MC;OS;3;88;M;M;75XX;EMP
057540040040-1101;057540040040;100mN32128E42139;MC;OS;3;83;M;F;75XX;EMP
057540040040-1101;057540040040;100mN32128E42139;MC;OS;3;68;S;M;6574;EMP
057540040040-1102;057540040040;100mN32101E42071;MC;MIX;4;84;S;M;75XX;EMP
057540040040-1102;057540040040;100mN32101E42071;MC;MIX;4;18;M;M;1824;NEP
057540040040-1102;057540040040;100mN32101E42071;MC;MIX;4;18;M;F;1824;NEP
057540040040-1102;057540040040;100mN32101E42071;MC;MIX;4;0;S;F;0003;NEP
057540040040-1103;057540040040;100mN32128E42139;MC;OS;2;70;M;F;6574;UEP
057540040040-1103;057540040040;100mN32128E42139;MC;OS;2;69;M;M;6574;NEP
057540040040-1104;057540040040;100mN32095E42129;MC;NA;4;20;M;F;1824;NEP
057540040040-1104;057540040040;100mN32095E42129;MC;NA;4;21;M;M;1824;NEP
057540040040-1104;057540040040;100mN32095E42129;MC;NA;4;2;S;F;0003;NEP
057540040040-1104;057540040040;100mN32095E42129;MC;NA;4;4;S;M;0305;NEP
057540040040-1105;057540040040;100mN32136E42132;MC;MIX;3;73;S;F;6574;NEP
057540040040-1105;057540040040;100mN32136E42132;MC;MIX;3;30;M;M;3039;EMP
057540040040-1105;057540040040;100mN32136E42132;MC;MIX;3;27;M;F;2529;EMP
057540040040-1106;057540040040;100mN32095E42129;MC;OS;2;73;M;M;6574;EMP
057540040040-1106;057540040040;100mN32095E42129;MC;OS;2;77;M;F;75XX;EMP
057540040040-1107;057540040040;100mN32140E42122;S;NA;1;38;D;F;3039;EMP
057540040040-1108;057540040040;100mN32113E42118;MC;NA;2;35;M;M;3039;EMP
057540040040-1108;057540040040;100mN32113E42118;MC;NA;2;43;M;F;4049;NEP
057540040040-1109;057540040040;100mN32103E42144;PO;NA;5;28;S;M;2529;NEP
057540040040-1109;057540040040;100mN32103E42144;PO;NA;5;23;S;M;1824;EMP
057540040040-1109;057540040040;100mN32103E42144;PO;NA;5;11;S;F;0614;NEP
057540040040-1109;057540040040;100mN32103E42144;PO;NA;5;4;S;M;0305;NEP
057540040040-1109;057540040040;100mN32103E42144;PO;NA;5;10;S;M;0614;NEP
057540040040-1110;057540040040;100mN32095E42093;MC;MIX;2;72;M;F;6574;EMP
057540040040-1110;057540040040;100mN32095E42093;MC;MIX;2;18;D;F;1824;EMP
057540040040-1111;057540040040;100mN32117E42124;S;OS;1;46;D;F;4049;NEP
057540040040-1112;057540040040;100mN32129E42134;S;NA;1;48;M;F;4049;EMP
057540040040-1113;057540040040;100mN32116E42132;MC;NA;2;51;M;F;5064;NEP
057540040040-1113;057540040040;100mN32116E42132;MC;NA;2;52;M;M;5064;NEP
057540040040-1114;057540040040;100mN32134E42127;MC;NA;4;44;M;M;4049;EMP
057540040040-1114;057540040040;100mN32134E42127;MC;NA;4;42;M;F;4049;EMP
057540040040-1114;057540040040;100mN32134E42127;MC;NA;4;7;S;F;0614;NEP
057540040040-1114;057540040040;100mN32134E42127;MC;NA;4;6;S;M;0614;NEP
057540040040-1115;057540040040;100mN32107E42139;MC;OS;2;87;M;M;75XX;NEP
057540040040-1115;057540040040;100mN32107E42139;MC;OS;2;89;M;F;75XX;NEP
057540040040-1116;057540040040;100mN32117E42133;S;NA;1;52;S;F;5064;NEP
057540040040-1117;057540040040;100mN32114E42132;PO;NA;2;44;S;F;4049;EMP
057540040040-1117;057540040040;100mN32114E42132;PO;NA;2;46;S;F;4049;NEP
057540040040-1118;057540040040;100mN32123E42111;S;NA;1;33;S;F;3039;UEP
057540040040-1119;057540040040;100mN32116E42132;S;OS;1;59;S;F;5064;UEP
057540040040-1120;057540040040;100mN32139E42124;MC;NA;2;45;M;F;4049;EMP
057540040040-1120;057540040040;100mN32139E42124;MC;NA;2;47;M;M;4049;EMP
057540040040-1121;057540040040;100mN32138E42121;MC;NA;2;45;M;M;4049;EMP
057540040040-1121;057540040040;100mN32138E42121;MC;NA;2;37;M;F;3039;EMP
057540040040-1122;057540040040;100mN32116E42132;S;OS;1;42;M;M;4049;EMP
057540040040-1123;057540040040;100mN32116E42132;MC;NA;2;21;M;F;1824;EMP
057540040040-1123;057540040040;100mN32116E42132;MC;NA;2;21;M;M;1824;NEP
057540040040-1124;057540040040;100mN32128E42134;S;NA;1;47;S;F;4049;NEP
057540040040-1125;057540040040;100mN32115E42112;PO;NA;4;35;S;F;3039;EMP
057540040040-1125;057540040040;100mN32115E42112;PO;NA;4;26;S;M;2529;EMP
057540040040-1125;057540040040;100mN32115E42112;PO;NA;4;3;S;M;0305;NEP
057540040040-1125;057540040040;100mN32115E42112;PO;NA;4;18;W;F;1824;EMP
057540040040-1126;057540040040;100mN32116E42133;S;NA;1;46;S;F;4049;EMP
057540040040-1127;057540040040;100mN32108E42071;MC;NA;3;22;M;M;1824;EMP
057540040040-1127;057540040040;100mN32108E42071;MC;NA;3;43;M;F;4049;NEP
057540040040-1127;057540040040;100mN32108E42071;MC;NA;3;6;S;M;0614;NEP
057540040040-1128;057540040040;100mN32118E42125;MC;OS;3;66;M;F;6574;EMP
057540040040-1128;057540040040;100mN32118E42125;MC;OS;3;67;M;M;6574;NEP
057540040040-1128;057540040040;100mN32118E42125;MC;OS;3;72;M;F;6574;EMP
057540040040-1129;057540040040;100mN32135E42126;MC;NA;3;46;M;F;4049;EMP
057540040040-1129;057540040040;100mN32135E42126;MC;NA;3;55;M;M;5064;EMP
057540040040-1129;057540040040;100mN32135E42126;MC;NA;3;28;S;M;2529;EMP
057540040040-1130;057540040040;100mN32140E42118;MC;NA;2;48;M;F;4049;NEP
057540040040-1130;057540040040;100mN32140E42118;MC;NA;2;53;M;M;5064;NEP
057540040040-1131;057540040040;100mN32115E42130;SF;NA;4;42;D;F;4049;EMP
057540040040-1131;057540040040;100mN32115E42130;SF;NA;4;26;M;M;2529;EMP
057540040040-1131;057540040040;100mN32115E42130;SF;NA;4;8;S;M;0614;NEP
057540040040-1131;057540040040;100mN32115E42130;SF;NA;4;21;M;M;1824;EMP
057540040040-1132;057540040040;100mN32115E42130;MC;MIX;2;67;M;M;6574;EMP
057540040040-1132;057540040040;100mN32115E42130;MC;MIX;2;18;M;F;1824;EMP
057540040040-1133;057540040040;100mN32118E42122;MC;NA;5;20;M;M;1824;EMP
057540040040-1133;057540040040;100mN32118E42122;MC;NA;5;18;M;F;1824;EMP
057540040040-1133;057540040040;100mN32118E42122;MC;NA;5;0;S;M;0003;NEP
057540040040-1133;057540040040;100mN32118E42122;MC;NA;5;4;S;F;0305;NEP
057540040040-1133;057540040040;100mN32118E42122;MC;NA;5;0;S;M;0003;NEP
057540040040-1134;057540040040;100mN32145E42117;S;OS;1;84;S;M;75XX;EMP
057540040040-1135;057540040040;100mN32120E42117;S;OS;1;40;M;M;4049;EMP
057540040040-1136;057540040040;100mN32113E42126;MC;MIX;2;87;M;F;75XX;EMP
057540040040-1136;057540040040;100mN32113E42126;MC;MIX;2;44;M;M;4049;EMP
057540040040-1137;057540040040;100mN32120E42117;S;NA;1;70;M;M;6574;NEP
057540040040-1138;057540040040;100mN32144E42115;S;OS;1;38;W;F;3039;NEP
057540040040-1139;057540040040;100mN32109E42145;MC;NA;4;55;M;M;5064;EMP
057540040040-1139;057540040040;100mN32109E42145;MC;NA;4;54;M;F;5064;NEP
057540040040-1139;057540040040;100mN32109E42145;MC;NA;4;40;S;M;4049;EMP
057540040040-1139;057540040040;100mN32109E42145;MC;NA;4;0;S;M;0003;NEP
057540040040-1140;057540040040;100mN32132E42118;MC;NA;4;43;M;F;4049;EMP
057540040040-1140;057540040040;100mN32132E42118;MC;NA;4;50;M;M;5064;NEP
057540040040-1140;057540040040;100mN32132E42118;MC;NA;4;21;M;M;1824;NEP
057540040040-1140;057540040040;100mN32132E42118;MC;NA;4;19;M;M;1824;NEP
057540040040-1141;057540040040;100mN32137E42128;PO;NA;2;54;S;M;5064;EMP
057540040040-1141;057540040040;100mN32137E42128;PO;NA;2;52;S;F;5064;EMP
057540040040-1142;057540040040;100mN32109E42143;S;NA;1;46;M;F;4049;EMP
057540040040-1143;057540040040;100mN32117E42124;S;NA;1;85;W;F;75XX;EMP
057540040040-1144;057540040040;100mN32117E42129;S;NA;1;52;D;F;5064;EMP
057540040040-1145;057540040040;100mN32120E42117;S;NA;1;40;M;F;4049;NEP
057540040040-1146;057540040040;100mN32121E42123;MC;NA;2;44;M;F;4049;EMP
057540040040-1146;057540040040;100mN32121E42123;MC;NA;2;52;M;M;5064;EMP
057540040040-1147;057540040040;100mN32125E42138;MC;NA;2;36;M;F;3039;UEP
057540040040-1147;057540040040;100mN32125E42138;MC;NA;2;36;M;M;3039;EMP
057540040040-1148;057540040040;100mN32120E42117;S;NA;1;63;S;M;5064;EMP
057540040040-1149;057540040040;100mN32123E42116;MC;NA;4;54;M;F;5064;EMP
057540040040-1149;057540040040;100mN32123E42116;MC;NA;4;56;M;M;5064;EMP
057540040040-1149;057540040040;100mN32123E42116;MC;NA;4;12;S;M;0614;NEP
057540040040-1149;057540040040;100mN32123E42116;MC;NA;4;12;S;M;0614;NEP
057540040040-1150;057540040040;100mN32120E42117;MC;NA;3;48;M;M;4049;NEP
057540040040-1150;057540040040;100mN32120E42117;MC;NA;3;47;M;F;4049;EMP
057540040040-1150;057540040040;100mN32120E42117;MC;NA;3;15;S;F;1517;EMP
057540040040-1151;057540040040;100mN32117E42123;MC;NA;5;55;M;M;5064;EMP
057540040040-1151;057540040040;100mN32117E42123;MC;NA;5;55;M;F;5064;EMP
057540040040-1151;057540040040;100mN32117E42123;MC;NA;5;6;S;F;0614;NEP
057540040040-1151;057540040040;100mN32117E42123;MC;NA;5;2;S;F;0003;NEP
057540040040-1151;057540040040;100mN32117E42123;MC;NA;5;3;S;M;0305;NEP
057540040040-1152;057540040040;100mN32112E42120;MC;NA;4;33;M;M;3039;EMP
057540040040-1152;057540040040;100mN32112E42120;MC;NA;4;33;M;F;3039;EMP
057540040040-1152;057540040040;100mN32112E42120;MC;NA;4;18;M;M;1824;NEP
057540040040-1152;057540040040;100mN32112E42120;MC;NA;4;18;S;M;1824;EMP
057540040040-1153;057540040040;100mN32120E42117;MC;NA;5;38;M;F;3039;NEP
057540040040-1153;057540040040;100mN32120E42117;MC;NA;5;41;M;M;4049;EMP
057540040040-1153;057540040040;100mN32120E42117;MC;NA;5;21;M;M;1824;EMP
057540040040-1153;057540040040;100mN32120E42117;MC;NA;5;8;S;F;0614;NEP
057540040040-1153;057540040040;100mN32120E42117;MC;NA;5;22;M;F;1824;NEP
057540040040-1154;057540040040;100mN32120E42117;MC;NA;3;30;M;F;3039;EMP
057540040040-1154;057540040040;100mN32120E42117;MC;NA;3;33;M;M;3039;NEP
057540040040-1154;057540040040;100mN32120E42117;MC;NA;3;10;S;F;0614;NEP
057540040040-1155;057540040040;100mN32137E42120;MC;MIX;2;80;M;F;75XX;EMP
057540040040-1155;057540040040;100mN32137E42120;MC;MIX;2;18;M;F;1824;EMP
057540040040-1156;057540040040;100mN32132E42131;MC;NA;4;51;M;F;5064;EMP
057540040040-1156;057540040040;100mN32132E42131;MC;NA;4;54;M;M;5064;EMP
057540040040-1156;057540040040;100mN32132E42131;MC;NA;4;2;S;M;0003;NEP
057540040040-1156;057540040040;100mN32132E42131;MC;NA;4;8;S;F;0614;NEP
057540040040-1157;057540040040;100mN32124E42143;MC;NA;2;26;M;M;2529;EMP
057540040040-1157;057540040040;100mN32124E42143;MC;NA;2;18;M;F;1824;EMP
057540040040-1158;057540040040;100mN32128E42093;MC;NA;4;35;M;F;3039;NEP
057540040040-1158;057540040040;100mN32128E42093;MC;NA;4;40;M;M;4049;EMP
057540040040-1158;057540040040;100mN32128E42093;MC;NA;4;6;S;M;0614;NEP
057540040040-1158;057540040040;100mN32128E42093;MC;NA;4;16;S;M;1517;EMP
057540040040-1159;057540040040;100mN32106E42110;PO;OS;2;68;S;M;6574;EMP
057540040040-1159;057540040040;100mN32106E42110;PO;OS;2;65;S;F;6574;EMP
057540040040-1160;057540040040;100mN32106E42110;MC;OS;2;84;M;F;75XX;NEP
057540040040-1160;057540040040;100mN32106E42110;MC;OS;2;79;M;M;75XX;EMP
057540040040-1161;057540040040;100mN32122E42115;MC;NA;2;20;M;F;1824;EMP
057540040040-1161;057540040040;100mN32122E42115;MC;NA;2;18;M;M;1824;EMP
057540040040-1162;057540040040;100mN32125E42139;MC;MIX;3;71;S;F;6574;NEP
057540040040-1162;057540040040;100mN32125E42139;MC;MIX;3;60;M;M;5064;EMP
057540040040-1162;057540040040;100mN32125E42139;MC;MIX;3;45;M;F;4049;EMP
057540040040-1163;057540040040;100mN32101E42071;MC;NA;2;56;M;M;5064;EMP
057540040040-1163;057540040040;100mN32101E42071;MC;NA;2;62;M;F;5064;NEP
057540040040-1164;057540040040;100mN32103E42074;SF;NA;2;47;S;F;4049;NEP
057540040040-1164;057540040040;100mN32103E42074;SF;NA;2;7;S;M;0614;NEP
057540040040-1165;057540040040;100mN32134E42128;MC;NA;2;34;M;M;3039;EMP
057540040040-1165;057540040040;100mN32134E42128;MC;NA;2;25;M;F;2529;NEP
057540040040-1166;057540040040;100mN32122E42115;MC;NA;2;51;M;F;5064;NEP
057540040040-1166;057540040040;100mN32122E42115;MC;NA;2;56;M;M;5064;EMP
057540040040-1167;057540040040;100mN32134E42128;MC;NA;4;43;M;F;4049;NEP
057540040040-1167;057540040040;100mN32134E42128;MC;NA;4;47;M;M;4049;EMP
057540040040-1167;057540040040;100mN32134E42128;MC;NA;4;3;S;M;0305;NEP
057540040040-1167;057540040040;100mN32134E42128;MC;NA;4;3;S;M;0305;NEP
057540040040-1168;057540040040;100mN32112E42123;PO;NA;4;35;S;F;3039;EMP
057540040040-1168;057540040040;100mN32112E42123;PO;NA;4;32;S;M;3039;EMP
057540040040-1168;057540040040;100mN32112E42123;PO;NA;4;11;S;F;0614;NEP
057540040040-1168;057540040040;100mN32112E42123;PO;NA;4;19;D;F;1824;EMP
057540040040-1169;057540040040;100mN32116E42124;S;NA;1;20;D;M;1824;EMP
057540040040-1170;057540040040;100mN32126E42141;SF;NA;2;63;D;F;5064;EMP
057540040040-1170;057540040040;100mN32126E42141;SF;NA;2;18;M;M;1824;NEP
057540040040-1171;057540040040;100mN32102E42073;MC;NA;2;33;M;F;3039;UEP
057540040040-1171;057540040040;100mN32102E42073;MC;NA;2;35;M;M;3039;NEP
057540040040-1172;057540040040;100mN32114E42116;PO;MIX;3;75;S;F;75XX;NEP
057540040040-1172;057540040040;100mN32114E42116;PO;MIX;3;53;S;M;5064;EMP
057540040040-1172;057540040040;100mN32114E42116;PO;MIX;3;51;S;F;5064;NEP
057540040040-1173;057540040040;100mN32120E42113;MC;OS;5;73;M;F;6574;EMP
057540040040-1173;057540040040;100mN32120E42113;MC;OS;5;76;M;M;75XX;EMP
057540040040-1173;057540040040;100mN32120E42113;MC;OS;5;75;W;M;75XX;NEP
057540040040-1173;057540040040;100mN32120E42113;MC;OS;5;69;W;M;6574;NEP
057540040040-1173;057540040040;100mN32120E42113;MC;OS;5;72;M;F;6574;NEP
057540040040-1174;057540040040;100mN32115E42128;S;OS;1;37;M;M;3039;NEP
057540040040-1175;057540040040;100mN32120E42113;MC;NA;2;44;M;F;4049;EMP
057540040040-1175;057540040040;100mN32120E42113;MC;NA;2;44;M;M;4049;EMP
057540040040-1176;057540040040;100mN32115E42121;MC;NA;3;30;M;M;3039;EMP
057540040040-1176;057540040040;100mN32115E42121;MC;NA;3;28;M;F;2529;NEP
057540040040-1176;057540040040;100mN32115E42121;MC;NA;3;10;S;F;0614;NEP
057540040040-1177;057540040040;100mN32116E42116;S;OS;1;54;D;F;5064;EMP
057540040040-1178;057540040040;100mN32120E42113;MC;NA;4;30;M;M;3039;EMP
057540040040-1178;057540040040;100mN32120E42113;MC;NA;4;23;M;F;1824;EMP
057540040040-1178;057540040040;100mN32120E42113;MC;NA;4;2;S;M;0003;NEP
057540040040-1178;057540040040;100mN32120E42113;MC;NA;4;11;S;F;0614;NEP
057540040040-1179;057540040040;100mN32112E42118;MC;MIX;2;73;M;M;6574;EMP
057540040040-1179;057540040040;100mN32112E42118;MC;MIX;2;83;S;F;75XX;EMP
057540040040-1180;057540040040;100mN32120E42113;S;NA;1;16;S;F;1517;EMP
057540040040-1181;057540040040;100mN32106E42073;MC;MIX;3;83;W;F;75XX;EMP
057540040040-1181;057540040040;100mN32106E42073;MC;MIX;3;55;M;F;5064;EMP
057540040040-1181;057540040040;100mN32106E42073;MC;MIX;3;57;M;M;5064;EMP
057540040040-1182;057540040040;100mN32106E42073;SM;NA;2;69;S;M;6574;EMP
057540040040-1182;057540040040;100mN32106E42073;SM;NA;2;16;S;F;1517;NEP
057540040040-1183;057540040040;100mN32106E42073;MC;NA;5;35;M;M;3039;EMP
057540040040-1183;057540040040;100mN32106E42073;MC;NA;5;34;M;F;3039;NEP
057540040040-1183;057540040040;100mN32106E42073;MC;NA;5;10;S;M;0614;NEP
057540040040-1183;057540040040;100mN32106E42073;MC;NA;5;16;S;F;1517;NEP
057540040040-1183;057540040040;100mN32106E42073;MC;NA;5;20;M;F;1824;EMP
057540040040-1184;057540040040;100mN32102E42071;MC;NA;4;30;M;F;3039;EMP
057540040040-1184;057540040040;100mN32102E42071;MC;NA;4;27;M;M;2529;EMP
057540040040-1184;057540040040;100mN32102E42071;MC;NA;4;15;S;F;1517;NEP
057540040040-1184;057540040040;100mN32102E42071;MC;NA;4;15;S;M;1517;EMP
057540040040-1185;057540040040;100mN32117E42114;MC;NA;4;57;M;M;5064;NEP
057540040040-1185;057540040040;100mN32117E42114;MC;NA;4;57;M;F;5064;NEP
057540040040-1185;057540040040;100mN32117E42114;MC;NA;4;40;D;M;4049;EMP
057540040040-1185;057540040040;100mN32117E42114;MC;NA;4;11;S;M;0614;NEP
057540040040-1186;057540040040;100mN32131E42133;MC;NA;2;27;M;M;2529;NEP
057540040040-1186;057540040040;100mN32131E42133;MC;NA;2;27;M;F;2529;NEP
057540040040-1187;057540040040;100mN32106E42073;MC;OS;3;82;M;M;75XX;NEP
057540040040-1187;057540040040;100mN32106E42073;MC;OS;3;85;M;F;75XX;NEP
057540040040-1187;057540040040;100mN32106E42073;MC;OS;3;87;M;M;75XX;NEP
057540040040-1188;057540040040;100mN32121E42128;PO;NA;2;41;S;M;4049;NEP
057540040040-1188;057540040040;100mN32121E42128;PO;NA;2;47;S;M;4049;EMP
057540040040-1189;057540040040;100mN32111E42142;S;OS;1;35;S;M;3039;EMP
057540040040-1190;057540040040;100mN32115E42133;S;OS;1;52;M;M;5064;EMP
057540040040-1191;057540040040;100mN32113E42123;S;NA;1;25;D;F;2529;EMP
057540040040-1192;057540040040;100mN32114E42120;S;NA;1;41;W;M;4049;NEP
057540040040-1193;057540040040;100mN32123E42114;MC;OS;2;69;M;F;6574;EMP
057540040040-1193;057540040040;100mN32123E42114;MC;OS;2;72;M;M;6574;NEP
057540040040-1194;057540040040;100mN32128E42138;SF;NA;5;16;S;F;1517;NEP
057540040040-1194;057540040040;100mN32128E42138;SF;NA;5;1;S;M;0003;NEP
057540040040-1194;057540040040;100mN32128E42138;SF;NA;5;1;S;M;0003;NEP
057540040040-1194;057540040040;100mN32128E42138;SF;NA;5;1;S;M;0003;NEP
057540040040-1194;057540040040;100mN32128E42138;SF;NA;5;1;S;M;0003;NEP
057540040040-1195;057540040040;100mN32113E42124;S;NA;1;27;M;M;2529;EMP
057540040040-1196;057540040040;100mN32119E42114;MC;NA;2;31;M;M;3039;EMP
057540040040-1196;057540040040;100mN32119E42114;MC;NA;2;18;M;F;1824;NEP
057540040040-1197;057540040040;100mN32121E42128;SF;NA;2;56;W;F;5064;NEP
057540040040-1197;057540040040;100mN32121E42128;SF;NA;2;20;M;F;1824;NEP
057540040040-1198;057540040040;100mN32124E42142;S;OS;1;55;S;M;5064;EMP
057540040040-1199;057540040040;100mN32113E42123;NA;NA;3;26;M;F;2529;EMP
057540040040-1199;057540040040;100mN32113E42123;NA;NA;3;69;M;M;6574;NEP
057540040040-1199;057540040040;100mN32113E42123;NA;NA;3;30;M;F;3039;NEP
057540040040-1200;057540040040;100mN32143E42116;S;NA;1;43;M;M;4049;EMP
057540040040-1201;057540040040;100mN32114E42124;S;OS;1;25;S;M;2529;EMP
057540040040-1202;057540040040;100mN32115E42112;PO;NA;4;35;S;F;3039;EMP
057540040040-1202;057540040040;100mN32115E42112;PO;NA;4;26;S;M;2529;EMP
057540040040-1202;057540040040;100mN32115E42112;PO;NA;4;3;S;M;0305;NEP
057540040040-1202;057540040040;100mN32115E42112;PO;NA;4;18;W;F;1824;EMP
057540040040-1203;057540040040;100mN32118E42127;S;NA;1;36;S;M;3039;EMP
057540040040-1204;057540040040;100mN32090E42132;MC;NA;4;31;M;M;3039;EMP
057540040040-1204;057540040040;100mN32090E42132;MC;NA;4;23;M;F;1824;EMP
057540040040-1204;057540040040;100mN32090E42132;MC;NA;4;1;S;M;0003;NEP
057540040040-1204;057540040040;100mN32090E42132;MC;NA;4;3;S;F;0305;NEP
057540040040-1205;057540040040;100mN32113E42123;MC;NA;2;27;M;F;2529;NEP
057540040040-1205;057540040040;100mN32113E42123;MC;NA;2;48;M;M;4049;EMP
057540040040-1206;057540040040;100mN32113E42123;S;NA;1;89;M;M;75XX;EMP
057540040040-1207;057540040040;100mN32113E42123;MC;NA;5;38;M;F;3039;NEP
057540040040-1207;057540040040;100mN32113E42123;MC;NA;5;40;M;M;4049;EMP
057540040040-1207;057540040040;100mN32113E42123;MC;NA;5;15;S;F;1517;NEP
057540040040-1207;057540040040;100mN32113E42123;MC;NA;5;20;D;F;1824;NEP
057540040040-1207;057540040040;100mN32113E42123;MC;NA;5;13;S;F;0614;NEP
057540040040-1208;057540040040;100mN32127E42137;SF;MIX;2;68;D;F;6574;NEP
057540040040-1208;057540040040;100mN32127E42137;SF;MIX;2;8;S;M;0614;NEP
057540040040-1209;057540040040;100mN32116E42127;MC;NA;2;56;M;M;5064;EMP
057540040040-1209;057540040040;100mN32116E42127;MC;NA;2;53;M;F;5064;EMP
057540040040-1210;057540040040;100mN32102E42070;MC;NA;5;35;M;F;3039;NEP
057540040040-1210;057540040040;100mN32102E42070;MC;NA;5;40;M;M;4049;NEP
057540040040-1210;057540040040;100mN32102E42070;MC;NA;5;11;S;F;0614;NEP
057540040040-1210;057540040040;100mN32102E42070;MC;NA;5;4;S;M;0305;NEP
057540040040-1210;057540040040;100mN32102E42070;MC;NA;5;19;D;F;1824;EMP
057540040040-1211;057540040040;100mN32113E42123;MC;OS;3;68;M;M;6574;EMP
057540040040-1211;057540040040;100mN32113E42123;MC;OS;3;69;M;F;6574;EMP
057540040040-1211;057540040040;100mN32113E42123;MC;OS;3;85;S;M;75XX;NEP
057540040040-1212;057540040040;100mN32096E42067;S;OS;1;40;D;M;4049;EMP
057540040040-1213;057540040040;100mN32113E42123;MC;NA;3;61;M;F;5064;EMP
057540040040-1213;057540040040;100mN32113E42123;MC;NA;3;63;M;M;5064;NEP
057540040040-1213;057540040040;100mN32113E42123;MC;NA;3;10;S;F;0614;NEP
057540040040-1214;057540040040;100mN32122E42124;PO;NA;2;53;S;M;5064;EMP
057540040040-1214;057540040040;100mN32122E42124;PO;NA;2;53;S;M;5064;EMP
057540040040-1215;057540040040;100mN32105E42083;MC;MIX;2;75;M;F;75XX;EMP
057540040040-1215;057540040040;100mN32105E42083;MC;MIX;2;34;W;M;3039;NEP
057540040040-1216;057540040040;100mN32121E42120;S;OS;1;44;M;F;4049;EMP
057540040040-1217;057540040040;100mN32113E42123;MC;NA;2;45;M;F;4049;NEP
057540040040-1217;057540040040;100mN32113E42123;MC;NA;2;18;M;M;1824;EMP
057540040040-1218;057540040040;100mN32136E42127;S;NA;1;16;S;M;1517;EMP
057540040040-1219;057540040040;100mN32099E42070;MC;MIX;3;68;S;M;6574;EMP
057540040040-1219;057540040040;100mN32099E42070;MC;MIX;3;28;M;F;2529;EMP
057540040040-1219;057540040040;100mN32099E42070;MC;MIX;3;25;M;M;2529;EMP
057540040040-1220;057540040040;100mN32099E42070;S;NA;1;27;D;M;2529;EMP
057540040040-1221;057540040040;100mN32117E42123;S;OS;1;50;S;M;5064;EMP
057540040040-1222;057540040040;100mN32089E42131;NA;OS;2;86;M;F;75XX;EMP
057540040040-1222;057540040040;100mN32089E42131;NA;OS;2;28;M;M;2529;EMP
057540040040-1223;057540040040;100mN32127E42146;NA;OS;2;16;S;F;1517;NEP
057540040040-1223;057540040040;100mN32127E42146;NA;OS;2;45;S;M;4049;NEP
057540040040-1224;057540040040;100mN32099E42070;SM;NA;4;56;S;M;5064;NEP
057540040040-1224;057540040040;100mN32099E42070;SM;NA;4;2;S;M;0003;NEP
057540040040-1224;057540040040;100mN32099E42070;SM;NA;4;4;S;F;0305;NEP
057540040040-1224;057540040040;100mN32099E42070;SM;NA;4;0;S;M;0003;NEP
057540040040-1225;057540040040;100mN32096E42067;S;OS;1;40;D;M;4049;EMP
057540040040-1226;057540040040;100mN32099E42070;S;OS;1;41;M;M;4049;NEP
057540040040-1227;057540040040;100mN32144E42131;MC;MIX;3;70;M;F;6574;EMP
057540040040-1227;057540040040;100mN32144E42131;MC;MIX;3;37;M;M;3039;EMP
057540040040-1227;057540040040;100mN32144E42131;MC;MIX;3;35;M;F;3039;EMP
057540040040-1228;057540040040;100mN32101E42070;SF;NA;6;46;S;F;4049;NEP
057540040040-1228;057540040040;100mN32101E42070;SF;NA;6;6;S;M;0614;NEP
057540040040-1228;057540040040;100mN32101E42070;SF;NA;6;4;S;F;0305;NEP
057540040040-1228;057540040040;100mN32101E42070;SF;NA;6;3;S;M;0305;NEP
057540040040-1228;057540040040;100mN32101E42070;SF;NA;6;18;D;M;1824;EMP
057540040040-1228;057540040040;100mN32101E42070;SF;NA;6;12;S;M;0614;NEP
057540040040-1229;057540040040;100mN32093E42131;S;OS;1;83;M;M;75XX;EMP
057540040040-1230;057540040040;100mN32116E42131;MC;NA;4;33;M;F;3039;EMP
057540040040-1230;057540040040;100mN32116E42131;MC;NA;4;28;M;M;2529;EMP
057540040040-1230;057540040040;100mN32116E42131;MC;NA;4;2;S;M;0003;NEP
057540040040-1230;057540040040;100mN32116E42131;MC;NA;4;15;S;M;1517;NEP
057540040040-1231;057540040040;100mN32136E42120;MC;MIX;4;83;M;M;75XX;EMP
057540040040-1231;057540040040;100mN32136E42120;MC;MIX;4;63;M;M;5064;EMP
057540040040-1231;057540040040;100mN32136E42120;MC;MIX;4;56;M;F;5064;EMP
057540040040-1231;057540040040;100mN32136E42120;MC;MIX;4;8;S;F;0614;NEP
057540040040-1232;057540040040;100mN32099E42070;MC;NA;4;38;M;M;3039;EMP
057540040040-1232;057540040040;100mN32099E42070;MC;NA;4;32;M;F;3039;EMP
057540040040-1232;057540040040;100mN32099E42070;MC;NA;4;22;M;F;1824;EMP
057540040040-1232;057540040040;100mN32099E42070;MC;NA;4;22;M;M;1824;EMP
057540040040-1233;057540040040;100mN32099E42070;MC;NA;2;37;M;M;3039;NEP
057540040040-1233;057540040040;100mN32099E42070;MC;NA;2;37;M;F;3039;NEP
057540040040-1234;057540040040;100mN32124E42116;S;NA;1;40;W;F;4049;EMP
057540040040-1235;057540040040;100mN32102E42071;SF;NA;2;42;W;F;4049;NEP
057540040040-1235;057540040040;100mN32102E42071;SF;NA;2;27;W;F;2529;NEP
057540040040-1236;057540040040;100mN32126E42146;MC;NA;2;37;M;M;3039;EMP
057540040040-1236;057540040040;100mN32126E42146;MC;NA;2;34;M;F;3039;EMP
057540040040-1237;057540040040;100mN32092E42104;MC;NA;2;44;M;M;4049;EMP
057540040040-1237;057540040040;100mN32092E42104;MC;NA;2;41;M;F;4049;EMP
057540040040-1238;057540040040;100mN32112E42122;MC;NA;2;58;M;M;5064;EMP
057540040040-1238;057540040040;100mN32112E42122;MC;NA;2;52;M;F;5064;UEP
057540040040-1239;057540040040;100mN32136E42130;MC;NA;2;37;M;F;3039;NEP
057540040040-1239;057540040040;100mN32136E42130;MC;NA;2;46;M;M;4049;EMP
057540040040-1240;057540040040;100mN32085E42117;MC;NA;4;28;M;M;2529;NEP
057540040040-1240;057540040040;100mN32085E42117;MC;NA;4;27;M;F;2529;NEP
057540040040-1240;057540040040;100mN32085E42117;MC;NA;4;11;S;F;0614;NEP
057540040040-1240;057540040040;100mN32085E42117;MC;NA;4;7;S;F;0614;NEP
057540040040-1241;057540040040;100mN32131E42134;MC;OS;4;83;M;F;75XX;NEP
057540040040-1241;057540040040;100mN32131E42134;MC;OS;4;89;M;M;75XX;EMP
057540040040-1241;057540040040;100mN32131E42134;MC;OS;4;83;M;F;75XX;NEP
057540040040-1241;057540040040;100mN32131E42134;MC;OS;4;70;D;M;6574;EMP
057540040040-1242;057540040040;100mN32124E42144;SF;NA;4;47;S;F;4049;UEP
057540040040-1242;057540040040;100mN32124E42144;SF;NA;4;2;S;M;0003;NEP
057540040040-1242;057540040040;100mN32124E42144;SF;NA;4;26;S;F;2529;UEP
057540040040-1242;057540040040;100mN32124E42144;SF;NA;4;7;S;M;0614;NEP
057540040040-1243;057540040040;100mN32109E42072;S;NA;1;44;S;M;4049;EMP
057540040040-1244;057540040040;100mN32109E42072;S;NA;1;66;M;F;6574;NEP
057540040040-1245;057540040040;100mN32116E42128;S;NA;1;89;S;F;75XX;NEP
057540040040-1246;057540040040;100mN32116E42129;MC;MIX;2;67;M;F;6574;NEP
057540040040-1246;057540040040;100mN32116E42129;MC;MIX;2;38;S;M;3039;EMP
057540040040-1247;057540040040;100mN32109E42072;MC;NA;4;61;M;F;5064;NEP
057540040040-1247;057540040040;100mN32109E42072;MC;NA;4;4;S;F;0305;NEP
057540040040-1247;057540040040;100mN32109E42072;MC;NA;4;37;S;M;3039;NEP
057540040040-1247;057540040040;100mN32109E42072;MC;NA;4;45;M;F;4049;NEP
057540040040-1248;057540040040;100mN32138E42124;MC;OS;2;68;M;F;6574;NEP
057540040040-1248;057540040040;100mN32138E42124;MC;OS;2;69;M;M;6574;EMP
057540040040-1249;057540040040;100mN32113E42124;S;NA;1;59;W;M;5064;NEP
057540040040-1250;057540040040;100mN32109E42072;MC;NA;2;45;M;M;4049;EMP
057540040040-1250;057540040040;100mN32109E42072;MC;NA;2;43;M;F;4049;EMP
057540040040-1251;057540040040;100mN32106E42072;S;NA;1;41;M;M;4049;EMP
057540040040-1252;057540040040;100mN32109E42072;MC;NA;4;28;M;M;2529;NEP
057540040040-1252;057540040040;100mN32109E42072;MC;NA;4;25;M;F;2529;EMP
057540040040-1252;057540040040;100mN32109E42072;MC;NA;4;10;S;F;0614;NEP
057540040040-1252;057540040040;100mN32109E42072;MC;NA;4;11;S;F;0614;NEP
057540040040-1253;057540040040;100mN32100E42073;MC;OS;2;76;M;M;75XX;EMP
057540040040-1253;057540040040;100mN32100E42073;MC;OS;2;73;M;F;6574;NEP
057540040040-1254;057540040040;100mN32133E42128;S;OS;1;20;D;F;1824;EMP
057540040040-1255;057540040040;100mN32115E42123;SF;NA;4;40;S;F;4049;NEP
057540040040-1255;057540040040;100mN32115E42123;SF;NA;4;11;S;M;0614;NEP
057540040040-1255;057540040040;100mN32115E42123;SF;NA;4;20;M;F;1824;NEP
057540040040-1255;057540040040;100mN32115E42123;SF;NA;4;16;S;M;1517;EMP
057540040040-1256;057540040040;100mN32114E42120;S;NA;1;41;W;M;4049;NEP
057540040040-1257;057540040040;100mN32109E42072;MC;OS;2;72;M;F;6574;NEP
057540040040-1257;057540040040;100mN32109E42072;MC;OS;2;75;M;M;75XX;EMP
057540040040-1258;057540040040;100mN32112E42118;PO;NA;2;36;S;M;3039;EMP
057540040040-1258;057540040040;100mN32112E42118;PO;NA;2;33;S;M;3039;NEP
057540040040-1259;057540040040;100mN32139E42123;SM;MIX;5;87;M;F;75XX;NEP
057540040040-1259;057540040040;100mN32139E42123;SM;MIX;5;27;S;M;2529;EMP
057540040040-1259;057540040040;100mN32139E42123;SM;MIX;5;6;S;F;0614;NEP
057540040040-1259;057540040040;100mN32139E42123;SM;MIX;5;4;S;M;0305;NEP
057540040040-1259;057540040040;100mN32139E42123;SM;MIX;5;8;S;F;0614;NEP
057540040040-1260;057540040040;100mN32127E42139;MC;OS;2;72;M;F;6574;EMP
057540040040-1260;057540040040;100mN32127E42139;MC;OS;2;73;M;M;6574;EMP
057540040040-1261;057540040040;100mN32138E42125;MC;MIX;4;69;S;M;6574;EMP
057540040040-1261;057540040040;100mN32138E42125;MC;MIX;4;62;M;M;5064;EMP
057540040040-1261;057540040040;100mN32138E42125;MC;MIX;4;56;M;F;5064;EMP
057540040040-1261;057540040040;100mN32138E42125;MC;MIX;4;27;M;F;2529;EMP
057540040040-1262;057540040040;100mN32138E42125;MC;NA;4;22;M;F;1824;EMP
057540040040-1262;057540040040;100mN32138E42125;MC;NA;4;25;M;M;2529;NEP
057540040040-1262;057540040040;100mN32138E42125;MC;NA;4;0;S;M;0003;NEP
057540040040-1262;057540040040;100mN32138E42125;MC;NA;4;6;S;M;0614;NEP
057540040040-1263;057540040040;100mN32124E42147;S;NA;1;45;W;F;4049;NEP
057540040040-1264;057540040040;100mN32138E42125;MC;NA;3;27;M;F;2529;EMP
057540040040-1264;057540040040;100mN32138E42125;MC;NA;3;30;M;M;3039;NEP
057540040040-1264;057540040040;100mN32138E42125;MC;NA;3;12;S;M;0614;NEP
057540040040-1265;057540040040;100mN32112E42145;MC;NA;3;26;M;F;2529;EMP
057540040040-1265;057540040040;100mN32112E42145;MC;NA;3;31;M;M;3039;NEP
057540040040-1265;057540040040;100mN32112E42145;MC;NA;3;8;S;F;0614;NEP
057540040040-1266;057540040040;100mN32131E42134;MC;NA;2;44;M;F;4049;EMP
057540040040-1266;057540040040;100mN32131E42134;MC;NA;2;45;M;M;4049;EMP
057540040040-1267;057540040040;100mN32107E42071;SF;NA;2;36;S;F;3039;NEP
057540040040-1267;057540040040;100mN32107E42071;SF;NA;2;4;S;F;0305;NEP
057540040040-1268;057540040040;100mN32107E42071;PO;NA;2;61;S;F;5064;EMP
057540040040-1268;057540040040;100mN32107E42071;PO;NA;2;46;S;F;4049;NEP
057540040040-1269;057540040040;100mN32086E42128;MC;MIX;2;65;M;F;6574;EMP
057540040040-1269;057540040040;100mN32086E42128;MC;MIX;2;55;M;F;5064;EMP
057540040040-1270;057540040040;100mN32124E42105;S;NA;1;32;D;M;3039;EMP
057540040040-1271;057540040040;100mN32107E42071;MC;NA;4;40;M;F;4049;UEP
057540040040-1271;057540040040;100mN32107E42071;MC;NA;4;42;M;M;4049;NEP
057540040040-1271;057540040040;100mN32107E42071;MC;NA;4;18;M;F;1824;EMP
057540040040-1271;057540040040;100mN32107E42071;MC;NA;4;21;M;F;1824;NEP
057540040040-1272;057540040040;100mN32107E42071;SF;NA;2;16;S;F;1517;NEP
057540040040-1272;057540040040;100mN32107E42071;SF;NA;2;0;S;F;0003;NEP
057540040040-1273;057540040040;100mN32107E42071;MC;NA;3;50;M;M;5064;EMP
057540040040-1273;057540040040;100mN32107E42071;MC;NA;3;53;M;F;5064;EMP
057540040040-1273;057540040040;100mN32107E42071;MC;NA;3;21;S;M;1824;EMP
057540040040-1274;057540040040;100mN32107E42071;MC;MIX;4;79;M;F;75XX;EMP
057540040040-1274;057540040040;100mN32107E42071;MC;MIX;4;60;M;F;5064;NEP
057540040040-1274;057540040040;100mN32107E42071;MC;MIX;4;4;S;F;0305;NEP
057540040040-1274;057540040040;100mN32107E42071;MC;MIX;4;10;S;M;0614;NEP
057540040040-1275;057540040040;100mN32115E42128;S;OS;1;69;M;F;6574;EMP
057540040040-1276;057540040040;100mN32115E42131;S;NA;1;46;S;M;4049;EMP
057540040040-1277;057540040040;100mN32104E42072;S;NA;1;46;M;M;4049;NEP
057540040040-1278;057540040040;100mN32143E42116;S;NA;1;43;M;M;4049;EMP
057540040040-1279;057540040040;100mN32137E42121;MC;MIX;2;76;M;M;75XX;NEP
057540040040-1279;057540040040;100mN32137E42121;MC;MIX;2;16;S;M;1517;EMP
057540040040-1280;057540040040;100mN32102E42072;MC;NA;5;61;M;M;5064;EMP
057540040040-1280;057540040040;100mN32102E42072;MC;NA;5;83;S;F;75XX;NEP
057540040040-1280;057540040040;100mN32102E42072;MC;NA;5;16;S;M;1517;EMP
057540040040-1280;057540040040;100mN32102E42072;MC;NA;5;10;S;F;0614;NEP
057540040040-1280;057540040040;100mN32102E42072;MC;NA;5;20;S;M;1824;EMP
057540040040-1281;057540040040;100mN32110E42147;PO;NA;5;20;S;M;1824;EMP
057540040040-1281;057540040040;100mN32110E42147;PO;NA;5;22;S;M;1824;NEP
057540040040-1281;057540040040;100mN32110E42147;PO;NA;5;4;S;F;0305;NEP
057540040040-1281;057540040040;100mN32110E42147;PO;NA;5;0;S;M;0003;NEP
057540040040-1281;057540040040;100mN32110E42147;PO;NA;5;4;S;M;0305;NEP
057540040040-1282;057540040040;100mN32110E42147;MC;NA;2;37;M;F;3039;EMP
057540040040-1282;057540040040;100mN32110E42147;MC;NA;2;40;M;M;4049;EMP
057540040040-1283;057540040040;100mN32105E42101;MC;NA;2;52;M;M;5064;EMP
057540040040-1283;057540040040;100mN32105E42101;MC;NA;2;43;M;F;4049;EMP
057540040040-1284;057540040040;100mN32140E42122;S;NA;1;58;W;F;5064;EMP
057540040040-1285;057540040040;100mN32110E42147;MC;NA;4;48;M;F;4049;EMP
057540040040-1285;057540040040;100mN32110E42147;MC;NA;4;51;M;M;5064;EMP
057540040040-1285;057540040040;100mN32110E42147;MC;NA;4;9;S;M;0614;NEP
057540040040-1285;057540040040;100mN32110E42147;MC;NA;4;8;S;F;0614;NEP
057540040040-1286;057540040040;100mN32096E42069;MC;NA;2;53;M;M;5064;EMP
057540040040-1286;057540040040;100mN32096E42069;MC;NA;2;48;M;F;4049;EMP
057540040040-1287;057540040040;100mN32103E42071;SF;NA;3;48;W;F;4049;EMP
057540040040-1287;057540040040;100mN32103E42071;SF;NA;3;10;S;M;0614;NEP
057540040040-1287;057540040040;100mN32103E42071;SF;NA;3;11;S;M;0614;NEP
057540040040-1288;057540040040;100mN32110E42147;MC;NA;4;40;M;F;4049;NEP
057540040040-1288;057540040040;100mN32110E42147;MC;NA;4;45;M;M;4049;EMP
057540040040-1288;057540040040;100mN32110E42147;MC;NA;4;18;M;F;1824;NEP
057540040040-1288;057540040040;100mN32110E42147;MC;NA;4;3;S;F;0305;NEP
057540040040-1289;057540040040;100mN32117E42123;S;OS;1;16;S;F;1517;NEP
057540040040-1290;057540040040;100mN32110E42147;MC;NA;2;41;M;F;4049;NEP
057540040040-1290;057540040040;100mN32110E42147;MC;NA;2;43;M;M;4049;EMP
057540040040-1291;057540040040;100mN32127E42143;MC;OS;2;67;M;M;6574;EMP
057540040040-1291;057540040040;100mN32127E42143;MC;OS;2;70;M;F;6574;EMP
057540040040-1292;057540040040;100mN32119E42123;MC;NA;4;40;M;M;4049;EMP
057540040040-1292;057540040040;100mN32119E42123;MC;NA;4;43;M;F;4049;EMP
057540040040-1292;057540040040;100mN32119E42123;MC;NA;4;18;M;M;1824;NEP
057540040040-1292;057540040040;100mN32119E42123;MC;NA;4;16;S;M;1517;EMP
057540040040-1293;057540040040;100mN32119E42123;MC;NA;3;34;M;M;3039;EMP
057540040040-1293;057540040040;100mN32119E42123;MC;NA;3;25;M;F;2529;UEP
057540040040-1293;057540040040;100mN32119E42123;MC;NA;3;15;S;F;1517;EMP
057540040040-1294;057540040040;100mN32094E42059;MC;NA;5;62;M;M;5064;EMP
057540040040-1294;057540040040;100mN32094E42059;MC;NA;5;60;M;F;5064;NEP
057540040040-1294;057540040040;100mN32094E42059;MC;NA;5;16;S;M;1517;EMP
057540040040-1294;057540040040;100mN32094E42059;MC;NA;5;0;S;M;0003;NEP
057540040040-1294;057540040040;100mN32094E42059;MC;NA;5;10;S;F;0614;NEP
057540040040-1295;057540040040;100mN32126E42146;S;OS;1;30;W;F;3039;NEP
057540040040-1296;057540040040;100mN32119E42123;PO;NA;3;53;S;F;5064;EMP
057540040040-1296;057540040040;100mN32119E42123;PO;NA;3;55;S;F;5064;EMP
057540040040-1296;057540040040;100mN32119E42123;PO;NA;3;37;S;F;3039;EMP
057540040040-1297;057540040040;100mN32118E42121;MC;NA;4;62;M;M;5064;EMP
057540040040-1297;057540040040;100mN32118E42121;MC;NA;4;59;M;F;5064;NEP
057540040040-1297;057540040040;100mN32118E42121;MC;NA;4;22;S;M;1824;EMP
057540040040-1297;057540040040;100mN32118E42121;MC;NA;4;15;S;F;1517;NEP
057540040040-1298;057540040040;100mN32119E42123;MC;NA;2;63;M;M;5064;EMP
057540040040-1298;057540040040;100mN32119E42123;MC;NA;2;61;M;F;5064;NEP
057540040040-1299;057540040040;100mN32114E42120;MC;NA;2;32;M;M;3039;EMP
057540040040-1299;057540040040;100mN32114E42120;MC;NA;2;26;M;F;2529;EMP
057540040040-1300;057540040040;100mN32117E42123;SF;NA;2;23;W;F;1824;EMP
057540040040-1300;057540040040;100mN32117E42123;SF;NA;2;7;S;M;0614;NEP
057540040040-1301;057540040040;100mN32113E42124;S;OS;1;62;M;F;5064;UEP
057540040040-1302;057540040040;100mN32117E42123;SF;NA;2;81;S;F;75XX;EMP
057540040040-1302;057540040040;100mN32117E42123;SF;NA;2;10;S;M;0614;NEP
057540040040-1303;057540040040;100mN32125E42142;PO;OS;3;72;S;F;6574;EMP
057540040040-1303;057540040040;100mN32125E42142;PO;OS;3;75;S;M;75XX;EMP
057540040040-1303;057540040040;100mN32125E42142;PO;OS;3;67;D;M;6574;EMP
057540040040-1304;057540040040;100mN32112E42146;S;OS;1;82;S;M;75XX;EMP
057540040040-1305;057540040040;100mN32114E42126;SM;NA;2;51;S;M;5064;EMP
057540040040-1305;057540040040;100mN32114E42126;SM;NA;2;23;W;F;1824;NEP
057540040040-1306;057540040040;100mN32115E42112;MC;MIX;2;70;M;F;6574;EMP
057540040040-1306;057540040040;100mN32115E42112;MC;MIX;2;59;W;F;5064;EMP
057540040040-1307;057540040040;100mN32119E42118;PO;OS;5;71;S;F;6574;EMP
057540040040-1307;057540040040;100mN32119E42118;PO;OS;5;76;S;F;75XX;NEP
057540040040-1307;057540040040;100mN32119E42118;PO;OS;5;70;D;F;6574;EMP
057540040040-1307;057540040040;100mN32119E42118;PO;OS;5;76;M;F;75XX;NEP
057540040040-1307;057540040040;100mN32119E42118;PO;OS;5;77;M;F;75XX;EMP
057540040040-1308;057540040040;100mN32120E42127;MC;NA;2;53;M;F;5064;UEP
057540040040-1308;057540040040;100mN32120E42127;MC;NA;2;56;M;M;5064;EMP
057540040040-1309;057540040040;100mN32119E42118;MC;OS;2;77;M;F;75XX;NEP
057540040040-1309;057540040040;100mN32119E42118;MC;OS;2;79;M;M;75XX;EMP
057540040040-1310;057540040040;100mN32123E42140;S;NA;1;63;S;M;5064;NEP
057540040040-1311;057540040040;100mN32119E42118;S;NA;1;37;M;F;3039;EMP
057540040040-1312;057540040040;100mN32142E42121;MC;NA;3;47;M;M;4049;EMP
057540040040-1312;057540040040;100mN32142E42121;MC;NA;3;43;M;F;4049;NEP
057540040040-1312;057540040040;100mN32142E42121;MC;NA;3;15;S;F;1517;NEP
057540040040-1313;057540040040;100mN32119E42118;MC;MIX;3;84;M;F;75XX;NEP
057540040040-1313;057540040040;100mN32119E42118;MC;MIX;3;61;M;M;5064;EMP
057540040040-1313;057540040040;100mN32119E42118;MC;MIX;3;52;M;F;5064;NEP
057540040040-1314;057540040040;100mN32121E42140;S;NA;1;55;W;F;5064;EMP
057540040040-1315;057540040040;100mN32142E42115;MC;NA;5;58;M;F;5064;EMP
057540040040-1315;057540040040;100mN32142E42115;MC;NA;5;61;M;M;5064;EMP
057540040040-1315;057540040040;100mN32142E42115;MC;NA;5;11;S;M;0614;NEP
057540040040-1315;057540040040;100mN32142E42115;MC;NA;5;11;S;M;0614;NEP
057540040040-1315;057540040040;100mN32142E42115;MC;NA;5;21;M;F;1824;EMP
057540040040-1316;057540040040;100mN32119E42118;MC;MIX;2;65;M;M;6574;EMP
057540040040-1316;057540040040;100mN32119E42118;MC;MIX;2;62;M;F;5064;NEP
057540040040-1317;057540040040;100mN32113E42125;MC;OS;2;89;M;F;75XX;EMP
057540040040-1317;057540040040;100mN32113E42125;MC;OS;2;51;W;F;5064;EMP
057540040040-1318;057540040040;100mN32127E42143;MC;NA;2;61;M;F;5064;EMP
057540040040-1318;057540040040;100mN32127E42143;MC;NA;2;62;M;M;5064;NEP
057540040040-1319;057540040040;100mN32119E42118;MC;NA;5;38;M;M;3039;EMP
057540040040-1319;057540040040;100mN32119E42118;MC;NA;5;35;M;F;3039;NEP
057540040040-1319;057540040040;100mN32119E42118;MC;NA;5;3;S;M;0305;NEP
057540040040-1319;057540040040;100mN32119E42118;MC;NA;5;3;S;F;0305;NEP
057540040040-1319;057540040040;100mN32119E42118;MC;NA;5;11;S;M;0614;NEP
057540040040-1320;057540040040;100mN32119E42118;MC;NA;3;36;M;F;3039;EMP
057540040040-1320;057540040040;100mN32119E42118;MC;NA;3;41;M;M;4049;NEP
057540040040-1320;057540040040;100mN32119E42118;MC;NA;3;3;S;M;0305;NEP
057540040040-1321;057540040040;100mN32119E42118;MC;NA;5;60;M;F;5064;EMP
057540040040-1321;057540040040;100mN32119E42118;MC;NA;5;44;S;F;4049;NEP
057540040040-1321;057540040040;100mN32119E42118;MC;NA;5;37;D;F;3039;EMP
057540040040-1321;057540040040;100mN32119E42118;MC;NA;5;15;S;F;1517;EMP
057540040040-1321;057540040040;100mN32119E42118;MC;NA;5;10;S;F;0614;NEP
057540040040-1322;057540040040;100mN32132E42132;S;NA;1;58;W;M;5064;NEP
057540040040-1323;057540040040;100mN32117E42122;MC;MIX;2;86;M;F;75XX;NEP
057540040040-1323;057540040040;100mN32117E42122;MC;MIX;2;70;M;M;6574;EMP
057540040040-1324;057540040040;100mN32119E42118;MC;MIX;3;65;M;M;6574;EMP
057540040040-1324;057540040040;100mN32119E42118;MC;MIX;3;51;M;F;5064;EMP
057540040040-1324;057540040040;100mN32119E42118;MC;MIX;3;62;M;M;5064;EMP
057540040040-1325;057540040040;100mN32098E42132;PO;OS;2;69;S;F;6574;NEP
057540040040-1325;057540040040;100mN32098E42132;PO;OS;2;72;S;M;6574;EMP
057540040040-1326;057540040040;100mN32114E42131;MC;NA;3;60;M;F;5064;NEP
057540040040-1326;057540040040;100mN32114E42131;MC;NA;3;65;W;F;6574;NEP
057540040040-1326;057540040040;100mN32114E42131;MC;NA;3;42;D;M;4049;EMP
057540040040-1327;057540040040;100mN32090E42126;PO;MIX;3;69;W;F;6574;NEP
057540040040-1327;057540040040;100mN32090E42126;PO;MIX;3;50;S;M;5064;EMP
057540040040-1327;057540040040;100mN32090E42126;PO;MIX;3;54;S;M;5064;NEP
057540040040-1328;057540040040;100mN32123E42114;MC;OS;3;65;M;M;6574;EMP
057540040040-1328;057540040040;100mN32123E42114;MC;OS;3;66;M;F;6574;NEP
057540040040-1328;057540040040;100mN32123E42114;MC;OS;3;69;S;M;6574;EMP
057540040040-1329;057540040040;100mN32123E42114;NA;OS;4;34;M;M;3039;EMP
057540040040-1329;057540040040;100mN32123E42114;NA;OS;4;37;M;F;3039;NEP
057540040040-1329;057540040040;100mN32123E42114;NA;OS;4;62;S;M;5064;NEP
057540040040-1329;057540040040;100mN32123E42114;NA;OS;4;41;M;F;4049;NEP
057540040040-1330;057540040040;100mN32111E42119;MC;MIX;4;69;D;M;6574;NEP
057540040040-1330;057540040040;100mN32111E42119;MC;MIX;4;46;M;F;4049;EMP
057540040040-1330;057540040040;100mN32111E42119;MC;MIX;4;47;M;M;4049;EMP
057540040040-1330;057540040040;100mN32111E42119;MC;MIX;4;26;S;F;2529;EMP
057540040040-1331;057540040040;100mN32123E42114;MC;OS;2;69;M;F;6574;EMP
057540040040-1331;057540040040;100mN32123E42114;MC;OS;2;72;M;M;6574;NEP
057540040040-1332;057540040040;100mN32123E42112;SF;NA;4;21;D;F;1824;EMP
057540040040-1332;057540040040;100mN32123E42112;SF;NA;4;0;S;M;0003;NEP
057540040040-1332;057540040040;100mN32123E42112;SF;NA;4;2;S;M;0003;NEP
057540040040-1332;057540040040;100mN32123E42112;SF;NA;4;0;S;F;0003;NEP
057540040040-1333;057540040040;100mN32121E42121;MC;OS;2;65;M;F;6574;NEP
057540040040-1333;057540040040;100mN32121E42121;MC;OS;2;68;M;M;6574;EMP
057540040040-1334;057540040040;100mN32104E42071;MC;NA;3;41;M;F;4049;EMP
057540040040-1334;057540040040;100mN32104E42071;MC;NA;3;40;M;M;4049;EMP
057540040040-1334;057540040040;100mN32104E42071;MC;NA;3;13;S;M;0614;NEP
057540040040-1335;057540040040;100mN32123E42114;PO;MIX;2;77;S;F;75XX;EMP
057540040040-1335;057540040040;100mN32123E42114;PO;MIX;2;60;S;F;5064;NEP
057540040040-1336;057540040040;100mN32147E42123;MC;NA;3;50;M;F;5064;UEP
057540040040-1336;057540040040;100mN32147E42123;MC;NA;3;63;M;M;5064;EMP
057540040040-1336;057540040040;100mN32147E42123;MC;NA;3;15;S;M;1517;EMP
057540040040-1337;057540040040;100mN32123E42143;PO;OS;2;68;S;F;6574;EMP
057540040040-1337;057540040040;100mN32123E42143;PO;OS;2;69;S;F;6574;EMP
057540040040-1338;057540040040;100mN32099E42109;S;NA;1;35;M;M;3039;NEP
057540040040-1339;057540040040;100mN32113E42118;S;NA;1;31;W;F;3039;EMP
057540040040-1340;057540040040;100mN32123E42114;MC;NA;4;25;M;F;2529;NEP
057540040040-1340;057540040040;100mN32123E42114;MC;NA;4;33;M;M;3039;NEP
057540040040-1340;057540040040;100mN32123E42114;MC;NA;4;1;S;F;0003;NEP
057540040040-1340;057540040040;100mN32123E42114;MC;NA;4;2;S;M;0003;NEP
057540040040-1341;057540040040;100mN32136E42119;MC;NA;3;21;M;M;1824;EMP
057540040040-1341;057540040040;100mN32136E42119;MC;NA;3;18;M;F;1824;NEP
057540040040-1341;057540040040;100mN32136E42119;MC;NA;3;1;S;M;0003;NEP
057540040040-1342;057540040040;100mN32130E42138;S;NA;1;68;W;F;6574;NEP
057540040040-1343;057540040040;100mN32097E42136;S;OS;1;33;M;M;3039;NEP
057540040040-1344;057540040040;100mN32113E42088;MC;NA;2;53;M;M;5064;EMP
057540040040-1344;057540040040;100mN32113E42088;MC;NA;2;51;M;F;5064;EMP
057540040040-1345;057540040040;100mN32113E42088;NA;NA;2;71;M;M;6574;EMP
057540040040-1345;057540040040;100mN32113E42088;NA;NA;2;16;S;M;1517;NEP
057540040040-1346;057540040040;100mN32120E42121;MC;MIX;4;80;M;M;75XX;EMP
057540040040-1346;057540040040;100mN32120E42121;MC;MIX;4;48;M;M;4049;EMP
057540040040-1346;057540040040;100mN32120E42121;MC;MIX;4;47;M;F;4049;NEP
057540040040-1346;057540040040;100mN32120E42121;MC;MIX;4;15;S;M;1517;EMP
057540040040-1347;057540040040;100mN32112E42057;SF;NA;2;48;S;F;4049;EMP
057540040040-1347;057540040040;100mN32112E42057;SF;NA;2;12;S;M;0614;NEP
057540040040-1348;057540040040;100mN32140E42118;PO;NA;6;41;S;F;4049;EMP
057540040040-1348;057540040040;100mN32140E42118;PO;NA;6;47;S;M;4049;EMP
057540040040-1348;057540040040;100mN32140E42118;PO;NA;6;6;S;M;0614;NEP
057540040040-1348;057540040040;100mN32140E42118;PO;NA;6;9;S;F;0614;NEP
057540040040-1348;057540040040;100mN32140E42118;PO;NA;6;7;S;F;0614;NEP
057540040040-1348;057540040040;100mN32140E42118;PO;NA;6;13;S;M;0614;NEP
057540040040-1349;057540040040;100mN32117E42129;MC;NA;5;50;M;M;5064;NEP
057540040040-1349;057540040040;100mN32117E42129;MC;NA;5;42;M;F;4049;NEP
057540040040-1349;057540040040;100mN32117E42129;MC;NA;5;16;S;M;1517;NEP
057540040040-1349;057540040040;100mN32117E42129;MC;NA;5;31;M;F;3039;EMP
057540040040-1349;057540040040;100mN32117E42129;MC;NA;5;15;S;F;1517;NEP
057540040040-1350;057540040040;100mN32131E42138;MC;NA;4;35;M;M;3039;EMP
057540040040-1350;057540040040;100mN32131E42138;MC;NA;4;33;M;F;3039;NEP
057540040040-1350;057540040040;100mN32131E42138;MC;NA;4;1;S;M;0003;NEP
057540040040-1350;057540040040;100mN32131E42138;MC;NA;4;13;S;F;0614;NEP
057540040040-1351;057540040040;100mN32130E42131;PO;NA;3;45;S;F;4049;EMP
057540040040-1351;057540040040;100mN32130E42131;PO;NA;3;50;S;M;5064;EMP
057540040040-1351;057540040040;100mN32130E42131;PO;NA;3;10;S;F;0614;NEP
057540040040-1352;057540040040;100mN32135E42132;MC;NA;2;63;M;F;5064;EMP
057540040040-1352;057540040040;100mN32135E42132;MC;NA;2;41;S;M;4049;EMP
057540040040-1353;057540040040;100mN32120E42081;MC;NA;2;45;M;F;4049;EMP
057540040040-1353;057540040040;100mN32120E42081;MC;NA;2;46;M;M;4049;EMP
057540040040-1354;057540040040;100mN32115E42132;MC;MIX;3;65;S;M;6574;EMP
057540040040-1354;057540040040;100mN32115E42132;MC;MIX;3;31;M;F;3039;EMP
057540040040-1354;057540040040;100mN32115E42132;MC;MIX;3;28;M;M;2529;EMP
057540040040-1355;057540040040;100mN32120E42081;MC;OS;4;72;M;F;6574;EMP
057540040040-1355;057540040040;100mN32120E42081;MC;OS;4;73;M;M;6574;NEP
057540040040-1355;057540040040;100mN32120E42081;MC;OS;4;70;M;M;6574;EMP
057540040040-1355;057540040040;100mN32120E42081;MC;OS;4;72;D;F;6574;NEP
057540040040-1356;057540040040;100mN32109E42071;MC;OS;4;89;M;F;75XX;EMP
057540040040-1356;057540040040;100mN32109E42071;MC;OS;4;79;M;M;75XX;EMP
057540040040-1356;057540040040;100mN32109E42071;MC;OS;4;67;D;M;6574;EMP
057540040040-1356;057540040040;100mN32109E42071;MC;OS;4;69;M;M;6574;EMP
057540040040-1357;057540040040;100mN32109E42071;S;NA;1;50;S;F;5064;EMP
057540040040-1358;057540040040;100mN32101E42071;MC;NA;4;63;M;F;5064;EMP
057540040040-1358;057540040040;100mN32101E42071;MC;NA;4;58;M;M;5064;EMP
057540040040-1358;057540040040;100mN32101E42071;MC;NA;4;12;S;M;0614;NEP
057540040040-1358;057540040040;100mN32101E42071;MC;NA;4;46;M;M;4049;EMP
057540040040-1359;057540040040;100mN32144E42117;MC;NA;6;57;M;M;5064;NEP
057540040040-1359;057540040040;100mN32144E42117;MC;NA;6;55;M;F;5064;EMP
057540040040-1359;057540040040;100mN32144E42117;MC;NA;6;11;S;M;0614;NEP
057540040040-1359;057540040040;100mN32144E42117;MC;NA;6;13;S;M;0614;NEP
057540040040-1359;057540040040;100mN32144E42117;MC;NA;6;16;S;F;1517;NEP
057540040040-1359;057540040040;100mN32144E42117;MC;NA;6;10;S;F;0614;NEP
057540040040-1360;057540040040;100mN32118E42129;SF;NA;4;50;S;F;5064;EMP
057540040040-1360;057540040040;100mN32118E42129;SF;NA;4;9;S;M;0614;NEP
057540040040-1360;057540040040;100mN32118E42129;SF;NA;4;35;S;F;3039;EMP
057540040040-1360;057540040040;100mN32118E42129;SF;NA;4;11;S;F;0614;NEP
057540040040-1361;057540040040;100mN32114E42128;S;NA;1;31;M;M;3039;NEP
057540040040-1362;057540040040;100mN32130E42133;PO;NA;2;54;S;M;5064;NEP
057540040040-1362;057540040040;100mN32130E42133;PO;NA;2;46;S;F;4049;NEP
057540040040-1363;057540040040;100mN32121E42120;S;NA;1;51;M;F;5064;NEP
057540040040-1364;057540040040;100mN32141E42121;SF;MIX;2;83;W;F;75XX;EMP
057540040040-1364;057540040040;100mN32141E42121;SF;MIX;2;10;S;M;0614;NEP
057540040040-1365;057540040040;100mN32118E42127;S;NA;1;72;D;F;6574;EMP
057540040040-1366;057540040040;100mN32128E42140;PO;NA;3;18;S;M;1824;EMP
057540040040-1366;057540040040;100mN32128E42140;PO;NA;3;18;S;F;1824;EMP
057540040040-1366;057540040040;100mN32128E42140;PO;NA;3;1;S;F;0003;NEP
057540040040-1367;057540040040;100mN32118E42120;S;OS;1;27;W;F;2529;EMP
057540040040-1368;057540040040;100mN32140E42118;PO;NA;2;45;S;M;4049;EMP
057540040040-1368;057540040040;100mN32140E42118;PO;NA;2;42;S;M;4049;EMP
057540040040-1369;057540040040;100mN32128E42140;S;NA;1;27;M;F;2529;EMP
057540040040-1370;057540040040;100mN32117E42123;PO;NA;2;48;S;M;4049;EMP
057540040040-1370;057540040040;100mN32117E42123;PO;NA;2;51;S;M;5064;EMP
057540040040-1371;057540040040;100mN32124E42139;S;NA;1;22;D;M;1824;EMP
057540040040-1372;057540040040;100mN32113E42118;SF;NA;4;48;D;F;4049;NEP
057540040040-1372;057540040040;100mN32113E42118;SF;NA;4;16;S;F;1517;EMP
057540040040-1372;057540040040;100mN32113E42118;SF;NA;4;9;S;F;0614;NEP
057540040040-1372;057540040040;100mN32113E42118;SF;NA;4;15;S;F;1517;NEP
057540040040-1373;057540040040;100mN32128E42140;PO;NA;5;48;S;M;4049;EMP
057540040040-1373;057540040040;100mN32128E42140;PO;NA;5;46;S;M;4049;EMP
057540040040-1373;057540040040;100mN32128E42140;PO;NA;5;1;S;M;0003;NEP
057540040040-1373;057540040040;100mN32128E42140;PO;NA;5;12;S;F;0614;NEP
057540040040-1373;057540040040;100mN32128E42140;PO;NA;5;4;S;M;0305;NEP
057540040040-1374;057540040040;100mN32141E42116;MC;MIX;2;68;M;F;6574;EMP
057540040040-1374;057540040040;100mN32141E42116;MC;MIX;2;42;S;M;4049;EMP
057540040040-1375;057540040040;100mN32087E42062;SF;NA;4;81;S;F;75XX;NEP
057540040040-1375;057540040040;100mN32087E42062;SF;NA;4;8;S;F;0614;NEP
057540040040-1375;057540040040;100mN32087E42062;SF;NA;4;19;W;F;1824;EMP
057540040040-1375;057540040040;100mN32087E42062;SF;NA;4;1;S;M;0003;NEP
057540040040-1376;057540040040;100mN32135E42126;MC;OS;2;65;M;M;6574;NEP
057540040040-1376;057540040040;100mN32135E42126;MC;OS;2;72;M;F;6574;NEP
057540040040-1377;057540040040;100mN32124E42140;S;NA;1;43;D;F;4049;EMP
057540040040-1378;057540040040;100mN32134E42127;MC;MIX;2;85;M;F;75XX;NEP
057540040040-1378;057540040040;100mN32134E42127;MC;MIX;2;36;S;M;3039;EMP
057540040040-1379;057540040040;100mN32128E42140;S;NA;1;40;M;M;4049;EMP
057540040040-1380;057540040040;100mN32130E42139;S;NA;1;59;M;F;5064;UEP
057540040040-1381;057540040040;100mN32128E42140;MC;NA;2;59;M;M;5064;EMP
057540040040-1381;057540040040;100mN32128E42140;MC;NA;2;56;M;F;5064;EMP
057540040040-1382;057540040040;100mN32118E42127;S;OS;1;32;S;M;3039;NEP
057540040040-1383;057540040040;100mN32128E42140;MC;NA;2;47;M;M;4049;EMP
057540040040-1383;057540040040;100mN32128E42140;MC;NA;2;42;M;F;4049;EMP
057540040040-1384;057540040040;100mN32128E42140;MC;NA;2;62;M;M;5064;NEP
057540040040-1384;057540040040;100mN32128E42140;MC;NA;2;61;M;F;5064;EMP
057540040040-1385;057540040040;100mN32144E42117;S;NA;1;73;S;M;6574;EMP
057540040040-1386;057540040040;100mN32128E42140;MC;NA;2;38;M;F;3039;EMP
057540040040-1386;057540040040;100mN32128E42140;MC;NA;2;41;M;M;4049;NEP
057540040040-1387;057540040040;100mN32128E42140;S;OS;1;88;S;F;75XX;EMP
057540040040-1388;057540040040;100mN32114E42127;MC;OS;3;78;M;M;75XX;EMP
057540040040-1388;057540040040;100mN32114E42127;MC;OS;3;69;M;F;6574;EMP
057540040040-1388;057540040040;100mN32114E42127;MC;OS;3;71;M;M;6574;NEP
057540040040-1389;057540040040;100mN32133E42121;SF;NA;4;81;S;F;75XX;NEP
057540040040-1389;057540040040;100mN32133E42121;SF;NA;4;12;S;F;0614;NEP
057540040040-1389;057540040040;100mN32133E42121;SF;NA;4;10;S;M;0614;NEP
057540040040-1389;057540040040;100mN32133E42121;SF;NA;4;2;S;M;0003;NEP
057540040040-1390;057540040040;100mN32133E42121;S;NA;1;37;M;F;3039;NEP
057540040040-1391;057540040040;100mN32104E42072;S;NA;1;61;D;F;5064;EMP
057540040040-1392;057540040040;100mN32133E42121;S;NA;1;33;D;F;3039;NEP
057540040040-1393;057540040040;100mN32115E42125;MC;OS;3;66;M;F;6574;EMP
057540040040-1393;057540040040;100mN32115E42125;MC;OS;3;71;M;M;6574;EMP
057540040040-1393;057540040040;100mN32115E42125;MC;OS;3;69;S;F;6574;NEP
057540040040-1394;057540040040;100mN32133E42127;MC;NA;2;56;M;F;5064;NEP
057540040040-1394;057540040040;100mN32133E42127;MC;NA;2;63;M;M;5064;NEP
057540040040-1395;057540040040;100mN32133E42121;MC;OS;4;67;M;F;6574;EMP
057540040040-1395;057540040040;100mN32133E42121;MC;OS;4;69;M;M;6574;NEP
057540040040-1395;057540040040;100mN32133E42121;MC;OS;4;71;W;F;6574;NEP
057540040040-1395;057540040040;100mN32133E42121;MC;OS;4;77;S;M;75XX;EMP
057540040040-1396;057540040040;100mN32133E42121;MC;OS;5;84;M;F;75XX;EMP
057540040040-1396;057540040040;100mN32133E42121;MC;OS;5;67;M;M;6574;EMP
057540040040-1396;057540040040;100mN32133E42121;MC;OS;5;84;M;M;75XX;EMP
057540040040-1396;057540040040;100mN32133E42121;MC;OS;5;69;S;M;6574;NEP
057540040040-1396;057540040040;100mN32133E42121;MC;OS;5;76;M;F;75XX;EMP
057540040040-1397;057540040040;100mN32133E42121;S;NA;1;71;M;M;6574;EMP
057540040040-1398;057540040040;100mN32126E42140;MC;MIX;3;86;W;M;75XX;EMP
057540040040-1398;057540040040;100mN32126E42140;MC;MIX;3;27;M;M;2529;EMP
057540040040-1398;057540040040;100mN32126E42140;MC;MIX;3;36;M;F;3039;EMP
057540040040-1399;057540040040;100mN32118E42120;SF;NA;2;33;S;F;3039;EMP
057540040040-1399;057540040040;100mN32118E42120;SF;NA;2;15;S;F;1517;EMP
057540040040-1400;057540040040;100mN32096E42134;S;NA;1;86;W;F;75XX;EMP
057540040040-1401;057540040040;100mN32130E42140;S;NA;1;44;D;M;4049;EMP
057540040040-1402;057540040040;100mN32113E42087;MC;NA;3;40;M;M;4049;NEP
057540040040-1402;057540040040;100mN32113E42087;MC;NA;3;37;M;F;3039;NEP
057540040040-1402;057540040040;100mN32113E42087;MC;NA;3;11;S;M;0614;NEP
057540040040-1403;057540040040;100mN32113E42087;MC;NA;2;31;M;F;3039;EMP
057540040040-1403;057540040040;100mN32113E42087;MC;NA;2;40;M;M;4049;EMP
057540040040-1404;057540040040;100mN32117E42116;PO;MIX;3;68;S;M;6574;EMP
057540040040-1404;057540040040;100mN32117E42116;PO;MIX;3;44;S;M;4049;EMP
057540040040-1404;057540040040;100mN32117E42116;PO;MIX;3;41;S;M;4049;NEP
057540040040-1405;057540040040;100mN32113E42087;NA;NA;2;48;M;M;4049;NEP
057540040040-1405;057540040040;100mN32113E42087;NA;NA;2;22;M;M;1824;EMP
057540040040-1406;057540040040;100mN32134E42128;MC;NA;4;43;M;F;4049;NEP
057540040040-1406;057540040040;100mN32134E42128;MC;NA;4;47;M;M;4049;EMP
057540040040-1406;057540040040;100mN32134E42128;MC;NA;4;3;S;M;0305;NEP
057540040040-1406;057540040040;100mN32134E42128;MC;NA;4;3;S;M;0305;NEP
057540040040-1407;057540040040;100mN32133E42134;SF;MIX;2;82;S;F;75XX;NEP
057540040040-1407;057540040040;100mN32133E42134;SF;MIX;2;52;M;M;5064;NEP
057540040040-1408;057540040040;100mN32133E42134;MC;NA;3;37;M;F;3039;EMP
057540040040-1408;057540040040;100mN32133E42134;MC;NA;3;46;M;M;4049;EMP
057540040040-1408;057540040040;100mN32133E42134;MC;NA;3;6;S;F;0614;NEP
057540040040-1409;057540040040;100mN32130E42138;S;NA;1;25;M;M;2529;NEP
057540040040-1410;057540040040;100mN32103E42072;SF;NA;2;31;W;F;3039;NEP
057540040040-1410;057540040040;100mN32103E42072;SF;NA;2;2;S;M;0003;NEP
057540040040-1411;057540040040;100mN32133E42134;S;NA;1;42;W;F;4049;NEP
057540040040-1412;057540040040;100mN32116E42134;MC;NA;4;36;M;F;3039;EMP
057540040040-1412;057540040040;100mN32116E42134;MC;NA;4;37;M;M;3039;NEP
057540040040-1412;057540040040;100mN32116E42134;MC;NA;4;20;M;F;1824;NEP
057540040040-1412;057540040040;100mN32116E42134;MC;NA;4;20;D;M;1824;EMP
057540040040-1413;057540040040;100mN32133E42134;MC;NA;3;26;M;F;2529;NEP
057540040040-1413;057540040040;100mN32133E42134;MC;NA;3;27;M;M;2529;EMP
057540040040-1413;057540040040;100mN32133E42134;MC;NA;3;8;S;F;0614;NEP
057540040040-1414;057540040040;100mN32133E42134;MC;OS;5;75;M;F;75XX;EMP
057540040040-1414;057540040040;100mN32133E42134;MC;OS;5;82;M;M;75XX;EMP
057540040040-1414;057540040040;100mN32133E42134;MC;OS;5;73;S;M;6574;NEP
057540040040-1414;057540040040;100mN32133E42134;MC;OS;5;72;M;F;6574;EMP
057540040040-1414;057540040040;100mN32133E42134;MC;OS;5;80;M;F;75XX;EMP
057540040040-1415;057540040040;100mN32133E42134;MC;NA;3;60;M;M;5064;NEP
057540040040-1415;057540040040;100mN32133E42134;MC;NA;3;57;M;F;5064;EMP
057540040040-1415;057540040040;100mN32133E42134;MC;NA;3;15;S;F;1517;NEP
057540040040-1416;057540040040;100mN32127E42142;S;NA;1;19;W;F;1824;EMP
057540040040-1417;057540040040;100mN32133E42134;MC;NA;5;55;M;M;5064;EMP
057540040040-1417;057540040040;100mN32133E42134;MC;NA;5;59;M;F;5064;EMP
057540040040-1417;057540040040;100mN32133E42134;MC;NA;5;11;S;M;0614;NEP
057540040040-1417;057540040040;100mN32133E42134;MC;NA;5;3;S;F;0305;NEP
057540040040-1417;057540040040;100mN32133E42134;MC;NA;5;26;M;F;2529;EMP
057540040040-1418;057540040040;100mN32107E42107;MC;MIX;2;66;M;M;6574;NEP
057540040040-1418;057540040040;100mN32107E42107;MC;MIX;2;6;S;F;0614;NEP
057540040040-1419;057540040040;100mN32120E42140;SF;NA;2;46;S;F;4049;EMP
057540040040-1419;057540040040;100mN32120E42140;SF;NA;2;19;W;F;1824;NEP
057540040040-1420;057540040040;100mN32133E42134;PO;NA;2;28;S;F;2529;EMP
057540040040-1420;057540040040;100mN32133E42134;PO;NA;2;28;S;M;2529;EMP
057540040040-1421;057540040040;100mN32120E42128;S;OS;1;46;S;M;4049;NEP
057540040040-1422;057540040040;100mN32111E42142;S;OS;1;35;S;M;3039;EMP
057540040040-1423;057540040040;100mN32091E42111;PO;NA;2;33;S;F;3039;EMP
057540040040-1423;057540040040;100mN32091E42111;PO;NA;2;40;S;M;4049;EMP
057540040040-1424;057540040040;100mN32131E42122;MC;NA;4;34;M;M;3039;EMP
057540040040-1424;057540040040;100mN32131E42122;MC;NA;4;34;M;F;3039;EMP
057540040040-1424;057540040040;100mN32131E42122;MC;NA;4;18;M;M;1824;EMP
057540040040-1424;057540040040;100mN32131E42122;MC;NA;4;6;S;F;0614;NEP
057540040040-1425;057540040040;100mN32112E42118;MC;MIX;2;73;M;F;6574;NEP
057540040040-1425;057540040040;100mN32112E42118;MC;MIX;2;85;D;M;75XX;EMP
057540040040-1426;057540040040;100mN32123E42123;MC;MIX;4;68;S;F;6574;NEP
057540040040-1426;057540040040;100mN32123E42123;MC;MIX;4;18;M;F;1824;EMP
057540040040-1426;057540040040;100mN32123E42123;MC;MIX;4;21;M;M;1824;EMP
057540040040-1426;057540040040;100mN32123E42123;MC;MIX;4;0;S;M;0003;NEP
057540040040-1427;057540040040;100mN32119E42126;PC;MIX;4;71;M;F;6574;NEP
057540040040-1427;057540040040;100mN32119E42126;PC;MIX;4;25;P;F;2529;EMP
057540040040-1427;057540040040;100mN32119E42126;PC;MIX;4;31;D;F;3039;NEP
057540040040-1427;057540040040;100mN32119E42126;PC;MIX;4;0;S;M;0003;NEP
057540040040-1428;057540040040;100mN32119E42126;MC;OS;2;87;M;F;75XX;NEP
057540040040-1428;057540040040;100mN32119E42126;MC;OS;2;2;S;F;0003;NEP
057540040040-1429;057540040040;100mN32126E42144;SF;MIX;3;79;W;M;75XX;EMP
057540040040-1429;057540040040;100mN32126E42144;SF;MIX;3;67;D;F;6574;EMP
057540040040-1429;057540040040;100mN32126E42144;SF;MIX;3;50;W;F;5064;NEP
057540040040-1430;057540040040;100mN32130E42124;S;NA;1;82;W;F;75XX;NEP
057540040040-1431;057540040040;100mN32119E42126;S;OS;1;72;M;M;6574;EMP
057540040040-1432;057540040040;100mN32119E42126;S;NA;1;18;W;F;1824;EMP
057540040040-1433;057540040040;100mN32119E42126;S;OS;1;19;S;M;1824;EMP
057540040040-1434;057540040040;100mN32119E42126;S;NA;1;23;M;F;1824;EMP
057540040040-1435;057540040040;100mN32141E42120;MC;NA;4;38;M;M;3039;EMP
057540040040-1435;057540040040;100mN32141E42120;MC;NA;4;36;M;F;3039;NEP
057540040040-1435;057540040040;100mN32141E42120;MC;NA;4;15;S;M;1517;EMP
057540040040-1435;057540040040;100mN32141E42120;MC;NA;4;9;S;F;0614;NEP
057540040040-1436;057540040040;100mN32118E42113;MC;NA;3;51;M;M;5064;EMP
057540040040-1436;057540040040;100mN32118E42113;MC;NA;3;42;M;F;4049;EMP
057540040040-1436;057540040040;100mN32118E42113;MC;NA;3;12;S;F;0614;NEP
057540040040-1437;057540040040;100mN32119E42126;S;NA;1;43;M;M;4049;NEP
057540040040-1438;057540040040;100mN32124E42147;S;NA;1;45;W;F;4049;NEP
057540040040-1439;057540040040;100mN32102E42071;S;OS;1;40;S;F;4049;EMP
057540040040-1440;057540040040;100mN32113E42124;MC;OS;3;83;M;M;75XX;EMP
057540040040-1440;057540040040;100mN32113E42124;MC;OS;3;80;M;F;75XX;EMP
057540040040-1440;057540040040;100mN32113E42124;MC;OS;3;86;D;F;75XX;NEP
057540040040-1441;057540040040;100mN32109E42142;MC;NA;3;56;M;F;5064;NEP
057540040040-1441;057540040040;100mN32109E42142;MC;NA;3;63;M;M;5064;EMP
057540040040-1441;057540040040;100mN32109E42142;MC;NA;3;30;S;M;3039;EMP
057540040040-1442;057540040040;100mN32122E42116;MC;OS;3;73;M;M;6574;EMP
057540040040-1442;057540040040;100mN32122E42116;MC;OS;3;66;M;F;6574;EMP
057540040040-1442;057540040040;100mN32122E42116;MC;OS;3;81;S;F;75XX;EMP
057540040040-1443;057540040040;100mN32122E42116;MC;OS;3;67;M;F;6574;NEP
057540040040-1443;057540040040;100mN32122E42116;MC;OS;3;69;M;M;6574;NEP
057540040040-1443;057540040040;100mN32122E42116;MC;OS;3;84;M;F;75XX;EMP
057540040040-1444;057540040040;100mN32115E42131;MC;OS;3;69;M;M;6574;EMP
057540040040-1444;057540040040;100mN32115E42131;MC;OS;3;68;M;F;6574;UEP
057540040040-1444;057540040040;100mN32115E42131;MC;OS;3;70;W;M;6574;NEP
057540040040-1445;057540040040;100mN32126E42138;MC;MIX;3;71;S;F;6574;EMP
057540040040-1445;057540040040;100mN32126E42138;MC;MIX;3;46;M;M;4049;EMP
057540040040-1445;057540040040;100mN32126E42138;MC;MIX;3;40;M;F;4049;NEP
057540040040-1446;057540040040;100mN32126E42144;MC;NA;2;37;M;F;3039;NEP
057540040040-1446;057540040040;100mN32126E42144;MC;NA;2;40;M;M;4049;EMP
057540040040-1447;057540040040;100mN32117E42125;MC;NA;2;20;M;M;1824;EMP
057540040040-1447;057540040040;100mN32117E42125;MC;NA;2;18;M;F;1824;UEP
057540040040-1448;057540040040;100mN32122E42116;S;NA;1;30;M;M;3039;NEP
057540040040-1449;057540040040;100mN32112E42116;MC;NA;5;53;M;F;5064;EMP
057540040040-1449;057540040040;100mN32112E42116;MC;NA;5;63;M;M;5064;EMP
057540040040-1449;057540040040;100mN32112E42116;MC;NA;5;25;D;M;2529;EMP
057540040040-1449;057540040040;100mN32112E42116;MC;NA;5;9;S;F;0614;NEP
057540040040-1449;057540040040;100mN32112E42116;MC;NA;5;27;M;M;2529;EMP
057540040040-1450;057540040040;100mN32122E42116;MC;OS;3;85;M;M;75XX;EMP
057540040040-1450;057540040040;100mN32122E42116;MC;OS;3;79;M;F;75XX;NEP
057540040040-1450;057540040040;100mN32122E42116;MC;OS;3;68;D;M;6574;EMP
057540040040-1451;057540040040;100mN32122E42116;MC;NA;3;31;M;F;3039;NEP
057540040040-1451;057540040040;100mN32122E42116;MC;NA;3;37;M;M;3039;EMP
057540040040-1451;057540040040;100mN32122E42116;MC;NA;3;8;S;M;0614;NEP
057540040040-1452;057540040040;100mN32136E42133;S;NA;1;48;M;F;4049;EMP
057540040040-1453;057540040040;100mN32112E42080;S;OS;1;21;S;M;1824;NEP
057540040040-1454;057540040040;100mN32118E42127;S;OS;1;46;S;M;4049;NEP
057540040040-1455;057540040040;100mN32119E42067;MC;NA;6;33;M;F;3039;NEP
057540040040-1455;057540040040;100mN32119E42067;MC;NA;6;33;M;M;3039;EMP
057540040040-1455;057540040040;100mN32119E42067;MC;NA;6;15;S;F;1517;EMP
057540040040-1455;057540040040;100mN32119E42067;MC;NA;6;8;S;F;0614;NEP
057540040040-1455;057540040040;100mN32119E42067;MC;NA;6;10;S;F;0614;NEP
057540040040-1455;057540040040;100mN32119E42067;MC;NA;6;6;S;M;0614;NEP
057540040040-1456;057540040040;100mN32130E42124;S;NA;1;37;M;M;3039;EMP
057540040040-1457;057540040040;100mN32111E42147;S;OS;1;36;M;F;3039;EMP
057540040040-1458;057540040040;100mN32130E42124;S;NA;1;69;S;F;6574;NEP
057540040040-1459;057540040040;100mN32141E42117;S;NA;1;46;D;F;4049;NEP
057540040040-1460;057540040040;100mN32130E42124;MC;OS;4;71;M;F;6574;NEP
057540040040-1460;057540040040;100mN32130E42124;MC;OS;4;80;M;M;75XX;EMP
057540040040-1460;057540040040;100mN32130E42124;MC;OS;4;66;M;F;6574;EMP
057540040040-1460;057540040040;100mN32130E42124;MC;OS;4;73;S;M;6574;EMP
057540040040-1461;057540040040;100mN32124E42146;MC;NA;5;47;M;M;4049;NEP
057540040040-1461;057540040040;100mN32124E42146;MC;NA;5;44;M;F;4049;NEP
057540040040-1461;057540040040;100mN32124E42146;MC;NA;5;13;S;F;0614;NEP
057540040040-1461;057540040040;100mN32124E42146;MC;NA;5;11;S;F;0614;NEP
057540040040-1461;057540040040;100mN32124E42146;MC;NA;5;31;W;F;3039;NEP
057540040040-1462;057540040040;100mN32130E42124;S;NA;1;82;W;F;75XX;NEP
057540040040-1463;057540040040;100mN32130E42124;MC;NA;2;56;M;F;5064;EMP
057540040040-1463;057540040040;100mN32130E42124;MC;NA;2;58;M;M;5064;EMP
057540040040-1464;057540040040;100mN32121E42123;MC;NA;2;44;M;F;4049;EMP
057540040040-1464;057540040040;100mN32121E42123;MC;NA;2;52;M;M;5064;EMP
057540040040-1465;057540040040;100mN32114E42118;MC;NA;2;63;M;M;5064;EMP
057540040040-1465;057540040040;100mN32114E42118;MC;NA;2;62;M;F;5064;EMP
057540040040-1466;057540040040;100mN32125E42146;S;NA;1;45;D;M;4049;NEP
057540040040-1467;057540040040;100mN32130E42124;S;NA;1;42;S;M;4049;EMP
057540040040-1468;057540040040;100mN32142E42116;MC;NA;2;43;M;F;4049;EMP
057540040040-1468;057540040040;100mN32142E42116;MC;NA;2;55;M;M;5064;NEP
057540040040-1469;057540040040;100mN32136E42120;SM;NA;4;65;S;M;6574;EMP
057540040040-1469;057540040040;100mN32136E42120;SM;NA;4;40;S;M;4049;NEP
057540040040-1469;057540040040;100mN32136E42120;SM;NA;4;45;S;M;4049;NEP
057540040040-1469;057540040040;100mN32136E42120;SM;NA;4;11;S;M;0614;NEP
057540040040-1470;057540040040;100mN32124E42115;S;OS;1;36;M;F;3039;EMP
057540040040-1471;057540040040;100mN32129E42151;MC;OS;4;75;M;M;75XX;NEP
057540040040-1471;057540040040;100mN32129E42151;MC;OS;4;68;M;F;6574;NEP
057540040040-1471;057540040040;100mN32129E42151;MC;OS;4;67;M;M;6574;EMP
057540040040-1471;057540040040;100mN32129E42151;MC;OS;4;86;S;F;75XX;NEP
057540040040-1472;057540040040;100mN32125E42114;MC;NA;3;52;M;F;5064;EMP
057540040040-1472;057540040040;100mN32125E42114;MC;NA;3;53;M;M;5064;NEP
057540040040-1472;057540040040;100mN32125E42114;MC;NA;3;37;W;F;3039;EMP
057540040040-1473;057540040040;100mN32129E42151;S;NA;1;61;M;M;5064;NEP
057540040040-1474;057540040040;100mN32112E42133;MC;MIX;3;87;W;F;75XX;NEP
057540040040-1474;057540040040;100mN32112E42133;MC;MIX;3;21;M;F;1824;NEP
057540040040-1474;057540040040;100mN32112E42133;MC;MIX;3;20;M;M;1824;EMP
057540040040-1475;057540040040;100mN32118E42117;PO;MIX;4;68;M;M;6574;NEP
057540040040-1475;057540040040;100mN32118E42117;PO;MIX;4;61;S;M;5064;EMP
057540040040-1475;057540040040;100mN32118E42117;PO;MIX;4;61;S;F;5064;EMP
057540040040-1475;057540040040;100mN32118E42117;PO;MIX;4;35;S;M;3039;EMP
057540040040-1476;057540040040;100mN32118E42117;S;NA;1;37;M;F;3039;EMP
057540040040-1477;057540040040;100mN32115E42132;MC;NA;4;46;M;F;4049;EMP
057540040040-1477;057540040040;100mN32115E42132;MC;NA;4;54;M;M;5064;EMP
057540040040-1477;057540040040;100mN32115E42132;MC;NA;4;2;S;M;0003;NEP
057540040040-1477;057540040040;100mN32115E42132;MC;NA;4;20;M;M;1824;EMP
057540040040-1478;057540040040;100mN32118E42117;MC;NA;3;48;M;M;4049;EMP
057540040040-1478;057540040040;100mN32118E42117;MC;NA;3;46;M;F;4049;NEP
057540040040-1478;057540040040;100mN32118E42117;MC;NA;3;21;S;M;1824;EMP
057540040040-1479;057540040040;100mN32130E42137;MC;NA;2;46;M;F;4049;NEP
057540040040-1479;057540040040;100mN32130E42137;MC;NA;2;48;M;M;4049;NEP
057540040040-1480;057540040040;100mN32116E42126;S;OS;1;38;D;F;3039;NEP
057540040040-1481;057540040040;100mN32118E42117;SF;NA;2;45;S;F;4049;NEP
057540040040-1481;057540040040;100mN32118E42117;SF;NA;2;10;S;M;0614;NEP
057540040040-1482;057540040040;100mN32091E42099;SF;MIX;3;88;M;F;75XX;EMP
057540040040-1482;057540040040;100mN32091E42099;SF;MIX;3;31;W;F;3039;EMP
057540040040-1482;057540040040;100mN32091E42099;SF;MIX;3;10;S;F;0614;NEP
057540040040-1483;057540040040;100mN32120E42122;MC;NA;4;46;M;M;4049;EMP
057540040040-1483;057540040040;100mN32120E42122;MC;NA;4;45;M;F;4049;EMP
057540040040-1483;057540040040;100mN32120E42122;MC;NA;4;13;S;F;0614;NEP
057540040040-1483;057540040040;100mN32120E42122;MC;NA;4;7;S;M;0614;NEP
057540040040-1484;057540040040;100mN32118E42117;MC;OS;2;76;M;F;75XX;NEP
057540040040-1484;057540040040;100mN32118E42117;MC;OS;2;76;M;M;75XX;EMP
057540040040-1485;057540040040;100mN32125E42147;MC;OS;4;67;M;F;6574;EMP
057540040040-1485;057540040040;100mN32125E42147;MC;OS;4;77;M;M;75XX;EMP
057540040040-1485;057540040040;100mN32125E42147;MC;OS;4;66;W;F;6574;EMP
057540040040-1485;057540040040;100mN32125E42147;MC;OS;4;80;W;F;75XX;EMP
057540040040-1486;057540040040;100mN32115E42125;S;NA;1;57;S;F;5064;NEP
057540040040-1487;057540040040;100mN32115E42128;PC;NA;3;63;P;F;5064;EMP
057540040040-1487;057540040040;100mN32115E42128;PC;NA;3;34;W;F;3039;EMP
057540040040-1487;057540040040;100mN32115E42128;PC;NA;3;41;M;M;4049;NEP
057540040040-1488;057540040040;100mN32131E42133;MC;OS;2;71;M;M;6574;EMP
057540040040-1488;057540040040;100mN32131E42133;MC;OS;2;68;M;F;6574;NEP
057540040040-1489;057540040040;100mN32125E42144;SM;MIX;3;86;W;F;75XX;NEP
057540040040-1489;057540040040;100mN32125E42144;SM;MIX;3;30;D;M;3039;EMP
057540040040-1489;057540040040;100mN32125E42144;SM;MIX;3;7;S;M;0614;NEP
057540040040-1490;057540040040;100mN32094E42118;SF;MIX;3;75;S;F;75XX;NEP
057540040040-1490;057540040040;100mN32094E42118;SF;MIX;3;42;S;F;4049;EMP
057540040040-1490;057540040040;100mN32094E42118;SF;MIX;3;18;S;F;1824;NEP
057540040040-1491;057540040040;100mN32118E42117;SF;MIX;2;73;W;F;6574;NEP
057540040040-1491;057540040040;100mN32118E42117;SF;MIX;2;15;S;F;1517;NEP
057540040040-1492;057540040040;100mN32103E42074;S;OS;1;36;W;M;3039;NEP
057540040040-1493;057540040040;100mN32136E42127;MC;OS;4;78;M;F;75XX;EMP
057540040040-1493;057540040040;100mN32136E42127;MC;OS;4;81;M;M;75XX;NEP
057540040040-1493;057540040040;100mN32136E42127;MC;OS;4;75;D;F;75XX;NEP
057540040040-1493;057540040040;100mN32136E42127;MC;OS;4;84;D;F;75XX;EMP
057540040040-1494;057540040040;100mN32118E42117;MC;NA;4;42;M;M;4049;NEP
057540040040-1494;057540040040;100mN32118E42117;MC;NA;4;41;M;F;4049;EMP
057540040040-1494;057540040040;100mN32118E42117;MC;NA;4;26;M;F;2529;EMP
057540040040-1494;057540040040;100mN32118E42117;MC;NA;4;6;S;F;0614;NEP
057540040040-1495;057540040040;100mN32112E42121;MC;MIX;2;72;M;F;6574;NEP
057540040040-1495;057540040040;100mN32112E42121;MC;MIX;2;50;M;M;5064;EMP
057540040040-1496;057540040040;100mN32111E42121;PO;OS;4;76;S;M;75XX;NEP
057540040040-1496;057540040040;100mN32111E42121;PO;OS;4;73;S;F;6574;EMP
057540040040-1496;057540040040;100mN32111E42121;PO;OS;4;66;W;F;6574;NEP
057540040040-1496;057540040040;100mN32111E42121;PO;OS;4;77;D;M;75XX;EMP
057540040040-1497;057540040040;100mN32115E42131;MC;OS;2;89;M;M;75XX;EMP
057540040040-1497;057540040040;100mN32115E42131;MC;OS;2;86;M;F;75XX;EMP
057540040040-1498;057540040040;100mN32137E42120;MC;NA;2;18;M;M;1824;EMP
057540040040-1498;057540040040;100mN32137E42120;MC;NA;2;18;M;F;1824;NEP
057540040040-1499;057540040040;100mN32109E42113;S;NA;1;18;M;M;1824;EMP
057540040040-1500;057540040040;100mN32109E42113;MC;OS;2;88;M;F;75XX;EMP
057540040040-1500;057540040040;100mN32109E42113;MC;OS;2;89;M;M;75XX;EMP
057540040040-1501;057540040040;100mN32099E42068;MC;OS;2;73;M;M;6574;EMP
057540040040-1501;057540040040;100mN32099E42068;MC;OS;2;79;M;F;75XX;NEP
057540040040-1502;057540040040;100mN32138E42124;MC;NA;2;21;M;M;1824;EMP
057540040040-1502;057540040040;100mN32138E42124;MC;NA;2;18;M;F;1824;EMP
057540040040-1503;057540040040;100mN32114E42119;S;OS;1;30;S;M;3039;EMP
057540040040-1504;057540040040;100mN32118E42126;MC;MIX;4;84;M;F;75XX;NEP
057540040040-1504;057540040040;100mN32118E42126;MC;MIX;4;26;M;M;2529;NEP
057540040040-1504;057540040040;100mN32118E42126;MC;MIX;4;25;M;F;2529;EMP
057540040040-1504;057540040040;100mN32118E42126;MC;MIX;4;8;S;F;0614;NEP
057540040040-1505;057540040040;100mN32131E42133;PO;MIX;2;70;S;M;6574;NEP
057540040040-1505;057540040040;100mN32131E42133;PO;MIX;2;60;M;M;5064;EMP
057540040040-1506;057540040040;100mN32125E42116;S;NA;1;44;M;M;4049;EMP
057540040040-1507;057540040040;100mN32109E42142;S;NA;1;19;S;M;1824;NEP
057540040040-1508;057540040040;100mN32138E42124;MC;NA;2;48;M;F;4049;UEP
057540040040-1508;057540040040;100mN32138E42124;MC;NA;2;51;M;M;5064;EMP
057540040040-1509;057540040040;100mN32105E42072;S;NA;1;27;S;F;2529;EMP
057540040040-1510;057540040040;100mN32138E42124;SF;MIX;2;89;D;F;75XX;NEP
057540040040-1510;057540040040;100mN32138E42124;SF;MIX;2;40;S;F;4049;EMP
057540040040-1511;057540040040;100mN32138E42124;S;OS;1;47;M;M;4049;EMP
057540040040-1512;057540040040;100mN32129E42113;S;OS;1;53;S;F;5064;EMP
057540040040-1513;057540040040;100mN32117E42113;MC;OS;5;72;M;M;6574;EMP
057540040040-1513;057540040040;100mN32117E42113;MC;OS;5;78;M;F;75XX;EMP
057540040040-1513;057540040040;100mN32117E42113;MC;OS;5;68;W;F;6574;EMP
057540040040-1513;057540040040;100mN32117E42113;MC;OS;5;68;D;F;6574;EMP
057540040040-1513;057540040040;100mN32117E42113;MC;OS;5;80;S;F;75XX;NEP
057540040040-1514;057540040040;100mN32138E42124;MC;NA;2;53;M;M;5064;NEP
057540040040-1514;057540040040;100mN32138E42124;MC;NA;2;18;M;F;1824;NEP
057540040040-1515;057540040040;100mN32117E42133;MC;MIX;2;78;M;M;75XX;NEP
057540040040-1515;057540040040;100mN32117E42133;MC;MIX;2;43;M;F;4049;EMP
057540040040-1516;057540040040;100mN32138E42124;S;NA;1;45;M;M;4049;NEP
057540040040-1517;057540040040;100mN32123E42142;MC;OS;2;87;M;F;75XX;NEP
057540040040-1517;057540040040;100mN32123E42142;MC;OS;2;41;S;M;4049;NEP
057540040040-1518;057540040040;100mN32141E42117;S;NA;1;46;D;F;4049;NEP
057540040040-1519;057540040040;100mN32118E42123;MC;MIX;3;82;W;M;75XX;EMP
057540040040-1519;057540040040;100mN32118E42123;MC;MIX;3;44;M;M;4049;EMP
057540040040-1519;057540040040;100mN32118E42123;MC;MIX;3;38;M;F;3039;EMP
057540040040-1520;057540040040;100mN32138E42124;MC;NA;3;48;M;M;4049;NEP
057540040040-1520;057540040040;100mN32138E42124;MC;NA;3;44;M;F;4049;EMP
057540040040-1520;057540040040;100mN32138E42124;MC;NA;3;11;S;M;0614;NEP
057540040040-1521;057540040040;100mN32114E42126;S;OS;1;46;S;M;4049;EMP
057540040040-1522;057540040040;100mN32130E42132;MC;OS;3;70;M;F;6574;NEP
057540040040-1522;057540040040;100mN32130E42132;MC;OS;3;77;M;M;75XX;EMP
057540040040-1522;057540040040;100mN32130E42132;MC;OS;3;77;M;F;75XX;NEP
057540040040-1523;057540040040;100mN32138E42124;MC;OS;2;68;M;F;6574;NEP
057540040040-1523;057540040040;100mN32138E42124;MC;OS;2;69;M;M;6574;EMP
057540040040-1524;057540040040;100mN32095E42067;S;OS;1;34;M;F;3039;NEP
057540040040-1525;057540040040;100mN32125E42145;S;OS;1;53;S;F;5064;NEP
057540040040-1526;057540040040;100mN32123E42145;MC;NA;2;53;M;F;5064;EMP
057540040040-1526;057540040040;100mN32123E42145;MC;NA;2;55;M;M;5064;EMP
057540040040-1527;057540040040;100mN32095E42067;MC;OS;2;86;M;M;75XX;EMP
057540040040-1527;057540040040;100mN32095E42067;MC;OS;2;85;M;F;75XX;NEP
057540040040-1528;057540040040;100mN32114E42125;MC;NA;2;48;M;M;4049;EMP
057540040040-1528;057540040040;100mN32114E42125;MC;NA;2;46;M;F;4049;NEP
057540040040-1529;057540040040;100mN32104E42072;MC;OS;3;68;M;M;6574;EMP
057540040040-1529;057540040040;100mN32104E42072;MC;OS;3;68;M;F;6574;NEP
057540040040-1529;057540040040;100mN32104E42072;MC;OS;3;85;M;M;75XX;EMP
057540040040-1530;057540040040;100mN32132E42133;S;OS;1;83;S;F;75XX;EMP
057540040040-1531;057540040040;100mN32132E42132;S;NA;1;58;W;M;5064;NEP
057540040040-1532;057540040040;100mN32095E42059;MC;NA;2;46;M;F;4049;EMP
057540040040-1532;057540040040;100mN32095E42059;MC;NA;2;55;M;M;5064;EMP
057540040040-1533;057540040040;100mN32095E42067;MC;NA;3;20;M;M;1824;NEP
057540040040-1533;057540040040;100mN32095E42067;MC;NA;3;21;M;F;1824;NEP
057540040040-1533;057540040040;100mN32095E42067;MC;NA;3;4;S;F;0305;NEP
057540040040-1534;057540040040;100mN32124E42142;S;OS;1;66;M;M;6574;EMP
057540040040-1535;057540040040;100mN32103E42075;MC;NA;2;53;M;M;5064;EMP
057540040040-1535;057540040040;100mN32103E42075;MC;NA;2;50;M;F;5064;EMP
057540040040-1536;057540040040;100mN32122E42147;S;NA;1;32;W;F;3039;NEP
057540040040-1537;057540040040;100mN32123E42144;S;NA;1;70;D;F;6574;EMP
057540040040-1538;057540040040;100mN32128E42093;MC;NA;4;47;M;M;4049;EMP
057540040040-1538;057540040040;100mN32128E42093;MC;NA;4;40;M;F;4049;NEP
057540040040-1538;057540040040;100mN32128E42093;MC;NA;4;20;S;M;1824;EMP
057540040040-1538;057540040040;100mN32128E42093;MC;NA;4;13;S;M;0614;NEP
057540040040-1539;057540040040;100mN32125E42140;S;NA;1;41;W;F;4049;EMP
057540040040-1540;057540040040;100mN32118E42132;S;NA;1;20;D;M;1824;EMP
057540040040-1541;057540040040;100mN32103E42075;MC;NA;2;50;M;M;5064;EMP
057540040040-1541;057540040040;100mN32103E42075;MC;NA;2;48;M;F;4049;NEP
057540040040-1542;057540040040;100mN32103E42075;SF;NA;4;28;W;F;2529;NEP
057540040040-1542;057540040040;100mN32103E42075;SF;NA;4;6;S;F;0614;NEP
057540040040-1542;057540040040;100mN32103E42075;SF;NA;4;11;S;M;0614;NEP
057540040040-1542;057540040040;100mN32103E42075;SF;NA;4;6;S;M;0614;NEP
057540040040-1543;057540040040;100mN32104E42073;MC;MIX;2;72;M;M;6574;NEP
057540040040-1543;057540040040;100mN32104E42073;MC;MIX;2;47;D;M;4049;EMP
057540040040-1544;057540040040;100mN32132E42133;MC;NA;3;46;M;M;4049;EMP
057540040040-1544;057540040040;100mN32132E42133;MC;NA;3;40;M;F;4049;EMP
057540040040-1544;057540040040;100mN32132E42133;MC;NA;3;13;S;M;0614;NEP
057540040040-1545;057540040040;100mN32117E42113;S;OS;1;37;M;M;3039;EMP
057540040040-1546;057540040040;100mN32123E42120;S;OS;1;61;S;M;5064;EMP
057540040040-1547;057540040040;100mN32126E42137;PO;NA;2;50;S;M;5064;EMP
057540040040-1547;057540040040;100mN32126E42137;PO;NA;2;47;S;M;4049;EMP
057540040040-1548;057540040040;100mN32136E42126;MC;NA;4;62;M;M;5064;EMP
057540040040-1548;057540040040;100mN32136E42126;MC;NA;4;62;M;F;5064;NEP
057540040040-1548;057540040040;100mN32136E42126;MC;NA;4;42;M;M;4049;NEP
057540040040-1548;057540040040;100mN32136E42126;MC;NA;4;3;S;M;0305;NEP
057540040040-1549;057540040040;100mN32112E42145;SF;NA;4;28;S;F;2529;UEP
057540040040-1549;057540040040;100mN32112E42145;SF;NA;4;12;S;M;0614;NEP
057540040040-1549;057540040040;100mN32112E42145;SF;NA;4;8;S;F;0614;NEP
057540040040-1549;057540040040;100mN32112E42145;SF;NA;4;3;S;M;0305;NEP
057540040040-1550;057540040040;100mN32098E42067;S;OS;1;59;W;F;5064;NEP
057540040040-1551;057540040040;100mN32088E42131;MC;NA;2;56;M;M;5064;EMP
057540040040-1551;057540040040;100mN32088E42131;MC;NA;2;56;M;F;5064;EMP
057540040040-1552;057540040040;100mN32098E42067;MC;NA;2;37;M;M;3039;NEP
057540040040-1552;057540040040;100mN32098E42067;MC;NA;2;36;M;F;3039;EMP
057540040040-1553;057540040040;100mN32105E42093;S;NA;1;62;S;M;5064;NEP
057540040040-1554;057540040040;100mN32113E42119;MC;NA;4;26;M;M;2529;NEP
057540040040-1554;057540040040;100mN32113E42119;MC;NA;4;25;M;F;2529;EMP
057540040040-1554;057540040040;100mN32113E42119;MC;NA;4;8;S;F;0614;NEP
057540040040-1554;057540040040;100mN32113E42119;MC;NA;4;6;S;M;0614;NEP
057540040040-1555;057540040040;100mN32118E42123;MC;MIX;3;82;W;M;75XX;EMP
057540040040-1555;057540040040;100mN32118E42123;MC;MIX;3;44;M;M;4049;EMP
057540040040-1555;057540040040;100mN32118E42123;MC;MIX;3;38;M;F;3039;EMP
057540040040-1556;057540040040;100mN32112E42124;S;NA;1;53;D;M;5064;NEP
057540040040-1557;057540040040;100mN32128E42133;MC;NA;3;33;M;M;3039;EMP
057540040040-1557;057540040040;100mN32128E42133;MC;NA;3;31;M;F;3039;NEP
057540040040-1557;057540040040;100mN32128E42133;MC;NA;3;10;S;M;0614;NEP
057540040040-1558;057540040040;100mN32137E42121;PO;OS;2;73;S;F;6574;NEP
057540040040-1558;057540040040;100mN32137E42121;PO;OS;2;75;S;M;75XX;EMP
057540040040-1559;057540040040;100mN32121E42113;MC;NA;5;45;M;M;4049;EMP
057540040040-1559;057540040040;100mN32121E42113;MC;NA;5;51;M;F;5064;EMP
057540040040-1559;057540040040;100mN32121E42113;MC;NA;5;0;S;M;0003;NEP
057540040040-1559;057540040040;100mN32121E42113;MC;NA;5;3;S;F;0305;NEP
057540040040-1559;057540040040;100mN32121E42113;MC;NA;5;3;S;M;0305;NEP
057540040040-1560;057540040040;100mN32136E42126;MC;MIX;3;84;D;M;75XX;EMP
057540040040-1560;057540040040;100mN32136E42126;MC;MIX;3;20;M;M;1824;EMP
057540040040-1560;057540040040;100mN32136E42126;MC;MIX;3;18;M;F;1824;UEP
057540040040-1561;057540040040;100mN32086E42060;S;NA;1;72;W;F;6574;EMP
057540040040-1562;057540040040;100mN32126E42139;S;NA;1;58;D;M;5064;EMP
057540040040-1563;057540040040;100mN32100E42071;MC;NA;3;41;M;M;4049;EMP
057540040040-1563;057540040040;100mN32100E42071;MC;NA;3;40;M;F;4049;NEP
057540040040-1563;057540040040;100mN32100E42071;MC;NA;3;21;D;F;1824;EMP
057540040040-1564;057540040040;100mN32123E42136;S;OS;1;44;W;F;4049;EMP
057540040040-1565;057540040040;100mN32140E42118;S;NA;1;58;M;F;5064;EMP
057540040040-1566;057540040040;100mN32131E42132;MC;NA;2;42;M;F;4049;EMP
057540040040-1566;057540040040;100mN32131E42132;MC;NA;2;48;M;M;4049;NEP
057540040040-1567;057540040040;100mN32106E42072;S;NA;1;58;M;M;5064;EMP
057540040040-1568;057540040040;100mN32106E42072;S;NA;1;41;M;M;4049;EMP
057540040040-1569;057540040040;100mN32131E42136;MC;OS;2;66;M;M;6574;NEP
057540040040-1569;057540040040;100mN32131E42136;MC;OS;2;86;M;F;75XX;EMP
057540040040-1570;057540040040;100mN32106E42072;PO;NA;4;55;S;F;5064;NEP
057540040040-1570;057540040040;100mN32106E42072;PO;NA;4;63;S;M;5064;EMP
057540040040-1570;057540040040;100mN32106E42072;PO;NA;4;8;S;M;0614;NEP
057540040040-1570;057540040040;100mN32106E42072;PO;NA;4;37;M;F;3039;EMP
057540040040-1571;057540040040;100mN32123E42122;S;NA;1;68;M;M;6574;EMP
057540040040-1572;057540040040;100mN32123E42142;PO;MIX;2;83;S;F;75XX;NEP
057540040040-1572;057540040040;100mN32123E42142;PO;MIX;2;60;S;M;5064;EMP
057540040040-1573;057540040040;100mN32102E42072;MC;OS;2;69;M;F;6574;EMP
057540040040-1573;057540040040;100mN32102E42072;MC;OS;2;70;M;M;6574;EMP
057540040040-1574;057540040040;100mN32107E42139;S;NA;1;54;W;M;5064;EMP
057540040040-1575;057540040040;100mN32111E42124;S;NA;1;16;S;M;1517;EMP
057540040040-1576;057540040040;100mN32106E42072;MC;MIX;4;79;M;F;75XX;NEP
057540040040-1576;057540040040;100mN32106E42072;MC;MIX;4;60;M;F;5064;EMP
057540040040-1576;057540040040;100mN32106E42072;MC;MIX;4;62;M;M;5064;EMP
057540040040-1576;057540040040;100mN32106E42072;MC;MIX;4;15;S;F;1517;EMP
057540040040-1577;057540040040;100mN32114E42128;SF;NA;3;37;W;F;3039;EMP
057540040040-1577;057540040040;100mN32114E42128;SF;NA;3;10;S;M;0614;NEP
057540040040-1577;057540040040;100mN32114E42128;SF;NA;3;11;S;F;0614;NEP
057540040040-1578;057540040040;100mN32124E42144;MC;NA;2;28;M;M;2529;EMP
057540040040-1578;057540040040;100mN32124E42144;MC;NA;2;28;M;F;2529;EMP
057540040040-1579;057540040040;100mN32097E42095;MC;OS;2;83;M;F;75XX;EMP
057540040040-1579;057540040040;100mN32097E42095;MC;OS;2;84;M;M;75XX;EMP
057540040040-1580;057540040040;100mN32123E42115;SF;NA;2;27;W;F;2529;NEP
057540040040-1580;057540040040;100mN32123E42115;SF;NA;2;10;S;F;0614;NEP
057540040040-1581;057540040040;100mN32095E42116;S;NA;1;16;S;M;1517;EMP
057540040040-1582;057540040040;100mN32103E42071;MC;NA;3;40;M;F;4049;UEP
057540040040-1582;057540040040;100mN32103E42071;MC;NA;3;57;M;M;5064;EMP
057540040040-1582;057540040040;100mN32103E42071;MC;NA;3;8;S;M;0614;NEP
057540040040-1583;057540040040;100mN32136E42132;MC;OS;3;65;M;M;6574;EMP
057540040040-1583;057540040040;100mN32136E42132;MC;OS;3;66;M;F;6574;EMP
057540040040-1583;057540040040;100mN32136E42132;MC;OS;3;76;W;M;75XX;EMP
057540040040-1584;057540040040;100mN32118E42124;SF;NA;4;42;D;F;4049;NEP
057540040040-1584;057540040040;100mN32118E42124;SF;NA;4;6;S;F;0614;NEP
057540040040-1584;057540040040;100mN32118E42124;SF;NA;4;13;S;M;0614;NEP
057540040040-1584;057540040040;100mN32118E42124;SF;NA;4;0;S;F;0003;NEP
057540040040-1585;057540040040;100mN32123E42115;S;NA;1;58;M;M;5064;EMP
057540040040-1586;057540040040;100mN32133E42133;MC;NA;2;22;M;F;1824;EMP
057540040040-1586;057540040040;100mN32133E42133;MC;NA;2;21;M;M;1824;EMP
057540040040-1587;057540040040;100mN32123E42115;MC;MIX;2;79;M;F;75XX;NEP
057540040040-1587;057540040040;100mN32123E42115;MC;MIX;2;47;S;F;4049;EMP
057540040040-1588;057540040040;100mN32130E42133;PO;NA;2;54;S;M;5064;NEP
057540040040-1588;057540040040;100mN32130E42133;PO;NA;2;46;S;F;4049;NEP
057540040040-1589;057540040040;100mN32123E42115;S;NA;1;62;M;M;5064;EMP
057540040040-1590;057540040040;100mN32103E42073;S;OS;1;52;M;F;5064;NEP
057540040040-1591;057540040040;100mN32123E42115;S;NA;1;54;M;F;5064;EMP
057540040040-1592;057540040040;100mN32105E42076;MC;NA;2;21;M;F;1824;NEP
057540040040-1592;057540040040;100mN32105E42076;MC;NA;2;18;M;M;1824;NEP
057540040040-1593;057540040040;100mN32125E42114;MC;NA;3;52;M;F;5064;EMP
057540040040-1593;057540040040;100mN32125E42114;MC;NA;3;53;M;M;5064;NEP
057540040040-1593;057540040040;100mN32125E42114;MC;NA;3;37;W;F;3039;EMP
057540040040-1594;057540040040;100mN32120E42128;S;OS;1;71;M;F;6574;NEP
057540040040-1595;057540040040;100mN32123E42115;MC;NA;2;41;M;M;4049;EMP
057540040040-1595;057540040040;100mN32123E42115;MC;NA;2;41;M;F;4049;EMP
057540040040-1596;057540040040;100mN32131E42133;S;OS;1;47;M;M;4049;EMP
057540040040-1597;057540040040;100mN32104E42076;S;NA;1;68;M;M;6574;EMP
057540040040-1598;057540040040;100mN32111E42119;MC;OS;2;69;M;M;6574;EMP
057540040040-1598;057540040040;100mN32111E42119;MC;OS;2;67;M;F;6574;EMP
057540040040-1599;057540040040;100mN32108E42087;S;NA;1;77;S;F;75XX;NEP
057540040040-1600;057540040040;100mN32113E42126;MC;NA;3;51;M;F;5064;NEP
057540040040-1600;057540040040;100mN32113E42126;MC;NA;3;54;M;M;5064;EMP
057540040040-1600;057540040040;100mN32113E42126;MC;NA;3;12;S;M;0614;NEP
057540040040-1601;057540040040;100mN32099E42129;S;NA;1;57;M;M;5064;EMP
057540040040-1602;057540040040;100mN32123E42142;S;OS;1;43;S;F;4049;EMP
057540040040-1603;057540040040;100mN32118E42123;MC;MIX;3;82;W;M;75XX;EMP
057540040040-1603;057540040040;100mN32118E42123;MC;MIX;3;44;M;M;4049;EMP
057540040040-1603;057540040040;100mN32118E42123;MC;MIX;3;38;M;F;3039;EMP
057540040040-1604;057540040040;100mN32099E42129;MC;OS;4;73;M;F;6574;EMP
057540040040-1604;057540040040;100mN32099E42129;MC;OS;4;69;M;M;6574;NEP
057540040040-1604;057540040040;100mN32099E42129;MC;OS;4;66;M;F;6574;EMP
057540040040-1604;057540040040;100mN32099E42129;MC;OS;4;80;W;F;75XX;NEP
057540040040-1605;057540040040;100mN32129E42113;S;OS;1;53;S;F;5064;EMP
057540040040-1606;057540040040;100mN32113E42121;S;NA;1;71;S;F;6574;EMP
057540040040-1607;057540040040;100mN32113E42121;MC;NA;2;46;M;F;4049;EMP
057540040040-1607;057540040040;100mN32113E42121;MC;NA;2;55;M;M;5064;EMP
057540040040-1608;057540040040;100mN32125E42115;MC;NA;4;42;M;M;4049;NEP
057540040040-1608;057540040040;100mN32125E42115;MC;NA;4;33;M;F;3039;EMP
057540040040-1608;057540040040;100mN32125E42115;MC;NA;4;22;D;F;1824;UEP
057540040040-1608;057540040040;100mN32125E42115;MC;NA;4;13;S;F;0614;NEP
057540040040-1609;057540040040;100mN32117E42126;MC;OS;5;71;M;M;6574;NEP
057540040040-1609;057540040040;100mN32117E42126;MC;OS;5;72;M;F;6574;UEP
057540040040-1609;057540040040;100mN32117E42126;MC;OS;5;81;S;F;75XX;NEP
057540040040-1609;057540040040;100mN32117E42126;MC;OS;5;81;D;F;75XX;NEP
057540040040-1609;057540040040;100mN32117E42126;MC;OS;5;78;D;F;75XX;NEP
057540040040-1610;057540040040;100mN32113E42121;SF;NA;2;20;D;F;1824;EMP
057540040040-1610;057540040040;100mN32113E42121;SF;NA;2;1;S;M;0003;NEP
057540040040-1611;057540040040;100mN32115E42126;MC;NA;4;57;M;F;5064;EMP
057540040040-1611;057540040040;100mN32115E42126;MC;NA;4;59;M;M;5064;EMP
057540040040-1611;057540040040;100mN32115E42126;MC;NA;4;41;M;M;4049;EMP
057540040040-1611;057540040040;100mN32115E42126;MC;NA;4;40;M;M;4049;EMP
057540040040-1612;057540040040;100mN32142E42116;MC;MIX;2;75;M;F;75XX;EMP
057540040040-1612;057540040040;100mN32142E42116;MC;MIX;2;65;M;F;6574;EMP
057540040040-1613;057540040040;100mN32118E42126;MC;OS;4;69;M;M;6574;NEP
057540040040-1613;057540040040;100mN32118E42126;MC;OS;4;67;M;F;6574;EMP
057540040040-1613;057540040040;100mN32118E42126;MC;OS;4;76;W;F;75XX;EMP
057540040040-1613;057540040040;100mN32118E42126;MC;OS;4;73;M;F;6574;EMP
057540040040-1614;057540040040;100mN32114E42125;MC;NA;2;48;M;M;4049;EMP
057540040040-1614;057540040040;100mN32114E42125;MC;NA;2;46;M;F;4049;NEP
057540040040-1615;057540040040;100mN32113E42121;MC;NA;3;36;M;F;3039;EMP
057540040040-1615;057540040040;100mN32113E42121;MC;NA;3;43;M;M;4049;NEP
057540040040-1615;057540040040;100mN32113E42121;MC;NA;3;11;S;F;0614;NEP
057540040040-1616;057540040040;100mN32113E42121;PO;MIX;3;81;S;M;75XX;NEP
057540040040-1616;057540040040;100mN32113E42121;PO;MIX;3;35;S;M;3039;EMP
057540040040-1616;057540040040;100mN32113E42121;PO;MIX;3;37;S;F;3039;EMP
057540040040-1617;057540040040;100mN32115E42121;MC;OS;2;84;M;M;75XX;NEP
057540040040-1617;057540040040;100mN32115E42121;MC;OS;2;85;M;F;75XX;NEP
057540040040-1618;057540040040;100mN32136E42125;SF;NA;2;70;W;F;6574;EMP
057540040040-1618;057540040040;100mN32136E42125;SF;NA;2;10;S;M;0614;NEP
057540040040-1619;057540040040;100mN32113E42121;MC;NA;3;55;M;M;5064;EMP
057540040040-1619;057540040040;100mN32113E42121;MC;NA;3;47;M;F;4049;EMP
057540040040-1619;057540040040;100mN32113E42121;MC;NA;3;15;S;F;1517;NEP
057540040040-1620;057540040040;100mN32113E42121;S;NA;1;42;D;F;4049;EMP
057540040040-1621;057540040040;100mN32114E42121;PO;NA;4;62;S;F;5064;EMP
057540040040-1621;057540040040;100mN32114E42121;PO;NA;4;63;S;F;5064;EMP
057540040040-1621;057540040040;100mN32114E42121;PO;NA;4;12;S;F;0614;NEP
057540040040-1621;057540040040;100mN32114E42121;PO;NA;4;6;S;M;0614;NEP
057540040040-1622;057540040040;100mN32121E42147;MC;NA;2;52;M;F;5064;EMP
057540040040-1622;057540040040;100mN32121E42147;MC;NA;2;54;M;M;5064;EMP
057540040040-1623;057540040040;100mN32113E42126;MC;NA;3;40;M;F;4049;EMP
057540040040-1623;057540040040;100mN32113E42126;MC;NA;3;32;M;M;3039;EMP
057540040040-1623;057540040040;100mN32113E42126;MC;NA;3;11;S;M;0614;NEP
057540040040-1624;057540040040;100mN32113E42121;MC;OS;2;68;M;M;6574;NEP
057540040040-1624;057540040040;100mN32113E42121;MC;OS;2;73;M;F;6574;EMP
057540040040-1625;057540040040;100mN32113E42121;PO;NA;4;63;S;M;5064;EMP
057540040040-1625;057540040040;100mN32113E42121;PO;NA;4;63;S;F;5064;NEP
057540040040-1625;057540040040;100mN32113E42121;PO;NA;4;40;M;F;4049;EMP
057540040040-1625;057540040040;100mN32113E42121;PO;NA;4;22;M;F;1824;EMP
057540040040-1626;057540040040;100mN32113E42121;MC;NA;3;41;M;F;4049;EMP
057540040040-1626;057540040040;100mN32113E42121;MC;NA;3;41;M;M;4049;EMP
057540040040-1626;057540040040;100mN32113E42121;MC;NA;3;6;S;F;0614;NEP
057540040040-1627;057540040040;100mN32113E42121;MC;OS;3;89;M;F;75XX;UEP
057540040040-1627;057540040040;100mN32113E42121;MC;OS;3;59;M;F;5064;NEP
057540040040-1627;057540040040;100mN32113E42121;MC;OS;3;66;S;F;6574;NEP
057540040040-1628;057540040040;100mN32111E42123;MC;NA;2;46;M;M;4049;EMP
057540040040-1628;057540040040;100mN32111E42123;MC;NA;2;37;M;F;3039;NEP
057540040040-1629;057540040040;100mN32123E42112;S;NA;1;62;M;M;5064;NEP
057540040040-1630;057540040040;100mN32141E42118;MC;NA;2;52;M;M;5064;NEP
057540040040-1630;057540040040;100mN32141E42118;MC;NA;2;52;M;F;5064;EMP
057540040040-1631;057540040040;100mN32107E42123;MC;NA;2;50;M;F;5064;UEP
057540040040-1631;057540040040;100mN32107E42123;MC;NA;2;56;M;M;5064;NEP
057540040040-1632;057540040040;100mN32096E42069;MC;OS;3;85;M;F;75XX;EMP
057540040040-1632;057540040040;100mN32096E42069;MC;OS;3;88;M;M;75XX;EMP
057540040040-1632;057540040040;100mN32096E42069;MC;OS;3;73;S;M;6574;EMP
057540040040-1633;057540040040;100mN32123E42120;SM;NA;3;85;S;M;75XX;NEP
057540040040-1633;057540040040;100mN32123E42120;SM;NA;3;15;S;F;1517;EMP
057540040040-1633;057540040040;100mN32123E42120;SM;NA;3;4;S;F;0305;NEP
057540040040-1634;057540040040;100mN32124E42147;MC;NA;2;31;M;F;3039;NEP
057540040040-1634;057540040040;100mN32124E42147;MC;NA;2;33;M;M;3039;EMP
057540040040-1635;057540040040;100mN32113E42121;MC;NA;2;36;M;M;3039;EMP
057540040040-1635;057540040040;100mN32113E42121;MC;NA;2;31;M;F;3039;EMP
057540040040-1636;057540040040;100mN32101E42074;MC;MIX;2;73;M;M;6574;NEP
057540040040-1636;057540040040;100mN32101E42074;MC;MIX;2;32;S;M;3039;NEP
057540040040-1637;057540040040;100mN32124E42143;MC;NA;2;26;M;M;2529;EMP
057540040040-1637;057540040040;100mN32124E42143;MC;NA;2;18;M;F;1824;EMP
057540040040-1638;057540040040;100mN32118E42124;MC;NA;2;57;M;M;5064;EMP
057540040040-1638;057540040040;100mN32118E42124;MC;NA;2;57;M;F;5064;EMP
057540040040-1639;057540040040;100mN32105E42099;S;NA;1;57;M;M;5064;EMP
057540040040-1640;057540040040;100mN32113E42121;MC;NA;5;41;M;F;4049;NEP
057540040040-1640;057540040040;100mN32113E42121;MC;NA;5;60;M;M;5064;EMP
057540040040-1640;057540040040;100mN32113E42121;MC;NA;5;11;S;M;0614;NEP
057540040040-1640;057540040040;100mN32113E42121;MC;NA;5;1;S;F;0003;NEP
057540040040-1640;057540040040;100mN32113E42121;MC;NA;5;13;S;M;0614;NEP
057540040040-1641;057540040040;100mN32113E42121;MC;OS;2;69;M;M;6574;EMP
057540040040-1641;057540040040;100mN32113E42121;MC;OS;2;67;M;F;6574;NEP
057540040040-1642;057540040040;100mN32118E42125;MC;NA;3;37;M;M;3039;NEP
057540040040-1642;057540040040;100mN32118E42125;MC;NA;3;37;M;F;3039;EMP
057540040040-1642;057540040040;100mN32118E42125;MC;NA;3;15;S;F;1517;EMP
057540040040-1643;057540040040;100mN32113E42121;S;NA;1;82;D;F;75XX;NEP
057540040040-1644;057540040040;100mN32104E42071;PO;NA;3;25;S;M;2529;NEP
057540040040-1644;057540040040;100mN32104E42071;PO;NA;3;23;S;F;1824;EMP
057540040040-1644;057540040040;100mN32104E42071;PO;NA;3;6;S;M;0614;NEP
057540040040-1645;057540040040;100mN32130E42133;MC;NA;2;32;M;F;3039;NEP
057540040040-1645;057540040040;100mN32130E42133;MC;NA;2;35;M;M;3039;EMP
057540040040-1646;057540040040;100mN32114E42126;SF;NA;2;52;W;F;5064;EMP
057540040040-1646;057540040040;100mN32114E42126;SF;NA;2;6;S;M;0614;NEP
057540040040-1647;057540040040;100mN32112E42122;MC;NA;2;36;M;F;3039;NEP
057540040040-1647;057540040040;100mN32112E42122;MC;NA;2;40;M;M;4049;NEP
057540040040-1648;057540040040;100mN32131E42136;MC;OS;2;66;M;M;6574;NEP
057540040040-1648;057540040040;100mN32131E42136;MC;OS;2;86;M;F;75XX;EMP
057540040040-1649;057540040040;100mN32130E42133;MC;NA;5;23;M;M;1824;EMP
057540040040-1649;057540040040;100mN32130E42133;MC;NA;5;23;M;F;1824;NEP
057540040040-1649;057540040040;100mN32130E42133;MC;NA;5;7;S;F;0614;NEP
057540040040-1649;057540040040;100mN32130E42133;MC;NA;5;4;S;M;0305;NEP
057540040040-1649;057540040040;100mN32130E42133;MC;NA;5;8;S;M;0614;NEP
057540040040-1650;057540040040;100mN32130E42133;MC;MIX;2;70;M;F;6574;UEP
057540040040-1650;057540040040;100mN32130E42133;MC;MIX;2;54;M;F;5064;NEP
057540040040-1651;057540040040;100mN32130E42133;PO;NA;2;54;S;M;5064;NEP
057540040040-1651;057540040040;100mN32130E42133;PO;NA;2;46;S;F;4049;NEP
057540040040-1652;057540040040;100mN32130E42133;SF;MIX;5;73;S;F;6574;UEP
057540040040-1652;057540040040;100mN32130E42133;SF;MIX;5;57;D;F;5064;EMP
057540040040-1652;057540040040;100mN32130E42133;SF;MIX;5;4;S;F;0305;NEP
057540040040-1652;057540040040;100mN32130E42133;SF;MIX;5;2;S;M;0003;NEP
057540040040-1652;057540040040;100mN32130E42133;SF;MIX;5;10;S;F;0614;NEP
057540040040-1653;057540040040;100mN32119E42133;S;NA;1;40;S;M;4049;NEP
057540040040-1654;057540040040;100mN32130E42133;PO;NA;3;36;S;M;3039;EMP
057540040040-1654;057540040040;100mN32130E42133;PO;NA;3;37;S;M;3039;EMP
057540040040-1654;057540040040;100mN32130E42133;PO;NA;3;8;S;M;0614;NEP
057540040040-1655;057540040040;100mN32116E42121;MC;NA;2;28;M;M;2529;EMP
057540040040-1655;057540040040;100mN32116E42121;MC;NA;2;26;M;F;2529;NEP
057540040040-1656;057540040040;100mN32121E42147;SF;NA;2;70;W;F;6574;NEP
057540040040-1656;057540040040;100mN32121E42147;SF;NA;2;11;S;F;0614;NEP
057540040040-1657;057540040040;100mN32130E42133;S;OS;1;76;M;F;75XX;NEP
057540040040-1658;057540040040;100mN32132E42118;MC;MIX;2;65;M;M;6574;EMP
057540040040-1658;057540040040;100mN32132E42118;MC;MIX;2;59;M;F;5064;EMP
057540040040-1659;057540040040;100mN32124E42141;S;NA;1;37;S;M;3039;EMP
057540040040-1660;057540040040;100mN32128E42136;MC;OS;2;75;M;F;75XX;NEP
057540040040-1660;057540040040;100mN32128E42136;MC;OS;2;87;M;M;75XX;NEP
057540040040-1661;057540040040;100mN32127E42142;S;NA;1;57;D;M;5064;EMP
057540040040-1662;057540040040;100mN32102E42071;SF;NA;4;88;W;F;75XX;NEP
057540040040-1662;057540040040;100mN32102E42071;SF;NA;4;38;S;F;3039;EMP
057540040040-1662;057540040040;100mN32102E42071;SF;NA;4;55;M;F;5064;NEP
057540040040-1662;057540040040;100mN32102E42071;SF;NA;4;12;S;F;0614;NEP
057540040040-1663;057540040040;100mN32126E42141;S;NA;1;54;M;M;5064;EMP
057540040040-1664;057540040040;100mN32128E42136;S;NA;1;23;M;M;1824;EMP
057540040040-1665;057540040040;100mN32128E42136;MC;NA;3;42;M;F;4049;EMP
057540040040-1665;057540040040;100mN32128E42136;MC;NA;3;44;M;M;4049;EMP
057540040040-1665;057540040040;100mN32128E42136;MC;NA;3;4;S;M;0305;NEP
057540040040-1666;057540040040;100mN32128E42136;PO;OS;2;69;S;F;6574;NEP
057540040040-1666;057540040040;100mN32128E42136;PO;OS;2;75;S;F;75XX;EMP
057540040040-1667;057540040040;100mN32088E42132;MC;NA;2;41;M;F;4049;NEP
057540040040-1667;057540040040;100mN32088E42132;MC;NA;2;40;M;M;4049;EMP
057540040040-1668;057540040040;100mN32128E42136;MC;NA;5;38;M;M;3039;NEP
057540040040-1668;057540040040;100mN32128E42136;MC;NA;5;38;M;F;3039;NEP
057540040040-1668;057540040040;100mN32128E42136;MC;NA;5;18;M;M;1824;NEP
057540040040-1668;057540040040;100mN32128E42136;MC;NA;5;20;S;M;1824;NEP
057540040040-1668;057540040040;100mN32128E42136;MC;NA;5;13;S;M;0614;NEP
057540040040-1669;057540040040;100mN32112E42119;MC;OS;2;81;M;F;75XX;EMP
057540040040-1669;057540040040;100mN32112E42119;MC;OS;2;86;M;M;75XX;EMP
057540040040-1670;057540040040;100mN32128E42136;MC;NA;2;27;M;M;2529;NEP
057540040040-1670;057540040040;100mN32128E42136;MC;NA;2;27;M;F;2529;EMP
057540040040-1671;057540040040;100mN32124E42141;SF;NA;4;16;S;F;1517;EMP
057540040040-1671;057540040040;100mN32124E42141;SF;NA;4;0;S;F;0003;NEP
057540040040-1671;057540040040;100mN32124E42141;SF;NA;4;0;S;M;0003;NEP
057540040040-1671;057540040040;100mN32124E42141;SF;NA;4;1;S;F;0003;NEP
057540040040-1672;057540040040;100mN32129E42134;S;NA;1;53;M;M;5064;NEP
057540040040-1673;057540040040;100mN32111E42147;S;NA;1;48;S;M;4049;NEP
057540040040-1674;057540040040;100mN32114E42131;S;NA;1;71;D;F;6574;NEP
057540040040-1675;057540040040;100mN32128E42136;MC;NA;2;38;M;M;3039;NEP
057540040040-1675;057540040040;100mN32128E42136;MC;NA;2;36;M;F;3039;EMP
057540040040-1676;057540040040;100mN32136E42130;MC;OS;2;69;M;F;6574;UEP
057540040040-1676;057540040040;100mN32136E42130;MC;OS;2;76;M;M;75XX;EMP
057540040040-1677;057540040040;100mN32115E42127;S;OS;1;37;S;F;3039;EMP
057540040040-1678;057540040040;100mN32128E42136;S;NA;1;41;M;F;4049;EMP
057540040040-1679;057540040040;100mN32138E42120;MC;NA;2;45;M;M;4049;NEP
057540040040-1679;057540040040;100mN32138E42120;MC;NA;2;48;M;F;4049;NEP
057540040040-1680;057540040040;100mN32128E42136;MC;OS;2;65;M;M;6574;NEP
057540040040-1680;057540040040;100mN32128E42136;MC;OS;2;82;M;F;75XX;EMP
057540040040-1681;057540040040;100mN32132E42132;SF;NA;2;41;D;F;4049;EMP
057540040040-1681;057540040040;100mN32132E42132;SF;NA;2;25;M;M;2529;EMP
057540040040-1682;057540040040;100mN32112E42146;S;NA;1;66;M;F;6574;EMP
057540040040-1683;057540040040;100mN32125E42105;MC;NA;4;42;M;F;4049;NEP
057540040040-1683;057540040040;100mN32125E42105;MC;NA;4;47;M;M;4049;NEP
057540040040-1683;057540040040;100mN32125E42105;MC;NA;4;27;M;F;2529;EMP
057540040040-1683;057540040040;100mN32125E42105;MC;NA;4;8;S;M;0614;NEP
057540040040-1684;057540040040;100mN32113E42117;S;NA;1;60;M;M;5064;EMP
057540040040-1685;057540040040;100mN32128E42136;S;OS;1;60;M;M;5064;EMP
057540040040-1686;057540040040;100mN32128E42136;S;OS;1;38;M;M;3039;NEP
057540040040-1687;057540040040;100mN32116E42121;S;NA;1;46;D;F;4049;EMP
057540040040-1688;057540040040;100mN32112E42118;MC;NA;4;62;M;F;5064;NEP
057540040040-1688;057540040040;100mN32112E42118;MC;NA;4;62;M;M;5064;EMP
057540040040-1688;057540040040;100mN32112E42118;MC;NA;4;8;S;M;0614;NEP
057540040040-1688;057540040040;100mN32112E42118;MC;NA;4;13;S;F;0614;NEP
057540040040-1689;057540040040;100mN32126E42146;MC;NA;3;32;M;F;3039;NEP
057540040040-1689;057540040040;100mN32126E42146;MC;NA;3;35;M;M;3039;EMP
057540040040-1689;057540040040;100mN32126E42146;MC;NA;3;13;S;M;0614;NEP
057540040040-1690;057540040040;100mN32128E42136;MC;OS;4;67;M;M;6574;NEP
057540040040-1690;057540040040;100mN32128E42136;MC;OS;4;77;M;F;75XX;EMP
057540040040-1690;057540040040;100mN32128E42136;MC;OS;4;85;W;F;75XX;EMP
057540040040-1690;057540040040;100mN32128E42136;MC;OS;4;65;M;F;6574;EMP
057540040040-1691;057540040040;100mN32131E42131;MC;MIX;4;82;D;F;75XX;EMP
057540040040-1691;057540040040;100mN32131E42131;MC;MIX;4;40;M;M;4049;EMP
057540040040-1691;057540040040;100mN32131E42131;MC;MIX;4;38;M;F;3039;UEP
057540040040-1691;057540040040;100mN32131E42131;MC;MIX;4;0;S;F;0003;NEP
057540040040-1692;057540040040;100mN32102E42132;S;OS;1;20;S;M;1824;EMP
057540040040-1693;057540040040;100mN32114E42121;MC;NA;4;30;M;M;3039;EMP
057540040040-1693;057540040040;100mN32114E42121;MC;NA;4;26;M;F;2529;EMP
057540040040-1693;057540040040;100mN32114E42121;MC;NA;4;12;S;M;0614;NEP
057540040040-1693;057540040040;100mN32114E42121;MC;NA;4;2;S;F;0003;NEP
057540040040-1694;057540040040;100mN32136E42125;SF;NA;2;70;W;F;6574;EMP
057540040040-1694;057540040040;100mN32136E42125;SF;NA;2;10;S;M;0614;NEP
057540040040-1695;057540040040;100mN32128E42136;MC;NA;2;44;M;M;4049;EMP
057540040040-1695;057540040040;100mN32128E42136;MC;NA;2;36;M;F;3039;NEP
057540040040-1696;057540040040;100mN32128E42136;PO;OS;4;71;S;M;6574;NEP
057540040040-1696;057540040040;100mN32128E42136;PO;OS;4;66;S;M;6574;EMP
057540040040-1696;057540040040;100mN32128E42136;PO;OS;4;68;S;F;6574;EMP
057540040040-1696;057540040040;100mN32128E42136;PO;OS;4;73;M;F;6574;EMP
057540040040-1697;057540040040;100mN32118E42112;MC;MIX;6;68;M;F;6574;EMP
057540040040-1697;057540040040;100mN32118E42112;MC;MIX;6;27;M;F;2529;NEP
057540040040-1697;057540040040;100mN32118E42112;MC;MIX;6;18;M;M;1824;EMP
057540040040-1697;057540040040;100mN32118E42112;MC;MIX;6;11;S;F;0614;NEP
057540040040-1697;057540040040;100mN32118E42112;MC;MIX;6;3;S;M;0305;NEP
057540040040-1697;057540040040;100mN32118E42112;MC;MIX;6;10;S;M;0614;NEP
057540040040-1698;057540040040;100mN32124E42147;MC;NA;3;31;M;F;3039;EMP
057540040040-1698;057540040040;100mN32124E42147;MC;NA;3;28;M;M;2529;NEP
057540040040-1698;057540040040;100mN32124E42147;MC;NA;3;16;S;F;1517;NEP
057540040040-1699;057540040040;100mN32123E42142;PO;NA;4;33;S;F;3039;UEP
057540040040-1699;057540040040;100mN32123E42142;PO;NA;4;41;S;F;4049;EMP
057540040040-1699;057540040040;100mN32123E42142;PO;NA;4;3;S;F;0305;NEP
057540040040-1699;057540040040;100mN32123E42142;PO;NA;4;9;S;M;0614;NEP
057540040040-1700;057540040040;100mN32140E42122;S;NA;1;58;W;F;5064;EMP
057540040040-1701;057540040040;100mN32101E42071;MC;NA;2;48;M;M;4049;EMP
057540040040-1701;057540040040;100mN32101E42071;MC;NA;2;42;M;F;4049;EMP
057540040040-1702;057540040040;100mN32118E42131;MC;NA;4;20;M;M;1824;EMP
057540040040-1702;057540040040;100mN32118E42131;MC;NA;4;18;M;F;1824;NEP
057540040040-1702;057540040040;100mN32118E42131;MC;NA;4;2;S;M;0003;NEP
057540040040-1702;057540040040;100mN32118E42131;MC;NA;4;1;S;M;0003;NEP
057540040040-1703;057540040040;100mN32122E42124;S;NA;1;16;S;M;1517;EMP
057540040040-1704;057540040040;100mN32122E42124;MC;NA;2;59;M;F;5064;NEP
057540040040-1704;057540040040;100mN32122E42124;MC;NA;2;63;M;M;5064;NEP
057540040040-1705;057540040040;100mN32129E42115;S;OS;1;21;S;M;1824;EMP
057540040040-1706;057540040040;100mN32122E42124;SF;NA;2;47;S;F;4049;EMP
057540040040-1706;057540040040;100mN32122E42124;SF;NA;2;10;S;M;0614;NEP
057540040040-1707;057540040040;100mN32089E42055;S;OS;1;38;D;M;3039;NEP
057540040040-1708;057540040040;100mN32122E42118;S;OS;1;60;M;M;5064;EMP
057540040040-1709;057540040040;100mN32122E42124;MC;MIX;3;72;W;F;6574;NEP
057540040040-1709;057540040040;100mN32122E42124;MC;MIX;3;35;M;F;3039;EMP
057540040040-1709;057540040040;100mN32122E42124;MC;MIX;3;40;M;M;4049;EMP
057540040040-1710;057540040040;100mN32124E42140;PO;NA;5;51;S;M;5064;EMP
057540040040-1710;057540040040;100mN32124E42140;PO;NA;5;48;S;F;4049;NEP
057540040040-1710;057540040040;100mN32124E42140;PO;NA;5;11;S;F;0614;NEP
057540040040-1710;057540040040;100mN32124E42140;PO;NA;5;12;S;F;0614;NEP
057540040040-1710;057540040040;100mN32124E42140;PO;NA;5;34;S;M;3039;EMP
057540040040-1711;057540040040;100mN32122E42124;MC;NA;2;30;M;F;3039;NEP
057540040040-1711;057540040040;100mN32122E42124;MC;NA;2;33;M;M;3039;EMP
057540040040-1712;057540040040;100mN32127E42134;MC;NA;3;38;M;F;3039;EMP
057540040040-1712;057540040040;100mN32127E42134;MC;NA;3;41;M;M;4049;EMP
057540040040-1712;057540040040;100mN32127E42134;MC;NA;3;10;S;F;0614;NEP
057540040040-1713;057540040040;100mN32118E42121;S;OS;1;35;D;F;3039;EMP
057540040040-1714;057540040040;100mN32136E42131;SF;NA;4;37;W;F;3039;NEP
057540040040-1714;057540040040;100mN32136E42131;SF;NA;4;12;S;M;0614;NEP
057540040040-1714;057540040040;100mN32136E42131;SF;NA;4;6;S;F;0614;NEP
057540040040-1714;057540040040;100mN32136E42131;SF;NA;4;20;M;M;1824;EMP
057540040040-1715;057540040040;100mN32122E42124;MC;NA;2;59;M;F;5064;EMP
057540040040-1715;057540040040;100mN32122E42124;MC;NA;2;60;M;M;5064;NEP
057540040040-1716;057540040040;100mN32122E42124;MC;NA;3;41;M;M;4049;NEP
057540040040-1716;057540040040;100mN32122E42124;MC;NA;3;37;M;F;3039;EMP
057540040040-1716;057540040040;100mN32122E42124;MC;NA;3;8;S;M;0614;NEP
057540040040-1717;057540040040;100mN32125E42143;S;NA;1;40;P;F;4049;EMP
057540040040-1718;057540040040;100mN32122E42124;MC;MIX;5;88;D;M;75XX;EMP
057540040040-1718;057540040040;100mN32122E42124;MC;MIX;5;26;M;M;2529;EMP
057540040040-1718;057540040040;100mN32122E42124;MC;MIX;5;27;M;F;2529;EMP
057540040040-1718;057540040040;100mN32122E42124;MC;MIX;5;2;S;F;0003;NEP
057540040040-1718;057540040040;100mN32122E42124;MC;MIX;5;0;S;F;0003;NEP
057540040040-1719;057540040040;100mN32122E42117;S;NA;1;31;W;F;3039;NEP
057540040040-1720;057540040040;100mN32122E42124;PO;NA;2;53;S;M;5064;EMP
057540040040-1720;057540040040;100mN32122E42124;PO;NA;2;53;S;M;5064;EMP
057540040040-1721;057540040040;100mN32124E42116;MC;NA;4;38;M;M;3039;EMP
057540040040-1721;057540040040;100mN32124E42116;MC;NA;4;32;M;F;3039;EMP
057540040040-1721;057540040040;100mN32124E42116;MC;NA;4;11;S;F;0614;NEP
057540040040-1721;057540040040;100mN32124E42116;MC;NA;4;15;S;M;1517;EMP
057540040040-1722;057540040040;100mN32143E42116;S;NA;1;69;W;M;6574;EMP
057540040040-1723;057540040040;100mN32117E42113;MC;OS;5;72;M;M;6574;EMP
057540040040-1723;057540040040;100mN32117E42113;MC;OS;5;78;M;F;75XX;EMP
057540040040-1723;057540040040;100mN32117E42113;MC;OS;5;68;W;F;6574;EMP
057540040040-1723;057540040040;100mN32117E42113;MC;OS;5;68;D;F;6574;EMP
057540040040-1723;057540040040;100mN32117E42113;MC;OS;5;80;S;F;75XX;NEP
057540040040-1724;057540040040;100mN32143E42116;S;NA;1;53;S;M;5064;EMP
057540040040-1725;057540040040;100mN32143E42116;MC;MIX;4;71;M;F;6574;EMP
057540040040-1725;057540040040;100mN32143E42116;MC;MIX;4;31;M;M;3039;EMP
057540040040-1725;057540040040;100mN32143E42116;MC;MIX;4;31;M;F;3039;EMP
057540040040-1725;057540040040;100mN32143E42116;MC;MIX;4;2;S;F;0003;NEP
057540040040-1726;057540040040;100mN32104E42073;MC;MIX;2;72;M;M;6574;NEP
057540040040-1726;057540040040;100mN32104E42073;MC;MIX;2;47;D;M;4049;EMP
057540040040-1727;057540040040;100mN32139E42120;SF;NA;5;46;W;F;4049;NEP
057540040040-1727;057540040040;100mN32139E42120;SF;NA;5;4;S;M;0305;NEP
057540040040-1727;057540040040;100mN32139E42120;SF;NA;5;1;S;F;0003;NEP
057540040040-1727;057540040040;100mN32139E42120;SF;NA;5;10;S;M;0614;NEP
057540040040-1727;057540040040;100mN32139E42120;SF;NA;5;27;W;F;2529;NEP
057540040040-1728;057540040040;100mN32143E42116;SF;NA;2;73;D;F;6574;EMP
057540040040-1728;057540040040;100mN32143E42116;SF;NA;2;32;M;F;3039;EMP
057540040040-1729;057540040040;100mN32127E42079;SF;NA;4;31;S;F;3039;EMP
057540040040-1729;057540040040;100mN32127E42079;SF;NA;4;3;S;F;0305;NEP
057540040040-1729;057540040040;100mN32127E42079;SF;NA;4;6;S;F;0614;NEP
057540040040-1729;057540040040;100mN32127E42079;SF;NA;4;13;S;M;0614;NEP
057540040040-1730;057540040040;100mN32134E42132;PO;NA;4;45;S;M;4049;EMP
057540040040-1730;057540040040;100mN32134E42132;PO;NA;4;41;S;M;4049;EMP
057540040040-1730;057540040040;100mN32134E42132;PO;NA;4;23;W;F;1824;NEP
057540040040-1730;057540040040;100mN32134E42132;PO;NA;4;11;S;F;0614;NEP
057540040040-1731;057540040040;100mN32094E42116;PO;NA;3;42;S;F;4049;EMP
057540040040-1731;057540040040;100mN32094E42116;PO;NA;3;42;S;F;4049;EMP
057540040040-1731;057540040040;100mN32094E42116;PO;NA;3;15;S;M;1517;EMP
057540040040-1732;057540040040;100mN32143E42116;S;NA;1;69;M;F;6574;NEP
057540040040-1733;057540040040;100mN32143E42116;MC;NA;5;18;M;F;1824;EMP
057540040040-1733;057540040040;100mN32143E42116;MC;NA;5;22;M;M;1824;EMP
057540040040-1733;057540040040;100mN32143E42116;MC;NA;5;3;S;M;0305;NEP
057540040040-1733;057540040040;100mN32143E42116;MC;NA;5;2;S;F;0003;NEP
057540040040-1733;057540040040;100mN32143E42116;MC;NA;5;1;S;F;0003;NEP
057540040040-1734;057540040040;100mN32143E42116;PO;NA;2;47;S;F;4049;NEP
057540040040-1734;057540040040;100mN32143E42116;PO;NA;2;60;S;M;5064;NEP
057540040040-1735;057540040040;100mN32114E42121;S;OS;1;75;S;F;75XX;EMP
057540040040-1736;057540040040;100mN32092E42064;MC;NA;5;31;M;F;3039;EMP
057540040040-1736;057540040040;100mN32092E42064;MC;NA;5;38;M;M;3039;EMP
057540040040-1736;057540040040;100mN32092E42064;MC;NA;5;15;S;F;1517;NEP
057540040040-1736;057540040040;100mN32092E42064;MC;NA;5;10;S;M;0614;NEP
057540040040-1736;057540040040;100mN32092E42064;MC;NA;5;8;S;F;0614;NEP
057540040040-1737;057540040040;100mN32143E42116;MC;NA;2;41;M;M;4049;EMP
057540040040-1737;057540040040;100mN32143E42116;MC;NA;2;40;M;F;4049;NEP
057540040040-1738;057540040040;100mN32124E42113;MC;OS;3;71;M;M;6574;NEP
057540040040-1738;057540040040;100mN32124E42113;MC;OS;3;80;M;F;75XX;NEP
057540040040-1738;057540040040;100mN32124E42113;MC;OS;3;69;M;F;6574;NEP
057540040040-1739;057540040040;100mN32143E42116;S;NA;1;43;M;M;4049;EMP
057540040040-1740;057540040040;100mN32115E42127;MC;NA;2;42;M;M;4049;EMP
057540040040-1740;057540040040;100mN32115E42127;MC;NA;2;42;M;F;4049;UEP
057540040040-1741;057540040040;100mN32142E42116;S;NA;1;45;M;M;4049;EMP
057540040040-1742;057540040040;100mN32143E42116;MC;NA;4;32;M;M;3039;EMP
057540040040-1742;057540040040;100mN32143E42116;MC;NA;4;23;M;F;1824;EMP
057540040040-1742;057540040040;100mN32143E42116;MC;NA;4;10;S;M;0614;NEP
057540040040-1742;057540040040;100mN32143E42116;MC;NA;4;15;S;M;1517;NEP
057540040040-1743;057540040040;100mN32143E42116;S;NA;1;20;S;M;1824;EMP
057540040040-1744;057540040040;100mN32143E42116;MC;NA;5;30;M;M;3039;NEP
057540040040-1744;057540040040;100mN32143E42116;MC;NA;5;21;M;F;1824;EMP
057540040040-1744;057540040040;100mN32143E42116;MC;NA;5;11;S;F;0614;NEP
057540040040-1744;057540040040;100mN32143E42116;MC;NA;5;6;S;M;0614;NEP
057540040040-1744;057540040040;100mN32143E42116;MC;NA;5;15;S;F;1517;NEP
057540040040-1745;057540040040;100mN32143E42116;MC;OS;2;70;M;F;6574;EMP
057540040040-1745;057540040040;100mN32143E42116;MC;OS;2;72;M;M;6574;EMP
057540040040-1746;057540040040;100mN32131E42138;MC;NA;2;36;M;F;3039;NEP
057540040040-1746;057540040040;100mN32131E42138;MC;NA;2;37;M;M;3039;EMP
057540040040-1747;057540040040;100mN32119E42121;MC;NA;3;61;M;F;5064;EMP
057540040040-1747;057540040040;100mN32119E42121;MC;NA;3;51;W;F;5064;EMP
057540040040-1747;057540040040;100mN32119E42121;MC;NA;3;6;S;M;0614;NEP
057540040040-1748;057540040040;100mN32150E42122;MC;NA;4;45;M;M;4049;EMP
057540040040-1748;057540040040;100mN32150E42122;MC;NA;4;40;M;F;4049;NEP
057540040040-1748;057540040040;100mN32150E42122;MC;NA;4;11;S;M;0614;NEP
057540040040-1748;057540040040;100mN32150E42122;MC;NA;4;7;S;F;0614;NEP
057540040040-1749;057540040040;100mN32114E42131;MC;NA;3;60;M;F;5064;NEP
057540040040-1749;057540040040;100mN32114E42131;MC;NA;3;65;W;F;6574;NEP
057540040040-1749;057540040040;100mN32114E42131;MC;NA;3;42;D;M;4049;EMP
057540040040-1750;057540040040;100mN32115E42127;S;NA;1;47;W;F;4049;EMP
057540040040-1751;057540040040;100mN32142E42116;MC;NA;4;54;M;F;5064;NEP
057540040040-1751;057540040040;100mN32142E42116;MC;NA;4;52;M;M;5064;NEP
057540040040-1751;057540040040;100mN32142E42116;MC;NA;4;9;S;M;0614;NEP
057540040040-1751;057540040040;100mN32142E42116;MC;NA;4;36;M;M;3039;EMP
057540040040-1752;057540040040;100mN32101E42070;S;OS;1;54;S;F;5064;EMP
057540040040-1753;057540040040;100mN32134E42120;MC;NA;2;31;M;F;3039;EMP
057540040040-1753;057540040040;100mN32134E42120;MC;NA;2;26;M;M;2529;NEP
057540040040-1754;057540040040;100mN32101E42070;S;NA;1;30;M;M;3039;EMP
057540040040-1755;057540040040;100mN32134E42120;PO;NA;4;34;S;M;3039;EMP
057540040040-1755;057540040040;100mN32134E42120;PO;NA;4;18;S;M;1824;EMP
057540040040-1755;057540040040;100mN32134E42120;PO;NA;4;19;S;F;1824;NEP
057540040040-1755;057540040040;100mN32134E42120;PO;NA;4;0;S;M;0003;NEP
057540040040-1756;057540040040;100mN32134E42112;MC;NA;4;46;M;F;4049;UEP
057540040040-1756;057540040040;100mN32134E42112;MC;NA;4;48;M;M;4049;EMP
057540040040-1756;057540040040;100mN32134E42112;MC;NA;4;21;M;M;1824;EMP
057540040040-1756;057540040040;100mN32134E42112;MC;NA;4;2;S;F;0003;NEP
057540040040-1757;057540040040;100mN32134E42112;MC;NA;6;44;M;F;4049;NEP
057540040040-1757;057540040040;100mN32134E42112;MC;NA;6;38;M;M;3039;NEP
057540040040-1757;057540040040;100mN32134E42112;MC;NA;6;6;S;F;0614;NEP
057540040040-1757;057540040040;100mN32134E42112;MC;NA;6;0;S;F;0003;NEP
057540040040-1757;057540040040;100mN32134E42112;MC;NA;6;11;S;F;0614;NEP
057540040040-1757;057540040040;100mN32134E42112;MC;NA;6;2;S;M;0003;NEP
057540040040-1758;057540040040;100mN32126E42140;MC;MIX;3;86;W;M;75XX;EMP
057540040040-1758;057540040040;100mN32126E42140;MC;MIX;3;27;M;M;2529;EMP
057540040040-1758;057540040040;100mN32126E42140;MC;MIX;3;36;M;F;3039;EMP
057540040040-1759;057540040040;100mN32127E42145;PO;NA;2;40;S;M;4049;EMP
057540040040-1759;057540040040;100mN32127E42145;PO;NA;2;37;S;M;3039;NEP
057540040040-1760;057540040040;100mN32119E42121;MC;OS;3;80;M;M;75XX;EMP
057540040040-1760;057540040040;100mN32119E42121;MC;OS;3;76;M;F;75XX;NEP
057540040040-1760;057540040040;100mN32119E42121;MC;OS;3;70;M;F;6574;EMP
057540040040-1761;057540040040;100mN32113E42124;NA;NA;2;22;M;F;1824;EMP
057540040040-1761;057540040040;100mN32113E42124;NA;NA;2;62;W;M;5064;NEP
057540040040-1762;057540040040;100mN32117E42117;PO;OS;2;67;S;F;6574;EMP
057540040040-1762;057540040040;100mN32117E42117;PO;OS;2;71;S;F;6574;NEP
057540040040-1763;057540040040;100mN32130E42139;MC;NA;3;58;M;M;5064;NEP
057540040040-1763;057540040040;100mN32130E42139;MC;NA;3;55;M;F;5064;NEP
057540040040-1763;057540040040;100mN32130E42139;MC;NA;3;8;S;M;0614;NEP
057540040040-1764;057540040040;100mN32119E42121;S;NA;1;30;S;M;3039;NEP
057540040040-1765;057540040040;100mN32126E42114;MC;MIX;2;69;M;F;6574;EMP
057540040040-1765;057540040040;100mN32126E42114;MC;MIX;2;45;W;M;4049;EMP
057540040040-1766;057540040040;100mN32114E42126;S;NA;1;31;S;F;3039;NEP
057540040040-1767;057540040040;100mN32104E42074;MC;MIX;2;83;M;F;75XX;EMP
057540040040-1767;057540040040;100mN32104E42074;MC;MIX;2;44;S;M;4049;NEP
057540040040-1768;057540040040;100mN32124E42142;NA;NA;4;41;S;F;4049;EMP
057540040040-1768;057540040040;100mN32124E42142;NA;NA;4;16;S;F;1517;NEP
057540040040-1768;057540040040;100mN32124E42142;NA;NA;4;43;S;F;4049;NEP
057540040040-1768;057540040040;100mN32124E42142;NA;NA;4;32;D;F;3039;NEP
057540040040-1769;057540040040;100mN32141E42116;MC;NA;2;41;M;M;4049;NEP
057540040040-1769;057540040040;100mN32141E42116;MC;NA;2;40;M;F;4049;EMP
057540040040-1770;057540040040;100mN32105E42083;MC;OS;2;66;M;F;6574;EMP
057540040040-1770;057540040040;100mN32105E42083;MC;OS;2;73;M;M;6574;EMP
057540040040-1771;057540040040;100mN32089E42099;MC;NA;5;51;M;M;5064;EMP
057540040040-1771;057540040040;100mN32089E42099;MC;NA;5;60;M;F;5064;NEP
057540040040-1771;057540040040;100mN32089E42099;MC;NA;5;7;S;M;0614;NEP
057540040040-1771;057540040040;100mN32089E42099;MC;NA;5;21;M;M;1824;EMP
057540040040-1771;057540040040;100mN32089E42099;MC;NA;5;35;M;F;3039;NEP
057540040040-1772;057540040040;100mN32123E42142;PO;NA;4;33;S;F;3039;UEP
057540040040-1772;057540040040;100mN32123E42142;PO;NA;4;41;S;F;4049;EMP
057540040040-1772;057540040040;100mN32123E42142;PO;NA;4;3;S;F;0305;NEP
057540040040-1772;057540040040;100mN32123E42142;PO;NA;4;9;S;M;0614;NEP
057540040040-1773;057540040040;100mN32119E42121;MC;OS;3;65;M;M;6574;EMP
057540040040-1773;057540040040;100mN32119E42121;MC;OS;3;65;M;F;6574;EMP
057540040040-1773;057540040040;100mN32119E42121;MC;OS;3;82;W;M;75XX;EMP
057540040040-1774;057540040040;100mN32119E42121;MC;OS;4;75;M;F;75XX;EMP
057540040040-1774;057540040040;100mN32119E42121;MC;OS;4;75;M;M;75XX;EMP
057540040040-1774;057540040040;100mN32119E42121;MC;OS;4;89;D;M;75XX;EMP
057540040040-1774;057540040040;100mN32119E42121;MC;OS;4;68;M;F;6574;EMP
057540040040-1775;057540040040;100mN32119E42121;PO;NA;5;48;S;M;4049;NEP
057540040040-1775;057540040040;100mN32119E42121;PO;NA;5;50;S;F;5064;NEP
057540040040-1775;057540040040;100mN32119E42121;PO;NA;5;22;D;M;1824;EMP
057540040040-1775;057540040040;100mN32119E42121;PO;NA;5;21;M;M;1824;NEP
057540040040-1775;057540040040;100mN32119E42121;PO;NA;5;9;S;F;0614;NEP
057540040040-1776;057540040040;100mN32102E42070;S;NA;1;26;M;M;2529;NEP
057540040040-1777;057540040040;100mN32118E42127;S;OS;1;32;S;M;3039;NEP
057540040040-1778;057540040040;100mN32119E42121;PO;OS;2;71;S;M;6574;NEP
057540040040-1778;057540040040;100mN32119E42121;PO;OS;2;67;S;M;6574;NEP
057540040040-1779;057540040040;100mN32115E42126;MC;NA;2;33;M;M;3039;EMP
057540040040-1779;057540040040;100mN32115E42126;MC;NA;2;31;M;F;3039;NEP
057540040040-1780;057540040040;100mN32119E42121;PO;NA;4;20;S;F;1824;NEP
057540040040-1780;057540040040;100mN32119E42121;PO;NA;4;25;S;M;2529;NEP
057540040040-1780;057540040040;100mN32119E42121;PO;NA;4;2;S;F;0003;NEP
057540040040-1780;057540040040;100mN32119E42121;PO;NA;4;0;S;F;0003;NEP
057540040040-1781;057540040040;100mN32112E42118;MC;NA;2;62;M;F;5064;EMP
057540040040-1781;057540040040;100mN32112E42118;MC;NA;2;61;M;M;5064;EMP
057540040040-1782;057540040040;100mN32119E42121;MC;MIX;4;71;M;M;6574;EMP
057540040040-1782;057540040040;100mN32119E42121;MC;MIX;4;47;M;M;4049;EMP
057540040040-1782;057540040040;100mN32119E42121;MC;MIX;4;46;M;F;4049;EMP
057540040040-1782;057540040040;100mN32119E42121;MC;MIX;4;21;M;F;1824;NEP
057540040040-1783;057540040040;100mN32118E42125;SM;NA;2;38;W;M;3039;NEP
057540040040-1783;057540040040;100mN32118E42125;SM;NA;2;15;S;F;1517;NEP
057540040040-1784;057540040040;100mN32119E42121;MC;NA;2;47;M;F;4049;EMP
057540040040-1784;057540040040;100mN32119E42121;MC;NA;2;46;M;M;4049;EMP
057540040040-1785;057540040040;100mN32117E42124;MC;OS;3;76;M;F;75XX;NEP
057540040040-1785;057540040040;100mN32117E42124;MC;OS;3;78;M;M;75XX;EMP
057540040040-1785;057540040040;100mN32117E42124;MC;OS;3;68;S;M;6574;NEP
057540040040-1786;057540040040;100mN32119E42121;MC;NA;3;61;M;F;5064;EMP
057540040040-1786;057540040040;100mN32119E42121;MC;NA;3;51;W;F;5064;EMP
057540040040-1786;057540040040;100mN32119E42121;MC;NA;3;6;S;M;0614;NEP
057540040040-1787;057540040040;100mN32127E42114;S;NA;1;35;M;F;3039;EMP
057540040040-1788;057540040040;100mN32119E42121;MC;NA;5;60;M;F;5064;NEP
057540040040-1788;057540040040;100mN32119E42121;MC;NA;5;67;M;M;6574;NEP
057540040040-1788;057540040040;100mN32119E42121;MC;NA;5;7;S;F;0614;NEP
057540040040-1788;057540040040;100mN32119E42121;MC;NA;5;44;M;F;4049;UEP
057540040040-1788;057540040040;100mN32119E42121;MC;NA;5;16;S;M;1517;NEP
057540040040-1789;057540040040;100mN32112E42057;SF;NA;2;48;S;F;4049;EMP
057540040040-1789;057540040040;100mN32112E42057;SF;NA;2;12;S;M;0614;NEP
057540040040-1790;057540040040;100mN32119E42121;MC;NA;4;28;M;F;2529;EMP
057540040040-1790;057540040040;100mN32119E42121;MC;NA;4;28;M;M;2529;EMP
057540040040-1790;057540040040;100mN32119E42121;MC;NA;4;7;S;M;0614;NEP
057540040040-1790;057540040040;100mN32119E42121;MC;NA;4;9;S;M;0614;NEP
057540040040-1791;057540040040;100mN32127E42141;SM;MIX;2;69;W;M;6574;EMP
057540040040-1791;057540040040;100mN32127E42141;SM;MIX;2;28;M;F;2529;NEP
057540040040-1792;057540040040;100mN32114E42123;MC;NA;3;33;M;M;3039;EMP
057540040040-1792;057540040040;100mN32114E42123;MC;NA;3;34;M;F;3039;EMP
057540040040-1792;057540040040;100mN32114E42123;MC;NA;3;2;S;M;0003;NEP
057540040040-1793;057540040040;100mN32119E42121;SF;NA;4;42;S;F;4049;EMP
057540040040-1793;057540040040;100mN32119E42121;SF;NA;4;0;S;F;0003;NEP
057540040040-1793;057540040040;100mN32119E42121;SF;NA;4;22;M;F;1824;NEP
057540040040-1793;057540040040;100mN32119E42121;SF;NA;4;8;S;F;0614;NEP
057540040040-1794;057540040040;100mN32126E42141;S;NA;1;84;S;M;75XX;NEP
057540040040-1795;057540040040;100mN32121E42138;MC;NA;4;42;M;M;4049;NEP
057540040040-1795;057540040040;100mN32121E42138;MC;NA;4;41;M;F;4049;NEP
057540040040-1795;057540040040;100mN32121E42138;MC;NA;4;9;S;F;0614;NEP
057540040040-1795;057540040040;100mN32121E42138;MC;NA;4;16;S;M;1517;NEP
057540040040-1796;057540040040;100mN32113E42124;MC;OS;2;68;M;M;6574;EMP
057540040040-1796;057540040040;100mN32113E42124;MC;OS;2;65;M;F;6574;UEP
057540040040-1797;057540040040;100mN32105E42072;SF;NA;3;26;W;F;2529;NEP
057540040040-1797;057540040040;100mN32105E42072;SF;NA;3;8;S;F;0614;NEP
057540040040-1797;057540040040;100mN32105E42072;SF;NA;3;10;S;M;0614;NEP
057540040040-1798;057540040040;100mN32119E42121;MC;NA;2;22;M;F;1824;NEP
057540040040-1798;057540040040;100mN32119E42121;MC;NA;2;23;M;M;1824;EMP
057540040040-1799;057540040040;100mN32119E42121;MC;NA;2;37;M;F;3039;EMP
057540040040-1799;057540040040;100mN32119E42121;MC;NA;2;40;M;M;4049;NEP
057540040040-1800;057540040040;100mN32110E42148;MC;OS;2;67;M;M;6574;EMP
057540040040-1800;057540040040;100mN32110E42148;MC;OS;2;66;M;F;6574;EMP
057540040040-1801;057540040040;100mN32122E42145;MC;NA;2;55;M;F;5064;EMP
057540040040-1801;057540040040;100mN32122E42145;MC;NA;2;55;M;M;5064;EMP
057540040040-1802;057540040040;100mN32112E42133;MC;MIX;3;87;W;F;75XX;NEP
057540040040-1802;057540040040;100mN32112E42133;MC;MIX;3;21;M;F;1824;NEP
057540040040-1802;057540040040;100mN32112E42133;MC;MIX;3;20;M;M;1824;EMP
057540040040-1803;057540040040;100mN32119E42121;S;NA;1;73;M;M;6574;EMP
057540040040-1804;057540040040;100mN32119E42121;S;OS;1;46;M;M;4049;EMP
057540040040-1805;057540040040;100mN32109E42146;MC;NA;2;45;M;F;4049;NEP
057540040040-1805;057540040040;100mN32109E42146;MC;NA;2;50;M;M;5064;NEP
057540040040-1806;057540040040;100mN32119E42121;MC;NA;3;59;M;F;5064;EMP
057540040040-1806;057540040040;100mN32119E42121;MC;NA;3;62;M;M;5064;EMP
057540040040-1806;057540040040;100mN32119E42121;MC;NA;3;32;M;F;3039;EMP
057540040040-1807;057540040040;100mN32120E42116;S;NA;1;56;M;F;5064;EMP
057540040040-1808;057540040040;100mN32126E42076;SF;NA;5;67;D;F;6574;EMP
057540040040-1808;057540040040;100mN32126E42076;SF;NA;5;0;S;F;0003;NEP
057540040040-1808;057540040040;100mN32126E42076;SF;NA;5;2;S;M;0003;NEP
057540040040-1808;057540040040;100mN32126E42076;SF;NA;5;11;S;M;0614;NEP
057540040040-1808;057540040040;100mN32126E42076;SF;NA;5;45;S;M;4049;EMP
057540040040-1809;057540040040;100mN32121E42072;SF;NA;3;45;W;F;4049;NEP
057540040040-1809;057540040040;100mN32121E42072;SF;NA;3;27;M;F;2529;EMP
057540040040-1809;057540040040;100mN32121E42072;SF;NA;3;9;S;F;0614;NEP
057540040040-1810;057540040040;100mN32131E42134;S;OS;1;16;S;M;1517;EMP
057540040040-1811;057540040040;100mN32113E42117;S;NA;1;57;M;M;5064;NEP
057540040040-1812;057540040040;100mN32112E42118;S;NA;1;88;D;F;75XX;UEP
057540040040-1813;057540040040;100mN32123E42113;MC;NA;2;54;M;F;5064;EMP
057540040040-1813;057540040040;100mN32123E42113;MC;NA;2;51;M;M;5064;EMP
057540040040-1814;057540040040;100mN32136E42131;S;NA;1;62;W;M;5064;NEP
057540040040-1815;057540040040;100mN32112E42122;PO;NA;4;40;S;M;4049;EMP
057540040040-1815;057540040040;100mN32112E42122;PO;NA;4;38;S;M;3039;EMP
057540040040-1815;057540040040;100mN32112E42122;PO;NA;4;8;S;F;0614;NEP
057540040040-1815;057540040040;100mN32112E42122;PO;NA;4;16;S;F;1517;EMP
057540040040-1816;057540040040;100mN32113E42120;MC;NA;2;22;M;F;1824;UEP
057540040040-1816;057540040040;100mN32113E42120;MC;NA;2;23;M;M;1824;EMP
057540040040-1817;057540040040;100mN32113E42117;MC;MIX;4;72;S;F;6574;NEP
057540040040-1817;057540040040;100mN32113E42117;MC;MIX;4;46;M;F;4049;NEP
057540040040-1817;057540040040;100mN32113E42117;MC;MIX;4;52;M;M;5064;NEP
057540040040-1817;057540040040;100mN32113E42117;MC;MIX;4;10;S;F;0614;NEP
057540040040-1818;057540040040;100mN32113E42117;MC;NA;2;51;M;M;5064;EMP
057540040040-1818;057540040040;100mN32113E42117;MC;NA;2;45;M;F;4049;EMP
057540040040-1819;057540040040;100mN32117E42113;MC;OS;5;72;M;M;6574;EMP
057540040040-1819;057540040040;100mN32117E42113;MC;OS;5;78;M;F;75XX;EMP
057540040040-1819;057540040040;100mN32117E42113;MC;OS;5;68;W;F;6574;EMP
057540040040-1819;057540040040;100mN32117E42113;MC;OS;5;68;D;F;6574;EMP
057540040040-1819;057540040040;100mN32117E42113;MC;OS;5;80;S;F;75XX;NEP
057540040040-1820;057540040040;100mN32113E42117;S;NA;1;48;M;M;4049;NEP
057540040040-1821;057540040040;100mN32113E42117;S;NA;1;60;M;M;5064;EMP
057540040040-1822;057540040040;100mN32113E42117;MC;OS;4;65;M;F;6574;EMP
057540040040-1822;057540040040;100mN32113E42117;MC;OS;4;67;M;M;6574;EMP
057540040040-1822;057540040040;100mN32113E42117;MC;OS;4;73;D;M;6574;EMP
057540040040-1822;057540040040;100mN32113E42117;MC;OS;4;75;M;M;75XX;NEP
057540040040-1823;057540040040;100mN32132E42135;S;OS;1;53;M;F;5064;EMP
057540040040-1824;057540040040;100mN32140E42118;PO;NA;6;41;S;F;4049;EMP
057540040040-1824;057540040040;100mN32140E42118;PO;NA;6;47;S;M;4049;EMP
057540040040-1824;057540040040;100mN32140E42118;PO;NA;6;6;S;M;0614;NEP
057540040040-1824;057540040040;100mN32140E42118;PO;NA;6;9;S;F;0614;NEP
057540040040-1824;057540040040;100mN32140E42118;PO;NA;6;7;S;F;0614;NEP
057540040040-1824;057540040040;100mN32140E42118;PO;NA;6;13;S;M;0614;NEP
057540040040-1825;057540040040;100mN32104E42075;S;OS;1;68;W;M;6574;NEP
057540040040-1826;057540040040;100mN32109E42142;MC;NA;2;32;M;M;3039;EMP
057540040040-1826;057540040040;100mN32109E42142;MC;NA;2;27;M;F;2529;EMP
057540040040-1827;057540040040;100mN32125E42146;MC;NA;2;36;M;M;3039;EMP
057540040040-1827;057540040040;100mN32125E42146;MC;NA;2;40;M;F;4049;EMP
057540040040-1828;057540040040;100mN32123E42112;SF;NA;4;21;D;F;1824;EMP
057540040040-1828;057540040040;100mN32123E42112;SF;NA;4;0;S;M;0003;NEP
057540040040-1828;057540040040;100mN32123E42112;SF;NA;4;2;S;M;0003;NEP
057540040040-1828;057540040040;100mN32123E42112;SF;NA;4;0;S;F;0003;NEP
057540040040-1829;057540040040;100mN32140E42128;PO;NA;3;59;S;M;5064;EMP
057540040040-1829;057540040040;100mN32140E42128;PO;NA;3;60;S;M;5064;EMP
057540040040-1829;057540040040;100mN32140E42128;PO;NA;3;38;M;M;3039;EMP
057540040040-1830;057540040040;100mN32113E42117;PO;NA;3;63;S;M;5064;EMP
057540040040-1830;057540040040;100mN32113E42117;PO;NA;3;69;S;F;6574;NEP
057540040040-1830;057540040040;100mN32113E42117;PO;NA;3;15;S;F;1517;EMP
057540040040-1831;057540040040;100mN32113E42117;MC;NA;2;58;M;M;5064;NEP
057540040040-1831;057540040040;100mN32113E42117;MC;NA;2;56;M;F;5064;EMP
057540040040-1832;057540040040;100mN32118E42120;S;NA;1;66;D;M;6574;EMP
057540040040-1833;057540040040;100mN32132E42131;S;NA;1;80;S;M;75XX;EMP
057540040040-1834;057540040040;100mN32114E42121;SF;NA;2;68;S;F;6574;EMP
057540040040-1834;057540040040;100mN32114E42121;SF;NA;2;42;M;F;4049;NEP
057540040040-1835;057540040040;100mN32109E42110;MC;NA;3;50;M;M;5064;EMP
057540040040-1835;057540040040;100mN32109E42110;MC;NA;3;47;M;F;4049;NEP
057540040040-1835;057540040040;100mN32109E42110;MC;NA;3;9;S;F;0614;NEP
057540040040-1836;057540040040;100mN32126E42139;S;NA;1;58;D;M;5064;EMP
057540040040-1837;057540040040;100mN32137E42120;SF;NA;5;59;W;F;5064;EMP
057540040040-1837;057540040040;100mN32137E42120;SF;NA;5;11;S;F;0614;NEP
057540040040-1837;057540040040;100mN32137E42120;SF;NA;5;36;M;M;3039;EMP
057540040040-1837;057540040040;100mN32137E42120;SF;NA;5;9;S;F;0614;NEP
057540040040-1837;057540040040;100mN32137E42120;SF;NA;5;40;W;F;4049;EMP
057540040040-1838;057540040040;100mN32126E42140;MC;MIX;3;86;W;M;75XX;EMP
057540040040-1838;057540040040;100mN32126E42140;MC;MIX;3;27;M;M;2529;EMP
057540040040-1838;057540040040;100mN32126E42140;MC;MIX;3;36;M;F;3039;EMP
057540040040-1839;057540040040;100mN32120E42116;MC;MIX;2;66;M;F;6574;EMP
057540040040-1839;057540040040;100mN32120E42116;MC;MIX;2;76;M;F;75XX;NEP
057540040040-1840;057540040040;100mN32109E42146;S;OS;1;52;S;F;5064;UEP
057540040040-1841;057540040040;100mN32098E42050;S;OS;1;46;S;M;4049;EMP
057540040040-1842;057540040040;100mN32115E42123;MC;NA;2;44;M;F;4049;EMP
057540040040-1842;057540040040;100mN32115E42123;MC;NA;2;52;M;M;5064;EMP
057540040040-1843;057540040040;100mN32134E42121;S;OS;1;51;D;F;5064;EMP
057540040040-1844;057540040040;100mN32111E42118;MC;MIX;4;70;S;M;6574;EMP
057540040040-1844;057540040040;100mN32111E42118;MC;MIX;4;43;M;F;4049;EMP
057540040040-1844;057540040040;100mN32111E42118;MC;MIX;4;50;M;M;5064;NEP
057540040040-1844;057540040040;100mN32111E42118;MC;MIX;4;15;S;F;1517;EMP
057540040040-1845;057540040040;100mN32120E42116;SF;MIX;4;82;S;M;75XX;EMP
057540040040-1845;057540040040;100mN32120E42116;SF;MIX;4;65;S;F;6574;NEP
057540040040-1845;057540040040;100mN32120E42116;SF;MIX;4;46;M;M;4049;EMP
057540040040-1845;057540040040;100mN32120E42116;SF;MIX;4;13;S;M;0614;NEP
057540040040-1846;057540040040;100mN32120E42116;S;NA;1;56;M;F;5064;EMP
057540040040-1847;057540040040;100mN32105E42072;SF;NA;2;27;S;F;2529;EMP
057540040040-1847;057540040040;100mN32105E42072;SF;NA;2;6;S;F;0614;NEP
057540040040-1848;057540040040;100mN32113E42127;MC;NA;4;46;M;F;4049;NEP
057540040040-1848;057540040040;100mN32113E42127;MC;NA;4;48;M;M;4049;EMP
057540040040-1848;057540040040;100mN32113E42127;MC;NA;4;13;S;F;0614;NEP
057540040040-1848;057540040040;100mN32113E42127;MC;NA;4;12;S;F;0614;NEP
057540040040-1849;057540040040;100mN32104E42073;MC;NA;3;61;M;M;5064;EMP
057540040040-1849;057540040040;100mN32104E42073;MC;NA;3;61;M;F;5064;EMP
057540040040-1849;057540040040;100mN32104E42073;MC;NA;3;6;S;F;0614;NEP
057540040040-1850;057540040040;100mN32124E42114;SM;NA;2;62;S;M;5064;NEP
057540040040-1850;057540040040;100mN32124E42114;SM;NA;2;15;S;M;1517;NEP
057540040040-1851;057540040040;100mN32143E42119;MC;MIX;3;70;W;F;6574;NEP
057540040040-1851;057540040040;100mN32143E42119;MC;MIX;3;30;M;M;3039;EMP
057540040040-1851;057540040040;100mN32143E42119;MC;MIX;3;31;M;F;3039;NEP
057540040040-1852;057540040040;100mN32120E42116;MC;OS;2;72;M;F;6574;NEP
057540040040-1852;057540040040;100mN32120E42116;MC;OS;2;80;M;M;75XX;EMP
057540040040-1853;057540040040;100mN32113E42124;MC;NA;3;44;M;F;4049;EMP
057540040040-1853;057540040040;100mN32113E42124;MC;NA;3;47;M;M;4049;EMP
057540040040-1853;057540040040;100mN32113E42124;MC;NA;3;3;S;F;0305;NEP
057540040040-1854;057540040040;100mN32128E42133;SF;NA;2;20;D;F;1824;EMP
057540040040-1854;057540040040;100mN32128E42133;SF;NA;2;4;S;M;0305;NEP
057540040040-1855;057540040040;100mN32126E42146;MC;NA;2;35;M;M;3039;NEP
057540040040-1855;057540040040;100mN32126E42146;MC;NA;2;31;M;F;3039;NEP
057540040040-1856;057540040040;100mN32104E42072;S;OS;1;67;M;M;6574;NEP
057540040040-1857;057540040040;100mN32105E42101;S;OS;1;43;S;F;4049;EMP
057540040040-1858;057540040040;100mN32125E42143;S;NA;1;42;W;F;4049;EMP
057540040040-1859;057540040040;100mN32124E42115;S;NA;1;46;D;F;4049;EMP
057540040040-1860;057540040040;100mN32128E42133;S;NA;1;60;M;F;5064;EMP
057540040040-1861;057540040040;100mN32128E42133;MC;OS;2;66;M;F;6574;NEP
057540040040-1861;057540040040;100mN32128E42133;MC;OS;2;70;M;M;6574;EMP
057540040040-1862;057540040040;100mN32128E42133;MC;NA;3;51;M;F;5064;EMP
057540040040-1862;057540040040;100mN32128E42133;MC;NA;3;59;M;M;5064;NEP
057540040040-1862;057540040040;100mN32128E42133;MC;NA;3;28;D;F;2529;EMP
057540040040-1863;057540040040;100mN32127E42138;MC;MIX;2;71;M;M;6574;EMP
057540040040-1863;057540040040;100mN32127E42138;MC;MIX;2;38;M;F;3039;NEP
057540040040-1864;057540040040;100mN32114E42128;MC;NA;2;40;M;F;4049;EMP
057540040040-1864;057540040040;100mN32114E42128;MC;NA;2;48;M;M;4049;EMP
057540040040-1865;057540040040;100mN32113E42144;S;NA;1;26;M;M;2529;EMP
057540040040-1866;057540040040;100mN32128E42133;S;OS;1;44;M;F;4049;EMP
057540040040-1867;057540040040;100mN32141E42116;PO;NA;3;47;S;F;4049;NEP
057540040040-1867;057540040040;100mN32141E42116;PO;NA;3;48;S;F;4049;EMP
057540040040-1867;057540040040;100mN32141E42116;PO;NA;3;13;S;M;0614;NEP
057540040040-1868;057540040040;100mN32144E42131;PO;NA;2;48;S;F;4049;EMP
057540040040-1868;057540040040;100mN32144E42131;PO;NA;2;45;S;F;4049;NEP
057540040040-1869;057540040040;100mN32128E42133;MC;NA;2;47;M;M;4049;NEP
057540040040-1869;057540040040;100mN32128E42133;MC;NA;2;43;M;F;4049;NEP
057540040040-1870;057540040040;100mN32114E42131;MC;NA;3;60;M;F;5064;NEP
057540040040-1870;057540040040;100mN32114E42131;MC;NA;3;65;W;F;6574;NEP
057540040040-1870;057540040040;100mN32114E42131;MC;NA;3;42;D;M;4049;EMP
057540040040-1871;057540040040;100mN32128E42133;SF;NA;4;47;W;F;4049;EMP
057540040040-1871;057540040040;100mN32128E42133;SF;NA;4;9;S;M;0614;NEP
057540040040-1871;057540040040;100mN32128E42133;SF;NA;4;18;M;F;1824;EMP
057540040040-1871;057540040040;100mN32128E42133;SF;NA;4;3;S;F;0305;NEP
057540040040-1872;057540040040;100mN32128E42133;S;NA;1;71;M;F;6574;EMP
057540040040-1873;057540040040;100mN32128E42133;S;NA;1;16;S;M;1517;EMP
057540040040-1874;057540040040;100mN32128E42133;MC;NA;3;33;M;M;3039;EMP
057540040040-1874;057540040040;100mN32128E42133;MC;NA;3;31;M;F;3039;NEP
057540040040-1874;057540040040;100mN32128E42133;MC;NA;3;10;S;M;0614;NEP
057540040040-1875;057540040040;100mN32132E42131;MC;NA;5;59;M;M;5064;EMP
057540040040-1875;057540040040;100mN32132E42131;MC;NA;5;54;M;F;5064;EMP
057540040040-1875;057540040040;100mN32132E42131;MC;NA;5;42;M;F;4049;EMP
057540040040-1875;057540040040;100mN32132E42131;MC;NA;5;6;S;F;0614;NEP
057540040040-1875;057540040040;100mN32132E42131;MC;NA;5;11;S;M;0614;NEP
057540040040-1876;057540040040;100mN32127E42143;MC;OS;2;67;M;M;6574;EMP
057540040040-1876;057540040040;100mN32127E42143;MC;OS;2;70;M;F;6574;EMP
057540040040-1877;057540040040;100mN32108E42106;MC;OS;2;65;M;M;6574;NEP
057540040040-1877;057540040040;100mN32108E42106;MC;OS;2;76;M;F;75XX;NEP
057540040040-1878;057540040040;100mN32111E42123;MC;NA;3;36;M;F;3039;NEP
057540040040-1878;057540040040;100mN32111E42123;MC;NA;3;33;M;M;3039;EMP
057540040040-1878;057540040040;100mN32111E42123;MC;NA;3;11;S;F;0614;NEP
057540040040-1879;057540040040;100mN32124E42141;SF;MIX;3;80;M;F;75XX;EMP
057540040040-1879;057540040040;100mN32124E42141;SF;MIX;3;43;S;F;4049;EMP
057540040040-1879;057540040040;100mN32124E42141;SF;MIX;3;3;S;F;0305;NEP
057540040040-1880;057540040040;100mN32129E42142;MC;NA;6;43;M;F;4049;NEP
057540040040-1880;057540040040;100mN32129E42142;MC;NA;6;41;M;M;4049;EMP
057540040040-1880;057540040040;100mN32129E42142;MC;NA;6;9;S;M;0614;NEP
057540040040-1880;057540040040;100mN32129E42142;MC;NA;6;10;S;F;0614;NEP
057540040040-1880;057540040040;100mN32129E42142;MC;NA;6;23;M;M;1824;NEP
057540040040-1880;057540040040;100mN32129E42142;MC;NA;6;3;S;M;0305;NEP
057540040040-1881;057540040040;100mN32126E42135;MC;NA;2;53;M;F;5064;EMP
057540040040-1881;057540040040;100mN32126E42135;MC;NA;2;61;M;M;5064;EMP
057540040040-1882;057540040040;100mN32113E42119;S;NA;1;43;M;F;4049;NEP
057540040040-1883;057540040040;100mN32113E42119;MC;NA;2;33;M;M;3039;NEP
057540040040-1883;057540040040;100mN32113E42119;MC;NA;2;27;M;F;2529;NEP
057540040040-1884;057540040040;100mN32131E42131;MC;NA;2;22;M;F;1824;NEP
057540040040-1884;057540040040;100mN32131E42131;MC;NA;2;23;M;M;1824;NEP
057540040040-1885;057540040040;100mN32113E42119;MC;NA;2;46;M;M;4049;EMP
057540040040-1885;057540040040;100mN32113E42119;MC;NA;2;44;M;F;4049;EMP
057540040040-1886;057540040040;100mN32103E42144;S;NA;1;65;S;M;6574;EMP
057540040040-1887;057540040040;100mN32113E42119;MC;MIX;2;81;M;M;75XX;NEP
057540040040-1887;057540040040;100mN32113E42119;MC;MIX;2;19;M;F;1824;NEP
057540040040-1888;057540040040;100mN32113E42119;MC;NA;4;26;M;M;2529;NEP
057540040040-1888;057540040040;100mN32113E42119;MC;NA;4;25;M;F;2529;EMP
057540040040-1888;057540040040;100mN32113E42119;MC;NA;4;8;S;F;0614;NEP
057540040040-1888;057540040040;100mN32113E42119;MC;NA;4;6;S;M;0614;NEP
057540040040-1889;057540040040;100mN32113E42119;MC;NA;4;47;M;M;4049;EMP
057540040040-1889;057540040040;100mN32113E42119;MC;NA;4;42;M;F;4049;EMP
057540040040-1889;057540040040;100mN32113E42119;MC;NA;4;2;S;F;0003;NEP
057540040040-1889;057540040040;100mN32113E42119;MC;NA;4;11;S;F;0614;NEP
057540040040-1890;057540040040;100mN32131E42136;PO;NA;4;52;S;M;5064;EMP
057540040040-1890;057540040040;100mN32131E42136;PO;NA;4;46;S;M;4049;EMP
057540040040-1890;057540040040;100mN32131E42136;PO;NA;4;12;S;M;0614;NEP
057540040040-1890;057540040040;100mN32131E42136;PO;NA;4;25;D;M;2529;NEP
057540040040-1891;057540040040;100mN32113E42118;MC;NA;2;42;M;M;4049;EMP
057540040040-1891;057540040040;100mN32113E42118;MC;NA;2;41;M;F;4049;NEP
057540040040-1892;057540040040;100mN32115E42123;MC;NA;2;44;M;F;4049;EMP
057540040040-1892;057540040040;100mN32115E42123;MC;NA;2;52;M;M;5064;EMP
057540040040-1893;057540040040;100mN32103E42110;S;OS;1;57;S;M;5064;EMP
057540040040-1894;057540040040;100mN32129E42131;S;NA;1;45;D;F;4049;EMP
057540040040-1895;057540040040;100mN32103E42144;S;NA;1;65;S;M;6574;EMP
057540040040-1896;057540040040;100mN32108E42071;MC;MIX;3;67;M;M;6574;NEP
057540040040-1896;057540040040;100mN32108E42071;MC;MIX;3;23;M;M;1824;EMP
057540040040-1896;057540040040;100mN32108E42071;MC;MIX;3;18;M;F;1824;EMP
057540040040-1897;057540040040;100mN32109E42135;S;OS;1;87;M;F;75XX;EMP
057540040040-1898;057540040040;100mN32118E42127;S;NA;1;54;D;M;5064;EMP
057540040040-1899;057540040040;100mN32124E42147;MC;OS;3;87;M;F;75XX;NEP
057540040040-1899;057540040040;100mN32124E42147;MC;OS;3;7;S;F;0614;NEP
057540040040-1899;057540040040;100mN32124E42147;MC;OS;3;75;D;M;75XX;EMP
057540040040-1900;057540040040;100mN32118E42054;MC;NA;3;38;M;F;3039;NEP
057540040040-1900;057540040040;100mN32118E42054;MC;NA;3;40;M;M;4049;EMP
057540040040-1900;057540040040;100mN32118E42054;MC;NA;3;22;M;F;1824;EMP
057540040040-1901;057540040040;100mN32119E42067;MC;NA;4;47;M;M;4049;EMP
057540040040-1901;057540040040;100mN32119E42067;MC;NA;4;41;M;F;4049;NEP
057540040040-1901;057540040040;100mN32119E42067;MC;NA;4;8;S;F;0614;NEP
057540040040-1901;057540040040;100mN32119E42067;MC;NA;4;1;S;F;0003;NEP
057540040040-1902;057540040040;100mN32119E42067;MC;NA;2;61;M;M;5064;EMP
057540040040-1902;057540040040;100mN32119E42067;MC;NA;2;60;M;F;5064;EMP
057540040040-1903;057540040040;100mN32119E42067;MC;NA;6;33;M;F;3039;NEP
057540040040-1903;057540040040;100mN32119E42067;MC;NA;6;33;M;M;3039;EMP
057540040040-1903;057540040040;100mN32119E42067;MC;NA;6;15;S;F;1517;EMP
057540040040-1903;057540040040;100mN32119E42067;MC;NA;6;8;S;F;0614;NEP
057540040040-1903;057540040040;100mN32119E42067;MC;NA;6;10;S;F;0614;NEP
057540040040-1903;057540040040;100mN32119E42067;MC;NA;6;6;S;M;0614;NEP
057540040040-1904;057540040040;100mN32116E42114;S;NA;1;31;M;F;3039;EMP
057540040040-1905;057540040040;100mN32124E42142;MC;NA;2;45;M;M;4049;EMP
057540040040-1905;057540040040;100mN32124E42142;MC;NA;2;41;M;F;4049;NEP
057540040040-1906;057540040040;100mN32120E42125;MC;NA;3;45;M;M;4049;EMP
057540040040-1906;057540040040;100mN32120E42125;MC;NA;3;42;M;F;4049;EMP
057540040040-1906;057540040040;100mN32120E42125;MC;NA;3;0;S;M;0003;NEP
057540040040-1907;057540040040;100mN32112E42118;MC;MIX;2;73;M;F;6574;NEP
057540040040-1907;057540040040;100mN32112E42118;MC;MIX;2;85;D;M;75XX;EMP
057540040040-1908;057540040040;100mN32113E42115;S;OS;1;20;M;M;1824;EMP
057540040040-1909;057540040040;100mN32131E42134;MC;NA;4;61;M;M;5064;EMP
057540040040-1909;057540040040;100mN32131E42134;MC;NA;4;63;M;F;5064;UEP
057540040040-1909;057540040040;100mN32131E42134;MC;NA;4;12;S;F;0614;NEP
057540040040-1909;057540040040;100mN32131E42134;MC;NA;4;16;S;F;1517;NEP
057540040040-1910;057540040040;100mN32113E42118;MC;MIX;3;72;M;M;6574;EMP
057540040040-1910;057540040040;100mN32113E42118;MC;MIX;3;52;M;F;5064;NEP
057540040040-1910;057540040040;100mN32113E42118;MC;MIX;3;59;M;M;5064;EMP
057540040040-1911;057540040040;100mN32126E42140;MC;NA;4;43;M;F;4049;EMP
057540040040-1911;057540040040;100mN32126E42140;MC;NA;4;38;M;M;3039;NEP
057540040040-1911;057540040040;100mN32126E42140;MC;NA;4;26;M;M;2529;NEP
057540040040-1911;057540040040;100mN32126E42140;MC;NA;4;4;S;F;0305;NEP
057540040040-1912;057540040040;100mN32123E42119;MC;MIX;2;65;M;M;6574;NEP
057540040040-1912;057540040040;100mN32123E42119;MC;MIX;2;52;M;F;5064;NEP
057540040040-1913;057540040040;100mN32124E42140;MC;NA;2;62;M;F;5064;NEP
057540040040-1913;057540040040;100mN32124E42140;MC;NA;2;16;S;M;1517;NEP
057540040040-1914;057540040040;100mN32126E42144;SF;MIX;3;79;W;M;75XX;EMP
057540040040-1914;057540040040;100mN32126E42144;SF;MIX;3;67;D;F;6574;EMP
057540040040-1914;057540040040;100mN32126E42144;SF;MIX;3;50;W;F;5064;NEP
057540040040-1915;057540040040;100mN32112E42120;MC;NA;2;56;M;F;5064;EMP
057540040040-1915;057540040040;100mN32112E42120;MC;NA;2;58;M;M;5064;EMP
057540040040-1916;057540040040;100mN32139E42123;NA;OS;5;52;M;F;5064;EMP
057540040040-1916;057540040040;100mN32139E42123;NA;OS;5;52;W;F;5064;EMP
057540040040-1916;057540040040;100mN32139E42123;NA;OS;5;47;S;M;4049;EMP
057540040040-1916;057540040040;100mN32139E42123;NA;OS;5;31;M;M;3039;NEP
057540040040-1916;057540040040;100mN32139E42123;NA;OS;5;73;S;F;6574;EMP
057540040040-1917;057540040040;100mN32104E42074;S;OS;1;85;S;F;75XX;NEP
057540040040-1918;057540040040;100mN32123E42119;S;NA;1;59;W;F;5064;NEP
057540040040-1919;057540040040;100mN32123E42119;MC;OS;2;72;M;M;6574;EMP
057540040040-1919;057540040040;100mN32123E42119;MC;OS;2;71;M;F;6574;EMP
057540040040-1920;057540040040;100mN32114E42126;MC;NA;3;53;M;F;5064;EMP
057540040040-1920;057540040040;100mN32114E42126;MC;NA;3;59;M;M;5064;EMP
057540040040-1920;057540040040;100mN32114E42126;MC;NA;3;3;S;F;0305;NEP
057540040040-1921;057540040040;100mN32120E42122;MC;NA;4;46;M;M;4049;EMP
057540040040-1921;057540040040;100mN32120E42122;MC;NA;4;45;M;F;4049;EMP
057540040040-1921;057540040040;100mN32120E42122;MC;NA;4;13;S;F;0614;NEP
057540040040-1921;057540040040;100mN32120E42122;MC;NA;4;7;S;M;0614;NEP
057540040040-1922;057540040040;100mN32118E42121;S;OS;1;26;W;M;2529;NEP
057540040040-1923;057540040040;100mN32101E42072;MC;NA;5;41;M;F;4049;NEP
057540040040-1923;057540040040;100mN32101E42072;MC;NA;5;36;M;M;3039;NEP
057540040040-1923;057540040040;100mN32101E42072;MC;NA;5;15;S;F;1517;NEP
057540040040-1923;057540040040;100mN32101E42072;MC;NA;5;11;S;M;0614;NEP
057540040040-1923;057540040040;100mN32101E42072;MC;NA;5;18;D;M;1824;NEP
057540040040-1924;057540040040;100mN32103E42074;SM;NA;2;16;S;M;1517;NEP
057540040040-1924;057540040040;100mN32103E42074;SM;NA;2;1;S;F;0003;NEP
057540040040-1925;057540040040;100mN32136E42128;S;NA;1;16;S;M;1517;NEP
057540040040-1926;057540040040;100mN32115E42126;MC;NA;2;61;M;F;5064;NEP
057540040040-1926;057540040040;100mN32115E42126;MC;NA;2;62;M;M;5064;EMP
057540040040-1927;057540040040;100mN32123E42119;SF;MIX;2;67;S;F;6574;EMP
057540040040-1927;057540040040;100mN32123E42119;SF;MIX;2;9;S;F;0614;NEP
057540040040-1928;057540040040;100mN32105E42071;MC;NA;2;46;M;M;4049;EMP
057540040040-1928;057540040040;100mN32105E42071;MC;NA;2;43;M;F;4049;UEP
057540040040-1929;057540040040;100mN32116E42122;S;NA;1;69;W;F;6574;EMP
057540040040-1930;057540040040;100mN32124E42145;S;OS;1;46;M;M;4049;EMP
057540040040-1931;057540040040;100mN32125E42116;MC;NA;2;34;M;M;3039;EMP
057540040040-1931;057540040040;100mN32125E42116;MC;NA;2;28;M;F;2529;EMP
057540040040-1932;057540040040;100mN32118E42120;S;NA;1;23;M;M;1824;NEP
057540040040-1933;057540040040;100mN32087E42066;S;OS;1;45;M;F;4049;EMP
057540040040-1934;057540040040;100mN32142E42120;MC;NA;2;41;M;F;4049;EMP
057540040040-1934;057540040040;100mN32142E42120;MC;NA;2;46;M;M;4049;EMP
057540040040-1935;057540040040;100mN32142E42120;S;NA;1;62;S;M;5064;EMP
057540040040-1936;057540040040;100mN32132E42132;MC;NA;4;44;M;M;4049;EMP
057540040040-1936;057540040040;100mN32132E42132;MC;NA;4;44;M;F;4049;NEP
057540040040-1936;057540040040;100mN32132E42132;MC;NA;4;12;S;F;0614;NEP
057540040040-1936;057540040040;100mN32132E42132;MC;NA;4;9;S;F;0614;NEP
057540040040-1937;057540040040;100mN32142E42120;S;NA;1;27;M;M;2529;EMP
057540040040-1938;057540040040;100mN32127E42146;NA;OS;2;16;S;F;1517;NEP
057540040040-1938;057540040040;100mN32127E42146;NA;OS;2;45;S;M;4049;NEP
057540040040-1939;057540040040;100mN32126E42144;SF;NA;3;45;D;F;4049;NEP
057540040040-1939;057540040040;100mN32126E42144;SF;NA;3;11;S;F;0614;NEP
057540040040-1939;057540040040;100mN32126E42144;SF;NA;3;28;M;M;2529;NEP
057540040040-1940;057540040040;100mN32120E42063;MC;NA;2;50;M;M;5064;NEP
057540040040-1940;057540040040;100mN32120E42063;MC;NA;2;47;M;F;4049;NEP
057540040040-1941;057540040040;100mN32098E42103;MC;NA;4;18;M;F;1824;NEP
057540040040-1941;057540040040;100mN32098E42103;MC;NA;4;18;M;M;1824;EMP
057540040040-1941;057540040040;100mN32098E42103;MC;NA;4;1;S;M;0003;NEP
057540040040-1941;057540040040;100mN32098E42103;MC;NA;4;3;S;M;0305;NEP
057540040040-1942;057540040040;100mN32103E42074;S;OS;1;36;W;M;3039;NEP
057540040040-1943;057540040040;100mN32107E42123;MC;NA;2;50;M;F;5064;UEP
057540040040-1943;057540040040;100mN32107E42123;MC;NA;2;56;M;M;5064;NEP
057540040040-1944;057540040040;100mN32115E42125;MC;NA;2;43;M;F;4049;EMP
057540040040-1944;057540040040;100mN32115E42125;MC;NA;2;40;M;M;4049;EMP
057540040040-1945;057540040040;100mN32131E42119;S;NA;1;48;S;M;4049;EMP
057540040040-1946;057540040040;100mN32137E42120;S;NA;1;88;D;F;75XX;EMP
057540040040-1947;057540040040;100mN32131E42119;MC;OS;2;89;M;M;75XX;EMP
057540040040-1947;057540040040;100mN32131E42119;MC;OS;2;85;M;F;75XX;EMP
057540040040-1948;057540040040;100mN32131E42119;S;OS;1;58;M;F;5064;NEP
057540040040-1949;057540040040;100mN32131E42119;S;OS;1;43;M;F;4049;EMP
057540040040-1950;057540040040;100mN32131E42119;MC;NA;2;50;M;F;5064;NEP
057540040040-1950;057540040040;100mN32131E42119;MC;NA;2;61;M;M;5064;EMP
057540040040-1951;057540040040;100mN32120E42125;SF;NA;3;48;W;F;4049;EMP
057540040040-1951;057540040040;100mN32120E42125;SF;NA;3;15;S;M;1517;EMP
057540040040-1951;057540040040;100mN32120E42125;SF;NA;3;13;S;M;0614;NEP
057540040040-1952;057540040040;100mN32109E42143;MC;NA;6;19;M;F;1824;NEP
057540040040-1952;057540040040;100mN32109E42143;MC;NA;6;18;M;M;1824;EMP
057540040040-1952;057540040040;100mN32109E42143;MC;NA;6;3;S;M;0305;NEP
057540040040-1952;057540040040;100mN32109E42143;MC;NA;6;3;S;M;0305;NEP
057540040040-1952;057540040040;100mN32109E42143;MC;NA;6;3;S;M;0305;NEP
057540040040-1952;057540040040;100mN32109E42143;MC;NA;6;2;S;M;0003;NEP
057540040040-1953;057540040040;100mN32107E42045;SF;NA;3;59;W;F;5064;EMP
057540040040-1953;057540040040;100mN32107E42045;SF;NA;3;4;S;F;0305;NEP
057540040040-1953;057540040040;100mN32107E42045;SF;NA;3;3;S;M;0305;NEP
057540040040-1954;057540040040;100mN32130E42134;S;NA;1;27;M;F;2529;NEP
057540040040-1955;057540040040;100mN32114E42117;MC;NA;4;35;M;F;3039;EMP
057540040040-1955;057540040040;100mN32114E42117;MC;NA;4;43;M;M;4049;NEP
057540040040-1955;057540040040;100mN32114E42117;MC;NA;4;16;S;F;1517;NEP
057540040040-1955;057540040040;100mN32114E42117;MC;NA;4;18;D;F;1824;NEP
057540040040-1956;057540040040;100mN32130E42138;S;NA;1;68;W;F;6574;NEP
057540040040-1957;057540040040;100mN32112E42122;S;NA;1;48;W;M;4049;NEP
057540040040-1958;057540040040;100mN32109E42143;MC;NA;2;53;M;M;5064;EMP
057540040040-1958;057540040040;100mN32109E42143;MC;NA;2;54;M;F;5064;NEP
057540040040-1959;057540040040;100mN32126E42138;MC;MIX;3;71;S;F;6574;EMP
057540040040-1959;057540040040;100mN32126E42138;MC;MIX;3;46;M;M;4049;EMP
057540040040-1959;057540040040;100mN32126E42138;MC;MIX;3;40;M;F;4049;NEP
057540040040-1960;057540040040;100mN32111E42123;S;NA;1;57;W;F;5064;EMP
057540040040-1961;057540040040;100mN32109E42143;MC;NA;2;41;M;M;4049;NEP
057540040040-1961;057540040040;100mN32109E42143;MC;NA;2;18;M;F;1824;NEP
057540040040-1962;057540040040;100mN32132E42134;S;OS;1;33;D;F;3039;NEP
057540040040-1963;057540040040;100mN32109E42143;S;NA;1;46;M;F;4049;EMP
057540040040-1964;057540040040;100mN32112E42122;MC;MIX;2;66;M;M;6574;EMP
057540040040-1964;057540040040;100mN32112E42122;MC;MIX;2;63;M;F;5064;UEP
057540040040-1965;057540040040;100mN32115E42131;S;NA;1;32;W;F;3039;EMP
057540040040-1966;057540040040;100mN32125E42141;MC;NA;4;46;M;M;4049;EMP
057540040040-1966;057540040040;100mN32125E42141;MC;NA;4;40;M;F;4049;NEP
057540040040-1966;057540040040;100mN32125E42141;MC;NA;4;8;S;F;0614;NEP
057540040040-1966;057540040040;100mN32125E42141;MC;NA;4;11;S;M;0614;NEP
057540040040-1967;057540040040;100mN32109E42143;S;NA;1;62;S;M;5064;NEP
057540040040-1968;057540040040;100mN32105E42071;MC;NA;2;46;M;M;4049;EMP
057540040040-1968;057540040040;100mN32105E42071;MC;NA;2;43;M;F;4049;UEP
057540040040-1969;057540040040;100mN32109E42143;MC;NA;5;57;M;F;5064;EMP
057540040040-1969;057540040040;100mN32109E42143;MC;NA;5;58;M;M;5064;EMP
057540040040-1969;057540040040;100mN32109E42143;MC;NA;5;28;M;F;2529;NEP
057540040040-1969;057540040040;100mN32109E42143;MC;NA;5;15;S;F;1517;NEP
057540040040-1969;057540040040;100mN32109E42143;MC;NA;5;32;M;F;3039;EMP
057540040040-1970;057540040040;100mN32123E42097;MC;MIX;2;82;M;F;75XX;NEP
057540040040-1970;057540040040;100mN32123E42097;MC;MIX;2;86;M;F;75XX;NEP
057540040040-1971;057540040040;100mN32112E42122;S;NA;1;63;M;M;5064;NEP
057540040040-1972;057540040040;100mN32130E42138;S;NA;1;61;M;M;5064;EMP
057540040040-1973;057540040040;100mN32117E42113;MC;NA;4;35;M;F;3039;EMP
057540040040-1973;057540040040;100mN32117E42113;MC;NA;4;37;M;M;3039;EMP
057540040040-1973;057540040040;100mN32117E42113;MC;NA;4;10;S;F;0614;NEP
057540040040-1973;057540040040;100mN32117E42113;MC;NA;4;9;S;M;0614;NEP
057540040040-1974;057540040040;100mN32095E42064;PO;OS;3;71;S;M;6574;EMP
057540040040-1974;057540040040;100mN32095E42064;PO;OS;3;65;S;F;6574;EMP
057540040040-1974;057540040040;100mN32095E42064;PO;OS;3;85;M;F;75XX;EMP
057540040040-1975;057540040040;100mN32095E42064;MC;OS;2;69;M;F;6574;EMP
057540040040-1975;057540040040;100mN32095E42064;MC;OS;2;77;M;M;75XX;NEP
057540040040-1976;057540040040;100mN32114E42126;S;NA;1;63;M;M;5064;EMP
057540040040-1977;057540040040;100mN32105E42083;MC;MIX;2;75;M;F;75XX;EMP
057540040040-1977;057540040040;100mN32105E42083;MC;MIX;2;34;W;M;3039;NEP
057540040040-1978;057540040040;100mN32096E42069;MC;NA;4;56;M;M;5064;EMP
057540040040-1978;057540040040;100mN32096E42069;MC;NA;4;53;M;F;5064;EMP
057540040040-1978;057540040040;100mN32096E42069;MC;NA;4;20;S;F;1824;NEP
057540040040-1978;057540040040;100mN32096E42069;MC;NA;4;30;S;M;3039;EMP
057540040040-1979;057540040040;100mN32115E42117;MC;OS;2;79;M;F;75XX;EMP
057540040040-1979;057540040040;100mN32115E42117;MC;OS;2;82;M;M;75XX;NEP
057540040040-1980;057540040040;100mN32131E42131;NA;OS;2;67;D;F;6574;EMP
057540040040-1980;057540040040;100mN32131E42131;NA;OS;2;34;D;F;3039;EMP
057540040040-1981;057540040040;100mN32121E42118;S;NA;1;81;M;F;75XX;NEP
057540040040-1982;057540040040;100mN32095E42069;PO;OS;2;80;S;F;75XX;NEP
057540040040-1982;057540040040;100mN32095E42069;PO;OS;2;82;S;M;75XX;EMP
057540040040-1983;057540040040;100mN32095E42069;S;NA;1;63;M;F;5064;EMP
057540040040-1984;057540040040;100mN32132E42132;PO;NA;5;56;S;F;5064;EMP
057540040040-1984;057540040040;100mN32132E42132;PO;NA;5;59;S;F;5064;EMP
057540040040-1984;057540040040;100mN32132E42132;PO;NA;5;9;S;F;0614;NEP
057540040040-1984;057540040040;100mN32132E42132;PO;NA;5;2;S;F;0003;NEP
057540040040-1984;057540040040;100mN32132E42132;PO;NA;5;15;S;F;1517;UEP
057540040040-1985;057540040040;100mN32095E42069;S;OS;1;79;M;F;75XX;EMP
057540040040-1986;057540040040;100mN32095E42069;MC;NA;2;56;M;F;5064;EMP
057540040040-1986;057540040040;100mN32095E42069;MC;NA;2;62;M;M;5064;NEP
057540040040-1987;057540040040;100mN32129E42133;MC;NA;3;56;M;F;5064;EMP
057540040040-1987;057540040040;100mN32129E42133;MC;NA;3;53;M;M;5064;EMP
057540040040-1987;057540040040;100mN32129E42133;MC;NA;3;2;S;F;0003;NEP
057540040040-1988;057540040040;100mN32090E42126;MC;MIX;2;86;M;M;75XX;NEP
057540040040-1988;057540040040;100mN32090E42126;MC;MIX;2;47;M;F;4049;EMP
057540040040-1989;057540040040;100mN32111E42123;MC;NA;2;33;M;F;3039;EMP
057540040040-1989;057540040040;100mN32111E42123;MC;NA;2;36;M;M;3039;NEP
057540040040-1990;057540040040;100mN32127E42142;S;OS;1;70;S;F;6574;EMP
057540040040-1991;057540040040;100mN32123E42120;S;OS;1;61;S;M;5064;EMP
057540040040-1992;057540040040;100mN32115E42123;MC;MIX;4;87;M;M;75XX;NEP
057540040040-1992;057540040040;100mN32115E42123;MC;MIX;4;63;M;F;5064;EMP
057540040040-1992;057540040040;100mN32115E42123;MC;MIX;4;27;M;M;2529;NEP
057540040040-1992;057540040040;100mN32115E42123;MC;MIX;4;4;S;F;0305;NEP
057540040040-1993;057540040040;100mN32115E42123;MC;NA;4;62;M;F;5064;EMP
057540040040-1993;057540040040;100mN32115E42123;MC;NA;4;63;M;M;5064;EMP
057540040040-1993;057540040040;100mN32115E42123;MC;NA;4;44;S;F;4049;EMP
057540040040-1993;057540040040;100mN32115E42123;MC;NA;4;2;S;M;0003;NEP
057540040040-1994;057540040040;100mN32141E42118;S;NA;1;36;D;F;3039;EMP
057540040040-1995;057540040040;100mN32117E42123;MC;NA;2;25;M;F;2529;EMP
057540040040-1995;057540040040;100mN32117E42123;MC;NA;2;31;M;M;3039;EMP
057540040040-1996;057540040040;100mN32115E42123;MC;NA;4;54;M;F;5064;NEP
057540040040-1996;057540040040;100mN32115E42123;MC;NA;4;58;M;M;5064;NEP
057540040040-1996;057540040040;100mN32115E42123;MC;NA;4;12;S;M;0614;NEP
057540040040-1996;057540040040;100mN32115E42123;MC;NA;4;34;M;M;3039;NEP
057540040040-1997;057540040040;100mN32141E42116;MC;NA;2;41;M;M;4049;NEP
057540040040-1997;057540040040;100mN32141E42116;MC;NA;2;40;M;F;4049;EMP
057540040040-1998;057540040040;100mN32115E42123;MC;NA;2;44;M;F;4049;EMP
057540040040-1998;057540040040;100mN32115E42123;MC;NA;2;52;M;M;5064;EMP
057540040040-1999;057540040040;100mN32113E42125;MC;NA;2;43;M;M;4049;EMP
057540040040-1999;057540040040;100mN32113E42125;MC;NA;2;44;M;F;4049;NEP
057540040040-2000;057540040040;100mN32115E42123;S;NA;1;32;S;F;3039;EMP
057540040040-2001;057540040040;100mN32115E42123;MC;MIX;4;89;W;F;75XX;EMP
057540040040-2001;057540040040;100mN32115E42123;MC;MIX;4;33;M;F;3039;EMP
057540040040-2001;057540040040;100mN32115E42123;MC;MIX;4;25;M;M;2529;NEP
057540040040-2001;057540040040;100mN32115E42123;MC;MIX;4;13;S;F;0614;NEP
057540040040-2002;057540040040;100mN32115E42123;SF;NA;4;40;S;F;4049;NEP
057540040040-2002;057540040040;100mN32115E42123;SF;NA;4;11;S;M;0614;NEP
057540040040-2002;057540040040;100mN32115E42123;SF;NA;4;20;M;F;1824;NEP
057540040040-2002;057540040040;100mN32115E42123;SF;NA;4;16;S;M;1517;EMP
057540040040-2003;057540040040;100mN32115E42123;MC;NA;3;32;M;F;3039;EMP
057540040040-2003;057540040040;100mN32115E42123;MC;NA;3;32;M;M;3039;NEP
057540040040-2003;057540040040;100mN32115E42123;MC;NA;3;16;S;M;1517;EMP
057540040040-2004;057540040040;100mN32115E42123;S;NA;1;40;W;F;4049;NEP
057540040040-2005;057540040040;100mN32115E42123;MC;NA;3;63;M;M;5064;EMP
057540040040-2005;057540040040;100mN32115E42123;MC;NA;3;61;M;F;5064;EMP
057540040040-2005;057540040040;100mN32115E42123;MC;NA;3;6;S;M;0614;NEP
057540040040-2006;057540040040;100mN32121E42126;MC;MIX;4;69;M;M;6574;NEP
057540040040-2006;057540040040;100mN32121E42126;MC;MIX;4;41;M;M;4049;EMP
057540040040-2006;057540040040;100mN32121E42126;MC;MIX;4;38;M;F;3039;EMP
057540040040-2006;057540040040;100mN32121E42126;MC;MIX;4;13;S;F;0614;NEP
057540040040-2007;057540040040;100mN32118E42123;S;NA;1;48;D;M;4049;NEP
057540040040-2008;057540040040;100mN32124E42140;S;OS;1;44;D;M;4049;NEP
057540040040-2009;057540040040;100mN32115E42123;MC;NA;3;38;M;F;3039;NEP
057540040040-2009;057540040040;100mN32115E42123;MC;NA;3;45;M;M;4049;EMP
057540040040-2009;057540040040;100mN32115E42123;MC;NA;3;9;S;F;0614;NEP
057540040040-2010;057540040040;100mN32114E42118;MC;NA;4;33;M;F;3039;EMP
057540040040-2010;057540040040;100mN32114E42118;MC;NA;4;34;M;M;3039;NEP
057540040040-2010;057540040040;100mN32114E42118;MC;NA;4;9;S;M;0614;NEP
057540040040-2010;057540040040;100mN32114E42118;MC;NA;4;12;S;M;0614;NEP
057540040040-2011;057540040040;100mN32126E42135;S;OS;1;48;W;F;4049;EMP
057540040040-2012;057540040040;100mN32118E42120;MC;OS;2;76;M;F;75XX;NEP
057540040040-2012;057540040040;100mN32118E42120;MC;OS;2;73;M;M;6574;EMP
057540040040-2013;057540040040;100mN32115E42123;MC;NA;3;46;M;F;4049;EMP
057540040040-2013;057540040040;100mN32115E42123;MC;NA;3;48;M;M;4049;EMP
057540040040-2013;057540040040;100mN32115E42123;MC;NA;3;15;S;M;1517;EMP
057540040040-2014;057540040040;100mN32115E42123;SF;NA;3;83;S;F;75XX;EMP
057540040040-2014;057540040040;100mN32115E42123;SF;NA;3;16;S;M;1517;EMP
057540040040-2014;057540040040;100mN32115E42123;SF;NA;3;12;S;F;0614;NEP
057540040040-2015;057540040040;100mN32115E42123;MC;NA;2;37;M;F;3039;NEP
057540040040-2015;057540040040;100mN32115E42123;MC;NA;2;40;M;M;4049;EMP
057540040040-2016;057540040040;100mN32105E42072;S;NA;1;23;D;M;1824;NEP
057540040040-2017;057540040040;100mN32115E42123;S;NA;1;76;M;M;75XX;NEP
057540040040-2018;057540040040;100mN32108E42145;S;OS;1;53;D;M;5064;EMP
057540040040-2019;057540040040;100mN32136E42131;MC;NA;4;36;M;F;3039;EMP
057540040040-2019;057540040040;100mN32136E42131;MC;NA;4;45;M;M;4049;NEP
057540040040-2019;057540040040;100mN32136E42131;MC;NA;4;0;S;M;0003;NEP
057540040040-2019;057540040040;100mN32136E42131;MC;NA;4;9;S;F;0614;NEP
057540040040-2020;057540040040;100mN32120E42125;MC;NA;2;32;M;M;3039;EMP
057540040040-2020;057540040040;100mN32120E42125;MC;NA;2;26;M;F;2529;EMP
057540040040-2021;057540040040;100mN32115E42123;MC;NA;3;60;M;F;5064;EMP
057540040040-2021;057540040040;100mN32115E42123;MC;NA;3;59;M;M;5064;EMP
057540040040-2021;057540040040;100mN32115E42123;MC;NA;3;12;S;F;0614;NEP
057540040040-2022;057540040040;100mN32126E42137;PO;NA;2;50;S;M;5064;EMP
057540040040-2022;057540040040;100mN32126E42137;PO;NA;2;47;S;M;4049;EMP
057540040040-2023;057540040040;100mN32132E42118;MC;MIX;2;65;M;M;6574;EMP
057540040040-2023;057540040040;100mN32132E42118;MC;MIX;2;59;M;F;5064;EMP
057540040040-2024;057540040040;100mN32124E42140;S;NA;1;36;S;M;3039;NEP
057540040040-2025;057540040040;100mN32115E42123;MC;NA;3;33;M;F;3039;NEP
057540040040-2025;057540040040;100mN32115E42123;MC;NA;3;31;M;M;3039;NEP
057540040040-2025;057540040040;100mN32115E42123;MC;NA;3;4;S;F;0305;NEP
057540040040-2026;057540040040;100mN32115E42123;MC;NA;4;27;M;M;2529;EMP
057540040040-2026;057540040040;100mN32115E42123;MC;NA;4;27;M;F;2529;NEP
057540040040-2026;057540040040;100mN32115E42123;MC;NA;4;7;S;F;0614;NEP
057540040040-2026;057540040040;100mN32115E42123;MC;NA;4;3;S;M;0305;NEP
057540040040-2027;057540040040;100mN32111E42148;MC;NA;2;42;M;M;4049;NEP
057540040040-2027;057540040040;100mN32111E42148;MC;NA;2;40;M;F;4049;EMP
057540040040-2028;057540040040;100mN32121E42063;MC;OS;2;76;M;M;75XX;EMP
057540040040-2028;057540040040;100mN32121E42063;MC;OS;2;73;M;F;6574;NEP
057540040040-2029;057540040040;100mN32121E42063;S;OS;1;32;S;F;3039;NEP
057540040040-2030;057540040040;100mN32108E42072;MC;NA;3;18;M;F;1824;EMP
057540040040-2030;057540040040;100mN32108E42072;MC;NA;3;53;M;M;5064;EMP
057540040040-2030;057540040040;100mN32108E42072;MC;NA;3;3;S;M;0305;NEP
057540040040-2031;057540040040;100mN32121E42063;MC;NA;3;61;M;F;5064;EMP
057540040040-2031;057540040040;100mN32121E42063;MC;NA;3;26;S;F;2529;EMP
057540040040-2031;057540040040;100mN32121E42063;MC;NA;3;36;M;M;3039;EMP
057540040040-2032;057540040040;100mN32121E42063;MC;OS;2;85;M;M;75XX;NEP
057540040040-2032;057540040040;100mN32121E42063;MC;OS;2;79;M;F;75XX;EMP
057540040040-2033;057540040040;100mN32137E42125;MC;MIX;5;68;S;M;6574;NEP
057540040040-2033;057540040040;100mN32137E42125;MC;MIX;5;32;M;M;3039;EMP
057540040040-2033;057540040040;100mN32137E42125;MC;MIX;5;25;M;F;2529;NEP
057540040040-2033;057540040040;100mN32137E42125;MC;MIX;5;15;S;F;1517;EMP
057540040040-2033;057540040040;100mN32137E42125;MC;MIX;5;0;S;M;0003;NEP
057540040040-2034;057540040040;100mN32137E42125;MC;OS;2;65;M;M;6574;NEP
057540040040-2034;057540040040;100mN32137E42125;MC;OS;2;67;M;F;6574;EMP
057540040040-2035;057540040040;100mN32112E42117;S;NA;1;22;D;M;1824;NEP
057540040040-2036;057540040040;100mN32098E42104;MC;NA;4;60;M;M;5064;EMP
057540040040-2036;057540040040;100mN32098E42104;MC;NA;4;59;M;F;5064;EMP
057540040040-2036;057540040040;100mN32098E42104;MC;NA;4;12;S;M;0614;NEP
057540040040-2036;057540040040;100mN32098E42104;MC;NA;4;12;S;M;0614;NEP
057540040040-2037;057540040040;100mN32098E42104;S;NA;1;23;M;M;1824;EMP
057540040040-2038;057540040040;100mN32116E42116;S;OS;1;54;D;F;5064;EMP
057540040040-2039;057540040040;100mN32129E42142;MC;NA;6;43;M;F;4049;NEP
057540040040-2039;057540040040;100mN32129E42142;MC;NA;6;41;M;M;4049;EMP
057540040040-2039;057540040040;100mN32129E42142;MC;NA;6;9;S;M;0614;NEP
057540040040-2039;057540040040;100mN32129E42142;MC;NA;6;10;S;F;0614;NEP
057540040040-2039;057540040040;100mN32129E42142;MC;NA;6;23;M;M;1824;NEP
057540040040-2039;057540040040;100mN32129E42142;MC;NA;6;3;S;M;0305;NEP
057540040040-2040;057540040040;100mN32129E42142;MC;NA;2;51;M;F;5064;NEP
057540040040-2040;057540040040;100mN32129E42142;MC;NA;2;43;M;M;4049;NEP
057540040040-2041;057540040040;100mN32129E42142;SF;NA;4;45;S;F;4049;NEP
057540040040-2041;057540040040;100mN32129E42142;SF;NA;4;12;S;M;0614;NEP
057540040040-2041;057540040040;100mN32129E42142;SF;NA;4;22;M;F;1824;EMP
057540040040-2041;057540040040;100mN32129E42142;SF;NA;4;15;S;F;1517;NEP
057540040040-2042;057540040040;100mN32134E42121;MC;NA;4;46;M;M;4049;NEP
057540040040-2042;057540040040;100mN32134E42121;MC;NA;4;44;M;F;4049;EMP
057540040040-2042;057540040040;100mN32134E42121;MC;NA;4;28;S;F;2529;EMP
057540040040-2042;057540040040;100mN32134E42121;MC;NA;4;3;S;F;0305;NEP
057540040040-2043;057540040040;100mN32129E42142;MC;NA;3;28;M;F;2529;EMP
057540040040-2043;057540040040;100mN32129E42142;MC;NA;3;30;M;M;3039;EMP
057540040040-2043;057540040040;100mN32129E42142;MC;NA;3;4;S;M;0305;NEP
057540040040-2044;057540040040;100mN32130E42138;MC;NA;2;63;M;M;5064;EMP
057540040040-2044;057540040040;100mN32130E42138;MC;NA;2;55;M;F;5064;NEP
057540040040-2045;057540040040;100mN32129E42142;S;NA;1;26;M;F;2529;EMP
057540040040-2046;057540040040;100mN32103E42074;S;NA;1;65;M;F;6574;EMP
057540040040-2047;057540040040;100mN32125E42114;MC;NA;2;40;M;M;4049;EMP
057540040040-2047;057540040040;100mN32125E42114;MC;NA;2;36;M;F;3039;NEP
057540040040-2048;057540040040;100mN32129E42142;MC;NA;2;54;M;M;5064;NEP
057540040040-2048;057540040040;100mN32129E42142;MC;NA;2;52;M;F;5064;NEP
057540040040-2049;057540040040;100mN32098E42142;MC;NA;2;43;M;F;4049;EMP
057540040040-2049;057540040040;100mN32098E42142;MC;NA;2;46;M;M;4049;EMP
057540040040-2050;057540040040;100mN32129E42142;S;OS;1;23;S;M;1824;EMP
057540040040-2051;057540040040;100mN32125E42113;SF;NA;2;54;S;F;5064;NEP
057540040040-2051;057540040040;100mN32125E42113;SF;NA;2;2;S;F;0003;NEP
057540040040-2052;057540040040;100mN32086E42061;S;NA;1;28;M;F;2529;EMP
057540040040-2053;057540040040;100mN32117E42113;MC;NA;6;55;M;F;5064;NEP
057540040040-2053;057540040040;100mN32117E42113;MC;NA;6;58;M;M;5064;EMP
057540040040-2053;057540040040;100mN32117E42113;MC;NA;6;6;S;M;0614;NEP
057540040040-2053;057540040040;100mN32117E42113;MC;NA;6;16;S;M;1517;EMP
057540040040-2053;057540040040;100mN32117E42113;MC;NA;6;34;W;F;3039;NEP
057540040040-2053;057540040040;100mN32117E42113;MC;NA;6;9;S;M;0614;NEP
057540040040-2054;057540040040;100mN32116E42122;NA;MIX;3;42;M;M;4049;NEP
057540040040-2054;057540040040;100mN32116E42122;NA;MIX;3;51;M;F;5064;EMP
057540040040-2054;057540040040;100mN32116E42122;NA;MIX;3;55;S;M;5064;EMP
057540040040-2055;057540040040;100mN32114E42126;MC;NA;2;42;M;M;4049;NEP
057540040040-2055;057540040040;100mN32114E42126;MC;NA;2;40;M;F;4049;EMP
057540040040-2056;057540040040;100mN32125E42061;PO;OS;4;65;S;M;6574;EMP
057540040040-2056;057540040040;100mN32125E42061;PO;OS;4;66;S;F;6574;NEP
057540040040-2056;057540040040;100mN32125E42061;PO;OS;4;72;W;F;6574;EMP
057540040040-2056;057540040040;100mN32125E42061;PO;OS;4;75;S;F;75XX;EMP
057540040040-2057;057540040040;100mN32123E42117;PO;MIX;2;75;S;F;75XX;NEP
057540040040-2057;057540040040;100mN32123E42117;PO;MIX;2;23;M;M;1824;NEP
057540040040-2058;057540040040;100mN32108E42071;MC;MIX;3;67;M;M;6574;NEP
057540040040-2058;057540040040;100mN32108E42071;MC;MIX;3;23;M;M;1824;EMP
057540040040-2058;057540040040;100mN32108E42071;MC;MIX;3;18;M;F;1824;EMP
057540040040-2059;057540040040;100mN32121E42123;MC;NA;2;60;M;M;5064;EMP
057540040040-2059;057540040040;100mN32121E42123;MC;NA;2;58;M;F;5064;EMP
057540040040-2060;057540040040;100mN32108E42071;MC;NA;4;22;M;M;1824;NEP
057540040040-2060;057540040040;100mN32108E42071;MC;NA;4;19;M;F;1824;UEP
057540040040-2060;057540040040;100mN32108E42071;MC;NA;4;2;S;M;0003;NEP
057540040040-2060;057540040040;100mN32108E42071;MC;NA;4;0;S;F;0003;NEP
057540040040-2061;057540040040;100mN32125E42143;MC;OS;2;89;M;M;75XX;NEP
057540040040-2061;057540040040;100mN32125E42143;MC;OS;2;86;M;F;75XX;NEP
057540040040-2062;057540040040;100mN32114E42132;MC;OS;3;78;M;F;75XX;EMP
057540040040-2062;057540040040;100mN32114E42132;MC;OS;3;67;M;M;6574;EMP
057540040040-2062;057540040040;100mN32114E42132;MC;OS;3;68;W;F;6574;NEP
057540040040-2063;057540040040;100mN32108E42071;MC;NA;2;23;M;M;1824;EMP
057540040040-2063;057540040040;100mN32108E42071;MC;NA;2;23;M;F;1824;EMP
057540040040-2064;057540040040;100mN32107E42045;SF;MIX;2;71;D;F;6574;EMP
057540040040-2064;057540040040;100mN32107E42045;SF;MIX;2;2;S;F;0003;NEP
057540040040-2065;057540040040;100mN32133E42127;MC;NA;2;52;M;M;5064;EMP
057540040040-2065;057540040040;100mN32133E42127;MC;NA;2;45;M;F;4049;EMP
057540040040-2066;057540040040;100mN32130E42136;S;NA;1;53;W;F;5064;NEP
057540040040-2067;057540040040;100mN32093E42129;MC;MIX;2;72;M;M;6574;NEP
057540040040-2067;057540040040;100mN32093E42129;MC;MIX;2;52;S;F;5064;EMP
057540040040-2068;057540040040;100mN32112E42118;SF;NA;2;36;W;F;3039;EMP
057540040040-2068;057540040040;100mN32112E42118;SF;NA;2;21;S;M;1824;EMP
057540040040-2069;057540040040;100mN32114E42126;SM;NA;2;51;S;M;5064;EMP
057540040040-2069;057540040040;100mN32114E42126;SM;NA;2;23;W;F;1824;NEP
057540040040-2070;057540040040;100mN32124E42146;MC;NA;2;38;M;M;3039;EMP
057540040040-2070;057540040040;100mN32124E42146;MC;NA;2;36;M;F;3039;EMP
057540040040-2071;057540040040;100mN32114E42126;MC;NA;2;40;M;M;4049;EMP
057540040040-2071;057540040040;100mN32114E42126;MC;NA;2;37;M;F;3039;EMP
057540040040-2072;057540040040;100mN32108E42071;MC;OS;4;72;M;F;6574;NEP
057540040040-2072;057540040040;100mN32108E42071;MC;OS;4;79;M;M;75XX;EMP
057540040040-2072;057540040040;100mN32108E42071;MC;OS;4;65;M;F;6574;NEP
057540040040-2072;057540040040;100mN32108E42071;MC;OS;4;87;M;M;75XX;NEP
057540040040-2073;057540040040;100mN32124E42113;SF;NA;5;68;S;F;6574;EMP
057540040040-2073;057540040040;100mN32124E42113;SF;NA;5;47;D;F;4049;EMP
057540040040-2073;057540040040;100mN32124E42113;SF;NA;5;8;S;F;0614;NEP
057540040040-2073;057540040040;100mN32124E42113;SF;NA;5;1;S;M;0003;NEP
057540040040-2073;057540040040;100mN32124E42113;SF;NA;5;45;S;M;4049;EMP
057540040040-2074;057540040040;100mN32130E42138;MC;NA;2;63;M;M;5064;EMP
057540040040-2074;057540040040;100mN32130E42138;MC;NA;2;55;M;F;5064;NEP
057540040040-2075;057540040040;100mN32108E42071;MC;NA;3;22;M;M;1824;EMP
057540040040-2075;057540040040;100mN32108E42071;MC;NA;3;43;M;F;4049;NEP
057540040040-2075;057540040040;100mN32108E42071;MC;NA;3;6;S;M;0614;NEP
057540040040-2076;057540040040;100mN32107E42089;MC;MIX;4;71;D;F;6574;EMP
057540040040-2076;057540040040;100mN32107E42089;MC;MIX;4;34;M;F;3039;NEP
057540040040-2076;057540040040;100mN32107E42089;MC;MIX;4;41;M;M;4049;EMP
057540040040-2076;057540040040;100mN32107E42089;MC;MIX;4;9;S;F;0614;NEP
057540040040-2077;057540040040;100mN32108E42071;S;NA;1;47;M;M;4049;EMP
057540040040-2078;057540040040;100mN32108E42071;MC;NA;4;18;M;F;1824;NEP
057540040040-2078;057540040040;100mN32108E42071;MC;NA;4;18;M;M;1824;NEP
057540040040-2078;057540040040;100mN32108E42071;MC;NA;4;2;S;M;0003;NEP
057540040040-2078;057540040040;100mN32108E42071;MC;NA;4;0;S;M;0003;NEP
057540040040-2079;057540040040;100mN32126E42143;S;OS;1;16;S;M;1517;EMP
057540040040-2080;057540040040;100mN32108E42071;MC;NA;4;44;M;F;4049;EMP
057540040040-2080;057540040040;100mN32108E42071;MC;NA;4;48;M;M;4049;EMP
057540040040-2080;057540040040;100mN32108E42071;MC;NA;4;10;S;F;0614;NEP
057540040040-2080;057540040040;100mN32108E42071;MC;NA;4;3;S;M;0305;NEP
057540040040-2081;057540040040;100mN32108E42071;MC;NA;2;59;M;M;5064;EMP
057540040040-2081;057540040040;100mN32108E42071;MC;NA;2;59;M;F;5064;EMP
057540040040-2082;057540040040;100mN32116E42124;S;OS;1;53;M;M;5064;NEP
057540040040-2083;057540040040;100mN32099E42109;S;NA;1;35;M;M;3039;NEP
057540040040-2084;057540040040;100mN32099E42109;S;NA;1;45;M;F;4049;NEP
057540040040-2085;057540040040;100mN32097E42139;PO;NA;3;31;S;M;3039;EMP
057540040040-2085;057540040040;100mN32097E42139;PO;NA;3;27;S;F;2529;EMP
057540040040-2085;057540040040;100mN32097E42139;PO;NA;3;13;S;F;0614;NEP
057540040040-2086;057540040040;100mN32141E42116;S;NA;1;53;D;M;5064;EMP
057540040040-2087;057540040040;100mN32142E42116;SF;NA;2;41;W;F;4049;NEP
057540040040-2087;057540040040;100mN32142E42116;SF;NA;2;10;S;M;0614;NEP
057540040040-2088;057540040040;100mN32090E42132;PO;NA;3;45;S;F;4049;NEP
057540040040-2088;057540040040;100mN32090E42132;PO;NA;3;42;S;F;4049;EMP
057540040040-2088;057540040040;100mN32090E42132;PO;NA;3;16;S;M;1517;EMP
057540040040-2089;057540040040;100mN32097E42139;MC;NA;2;46;M;M;4049;EMP
057540040040-2089;057540040040;100mN32097E42139;MC;NA;2;40;M;F;4049;EMP
057540040040-2090;057540040040;100mN32097E42139;MC;NA;2;41;M;F;4049;NEP
057540040040-2090;057540040040;100mN32097E42139;MC;NA;2;50;M;M;5064;EMP
057540040040-2091;057540040040;100mN32128E42141;S;NA;1;25;M;M;2529;EMP
057540040040-2092;057540040040;100mN32128E42141;S;OS;1;57;M;F;5064;EMP
057540040040-2093;057540040040;100mN32120E42125;MC;NA;3;56;M;F;5064;EMP
057540040040-2093;057540040040;100mN32120E42125;MC;NA;3;56;M;M;5064;NEP
057540040040-2093;057540040040;100mN32120E42125;MC;NA;3;10;S;M;0614;NEP
057540040040-2094;057540040040;100mN32134E42128;MC;NA;2;18;M;F;1824;EMP
057540040040-2094;057540040040;100mN32134E42128;MC;NA;2;21;M;M;1824;EMP
057540040040-2095;057540040040;100mN32099E42068;MC;OS;2;73;M;M;6574;EMP
057540040040-2095;057540040040;100mN32099E42068;MC;OS;2;79;M;F;75XX;NEP
057540040040-2096;057540040040;100mN32128E42142;MC;NA;4;52;M;M;5064;NEP
057540040040-2096;057540040040;100mN32128E42142;MC;NA;4;63;M;F;5064;EMP
057540040040-2096;057540040040;100mN32128E42142;MC;NA;4;15;S;F;1517;EMP
057540040040-2096;057540040040;100mN32128E42142;MC;NA;4;8;S;M;0614;NEP
057540040040-2097;057540040040;100mN32114E42120;S;NA;1;47;S;M;4049;NEP
057540040040-2098;057540040040;100mN32118E42123;MC;NA;2;56;M;M;5064;EMP
057540040040-2098;057540040040;100mN32118E42123;MC;NA;2;47;M;F;4049;NEP
057540040040-2099;057540040040;100mN32128E42141;MC;NA;3;50;M;M;5064;EMP
057540040040-2099;057540040040;100mN32128E42141;MC;NA;3;44;M;F;4049;NEP
057540040040-2099;057540040040;100mN32128E42141;MC;NA;3;11;S;F;0614;NEP
057540040040-2100;057540040040;100mN32128E42141;MC;NA;2;43;M;M;4049;NEP
057540040040-2100;057540040040;100mN32128E42141;MC;NA;2;34;M;F;3039;EMP
057540040040-2101;057540040040;100mN32127E42141;MC;OS;2;66;M;M;6574;EMP
057540040040-2101;057540040040;100mN32127E42141;MC;OS;2;72;M;F;6574;EMP
057540040040-2102;057540040040;100mN32096E42069;MC;OS;3;85;M;F;75XX;EMP
057540040040-2102;057540040040;100mN32096E42069;MC;OS;3;88;M;M;75XX;EMP
057540040040-2102;057540040040;100mN32096E42069;MC;OS;3;73;S;M;6574;EMP
057540040040-2103;057540040040;100mN32117E42133;PO;NA;6;62;S;F;5064;EMP
057540040040-2103;057540040040;100mN32117E42133;PO;NA;6;62;S;F;5064;EMP
057540040040-2103;057540040040;100mN32117E42133;PO;NA;6;6;S;F;0614;NEP
057540040040-2103;057540040040;100mN32117E42133;PO;NA;6;42;S;M;4049;EMP
057540040040-2103;057540040040;100mN32117E42133;PO;NA;6;10;S;M;0614;NEP
057540040040-2103;057540040040;100mN32117E42133;PO;NA;6;2;S;F;0003;NEP
057540040040-2104;057540040040;100mN32128E42141;PO;NA;3;44;S;M;4049;EMP
057540040040-2104;057540040040;100mN32128E42141;PO;NA;3;37;S;F;3039;EMP
057540040040-2104;057540040040;100mN32128E42141;PO;NA;3;9;S;M;0614;NEP
057540040040-2105;057540040040;100mN32128E42141;S;NA;1;52;M;M;5064;NEP
057540040040-2106;057540040040;100mN32140E42122;MC;NA;2;37;M;F;3039;EMP
057540040040-2106;057540040040;100mN32140E42122;MC;NA;2;38;M;M;3039;NEP
057540040040-2107;057540040040;100mN32124E42117;MC;NA;4;37;M;F;3039;EMP
057540040040-2107;057540040040;100mN32124E42117;MC;NA;4;36;M;M;3039;EMP
057540040040-2107;057540040040;100mN32124E42117;MC;NA;4;20;M;M;1824;EMP
057540040040-2107;057540040040;100mN32124E42117;MC;NA;4;9;S;F;0614;NEP
057540040040-2108;057540040040;100mN32131E42132;MC;MIX;2;68;M;F;6574;NEP
057540040040-2108;057540040040;100mN32131E42132;MC;MIX;2;44;M;F;4049;NEP
057540040040-2109;057540040040;100mN32113E42126;S;NA;1;54;M;M;5064;NEP
057540040040-2110;057540040040;100mN32101E42070;PO;NA;2;51;S;M;5064;NEP
057540040040-2110;057540040040;100mN32101E42070;PO;NA;2;50;S;M;5064;EMP
057540040040-2111;057540040040;100mN32119E42147;SF;NA;2;55;S;F;5064;NEP
057540040040-2111;057540040040;100mN32119E42147;SF;NA;2;9;S;F;0614;NEP
057540040040-2112;057540040040;100mN32119E42147;MC;OS;5;89;M;F;75XX;EMP
057540040040-2112;057540040040;100mN32119E42147;MC;OS;5;40;M;F;4049;EMP
057540040040-2112;057540040040;100mN32119E42147;MC;OS;5;69;S;M;6574;NEP
057540040040-2112;057540040040;100mN32119E42147;MC;OS;5;75;M;F;75XX;EMP
057540040040-2112;057540040040;100mN32119E42147;MC;OS;5;70;M;F;6574;EMP
057540040040-2113;057540040040;100mN32127E42137;MC;NA;3;40;M;M;4049;EMP
057540040040-2113;057540040040;100mN32127E42137;MC;NA;3;41;M;F;4049;NEP
057540040040-2113;057540040040;100mN32127E42137;MC;NA;3;16;S;M;1517;NEP
057540040040-2114;057540040040;100mN32086E42128;SF;NA;4;45;W;F;4049;EMP
057540040040-2114;057540040040;100mN32086E42128;SF;NA;4;2;S;M;0003;NEP
057540040040-2114;057540040040;100mN32086E42128;SF;NA;4;16;S;M;1517;EMP
057540040040-2114;057540040040;100mN32086E42128;SF;NA;4;3;S;M;0305;NEP
057540040040-2115;057540040040;100mN32124E42115;S;NA;1;46;D;F;4049;EMP
057540040040-2116;057540040040;100mN32102E42072;NA;NA;4;42;S;M;4049;NEP
057540040040-2116;057540040040;100mN32102E42072;NA;NA;4;53;M;F;5064;NEP
057540040040-2116;057540040040;100mN32102E42072;NA;NA;4;43;S;M;4049;EMP
057540040040-2116;057540040040;100mN32102E42072;NA;NA;4;69;M;M;6574;EMP
057540040040-2117;057540040040;100mN32113E42125;SF;MIX;4;88;D;M;75XX;EMP
057540040040-2117;057540040040;100mN32113E42125;SF;MIX;4;50;W;F;5064;EMP
057540040040-2117;057540040040;100mN32113E42125;SF;MIX;4;1;S;M;0003;NEP
057540040040-2117;057540040040;100mN32113E42125;SF;MIX;4;7;S;M;0614;NEP
057540040040-2118;057540040040;100mN32143E42117;MC;MIX;3;70;M;M;6574;EMP
057540040040-2118;057540040040;100mN32143E42117;MC;MIX;3;42;M;M;4049;EMP
057540040040-2118;057540040040;100mN32143E42117;MC;MIX;3;45;M;F;4049;EMP
057540040040-2119;057540040040;100mN32115E42128;PC;NA;3;63;P;F;5064;EMP
057540040040-2119;057540040040;100mN32115E42128;PC;NA;3;34;W;F;3039;EMP
057540040040-2119;057540040040;100mN32115E42128;PC;NA;3;41;M;M;4049;NEP
057540040040-2120;057540040040;100mN32108E42068;S;OS;1;46;D;M;4049;EMP
057540040040-2121;057540040040;100mN32118E42125;PO;NA;2;31;S;M;3039;NEP
057540040040-2121;057540040040;100mN32118E42125;PO;NA;2;25;S;M;2529;EMP
057540040040-2122;057540040040;100mN32098E42132;PO;OS;2;69;S;F;6574;NEP
057540040040-2122;057540040040;100mN32098E42132;PO;OS;2;72;S;M;6574;EMP
057540040040-2123;057540040040;100mN32115E42127;PO;NA;4;48;S;M;4049;NEP
057540040040-2123;057540040040;100mN32115E42127;PO;NA;4;45;S;F;4049;EMP
057540040040-2123;057540040040;100mN32115E42127;PO;NA;4;11;S;F;0614;NEP
057540040040-2123;057540040040;100mN32115E42127;PO;NA;4;16;S;M;1517;EMP
057540040040-2124;057540040040;100mN32113E42127;MC;NA;3;54;M;M;5064;EMP
057540040040-2124;057540040040;100mN32113E42127;MC;NA;3;57;M;F;5064;EMP
057540040040-2124;057540040040;100mN32113E42127;MC;NA;3;13;S;F;0614;NEP
057540040040-2125;057540040040;100mN32118E42113;MC;MIX;3;65;D;M;6574;EMP
057540040040-2125;057540040040;100mN32118E42113;MC;MIX;3;56;M;M;5064;NEP
057540040040-2125;057540040040;100mN32118E42113;MC;MIX;3;55;M;F;5064;EMP
057540040040-2126;057540040040;100mN32117E42133;S;NA;1;52;S;F;5064;NEP
057540040040-2127;057540040040;100mN32112E42116;S;NA;1;36;M;F;3039;EMP
057540040040-2128;057540040040;100mN32089E42055;S;OS;1;38;D;M;3039;NEP
057540040040-2129;057540040040;100mN32135E42127;SF;NA;3;32;D;F;3039;EMP
057540040040-2129;057540040040;100mN32135E42127;SF;NA;3;4;S;M;0305;NEP
057540040040-2129;057540040040;100mN32135E42127;SF;NA;3;7;S;M;0614;NEP
057540040040-2130;057540040040;100mN32125E42105;S;NA;1;45;S;M;4049;EMP
057540040040-2131;057540040040;100mN32114E42121;MC;MIX;4;86;M;M;75XX;EMP
057540040040-2131;057540040040;100mN32114E42121;MC;MIX;4;21;M;M;1824;EMP
057540040040-2131;057540040040;100mN32114E42121;MC;MIX;4;22;M;F;1824;NEP
057540040040-2131;057540040040;100mN32114E42121;MC;MIX;4;6;S;F;0614;NEP
057540040040-2132;057540040040;100mN32114E42126;MC;NA;2;36;M;M;3039;EMP
057540040040-2132;057540040040;100mN32114E42126;MC;NA;2;34;M;F;3039;UEP
057540040040-2133;057540040040;100mN32107E42139;MC;OS;2;87;M;M;75XX;NEP
057540040040-2133;057540040040;100mN32107E42139;MC;OS;2;89;M;F;75XX;NEP
057540040040-2134;057540040040;100mN32115E42113;S;NA;1;52;D;M;5064;NEP
057540040040-2135;057540040040;100mN32135E42133;MC;NA;3;60;M;F;5064;NEP
057540040040-2135;057540040040;100mN32135E42133;MC;NA;3;35;M;M;3039;NEP
057540040040-2135;057540040040;100mN32135E42133;MC;NA;3;40;S;F;4049;EMP
057540040040-2136;057540040040;100mN32102E42073;MC;OS;2;69;M;F;6574;NEP
057540040040-2136;057540040040;100mN32102E42073;MC;OS;2;71;M;M;6574;NEP
057540040040-2137;057540040040;100mN32135E42116;MC;MIX;4;83;M;M;75XX;EMP
057540040040-2137;057540040040;100mN32135E42116;MC;MIX;4;50;M;M;5064;EMP
057540040040-2137;057540040040;100mN32135E42116;MC;MIX;4;50;M;F;5064;EMP
057540040040-2137;057540040040;100mN32135E42116;MC;MIX;4;28;M;M;2529;NEP
057540040040-2138;057540040040;100mN32118E42127;S;NA;1;54;D;M;5064;EMP
057540040040-2139;057540040040;100mN32114E42116;MC;MIX;2;85;M;F;75XX;NEP
057540040040-2139;057540040040;100mN32114E42116;MC;MIX;2;2;S;M;0003;NEP
057540040040-2140;057540040040;100mN32135E42133;MC;OS;2;87;M;M;75XX;EMP
057540040040-2140;057540040040;100mN32135E42133;MC;OS;2;69;M;F;6574;NEP
057540040040-2141;057540040040;100mN32080E42110;PO;NA;5;50;S;M;5064;NEP
057540040040-2141;057540040040;100mN32080E42110;PO;NA;5;41;S;F;4049;EMP
057540040040-2141;057540040040;100mN32080E42110;PO;NA;5;6;S;F;0614;NEP
057540040040-2141;057540040040;100mN32080E42110;PO;NA;5;23;M;M;1824;EMP
057540040040-2141;057540040040;100mN32080E42110;PO;NA;5;8;S;M;0614;NEP
057540040040-2142;057540040040;100mN32096E42069;SF;NA;2;35;S;F;3039;EMP
057540040040-2142;057540040040;100mN32096E42069;SF;NA;2;18;S;M;1824;NEP
057540040040-2143;057540040040;100mN32117E42132;MC;OS;3;77;M;M;75XX;EMP
057540040040-2143;057540040040;100mN32117E42132;MC;OS;3;73;M;F;6574;NEP
057540040040-2143;057540040040;100mN32117E42132;MC;OS;3;83;S;M;75XX;NEP
057540040040-2144;057540040040;100mN32114E42119;MC;NA;3;37;M;F;3039;EMP
057540040040-2144;057540040040;100mN32114E42119;MC;NA;3;38;M;M;3039;EMP
057540040040-2144;057540040040;100mN32114E42119;MC;NA;3;11;S;F;0614;NEP
057540040040-2145;057540040040;100mN32103E42057;MC;NA;2;19;M;F;1824;NEP
057540040040-2145;057540040040;100mN32103E42057;MC;NA;2;21;M;M;1824;EMP
057540040040-2146;057540040040;100mN32131E42132;MC;OS;2;89;M;F;75XX;EMP
057540040040-2146;057540040040;100mN32131E42132;MC;OS;2;38;M;F;3039;EMP
057540040040-2147;057540040040;100mN32131E42137;MC;NA;3;38;M;F;3039;EMP
057540040040-2147;057540040040;100mN32131E42137;MC;NA;3;40;M;M;4049;EMP
057540040040-2147;057540040040;100mN32131E42137;MC;NA;3;21;M;M;1824;EMP
057540040040-2148;057540040040;100mN32131E42137;SF;NA;2;41;S;F;4049;EMP
057540040040-2148;057540040040;100mN32131E42137;SF;NA;2;6;S;F;0614;NEP
057540040040-2149;057540040040;100mN32114E42122;MC;MIX;2;77;M;M;75XX;NEP
057540040040-2149;057540040040;100mN32114E42122;MC;MIX;2;72;S;M;6574;NEP
057540040040-2150;057540040040;100mN32131E42137;MC;NA;2;28;M;F;2529;EMP
057540040040-2150;057540040040;100mN32131E42137;MC;NA;2;32;M;M;3039;EMP
057540040040-2151;057540040040;100mN32131E42137;MC;NA;4;43;M;M;4049;NEP
057540040040-2151;057540040040;100mN32131E42137;MC;NA;4;37;M;F;3039;NEP
057540040040-2151;057540040040;100mN32131E42137;MC;NA;4;15;S;M;1517;NEP
057540040040-2151;057540040040;100mN32131E42137;MC;NA;4;4;S;M;0305;NEP
057540040040-2152;057540040040;100mN32125E42115;PO;NA;3;31;S;F;3039;EMP
057540040040-2152;057540040040;100mN32125E42115;PO;NA;3;33;S;M;3039;EMP
057540040040-2152;057540040040;100mN32125E42115;PO;NA;3;11;S;F;0614;NEP
057540040040-2153;057540040040;100mN32131E42137;S;NA;1;67;M;M;6574;EMP
057540040040-2154;057540040040;100mN32131E42137;MC;MIX;4;70;M;M;6574;EMP
057540040040-2154;057540040040;100mN32131E42137;MC;MIX;4;40;M;F;4049;UEP
057540040040-2154;057540040040;100mN32131E42137;MC;MIX;4;33;M;M;3039;NEP
057540040040-2154;057540040040;100mN32131E42137;MC;MIX;4;22;M;M;1824;EMP
057540040040-2155;057540040040;100mN32131E42134;MC;NA;4;61;M;M;5064;EMP
057540040040-2155;057540040040;100mN32131E42134;MC;NA;4;63;M;F;5064;UEP
057540040040-2155;057540040040;100mN32131E42134;MC;NA;4;12;S;F;0614;NEP
057540040040-2155;057540040040;100mN32131E42134;MC;NA;4;16;S;F;1517;NEP
057540040040-2156;057540040040;100mN32131E42137;MC;NA;3;26;M;F;2529;EMP
057540040040-2156;057540040040;100mN32131E42137;MC;NA;3;28;M;M;2529;NEP
057540040040-2156;057540040040;100mN32131E42137;MC;NA;3;3;S;F;0305;NEP
057540040040-2157;057540040040;100mN32134E42121;PO;NA;3;43;S;F;4049;EMP
057540040040-2157;057540040040;100mN32134E42121;PO;NA;3;50;S;F;5064;UEP
057540040040-2157;057540040040;100mN32134E42121;PO;NA;3;3;S;M;0305;NEP
057540040040-2158;057540040040;100mN32131E42137;MC;NA;4;20;M;F;1824;EMP
057540040040-2158;057540040040;100mN32131E42137;MC;NA;4;26;M;M;2529;EMP
057540040040-2158;057540040040;100mN32131E42137;MC;NA;4;3;S;F;0305;NEP
057540040040-2158;057540040040;100mN32131E42137;MC;NA;4;0;S;M;0003;NEP
057540040040-2159;057540040040;100mN32128E42093;MC;NA;4;58;M;M;5064;EMP
057540040040-2159;057540040040;100mN32128E42093;MC;NA;4;50;M;F;5064;NEP
057540040040-2159;057540040040;100mN32128E42093;MC;NA;4;15;S;M;1517;EMP
057540040040-2159;057540040040;100mN32128E42093;MC;NA;4;10;S;F;0614;NEP
057540040040-2160;057540040040;100mN32102E42070;S;NA;1;26;M;M;2529;NEP
057540040040-2161;057540040040;100mN32128E42093;MC;NA;2;48;M;M;4049;NEP
057540040040-2161;057540040040;100mN32128E42093;MC;NA;2;46;M;F;4049;EMP
057540040040-2162;057540040040;100mN32128E42093;MC;NA;4;47;M;M;4049;EMP
057540040040-2162;057540040040;100mN32128E42093;MC;NA;4;40;M;F;4049;NEP
057540040040-2162;057540040040;100mN32128E42093;MC;NA;4;20;S;M;1824;EMP
057540040040-2162;057540040040;100mN32128E42093;MC;NA;4;13;S;M;0614;NEP
057540040040-2163;057540040040;100mN32122E42117;S;NA;1;31;W;F;3039;NEP
057540040040-2164;057540040040;100mN32128E42093;S;NA;1;72;S;M;6574;EMP
057540040040-2165;057540040040;100mN32128E42093;MC;NA;4;35;M;F;3039;NEP
057540040040-2165;057540040040;100mN32128E42093;MC;NA;4;40;M;M;4049;EMP
057540040040-2165;057540040040;100mN32128E42093;MC;NA;4;6;S;M;0614;NEP
057540040040-2165;057540040040;100mN32128E42093;MC;NA;4;16;S;M;1517;EMP
057540040040-2166;057540040040;100mN32125E42146;MC;NA;3;33;M;M;3039;EMP
057540040040-2166;057540040040;100mN32125E42146;MC;NA;3;31;M;F;3039;EMP
057540040040-2166;057540040040;100mN32125E42146;MC;NA;3;18;M;F;1824;EMP
057540040040-2167;057540040040;100mN32108E42078;S;OS;1;67;M;F;6574;EMP
057540040040-2168;057540040040;100mN32127E42146;NA;OS;2;16;S;F;1517;NEP
057540040040-2168;057540040040;100mN32127E42146;NA;OS;2;45;S;M;4049;NEP
057540040040-2169;057540040040;100mN32133E42128;SF;NA;4;61;W;F;5064;EMP
057540040040-2169;057540040040;100mN32133E42128;SF;NA;4;15;S;F;1517;EMP
057540040040-2169;057540040040;100mN32133E42128;SF;NA;4;26;M;F;2529;NEP
057540040040-2169;057540040040;100mN32133E42128;SF;NA;4;9;S;M;0614;NEP
057540040040-2170;057540040040;100mN32114E42120;SF;NA;2;55;D;F;5064;EMP
057540040040-2170;057540040040;100mN32114E42120;SF;NA;2;15;S;M;1517;EMP
057540040040-2171;057540040040;100mN32123E42142;MC;MIX;2;70;M;M;6574;EMP
057540040040-2171;057540040040;100mN32123E42142;MC;MIX;2;19;S;M;1824;NEP
057540040040-2172;057540040040;100mN32117E42123;MC;NA;4;55;M;F;5064;NEP
057540040040-2172;057540040040;100mN32117E42123;MC;NA;4;61;M;M;5064;EMP
057540040040-2172;057540040040;100mN32117E42123;MC;NA;4;40;D;F;4049;EMP
057540040040-2172;057540040040;100mN32117E42123;MC;NA;4;15;S;F;1517;EMP
057540040040-2173;057540040040;100mN32133E42128;S;OS;1;25;M;F;2529;EMP
057540040040-2174;057540040040;100mN32133E42128;S;OS;1;20;D;F;1824;EMP
057540040040-2175;057540040040;100mN32133E42133;S;OS;1;52;M;F;5064;NEP
057540040040-2176;057540040040;100mN32133E42133;S;NA;1;54;W;F;5064;EMP
057540040040-2177;057540040040;100mN32133E42133;MC;NA;2;22;M;F;1824;EMP
057540040040-2177;057540040040;100mN32133E42133;MC;NA;2;21;M;M;1824;EMP
057540040040-2178;057540040040;100mN32133E42133;MC;NA;2;43;M;F;4049;EMP
057540040040-2178;057540040040;100mN32133E42133;MC;NA;2;46;M;M;4049;EMP
057540040040-2179;057540040040;100mN32127E42137;S;NA;1;88;M;F;75XX;NEP
057540040040-2180;057540040040;100mN32124E42147;MC;NA;2;31;M;F;3039;NEP
057540040040-2180;057540040040;100mN32124E42147;MC;NA;2;33;M;M;3039;EMP
057540040040-2181;057540040040;100mN32101E42072;MC;OS;2;84;M;F;75XX;EMP
057540040040-2181;057540040040;100mN32101E42072;MC;OS;2;84;M;M;75XX;NEP
057540040040-2182;057540040040;100mN32101E42072;S;NA;1;71;W;F;6574;EMP
057540040040-2183;057540040040;100mN32103E42074;S;NA;1;47;M;M;4049;NEP
057540040040-2184;057540040040;100mN32133E42133;MC;OS;5;81;M;M;75XX;NEP
057540040040-2184;057540040040;100mN32133E42133;MC;OS;5;76;M;F;75XX;NEP
057540040040-2184;057540040040;100mN32133E42133;MC;OS;5;79;W;F;75XX;NEP
057540040040-2184;057540040040;100mN32133E42133;MC;OS;5;67;S;M;6574;EMP
057540040040-2184;057540040040;100mN32133E42133;MC;OS;5;66;S;M;6574;NEP
057540040040-2185;057540040040;100mN32108E42072;MC;NA;2;34;M;M;3039;EMP
057540040040-2185;057540040040;100mN32108E42072;MC;NA;2;32;M;F;3039;EMP
057540040040-2186;057540040040;100mN32108E42143;MC;NA;2;45;M;M;4049;NEP
057540040040-2186;057540040040;100mN32108E42143;MC;NA;2;42;M;F;4049;UEP
057540040040-2187;057540040040;100mN32100E42134;S;NA;1;42;M;F;4049;EMP
057540040040-2188;057540040040;100mN32100E42134;MC;NA;3;48;M;F;4049;NEP
057540040040-2188;057540040040;100mN32100E42134;MC;NA;3;48;M;M;4049;NEP
057540040040-2188;057540040040;100mN32100E42134;MC;NA;3;15;S;F;1517;NEP
057540040040-2189;057540040040;100mN32100E42134;SM;NA;2;58;S;M;5064;NEP
057540040040-2189;057540040040;100mN32100E42134;SM;NA;2;11;S;F;0614;NEP
057540040040-2190;057540040040;100mN32132E42131;S;NA;1;86;S;F;75XX;EMP
057540040040-2191;057540040040;100mN32117E42121;MC;NA;3;56;M;F;5064;NEP
057540040040-2191;057540040040;100mN32117E42121;MC;NA;3;15;S;M;1517;NEP
057540040040-2191;057540040040;100mN32117E42121;MC;NA;3;41;M;M;4049;NEP
057540040040-2192;057540040040;100mN32115E42121;MC;NA;3;30;M;M;3039;EMP
057540040040-2192;057540040040;100mN32115E42121;MC;NA;3;28;M;F;2529;NEP
057540040040-2192;057540040040;100mN32115E42121;MC;NA;3;10;S;F;0614;NEP
057540040040-2193;057540040040;100mN32130E42138;S;OS;1;31;S;F;3039;NEP
057540040040-2194;057540040040;100mN32098E42050;MC;NA;3;54;M;F;5064;EMP
057540040040-2194;057540040040;100mN32098E42050;MC;NA;3;52;M;M;5064;EMP
057540040040-2194;057540040040;100mN32098E42050;MC;NA;3;13;S;F;0614;NEP
057540040040-2195;057540040040;100mN32115E42121;MC;OS;2;83;M;F;75XX;UEP
057540040040-2195;057540040040;100mN32115E42121;MC;OS;2;81;M;M;75XX;EMP
057540040040-2196;057540040040;100mN32101E42074;MC;OS;2;70;M;F;6574;NEP
057540040040-2196;057540040040;100mN32101E42074;MC;OS;2;66;M;M;6574;EMP
057540040040-2197;057540040040;100mN32115E42121;MC;OS;2;84;M;M;75XX;NEP
057540040040-2197;057540040040;100mN32115E42121;MC;OS;2;85;M;F;75XX;NEP
057540040040-2198;057540040040;100mN32103E42073;S;NA;1;31;M;M;3039;EMP
057540040040-2199;057540040040;100mN32115E42121;S;NA;1;65;D;M;6574;NEP
057540040040-2200;057540040040;100mN32115E42121;S;NA;1;40;D;F;4049;EMP
057540040040-2201;057540040040;100mN32115E42121;S;NA;1;53;M;F;5064;EMP
057540040040-2202;057540040040;100mN32112E42126;MC;NA;4;48;M;M;4049;EMP
057540040040-2202;057540040040;100mN32112E42126;MC;NA;4;18;M;F;1824;NEP
057540040040-2202;057540040040;100mN32112E42126;MC;NA;4;10;S;M;0614;NEP
057540040040-2202;057540040040;100mN32112E42126;MC;NA;4;10;S;M;0614;NEP
057540040040-2203;057540040040;100mN32114E42126;S;NA;1;62;M;M;5064;NEP
057540040040-2204;057540040040;100mN32091E42097;S;OS;1;61;S;M;5064;NEP
057540040040-2205;057540040040;100mN32136E42128;S;NA;1;60;S;F;5064;NEP
057540040040-2206;057540040040;100mN32121E42121;MC;NA;5;43;M;M;4049;EMP
057540040040-2206;057540040040;100mN32121E42121;MC;NA;5;57;M;F;5064;EMP
057540040040-2206;057540040040;100mN32121E42121;MC;NA;5;11;S;F;0614;NEP
057540040040-2206;057540040040;100mN32121E42121;MC;NA;5;15;S;M;1517;NEP
057540040040-2206;057540040040;100mN32121E42121;MC;NA;5;13;S;F;0614;NEP
057540040040-2207;057540040040;100mN32112E42123;SF;NA;4;56;W;F;5064;NEP
057540040040-2207;057540040040;100mN32112E42123;SF;NA;4;8;S;F;0614;NEP
057540040040-2207;057540040040;100mN32112E42123;SF;NA;4;3;S;M;0305;NEP
057540040040-2207;057540040040;100mN32112E42123;SF;NA;4;13;S;F;0614;NEP
057540040040-2208;057540040040;100mN32111E42119;MC;NA;4;35;M;F;3039;EMP
057540040040-2208;057540040040;100mN32111E42119;MC;NA;4;62;M;M;5064;EMP
057540040040-2208;057540040040;100mN32111E42119;MC;NA;4;10;S;F;0614;NEP
057540040040-2208;057540040040;100mN32111E42119;MC;NA;4;7;S;M;0614;NEP
057540040040-2209;057540040040;100mN32116E42133;S;NA;1;59;M;M;5064;NEP
057540040040-2210;057540040040;100mN32140E42117;MC;OS;2;73;M;F;6574;NEP
057540040040-2210;057540040040;100mN32140E42117;MC;OS;2;76;M;M;75XX;NEP
057540040040-2211;057540040040;100mN32116E42133;MC;NA;2;48;M;F;4049;EMP
057540040040-2211;057540040040;100mN32116E42133;MC;NA;2;54;M;M;5064;EMP
057540040040-2212;057540040040;100mN32112E42124;S;NA;1;53;D;M;5064;NEP
057540040040-2213;057540040040;100mN32134E42121;S;OS;1;51;D;F;5064;EMP
057540040040-2214;057540040040;100mN32116E42133;SF;NA;2;45;S;F;4049;EMP
057540040040-2214;057540040040;100mN32116E42133;SF;NA;2;28;M;M;2529;EMP
057540040040-2215;057540040040;100mN32117E42123;MC;NA;5;57;M;F;5064;NEP
057540040040-2215;057540040040;100mN32117E42123;MC;NA;5;55;M;M;5064;EMP
057540040040-2215;057540040040;100mN32117E42123;MC;NA;5;3;S;F;0305;NEP
057540040040-2215;057540040040;100mN32117E42123;MC;NA;5;16;S;F;1517;EMP
057540040040-2215;057540040040;100mN32117E42123;MC;NA;5;3;S;M;0305;NEP
057540040040-2216;057540040040;100mN32112E42123;MC;NA;3;19;M;M;1824;EMP
057540040040-2216;057540040040;100mN32112E42123;MC;NA;3;18;M;F;1824;EMP
057540040040-2216;057540040040;100mN32112E42123;MC;NA;3;0;S;M;0003;NEP
057540040040-2217;057540040040;100mN32118E42122;S;NA;1;68;W;F;6574;EMP
057540040040-2218;057540040040;100mN32111E42123;SF;MIX;3;89;W;F;75XX;EMP
057540040040-2218;057540040040;100mN32111E42123;SF;MIX;3;37;S;F;3039;EMP
057540040040-2218;057540040040;100mN32111E42123;SF;MIX;3;6;S;F;0614;NEP
057540040040-2219;057540040040;100mN32116E42133;S;NA;1;43;M;F;4049;EMP
057540040040-2220;057540040040;100mN32118E42120;MC;NA;4;47;M;M;4049;EMP
057540040040-2220;057540040040;100mN32118E42120;MC;NA;4;41;M;F;4049;NEP
057540040040-2220;057540040040;100mN32118E42120;MC;NA;4;23;D;M;1824;NEP
057540040040-2220;057540040040;100mN32118E42120;MC;NA;4;13;S;F;0614;NEP
057540040040-2221;057540040040;100mN32116E42133;SF;NA;4;44;W;F;4049;EMP
057540040040-2221;057540040040;100mN32116E42133;SF;NA;4;9;S;F;0614;NEP
057540040040-2221;057540040040;100mN32116E42133;SF;NA;4;10;S;M;0614;NEP
057540040040-2221;057540040040;100mN32116E42133;SF;NA;4;12;S;M;0614;NEP
057540040040-2222;057540040040;100mN32123E42120;SF;NA;2;47;W;F;4049;NEP
057540040040-2222;057540040040;100mN32123E42120;SF;NA;2;18;D;M;1824;EMP
057540040040-2223;057540040040;100mN32118E42122;PO;NA;3;52;S;M;5064;NEP
057540040040-2223;057540040040;100mN32118E42122;PO;NA;3;51;S;M;5064;NEP
057540040040-2223;057540040040;100mN32118E42122;PO;NA;3;26;M;M;2529;EMP
057540040040-2224;057540040040;100mN32116E42133;S;NA;1;46;S;F;4049;EMP
057540040040-2225;057540040040;100mN32116E42133;S;NA;1;61;S;M;5064;EMP
057540040040-2226;057540040040;100mN32114E42124;S;NA;1;45;S;M;4049;EMP
057540040040-2227;057540040040;100mN32121E42119;SM;NA;2;20;W;M;1824;EMP
057540040040-2227;057540040040;100mN32121E42119;SM;NA;2;4;S;M;0305;NEP
057540040040-2228;057540040040;100mN32139E42129;NA;NA;2;50;M;M;5064;NEP
057540040040-2228;057540040040;100mN32139E42129;NA;NA;2;19;S;M;1824;EMP
057540040040-2229;057540040040;100mN32114E42131;MC;OS;2;71;M;F;6574;EMP
057540040040-2229;057540040040;100mN32114E42131;MC;OS;2;76;M;M;75XX;NEP
057540040040-2230;057540040040;100mN32130E42134;NA;NA;2;45;S;F;4049;NEP
057540040040-2230;057540040040;100mN32130E42134;NA;NA;2;55;M;M;5064;NEP
057540040040-2231;057540040040;100mN32112E42117;NA;NA;3;55;M;F;5064;EMP
057540040040-2231;057540040040;100mN32112E42117;NA;NA;3;82;W;F;75XX;NEP
057540040040-2231;057540040040;100mN32112E42117;NA;NA;3;36;M;M;3039;NEP
057540040040-2232;057540040040;100mN32125E42142;NA;NA;4;22;M;F;1824;EMP
057540040040-2232;057540040040;100mN32125E42142;NA;NA;4;45;M;F;4049;EMP
057540040040-2232;057540040040;100mN32125E42142;NA;NA;4;61;S;M;5064;EMP
057540040040-2232;057540040040;100mN32125E42142;NA;NA;4;58;S;M;5064;EMP
057540040040-2233;057540040040;100mN32104E42073;MC;MIX;2;72;M;M;6574;NEP
057540040040-2233;057540040040;100mN32104E42073;MC;MIX;2;47;D;M;4049;EMP
057540040040-2234;057540040040;100mN32132E42131;MC;MIX;5;80;W;F;75XX;EMP
057540040040-2234;057540040040;100mN32132E42131;MC;MIX;5;41;M;M;4049;NEP
057540040040-2234;057540040040;100mN32132E42131;MC;MIX;5;40;M;F;4049;EMP
057540040040-2234;057540040040;100mN32132E42131;MC;MIX;5;13;S;F;0614;NEP
057540040040-2234;057540040040;100mN32132E42131;MC;MIX;5;18;M;M;1824;EMP
057540040040-2235;057540040040;100mN32127E42143;MC;MIX;2;89;M;F;75XX;EMP
057540040040-2235;057540040040;100mN32127E42143;MC;MIX;2;52;M;M;5064;NEP
057540040040-2236;057540040040;100mN32136E42121;S;NA;1;28;S;M;2529;EMP
057540040040-2237;057540040040;100mN32124E42114;MC;MIX;2;69;M;M;6574;EMP
057540040040-2237;057540040040;100mN32124E42114;MC;MIX;2;21;D;F;1824;NEP
057540040040-2238;057540040040;100mN32117E42124;S;NA;1;52;D;F;5064;NEP
057540040040-2239;057540040040;100mN32116E42133;S;NA;1;22;M;F;1824;NEP
057540040040-2240;057540040040;100mN32139E42123;S;OS;1;55;W;F;5064;NEP
057540040040-2241;057540040040;100mN32138E42127;PO;NA;2;42;S;M;4049;EMP
057540040040-2241;057540040040;100mN32138E42127;PO;NA;2;37;S;M;3039;EMP
057540040040-2242;057540040040;100mN32116E42133;MC;NA;3;56;M;M;5064;EMP
057540040040-2242;057540040040;100mN32116E42133;MC;NA;3;55;M;F;5064;EMP
057540040040-2242;057540040040;100mN32116E42133;MC;NA;3;41;M;F;4049;NEP
057540040040-2243;057540040040;100mN32127E42142;MC;NA;5;32;M;F;3039;NEP
057540040040-2243;057540040040;100mN32127E42142;MC;NA;5;34;M;M;3039;EMP
057540040040-2243;057540040040;100mN32127E42142;MC;NA;5;6;S;F;0614;NEP
057540040040-2243;057540040040;100mN32127E42142;MC;NA;5;15;S;M;1517;EMP
057540040040-2243;057540040040;100mN32127E42142;MC;NA;5;10;S;F;0614;NEP
057540040040-2244;057540040040;100mN32116E42133;PO;NA;3;31;S;F;3039;EMP
057540040040-2244;057540040040;100mN32116E42133;PO;NA;3;31;S;M;3039;NEP
057540040040-2244;057540040040;100mN32116E42133;PO;NA;3;15;S;F;1517;EMP
057540040040-2245;057540040040;100mN32131E42131;SF;MIX;2;68;W;F;6574;EMP
057540040040-2245;057540040040;100mN32131E42131;SF;MIX;2;4;S;M;0305;NEP
057540040040-2246;057540040040;100mN32135E42132;MC;NA;2;63;M;F;5064;EMP
057540040040-2246;057540040040;100mN32135E42132;MC;NA;2;41;S;M;4049;EMP
057540040040-2247;057540040040;100mN32136E42131;MC;MIX;4;79;S;M;75XX;NEP
057540040040-2247;057540040040;100mN32136E42131;MC;MIX;4;21;M;F;1824;NEP
057540040040-2247;057540040040;100mN32136E42131;MC;MIX;4;18;M;M;1824;EMP
057540040040-2247;057540040040;100mN32136E42131;MC;MIX;4;4;S;M;0305;NEP
057540040040-2248;057540040040;100mN32116E42133;MC;OS;2;89;M;F;75XX;EMP
057540040040-2248;057540040040;100mN32116E42133;MC;OS;2;50;S;M;5064;NEP
057540040040-2249;057540040040;100mN32116E42133;PO;MIX;3;78;W;F;75XX;NEP
057540040040-2249;057540040040;100mN32116E42133;PO;MIX;3;22;S;F;1824;EMP
057540040040-2249;057540040040;100mN32116E42133;PO;MIX;3;25;S;F;2529;EMP
057540040040-2250;057540040040;100mN32097E42057;S;OS;1;20;M;F;1824;EMP
057540040040-2251;057540040040;100mN32118E42121;MC;NA;3;43;M;F;4049;EMP
057540040040-2251;057540040040;100mN32118E42121;MC;NA;3;45;M;M;4049;EMP
057540040040-2251;057540040040;100mN32118E42121;MC;NA;3;19;M;M;1824;EMP
057540040040-2252;057540040040;100mN32124E42147;MC;OS;2;65;M;M;6574;EMP
057540040040-2252;057540040040;100mN32124E42147;MC;OS;2;85;M;F;75XX;NEP
057540040040-2253;057540040040;100mN32109E42142;MC;OS;2;72;M;F;6574;NEP
057540040040-2253;057540040040;100mN32109E42142;MC;OS;2;75;M;M;75XX;EMP
057540040040-2254;057540040040;100mN32117E42124;MC;OS;3;76;M;F;75XX;NEP
057540040040-2254;057540040040;100mN32117E42124;MC;OS;3;78;M;M;75XX;EMP
057540040040-2254;057540040040;100mN32117E42124;MC;OS;3;68;S;M;6574;NEP
057540040040-2255;057540040040;100mN32109E42142;MC;NA;2;32;M;M;3039;EMP
057540040040-2255;057540040040;100mN32109E42142;MC;NA;2;27;M;F;2529;EMP
057540040040-2256;057540040040;100mN32118E42132;MC;NA;4;63;M;F;5064;EMP
057540040040-2256;057540040040;100mN32118E42132;MC;NA;4;33;M;M;3039;EMP
057540040040-2256;057540040040;100mN32118E42132;MC;NA;4;30;D;F;3039;EMP
057540040040-2256;057540040040;100mN32118E42132;MC;NA;4;48;M;M;4049;NEP
057540040040-2257;057540040040;100mN32109E42142;MC;NA;3;45;M;M;4049;EMP
057540040040-2257;057540040040;100mN32109E42142;MC;NA;3;43;M;F;4049;EMP
057540040040-2257;057540040040;100mN32109E42142;MC;NA;3;8;S;F;0614;NEP
057540040040-2258;057540040040;100mN32109E42142;MC;NA;4;55;M;M;5064;EMP
057540040040-2258;057540040040;100mN32109E42142;MC;NA;4;47;M;F;4049;EMP
057540040040-2258;057540040040;100mN32109E42142;MC;NA;4;10;S;M;0614;NEP
057540040040-2258;057540040040;100mN32109E42142;MC;NA;4;21;M;F;1824;NEP
057540040040-2259;057540040040;100mN32121E42119;MC;NA;2;42;M;F;4049;UEP
057540040040-2259;057540040040;100mN32121E42119;MC;NA;2;44;M;M;4049;EMP
057540040040-2260;057540040040;100mN32109E42142;S;NA;1;19;S;M;1824;NEP
057540040040-2261;057540040040;100mN32123E42118;MC;NA;5;43;M;M;4049;EMP
057540040040-2261;057540040040;100mN32123E42118;MC;NA;5;43;M;F;4049;NEP
057540040040-2261;057540040040;100mN32123E42118;MC;NA;5;27;S;M;2529;EMP
057540040040-2261;057540040040;100mN32123E42118;MC;NA;5;28;S;F;2529;EMP
057540040040-2261;057540040040;100mN32123E42118;MC;NA;5;20;S;M;1824;EMP
057540040040-2262;057540040040;100mN32109E42142;MC;NA;3;56;M;F;5064;NEP
057540040040-2262;057540040040;100mN32109E42142;MC;NA;3;63;M;M;5064;EMP
057540040040-2262;057540040040;100mN32109E42142;MC;NA;3;30;S;M;3039;EMP
057540040040-2263;057540040040;100mN32109E42142;SF;NA;2;72;W;F;6574;NEP
057540040040-2263;057540040040;100mN32109E42142;SF;NA;2;20;M;M;1824;EMP
057540040040-2264;057540040040;100mN32109E42142;MC;NA;3;54;M;M;5064;NEP
057540040040-2264;057540040040;100mN32109E42142;MC;NA;3;45;M;F;4049;NEP
057540040040-2264;057540040040;100mN32109E42142;MC;NA;3;9;S;M;0614;NEP
057540040040-2265;057540040040;100mN32131E42131;MC;MIX;4;82;D;F;75XX;EMP
057540040040-2265;057540040040;100mN32131E42131;MC;MIX;4;40;M;M;4049;EMP
057540040040-2265;057540040040;100mN32131E42131;MC;MIX;4;38;M;F;3039;UEP
057540040040-2265;057540040040;100mN32131E42131;MC;MIX;4;0;S;F;0003;NEP
057540040040-2266;057540040040;100mN32104E42075;S;OS;1;68;W;M;6574;NEP
057540040040-2267;057540040040;100mN32109E42142;MC;NA;5;43;M;F;4049;EMP
057540040040-2267;057540040040;100mN32109E42142;MC;NA;5;59;M;M;5064;EMP
057540040040-2267;057540040040;100mN32109E42142;MC;NA;5;9;S;M;0614;NEP
057540040040-2267;057540040040;100mN32109E42142;MC;NA;5;19;M;M;1824;EMP
057540040040-2267;057540040040;100mN32109E42142;MC;NA;5;25;S;M;2529;EMP
057540040040-2268;057540040040;100mN32118E42116;SF;NA;3;50;S;F;5064;NEP
057540040040-2268;057540040040;100mN32118E42116;SF;NA;3;3;S;F;0305;NEP
057540040040-2268;057540040040;100mN32118E42116;SF;NA;3;9;S;M;0614;NEP
057540040040-2269;057540040040;100mN32112E42116;S;NA;1;36;M;F;3039;EMP
057540040040-2270;057540040040;100mN32118E42122;MC;NA;2;33;M;F;3039;EMP
057540040040-2270;057540040040;100mN32118E42122;MC;NA;2;42;M;M;4049;EMP
057540040040-2271;057540040040;100mN32115E42127;PO;NA;2;48;S;F;4049;UEP
057540040040-2271;057540040040;100mN32115E42127;PO;NA;2;50;S;F;5064;NEP
057540040040-2272;057540040040;100mN32100E42071;MC;NA;2;32;M;M;3039;EMP
057540040040-2272;057540040040;100mN32100E42071;MC;NA;2;30;M;F;3039;NEP
057540040040-2273;057540040040;100mN32114E42126;S;NA;1;62;M;M;5064;NEP
057540040040-2274;057540040040;100mN32100E42071;MC;MIX;5;68;W;F;6574;EMP
057540040040-2274;057540040040;100mN32100E42071;MC;MIX;5;21;M;M;1824;EMP
057540040040-2274;057540040040;100mN32100E42071;MC;MIX;5;18;M;F;1824;NEP
057540040040-2274;057540040040;100mN32100E42071;MC;MIX;5;0;S;F;0003;NEP
057540040040-2274;057540040040;100mN32100E42071;MC;MIX;5;3;S;F;0305;NEP
057540040040-2275;057540040040;100mN32100E42071;MC;NA;2;54;M;M;5064;EMP
057540040040-2275;057540040040;100mN32100E42071;MC;NA;2;51;M;F;5064;NEP
057540040040-2276;057540040040;100mN32127E42100;S;OS;1;33;S;F;3039;EMP
057540040040-2277;057540040040;100mN32100E42071;MC;NA;2;52;M;F;5064;NEP
057540040040-2277;057540040040;100mN32100E42071;MC;NA;2;55;M;M;5064;EMP
057540040040-2278;057540040040;100mN32100E42071;MC;NA;2;41;M;M;4049;EMP
057540040040-2278;057540040040;100mN32100E42071;MC;NA;2;32;M;F;3039;NEP
057540040040-2279;057540040040;100mN32100E42071;MC;NA;3;41;M;M;4049;EMP
057540040040-2279;057540040040;100mN32100E42071;MC;NA;3;40;M;F;4049;NEP
057540040040-2279;057540040040;100mN32100E42071;MC;NA;3;21;D;F;1824;EMP
057540040040-2280;057540040040;100mN32114E42124;MC;NA;3;55;M;F;5064;EMP
057540040040-2280;057540040040;100mN32114E42124;MC;NA;3;63;M;M;5064;EMP
057540040040-2280;057540040040;100mN32114E42124;MC;NA;3;25;D;M;2529;NEP
057540040040-2281;057540040040;100mN32100E42071;S;NA;1;66;M;F;6574;EMP
057540040040-2282;057540040040;100mN32112E42143;S;NA;1;46;M;M;4049;NEP
057540040040-2283;057540040040;100mN32108E42145;PO;OS;2;86;S;M;75XX;EMP
057540040040-2283;057540040040;100mN32108E42145;PO;OS;2;77;S;F;75XX;NEP
057540040040-2284;057540040040;100mN32127E42143;S;NA;1;37;S;M;3039;NEP
057540040040-2285;057540040040;100mN32102E42070;MC;OS;5;70;M;F;6574;EMP
057540040040-2285;057540040040;100mN32102E42070;MC;OS;5;70;M;M;6574;NEP
057540040040-2285;057540040040;100mN32102E42070;MC;OS;5;86;D;F;75XX;NEP
057540040040-2285;057540040040;100mN32102E42070;MC;OS;5;73;W;F;6574;NEP
057540040040-2285;057540040040;100mN32102E42070;MC;OS;5;85;M;M;75XX;EMP
057540040040-2286;057540040040;100mN32137E42128;S;NA;1;89;S;M;75XX;EMP
057540040040-2287;057540040040;100mN32100E42071;PO;NA;3;59;S;F;5064;NEP
057540040040-2287;057540040040;100mN32100E42071;PO;NA;3;60;S;M;5064;EMP
057540040040-2287;057540040040;100mN32100E42071;PO;NA;3;11;S;M;0614;NEP
057540040040-2288;057540040040;100mN32114E42128;MC;NA;3;43;M;F;4049;NEP
057540040040-2288;057540040040;100mN32114E42128;MC;NA;3;42;M;M;4049;NEP
057540040040-2288;057540040040;100mN32114E42128;MC;NA;3;16;S;M;1517;EMP
057540040040-2289;057540040040;100mN32124E42143;MC;NA;2;36;M;F;3039;NEP
057540040040-2289;057540040040;100mN32124E42143;MC;NA;2;50;M;M;5064;EMP
057540040040-2290;057540040040;100mN32116E42129;MC;NA;3;61;M;F;5064;NEP
057540040040-2290;057540040040;100mN32116E42129;MC;NA;3;7;S;F;0614;NEP
057540040040-2290;057540040040;100mN32116E42129;MC;NA;3;0;S;M;0003;NEP
057540040040-2291;057540040040;100mN32124E42114;MC;MIX;2;69;M;M;6574;EMP
057540040040-2291;057540040040;100mN32124E42114;MC;MIX;2;21;D;F;1824;NEP
057540040040-2292;057540040040;100mN32121E42123;S;NA;1;67;M;F;6574;UEP
057540040040-2293;057540040040;100mN32116E42129;MC;NA;2;47;M;F;4049;NEP
057540040040-2293;057540040040;100mN32116E42129;MC;NA;2;44;M;M;4049;EMP
057540040040-2294;057540040040;100mN32116E42129;MC;NA;2;52;M;F;5064;NEP
057540040040-2294;057540040040;100mN32116E42129;MC;NA;2;54;M;M;5064;NEP
057540040040-2295;057540040040;100mN32114E42124;NA;OS;3;36;M;M;3039;EMP
057540040040-2295;057540040040;100mN32114E42124;NA;OS;3;59;W;F;5064;NEP
057540040040-2295;057540040040;100mN32114E42124;NA;OS;3;25;S;M;2529;EMP
057540040040-2296;057540040040;100mN32118E42122;S;OS;1;21;S;M;1824;EMP
057540040040-2297;057540040040;100mN32118E42121;PO;OS;3;68;S;M;6574;EMP
057540040040-2297;057540040040;100mN32118E42121;PO;OS;3;89;S;F;75XX;EMP
057540040040-2297;057540040040;100mN32118E42121;PO;OS;3;81;D;F;75XX;EMP
057540040040-2298;057540040040;100mN32124E42140;MC;NA;2;62;M;F;5064;NEP
057540040040-2298;057540040040;100mN32124E42140;MC;NA;2;16;S;M;1517;NEP
057540040040-2299;057540040040;100mN32116E42129;MC;OS;2;85;M;F;75XX;EMP
057540040040-2299;057540040040;100mN32116E42129;MC;OS;2;86;M;M;75XX;NEP
057540040040-2300;057540040040;100mN32127E42141;S;OS;1;75;W;M;75XX;EMP
057540040040-2301;057540040040;100mN32116E42129;S;NA;1;57;M;F;5064;EMP
057540040040-2302;057540040040;100mN32116E42129;NA;NA;2;45;M;F;4049;NEP
057540040040-2302;057540040040;100mN32116E42129;NA;NA;2;35;M;M;3039;NEP
057540040040-2303;057540040040;100mN32116E42129;MC;MIX;2;67;M;F;6574;NEP
057540040040-2303;057540040040;100mN32116E42129;MC;MIX;2;38;S;M;3039;EMP
057540040040-2304;057540040040;100mN32127E42138;S;OS;1;40;D;F;4049;NEP
057540040040-2305;057540040040;100mN32148E42123;S;NA;1;40;M;F;4049;EMP
057540040040-2306;057540040040;100mN32148E42123;MC;NA;4;62;M;M;5064;EMP
057540040040-2306;057540040040;100mN32148E42123;MC;NA;4;53;M;F;5064;EMP
057540040040-2306;057540040040;100mN32148E42123;MC;NA;4;8;S;F;0614;NEP
057540040040-2306;057540040040;100mN32148E42123;MC;NA;4;2;S;M;0003;NEP
057540040040-2307;057540040040;100mN32118E42129;NA;NA;2;46;M;F;4049;NEP
057540040040-2307;057540040040;100mN32118E42129;NA;NA;2;55;S;M;5064;EMP
057540040040-2308;057540040040;100mN32106E42100;S;NA;1;84;S;M;75XX;EMP
057540040040-2309;057540040040;100mN32106E42100;SF;NA;2;57;W;F;5064;NEP
057540040040-2309;057540040040;100mN32106E42100;SF;NA;2;41;M;F;4049;NEP
057540040040-2310;057540040040;100mN32140E42127;MC;MIX;4;66;M;F;6574;NEP
057540040040-2310;057540040040;100mN32140E42127;MC;MIX;4;47;M;M;4049;NEP
057540040040-2310;057540040040;100mN32140E42127;MC;MIX;4;52;M;F;5064;EMP
057540040040-2310;057540040040;100mN32140E42127;MC;MIX;4;12;S;F;0614;NEP
057540040040-2311;057540040040;100mN32131E42104;MC;NA;2;54;M;M;5064;NEP
057540040040-2311;057540040040;100mN32131E42104;MC;NA;2;51;M;F;5064;NEP
057540040040-2312;057540040040;100mN32131E42104;S;NA;1;51;S;M;5064;EMP
057540040040-2313;057540040040;100mN32135E42132;MC;NA;2;37;M;M;3039;NEP
057540040040-2313;057540040040;100mN32135E42132;MC;NA;2;35;M;F;3039;EMP
057540040040-2314;057540040040;100mN32131E42132;S;NA;1;57;D;F;5064;EMP
057540040040-2315;057540040040;100mN32117E42123;MC;NA;5;57;M;F;5064;NEP
057540040040-2315;057540040040;100mN32117E42123;MC;NA;5;55;M;M;5064;EMP
057540040040-2315;057540040040;100mN32117E42123;MC;NA;5;3;S;F;0305;NEP
057540040040-2315;057540040040;100mN32117E42123;MC;NA;5;16;S;F;1517;EMP
057540040040-2315;057540040040;100mN32117E42123;MC;NA;5;3;S;M;0305;NEP
057540040040-2316;057540040040;100mN32138E42123;MC;NA;4;28;M;F;2529;EMP
057540040040-2316;057540040040;100mN32138E42123;MC;NA;4;28;M;M;2529;NEP
057540040040-2316;057540040040;100mN32138E42123;MC;NA;4;12;S;M;0614;NEP
057540040040-2316;057540040040;100mN32138E42123;MC;NA;4;12;S;M;0614;NEP
057540040040-2317;057540040040;100mN32128E42142;MC;NA;4;52;M;M;5064;NEP
057540040040-2317;057540040040;100mN32128E42142;MC;NA;4;63;M;F;5064;EMP
057540040040-2317;057540040040;100mN32128E42142;MC;NA;4;15;S;F;1517;EMP
057540040040-2317;057540040040;100mN32128E42142;MC;NA;4;8;S;M;0614;NEP
057540040040-2318;057540040040;100mN32117E42124;MC;NA;2;56;M;F;5064;EMP
057540040040-2318;057540040040;100mN32117E42124;MC;NA;2;58;M;M;5064;EMP
057540040040-2319;057540040040;100mN32128E42142;S;NA;1;48;M;F;4049;EMP
057540040040-2320;057540040040;100mN32113E42126;MC;MIX;2;87;M;M;75XX;EMP
057540040040-2320;057540040040;100mN32113E42126;MC;MIX;2;52;S;M;5064;EMP
057540040040-2321;057540040040;100mN32124E42142;MC;NA;4;37;M;M;3039;EMP
057540040040-2321;057540040040;100mN32124E42142;MC;NA;4;44;M;F;4049;NEP
057540040040-2321;057540040040;100mN32124E42142;MC;NA;4;19;M;F;1824;EMP
057540040040-2321;057540040040;100mN32124E42142;MC;NA;4;6;S;F;0614;NEP
057540040040-2322;057540040040;100mN32118E42123;S;NA;1;37;W;F;3039;NEP
057540040040-2323;057540040040;100mN32114E42115;MC;NA;3;31;M;M;3039;EMP
057540040040-2323;057540040040;100mN32114E42115;MC;NA;3;40;M;F;4049;EMP
057540040040-2323;057540040040;100mN32114E42115;MC;NA;3;7;S;M;0614;NEP
057540040040-2324;057540040040;100mN32107E42111;MC;NA;4;36;M;F;3039;NEP
057540040040-2324;057540040040;100mN32107E42111;MC;NA;4;43;M;M;4049;EMP
057540040040-2324;057540040040;100mN32107E42111;MC;NA;4;1;S;F;0003;NEP
057540040040-2324;057540040040;100mN32107E42111;MC;NA;4;21;M;M;1824;EMP
057540040040-2325;057540040040;100mN32124E42146;MC;NA;3;22;M;M;1824;EMP
057540040040-2325;057540040040;100mN32124E42146;MC;NA;3;18;M;F;1824;EMP
057540040040-2325;057540040040;100mN32124E42146;MC;NA;3;4;S;M;0305;NEP
057540040040-2326;057540040040;100mN32130E42136;S;NA;1;53;W;F;5064;NEP
057540040040-2327;057540040040;100mN32143E42117;S;OS;1;31;M;F;3039;NEP
057540040040-2328;057540040040;100mN32117E42123;MC;NA;5;58;M;F;5064;EMP
057540040040-2328;057540040040;100mN32117E42123;MC;NA;5;60;M;M;5064;EMP
057540040040-2328;057540040040;100mN32117E42123;MC;NA;5;16;S;F;1517;EMP
057540040040-2328;057540040040;100mN32117E42123;MC;NA;5;41;M;M;4049;EMP
057540040040-2328;057540040040;100mN32117E42123;MC;NA;5;6;S;M;0614;NEP
057540040040-2329;057540040040;100mN32145E42116;S;NA;1;35;D;M;3039;NEP
057540040040-2330;057540040040;100mN32131E42135;PO;NA;3;50;S;M;5064;EMP
057540040040-2330;057540040040;100mN32131E42135;PO;NA;3;47;S;F;4049;EMP
057540040040-2330;057540040040;100mN32131E42135;PO;NA;3;23;D;M;1824;EMP
057540040040-2331;057540040040;100mN32100E42072;SM;NA;3;69;W;M;6574;EMP
057540040040-2331;057540040040;100mN32100E42072;SM;NA;3;25;S;M;2529;EMP
057540040040-2331;057540040040;100mN32100E42072;SM;NA;3;13;S;M;0614;NEP
057540040040-2332;057540040040;100mN32095E42068;MC;NA;2;21;M;F;1824;NEP
057540040040-2332;057540040040;100mN32095E42068;MC;NA;2;26;M;M;2529;EMP
057540040040-2333;057540040040;100mN32119E42117;SF;NA;2;52;D;F;5064;EMP
057540040040-2333;057540040040;100mN32119E42117;SF;NA;2;1;S;M;0003;NEP
057540040040-2334;057540040040;100mN32126E42144;MC;NA;2;38;M;M;3039;EMP
057540040040-2334;057540040040;100mN32126E42144;MC;NA;2;33;M;F;3039;NEP
057540040040-2335;057540040040;100mN32140E42117;S;NA;1;50;S;M;5064;NEP
057540040040-2336;057540040040;100mN32129E42097;S;NA;1;30;S;F;3039;EMP
057540040040-2337;057540040040;100mN32095E42068;S;NA;1;33;S;M;3039;NEP
057540040040-2338;057540040040;100mN32117E42133;MC;MIX;6;70;M;M;6574;EMP
057540040040-2338;057540040040;100mN32117E42133;MC;MIX;6;46;M;M;4049;NEP
057540040040-2338;057540040040;100mN32117E42133;MC;MIX;6;63;M;F;5064;EMP
057540040040-2338;057540040040;100mN32117E42133;MC;MIX;6;6;S;M;0614;NEP
057540040040-2338;057540040040;100mN32117E42133;MC;MIX;6;3;S;F;0305;NEP
057540040040-2338;057540040040;100mN32117E42133;MC;MIX;6;19;M;M;1824;NEP
057540040040-2339;057540040040;100mN32112E42057;S;NA;1;44;D;F;4049;EMP
057540040040-2340;057540040040;100mN32095E42068;S;NA;1;31;M;M;3039;NEP
057540040040-2341;057540040040;100mN32114E42125;MC;NA;4;40;M;F;4049;EMP
057540040040-2341;057540040040;100mN32114E42125;MC;NA;4;40;M;M;4049;EMP
057540040040-2341;057540040040;100mN32114E42125;MC;NA;4;16;S;F;1517;EMP
057540040040-2341;057540040040;100mN32114E42125;MC;NA;4;12;S;F;0614;NEP
057540040040-2342;057540040040;100mN32103E42074;S;OS;1;36;W;M;3039;NEP
057540040040-2343;057540040040;100mN32095E42068;MC;NA;2;27;M;F;2529;EMP
057540040040-2343;057540040040;100mN32095E42068;MC;NA;2;21;M;M;1824;EMP
057540040040-2344;057540040040;100mN32114E42120;MC;NA;3;37;M;F;3039;EMP
057540040040-2344;057540040040;100mN32114E42120;MC;NA;3;44;M;M;4049;NEP
057540040040-2344;057540040040;100mN32114E42120;MC;NA;3;12;S;F;0614;NEP
057540040040-2345;057540040040;100mN32114E42120;MC;NA;2;32;M;M;3039;EMP
057540040040-2345;057540040040;100mN32114E42120;MC;NA;2;26;M;F;2529;EMP
057540040040-2346;057540040040;100mN32114E42120;SM;MIX;2;67;S;M;6574;EMP
057540040040-2346;057540040040;100mN32114E42120;SM;MIX;2;36;M;F;3039;EMP
057540040040-2347;057540040040;100mN32114E42120;S;OS;1;75;W;M;75XX;EMP
057540040040-2348;057540040040;100mN32139E42128;MC;OS;2;89;M;M;75XX;NEP
057540040040-2348;057540040040;100mN32139E42128;MC;OS;2;40;D;F;4049;UEP
057540040040-2349;057540040040;100mN32134E42129;S;OS;1;27;M;F;2529;EMP
057540040040-2350;057540040040;100mN32118E42131;SF;NA;2;40;S;F;4049;UEP
057540040040-2350;057540040040;100mN32118E42131;SF;NA;2;22;M;F;1824;EMP
057540040040-2351;057540040040;100mN32110E42070;MC;NA;2;36;M;F;3039;EMP
057540040040-2351;057540040040;100mN32110E42070;MC;NA;2;38;M;M;3039;EMP
057540040040-2352;057540040040;100mN32113E42124;S;NA;1;88;S;M;75XX;EMP
057540040040-2353;057540040040;100mN32125E42143;S;NA;1;42;W;F;4049;EMP
057540040040-2354;057540040040;100mN32123E42116;MC;NA;4;54;M;F;5064;EMP
057540040040-2354;057540040040;100mN32123E42116;MC;NA;4;56;M;M;5064;EMP
057540040040-2354;057540040040;100mN32123E42116;MC;NA;4;12;S;M;0614;NEP
057540040040-2354;057540040040;100mN32123E42116;MC;NA;4;12;S;M;0614;NEP
057540040040-2355;057540040040;100mN32114E42120;SF;NA;2;55;D;F;5064;EMP
057540040040-2355;057540040040;100mN32114E42120;SF;NA;2;15;S;M;1517;EMP
057540040040-2356;057540040040;100mN32114E42121;MC;NA;3;45;M;F;4049;NEP
057540040040-2356;057540040040;100mN32114E42121;MC;NA;3;50;M;M;5064;EMP
057540040040-2356;057540040040;100mN32114E42121;MC;NA;3;2;S;M;0003;NEP
057540040040-2357;057540040040;100mN32118E42130;MC;MIX;4;68;M;F;6574;NEP
057540040040-2357;057540040040;100mN32118E42130;MC;MIX;4;54;M;M;5064;EMP
057540040040-2357;057540040040;100mN32118E42130;MC;MIX;4;55;M;F;5064;EMP
057540040040-2357;057540040040;100mN32118E42130;MC;MIX;4;19;S;F;1824;EMP
057540040040-2358;057540040040;100mN32114E42120;S;NA;1;83;M;F;75XX;EMP
057540040040-2359;057540040040;100mN32114E42120;MC;NA;3;41;M;F;4049;EMP
057540040040-2359;057540040040;100mN32114E42120;MC;NA;3;40;M;M;4049;EMP
057540040040-2359;057540040040;100mN32114E42120;MC;NA;3;3;S;M;0305;NEP
057540040040-2360;057540040040;100mN32114E42120;MC;NA;2;22;M;F;1824;EMP
057540040040-2360;057540040040;100mN32114E42120;MC;NA;2;25;M;M;2529;NEP
057540040040-2361;057540040040;100mN32114E42120;S;NA;1;47;S;M;4049;NEP
057540040040-2362;057540040040;100mN32114E42120;S;NA;1;41;W;M;4049;NEP
057540040040-2363;057540040040;100mN32112E42126;MC;NA;4;48;M;M;4049;EMP
057540040040-2363;057540040040;100mN32112E42126;MC;NA;4;18;M;F;1824;NEP
057540040040-2363;057540040040;100mN32112E42126;MC;NA;4;10;S;M;0614;NEP
057540040040-2363;057540040040;100mN32112E42126;MC;NA;4;10;S;M;0614;NEP
057540040040-2364;057540040040;100mN32095E42084;MC;NA;3;62;M;F;5064;EMP
057540040040-2364;057540040040;100mN32095E42084;MC;NA;3;59;M;M;5064;NEP
057540040040-2364;057540040040;100mN32095E42084;MC;NA;3;11;S;M;0614;NEP
057540040040-2365;057540040040;100mN32133E42122;MC;NA;4;25;M;M;2529;NEP
057540040040-2365;057540040040;100mN32133E42122;MC;NA;4;25;M;F;2529;EMP
057540040040-2365;057540040040;100mN32133E42122;MC;NA;4;7;S;M;0614;NEP
057540040040-2365;057540040040;100mN32133E42122;MC;NA;4;8;S;M;0614;NEP
057540040040-2366;057540040040;100mN32134E42121;MC;NA;3;43;M;M;4049;EMP
057540040040-2366;057540040040;100mN32134E42121;MC;NA;3;42;M;F;4049;EMP
057540040040-2366;057540040040;100mN32134E42121;MC;NA;3;1;S;F;0003;NEP
057540040040-2367;057540040040;100mN32095E42059;MC;NA;2;46;M;F;4049;EMP
057540040040-2367;057540040040;100mN32095E42059;MC;NA;2;55;M;M;5064;EMP
057540040040-2368;057540040040;100mN32127E42142;MC;NA;5;32;M;F;3039;NEP
057540040040-2368;057540040040;100mN32127E42142;MC;NA;5;34;M;M;3039;EMP
057540040040-2368;057540040040;100mN32127E42142;MC;NA;5;6;S;F;0614;NEP
057540040040-2368;057540040040;100mN32127E42142;MC;NA;5;15;S;M;1517;EMP
057540040040-2368;057540040040;100mN32127E42142;MC;NA;5;10;S;F;0614;NEP
057540040040-2369;057540040040;100mN32135E42119;MC;OS;2;67;M;F;6574;UEP
057540040040-2369;057540040040;100mN32135E42119;MC;OS;2;69;M;M;6574;NEP
057540040040-2370;057540040040;100mN32135E42120;SF;NA;3;62;S;F;5064;UEP
057540040040-2370;057540040040;100mN32135E42120;SF;NA;3;9;S;F;0614;NEP
057540040040-2370;057540040040;100mN32135E42120;SF;NA;3;9;S;F;0614;NEP
057540040040-2371;057540040040;100mN32095E42093;MC;MIX;2;72;M;F;6574;EMP
057540040040-2371;057540040040;100mN32095E42093;MC;MIX;2;18;D;F;1824;EMP
057540040040-2372;057540040040;100mN32116E42123;S;NA;1;32;W;F;3039;NEP
057540040040-2373;057540040040;100mN32118E42125;S;OS;1;65;M;M;6574;EMP
057540040040-2374;057540040040;100mN32114E42125;S;NA;1;87;W;F;75XX;NEP
057540040040-2375;057540040040;100mN32114E42126;MC;NA;2;56;M;M;5064;EMP
057540040040-2375;057540040040;100mN32114E42126;MC;NA;2;58;M;F;5064;EMP
057540040040-2376;057540040040;100mN32142E42121;MC;NA;3;47;M;M;4049;EMP
057540040040-2376;057540040040;100mN32142E42121;MC;NA;3;43;M;F;4049;NEP
057540040040-2376;057540040040;100mN32142E42121;MC;NA;3;15;S;F;1517;NEP
057540040040-2377;057540040040;100mN32112E42121;MC;MIX;2;72;M;F;6574;NEP
057540040040-2377;057540040040;100mN32112E42121;MC;MIX;2;50;M;M;5064;EMP
057540040040-2378;057540040040;100mN32104E42130;SF;NA;3;56;W;F;5064;EMP
057540040040-2378;057540040040;100mN32104E42130;SF;NA;3;25;S;M;2529;NEP
057540040040-2378;057540040040;100mN32104E42130;SF;NA;3;6;S;F;0614;NEP
057540040040-2379;057540040040;100mN32115E42119;S;NA;1;38;M;F;3039;EMP
057540040040-2380;057540040040;100mN32142E42121;MC;MIX;2;66;M;M;6574;EMP
057540040040-2380;057540040040;100mN32142E42121;MC;MIX;2;40;M;F;4049;NEP
057540040040-2381;057540040040;100mN32101E42071;PO;NA;2;19;S;M;1824;EMP
057540040040-2381;057540040040;100mN32101E42071;PO;NA;2;18;S;M;1824;EMP
057540040040-2382;057540040040;100mN32127E42142;SF;NA;4;45;S;F;4049;NEP
057540040040-2382;057540040040;100mN32127E42142;SF;NA;4;23;M;M;1824;EMP
057540040040-2382;057540040040;100mN32127E42142;SF;NA;4;19;S;M;1824;NEP
057540040040-2382;057540040040;100mN32127E42142;SF;NA;4;0;S;F;0003;NEP
057540040040-2383;057540040040;100mN32132E42131;MC;NA;2;43;M;M;4049;EMP
057540040040-2383;057540040040;100mN32132E42131;MC;NA;2;35;M;F;3039;NEP
057540040040-2384;057540040040;100mN32142E42121;S;NA;1;16;S;M;1517;NEP
057540040040-2385;057540040040;100mN32124E42139;PO;NA;6;31;S;F;3039;NEP
057540040040-2385;057540040040;100mN32124E42139;PO;NA;6;34;S;M;3039;EMP
057540040040-2385;057540040040;100mN32124E42139;PO;NA;6;11;S;M;0614;NEP
057540040040-2385;057540040040;100mN32124E42139;PO;NA;6;16;S;F;1517;EMP
057540040040-2385;057540040040;100mN32124E42139;PO;NA;6;3;S;M;0305;NEP
057540040040-2385;057540040040;100mN32124E42139;PO;NA;6;3;S;F;0305;NEP
057540040040-2386;057540040040;100mN32125E42139;MC;NA;3;51;M;F;5064;NEP
057540040040-2386;057540040040;100mN32125E42139;MC;NA;3;52;M;M;5064;EMP
057540040040-2386;057540040040;100mN32125E42139;MC;NA;3;28;M;M;2529;NEP
057540040040-2387;057540040040;100mN32142E42115;MC;NA;5;58;M;F;5064;EMP
057540040040-2387;057540040040;100mN32142E42115;MC;NA;5;61;M;M;5064;EMP
057540040040-2387;057540040040;100mN32142E42115;MC;NA;5;11;S;M;0614;NEP
057540040040-2387;057540040040;100mN32142E42115;MC;NA;5;11;S;M;0614;NEP
057540040040-2387;057540040040;100mN32142E42115;MC;NA;5;21;M;F;1824;EMP
057540040040-2388;057540040040;100mN32118E42126;MC;NA;4;46;M;F;4049;EMP
057540040040-2388;057540040040;100mN32118E42126;MC;NA;4;43;M;M;4049;NEP
057540040040-2388;057540040040;100mN32118E42126;MC;NA;4;8;S;F;0614;NEP
057540040040-2388;057540040040;100mN32118E42126;MC;NA;4;26;M;M;2529;NEP
057540040040-2389;057540040040;100mN32142E42115;MC;NA;4;26;M;M;2529;EMP
057540040040-2389;057540040040;100mN32142E42115;MC;NA;4;25;M;F;2529;EMP
057540040040-2389;057540040040;100mN32142E42115;MC;NA;4;1;S;F;0003;NEP
057540040040-2389;057540040040;100mN32142E42115;MC;NA;4;9;S;F;0614;NEP
057540040040-2390;057540040040;100mN32130E42138;MC;MIX;2;68;M;F;6574;NEP
057540040040-2390;057540040040;100mN32130E42138;MC;MIX;2;69;M;M;6574;EMP
057540040040-2391;057540040040;100mN32142E42115;S;NA;1;53;M;M;5064;EMP
057540040040-2392;057540040040;100mN32142E42115;MC;NA;2;60;M;M;5064;EMP
057540040040-2392;057540040040;100mN32142E42115;MC;NA;2;58;M;F;5064;EMP
057540040040-2393;057540040040;100mN32111E42141;MC;OS;6;67;M;M;6574;NEP
057540040040-2393;057540040040;100mN32111E42141;MC;OS;6;70;M;F;6574;EMP
057540040040-2393;057540040040;100mN32111E42141;MC;OS;6;72;W;F;6574;NEP
057540040040-2393;057540040040;100mN32111E42141;MC;OS;6;87;M;M;75XX;EMP
057540040040-2393;057540040040;100mN32111E42141;MC;OS;6;66;S;M;6574;NEP
057540040040-2393;057540040040;100mN32111E42141;MC;OS;6;66;S;M;6574;EMP
057540040040-2394;057540040040;100mN32142E42115;PO;NA;2;31;S;M;3039;EMP
057540040040-2394;057540040040;100mN32142E42115;PO;NA;2;26;S;M;2529;EMP
057540040040-2395;057540040040;100mN32098E42047;MC;MIX;2;72;M;F;6574;EMP
057540040040-2395;057540040040;100mN32098E42047;MC;MIX;2;19;M;F;1824;NEP
057540040040-2396;057540040040;100mN32132E42131;MC;MIX;5;80;W;F;75XX;EMP
057540040040-2396;057540040040;100mN32132E42131;MC;MIX;5;41;M;M;4049;NEP
057540040040-2396;057540040040;100mN32132E42131;MC;MIX;5;40;M;F;4049;EMP
057540040040-2396;057540040040;100mN32132E42131;MC;MIX;5;13;S;F;0614;NEP
057540040040-2396;057540040040;100mN32132E42131;MC;MIX;5;18;M;M;1824;EMP
057540040040-2397;057540040040;100mN32098E42047;MC;NA;4;52;M;F;5064;NEP
057540040040-2397;057540040040;100mN32098E42047;MC;NA;4;54;M;M;5064;EMP
057540040040-2397;057540040040;100mN32098E42047;MC;NA;4;36;M;M;3039;EMP
057540040040-2397;057540040040;100mN32098E42047;MC;NA;4;26;M;F;2529;EMP
057540040040-2398;057540040040;100mN32081E42064;SF;NA;3;33;W;F;3039;NEP
057540040040-2398;057540040040;100mN32081E42064;SF;NA;3;18;S;M;1824;EMP
057540040040-2398;057540040040;100mN32081E42064;SF;NA;3;18;M;M;1824;EMP
057540040040-2399;057540040040;100mN32081E42064;S;NA;1;45;M;F;4049;NEP
057540040040-2400;057540040040;100mN32081E42064;S;NA;1;18;M;M;1824;EMP
057540040040-2401;057540040040;100mN32137E42128;S;NA;1;89;S;M;75XX;EMP
057540040040-2402;057540040040;100mN32099E42073;MC;NA;4;51;M;F;5064;NEP
057540040040-2402;057540040040;100mN32099E42073;MC;NA;4;57;M;M;5064;EMP
057540040040-2402;057540040040;100mN32099E42073;MC;NA;4;3;S;M;0305;NEP
057540040040-2402;057540040040;100mN32099E42073;MC;NA;4;1;S;M;0003;NEP
057540040040-2403;057540040040;100mN32113E42125;MC;NA;2;43;M;M;4049;EMP
057540040040-2403;057540040040;100mN32113E42125;MC;NA;2;44;M;F;4049;NEP
057540040040-2404;057540040040;100mN32123E42112;MC;NA;2;59;M;M;5064;EMP
057540040040-2404;057540040040;100mN32123E42112;MC;NA;2;50;M;F;5064;EMP
057540040040-2405;057540040040;100mN32125E42142;MC;NA;5;52;M;M;5064;EMP
057540040040-2405;057540040040;100mN32125E42142;MC;NA;5;50;M;F;5064;NEP
057540040040-2405;057540040040;100mN32125E42142;MC;NA;5;13;S;M;0614;NEP
057540040040-2405;057540040040;100mN32125E42142;MC;NA;5;4;S;F;0305;NEP
057540040040-2405;057540040040;100mN32125E42142;MC;NA;5;37;M;F;3039;NEP
057540040040-2406;057540040040;100mN32108E42075;S;OS;1;28;M;F;2529;EMP
057540040040-2407;057540040040;100mN32101E42070;MC;NA;4;35;M;F;3039;EMP
057540040040-2407;057540040040;100mN32101E42070;MC;NA;4;37;M;M;3039;EMP
057540040040-2407;057540040040;100mN32101E42070;MC;NA;4;8;S;M;0614;NEP
057540040040-2407;057540040040;100mN32101E42070;MC;NA;4;20;S;F;1824;NEP
057540040040-2408;057540040040;100mN32132E42132;SF;NA;3;40;W;F;4049;EMP
057540040040-2408;057540040040;100mN32132E42132;SF;NA;3;15;S;M;1517;NEP
057540040040-2408;057540040040;100mN32132E42132;SF;NA;3;16;S;F;1517;NEP
057540040040-2409;057540040040;100mN32138E42123;MC;NA;4;28;M;F;2529;EMP
057540040040-2409;057540040040;100mN32138E42123;MC;NA;4;28;M;M;2529;NEP
057540040040-2409;057540040040;100mN32138E42123;MC;NA;4;12;S;M;0614;NEP
057540040040-2409;057540040040;100mN32138E42123;MC;NA;4;12;S;M;0614;NEP
057540040040-2410;057540040040;100mN32137E42120;MC;MIX;4;68;S;M;6574;EMP
057540040040-2410;057540040040;100mN32137E42120;MC;MIX;4;41;M;M;4049;EMP
057540040040-2410;057540040040;100mN32137E42120;MC;MIX;4;45;M;F;4049;NEP
057540040040-2410;057540040040;100mN32137E42120;MC;MIX;4;6;S;M;0614;NEP
057540040040-2411;057540040040;100mN32106E42094;S;NA;1;62;S;M;5064;NEP
057540040040-2412;057540040040;100mN32119E42131;MC;NA;2;32;M;M;3039;EMP
057540040040-2412;057540040040;100mN32119E42131;MC;NA;2;30;M;F;3039;EMP
057540040040-2413;057540040040;100mN32119E42131;MC;NA;3;33;M;M;3039;EMP
057540040040-2413;057540040040;100mN32119E42131;MC;NA;3;34;M;F;3039;EMP
057540040040-2413;057540040040;100mN32119E42131;MC;NA;3;18;M;M;1824;NEP
057540040040-2414;057540040040;100mN32132E42133;MC;NA;3;46;M;M;4049;EMP
057540040040-2414;057540040040;100mN32132E42133;MC;NA;3;40;M;F;4049;EMP
057540040040-2414;057540040040;100mN32132E42133;MC;NA;3;13;S;M;0614;NEP
057540040040-2415;057540040040;100mN32100E42073;MC;NA;3;61;M;F;5064;EMP
057540040040-2415;057540040040;100mN32100E42073;MC;NA;3;42;M;M;4049;EMP
057540040040-2415;057540040040;100mN32100E42073;MC;NA;3;8;S;M;0614;NEP
057540040040-2416;057540040040;100mN32126E42137;MC;NA;4;33;M;F;3039;EMP
057540040040-2416;057540040040;100mN32126E42137;MC;NA;4;35;M;M;3039;NEP
057540040040-2416;057540040040;100mN32126E42137;MC;NA;4;18;M;F;1824;NEP
057540040040-2416;057540040040;100mN32126E42137;MC;NA;4;9;S;F;0614;NEP
057540040040-2417;057540040040;100mN32138E42122;MC;NA;3;40;M;F;4049;NEP
057540040040-2417;057540040040;100mN32138E42122;MC;NA;3;41;M;M;4049;NEP
057540040040-2417;057540040040;100mN32138E42122;MC;NA;3;7;S;F;0614;NEP
057540040040-2418;057540040040;100mN32142E42119;S;NA;1;83;W;F;75XX;EMP
057540040040-2419;057540040040;100mN32123E42120;SF;NA;2;47;W;F;4049;NEP
057540040040-2419;057540040040;100mN32123E42120;SF;NA;2;18;D;M;1824;EMP
057540040040-2420;057540040040;100mN32138E42122;MC;NA;3;34;M;F;3039;EMP
057540040040-2420;057540040040;100mN32138E42122;MC;NA;3;36;M;M;3039;EMP
057540040040-2420;057540040040;100mN32138E42122;MC;NA;3;13;S;M;0614;NEP
057540040040-2421;057540040040;100mN32100E42072;SM;NA;3;69;W;M;6574;EMP
057540040040-2421;057540040040;100mN32100E42072;SM;NA;3;25;S;M;2529;EMP
057540040040-2421;057540040040;100mN32100E42072;SM;NA;3;13;S;M;0614;NEP
057540040040-2422;057540040040;100mN32138E42122;SF;NA;4;18;W;F;1824;EMP
057540040040-2422;057540040040;100mN32138E42122;SF;NA;4;0;S;F;0003;NEP
057540040040-2422;057540040040;100mN32138E42122;SF;NA;4;2;S;M;0003;NEP
057540040040-2422;057540040040;100mN32138E42122;SF;NA;4;2;S;F;0003;NEP
057540040040-2423;057540040040;100mN32138E42122;MC;OS;3;79;M;F;75XX;NEP
057540040040-2423;057540040040;100mN32138E42122;MC;OS;3;88;M;M;75XX;NEP
057540040040-2423;057540040040;100mN32138E42122;MC;OS;3;67;M;M;6574;EMP
057540040040-2424;057540040040;100mN32109E42146;MC;OS;2;86;M;F;75XX;EMP
057540040040-2424;057540040040;100mN32109E42146;MC;OS;2;46;D;M;4049;NEP
057540040040-2425;057540040040;100mN32139E42123;NA;OS;5;52;M;F;5064;EMP
057540040040-2425;057540040040;100mN32139E42123;NA;OS;5;52;W;F;5064;EMP
057540040040-2425;057540040040;100mN32139E42123;NA;OS;5;47;S;M;4049;EMP
057540040040-2425;057540040040;100mN32139E42123;NA;OS;5;31;M;M;3039;NEP
057540040040-2425;057540040040;100mN32139E42123;NA;OS;5;73;S;F;6574;EMP
057540040040-2426;057540040040;100mN32119E42130;MC;OS;2;78;M;F;75XX;EMP
057540040040-2426;057540040040;100mN32119E42130;MC;OS;2;89;M;M;75XX;EMP
057540040040-2427;057540040040;100mN32119E42130;S;OS;1;51;S;M;5064;NEP
057540040040-2428;057540040040;100mN32105E42073;MC;MIX;2;83;M;F;75XX;EMP
057540040040-2428;057540040040;100mN32105E42073;MC;MIX;2;28;S;M;2529;EMP
057540040040-2429;057540040040;100mN32113E42125;PO;NA;3;25;S;M;2529;EMP
057540040040-2429;057540040040;100mN32113E42125;PO;NA;3;27;S;F;2529;NEP
057540040040-2429;057540040040;100mN32113E42125;PO;NA;3;2;S;M;0003;NEP
057540040040-2430;057540040040;100mN32127E42137;MC;MIX;2;70;M;M;6574;NEP
057540040040-2430;057540040040;100mN32127E42137;MC;MIX;2;21;S;F;1824;EMP
057540040040-2431;057540040040;100mN32138E42120;MC;MIX;2;87;M;M;75XX;EMP
057540040040-2431;057540040040;100mN32138E42120;MC;MIX;2;55;M;M;5064;NEP
057540040040-2432;057540040040;100mN32123E42148;MC;NA;3;53;M;F;5064;NEP
057540040040-2432;057540040040;100mN32123E42148;MC;NA;3;48;M;M;4049;EMP
057540040040-2432;057540040040;100mN32123E42148;MC;NA;3;16;S;F;1517;EMP
057540040040-2433;057540040040;100mN32101E42070;PO;MIX;4;72;D;F;6574;NEP
057540040040-2433;057540040040;100mN32101E42070;PO;MIX;4;53;S;M;5064;EMP
057540040040-2433;057540040040;100mN32101E42070;PO;MIX;4;48;S;F;4049;NEP
057540040040-2433;057540040040;100mN32101E42070;PO;MIX;4;12;S;M;0614;NEP
057540040040-2434;057540040040;100mN32138E42120;MC;NA;2;45;M;M;4049;NEP
057540040040-2434;057540040040;100mN32138E42120;MC;NA;2;48;M;F;4049;NEP
057540040040-2435;057540040040;100mN32138E42120;MC;NA;2;46;M;F;4049;NEP
057540040040-2435;057540040040;100mN32138E42120;MC;NA;2;48;M;M;4049;EMP
057540040040-2436;057540040040;100mN32138E42123;MC;NA;4;28;M;F;2529;EMP
057540040040-2436;057540040040;100mN32138E42123;MC;NA;4;28;M;M;2529;NEP
057540040040-2436;057540040040;100mN32138E42123;MC;NA;4;12;S;M;0614;NEP
057540040040-2436;057540040040;100mN32138E42123;MC;NA;4;12;S;M;0614;NEP
057540040040-2437;057540040040;100mN32138E42123;MC;MIX;4;65;M;M;6574;EMP
057540040040-2437;057540040040;100mN32138E42123;MC;MIX;4;50;M;F;5064;NEP
057540040040-2437;057540040040;100mN32138E42123;MC;MIX;4;48;M;M;4049;EMP
057540040040-2437;057540040040;100mN32138E42123;MC;MIX;4;19;D;M;1824;EMP
057540040040-2438;057540040040;100mN32112E42122;MC;MIX;2;66;M;M;6574;EMP
057540040040-2438;057540040040;100mN32112E42122;MC;MIX;2;63;M;F;5064;UEP
057540040040-2439;057540040040;100mN32111E42120;MC;NA;2;62;M;M;5064;EMP
057540040040-2439;057540040040;100mN32111E42120;MC;NA;2;61;M;F;5064;UEP
057540040040-2440;057540040040;100mN32140E42117;PO;NA;4;25;S;M;2529;EMP
057540040040-2440;057540040040;100mN32140E42117;PO;NA;4;22;S;M;1824;EMP
057540040040-2440;057540040040;100mN32140E42117;PO;NA;4;0;S;F;0003;NEP
057540040040-2440;057540040040;100mN32140E42117;PO;NA;4;0;S;M;0003;NEP
057540040040-2441;057540040040;100mN32138E42123;MC;NA;2;30;M;M;3039;NEP
057540040040-2441;057540040040;100mN32138E42123;MC;NA;2;25;M;F;2529;EMP
057540040040-2442;057540040040;100mN32117E42127;S;NA;1;28;M;F;2529;NEP
057540040040-2443;057540040040;100mN32138E42123;S;NA;1;53;M;M;5064;EMP
057540040040-2444;057540040040;100mN32138E42123;S;NA;1;46;S;F;4049;EMP
057540040040-2445;057540040040;100mN32122E42145;MC;OS;3;75;M;F;75XX;EMP
057540040040-2445;057540040040;100mN32122E42145;MC;OS;3;76;M;M;75XX;EMP
057540040040-2445;057540040040;100mN32122E42145;MC;OS;3;72;M;F;6574;NEP
057540040040-2446;057540040040;100mN32140E42118;MC;MIX;2;72;M;F;6574;NEP
057540040040-2446;057540040040;100mN32140E42118;MC;MIX;2;42;M;M;4049;EMP
057540040040-2447;057540040040;100mN32130E42138;MC;OS;2;70;M;M;6574;EMP
057540040040-2447;057540040040;100mN32130E42138;MC;OS;2;66;M;F;6574;UEP
057540040040-2448;057540040040;100mN32131E42131;MC;NA;4;33;M;M;3039;EMP
057540040040-2448;057540040040;100mN32131E42131;MC;NA;4;18;M;F;1824;NEP
057540040040-2448;057540040040;100mN32131E42131;MC;NA;4;13;S;M;0614;NEP
057540040040-2448;057540040040;100mN32131E42131;MC;NA;4;15;S;M;1517;NEP
057540040040-2449;057540040040;100mN32122E42145;MC;NA;5;37;M;M;3039;EMP
057540040040-2449;057540040040;100mN32122E42145;MC;NA;5;36;M;F;3039;NEP
057540040040-2449;057540040040;100mN32122E42145;MC;NA;5;3;S;F;0305;NEP
057540040040-2449;057540040040;100mN32122E42145;MC;NA;5;22;M;F;1824;EMP
057540040040-2449;057540040040;100mN32122E42145;MC;NA;5;19;M;M;1824;EMP
057540040040-2450;057540040040;100mN32111E42119;MC;MIX;4;69;D;M;6574;NEP
057540040040-2450;057540040040;100mN32111E42119;MC;MIX;4;46;M;F;4049;EMP
057540040040-2450;057540040040;100mN32111E42119;MC;MIX;4;47;M;M;4049;EMP
057540040040-2450;057540040040;100mN32111E42119;MC;MIX;4;26;S;F;2529;EMP
057540040040-2451;057540040040;100mN32122E42145;MC;NA;3;37;M;F;3039;EMP
057540040040-2451;057540040040;100mN32122E42145;MC;NA;3;52;M;M;5064;NEP
057540040040-2451;057540040040;100mN32122E42145;MC;NA;3;1;S;M;0003;NEP
057540040040-2452;057540040040;100mN32122E42145;MC;NA;4;53;M;M;5064;EMP
057540040040-2452;057540040040;100mN32122E42145;MC;NA;4;50;M;F;5064;NEP
057540040040-2452;057540040040;100mN32122E42145;MC;NA;4;18;S;M;1824;EMP
057540040040-2452;057540040040;100mN32122E42145;MC;NA;4;3;S;F;0305;NEP
057540040040-2453;057540040040;100mN32101E42070;S;NA;1;22;M;F;1824;NEP
057540040040-2454;057540040040;100mN32122E42145;S;OS;1;48;M;F;4049;NEP
057540040040-2455;057540040040;100mN32122E42145;MC;NA;2;55;M;F;5064;EMP
057540040040-2455;057540040040;100mN32122E42145;MC;NA;2;55;M;M;5064;EMP
057540040040-2456;057540040040;100mN32120E42125;MC;MIX;2;82;M;F;75XX;EMP
057540040040-2456;057540040040;100mN32120E42125;MC;MIX;2;47;S;M;4049;EMP
057540040040-2457;057540040040;100mN32122E42145;MC;NA;2;61;M;F;5064;NEP
057540040040-2457;057540040040;100mN32122E42145;MC;NA;2;52;M;M;5064;EMP
057540040040-2458;057540040040;100mN32122E42145;MC;OS;4;80;M;M;75XX;NEP
057540040040-2458;057540040040;100mN32122E42145;MC;OS;4;77;M;F;75XX;EMP
057540040040-2458;057540040040;100mN32122E42145;MC;OS;4;79;S;M;75XX;EMP
057540040040-2458;057540040040;100mN32122E42145;MC;OS;4;65;S;M;6574;EMP
057540040040-2459;057540040040;100mN32136E42127;MC;MIX;2;77;M;F;75XX;EMP
057540040040-2459;057540040040;100mN32136E42127;MC;MIX;2;50;D;M;5064;NEP
057540040040-2460;057540040040;100mN32122E42145;MC;NA;2;36;M;F;3039;EMP
057540040040-2460;057540040040;100mN32122E42145;MC;NA;2;37;M;M;3039;NEP
057540040040-2461;057540040040;100mN32136E42119;MC;NA;3;21;M;M;1824;EMP
057540040040-2461;057540040040;100mN32136E42119;MC;NA;3;18;M;F;1824;NEP
057540040040-2461;057540040040;100mN32136E42119;MC;NA;3;1;S;M;0003;NEP
057540040040-2462;057540040040;100mN32128E42144;MC;NA;2;61;M;F;5064;NEP
057540040040-2462;057540040040;100mN32128E42144;MC;NA;2;45;M;M;4049;EMP
057540040040-2463;057540040040;100mN32114E42125;PO;NA;4;58;S;M;5064;EMP
057540040040-2463;057540040040;100mN32114E42125;PO;NA;4;56;S;M;5064;EMP
057540040040-2463;057540040040;100mN32114E42125;PO;NA;4;11;S;F;0614;NEP
057540040040-2463;057540040040;100mN32114E42125;PO;NA;4;4;S;M;0305;NEP
057540040040-2464;057540040040;100mN32103E42072;S;NA;1;46;M;M;4049;EMP
057540040040-2465;057540040040;100mN32103E42072;SF;NA;3;71;D;F;6574;NEP
057540040040-2465;057540040040;100mN32103E42072;SF;NA;3;7;S;M;0614;NEP
057540040040-2465;057540040040;100mN32103E42072;SF;NA;3;3;S;F;0305;NEP
057540040040-2466;057540040040;100mN32103E42072;SF;NA;2;31;W;F;3039;NEP
057540040040-2466;057540040040;100mN32103E42072;SF;NA;2;2;S;M;0003;NEP
057540040040-2467;057540040040;100mN32124E42114;MC;NA;6;46;M;M;4049;EMP
057540040040-2467;057540040040;100mN32124E42114;MC;NA;6;46;M;F;4049;UEP
057540040040-2467;057540040040;100mN32124E42114;MC;NA;6;20;M;M;1824;EMP
057540040040-2467;057540040040;100mN32124E42114;MC;NA;6;11;S;M;0614;NEP
057540040040-2467;057540040040;100mN32124E42114;MC;NA;6;12;S;M;0614;NEP
057540040040-2467;057540040040;100mN32124E42114;MC;NA;6;18;M;M;1824;EMP
057540040040-2468;057540040040;100mN32103E42072;MC;NA;2;21;M;M;1824;EMP
057540040040-2468;057540040040;100mN32103E42072;MC;NA;2;20;M;F;1824;NEP
057540040040-2469;057540040040;100mN32124E42117;MC;MIX;2;67;M;F;6574;EMP
057540040040-2469;057540040040;100mN32124E42117;MC;MIX;2;71;S;M;6574;EMP
057540040040-2470;057540040040;100mN32103E42070;MC;OS;2;72;M;F;6574;EMP
057540040040-2470;057540040040;100mN32103E42070;MC;OS;2;88;M;M;75XX;EMP
057540040040-2471;057540040040;100mN32103E42072;MC;NA;2;52;M;M;5064;EMP
057540040040-2471;057540040040;100mN32103E42072;MC;NA;2;44;M;F;4049;EMP
057540040040-2472;057540040040;100mN32117E42113;SM;NA;2;45;D;M;4049;EMP
057540040040-2472;057540040040;100mN32117E42113;SM;NA;2;10;S;F;0614;NEP
057540040040-2473;057540040040;100mN32103E42072;S;NA;1;31;W;M;3039;NEP
057540040040-2474;057540040040;100mN32103E42072;SF;NA;2;30;S;F;3039;NEP
057540040040-2474;057540040040;100mN32103E42072;SF;NA;2;13;S;M;0614;NEP
057540040040-2475;057540040040;100mN32103E42072;MC;NA;2;58;M;F;5064;EMP
057540040040-2475;057540040040;100mN32103E42072;MC;NA;2;58;M;M;5064;EMP
057540040040-2476;057540040040;100mN32151E42122;S;NA;1;32;W;F;3039;EMP
057540040040-2477;057540040040;100mN32117E42124;S;NA;1;78;S;F;75XX;EMP
057540040040-2478;057540040040;100mN32134E42128;NA;NA;5;19;M;F;1824;EMP
057540040040-2478;057540040040;100mN32134E42128;NA;NA;5;16;S;M;1517;NEP
057540040040-2478;057540040040;100mN32134E42128;NA;NA;5;63;M;M;5064;EMP
057540040040-2478;057540040040;100mN32134E42128;NA;NA;5;79;D;F;75XX;EMP
057540040040-2478;057540040040;100mN32134E42128;NA;NA;5;41;S;M;4049;EMP
057540040040-2479;057540040040;100mN32103E42073;S;NA;1;72;D;F;6574;EMP
057540040040-2480;057540040040;100mN32151E42122;NA;NA;4;67;D;M;6574;EMP
057540040040-2480;057540040040;100mN32151E42122;NA;NA;4;36;M;F;3039;EMP
057540040040-2480;057540040040;100mN32151E42122;NA;NA;4;23;M;F;1824;NEP
057540040040-2480;057540040040;100mN32151E42122;NA;NA;4;68;M;F;6574;NEP
057540040040-2481;057540040040;100mN32102E42143;SM;NA;4;52;S;M;5064;EMP
057540040040-2481;057540040040;100mN32102E42143;SM;NA;4;3;S;M;0305;NEP
057540040040-2481;057540040040;100mN32102E42143;SM;NA;4;15;S;F;1517;EMP
057540040040-2481;057540040040;100mN32102E42143;SM;NA;4;30;M;M;3039;NEP
057540040040-2482;057540040040;100mN32102E42143;MC;OS;3;89;M;F;75XX;EMP
057540040040-2482;057540040040;100mN32102E42143;MC;OS;3;86;M;M;75XX;EMP
057540040040-2482;057540040040;100mN32102E42143;MC;OS;3;85;S;F;75XX;UEP
057540040040-2483;057540040040;100mN32111E42123;SM;MIX;4;82;M;F;75XX;NEP
057540040040-2483;057540040040;100mN32111E42123;SM;MIX;4;44;D;M;4049;EMP
057540040040-2483;057540040040;100mN32111E42123;SM;MIX;4;28;D;F;2529;NEP
057540040040-2483;057540040040;100mN32111E42123;SM;MIX;4;26;D;F;2529;NEP
057540040040-2484;057540040040;100mN32125E42113;MC;NA;2;51;M;F;5064;NEP
057540040040-2484;057540040040;100mN32125E42113;MC;NA;2;53;M;M;5064;NEP
057540040040-2485;057540040040;100mN32155E42128;S;OS;1;46;M;M;4049;EMP
057540040040-2486;057540040040;100mN32155E42128;MC;NA;2;32;M;F;3039;EMP
057540040040-2486;057540040040;100mN32155E42128;MC;NA;2;30;M;M;3039;NEP
057540040040-2487;057540040040;100mN32098E42135;SF;NA;4;68;W;F;6574;EMP
057540040040-2487;057540040040;100mN32098E42135;SF;NA;4;9;S;M;0614;NEP
057540040040-2487;057540040040;100mN32098E42135;SF;NA;4;16;S;F;1517;EMP
057540040040-2487;057540040040;100mN32098E42135;SF;NA;4;10;S;F;0614;NEP
057540040040-2488;057540040040;100mN32098E42135;MC;NA;2;58;M;M;5064;NEP
057540040040-2488;057540040040;100mN32098E42135;MC;NA;2;56;M;F;5064;NEP
057540040040-2489;057540040040;100mN32098E42135;MC;NA;2;60;M;M;5064;EMP
057540040040-2489;057540040040;100mN32098E42135;MC;NA;2;62;M;F;5064;NEP
057540040040-2490;057540040040;100mN32138E42121;S;NA;1;44;W;F;4049;NEP
057540040040-2491;057540040040;100mN32113E42124;S;NA;1;59;W;M;5064;NEP
057540040040-2492;057540040040;100mN32138E42121;MC;NA;4;46;M;M;4049;EMP
057540040040-2492;057540040040;100mN32138E42121;MC;NA;4;46;M;F;4049;EMP
057540040040-2492;057540040040;100mN32138E42121;MC;NA;4;12;S;M;0614;NEP
057540040040-2492;057540040040;100mN32138E42121;MC;NA;4;13;S;M;0614;NEP
057540040040-2493;057540040040;100mN32120E42122;MC;OS;2;65;M;F;6574;NEP
057540040040-2493;057540040040;100mN32120E42122;MC;OS;2;68;M;M;6574;NEP
057540040040-2494;057540040040;100mN32138E42121;MC;NA;4;47;M;F;4049;EMP
057540040040-2494;057540040040;100mN32138E42121;MC;NA;4;47;M;M;4049;EMP
057540040040-2494;057540040040;100mN32138E42121;MC;NA;4;16;S;M;1517;EMP
057540040040-2494;057540040040;100mN32138E42121;MC;NA;4;12;S;M;0614;NEP
057540040040-2495;057540040040;100mN32090E42132;SF;NA;4;55;W;F;5064;NEP
057540040040-2495;057540040040;100mN32090E42132;SF;NA;4;6;S;M;0614;NEP
057540040040-2495;057540040040;100mN32090E42132;SF;NA;4;9;S;F;0614;NEP
057540040040-2495;057540040040;100mN32090E42132;SF;NA;4;0;S;M;0003;NEP
057540040040-2496;057540040040;100mN32138E42121;S;NA;1;16;S;M;1517;EMP
057540040040-2497;057540040040;100mN32138E42121;MC;NA;2;45;M;M;4049;EMP
057540040040-2497;057540040040;100mN32138E42121;MC;NA;2;37;M;F;3039;EMP
057540040040-2498;057540040040;100mN32138E42121;MC;OS;2;76;M;F;75XX;NEP
057540040040-2498;057540040040;100mN32138E42121;MC;OS;2;78;M;M;75XX;NEP
057540040040-2499;057540040040;100mN32136E42122;NA;OS;2;44;M;F;4049;NEP
057540040040-2499;057540040040;100mN32136E42122;NA;OS;2;81;S;F;75XX;EMP
057540040040-2500;057540040040;100mN32118E42127;MC;NA;2;34;M;M;3039;NEP
057540040040-2500;057540040040;100mN32118E42127;MC;NA;2;40;M;F;4049;NEP
057540040040-2501;057540040040;100mN32126E42135;MC;MIX;4;78;S;F;75XX;EMP
057540040040-2501;057540040040;100mN32126E42135;MC;MIX;4;63;M;M;5064;EMP
057540040040-2501;057540040040;100mN32126E42135;MC;MIX;4;51;M;F;5064;NEP
057540040040-2501;057540040040;100mN32126E42135;MC;MIX;4;33;D;M;3039;EMP
057540040040-2502;057540040040;100mN32103E42073;MC;MIX;2;81;M;M;75XX;NEP
057540040040-2502;057540040040;100mN32103E42073;MC;MIX;2;10;S;M;0614;NEP
057540040040-2503;057540040040;100mN32117E42116;PO;MIX;3;68;S;M;6574;EMP
057540040040-2503;057540040040;100mN32117E42116;PO;MIX;3;44;S;M;4049;EMP
057540040040-2503;057540040040;100mN32117E42116;PO;MIX;3;41;S;M;4049;NEP
057540040040-2504;057540040040;100mN32138E42121;S;NA;1;41;M;F;4049;EMP
057540040040-2505;057540040040;100mN32124E42140;MC;NA;2;55;M;M;5064;EMP
057540040040-2505;057540040040;100mN32124E42140;MC;NA;2;47;M;F;4049;NEP
057540040040-2506;057540040040;100mN32114E42124;S;NA;1;51;M;F;5064;EMP
057540040040-2507;057540040040;100mN32138E42121;S;OS;1;57;M;M;5064;EMP
057540040040-2508;057540040040;100mN32107E42072;SF;NA;3;33;W;F;3039;EMP
057540040040-2508;057540040040;100mN32107E42072;SF;NA;3;12;S;F;0614;NEP
057540040040-2508;057540040040;100mN32107E42072;SF;NA;3;11;S;F;0614;NEP
057540040040-2509;057540040040;100mN32121E42127;S;NA;1;41;S;F;4049;NEP
057540040040-2510;057540040040;100mN32114E42119;S;NA;1;46;M;F;4049;EMP
057540040040-2511;057540040040;100mN32138E42121;MC;NA;2;45;M;F;4049;EMP
057540040040-2511;057540040040;100mN32138E42121;MC;NA;2;38;M;M;3039;NEP
057540040040-2512;057540040040;100mN32139E42123;MC;NA;3;48;M;M;4049;EMP
057540040040-2512;057540040040;100mN32139E42123;MC;NA;3;47;M;F;4049;EMP
057540040040-2512;057540040040;100mN32139E42123;MC;NA;3;28;D;F;2529;NEP
057540040040-2513;057540040040;100mN32136E42131;MC;NA;2;18;M;F;1824;EMP
057540040040-2513;057540040040;100mN32136E42131;MC;NA;2;20;M;M;1824;NEP
057540040040-2514;057540040040;100mN32104E42139;S;NA;1;72;M;M;6574;NEP
057540040040-2515;057540040040;100mN32117E42122;MC;MIX;2;73;M;M;6574;NEP
057540040040-2515;057540040040;100mN32117E42122;MC;MIX;2;62;M;F;5064;EMP
057540040040-2516;057540040040;100mN32123E42147;PO;NA;2;58;S;F;5064;UEP
057540040040-2516;057540040040;100mN32123E42147;PO;NA;2;58;S;F;5064;UEP
057540040040-2517;057540040040;100mN32116E42113;S;OS;1;37;M;F;3039;NEP
057540040040-2518;057540040040;100mN32113E42116;MC;NA;2;53;M;F;5064;NEP
057540040040-2518;057540040040;100mN32113E42116;MC;NA;2;55;M;M;5064;EMP
057540040040-2519;057540040040;100mN32124E42147;MC;MIX;2;75;M;M;75XX;EMP
057540040040-2519;057540040040;100mN32124E42147;MC;MIX;2;50;S;M;5064;EMP
057540040040-2520;057540040040;100mN32131E42131;NA;OS;2;67;D;F;6574;EMP
057540040040-2520;057540040040;100mN32131E42131;NA;OS;2;34;D;F;3039;EMP
057540040040-2521;057540040040;100mN32093E42129;MC;NA;2;52;M;F;5064;NEP
057540040040-2521;057540040040;100mN32093E42129;MC;NA;2;53;M;M;5064;EMP
057540040040-2522;057540040040;100mN32143E42117;MC;NA;3;52;M;M;5064;EMP
057540040040-2522;057540040040;100mN32143E42117;MC;NA;3;18;M;F;1824;EMP
057540040040-2522;057540040040;100mN32143E42117;MC;NA;3;30;S;M;3039;NEP
057540040040-2523;057540040040;100mN32143E42117;S;OS;1;78;M;M;75XX;EMP
057540040040-2524;057540040040;100mN32143E42117;MC;NA;2;21;M;F;1824;NEP
057540040040-2524;057540040040;100mN32143E42117;MC;NA;2;25;M;M;2529;NEP
057540040040-2525;057540040040;100mN32143E42117;MC;NA;2;55;M;F;5064;EMP
057540040040-2525;057540040040;100mN32143E42117;MC;NA;2;57;M;M;5064;NEP
057540040040-2526;057540040040;100mN32143E42117;MC;NA;4;48;M;M;4049;NEP
057540040040-2526;057540040040;100mN32143E42117;MC;NA;4;51;M;F;5064;EMP
057540040040-2526;057540040040;100mN32143E42117;MC;NA;4;12;S;M;0614;NEP
057540040040-2526;057540040040;100mN32143E42117;MC;NA;4;1;S;M;0003;NEP
057540040040-2527;057540040040;100mN32108E42145;S;OS;1;53;D;M;5064;EMP
057540040040-2528;057540040040;100mN32143E42117;MC;MIX;3;70;M;M;6574;EMP
057540040040-2528;057540040040;100mN32143E42117;MC;MIX;3;42;M;M;4049;EMP
057540040040-2528;057540040040;100mN32143E42117;MC;MIX;3;45;M;F;4049;EMP
057540040040-2529;057540040040;100mN32143E42117;S;OS;1;31;M;F;3039;NEP
057540040040-2530;057540040040;100mN32130E42134;S;NA;1;27;M;F;2529;NEP
057540040040-2531;057540040040;100mN32130E42134;S;NA;1;27;M;F;2529;NEP
057540040040-2532;057540040040;100mN32130E42134;NA;NA;2;45;S;F;4049;NEP
057540040040-2532;057540040040;100mN32130E42134;NA;NA;2;55;M;M;5064;NEP
057540040040-2533;057540040040;100mN32130E42134;S;OS;1;41;M;M;4049;NEP
057540040040-2534;057540040040;100mN32130E42134;MC;NA;2;46;M;F;4049;EMP
057540040040-2534;057540040040;100mN32130E42134;MC;NA;2;44;M;M;4049;NEP
057540040040-2535;057540040040;100mN32130E42134;MC;OS;4;70;M;M;6574;EMP
057540040040-2535;057540040040;100mN32130E42134;MC;OS;4;65;M;F;6574;NEP
057540040040-2535;057540040040;100mN32130E42134;MC;OS;4;65;M;F;6574;EMP
057540040040-2535;057540040040;100mN32130E42134;MC;OS;4;67;W;F;6574;NEP
057540040040-2536;057540040040;100mN32130E42134;MC;NA;3;38;M;M;3039;EMP
057540040040-2536;057540040040;100mN32130E42134;MC;NA;3;32;M;F;3039;NEP
057540040040-2536;057540040040;100mN32130E42134;MC;NA;3;15;S;M;1517;EMP
057540040040-2537;057540040040;100mN32125E42061;MC;OS;4;72;M;M;6574;EMP
057540040040-2537;057540040040;100mN32125E42061;MC;OS;4;68;M;F;6574;EMP
057540040040-2537;057540040040;100mN32125E42061;MC;OS;4;85;S;M;75XX;NEP
057540040040-2537;057540040040;100mN32125E42061;MC;OS;4;88;M;F;75XX;NEP
057540040040-2538;057540040040;100mN32125E42061;PO;OS;4;65;S;M;6574;EMP
057540040040-2538;057540040040;100mN32125E42061;PO;OS;4;66;S;F;6574;NEP
057540040040-2538;057540040040;100mN32125E42061;PO;OS;4;72;W;F;6574;EMP
057540040040-2538;057540040040;100mN32125E42061;PO;OS;4;75;S;F;75XX;EMP
057540040040-2539;057540040040;100mN32125E42061;MC;OS;2;71;M;F;6574;NEP
057540040040-2539;057540040040;100mN32125E42061;MC;OS;2;73;M;M;6574;EMP
057540040040-2540;057540040040;100mN32114E42128;MC;NA;2;40;M;F;4049;EMP
057540040040-2540;057540040040;100mN32114E42128;MC;NA;2;48;M;M;4049;EMP
057540040040-2541;057540040040;100mN32124E42139;MC;NA;3;57;M;F;5064;EMP
057540040040-2541;057540040040;100mN32124E42139;MC;NA;3;58;M;M;5064;EMP
057540040040-2541;057540040040;100mN32124E42139;MC;NA;3;12;S;M;0614;NEP
057540040040-2542;057540040040;100mN32117E42089;MC;NA;4;52;M;F;5064;EMP
057540040040-2542;057540040040;100mN32117E42089;MC;NA;4;52;M;M;5064;EMP
057540040040-2542;057540040040;100mN32117E42089;MC;NA;4;9;S;M;0614;NEP
057540040040-2542;057540040040;100mN32117E42089;MC;NA;4;27;S;M;2529;EMP
057540040040-2543;057540040040;100mN32100E42073;MC;MIX;3;86;S;F;75XX;EMP
057540040040-2543;057540040040;100mN32100E42073;MC;MIX;3;25;M;F;2529;EMP
057540040040-2543;057540040040;100mN32100E42073;MC;MIX;3;31;M;M;3039;EMP
057540040040-2544;057540040040;100mN32119E42057;S;NA;1;48;M;F;4049;EMP
057540040040-2545;057540040040;100mN32119E42057;S;NA;1;61;M;F;5064;EMP
057540040040-2546;057540040040;100mN32119E42057;S;OS;1;36;D;M;3039;EMP
057540040040-2547;057540040040;100mN32119E42057;S;OS;1;59;W;F;5064;NEP
057540040040-2548;057540040040;100mN32119E42057;MC;NA;4;62;M;M;5064;EMP
057540040040-2548;057540040040;100mN32119E42057;MC;NA;4;59;M;F;5064;NEP
057540040040-2548;057540040040;100mN32119E42057;MC;NA;4;10;S;F;0614;NEP
057540040040-2548;057540040040;100mN32119E42057;MC;NA;4;11;S;F;0614;NEP
057540040040-2549;057540040040;100mN32114E42143;S;NA;1;57;M;M;5064;EMP
057540040040-2550;057540040040;100mN32117E42125;MC;NA;2;61;M;M;5064;NEP
057540040040-2550;057540040040;100mN32117E42125;MC;NA;2;57;M;F;5064;EMP
057540040040-2551;057540040040;100mN32114E42143;MC;NA;4;36;M;F;3039;EMP
057540040040-2551;057540040040;100mN32114E42143;MC;NA;4;38;M;M;3039;EMP
057540040040-2551;057540040040;100mN32114E42143;MC;NA;4;21;S;F;1824;EMP
057540040040-2551;057540040040;100mN32114E42143;MC;NA;4;21;M;F;1824;EMP
057540040040-2552;057540040040;100mN32125E42144;PO;OS;2;68;S;F;6574;NEP
057540040040-2552;057540040040;100mN32125E42144;PO;OS;2;73;S;M;6574;EMP
057540040040-2553;057540040040;100mN32130E42132;MC;OS;2;77;M;F;75XX;NEP
057540040040-2553;057540040040;100mN32130E42132;MC;OS;2;78;M;M;75XX;NEP
057540040040-2554;057540040040;100mN32089E42097;SF;NA;4;34;S;F;3039;EMP
057540040040-2554;057540040040;100mN32089E42097;SF;NA;4;0;S;F;0003;NEP
057540040040-2554;057540040040;100mN32089E42097;SF;NA;4;19;D;M;1824;EMP
057540040040-2554;057540040040;100mN32089E42097;SF;NA;4;13;S;M;0614;NEP
057540040040-2555;057540040040;100mN32130E42132;MC;NA;2;45;M;F;4049;EMP
057540040040-2555;057540040040;100mN32130E42132;MC;NA;2;40;M;M;4049;EMP
057540040040-2556;057540040040;100mN32130E42132;SF;NA;4;59;D;F;5064;NEP
057540040040-2556;057540040040;100mN32130E42132;SF;NA;4;42;M;M;4049;NEP
057540040040-2556;057540040040;100mN32130E42132;SF;NA;4;26;M;F;2529;EMP
057540040040-2556;057540040040;100mN32130E42132;SF;NA;4;7;S;F;0614;NEP
057540040040-2557;057540040040;100mN32117E42132;S;OS;1;57;S;F;5064;EMP
057540040040-2558;057540040040;100mN32083E42060;SM;MIX;2;79;D;M;75XX;EMP
057540040040-2558;057540040040;100mN32083E42060;SM;MIX;2;9;S;M;0614;NEP
057540040040-2559;057540040040;100mN32130E42132;MC;NA;2;63;M;M;5064;EMP
057540040040-2559;057540040040;100mN32130E42132;MC;NA;2;63;M;F;5064;EMP
057540040040-2560;057540040040;100mN32125E42145;MC;OS;3;83;M;F;75XX;EMP
057540040040-2560;057540040040;100mN32125E42145;MC;OS;3;87;M;M;75XX;NEP
057540040040-2560;057540040040;100mN32125E42145;MC;OS;3;80;D;M;75XX;EMP
057540040040-2561;057540040040;100mN32115E42129;S;OS;1;48;M;M;4049;EMP
057540040040-2562;057540040040;100mN32130E42132;MC;OS;3;70;M;F;6574;NEP
057540040040-2562;057540040040;100mN32130E42132;MC;OS;3;77;M;M;75XX;EMP
057540040040-2562;057540040040;100mN32130E42132;MC;OS;3;77;M;F;75XX;NEP
057540040040-2563;057540040040;100mN32130E42132;PO;MIX;4;71;D;F;6574;EMP
057540040040-2563;057540040040;100mN32130E42132;PO;MIX;4;31;S;F;3039;NEP
057540040040-2563;057540040040;100mN32130E42132;PO;MIX;4;35;S;M;3039;EMP
057540040040-2563;057540040040;100mN32130E42132;PO;MIX;4;10;S;F;0614;NEP
057540040040-2564;057540040040;100mN32126E42143;S;OS;1;16;S;M;1517;EMP
057540040040-2565;057540040040;100mN32090E42059;S;NA;1;18;S;M;1824;EMP
057540040040-2566;057540040040;100mN32126E42146;MC;NA;5;55;M;F;5064;EMP
057540040040-2566;057540040040;100mN32126E42146;MC;NA;5;58;M;M;5064;EMP
057540040040-2566;057540040040;100mN32126E42146;MC;NA;5;16;S;F;1517;EMP
057540040040-2566;057540040040;100mN32126E42146;MC;NA;5;11;S;F;0614;NEP
057540040040-2566;057540040040;100mN32126E42146;MC;NA;5;1;S;F;0003;NEP
057540040040-2567;057540040040;100mN32116E42124;MC;NA;2;58;M;M;5064;EMP
057540040040-2567;057540040040;100mN32116E42124;MC;NA;2;55;M;F;5064;UEP
057540040040-2568;057540040040;100mN32103E42071;SF;NA;3;48;W;F;4049;EMP
057540040040-2568;057540040040;100mN32103E42071;SF;NA;3;10;S;M;0614;NEP
057540040040-2568;057540040040;100mN32103E42071;SF;NA;3;11;S;M;0614;NEP
057540040040-2569;057540040040;100mN32105E42071;MC;NA;2;46;M;M;4049;EMP
057540040040-2569;057540040040;100mN32105E42071;MC;NA;2;43;M;F;4049;UEP
057540040040-2570;057540040040;100mN32105E42071;S;NA;1;37;S;M;3039;NEP
057540040040-2571;057540040040;100mN32097E42057;S;OS;1;59;D;F;5064;NEP
057540040040-2572;057540040040;100mN32142E42119;S;NA;1;83;W;F;75XX;EMP
057540040040-2573;057540040040;100mN32103E42076;MC;NA;6;45;M;F;4049;NEP
057540040040-2573;057540040040;100mN32103E42076;MC;NA;6;46;M;M;4049;EMP
057540040040-2573;057540040040;100mN32103E42076;MC;NA;6;18;M;M;1824;NEP
057540040040-2573;057540040040;100mN32103E42076;MC;NA;6;10;S;F;0614;NEP
057540040040-2573;057540040040;100mN32103E42076;MC;NA;6;15;S;M;1517;NEP
057540040040-2573;057540040040;100mN32103E42076;MC;NA;6;15;S;M;1517;EMP
057540040040-2574;057540040040;100mN32124E42143;MC;NA;4;59;M;F;5064;NEP
057540040040-2574;057540040040;100mN32124E42143;MC;NA;4;60;M;M;5064;NEP
057540040040-2574;057540040040;100mN32124E42143;MC;NA;4;10;S;M;0614;NEP
057540040040-2574;057540040040;100mN32124E42143;MC;NA;4;15;S;F;1517;EMP
057540040040-2575;057540040040;100mN32127E42140;MC;NA;5;42;M;M;4049;EMP
057540040040-2575;057540040040;100mN32127E42140;MC;NA;5;40;M;F;4049;EMP
057540040040-2575;057540040040;100mN32127E42140;MC;NA;5;16;S;M;1517;EMP
057540040040-2575;057540040040;100mN32127E42140;MC;NA;5;15;S;F;1517;EMP
057540040040-2575;057540040040;100mN32127E42140;MC;NA;5;6;S;M;0614;NEP
057540040040-2576;057540040040;100mN32105E42071;MC;NA;2;53;M;F;5064;NEP
057540040040-2576;057540040040;100mN32105E42071;MC;NA;2;56;M;M;5064;EMP
057540040040-2577;057540040040;100mN32102E42144;MC;NA;2;62;M;F;5064;EMP
057540040040-2577;057540040040;100mN32102E42144;MC;NA;2;56;S;M;5064;NEP
057540040040-2578;057540040040;100mN32112E42121;MC;NA;3;58;M;M;5064;EMP
057540040040-2578;057540040040;100mN32112E42121;MC;NA;3;59;M;F;5064;NEP
057540040040-2578;057540040040;100mN32112E42121;MC;NA;3;10;S;F;0614;NEP
057540040040-2579;057540040040;100mN32115E42134;MC;NA;6;33;M;M;3039;NEP
057540040040-2579;057540040040;100mN32115E42134;MC;NA;6;34;M;F;3039;EMP
057540040040-2579;057540040040;100mN32115E42134;MC;NA;6;18;M;F;1824;UEP
057540040040-2579;057540040040;100mN32115E42134;MC;NA;6;13;S;M;0614;NEP
057540040040-2579;057540040040;100mN32115E42134;MC;NA;6;18;M;F;1824;NEP
057540040040-2579;057540040040;100mN32115E42134;MC;NA;6;9;S;M;0614;NEP
057540040040-2580;057540040040;100mN32115E42134;S;NA;1;47;M;M;4049;EMP
057540040040-2581;057540040040;100mN32102E42070;SM;NA;4;48;S;M;4049;EMP
057540040040-2581;057540040040;100mN32102E42070;SM;NA;4;16;S;M;1517;NEP
057540040040-2581;057540040040;100mN32102E42070;SM;NA;4;3;S;M;0305;NEP
057540040040-2581;057540040040;100mN32102E42070;SM;NA;4;7;S;M;0614;NEP
057540040040-2582;057540040040;100mN32115E42134;MC;NA;5;33;M;F;3039;NEP
057540040040-2582;057540040040;100mN32115E42134;MC;NA;5;33;M;M;3039;EMP
057540040040-2582;057540040040;100mN32115E42134;MC;NA;5;7;S;F;0614;NEP
057540040040-2582;057540040040;100mN32115E42134;MC;NA;5;12;S;F;0614;NEP
057540040040-2582;057540040040;100mN32115E42134;MC;NA;5;18;M;M;1824;NEP
057540040040-2583;057540040040;100mN32101E42085;S;OS;1;20;S;M;1824;EMP
057540040040-2584;057540040040;100mN32115E42126;S;NA;1;27;M;M;2529;NEP
057540040040-2585;057540040040;100mN32143E42119;S;OS;1;80;W;F;75XX;EMP
057540040040-2586;057540040040;100mN32111E42123;S;NA;1;63;M;F;5064;NEP
057540040040-2587;057540040040;100mN32143E42119;MC;MIX;3;70;W;F;6574;NEP
057540040040-2587;057540040040;100mN32143E42119;MC;MIX;3;30;M;M;3039;EMP
057540040040-2587;057540040040;100mN32143E42119;MC;MIX;3;31;M;F;3039;NEP
057540040040-2588;057540040040;100mN32143E42119;MC;OS;6;67;M;M;6574;NEP
057540040040-2588;057540040040;100mN32143E42119;MC;OS;6;67;M;F;6574;NEP
057540040040-2588;057540040040;100mN32143E42119;MC;OS;6;72;M;M;6574;EMP
057540040040-2588;057540040040;100mN32143E42119;MC;OS;6;75;M;F;75XX;EMP
057540040040-2588;057540040040;100mN32143E42119;MC;OS;6;66;D;M;6574;EMP
057540040040-2588;057540040040;100mN32143E42119;MC;OS;6;85;M;M;75XX;EMP
057540040040-2589;057540040040;100mN32143E42119;S;NA;1;75;M;F;75XX;EMP
057540040040-2590;057540040040;100mN32121E42127;S;NA;1;33;W;F;3039;NEP
057540040040-2591;057540040040;100mN32143E42119;MC;NA;3;47;M;F;4049;EMP
057540040040-2591;057540040040;100mN32143E42119;MC;NA;3;63;M;M;5064;EMP
057540040040-2591;057540040040;100mN32143E42119;MC;NA;3;23;S;M;1824;EMP
057540040040-2592;057540040040;100mN32104E42074;MC;NA;5;63;M;M;5064;EMP
057540040040-2592;057540040040;100mN32104E42074;MC;NA;5;62;M;F;5064;EMP
057540040040-2592;057540040040;100mN32104E42074;MC;NA;5;3;S;M;0305;NEP
057540040040-2592;057540040040;100mN32104E42074;MC;NA;5;4;S;M;0305;NEP
057540040040-2592;057540040040;100mN32104E42074;MC;NA;5;46;S;F;4049;NEP
057540040040-2593;057540040040;100mN32121E42140;S;OS;1;59;D;M;5064;EMP
057540040040-2594;057540040040;100mN32127E42144;NA;NA;3;21;M;F;1824;EMP
057540040040-2594;057540040040;100mN32127E42144;NA;NA;3;70;D;F;6574;NEP
057540040040-2594;057540040040;100mN32127E42144;NA;NA;3;42;S;M;4049;EMP
057540040040-2595;057540040040;100mN32108E42144;PO;NA;3;38;S;M;3039;NEP
057540040040-2595;057540040040;100mN32108E42144;PO;NA;3;37;S;F;3039;EMP
057540040040-2595;057540040040;100mN32108E42144;PO;NA;3;8;S;F;0614;NEP
057540040040-2596;057540040040;100mN32102E42073;MC;NA;4;19;M;M;1824;EMP
057540040040-2596;057540040040;100mN32102E42073;MC;NA;4;18;M;F;1824;NEP
057540040040-2596;057540040040;100mN32102E42073;MC;NA;4;3;S;F;0305;NEP
057540040040-2596;057540040040;100mN32102E42073;MC;NA;4;3;S;M;0305;NEP
057540040040-2597;057540040040;100mN32114E42115;MC;NA;3;31;M;M;3039;EMP
057540040040-2597;057540040040;100mN32114E42115;MC;NA;3;40;M;F;4049;EMP
057540040040-2597;057540040040;100mN32114E42115;MC;NA;3;7;S;M;0614;NEP
057540040040-2598;057540040040;100mN32114E42115;MC;NA;4;40;M;M;4049;NEP
057540040040-2598;057540040040;100mN32114E42115;MC;NA;4;47;M;F;4049;EMP
057540040040-2598;057540040040;100mN32114E42115;MC;NA;4;1;S;F;0003;NEP
057540040040-2598;057540040040;100mN32114E42115;MC;NA;4;13;S;M;0614;NEP
057540040040-2599;057540040040;100mN32114E42115;SM;MIX;2;76;S;M;75XX;EMP
057540040040-2599;057540040040;100mN32114E42115;SM;MIX;2;15;S;F;1517;NEP
057540040040-2600;057540040040;100mN32114E42115;S;NA;1;42;S;M;4049;NEP
057540040040-2601;057540040040;100mN32126E42137;PO;NA;2;50;S;M;5064;EMP
057540040040-2601;057540040040;100mN32126E42137;PO;NA;2;47;S;M;4049;EMP
057540040040-2602;057540040040;100mN32136E42120;MC;NA;2;55;M;M;5064;EMP
057540040040-2602;057540040040;100mN32136E42120;MC;NA;2;18;M;F;1824;EMP
057540040040-2603;057540040040;100mN32120E42127;MC;NA;3;61;M;F;5064;NEP
057540040040-2603;057540040040;100mN32120E42127;MC;NA;3;62;M;M;5064;NEP
057540040040-2603;057540040040;100mN32120E42127;MC;NA;3;10;S;M;0614;NEP
057540040040-2604;057540040040;100mN32095E42128;MC;OS;2;72;M;M;6574;EMP
057540040040-2604;057540040040;100mN32095E42128;MC;OS;2;71;M;F;6574;EMP
057540040040-2605;057540040040;100mN32095E42128;MC;NA;2;61;M;F;5064;NEP
057540040040-2605;057540040040;100mN32095E42128;MC;NA;2;63;M;M;5064;EMP
057540040040-2606;057540040040;100mN32112E42120;MC;NA;2;44;M;M;4049;EMP
057540040040-2606;057540040040;100mN32112E42120;MC;NA;2;44;M;F;4049;UEP
057540040040-2607;057540040040;100mN32112E42147;MC;MIX;5;68;M;F;6574;NEP
057540040040-2607;057540040040;100mN32112E42147;MC;MIX;5;40;M;M;4049;EMP
057540040040-2607;057540040040;100mN32112E42147;MC;MIX;5;31;M;F;3039;NEP
057540040040-2607;057540040040;100mN32112E42147;MC;MIX;5;18;D;M;1824;EMP
057540040040-2607;057540040040;100mN32112E42147;MC;MIX;5;13;S;M;0614;NEP
057540040040-2608;057540040040;100mN32108E42128;S;NA;1;40;S;F;4049;EMP
057540040040-2609;057540040040;100mN32123E42142;PO;MIX;2;83;S;F;75XX;NEP
057540040040-2609;057540040040;100mN32123E42142;PO;MIX;2;60;S;M;5064;EMP
057540040040-2610;057540040040;100mN32121E42118;MC;OS;3;68;M;F;6574;NEP
057540040040-2610;057540040040;100mN32121E42118;MC;OS;3;69;M;M;6574;NEP
057540040040-2610;057540040040;100mN32121E42118;MC;OS;3;66;M;F;6574;NEP
057540040040-2611;057540040040;100mN32116E42121;S;NA;1;16;S;F;1517;NEP
057540040040-2612;057540040040;100mN32132E42148;MC;NA;2;19;M;F;1824;EMP
057540040040-2612;057540040040;100mN32132E42148;MC;NA;2;25;M;M;2529;EMP
057540040040-2613;057540040040;100mN32111E42123;S;NA;1;48;W;F;4049;NEP
057540040040-2614;057540040040;100mN32098E42132;PO;OS;2;69;S;F;6574;NEP
057540040040-2614;057540040040;100mN32098E42132;PO;OS;2;72;S;M;6574;EMP
057540040040-2615;057540040040;100mN32121E42121;SF;NA;3;42;D;F;4049;NEP
057540040040-2615;057540040040;100mN32121E42121;SF;NA;3;25;S;M;2529;EMP
057540040040-2615;057540040040;100mN32121E42121;SF;NA;3;12;S;M;0614;NEP
057540040040-2616;057540040040;100mN32121E42121;MC;NA;2;30;M;M;3039;NEP
057540040040-2616;057540040040;100mN32121E42121;MC;NA;2;26;M;F;2529;EMP
057540040040-2617;057540040040;100mN32121E42121;MC;NA;5;43;M;M;4049;EMP
057540040040-2617;057540040040;100mN32121E42121;MC;NA;5;57;M;F;5064;EMP
057540040040-2617;057540040040;100mN32121E42121;MC;NA;5;11;S;F;0614;NEP
057540040040-2617;057540040040;100mN32121E42121;MC;NA;5;15;S;M;1517;NEP
057540040040-2617;057540040040;100mN32121E42121;MC;NA;5;13;S;F;0614;NEP
057540040040-2618;057540040040;100mN32121E42121;SF;NA;3;46;D;F;4049;EMP
057540040040-2618;057540040040;100mN32121E42121;SF;NA;3;8;S;M;0614;NEP
057540040040-2618;057540040040;100mN32121E42121;SF;NA;3;30;M;M;3039;NEP
057540040040-2619;057540040040;100mN32121E42121;MC;OS;2;65;M;F;6574;NEP
057540040040-2619;057540040040;100mN32121E42121;MC;OS;2;68;M;M;6574;EMP
057540040040-2620;057540040040;100mN32132E42132;S;OS;1;58;M;F;5064;EMP
057540040040-2621;057540040040;100mN32121E42121;MC;NA;2;53;M;F;5064;EMP
057540040040-2621;057540040040;100mN32121E42121;MC;NA;2;50;M;M;5064;NEP
057540040040-2622;057540040040;100mN32124E42142;MC;NA;2;51;M;F;5064;EMP
057540040040-2622;057540040040;100mN32124E42142;MC;NA;2;54;M;M;5064;EMP
057540040040-2623;057540040040;100mN32130E42135;MC;NA;2;50;M;M;5064;NEP
057540040040-2623;057540040040;100mN32130E42135;MC;NA;2;47;M;F;4049;NEP
057540040040-2624;057540040040;100mN32130E42135;MC;MIX;2;67;M;M;6574;NEP
057540040040-2624;057540040040;100mN32130E42135;MC;MIX;2;71;M;M;6574;EMP
057540040040-2625;057540040040;100mN32112E42144;MC;MIX;3;77;D;M;75XX;EMP
057540040040-2625;057540040040;100mN32112E42144;MC;MIX;3;21;M;M;1824;EMP
057540040040-2625;057540040040;100mN32112E42144;MC;MIX;3;20;M;F;1824;EMP
057540040040-2626;057540040040;100mN32130E42135;MC;OS;2;89;M;M;75XX;NEP
057540040040-2626;057540040040;100mN32130E42135;MC;OS;2;82;M;F;75XX;EMP
057540040040-2627;057540040040;100mN32130E42135;MC;OS;2;86;M;F;75XX;EMP
057540040040-2627;057540040040;100mN32130E42135;MC;OS;2;36;D;F;3039;EMP
057540040040-2628;057540040040;100mN32114E42122;S;OS;1;43;W;F;4049;NEP
057540040040-2629;057540040040;100mN32116E42126;MC;NA;4;41;M;F;4049;EMP
057540040040-2629;057540040040;100mN32116E42126;MC;NA;4;41;M;M;4049;EMP
057540040040-2629;057540040040;100mN32116E42126;MC;NA;4;1;S;F;0003;NEP
057540040040-2629;057540040040;100mN32116E42126;MC;NA;4;26;S;M;2529;EMP
057540040040-2630;057540040040;100mN32130E42135;S;NA;1;62;M;M;5064;NEP
057540040040-2631;057540040040;100mN32092E42132;MC;MIX;4;77;W;F;75XX;EMP
057540040040-2631;057540040040;100mN32092E42132;MC;MIX;4;19;M;M;1824;EMP
057540040040-2631;057540040040;100mN32092E42132;MC;MIX;4;19;M;F;1824;EMP
057540040040-2631;057540040040;100mN32092E42132;MC;MIX;4;4;S;F;0305;NEP
057540040040-2632;057540040040;100mN32087E42062;MC;NA;4;46;M;F;4049;EMP
057540040040-2632;057540040040;100mN32087E42062;MC;NA;4;56;M;M;5064;EMP
057540040040-2632;057540040040;100mN32087E42062;MC;NA;4;12;S;M;0614;NEP
057540040040-2632;057540040040;100mN32087E42062;MC;NA;4;20;W;M;1824;EMP
057540040040-2633;057540040040;100mN32114E42121;PO;NA;3;41;S;F;4049;EMP
057540040040-2633;057540040040;100mN32114E42121;PO;NA;3;44;S;F;4049;EMP
057540040040-2633;057540040040;100mN32114E42121;PO;NA;3;1;S;M;0003;NEP
057540040040-2634;057540040040;100mN32087E42062;SF;NA;4;81;S;F;75XX;NEP
057540040040-2634;057540040040;100mN32087E42062;SF;NA;4;8;S;F;0614;NEP
057540040040-2634;057540040040;100mN32087E42062;SF;NA;4;19;W;F;1824;EMP
057540040040-2634;057540040040;100mN32087E42062;SF;NA;4;1;S;M;0003;NEP
057540040040-2635;057540040040;100mN32087E42065;MC;NA;2;51;M;M;5064;EMP
057540040040-2635;057540040040;100mN32087E42065;MC;NA;2;51;M;F;5064;NEP
057540040040-2636;057540040040;100mN32087E42065;MC;NA;2;51;M;F;5064;NEP
057540040040-2636;057540040040;100mN32087E42065;MC;NA;2;56;M;M;5064;EMP
057540040040-2637;057540040040;100mN32113E42144;MC;NA;2;40;M;M;4049;EMP
057540040040-2637;057540040040;100mN32113E42144;MC;NA;2;43;M;F;4049;EMP
057540040040-2638;057540040040;100mN32104E42072;S;NA;1;73;S;M;6574;EMP
057540040040-2639;057540040040;100mN32125E42113;MC;NA;2;51;M;F;5064;NEP
057540040040-2639;057540040040;100mN32125E42113;MC;NA;2;53;M;M;5064;NEP
057540040040-2640;057540040040;100mN32135E42131;S;OS;1;32;M;F;3039;EMP
057540040040-2641;057540040040;100mN32115E42109;MC;NA;3;41;M;F;4049;EMP
057540040040-2641;057540040040;100mN32115E42109;MC;NA;3;38;M;M;3039;NEP
057540040040-2641;057540040040;100mN32115E42109;MC;NA;3;9;S;M;0614;NEP
057540040040-2642;057540040040;100mN32083E42060;SM;MIX;2;79;D;M;75XX;EMP
057540040040-2642;057540040040;100mN32083E42060;SM;MIX;2;9;S;M;0614;NEP
057540040040-2643;057540040040;100mN32083E42060;SF;NA;2;81;S;F;75XX;EMP
057540040040-2643;057540040040;100mN32083E42060;SF;NA;2;9;S;M;0614;NEP
057540040040-2644;057540040040;100mN32129E42134;S;NA;1;38;M;M;3039;EMP
057540040040-2645;057540040040;100mN32129E42134;S;NA;1;53;M;M;5064;NEP
057540040040-2646;057540040040;100mN32129E42134;S;NA;1;27;M;F;2529;EMP
057540040040-2647;057540040040;100mN32129E42134;S;NA;1;48;M;F;4049;EMP
057540040040-2648;057540040040;100mN32112E42144;MC;NA;2;63;M;F;5064;NEP
057540040040-2648;057540040040;100mN32112E42144;MC;NA;2;63;D;F;5064;NEP
057540040040-2649;057540040040;100mN32124E42116;S;NA;1;31;S;F;3039;EMP
057540040040-2650;057540040040;100mN32104E42136;S;NA;1;46;S;M;4049;EMP
057540040040-2651;057540040040;100mN32125E42143;MC;NA;3;56;M;F;5064;EMP
057540040040-2651;057540040040;100mN32125E42143;MC;NA;3;61;M;M;5064;NEP
057540040040-2651;057540040040;100mN32125E42143;MC;NA;3;21;D;M;1824;NEP
057540040040-2652;057540040040;100mN32124E42140;MC;MIX;2;82;M;F;75XX;EMP
057540040040-2652;057540040040;100mN32124E42140;MC;MIX;2;31;S;F;3039;EMP
057540040040-2653;057540040040;100mN32105E42095;S;NA;1;57;M;F;5064;EMP
057540040040-2654;057540040040;100mN32117E42132;S;OS;1;57;S;F;5064;EMP
057540040040-2655;057540040040;100mN32118E42123;MC;MIX;3;72;M;M;6574;EMP
057540040040-2655;057540040040;100mN32118E42123;MC;MIX;3;38;M;F;3039;EMP
057540040040-2655;057540040040;100mN32118E42123;MC;MIX;3;40;M;M;4049;EMP
057540040040-2656;057540040040;100mN32107E42107;MC;MIX;2;66;M;M;6574;NEP
057540040040-2656;057540040040;100mN32107E42107;MC;MIX;2;6;S;F;0614;NEP
057540040040-2657;057540040040;100mN32107E42107;MC;NA;5;38;M;M;3039;EMP
057540040040-2657;057540040040;100mN32107E42107;MC;NA;5;31;M;F;3039;EMP
057540040040-2657;057540040040;100mN32107E42107;MC;NA;5;6;S;F;0614;NEP
057540040040-2657;057540040040;100mN32107E42107;MC;NA;5;1;S;M;0003;NEP
057540040040-2657;057540040040;100mN32107E42107;MC;NA;5;15;S;F;1517;EMP
057540040040-2658;057540040040;100mN32123E42112;MC;NA;2;54;M;M;5064;NEP
057540040040-2658;057540040040;100mN32123E42112;MC;NA;2;58;M;F;5064;EMP
057540040040-2659;057540040040;100mN32118E42129;S;OS;1;45;M;M;4049;EMP
057540040040-2660;057540040040;100mN32131E42136;S;OS;1;37;S;M;3039;EMP
057540040040-2661;057540040040;100mN32131E42136;MC;MIX;5;89;W;F;75XX;EMP
057540040040-2661;057540040040;100mN32131E42136;MC;MIX;5;25;M;M;2529;NEP
057540040040-2661;057540040040;100mN32131E42136;MC;MIX;5;25;M;F;2529;NEP
057540040040-2661;057540040040;100mN32131E42136;MC;MIX;5;3;S;F;0305;NEP
057540040040-2661;057540040040;100mN32131E42136;MC;MIX;5;3;S;M;0305;NEP
057540040040-2662;057540040040;100mN32131E42136;PO;NA;4;47;S;F;4049;EMP
057540040040-2662;057540040040;100mN32131E42136;PO;NA;4;48;S;F;4049;EMP
057540040040-2662;057540040040;100mN32131E42136;PO;NA;4;7;S;M;0614;NEP
057540040040-2662;057540040040;100mN32131E42136;PO;NA;4;27;M;M;2529;NEP
057540040040-2663;057540040040;100mN32126E42146;S;OS;1;30;W;F;3039;NEP
057540040040-2664;057540040040;100mN32118E42116;S;OS;1;71;D;M;6574;NEP
057540040040-2665;057540040040;100mN32131E42136;MC;NA;2;35;M;M;3039;EMP
057540040040-2665;057540040040;100mN32131E42136;MC;NA;2;27;M;F;2529;EMP
057540040040-2666;057540040040;100mN32131E42136;MC;NA;2;38;M;F;3039;NEP
057540040040-2666;057540040040;100mN32131E42136;MC;NA;2;34;M;M;3039;NEP
057540040040-2667;057540040040;100mN32131E42136;PO;NA;4;52;S;M;5064;EMP
057540040040-2667;057540040040;100mN32131E42136;PO;NA;4;46;S;M;4049;EMP
057540040040-2667;057540040040;100mN32131E42136;PO;NA;4;12;S;M;0614;NEP
057540040040-2667;057540040040;100mN32131E42136;PO;NA;4;25;D;M;2529;NEP
057540040040-2668;057540040040;100mN32109E42056;MC;NA;3;43;M;F;4049;EMP
057540040040-2668;057540040040;100mN32109E42056;MC;NA;3;48;M;M;4049;EMP
057540040040-2668;057540040040;100mN32109E42056;MC;NA;3;15;S;F;1517;UEP
057540040040-2669;057540040040;100mN32126E42145;PO;MIX;3;78;S;F;75XX;NEP
057540040040-2669;057540040040;100mN32126E42145;PO;MIX;3;38;S;M;3039;EMP
057540040040-2669;057540040040;100mN32126E42145;PO;MIX;3;34;S;F;3039;NEP
057540040040-2670;057540040040;100mN32131E42136;S;NA;1;78;M;F;75XX;NEP
057540040040-2671;057540040040;100mN32131E42136;MC;NA;2;43;M;F;4049;EMP
057540040040-2671;057540040040;100mN32131E42136;MC;NA;2;52;M;M;5064;EMP
057540040040-2672;057540040040;100mN32118E42121;SF;NA;3;89;S;F;75XX;NEP
057540040040-2672;057540040040;100mN32118E42121;SF;NA;3;12;S;M;0614;NEP
057540040040-2672;057540040040;100mN32118E42121;SF;NA;3;9;S;F;0614;NEP
057540040040-2673;057540040040;100mN32117E42123;S;OS;1;37;S;F;3039;NEP
057540040040-2674;057540040040;100mN32131E42136;S;OS;1;35;W;M;3039;EMP
057540040040-2675;057540040040;100mN32131E42136;S;OS;1;35;W;M;3039;EMP
057540040040-2676;057540040040;100mN32093E42131;SM;NA;4;44;S;M;4049;EMP
057540040040-2676;057540040040;100mN32093E42131;SM;NA;4;16;S;F;1517;NEP
057540040040-2676;057540040040;100mN32093E42131;SM;NA;4;10;S;M;0614;NEP
057540040040-2676;057540040040;100mN32093E42131;SM;NA;4;11;S;F;0614;NEP
057540040040-2677;057540040040;100mN32113E42118;MC;OS;2;73;M;F;6574;EMP
057540040040-2677;057540040040;100mN32113E42118;MC;OS;2;89;M;M;75XX;NEP
057540040040-2678;057540040040;100mN32114E42118;MC;NA;4;33;M;F;3039;EMP
057540040040-2678;057540040040;100mN32114E42118;MC;NA;4;34;M;M;3039;NEP
057540040040-2678;057540040040;100mN32114E42118;MC;NA;4;9;S;M;0614;NEP
057540040040-2678;057540040040;100mN32114E42118;MC;NA;4;12;S;M;0614;NEP
057540040040-2679;057540040040;100mN32131E42136;MC;NA;5;38;M;F;3039;EMP
057540040040-2679;057540040040;100mN32131E42136;MC;NA;5;47;M;M;4049;NEP
057540040040-2679;057540040040;100mN32131E42136;MC;NA;5;13;S;F;0614;NEP
057540040040-2679;057540040040;100mN32131E42136;MC;NA;5;2;S;M;0003;NEP
057540040040-2679;057540040040;100mN32131E42136;MC;NA;5;11;S;M;0614;NEP
057540040040-2680;057540040040;100mN32145E42116;MC;OS;5;69;M;F;6574;NEP
057540040040-2680;057540040040;100mN32145E42116;MC;OS;5;71;M;M;6574;EMP
057540040040-2680;057540040040;100mN32145E42116;MC;OS;5;68;S;M;6574;NEP
057540040040-2680;057540040040;100mN32145E42116;MC;OS;5;80;M;M;75XX;EMP
057540040040-2680;057540040040;100mN32145E42116;MC;OS;5;73;S;M;6574;NEP
057540040040-2681;057540040040;100mN32131E42136;MC;OS;2;66;M;M;6574;NEP
057540040040-2681;057540040040;100mN32131E42136;MC;OS;2;86;M;F;75XX;EMP
057540040040-2682;057540040040;100mN32107E42111;MC;NA;2;36;M;F;3039;EMP
057540040040-2682;057540040040;100mN32107E42111;MC;NA;2;33;M;M;3039;EMP
057540040040-2683;057540040040;100mN32124E42139;MC;OS;2;77;M;M;75XX;NEP
057540040040-2683;057540040040;100mN32124E42139;MC;OS;2;65;M;F;6574;UEP
057540040040-2684;057540040040;100mN32124E42142;S;NA;1;42;W;M;4049;EMP
057540040040-2685;057540040040;100mN32107E42111;PO;OS;3;83;S;F;75XX;EMP
057540040040-2685;057540040040;100mN32107E42111;PO;OS;3;87;S;F;75XX;NEP
057540040040-2685;057540040040;100mN32107E42111;PO;OS;3;66;S;M;6574;NEP
057540040040-2686;057540040040;100mN32107E42111;MC;NA;4;36;M;F;3039;NEP
057540040040-2686;057540040040;100mN32107E42111;MC;NA;4;43;M;M;4049;EMP
057540040040-2686;057540040040;100mN32107E42111;MC;NA;4;1;S;F;0003;NEP
057540040040-2686;057540040040;100mN32107E42111;MC;NA;4;21;M;M;1824;EMP
057540040040-2687;057540040040;100mN32102E42075;S;NA;1;30;S;F;3039;EMP
057540040040-2688;057540040040;100mN32119E42129;MC;NA;2;62;M;F;5064;NEP
057540040040-2688;057540040040;100mN32119E42129;MC;NA;2;63;M;M;5064;EMP
057540040040-2689;057540040040;100mN32127E42143;S;NA;1;37;S;M;3039;NEP
057540040040-2690;057540040040;100mN32124E42114;MC;MIX;4;66;W;F;6574;EMP
057540040040-2690;057540040040;100mN32124E42114;MC;MIX;4;41;M;M;4049;EMP
057540040040-2690;057540040040;100mN32124E42114;MC;MIX;4;40;M;F;4049;NEP
057540040040-2690;057540040040;100mN32124E42114;MC;MIX;4;10;S;F;0614;NEP
057540040040-2691;057540040040;100mN32116E42127;S;OS;1;46;M;M;4049;EMP
057540040040-2692;057540040040;100mN32113E42125;MC;OS;2;89;M;F;75XX;EMP
057540040040-2692;057540040040;100mN32113E42125;MC;OS;2;51;W;F;5064;EMP
057540040040-2693;057540040040;100mN32122E42122;S;NA;1;51;M;F;5064;EMP
057540040040-2694;057540040040;100mN32140E42117;MC;NA;2;62;M;M;5064;NEP
057540040040-2694;057540040040;100mN32140E42117;MC;NA;2;60;M;F;5064;EMP
057540040040-2695;057540040040;100mN32111E42123;S;NA;1;63;M;F;5064;NEP
057540040040-2696;057540040040;100mN32115E42131;PO;NA;2;42;S;M;4049;EMP
057540040040-2696;057540040040;100mN32115E42131;PO;NA;2;42;S;M;4049;NEP
057540040040-2697;057540040040;100mN32122E42122;MC;NA;2;36;M;M;3039;EMP
057540040040-2697;057540040040;100mN32122E42122;MC;NA;2;36;M;F;3039;EMP
057540040040-2698;057540040040;100mN32117E42123;MC;NA;2;61;M;M;5064;EMP
057540040040-2698;057540040040;100mN32117E42123;MC;NA;2;18;M;M;1824;NEP
057540040040-2699;057540040040;100mN32112E42121;MC;NA;6;58;M;M;5064;NEP
057540040040-2699;057540040040;100mN32112E42121;MC;NA;6;58;M;F;5064;EMP
057540040040-2699;057540040040;100mN32112E42121;MC;NA;6;12;S;F;0614;NEP
057540040040-2699;057540040040;100mN32112E42121;MC;NA;6;16;S;F;1517;EMP
057540040040-2699;057540040040;100mN32112E42121;MC;NA;6;16;S;M;1517;EMP
057540040040-2699;057540040040;100mN32112E42121;MC;NA;6;11;S;M;0614;NEP
057540040040-2700;057540040040;100mN32091E42099;SF;MIX;3;88;M;F;75XX;EMP
057540040040-2700;057540040040;100mN32091E42099;SF;MIX;3;31;W;F;3039;EMP
057540040040-2700;057540040040;100mN32091E42099;SF;MIX;3;10;S;F;0614;NEP
057540040040-2701;057540040040;100mN32128E42138;MC;NA;3;38;M;M;3039;EMP
057540040040-2701;057540040040;100mN32128E42138;MC;NA;3;32;M;F;3039;NEP
057540040040-2701;057540040040;100mN32128E42138;MC;NA;3;6;S;F;0614;NEP
057540040040-2702;057540040040;100mN32123E42146;MC;NA;3;20;M;F;1824;NEP
057540040040-2702;057540040040;100mN32123E42146;MC;NA;3;21;M;M;1824;EMP
057540040040-2702;057540040040;100mN32123E42146;MC;NA;3;1;S;F;0003;NEP
057540040040-2703;057540040040;100mN32128E42138;SF;NA;5;16;S;F;1517;NEP
057540040040-2703;057540040040;100mN32128E42138;SF;NA;5;1;S;M;0003;NEP
057540040040-2703;057540040040;100mN32128E42138;SF;NA;5;1;S;M;0003;NEP
057540040040-2703;057540040040;100mN32128E42138;SF;NA;5;1;S;M;0003;NEP
057540040040-2703;057540040040;100mN32128E42138;SF;NA;5;1;S;M;0003;NEP
057540040040-2704;057540040040;100mN32097E42057;S;OS;1;59;D;F;5064;NEP
057540040040-2705;057540040040;100mN32124E42139;MC;OS;3;71;M;M;6574;EMP
057540040040-2705;057540040040;100mN32124E42139;MC;OS;3;68;M;F;6574;EMP
057540040040-2705;057540040040;100mN32124E42139;MC;OS;3;73;S;F;6574;EMP
057540040040-2706;057540040040;100mN32117E42112;S;OS;1;57;W;F;5064;EMP
057540040040-2707;057540040040;100mN32128E42138;MC;OS;2;86;M;F;75XX;EMP
057540040040-2707;057540040040;100mN32128E42138;MC;OS;2;16;S;M;1517;NEP
057540040040-2708;057540040040;100mN32118E42121;MC;MIX;2;68;M;F;6574;NEP
057540040040-2708;057540040040;100mN32118E42121;MC;MIX;2;46;D;F;4049;NEP
057540040040-2709;057540040040;100mN32128E42138;S;OS;1;37;M;M;3039;EMP
057540040040-2710;057540040040;100mN32125E42114;MC;NA;2;40;M;M;4049;EMP
057540040040-2710;057540040040;100mN32125E42114;MC;NA;2;36;M;F;3039;NEP
057540040040-2711;057540040040;100mN32135E42131;S;OS;1;70;D;F;6574;NEP
057540040040-2712;057540040040;100mN32121E42123;S;NA;1;38;M;M;3039;NEP
057540040040-2713;057540040040;100mN32111E42122;S;NA;1;58;D;M;5064;EMP
057540040040-2714;057540040040;100mN32128E42138;S;NA;1;58;M;M;5064;EMP
057540040040-2715;057540040040;100mN32115E42122;S;NA;1;25;M;M;2529;EMP
057540040040-2716;057540040040;100mN32135E42132;MC;NA;2;63;M;F;5064;EMP
057540040040-2716;057540040040;100mN32135E42132;MC;NA;2;41;S;M;4049;EMP
057540040040-2717;057540040040;100mN32107E42139;S;NA;1;54;W;M;5064;EMP
057540040040-2718;057540040040;100mN32123E42142;PO;OS;2;65;S;F;6574;EMP
057540040040-2718;057540040040;100mN32123E42142;PO;OS;2;71;S;M;6574;NEP
057540040040-2719;057540040040;100mN32144E42118;MC;NA;2;48;M;F;4049;UEP
057540040040-2719;057540040040;100mN32144E42118;MC;NA;2;44;M;M;4049;EMP
057540040040-2720;057540040040;100mN32114E42127;S;OS;1;50;D;M;5064;NEP
057540040040-2721;057540040040;100mN32131E42117;S;OS;1;78;S;F;75XX;NEP
057540040040-2722;057540040040;100mN32135E42132;MC;NA;2;37;M;M;3039;NEP
057540040040-2722;057540040040;100mN32135E42132;MC;NA;2;35;M;F;3039;EMP
057540040040-2723;057540040040;100mN32135E42132;MC;MIX;2;68;M;F;6574;NEP
057540040040-2723;057540040040;100mN32135E42132;MC;MIX;2;61;M;M;5064;EMP
057540040040-2724;057540040040;100mN32135E42132;MC;NA;3;18;M;F;1824;NEP
057540040040-2724;057540040040;100mN32135E42132;MC;NA;3;22;M;M;1824;EMP
057540040040-2724;057540040040;100mN32135E42132;MC;NA;3;3;S;M;0305;NEP
057540040040-2725;057540040040;100mN32112E42118;S;NA;1;48;M;M;4049;NEP
057540040040-2726;057540040040;100mN32136E42126;PO;NA;4;41;S;F;4049;NEP
057540040040-2726;057540040040;100mN32136E42126;PO;NA;4;42;S;M;4049;EMP
057540040040-2726;057540040040;100mN32136E42126;PO;NA;4;9;S;M;0614;NEP
057540040040-2726;057540040040;100mN32136E42126;PO;NA;4;10;S;F;0614;NEP
057540040040-2727;057540040040;100mN32101E42074;MC;MIX;2;73;M;M;6574;NEP
057540040040-2727;057540040040;100mN32101E42074;MC;MIX;2;32;S;M;3039;NEP
057540040040-2728;057540040040;100mN32113E42118;MC;NA;4;63;M;M;5064;EMP
057540040040-2728;057540040040;100mN32113E42118;MC;NA;4;62;M;F;5064;EMP
057540040040-2728;057540040040;100mN32113E42118;MC;NA;4;12;S;M;0614;NEP
057540040040-2728;057540040040;100mN32113E42118;MC;NA;4;7;S;F;0614;NEP
057540040040-2729;057540040040;100mN32116E42117;MC;MIX;2;88;M;F;75XX;UEP
057540040040-2729;057540040040;100mN32116E42117;MC;MIX;2;6;S;F;0614;NEP
057540040040-2730;057540040040;100mN32112E42118;SF;NA;3;54;W;F;5064;EMP
057540040040-2730;057540040040;100mN32112E42118;SF;NA;3;3;S;M;0305;NEP
057540040040-2730;057540040040;100mN32112E42118;SF;NA;3;16;S;F;1517;NEP
057540040040-2731;057540040040;100mN32130E42139;MC;OS;3;86;M;F;75XX;NEP
057540040040-2731;057540040040;100mN32130E42139;MC;OS;3;31;S;F;3039;EMP
057540040040-2731;057540040040;100mN32130E42139;MC;OS;3;66;S;F;6574;NEP
057540040040-2732;057540040040;100mN32114E42132;S;OS;1;68;M;F;6574;NEP
057540040040-2733;057540040040;100mN32140E42122;S;OS;1;16;S;F;1517;EMP
057540040040-2734;057540040040;100mN32130E42139;MC;NA;3;58;M;M;5064;NEP
057540040040-2734;057540040040;100mN32130E42139;MC;NA;3;55;M;F;5064;NEP
057540040040-2734;057540040040;100mN32130E42139;MC;NA;3;8;S;M;0614;NEP
057540040040-2735;057540040040;100mN32130E42139;S;NA;1;41;W;F;4049;EMP
057540040040-2736;057540040040;100mN32130E42139;MC;OS;2;65;M;M;6574;EMP
057540040040-2736;057540040040;100mN32130E42139;MC;OS;2;75;M;F;75XX;EMP
057540040040-2737;057540040040;100mN32130E42139;MC;OS;2;68;M;F;6574;NEP
057540040040-2737;057540040040;100mN32130E42139;MC;OS;2;68;M;M;6574;EMP
057540040040-2738;057540040040;100mN32124E42114;MC;MIX;4;66;W;F;6574;EMP
057540040040-2738;057540040040;100mN32124E42114;MC;MIX;4;41;M;M;4049;EMP
057540040040-2738;057540040040;100mN32124E42114;MC;MIX;4;40;M;F;4049;NEP
057540040040-2738;057540040040;100mN32124E42114;MC;MIX;4;10;S;F;0614;NEP
057540040040-2739;057540040040;100mN32111E42121;MC;NA;2;47;M;M;4049;EMP
057540040040-2739;057540040040;100mN32111E42121;MC;NA;2;18;M;F;1824;NEP
057540040040-2740;057540040040;100mN32130E42139;S;NA;1;59;M;F;5064;UEP
057540040040-2741;057540040040;100mN32111E42147;S;OS;1;48;S;F;4049;EMP
057540040040-2742;057540040040;100mN32130E42139;SF;NA;3;20;S;F;1824;EMP
057540040040-2742;057540040040;100mN32130E42139;SF;NA;3;2;S;M;0003;NEP
057540040040-2742;057540040040;100mN32130E42139;SF;NA;3;4;S;F;0305;NEP
057540040040-2743;057540040040;100mN32117E42132;PO;NA;3;47;S;F;4049;EMP
057540040040-2743;057540040040;100mN32117E42132;PO;NA;3;47;S;M;4049;EMP
057540040040-2743;057540040040;100mN32117E42132;PO;NA;3;13;S;F;0614;NEP
057540040040-2744;057540040040;100mN32112E42143;MC;MIX;2;84;M;F;75XX;NEP
057540040040-2744;057540040040;100mN32112E42143;MC;MIX;2;48;W;F;4049;NEP
057540040040-2745;057540040040;100mN32118E42127;S;OS;1;46;S;M;4049;NEP
057540040040-2746;057540040040;100mN32123E42140;S;NA;1;63;S;M;5064;NEP
057540040040-2747;057540040040;100mN32117E42133;S;OS;1;43;M;F;4049;EMP
057540040040-2748;057540040040;100mN32114E42126;S;OS;1;32;W;F;3039;NEP
057540040040-2749;057540040040;100mN32142E42119;S;OS;1;53;W;F;5064;NEP
057540040040-2750;057540040040;100mN32114E42132;S;OS;1;68;M;F;6574;NEP
057540040040-2751;057540040040;100mN32142E42119;S;NA;1;21;M;M;1824;NEP
057540040040-2752;057540040040;100mN32142E42119;MC;MIX;2;67;M;F;6574;NEP
057540040040-2752;057540040040;100mN32142E42119;MC;MIX;2;40;D;F;4049;EMP
057540040040-2753;057540040040;100mN32142E42119;S;NA;1;83;W;F;75XX;EMP
057540040040-2754;057540040040;100mN32105E42057;MC;NA;3;30;M;M;3039;NEP
057540040040-2754;057540040040;100mN32105E42057;MC;NA;3;26;M;F;2529;EMP
057540040040-2754;057540040040;100mN32105E42057;MC;NA;3;4;S;F;0305;NEP
057540040040-2755;057540040040;100mN32102E42132;S;NA;1;84;S;M;75XX;EMP
057540040040-2756;057540040040;100mN32101E42118;MC;MIX;3;77;W;F;75XX;EMP
057540040040-2756;057540040040;100mN32101E42118;MC;MIX;3;54;M;M;5064;EMP
057540040040-2756;057540040040;100mN32101E42118;MC;MIX;3;50;M;F;5064;EMP
057540040040-2757;057540040040;100mN32089E42131;MC;OS;4;73;M;F;6574;EMP
057540040040-2757;057540040040;100mN32089E42131;MC;OS;4;73;M;M;6574;EMP
057540040040-2757;057540040040;100mN32089E42131;MC;OS;4;89;S;F;75XX;EMP
057540040040-2757;057540040040;100mN32089E42131;MC;OS;4;75;S;M;75XX;EMP
057540040040-2758;057540040040;100mN32124E42143;S;OS;1;25;D;F;2529;NEP
057540040040-2759;057540040040;100mN32115E42126;S;NA;1;88;D;F;75XX;EMP
057540040040-2760;057540040040;100mN32118E42130;MC;OS;3;87;M;M;75XX;EMP
057540040040-2760;057540040040;100mN32118E42130;MC;OS;3;87;M;F;75XX;NEP
057540040040-2760;057540040040;100mN32118E42130;MC;OS;3;75;W;F;75XX;EMP
057540040040-2761;057540040040;100mN32089E42131;NA;OS;2;86;M;F;75XX;EMP
057540040040-2761;057540040040;100mN32089E42131;NA;OS;2;28;M;M;2529;EMP
057540040040-2762;057540040040;100mN32089E42131;MC;OS;2;68;M;F;6574;UEP
057540040040-2762;057540040040;100mN32089E42131;MC;OS;2;69;M;M;6574;EMP
057540040040-2763;057540040040;100mN32099E42138;MC;NA;2;59;M;M;5064;EMP
057540040040-2763;057540040040;100mN32099E42138;MC;NA;2;51;M;F;5064;NEP
057540040040-2764;057540040040;100mN32099E42138;SF;NA;3;63;D;F;5064;EMP
057540040040-2764;057540040040;100mN32099E42138;SF;NA;3;2;S;M;0003;NEP
057540040040-2764;057540040040;100mN32099E42138;SF;NA;3;35;S;F;3039;EMP
057540040040-2765;057540040040;100mN32118E42121;MC;NA;3;45;M;M;4049;NEP
057540040040-2765;057540040040;100mN32118E42121;MC;NA;3;42;M;F;4049;EMP
057540040040-2765;057540040040;100mN32118E42121;MC;NA;3;18;W;F;1824;NEP
057540040040-2766;057540040040;100mN32128E42071;S;OS;1;60;W;F;5064;NEP
057540040040-2767;057540040040;100mN32105E42088;MC;NA;3;31;M;F;3039;EMP
057540040040-2767;057540040040;100mN32105E42088;MC;NA;3;33;M;M;3039;EMP
057540040040-2767;057540040040;100mN32105E42088;MC;NA;3;4;S;M;0305;NEP
057540040040-2768;057540040040;100mN32112E42120;S;NA;1;58;D;F;5064;EMP
057540040040-2769;057540040040;100mN32116E42117;MC;MIX;2;88;M;F;75XX;UEP
057540040040-2769;057540040040;100mN32116E42117;MC;MIX;2;6;S;F;0614;NEP
057540040040-2770;057540040040;100mN32114E42121;S;NA;1;88;S;M;75XX;EMP
057540040040-2771;057540040040;100mN32142E42118;MC;OS;2;70;M;F;6574;UEP
057540040040-2771;057540040040;100mN32142E42118;MC;OS;2;72;M;M;6574;EMP
057540040040-2772;057540040040;100mN32124E42113;S;OS;1;60;S;M;5064;NEP
057540040040-2773;057540040040;100mN32142E42118;S;NA;1;35;M;M;3039;EMP
057540040040-2774;057540040040;100mN32142E42118;MC;NA;3;30;M;M;3039;EMP
057540040040-2774;057540040040;100mN32142E42118;MC;NA;3;18;M;F;1824;EMP
057540040040-2774;057540040040;100mN32142E42118;MC;NA;3;11;S;M;0614;NEP
057540040040-2775;057540040040;100mN32142E42118;MC;NA;4;23;M;M;1824;EMP
057540040040-2775;057540040040;100mN32142E42118;MC;NA;4;18;M;F;1824;NEP
057540040040-2775;057540040040;100mN32142E42118;MC;NA;4;7;S;M;0614;NEP
057540040040-2775;057540040040;100mN32142E42118;MC;NA;4;8;S;M;0614;NEP
057540040040-2776;057540040040;100mN32118E42125;S;OS;1;60;W;F;5064;EMP
057540040040-2777;057540040040;100mN32101E42072;S;NA;1;48;S;M;4049;EMP
057540040040-2778;057540040040;100mN32142E42118;MC;NA;3;45;M;M;4049;NEP
057540040040-2778;057540040040;100mN32142E42118;MC;NA;3;46;M;F;4049;EMP
057540040040-2778;057540040040;100mN32142E42118;MC;NA;3;12;S;M;0614;NEP
057540040040-2779;057540040040;100mN32142E42118;S;OS;1;22;M;M;1824;NEP
057540040040-2780;057540040040;100mN32112E42147;MC;NA;4;56;M;F;5064;EMP
057540040040-2780;057540040040;100mN32112E42147;MC;NA;4;60;M;M;5064;NEP
057540040040-2780;057540040040;100mN32112E42147;MC;NA;4;3;S;F;0305;NEP
057540040040-2780;057540040040;100mN32112E42147;MC;NA;4;6;S;M;0614;NEP
057540040040-2781;057540040040;100mN32142E42118;MC;NA;3;44;M;M;4049;NEP
057540040040-2781;057540040040;100mN32142E42118;MC;NA;3;47;M;F;4049;NEP
057540040040-2781;057540040040;100mN32142E42118;MC;NA;3;9;S;F;0614;NEP
057540040040-2782;057540040040;100mN32142E42118;MC;NA;3;47;M;M;4049;EMP
057540040040-2782;057540040040;100mN32142E42118;MC;NA;3;47;M;F;4049;EMP
057540040040-2782;057540040040;100mN32142E42118;MC;NA;3;13;S;F;0614;NEP
057540040040-2783;057540040040;100mN32142E42118;MC;NA;2;27;M;M;2529;EMP
057540040040-2783;057540040040;100mN32142E42118;MC;NA;2;27;M;F;2529;EMP
057540040040-2784;057540040040;100mN32125E42113;MC;NA;2;33;M;F;3039;EMP
057540040040-2784;057540040040;100mN32125E42113;MC;NA;2;41;M;M;4049;EMP
057540040040-2785;057540040040;100mN32142E42118;PO;NA;2;57;S;M;5064;NEP
057540040040-2785;057540040040;100mN32142E42118;PO;NA;2;55;S;F;5064;NEP
057540040040-2786;057540040040;100mN32142E42118;S;NA;1;43;M;F;4049;NEP
057540040040-2787;057540040040;100mN32132E42132;S;NA;1;58;W;M;5064;NEP
057540040040-2788;057540040040;100mN32142E42118;S;NA;1;40;M;M;4049;NEP
057540040040-2789;057540040040;100mN32136E42130;MC;OS;2;69;M;F;6574;UEP
057540040040-2789;057540040040;100mN32136E42130;MC;OS;2;76;M;M;75XX;EMP
057540040040-2790;057540040040;100mN32116E42124;PO;NA;2;47;S;M;4049;EMP
057540040040-2790;057540040040;100mN32116E42124;PO;NA;2;41;S;F;4049;EMP
057540040040-2791;057540040040;100mN32097E42057;SF;NA;3;58;W;F;5064;EMP
057540040040-2791;057540040040;100mN32097E42057;SF;NA;3;15;S;M;1517;EMP
057540040040-2791;057540040040;100mN32097E42057;SF;NA;3;26;M;F;2529;EMP
057540040040-2792;057540040040;100mN32097E42057;S;OS;1;59;D;F;5064;NEP
057540040040-2793;057540040040;100mN32117E42130;S;NA;1;51;M;F;5064;NEP
057540040040-2794;057540040040;100mN32125E42143;MC;NA;3;56;M;F;5064;EMP
057540040040-2794;057540040040;100mN32125E42143;MC;NA;3;61;M;M;5064;NEP
057540040040-2794;057540040040;100mN32125E42143;MC;NA;3;21;D;M;1824;NEP
057540040040-2795;057540040040;100mN32097E42057;S;OS;1;20;M;F;1824;EMP
057540040040-2796;057540040040;100mN32098E42132;PO;NA;2;40;S;M;4049;EMP
057540040040-2796;057540040040;100mN32098E42132;PO;NA;2;32;S;M;3039;EMP
057540040040-2797;057540040040;100mN32131E42134;MC;NA;2;55;M;F;5064;EMP
057540040040-2797;057540040040;100mN32131E42134;MC;NA;2;55;S;M;5064;EMP
057540040040-2798;057540040040;100mN32117E42123;SF;NA;3;57;S;F;5064;NEP
057540040040-2798;057540040040;100mN32117E42123;SF;NA;3;3;S;M;0305;NEP
057540040040-2798;057540040040;100mN32117E42123;SF;NA;3;7;S;F;0614;NEP
057540040040-2799;057540040040;100mN32121E42116;MC;NA;4;31;M;F;3039;EMP
057540040040-2799;057540040040;100mN32121E42116;MC;NA;4;40;M;M;4049;NEP
057540040040-2799;057540040040;100mN32121E42116;MC;NA;4;11;S;M;0614;NEP
057540040040-2799;057540040040;100mN32121E42116;MC;NA;4;0;S;F;0003;NEP
057540040040-2800;057540040040;100mN32101E42072;S;OS;1;25;W;F;2529;EMP
057540040040-2801;057540040040;100mN32126E42141;SM;NA;3;30;D;M;3039;NEP
057540040040-2801;057540040040;100mN32126E42141;SM;NA;3;2;S;M;0003;NEP
057540040040-2801;057540040040;100mN32126E42141;SM;NA;3;12;S;M;0614;NEP
057540040040-2802;057540040040;100mN32117E42123;MC;NA;2;60;M;M;5064;EMP
057540040040-2802;057540040040;100mN32117E42123;MC;NA;2;60;M;F;5064;NEP
057540040040-2803;057540040040;100mN32121E42116;MC;NA;2;63;M;F;5064;EMP
057540040040-2803;057540040040;100mN32121E42116;MC;NA;2;41;D;F;4049;NEP
057540040040-2804;057540040040;100mN32118E42115;SF;MIX;2;66;S;F;6574;EMP
057540040040-2804;057540040040;100mN32118E42115;SF;MIX;2;46;M;M;4049;EMP
057540040040-2805;057540040040;100mN32120E42121;S;NA;1;60;W;F;5064;NEP
057540040040-2806;057540040040;100mN32132E42126;MC;NA;2;58;M;M;5064;NEP
057540040040-2806;057540040040;100mN32132E42126;MC;NA;2;52;M;F;5064;NEP
057540040040-2807;057540040040;100mN32132E42126;S;NA;1;52;S;F;5064;EMP
057540040040-2808;057540040040;100mN32132E42126;S;NA;1;69;M;F;6574;NEP
057540040040-2809;057540040040;100mN32105E42083;MC;NA;4;34;M;M;3039;EMP
057540040040-2809;057540040040;100mN32105E42083;MC;NA;4;31;M;F;3039;EMP
057540040040-2809;057540040040;100mN32105E42083;MC;NA;4;19;M;F;1824;EMP
057540040040-2809;057540040040;100mN32105E42083;MC;NA;4;18;S;M;1824;EMP
057540040040-2810;057540040040;100mN32126E42137;PO;NA;2;50;S;M;5064;EMP
057540040040-2810;057540040040;100mN32126E42137;PO;NA;2;47;S;M;4049;EMP
057540040040-2811;057540040040;100mN32113E42120;MC;NA;4;44;M;M;4049;EMP
057540040040-2811;057540040040;100mN32113E42120;MC;NA;4;18;M;F;1824;NEP
057540040040-2811;057540040040;100mN32113E42120;MC;NA;4;27;S;M;2529;NEP
057540040040-2811;057540040040;100mN32113E42120;MC;NA;4;10;S;F;0614;NEP
057540040040-2812;057540040040;100mN32114E42128;MC;NA;4;51;M;F;5064;EMP
057540040040-2812;057540040040;100mN32114E42128;MC;NA;4;53;M;M;5064;NEP
057540040040-2812;057540040040;100mN32114E42128;MC;NA;4;11;S;M;0614;NEP
057540040040-2812;057540040040;100mN32114E42128;MC;NA;4;16;S;M;1517;EMP
057540040040-2813;057540040040;100mN32107E42073;SF;NA;2;27;W;F;2529;EMP
057540040040-2813;057540040040;100mN32107E42073;SF;NA;2;1;S;F;0003;NEP
057540040040-2814;057540040040;100mN32118E42120;MC;NA;2;46;M;M;4049;NEP
057540040040-2814;057540040040;100mN32118E42120;MC;NA;2;44;M;F;4049;EMP
057540040040-2815;057540040040;100mN32117E42133;MC;NA;3;55;M;M;5064;EMP
057540040040-2815;057540040040;100mN32117E42133;MC;NA;3;55;M;F;5064;NEP
057540040040-2815;057540040040;100mN32117E42133;MC;NA;3;3;S;M;0305;NEP
057540040040-2816;057540040040;100mN32114E42119;S;NA;1;43;W;M;4049;EMP
057540040040-2817;057540040040;100mN32114E42119;MC;NA;5;61;M;F;5064;EMP
057540040040-2817;057540040040;100mN32114E42119;MC;NA;5;62;M;M;5064;NEP
057540040040-2817;057540040040;100mN32114E42119;MC;NA;5;46;M;M;4049;EMP
057540040040-2817;057540040040;100mN32114E42119;MC;NA;5;25;M;F;2529;NEP
057540040040-2817;057540040040;100mN32114E42119;MC;NA;5;44;D;F;4049;NEP
057540040040-2818;057540040040;100mN32114E42119;S;NA;1;46;M;F;4049;EMP
057540040040-2819;057540040040;100mN32114E42119;MC;NA;4;28;M;M;2529;EMP
057540040040-2819;057540040040;100mN32114E42119;MC;NA;4;25;M;F;2529;EMP
057540040040-2819;057540040040;100mN32114E42119;MC;NA;4;4;S;M;0305;NEP
057540040040-2819;057540040040;100mN32114E42119;MC;NA;4;8;S;M;0614;NEP
057540040040-2820;057540040040;100mN32128E42143;MC;NA;3;45;M;M;4049;EMP
057540040040-2820;057540040040;100mN32128E42143;MC;NA;3;38;M;F;3039;EMP
057540040040-2820;057540040040;100mN32128E42143;MC;NA;3;21;D;M;1824;EMP
057540040040-2821;057540040040;100mN32139E42118;SM;NA;3;40;S;M;4049;EMP
057540040040-2821;057540040040;100mN32139E42118;SM;NA;3;19;W;F;1824;NEP
057540040040-2821;057540040040;100mN32139E42118;SM;NA;3;0;S;M;0003;NEP
057540040040-2822;057540040040;100mN32114E42119;MC;NA;3;37;M;F;3039;EMP
057540040040-2822;057540040040;100mN32114E42119;MC;NA;3;38;M;M;3039;EMP
057540040040-2822;057540040040;100mN32114E42119;MC;NA;3;11;S;F;0614;NEP
057540040040-2823;057540040040;100mN32114E42119;MC;NA;2;43;M;M;4049;EMP
057540040040-2823;057540040040;100mN32114E42119;MC;NA;2;41;M;F;4049;EMP
057540040040-2824;057540040040;100mN32114E42119;MC;MIX;2;68;M;M;6574;EMP
057540040040-2824;057540040040;100mN32114E42119;MC;MIX;2;68;M;M;6574;EMP
057540040040-2825;057540040040;100mN32130E42138;MC;OS;2;70;M;M;6574;EMP
057540040040-2825;057540040040;100mN32130E42138;MC;OS;2;66;M;F;6574;UEP
057540040040-2826;057540040040;100mN32133E42135;MC;NA;6;40;M;F;4049;EMP
057540040040-2826;057540040040;100mN32133E42135;MC;NA;6;43;M;M;4049;NEP
057540040040-2826;057540040040;100mN32133E42135;MC;NA;6;16;S;F;1517;NEP
057540040040-2826;057540040040;100mN32133E42135;MC;NA;6;12;S;F;0614;NEP
057540040040-2826;057540040040;100mN32133E42135;MC;NA;6;4;S;F;0305;NEP
057540040040-2826;057540040040;100mN32133E42135;MC;NA;6;8;S;F;0614;NEP
057540040040-2827;057540040040;100mN32130E42137;MC;NA;3;33;M;M;3039;EMP
057540040040-2827;057540040040;100mN32130E42137;MC;NA;3;30;M;F;3039;EMP
057540040040-2827;057540040040;100mN32130E42137;MC;NA;3;18;W;F;1824;NEP
057540040040-2828;057540040040;100mN32114E42119;S;OS;1;41;M;F;4049;NEP
057540040040-2829;057540040040;100mN32091E42097;S;OS;1;61;S;M;5064;NEP
057540040040-2830;057540040040;100mN32114E42119;MC;NA;3;22;M;M;1824;EMP
057540040040-2830;057540040040;100mN32114E42119;MC;NA;3;22;M;F;1824;EMP
057540040040-2830;057540040040;100mN32114E42119;MC;NA;3;3;S;F;0305;NEP
057540040040-2831;057540040040;100mN32131E42133;S;OS;1;38;M;M;3039;EMP
057540040040-2832;057540040040;100mN32102E42071;MC;NA;4;30;M;F;3039;EMP
057540040040-2832;057540040040;100mN32102E42071;MC;NA;4;27;M;M;2529;EMP
057540040040-2832;057540040040;100mN32102E42071;MC;NA;4;15;S;F;1517;NEP
057540040040-2832;057540040040;100mN32102E42071;MC;NA;4;15;S;M;1517;EMP
057540040040-2833;057540040040;100mN32121E42127;PO;NA;2;53;S;M;5064;NEP
057540040040-2833;057540040040;100mN32121E42127;PO;NA;2;51;S;F;5064;NEP
057540040040-2834;057540040040;100mN32115E42114;MC;NA;2;41;M;M;4049;NEP
057540040040-2834;057540040040;100mN32115E42114;MC;NA;2;34;M;F;3039;EMP
057540040040-2835;057540040040;100mN32131E42133;MC;NA;2;27;M;M;2529;NEP
057540040040-2835;057540040040;100mN32131E42133;MC;NA;2;27;M;F;2529;NEP
057540040040-2836;057540040040;100mN32114E42119;S;OS;1;30;S;M;3039;EMP
057540040040-2837;057540040040;100mN32141E42118;S;OS;1;67;S;M;6574;EMP
057540040040-2838;057540040040;100mN32118E42115;MC;NA;2;54;M;M;5064;EMP
057540040040-2838;057540040040;100mN32118E42115;MC;NA;2;47;M;F;4049;NEP
057540040040-2839;057540040040;100mN32114E42121;S;NA;1;88;S;M;75XX;EMP
057540040040-2840;057540040040;100mN32112E42121;PO;NA;4;31;S;M;3039;NEP
057540040040-2840;057540040040;100mN32112E42121;PO;NA;4;28;S;M;2529;EMP
057540040040-2840;057540040040;100mN32112E42121;PO;NA;4;4;S;M;0305;NEP
057540040040-2840;057540040040;100mN32112E42121;PO;NA;4;1;S;M;0003;NEP
057540040040-2841;057540040040;100mN32120E42131;MC;NA;4;42;M;M;4049;EMP
057540040040-2841;057540040040;100mN32120E42131;MC;NA;4;33;M;F;3039;EMP
057540040040-2841;057540040040;100mN32120E42131;MC;NA;4;2;S;F;0003;NEP
057540040040-2841;057540040040;100mN32120E42131;MC;NA;4;16;S;F;1517;NEP
057540040040-2842;057540040040;100mN32118E42115;MC;NA;4;33;M;F;3039;EMP
057540040040-2842;057540040040;100mN32118E42115;MC;NA;4;46;M;M;4049;EMP
057540040040-2842;057540040040;100mN32118E42115;MC;NA;4;7;S;M;0614;NEP
057540040040-2842;057540040040;100mN32118E42115;MC;NA;4;4;S;M;0305;NEP
057540040040-2843;057540040040;100mN32118E42115;MC;NA;2;47;M;F;4049;EMP
057540040040-2843;057540040040;100mN32118E42115;MC;NA;2;48;M;M;4049;EMP
057540040040-2844;057540040040;100mN32118E42115;MC;OS;2;73;M;M;6574;EMP
057540040040-2844;057540040040;100mN32118E42115;MC;OS;2;65;M;F;6574;EMP
057540040040-2845;057540040040;100mN32131E42135;SM;NA;3;71;D;M;6574;EMP
057540040040-2845;057540040040;100mN32131E42135;SM;NA;3;20;D;F;1824;EMP
057540040040-2845;057540040040;100mN32131E42135;SM;NA;3;6;S;M;0614;NEP
057540040040-2846;057540040040;100mN32118E42115;MC;NA;2;62;M;M;5064;NEP
057540040040-2846;057540040040;100mN32118E42115;MC;NA;2;56;M;F;5064;NEP
057540040040-2847;057540040040;100mN32118E42115;MC;OS;4;83;M;F;75XX;NEP
057540040040-2847;057540040040;100mN32118E42115;MC;OS;4;83;M;M;75XX;NEP
057540040040-2847;057540040040;100mN32118E42115;MC;OS;4;69;M;M;6574;NEP
057540040040-2847;057540040040;100mN32118E42115;MC;OS;4;76;S;F;75XX;EMP
057540040040-2848;057540040040;100mN32085E42127;MC;NA;2;43;M;F;4049;EMP
057540040040-2848;057540040040;100mN32085E42127;MC;NA;2;57;M;M;5064;NEP
057540040040-2849;057540040040;100mN32102E42132;S;OS;1;20;S;M;1824;EMP
057540040040-2850;057540040040;100mN32118E42115;MC;OS;2;72;M;F;6574;NEP
057540040040-2850;057540040040;100mN32118E42115;MC;OS;2;73;M;M;6574;EMP
057540040040-2851;057540040040;100mN32094E42116;PO;OS;2;65;S;M;6574;EMP
057540040040-2851;057540040040;100mN32094E42116;PO;OS;2;73;S;M;6574;EMP
057540040040-2852;057540040040;100mN32121E42118;MC;OS;4;77;M;F;75XX;EMP
057540040040-2852;057540040040;100mN32121E42118;MC;OS;4;78;M;M;75XX;EMP
057540040040-2852;057540040040;100mN32121E42118;MC;OS;4;65;S;M;6574;EMP
057540040040-2852;057540040040;100mN32121E42118;MC;OS;4;85;W;M;75XX;NEP
057540040040-2853;057540040040;100mN32118E42115;MC;NA;2;50;M;M;5064;EMP
057540040040-2853;057540040040;100mN32118E42115;MC;NA;2;50;M;F;5064;EMP
057540040040-2854;057540040040;100mN32112E42124;MC;NA;2;57;M;M;5064;EMP
057540040040-2854;057540040040;100mN32112E42124;MC;NA;2;51;M;F;5064;EMP
057540040040-2855;057540040040;100mN32118E42115;PO;NA;2;22;S;M;1824;EMP
057540040040-2855;057540040040;100mN32118E42115;PO;NA;2;25;S;F;2529;NEP
057540040040-2856;057540040040;100mN32118E42115;PO;NA;5;59;S;M;5064;EMP
057540040040-2856;057540040040;100mN32118E42115;PO;NA;5;57;S;F;5064;EMP
057540040040-2856;057540040040;100mN32118E42115;PO;NA;5;30;M;M;3039;EMP
057540040040-2856;057540040040;100mN32118E42115;PO;NA;5;16;S;M;1517;NEP
057540040040-2856;057540040040;100mN32118E42115;PO;NA;5;0;S;M;0003;NEP
057540040040-2857;057540040040;100mN32118E42115;S;OS;1;41;M;F;4049;EMP
057540040040-2858;057540040040;100mN32124E42115;S;OS;1;59;M;M;5064;NEP
057540040040-2859;057540040040;100mN32136E42126;SF;NA;2;80;S;F;75XX;NEP
057540040040-2859;057540040040;100mN32136E42126;SF;NA;2;37;S;F;3039;EMP
057540040040-2860;057540040040;100mN32104E42135;MC;NA;4;59;M;M;5064;EMP
057540040040-2860;057540040040;100mN32104E42135;MC;NA;4;56;M;F;5064;EMP
057540040040-2860;057540040040;100mN32104E42135;MC;NA;4;7;S;F;0614;NEP
057540040040-2860;057540040040;100mN32104E42135;MC;NA;4;6;S;F;0614;NEP
057540040040-2861;057540040040;100mN32118E42115;SF;MIX;2;66;S;F;6574;EMP
057540040040-2861;057540040040;100mN32118E42115;SF;MIX;2;46;M;M;4049;EMP
057540040040-2862;057540040040;100mN32134E42121;MC;NA;3;43;M;M;4049;EMP
057540040040-2862;057540040040;100mN32134E42121;MC;NA;3;42;M;F;4049;EMP
057540040040-2862;057540040040;100mN32134E42121;MC;NA;3;1;S;F;0003;NEP
057540040040-2863;057540040040;100mN32118E42115;MC;NA;6;63;M;F;5064;NEP
057540040040-2863;057540040040;100mN32118E42115;MC;NA;6;34;M;M;3039;EMP
057540040040-2863;057540040040;100mN32118E42115;MC;NA;6;27;M;F;2529;NEP
057540040040-2863;057540040040;100mN32118E42115;MC;NA;6;16;S;F;1517;NEP
057540040040-2863;057540040040;100mN32118E42115;MC;NA;6;11;S;F;0614;NEP
057540040040-2863;057540040040;100mN32118E42115;MC;NA;6;11;S;F;0614;NEP
057540040040-2864;057540040040;100mN32118E42115;MC;NA;2;38;M;F;3039;EMP
057540040040-2864;057540040040;100mN32118E42115;MC;NA;2;38;M;M;3039;EMP
057540040040-2865;057540040040;100mN32111E42123;MC;NA;2;33;M;F;3039;EMP
057540040040-2865;057540040040;100mN32111E42123;MC;NA;2;36;M;M;3039;NEP
057540040040-2866;057540040040;100mN32117E42122;S;OS;1;53;S;F;5064;EMP
057540040040-2867;057540040040;100mN32118E42116;PO;OS;2;89;S;M;75XX;EMP
057540040040-2867;057540040040;100mN32118E42116;PO;OS;2;85;S;M;75XX;EMP
057540040040-2868;057540040040;100mN32118E42116;MC;NA;2;34;M;F;3039;EMP
057540040040-2868;057540040040;100mN32118E42116;MC;NA;2;55;M;M;5064;NEP
057540040040-2869;057540040040;100mN32103E42073;S;OS;1;43;W;F;4049;EMP
057540040040-2870;057540040040;100mN32118E42116;MC;NA;5;30;M;M;3039;NEP
057540040040-2870;057540040040;100mN32118E42116;MC;NA;5;25;M;F;2529;NEP
057540040040-2870;057540040040;100mN32118E42116;MC;NA;5;2;S;M;0003;NEP
057540040040-2870;057540040040;100mN32118E42116;MC;NA;5;12;S;M;0614;NEP
057540040040-2870;057540040040;100mN32118E42116;MC;NA;5;11;S;F;0614;NEP
057540040040-2871;057540040040;100mN32115E42127;MC;NA;2;42;M;M;4049;EMP
057540040040-2871;057540040040;100mN32115E42127;MC;NA;2;42;M;F;4049;UEP
057540040040-2872;057540040040;100mN32131E42131;SF;NA;4;65;W;F;6574;EMP
057540040040-2872;057540040040;100mN32131E42131;SF;NA;4;48;S;F;4049;EMP
057540040040-2872;057540040040;100mN32131E42131;SF;NA;4;50;S;F;5064;EMP
057540040040-2872;057540040040;100mN32131E42131;SF;NA;4;6;S;F;0614;NEP
057540040040-2873;057540040040;100mN32128E42143;MC;NA;4;42;M;F;4049;NEP
057540040040-2873;057540040040;100mN32128E42143;MC;NA;4;47;M;M;4049;EMP
057540040040-2873;057540040040;100mN32128E42143;MC;NA;4;3;S;M;0305;NEP
057540040040-2873;057540040040;100mN32128E42143;MC;NA;4;19;S;F;1824;NEP
057540040040-2874;057540040040;100mN32127E42142;S;NA;1;52;S;M;5064;EMP
057540040040-2875;057540040040;100mN32105E42072;SF;NA;2;27;S;F;2529;EMP
057540040040-2875;057540040040;100mN32105E42072;SF;NA;2;6;S;F;0614;NEP
057540040040-2876;057540040040;100mN32118E42116;MC;NA;3;54;M;F;5064;EMP
057540040040-2876;057540040040;100mN32118E42116;MC;NA;3;47;M;M;4049;NEP
057540040040-2876;057540040040;100mN32118E42116;MC;NA;3;4;S;F;0305;NEP
057540040040-2877;057540040040;100mN32117E42126;PO;NA;2;62;S;F;5064;NEP
057540040040-2877;057540040040;100mN32117E42126;PO;NA;2;63;S;F;5064;NEP
057540040040-2878;057540040040;100mN32101E42070;S;OS;1;44;S;M;4049;EMP
057540040040-2879;057540040040;100mN32132E42134;MC;OS;3;86;M;M;75XX;EMP
057540040040-2879;057540040040;100mN32132E42134;MC;OS;3;83;M;F;75XX;NEP
057540040040-2879;057540040040;100mN32132E42134;MC;OS;3;68;D;F;6574;EMP
057540040040-2880;057540040040;100mN32118E42116;S;NA;1;41;S;M;4049;EMP
057540040040-2881;057540040040;100mN32132E42132;MC;MIX;3;89;M;F;75XX;EMP
057540040040-2881;057540040040;100mN32132E42132;MC;MIX;3;60;M;M;5064;EMP
057540040040-2881;057540040040;100mN32132E42132;MC;MIX;3;62;M;F;5064;EMP
057540040040-2882;057540040040;100mN32118E42116;SF;NA;3;50;S;F;5064;NEP
057540040040-2882;057540040040;100mN32118E42116;SF;NA;3;3;S;F;0305;NEP
057540040040-2882;057540040040;100mN32118E42116;SF;NA;3;9;S;M;0614;NEP
057540040040-2883;057540040040;100mN32126E42138;MC;NA;2;53;M;M;5064;NEP
057540040040-2883;057540040040;100mN32126E42138;MC;NA;2;52;M;F;5064;EMP
057540040040-2884;057540040040;100mN32118E42116;S;OS;1;42;S;M;4049;NEP
057540040040-2885;057540040040;100mN32118E42116;MC;OS;2;71;M;F;6574;NEP
057540040040-2885;057540040040;100mN32118E42116;MC;OS;2;66;M;M;6574;EMP
057540040040-2886;057540040040;100mN32118E42116;S;OS;1;60;S;F;5064;NEP
057540040040-2887;057540040040;100mN32102E42073;NA;OS;3;33;W;M;3039;EMP
057540040040-2887;057540040040;100mN32102E42073;NA;OS;3;20;S;F;1824;EMP
057540040040-2887;057540040040;100mN32102E42073;NA;OS;3;26;M;F;2529;NEP
057540040040-2888;057540040040;100mN32113E42122;MC;NA;6;47;M;F;4049;NEP
057540040040-2888;057540040040;100mN32113E42122;MC;NA;6;47;M;M;4049;EMP
057540040040-2888;057540040040;100mN32113E42122;MC;NA;6;13;S;M;0614;NEP
057540040040-2888;057540040040;100mN32113E42122;MC;NA;6;15;S;M;1517;NEP
057540040040-2888;057540040040;100mN32113E42122;MC;NA;6;4;S;M;0305;NEP
057540040040-2888;057540040040;100mN32113E42122;MC;NA;6;4;S;M;0305;NEP
057540040040-2889;057540040040;100mN32115E42128;NA;OS;4;33;S;F;3039;UEP
057540040040-2889;057540040040;100mN32115E42128;NA;OS;4;38;D;F;3039;NEP
057540040040-2889;057540040040;100mN32115E42128;NA;OS;4;66;S;F;6574;NEP
057540040040-2889;057540040040;100mN32115E42128;NA;OS;4;20;M;M;1824;NEP
057540040040-2890;057540040040;100mN32136E42127;S;NA;1;36;M;F;3039;UEP
057540040040-2891;057540040040;100mN32118E42116;S;OS;1;80;M;M;75XX;EMP
057540040040-2892;057540040040;100mN32114E42121;S;NA;1;88;S;M;75XX;EMP
057540040040-2893;057540040040;100mN32118E42116;S;OS;1;71;D;M;6574;NEP
057540040040-2894;057540040040;100mN32124E42114;SF;NA;2;35;W;F;3039;NEP
057540040040-2894;057540040040;100mN32124E42114;SF;NA;2;20;D;F;1824;EMP
057540040040-2895;057540040040;100mN32088E42110;MC;OS;4;70;M;M;6574;EMP
057540040040-2895;057540040040;100mN32088E42110;MC;OS;4;69;M;F;6574;EMP
057540040040-2895;057540040040;100mN32088E42110;MC;OS;4;68;M;M;6574;EMP
057540040040-2895;057540040040;100mN32088E42110;MC;OS;4;89;D;F;75XX;EMP
057540040040-2896;057540040040;100mN32088E42110;MC;NA;2;55;M;F;5064;NEP
057540040040-2896;057540040040;100mN32088E42110;MC;NA;2;55;M;M;5064;NEP
057540040040-2897;057540040040;100mN32091E42053;MC;NA;4;58;M;F;5064;EMP
057540040040-2897;057540040040;100mN32091E42053;MC;NA;4;63;M;M;5064;NEP
057540040040-2897;057540040040;100mN32091E42053;MC;NA;4;12;S;F;0614;NEP
057540040040-2897;057540040040;100mN32091E42053;MC;NA;4;25;W;F;2529;EMP
057540040040-2898;057540040040;100mN32116E42117;PO;NA;3;40;S;M;4049;NEP
057540040040-2898;057540040040;100mN32116E42117;PO;NA;3;37;S;M;3039;EMP
057540040040-2898;057540040040;100mN32116E42117;PO;NA;3;11;S;F;0614;NEP
057540040040-2899;057540040040;100mN32134E42129;SF;NA;3;38;W;F;3039;EMP
057540040040-2899;057540040040;100mN32134E42129;SF;NA;3;22;S;M;1824;EMP
057540040040-2899;057540040040;100mN32134E42129;SF;NA;3;7;S;M;0614;NEP
057540040040-2900;057540040040;100mN32103E42076;MC;NA;6;45;M;F;4049;NEP
057540040040-2900;057540040040;100mN32103E42076;MC;NA;6;46;M;M;4049;EMP
057540040040-2900;057540040040;100mN32103E42076;MC;NA;6;18;M;M;1824;NEP
057540040040-2900;057540040040;100mN32103E42076;MC;NA;6;10;S;F;0614;NEP
057540040040-2900;057540040040;100mN32103E42076;MC;NA;6;15;S;M;1517;NEP
057540040040-2900;057540040040;100mN32103E42076;MC;NA;6;15;S;M;1517;EMP
057540040040-2901;057540040040;100mN32125E42114;S;NA;1;67;M;M;6574;EMP
057540040040-2902;057540040040;100mN32118E42112;PO;NA;4;21;S;F;1824;EMP
057540040040-2902;057540040040;100mN32118E42112;PO;NA;4;18;S;F;1824;EMP
057540040040-2902;057540040040;100mN32118E42112;PO;NA;4;2;S;M;0003;NEP
057540040040-2902;057540040040;100mN32118E42112;PO;NA;4;6;S;M;0614;NEP
057540040040-2903;057540040040;100mN32123E42112;MC;NA;2;54;M;M;5064;NEP
057540040040-2903;057540040040;100mN32123E42112;MC;NA;2;58;M;F;5064;EMP
057540040040-2904;057540040040;100mN32124E42117;MC;NA;4;37;M;F;3039;EMP
057540040040-2904;057540040040;100mN32124E42117;MC;NA;4;36;M;M;3039;EMP
057540040040-2904;057540040040;100mN32124E42117;MC;NA;4;20;M;M;1824;EMP
057540040040-2904;057540040040;100mN32124E42117;MC;NA;4;9;S;F;0614;NEP
057540040040-2905;057540040040;100mN32124E42139;PO;NA;6;31;S;F;3039;NEP
057540040040-2905;057540040040;100mN32124E42139;PO;NA;6;34;S;M;3039;EMP
057540040040-2905;057540040040;100mN32124E42139;PO;NA;6;11;S;M;0614;NEP
057540040040-2905;057540040040;100mN32124E42139;PO;NA;6;16;S;F;1517;EMP
057540040040-2905;057540040040;100mN32124E42139;PO;NA;6;3;S;M;0305;NEP
057540040040-2905;057540040040;100mN32124E42139;PO;NA;6;3;S;F;0305;NEP
057540040040-2906;057540040040;100mN32125E42115;MC;NA;4;42;M;M;4049;NEP
057540040040-2906;057540040040;100mN32125E42115;MC;NA;4;33;M;F;3039;EMP
057540040040-2906;057540040040;100mN32125E42115;MC;NA;4;22;D;F;1824;UEP
057540040040-2906;057540040040;100mN32125E42115;MC;NA;4;13;S;F;0614;NEP
057540040040-2907;057540040040;100mN32113E42124;S;NA;1;59;W;M;5064;NEP
057540040040-2908;057540040040;100mN32147E42129;PO;NA;3;42;S;M;4049;NEP
057540040040-2908;057540040040;100mN32147E42129;PO;NA;3;55;S;M;5064;EMP
057540040040-2908;057540040040;100mN32147E42129;PO;NA;3;26;S;M;2529;EMP
057540040040-2909;057540040040;100mN32140E42117;MC;OS;2;73;M;F;6574;NEP
057540040040-2909;057540040040;100mN32140E42117;MC;OS;2;76;M;M;75XX;NEP
057540040040-2910;057540040040;100mN32114E42124;MC;NA;2;46;M;F;4049;EMP
057540040040-2910;057540040040;100mN32114E42124;MC;NA;2;54;M;M;5064;NEP
057540040040-2911;057540040040;100mN32108E42145;S;OS;1;53;D;M;5064;EMP
057540040040-2912;057540040040;100mN32123E42120;SF;NA;2;47;W;F;4049;NEP
057540040040-2912;057540040040;100mN32123E42120;SF;NA;2;18;D;M;1824;EMP
057540040040-2913;057540040040;100mN32123E42141;S;OS;1;47;S;F;4049;EMP
057540040040-2914;057540040040;100mN32093E42131;S;OS;1;83;M;M;75XX;EMP
057540040040-2915;057540040040;100mN32114E42125;MC;NA;2;48;M;M;4049;EMP
057540040040-2915;057540040040;100mN32114E42125;MC;NA;2;46;M;F;4049;NEP
057540040040-2916;057540040040;100mN32113E42124;S;NA;1;59;W;M;5064;NEP
057540040040-2917;057540040040;100mN32108E42145;MC;NA;4;58;M;F;5064;EMP
057540040040-2917;057540040040;100mN32108E42145;MC;NA;4;61;M;M;5064;NEP
057540040040-2917;057540040040;100mN32108E42145;MC;NA;4;3;S;M;0305;NEP
057540040040-2917;057540040040;100mN32108E42145;MC;NA;4;11;S;F;0614;NEP
057540040040-2918;057540040040;100mN32132E42133;SF;NA;5;28;W;F;2529;NEP
057540040040-2918;057540040040;100mN32132E42133;SF;NA;5;10;S;F;0614;NEP
057540040040-2918;057540040040;100mN32132E42133;SF;NA;5;6;S;F;0614;NEP
057540040040-2918;057540040040;100mN32132E42133;SF;NA;5;13;S;M;0614;NEP
057540040040-2918;057540040040;100mN32132E42133;SF;NA;5;12;S;M;0614;NEP
057540040040-2919;057540040040;100mN32108E42145;MC;OS;3;89;M;F;75XX;UEP
057540040040-2919;057540040040;100mN32108E42145;MC;OS;3;89;M;M;75XX;EMP
057540040040-2919;057540040040;100mN32108E42145;MC;OS;3;67;M;M;6574;EMP
057540040040-2920;057540040040;100mN32108E42145;PO;OS;2;86;S;M;75XX;EMP
057540040040-2920;057540040040;100mN32108E42145;PO;OS;2;77;S;F;75XX;NEP
057540040040-2921;057540040040;100mN32140E42122;S;NA;1;58;W;F;5064;EMP
057540040040-2922;057540040040;100mN32108E42145;MC;OS;2;76;M;M;75XX;EMP
057540040040-2922;057540040040;100mN32108E42145;MC;OS;2;75;M;F;75XX;EMP
057540040040-2923;057540040040;100mN32118E42125;S;NA;1;55;W;F;5064;NEP
057540040040-2924;057540040040;100mN32108E42145;S;NA;1;69;W;F;6574;NEP
057540040040-2925;057540040040;100mN32108E42145;SF;NA;2;45;S;F;4049;NEP
057540040040-2925;057540040040;100mN32108E42145;SF;NA;2;12;S;M;0614;NEP
057540040040-2926;057540040040;100mN32108E42145;MC;OS;2;88;M;F;75XX;EMP
057540040040-2926;057540040040;100mN32108E42145;MC;OS;2;88;M;M;75XX;EMP
057540040040-2927;057540040040;100mN32131E42134;SF;NA;4;45;W;F;4049;NEP
057540040040-2927;057540040040;100mN32131E42134;SF;NA;4;9;S;F;0614;NEP
057540040040-2927;057540040040;100mN32131E42134;SF;NA;4;3;S;M;0305;NEP
057540040040-2927;057540040040;100mN32131E42134;SF;NA;4;16;S;M;1517;NEP
057540040040-2928;057540040040;100mN32113E42127;S;NA;1;22;M;M;1824;EMP
057540040040-2929;057540040040;100mN32094E42118;MC;NA;2;37;M;F;3039;NEP
057540040040-2929;057540040040;100mN32094E42118;MC;NA;2;40;M;M;4049;NEP
057540040040-2930;057540040040;100mN32135E42126;S;NA;1;46;M;M;4049;EMP
057540040040-2931;057540040040;100mN32105E42073;SF;NA;5;16;S;F;1517;NEP
057540040040-2931;057540040040;100mN32105E42073;SF;NA;5;0;S;M;0003;NEP
057540040040-2931;057540040040;100mN32105E42073;SF;NA;5;1;S;F;0003;NEP
057540040040-2931;057540040040;100mN32105E42073;SF;NA;5;1;S;F;0003;NEP
057540040040-2931;057540040040;100mN32105E42073;SF;NA;5;0;S;F;0003;NEP
057540040040-2932;057540040040;100mN32105E42073;MC;NA;3;22;M;F;1824;EMP
057540040040-2932;057540040040;100mN32105E42073;MC;NA;3;25;M;M;2529;EMP
057540040040-2932;057540040040;100mN32105E42073;MC;NA;3;3;S;F;0305;NEP
057540040040-2933;057540040040;100mN32105E42073;S;OS;1;22;M;F;1824;EMP
057540040040-2934;057540040040;100mN32105E42073;MC;NA;3;46;M;F;4049;NEP
057540040040-2934;057540040040;100mN32105E42073;MC;NA;3;48;M;M;4049;NEP
057540040040-2934;057540040040;100mN32105E42073;MC;NA;3;4;S;F;0305;NEP
057540040040-2935;057540040040;100mN32113E42125;MC;OS;2;89;M;F;75XX;EMP
057540040040-2935;057540040040;100mN32113E42125;MC;OS;2;51;W;F;5064;EMP
057540040040-2936;057540040040;100mN32124E42116;S;NA;1;73;S;M;6574;EMP
057540040040-2937;057540040040;100mN32105E42073;MC;OS;5;89;M;F;75XX;EMP
057540040040-2937;057540040040;100mN32105E42073;MC;OS;5;63;D;F;5064;EMP
057540040040-2937;057540040040;100mN32105E42073;MC;OS;5;78;S;F;75XX;NEP
057540040040-2937;057540040040;100mN32105E42073;MC;OS;5;66;M;M;6574;EMP
057540040040-2937;057540040040;100mN32105E42073;MC;OS;5;71;M;M;6574;NEP
057540040040-2938;057540040040;100mN32105E42073;MC;MIX;2;77;M;M;75XX;EMP
057540040040-2938;057540040040;100mN32105E42073;MC;MIX;2;55;M;M;5064;EMP
057540040040-2939;057540040040;100mN32105E42073;SF;NA;3;73;W;F;6574;EMP
057540040040-2939;057540040040;100mN32105E42073;SF;NA;3;16;S;F;1517;NEP
057540040040-2939;057540040040;100mN32105E42073;SF;NA;3;40;M;M;4049;EMP
057540040040-2940;057540040040;100mN32127E42138;MC;NA;2;56;M;M;5064;EMP
057540040040-2940;057540040040;100mN32127E42138;MC;NA;2;56;M;F;5064;EMP
057540040040-2941;057540040040;100mN32105E42073;SF;NA;2;44;W;F;4049;NEP
057540040040-2941;057540040040;100mN32105E42073;SF;NA;2;15;S;M;1517;EMP
057540040040-2942;057540040040;100mN32125E42138;MC;NA;2;36;M;F;3039;UEP
057540040040-2942;057540040040;100mN32125E42138;MC;NA;2;36;M;M;3039;EMP
057540040040-2943;057540040040;100mN32116E42128;MC;MIX;3;81;D;M;75XX;EMP
057540040040-2943;057540040040;100mN32116E42128;MC;MIX;3;52;M;M;5064;NEP
057540040040-2943;057540040040;100mN32116E42128;MC;MIX;3;50;M;F;5064;EMP
057540040040-2944;057540040040;100mN32105E42073;MC;NA;4;59;M;F;5064;EMP
057540040040-2944;057540040040;100mN32105E42073;MC;NA;4;63;M;M;5064;EMP
057540040040-2944;057540040040;100mN32105E42073;MC;NA;4;13;S;M;0614;NEP
057540040040-2944;057540040040;100mN32105E42073;MC;NA;4;12;S;F;0614;NEP
057540040040-2945;057540040040;100mN32105E42073;MC;MIX;2;83;M;F;75XX;EMP
057540040040-2945;057540040040;100mN32105E42073;MC;MIX;2;28;S;M;2529;EMP
057540040040-2946;057540040040;100mN32105E42073;MC;OS;4;76;M;F;75XX;EMP
057540040040-2946;057540040040;100mN32105E42073;MC;OS;4;73;M;M;6574;NEP
057540040040-2946;057540040040;100mN32105E42073;MC;OS;4;68;W;M;6574;EMP
057540040040-2946;057540040040;100mN32105E42073;MC;OS;4;66;D;F;6574;NEP
057540040040-2947;057540040040;100mN32124E42139;MC;OS;2;77;M;M;75XX;NEP
057540040040-2947;057540040040;100mN32124E42139;MC;OS;2;65;M;F;6574;UEP
057540040040-2948;057540040040;100mN32120E42126;MC;OS;2;73;M;M;6574;EMP
057540040040-2948;057540040040;100mN32120E42126;MC;OS;2;73;M;F;6574;EMP
057540040040-2949;057540040040;100mN32094E42116;PO;OS;2;65;S;M;6574;EMP
057540040040-2949;057540040040;100mN32094E42116;PO;OS;2;73;S;M;6574;EMP
057540040040-2950;057540040040;100mN32112E42124;S;NA;1;43;S;M;4049;EMP
057540040040-2951;057540040040;100mN32124E42117;MC;OS;2;84;M;F;75XX;EMP
057540040040-2951;057540040040;100mN32124E42117;MC;OS;2;34;S;M;3039;EMP
057540040040-2952;057540040040;100mN32131E42134;PO;NA;3;30;S;F;3039;NEP
057540040040-2952;057540040040;100mN32131E42134;PO;NA;3;26;S;F;2529;EMP
057540040040-2952;057540040040;100mN32131E42134;PO;NA;3;8;S;M;0614;NEP
057540040040-2953;057540040040;100mN32117E42133;SF;NA;4;41;D;F;4049;EMP
057540040040-2953;057540040040;100mN32117E42133;SF;NA;4;9;S;M;0614;NEP
057540040040-2953;057540040040;100mN32117E42133;SF;NA;4;10;S;F;0614;NEP
057540040040-2953;057540040040;100mN32117E42133;SF;NA;4;15;S;F;1517;NEP
057540040040-2954;057540040040;100mN32120E42126;MC;NA;2;40;M;F;4049;EMP
057540040040-2954;057540040040;100mN32120E42126;MC;NA;2;47;M;M;4049;EMP
057540040040-2955;057540040040;100mN32114E42126;MC;MIX;2;66;M;F;6574;EMP
057540040040-2955;057540040040;100mN32114E42126;MC;MIX;2;15;S;F;1517;EMP
057540040040-2956;057540040040;100mN32101E42071;S;OS;1;45;D;M;4049;EMP
057540040040-2957;057540040040;100mN32120E42126;MC;NA;2;54;M;F;5064;NEP
057540040040-2957;057540040040;100mN32120E42126;MC;NA;2;56;M;M;5064;EMP
057540040040-2958;057540040040;100mN32118E42130;PO;NA;4;47;S;M;4049;NEP
057540040040-2958;057540040040;100mN32118E42130;PO;NA;4;55;S;F;5064;NEP
057540040040-2958;057540040040;100mN32118E42130;PO;NA;4;13;S;F;0614;NEP
057540040040-2958;057540040040;100mN32118E42130;PO;NA;4;11;S;M;0614;NEP
057540040040-2959;057540040040;100mN32114E42125;MC;NA;2;48;M;M;4049;EMP
057540040040-2959;057540040040;100mN32114E42125;MC;NA;2;46;M;F;4049;NEP
057540040040-2960;057540040040;100mN32136E42127;MC;MIX;2;77;M;F;75XX;EMP
057540040040-2960;057540040040;100mN32136E42127;MC;MIX;2;50;D;M;5064;NEP
057540040040-2961;057540040040;100mN32118E42124;SF;NA;4;42;D;F;4049;NEP
057540040040-2961;057540040040;100mN32118E42124;SF;NA;4;6;S;F;0614;NEP
057540040040-2961;057540040040;100mN32118E42124;SF;NA;4;13;S;M;0614;NEP
057540040040-2961;057540040040;100mN32118E42124;SF;NA;4;0;S;F;0003;NEP
057540040040-2962;057540040040;100mN32112E42085;S;NA;1;20;S;M;1824;EMP
057540040040-2963;057540040040;100mN32131E42135;MC;MIX;2;71;M;F;6574;UEP
057540040040-2963;057540040040;100mN32131E42135;MC;MIX;2;55;M;M;5064;NEP
057540040040-2964;057540040040;100mN32120E42126;MC;NA;4;25;M;F;2529;EMP
057540040040-2964;057540040040;100mN32120E42126;MC;NA;4;26;M;M;2529;NEP
057540040040-2964;057540040040;100mN32120E42126;MC;NA;4;4;S;M;0305;NEP
057540040040-2964;057540040040;100mN32120E42126;MC;NA;4;7;S;F;0614;NEP
057540040040-2965;057540040040;100mN32126E42145;S;OS;1;52;S;F;5064;EMP
057540040040-2966;057540040040;100mN32131E42133;MC;NA;2;45;M;M;4049;EMP
057540040040-2966;057540040040;100mN32131E42133;MC;NA;2;43;M;F;4049;EMP
057540040040-2967;057540040040;100mN32116E42124;S;NA;1;65;W;F;6574;EMP
057540040040-2968;057540040040;100mN32099E42074;S;OS;1;70;W;F;6574;NEP
057540040040-2969;057540040040;100mN32089E42097;SF;NA;4;34;S;F;3039;EMP
057540040040-2969;057540040040;100mN32089E42097;SF;NA;4;0;S;F;0003;NEP
057540040040-2969;057540040040;100mN32089E42097;SF;NA;4;19;D;M;1824;EMP
057540040040-2969;057540040040;100mN32089E42097;SF;NA;4;13;S;M;0614;NEP
057540040040-2970;057540040040;100mN32135E42126;MC;OS;2;65;M;M;6574;NEP
057540040040-2970;057540040040;100mN32135E42126;MC;OS;2;72;M;F;6574;NEP
057540040040-2971;057540040040;100mN32113E42067;MC;OS;2;70;M;M;6574;EMP
057540040040-2971;057540040040;100mN32113E42067;MC;OS;2;67;M;F;6574;EMP
057540040040-2972;057540040040;100mN32102E42074;MC;OS;2;69;M;M;6574;NEP
057540040040-2972;057540040040;100mN32102E42074;MC;OS;2;78;M;F;75XX;NEP
057540040040-2973;057540040040;100mN32137E42128;SF;MIX;4;73;S;M;6574;EMP
057540040040-2973;057540040040;100mN32137E42128;SF;MIX;4;43;W;F;4049;NEP
057540040040-2973;057540040040;100mN32137E42128;SF;MIX;4;1;S;F;0003;NEP
057540040040-2973;057540040040;100mN32137E42128;SF;MIX;4;25;D;F;2529;NEP
057540040040-2974;057540040040;100mN32100E42046;S;NA;1;41;M;F;4049;NEP
057540040040-2975;057540040040;100mN32108E42144;S;NA;1;51;S;M;5064;NEP
057540040040-2976;057540040040;100mN32130E42136;S;NA;1;23;M;F;1824;EMP
057540040040-2977;057540040040;100mN32125E42139;MC;NA;2;43;M;M;4049;NEP
057540040040-2977;057540040040;100mN32125E42139;MC;NA;2;40;M;F;4049;NEP
057540040040-2978;057540040040;100mN32126E42113;NA;NA;2;34;D;M;3039;EMP
057540040040-2978;057540040040;100mN32126E42113;NA;NA;2;53;M;M;5064;EMP
057540040040-2979;057540040040;100mN32130E42136;S;NA;1;53;W;F;5064;NEP
057540040040-2980;057540040040;100mN32130E42136;S;NA;1;72;M;F;6574;EMP
057540040040-2981;057540040040;100mN32107E42106;MC;OS;2;88;M;M;75XX;EMP
057540040040-2981;057540040040;100mN32107E42106;MC;OS;2;86;M;F;75XX;UEP
057540040040-2982;057540040040;100mN32090E42126;MC;MIX;2;86;M;M;75XX;NEP
057540040040-2982;057540040040;100mN32090E42126;MC;MIX;2;47;M;F;4049;EMP
057540040040-2983;057540040040;100mN32090E42126;PO;MIX;3;69;W;F;6574;NEP
057540040040-2983;057540040040;100mN32090E42126;PO;MIX;3;50;S;M;5064;EMP
057540040040-2983;057540040040;100mN32090E42126;PO;MIX;3;54;S;M;5064;NEP
057540040040-2984;057540040040;100mN32145E42116;SF;NA;3;52;W;F;5064;NEP
057540040040-2984;057540040040;100mN32145E42116;SF;NA;3;19;M;M;1824;NEP
057540040040-2984;057540040040;100mN32145E42116;SF;NA;3;6;S;F;0614;NEP
057540040040-2985;057540040040;100mN32118E42132;MC;NA;3;55;M;F;5064;UEP
057540040040-2985;057540040040;100mN32118E42132;MC;NA;3;48;M;M;4049;EMP
057540040040-2985;057540040040;100mN32118E42132;MC;NA;3;30;S;F;3039;EMP
057540040040-2986;057540040040;100mN32109E42145;S;OS;1;51;S;M;5064;EMP
057540040040-2987;057540040040;100mN32145E42116;MC;MIX;2;88;M;F;75XX;NEP
057540040040-2987;057540040040;100mN32145E42116;MC;MIX;2;58;M;M;5064;NEP
057540040040-2988;057540040040;100mN32145E42116;S;NA;1;28;S;M;2529;EMP
057540040040-2989;057540040040;100mN32145E42116;S;NA;1;35;D;M;3039;NEP
057540040040-2990;057540040040;100mN32145E42116;MC;NA;3;61;M;F;5064;EMP
057540040040-2990;057540040040;100mN32145E42116;MC;NA;3;61;M;M;5064;EMP
057540040040-2990;057540040040;100mN32145E42116;MC;NA;3;16;S;M;1517;NEP
057540040040-2991;057540040040;100mN32124E42143;S;OS;1;25;D;F;2529;NEP
057540040040-2992;057540040040;100mN32145E42116;MC;NA;6;52;M;F;5064;EMP
057540040040-2992;057540040040;100mN32145E42116;MC;NA;6;55;M;M;5064;EMP
057540040040-2992;057540040040;100mN32145E42116;MC;NA;6;11;S;F;0614;NEP
057540040040-2992;057540040040;100mN32145E42116;MC;NA;6;16;S;F;1517;NEP
057540040040-2992;057540040040;100mN32145E42116;MC;NA;6;13;S;F;0614;NEP
057540040040-2992;057540040040;100mN32145E42116;MC;NA;6;8;S;M;0614;NEP
057540040040-2993;057540040040;100mN32145E42116;MC;OS;5;69;M;F;6574;NEP
057540040040-2993;057540040040;100mN32145E42116;MC;OS;5;71;M;M;6574;EMP
057540040040-2993;057540040040;100mN32145E42116;MC;OS;5;68;S;M;6574;NEP
057540040040-2993;057540040040;100mN32145E42116;MC;OS;5;80;M;M;75XX;EMP
057540040040-2993;057540040040;100mN32145E42116;MC;OS;5;73;S;M;6574;NEP
057540040040-2994;057540040040;100mN32118E42148;S;NA;1;83;W;M;75XX;EMP
057540040040-2995;057540040040;100mN32126E42145;PO;MIX;3;78;S;F;75XX;NEP
057540040040-2995;057540040040;100mN32126E42145;PO;MIX;3;38;S;M;3039;EMP
057540040040-2995;057540040040;100mN32126E42145;PO;MIX;3;34;S;F;3039;NEP
057540040040-2996;057540040040;100mN32095E42116;S;OS;1;71;D;F;6574;EMP
057540040040-2997;057540040040;100mN32095E42116;S;NA;1;16;S;M;1517;EMP
057540040040-2998;057540040040;100mN32095E42116;S;OS;1;89;S;F;75XX;NEP
057540040040-2999;057540040040;100mN32103E42074;S;OS;1;36;W;M;3039;NEP
057540040040-3000;057540040040;100mN32114E42126;S;NA;1;28;W;M;2529;NEP
057540040040-3001;057540040040;100mN32100E42133;MC;NA;3;50;M;M;5064;EMP
057540040040-3001;057540040040;100mN32100E42133;MC;NA;3;59;M;F;5064;NEP
057540040040-3001;057540040040;100mN32100E42133;MC;NA;3;21;W;F;1824;EMP
057540040040-3002;057540040040;100mN32117E42125;PO;NA;3;52;S;M;5064;NEP
057540040040-3002;057540040040;100mN32117E42125;PO;NA;3;18;S;F;1824;NEP
057540040040-3002;057540040040;100mN32117E42125;PO;NA;3;22;W;F;1824;EMP
057540040040-3003;057540040040;100mN32113E42118;MC;NA;2;35;M;M;3039;EMP
057540040040-3003;057540040040;100mN32113E42118;MC;NA;2;43;M;F;4049;NEP
057540040040-3004;057540040040;100mN32124E42140;PO;NA;3;43;S;F;4049;NEP
057540040040-3004;057540040040;100mN32124E42140;PO;NA;3;51;S;M;5064;NEP
057540040040-3004;057540040040;100mN32124E42140;PO;NA;3;16;S;F;1517;NEP
057540040040-3005;057540040040;100mN32140E42117;PO;OS;2;89;S;F;75XX;EMP
057540040040-3005;057540040040;100mN32140E42117;PO;OS;2;27;W;F;2529;EMP
057540040040-3006;057540040040;100mN32137E42124;MC;OS;2;70;M;F;6574;EMP
057540040040-3006;057540040040;100mN32137E42124;MC;OS;2;77;M;M;75XX;EMP
057540040040-3007;057540040040;100mN32134E42128;MC;NA;4;43;M;F;4049;NEP
057540040040-3007;057540040040;100mN32134E42128;MC;NA;4;47;M;M;4049;EMP
057540040040-3007;057540040040;100mN32134E42128;MC;NA;4;3;S;M;0305;NEP
057540040040-3007;057540040040;100mN32134E42128;MC;NA;4;3;S;M;0305;NEP
057540040040-3008;057540040040;100mN32137E42124;MC;NA;4;50;M;F;5064;EMP
057540040040-3008;057540040040;100mN32137E42124;MC;NA;4;51;M;M;5064;EMP
057540040040-3008;057540040040;100mN32137E42124;MC;NA;4;0;S;F;0003;NEP
057540040040-3008;057540040040;100mN32137E42124;MC;NA;4;33;M;M;3039;EMP
057540040040-3009;057540040040;100mN32117E42114;MC;NA;4;57;M;M;5064;NEP
057540040040-3009;057540040040;100mN32117E42114;MC;NA;4;57;M;F;5064;NEP
057540040040-3009;057540040040;100mN32117E42114;MC;NA;4;40;D;M;4049;EMP
057540040040-3009;057540040040;100mN32117E42114;MC;NA;4;11;S;M;0614;NEP
057540040040-3010;057540040040;100mN32137E42124;MC;NA;2;52;M;M;5064;EMP
057540040040-3010;057540040040;100mN32137E42124;MC;NA;2;47;M;F;4049;NEP
057540040040-3011;057540040040;100mN32100E42070;MC;NA;4;54;M;F;5064;NEP
057540040040-3011;057540040040;100mN32100E42070;MC;NA;4;56;M;M;5064;EMP
057540040040-3011;057540040040;100mN32100E42070;MC;NA;4;13;S;F;0614;NEP
057540040040-3011;057540040040;100mN32100E42070;MC;NA;4;11;S;M;0614;NEP
057540040040-3012;057540040040;100mN32114E42118;MC;NA;4;41;M;F;4049;EMP
057540040040-3012;057540040040;100mN32114E42118;MC;NA;4;46;M;M;4049;EMP
057540040040-3012;057540040040;100mN32114E42118;MC;NA;4;15;S;F;1517;EMP
057540040040-3012;057540040040;100mN32114E42118;MC;NA;4;10;S;M;0614;NEP
057540040040-3013;057540040040;100mN32137E42124;SF;NA;2;47;W;F;4049;EMP
057540040040-3013;057540040040;100mN32137E42124;SF;NA;2;15;S;M;1517;EMP
057540040040-3014;057540040040;100mN32114E42125;PO;NA;4;58;S;M;5064;EMP
057540040040-3014;057540040040;100mN32114E42125;PO;NA;4;56;S;M;5064;EMP
057540040040-3014;057540040040;100mN32114E42125;PO;NA;4;11;S;F;0614;NEP
057540040040-3014;057540040040;100mN32114E42125;PO;NA;4;4;S;M;0305;NEP
057540040040-3015;057540040040;100mN32120E42128;S;OS;1;46;S;M;4049;NEP
057540040040-3016;057540040040;100mN32105E42100;MC;NA;4;52;M;F;5064;UEP
057540040040-3016;057540040040;100mN32105E42100;MC;NA;4;60;M;M;5064;NEP
057540040040-3016;057540040040;100mN32105E42100;MC;NA;4;33;M;M;3039;EMP
057540040040-3016;057540040040;100mN32105E42100;MC;NA;4;0;S;F;0003;NEP
057540040040-3017;057540040040;100mN32142E42116;MC;NA;2;58;M;F;5064;EMP
057540040040-3017;057540040040;100mN32142E42116;MC;NA;2;57;M;M;5064;NEP
057540040040-3018;057540040040;100mN32142E42116;S;OS;1;46;M;F;4049;EMP
057540040040-3019;057540040040;100mN32142E42116;S;NA;1;45;S;F;4049;EMP
057540040040-3020;057540040040;100mN32126E42137;MC;MIX;2;82;M;F;75XX;EMP
057540040040-3020;057540040040;100mN32126E42137;MC;MIX;2;68;M;M;6574;NEP
057540040040-3021;057540040040;100mN32131E42131;MC;NA;3;43;M;F;4049;EMP
057540040040-3021;057540040040;100mN32131E42131;MC;NA;3;51;M;M;5064;NEP
057540040040-3021;057540040040;100mN32131E42131;MC;NA;3;2;S;M;0003;NEP
057540040040-3022;057540040040;100mN32142E42116;SF;NA;2;28;S;F;2529;NEP
057540040040-3022;057540040040;100mN32142E42116;SF;NA;2;1;S;F;0003;NEP
057540040040-3023;057540040040;100mN32142E42116;MC;MIX;2;75;M;F;75XX;EMP
057540040040-3023;057540040040;100mN32142E42116;MC;MIX;2;65;M;F;6574;EMP
057540040040-3024;057540040040;100mN32126E42140;MC;OS;2;72;M;F;6574;NEP
057540040040-3024;057540040040;100mN32126E42140;MC;OS;2;73;M;M;6574;NEP
057540040040-3025;057540040040;100mN32140E42118;MC;NA;6;35;M;M;3039;NEP
057540040040-3025;057540040040;100mN32140E42118;MC;NA;6;34;M;F;3039;UEP
057540040040-3025;057540040040;100mN32140E42118;MC;NA;6;4;S;M;0305;NEP
057540040040-3025;057540040040;100mN32140E42118;MC;NA;6;20;M;M;1824;EMP
057540040040-3025;057540040040;100mN32140E42118;MC;NA;6;16;S;F;1517;NEP
057540040040-3025;057540040040;100mN32140E42118;MC;NA;6;12;S;F;0614;NEP
057540040040-3026;057540040040;100mN32142E42116;S;NA;1;45;M;M;4049;EMP
057540040040-3027;057540040040;100mN32105E42138;PO;NA;2;26;S;M;2529;EMP
057540040040-3027;057540040040;100mN32105E42138;PO;NA;2;18;S;F;1824;EMP
057540040040-3028;057540040040;100mN32142E42116;S;NA;1;42;M;M;4049;EMP
057540040040-3029;057540040040;100mN32142E42116;MC;NA;4;54;M;F;5064;NEP
057540040040-3029;057540040040;100mN32142E42116;MC;NA;4;52;M;M;5064;NEP
057540040040-3029;057540040040;100mN32142E42116;MC;NA;4;9;S;M;0614;NEP
057540040040-3029;057540040040;100mN32142E42116;MC;NA;4;36;M;M;3039;EMP
057540040040-3030;057540040040;100mN32111E42123;S;NA;1;48;W;F;4049;NEP
057540040040-3031;057540040040;100mN32126E42139;MC;MIX;5;86;M;M;75XX;EMP
057540040040-3031;057540040040;100mN32126E42139;MC;MIX;5;44;M;F;4049;EMP
057540040040-3031;057540040040;100mN32126E42139;MC;MIX;5;46;M;M;4049;EMP
057540040040-3031;057540040040;100mN32126E42139;MC;MIX;5;22;M;F;1824;NEP
057540040040-3031;057540040040;100mN32126E42139;MC;MIX;5;23;W;F;1824;NEP
057540040040-3032;057540040040;100mN32135E42131;S;NA;1;42;M;F;4049;EMP
057540040040-3033;057540040040;100mN32102E42070;MC;OS;5;70;M;F;6574;EMP
057540040040-3033;057540040040;100mN32102E42070;MC;OS;5;70;M;M;6574;NEP
057540040040-3033;057540040040;100mN32102E42070;MC;OS;5;86;D;F;75XX;NEP
057540040040-3033;057540040040;100mN32102E42070;MC;OS;5;73;W;F;6574;NEP
057540040040-3033;057540040040;100mN32102E42070;MC;OS;5;85;M;M;75XX;EMP
057540040040-3034;057540040040;100mN32142E42116;S;OS;1;27;M;M;2529;EMP
057540040040-3035;057540040040;100mN32117E42124;MC;OS;4;66;M;F;6574;EMP
057540040040-3035;057540040040;100mN32117E42124;MC;OS;4;65;M;M;6574;EMP
057540040040-3035;057540040040;100mN32117E42124;MC;OS;4;82;S;F;75XX;UEP
057540040040-3035;057540040040;100mN32117E42124;MC;OS;4;89;M;F;75XX;NEP
057540040040-3036;057540040040;100mN32117E42129;MC;NA;5;50;M;M;5064;NEP
057540040040-3036;057540040040;100mN32117E42129;MC;NA;5;42;M;F;4049;NEP
057540040040-3036;057540040040;100mN32117E42129;MC;NA;5;16;S;M;1517;NEP
057540040040-3036;057540040040;100mN32117E42129;MC;NA;5;31;M;F;3039;EMP
057540040040-3036;057540040040;100mN32117E42129;MC;NA;5;15;S;F;1517;NEP
057540040040-3037;057540040040;100mN32142E42116;SF;NA;2;41;W;F;4049;NEP
057540040040-3037;057540040040;100mN32142E42116;SF;NA;2;10;S;M;0614;NEP
057540040040-3038;057540040040;100mN32121E42138;MC;NA;4;42;M;M;4049;NEP
057540040040-3038;057540040040;100mN32121E42138;MC;NA;4;41;M;F;4049;NEP
057540040040-3038;057540040040;100mN32121E42138;MC;NA;4;9;S;F;0614;NEP
057540040040-3038;057540040040;100mN32121E42138;MC;NA;4;16;S;M;1517;NEP
057540040040-3039;057540040040;100mN32142E42116;MC;NA;2;47;M;F;4049;EMP
057540040040-3039;057540040040;100mN32142E42116;MC;NA;2;51;M;M;5064;NEP
057540040040-3040;057540040040;100mN32142E42116;MC;NA;2;43;M;F;4049;EMP
057540040040-3040;057540040040;100mN32142E42116;MC;NA;2;55;M;M;5064;NEP
057540040040-3041;057540040040;100mN32108E42144;S;NA;1;67;M;M;6574;NEP
057540040040-3042;057540040040;100mN32108E42144;MC;NA;2;18;M;M;1824;EMP
057540040040-3042;057540040040;100mN32108E42144;MC;NA;2;18;M;F;1824;EMP
057540040040-3043;057540040040;100mN32108E42144;MC;NA;3;63;M;F;5064;NEP
057540040040-3043;057540040040;100mN32108E42144;MC;NA;3;48;M;F;4049;EMP
057540040040-3043;057540040040;100mN32108E42144;MC;NA;3;13;S;M;0614;NEP
057540040040-3044;057540040040;100mN32108E42144;PO;NA;3;38;S;M;3039;NEP
057540040040-3044;057540040040;100mN32108E42144;PO;NA;3;37;S;F;3039;EMP
057540040040-3044;057540040040;100mN32108E42144;PO;NA;3;8;S;F;0614;NEP
057540040040-3045;057540040040;100mN32108E42144;MC;OS;2;87;M;M;75XX;EMP
057540040040-3045;057540040040;100mN32108E42144;MC;OS;2;84;M;F;75XX;NEP
057540040040-3046;057540040040;100mN32108E42144;MC;OS;2;70;M;F;6574;EMP
057540040040-3046;057540040040;100mN32108E42144;MC;OS;2;70;M;M;6574;NEP
057540040040-3047;057540040040;100mN32124E42114;MC;NA;6;33;M;F;3039;EMP
057540040040-3047;057540040040;100mN32124E42114;MC;NA;6;40;M;M;4049;EMP
057540040040-3047;057540040040;100mN32124E42114;MC;NA;6;18;M;F;1824;NEP
057540040040-3047;057540040040;100mN32124E42114;MC;NA;6;18;W;F;1824;EMP
057540040040-3047;057540040040;100mN32124E42114;MC;NA;6;0;S;M;0003;NEP
057540040040-3047;057540040040;100mN32124E42114;MC;NA;6;10;S;M;0614;NEP
057540040040-3048;057540040040;100mN32108E42144;S;NA;1;51;S;M;5064;NEP
057540040040-3049;057540040040;100mN32114E42127;S;NA;1;45;D;F;4049;EMP
057540040040-3050;057540040040;100mN32105E42048;SF;NA;4;42;D;F;4049;NEP
057540040040-3050;057540040040;100mN32105E42048;SF;NA;4;6;S;M;0614;NEP
057540040040-3050;057540040040;100mN32105E42048;SF;NA;4;9;S;F;0614;NEP
057540040040-3050;057540040040;100mN32105E42048;SF;NA;4;26;W;F;2529;EMP
057540040040-3051;057540040040;100mN32102E42070;MC;OS;5;70;M;F;6574;EMP
057540040040-3051;057540040040;100mN32102E42070;MC;OS;5;70;M;M;6574;NEP
057540040040-3051;057540040040;100mN32102E42070;MC;OS;5;86;D;F;75XX;NEP
057540040040-3051;057540040040;100mN32102E42070;MC;OS;5;73;W;F;6574;NEP
057540040040-3051;057540040040;100mN32102E42070;MC;OS;5;85;M;M;75XX;EMP
057540040040-3052;057540040040;100mN32105E42048;S;OS;1;43;S;F;4049;UEP
057540040040-3053;057540040040;100mN32118E42128;MC;MIX;2;71;M;F;6574;NEP
057540040040-3053;057540040040;100mN32118E42128;MC;MIX;2;36;D;F;3039;EMP
057540040040-3054;057540040040;100mN32107E42051;MC;NA;2;51;M;M;5064;EMP
057540040040-3054;057540040040;100mN32107E42051;MC;NA;2;42;M;F;4049;EMP
057540040040-3055;057540040040;100mN32107E42051;MC;NA;4;56;M;F;5064;EMP
057540040040-3055;057540040040;100mN32107E42051;MC;NA;4;60;M;M;5064;EMP
057540040040-3055;057540040040;100mN32107E42051;MC;NA;4;0;S;M;0003;NEP
057540040040-3055;057540040040;100mN32107E42051;MC;NA;4;15;S;M;1517;EMP
057540040040-3056;057540040040;100mN32098E42138;MC;NA;2;56;M;M;5064;EMP
057540040040-3056;057540040040;100mN32098E42138;MC;NA;2;55;M;F;5064;NEP
057540040040-3057;057540040040;100mN32131E42134;MC;MIX;2;71;M;M;6574;EMP
057540040040-3057;057540040040;100mN32131E42134;MC;MIX;2;78;M;F;75XX;EMP
057540040040-3058;057540040040;100mN32098E42138;MC;MIX;4;71;M;F;6574;EMP
057540040040-3058;057540040040;100mN32098E42138;MC;MIX;4;33;M;M;3039;NEP
057540040040-3058;057540040040;100mN32098E42138;MC;MIX;4;18;M;F;1824;EMP
057540040040-3058;057540040040;100mN32098E42138;MC;MIX;4;8;S;F;0614;NEP
057540040040-3059;057540040040;100mN32136E42127;MC;MIX;2;71;M;M;6574;NEP
057540040040-3059;057540040040;100mN32136E42127;MC;MIX;2;63;M;F;5064;UEP
057540040040-3060;057540040040;100mN32117E42127;MC;MIX;4;69;W;M;6574;NEP
057540040040-3060;057540040040;100mN32117E42127;MC;MIX;4;56;M;F;5064;NEP
057540040040-3060;057540040040;100mN32117E42127;MC;MIX;4;47;M;M;4049;EMP
057540040040-3060;057540040040;100mN32117E42127;MC;MIX;4;22;M;F;1824;EMP
057540040040-3061;057540040040;100mN32126E42141;SM;NA;3;30;D;M;3039;NEP
057540040040-3061;057540040040;100mN32126E42141;SM;NA;3;2;S;M;0003;NEP
057540040040-3061;057540040040;100mN32126E42141;SM;NA;3;12;S;M;0614;NEP
057540040040-3062;057540040040;100mN32105E42089;S;NA;1;63;M;M;5064;EMP
057540040040-3063;057540040040;100mN32126E42141;S;OS;1;36;M;F;3039;EMP
057540040040-3064;057540040040;100mN32124E42141;S;OS;1;66;M;M;6574;NEP
057540040040-3065;057540040040;100mN32142E42117;MC;OS;3;75;M;F;75XX;NEP
057540040040-3065;057540040040;100mN32142E42117;MC;OS;3;75;M;M;75XX;NEP
057540040040-3065;057540040040;100mN32142E42117;MC;OS;3;66;D;F;6574;NEP
057540040040-3066;057540040040;100mN32115E42126;MC;NA;2;51;M;F;5064;NEP
057540040040-3066;057540040040;100mN32115E42126;MC;NA;2;55;M;M;5064;EMP
057540040040-3067;057540040040;100mN32126E42141;S;NA;1;84;S;M;75XX;NEP
057540040040-3068;057540040040;100mN32126E42141;PO;NA;2;43;S;F;4049;EMP
057540040040-3068;057540040040;100mN32126E42141;PO;NA;2;43;S;F;4049;EMP
057540040040-3069;057540040040;100mN32132E42131;MC;NA;2;31;M;M;3039;EMP
057540040040-3069;057540040040;100mN32132E42131;MC;NA;2;30;M;F;3039;EMP
057540040040-3070;057540040040;100mN32126E42141;MC;NA;3;37;M;F;3039;EMP
057540040040-3070;057540040040;100mN32126E42141;MC;NA;3;46;M;M;4049;EMP
057540040040-3070;057540040040;100mN32126E42141;MC;NA;3;2;S;M;0003;NEP
057540040040-3071;057540040040;100mN32114E42117;MC;MIX;2;89;M;M;75XX;EMP
057540040040-3071;057540040040;100mN32114E42117;MC;MIX;2;73;D;M;6574;NEP
057540040040-3072;057540040040;100mN32126E42141;S;NA;1;63;M;F;5064;EMP
057540040040-3073;057540040040;100mN32112E42121;S;OS;1;43;M;M;4049;NEP
057540040040-3074;057540040040;100mN32114E42126;SF;NA;2;52;W;F;5064;EMP
057540040040-3074;057540040040;100mN32114E42126;SF;NA;2;6;S;M;0614;NEP
057540040040-3075;057540040040;100mN32126E42141;S;NA;1;54;M;M;5064;EMP
057540040040-3076;057540040040;100mN32126E42141;MC;OS;2;67;M;F;6574;NEP
057540040040-3076;057540040040;100mN32126E42141;MC;OS;2;71;M;M;6574;EMP
057540040040-3077;057540040040;100mN32126E42141;SF;NA;2;63;D;F;5064;EMP
057540040040-3077;057540040040;100mN32126E42141;SF;NA;2;18;M;M;1824;NEP
057540040040-3078;057540040040;100mN32126E42141;PO;NA;5;30;S;F;3039;EMP
057540040040-3078;057540040040;100mN32126E42141;PO;NA;5;35;S;M;3039;NEP
057540040040-3078;057540040040;100mN32126E42141;PO;NA;5;15;S;F;1517;NEP
057540040040-3078;057540040040;100mN32126E42141;PO;NA;5;12;S;F;0614;NEP
057540040040-3078;057540040040;100mN32126E42141;PO;NA;5;15;S;F;1517;NEP
057540040040-3079;057540040040;100mN32114E42132;MC;OS;3;78;M;F;75XX;EMP
057540040040-3079;057540040040;100mN32114E42132;MC;OS;3;67;M;M;6574;EMP
057540040040-3079;057540040040;100mN32114E42132;MC;OS;3;68;W;F;6574;NEP
057540040040-3080;057540040040;100mN32128E42143;MC;NA;4;42;M;F;4049;NEP
057540040040-3080;057540040040;100mN32128E42143;MC;NA;4;47;M;M;4049;EMP
057540040040-3080;057540040040;100mN32128E42143;MC;NA;4;3;S;M;0305;NEP
057540040040-3080;057540040040;100mN32128E42143;MC;NA;4;19;S;F;1824;NEP
057540040040-3081;057540040040;100mN32112E42124;MC;OS;3;65;M;F;6574;NEP
057540040040-3081;057540040040;100mN32112E42124;MC;OS;3;66;M;M;6574;NEP
057540040040-3081;057540040040;100mN32112E42124;MC;OS;3;67;M;F;6574;EMP
057540040040-3082;057540040040;100mN32114E42121;MC;NA;2;48;M;F;4049;EMP
057540040040-3082;057540040040;100mN32114E42121;MC;NA;2;51;M;M;5064;EMP
057540040040-3083;057540040040;100mN32103E42073;MC;NA;5;63;M;M;5064;EMP
057540040040-3083;057540040040;100mN32103E42073;MC;NA;5;54;M;F;5064;EMP
057540040040-3083;057540040040;100mN32103E42073;MC;NA;5;9;S;F;0614;NEP
057540040040-3083;057540040040;100mN32103E42073;MC;NA;5;6;S;M;0614;NEP
057540040040-3083;057540040040;100mN32103E42073;MC;NA;5;10;S;M;0614;NEP
057540040040-3084;057540040040;100mN32128E42143;S;NA;1;33;S;M;3039;EMP
057540040040-3085;057540040040;100mN32128E42143;MC;NA;2;63;M;M;5064;EMP
057540040040-3085;057540040040;100mN32128E42143;MC;NA;2;61;M;F;5064;NEP
057540040040-3086;057540040040;100mN32124E42143;MC;MIX;3;70;S;F;6574;EMP
057540040040-3086;057540040040;100mN32124E42143;MC;MIX;3;18;M;M;1824;EMP
057540040040-3086;057540040040;100mN32124E42143;MC;MIX;3;18;M;F;1824;NEP
057540040040-3087;057540040040;100mN32128E42143;MC;NA;2;48;M;F;4049;EMP
057540040040-3087;057540040040;100mN32128E42143;MC;NA;2;45;M;M;4049;EMP
057540040040-3088;057540040040;100mN32124E42143;MC;MIX;2;75;M;M;75XX;NEP
057540040040-3088;057540040040;100mN32124E42143;MC;MIX;2;41;M;F;4049;NEP
057540040040-3089;057540040040;100mN32128E42143;MC;NA;3;45;M;M;4049;EMP
057540040040-3089;057540040040;100mN32128E42143;MC;NA;3;38;M;F;3039;EMP
057540040040-3089;057540040040;100mN32128E42143;MC;NA;3;21;D;M;1824;EMP
057540040040-3090;057540040040;100mN32118E42129;S;OS;1;44;M;M;4049;EMP
057540040040-3091;057540040040;100mN32128E42143;MC;OS;2;79;M;F;75XX;NEP
057540040040-3091;057540040040;100mN32128E42143;MC;OS;2;77;M;M;75XX;EMP
057540040040-3092;057540040040;100mN32132E42132;MC;OS;3;71;M;M;6574;EMP
057540040040-3092;057540040040;100mN32132E42132;MC;OS;3;68;M;F;6574;EMP
057540040040-3092;057540040040;100mN32132E42132;MC;OS;3;65;S;F;6574;EMP
057540040040-3093;057540040040;100mN32118E42130;S;NA;1;42;S;M;4049;EMP
057540040040-3094;057540040040;100mN32124E42139;S;NA;1;58;W;F;5064;EMP
057540040040-3095;057540040040;100mN32131E42135;S;NA;1;43;M;F;4049;UEP
057540040040-3096;057540040040;100mN32119E42132;MC;NA;2;60;M;F;5064;NEP
057540040040-3096;057540040040;100mN32119E42132;MC;NA;2;63;M;M;5064;EMP
057540040040-3097;057540040040;100mN32112E42123;PO;NA;4;52;S;F;5064;EMP
057540040040-3097;057540040040;100mN32112E42123;PO;NA;4;55;S;F;5064;EMP
057540040040-3097;057540040040;100mN32112E42123;PO;NA;4;28;D;M;2529;EMP
057540040040-3097;057540040040;100mN32112E42123;PO;NA;4;8;S;M;0614;NEP
057540040040-3098;057540040040;100mN32123E42112;S;NA;1;62;M;M;5064;NEP
057540040040-3099;057540040040;100mN32119E42145;MC;NA;3;33;M;M;3039;EMP
057540040040-3099;057540040040;100mN32119E42145;MC;NA;3;31;M;F;3039;EMP
057540040040-3099;057540040040;100mN32119E42145;MC;NA;3;15;S;F;1517;EMP
057540040040-3100;057540040040;100mN32119E42145;MC;OS;2;76;M;F;75XX;EMP
057540040040-3100;057540040040;100mN32119E42145;MC;OS;2;77;M;M;75XX;EMP
057540040040-3101;057540040040;100mN32136E42131;S;NA;1;62;W;M;5064;NEP
057540040040-3102;057540040040;100mN32119E42146;S;OS;1;80;M;M;75XX;NEP
057540040040-3103;057540040040;100mN32119E42146;S;OS;1;54;M;M;5064;NEP
057540040040-3104;057540040040;100mN32119E42146;S;NA;1;36;M;F;3039;NEP
057540040040-3105;057540040040;100mN32129E42133;MC;NA;3;43;M;M;4049;EMP
057540040040-3105;057540040040;100mN32129E42133;MC;NA;3;43;M;F;4049;NEP
057540040040-3105;057540040040;100mN32129E42133;MC;NA;3;18;M;F;1824;NEP
057540040040-3106;057540040040;100mN32129E42133;MC;NA;5;42;M;M;4049;EMP
057540040040-3106;057540040040;100mN32129E42133;MC;NA;5;50;M;F;5064;EMP
057540040040-3106;057540040040;100mN32129E42133;MC;NA;5;9;S;F;0614;NEP
057540040040-3106;057540040040;100mN32129E42133;MC;NA;5;15;S;F;1517;NEP
057540040040-3106;057540040040;100mN32129E42133;MC;NA;5;23;M;M;1824;EMP
057540040040-3107;057540040040;100mN32129E42133;MC;NA;3;56;M;F;5064;EMP
057540040040-3107;057540040040;100mN32129E42133;MC;NA;3;53;M;M;5064;EMP
057540040040-3107;057540040040;100mN32129E42133;MC;NA;3;2;S;F;0003;NEP
057540040040-3108;057540040040;100mN32115E42131;MC;OS;4;71;M;F;6574;UEP
057540040040-3108;057540040040;100mN32115E42131;MC;OS;4;73;M;M;6574;NEP
057540040040-3108;057540040040;100mN32115E42131;MC;OS;4;81;S;F;75XX;EMP
057540040040-3108;057540040040;100mN32115E42131;MC;OS;4;85;W;M;75XX;EMP
057540040040-3109;057540040040;100mN32129E42133;MC;NA;3;47;M;F;4049;EMP
057540040040-3109;057540040040;100mN32129E42133;MC;NA;3;54;M;M;5064;EMP
057540040040-3109;057540040040;100mN32129E42133;MC;NA;3;28;S;M;2529;EMP
057540040040-3110;057540040040;100mN32157E42123;MC;NA;2;58;M;M;5064;EMP
057540040040-3110;057540040040;100mN32157E42123;MC;NA;2;52;M;F;5064;UEP
057540040040-3111;057540040040;100mN32119E42120;MC;NA;2;41;M;M;4049;EMP
057540040040-3111;057540040040;100mN32119E42120;MC;NA;2;40;M;F;4049;NEP
057540040040-3112;057540040040;100mN32129E42133;MC;NA;4;54;M;F;5064;EMP
057540040040-3112;057540040040;100mN32129E42133;MC;NA;4;54;M;M;5064;EMP
057540040040-3112;057540040040;100mN32129E42133;MC;NA;4;22;M;M;1824;NEP
057540040040-3112;057540040040;100mN32129E42133;MC;NA;4;3;S;F;0305;NEP
057540040040-3113;057540040040;100mN32118E42125;MC;NA;3;58;M;M;5064;EMP
057540040040-3113;057540040040;100mN32118E42125;MC;NA;3;54;M;F;5064;EMP
057540040040-3113;057540040040;100mN32118E42125;MC;NA;3;4;S;M;0305;NEP
057540040040-3114;057540040040;100mN32129E42133;MC;MIX;2;86;M;F;75XX;EMP
057540040040-3114;057540040040;100mN32129E42133;MC;MIX;2;57;M;F;5064;EMP
057540040040-3115;057540040040;100mN32129E42133;MC;NA;4;60;M;F;5064;EMP
057540040040-3115;057540040040;100mN32129E42133;MC;NA;4;63;M;M;5064;EMP
057540040040-3115;057540040040;100mN32129E42133;MC;NA;4;42;S;F;4049;NEP
057540040040-3115;057540040040;100mN32129E42133;MC;NA;4;21;M;M;1824;EMP
057540040040-3116;057540040040;100mN32129E42133;S;NA;1;43;M;M;4049;EMP
057540040040-3117;057540040040;100mN32129E42133;SF;NA;4;81;W;F;75XX;EMP
057540040040-3117;057540040040;100mN32129E42133;SF;NA;4;9;S;F;0614;NEP
057540040040-3117;057540040040;100mN32129E42133;SF;NA;4;15;S;F;1517;NEP
057540040040-3117;057540040040;100mN32129E42133;SF;NA;4;13;S;M;0614;NEP
057540040040-3118;057540040040;100mN32125E42144;S;NA;1;36;S;M;3039;NEP
057540040040-3119;057540040040;100mN32129E42133;PO;OS;2;82;S;F;75XX;NEP
057540040040-3119;057540040040;100mN32129E42133;PO;OS;2;37;S;M;3039;EMP
057540040040-3120;057540040040;100mN32129E42133;MC;NA;2;48;M;F;4049;NEP
057540040040-3120;057540040040;100mN32129E42133;MC;NA;2;51;M;M;5064;NEP
057540040040-3121;057540040040;100mN32106E42082;MC;MIX;5;67;D;M;6574;EMP
057540040040-3121;057540040040;100mN32106E42082;MC;MIX;5;40;M;M;4049;EMP
057540040040-3121;057540040040;100mN32106E42082;MC;MIX;5;37;M;F;3039;EMP
057540040040-3121;057540040040;100mN32106E42082;MC;MIX;5;13;S;M;0614;NEP
057540040040-3121;057540040040;100mN32106E42082;MC;MIX;5;11;S;F;0614;NEP
057540040040-3122;057540040040;100mN32114E42125;PO;NA;2;31;S;M;3039;NEP
057540040040-3122;057540040040;100mN32114E42125;PO;NA;2;34;S;F;3039;NEP
057540040040-3123;057540040040;100mN32101E42128;S;NA;1;54;M;M;5064;NEP
057540040040-3124;057540040040;100mN32127E42142;S;NA;1;59;D;F;5064;NEP
057540040040-3125;057540040040;100mN32115E42114;S;NA;1;35;M;M;3039;EMP
057540040040-3126;057540040040;100mN32116E42125;SF;NA;2;65;D;F;6574;EMP
057540040040-3126;057540040040;100mN32116E42125;SF;NA;2;8;S;M;0614;NEP
057540040040-3127;057540040040;100mN32118E42125;S;OS;1;60;W;F;5064;EMP
057540040040-3128;057540040040;100mN32120E42122;MC;NA;4;46;M;M;4049;EMP
057540040040-3128;057540040040;100mN32120E42122;MC;NA;4;45;M;F;4049;EMP
057540040040-3128;057540040040;100mN32120E42122;MC;NA;4;13;S;F;0614;NEP
057540040040-3128;057540040040;100mN32120E42122;MC;NA;4;7;S;M;0614;NEP
057540040040-3129;057540040040;100mN32134E42129;SF;NA;3;38;W;F;3039;EMP
057540040040-3129;057540040040;100mN32134E42129;SF;NA;3;22;S;M;1824;EMP
057540040040-3129;057540040040;100mN32134E42129;SF;NA;3;7;S;M;0614;NEP
057540040040-3130;057540040040;100mN32115E42114;MC;NA;2;41;M;M;4049;NEP
057540040040-3130;057540040040;100mN32115E42114;MC;NA;2;34;M;F;3039;EMP
057540040040-3131;057540040040;100mN32118E42130;MC;NA;3;37;M;F;3039;NEP
057540040040-3131;057540040040;100mN32118E42130;MC;NA;3;43;M;M;4049;EMP
057540040040-3131;057540040040;100mN32118E42130;MC;NA;3;2;S;F;0003;NEP
057540040040-3132;057540040040;100mN32113E42124;MC;MIX;3;67;M;F;6574;EMP
057540040040-3132;057540040040;100mN32113E42124;MC;MIX;3;53;M;M;5064;EMP
057540040040-3132;057540040040;100mN32113E42124;MC;MIX;3;44;M;F;4049;NEP
057540040040-3133;057540040040;100mN32111E42121;S;OS;1;25;D;M;2529;NEP
057540040040-3134;057540040040;100mN32107E42070;S;NA;1;66;D;F;6574;NEP
057540040040-3135;057540040040;100mN32111E42118;S;NA;1;41;S;M;4049;EMP
057540040040-3136;057540040040;100mN32115E42133;MC;OS;2;72;M;M;6574;NEP
057540040040-3136;057540040040;100mN32115E42133;MC;OS;2;69;M;F;6574;EMP
057540040040-3137;057540040040;100mN32115E42081;MC;NA;4;53;M;M;5064;EMP
057540040040-3137;057540040040;100mN32115E42081;MC;NA;4;52;M;F;5064;UEP
057540040040-3137;057540040040;100mN32115E42081;MC;NA;4;7;S;M;0614;NEP
057540040040-3137;057540040040;100mN32115E42081;MC;NA;4;3;S;M;0305;NEP
057540040040-3138;057540040040;100mN32125E42115;S;NA;1;51;M;F;5064;UEP
057540040040-3139;057540040040;100mN32132E42111;S;OS;1;58;W;F;5064;NEP
057540040040-3140;057540040040;100mN32115E42133;MC;MIX;2;67;M;F;6574;EMP
057540040040-3140;057540040040;100mN32115E42133;MC;MIX;2;77;M;F;75XX;NEP
057540040040-3141;057540040040;100mN32115E42133;MC;MIX;2;89;M;F;75XX;EMP
057540040040-3141;057540040040;100mN32115E42133;MC;MIX;2;73;M;F;6574;EMP
057540040040-3142;057540040040;100mN32115E42133;S;OS;1;52;M;M;5064;EMP
057540040040-3143;057540040040;100mN32105E42093;SF;NA;6;25;W;F;2529;EMP
057540040040-3143;057540040040;100mN32105E42093;SF;NA;6;0;S;M;0003;NEP
057540040040-3143;057540040040;100mN32105E42093;SF;NA;6;3;S;M;0305;NEP
057540040040-3143;057540040040;100mN32105E42093;SF;NA;6;10;S;M;0614;NEP
057540040040-3143;057540040040;100mN32105E42093;SF;NA;6;6;S;F;0614;NEP
057540040040-3143;057540040040;100mN32105E42093;SF;NA;6;0;S;M;0003;NEP
057540040040-3144;057540040040;100mN32115E42133;S;NA;1;41;S;F;4049;NEP
057540040040-3145;057540040040;100mN32118E42122;S;NA;1;68;W;F;6574;EMP
057540040040-3146;057540040040;100mN32112E42118;MC;MIX;2;73;M;F;6574;NEP
057540040040-3146;057540040040;100mN32112E42118;MC;MIX;2;85;D;M;75XX;EMP
057540040040-3147;057540040040;100mN32120E42138;S;OS;1;71;M;F;6574;EMP
057540040040-3148;057540040040;100mN32120E42138;MC;MIX;4;80;M;F;75XX;EMP
057540040040-3148;057540040040;100mN32120E42138;MC;MIX;4;20;M;F;1824;NEP
057540040040-3148;057540040040;100mN32120E42138;MC;MIX;4;20;M;M;1824;NEP
057540040040-3148;057540040040;100mN32120E42138;MC;MIX;4;4;S;F;0305;NEP
057540040040-3149;057540040040;100mN32120E42138;MC;NA;2;60;M;M;5064;EMP
057540040040-3149;057540040040;100mN32120E42138;MC;NA;2;52;M;F;5064;EMP
057540040040-3150;057540040040;100mN32078E42051;MC;NA;2;63;M;F;5064;EMP
057540040040-3150;057540040040;100mN32078E42051;MC;NA;2;57;M;M;5064;EMP
057540040040-3151;057540040040;100mN32078E42051;S;NA;1;50;M;M;5064;EMP
057540040040-3152;057540040040;100mN32127E42140;MC;MIX;2;75;M;M;75XX;NEP
057540040040-3152;057540040040;100mN32127E42140;MC;MIX;2;8;S;M;0614;NEP
057540040040-3153;057540040040;100mN32134E42121;S;NA;1;47;D;F;4049;EMP
057540040040-3154;057540040040;100mN32127E42137;S;NA;1;34;M;M;3039;EMP
057540040040-3155;057540040040;100mN32105E42072;S;NA;1;27;S;F;2529;EMP
057540040040-3156;057540040040;100mN32112E42122;PO;MIX;2;73;S;M;6574;EMP
057540040040-3156;057540040040;100mN32112E42122;PO;MIX;2;69;D;F;6574;NEP
057540040040-3157;057540040040;100mN32104E42071;PO;NA;3;25;S;M;2529;NEP
057540040040-3157;057540040040;100mN32104E42071;PO;NA;3;23;S;F;1824;EMP
057540040040-3157;057540040040;100mN32104E42071;PO;NA;3;6;S;M;0614;NEP
057540040040-3158;057540040040;100mN32112E42120;S;OS;1;40;S;M;4049;EMP
057540040040-3159;057540040040;100mN32090E42095;S;NA;1;31;S;M;3039;NEP
057540040040-3160;057540040040;100mN32115E42131;PO;NA;4;31;S;M;3039;EMP
057540040040-3160;057540040040;100mN32115E42131;PO;NA;4;26;S;M;2529;EMP
057540040040-3160;057540040040;100mN32115E42131;PO;NA;4;16;S;F;1517;NEP
057540040040-3160;057540040040;100mN32115E42131;PO;NA;4;3;S;M;0305;NEP
057540040040-3161;057540040040;100mN32105E42072;S;NA;1;73;S;M;6574;EMP
057540040040-3162;057540040040;100mN32136E42120;SM;NA;4;65;S;M;6574;EMP
057540040040-3162;057540040040;100mN32136E42120;SM;NA;4;40;S;M;4049;NEP
057540040040-3162;057540040040;100mN32136E42120;SM;NA;4;45;S;M;4049;NEP
057540040040-3162;057540040040;100mN32136E42120;SM;NA;4;11;S;M;0614;NEP
057540040040-3163;057540040040;100mN32132E42132;PO;NA;2;34;S;M;3039;EMP
057540040040-3163;057540040040;100mN32132E42132;PO;NA;2;28;S;M;2529;NEP
057540040040-3164;057540040040;100mN32105E42072;SF;NA;2;27;S;F;2529;EMP
057540040040-3164;057540040040;100mN32105E42072;SF;NA;2;6;S;F;0614;NEP
057540040040-3165;057540040040;100mN32095E42131;MC;NA;3;36;M;F;3039;EMP
057540040040-3165;057540040040;100mN32095E42131;MC;NA;3;33;M;M;3039;NEP
057540040040-3165;057540040040;100mN32095E42131;MC;NA;3;18;S;F;1824;NEP
057540040040-3166;057540040040;100mN32105E42072;S;NA;1;23;D;M;1824;NEP
057540040040-3167;057540040040;100mN32105E42072;SF;NA;3;26;W;F;2529;NEP
057540040040-3167;057540040040;100mN32105E42072;SF;NA;3;8;S;F;0614;NEP
057540040040-3167;057540040040;100mN32105E42072;SF;NA;3;10;S;M;0614;NEP
057540040040-3168;057540040040;100mN32135E42120;MC;NA;4;43;M;F;4049;EMP
057540040040-3168;057540040040;100mN32135E42120;MC;NA;4;43;M;M;4049;NEP
057540040040-3168;057540040040;100mN32135E42120;MC;NA;4;6;S;M;0614;NEP
057540040040-3168;057540040040;100mN32135E42120;MC;NA;4;12;S;M;0614;NEP
057540040040-3169;057540040040;100mN32114E42127;S;OS;1;50;D;M;5064;NEP
057540040040-3170;057540040040;100mN32130E42138;S;OS;1;31;S;F;3039;NEP
057540040040-3171;057540040040;100mN32142E42117;S;OS;1;71;M;F;6574;NEP
057540040040-3172;057540040040;100mN32090E42059;S;NA;1;18;S;M;1824;EMP
057540040040-3173;057540040040;100mN32142E42117;S;NA;1;43;W;M;4049;EMP
057540040040-3174;057540040040;100mN32142E42117;MC;NA;4;41;M;F;4049;EMP
057540040040-3174;057540040040;100mN32142E42117;MC;NA;4;42;M;M;4049;EMP
057540040040-3174;057540040040;100mN32142E42117;MC;NA;4;6;S;F;0614;NEP
057540040040-3174;057540040040;100mN32142E42117;MC;NA;4;7;S;M;0614;NEP
057540040040-3175;057540040040;100mN32101E42070;SF;NA;6;46;S;F;4049;NEP
057540040040-3175;057540040040;100mN32101E42070;SF;NA;6;6;S;M;0614;NEP
057540040040-3175;057540040040;100mN32101E42070;SF;NA;6;4;S;F;0305;NEP
057540040040-3175;057540040040;100mN32101E42070;SF;NA;6;3;S;M;0305;NEP
057540040040-3175;057540040040;100mN32101E42070;SF;NA;6;18;D;M;1824;EMP
057540040040-3175;057540040040;100mN32101E42070;SF;NA;6;12;S;M;0614;NEP
057540040040-3176;057540040040;100mN32142E42117;MC;OS;3;75;M;F;75XX;NEP
057540040040-3176;057540040040;100mN32142E42117;MC;OS;3;75;M;M;75XX;NEP
057540040040-3176;057540040040;100mN32142E42117;MC;OS;3;66;D;F;6574;NEP
057540040040-3177;057540040040;100mN32142E42117;MC;NA;2;28;M;M;2529;NEP
057540040040-3177;057540040040;100mN32142E42117;MC;NA;2;21;M;F;1824;NEP
057540040040-3178;057540040040;100mN32142E42117;NA;NA;4;26;M;F;2529;NEP
057540040040-3178;057540040040;100mN32142E42117;NA;NA;4;35;S;M;3039;NEP
057540040040-3178;057540040040;100mN32142E42117;NA;NA;4;42;D;F;4049;EMP
057540040040-3178;057540040040;100mN32142E42117;NA;NA;4;42;M;M;4049;EMP
057540040040-3179;057540040040;100mN32117E42123;MC;NA;5;57;M;F;5064;NEP
057540040040-3179;057540040040;100mN32117E42123;MC;NA;5;55;M;M;5064;EMP
057540040040-3179;057540040040;100mN32117E42123;MC;NA;5;3;S;F;0305;NEP
057540040040-3179;057540040040;100mN32117E42123;MC;NA;5;16;S;F;1517;EMP
057540040040-3179;057540040040;100mN32117E42123;MC;NA;5;3;S;M;0305;NEP
057540040040-3180;057540040040;100mN32113E42125;S;OS;1;41;S;M;4049;NEP
057540040040-3181;057540040040;100mN32114E42127;S;OS;1;37;S;F;3039;NEP
057540040040-3182;057540040040;100mN32134E42133;SF;NA;2;54;D;F;5064;EMP
057540040040-3182;057540040040;100mN32134E42133;SF;NA;2;9;S;F;0614;NEP
057540040040-3183;057540040040;100mN32139E42128;S;OS;1;61;M;F;5064;EMP
057540040040-3184;057540040040;100mN32117E42124;MC;NA;2;56;M;F;5064;EMP
057540040040-3184;057540040040;100mN32117E42124;MC;NA;2;58;M;M;5064;EMP
057540040040-3185;057540040040;100mN32142E42117;MC;NA;3;48;M;M;4049;EMP
057540040040-3185;057540040040;100mN32142E42117;MC;NA;3;41;M;F;4049;EMP
057540040040-3185;057540040040;100mN32142E42117;MC;NA;3;26;M;F;2529;EMP
057540040040-3186;057540040040;100mN32120E42125;MC;MIX;2;82;M;F;75XX;EMP
057540040040-3186;057540040040;100mN32120E42125;MC;MIX;2;47;S;M;4049;EMP
057540040040-3187;057540040040;100mN32112E42123;MC;OS;3;67;M;F;6574;NEP
057540040040-3187;057540040040;100mN32112E42123;MC;OS;3;72;M;M;6574;EMP
057540040040-3187;057540040040;100mN32112E42123;MC;OS;3;84;W;F;75XX;NEP
057540040040-3188;057540040040;100mN32142E42117;S;NA;1;82;M;M;75XX;EMP
057540040040-3189;057540040040;100mN32094E42130;MC;NA;3;40;M;F;4049;EMP
057540040040-3189;057540040040;100mN32094E42130;MC;NA;3;37;M;M;3039;EMP
057540040040-3189;057540040040;100mN32094E42130;MC;NA;3;3;S;F;0305;NEP
057540040040-3190;057540040040;100mN32125E42113;MC;NA;2;20;M;M;1824;NEP
057540040040-3190;057540040040;100mN32125E42113;MC;NA;2;26;M;F;2529;NEP
057540040040-3191;057540040040;100mN32125E42146;MC;NA;4;59;M;F;5064;NEP
057540040040-3191;057540040040;100mN32125E42146;MC;NA;4;61;M;M;5064;NEP
057540040040-3191;057540040040;100mN32125E42146;MC;NA;4;10;S;M;0614;NEP
057540040040-3191;057540040040;100mN32125E42146;MC;NA;4;8;S;M;0614;NEP
057540040040-3192;057540040040;100mN32142E42117;MC;NA;4;52;M;F;5064;NEP
057540040040-3192;057540040040;100mN32142E42117;MC;NA;4;61;M;M;5064;NEP
057540040040-3192;057540040040;100mN32142E42117;MC;NA;4;37;M;F;3039;NEP
057540040040-3192;057540040040;100mN32142E42117;MC;NA;4;9;S;F;0614;NEP
057540040040-3193;057540040040;100mN32119E42116;MC;NA;3;52;M;F;5064;NEP
057540040040-3193;057540040040;100mN32119E42116;MC;NA;3;55;M;M;5064;EMP
057540040040-3193;057540040040;100mN32119E42116;MC;NA;3;13;S;F;0614;NEP
057540040040-3194;057540040040;100mN32142E42117;SF;NA;2;88;W;F;75XX;NEP
057540040040-3194;057540040040;100mN32142E42117;SF;NA;2;8;S;F;0614;NEP
057540040040-3195;057540040040;100mN32142E42117;NA;OS;3;78;W;F;75XX;NEP
057540040040-3195;057540040040;100mN32142E42117;NA;OS;3;86;M;F;75XX;EMP
057540040040-3195;057540040040;100mN32142E42117;NA;OS;3;31;M;F;3039;EMP
057540040040-3196;057540040040;100mN32142E42117;NA;NA;2;50;S;F;5064;EMP
057540040040-3196;057540040040;100mN32142E42117;NA;NA;2;48;M;M;4049;EMP
057540040040-3197;057540040040;100mN32087E42095;MC;NA;2;40;M;F;4049;EMP
057540040040-3197;057540040040;100mN32087E42095;MC;NA;2;42;M;M;4049;EMP
057540040040-3198;057540040040;100mN32114E42124;S;NA;1;51;M;F;5064;EMP
057540040040-3199;057540040040;100mN32114E42116;PO;MIX;3;75;S;F;75XX;NEP
057540040040-3199;057540040040;100mN32114E42116;PO;MIX;3;53;S;M;5064;EMP
057540040040-3199;057540040040;100mN32114E42116;PO;MIX;3;51;S;F;5064;NEP
057540040040-3200;057540040040;100mN32112E42118;S;NA;1;44;M;F;4049;NEP
057540040040-3201;057540040040;100mN32142E42117;MC;NA;2;60;M;F;5064;NEP
057540040040-3201;057540040040;100mN32142E42117;MC;NA;2;51;M;M;5064;EMP
057540040040-3202;057540040040;100mN32121E42118;MC;NA;5;33;M;M;3039;EMP
057540040040-3202;057540040040;100mN32121E42118;MC;NA;5;30;M;F;3039;EMP
057540040040-3202;057540040040;100mN32121E42118;MC;NA;5;1;S;F;0003;NEP
057540040040-3202;057540040040;100mN32121E42118;MC;NA;5;3;S;F;0305;NEP
057540040040-3202;057540040040;100mN32121E42118;MC;NA;5;0;S;F;0003;NEP
057540040040-3203;057540040040;100mN32107E42072;PO;NA;2;48;S;M;4049;NEP
057540040040-3203;057540040040;100mN32107E42072;PO;NA;2;45;S;F;4049;EMP
057540040040-3204;057540040040;100mN32142E42117;MC;NA;3;51;M;F;5064;EMP
057540040040-3204;057540040040;100mN32142E42117;MC;NA;3;53;M;M;5064;EMP
057540040040-3204;057540040040;100mN32142E42117;MC;NA;3;36;M;F;3039;EMP
057540040040-3205;057540040040;100mN32116E42123;S;NA;1;32;W;F;3039;NEP
057540040040-3206;057540040040;100mN32142E42117;MC;NA;2;60;M;F;5064;EMP
057540040040-3206;057540040040;100mN32142E42117;MC;NA;2;60;M;M;5064;EMP
057540040040-3207;057540040040;100mN32143E42114;MC;NA;2;35;M;M;3039;NEP
057540040040-3207;057540040040;100mN32143E42114;MC;NA;2;30;M;F;3039;EMP
057540040040-3208;057540040040;100mN32101E42072;NA;NA;3;55;S;M;5064;EMP
057540040040-3208;057540040040;100mN32101E42072;NA;NA;3;20;D;F;1824;EMP
057540040040-3208;057540040040;100mN32101E42072;NA;NA;3;32;S;M;3039;EMP
057540040040-3209;057540040040;100mN32104E42073;MC;NA;4;33;M;F;3039;EMP
057540040040-3209;057540040040;100mN32104E42073;MC;NA;4;36;M;M;3039;EMP
057540040040-3209;057540040040;100mN32104E42073;MC;NA;4;3;S;F;0305;NEP
057540040040-3209;057540040040;100mN32104E42073;MC;NA;4;18;S;M;1824;EMP
057540040040-3210;057540040040;100mN32143E42114;S;NA;1;47;M;M;4049;EMP
057540040040-3211;057540040040;100mN32143E42114;PO;OS;2;65;S;M;6574;EMP
057540040040-3211;057540040040;100mN32143E42114;PO;OS;2;80;S;F;75XX;NEP
057540040040-3212;057540040040;100mN32118E42121;MC;NA;4;48;M;F;4049;NEP
057540040040-3212;057540040040;100mN32118E42121;MC;NA;4;48;M;M;4049;EMP
057540040040-3212;057540040040;100mN32118E42121;MC;NA;4;6;S;F;0614;NEP
057540040040-3212;057540040040;100mN32118E42121;MC;NA;4;10;S;M;0614;NEP
057540040040-3213;057540040040;100mN32105E42138;PO;NA;2;26;S;M;2529;EMP
057540040040-3213;057540040040;100mN32105E42138;PO;NA;2;18;S;F;1824;EMP
057540040040-3214;057540040040;100mN32105E42138;SF;NA;2;20;S;F;1824;EMP
057540040040-3214;057540040040;100mN32105E42138;SF;NA;2;0;S;F;0003;NEP
057540040040-3215;057540040040;100mN32105E42138;MC;NA;2;31;M;M;3039;NEP
057540040040-3215;057540040040;100mN32105E42138;MC;NA;2;30;M;F;3039;EMP
057540040040-3216;057540040040;100mN32105E42138;MC;NA;2;33;M;M;3039;EMP
057540040040-3216;057540040040;100mN32105E42138;MC;NA;2;30;M;F;3039;NEP
057540040040-3217;057540040040;100mN32127E42143;S;NA;1;25;D;M;2529;NEP
057540040040-3218;057540040040;100mN32132E42134;S;OS;1;40;S;F;4049;NEP
057540040040-3219;057540040040;100mN32117E42122;S;OS;1;53;S;F;5064;EMP
057540040040-3220;057540040040;100mN32114E42124;S;NA;1;45;S;F;4049;NEP
057540040040-3221;057540040040;100mN32113E42120;MC;NA;4;60;M;M;5064;EMP
057540040040-3221;057540040040;100mN32113E42120;MC;NA;4;58;M;F;5064;EMP
057540040040-3221;057540040040;100mN32113E42120;MC;NA;4;2;S;M;0003;NEP
057540040040-3221;057540040040;100mN32113E42120;MC;NA;4;9;S;M;0614;NEP
057540040040-3222;057540040040;100mN32113E42120;MC;MIX;2;72;M;F;6574;EMP
057540040040-3222;057540040040;100mN32113E42120;MC;MIX;2;63;M;M;5064;EMP
057540040040-3223;057540040040;100mN32113E42120;S;NA;1;37;M;F;3039;NEP
057540040040-3224;057540040040;100mN32113E42120;S;OS;1;16;S;F;1517;EMP
057540040040-3225;057540040040;100mN32114E42116;MC;OS;2;72;M;M;6574;EMP
057540040040-3225;057540040040;100mN32114E42116;MC;OS;2;67;M;F;6574;UEP
057540040040-3226;057540040040;100mN32115E42131;MC;OS;2;89;M;M;75XX;EMP
057540040040-3226;057540040040;100mN32115E42131;MC;OS;2;86;M;F;75XX;EMP
057540040040-3227;057540040040;100mN32136E42132;MC;NA;6;43;M;F;4049;NEP
057540040040-3227;057540040040;100mN32136E42132;MC;NA;6;52;M;M;5064;NEP
057540040040-3227;057540040040;100mN32136E42132;MC;NA;6;7;S;F;0614;NEP
057540040040-3227;057540040040;100mN32136E42132;MC;NA;6;6;S;M;0614;NEP
057540040040-3227;057540040040;100mN32136E42132;MC;NA;6;26;S;M;2529;NEP
057540040040-3227;057540040040;100mN32136E42132;MC;NA;6;0;S;F;0003;NEP
057540040040-3228;057540040040;100mN32131E42133;MC;OS;2;71;M;M;6574;EMP
057540040040-3228;057540040040;100mN32131E42133;MC;OS;2;68;M;F;6574;NEP
057540040040-3229;057540040040;100mN32114E42132;S;NA;1;58;D;F;5064;EMP
057540040040-3230;057540040040;100mN32124E42140;S;NA;1;43;D;F;4049;EMP
057540040040-3231;057540040040;100mN32113E42120;S;NA;1;65;M;M;6574;EMP
057540040040-3232;057540040040;100mN32113E42120;MC;OS;3;81;M;F;75XX;NEP
057540040040-3232;057540040040;100mN32113E42120;MC;OS;3;83;M;M;75XX;EMP
057540040040-3232;057540040040;100mN32113E42120;MC;OS;3;75;S;F;75XX;UEP
057540040040-3233;057540040040;100mN32134E42119;PO;NA;2;43;S;F;4049;NEP
057540040040-3233;057540040040;100mN32134E42119;PO;NA;2;50;S;F;5064;EMP
057540040040-3234;057540040040;100mN32113E42120;S;OS;1;44;S;M;4049;EMP
057540040040-3235;057540040040;100mN32117E42113;S;NA;1;71;D;M;6574;NEP
057540040040-3236;057540040040;100mN32113E42120;S;NA;1;21;M;M;1824;EMP
057540040040-3237;057540040040;100mN32113E42120;NA;NA;2;50;M;M;5064;EMP
057540040040-3237;057540040040;100mN32113E42120;NA;NA;2;45;S;F;4049;NEP
057540040040-3238;057540040040;100mN32113E42120;S;NA;1;55;D;F;5064;EMP
057540040040-3239;057540040040;100mN32113E42120;MC;NA;2;36;M;F;3039;NEP
057540040040-3239;057540040040;100mN32113E42120;MC;NA;2;37;M;M;3039;NEP
057540040040-3240;057540040040;100mN32113E42120;MC;OS;3;71;M;F;6574;EMP
057540040040-3240;057540040040;100mN32113E42120;MC;OS;3;72;M;M;6574;EMP
057540040040-3240;057540040040;100mN32113E42120;MC;OS;3;66;S;F;6574;NEP
057540040040-3241;057540040040;100mN32113E42120;S;OS;1;33;M;F;3039;NEP
057540040040-3242;057540040040;100mN32123E42123;MC;NA;2;63;M;M;5064;EMP
057540040040-3242;057540040040;100mN32123E42123;MC;NA;2;61;S;M;5064;EMP
057540040040-3243;057540040040;100mN32113E42120;MC;NA;2;27;M;F;2529;EMP
057540040040-3243;057540040040;100mN32113E42120;MC;NA;2;34;M;M;3039;EMP
057540040040-3244;057540040040;100mN32113E42120;MC;NA;4;44;M;M;4049;EMP
057540040040-3244;057540040040;100mN32113E42120;MC;NA;4;18;M;F;1824;NEP
057540040040-3244;057540040040;100mN32113E42120;MC;NA;4;27;S;M;2529;NEP
057540040040-3244;057540040040;100mN32113E42120;MC;NA;4;10;S;F;0614;NEP
057540040040-3245;057540040040;100mN32113E42120;MC;NA;2;53;M;F;5064;EMP
057540040040-3245;057540040040;100mN32113E42120;MC;NA;2;53;M;M;5064;EMP
057540040040-3246;057540040040;100mN32113E42120;MC;NA;2;59;M;M;5064;EMP
057540040040-3246;057540040040;100mN32113E42120;MC;NA;2;58;M;F;5064;UEP
057540040040-3247;057540040040;100mN32113E42120;MC;NA;2;22;M;F;1824;UEP
057540040040-3247;057540040040;100mN32113E42120;MC;NA;2;23;M;M;1824;EMP
057540040040-3248;057540040040;100mN32113E42120;S;OS;1;61;D;F;5064;EMP
057540040040-3249;057540040040;100mN32123E42146;MC;NA;4;27;M;F;2529;NEP
057540040040-3249;057540040040;100mN32123E42146;MC;NA;4;61;M;M;5064;NEP
057540040040-3249;057540040040;100mN32123E42146;MC;NA;4;9;S;F;0614;NEP
057540040040-3249;057540040040;100mN32123E42146;MC;NA;4;11;S;F;0614;NEP
057540040040-3250;057540040040;100mN32139E42106;MC;NA;3;46;M;M;4049;NEP
057540040040-3250;057540040040;100mN32139E42106;MC;NA;3;45;M;F;4049;NEP
057540040040-3250;057540040040;100mN32139E42106;MC;NA;3;8;S;M;0614;NEP
057540040040-3251;057540040040;100mN32101E42071;MC;OS;2;71;M;F;6574;EMP
057540040040-3251;057540040040;100mN32101E42071;MC;OS;2;79;M;M;75XX;EMP
057540040040-3252;057540040040;100mN32133E42135;MC;NA;6;40;M;F;4049;EMP
057540040040-3252;057540040040;100mN32133E42135;MC;NA;6;43;M;M;4049;NEP
057540040040-3252;057540040040;100mN32133E42135;MC;NA;6;16;S;F;1517;NEP
057540040040-3252;057540040040;100mN32133E42135;MC;NA;6;12;S;F;0614;NEP
057540040040-3252;057540040040;100mN32133E42135;MC;NA;6;4;S;F;0305;NEP
057540040040-3252;057540040040;100mN32133E42135;MC;NA;6;8;S;F;0614;NEP
057540040040-3253;057540040040;100mN32118E42142;MC;NA;4;38;M;M;3039;EMP
057540040040-3253;057540040040;100mN32118E42142;MC;NA;4;30;M;F;3039;NEP
057540040040-3253;057540040040;100mN32118E42142;MC;NA;4;16;S;F;1517;EMP
057540040040-3253;057540040040;100mN32118E42142;MC;NA;4;9;S;M;0614;NEP
057540040040-3254;057540040040;100mN32133E42135;S;NA;1;48;D;F;4049;NEP
057540040040-3255;057540040040;100mN32127E42143;S;NA;1;42;S;F;4049;EMP
057540040040-3256;057540040040;100mN32125E42113;PO;MIX;3;72;S;F;6574;EMP
057540040040-3256;057540040040;100mN32125E42113;PO;MIX;3;20;S;F;1824;EMP
057540040040-3256;057540040040;100mN32125E42113;PO;MIX;3;20;S;M;1824;EMP
057540040040-3257;057540040040;100mN32126E42143;S;NA;1;43;D;F;4049;EMP
057540040040-3258;057540040040;100mN32115E42120;MC;NA;3;55;M;F;5064;EMP
057540040040-3258;057540040040;100mN32115E42120;MC;NA;3;58;M;M;5064;NEP
057540040040-3258;057540040040;100mN32115E42120;MC;NA;3;27;M;M;2529;EMP
057540040040-3259;057540040040;100mN32129E42131;PO;NA;5;61;S;M;5064;EMP
057540040040-3259;057540040040;100mN32129E42131;PO;NA;5;60;S;F;5064;EMP
057540040040-3259;057540040040;100mN32129E42131;PO;NA;5;11;S;M;0614;NEP
057540040040-3259;057540040040;100mN32129E42131;PO;NA;5;10;S;F;0614;NEP
057540040040-3259;057540040040;100mN32129E42131;PO;NA;5;6;S;M;0614;NEP
057540040040-3260;057540040040;100mN32114E42126;MC;MIX;2;66;M;F;6574;EMP
057540040040-3260;057540040040;100mN32114E42126;MC;MIX;2;15;S;F;1517;EMP
057540040040-3261;057540040040;100mN32126E42145;S;OS;1;22;M;M;1824;NEP
057540040040-3262;057540040040;100mN32140E42128;S;NA;1;46;S;M;4049;EMP
057540040040-3263;057540040040;100mN32139E42123;S;NA;1;69;M;F;6574;NEP
057540040040-3264;057540040040;100mN32115E42120;S;OS;1;35;W;M;3039;NEP
057540040040-3265;057540040040;100mN32131E42131;SF;MIX;2;68;W;F;6574;EMP
057540040040-3265;057540040040;100mN32131E42131;SF;MIX;2;4;S;M;0305;NEP
057540040040-3266;057540040040;100mN32108E42072;MC;MIX;3;85;D;M;75XX;EMP
057540040040-3266;057540040040;100mN32108E42072;MC;MIX;3;43;M;F;4049;EMP
057540040040-3266;057540040040;100mN32108E42072;MC;MIX;3;38;M;M;3039;NEP
057540040040-3267;057540040040;100mN32092E42064;S;NA;1;86;M;F;75XX;EMP
057540040040-3268;057540040040;100mN32105E42089;S;NA;1;63;M;M;5064;EMP
057540040040-3269;057540040040;100mN32110E42080;S;NA;1;69;M;M;6574;EMP
057540040040-3270;057540040040;100mN32114E42121;MC;OS;5;79;M;F;75XX;EMP
057540040040-3270;057540040040;100mN32114E42121;MC;OS;5;82;M;M;75XX;EMP
057540040040-3270;057540040040;100mN32114E42121;MC;OS;5;76;M;F;75XX;NEP
057540040040-3270;057540040040;100mN32114E42121;MC;OS;5;69;M;M;6574;NEP
057540040040-3270;057540040040;100mN32114E42121;MC;OS;5;68;W;F;6574;EMP
057540040040-3271;057540040040;100mN32088E42051;SM;NA;4;69;S;M;6574;EMP
057540040040-3271;057540040040;100mN32088E42051;SM;NA;4;23;M;M;1824;EMP
057540040040-3271;057540040040;100mN32088E42051;SM;NA;4;9;S;F;0614;NEP
057540040040-3271;057540040040;100mN32088E42051;SM;NA;4;37;M;F;3039;NEP
057540040040-3272;057540040040;100mN32088E42051;S;NA;1;58;M;F;5064;EMP
057540040040-3273;057540040040;100mN32118E42132;S;NA;1;52;D;F;5064;EMP
057540040040-3274;057540040040;100mN32117E42127;S;NA;1;18;M;F;1824;NEP
057540040040-3275;057540040040;100mN32127E42141;PO;OS;3;81;S;F;75XX;UEP
057540040040-3275;057540040040;100mN32127E42141;PO;OS;3;59;W;F;5064;NEP
057540040040-3275;057540040040;100mN32127E42141;PO;OS;3;79;S;F;75XX;EMP
057540040040-3276;057540040040;100mN32117E42123;S;NA;1;63;M;F;5064;NEP
057540040040-3277;057540040040;100mN32111E42121;S;OS;1;25;D;M;2529;NEP
057540040040-3278;057540040040;100mN32117E42127;MC;MIX;2;89;M;F;75XX;NEP
057540040040-3278;057540040040;100mN32117E42127;MC;MIX;2;45;S;M;4049;EMP
057540040040-3279;057540040040;100mN32118E42127;S;OS;1;46;S;M;4049;NEP
057540040040-3280;057540040040;100mN32117E42127;MC;NA;2;44;M;F;4049;EMP
057540040040-3280;057540040040;100mN32117E42127;MC;NA;2;37;M;M;3039;NEP
057540040040-3281;057540040040;100mN32117E42123;S;OS;1;57;S;M;5064;EMP
057540040040-3282;057540040040;100mN32123E42148;MC;NA;2;35;M;F;3039;EMP
057540040040-3282;057540040040;100mN32123E42148;MC;NA;2;41;M;M;4049;NEP
057540040040-3283;057540040040;100mN32096E42064;MC;NA;3;45;M;M;4049;EMP
057540040040-3283;057540040040;100mN32096E42064;MC;NA;3;43;M;F;4049;UEP
057540040040-3283;057540040040;100mN32096E42064;MC;NA;3;13;S;M;0614;NEP
057540040040-3284;057540040040;100mN32117E42127;S;NA;1;47;M;M;4049;EMP
057540040040-3285;057540040040;100mN32121E42140;MC;NA;2;36;M;F;3039;NEP
057540040040-3285;057540040040;100mN32121E42140;MC;NA;2;38;M;M;3039;NEP
057540040040-3286;057540040040;100mN32114E42125;S;NA;1;52;W;F;5064;EMP
057540040040-3287;057540040040;100mN32116E42126;S;OS;1;38;D;F;3039;NEP
057540040040-3288;057540040040;100mN32101E42072;MC;NA;2;40;M;M;4049;EMP
057540040040-3288;057540040040;100mN32101E42072;MC;NA;2;35;M;F;3039;NEP
057540040040-3289;057540040040;100mN32117E42127;SF;NA;2;50;D;F;5064;EMP
057540040040-3289;057540040040;100mN32117E42127;SF;NA;2;33;M;M;3039;EMP
057540040040-3290;057540040040;100mN32117E42127;MC;NA;3;57;M;M;5064;NEP
057540040040-3290;057540040040;100mN32117E42127;MC;NA;3;58;M;F;5064;EMP
057540040040-3290;057540040040;100mN32117E42127;MC;NA;3;26;D;F;2529;NEP
057540040040-3291;057540040040;100mN32122E42113;PO;NA;3;40;S;M;4049;NEP
057540040040-3291;057540040040;100mN32122E42113;PO;NA;3;37;S;M;3039;EMP
057540040040-3291;057540040040;100mN32122E42113;PO;NA;3;19;M;F;1824;EMP
057540040040-3292;057540040040;100mN32118E42125;S;NA;1;86;M;F;75XX;EMP
057540040040-3293;057540040040;100mN32117E42127;MC;NA;6;22;M;M;1824;EMP
057540040040-3293;057540040040;100mN32117E42127;MC;NA;6;21;M;F;1824;NEP
057540040040-3293;057540040040;100mN32117E42127;MC;NA;6;7;S;F;0614;NEP
057540040040-3293;057540040040;100mN32117E42127;MC;NA;6;7;S;M;0614;NEP
057540040040-3293;057540040040;100mN32117E42127;MC;NA;6;0;S;M;0003;NEP
057540040040-3293;057540040040;100mN32117E42127;MC;NA;6;0;S;M;0003;NEP
057540040040-3294;057540040040;100mN32117E42127;MC;MIX;4;69;W;M;6574;NEP
057540040040-3294;057540040040;100mN32117E42127;MC;MIX;4;56;M;F;5064;NEP
057540040040-3294;057540040040;100mN32117E42127;MC;MIX;4;47;M;M;4049;EMP
057540040040-3294;057540040040;100mN32117E42127;MC;MIX;4;22;M;F;1824;EMP
057540040040-3295;057540040040;100mN32105E42101;MC;NA;2;52;M;M;5064;EMP
057540040040-3295;057540040040;100mN32105E42101;MC;NA;2;43;M;F;4049;EMP
057540040040-3296;057540040040;100mN32117E42127;S;NA;1;28;M;F;2529;NEP
057540040040-3297;057540040040;100mN32117E42127;MC;OS;2;77;M;F;75XX;EMP
057540040040-3297;057540040040;100mN32117E42127;MC;OS;2;89;M;M;75XX;EMP
057540040040-3298;057540040040;100mN32107E42070;S;NA;1;66;D;F;6574;NEP
057540040040-3299;057540040040;100mN32131E42131;S;NA;1;67;M;F;6574;NEP
057540040040-3300;057540040040;100mN32112E42147;MC;MIX;5;68;M;F;6574;NEP
057540040040-3300;057540040040;100mN32112E42147;MC;MIX;5;40;M;M;4049;EMP
057540040040-3300;057540040040;100mN32112E42147;MC;MIX;5;31;M;F;3039;NEP
057540040040-3300;057540040040;100mN32112E42147;MC;MIX;5;18;D;M;1824;EMP
057540040040-3300;057540040040;100mN32112E42147;MC;MIX;5;13;S;M;0614;NEP
057540040040-3301;057540040040;100mN32141E42117;S;NA;1;48;S;M;4049;NEP
057540040040-3302;057540040040;100mN32117E42127;S;OS;1;55;M;F;5064;NEP
057540040040-3303;057540040040;100mN32112E42118;MC;NA;3;46;M;M;4049;EMP
057540040040-3303;057540040040;100mN32112E42118;MC;NA;3;44;M;F;4049;NEP
057540040040-3303;057540040040;100mN32112E42118;MC;NA;3;25;S;F;2529;EMP
057540040040-3304;057540040040;100mN32115E42128;S;OS;1;26;M;F;2529;EMP
057540040040-3305;057540040040;100mN32102E42101;MC;NA;3;23;M;M;1824;EMP
057540040040-3305;057540040040;100mN32102E42101;MC;NA;3;22;M;F;1824;EMP
057540040040-3305;057540040040;100mN32102E42101;MC;NA;3;8;S;F;0614;NEP
057540040040-3306;057540040040;100mN32099E42068;MC;NA;5;37;M;F;3039;EMP
057540040040-3306;057540040040;100mN32099E42068;MC;NA;5;40;M;M;4049;EMP
057540040040-3306;057540040040;100mN32099E42068;MC;NA;5;12;S;F;0614;NEP
057540040040-3306;057540040040;100mN32099E42068;MC;NA;5;3;S;F;0305;NEP
057540040040-3306;057540040040;100mN32099E42068;MC;NA;5;22;W;F;1824;EMP
057540040040-3307;057540040040;100mN32116E42126;MC;NA;2;22;M;M;1824;EMP
057540040040-3307;057540040040;100mN32116E42126;MC;NA;2;22;M;F;1824;EMP
057540040040-3308;057540040040;100mN32099E42068;MC;NA;3;47;M;M;4049;EMP
057540040040-3308;057540040040;100mN32099E42068;MC;NA;3;44;M;F;4049;NEP
057540040040-3308;057540040040;100mN32099E42068;MC;NA;3;2;S;M;0003;NEP
057540040040-3309;057540040040;100mN32099E42068;MC;NA;3;60;M;F;5064;NEP
057540040040-3309;057540040040;100mN32099E42068;MC;NA;3;62;M;M;5064;NEP
057540040040-3309;057540040040;100mN32099E42068;MC;NA;3;1;S;M;0003;NEP
057540040040-3310;057540040040;100mN32099E42068;MC;OS;2;73;M;M;6574;EMP
057540040040-3310;057540040040;100mN32099E42068;MC;OS;2;79;M;F;75XX;NEP
057540040040-3311;057540040040;100mN32117E42123;MC;OS;5;72;M;M;6574;NEP
057540040040-3311;057540040040;100mN32117E42123;MC;OS;5;66;M;F;6574;UEP
057540040040-3311;057540040040;100mN32117E42123;MC;OS;5;67;S;M;6574;EMP
057540040040-3311;057540040040;100mN32117E42123;MC;OS;5;71;D;F;6574;EMP
057540040040-3311;057540040040;100mN32117E42123;MC;OS;5;66;M;F;6574;NEP
057540040040-3312;057540040040;100mN32107E42074;S;NA;1;86;S;F;75XX;EMP
057540040040-3313;057540040040;100mN32099E42068;MC;NA;2;32;M;M;3039;EMP
057540040040-3313;057540040040;100mN32099E42068;MC;NA;2;41;M;F;4049;EMP
057540040040-3314;057540040040;100mN32099E42068;S;NA;1;78;S;M;75XX;NEP
057540040040-3315;057540040040;100mN32103E42073;PO;NA;2;53;S;F;5064;EMP
057540040040-3315;057540040040;100mN32103E42073;PO;NA;2;53;S;M;5064;EMP
057540040040-3316;057540040040;100mN32116E42124;PO;NA;2;47;S;M;4049;EMP
057540040040-3316;057540040040;100mN32116E42124;PO;NA;2;41;S;F;4049;EMP
057540040040-3317;057540040040;100mN32100E42069;MC;NA;2;41;M;F;4049;EMP
057540040040-3317;057540040040;100mN32100E42069;MC;NA;2;38;M;M;3039;EMP
057540040040-3318;057540040040;100mN32117E42128;S;OS;1;51;W;F;5064;NEP
057540040040-3319;057540040040;100mN32112E42110;PO;NA;4;52;S;F;5064;UEP
057540040040-3319;057540040040;100mN32112E42110;PO;NA;4;59;S;M;5064;NEP
057540040040-3319;057540040040;100mN32112E42110;PO;NA;4;31;M;M;3039;EMP
057540040040-3319;057540040040;100mN32112E42110;PO;NA;4;3;S;F;0305;NEP
057540040040-3320;057540040040;100mN32100E42069;S;NA;1;35;M;M;3039;EMP
057540040040-3321;057540040040;100mN32100E42069;PO;NA;4;27;S;F;2529;EMP
057540040040-3321;057540040040;100mN32100E42069;PO;NA;4;31;S;F;3039;EMP
057540040040-3321;057540040040;100mN32100E42069;PO;NA;4;8;S;F;0614;NEP
057540040040-3321;057540040040;100mN32100E42069;PO;NA;4;11;S;M;0614;NEP
057540040040-3322;057540040040;100mN32118E42130;MC;NA;3;37;M;F;3039;NEP
057540040040-3322;057540040040;100mN32118E42130;MC;NA;3;43;M;M;4049;EMP
057540040040-3322;057540040040;100mN32118E42130;MC;NA;3;2;S;F;0003;NEP
057540040040-3323;057540040040;100mN32100E42069;MC;OS;2;78;M;M;75XX;EMP
057540040040-3323;057540040040;100mN32100E42069;MC;OS;2;89;M;F;75XX;EMP
057540040040-3324;057540040040;100mN32125E42115;MC;OS;3;80;M;F;75XX;NEP
057540040040-3324;057540040040;100mN32125E42115;MC;OS;3;89;M;M;75XX;EMP
057540040040-3324;057540040040;100mN32125E42115;MC;OS;3;68;W;F;6574;EMP
057540040040-3325;057540040040;100mN32115E42131;S;NA;1;27;M;M;2529;EMP
057540040040-3326;057540040040;100mN32099E42135;S;NA;1;20;M;M;1824;EMP
057540040040-3327;057540040040;100mN32112E42147;PO;NA;4;46;S;M;4049;NEP
057540040040-3327;057540040040;100mN32112E42147;PO;NA;4;47;S;M;4049;NEP
057540040040-3327;057540040040;100mN32112E42147;PO;NA;4;25;M;M;2529;EMP
057540040040-3327;057540040040;100mN32112E42147;PO;NA;4;23;M;M;1824;EMP
057540040040-3328;057540040040;100mN32124E42117;MC;NA;4;37;M;F;3039;EMP
057540040040-3328;057540040040;100mN32124E42117;MC;NA;4;36;M;M;3039;EMP
057540040040-3328;057540040040;100mN32124E42117;MC;NA;4;20;M;M;1824;EMP
057540040040-3328;057540040040;100mN32124E42117;MC;NA;4;9;S;F;0614;NEP
057540040040-3329;057540040040;100mN32113E42125;MC;NA;2;61;M;F;5064;EMP
057540040040-3329;057540040040;100mN32113E42125;MC;NA;2;61;M;M;5064;EMP
057540040040-3330;057540040040;100mN32132E42131;MC;NA;3;22;M;F;1824;EMP
057540040040-3330;057540040040;100mN32132E42131;MC;NA;3;22;M;M;1824;EMP
057540040040-3330;057540040040;100mN32132E42131;MC;NA;3;7;S;M;0614;NEP
057540040040-3331;057540040040;100mN32120E42125;MC;NA;2;32;M;M;3039;EMP
057540040040-3331;057540040040;100mN32120E42125;MC;NA;2;26;M;F;2529;EMP
057540040040-3332;057540040040;100mN32113E42125;MC;NA;3;18;M;F;1824;EMP
057540040040-3332;057540040040;100mN32113E42125;MC;NA;3;25;M;M;2529;NEP
057540040040-3332;057540040040;100mN32113E42125;MC;NA;3;0;S;F;0003;NEP
057540040040-3333;057540040040;100mN32113E42125;MC;NA;2;37;M;F;3039;NEP
057540040040-3333;057540040040;100mN32113E42125;MC;NA;2;44;M;M;4049;EMP
057540040040-3334;057540040040;100mN32113E42125;PO;NA;3;46;S;M;4049;EMP
057540040040-3334;057540040040;100mN32113E42125;PO;NA;3;52;S;M;5064;EMP
057540040040-3334;057540040040;100mN32113E42125;PO;NA;3;0;S;M;0003;NEP
057540040040-3335;057540040040;100mN32113E42125;S;NA;1;36;M;M;3039;EMP
057540040040-3336;057540040040;100mN32113E42125;S;OS;1;41;S;M;4049;NEP
057540040040-3337;057540040040;100mN32116E42126;MC;NA;2;27;M;F;2529;NEP
057540040040-3337;057540040040;100mN32116E42126;MC;NA;2;31;M;M;3039;NEP
057540040040-3338;057540040040;100mN32084E42111;S;NA;1;38;W;F;3039;NEP
057540040040-3339;057540040040;100mN32113E42125;MC;NA;4;43;M;M;4049;EMP
057540040040-3339;057540040040;100mN32113E42125;MC;NA;4;35;M;F;3039;EMP
057540040040-3339;057540040040;100mN32113E42125;MC;NA;4;21;M;F;1824;EMP
057540040040-3339;057540040040;100mN32113E42125;MC;NA;4;11;S;M;0614;NEP
057540040040-3340;057540040040;100mN32113E42125;MC;NA;4;25;M;F;2529;EMP
057540040040-3340;057540040040;100mN32113E42125;MC;NA;4;18;M;M;1824;EMP
057540040040-3340;057540040040;100mN32113E42125;MC;NA;4;10;S;F;0614;NEP
057540040040-3340;057540040040;100mN32113E42125;MC;NA;4;0;S;M;0003;NEP
057540040040-3341;057540040040;100mN32124E42065;S;NA;1;43;M;F;4049;EMP
057540040040-3342;057540040040;100mN32117E42123;S;OS;1;50;S;M;5064;EMP
057540040040-3343;057540040040;100mN32113E42125;MC;NA;4;56;M;F;5064;EMP
057540040040-3343;057540040040;100mN32113E42125;MC;NA;4;58;M;M;5064;EMP
057540040040-3343;057540040040;100mN32113E42125;MC;NA;4;6;S;M;0614;NEP
057540040040-3343;057540040040;100mN32113E42125;MC;NA;4;15;S;F;1517;UEP
057540040040-3344;057540040040;100mN32118E42126;MC;NA;2;61;M;F;5064;NEP
057540040040-3344;057540040040;100mN32118E42126;MC;NA;2;63;M;M;5064;NEP
057540040040-3345;057540040040;100mN32111E42142;S;OS;1;51;S;F;5064;NEP
057540040040-3346;057540040040;100mN32113E42125;S;OS;1;61;D;F;5064;NEP
057540040040-3347;057540040040;100mN32113E42125;MC;NA;4;53;M;F;5064;EMP
057540040040-3347;057540040040;100mN32113E42125;MC;NA;4;59;M;M;5064;EMP
057540040040-3347;057540040040;100mN32113E42125;MC;NA;4;32;D;F;3039;EMP
057540040040-3347;057540040040;100mN32113E42125;MC;NA;4;9;S;M;0614;NEP
057540040040-3348;057540040040;100mN32113E42125;S;NA;1;19;M;F;1824;NEP
057540040040-3349;057540040040;100mN32113E42125;MC;NA;3;36;M;M;3039;EMP
057540040040-3349;057540040040;100mN32113E42125;MC;NA;3;37;M;F;3039;EMP
057540040040-3349;057540040040;100mN32113E42125;MC;NA;3;10;S;F;0614;NEP
057540040040-3350;057540040040;100mN32113E42125;MC;NA;5;45;M;M;4049;NEP
057540040040-3350;057540040040;100mN32113E42125;MC;NA;5;42;M;F;4049;NEP
057540040040-3350;057540040040;100mN32113E42125;MC;NA;5;11;S;F;0614;NEP
057540040040-3350;057540040040;100mN32113E42125;MC;NA;5;12;S;F;0614;NEP
057540040040-3350;057540040040;100mN32113E42125;MC;NA;5;20;M;M;1824;EMP
057540040040-3351;057540040040;100mN32113E42125;MC;NA;2;59;M;F;5064;NEP
057540040040-3351;057540040040;100mN32113E42125;MC;NA;2;62;M;M;5064;EMP
057540040040-3352;057540040040;100mN32113E42125;MC;OS;2;89;M;F;75XX;EMP
057540040040-3352;057540040040;100mN32113E42125;MC;OS;2;51;W;F;5064;EMP
057540040040-3353;057540040040;100mN32113E42125;S;OS;1;54;S;F;5064;NEP
057540040040-3354;057540040040;100mN32113E42125;MC;NA;2;40;M;M;4049;EMP
057540040040-3354;057540040040;100mN32113E42125;MC;NA;2;31;M;F;3039;EMP
057540040040-3355;057540040040;100mN32115E42128;PC;NA;3;63;P;F;5064;EMP
057540040040-3355;057540040040;100mN32115E42128;PC;NA;3;34;W;F;3039;EMP
057540040040-3355;057540040040;100mN32115E42128;PC;NA;3;41;M;M;4049;NEP
057540040040-3356;057540040040;100mN32113E42125;SF;NA;2;72;S;F;6574;NEP
057540040040-3356;057540040040;100mN32113E42125;SF;NA;2;34;S;M;3039;EMP
057540040040-3357;057540040040;100mN32131E42131;NA;OS;2;67;D;F;6574;EMP
057540040040-3357;057540040040;100mN32131E42131;NA;OS;2;34;D;F;3039;EMP
057540040040-3358;057540040040;100mN32113E42125;MC;NA;2;36;M;F;3039;NEP
057540040040-3358;057540040040;100mN32113E42125;MC;NA;2;37;M;M;3039;EMP
057540040040-3359;057540040040;100mN32123E42142;S;OS;1;43;S;F;4049;EMP
057540040040-3360;057540040040;100mN32117E42123;SF;NA;2;81;S;F;75XX;EMP
057540040040-3360;057540040040;100mN32117E42123;SF;NA;2;10;S;M;0614;NEP
057540040040-3361;057540040040;100mN32113E42125;MC;NA;2;40;M;M;4049;NEP
057540040040-3361;057540040040;100mN32113E42125;MC;NA;2;42;M;F;4049;EMP
057540040040-3362;057540040040;100mN32136E42120;MC;MIX;4;76;S;F;75XX;NEP
057540040040-3362;057540040040;100mN32136E42120;MC;MIX;4;30;M;M;3039;EMP
057540040040-3362;057540040040;100mN32136E42120;MC;MIX;4;30;M;F;3039;EMP
057540040040-3362;057540040040;100mN32136E42120;MC;MIX;4;11;S;F;0614;NEP
057540040040-3363;057540040040;100mN32113E42125;MC;NA;3;26;M;M;2529;EMP
057540040040-3363;057540040040;100mN32113E42125;MC;NA;3;23;M;F;1824;NEP
057540040040-3363;057540040040;100mN32113E42125;MC;NA;3;11;S;M;0614;NEP
057540040040-3364;057540040040;100mN32115E42116;MC;OS;2;87;M;F;75XX;NEP
057540040040-3364;057540040040;100mN32115E42116;MC;OS;2;78;M;M;75XX;EMP
057540040040-3365;057540040040;100mN32113E42125;MC;MIX;3;65;M;M;6574;NEP
057540040040-3365;057540040040;100mN32113E42125;MC;MIX;3;36;M;M;3039;EMP
057540040040-3365;057540040040;100mN32113E42125;MC;MIX;3;35;M;F;3039;NEP
057540040040-3366;057540040040;100mN32113E42125;MC;NA;3;36;M;F;3039;NEP
057540040040-3366;057540040040;100mN32113E42125;MC;NA;3;62;M;M;5064;EMP
057540040040-3366;057540040040;100mN32113E42125;MC;NA;3;21;M;F;1824;UEP
057540040040-3367;057540040040;100mN32124E42146;MC;NA;5;47;M;M;4049;NEP
057540040040-3367;057540040040;100mN32124E42146;MC;NA;5;44;M;F;4049;NEP
057540040040-3367;057540040040;100mN32124E42146;MC;NA;5;13;S;F;0614;NEP
057540040040-3367;057540040040;100mN32124E42146;MC;NA;5;11;S;F;0614;NEP
057540040040-3367;057540040040;100mN32124E42146;MC;NA;5;31;W;F;3039;NEP
057540040040-3368;057540040040;100mN32113E42125;MC;NA;2;43;M;M;4049;EMP
057540040040-3368;057540040040;100mN32113E42125;MC;NA;2;44;M;F;4049;NEP
057540040040-3369;057540040040;100mN32117E42123;S;OS;1;57;S;M;5064;EMP
057540040040-3370;057540040040;100mN32113E42127;SF;NA;2;30;D;F;3039;NEP
057540040040-3370;057540040040;100mN32113E42127;SF;NA;2;2;S;M;0003;NEP
057540040040-3371;057540040040;100mN32103E42074;MC;NA;2;46;M;F;4049;NEP
057540040040-3371;057540040040;100mN32103E42074;MC;NA;2;47;M;M;4049;EMP
057540040040-3372;057540040040;100mN32114E42126;MC;NA;2;36;M;F;3039;EMP
057540040040-3372;057540040040;100mN32114E42126;MC;NA;2;37;M;M;3039;NEP
057540040040-3373;057540040040;100mN32113E42125;SF;MIX;4;88;D;M;75XX;EMP
057540040040-3373;057540040040;100mN32113E42125;SF;MIX;4;50;W;F;5064;EMP
057540040040-3373;057540040040;100mN32113E42125;SF;MIX;4;1;S;M;0003;NEP
057540040040-3373;057540040040;100mN32113E42125;SF;MIX;4;7;S;M;0614;NEP
057540040040-3374;057540040040;100mN32113E42125;PO;NA;2;40;S;F;4049;NEP
057540040040-3374;057540040040;100mN32113E42125;PO;NA;2;45;S;F;4049;NEP
057540040040-3375;057540040040;100mN32131E42131;SF;NA;4;65;W;F;6574;EMP
057540040040-3375;057540040040;100mN32131E42131;SF;NA;4;48;S;F;4049;EMP
057540040040-3375;057540040040;100mN32131E42131;SF;NA;4;50;S;F;5064;EMP
057540040040-3375;057540040040;100mN32131E42131;SF;NA;4;6;S;F;0614;NEP
057540040040-3376;057540040040;100mN32126E42081;SF;NA;3;44;S;F;4049;EMP
057540040040-3376;057540040040;100mN32126E42081;SF;NA;3;1;S;M;0003;NEP
057540040040-3376;057540040040;100mN32126E42081;SF;NA;3;9;S;F;0614;NEP
057540040040-3377;057540040040;100mN32113E42125;S;NA;1;66;S;F;6574;EMP
057540040040-3378;057540040040;100mN32140E42117;MC;NA;3;63;M;M;5064;EMP
057540040040-3378;057540040040;100mN32140E42117;MC;NA;3;63;M;F;5064;NEP
057540040040-3378;057540040040;100mN32140E42117;MC;NA;3;9;S;M;0614;NEP
057540040040-3379;057540040040;100mN32114E42125;MC;NA;5;52;M;F;5064;EMP
057540040040-3379;057540040040;100mN32114E42125;MC;NA;5;59;M;M;5064;EMP
057540040040-3379;057540040040;100mN32114E42125;MC;NA;5;25;M;F;2529;EMP
057540040040-3379;057540040040;100mN32114E42125;MC;NA;5;35;M;F;3039;NEP
057540040040-3379;057540040040;100mN32114E42125;MC;NA;5;13;S;M;0614;NEP
057540040040-3380;057540040040;100mN32114E42126;S;OS;1;46;S;M;4049;EMP
057540040040-3381;057540040040;100mN32115E42128;S;NA;1;41;W;F;4049;EMP
057540040040-3382;057540040040;100mN32113E42125;MC;NA;4;56;M;F;5064;EMP
057540040040-3382;057540040040;100mN32113E42125;MC;NA;4;61;M;M;5064;NEP
057540040040-3382;057540040040;100mN32113E42125;MC;NA;4;15;S;F;1517;EMP
057540040040-3382;057540040040;100mN32113E42125;MC;NA;4;2;S;F;0003;NEP
057540040040-3383;057540040040;100mN32113E42125;PO;NA;2;51;S;M;5064;NEP
057540040040-3383;057540040040;100mN32113E42125;PO;NA;2;50;S;M;5064;EMP
057540040040-3384;057540040040;100mN32115E42131;S;NA;1;27;M;M;2529;EMP
057540040040-3385;057540040040;100mN32103E42073;MC;MIX;3;89;M;M;75XX;NEP
057540040040-3385;057540040040;100mN32103E42073;MC;MIX;3;56;M;M;5064;NEP
057540040040-3385;057540040040;100mN32103E42073;MC;MIX;3;54;M;F;5064;EMP
057540040040-3386;057540040040;100mN32113E42125;MC;NA;4;60;M;F;5064;EMP
057540040040-3386;057540040040;100mN32113E42125;MC;NA;4;26;M;M;2529;NEP
057540040040-3386;057540040040;100mN32113E42125;MC;NA;4;8;S;M;0614;NEP
057540040040-3386;057540040040;100mN32113E42125;MC;NA;4;15;S;M;1517;EMP
057540040040-3387;057540040040;100mN32126E42144;MC;NA;2;38;M;M;3039;EMP
057540040040-3387;057540040040;100mN32126E42144;MC;NA;2;33;M;F;3039;NEP
057540040040-3388;057540040040;100mN32113E42125;MC;OS;2;86;M;M;75XX;EMP
057540040040-3388;057540040040;100mN32113E42125;MC;OS;2;86;M;F;75XX;UEP
057540040040-3389;057540040040;100mN32113E42125;PO;OS;2;89;S;F;75XX;NEP
057540040040-3389;057540040040;100mN32113E42125;PO;OS;2;28;S;F;2529;NEP
057540040040-3390;057540040040;100mN32113E42125;SF;NA;4;44;W;F;4049;EMP
057540040040-3390;057540040040;100mN32113E42125;SF;NA;4;15;S;F;1517;EMP
057540040040-3390;057540040040;100mN32113E42125;SF;NA;4;7;S;M;0614;NEP
057540040040-3390;057540040040;100mN32113E42125;SF;NA;4;20;M;F;1824;NEP
057540040040-3391;057540040040;100mN32113E42125;MC;NA;4;46;M;M;4049;EMP
057540040040-3391;057540040040;100mN32113E42125;MC;NA;4;38;M;F;3039;NEP
057540040040-3391;057540040040;100mN32113E42125;MC;NA;4;11;S;F;0614;NEP
057540040040-3391;057540040040;100mN32113E42125;MC;NA;4;13;S;M;0614;NEP
057540040040-3392;057540040040;100mN32113E42125;MC;NA;2;55;M;M;5064;EMP
057540040040-3392;057540040040;100mN32113E42125;MC;NA;2;55;M;F;5064;NEP
057540040040-3393;057540040040;100mN32125E42140;S;NA;1;41;W;F;4049;EMP
057540040040-3394;057540040040;100mN32113E42125;SF;MIX;4;88;D;M;75XX;EMP
057540040040-3394;057540040040;100mN32113E42125;SF;MIX;4;50;W;F;5064;EMP
057540040040-3394;057540040040;100mN32113E42125;SF;MIX;4;1;S;M;0003;NEP
057540040040-3394;057540040040;100mN32113E42125;SF;MIX;4;7;S;M;0614;NEP
057540040040-3395;057540040040;100mN32113E42125;PO;NA;3;25;S;M;2529;EMP
057540040040-3395;057540040040;100mN32113E42125;PO;NA;3;27;S;F;2529;NEP
057540040040-3395;057540040040;100mN32113E42125;PO;NA;3;2;S;M;0003;NEP
057540040040-3396;057540040040;100mN32113E42125;S;NA;1;16;S;M;1517;EMP
057540040040-3397;057540040040;100mN32113E42125;MC;NA;2;63;M;M;5064;EMP
057540040040-3397;057540040040;100mN32113E42125;MC;NA;2;27;M;F;2529;EMP
057540040040-3398;057540040040;100mN32120E42128;S;OS;1;71;M;F;6574;NEP
057540040040-3399;057540040040;100mN32144E42115;S;OS;1;38;W;F;3039;NEP
057540040040-3400;057540040040;100mN32144E42115;MC;OS;2;84;M;F;75XX;EMP
057540040040-3400;057540040040;100mN32144E42115;MC;OS;2;89;M;M;75XX;EMP
057540040040-3401;057540040040;100mN32144E42115;MC;NA;3;37;M;F;3039;EMP
057540040040-3401;057540040040;100mN32144E42115;MC;NA;3;38;M;M;3039;EMP
057540040040-3401;057540040040;100mN32144E42115;MC;NA;3;16;S;F;1517;EMP
057540040040-3402;057540040040;100mN32123E42142;MC;OS;2;87;M;F;75XX;NEP
057540040040-3402;057540040040;100mN32123E42142;MC;OS;2;41;S;M;4049;NEP
057540040040-3403;057540040040;100mN32088E42118;S;NA;1;62;W;M;5064;EMP
057540040040-3404;057540040040;100mN32115E42132;MC;NA;2;54;M;F;5064;EMP
057540040040-3404;057540040040;100mN32115E42132;MC;NA;2;52;M;M;5064;NEP
057540040040-3405;057540040040;100mN32144E42115;S;NA;1;58;M;M;5064;EMP
057540040040-3406;057540040040;100mN32117E42117;S;OS;1;62;M;F;5064;NEP
057540040040-3407;057540040040;100mN32121E42128;MC;OS;2;76;M;F;75XX;NEP
057540040040-3407;057540040040;100mN32121E42128;MC;OS;2;78;M;M;75XX;EMP
057540040040-3408;057540040040;100mN32117E42123;MC;NA;3;58;M;M;5064;NEP
057540040040-3408;057540040040;100mN32117E42123;MC;NA;3;55;M;F;5064;NEP
057540040040-3408;057540040040;100mN32117E42123;MC;NA;3;8;S;M;0614;NEP
057540040040-3409;057540040040;100mN32101E42071;SF;NA;4;61;W;F;5064;NEP
057540040040-3409;057540040040;100mN32101E42071;SF;NA;4;15;S;F;1517;NEP
057540040040-3409;057540040040;100mN32101E42071;SF;NA;4;12;S;F;0614;NEP
057540040040-3409;057540040040;100mN32101E42071;SF;NA;4;3;S;M;0305;NEP
057540040040-3410;057540040040;100mN32121E42128;MC;NA;4;32;M;M;3039;EMP
057540040040-3410;057540040040;100mN32121E42128;MC;NA;4;18;M;F;1824;NEP
057540040040-3410;057540040040;100mN32121E42128;MC;NA;4;13;S;M;0614;NEP
057540040040-3410;057540040040;100mN32121E42128;MC;NA;4;4;S;F;0305;NEP
057540040040-3411;057540040040;100mN32121E42128;MC;NA;2;20;M;F;1824;EMP
057540040040-3411;057540040040;100mN32121E42128;MC;NA;2;25;M;M;2529;NEP
057540040040-3412;057540040040;100mN32117E42112;S;OS;1;57;W;F;5064;EMP
057540040040-3413;057540040040;100mN32131E42135;MC;NA;2;63;M;F;5064;NEP
057540040040-3413;057540040040;100mN32131E42135;MC;NA;2;77;M;F;75XX;EMP
057540040040-3414;057540040040;100mN32121E42128;SF;NA;2;56;W;F;5064;NEP
057540040040-3414;057540040040;100mN32121E42128;SF;NA;2;20;M;F;1824;NEP
057540040040-3415;057540040040;100mN32121E42128;S;NA;1;84;M;F;75XX;NEP
057540040040-3416;057540040040;100mN32121E42128;PO;NA;2;41;S;M;4049;NEP
057540040040-3416;057540040040;100mN32121E42128;PO;NA;2;47;S;M;4049;EMP
057540040040-3417;057540040040;100mN32114E42124;NA;OS;3;36;M;M;3039;EMP
057540040040-3417;057540040040;100mN32114E42124;NA;OS;3;59;W;F;5064;NEP
057540040040-3417;057540040040;100mN32114E42124;NA;OS;3;25;S;M;2529;EMP
057540040040-3418;057540040040;100mN32140E42122;S;NA;1;58;W;F;5064;EMP
057540040040-3419;057540040040;100mN32121E42128;S;NA;1;23;S;M;1824;EMP
057540040040-3420;057540040040;100mN32118E42118;MC;MIX;2;77;M;M;75XX;NEP
057540040040-3420;057540040040;100mN32118E42118;MC;MIX;2;9;S;M;0614;NEP
057540040040-3421;057540040040;100mN32104E42074;MC;NA;4;40;M;F;4049;EMP
057540040040-3421;057540040040;100mN32104E42074;MC;NA;4;40;M;M;4049;EMP
057540040040-3421;057540040040;100mN32104E42074;MC;NA;4;4;S;F;0305;NEP
057540040040-3421;057540040040;100mN32104E42074;MC;NA;4;11;S;M;0614;NEP
057540040040-3422;057540040040;100mN32121E42128;MC;NA;2;31;M;F;3039;EMP
057540040040-3422;057540040040;100mN32121E42128;MC;NA;2;37;M;M;3039;NEP
057540040040-3423;057540040040;100mN32121E42128;MC;NA;3;26;M;M;2529;EMP
057540040040-3423;057540040040;100mN32121E42128;MC;NA;3;18;M;F;1824;EMP
057540040040-3423;057540040040;100mN32121E42128;MC;NA;3;11;S;M;0614;NEP
057540040040-3424;057540040040;100mN32115E42122;NA;MIX;2;32;M;F;3039;EMP
057540040040-3424;057540040040;100mN32115E42122;NA;MIX;2;62;M;M;5064;NEP
057540040040-3425;057540040040;100mN32121E42126;MC;MIX;4;69;M;M;6574;NEP
057540040040-3425;057540040040;100mN32121E42126;MC;MIX;4;41;M;M;4049;EMP
057540040040-3425;057540040040;100mN32121E42126;MC;MIX;4;38;M;F;3039;EMP
057540040040-3425;057540040040;100mN32121E42126;MC;MIX;4;13;S;F;0614;NEP
057540040040-3426;057540040040;100mN32115E42128;S;OS;1;62;S;M;5064;EMP
057540040040-3427;057540040040;100mN32121E42126;MC;MIX;2;65;M;M;6574;EMP
057540040040-3427;057540040040;100mN32121E42126;MC;MIX;2;60;M;F;5064;EMP
057540040040-3428;057540040040;100mN32121E42126;S;NA;1;42;M;M;4049;NEP
057540040040-3429;057540040040;100mN32121E42126;S;NA;1;33;M;M;3039;EMP
057540040040-3430;057540040040;100mN32121E42126;MC;NA;2;40;M;M;4049;EMP
057540040040-3430;057540040040;100mN32121E42126;MC;NA;2;35;M;F;3039;EMP
057540040040-3431;057540040040;100mN32118E42123;MC;OS;6;71;M;M;6574;NEP
057540040040-3431;057540040040;100mN32118E42123;MC;OS;6;72;M;F;6574;NEP
057540040040-3431;057540040040;100mN32118E42123;MC;OS;6;89;S;F;75XX;EMP
057540040040-3431;057540040040;100mN32118E42123;MC;OS;6;65;S;M;6574;EMP
057540040040-3431;057540040040;100mN32118E42123;MC;OS;6;75;W;F;75XX;EMP
057540040040-3431;057540040040;100mN32118E42123;MC;OS;6;78;D;F;75XX;NEP
057540040040-3432;057540040040;100mN32125E42115;MC;OS;3;80;M;F;75XX;NEP
057540040040-3432;057540040040;100mN32125E42115;MC;OS;3;89;M;M;75XX;EMP
057540040040-3432;057540040040;100mN32125E42115;MC;OS;3;68;W;F;6574;EMP
057540040040-3433;057540040040;100mN32121E42126;MC;OS;2;76;M;F;75XX;NEP
057540040040-3433;057540040040;100mN32121E42126;MC;OS;2;82;M;M;75XX;EMP
057540040040-3434;057540040040;100mN32124E42146;MC;MIX;2;70;M;F;6574;UEP
057540040040-3434;057540040040;100mN32124E42146;MC;MIX;2;63;S;M;5064;NEP
057540040040-3435;057540040040;100mN32150E42122;MC;OS;4;82;M;F;75XX;EMP
057540040040-3435;057540040040;100mN32150E42122;MC;OS;4;73;M;M;6574;NEP
057540040040-3435;057540040040;100mN32150E42122;MC;OS;4;73;S;M;6574;EMP
057540040040-3435;057540040040;100mN32150E42122;MC;OS;4;77;M;F;75XX;EMP
057540040040-3436;057540040040;100mN32150E42122;S;NA;1;43;S;M;4049;NEP
057540040040-3437;057540040040;100mN32150E42122;MC;NA;4;45;M;M;4049;EMP
057540040040-3437;057540040040;100mN32150E42122;MC;NA;4;40;M;F;4049;NEP
057540040040-3437;057540040040;100mN32150E42122;MC;NA;4;11;S;M;0614;NEP
057540040040-3437;057540040040;100mN32150E42122;MC;NA;4;7;S;F;0614;NEP
057540040040-3438;057540040040;100mN32124E42139;MC;MIX;3;81;S;M;75XX;NEP
057540040040-3438;057540040040;100mN32124E42139;MC;MIX;3;46;M;F;4049;EMP
057540040040-3438;057540040040;100mN32124E42139;MC;MIX;3;51;M;M;5064;EMP
057540040040-3439;057540040040;100mN32132E42131;MC;NA;3;22;M;F;1824;EMP
057540040040-3439;057540040040;100mN32132E42131;MC;NA;3;22;M;M;1824;EMP
057540040040-3439;057540040040;100mN32132E42131;MC;NA;3;7;S;M;0614;NEP
057540040040-3440;057540040040;100mN32105E42101;MC;NA;2;60;M;F;5064;NEP
057540040040-3440;057540040040;100mN32105E42101;MC;NA;2;53;M;M;5064;EMP
057540040040-3441;057540040040;100mN32126E42140;S;OS;1;42;W;F;4049;NEP
057540040040-3442;057540040040;100mN32108E42068;SF;NA;2;55;S;F;5064;EMP
057540040040-3442;057540040040;100mN32108E42068;SF;NA;2;13;S;F;0614;NEP
057540040040-3443;057540040040;100mN32108E42068;S;OS;1;46;D;M;4049;EMP
057540040040-3444;057540040040;100mN32131E42131;S;OS;1;59;D;M;5064;EMP
057540040040-3445;057540040040;100mN32125E42114;MC;OS;2;77;M;M;75XX;NEP
057540040040-3445;057540040040;100mN32125E42114;MC;OS;2;76;M;F;75XX;EMP
057540040040-3446;057540040040;100mN32125E42139;SF;NA;5;32;W;F;3039;EMP
057540040040-3446;057540040040;100mN32125E42139;SF;NA;5;12;S;M;0614;NEP
057540040040-3446;057540040040;100mN32125E42139;SF;NA;5;16;S;F;1517;NEP
057540040040-3446;057540040040;100mN32125E42139;SF;NA;5;16;S;M;1517;EMP
057540040040-3446;057540040040;100mN32125E42139;SF;NA;5;16;S;M;1517;EMP
057540040040-3447;057540040040;100mN32108E42072;MC;MIX;3;85;D;M;75XX;EMP
057540040040-3447;057540040040;100mN32108E42072;MC;MIX;3;43;M;F;4049;EMP
057540040040-3447;057540040040;100mN32108E42072;MC;MIX;3;38;M;M;3039;NEP
057540040040-3448;057540040040;100mN32108E42072;MC;NA;4;62;M;M;5064;EMP
057540040040-3448;057540040040;100mN32108E42072;MC;NA;4;59;M;F;5064;EMP
057540040040-3448;057540040040;100mN32108E42072;MC;NA;4;11;S;M;0614;NEP
057540040040-3448;057540040040;100mN32108E42072;MC;NA;4;25;S;M;2529;NEP
057540040040-3449;057540040040;100mN32101E42071;MC;NA;3;32;M;M;3039;EMP
057540040040-3449;057540040040;100mN32101E42071;MC;NA;3;31;M;F;3039;EMP
057540040040-3449;057540040040;100mN32101E42071;MC;NA;3;15;S;M;1517;EMP
057540040040-3450;057540040040;100mN32132E42132;S;NA;1;58;W;M;5064;NEP
057540040040-3451;057540040040;100mN32115E42115;S;NA;1;53;S;F;5064;EMP
057540040040-3452;057540040040;100mN32125E42145;MC;NA;2;43;M;M;4049;EMP
057540040040-3452;057540040040;100mN32125E42145;MC;NA;2;40;M;F;4049;UEP
057540040040-3453;057540040040;100mN32118E42121;S;OS;1;35;D;F;3039;EMP
057540040040-3454;057540040040;100mN32108E42072;MC;NA;3;43;M;M;4049;NEP
057540040040-3454;057540040040;100mN32108E42072;MC;NA;3;41;M;F;4049;NEP
057540040040-3454;057540040040;100mN32108E42072;MC;NA;3;7;S;M;0614;NEP
057540040040-3455;057540040040;100mN32108E42072;MC;NA;2;35;M;F;3039;NEP
057540040040-3455;057540040040;100mN32108E42072;MC;NA;2;38;M;M;3039;EMP
057540040040-3456;057540040040;100mN32108E42072;MC;NA;2;34;M;M;3039;EMP
057540040040-3456;057540040040;100mN32108E42072;MC;NA;2;32;M;F;3039;EMP
057540040040-3457;057540040040;100mN32108E42072;MC;NA;3;32;M;M;3039;NEP
057540040040-3457;057540040040;100mN32108E42072;MC;NA;3;26;M;F;2529;EMP
057540040040-3457;057540040040;100mN32108E42072;MC;NA;3;3;S;F;0305;NEP
057540040040-3458;057540040040;100mN32135E42119;S;OS;1;55;M;M;5064;NEP
057540040040-3459;057540040040;100mN32108E42072;S;NA;1;52;D;M;5064;EMP
057540040040-3460;057540040040;100mN32108E42072;MC;NA;4;60;M;M;5064;EMP
057540040040-3460;057540040040;100mN32108E42072;MC;NA;4;58;M;F;5064;NEP
057540040040-3460;057540040040;100mN32108E42072;MC;NA;4;36;M;F;3039;EMP
057540040040-3460;057540040040;100mN32108E42072;MC;NA;4;15;S;F;1517;EMP
057540040040-3461;057540040040;100mN32108E42072;S;NA;1;70;W;F;6574;NEP
057540040040-3462;057540040040;100mN32108E42072;MC;MIX;4;73;M;M;6574;NEP
057540040040-3462;057540040040;100mN32108E42072;MC;MIX;4;32;M;M;3039;EMP
057540040040-3462;057540040040;100mN32108E42072;MC;MIX;4;30;M;F;3039;NEP
057540040040-3462;057540040040;100mN32108E42072;MC;MIX;4;13;S;F;0614;NEP
057540040040-3463;057540040040;100mN32102E42070;MC;OS;5;70;M;F;6574;EMP
057540040040-3463;057540040040;100mN32102E42070;MC;OS;5;70;M;M;6574;NEP
057540040040-3463;057540040040;100mN32102E42070;MC;OS;5;86;D;F;75XX;NEP
057540040040-3463;057540040040;100mN32102E42070;MC;OS;5;73;W;F;6574;NEP
057540040040-3463;057540040040;100mN32102E42070;MC;OS;5;85;M;M;75XX;EMP
057540040040-3464;057540040040;100mN32124E42143;MC;OS;2;70;M;F;6574;EMP
057540040040-3464;057540040040;100mN32124E42143;MC;OS;2;79;M;M;75XX;EMP
057540040040-3465;057540040040;100mN32101E42072;S;OS;1;55;S;F;5064;EMP
057540040040-3466;057540040040;100mN32110E42148;MC;OS;2;67;M;M;6574;EMP
057540040040-3466;057540040040;100mN32110E42148;MC;OS;2;66;M;F;6574;EMP
057540040040-3467;057540040040;100mN32103E42110;S;NA;1;65;S;F;6574;EMP
057540040040-3468;057540040040;100mN32108E42072;MC;NA;3;18;M;F;1824;EMP
057540040040-3468;057540040040;100mN32108E42072;MC;NA;3;53;M;M;5064;EMP
057540040040-3468;057540040040;100mN32108E42072;MC;NA;3;3;S;M;0305;NEP
057540040040-3469;057540040040;100mN32112E42119;MC;NA;2;23;M;F;1824;NEP
057540040040-3469;057540040040;100mN32112E42119;MC;NA;2;27;M;M;2529;EMP
057540040040-3470;057540040040;100mN32131E42131;MC;NA;3;40;M;F;4049;EMP
057540040040-3470;057540040040;100mN32131E42131;MC;NA;3;45;M;M;4049;NEP
057540040040-3470;057540040040;100mN32131E42131;MC;NA;3;4;S;F;0305;NEP
057540040040-3471;057540040040;100mN32105E42101;MC;NA;2;60;M;F;5064;NEP
057540040040-3471;057540040040;100mN32105E42101;MC;NA;2;53;M;M;5064;EMP
057540040040-3472;057540040040;100mN32117E42125;PO;NA;4;40;S;F;4049;EMP
057540040040-3472;057540040040;100mN32117E42125;PO;NA;4;53;S;F;5064;EMP
057540040040-3472;057540040040;100mN32117E42125;PO;NA;4;10;S;F;0614;NEP
057540040040-3472;057540040040;100mN32117E42125;PO;NA;4;22;M;M;1824;NEP
057540040040-3473;057540040040;100mN32116E42131;PO;NA;2;36;S;M;3039;EMP
057540040040-3473;057540040040;100mN32116E42131;PO;NA;2;34;S;M;3039;EMP
057540040040-3474;057540040040;100mN32101E42132;S;NA;1;61;M;F;5064;UEP
057540040040-3475;057540040040;100mN32126E42144;S;OS;1;70;M;M;6574;NEP
057540040040-3476;057540040040;100mN32113E42118;MC;OS;2;73;M;F;6574;EMP
057540040040-3476;057540040040;100mN32113E42118;MC;OS;2;89;M;M;75XX;NEP
057540040040-3477;057540040040;100mN32112E42119;MC;NA;2;20;M;M;1824;NEP
057540040040-3477;057540040040;100mN32112E42119;MC;NA;2;18;M;F;1824;EMP
057540040040-3478;057540040040;100mN32125E42139;S;NA;1;45;M;M;4049;EMP
057540040040-3479;057540040040;100mN32121E42127;MC;OS;2;66;M;M;6574;NEP
057540040040-3479;057540040040;100mN32121E42127;MC;OS;2;65;M;F;6574;NEP
057540040040-3480;057540040040;100mN32112E42119;SF;NA;3;76;S;F;75XX;EMP
057540040040-3480;057540040040;100mN32112E42119;SF;NA;3;16;S;M;1517;NEP
057540040040-3480;057540040040;100mN32112E42119;SF;NA;3;13;S;M;0614;NEP
057540040040-3481;057540040040;100mN32112E42119;MC;NA;6;27;M;M;2529;EMP
057540040040-3481;057540040040;100mN32112E42119;MC;NA;6;18;M;F;1824;EMP
057540040040-3481;057540040040;100mN32112E42119;MC;NA;6;9;S;F;0614;NEP
057540040040-3481;057540040040;100mN32112E42119;MC;NA;6;11;S;M;0614;NEP
057540040040-3481;057540040040;100mN32112E42119;MC;NA;6;3;S;F;0305;NEP
057540040040-3481;057540040040;100mN32112E42119;MC;NA;6;9;S;F;0614;NEP
057540040040-3482;057540040040;100mN32112E42119;MC;OS;3;79;M;F;75XX;NEP
057540040040-3482;057540040040;100mN32112E42119;MC;OS;3;80;M;M;75XX;NEP
057540040040-3482;057540040040;100mN32112E42119;MC;OS;3;70;M;M;6574;EMP
057540040040-3483;057540040040;100mN32123E42142;MC;MIX;2;70;M;M;6574;EMP
057540040040-3483;057540040040;100mN32123E42142;MC;MIX;2;19;S;M;1824;NEP
057540040040-3484;057540040040;100mN32112E42119;MC;OS;2;72;M;M;6574;NEP
057540040040-3484;057540040040;100mN32112E42119;MC;OS;2;66;M;F;6574;NEP
057540040040-3485;057540040040;100mN32118E42125;MC;MIX;3;72;D;F;6574;NEP
057540040040-3485;057540040040;100mN32118E42125;MC;MIX;3;33;M;F;3039;NEP
057540040040-3485;057540040040;100mN32118E42125;MC;MIX;3;40;M;M;4049;EMP
057540040040-3486;057540040040;100mN32125E42138;MC;OS;2;72;M;M;6574;EMP
057540040040-3486;057540040040;100mN32125E42138;MC;OS;2;67;M;F;6574;NEP
057540040040-3487;057540040040;100mN32112E42119;MC;NA;3;31;M;M;3039;NEP
057540040040-3487;057540040040;100mN32112E42119;MC;NA;3;40;M;F;4049;EMP
057540040040-3487;057540040040;100mN32112E42119;MC;NA;3;8;S;M;0614;NEP
057540040040-3488;057540040040;100mN32128E42137;S;NA;1;63;D;M;5064;NEP
057540040040-3489;057540040040;100mN32112E42119;S;NA;1;51;M;F;5064;NEP
057540040040-3490;057540040040;100mN32118E42125;PO;NA;4;51;S;M;5064;NEP
057540040040-3490;057540040040;100mN32118E42125;PO;NA;4;57;S;M;5064;NEP
057540040040-3490;057540040040;100mN32118E42125;PO;NA;4;31;S;M;3039;EMP
057540040040-3490;057540040040;100mN32118E42125;PO;NA;4;6;S;M;0614;NEP
057540040040-3491;057540040040;100mN32112E42119;SF;NA;2;72;D;F;6574;NEP
057540040040-3491;057540040040;100mN32112E42119;SF;NA;2;3;S;F;0305;NEP
057540040040-3492;057540040040;100mN32140E42118;MC;NA;6;35;M;M;3039;NEP
057540040040-3492;057540040040;100mN32140E42118;MC;NA;6;34;M;F;3039;UEP
057540040040-3492;057540040040;100mN32140E42118;MC;NA;6;4;S;M;0305;NEP
057540040040-3492;057540040040;100mN32140E42118;MC;NA;6;20;M;M;1824;EMP
057540040040-3492;057540040040;100mN32140E42118;MC;NA;6;16;S;F;1517;NEP
057540040040-3492;057540040040;100mN32140E42118;MC;NA;6;12;S;F;0614;NEP
057540040040-3493;057540040040;100mN32112E42119;MC;OS;2;81;M;F;75XX;EMP
057540040040-3493;057540040040;100mN32112E42119;MC;OS;2;86;M;M;75XX;EMP
057540040040-3494;057540040040;100mN32114E42126;MC;MIX;2;67;M;F;6574;EMP
057540040040-3494;057540040040;100mN32114E42126;MC;MIX;2;15;S;M;1517;EMP
057540040040-3495;057540040040;100mN32112E42119;SF;NA;2;72;S;F;6574;NEP
057540040040-3495;057540040040;100mN32112E42119;SF;NA;2;15;S;M;1517;NEP
057540040040-3496;057540040040;100mN32112E42121;MC;NA;2;45;M;M;4049;EMP
057540040040-3496;057540040040;100mN32112E42121;MC;NA;2;43;M;F;4049;UEP
057540040040-3497;057540040040;100mN32130E42131;PO;NA;3;45;S;F;4049;EMP
057540040040-3497;057540040040;100mN32130E42131;PO;NA;3;50;S;M;5064;EMP
057540040040-3497;057540040040;100mN32130E42131;PO;NA;3;10;S;F;0614;NEP
057540040040-3498;057540040040;100mN32112E42122;MC;MIX;2;79;M;F;75XX;EMP
057540040040-3498;057540040040;100mN32112E42122;MC;MIX;2;36;W;F;3039;EMP
057540040040-3499;057540040040;100mN32115E42131;SF;NA;3;54;W;F;5064;EMP
057540040040-3499;057540040040;100mN32115E42131;SF;NA;3;6;S;F;0614;NEP
057540040040-3499;057540040040;100mN32115E42131;SF;NA;3;19;M;M;1824;EMP
057540040040-3500;057540040040;100mN32116E42126;S;NA;1;40;M;F;4049;EMP
057540040040-3501;057540040040;100mN32117E42126;S;NA;1;45;M;M;4049;EMP
057540040040-3502;057540040040;100mN32117E42126;MC;NA;4;26;M;M;2529;NEP
057540040040-3502;057540040040;100mN32117E42126;MC;NA;4;18;M;F;1824;NEP
057540040040-3502;057540040040;100mN32117E42126;MC;NA;4;6;S;F;0614;NEP
057540040040-3502;057540040040;100mN32117E42126;MC;NA;4;7;S;M;0614;NEP
057540040040-3503;057540040040;100mN32117E42126;MC;OS;3;70;M;M;6574;EMP
057540040040-3503;057540040040;100mN32117E42126;MC;OS;3;86;M;F;75XX;EMP
057540040040-3503;057540040040;100mN32117E42126;MC;OS;3;77;M;M;75XX;EMP
057540040040-3504;057540040040;100mN32117E42126;MC;OS;5;70;M;M;6574;EMP
057540040040-3504;057540040040;100mN32117E42126;MC;OS;5;65;M;F;6574;EMP
057540040040-3504;057540040040;100mN32117E42126;MC;OS;5;73;M;F;6574;EMP
057540040040-3504;057540040040;100mN32117E42126;MC;OS;5;67;S;F;6574;EMP
057540040040-3504;057540040040;100mN32117E42126;MC;OS;5;67;W;M;6574;NEP
057540040040-3505;057540040040;100mN32118E42131;PO;NA;4;57;S;M;5064;NEP
057540040040-3505;057540040040;100mN32118E42131;PO;NA;4;57;S;M;5064;EMP
057540040040-3505;057540040040;100mN32118E42131;PO;NA;4;34;M;M;3039;EMP
057540040040-3505;057540040040;100mN32118E42131;PO;NA;4;16;S;F;1517;NEP
057540040040-3506;057540040040;100mN32117E42126;MC;OS;5;71;M;M;6574;NEP
057540040040-3506;057540040040;100mN32117E42126;MC;OS;5;72;M;F;6574;UEP
057540040040-3506;057540040040;100mN32117E42126;MC;OS;5;81;S;F;75XX;NEP
057540040040-3506;057540040040;100mN32117E42126;MC;OS;5;81;D;F;75XX;NEP
057540040040-3506;057540040040;100mN32117E42126;MC;OS;5;78;D;F;75XX;NEP
057540040040-3507;057540040040;100mN32105E42098;MC;NA;5;38;M;F;3039;NEP
057540040040-3507;057540040040;100mN32105E42098;MC;NA;5;45;M;M;4049;NEP
057540040040-3507;057540040040;100mN32105E42098;MC;NA;5;18;W;F;1824;EMP
057540040040-3507;057540040040;100mN32105E42098;MC;NA;5;6;S;M;0614;NEP
057540040040-3507;057540040040;100mN32105E42098;MC;NA;5;9;S;M;0614;NEP
057540040040-3508;057540040040;100mN32117E42126;PO;NA;2;62;S;F;5064;NEP
057540040040-3508;057540040040;100mN32117E42126;PO;NA;2;63;S;F;5064;NEP
057540040040-3509;057540040040;100mN32117E42133;MC;NA;3;42;M;F;4049;NEP
057540040040-3509;057540040040;100mN32117E42133;MC;NA;3;46;M;M;4049;EMP
057540040040-3509;057540040040;100mN32117E42133;MC;NA;3;10;S;M;0614;NEP
057540040040-3510;057540040040;100mN32117E42126;MC;NA;2;61;M;F;5064;NEP
057540040040-3510;057540040040;100mN32117E42126;MC;NA;2;54;M;M;5064;EMP
057540040040-3511;057540040040;100mN32117E42126;SM;NA;3;32;D;M;3039;EMP
057540040040-3511;057540040040;100mN32117E42126;SM;NA;3;1;S;M;0003;NEP
057540040040-3511;057540040040;100mN32117E42126;SM;NA;3;11;S;F;0614;NEP
057540040040-3512;057540040040;100mN32141E42116;S;NA;1;42;W;F;4049;EMP
057540040040-3513;057540040040;100mN32117E42126;MC;NA;4;61;M;F;5064;EMP
057540040040-3513;057540040040;100mN32117E42126;MC;NA;4;62;M;M;5064;EMP
057540040040-3513;057540040040;100mN32117E42126;MC;NA;4;1;S;M;0003;NEP
057540040040-3513;057540040040;100mN32117E42126;MC;NA;4;3;S;F;0305;NEP
057540040040-3514;057540040040;100mN32117E42126;S;NA;1;73;M;M;6574;EMP
057540040040-3515;057540040040;100mN32114E42127;S;OS;1;59;M;F;5064;EMP
057540040040-3516;057540040040;100mN32137E42138;MC;NA;2;56;M;F;5064;EMP
057540040040-3516;057540040040;100mN32137E42138;MC;NA;2;60;M;M;5064;EMP
057540040040-3517;057540040040;100mN32126E42142;MC;NA;3;40;M;M;4049;EMP
057540040040-3517;057540040040;100mN32126E42142;MC;NA;3;38;M;F;3039;NEP
057540040040-3517;057540040040;100mN32126E42142;MC;NA;3;8;S;F;0614;NEP
057540040040-3518;057540040040;100mN32124E42117;SF;NA;2;56;W;F;5064;EMP
057540040040-3518;057540040040;100mN32124E42117;SF;NA;2;32;S;F;3039;EMP
057540040040-3519;057540040040;100mN32126E42142;MC;NA;2;44;M;M;4049;EMP
057540040040-3519;057540040040;100mN32126E42142;MC;NA;2;46;M;F;4049;EMP
057540040040-3520;057540040040;100mN32093E42131;S;OS;1;40;M;M;4049;EMP
057540040040-3521;057540040040;100mN32126E42142;MC;NA;2;32;M;F;3039;EMP
057540040040-3521;057540040040;100mN32126E42142;MC;NA;2;37;M;M;3039;EMP
057540040040-3522;057540040040;100mN32132E42134;MC;OS;3;86;M;M;75XX;EMP
057540040040-3522;057540040040;100mN32132E42134;MC;OS;3;83;M;F;75XX;NEP
057540040040-3522;057540040040;100mN32132E42134;MC;OS;3;68;D;F;6574;EMP
057540040040-3523;057540040040;100mN32116E42128;SF;NA;2;60;W;F;5064;EMP
057540040040-3523;057540040040;100mN32116E42128;SF;NA;2;11;S;F;0614;NEP
057540040040-3524;057540040040;100mN32123E42112;SF;NA;3;73;W;F;6574;EMP
057540040040-3524;057540040040;100mN32123E42112;SF;NA;3;16;S;M;1517;NEP
057540040040-3524;057540040040;100mN32123E42112;SF;NA;3;15;S;M;1517;NEP
057540040040-3525;057540040040;100mN32126E42142;S;NA;1;76;S;F;75XX;EMP
057540040040-3526;057540040040;100mN32126E42142;SF;NA;2;46;S;F;4049;NEP
057540040040-3526;057540040040;100mN32126E42142;SF;NA;2;18;D;F;1824;EMP
057540040040-3527;057540040040;100mN32124E42140;MC;MIX;2;82;M;F;75XX;EMP
057540040040-3527;057540040040;100mN32124E42140;MC;MIX;2;31;S;F;3039;EMP
057540040040-3528;057540040040;100mN32125E42114;SM;NA;2;30;S;M;3039;EMP
057540040040-3528;057540040040;100mN32125E42114;SM;NA;2;2;S;M;0003;NEP
057540040040-3529;057540040040;100mN32128E42071;S;OS;1;60;W;F;5064;NEP
057540040040-3530;057540040040;100mN32125E42114;MC;MIX;3;71;W;F;6574;NEP
057540040040-3530;057540040040;100mN32125E42114;MC;MIX;3;53;M;M;5064;NEP
057540040040-3530;057540040040;100mN32125E42114;MC;MIX;3;50;M;F;5064;EMP
057540040040-3531;057540040040;100mN32118E42121;MC;NA;4;52;M;F;5064;NEP
057540040040-3531;057540040040;100mN32118E42121;MC;NA;4;54;M;M;5064;EMP
057540040040-3531;057540040040;100mN32118E42121;MC;NA;4;11;S;M;0614;NEP
057540040040-3531;057540040040;100mN32118E42121;MC;NA;4;9;S;F;0614;NEP
057540040040-3532;057540040040;100mN32114E42124;S;NA;1;51;M;F;5064;EMP
057540040040-3533;057540040040;100mN32125E42114;MC;NA;4;41;M;F;4049;NEP
057540040040-3533;057540040040;100mN32125E42114;MC;NA;4;34;M;M;3039;EMP
057540040040-3533;057540040040;100mN32125E42114;MC;NA;4;7;S;F;0614;NEP
057540040040-3533;057540040040;100mN32125E42114;MC;NA;4;0;S;M;0003;NEP
057540040040-3534;057540040040;100mN32124E42140;SM;NA;3;40;S;M;4049;NEP
057540040040-3534;057540040040;100mN32124E42140;SM;NA;3;1;S;M;0003;NEP
057540040040-3534;057540040040;100mN32124E42140;SM;NA;3;1;S;F;0003;NEP
057540040040-3535;057540040040;100mN32117E42133;S;NA;1;23;M;M;1824;EMP
057540040040-3536;057540040040;100mN32112E42123;PO;NA;4;42;S;F;4049;EMP
057540040040-3536;057540040040;100mN32112E42123;PO;NA;4;33;S;F;3039;EMP
057540040040-3536;057540040040;100mN32112E42123;PO;NA;4;10;S;M;0614;NEP
057540040040-3536;057540040040;100mN32112E42123;PO;NA;4;9;S;F;0614;NEP
057540040040-3537;057540040040;100mN32125E42114;SF;NA;4;84;W;F;75XX;NEP
057540040040-3537;057540040040;100mN32125E42114;SF;NA;4;10;S;F;0614;NEP
057540040040-3537;057540040040;100mN32125E42114;SF;NA;4;9;S;F;0614;NEP
057540040040-3537;057540040040;100mN32125E42114;SF;NA;4;40;S;F;4049;EMP
057540040040-3538;057540040040;100mN32125E42114;MC;NA;2;54;M;F;5064;EMP
057540040040-3538;057540040040;100mN32125E42114;MC;NA;2;62;M;M;5064;NEP
057540040040-3539;057540040040;100mN32124E42139;MC;OS;4;69;M;M;6574;EMP
057540040040-3539;057540040040;100mN32124E42139;MC;OS;4;66;M;F;6574;NEP
057540040040-3539;057540040040;100mN32124E42139;MC;OS;4;70;D;F;6574;EMP
057540040040-3539;057540040040;100mN32124E42139;MC;OS;4;80;W;F;75XX;UEP
057540040040-3540;057540040040;100mN32118E42089;SF;NA;2;89;D;F;75XX;EMP
057540040040-3540;057540040040;100mN32118E42089;SF;NA;2;8;S;M;0614;NEP
057540040040-3541;057540040040;100mN32125E42114;MC;NA;2;42;M;M;4049;EMP
057540040040-3541;057540040040;100mN32125E42114;MC;NA;2;40;M;F;4049;EMP
057540040040-3542;057540040040;100mN32111E42123;SF;NA;3;27;S;F;2529;EMP
057540040040-3542;057540040040;100mN32111E42123;SF;NA;3;11;S;F;0614;NEP
057540040040-3542;057540040040;100mN32111E42123;SF;NA;3;9;S;M;0614;NEP
057540040040-3543;057540040040;100mN32131E42133;S;OS;1;82;S;F;75XX;NEP
057540040040-3544;057540040040;100mN32125E42114;MC;NA;2;56;M;F;5064;EMP
057540040040-3544;057540040040;100mN32125E42114;MC;NA;2;48;M;M;4049;EMP
057540040040-3545;057540040040;100mN32128E42137;S;NA;1;63;D;M;5064;NEP
057540040040-3546;057540040040;100mN32125E42114;MC;OS;2;77;M;M;75XX;NEP
057540040040-3546;057540040040;100mN32125E42114;MC;OS;2;76;M;F;75XX;EMP
057540040040-3547;057540040040;100mN32132E42131;MC;MIX;5;80;W;F;75XX;EMP
057540040040-3547;057540040040;100mN32132E42131;MC;MIX;5;41;M;M;4049;NEP
057540040040-3547;057540040040;100mN32132E42131;MC;MIX;5;40;M;F;4049;EMP
057540040040-3547;057540040040;100mN32132E42131;MC;MIX;5;13;S;F;0614;NEP
057540040040-3547;057540040040;100mN32132E42131;MC;MIX;5;18;M;M;1824;EMP
057540040040-3548;057540040040;100mN32121E42127;MC;OS;2;81;M;F;75XX;EMP
057540040040-3548;057540040040;100mN32121E42127;MC;OS;2;79;M;M;75XX;EMP
057540040040-3549;057540040040;100mN32125E42114;S;NA;1;67;M;M;6574;EMP
057540040040-3550;057540040040;100mN32125E42114;S;NA;1;33;M;F;3039;EMP
057540040040-3551;057540040040;100mN32125E42114;NA;NA;2;43;M;F;4049;EMP
057540040040-3551;057540040040;100mN32125E42114;NA;NA;2;65;S;F;6574;NEP
057540040040-3552;057540040040;100mN32125E42114;MC;NA;2;27;M;F;2529;EMP
057540040040-3552;057540040040;100mN32125E42114;MC;NA;2;18;M;M;1824;EMP
057540040040-3553;057540040040;100mN32136E42126;MC;NA;2;48;M;F;4049;NEP
057540040040-3553;057540040040;100mN32136E42126;MC;NA;2;51;M;M;5064;EMP
057540040040-3554;057540040040;100mN32132E42132;MC;OS;4;67;M;F;6574;NEP
057540040040-3554;057540040040;100mN32132E42132;MC;OS;4;69;M;M;6574;NEP
057540040040-3554;057540040040;100mN32132E42132;MC;OS;4;84;S;M;75XX;EMP
057540040040-3554;057540040040;100mN32132E42132;MC;OS;4;66;S;M;6574;NEP
057540040040-3555;057540040040;100mN32125E42114;S;NA;1;87;M;F;75XX;NEP
057540040040-3556;057540040040;100mN32134E42127;PO;NA;4;32;S;F;3039;NEP
057540040040-3556;057540040040;100mN32134E42127;PO;NA;4;32;S;M;3039;NEP
057540040040-3556;057540040040;100mN32134E42127;PO;NA;4;13;S;M;0614;NEP
057540040040-3556;057540040040;100mN32134E42127;PO;NA;4;15;S;F;1517;NEP
057540040040-3557;057540040040;100mN32117E42125;S;OS;1;46;S;M;4049;EMP
057540040040-3558;057540040040;100mN32111E42124;MC;OS;2;79;M;F;75XX;EMP
057540040040-3558;057540040040;100mN32111E42124;MC;OS;2;77;M;M;75XX;NEP
057540040040-3559;057540040040;100mN32120E42121;MC;NA;2;36;M;F;3039;EMP
057540040040-3559;057540040040;100mN32120E42121;MC;NA;2;42;M;M;4049;EMP
057540040040-3560;057540040040;100mN32103E42071;MC;NA;6;43;M;F;4049;EMP
057540040040-3560;057540040040;100mN32103E42071;MC;NA;6;37;M;M;3039;EMP
057540040040-3560;057540040040;100mN32103E42071;MC;NA;6;13;S;F;0614;NEP
057540040040-3560;057540040040;100mN32103E42071;MC;NA;6;11;S;M;0614;NEP
057540040040-3560;057540040040;100mN32103E42071;MC;NA;6;12;S;F;0614;NEP
057540040040-3560;057540040040;100mN32103E42071;MC;NA;6;26;D;F;2529;NEP
057540040040-3561;057540040040;100mN32120E42122;MC;NA;3;63;M;F;5064;UEP
057540040040-3561;057540040040;100mN32120E42122;MC;NA;3;41;D;F;4049;EMP
057540040040-3561;057540040040;100mN32120E42122;MC;NA;3;42;M;F;4049;EMP
057540040040-3562;057540040040;100mN32118E42130;MC;NA;5;63;M;M;5064;EMP
057540040040-3562;057540040040;100mN32118E42130;MC;NA;5;61;M;F;5064;EMP
057540040040-3562;057540040040;100mN32118E42130;MC;NA;5;6;S;F;0614;NEP
057540040040-3562;057540040040;100mN32118E42130;MC;NA;5;31;S;F;3039;NEP
057540040040-3562;057540040040;100mN32118E42130;MC;NA;5;16;S;M;1517;EMP
057540040040-3563;057540040040;100mN32125E42114;MC;NA;3;52;M;F;5064;EMP
057540040040-3563;057540040040;100mN32125E42114;MC;NA;3;53;M;M;5064;NEP
057540040040-3563;057540040040;100mN32125E42114;MC;NA;3;37;W;F;3039;EMP
057540040040-3564;057540040040;100mN32103E42074;S;OS;1;36;W;M;3039;NEP
057540040040-3565;057540040040;100mN32125E42114;MC;NA;2;40;M;M;4049;EMP
057540040040-3565;057540040040;100mN32125E42114;MC;NA;2;36;M;F;3039;NEP
057540040040-3566;057540040040;100mN32114E42127;S;NA;1;16;S;F;1517;EMP
057540040040-3567;057540040040;100mN32125E42114;MC;NA;2;56;M;M;5064;EMP
057540040040-3567;057540040040;100mN32125E42114;MC;NA;2;54;M;F;5064;EMP
057540040040-3568;057540040040;100mN32107E42123;MC;NA;2;50;M;F;5064;UEP
057540040040-3568;057540040040;100mN32107E42123;MC;NA;2;56;M;M;5064;NEP
057540040040-3569;057540040040;100mN32111E42147;S;OS;1;65;S;F;6574;EMP
057540040040-3570;057540040040;100mN32107E42123;MC;MIX;2;80;M;F;75XX;EMP
057540040040-3570;057540040040;100mN32107E42123;MC;MIX;2;83;M;F;75XX;NEP
057540040040-3571;057540040040;100mN32136E42127;MC;OS;4;78;M;F;75XX;EMP
057540040040-3571;057540040040;100mN32136E42127;MC;OS;4;81;M;M;75XX;NEP
057540040040-3571;057540040040;100mN32136E42127;MC;OS;4;75;D;F;75XX;NEP
057540040040-3571;057540040040;100mN32136E42127;MC;OS;4;84;D;F;75XX;EMP
057540040040-3572;057540040040;100mN32124E42117;S;OS;1;27;S;M;2529;EMP
057540040040-3573;057540040040;100mN32123E42140;MC;MIX;4;69;S;M;6574;EMP
057540040040-3573;057540040040;100mN32123E42140;MC;MIX;4;37;M;F;3039;NEP
057540040040-3573;057540040040;100mN32123E42140;MC;MIX;4;40;M;M;4049;EMP
057540040040-3573;057540040040;100mN32123E42140;MC;MIX;4;4;S;F;0305;NEP
057540040040-3574;057540040040;100mN32123E42140;S;NA;1;63;S;M;5064;NEP
057540040040-3575;057540040040;100mN32123E42140;S;NA;1;63;S;M;5064;NEP
057540040040-3576;057540040040;100mN32123E42140;SF;NA;2;72;W;F;6574;NEP
057540040040-3576;057540040040;100mN32123E42140;SF;NA;2;41;M;F;4049;EMP
057540040040-3577;057540040040;100mN32119E42133;S;NA;1;75;M;M;75XX;EMP
057540040040-3578;057540040040;100mN32115E42111;MC;OS;2;81;M;F;75XX;NEP
057540040040-3578;057540040040;100mN32115E42111;MC;OS;2;80;M;M;75XX;EMP
057540040040-3579;057540040040;100mN32119E42133;S;NA;1;40;S;M;4049;NEP
057540040040-3580;057540040040;100mN32112E42117;MC;NA;2;51;M;M;5064;EMP
057540040040-3580;057540040040;100mN32112E42117;MC;NA;2;52;M;F;5064;NEP
057540040040-3581;057540040040;100mN32091E42053;MC;NA;4;58;M;F;5064;EMP
057540040040-3581;057540040040;100mN32091E42053;MC;NA;4;63;M;M;5064;NEP
057540040040-3581;057540040040;100mN32091E42053;MC;NA;4;12;S;F;0614;NEP
057540040040-3581;057540040040;100mN32091E42053;MC;NA;4;25;W;F;2529;EMP
057540040040-3582;057540040040;100mN32126E42135;MC;MIX;4;78;S;F;75XX;EMP
057540040040-3582;057540040040;100mN32126E42135;MC;MIX;4;63;M;M;5064;EMP
057540040040-3582;057540040040;100mN32126E42135;MC;MIX;4;51;M;F;5064;NEP
057540040040-3582;057540040040;100mN32126E42135;MC;MIX;4;33;D;M;3039;EMP
057540040040-3583;057540040040;100mN32102E42074;MC;OS;2;86;M;F;75XX;EMP
057540040040-3583;057540040040;100mN32102E42074;MC;OS;2;89;M;M;75XX;NEP
057540040040-3584;057540040040;100mN32138E42127;MC;MIX;3;80;M;M;75XX;EMP
057540040040-3584;057540040040;100mN32138E42127;MC;MIX;3;61;M;F;5064;EMP
057540040040-3584;057540040040;100mN32138E42127;MC;MIX;3;62;S;M;5064;NEP
057540040040-3585;057540040040;100mN32138E42127;S;NA;1;71;M;M;6574;NEP
057540040040-3586;057540040040;100mN32127E42133;MC;OS;4;71;M;F;6574;NEP
057540040040-3586;057540040040;100mN32127E42133;MC;OS;4;71;M;M;6574;EMP
057540040040-3586;057540040040;100mN32127E42133;MC;OS;4;79;M;F;75XX;NEP
057540040040-3586;057540040040;100mN32127E42133;MC;OS;4;73;S;F;6574;EMP
057540040040-3587;057540040040;100mN32117E42123;MC;MIX;3;70;M;M;6574;EMP
057540040040-3587;057540040040;100mN32117E42123;MC;MIX;3;51;M;F;5064;EMP
057540040040-3587;057540040040;100mN32117E42123;MC;MIX;3;54;M;M;5064;EMP
057540040040-3588;057540040040;100mN32138E42127;MC;NA;3;25;M;M;2529;EMP
057540040040-3588;057540040040;100mN32138E42127;MC;NA;3;31;M;F;3039;EMP
057540040040-3588;057540040040;100mN32138E42127;MC;NA;3;4;S;F;0305;NEP
057540040040-3589;057540040040;100mN32092E42104;MC;NA;3;58;M;M;5064;NEP
057540040040-3589;057540040040;100mN32092E42104;MC;NA;3;54;M;F;5064;NEP
057540040040-3589;057540040040;100mN32092E42104;MC;NA;3;21;D;M;1824;NEP
057540040040-3590;057540040040;100mN32138E42127;S;NA;1;32;M;F;3039;EMP
057540040040-3591;057540040040;100mN32138E42127;S;NA;1;19;M;M;1824;EMP
057540040040-3592;057540040040;100mN32117E42123;MC;OS;2;68;M;M;6574;NEP
057540040040-3592;057540040040;100mN32117E42123;MC;OS;2;66;M;F;6574;NEP
057540040040-3593;057540040040;100mN32111E42118;MC;MIX;4;70;S;M;6574;EMP
057540040040-3593;057540040040;100mN32111E42118;MC;MIX;4;43;M;F;4049;EMP
057540040040-3593;057540040040;100mN32111E42118;MC;MIX;4;50;M;M;5064;NEP
057540040040-3593;057540040040;100mN32111E42118;MC;MIX;4;15;S;F;1517;EMP
057540040040-3594;057540040040;100mN32126E42144;SF;MIX;3;79;W;M;75XX;EMP
057540040040-3594;057540040040;100mN32126E42144;SF;MIX;3;67;D;F;6574;EMP
057540040040-3594;057540040040;100mN32126E42144;SF;MIX;3;50;W;F;5064;NEP
057540040040-3595;057540040040;100mN32138E42127;MC;OS;3;68;M;F;6574;EMP
057540040040-3595;057540040040;100mN32138E42127;MC;OS;3;72;M;M;6574;EMP
057540040040-3595;057540040040;100mN32138E42127;MC;OS;3;85;M;F;75XX;EMP
057540040040-3596;057540040040;100mN32118E42127;S;NA;1;36;S;M;3039;EMP
057540040040-3597;057540040040;100mN32125E42139;SF;NA;5;32;W;F;3039;EMP
057540040040-3597;057540040040;100mN32125E42139;SF;NA;5;12;S;M;0614;NEP
057540040040-3597;057540040040;100mN32125E42139;SF;NA;5;16;S;F;1517;NEP
057540040040-3597;057540040040;100mN32125E42139;SF;NA;5;16;S;M;1517;EMP
057540040040-3597;057540040040;100mN32125E42139;SF;NA;5;16;S;M;1517;EMP
057540040040-3598;057540040040;100mN32138E42127;S;OS;1;43;M;M;4049;EMP
057540040040-3599;057540040040;100mN32126E42144;S;NA;1;33;W;F;3039;NEP
057540040040-3600;057540040040;100mN32138E42127;SF;NA;4;57;D;F;5064;EMP
057540040040-3600;057540040040;100mN32138E42127;SF;NA;4;16;S;M;1517;EMP
057540040040-3600;057540040040;100mN32138E42127;SF;NA;4;36;M;M;3039;EMP
057540040040-3600;057540040040;100mN32138E42127;SF;NA;4;12;S;F;0614;NEP
057540040040-3601;057540040040;100mN32138E42127;MC;NA;4;46;M;F;4049;EMP
057540040040-3601;057540040040;100mN32138E42127;MC;NA;4;51;M;M;5064;NEP
057540040040-3601;057540040040;100mN32138E42127;MC;NA;4;21;M;M;1824;NEP
057540040040-3601;057540040040;100mN32138E42127;MC;NA;4;13;S;F;0614;NEP
057540040040-3602;057540040040;100mN32104E42073;MC;MIX;3;87;S;F;75XX;NEP
057540040040-3602;057540040040;100mN32104E42073;MC;MIX;3;25;M;M;2529;NEP
057540040040-3602;057540040040;100mN32104E42073;MC;MIX;3;22;M;F;1824;EMP
057540040040-3603;057540040040;100mN32118E42125;S;OS;1;47;D;F;4049;NEP
057540040040-3604;057540040040;100mN32135E42120;NA;OS;2;55;M;M;5064;EMP
057540040040-3604;057540040040;100mN32135E42120;NA;OS;2;87;W;F;75XX;EMP
057540040040-3605;057540040040;100mN32138E42127;PO;NA;2;42;S;M;4049;EMP
057540040040-3605;057540040040;100mN32138E42127;PO;NA;2;37;S;M;3039;EMP
057540040040-3606;057540040040;100mN32119E42061;MC;OS;2;73;M;F;6574;EMP
057540040040-3606;057540040040;100mN32119E42061;MC;OS;2;79;M;M;75XX;EMP
057540040040-3607;057540040040;100mN32119E42061;MC;NA;4;51;M;M;5064;NEP
057540040040-3607;057540040040;100mN32119E42061;MC;NA;4;46;M;F;4049;EMP
057540040040-3607;057540040040;100mN32119E42061;MC;NA;4;10;S;M;0614;NEP
057540040040-3607;057540040040;100mN32119E42061;MC;NA;4;23;M;F;1824;NEP
057540040040-3608;057540040040;100mN32119E42061;PO;MIX;3;69;M;F;6574;NEP
057540040040-3608;057540040040;100mN32119E42061;PO;MIX;3;48;S;M;4049;EMP
057540040040-3608;057540040040;100mN32119E42061;PO;MIX;3;46;S;M;4049;NEP
057540040040-3609;057540040040;100mN32091E42111;SF;NA;4;81;D;F;75XX;EMP
057540040040-3609;057540040040;100mN32091E42111;SF;NA;4;26;M;M;2529;NEP
057540040040-3609;057540040040;100mN32091E42111;SF;NA;4;23;M;F;1824;NEP
057540040040-3609;057540040040;100mN32091E42111;SF;NA;4;10;S;M;0614;NEP
057540040040-3610;057540040040;100mN32091E42111;PO;NA;2;33;S;F;3039;EMP
057540040040-3610;057540040040;100mN32091E42111;PO;NA;2;40;S;M;4049;EMP
057540040040-3611;057540040040;100mN32114E42126;MC;NA;4;55;M;M;5064;EMP
057540040040-3611;057540040040;100mN32114E42126;MC;NA;4;54;M;F;5064;EMP
057540040040-3611;057540040040;100mN32114E42126;MC;NA;4;26;M;M;2529;EMP
057540040040-3611;057540040040;100mN32114E42126;MC;NA;4;15;S;M;1517;EMP
057540040040-3612;057540040040;100mN32135E42131;MC;NA;2;52;M;F;5064;EMP
057540040040-3612;057540040040;100mN32135E42131;MC;NA;2;52;M;M;5064;EMP
057540040040-3613;057540040040;100mN32127E42144;MC;MIX;2;76;M;M;75XX;NEP
057540040040-3613;057540040040;100mN32127E42144;MC;MIX;2;4;S;M;0305;NEP
057540040040-3614;057540040040;100mN32119E42117;SF;NA;2;52;D;F;5064;EMP
057540040040-3614;057540040040;100mN32119E42117;SF;NA;2;1;S;M;0003;NEP
057540040040-3615;057540040040;100mN32135E42131;S;NA;1;42;M;F;4049;EMP
057540040040-3616;057540040040;100mN32112E42117;S;NA;1;20;D;F;1824;EMP
057540040040-3617;057540040040;100mN32135E42131;S;NA;1;25;S;M;2529;NEP
057540040040-3618;057540040040;100mN32135E42131;S;OS;1;32;M;F;3039;EMP
057540040040-3619;057540040040;100mN32132E42133;S;OS;1;54;D;F;5064;NEP
057540040040-3620;057540040040;100mN32118E42125;PO;NA;4;51;S;M;5064;NEP
057540040040-3620;057540040040;100mN32118E42125;PO;NA;4;57;S;M;5064;NEP
057540040040-3620;057540040040;100mN32118E42125;PO;NA;4;31;S;M;3039;EMP
057540040040-3620;057540040040;100mN32118E42125;PO;NA;4;6;S;M;0614;NEP
057540040040-3621;057540040040;100mN32135E42131;S;OS;1;70;D;F;6574;NEP
057540040040-3622;057540040040;100mN32132E42124;S;NA;1;43;S;F;4049;EMP
057540040040-3623;057540040040;100mN32101E42070;S;OS;1;44;S;M;4049;EMP
057540040040-3624;057540040040;100mN32096E42068;MC;NA;6;27;M;F;2529;NEP
057540040040-3624;057540040040;100mN32096E42068;MC;NA;6;28;M;M;2529;EMP
057540040040-3624;057540040040;100mN32096E42068;MC;NA;6;6;S;M;0614;NEP
057540040040-3624;057540040040;100mN32096E42068;MC;NA;6;7;S;M;0614;NEP
057540040040-3624;057540040040;100mN32096E42068;MC;NA;6;6;S;M;0614;NEP
057540040040-3624;057540040040;100mN32096E42068;MC;NA;6;12;S;F;0614;NEP
057540040040-3625;057540040040;100mN32132E42132;PO;NA;2;44;S;F;4049;EMP
057540040040-3625;057540040040;100mN32132E42132;PO;NA;2;53;S;F;5064;NEP
057540040040-3626;057540040040;100mN32123E42142;MC;NA;4;51;M;F;5064;EMP
057540040040-3626;057540040040;100mN32123E42142;MC;NA;4;51;M;M;5064;NEP
057540040040-3626;057540040040;100mN32123E42142;MC;NA;4;15;S;F;1517;NEP
057540040040-3626;057540040040;100mN32123E42142;MC;NA;4;4;S;F;0305;NEP
057540040040-3627;057540040040;100mN32109E42110;MC;NA;3;50;M;M;5064;EMP
057540040040-3627;057540040040;100mN32109E42110;MC;NA;3;47;M;F;4049;NEP
057540040040-3627;057540040040;100mN32109E42110;MC;NA;3;9;S;F;0614;NEP
057540040040-3628;057540040040;100mN32109E42070;S;NA;1;48;W;F;4049;EMP
057540040040-3629;057540040040;100mN32125E42140;S;OS;1;83;S;M;75XX;EMP
057540040040-3630;057540040040;100mN32109E42070;MC;NA;2;34;M;M;3039;NEP
057540040040-3630;057540040040;100mN32109E42070;MC;NA;2;43;M;F;4049;EMP
057540040040-3631;057540040040;100mN32118E42132;MC;NA;3;55;M;F;5064;UEP
057540040040-3631;057540040040;100mN32118E42132;MC;NA;3;48;M;M;4049;EMP
057540040040-3631;057540040040;100mN32118E42132;MC;NA;3;30;S;F;3039;EMP
057540040040-3632;057540040040;100mN32109E42070;MC;NA;2;34;M;M;3039;EMP
057540040040-3632;057540040040;100mN32109E42070;MC;NA;2;41;M;F;4049;NEP
057540040040-3633;057540040040;100mN32117E42123;SF;NA;3;57;S;F;5064;NEP
057540040040-3633;057540040040;100mN32117E42123;SF;NA;3;3;S;M;0305;NEP
057540040040-3633;057540040040;100mN32117E42123;SF;NA;3;7;S;F;0614;NEP
057540040040-3634;057540040040;100mN32116E42128;S;NA;1;51;M;F;5064;EMP
057540040040-3635;057540040040;100mN32121E42127;MC;NA;5;31;M;F;3039;NEP
057540040040-3635;057540040040;100mN32121E42127;MC;NA;5;31;M;M;3039;EMP
057540040040-3635;057540040040;100mN32121E42127;MC;NA;5;15;S;M;1517;NEP
057540040040-3635;057540040040;100mN32121E42127;MC;NA;5;6;S;M;0614;NEP
057540040040-3635;057540040040;100mN32121E42127;MC;NA;5;0;S;F;0003;NEP
057540040040-3636;057540040040;100mN32105E42136;MC;NA;3;44;M;F;4049;EMP
057540040040-3636;057540040040;100mN32105E42136;MC;NA;3;51;M;M;5064;EMP
057540040040-3636;057540040040;100mN32105E42136;MC;NA;3;16;S;F;1517;EMP
057540040040-3637;057540040040;100mN32112E42146;S;OS;1;82;S;M;75XX;EMP
057540040040-3638;057540040040;100mN32134E42119;S;NA;1;26;D;F;2529;EMP
057540040040-3639;057540040040;100mN32134E42119;MC;NA;3;32;M;M;3039;EMP
057540040040-3639;057540040040;100mN32134E42119;MC;NA;3;28;M;F;2529;EMP
057540040040-3639;057540040040;100mN32134E42119;MC;NA;3;13;S;F;0614;NEP
057540040040-3640;057540040040;100mN32115E42110;MC;NA;2;57;M;F;5064;NEP
057540040040-3640;057540040040;100mN32115E42110;MC;NA;2;59;M;M;5064;EMP
057540040040-3641;057540040040;100mN32134E42119;MC;NA;2;30;M;M;3039;NEP
057540040040-3641;057540040040;100mN32134E42119;MC;NA;2;25;M;F;2529;EMP
057540040040-3642;057540040040;100mN32118E42121;MC;NA;4;26;M;M;2529;EMP
057540040040-3642;057540040040;100mN32118E42121;MC;NA;4;25;M;F;2529;EMP
057540040040-3642;057540040040;100mN32118E42121;MC;NA;4;11;S;F;0614;NEP
057540040040-3642;057540040040;100mN32118E42121;MC;NA;4;4;S;M;0305;NEP
057540040040-3643;057540040040;100mN32134E42119;PO;NA;2;43;S;F;4049;NEP
057540040040-3643;057540040040;100mN32134E42119;PO;NA;2;50;S;F;5064;EMP
057540040040-3644;057540040040;100mN32117E42113;S;OS;1;51;M;M;5064;EMP
057540040040-3645;057540040040;100mN32087E42066;S;OS;1;45;M;F;4049;EMP
057540040040-3646;057540040040;100mN32134E42119;S;NA;1;16;S;F;1517;NEP
057540040040-3647;057540040040;100mN32134E42119;MC;OS;3;79;M;F;75XX;NEP
057540040040-3647;057540040040;100mN32134E42119;MC;OS;3;82;M;M;75XX;EMP
057540040040-3647;057540040040;100mN32134E42119;MC;OS;3;82;W;F;75XX;EMP
057540040040-3648;057540040040;100mN32105E42099;MC;OS;2;88;M;F;75XX;NEP
057540040040-3648;057540040040;100mN32105E42099;MC;OS;2;45;M;M;4049;EMP
057540040040-3649;057540040040;100mN32105E42099;S;NA;1;57;M;M;5064;EMP
057540040040-3650;057540040040;100mN32105E42099;MC;NA;2;53;M;F;5064;NEP
057540040040-3650;057540040040;100mN32105E42099;MC;NA;2;54;M;M;5064;NEP
057540040040-3651;057540040040;100mN32096E42064;MC;NA;3;45;M;M;4049;EMP
057540040040-3651;057540040040;100mN32096E42064;MC;NA;3;43;M;F;4049;UEP
057540040040-3651;057540040040;100mN32096E42064;MC;NA;3;13;S;M;0614;NEP
057540040040-3652;057540040040;100mN32096E42064;MC;NA;2;60;M;F;5064;EMP
057540040040-3652;057540040040;100mN32096E42064;MC;NA;2;12;S;F;0614;NEP
057540040040-3653;057540040040;100mN32134E42127;MC;MIX;2;85;M;F;75XX;NEP
057540040040-3653;057540040040;100mN32134E42127;MC;MIX;2;36;S;M;3039;EMP
057540040040-3654;057540040040;100mN32105E42081;S;NA;1;67;W;M;6574;EMP
057540040040-3655;057540040040;100mN32079E42054;S;NA;1;76;W;F;75XX;EMP
057540040040-3656;057540040040;100mN32105E42081;MC;OS;2;71;M;M;6574;EMP
057540040040-3656;057540040040;100mN32105E42081;MC;OS;2;68;M;F;6574;EMP
057540040040-3657;057540040040;100mN32124E42116;S;OS;1;60;S;M;5064;NEP
057540040040-3658;057540040040;100mN32111E42123;MC;NA;3;54;M;M;5064;EMP
057540040040-3658;057540040040;100mN32111E42123;MC;NA;3;62;M;F;5064;NEP
057540040040-3658;057540040040;100mN32111E42123;MC;NA;3;8;S;F;0614;NEP
057540040040-3659;057540040040;100mN32105E42139;MC;NA;5;51;M;F;5064;EMP
057540040040-3659;057540040040;100mN32105E42139;MC;NA;5;54;M;M;5064;NEP
057540040040-3659;057540040040;100mN32105E42139;MC;NA;5;15;S;M;1517;NEP
057540040040-3659;057540040040;100mN32105E42139;MC;NA;5;0;S;F;0003;NEP
057540040040-3659;057540040040;100mN32105E42139;MC;NA;5;18;M;F;1824;EMP
057540040040-3660;057540040040;100mN32105E42101;MC;NA;2;52;M;M;5064;EMP
057540040040-3660;057540040040;100mN32105E42101;MC;NA;2;43;M;F;4049;EMP
057540040040-3661;057540040040;100mN32105E42101;S;OS;1;43;S;F;4049;EMP
057540040040-3662;057540040040;100mN32105E42101;MC;NA;2;60;M;F;5064;NEP
057540040040-3662;057540040040;100mN32105E42101;MC;NA;2;53;M;M;5064;EMP
057540040040-3663;057540040040;100mN32105E42101;S;NA;1;89;M;M;75XX;NEP
057540040040-3664;057540040040;100mN32105E42101;MC;OS;3;81;M;F;75XX;NEP
057540040040-3664;057540040040;100mN32105E42101;MC;OS;3;84;M;M;75XX;EMP
057540040040-3664;057540040040;100mN32105E42101;MC;OS;3;76;S;F;75XX;NEP
057540040040-3665;057540040040;100mN32112E42122;PO;NA;4;40;S;M;4049;EMP
057540040040-3665;057540040040;100mN32112E42122;PO;NA;4;38;S;M;3039;EMP
057540040040-3665;057540040040;100mN32112E42122;PO;NA;4;8;S;F;0614;NEP
057540040040-3665;057540040040;100mN32112E42122;PO;NA;4;16;S;F;1517;EMP
057540040040-3666;057540040040;100mN32103E42069;MC;NA;2;18;M;M;1824;EMP
057540040040-3666;057540040040;100mN32103E42069;MC;NA;2;18;M;F;1824;EMP
057540040040-3667;057540040040;100mN32103E42069;SF;MIX;3;72;M;M;6574;EMP
057540040040-3667;057540040040;100mN32103E42069;SF;MIX;3;66;S;F;6574;NEP
057540040040-3667;057540040040;100mN32103E42069;SF;MIX;3;10;S;M;0614;NEP
057540040040-3668;057540040040;100mN32116E42116;SM;NA;4;51;D;M;5064;EMP
057540040040-3668;057540040040;100mN32116E42116;SM;NA;4;13;S;F;0614;NEP
057540040040-3668;057540040040;100mN32116E42116;SM;NA;4;11;S;F;0614;NEP
057540040040-3668;057540040040;100mN32116E42116;SM;NA;4;4;S;M;0305;NEP
057540040040-3669;057540040040;100mN32116E42116;S;OS;1;54;D;F;5064;EMP
057540040040-3670;057540040040;100mN32125E42139;SF;NA;4;37;W;F;3039;EMP
057540040040-3670;057540040040;100mN32125E42139;SF;NA;4;10;S;M;0614;NEP
057540040040-3670;057540040040;100mN32125E42139;SF;NA;4;4;S;M;0305;NEP
057540040040-3670;057540040040;100mN32125E42139;SF;NA;4;3;S;M;0305;NEP
057540040040-3671;057540040040;100mN32116E42116;MC;OS;2;79;M;F;75XX;EMP
057540040040-3671;057540040040;100mN32116E42116;MC;OS;2;85;M;M;75XX;NEP
057540040040-3672;057540040040;100mN32127E42138;MC;MIX;2;67;M;F;6574;NEP
057540040040-3672;057540040040;100mN32127E42138;MC;MIX;2;55;D;M;5064;EMP
057540040040-3673;057540040040;100mN32124E42146;MC;MIX;2;70;M;F;6574;UEP
057540040040-3673;057540040040;100mN32124E42146;MC;MIX;2;63;S;M;5064;NEP
057540040040-3674;057540040040;100mN32116E42116;MC;MIX;5;73;M;M;6574;EMP
057540040040-3674;057540040040;100mN32116E42116;MC;MIX;5;30;M;M;3039;EMP
057540040040-3674;057540040040;100mN32116E42116;MC;MIX;5;33;M;F;3039;EMP
057540040040-3674;057540040040;100mN32116E42116;MC;MIX;5;11;S;M;0614;NEP
057540040040-3674;057540040040;100mN32116E42116;MC;MIX;5;15;S;M;1517;EMP
057540040040-3675;057540040040;100mN32118E42131;MC;NA;3;41;M;F;4049;NEP
057540040040-3675;057540040040;100mN32118E42131;MC;NA;3;33;M;M;3039;EMP
057540040040-3675;057540040040;100mN32118E42131;MC;NA;3;15;S;F;1517;EMP
057540040040-3676;057540040040;100mN32114E42121;S;OS;1;35;M;F;3039;NEP
057540040040-3677;057540040040;100mN32114E42121;SF;NA;4;46;D;F;4049;EMP
057540040040-3677;057540040040;100mN32114E42121;SF;NA;4;20;S;M;1824;EMP
057540040040-3677;057540040040;100mN32114E42121;SF;NA;4;16;S;F;1517;NEP
057540040040-3677;057540040040;100mN32114E42121;SF;NA;4;9;S;F;0614;NEP
057540040040-3678;057540040040;100mN32114E42121;S;NA;1;47;S;F;4049;NEP
057540040040-3679;057540040040;100mN32114E42121;MC;OS;2;77;M;F;75XX;NEP
057540040040-3679;057540040040;100mN32114E42121;MC;OS;2;69;M;M;6574;NEP
057540040040-3680;057540040040;100mN32127E42136;MC;NA;2;56;M;F;5064;EMP
057540040040-3680;057540040040;100mN32127E42136;MC;NA;2;56;M;M;5064;NEP
057540040040-3681;057540040040;100mN32111E42122;PO;NA;2;30;S;F;3039;EMP
057540040040-3681;057540040040;100mN32111E42122;PO;NA;2;30;S;F;3039;EMP
057540040040-3682;057540040040;100mN32114E42121;SF;NA;5;61;W;F;5064;EMP
057540040040-3682;057540040040;100mN32114E42121;SF;NA;5;11;S;M;0614;NEP
057540040040-3682;057540040040;100mN32114E42121;SF;NA;5;3;S;M;0305;NEP
057540040040-3682;057540040040;100mN32114E42121;SF;NA;5;44;S;F;4049;EMP
057540040040-3682;057540040040;100mN32114E42121;SF;NA;5;0;S;M;0003;NEP
057540040040-3683;057540040040;100mN32114E42121;MC;NA;3;41;M;F;4049;EMP
057540040040-3683;057540040040;100mN32114E42121;MC;NA;3;41;M;M;4049;EMP
057540040040-3683;057540040040;100mN32114E42121;MC;NA;3;12;S;F;0614;NEP
057540040040-3684;057540040040;100mN32114E42121;S;NA;1;38;M;M;3039;EMP
057540040040-3685;057540040040;100mN32114E42121;S;NA;1;88;S;M;75XX;EMP
057540040040-3686;057540040040;100mN32123E42123;MC;NA;5;48;M;F;4049;EMP
057540040040-3686;057540040040;100mN32123E42123;MC;NA;5;50;M;M;5064;EMP
057540040040-3686;057540040040;100mN32123E42123;MC;NA;5;3;S;F;0305;NEP
057540040040-3686;057540040040;100mN32123E42123;MC;NA;5;15;S;F;1517;EMP
057540040040-3686;057540040040;100mN32123E42123;MC;NA;5;3;S;F;0305;NEP
057540040040-3687;057540040040;100mN32114E42121;SF;NA;2;68;S;F;6574;EMP
057540040040-3687;057540040040;100mN32114E42121;SF;NA;2;42;M;F;4049;NEP
057540040040-3688;057540040040;100mN32134E42127;MC;MIX;5;66;M;M;6574;NEP
057540040040-3688;057540040040;100mN32134E42127;MC;MIX;5;25;M;M;2529;EMP
057540040040-3688;057540040040;100mN32134E42127;MC;MIX;5;22;M;F;1824;NEP
057540040040-3688;057540040040;100mN32134E42127;MC;MIX;5;6;S;F;0614;NEP
057540040040-3688;057540040040;100mN32134E42127;MC;MIX;5;0;S;M;0003;NEP
057540040040-3689;057540040040;100mN32114E42121;PO;OS;2;68;S;F;6574;EMP
057540040040-3689;057540040040;100mN32114E42121;PO;OS;2;69;S;M;6574;EMP
057540040040-3690;057540040040;100mN32114E42121;PO;NA;4;62;S;F;5064;EMP
057540040040-3690;057540040040;100mN32114E42121;PO;NA;4;63;S;F;5064;EMP
057540040040-3690;057540040040;100mN32114E42121;PO;NA;4;12;S;F;0614;NEP
057540040040-3690;057540040040;100mN32114E42121;PO;NA;4;6;S;M;0614;NEP
057540040040-3691;057540040040;100mN32112E42121;MC;NA;3;48;M;M;4049;EMP
057540040040-3691;057540040040;100mN32112E42121;MC;NA;3;46;M;F;4049;NEP
057540040040-3691;057540040040;100mN32112E42121;MC;NA;3;16;S;M;1517;EMP
057540040040-3692;057540040040;100mN32098E42071;MC;NA;2;56;M;M;5064;NEP
057540040040-3692;057540040040;100mN32098E42071;MC;NA;2;54;M;F;5064;NEP
057540040040-3693;057540040040;100mN32114E42121;S;NA;1;37;S;F;3039;EMP
057540040040-3694;057540040040;100mN32112E42121;MC;NA;2;35;M;M;3039;EMP
057540040040-3694;057540040040;100mN32112E42121;MC;NA;2;32;M;F;3039;NEP
057540040040-3695;057540040040;100mN32114E42121;S;NA;1;22;D;M;1824;EMP
057540040040-3696;057540040040;100mN32112E42117;MC;MIX;2;67;M;M;6574;EMP
057540040040-3696;057540040040;100mN32112E42117;MC;MIX;2;63;M;F;5064;UEP
057540040040-3697;057540040040;100mN32134E42121;S;NA;1;47;D;F;4049;EMP
057540040040-3698;057540040040;100mN32114E42121;S;NA;1;35;S;M;3039;EMP
057540040040-3699;057540040040;100mN32114E42121;MC;NA;3;41;M;M;4049;NEP
057540040040-3699;057540040040;100mN32114E42121;MC;NA;3;40;M;F;4049;EMP
057540040040-3699;057540040040;100mN32114E42121;MC;NA;3;12;S;M;0614;NEP
057540040040-3700;057540040040;100mN32114E42127;S;OS;1;50;D;M;5064;NEP
057540040040-3701;057540040040;100mN32114E42121;MC;OS;5;79;M;F;75XX;EMP
057540040040-3701;057540040040;100mN32114E42121;MC;OS;5;82;M;M;75XX;EMP
057540040040-3701;057540040040;100mN32114E42121;MC;OS;5;76;M;F;75XX;NEP
057540040040-3701;057540040040;100mN32114E42121;MC;OS;5;69;M;M;6574;NEP
057540040040-3701;057540040040;100mN32114E42121;MC;OS;5;68;W;F;6574;EMP
057540040040-3702;057540040040;100mN32132E42132;S;NA;1;58;W;M;5064;NEP
057540040040-3703;057540040040;100mN32114E42121;S;OS;1;48;M;M;4049;EMP
057540040040-3704;057540040040;100mN32114E42121;S;OS;1;75;S;F;75XX;EMP
057540040040-3705;057540040040;100mN32114E42121;MC;OS;2;78;M;F;75XX;EMP
057540040040-3705;057540040040;100mN32114E42121;MC;OS;2;78;M;M;75XX;EMP
057540040040-3706;057540040040;100mN32114E42121;MC;MIX;4;86;M;M;75XX;EMP
057540040040-3706;057540040040;100mN32114E42121;MC;MIX;4;21;M;M;1824;EMP
057540040040-3706;057540040040;100mN32114E42121;MC;MIX;4;22;M;F;1824;NEP
057540040040-3706;057540040040;100mN32114E42121;MC;MIX;4;6;S;F;0614;NEP
057540040040-3707;057540040040;100mN32114E42121;PO;NA;3;45;S;M;4049;EMP
057540040040-3707;057540040040;100mN32114E42121;PO;NA;3;43;S;M;4049;EMP
057540040040-3707;057540040040;100mN32114E42121;PO;NA;3;0;S;F;0003;NEP
057540040040-3708;057540040040;100mN32130E42138;SF;NA;3;53;W;F;5064;NEP
057540040040-3708;057540040040;100mN32130E42138;SF;NA;3;25;S;M;2529;EMP
057540040040-3708;057540040040;100mN32130E42138;SF;NA;3;20;M;M;1824;EMP
057540040040-3709;057540040040;100mN32114E42121;PO;NA;3;41;S;F;4049;EMP
057540040040-3709;057540040040;100mN32114E42121;PO;NA;3;44;S;F;4049;EMP
057540040040-3709;057540040040;100mN32114E42121;PO;NA;3;1;S;M;0003;NEP
057540040040-3710;057540040040;100mN32111E42124;MC;NA;4;31;M;F;3039;EMP
057540040040-3710;057540040040;100mN32111E42124;MC;NA;4;36;M;M;3039;EMP
057540040040-3710;057540040040;100mN32111E42124;MC;NA;4;16;S;F;1517;EMP
057540040040-3710;057540040040;100mN32111E42124;MC;NA;4;9;S;F;0614;NEP
057540040040-3711;057540040040;100mN32114E42121;S;NA;1;18;S;F;1824;EMP
057540040040-3712;057540040040;100mN32127E42079;SF;NA;4;31;S;F;3039;EMP
057540040040-3712;057540040040;100mN32127E42079;SF;NA;4;3;S;F;0305;NEP
057540040040-3712;057540040040;100mN32127E42079;SF;NA;4;6;S;F;0614;NEP
057540040040-3712;057540040040;100mN32127E42079;SF;NA;4;13;S;M;0614;NEP
057540040040-3713;057540040040;100mN32114E42121;MC;NA;2;48;M;F;4049;EMP
057540040040-3713;057540040040;100mN32114E42121;MC;NA;2;51;M;M;5064;EMP
057540040040-3714;057540040040;100mN32114E42121;MC;MIX;3;77;M;F;75XX;NEP
057540040040-3714;057540040040;100mN32114E42121;MC;MIX;3;56;M;M;5064;EMP
057540040040-3714;057540040040;100mN32114E42121;MC;MIX;3;53;M;F;5064;NEP
057540040040-3715;057540040040;100mN32114E42121;MC;NA;3;45;M;F;4049;NEP
057540040040-3715;057540040040;100mN32114E42121;MC;NA;3;50;M;M;5064;EMP
057540040040-3715;057540040040;100mN32114E42121;MC;NA;3;2;S;M;0003;NEP
057540040040-3716;057540040040;100mN32139E42121;MC;NA;4;50;M;F;5064;NEP
057540040040-3716;057540040040;100mN32139E42121;MC;NA;4;50;M;M;5064;EMP
057540040040-3716;057540040040;100mN32139E42121;MC;NA;4;33;D;F;3039;NEP
057540040040-3716;057540040040;100mN32139E42121;MC;NA;4;25;M;M;2529;NEP
057540040040-3717;057540040040;100mN32114E42125;SF;NA;4;41;S;F;4049;EMP
057540040040-3717;057540040040;100mN32114E42125;SF;NA;4;6;S;F;0614;NEP
057540040040-3717;057540040040;100mN32114E42125;SF;NA;4;4;S;M;0305;NEP
057540040040-3717;057540040040;100mN32114E42125;SF;NA;4;20;S;M;1824;EMP
057540040040-3718;057540040040;100mN32114E42121;MC;NA;4;20;M;M;1824;EMP
057540040040-3718;057540040040;100mN32114E42121;MC;NA;4;18;M;F;1824;EMP
057540040040-3718;057540040040;100mN32114E42121;MC;NA;4;4;S;F;0305;NEP
057540040040-3718;057540040040;100mN32114E42121;MC;NA;4;4;S;F;0305;NEP
057540040040-3719;057540040040;100mN32114E42121;MC;NA;4;30;M;M;3039;EMP
057540040040-3719;057540040040;100mN32114E42121;MC;NA;4;26;M;F;2529;EMP
057540040040-3719;057540040040;100mN32114E42121;MC;NA;4;12;S;M;0614;NEP
057540040040-3719;057540040040;100mN32114E42121;MC;NA;4;2;S;F;0003;NEP
057540040040-3720;057540040040;100mN32114E42121;NA;OS;2;47;M;M;4049;EMP
057540040040-3720;057540040040;100mN32114E42121;NA;OS;2;26;M;F;2529;EMP
057540040040-3721;057540040040;100mN32109E42082;PO;NA;2;57;S;F;5064;NEP
057540040040-3721;057540040040;100mN32109E42082;PO;NA;2;61;S;F;5064;NEP
057540040040-3722;057540040040;100mN32109E42082;MC;OS;2;79;M;F;75XX;NEP
057540040040-3722;057540040040;100mN32109E42082;MC;OS;2;87;M;M;75XX;EMP
057540040040-3723;057540040040;100mN32109E42082;S;OS;1;85;S;M;75XX;EMP
057540040040-3724;057540040040;100mN32137E42127;S;NA;1;65;M;F;6574;NEP
057540040040-3725;057540040040;100mN32117E42124;S;NA;1;47;S;M;4049;EMP
057540040040-3726;057540040040;100mN32136E42131;MC;NA;3;42;M;M;4049;EMP
057540040040-3726;057540040040;100mN32136E42131;MC;NA;3;55;M;F;5064;EMP
057540040040-3726;057540040040;100mN32136E42131;MC;NA;3;4;S;F;0305;NEP
057540040040-3727;057540040040;100mN32137E42127;MC;OS;2;65;M;M;6574;NEP
057540040040-3727;057540040040;100mN32137E42127;MC;OS;2;66;M;F;6574;EMP
057540040040-3728;057540040040;100mN32112E42118;S;NA;1;63;M;F;5064;NEP
057540040040-3729;057540040040;100mN32137E42120;MC;OS;4;69;M;F;6574;EMP
057540040040-3729;057540040040;100mN32137E42120;MC;OS;4;83;M;M;75XX;EMP
057540040040-3729;057540040040;100mN32137E42120;MC;OS;4;67;M;F;6574;UEP
057540040040-3729;057540040040;100mN32137E42120;MC;OS;4;67;S;M;6574;EMP
057540040040-3730;057540040040;100mN32137E42138;MC;NA;2;56;M;F;5064;EMP
057540040040-3730;057540040040;100mN32137E42138;MC;NA;2;60;M;M;5064;EMP
057540040040-3731;057540040040;100mN32130E42137;S;NA;1;73;M;M;6574;EMP
057540040040-3732;057540040040;100mN32124E42144;S;NA;1;35;S;F;3039;NEP
057540040040-3733;057540040040;100mN32079E42054;S;NA;1;76;W;F;75XX;EMP
057540040040-3734;057540040040;100mN32127E42143;S;NA;1;57;S;M;5064;EMP
057540040040-3735;057540040040;100mN32114E42124;S;NA;1;56;S;M;5064;EMP
057540040040-3736;057540040040;100mN32104E42135;MC;MIX;3;73;M;M;6574;NEP
057540040040-3736;057540040040;100mN32104E42135;MC;MIX;3;56;M;M;5064;EMP
057540040040-3736;057540040040;100mN32104E42135;MC;MIX;3;48;M;F;4049;NEP
057540040040-3737;057540040040;100mN32101E42085;MC;OS;2;68;M;F;6574;UEP
057540040040-3737;057540040040;100mN32101E42085;MC;OS;2;66;M;M;6574;EMP
057540040040-3738;057540040040;100mN32104E42135;SF;NA;4;73;S;F;6574;NEP
057540040040-3738;057540040040;100mN32104E42135;SF;NA;4;10;S;M;0614;NEP
057540040040-3738;057540040040;100mN32104E42135;SF;NA;4;4;S;M;0305;NEP
057540040040-3738;057540040040;100mN32104E42135;SF;NA;4;10;S;M;0614;NEP
057540040040-3739;057540040040;100mN32104E42135;MC;NA;4;59;M;M;5064;EMP
057540040040-3739;057540040040;100mN32104E42135;MC;NA;4;56;M;F;5064;EMP
057540040040-3739;057540040040;100mN32104E42135;MC;NA;4;7;S;F;0614;NEP
057540040040-3739;057540040040;100mN32104E42135;MC;NA;4;6;S;F;0614;NEP
057540040040-3740;057540040040;100mN32099E42133;PO;NA;3;48;S;F;4049;NEP
057540040040-3740;057540040040;100mN32099E42133;PO;NA;3;57;S;M;5064;EMP
057540040040-3740;057540040040;100mN32099E42133;PO;NA;3;19;M;F;1824;NEP
057540040040-3741;057540040040;100mN32099E42133;S;OS;1;75;M;F;75XX;EMP
057540040040-3742;057540040040;100mN32122E42146;MC;NA;3;40;M;F;4049;EMP
057540040040-3742;057540040040;100mN32122E42146;MC;NA;3;57;M;M;5064;EMP
057540040040-3742;057540040040;100mN32122E42146;MC;NA;3;6;S;F;0614;NEP
057540040040-3743;057540040040;100mN32102E42075;PO;NA;2;32;S;M;3039;EMP
057540040040-3743;057540040040;100mN32102E42075;PO;NA;2;30;S;F;3039;EMP
057540040040-3744;057540040040;100mN32121E42127;PO;NA;2;53;S;M;5064;NEP
057540040040-3744;057540040040;100mN32121E42127;PO;NA;2;51;S;F;5064;NEP
057540040040-3745;057540040040;100mN32123E42112;S;NA;1;62;M;M;5064;NEP
057540040040-3746;057540040040;100mN32130E42140;PO;NA;4;30;S;M;3039;EMP
057540040040-3746;057540040040;100mN32130E42140;PO;NA;4;23;S;M;1824;EMP
057540040040-3746;057540040040;100mN32130E42140;PO;NA;4;7;S;F;0614;NEP
057540040040-3746;057540040040;100mN32130E42140;PO;NA;4;6;S;M;0614;NEP
057540040040-3747;057540040040;100mN32130E42140;S;NA;1;44;D;M;4049;EMP
057540040040-3748;057540040040;100mN32130E42140;MC;MIX;2;68;M;M;6574;EMP
057540040040-3748;057540040040;100mN32130E42140;MC;MIX;2;62;M;F;5064;EMP
057540040040-3749;057540040040;100mN32118E42112;MC;MIX;6;68;M;F;6574;EMP
057540040040-3749;057540040040;100mN32118E42112;MC;MIX;6;27;M;F;2529;NEP
057540040040-3749;057540040040;100mN32118E42112;MC;MIX;6;18;M;M;1824;EMP
057540040040-3749;057540040040;100mN32118E42112;MC;MIX;6;11;S;F;0614;NEP
057540040040-3749;057540040040;100mN32118E42112;MC;MIX;6;3;S;M;0305;NEP
057540040040-3749;057540040040;100mN32118E42112;MC;MIX;6;10;S;M;0614;NEP
057540040040-3750;057540040040;100mN32118E42112;PO;NA;4;21;S;F;1824;EMP
057540040040-3750;057540040040;100mN32118E42112;PO;NA;4;18;S;F;1824;EMP
057540040040-3750;057540040040;100mN32118E42112;PO;NA;4;2;S;M;0003;NEP
057540040040-3750;057540040040;100mN32118E42112;PO;NA;4;6;S;M;0614;NEP
057540040040-3751;057540040040;100mN32118E42112;MC;OS;3;68;M;M;6574;NEP
057540040040-3751;057540040040;100mN32118E42112;MC;OS;3;67;M;F;6574;EMP
057540040040-3751;057540040040;100mN32118E42112;MC;OS;3;77;M;M;75XX;EMP
057540040040-3752;057540040040;100mN32128E42144;S;NA;1;82;M;M;75XX;EMP
057540040040-3753;057540040040;100mN32128E42144;MC;NA;2;32;M;M;3039;EMP
057540040040-3753;057540040040;100mN32128E42144;MC;NA;2;30;M;F;3039;EMP
057540040040-3754;057540040040;100mN32128E42144;SF;NA;2;42;S;F;4049;EMP
057540040040-3754;057540040040;100mN32128E42144;SF;NA;2;22;S;M;1824;NEP
057540040040-3755;057540040040;100mN32118E42129;S;OS;1;44;M;M;4049;EMP
057540040040-3756;057540040040;100mN32128E42144;MC;NA;3;56;M;F;5064;EMP
057540040040-3756;057540040040;100mN32128E42144;MC;NA;3;57;M;M;5064;EMP
057540040040-3756;057540040040;100mN32128E42144;MC;NA;3;15;S;M;1517;EMP
057540040040-3757;057540040040;100mN32128E42144;MC;NA;2;61;M;F;5064;NEP
057540040040-3757;057540040040;100mN32128E42144;MC;NA;2;45;M;M;4049;EMP
057540040040-3758;057540040040;100mN32123E42141;S;OS;1;47;S;F;4049;EMP
057540040040-3759;057540040040;100mN32123E42117;PO;MIX;2;75;S;F;75XX;NEP
057540040040-3759;057540040040;100mN32123E42117;PO;MIX;2;23;M;M;1824;NEP
057540040040-3760;057540040040;100mN32128E42144;MC;OS;2;72;M;F;6574;EMP
057540040040-3760;057540040040;100mN32128E42144;MC;OS;2;81;M;M;75XX;NEP
057540040040-3761;057540040040;100mN32112E42124;MC;NA;2;50;M;M;5064;EMP
057540040040-3761;057540040040;100mN32112E42124;MC;NA;2;18;M;F;1824;EMP
057540040040-3762;057540040040;100mN32144E42120;SF;NA;2;16;S;F;1517;EMP
057540040040-3762;057540040040;100mN32144E42120;SF;NA;2;1;S;M;0003;NEP
057540040040-3763;057540040040;100mN32144E42120;NA;OS;2;65;M;F;6574;UEP
057540040040-3763;057540040040;100mN32144E42120;NA;OS;2;45;S;M;4049;EMP
057540040040-3764;057540040040;100mN32144E42114;SF;NA;2;53;S;F;5064;EMP
057540040040-3764;057540040040;100mN32144E42114;SF;NA;2;2;S;F;0003;NEP
057540040040-3765;057540040040;100mN32137E42120;PO;OS;4;80;S;F;75XX;EMP
057540040040-3765;057540040040;100mN32137E42120;PO;OS;4;73;S;M;6574;NEP
057540040040-3765;057540040040;100mN32137E42120;PO;OS;4;73;M;M;6574;EMP
057540040040-3765;057540040040;100mN32137E42120;PO;OS;4;86;S;M;75XX;NEP
057540040040-3766;057540040040;100mN32112E42122;S;NA;1;19;M;M;1824;NEP
057540040040-3767;057540040040;100mN32123E42112;MC;MIX;2;70;M;M;6574;EMP
057540040040-3767;057540040040;100mN32123E42112;MC;MIX;2;63;M;F;5064;NEP
057540040040-3768;057540040040;100mN32123E42112;MC;NA;2;54;M;M;5064;NEP
057540040040-3768;057540040040;100mN32123E42112;MC;NA;2;58;M;F;5064;EMP
057540040040-3769;057540040040;100mN32123E42112;S;NA;1;56;M;M;5064;EMP
057540040040-3770;057540040040;100mN32118E42130;MC;NA;3;37;M;F;3039;NEP
057540040040-3770;057540040040;100mN32118E42130;MC;NA;3;43;M;M;4049;EMP
057540040040-3770;057540040040;100mN32118E42130;MC;NA;3;2;S;F;0003;NEP
057540040040-3771;057540040040;100mN32118E42126;S;NA;1;47;M;M;4049;NEP
057540040040-3772;057540040040;100mN32118E42126;S;OS;1;69;M;M;6574;NEP
057540040040-3773;057540040040;100mN32123E42112;SF;NA;4;21;D;F;1824;EMP
057540040040-3773;057540040040;100mN32123E42112;SF;NA;4;0;S;M;0003;NEP
057540040040-3773;057540040040;100mN32123E42112;SF;NA;4;2;S;M;0003;NEP
057540040040-3773;057540040040;100mN32123E42112;SF;NA;4;0;S;F;0003;NEP
057540040040-3774;057540040040;100mN32127E42142;MC;NA;3;57;M;F;5064;NEP
057540040040-3774;057540040040;100mN32127E42142;MC;NA;3;57;M;M;5064;NEP
057540040040-3774;057540040040;100mN32127E42142;MC;NA;3;11;S;M;0614;NEP
057540040040-3775;057540040040;100mN32123E42112;PO;OS;3;65;S;F;6574;NEP
057540040040-3775;057540040040;100mN32123E42112;PO;OS;3;68;S;M;6574;EMP
057540040040-3775;057540040040;100mN32123E42112;PO;OS;3;78;M;M;75XX;EMP
057540040040-3776;057540040040;100mN32118E42120;MC;NA;2;38;M;M;3039;NEP
057540040040-3776;057540040040;100mN32118E42120;MC;NA;2;46;M;F;4049;NEP
057540040040-3777;057540040040;100mN32123E42112;MC;NA;2;59;M;M;5064;EMP
057540040040-3777;057540040040;100mN32123E42112;MC;NA;2;50;M;F;5064;EMP
057540040040-3778;057540040040;100mN32123E42112;S;NA;1;31;M;M;3039;EMP
057540040040-3779;057540040040;100mN32123E42112;MC;NA;2;43;M;F;4049;NEP
057540040040-3779;057540040040;100mN32123E42112;MC;NA;2;48;M;M;4049;EMP
057540040040-3780;057540040040;100mN32140E42117;S;NA;1;67;M;F;6574;UEP
057540040040-3781;057540040040;100mN32124E42147;SF;NA;2;35;S;F;3039;NEP
057540040040-3781;057540040040;100mN32124E42147;SF;NA;2;9;S;M;0614;NEP
057540040040-3782;057540040040;100mN32123E42112;PO;MIX;3;65;W;F;6574;NEP
057540040040-3782;057540040040;100mN32123E42112;PO;MIX;3;46;S;F;4049;NEP
057540040040-3782;057540040040;100mN32123E42112;PO;MIX;3;51;S;F;5064;NEP
057540040040-3783;057540040040;100mN32123E42112;S;NA;1;62;M;M;5064;NEP
057540040040-3784;057540040040;100mN32123E42112;SF;NA;3;73;W;F;6574;EMP
057540040040-3784;057540040040;100mN32123E42112;SF;NA;3;16;S;M;1517;NEP
057540040040-3784;057540040040;100mN32123E42112;SF;NA;3;15;S;M;1517;NEP
057540040040-3785;057540040040;100mN32101E42071;MC;NA;2;56;M;M;5064;EMP
057540040040-3785;057540040040;100mN32101E42071;MC;NA;2;62;M;F;5064;NEP
057540040040-3786;057540040040;100mN32087E42119;MC;OS;3;69;M;F;6574;NEP
057540040040-3786;057540040040;100mN32087E42119;MC;OS;3;69;M;M;6574;NEP
057540040040-3786;057540040040;100mN32087E42119;MC;OS;3;72;W;F;6574;NEP
057540040040-3787;057540040040;100mN32087E42119;S;OS;1;46;M;M;4049;EMP
057540040040-3788;057540040040;100mN32094E42133;MC;NA;4;47;M;F;4049;EMP
057540040040-3788;057540040040;100mN32094E42133;MC;NA;4;46;M;M;4049;NEP
057540040040-3788;057540040040;100mN32094E42133;MC;NA;4;15;S;M;1517;EMP
057540040040-3788;057540040040;100mN32094E42133;MC;NA;4;23;M;M;1824;EMP
057540040040-3789;057540040040;100mN32104E42096;MC;OS;2;72;M;M;6574;EMP
057540040040-3789;057540040040;100mN32104E42096;MC;OS;2;65;M;F;6574;EMP
057540040040-3790;057540040040;100mN32123E42145;MC;NA;2;27;M;F;2529;EMP
057540040040-3790;057540040040;100mN32123E42145;MC;NA;2;33;M;M;3039;EMP
057540040040-3791;057540040040;100mN32114E42123;MC;NA;3;33;M;M;3039;EMP
057540040040-3791;057540040040;100mN32114E42123;MC;NA;3;34;M;F;3039;EMP
057540040040-3791;057540040040;100mN32114E42123;MC;NA;3;2;S;M;0003;NEP
057540040040-3792;057540040040;100mN32118E42122;MC;NA;4;54;M;M;5064;EMP
057540040040-3792;057540040040;100mN32118E42122;MC;NA;4;54;M;F;5064;EMP
057540040040-3792;057540040040;100mN32118E42122;MC;NA;4;18;S;F;1824;NEP
057540040040-3792;057540040040;100mN32118E42122;MC;NA;4;25;M;F;2529;EMP
057540040040-3793;057540040040;100mN32123E42145;MC;NA;2;53;M;F;5064;EMP
057540040040-3793;057540040040;100mN32123E42145;MC;NA;2;55;M;M;5064;EMP
057540040040-3794;057540040040;100mN32096E42067;S;OS;1;40;D;M;4049;EMP
057540040040-3795;057540040040;100mN32107E42041;S;NA;1;41;S;M;4049;EMP
057540040040-3796;057540040040;100mN32123E42145;MC;MIX;2;69;M;M;6574;NEP
057540040040-3796;057540040040;100mN32123E42145;MC;MIX;2;63;M;F;5064;NEP
057540040040-3797;057540040040;100mN32123E42145;MC;NA;2;30;M;F;3039;NEP
057540040040-3797;057540040040;100mN32123E42145;MC;NA;2;33;M;M;3039;EMP
057540040040-3798;057540040040;100mN32123E42145;SF;NA;2;68;W;F;6574;EMP
057540040040-3798;057540040040;100mN32123E42145;SF;NA;2;32;S;M;3039;EMP
057540040040-3799;057540040040;100mN32123E42145;PO;NA;3;43;S;F;4049;NEP
057540040040-3799;057540040040;100mN32123E42145;PO;NA;3;44;S;F;4049;EMP
057540040040-3799;057540040040;100mN32123E42145;PO;NA;3;26;M;F;2529;EMP
057540040040-3800;057540040040;100mN32125E42140;MC;OS;2;71;M;F;6574;EMP
057540040040-3800;057540040040;100mN32125E42140;MC;OS;2;73;M;M;6574;EMP
057540040040-3801;057540040040;100mN32101E42071;MC;NA;3;62;M;M;5064;EMP
057540040040-3801;057540040040;100mN32101E42071;MC;NA;3;61;M;F;5064;EMP
057540040040-3801;057540040040;100mN32101E42071;MC;NA;3;3;S;F;0305;NEP
057540040040-3802;057540040040;100mN32117E42123;S;OS;1;57;S;M;5064;EMP
057540040040-3803;057540040040;100mN32114E42124;NA;OS;3;36;M;M;3039;EMP
057540040040-3803;057540040040;100mN32114E42124;NA;OS;3;59;W;F;5064;NEP
057540040040-3803;057540040040;100mN32114E42124;NA;OS;3;25;S;M;2529;EMP
057540040040-3804;057540040040;100mN32120E42118;MC;NA;2;44;M;F;4049;EMP
057540040040-3804;057540040040;100mN32120E42118;MC;NA;2;50;M;M;5064;EMP
057540040040-3805;057540040040;100mN32115E42112;MC;NA;2;52;M;F;5064;NEP
057540040040-3805;057540040040;100mN32115E42112;MC;NA;2;63;M;M;5064;NEP
057540040040-3806;057540040040;100mN32120E42118;MC;NA;2;48;M;M;4049;NEP
057540040040-3806;057540040040;100mN32120E42118;MC;NA;2;46;M;F;4049;NEP
057540040040-3807;057540040040;100mN32120E42118;MC;NA;3;32;M;M;3039;EMP
057540040040-3807;057540040040;100mN32120E42118;MC;NA;3;30;M;F;3039;EMP
057540040040-3807;057540040040;100mN32120E42118;MC;NA;3;8;S;F;0614;NEP
057540040040-3808;057540040040;100mN32112E42122;PO;NA;4;40;S;M;4049;EMP
057540040040-3808;057540040040;100mN32112E42122;PO;NA;4;38;S;M;3039;EMP
057540040040-3808;057540040040;100mN32112E42122;PO;NA;4;8;S;F;0614;NEP
057540040040-3808;057540040040;100mN32112E42122;PO;NA;4;16;S;F;1517;EMP
057540040040-3809;057540040040;100mN32100E42072;S;NA;1;81;M;M;75XX;NEP
057540040040-3810;057540040040;100mN32144E42117;S;NA;1;18;S;F;1824;EMP
057540040040-3811;057540040040;100mN32100E42072;S;NA;1;16;S;F;1517;EMP
057540040040-3812;057540040040;100mN32100E42072;S;OS;1;65;M;M;6574;EMP
057540040040-3813;057540040040;100mN32100E42072;S;OS;1;43;M;M;4049;EMP
057540040040-3814;057540040040;100mN32114E42126;MC;MIX;2;66;M;F;6574;EMP
057540040040-3814;057540040040;100mN32114E42126;MC;MIX;2;15;S;F;1517;EMP
057540040040-3815;057540040040;100mN32136E42120;MC;MIX;4;76;S;F;75XX;NEP
057540040040-3815;057540040040;100mN32136E42120;MC;MIX;4;30;M;M;3039;EMP
057540040040-3815;057540040040;100mN32136E42120;MC;MIX;4;30;M;F;3039;EMP
057540040040-3815;057540040040;100mN32136E42120;MC;MIX;4;11;S;F;0614;NEP
057540040040-3816;057540040040;100mN32100E42072;SM;NA;3;69;W;M;6574;EMP
057540040040-3816;057540040040;100mN32100E42072;SM;NA;3;25;S;M;2529;EMP
057540040040-3816;057540040040;100mN32100E42072;SM;NA;3;13;S;M;0614;NEP
057540040040-3817;057540040040;100mN32100E42072;S;NA;1;38;M;F;3039;EMP
057540040040-3818;057540040040;100mN32115E42110;S;OS;1;80;D;M;75XX;EMP
057540040040-3819;057540040040;100mN32117E42124;MC;OS;3;76;M;F;75XX;NEP
057540040040-3819;057540040040;100mN32117E42124;MC;OS;3;78;M;M;75XX;EMP
057540040040-3819;057540040040;100mN32117E42124;MC;OS;3;68;S;M;6574;NEP
057540040040-3820;057540040040;100mN32100E42072;MC;NA;2;55;M;F;5064;EMP
057540040040-3820;057540040040;100mN32100E42072;MC;NA;2;18;M;M;1824;EMP
057540040040-3821;057540040040;100mN32100E42073;MC;NA;3;61;M;F;5064;EMP
057540040040-3821;057540040040;100mN32100E42073;MC;NA;3;42;M;M;4049;EMP
057540040040-3821;057540040040;100mN32100E42073;MC;NA;3;8;S;M;0614;NEP
057540040040-3822;057540040040;100mN32100E42072;S;NA;1;81;S;F;75XX;NEP
057540040040-3823;057540040040;100mN32100E42072;S;NA;1;55;M;F;5064;EMP
057540040040-3824;057540040040;100mN32136E42132;MC;OS;3;65;M;M;6574;EMP
057540040040-3824;057540040040;100mN32136E42132;MC;OS;3;66;M;F;6574;EMP
057540040040-3824;057540040040;100mN32136E42132;MC;OS;3;76;W;M;75XX;EMP
057540040040-3825;057540040040;100mN32136E42131;S;NA;1;26;M;M;2529;NEP
057540040040-3826;057540040040;100mN32112E42118;MC;NA;2;31;M;M;3039;NEP
057540040040-3826;057540040040;100mN32112E42118;MC;NA;2;34;M;F;3039;EMP
057540040040-3827;057540040040;100mN32109E42056;MC;NA;3;54;M;M;5064;NEP
057540040040-3827;057540040040;100mN32109E42056;MC;NA;3;46;M;F;4049;NEP
057540040040-3827;057540040040;100mN32109E42056;MC;NA;3;23;M;M;1824;NEP
057540040040-3828;057540040040;100mN32109E42056;MC;NA;3;43;M;F;4049;EMP
057540040040-3828;057540040040;100mN32109E42056;MC;NA;3;48;M;M;4049;EMP
057540040040-3828;057540040040;100mN32109E42056;MC;NA;3;15;S;F;1517;UEP
057540040040-3829;057540040040;100mN32109E42056;S;OS;1;72;M;M;6574;EMP
057540040040-3830;057540040040;100mN32124E42105;S;NA;1;32;D;M;3039;EMP
057540040040-3831;057540040040;100mN32115E42122;MC;OS;4;65;M;M;6574;NEP
057540040040-3831;057540040040;100mN32115E42122;MC;OS;4;65;M;F;6574;NEP
057540040040-3831;057540040040;100mN32115E42122;MC;OS;4;65;M;F;6574;UEP
057540040040-3831;057540040040;100mN32115E42122;MC;OS;4;79;M;F;75XX;NEP
057540040040-3832;057540040040;100mN32101E42072;MC;NA;5;41;M;F;4049;NEP
057540040040-3832;057540040040;100mN32101E42072;MC;NA;5;36;M;M;3039;NEP
057540040040-3832;057540040040;100mN32101E42072;MC;NA;5;15;S;F;1517;NEP
057540040040-3832;057540040040;100mN32101E42072;MC;NA;5;11;S;M;0614;NEP
057540040040-3832;057540040040;100mN32101E42072;MC;NA;5;18;D;M;1824;NEP
057540040040-3833;057540040040;100mN32115E42122;SF;NA;2;23;W;F;1824;EMP
057540040040-3833;057540040040;100mN32115E42122;SF;NA;2;2;S;M;0003;NEP
057540040040-3834;057540040040;100mN32115E42122;NA;MIX;2;32;M;F;3039;EMP
057540040040-3834;057540040040;100mN32115E42122;NA;MIX;2;62;M;M;5064;NEP
057540040040-3835;057540040040;100mN32115E42122;MC;NA;5;50;M;M;5064;NEP
057540040040-3835;057540040040;100mN32115E42122;MC;NA;5;48;M;F;4049;NEP
057540040040-3835;057540040040;100mN32115E42122;MC;NA;5;27;M;M;2529;EMP
057540040040-3835;057540040040;100mN32115E42122;MC;NA;5;12;S;F;0614;NEP
057540040040-3835;057540040040;100mN32115E42122;MC;NA;5;31;M;M;3039;EMP
057540040040-3836;057540040040;100mN32115E42122;S;NA;1;25;M;M;2529;EMP
057540040040-3837;057540040040;100mN32115E42122;MC;NA;4;28;M;M;2529;EMP
057540040040-3837;057540040040;100mN32115E42122;MC;NA;4;26;M;F;2529;EMP
057540040040-3837;057540040040;100mN32115E42122;MC;NA;4;2;S;M;0003;NEP
057540040040-3837;057540040040;100mN32115E42122;MC;NA;4;11;S;M;0614;NEP
057540040040-3838;057540040040;100mN32115E42122;S;OS;1;23;M;M;1824;EMP
057540040040-3839;057540040040;100mN32132E42131;S;NA;1;80;S;M;75XX;EMP
057540040040-3840;057540040040;100mN32113E42122;MC;NA;5;52;M;M;5064;NEP
057540040040-3840;057540040040;100mN32113E42122;MC;NA;5;51;M;F;5064;EMP
057540040040-3840;057540040040;100mN32113E42122;MC;NA;5;12;S;M;0614;NEP
057540040040-3840;057540040040;100mN32113E42122;MC;NA;5;15;S;F;1517;EMP
057540040040-3840;057540040040;100mN32113E42122;MC;NA;5;12;S;F;0614;NEP
057540040040-3841;057540040040;100mN32137E42120;MC;MIX;2;80;M;F;75XX;EMP
057540040040-3841;057540040040;100mN32137E42120;MC;MIX;2;18;M;F;1824;EMP
057540040040-3842;057540040040;100mN32113E42122;MC;NA;6;47;M;F;4049;NEP
057540040040-3842;057540040040;100mN32113E42122;MC;NA;6;47;M;M;4049;EMP
057540040040-3842;057540040040;100mN32113E42122;MC;NA;6;13;S;M;0614;NEP
057540040040-3842;057540040040;100mN32113E42122;MC;NA;6;15;S;M;1517;NEP
057540040040-3842;057540040040;100mN32113E42122;MC;NA;6;4;S;M;0305;NEP
057540040040-3842;057540040040;100mN32113E42122;MC;NA;6;4;S;M;0305;NEP
057540040040-3843;057540040040;100mN32135E42126;MC;OS;3;66;M;F;6574;EMP
057540040040-3843;057540040040;100mN32135E42126;MC;OS;3;65;M;M;6574;EMP
057540040040-3843;057540040040;100mN32135E42126;MC;OS;3;72;D;F;6574;NEP
057540040040-3844;057540040040;100mN32113E42122;S;OS;1;68;W;F;6574;EMP
057540040040-3845;057540040040;100mN32113E42122;S;NA;1;41;M;M;4049;EMP
057540040040-3846;057540040040;100mN32102E42070;MC;NA;5;35;M;F;3039;NEP
057540040040-3846;057540040040;100mN32102E42070;MC;NA;5;40;M;M;4049;NEP
057540040040-3846;057540040040;100mN32102E42070;MC;NA;5;11;S;F;0614;NEP
057540040040-3846;057540040040;100mN32102E42070;MC;NA;5;4;S;M;0305;NEP
057540040040-3846;057540040040;100mN32102E42070;MC;NA;5;19;D;F;1824;EMP
057540040040-3847;057540040040;100mN32093E42059;PO;OS;5;81;S;F;75XX;EMP
057540040040-3847;057540040040;100mN32093E42059;PO;OS;5;79;S;M;75XX;EMP
057540040040-3847;057540040040;100mN32093E42059;PO;OS;5;73;W;F;6574;EMP
057540040040-3847;057540040040;100mN32093E42059;PO;OS;5;67;S;M;6574;NEP
057540040040-3847;057540040040;100mN32093E42059;PO;OS;5;78;D;F;75XX;EMP
057540040040-3848;057540040040;100mN32113E42122;S;NA;1;44;S;F;4049;EMP
057540040040-3849;057540040040;100mN32118E42122;PO;NA;3;52;S;M;5064;NEP
057540040040-3849;057540040040;100mN32118E42122;PO;NA;3;51;S;M;5064;NEP
057540040040-3849;057540040040;100mN32118E42122;PO;NA;3;26;M;M;2529;EMP
057540040040-3850;057540040040;100mN32113E42122;S;NA;1;46;S;F;4049;NEP
057540040040-3851;057540040040;100mN32113E42122;MC;NA;3;43;M;M;4049;EMP
057540040040-3851;057540040040;100mN32113E42122;MC;NA;3;37;M;F;3039;EMP
057540040040-3851;057540040040;100mN32113E42122;MC;NA;3;3;S;M;0305;NEP
057540040040-3852;057540040040;100mN32130E42141;SM;NA;5;37;S;M;3039;EMP
057540040040-3852;057540040040;100mN32130E42141;SM;NA;5;15;S;M;1517;EMP
057540040040-3852;057540040040;100mN32130E42141;SM;NA;5;12;S;F;0614;NEP
057540040040-3852;057540040040;100mN32130E42141;SM;NA;5;7;S;F;0614;NEP
057540040040-3852;057540040040;100mN32130E42141;SM;NA;5;3;S;M;0305;NEP
057540040040-3853;057540040040;100mN32112E42121;S;NA;1;52;S;M;5064;NEP
057540040040-3854;057540040040;100mN32127E42079;MC;NA;2;60;M;M;5064;EMP
057540040040-3854;057540040040;100mN32127E42079;MC;NA;2;60;M;F;5064;EMP
057540040040-3855;057540040040;100mN32113E42122;NA;NA;2;77;S;F;75XX;EMP
057540040040-3855;057540040040;100mN32113E42122;NA;NA;2;44;W;F;4049;EMP
057540040040-3856;057540040040;100mN32113E42122;S;NA;1;23;M;F;1824;NEP
057540040040-3857;057540040040;100mN32143E42118;MC;NA;4;54;M;M;5064;EMP
057540040040-3857;057540040040;100mN32143E42118;MC;NA;4;38;D;F;3039;EMP
057540040040-3857;057540040040;100mN32143E42118;MC;NA;4;8;S;F;0614;NEP
057540040040-3857;057540040040;100mN32143E42118;MC;NA;4;12;S;M;0614;NEP
057540040040-3858;057540040040;100mN32127E42137;MC;NA;2;43;M;M;4049;EMP
057540040040-3858;057540040040;100mN32127E42137;MC;NA;2;41;M;F;4049;EMP
057540040040-3859;057540040040;100mN32120E42132;MC;NA;3;32;M;F;3039;EMP
057540040040-3859;057540040040;100mN32120E42132;MC;NA;3;33;M;M;3039;EMP
057540040040-3859;057540040040;100mN32120E42132;MC;NA;3;11;S;F;0614;NEP
057540040040-3860;057540040040;100mN32120E42132;MC;NA;5;45;M;F;4049;EMP
057540040040-3860;057540040040;100mN32120E42132;MC;NA;5;48;M;M;4049;EMP
057540040040-3860;057540040040;100mN32120E42132;MC;NA;5;4;S;M;0305;NEP
057540040040-3860;057540040040;100mN32120E42132;MC;NA;5;4;S;M;0305;NEP
057540040040-3860;057540040040;100mN32120E42132;MC;NA;5;21;M;M;1824;NEP
057540040040-3861;057540040040;100mN32115E42132;S;NA;1;57;W;F;5064;EMP
057540040040-3862;057540040040;100mN32126E42138;MC;MIX;3;71;S;F;6574;EMP
057540040040-3862;057540040040;100mN32126E42138;MC;MIX;3;46;M;M;4049;EMP
057540040040-3862;057540040040;100mN32126E42138;MC;MIX;3;40;M;F;4049;NEP
057540040040-3863;057540040040;100mN32126E42138;MC;OS;2;69;M;F;6574;EMP
057540040040-3863;057540040040;100mN32126E42138;MC;OS;2;72;M;M;6574;EMP
057540040040-3864;057540040040;100mN32121E42123;S;NA;1;67;M;F;6574;UEP
057540040040-3865;057540040040;100mN32111E42141;S;NA;1;30;M;F;3039;EMP
057540040040-3866;057540040040;100mN32126E42138;MC;OS;4;84;M;F;75XX;EMP
057540040040-3866;057540040040;100mN32126E42138;MC;OS;4;16;S;M;1517;NEP
057540040040-3866;057540040040;100mN32126E42138;MC;OS;4;65;D;M;6574;NEP
057540040040-3866;057540040040;100mN32126E42138;MC;OS;4;73;M;M;6574;EMP
057540040040-3867;057540040040;100mN32126E42138;S;NA;1;52;M;F;5064;UEP
057540040040-3868;057540040040;100mN32126E42138;MC;NA;2;37;M;F;3039;NEP
057540040040-3868;057540040040;100mN32126E42138;MC;NA;2;46;M;M;4049;EMP
057540040040-3869;057540040040;100mN32135E42120;MC;NA;4;43;M;F;4049;EMP
057540040040-3869;057540040040;100mN32135E42120;MC;NA;4;43;M;M;4049;NEP
057540040040-3869;057540040040;100mN32135E42120;MC;NA;4;6;S;M;0614;NEP
057540040040-3869;057540040040;100mN32135E42120;MC;NA;4;12;S;M;0614;NEP
057540040040-3870;057540040040;100mN32126E42138;MC;NA;2;53;M;M;5064;NEP
057540040040-3870;057540040040;100mN32126E42138;MC;NA;2;52;M;F;5064;EMP
057540040040-3871;057540040040;100mN32126E42138;MC;OS;2;73;M;F;6574;EMP
057540040040-3871;057540040040;100mN32126E42138;MC;OS;2;75;M;M;75XX;EMP
057540040040-3872;057540040040;100mN32124E42141;S;OS;1;66;M;M;6574;NEP
057540040040-3873;057540040040;100mN32126E42138;S;NA;1;59;S;F;5064;NEP
057540040040-3874;057540040040;100mN32126E42138;MC;OS;3;76;M;F;75XX;NEP
057540040040-3874;057540040040;100mN32126E42138;MC;OS;3;84;M;M;75XX;EMP
057540040040-3874;057540040040;100mN32126E42138;MC;OS;3;66;M;M;6574;EMP
057540040040-3875;057540040040;100mN32127E42141;S;OS;1;75;W;M;75XX;EMP
057540040040-3876;057540040040;100mN32134E42121;S;OS;1;51;D;F;5064;EMP
057540040040-3877;057540040040;100mN32116E42124;MC;NA;2;51;M;M;5064;NEP
057540040040-3877;057540040040;100mN32116E42124;MC;NA;2;48;M;F;4049;NEP
057540040040-3878;057540040040;100mN32141E42118;SF;NA;4;43;S;F;4049;NEP
057540040040-3878;057540040040;100mN32141E42118;SF;NA;4;8;S;M;0614;NEP
057540040040-3878;057540040040;100mN32141E42118;SF;NA;4;6;S;F;0614;NEP
057540040040-3878;057540040040;100mN32141E42118;SF;NA;4;27;M;F;2529;NEP
057540040040-3879;057540040040;100mN32120E42139;MC;MIX;3;68;M;F;6574;NEP
057540040040-3879;057540040040;100mN32120E42139;MC;MIX;3;53;M;M;5064;EMP
057540040040-3879;057540040040;100mN32120E42139;MC;MIX;3;53;M;F;5064;EMP
057540040040-3880;057540040040;100mN32098E42132;PO;OS;2;69;S;F;6574;NEP
057540040040-3880;057540040040;100mN32098E42132;PO;OS;2;72;S;M;6574;EMP
057540040040-3881;057540040040;100mN32124E42141;SF;NA;4;61;D;F;5064;EMP
057540040040-3881;057540040040;100mN32124E42141;SF;NA;4;3;S;F;0305;NEP
057540040040-3881;057540040040;100mN32124E42141;SF;NA;4;1;S;F;0003;NEP
057540040040-3881;057540040040;100mN32124E42141;SF;NA;4;13;S;M;0614;NEP
057540040040-3882;057540040040;100mN32114E42128;S;NA;1;43;S;M;4049;EMP
057540040040-3883;057540040040;100mN32098E42132;MC;NA;5;47;M;F;4049;NEP
057540040040-3883;057540040040;100mN32098E42132;MC;NA;5;54;M;M;5064;EMP
057540040040-3883;057540040040;100mN32098E42132;MC;NA;5;15;S;F;1517;EMP
057540040040-3883;057540040040;100mN32098E42132;MC;NA;5;16;S;F;1517;NEP
057540040040-3883;057540040040;100mN32098E42132;MC;NA;5;2;S;M;0003;NEP
057540040040-3884;057540040040;100mN32098E42132;PO;NA;2;40;S;M;4049;EMP
057540040040-3884;057540040040;100mN32098E42132;PO;NA;2;32;S;M;3039;EMP
057540040040-3885;057540040040;100mN32098E42132;PO;NA;2;40;S;M;4049;EMP
057540040040-3885;057540040040;100mN32098E42132;PO;NA;2;32;S;M;3039;EMP
057540040040-3886;057540040040;100mN32127E42137;MC;MIX;4;82;D;F;75XX;EMP
057540040040-3886;057540040040;100mN32127E42137;MC;MIX;4;53;M;M;5064;EMP
057540040040-3886;057540040040;100mN32127E42137;MC;MIX;4;51;M;F;5064;EMP
057540040040-3886;057540040040;100mN32127E42137;MC;MIX;4;2;S;M;0003;NEP
057540040040-3887;057540040040;100mN32118E42148;S;NA;1;83;W;M;75XX;EMP
057540040040-3888;057540040040;100mN32118E42148;MC;NA;3;20;M;F;1824;EMP
057540040040-3888;057540040040;100mN32118E42148;MC;NA;3;28;M;M;2529;EMP
057540040040-3888;057540040040;100mN32118E42148;MC;NA;3;1;S;M;0003;NEP
057540040040-3889;057540040040;100mN32125E42144;S;NA;1;42;M;M;4049;NEP
057540040040-3890;057540040040;100mN32118E42127;S;NA;1;36;W;F;3039;NEP
057540040040-3891;057540040040;100mN32118E42148;MC;NA;2;31;M;M;3039;NEP
057540040040-3891;057540040040;100mN32118E42148;MC;NA;2;28;M;F;2529;EMP
057540040040-3892;057540040040;100mN32118E42120;MC;OS;2;76;M;F;75XX;NEP
057540040040-3892;057540040040;100mN32118E42120;MC;OS;2;73;M;M;6574;EMP
057540040040-3893;057540040040;100mN32123E42142;PO;MIX;2;83;S;F;75XX;NEP
057540040040-3893;057540040040;100mN32123E42142;PO;MIX;2;60;S;M;5064;EMP
057540040040-3894;057540040040;100mN32091E42059;MC;NA;2;43;M;M;4049;NEP
057540040040-3894;057540040040;100mN32091E42059;MC;NA;2;48;M;F;4049;EMP
057540040040-3895;057540040040;100mN32091E42059;MC;NA;4;48;M;F;4049;EMP
057540040040-3895;057540040040;100mN32091E42059;MC;NA;4;57;M;M;5064;EMP
057540040040-3895;057540040040;100mN32091E42059;MC;NA;4;16;S;F;1517;EMP
057540040040-3895;057540040040;100mN32091E42059;MC;NA;4;1;S;M;0003;NEP
057540040040-3896;057540040040;100mN32091E42075;SF;NA;3;59;W;F;5064;EMP
057540040040-3896;057540040040;100mN32091E42075;SF;NA;3;41;M;F;4049;EMP
057540040040-3896;057540040040;100mN32091E42075;SF;NA;3;4;S;F;0305;NEP
057540040040-3897;057540040040;100mN32091E42075;MC;NA;2;56;M;F;5064;EMP
057540040040-3897;057540040040;100mN32091E42075;MC;NA;2;60;M;M;5064;NEP
057540040040-3898;057540040040;100mN32091E42075;PO;NA;3;60;S;M;5064;NEP
057540040040-3898;057540040040;100mN32091E42075;PO;NA;3;52;S;F;5064;UEP
057540040040-3898;057540040040;100mN32091E42075;PO;NA;3;2;S;F;0003;NEP
057540040040-3899;057540040040;100mN32112E42123;S;NA;1;47;M;F;4049;EMP
057540040040-3900;057540040040;100mN32121E42071;MC;NA;2;38;M;F;3039;NEP
057540040040-3900;057540040040;100mN32121E42071;MC;NA;2;59;M;M;5064;NEP
057540040040-3901;057540040040;100mN32112E42118;SM;NA;2;71;W;M;6574;EMP
057540040040-3901;057540040040;100mN32112E42118;SM;NA;2;25;M;F;2529;NEP
057540040040-3902;057540040040;100mN32102E42144;MC;NA;2;62;M;F;5064;EMP
057540040040-3902;057540040040;100mN32102E42144;MC;NA;2;56;S;M;5064;NEP
057540040040-3903;057540040040;100mN32102E42144;S;OS;1;45;W;M;4049;EMP
057540040040-3904;057540040040;100mN32132E42134;S;NA;1;51;D;M;5064;EMP
057540040040-3905;057540040040;100mN32124E42139;MC;NA;4;54;M;M;5064;NEP
057540040040-3905;057540040040;100mN32124E42139;MC;NA;4;56;M;F;5064;NEP
057540040040-3905;057540040040;100mN32124E42139;MC;NA;4;8;S;F;0614;NEP
057540040040-3905;057540040040;100mN32124E42139;MC;NA;4;15;S;F;1517;EMP
057540040040-3906;057540040040;100mN32117E42129;MC;NA;5;50;M;M;5064;NEP
057540040040-3906;057540040040;100mN32117E42129;MC;NA;5;42;M;F;4049;NEP
057540040040-3906;057540040040;100mN32117E42129;MC;NA;5;16;S;M;1517;NEP
057540040040-3906;057540040040;100mN32117E42129;MC;NA;5;31;M;F;3039;EMP
057540040040-3906;057540040040;100mN32117E42129;MC;NA;5;15;S;F;1517;NEP
057540040040-3907;057540040040;100mN32088E42093;MC;NA;4;34;M;F;3039;EMP
057540040040-3907;057540040040;100mN32088E42093;MC;NA;4;37;M;M;3039;EMP
057540040040-3907;057540040040;100mN32088E42093;MC;NA;4;7;S;M;0614;NEP
057540040040-3907;057540040040;100mN32088E42093;MC;NA;4;15;S;M;1517;NEP
057540040040-3908;057540040040;100mN32088E42131;MC;NA;2;56;M;M;5064;EMP
057540040040-3908;057540040040;100mN32088E42131;MC;NA;2;56;M;F;5064;EMP
057540040040-3909;057540040040;100mN32088E42131;MC;MIX;3;79;M;F;75XX;EMP
057540040040-3909;057540040040;100mN32088E42131;MC;MIX;3;60;M;M;5064;EMP
057540040040-3909;057540040040;100mN32088E42131;MC;MIX;3;55;M;F;5064;NEP
057540040040-3910;057540040040;100mN32112E42118;PO;NA;4;47;S;M;4049;EMP
057540040040-3910;057540040040;100mN32112E42118;PO;NA;4;47;S;F;4049;EMP
057540040040-3910;057540040040;100mN32112E42118;PO;NA;4;11;S;F;0614;NEP
057540040040-3910;057540040040;100mN32112E42118;PO;NA;4;20;M;F;1824;NEP
057540040040-3911;057540040040;100mN32124E42146;MC;NA;4;47;M;M;4049;EMP
057540040040-3911;057540040040;100mN32124E42146;MC;NA;4;40;M;F;4049;EMP
057540040040-3911;057540040040;100mN32124E42146;MC;NA;4;15;S;F;1517;EMP
057540040040-3911;057540040040;100mN32124E42146;MC;NA;4;30;S;F;3039;UEP
057540040040-3912;057540040040;100mN32088E42131;SF;NA;4;18;W;F;1824;EMP
057540040040-3912;057540040040;100mN32088E42131;SF;NA;4;0;S;F;0003;NEP
057540040040-3912;057540040040;100mN32088E42131;SF;NA;4;3;S;F;0305;NEP
057540040040-3912;057540040040;100mN32088E42131;SF;NA;4;3;S;M;0305;NEP
057540040040-3913;057540040040;100mN32102E42112;MC;NA;4;62;M;F;5064;NEP
057540040040-3913;057540040040;100mN32102E42112;MC;NA;4;63;M;M;5064;EMP
057540040040-3913;057540040040;100mN32102E42112;MC;NA;4;16;S;M;1517;NEP
057540040040-3913;057540040040;100mN32102E42112;MC;NA;4;32;S;F;3039;NEP
057540040040-3914;057540040040;100mN32097E42069;SF;NA;2;46;D;F;4049;EMP
057540040040-3914;057540040040;100mN32097E42069;SF;NA;2;2;S;F;0003;NEP
057540040040-3915;057540040040;100mN32123E42142;S;NA;1;44;W;F;4049;EMP
057540040040-3916;057540040040;100mN32117E42117;MC;NA;3;58;M;M;5064;EMP
057540040040-3916;057540040040;100mN32117E42117;MC;NA;3;52;M;F;5064;UEP
057540040040-3916;057540040040;100mN32117E42117;MC;NA;3;12;S;F;0614;NEP
057540040040-3917;057540040040;100mN32124E42114;MC;MIX;2;69;M;M;6574;EMP
057540040040-3917;057540040040;100mN32124E42114;MC;MIX;2;21;D;F;1824;NEP
057540040040-3918;057540040040;100mN32105E42098;MC;NA;5;38;M;F;3039;NEP
057540040040-3918;057540040040;100mN32105E42098;MC;NA;5;45;M;M;4049;NEP
057540040040-3918;057540040040;100mN32105E42098;MC;NA;5;18;W;F;1824;EMP
057540040040-3918;057540040040;100mN32105E42098;MC;NA;5;6;S;M;0614;NEP
057540040040-3918;057540040040;100mN32105E42098;MC;NA;5;9;S;M;0614;NEP
057540040040-3919;057540040040;100mN32115E42129;S;OS;1;48;M;M;4049;EMP
057540040040-3920;057540040040;100mN32116E42128;SF;NA;2;66;W;F;6574;EMP
057540040040-3920;057540040040;100mN32116E42128;SF;NA;2;13;S;F;0614;NEP
057540040040-3921;057540040040;100mN32113E42126;S;OS;1;33;M;F;3039;EMP
057540040040-3922;057540040040;100mN32131E42135;MC;NA;3;53;M;F;5064;NEP
057540040040-3922;057540040040;100mN32131E42135;MC;NA;3;55;M;M;5064;EMP
057540040040-3922;057540040040;100mN32131E42135;MC;NA;3;4;S;M;0305;NEP
057540040040-3923;057540040040;100mN32105E42086;MC;OS;2;70;M;F;6574;NEP
057540040040-3923;057540040040;100mN32105E42086;MC;OS;2;83;M;M;75XX;EMP
057540040040-3924;057540040040;100mN32105E42086;MC;OS;3;67;M;F;6574;EMP
057540040040-3924;057540040040;100mN32105E42086;MC;OS;3;72;M;M;6574;NEP
057540040040-3924;057540040040;100mN32105E42086;MC;OS;3;67;D;M;6574;EMP
057540040040-3925;057540040040;100mN32113E42124;MC;NA;3;44;M;F;4049;EMP
057540040040-3925;057540040040;100mN32113E42124;MC;NA;3;47;M;M;4049;EMP
057540040040-3925;057540040040;100mN32113E42124;MC;NA;3;3;S;F;0305;NEP
057540040040-3926;057540040040;100mN32116E42111;S;NA;1;46;S;M;4049;NEP
057540040040-3927;057540040040;100mN32116E42111;PO;MIX;2;88;S;F;75XX;NEP
057540040040-3927;057540040040;100mN32116E42111;PO;MIX;2;84;W;F;75XX;EMP
057540040040-3928;057540040040;100mN32078E42062;MC;NA;2;61;M;F;5064;EMP
057540040040-3928;057540040040;100mN32078E42062;MC;NA;2;68;M;F;6574;NEP
057540040040-3929;057540040040;100mN32127E42142;S;NA;1;19;W;F;1824;EMP
057540040040-3930;057540040040;100mN32125E42146;MC;NA;2;40;M;F;4049;NEP
057540040040-3930;057540040040;100mN32125E42146;MC;NA;2;42;M;M;4049;EMP
057540040040-3931;057540040040;100mN32136E42132;MC;MIX;3;73;S;F;6574;NEP
057540040040-3931;057540040040;100mN32136E42132;MC;MIX;3;30;M;M;3039;EMP
057540040040-3931;057540040040;100mN32136E42132;MC;MIX;3;27;M;F;2529;EMP
057540040040-3932;057540040040;100mN32105E42076;MC;NA;2;21;M;F;1824;NEP
057540040040-3932;057540040040;100mN32105E42076;MC;NA;2;18;M;M;1824;NEP
057540040040-3933;057540040040;100mN32105E42076;PO;NA;2;55;S;F;5064;NEP
057540040040-3933;057540040040;100mN32105E42076;PO;NA;2;57;S;F;5064;EMP
057540040040-3934;057540040040;100mN32127E42143;S;NA;1;57;S;M;5064;EMP
057540040040-3935;057540040040;100mN32096E42101;S;NA;1;58;S;M;5064;EMP
057540040040-3936;057540040040;100mN32104E42110;MC;NA;4;50;M;F;5064;EMP
057540040040-3936;057540040040;100mN32104E42110;MC;NA;4;46;M;M;4049;EMP
057540040040-3936;057540040040;100mN32104E42110;MC;NA;4;23;W;F;1824;EMP
057540040040-3936;057540040040;100mN32104E42110;MC;NA;4;6;S;F;0614;NEP
057540040040-3937;057540040040;100mN32112E42057;SF;NA;2;48;S;F;4049;EMP
057540040040-3937;057540040040;100mN32112E42057;SF;NA;2;12;S;M;0614;NEP
057540040040-3938;057540040040;100mN32112E42057;S;NA;1;57;M;F;5064;EMP
057540040040-3939;057540040040;100mN32112E42057;S;NA;1;44;D;F;4049;EMP
057540040040-3940;057540040040;100mN32112E42080;S;OS;1;21;S;M;1824;NEP
057540040040-3941;057540040040;100mN32112E42080;S;NA;1;40;M;M;4049;EMP
057540040040-3942;057540040040;100mN32118E42131;S;NA;1;56;D;F;5064;NEP
057540040040-3943;057540040040;100mN32103E42071;MC;NA;3;42;M;F;4049;EMP
057540040040-3943;057540040040;100mN32103E42071;MC;NA;3;40;M;M;4049;EMP
057540040040-3943;057540040040;100mN32103E42071;MC;NA;3;16;S;F;1517;NEP
057540040040-3944;057540040040;100mN32107E42143;MC;OS;2;72;M;F;6574;EMP
057540040040-3944;057540040040;100mN32107E42143;MC;OS;2;80;M;M;75XX;EMP
057540040040-3945;057540040040;100mN32107E42143;MC;OS;4;75;M;M;75XX;NEP
057540040040-3945;057540040040;100mN32107E42143;MC;OS;4;72;M;F;6574;EMP
057540040040-3945;057540040040;100mN32107E42143;MC;OS;4;65;M;F;6574;EMP
057540040040-3945;057540040040;100mN32107E42143;MC;OS;4;82;S;F;75XX;NEP
057540040040-3946;057540040040;100mN32118E42063;S;OS;1;20;M;F;1824;EMP
057540040040-3947;057540040040;100mN32118E42063;S;NA;1;41;S;F;4049;EMP
057540040040-3948;057540040040;100mN32114E42128;SF;NA;3;37;W;F;3039;EMP
057540040040-3948;057540040040;100mN32114E42128;SF;NA;3;10;S;M;0614;NEP
057540040040-3948;057540040040;100mN32114E42128;SF;NA;3;11;S;F;0614;NEP
057540040040-3949;057540040040;100mN32116E42123;SF;NA;5;48;S;F;4049;NEP
057540040040-3949;057540040040;100mN32116E42123;SF;NA;5;9;S;F;0614;NEP
057540040040-3949;057540040040;100mN32116E42123;SF;NA;5;9;S;M;0614;NEP
057540040040-3949;057540040040;100mN32116E42123;SF;NA;5;7;S;F;0614;NEP
057540040040-3949;057540040040;100mN32116E42123;SF;NA;5;6;S;F;0614;NEP
057540040040-3950;057540040040;100mN32102E42075;S;NA;1;68;M;M;6574;EMP
057540040040-3951;057540040040;100mN32114E42116;MC;MIX;2;85;M;F;75XX;NEP
057540040040-3951;057540040040;100mN32114E42116;MC;MIX;2;2;S;M;0003;NEP
057540040040-3952;057540040040;100mN32114E42116;PO;OS;2;81;S;F;75XX;NEP
057540040040-3952;057540040040;100mN32114E42116;PO;OS;2;85;S;F;75XX;EMP
057540040040-3953;057540040040;100mN32114E42116;S;OS;1;53;S;F;5064;EMP
057540040040-3954;057540040040;100mN32114E42116;SF;NA;4;45;S;F;4049;EMP
057540040040-3954;057540040040;100mN32114E42116;SF;NA;4;22;M;M;1824;EMP
057540040040-3954;057540040040;100mN32114E42116;SF;NA;4;1;S;M;0003;NEP
057540040040-3954;057540040040;100mN32114E42116;SF;NA;4;6;S;F;0614;NEP
057540040040-3955;057540040040;100mN32117E42113;MC;NA;6;55;M;F;5064;NEP
057540040040-3955;057540040040;100mN32117E42113;MC;NA;6;58;M;M;5064;EMP
057540040040-3955;057540040040;100mN32117E42113;MC;NA;6;6;S;M;0614;NEP
057540040040-3955;057540040040;100mN32117E42113;MC;NA;6;16;S;M;1517;EMP
057540040040-3955;057540040040;100mN32117E42113;MC;NA;6;34;W;F;3039;NEP
057540040040-3955;057540040040;100mN32117E42113;MC;NA;6;9;S;M;0614;NEP
057540040040-3956;057540040040;100mN32124E42141;S;OS;1;52;S;M;5064;EMP
057540040040-3957;057540040040;100mN32114E42116;MC;NA;2;26;M;M;2529;NEP
057540040040-3957;057540040040;100mN32114E42116;MC;NA;2;25;M;F;2529;EMP
057540040040-3958;057540040040;100mN32112E42121;S;NA;1;52;S;M;5064;NEP
057540040040-3959;057540040040;100mN32114E42116;MC;NA;2;44;M;F;4049;EMP
057540040040-3959;057540040040;100mN32114E42116;MC;NA;2;45;M;M;4049;EMP
057540040040-3960;057540040040;100mN32114E42116;PO;MIX;3;75;S;F;75XX;NEP
057540040040-3960;057540040040;100mN32114E42116;PO;MIX;3;53;S;M;5064;EMP
057540040040-3960;057540040040;100mN32114E42116;PO;MIX;3;51;S;F;5064;NEP
057540040040-3961;057540040040;100mN32114E42116;MC;OS;2;72;M;M;6574;EMP
057540040040-3961;057540040040;100mN32114E42116;MC;OS;2;67;M;F;6574;UEP
057540040040-3962;057540040040;100mN32104E42073;MC;MIX;3;87;S;F;75XX;NEP
057540040040-3962;057540040040;100mN32104E42073;MC;MIX;3;25;M;M;2529;NEP
057540040040-3962;057540040040;100mN32104E42073;MC;MIX;3;22;M;F;1824;EMP
057540040040-3963;057540040040;100mN32114E42116;MC;OS;2;78;M;F;75XX;NEP
057540040040-3963;057540040040;100mN32114E42116;MC;OS;2;86;M;M;75XX;EMP
057540040040-3964;057540040040;100mN32117E42124;MC;NA;4;45;M;F;4049;EMP
057540040040-3964;057540040040;100mN32117E42124;MC;NA;4;54;M;M;5064;NEP
057540040040-3964;057540040040;100mN32117E42124;MC;NA;4;10;S;F;0614;NEP
057540040040-3964;057540040040;100mN32117E42124;MC;NA;4;30;W;F;3039;NEP
057540040040-3965;057540040040;100mN32114E42116;S;OS;1;28;S;F;2529;EMP
057540040040-3966;057540040040;100mN32114E42131;MC;OS;3;78;M;F;75XX;EMP
057540040040-3966;057540040040;100mN32114E42131;MC;OS;3;84;M;M;75XX;EMP
057540040040-3966;057540040040;100mN32114E42131;MC;OS;3;71;M;M;6574;NEP
057540040040-3967;057540040040;100mN32122E42059;MC;MIX;3;68;S;M;6574;EMP
057540040040-3967;057540040040;100mN32122E42059;MC;MIX;3;61;M;M;5064;NEP
057540040040-3967;057540040040;100mN32122E42059;MC;MIX;3;63;M;F;5064;NEP
057540040040-3968;057540040040;100mN32143E42120;S;NA;1;61;M;F;5064;EMP
057540040040-3969;057540040040;100mN32143E42120;MC;OS;3;70;M;F;6574;EMP
057540040040-3969;057540040040;100mN32143E42120;MC;OS;3;79;M;M;75XX;EMP
057540040040-3969;057540040040;100mN32143E42120;MC;OS;3;72;M;M;6574;NEP
057540040040-3970;057540040040;100mN32143E42120;SF;NA;3;57;W;F;5064;EMP
057540040040-3970;057540040040;100mN32143E42120;SF;NA;3;1;S;F;0003;NEP
057540040040-3970;057540040040;100mN32143E42120;SF;NA;3;10;S;F;0614;NEP
057540040040-3971;057540040040;100mN32133E42130;S;NA;1;72;M;M;6574;EMP
057540040040-3972;057540040040;100mN32101E42069;MC;NA;5;62;M;F;5064;NEP
057540040040-3972;057540040040;100mN32101E42069;MC;NA;5;63;M;M;5064;EMP
057540040040-3972;057540040040;100mN32101E42069;MC;NA;5;15;S;F;1517;NEP
057540040040-3972;057540040040;100mN32101E42069;MC;NA;5;8;S;F;0614;NEP
057540040040-3972;057540040040;100mN32101E42069;MC;NA;5;10;S;F;0614;NEP
057540040040-3973;057540040040;100mN32151E42129;S;NA;1;50;M;F;5064;NEP
057540040040-3974;057540040040;100mN32151E42129;MC;OS;4;73;M;M;6574;EMP
057540040040-3974;057540040040;100mN32151E42129;MC;OS;4;66;M;F;6574;NEP
057540040040-3974;057540040040;100mN32151E42129;MC;OS;4;89;D;F;75XX;EMP
057540040040-3974;057540040040;100mN32151E42129;MC;OS;4;75;S;F;75XX;EMP
057540040040-3975;057540040040;100mN32095E42131;MC;NA;3;36;M;F;3039;EMP
057540040040-3975;057540040040;100mN32095E42131;MC;NA;3;33;M;M;3039;NEP
057540040040-3975;057540040040;100mN32095E42131;MC;NA;3;18;S;F;1824;NEP
057540040040-3976;057540040040;100mN32095E42131;S;NA;1;23;M;F;1824;NEP
057540040040-3977;057540040040;100mN32095E42131;MC;NA;5;59;M;F;5064;NEP
057540040040-3977;057540040040;100mN32095E42131;MC;NA;5;63;M;M;5064;EMP
057540040040-3977;057540040040;100mN32095E42131;MC;NA;5;40;M;M;4049;NEP
057540040040-3977;057540040040;100mN32095E42131;MC;NA;5;27;S;M;2529;EMP
057540040040-3977;057540040040;100mN32095E42131;MC;NA;5;15;S;M;1517;NEP
057540040040-3978;057540040040;100mN32125E42139;PO;OS;4;80;S;F;75XX;EMP
057540040040-3978;057540040040;100mN32125E42139;PO;OS;4;81;S;F;75XX;EMP
057540040040-3978;057540040040;100mN32125E42139;PO;OS;4;83;M;F;75XX;EMP
057540040040-3978;057540040040;100mN32125E42139;PO;OS;4;73;S;M;6574;NEP
057540040040-3979;057540040040;100mN32115E42119;MC;OS;3;81;M;M;75XX;NEP
057540040040-3979;057540040040;100mN32115E42119;MC;OS;3;77;M;F;75XX;NEP
057540040040-3979;057540040040;100mN32115E42119;MC;OS;3;87;M;M;75XX;EMP
057540040040-3980;057540040040;100mN32115E42119;S;NA;1;38;M;F;3039;EMP
057540040040-3981;057540040040;100mN32117E42121;MC;NA;2;50;M;M;5064;EMP
057540040040-3981;057540040040;100mN32117E42121;MC;NA;2;60;M;F;5064;NEP
057540040040-3982;057540040040;100mN32126E42143;S;OS;1;70;M;F;6574;UEP
057540040040-3983;057540040040;100mN32125E42142;MC;OS;3;69;M;M;6574;NEP
057540040040-3983;057540040040;100mN32125E42142;MC;OS;3;65;M;F;6574;NEP
057540040040-3983;057540040040;100mN32125E42142;MC;OS;3;79;W;M;75XX;EMP
057540040040-3984;057540040040;100mN32117E42133;S;NA;1;67;M;M;6574;EMP
057540040040-3985;057540040040;100mN32115E42132;S;NA;1;57;W;F;5064;EMP
057540040040-3986;057540040040;100mN32124E42145;S;OS;1;79;M;F;75XX;NEP
057540040040-3987;057540040040;100mN32133E42127;S;OS;1;30;S;M;3039;EMP
057540040040-3988;057540040040;100mN32090E42100;PO;NA;3;57;S;F;5064;NEP
057540040040-3988;057540040040;100mN32090E42100;PO;NA;3;58;S;F;5064;EMP
057540040040-3988;057540040040;100mN32090E42100;PO;NA;3;4;S;M;0305;NEP
057540040040-3989;057540040040;100mN32117E42113;MC;NA;6;55;M;F;5064;NEP
057540040040-3989;057540040040;100mN32117E42113;MC;NA;6;58;M;M;5064;EMP
057540040040-3989;057540040040;100mN32117E42113;MC;NA;6;6;S;M;0614;NEP
057540040040-3989;057540040040;100mN32117E42113;MC;NA;6;16;S;M;1517;EMP
057540040040-3989;057540040040;100mN32117E42113;MC;NA;6;34;W;F;3039;NEP
057540040040-3989;057540040040;100mN32117E42113;MC;NA;6;9;S;M;0614;NEP
057540040040-3990;057540040040;100mN32144E42118;MC;NA;2;52;M;F;5064;NEP
057540040040-3990;057540040040;100mN32144E42118;MC;NA;2;54;M;M;5064;EMP
057540040040-3991;057540040040;100mN32144E42118;MC;NA;4;47;M;M;4049;EMP
057540040040-3991;057540040040;100mN32144E42118;MC;NA;4;40;M;F;4049;UEP
057540040040-3991;057540040040;100mN32144E42118;MC;NA;4;19;M;M;1824;EMP
057540040040-3991;057540040040;100mN32144E42118;MC;NA;4;16;S;M;1517;EMP
057540040040-3992;057540040040;100mN32144E42118;MC;NA;2;48;M;F;4049;UEP
057540040040-3992;057540040040;100mN32144E42118;MC;NA;2;44;M;M;4049;EMP
057540040040-3993;057540040040;100mN32139E42129;SF;NA;3;40;S;F;4049;NEP
057540040040-3993;057540040040;100mN32139E42129;SF;NA;3;12;S;F;0614;NEP
057540040040-3993;057540040040;100mN32139E42129;SF;NA;3;0;S;M;0003;NEP
057540040040-3994;057540040040;100mN32125E42144;PO;NA;2;43;S;M;4049;EMP
057540040040-3994;057540040040;100mN32125E42144;PO;NA;2;35;S;M;3039;EMP
057540040040-3995;057540040040;100mN32101E42071;PO;NA;2;19;S;M;1824;EMP
057540040040-3995;057540040040;100mN32101E42071;PO;NA;2;18;S;M;1824;EMP
057540040040-3996;057540040040;100mN32090E42134;MC;NA;2;22;M;M;1824;EMP
057540040040-3996;057540040040;100mN32090E42134;MC;NA;2;22;M;F;1824;NEP
057540040040-3997;057540040040;100mN32107E42089;PO;NA;2;52;S;M;5064;EMP
057540040040-3997;057540040040;100mN32107E42089;PO;NA;2;50;S;M;5064;EMP
057540040040-3998;057540040040;100mN32118E42133;MC;MIX;2;80;M;M;75XX;EMP
057540040040-3998;057540040040;100mN32118E42133;MC;MIX;2;48;W;F;4049;EMP
057540040040-3999;057540040040;100mN32144E42119;S;NA;1;47;M;M;4049;EMP
057540040040-4000;057540040040;100mN32117E42124;S;NA;1;52;D;F;5064;NEP
057540040040-4001;057540040040;100mN32121E42142;MC;NA;2;58;M;M;5064;EMP
057540040040-4001;057540040040;100mN32121E42142;MC;NA;2;36;M;F;3039;NEP
057540040040-4002;057540040040;100mN32112E42121;MC;NA;4;44;M;F;4049;NEP
057540040040-4002;057540040040;100mN32112E42121;MC;NA;4;52;M;M;5064;EMP
057540040040-4002;057540040040;100mN32112E42121;MC;NA;4;23;W;M;1824;EMP
057540040040-4002;057540040040;100mN32112E42121;MC;NA;4;15;S;M;1517;EMP
057540040040-4003;057540040040;100mN32144E42119;MC;OS;2;69;M;M;6574;EMP
057540040040-4003;057540040040;100mN32144E42119;MC;OS;2;65;M;F;6574;EMP
057540040040-4004;057540040040;100mN32118E42125;MC;NA;3;51;M;F;5064;EMP
057540040040-4004;057540040040;100mN32118E42125;MC;NA;3;61;M;M;5064;NEP
057540040040-4004;057540040040;100mN32118E42125;MC;NA;3;16;S;F;1517;EMP
057540040040-4005;057540040040;100mN32144E42131;PO;NA;2;48;S;F;4049;EMP
057540040040-4005;057540040040;100mN32144E42131;PO;NA;2;45;S;F;4049;NEP
057540040040-4006;057540040040;100mN32144E42131;MC;MIX;3;70;M;F;6574;EMP
057540040040-4006;057540040040;100mN32144E42131;MC;MIX;3;37;M;M;3039;EMP
057540040040-4006;057540040040;100mN32144E42131;MC;MIX;3;35;M;F;3039;EMP
057540040040-4007;057540040040;100mN32121E42120;S;OS;1;38;D;M;3039;NEP
057540040040-4008;057540040040;100mN32126E42145;S;OS;1;59;S;M;5064;NEP
057540040040-4009;057540040040;100mN32126E42139;S;NA;1;77;S;M;75XX;NEP
057540040040-4010;057540040040;100mN32121E42120;S;OS;1;23;M;M;1824;EMP
057540040040-4011;057540040040;100mN32121E42120;S;OS;1;44;M;F;4049;EMP
057540040040-4012;057540040040;100mN32118E42121;MC;MIX;2;68;M;F;6574;NEP
057540040040-4012;057540040040;100mN32118E42121;MC;MIX;2;46;D;F;4049;NEP
057540040040-4013;057540040040;100mN32115E42127;MC;MIX;2;66;M;F;6574;NEP
057540040040-4013;057540040040;100mN32115E42127;MC;MIX;2;44;S;F;4049;NEP
057540040040-4014;057540040040;100mN32121E42120;S;NA;1;51;M;F;5064;NEP
057540040040-4015;057540040040;100mN32114E42128;MC;NA;3;51;M;F;5064;NEP
057540040040-4015;057540040040;100mN32114E42128;MC;NA;3;57;M;M;5064;EMP
057540040040-4015;057540040040;100mN32114E42128;MC;NA;3;16;S;M;1517;EMP
057540040040-4016;057540040040;100mN32126E42148;MC;NA;2;51;M;F;5064;NEP
057540040040-4016;057540040040;100mN32126E42148;MC;NA;2;54;M;M;5064;NEP
057540040040-4017;057540040040;100mN32125E42138;MC;NA;3;40;M;M;4049;EMP
057540040040-4017;057540040040;100mN32125E42138;MC;NA;3;33;M;F;3039;NEP
057540040040-4017;057540040040;100mN32125E42138;MC;NA;3;6;S;F;0614;NEP
057540040040-4018;057540040040;100mN32125E42138;MC;OS;2;72;M;M;6574;EMP
057540040040-4018;057540040040;100mN32125E42138;MC;OS;2;67;M;F;6574;NEP
057540040040-4019;057540040040;100mN32125E42138;MC;OS;5;84;M;M;75XX;NEP
057540040040-4019;057540040040;100mN32125E42138;MC;OS;5;83;M;F;75XX;NEP
057540040040-4019;057540040040;100mN32125E42138;MC;OS;5;76;D;F;75XX;NEP
057540040040-4019;057540040040;100mN32125E42138;MC;OS;5;81;M;F;75XX;EMP
057540040040-4019;057540040040;100mN32125E42138;MC;OS;5;85;M;F;75XX;NEP
057540040040-4020;057540040040;100mN32125E42138;MC;NA;2;38;M;M;3039;EMP
057540040040-4020;057540040040;100mN32125E42138;MC;NA;2;33;M;F;3039;NEP
057540040040-4021;057540040040;100mN32125E42140;MC;OS;4;79;M;M;75XX;EMP
057540040040-4021;057540040040;100mN32125E42140;MC;OS;4;79;M;F;75XX;NEP
057540040040-4021;057540040040;100mN32125E42140;MC;OS;4;73;M;F;6574;EMP
057540040040-4021;057540040040;100mN32125E42140;MC;OS;4;87;S;F;75XX;EMP
057540040040-4022;057540040040;100mN32131E42118;MC;MIX;2;73;M;M;6574;NEP
057540040040-4022;057540040040;100mN32131E42118;MC;MIX;2;78;W;F;75XX;EMP
057540040040-4023;057540040040;100mN32125E42138;S;NA;1;59;S;M;5064;NEP
057540040040-4024;057540040040;100mN32125E42138;MC;OS;2;70;M;F;6574;EMP
057540040040-4024;057540040040;100mN32125E42138;MC;OS;2;77;M;M;75XX;NEP
057540040040-4025;057540040040;100mN32120E42122;MC;MIX;2;67;M;F;6574;EMP
057540040040-4025;057540040040;100mN32120E42122;MC;MIX;2;12;S;M;0614;NEP
057540040040-4026;057540040040;100mN32125E42138;MC;MIX;3;67;M;M;6574;EMP
057540040040-4026;057540040040;100mN32125E42138;MC;MIX;3;42;M;M;4049;EMP
057540040040-4026;057540040040;100mN32125E42138;MC;MIX;3;37;M;F;3039;EMP
057540040040-4027;057540040040;100mN32125E42138;MC;NA;2;36;M;F;3039;UEP
057540040040-4027;057540040040;100mN32125E42138;MC;NA;2;36;M;M;3039;EMP
057540040040-4028;057540040040;100mN32125E42138;MC;NA;2;48;M;M;4049;NEP
057540040040-4028;057540040040;100mN32125E42138;MC;NA;2;46;M;F;4049;NEP
057540040040-4029;057540040040;100mN32125E42138;S;NA;1;43;M;F;4049;UEP
057540040040-4030;057540040040;100mN32125E42138;MC;OS;3;65;M;F;6574;NEP
057540040040-4030;057540040040;100mN32125E42138;MC;OS;3;73;M;M;6574;EMP
057540040040-4030;057540040040;100mN32125E42138;MC;OS;3;65;S;F;6574;UEP
057540040040-4031;057540040040;100mN32125E42138;MC;NA;3;36;M;F;3039;EMP
057540040040-4031;057540040040;100mN32125E42138;MC;NA;3;37;M;M;3039;EMP
057540040040-4031;057540040040;100mN32125E42138;MC;NA;3;7;S;M;0614;NEP
057540040040-4032;057540040040;100mN32118E42125;S;NA;1;57;S;M;5064;EMP
057540040040-4033;057540040040;100mN32141E42117;MC;NA;4;43;M;F;4049;NEP
057540040040-4033;057540040040;100mN32141E42117;MC;NA;4;44;M;M;4049;EMP
057540040040-4033;057540040040;100mN32141E42117;MC;NA;4;7;S;M;0614;NEP
057540040040-4033;057540040040;100mN32141E42117;MC;NA;4;3;S;M;0305;NEP
057540040040-4034;057540040040;100mN32121E42138;NA;NA;2;72;M;M;6574;EMP
057540040040-4034;057540040040;100mN32121E42138;NA;NA;2;61;S;M;5064;EMP
057540040040-4035;057540040040;100mN32115E42131;PO;NA;3;52;S;M;5064;EMP
057540040040-4035;057540040040;100mN32115E42131;PO;NA;3;45;S;F;4049;EMP
057540040040-4035;057540040040;100mN32115E42131;PO;NA;3;15;S;M;1517;EMP
057540040040-4036;057540040040;100mN32112E42117;MC;MIX;2;67;M;M;6574;EMP
057540040040-4036;057540040040;100mN32112E42117;MC;MIX;2;63;M;F;5064;UEP
057540040040-4037;057540040040;100mN32125E42113;MC;NA;3;31;M;M;3039;EMP
057540040040-4037;057540040040;100mN32125E42113;MC;NA;3;62;M;F;5064;NEP
057540040040-4037;057540040040;100mN32125E42113;MC;NA;3;12;S;M;0614;NEP
057540040040-4038;057540040040;100mN32092E42106;SF;NA;2;83;D;F;75XX;EMP
057540040040-4038;057540040040;100mN32092E42106;SF;NA;2;13;S;F;0614;NEP
057540040040-4039;057540040040;100mN32102E42070;S;NA;1;41;S;M;4049;NEP
057540040040-4040;057540040040;100mN32130E42138;MC;NA;2;63;M;M;5064;EMP
057540040040-4040;057540040040;100mN32130E42138;MC;NA;2;55;M;F;5064;NEP
057540040040-4041;057540040040;100mN32107E42139;S;NA;1;54;W;M;5064;EMP
057540040040-4042;057540040040;100mN32117E42116;MC;OS;2;71;M;F;6574;EMP
057540040040-4042;057540040040;100mN32117E42116;MC;OS;2;72;M;M;6574;EMP
057540040040-4043;057540040040;100mN32107E42139;MC;OS;2;87;M;M;75XX;NEP
057540040040-4043;057540040040;100mN32107E42139;MC;OS;2;89;M;F;75XX;NEP
057540040040-4044;057540040040;100mN32116E42124;PO;NA;2;44;S;M;4049;EMP
057540040040-4044;057540040040;100mN32116E42124;PO;NA;2;44;S;M;4049;EMP
057540040040-4045;057540040040;100mN32123E42113;S;NA;1;53;D;F;5064;EMP
057540040040-4046;057540040040;100mN32111E42118;S;NA;1;86;W;F;75XX;EMP
057540040040-4047;057540040040;100mN32127E42134;S;NA;1;41;M;M;4049;EMP
057540040040-4048;057540040040;100mN32125E42144;S;NA;1;36;S;M;3039;NEP
057540040040-4049;057540040040;100mN32113E42124;S;NA;1;27;M;M;2529;EMP
057540040040-4050;057540040040;100mN32124E42114;MC;OS;4;67;M;M;6574;EMP
057540040040-4050;057540040040;100mN32124E42114;MC;OS;4;84;M;F;75XX;EMP
057540040040-4050;057540040040;100mN32124E42114;MC;OS;4;75;S;F;75XX;NEP
057540040040-4050;057540040040;100mN32124E42114;MC;OS;4;68;W;F;6574;NEP
057540040040-4051;057540040040;100mN32127E42134;MC;NA;2;43;M;M;4049;EMP
057540040040-4051;057540040040;100mN32127E42134;MC;NA;2;44;M;F;4049;UEP
057540040040-4052;057540040040;100mN32127E42134;MC;NA;3;38;M;F;3039;EMP
057540040040-4052;057540040040;100mN32127E42134;MC;NA;3;41;M;M;4049;EMP
057540040040-4052;057540040040;100mN32127E42134;MC;NA;3;10;S;F;0614;NEP
057540040040-4053;057540040040;100mN32126E42143;S;NA;1;43;D;F;4049;EMP
057540040040-4054;057540040040;100mN32126E42143;S;OS;1;16;S;F;1517;NEP
057540040040-4055;057540040040;100mN32126E42143;MC;NA;2;52;M;F;5064;NEP
057540040040-4055;057540040040;100mN32126E42143;MC;NA;2;57;M;M;5064;EMP
057540040040-4056;057540040040;100mN32118E42121;MC;NA;3;45;M;M;4049;NEP
057540040040-4056;057540040040;100mN32118E42121;MC;NA;3;42;M;F;4049;EMP
057540040040-4056;057540040040;100mN32118E42121;MC;NA;3;18;W;F;1824;NEP
057540040040-4057;057540040040;100mN32098E42071;SF;NA;2;84;D;F;75XX;EMP
057540040040-4057;057540040040;100mN32098E42071;SF;NA;2;12;S;M;0614;NEP
057540040040-4058;057540040040;100mN32124E42142;S;OS;1;66;M;M;6574;EMP
057540040040-4059;057540040040;100mN32126E42143;S;OS;1;70;M;F;6574;UEP
057540040040-4060;057540040040;100mN32131E42131;S;OS;1;59;D;M;5064;EMP
057540040040-4061;057540040040;100mN32126E42143;S;NA;1;86;M;F;75XX;EMP
057540040040-4062;057540040040;100mN32126E42143;MC;NA;4;21;M;M;1824;NEP
057540040040-4062;057540040040;100mN32126E42143;MC;NA;4;21;M;F;1824;NEP
057540040040-4062;057540040040;100mN32126E42143;MC;NA;4;6;S;M;0614;NEP
057540040040-4062;057540040040;100mN32126E42143;MC;NA;4;0;S;M;0003;NEP
057540040040-4063;057540040040;100mN32126E42143;S;OS;1;16;S;M;1517;EMP
057540040040-4064;057540040040;100mN32113E42118;MC;OS;2;73;M;F;6574;EMP
057540040040-4064;057540040040;100mN32113E42118;MC;OS;2;89;M;M;75XX;NEP
057540040040-4065;057540040040;100mN32126E42143;MC;NA;2;38;M;F;3039;NEP
057540040040-4065;057540040040;100mN32126E42143;MC;NA;2;37;M;M;3039;NEP
057540040040-4066;057540040040;100mN32126E42143;MC;MIX;3;66;M;F;6574;NEP
057540040040-4066;057540040040;100mN32126E42143;MC;MIX;3;28;M;F;2529;EMP
057540040040-4066;057540040040;100mN32126E42143;MC;MIX;3;32;M;M;3039;EMP
057540040040-4067;057540040040;100mN32126E42143;MC;OS;2;80;M;M;75XX;NEP
057540040040-4067;057540040040;100mN32126E42143;MC;OS;2;78;M;F;75XX;NEP
057540040040-4068;057540040040;100mN32126E42143;S;NA;1;53;D;M;5064;NEP
057540040040-4069;057540040040;100mN32126E42140;MC;MIX;3;75;S;F;75XX;EMP
057540040040-4069;057540040040;100mN32126E42140;MC;MIX;3;38;M;M;3039;NEP
057540040040-4069;057540040040;100mN32126E42140;MC;MIX;3;36;M;F;3039;EMP
057540040040-4070;057540040040;100mN32126E42143;MC;OS;4;66;M;M;6574;NEP
057540040040-4070;057540040040;100mN32126E42143;MC;OS;4;65;M;F;6574;EMP
057540040040-4070;057540040040;100mN32126E42143;MC;OS;4;82;W;F;75XX;EMP
057540040040-4070;057540040040;100mN32126E42143;MC;OS;4;71;M;M;6574;EMP
057540040040-4071;057540040040;100mN32096E42068;MC;OS;3;68;M;F;6574;NEP
057540040040-4071;057540040040;100mN32096E42068;MC;OS;3;76;M;M;75XX;NEP
057540040040-4071;057540040040;100mN32096E42068;MC;OS;3;85;D;M;75XX;EMP
057540040040-4072;057540040040;100mN32117E42125;MC;NA;3;27;M;F;2529;EMP
057540040040-4072;057540040040;100mN32117E42125;MC;NA;3;36;M;M;3039;EMP
057540040040-4072;057540040040;100mN32117E42125;MC;NA;3;2;S;F;0003;NEP
057540040040-4073;057540040040;100mN32117E42128;MC;NA;3;34;M;M;3039;EMP
057540040040-4073;057540040040;100mN32117E42128;MC;NA;3;34;M;F;3039;NEP
057540040040-4073;057540040040;100mN32117E42128;MC;NA;3;15;S;F;1517;EMP
057540040040-4074;057540040040;100mN32124E42114;MC;MIX;4;66;W;F;6574;EMP
057540040040-4074;057540040040;100mN32124E42114;MC;MIX;4;41;M;M;4049;EMP
057540040040-4074;057540040040;100mN32124E42114;MC;MIX;4;40;M;F;4049;NEP
057540040040-4074;057540040040;100mN32124E42114;MC;MIX;4;10;S;F;0614;NEP
057540040040-4075;057540040040;100mN32117E42128;S;NA;1;30;W;M;3039;EMP
057540040040-4076;057540040040;100mN32117E42128;S;NA;1;72;S;F;6574;EMP
057540040040-4077;057540040040;100mN32117E42128;S;NA;1;30;S;F;3039;UEP
057540040040-4078;057540040040;100mN32127E42139;PO;OS;2;85;S;F;75XX;NEP
057540040040-4078;057540040040;100mN32127E42139;PO;OS;2;89;S;F;75XX;NEP
057540040040-4079;057540040040;100mN32117E42128;S;NA;1;71;D;F;6574;EMP
057540040040-4080;057540040040;100mN32118E42129;NA;NA;2;46;M;F;4049;NEP
057540040040-4080;057540040040;100mN32118E42129;NA;NA;2;55;S;M;5064;EMP
057540040040-4081;057540040040;100mN32117E42128;PO;NA;2;46;S;F;4049;UEP
057540040040-4081;057540040040;100mN32117E42128;PO;NA;2;48;S;F;4049;EMP
057540040040-4082;057540040040;100mN32117E42128;S;NA;1;61;M;F;5064;NEP
057540040040-4083;057540040040;100mN32117E42128;S;OS;1;51;W;F;5064;NEP
057540040040-4084;057540040040;100mN32117E42122;S;OS;1;26;D;M;2529;EMP
057540040040-4085;057540040040;100mN32114E42122;S;OS;1;43;W;F;4049;NEP
057540040040-4086;057540040040;100mN32117E42128;PO;OS;3;84;S;M;75XX;EMP
057540040040-4086;057540040040;100mN32117E42128;PO;OS;3;78;S;M;75XX;EMP
057540040040-4086;057540040040;100mN32117E42128;PO;OS;3;67;D;F;6574;EMP
057540040040-4087;057540040040;100mN32117E42122;MC;NA;2;28;M;M;2529;NEP
057540040040-4087;057540040040;100mN32117E42122;MC;NA;2;26;M;F;2529;NEP
057540040040-4088;057540040040;100mN32131E42130;S;NA;1;26;M;M;2529;NEP
057540040040-4089;057540040040;100mN32118E42132;S;NA;1;52;D;F;5064;EMP
057540040040-4090;057540040040;100mN32089E42135;S;OS;1;52;M;F;5064;EMP
057540040040-4091;057540040040;100mN32089E42135;PO;OS;2;79;S;F;75XX;EMP
057540040040-4091;057540040040;100mN32089E42135;PO;OS;2;85;S;M;75XX;NEP
057540040040-4092;057540040040;100mN32139E42128;MC;OS;2;89;M;M;75XX;NEP
057540040040-4092;057540040040;100mN32139E42128;MC;OS;2;40;D;F;4049;UEP
057540040040-4093;057540040040;100mN32113E42118;SF;NA;4;48;D;F;4049;NEP
057540040040-4093;057540040040;100mN32113E42118;SF;NA;4;16;S;F;1517;EMP
057540040040-4093;057540040040;100mN32113E42118;SF;NA;4;9;S;F;0614;NEP
057540040040-4093;057540040040;100mN32113E42118;SF;NA;4;15;S;F;1517;NEP
057540040040-4094;057540040040;100mN32120E42125;MC;NA;3;45;M;M;4049;EMP
057540040040-4094;057540040040;100mN32120E42125;MC;NA;3;42;M;F;4049;EMP
057540040040-4094;057540040040;100mN32120E42125;MC;NA;3;0;S;M;0003;NEP
057540040040-4095;057540040040;100mN32124E42113;MC;NA;5;35;M;F;3039;EMP
057540040040-4095;057540040040;100mN32124E42113;MC;NA;5;35;M;M;3039;NEP
057540040040-4095;057540040040;100mN32124E42113;MC;NA;5;4;S;F;0305;NEP
057540040040-4095;057540040040;100mN32124E42113;MC;NA;5;19;S;M;1824;EMP
057540040040-4095;057540040040;100mN32124E42113;MC;NA;5;20;M;M;1824;EMP
057540040040-4096;057540040040;100mN32120E42125;MC;NA;2;38;M;F;3039;NEP
057540040040-4096;057540040040;100mN32120E42125;MC;NA;2;41;M;M;4049;NEP
057540040040-4097;057540040040;100mN32120E42125;MC;NA;3;56;M;F;5064;EMP
057540040040-4097;057540040040;100mN32120E42125;MC;NA;3;56;M;M;5064;NEP
057540040040-4097;057540040040;100mN32120E42125;MC;NA;3;10;S;M;0614;NEP
057540040040-4098;057540040040;100mN32117E42124;SM;NA;2;48;D;M;4049;NEP
057540040040-4098;057540040040;100mN32117E42124;SM;NA;2;18;M;F;1824;NEP
057540040040-4099;057540040040;100mN32120E42125;MC;NA;2;32;M;M;3039;EMP
057540040040-4099;057540040040;100mN32120E42125;MC;NA;2;26;M;F;2529;EMP
057540040040-4100;057540040040;100mN32120E42125;MC;MIX;2;70;M;M;6574;NEP
057540040040-4100;057540040040;100mN32120E42125;MC;MIX;2;63;M;F;5064;EMP
057540040040-4101;057540040040;100mN32115E42132;MC;NA;4;53;M;F;5064;UEP
057540040040-4101;057540040040;100mN32115E42132;MC;NA;4;57;M;M;5064;EMP
057540040040-4101;057540040040;100mN32115E42132;MC;NA;4;37;M;F;3039;NEP
057540040040-4101;057540040040;100mN32115E42132;MC;NA;4;11;S;M;0614;NEP
057540040040-4102;057540040040;100mN32120E42125;SF;NA;3;48;W;F;4049;EMP
057540040040-4102;057540040040;100mN32120E42125;SF;NA;3;15;S;M;1517;EMP
057540040040-4102;057540040040;100mN32120E42125;SF;NA;3;13;S;M;0614;NEP
057540040040-4103;057540040040;100mN32120E42125;SF;NA;3;75;D;F;75XX;EMP
057540040040-4103;057540040040;100mN32120E42125;SF;NA;3;22;W;F;1824;NEP
057540040040-4103;057540040040;100mN32120E42125;SF;NA;3;10;S;M;0614;NEP
057540040040-4104;057540040040;100mN32120E42125;MC;MIX;2;82;M;F;75XX;EMP
057540040040-4104;057540040040;100mN32120E42125;MC;MIX;2;47;S;M;4049;EMP
057540040040-4105;057540040040;100mN32111E42124;PO;NA;5;54;S;M;5064;NEP
057540040040-4105;057540040040;100mN32111E42124;PO;NA;5;53;S;F;5064;EMP
057540040040-4105;057540040040;100mN32111E42124;PO;NA;5;10;S;M;0614;NEP
057540040040-4105;057540040040;100mN32111E42124;PO;NA;5;10;S;F;0614;NEP
057540040040-4105;057540040040;100mN32111E42124;PO;NA;5;8;S;M;0614;NEP
057540040040-4106;057540040040;100mN32132E42131;MC;MIX;2;70;M;F;6574;EMP
057540040040-4106;057540040040;100mN32132E42131;MC;MIX;2;43;M;M;4049;EMP
057540040040-4107;057540040040;100mN32120E42125;PO;NA;2;48;S;F;4049;NEP
057540040040-4107;057540040040;100mN32120E42125;PO;NA;2;48;S;M;4049;EMP
057540040040-4108;057540040040;100mN32122E42146;MC;OS;2;73;M;M;6574;NEP
057540040040-4108;057540040040;100mN32122E42146;MC;OS;2;71;M;F;6574;NEP
057540040040-4109;057540040040;100mN32122E42146;MC;OS;3;85;M;M;75XX;EMP
057540040040-4109;057540040040;100mN32122E42146;MC;OS;3;78;M;F;75XX;EMP
057540040040-4109;057540040040;100mN32122E42146;MC;OS;3;70;M;M;6574;NEP
057540040040-4110;057540040040;100mN32122E42146;MC;OS;4;65;M;F;6574;EMP
057540040040-4110;057540040040;100mN32122E42146;MC;OS;4;65;M;M;6574;EMP
057540040040-4110;057540040040;100mN32122E42146;MC;OS;4;84;M;F;75XX;NEP
057540040040-4110;057540040040;100mN32122E42146;MC;OS;4;67;S;M;6574;EMP
057540040040-4111;057540040040;100mN32101E42132;MC;NA;3;43;M;M;4049;NEP
057540040040-4111;057540040040;100mN32101E42132;MC;NA;3;37;M;F;3039;EMP
057540040040-4111;057540040040;100mN32101E42132;MC;NA;3;9;S;M;0614;NEP
057540040040-4112;057540040040;100mN32122E42146;MC;NA;2;47;M;M;4049;EMP
057540040040-4112;057540040040;100mN32122E42146;MC;NA;2;45;M;F;4049;NEP
057540040040-4113;057540040040;100mN32122E42146;MC;OS;2;66;M;F;6574;EMP
057540040040-4113;057540040040;100mN32122E42146;MC;OS;2;65;M;M;6574;EMP
057540040040-4114;057540040040;100mN32118E42125;S;NA;1;55;W;F;5064;NEP
057540040040-4115;057540040040;100mN32109E42146;MC;OS;2;86;M;F;75XX;EMP
057540040040-4115;057540040040;100mN32109E42146;MC;OS;2;46;D;M;4049;NEP
057540040040-4116;057540040040;100mN32122E42146;MC;OS;3;79;M;M;75XX;EMP
057540040040-4116;057540040040;100mN32122E42146;MC;OS;3;73;M;F;6574;EMP
057540040040-4116;057540040040;100mN32122E42146;MC;OS;3;67;D;M;6574;EMP
057540040040-4117;057540040040;100mN32122E42146;S;NA;1;63;D;F;5064;EMP
057540040040-4118;057540040040;100mN32122E42146;SF;NA;4;87;S;F;75XX;NEP
057540040040-4118;057540040040;100mN32122E42146;SF;NA;4;16;S;M;1517;EMP
057540040040-4118;057540040040;100mN32122E42146;SF;NA;4;6;S;F;0614;NEP
057540040040-4118;057540040040;100mN32122E42146;SF;NA;4;57;D;F;5064;EMP
057540040040-4119;057540040040;100mN32122E42146;S;NA;1;71;M;M;6574;EMP
057540040040-4120;057540040040;100mN32130E42138;PO;NA;2;56;S;M;5064;EMP
057540040040-4120;057540040040;100mN32130E42138;PO;NA;2;59;S;F;5064;NEP
057540040040-4121;057540040040;100mN32104E42072;MC;NA;2;54;M;M;5064;EMP
057540040040-4121;057540040040;100mN32104E42072;MC;NA;2;51;M;F;5064;EMP
057540040040-4122;057540040040;100mN32124E42146;MC;NA;2;38;M;M;3039;EMP
057540040040-4122;057540040040;100mN32124E42146;MC;NA;2;36;M;F;3039;EMP
057540040040-4123;057540040040;100mN32121E42118;S;NA;1;57;W;F;5064;EMP
057540040040-4124;057540040040;100mN32122E42146;S;NA;1;81;W;F;75XX;NEP
057540040040-4125;057540040040;100mN32122E42146;MC;NA;3;48;M;F;4049;NEP
057540040040-4125;057540040040;100mN32122E42146;MC;NA;3;51;M;M;5064;NEP
057540040040-4125;057540040040;100mN32122E42146;MC;NA;3;7;S;F;0614;NEP
057540040040-4126;057540040040;100mN32127E42144;PO;NA;3;27;S;F;2529;EMP
057540040040-4126;057540040040;100mN32127E42144;PO;NA;3;35;S;F;3039;NEP
057540040040-4126;057540040040;100mN32127E42144;PO;NA;3;6;S;M;0614;NEP
057540040040-4127;057540040040;100mN32122E42146;MC;NA;3;40;M;F;4049;EMP
057540040040-4127;057540040040;100mN32122E42146;MC;NA;3;57;M;M;5064;EMP
057540040040-4127;057540040040;100mN32122E42146;MC;NA;3;6;S;F;0614;NEP
057540040040-4128;057540040040;100mN32127E42136;SF;NA;2;46;W;F;4049;EMP
057540040040-4128;057540040040;100mN32127E42136;SF;NA;2;16;S;M;1517;NEP
057540040040-4129;057540040040;100mN32101E42070;S;NA;1;20;S;M;1824;NEP
057540040040-4130;057540040040;100mN32122E42146;S;NA;1;18;M;M;1824;EMP
057540040040-4131;057540040040;100mN32118E42121;MC;MIX;2;68;M;F;6574;NEP
057540040040-4131;057540040040;100mN32118E42121;MC;MIX;2;46;D;F;4049;NEP
057540040040-4132;057540040040;100mN32118E42127;S;OS;1;61;S;M;5064;NEP
057540040040-4133;057540040040;100mN32114E42126;S;NA;1;52;D;F;5064;NEP
057540040040-4134;057540040040;100mN32132E42134;S;OS;1;41;W;F;4049;EMP
057540040040-4135;057540040040;100mN32124E42114;MC;NA;2;40;M;M;4049;EMP
057540040040-4135;057540040040;100mN32124E42114;MC;NA;2;32;M;F;3039;EMP
057540040040-4136;057540040040;100mN32124E42115;SF;NA;3;46;W;F;4049;NEP
057540040040-4136;057540040040;100mN32124E42115;SF;NA;3;19;S;M;1824;NEP
057540040040-4136;057540040040;100mN32124E42115;SF;NA;3;22;M;M;1824;NEP
057540040040-4137;057540040040;100mN32091E42097;S;NA;1;45;M;F;4049;EMP
057540040040-4138;057540040040;100mN32091E42097;S;OS;1;61;S;M;5064;NEP
057540040040-4139;057540040040;100mN32099E42131;PO;NA;5;23;S;M;1824;EMP
057540040040-4139;057540040040;100mN32099E42131;PO;NA;5;25;S;M;2529;NEP
057540040040-4139;057540040040;100mN32099E42131;PO;NA;5;7;S;F;0614;NEP
057540040040-4139;057540040040;100mN32099E42131;PO;NA;5;8;S;M;0614;NEP
057540040040-4139;057540040040;100mN32099E42131;PO;NA;5;4;S;M;0305;NEP
057540040040-4140;057540040040;100mN32119E42052;MC;MIX;4;68;M;F;6574;EMP
057540040040-4140;057540040040;100mN32119E42052;MC;MIX;4;37;M;F;3039;EMP
057540040040-4140;057540040040;100mN32119E42052;MC;MIX;4;42;M;M;4049;NEP
057540040040-4140;057540040040;100mN32119E42052;MC;MIX;4;13;S;M;0614;NEP
057540040040-4141;057540040040;100mN32119E42052;PO;NA;2;25;S;M;2529;EMP
057540040040-4141;057540040040;100mN32119E42052;PO;NA;2;22;S;F;1824;EMP
057540040040-4142;057540040040;100mN32119E42052;MC;NA;5;31;M;M;3039;EMP
057540040040-4142;057540040040;100mN32119E42052;MC;NA;5;30;M;F;3039;UEP
057540040040-4142;057540040040;100mN32119E42052;MC;NA;5;4;S;F;0305;NEP
057540040040-4142;057540040040;100mN32119E42052;MC;NA;5;12;S;F;0614;NEP
057540040040-4142;057540040040;100mN32119E42052;MC;NA;5;13;S;F;0614;NEP
057540040040-4143;057540040040;100mN32119E42048;S;OS;1;53;M;F;5064;EMP
057540040040-4144;057540040040;100mN32107E42146;MC;NA;3;60;M;M;5064;NEP
057540040040-4144;057540040040;100mN32107E42146;MC;NA;3;23;D;M;1824;EMP
057540040040-4144;057540040040;100mN32107E42146;MC;NA;3;3;S;M;0305;NEP
057540040040-4145;057540040040;100mN32119E42048;MC;OS;2;83;M;M;75XX;NEP
057540040040-4145;057540040040;100mN32119E42048;MC;OS;2;89;M;F;75XX;EMP
057540040040-4146;057540040040;100mN32105E42100;MC;NA;4;52;M;F;5064;UEP
057540040040-4146;057540040040;100mN32105E42100;MC;NA;4;60;M;M;5064;NEP
057540040040-4146;057540040040;100mN32105E42100;MC;NA;4;33;M;M;3039;EMP
057540040040-4146;057540040040;100mN32105E42100;MC;NA;4;0;S;F;0003;NEP
057540040040-4147;057540040040;100mN32105E42100;MC;NA;5;21;M;M;1824;EMP
057540040040-4147;057540040040;100mN32105E42100;MC;NA;5;18;M;F;1824;NEP
057540040040-4147;057540040040;100mN32105E42100;MC;NA;5;1;S;M;0003;NEP
057540040040-4147;057540040040;100mN32105E42100;MC;NA;5;4;S;F;0305;NEP
057540040040-4147;057540040040;100mN32105E42100;MC;NA;5;3;S;M;0305;NEP
057540040040-4148;057540040040;100mN32105E42100;MC;MIX;3;88;M;F;75XX;EMP
057540040040-4148;057540040040;100mN32105E42100;MC;MIX;3;30;M;F;3039;NEP
057540040040-4148;057540040040;100mN32105E42100;MC;MIX;3;27;M;M;2529;EMP
057540040040-4149;057540040040;100mN32129E42114;S;OS;1;70;S;M;6574;EMP
057540040040-4150;057540040040;100mN32129E42114;MC;NA;2;47;M;F;4049;EMP
057540040040-4150;057540040040;100mN32129E42114;MC;NA;2;54;M;M;5064;EMP
057540040040-4151;057540040040;100mN32123E42113;MC;NA;6;45;M;F;4049;EMP
057540040040-4151;057540040040;100mN32123E42113;MC;NA;6;46;M;M;4049;EMP
057540040040-4151;057540040040;100mN32123E42113;MC;NA;6;15;S;M;1517;NEP
057540040040-4151;057540040040;100mN32123E42113;MC;NA;6;18;D;F;1824;EMP
057540040040-4151;057540040040;100mN32123E42113;MC;NA;6;12;S;M;0614;NEP
057540040040-4151;057540040040;100mN32123E42113;MC;NA;6;3;S;M;0305;NEP
057540040040-4152;057540040040;100mN32102E42075;NA;NA;4;43;S;M;4049;EMP
057540040040-4152;057540040040;100mN32102E42075;NA;NA;4;30;W;F;3039;NEP
057540040040-4152;057540040040;100mN32102E42075;NA;NA;4;57;M;M;5064;EMP
057540040040-4152;057540040040;100mN32102E42075;NA;NA;4;31;D;F;3039;EMP
057540040040-4153;057540040040;100mN32112E42120;SF;NA;4;55;S;F;5064;NEP
057540040040-4153;057540040040;100mN32112E42120;SF;NA;4;11;S;F;0614;NEP
057540040040-4153;057540040040;100mN32112E42120;SF;NA;4;31;M;F;3039;EMP
057540040040-4153;057540040040;100mN32112E42120;SF;NA;4;13;S;M;0614;NEP
057540040040-4154;057540040040;100mN32112E42120;MC;NA;5;21;M;F;1824;NEP
057540040040-4154;057540040040;100mN32112E42120;MC;NA;5;22;M;M;1824;EMP
057540040040-4154;057540040040;100mN32112E42120;MC;NA;5;4;S;M;0305;NEP
057540040040-4154;057540040040;100mN32112E42120;MC;NA;5;3;S;M;0305;NEP
057540040040-4154;057540040040;100mN32112E42120;MC;NA;5;6;S;F;0614;NEP
057540040040-4155;057540040040;100mN32133E42127;MC;NA;5;38;M;M;3039;EMP
057540040040-4155;057540040040;100mN32133E42127;MC;NA;5;38;M;F;3039;EMP
057540040040-4155;057540040040;100mN32133E42127;MC;NA;5;9;S;M;0614;NEP
057540040040-4155;057540040040;100mN32133E42127;MC;NA;5;4;S;F;0305;NEP
057540040040-4155;057540040040;100mN32133E42127;MC;NA;5;2;S;M;0003;NEP
057540040040-4156;057540040040;100mN32124E42113;S;NA;1;69;W;F;6574;UEP
057540040040-4157;057540040040;100mN32133E42125;MC;OS;3;84;M;F;75XX;UEP
057540040040-4157;057540040040;100mN32133E42125;MC;OS;3;89;M;M;75XX;EMP
057540040040-4157;057540040040;100mN32133E42125;MC;OS;3;80;S;M;75XX;EMP
057540040040-4158;057540040040;100mN32112E42120;S;NA;1;58;D;F;5064;EMP
057540040040-4159;057540040040;100mN32112E42120;MC;NA;2;56;M;F;5064;EMP
057540040040-4159;057540040040;100mN32112E42120;MC;NA;2;58;M;M;5064;EMP
057540040040-4160;057540040040;100mN32101E42072;MC;NA;5;41;M;F;4049;NEP
057540040040-4160;057540040040;100mN32101E42072;MC;NA;5;36;M;M;3039;NEP
057540040040-4160;057540040040;100mN32101E42072;MC;NA;5;15;S;F;1517;NEP
057540040040-4160;057540040040;100mN32101E42072;MC;NA;5;11;S;M;0614;NEP
057540040040-4160;057540040040;100mN32101E42072;MC;NA;5;18;D;M;1824;NEP
057540040040-4161;057540040040;100mN32115E42132;MC;NA;3;41;M;M;4049;EMP
057540040040-4161;057540040040;100mN32115E42132;MC;NA;3;35;M;F;3039;NEP
057540040040-4161;057540040040;100mN32115E42132;MC;NA;3;1;S;F;0003;NEP
057540040040-4162;057540040040;100mN32112E42120;MC;NA;4;33;M;M;3039;EMP
057540040040-4162;057540040040;100mN32112E42120;MC;NA;4;33;M;F;3039;EMP
057540040040-4162;057540040040;100mN32112E42120;MC;NA;4;18;M;M;1824;NEP
057540040040-4162;057540040040;100mN32112E42120;MC;NA;4;18;S;M;1824;EMP
057540040040-4163;057540040040;100mN32116E42124;S;NA;1;56;W;M;5064;EMP
057540040040-4164;057540040040;100mN32112E42120;S;OS;1;40;S;M;4049;EMP
057540040040-4165;057540040040;100mN32112E42120;PO;OS;3;84;S;M;75XX;EMP
057540040040-4165;057540040040;100mN32112E42120;PO;OS;3;83;S;M;75XX;EMP
057540040040-4165;057540040040;100mN32112E42120;PO;OS;3;65;M;F;6574;NEP
057540040040-4166;057540040040;100mN32112E42120;MC;NA;2;25;M;F;2529;EMP
057540040040-4166;057540040040;100mN32112E42120;MC;NA;2;27;M;M;2529;NEP
057540040040-4167;057540040040;100mN32112E42120;MC;MIX;3;72;M;F;6574;EMP
057540040040-4167;057540040040;100mN32112E42120;MC;MIX;3;54;M;F;5064;NEP
057540040040-4167;057540040040;100mN32112E42120;MC;MIX;3;57;M;M;5064;EMP
057540040040-4168;057540040040;100mN32135E42126;MC;OS;2;65;M;M;6574;NEP
057540040040-4168;057540040040;100mN32135E42126;MC;OS;2;72;M;F;6574;NEP
057540040040-4169;057540040040;100mN32112E42120;MC;NA;2;44;M;M;4049;EMP
057540040040-4169;057540040040;100mN32112E42120;MC;NA;2;44;M;F;4049;UEP
057540040040-4170;057540040040;100mN32112E42120;MC;NA;2;57;M;F;5064;EMP
057540040040-4170;057540040040;100mN32112E42120;MC;NA;2;60;M;M;5064;EMP
057540040040-4171;057540040040;100mN32112E42120;SF;NA;4;43;W;F;4049;EMP
057540040040-4171;057540040040;100mN32112E42120;SF;NA;4;6;S;F;0614;NEP
057540040040-4171;057540040040;100mN32112E42120;SF;NA;4;18;M;M;1824;EMP
057540040040-4171;057540040040;100mN32112E42120;SF;NA;4;18;D;F;1824;EMP
057540040040-4172;057540040040;100mN32107E42045;SF;MIX;2;71;D;F;6574;EMP
057540040040-4172;057540040040;100mN32107E42045;SF;MIX;2;2;S;F;0003;NEP
057540040040-4173;057540040040;100mN32112E42120;MC;NA;4;36;M;F;3039;NEP
057540040040-4173;057540040040;100mN32112E42120;MC;NA;4;37;M;M;3039;NEP
057540040040-4173;057540040040;100mN32112E42120;MC;NA;4;1;S;M;0003;NEP
057540040040-4173;057540040040;100mN32112E42120;MC;NA;4;12;S;M;0614;NEP
057540040040-4174;057540040040;100mN32112E42120;S;OS;1;40;S;F;4049;EMP
057540040040-4175;057540040040;100mN32112E42120;MC;NA;3;59;M;M;5064;EMP
057540040040-4175;057540040040;100mN32112E42120;MC;NA;3;59;M;F;5064;NEP
057540040040-4175;057540040040;100mN32112E42120;MC;NA;3;41;S;M;4049;EMP
057540040040-4176;057540040040;100mN32112E42120;MC;OS;3;67;M;F;6574;NEP
057540040040-4176;057540040040;100mN32112E42120;MC;OS;3;66;M;M;6574;NEP
057540040040-4176;057540040040;100mN32112E42120;MC;OS;3;65;D;F;6574;EMP
057540040040-4177;057540040040;100mN32102E42072;S;NA;1;61;M;F;5064;EMP
057540040040-4178;057540040040;100mN32126E42144;SF;NA;3;45;D;F;4049;NEP
057540040040-4178;057540040040;100mN32126E42144;SF;NA;3;11;S;F;0614;NEP
057540040040-4178;057540040040;100mN32126E42144;SF;NA;3;28;M;M;2529;NEP
057540040040-4179;057540040040;100mN32134E42133;S;NA;1;40;M;F;4049;EMP
057540040040-4180;057540040040;100mN32104E42130;SF;NA;3;56;W;F;5064;EMP
057540040040-4180;057540040040;100mN32104E42130;SF;NA;3;25;S;M;2529;NEP
057540040040-4180;057540040040;100mN32104E42130;SF;NA;3;6;S;F;0614;NEP
057540040040-4181;057540040040;100mN32134E42133;SF;NA;2;54;D;F;5064;EMP
057540040040-4181;057540040040;100mN32134E42133;SF;NA;2;9;S;F;0614;NEP
057540040040-4182;057540040040;100mN32134E42133;S;NA;1;62;S;M;5064;NEP
057540040040-4183;057540040040;100mN32137E42120;PO;NA;2;25;S;M;2529;EMP
057540040040-4183;057540040040;100mN32137E42120;PO;NA;2;18;S;F;1824;EMP
057540040040-4184;057540040040;100mN32136E42126;MC;MIX;3;84;D;M;75XX;EMP
057540040040-4184;057540040040;100mN32136E42126;MC;MIX;3;20;M;M;1824;EMP
057540040040-4184;057540040040;100mN32136E42126;MC;MIX;3;18;M;F;1824;UEP
057540040040-4185;057540040040;100mN32134E42133;MC;NA;3;53;M;F;5064;EMP
057540040040-4185;057540040040;100mN32134E42133;MC;NA;3;56;M;M;5064;NEP
057540040040-4185;057540040040;100mN32134E42133;MC;NA;3;10;S;M;0614;NEP
057540040040-4186;057540040040;100mN32136E42127;MC;OS;2;65;M;F;6574;EMP
057540040040-4186;057540040040;100mN32136E42127;MC;OS;2;66;M;M;6574;NEP
057540040040-4187;057540040040;100mN32131E42090;S;NA;1;41;W;M;4049;NEP
057540040040-4188;057540040040;100mN32105E42087;MC;MIX;2;84;M;M;75XX;EMP
057540040040-4188;057540040040;100mN32105E42087;MC;MIX;2;60;M;F;5064;EMP
057540040040-4189;057540040040;100mN32129E42095;S;NA;1;85;S;F;75XX;NEP
057540040040-4190;057540040040;100mN32105E42089;SM;NA;3;58;S;M;5064;NEP
057540040040-4190;057540040040;100mN32105E42089;SM;NA;3;12;S;M;0614;NEP
057540040040-4190;057540040040;100mN32105E42089;SM;NA;3;12;S;F;0614;NEP
057540040040-4191;057540040040;100mN32114E42125;MC;NA;3;46;M;F;4049;NEP
057540040040-4191;057540040040;100mN32114E42125;MC;NA;3;52;M;M;5064;EMP
057540040040-4191;057540040040;100mN32114E42125;MC;NA;3;16;S;M;1517;NEP
057540040040-4192;057540040040;100mN32105E42041;S;NA;1;32;M;M;3039;NEP
057540040040-4193;057540040040;100mN32112E42146;S;NA;1;22;S;M;1824;EMP
057540040040-4194;057540040040;100mN32090E42132;PO;NA;3;45;S;F;4049;NEP
057540040040-4194;057540040040;100mN32090E42132;PO;NA;3;42;S;F;4049;EMP
057540040040-4194;057540040040;100mN32090E42132;PO;NA;3;16;S;M;1517;EMP
057540040040-4195;057540040040;100mN32118E42122;MC;OS;2;67;M;F;6574;EMP
057540040040-4195;057540040040;100mN32118E42122;MC;OS;2;69;M;M;6574;EMP
057540040040-4196;057540040040;100mN32118E42127;S;OS;1;46;S;M;4049;NEP
057540040040-4197;057540040040;100mN32120E42115;MC;NA;2;47;M;F;4049;EMP
057540040040-4197;057540040040;100mN32120E42115;MC;NA;2;50;M;M;5064;NEP
057540040040-4198;057540040040;100mN32118E42130;S;NA;1;83;D;M;75XX;EMP
057540040040-4199;057540040040;100mN32111E42122;MC;MIX;3;79;M;F;75XX;EMP
057540040040-4199;057540040040;100mN32111E42122;MC;MIX;3;40;M;F;4049;NEP
057540040040-4199;057540040040;100mN32111E42122;MC;MIX;3;40;M;M;4049;NEP
057540040040-4200;057540040040;100mN32105E42089;MC;OS;2;89;M;M;75XX;EMP
057540040040-4200;057540040040;100mN32105E42089;MC;OS;2;87;M;F;75XX;NEP
057540040040-4201;057540040040;100mN32105E42089;S;NA;1;63;M;M;5064;EMP
057540040040-4202;057540040040;100mN32127E42140;S;NA;1;26;W;M;2529;EMP
057540040040-4203;057540040040;100mN32105E42089;MC;NA;4;44;M;M;4049;EMP
057540040040-4203;057540040040;100mN32105E42089;MC;NA;4;43;M;F;4049;NEP
057540040040-4203;057540040040;100mN32105E42089;MC;NA;4;7;S;M;0614;NEP
057540040040-4203;057540040040;100mN32105E42089;MC;NA;4;1;S;F;0003;NEP
057540040040-4204;057540040040;100mN32105E42089;MC;OS;6;82;M;F;75XX;EMP
057540040040-4204;057540040040;100mN32105E42089;MC;OS;6;73;M;M;6574;EMP
057540040040-4204;057540040040;100mN32105E42089;MC;OS;6;87;S;F;75XX;NEP
057540040040-4204;057540040040;100mN32105E42089;MC;OS;6;86;M;F;75XX;EMP
057540040040-4204;057540040040;100mN32105E42089;MC;OS;6;81;S;M;75XX;NEP
057540040040-4204;057540040040;100mN32105E42089;MC;OS;6;84;D;F;75XX;EMP
057540040040-4205;057540040040;100mN32124E42139;S;OS;1;83;S;F;75XX;NEP
057540040040-4206;057540040040;100mN32118E42125;S;NA;1;85;M;M;75XX;NEP
057540040040-4207;057540040040;100mN32105E42089;MC;NA;3;56;M;F;5064;NEP
057540040040-4207;057540040040;100mN32105E42089;MC;NA;3;55;M;M;5064;EMP
057540040040-4207;057540040040;100mN32105E42089;MC;NA;3;2;S;M;0003;NEP
057540040040-4208;057540040040;100mN32105E42089;SM;NA;3;58;S;M;5064;NEP
057540040040-4208;057540040040;100mN32105E42089;SM;NA;3;12;S;M;0614;NEP
057540040040-4208;057540040040;100mN32105E42089;SM;NA;3;12;S;F;0614;NEP
057540040040-4209;057540040040;100mN32105E42089;MC;NA;2;42;M;F;4049;EMP
057540040040-4209;057540040040;100mN32105E42089;MC;NA;2;35;M;M;3039;EMP
057540040040-4210;057540040040;100mN32118E42125;MC;NA;2;40;M;F;4049;NEP
057540040040-4210;057540040040;100mN32118E42125;MC;NA;2;37;M;M;3039;NEP
057540040040-4211;057540040040;100mN32105E42089;PO;NA;3;51;S;M;5064;NEP
057540040040-4211;057540040040;100mN32105E42089;PO;NA;3;48;S;F;4049;EMP
057540040040-4211;057540040040;100mN32105E42089;PO;NA;3;20;D;M;1824;EMP
057540040040-4212;057540040040;100mN32105E42089;MC;MIX;2;67;M;M;6574;NEP
057540040040-4212;057540040040;100mN32105E42089;MC;MIX;2;62;M;F;5064;NEP
057540040040-4213;057540040040;100mN32141E42118;SF;NA;4;56;S;F;5064;EMP
057540040040-4213;057540040040;100mN32141E42118;SF;NA;4;28;W;F;2529;NEP
057540040040-4213;057540040040;100mN32141E42118;SF;NA;4;15;S;M;1517;EMP
057540040040-4213;057540040040;100mN32141E42118;SF;NA;4;9;S;F;0614;NEP
057540040040-4214;057540040040;100mN32103E42070;MC;NA;2;59;M;F;5064;NEP
057540040040-4214;057540040040;100mN32103E42070;MC;NA;2;61;M;M;5064;NEP
057540040040-4215;057540040040;100mN32118E42121;S;OS;1;26;W;M;2529;NEP
057540040040-4216;057540040040;100mN32126E42144;MC;NA;2;50;M;F;5064;UEP
057540040040-4216;057540040040;100mN32126E42144;MC;NA;2;52;M;M;5064;EMP
057540040040-4217;057540040040;100mN32118E42122;S;NA;1;68;W;F;6574;EMP
057540040040-4218;057540040040;100mN32118E42122;MC;NA;3;28;M;F;2529;NEP
057540040040-4218;057540040040;100mN32118E42122;MC;NA;3;30;M;M;3039;EMP
057540040040-4218;057540040040;100mN32118E42122;MC;NA;3;4;S;M;0305;NEP
057540040040-4219;057540040040;100mN32118E42122;MC;NA;2;33;M;F;3039;EMP
057540040040-4219;057540040040;100mN32118E42122;MC;NA;2;42;M;M;4049;EMP
057540040040-4220;057540040040;100mN32118E42122;PO;NA;3;52;S;M;5064;NEP
057540040040-4220;057540040040;100mN32118E42122;PO;NA;3;51;S;M;5064;NEP
057540040040-4220;057540040040;100mN32118E42122;PO;NA;3;26;M;M;2529;EMP
057540040040-4221;057540040040;100mN32118E42122;MC;NA;5;20;M;M;1824;EMP
057540040040-4221;057540040040;100mN32118E42122;MC;NA;5;18;M;F;1824;EMP
057540040040-4221;057540040040;100mN32118E42122;MC;NA;5;0;S;M;0003;NEP
057540040040-4221;057540040040;100mN32118E42122;MC;NA;5;4;S;F;0305;NEP
057540040040-4221;057540040040;100mN32118E42122;MC;NA;5;0;S;M;0003;NEP
057540040040-4222;057540040040;100mN32117E42123;SF;MIX;2;69;S;F;6574;NEP
057540040040-4222;057540040040;100mN32117E42123;SF;MIX;2;11;S;M;0614;NEP
057540040040-4223;057540040040;100mN32116E42127;S;OS;1;46;M;M;4049;EMP
057540040040-4224;057540040040;100mN32112E42121;S;NA;1;54;W;F;5064;EMP
057540040040-4225;057540040040;100mN32118E42122;MC;NA;2;54;M;M;5064;EMP
057540040040-4225;057540040040;100mN32118E42122;MC;NA;2;57;M;F;5064;EMP
057540040040-4226;057540040040;100mN32124E42146;MC;NA;4;60;M;M;5064;NEP
057540040040-4226;057540040040;100mN32124E42146;MC;NA;4;60;M;F;5064;EMP
057540040040-4226;057540040040;100mN32124E42146;MC;NA;4;23;S;M;1824;EMP
057540040040-4226;057540040040;100mN32124E42146;MC;NA;4;11;S;M;0614;NEP
057540040040-4227;057540040040;100mN32118E42122;MC;OS;2;67;M;F;6574;EMP
057540040040-4227;057540040040;100mN32118E42122;MC;OS;2;69;M;M;6574;EMP
057540040040-4228;057540040040;100mN32118E42131;MC;MIX;6;78;M;F;75XX;EMP
057540040040-4228;057540040040;100mN32118E42131;MC;MIX;6;55;M;M;5064;EMP
057540040040-4228;057540040040;100mN32118E42131;MC;MIX;6;56;M;F;5064;NEP
057540040040-4228;057540040040;100mN32118E42131;MC;MIX;6;12;S;F;0614;NEP
057540040040-4228;057540040040;100mN32118E42131;MC;MIX;6;11;S;M;0614;NEP
057540040040-4228;057540040040;100mN32118E42131;MC;MIX;6;4;S;M;0305;NEP
057540040040-4229;057540040040;100mN32118E42122;SF;NA;2;66;W;F;6574;EMP
057540040040-4229;057540040040;100mN32118E42122;SF;NA;2;42;D;F;4049;NEP
057540040040-4230;057540040040;100mN32118E42122;S;NA;1;48;D;M;4049;EMP
057540040040-4231;057540040040;100mN32118E42122;S;NA;1;60;S;M;5064;NEP
057540040040-4232;057540040040;100mN32118E42122;PO;OS;3;87;S;M;75XX;EMP
057540040040-4232;057540040040;100mN32118E42122;PO;OS;3;86;S;F;75XX;EMP
057540040040-4232;057540040040;100mN32118E42122;PO;OS;3;65;M;M;6574;EMP
057540040040-4233;057540040040;100mN32118E42122;S;OS;1;21;S;M;1824;EMP
057540040040-4234;057540040040;100mN32118E42122;S;NA;1;65;M;F;6574;NEP
057540040040-4235;057540040040;100mN32111E42119;SF;MIX;4;76;S;F;75XX;EMP
057540040040-4235;057540040040;100mN32111E42119;SF;MIX;4;31;S;F;3039;EMP
057540040040-4235;057540040040;100mN32111E42119;SF;MIX;4;9;S;M;0614;NEP
057540040040-4235;057540040040;100mN32111E42119;SF;MIX;4;11;S;F;0614;NEP
057540040040-4236;057540040040;100mN32111E42124;SF;NA;2;69;D;F;6574;EMP
057540040040-4236;057540040040;100mN32111E42124;SF;NA;2;15;S;M;1517;EMP
057540040040-4237;057540040040;100mN32118E42128;MC;NA;2;50;M;M;5064;NEP
057540040040-4237;057540040040;100mN32118E42128;MC;NA;2;18;M;F;1824;UEP
057540040040-4238;057540040040;100mN32118E42122;MC;NA;4;54;M;M;5064;EMP
057540040040-4238;057540040040;100mN32118E42122;MC;NA;4;54;M;F;5064;EMP
057540040040-4238;057540040040;100mN32118E42122;MC;NA;4;18;S;F;1824;NEP
057540040040-4238;057540040040;100mN32118E42122;MC;NA;4;25;M;F;2529;EMP
057540040040-4239;057540040040;100mN32118E42122;MC;NA;3;41;M;F;4049;NEP
057540040040-4239;057540040040;100mN32118E42122;MC;NA;3;46;M;M;4049;EMP
057540040040-4239;057540040040;100mN32118E42122;MC;NA;3;21;M;F;1824;EMP
057540040040-4240;057540040040;100mN32116E42126;S;OS;1;38;D;F;3039;NEP
057540040040-4241;057540040040;100mN32118E42122;MC;OS;2;69;M;M;6574;EMP
057540040040-4241;057540040040;100mN32118E42122;MC;OS;2;65;M;F;6574;NEP
057540040040-4242;057540040040;100mN32084E42111;S;NA;1;38;W;F;3039;NEP
057540040040-4243;057540040040;100mN32084E42111;MC;OS;4;65;M;M;6574;NEP
057540040040-4243;057540040040;100mN32084E42111;MC;OS;4;65;M;F;6574;EMP
057540040040-4243;057540040040;100mN32084E42111;MC;OS;4;68;M;M;6574;EMP
057540040040-4243;057540040040;100mN32084E42111;MC;OS;4;87;M;F;75XX;EMP
057540040040-4244;057540040040;100mN32084E42111;MC;NA;4;56;M;M;5064;NEP
057540040040-4244;057540040040;100mN32084E42111;MC;NA;4;63;M;F;5064;EMP
057540040040-4244;057540040040;100mN32084E42111;MC;NA;4;36;M;M;3039;EMP
057540040040-4244;057540040040;100mN32084E42111;MC;NA;4;1;S;F;0003;NEP
057540040040-4245;057540040040;100mN32111E42119;SF;MIX;4;76;S;F;75XX;EMP
057540040040-4245;057540040040;100mN32111E42119;SF;MIX;4;31;S;F;3039;EMP
057540040040-4245;057540040040;100mN32111E42119;SF;MIX;4;9;S;M;0614;NEP
057540040040-4245;057540040040;100mN32111E42119;SF;MIX;4;11;S;F;0614;NEP
057540040040-4246;057540040040;100mN32102E42070;MC;NA;5;35;M;F;3039;NEP
057540040040-4246;057540040040;100mN32102E42070;MC;NA;5;40;M;M;4049;NEP
057540040040-4246;057540040040;100mN32102E42070;MC;NA;5;11;S;F;0614;NEP
057540040040-4246;057540040040;100mN32102E42070;MC;NA;5;4;S;M;0305;NEP
057540040040-4246;057540040040;100mN32102E42070;MC;NA;5;19;D;F;1824;EMP
057540040040-4247;057540040040;100mN32136E42120;MC;MIX;4;76;S;F;75XX;NEP
057540040040-4247;057540040040;100mN32136E42120;MC;MIX;4;30;M;M;3039;EMP
057540040040-4247;057540040040;100mN32136E42120;MC;MIX;4;30;M;F;3039;EMP
057540040040-4247;057540040040;100mN32136E42120;MC;MIX;4;11;S;F;0614;NEP
057540040040-4248;057540040040;100mN32102E42070;S;NA;1;41;S;M;4049;NEP
057540040040-4249;057540040040;100mN32134E42127;MC;NA;3;62;M;M;5064;EMP
057540040040-4249;057540040040;100mN32134E42127;MC;NA;3;53;S;F;5064;EMP
057540040040-4249;057540040040;100mN32134E42127;MC;NA;3;10;S;F;0614;NEP
057540040040-4250;057540040040;100mN32102E42070;MC;OS;5;70;M;F;6574;EMP
057540040040-4250;057540040040;100mN32102E42070;MC;OS;5;70;M;M;6574;NEP
057540040040-4250;057540040040;100mN32102E42070;MC;OS;5;86;D;F;75XX;NEP
057540040040-4250;057540040040;100mN32102E42070;MC;OS;5;73;W;F;6574;NEP
057540040040-4250;057540040040;100mN32102E42070;MC;OS;5;85;M;M;75XX;EMP
057540040040-4251;057540040040;100mN32117E42113;MC;NA;5;44;M;F;4049;NEP
057540040040-4251;057540040040;100mN32117E42113;MC;NA;5;50;M;M;5064;NEP
057540040040-4251;057540040040;100mN32117E42113;MC;NA;5;21;M;F;1824;EMP
057540040040-4251;057540040040;100mN32117E42113;MC;NA;5;0;S;M;0003;NEP
057540040040-4251;057540040040;100mN32117E42113;MC;NA;5;8;S;M;0614;NEP
057540040040-4252;057540040040;100mN32107E42146;S;OS;1;63;S;F;5064;NEP
057540040040-4253;057540040040;100mN32118E42124;S;NA;1;50;M;F;5064;NEP
057540040040-4254;057540040040;100mN32117E42133;S;NA;1;52;S;F;5064;NEP
057540040040-4255;057540040040;100mN32102E42070;S;NA;1;26;M;M;2529;NEP
057540040040-4256;057540040040;100mN32102E42070;SF;NA;2;34;S;F;3039;NEP
057540040040-4256;057540040040;100mN32102E42070;SF;NA;2;18;S;M;1824;EMP
057540040040-4257;057540040040;100mN32102E42070;MC;NA;3;43;M;M;4049;EMP
057540040040-4257;057540040040;100mN32102E42070;MC;NA;3;41;M;F;4049;NEP
057540040040-4257;057540040040;100mN32102E42070;MC;NA;3;1;S;F;0003;NEP
057540040040-4258;057540040040;100mN32102E42070;MC;NA;2;44;M;F;4049;NEP
057540040040-4258;057540040040;100mN32102E42070;MC;NA;2;46;M;M;4049;EMP
057540040040-4259;057540040040;100mN32102E42070;S;NA;1;53;M;F;5064;EMP
057540040040-4260;057540040040;100mN32102E42070;SM;NA;4;48;S;M;4049;EMP
057540040040-4260;057540040040;100mN32102E42070;SM;NA;4;16;S;M;1517;NEP
057540040040-4260;057540040040;100mN32102E42070;SM;NA;4;3;S;M;0305;NEP
057540040040-4260;057540040040;100mN32102E42070;SM;NA;4;7;S;M;0614;NEP
057540040040-4261;057540040040;100mN32114E42114;S;NA;1;57;W;F;5064;EMP
057540040040-4262;057540040040;100mN32102E42070;MC;NA;2;38;M;F;3039;EMP
057540040040-4262;057540040040;100mN32102E42070;MC;NA;2;42;M;M;4049;NEP
057540040040-4263;057540040040;100mN32112E42143;S;OS;1;53;S;M;5064;EMP
057540040040-4264;057540040040;100mN32102E42070;SF;NA;2;37;S;F;3039;EMP
057540040040-4264;057540040040;100mN32102E42070;SF;NA;2;10;S;F;0614;NEP
057540040040-4265;057540040040;100mN32121E42123;S;NA;1;67;M;F;6574;UEP
057540040040-4266;057540040040;100mN32122E42112;MC;OS;2;69;M;M;6574;NEP
057540040040-4266;057540040040;100mN32122E42112;MC;OS;2;67;M;F;6574;UEP
057540040040-4267;057540040040;100mN32102E42070;S;NA;1;70;D;F;6574;NEP
057540040040-4268;057540040040;100mN32102E42070;S;NA;1;42;M;F;4049;EMP
057540040040-4269;057540040040;100mN32102E42070;MC;OS;2;76;M;M;75XX;NEP
057540040040-4269;057540040040;100mN32102E42070;MC;OS;2;73;M;F;6574;EMP
057540040040-4270;057540040040;100mN32102E42070;MC;OS;3;65;M;M;6574;EMP
057540040040-4270;057540040040;100mN32102E42070;MC;OS;3;67;M;F;6574;NEP
057540040040-4270;057540040040;100mN32102E42070;MC;OS;3;75;M;F;75XX;NEP
057540040040-4271;057540040040;100mN32102E42070;NA;NA;2;41;D;M;4049;EMP
057540040040-4271;057540040040;100mN32102E42070;NA;NA;2;25;M;F;2529;EMP
057540040040-4272;057540040040;100mN32102E42074;MC;NA;3;53;M;M;5064;EMP
057540040040-4272;057540040040;100mN32102E42074;MC;NA;3;51;M;F;5064;NEP
057540040040-4272;057540040040;100mN32102E42074;MC;NA;3;3;S;M;0305;NEP
057540040040-4273;057540040040;100mN32127E42145;MC;OS;4;79;M;F;75XX;NEP
057540040040-4273;057540040040;100mN32127E42145;MC;OS;4;88;M;M;75XX;EMP
057540040040-4273;057540040040;100mN32127E42145;MC;OS;4;85;M;M;75XX;NEP
057540040040-4273;057540040040;100mN32127E42145;MC;OS;4;73;W;M;6574;EMP
057540040040-4274;057540040040;100mN32121E42138;NA;NA;2;72;M;M;6574;EMP
057540040040-4274;057540040040;100mN32121E42138;NA;NA;2;61;S;M;5064;EMP
057540040040-4275;057540040040;100mN32111E42121;PO;OS;4;76;S;M;75XX;NEP
057540040040-4275;057540040040;100mN32111E42121;PO;OS;4;73;S;F;6574;EMP
057540040040-4275;057540040040;100mN32111E42121;PO;OS;4;66;W;F;6574;NEP
057540040040-4275;057540040040;100mN32111E42121;PO;OS;4;77;D;M;75XX;EMP
057540040040-4276;057540040040;100mN32121E42138;MC;NA;4;42;M;M;4049;NEP
057540040040-4276;057540040040;100mN32121E42138;MC;NA;4;41;M;F;4049;NEP
057540040040-4276;057540040040;100mN32121E42138;MC;NA;4;9;S;F;0614;NEP
057540040040-4276;057540040040;100mN32121E42138;MC;NA;4;16;S;M;1517;NEP
057540040040-4277;057540040040;100mN32087E42047;S;NA;1;67;M;F;6574;UEP
057540040040-4278;057540040040;100mN32116E42118;MC;MIX;3;69;S;M;6574;NEP
057540040040-4278;057540040040;100mN32116E42118;MC;MIX;3;32;M;F;3039;NEP
057540040040-4278;057540040040;100mN32116E42118;MC;MIX;3;33;M;M;3039;EMP
057540040040-4279;057540040040;100mN32129E42113;S;OS;1;53;S;F;5064;EMP
057540040040-4280;057540040040;100mN32114E42123;MC;NA;3;57;M;M;5064;EMP
057540040040-4280;057540040040;100mN32114E42123;MC;NA;3;54;M;F;5064;NEP
057540040040-4280;057540040040;100mN32114E42123;MC;NA;3;2;S;F;0003;NEP
057540040040-4281;057540040040;100mN32113E42124;MC;NA;3;56;M;F;5064;NEP
057540040040-4281;057540040040;100mN32113E42124;MC;NA;3;59;M;M;5064;NEP
057540040040-4281;057540040040;100mN32113E42124;MC;NA;3;4;S;F;0305;NEP
057540040040-4282;057540040040;100mN32112E42121;MC;NA;4;44;M;F;4049;NEP
057540040040-4282;057540040040;100mN32112E42121;MC;NA;4;52;M;M;5064;EMP
057540040040-4282;057540040040;100mN32112E42121;MC;NA;4;23;W;M;1824;EMP
057540040040-4282;057540040040;100mN32112E42121;MC;NA;4;15;S;M;1517;EMP
057540040040-4283;057540040040;100mN32113E42124;MC;MIX;2;67;M;M;6574;EMP
057540040040-4283;057540040040;100mN32113E42124;MC;MIX;2;63;M;F;5064;NEP
057540040040-4284;057540040040;100mN32113E42124;MC;NA;4;44;M;F;4049;EMP
057540040040-4284;057540040040;100mN32113E42124;MC;NA;4;53;M;M;5064;EMP
057540040040-4284;057540040040;100mN32113E42124;MC;NA;4;10;S;F;0614;NEP
057540040040-4284;057540040040;100mN32113E42124;MC;NA;4;1;S;F;0003;NEP
057540040040-4285;057540040040;100mN32113E42124;MC;NA;3;44;M;F;4049;EMP
057540040040-4285;057540040040;100mN32113E42124;MC;NA;3;47;M;M;4049;EMP
057540040040-4285;057540040040;100mN32113E42124;MC;NA;3;3;S;F;0305;NEP
057540040040-4286;057540040040;100mN32139E42125;S;NA;1;34;S;F;3039;EMP
057540040040-4287;057540040040;100mN32093E42074;S;OS;1;47;M;M;4049;EMP
057540040040-4288;057540040040;100mN32113E42124;S;NA;1;27;M;M;2529;EMP
057540040040-4289;057540040040;100mN32113E42124;MC;NA;2;56;M;F;5064;NEP
057540040040-4289;057540040040;100mN32113E42124;MC;NA;2;58;M;M;5064;NEP
057540040040-4290;057540040040;100mN32113E42124;MC;NA;2;27;M;F;2529;NEP
057540040040-4290;057540040040;100mN32113E42124;MC;NA;2;28;M;M;2529;EMP
057540040040-4291;057540040040;100mN32113E42124;SF;MIX;3;67;D;M;6574;EMP
057540040040-4291;057540040040;100mN32113E42124;SF;MIX;3;75;S;F;75XX;UEP
057540040040-4291;057540040040;100mN32113E42124;SF;MIX;3;16;S;F;1517;EMP
057540040040-4292;057540040040;100mN32136E42120;MC;NA;2;55;M;M;5064;EMP
057540040040-4292;057540040040;100mN32136E42120;MC;NA;2;18;M;F;1824;EMP
057540040040-4293;057540040040;100mN32113E42124;MC;NA;4;50;M;F;5064;EMP
057540040040-4293;057540040040;100mN32113E42124;MC;NA;4;52;M;M;5064;NEP
057540040040-4293;057540040040;100mN32113E42124;MC;NA;4;26;M;M;2529;NEP
057540040040-4293;057540040040;100mN32113E42124;MC;NA;4;13;S;M;0614;NEP
057540040040-4294;057540040040;100mN32113E42124;MC;MIX;4;71;M;F;6574;NEP
057540040040-4294;057540040040;100mN32113E42124;MC;MIX;4;59;M;M;5064;EMP
057540040040-4294;057540040040;100mN32113E42124;MC;MIX;4;59;M;F;5064;EMP
057540040040-4294;057540040040;100mN32113E42124;MC;MIX;4;6;S;M;0614;NEP
057540040040-4295;057540040040;100mN32113E42124;NA;NA;2;22;M;F;1824;EMP
057540040040-4295;057540040040;100mN32113E42124;NA;NA;2;62;W;M;5064;NEP
057540040040-4296;057540040040;100mN32132E42124;S;NA;1;43;S;F;4049;EMP
057540040040-4297;057540040040;100mN32124E42139;MC;MIX;4;81;W;F;75XX;NEP
057540040040-4297;057540040040;100mN32124E42139;MC;MIX;4;46;M;M;4049;EMP
057540040040-4297;057540040040;100mN32124E42139;MC;MIX;4;46;M;F;4049;EMP
057540040040-4297;057540040040;100mN32124E42139;MC;MIX;4;15;S;M;1517;EMP
057540040040-4298;057540040040;100mN32113E42124;MC;MIX;3;67;M;F;6574;EMP
057540040040-4298;057540040040;100mN32113E42124;MC;MIX;3;53;M;M;5064;EMP
057540040040-4298;057540040040;100mN32113E42124;MC;MIX;3;44;M;F;4049;NEP
057540040040-4299;057540040040;100mN32114E42126;MC;MIX;3;76;D;F;75XX;EMP
057540040040-4299;057540040040;100mN32114E42126;MC;MIX;3;43;M;F;4049;EMP
057540040040-4299;057540040040;100mN32114E42126;MC;MIX;3;45;M;M;4049;NEP
057540040040-4300;057540040040;100mN32113E42124;S;NA;1;59;W;M;5064;NEP
057540040040-4301;057540040040;100mN32113E42124;SM;NA;3;42;D;M;4049;EMP
057540040040-4301;057540040040;100mN32113E42124;SM;NA;3;13;S;F;0614;NEP
057540040040-4301;057540040040;100mN32113E42124;SM;NA;3;10;S;M;0614;NEP
057540040040-4302;057540040040;100mN32111E42124;PO;NA;5;54;S;M;5064;NEP
057540040040-4302;057540040040;100mN32111E42124;PO;NA;5;53;S;F;5064;EMP
057540040040-4302;057540040040;100mN32111E42124;PO;NA;5;10;S;M;0614;NEP
057540040040-4302;057540040040;100mN32111E42124;PO;NA;5;10;S;F;0614;NEP
057540040040-4302;057540040040;100mN32111E42124;PO;NA;5;8;S;M;0614;NEP
057540040040-4303;057540040040;100mN32113E42124;MC;MIX;3;72;M;M;6574;NEP
057540040040-4303;057540040040;100mN32113E42124;MC;MIX;3;44;M;F;4049;EMP
057540040040-4303;057540040040;100mN32113E42124;MC;MIX;3;47;M;M;4049;EMP
057540040040-4304;057540040040;100mN32129E42095;S;NA;1;85;S;F;75XX;NEP
057540040040-4305;057540040040;100mN32113E42124;S;NA;1;59;M;F;5064;EMP
057540040040-4306;057540040040;100mN32114E42127;S;NA;1;25;W;F;2529;NEP
057540040040-4307;057540040040;100mN32113E42124;MC;NA;4;55;M;M;5064;NEP
057540040040-4307;057540040040;100mN32113E42124;MC;NA;4;46;M;F;4049;NEP
057540040040-4307;057540040040;100mN32113E42124;MC;NA;4;3;S;M;0305;NEP
057540040040-4307;057540040040;100mN32113E42124;MC;NA;4;13;S;F;0614;NEP
057540040040-4308;057540040040;100mN32113E42124;MC;OS;5;66;M;F;6574;EMP
057540040040-4308;057540040040;100mN32113E42124;MC;OS;5;67;M;M;6574;EMP
057540040040-4308;057540040040;100mN32113E42124;MC;OS;5;68;W;F;6574;NEP
057540040040-4308;057540040040;100mN32113E42124;MC;OS;5;87;M;M;75XX;NEP
057540040040-4308;057540040040;100mN32113E42124;MC;OS;5;71;M;M;6574;EMP
057540040040-4309;057540040040;100mN32107E42070;MC;NA;4;25;M;F;2529;EMP
057540040040-4309;057540040040;100mN32107E42070;MC;NA;4;31;M;M;3039;NEP
057540040040-4309;057540040040;100mN32107E42070;MC;NA;4;8;S;F;0614;NEP
057540040040-4309;057540040040;100mN32107E42070;MC;NA;4;4;S;M;0305;NEP
057540040040-4310;057540040040;100mN32102E42071;S;OS;1;62;M;F;5064;EMP
057540040040-4311;057540040040;100mN32126E42122;MC;OS;2;66;M;M;6574;EMP
057540040040-4311;057540040040;100mN32126E42122;MC;OS;2;77;M;F;75XX;EMP
057540040040-4312;057540040040;100mN32112E42122;S;NA;1;76;W;F;75XX;NEP
057540040040-4313;057540040040;100mN32132E42134;S;OS;1;33;D;F;3039;NEP
057540040040-4314;057540040040;100mN32113E42124;MC;NA;2;59;M;M;5064;EMP
057540040040-4314;057540040040;100mN32113E42124;MC;NA;2;56;M;F;5064;NEP
057540040040-4315;057540040040;100mN32113E42124;SM;NA;3;78;S;M;75XX;NEP
057540040040-4315;057540040040;100mN32113E42124;SM;NA;3;43;M;F;4049;NEP
057540040040-4315;057540040040;100mN32113E42124;SM;NA;3;1;S;F;0003;NEP
057540040040-4316;057540040040;100mN32116E42131;MC;NA;4;33;M;F;3039;EMP
057540040040-4316;057540040040;100mN32116E42131;MC;NA;4;28;M;M;2529;EMP
057540040040-4316;057540040040;100mN32116E42131;MC;NA;4;2;S;M;0003;NEP
057540040040-4316;057540040040;100mN32116E42131;MC;NA;4;15;S;M;1517;NEP
057540040040-4317;057540040040;100mN32114E42118;S;OS;1;53;S;F;5064;NEP
057540040040-4318;057540040040;100mN32113E42124;S;NA;1;88;S;M;75XX;EMP
057540040040-4319;057540040040;100mN32113E42124;S;OS;1;55;M;F;5064;EMP
057540040040-4320;057540040040;100mN32113E42124;S;OS;1;62;M;F;5064;UEP
057540040040-4321;057540040040;100mN32113E42124;MC;OS;2;68;M;M;6574;EMP
057540040040-4321;057540040040;100mN32113E42124;MC;OS;2;65;M;F;6574;UEP
057540040040-4322;057540040040;100mN32144E42117;MC;NA;2;45;M;M;4049;EMP
057540040040-4322;057540040040;100mN32144E42117;MC;NA;2;44;M;F;4049;EMP
057540040040-4323;057540040040;100mN32113E42124;MC;OS;2;70;M;F;6574;EMP
057540040040-4323;057540040040;100mN32113E42124;MC;OS;2;78;M;M;75XX;EMP
057540040040-4324;057540040040;100mN32113E42124;MC;NA;4;42;M;F;4049;EMP
057540040040-4324;057540040040;100mN32113E42124;MC;NA;4;37;M;M;3039;EMP
057540040040-4324;057540040040;100mN32113E42124;MC;NA;4;26;S;F;2529;EMP
057540040040-4324;057540040040;100mN32113E42124;MC;NA;4;11;S;M;0614;NEP
057540040040-4325;057540040040;100mN32113E42124;S;NA;1;57;M;M;5064;NEP
057540040040-4326;057540040040;100mN32113E42124;MC;NA;2;56;M;F;5064;EMP
057540040040-4326;057540040040;100mN32113E42124;MC;NA;2;59;M;M;5064;NEP
057540040040-4327;057540040040;100mN32117E42112;S;NA;1;40;S;F;4049;EMP
057540040040-4328;057540040040;100mN32113E42124;MC;NA;2;41;M;F;4049;EMP
057540040040-4328;057540040040;100mN32113E42124;MC;NA;2;50;M;M;5064;EMP
057540040040-4329;057540040040;100mN32113E42124;MC;OS;3;83;M;M;75XX;EMP
057540040040-4329;057540040040;100mN32113E42124;MC;OS;3;80;M;F;75XX;EMP
057540040040-4329;057540040040;100mN32113E42124;MC;OS;3;86;D;F;75XX;NEP
057540040040-4330;057540040040;100mN32117E42112;PO;NA;3;32;S;F;3039;NEP
057540040040-4330;057540040040;100mN32117E42112;PO;NA;3;18;S;F;1824;EMP
057540040040-4330;057540040040;100mN32117E42112;PO;NA;3;2;S;F;0003;NEP
057540040040-4331;057540040040;100mN32113E42124;SF;NA;3;43;S;F;4049;NEP
057540040040-4331;057540040040;100mN32113E42124;SF;NA;3;7;S;M;0614;NEP
057540040040-4331;057540040040;100mN32113E42124;SF;NA;3;27;M;M;2529;EMP
057540040040-4332;057540040040;100mN32131E42131;MC;NA;4;42;M;M;4049;NEP
057540040040-4332;057540040040;100mN32131E42131;MC;NA;4;40;M;F;4049;EMP
057540040040-4332;057540040040;100mN32131E42131;MC;NA;4;13;S;F;0614;NEP
057540040040-4332;057540040040;100mN32131E42131;MC;NA;4;16;S;M;1517;EMP
057540040040-4333;057540040040;100mN32114E42128;S;OS;1;50;M;F;5064;UEP
057540040040-4334;057540040040;100mN32099E42131;PO;NA;4;33;S;F;3039;EMP
057540040040-4334;057540040040;100mN32099E42131;PO;NA;4;33;S;F;3039;EMP
057540040040-4334;057540040040;100mN32099E42131;PO;NA;4;18;M;F;1824;EMP
057540040040-4334;057540040040;100mN32099E42131;PO;NA;4;2;S;M;0003;NEP
057540040040-4335;057540040040;100mN32099E42131;S;NA;1;48;M;M;4049;EMP
057540040040-4336;057540040040;100mN32112E42118;SF;NA;2;36;W;F;3039;EMP
057540040040-4336;057540040040;100mN32112E42118;SF;NA;2;21;S;M;1824;EMP
057540040040-4337;057540040040;100mN32099E42131;S;NA;1;53;M;M;5064;EMP
057540040040-4338;057540040040;100mN32099E42131;S;NA;1;26;M;F;2529;EMP
057540040040-4339;057540040040;100mN32117E42133;S;NA;1;23;M;M;1824;EMP
057540040040-4340;057540040040;100mN32099E42131;PO;NA;5;23;S;M;1824;EMP
057540040040-4340;057540040040;100mN32099E42131;PO;NA;5;25;S;M;2529;NEP
057540040040-4340;057540040040;100mN32099E42131;PO;NA;5;7;S;F;0614;NEP
057540040040-4340;057540040040;100mN32099E42131;PO;NA;5;8;S;M;0614;NEP
057540040040-4340;057540040040;100mN32099E42131;PO;NA;5;4;S;M;0305;NEP
057540040040-4341;057540040040;100mN32144E42117;S;NA;1;61;S;F;5064;EMP
057540040040-4342;057540040040;100mN32103E42074;SM;NA;2;16;S;M;1517;NEP
057540040040-4342;057540040040;100mN32103E42074;SM;NA;2;1;S;F;0003;NEP
057540040040-4343;057540040040;100mN32118E42128;MC;NA;2;26;M;M;2529;NEP
057540040040-4343;057540040040;100mN32118E42128;MC;NA;2;18;M;F;1824;EMP
057540040040-4344;057540040040;100mN32103E42074;MC;OS;2;67;M;F;6574;EMP
057540040040-4344;057540040040;100mN32103E42074;MC;OS;2;67;M;M;6574;EMP
057540040040-4345;057540040040;100mN32103E42074;S;NA;1;47;M;M;4049;NEP
057540040040-4346;057540040040;100mN32103E42074;S;NA;1;65;M;F;6574;EMP
057540040040-4347;057540040040;100mN32124E42114;MC;OS;3;70;M;M;6574;NEP
057540040040-4347;057540040040;100mN32124E42114;MC;OS;3;65;M;F;6574;EMP
057540040040-4347;057540040040;100mN32124E42114;MC;OS;3;67;S;M;6574;EMP
057540040040-4348;057540040040;100mN32115E42128;S;NA;1;41;W;F;4049;EMP
057540040040-4349;057540040040;100mN32103E42074;PO;OS;4;86;S;F;75XX;EMP
057540040040-4349;057540040040;100mN32103E42074;PO;OS;4;88;S;M;75XX;NEP
057540040040-4349;057540040040;100mN32103E42074;PO;OS;4;68;M;M;6574;EMP
057540040040-4349;057540040040;100mN32103E42074;PO;OS;4;75;M;F;75XX;EMP
057540040040-4350;057540040040;100mN32103E42074;MC;OS;4;89;M;F;75XX;EMP
057540040040-4350;057540040040;100mN32103E42074;MC;OS;4;89;M;M;75XX;NEP
057540040040-4350;057540040040;100mN32103E42074;MC;OS;4;87;M;M;75XX;EMP
057540040040-4350;057540040040;100mN32103E42074;MC;OS;4;82;M;M;75XX;EMP
057540040040-4351;057540040040;100mN32103E42074;MC;NA;4;59;M;F;5064;EMP
057540040040-4351;057540040040;100mN32103E42074;MC;NA;4;63;M;M;5064;NEP
057540040040-4351;057540040040;100mN32103E42074;MC;NA;4;3;S;M;0305;NEP
057540040040-4351;057540040040;100mN32103E42074;MC;NA;4;26;S;M;2529;EMP
057540040040-4352;057540040040;100mN32103E42074;S;OS;1;36;W;M;3039;NEP
057540040040-4353;057540040040;100mN32103E42074;MC;OS;2;86;M;M;75XX;EMP
057540040040-4353;057540040040;100mN32103E42074;MC;OS;2;70;M;F;6574;EMP
057540040040-4354;057540040040;100mN32124E42114;MC;MIX;4;66;W;F;6574;EMP
057540040040-4354;057540040040;100mN32124E42114;MC;MIX;4;41;M;M;4049;EMP
057540040040-4354;057540040040;100mN32124E42114;MC;MIX;4;40;M;F;4049;NEP
057540040040-4354;057540040040;100mN32124E42114;MC;MIX;4;10;S;F;0614;NEP
057540040040-4355;057540040040;100mN32139E42106;MC;MIX;2;70;M;F;6574;NEP
057540040040-4355;057540040040;100mN32139E42106;MC;MIX;2;4;S;M;0305;NEP
057540040040-4356;057540040040;100mN32103E42074;MC;NA;2;35;M;M;3039;NEP
057540040040-4356;057540040040;100mN32103E42074;MC;NA;2;35;M;F;3039;EMP
057540040040-4357;057540040040;100mN32103E42074;SF;NA;2;47;S;F;4049;NEP
057540040040-4357;057540040040;100mN32103E42074;SF;NA;2;7;S;M;0614;NEP
057540040040-4358;057540040040;100mN32112E42110;PO;NA;4;52;S;F;5064;UEP
057540040040-4358;057540040040;100mN32112E42110;PO;NA;4;59;S;M;5064;NEP
057540040040-4358;057540040040;100mN32112E42110;PO;NA;4;31;M;M;3039;EMP
057540040040-4358;057540040040;100mN32112E42110;PO;NA;4;3;S;F;0305;NEP
057540040040-4359;057540040040;100mN32114E42132;MC;OS;3;78;M;F;75XX;EMP
057540040040-4359;057540040040;100mN32114E42132;MC;OS;3;67;M;M;6574;EMP
057540040040-4359;057540040040;100mN32114E42132;MC;OS;3;68;W;F;6574;NEP
057540040040-4360;057540040040;100mN32115E42128;S;NA;1;84;M;M;75XX;EMP
057540040040-4361;057540040040;100mN32103E42074;MC;NA;2;46;M;F;4049;NEP
057540040040-4361;057540040040;100mN32103E42074;MC;NA;2;47;M;M;4049;EMP
057540040040-4362;057540040040;100mN32103E42074;MC;NA;2;57;M;M;5064;NEP
057540040040-4362;057540040040;100mN32103E42074;MC;NA;2;53;M;F;5064;EMP
057540040040-4363;057540040040;100mN32123E42113;PO;NA;4;23;S;M;1824;EMP
057540040040-4363;057540040040;100mN32123E42113;PO;NA;4;23;S;M;1824;NEP
057540040040-4363;057540040040;100mN32123E42113;PO;NA;4;8;S;F;0614;NEP
057540040040-4363;057540040040;100mN32123E42113;PO;NA;4;3;S;F;0305;NEP
057540040040-4364;057540040040;100mN32123E42113;MC;NA;6;45;M;F;4049;EMP
057540040040-4364;057540040040;100mN32123E42113;MC;NA;6;46;M;M;4049;EMP
057540040040-4364;057540040040;100mN32123E42113;MC;NA;6;15;S;M;1517;NEP
057540040040-4364;057540040040;100mN32123E42113;MC;NA;6;18;D;F;1824;EMP
057540040040-4364;057540040040;100mN32123E42113;MC;NA;6;12;S;M;0614;NEP
057540040040-4364;057540040040;100mN32123E42113;MC;NA;6;3;S;M;0305;NEP
057540040040-4365;057540040040;100mN32144E42117;S;NA;1;46;W;F;4049;NEP
057540040040-4366;057540040040;100mN32117E42123;MC;NA;3;58;M;M;5064;NEP
057540040040-4366;057540040040;100mN32117E42123;MC;NA;3;55;M;F;5064;NEP
057540040040-4366;057540040040;100mN32117E42123;MC;NA;3;8;S;M;0614;NEP
057540040040-4367;057540040040;100mN32123E42113;MC;NA;2;54;M;F;5064;EMP
057540040040-4367;057540040040;100mN32123E42113;MC;NA;2;51;M;M;5064;EMP
057540040040-4368;057540040040;100mN32116E42123;MC;MIX;2;85;M;F;75XX;NEP
057540040040-4368;057540040040;100mN32116E42123;MC;MIX;2;60;S;M;5064;EMP
057540040040-4369;057540040040;100mN32118E42128;MC;NA;5;56;M;F;5064;NEP
057540040040-4369;057540040040;100mN32118E42128;MC;NA;5;53;M;M;5064;EMP
057540040040-4369;057540040040;100mN32118E42128;MC;NA;5;15;S;M;1517;NEP
057540040040-4369;057540040040;100mN32118E42128;MC;NA;5;33;W;F;3039;EMP
057540040040-4369;057540040040;100mN32118E42128;MC;NA;5;40;M;F;4049;EMP
057540040040-4370;057540040040;100mN32091E42132;MC;NA;2;44;M;M;4049;EMP
057540040040-4370;057540040040;100mN32091E42132;MC;NA;2;45;M;F;4049;EMP
057540040040-4371;057540040040;100mN32123E42113;S;NA;1;53;D;F;5064;EMP
057540040040-4372;057540040040;100mN32123E42113;S;OS;1;28;S;M;2529;EMP
057540040040-4373;057540040040;100mN32123E42113;SF;NA;2;62;S;F;5064;EMP
057540040040-4373;057540040040;100mN32123E42113;SF;NA;2;25;M;M;2529;NEP
057540040040-4374;057540040040;100mN32123E42113;PO;NA;2;18;S;M;1824;EMP
057540040040-4374;057540040040;100mN32123E42113;PO;NA;2;18;S;M;1824;EMP
057540040040-4375;057540040040;100mN32115E42127;S;NA;1;47;W;F;4049;EMP
057540040040-4376;057540040040;100mN32114E42125;PO;NA;2;31;S;M;3039;NEP
057540040040-4376;057540040040;100mN32114E42125;PO;NA;2;34;S;F;3039;NEP
057540040040-4377;057540040040;100mN32130E42138;SF;NA;3;53;W;F;5064;NEP
057540040040-4377;057540040040;100mN32130E42138;SF;NA;3;25;S;M;2529;EMP
057540040040-4377;057540040040;100mN32130E42138;SF;NA;3;20;M;M;1824;EMP
057540040040-4378;057540040040;100mN32114E42125;MC;NA;2;26;M;F;2529;NEP
057540040040-4378;057540040040;100mN32114E42125;MC;NA;2;35;M;M;3039;EMP
057540040040-4379;057540040040;100mN32094E42116;PO;NA;2;48;S;M;4049;EMP
057540040040-4379;057540040040;100mN32094E42116;PO;NA;2;45;S;M;4049;EMP
057540040040-4380;057540040040;100mN32094E42116;MC;NA;2;44;M;F;4049;EMP
057540040040-4380;057540040040;100mN32094E42116;MC;NA;2;52;M;M;5064;NEP
057540040040-4381;057540040040;100mN32094E42116;MC;NA;2;45;M;F;4049;NEP
057540040040-4381;057540040040;100mN32094E42116;MC;NA;2;63;M;M;5064;EMP
057540040040-4382;057540040040;100mN32094E42116;PO;OS;2;65;S;M;6574;EMP
057540040040-4382;057540040040;100mN32094E42116;PO;OS;2;73;S;M;6574;EMP
057540040040-4383;057540040040;100mN32094E42116;MC;NA;2;52;M;F;5064;EMP
057540040040-4383;057540040040;100mN32094E42116;MC;NA;2;55;M;M;5064;EMP
057540040040-4384;057540040040;100mN32094E42116;SF;NA;4;73;D;F;6574;NEP
057540040040-4384;057540040040;100mN32094E42116;SF;NA;4;40;M;F;4049;UEP
057540040040-4384;057540040040;100mN32094E42116;SF;NA;4;40;S;F;4049;NEP
057540040040-4384;057540040040;100mN32094E42116;SF;NA;4;10;S;M;0614;NEP
057540040040-4385;057540040040;100mN32127E42142;S;OS;1;22;M;F;1824;EMP
057540040040-4386;057540040040;100mN32117E42113;SM;NA;2;45;D;M;4049;EMP
057540040040-4386;057540040040;100mN32117E42113;SM;NA;2;10;S;F;0614;NEP
057540040040-4387;057540040040;100mN32094E42116;PO;NA;3;42;S;F;4049;EMP
057540040040-4387;057540040040;100mN32094E42116;PO;NA;3;42;S;F;4049;EMP
057540040040-4387;057540040040;100mN32094E42116;PO;NA;3;15;S;M;1517;EMP
057540040040-4388;057540040040;100mN32132E42124;S;OS;1;47;W;M;4049;EMP
057540040040-4389;057540040040;100mN32132E42124;MC;NA;2;30;M;F;3039;EMP
057540040040-4389;057540040040;100mN32132E42124;MC;NA;2;26;M;M;2529;EMP
057540040040-4390;057540040040;100mN32132E42124;S;NA;1;43;S;F;4049;EMP
057540040040-4391;057540040040;100mN32145E42117;S;OS;1;84;S;M;75XX;EMP
057540040040-4392;057540040040;100mN32145E42117;MC;NA;2;22;M;F;1824;NEP
057540040040-4392;057540040040;100mN32145E42117;MC;NA;2;18;M;M;1824;EMP
057540040040-4393;057540040040;100mN32145E42117;MC;OS;2;86;M;F;75XX;EMP
057540040040-4393;057540040040;100mN32145E42117;MC;OS;2;32;S;F;3039;NEP
057540040040-4394;057540040040;100mN32118E42123;S;NA;1;46;M;M;4049;EMP
057540040040-4395;057540040040;100mN32118E42123;MC;NA;3;33;M;M;3039;EMP
057540040040-4395;057540040040;100mN32118E42123;MC;NA;3;31;M;F;3039;EMP
057540040040-4395;057540040040;100mN32118E42123;MC;NA;3;15;S;M;1517;EMP
057540040040-4396;057540040040;100mN32144E42116;MC;NA;3;43;M;M;4049;NEP
057540040040-4396;057540040040;100mN32144E42116;MC;NA;3;41;M;F;4049;NEP
057540040040-4396;057540040040;100mN32144E42116;MC;NA;3;10;S;M;0614;NEP
057540040040-4397;057540040040;100mN32130E42138;PO;NA;2;56;S;M;5064;EMP
057540040040-4397;057540040040;100mN32130E42138;PO;NA;2;59;S;F;5064;NEP
057540040040-4398;057540040040;100mN32144E42116;MC;NA;4;56;M;F;5064;NEP
057540040040-4398;057540040040;100mN32144E42116;MC;NA;4;58;M;M;5064;EMP
057540040040-4398;057540040040;100mN32144E42116;MC;NA;4;41;S;F;4049;EMP
057540040040-4398;057540040040;100mN32144E42116;MC;NA;4;15;S;F;1517;EMP
057540040040-4399;057540040040;100mN32126E42081;MC;NA;2;27;M;M;2529;EMP
057540040040-4399;057540040040;100mN32126E42081;MC;NA;2;22;M;F;1824;EMP
057540040040-4400;057540040040;100mN32140E42118;PO;NA;2;45;S;M;4049;EMP
057540040040-4400;057540040040;100mN32140E42118;PO;NA;2;42;S;M;4049;EMP
057540040040-4401;057540040040;100mN32144E42116;MC;NA;4;46;M;M;4049;NEP
057540040040-4401;057540040040;100mN32144E42116;MC;NA;4;45;M;F;4049;NEP
057540040040-4401;057540040040;100mN32144E42116;MC;NA;4;31;S;M;3039;NEP
057540040040-4401;057540040040;100mN32144E42116;MC;NA;4;13;S;M;0614;NEP
057540040040-4402;057540040040;100mN32144E42116;MC;OS;2;70;M;F;6574;EMP
057540040040-4402;057540040040;100mN32144E42116;MC;OS;2;73;M;M;6574;EMP
057540040040-4403;057540040040;100mN32144E42116;MC;NA;2;37;M;F;3039;NEP
057540040040-4403;057540040040;100mN32144E42116;MC;NA;2;40;M;M;4049;EMP
057540040040-4404;057540040040;100mN32117E42124;MC;NA;3;34;M;F;3039;NEP
057540040040-4404;057540040040;100mN32117E42124;MC;NA;3;40;M;M;4049;EMP
057540040040-4404;057540040040;100mN32117E42124;MC;NA;3;16;S;M;1517;EMP
057540040040-4405;057540040040;100mN32124E42143;MC;NA;2;36;M;F;3039;NEP
057540040040-4405;057540040040;100mN32124E42143;MC;NA;2;50;M;M;5064;EMP
057540040040-4406;057540040040;100mN32131E42133;PO;NA;2;46;S;M;4049;NEP
057540040040-4406;057540040040;100mN32131E42133;PO;NA;2;52;S;M;5064;NEP
057540040040-4407;057540040040;100mN32132E42131;MC;NA;2;52;M;F;5064;EMP
057540040040-4407;057540040040;100mN32132E42131;MC;NA;2;52;M;M;5064;EMP
057540040040-4408;057540040040;100mN32137E42128;SF;MIX;4;73;S;M;6574;EMP
057540040040-4408;057540040040;100mN32137E42128;SF;MIX;4;43;W;F;4049;NEP
057540040040-4408;057540040040;100mN32137E42128;SF;MIX;4;1;S;F;0003;NEP
057540040040-4408;057540040040;100mN32137E42128;SF;MIX;4;25;D;F;2529;NEP
057540040040-4409;057540040040;100mN32132E42131;S;OS;1;73;M;M;6574;EMP
057540040040-4410;057540040040;100mN32132E42131;S;NA;1;80;S;M;75XX;EMP
057540040040-4411;057540040040;100mN32132E42131;MC;NA;5;59;M;M;5064;EMP
057540040040-4411;057540040040;100mN32132E42131;MC;NA;5;54;M;F;5064;EMP
057540040040-4411;057540040040;100mN32132E42131;MC;NA;5;42;M;F;4049;EMP
057540040040-4411;057540040040;100mN32132E42131;MC;NA;5;6;S;F;0614;NEP
057540040040-4411;057540040040;100mN32132E42131;MC;NA;5;11;S;M;0614;NEP
057540040040-4412;057540040040;100mN32132E42131;MC;NA;3;22;M;F;1824;EMP
057540040040-4412;057540040040;100mN32132E42131;MC;NA;3;22;M;M;1824;EMP
057540040040-4412;057540040040;100mN32132E42131;MC;NA;3;7;S;M;0614;NEP
057540040040-4413;057540040040;100mN32132E42131;MC;NA;2;43;M;M;4049;EMP
057540040040-4413;057540040040;100mN32132E42131;MC;NA;2;35;M;F;3039;NEP
057540040040-4414;057540040040;100mN32132E42131;S;NA;1;86;S;F;75XX;EMP
057540040040-4415;057540040040;100mN32129E42132;S;NA;1;40;W;F;4049;NEP
057540040040-4416;057540040040;100mN32132E42131;MC;MIX;2;70;M;F;6574;EMP
057540040040-4416;057540040040;100mN32132E42131;MC;MIX;2;43;M;M;4049;EMP
057540040040-4417;057540040040;100mN32124E42146;MC;NA;2;55;M;M;5064;EMP
057540040040-4417;057540040040;100mN32124E42146;MC;NA;2;54;M;F;5064;NEP
057540040040-4418;057540040040;100mN32132E42131;S;NA;1;31;S;M;3039;NEP
057540040040-4419;057540040040;100mN32118E42128;MC;NA;4;63;M;F;5064;EMP
057540040040-4419;057540040040;100mN32118E42128;MC;NA;4;26;M;F;2529;UEP
057540040040-4419;057540040040;100mN32118E42128;MC;NA;4;9;S;M;0614;NEP
057540040040-4419;057540040040;100mN32118E42128;MC;NA;4;43;S;M;4049;EMP
057540040040-4420;057540040040;100mN32132E42131;MC;NA;4;51;M;F;5064;EMP
057540040040-4420;057540040040;100mN32132E42131;MC;NA;4;54;M;M;5064;EMP
057540040040-4420;057540040040;100mN32132E42131;MC;NA;4;2;S;M;0003;NEP
057540040040-4420;057540040040;100mN32132E42131;MC;NA;4;8;S;F;0614;NEP
057540040040-4421;057540040040;100mN32132E42131;MC;NA;3;20;M;F;1824;EMP
057540040040-4421;057540040040;100mN32132E42131;MC;NA;3;18;M;M;1824;NEP
057540040040-4421;057540040040;100mN32132E42131;MC;NA;3;0;S;M;0003;NEP
057540040040-4422;057540040040;100mN32117E42129;PO;NA;2;61;S;F;5064;EMP
057540040040-4422;057540040040;100mN32117E42129;PO;NA;2;15;S;M;1517;NEP
057540040040-4423;057540040040;100mN32132E42131;MC;NA;2;52;M;F;5064;NEP
057540040040-4423;057540040040;100mN32132E42131;MC;NA;2;50;M;M;5064;EMP
057540040040-4424;057540040040;100mN32132E42131;S;OS;1;59;D;M;5064;EMP
057540040040-4425;057540040040;100mN32089E42055;MC;MIX;3;89;S;F;75XX;NEP
057540040040-4425;057540040040;100mN32089E42055;MC;MIX;3;45;M;M;4049;NEP
057540040040-4425;057540040040;100mN32089E42055;MC;MIX;3;52;M;F;5064;NEP
057540040040-4426;057540040040;100mN32115E42116;S;OS;1;55;D;M;5064;EMP
057540040040-4427;057540040040;100mN32132E42131;MC;OS;2;71;M;M;6574;EMP
057540040040-4427;057540040040;100mN32132E42131;MC;OS;2;65;M;F;6574;NEP
057540040040-4428;057540040040;100mN32132E42131;SF;NA;4;40;S;F;4049;EMP
057540040040-4428;057540040040;100mN32132E42131;SF;NA;4;19;D;F;1824;EMP
057540040040-4428;057540040040;100mN32132E42131;SF;NA;4;2;S;M;0003;NEP
057540040040-4428;057540040040;100mN32132E42131;SF;NA;4;7;S;F;0614;NEP
057540040040-4429;057540040040;100mN32112E42122;S;NA;1;28;M;M;2529;EMP
057540040040-4430;057540040040;100mN32132E42131;MC;MIX;2;77;M;F;75XX;NEP
057540040040-4430;057540040040;100mN32132E42131;MC;MIX;2;36;D;F;3039;NEP
057540040040-4431;057540040040;100mN32132E42131;MC;NA;2;31;M;M;3039;EMP
057540040040-4431;057540040040;100mN32132E42131;MC;NA;2;30;M;F;3039;EMP
057540040040-4432;057540040040;100mN32132E42131;S;OS;1;44;M;F;4049;NEP
057540040040-4433;057540040040;100mN32124E42142;S;NA;1;42;W;M;4049;EMP
057540040040-4434;057540040040;100mN32132E42131;MC;MIX;5;80;W;F;75XX;EMP
057540040040-4434;057540040040;100mN32132E42131;MC;MIX;5;41;M;M;4049;NEP
057540040040-4434;057540040040;100mN32132E42131;MC;MIX;5;40;M;F;4049;EMP
057540040040-4434;057540040040;100mN32132E42131;MC;MIX;5;13;S;F;0614;NEP
057540040040-4434;057540040040;100mN32132E42131;MC;MIX;5;18;M;M;1824;EMP
057540040040-4435;057540040040;100mN32088E42064;MC;NA;5;38;M;M;3039;EMP
057540040040-4435;057540040040;100mN32088E42064;MC;NA;5;36;M;F;3039;EMP
057540040040-4435;057540040040;100mN32088E42064;MC;NA;5;20;W;M;1824;EMP
057540040040-4435;057540040040;100mN32088E42064;MC;NA;5;9;S;M;0614;NEP
057540040040-4435;057540040040;100mN32088E42064;MC;NA;5;23;M;F;1824;NEP
057540040040-4436;057540040040;100mN32132E42131;S;NA;1;30;S;F;3039;EMP
057540040040-4437;057540040040;100mN32104E42076;MC;MIX;3;83;S;M;75XX;NEP
057540040040-4437;057540040040;100mN32104E42076;MC;MIX;3;41;M;F;4049;NEP
057540040040-4437;057540040040;100mN32104E42076;MC;MIX;3;43;M;M;4049;EMP
057540040040-4438;057540040040;100mN32111E42148;MC;NA;2;42;M;M;4049;NEP
057540040040-4438;057540040040;100mN32111E42148;MC;NA;2;40;M;F;4049;EMP
057540040040-4439;057540040040;100mN32134E42128;MC;OS;2;69;M;F;6574;NEP
057540040040-4439;057540040040;100mN32134E42128;MC;OS;2;71;M;M;6574;EMP
057540040040-4440;057540040040;100mN32141E42116;PO;NA;3;47;S;F;4049;NEP
057540040040-4440;057540040040;100mN32141E42116;PO;NA;3;48;S;F;4049;EMP
057540040040-4440;057540040040;100mN32141E42116;PO;NA;3;13;S;M;0614;NEP
057540040040-4441;057540040040;100mN32103E42073;PO;NA;2;53;S;F;5064;EMP
057540040040-4441;057540040040;100mN32103E42073;PO;NA;2;53;S;M;5064;EMP
057540040040-4442;057540040040;100mN32104E42076;S;NA;1;68;M;M;6574;EMP
057540040040-4443;057540040040;100mN32104E42076;MC;NA;3;25;M;M;2529;EMP
057540040040-4443;057540040040;100mN32104E42076;MC;NA;3;18;M;F;1824;NEP
057540040040-4443;057540040040;100mN32104E42076;MC;NA;3;10;S;M;0614;NEP
057540040040-4444;057540040040;100mN32104E42076;S;NA;1;45;M;M;4049;NEP
057540040040-4445;057540040040;100mN32126E42135;SF;NA;4;54;W;F;5064;EMP
057540040040-4445;057540040040;100mN32126E42135;SF;NA;4;0;S;M;0003;NEP
057540040040-4445;057540040040;100mN32126E42135;SF;NA;4;33;D;F;3039;NEP
057540040040-4445;057540040040;100mN32126E42135;SF;NA;4;10;S;F;0614;NEP
057540040040-4446;057540040040;100mN32096E42067;MC;OS;2;68;M;M;6574;EMP
057540040040-4446;057540040040;100mN32096E42067;MC;OS;2;67;M;F;6574;EMP
057540040040-4447;057540040040;100mN32124E42146;SF;NA;4;88;S;F;75XX;EMP
057540040040-4447;057540040040;100mN32124E42146;SF;NA;4;40;M;M;4049;EMP
057540040040-4447;057540040040;100mN32124E42146;SF;NA;4;2;S;M;0003;NEP
057540040040-4447;057540040040;100mN32124E42146;SF;NA;4;8;S;F;0614;NEP
057540040040-4448;057540040040;100mN32123E42146;MC;NA;4;27;M;F;2529;NEP
057540040040-4448;057540040040;100mN32123E42146;MC;NA;4;61;M;M;5064;NEP
057540040040-4448;057540040040;100mN32123E42146;MC;NA;4;9;S;F;0614;NEP
057540040040-4448;057540040040;100mN32123E42146;MC;NA;4;11;S;F;0614;NEP
057540040040-4449;057540040040;100mN32123E42146;MC;NA;3;20;M;F;1824;NEP
057540040040-4449;057540040040;100mN32123E42146;MC;NA;3;21;M;M;1824;EMP
057540040040-4449;057540040040;100mN32123E42146;MC;NA;3;1;S;F;0003;NEP
057540040040-4450;057540040040;100mN32123E42146;S;OS;1;31;W;F;3039;EMP
057540040040-4451;057540040040;100mN32117E42132;S;NA;1;19;W;F;1824;EMP
057540040040-4452;057540040040;100mN32118E42123;NA;NA;2;52;S;M;5064;EMP
057540040040-4452;057540040040;100mN32118E42123;NA;NA;2;19;M;M;1824;EMP
057540040040-4453;057540040040;100mN32123E42146;MC;NA;2;54;M;M;5064;NEP
057540040040-4453;057540040040;100mN32123E42146;MC;NA;2;54;M;F;5064;EMP
057540040040-4454;057540040040;100mN32143E42118;MC;NA;4;54;M;M;5064;EMP
057540040040-4454;057540040040;100mN32143E42118;MC;NA;4;38;D;F;3039;EMP
057540040040-4454;057540040040;100mN32143E42118;MC;NA;4;8;S;F;0614;NEP
057540040040-4454;057540040040;100mN32143E42118;MC;NA;4;12;S;M;0614;NEP
057540040040-4455;057540040040;100mN32115E42115;S;NA;1;53;S;F;5064;EMP
057540040040-4456;057540040040;100mN32123E42146;S;OS;1;54;S;F;5064;NEP
057540040040-4457;057540040040;100mN32123E42146;MC;NA;2;59;M;F;5064;EMP
057540040040-4457;057540040040;100mN32123E42146;MC;NA;2;54;M;M;5064;EMP
057540040040-4458;057540040040;100mN32123E42146;PO;NA;6;61;S;F;5064;NEP
057540040040-4458;057540040040;100mN32123E42146;PO;NA;6;6;S;M;0614;NEP
057540040040-4458;057540040040;100mN32123E42146;PO;NA;6;15;S;M;1517;EMP
057540040040-4458;057540040040;100mN32123E42146;PO;NA;6;3;S;F;0305;NEP
057540040040-4458;057540040040;100mN32123E42146;PO;NA;6;22;W;M;1824;NEP
057540040040-4458;057540040040;100mN32123E42146;PO;NA;6;44;M;F;4049;EMP
057540040040-4459;057540040040;100mN32112E42118;NA;OS;2;43;M;M;4049;NEP
057540040040-4459;057540040040;100mN32112E42118;NA;OS;2;47;M;M;4049;EMP
057540040040-4460;057540040040;100mN32114E42131;S;NA;1;37;S;F;3039;EMP
057540040040-4461;057540040040;100mN32117E42121;MC;NA;4;50;M;F;5064;NEP
057540040040-4461;057540040040;100mN32117E42121;MC;NA;4;50;M;M;5064;EMP
057540040040-4461;057540040040;100mN32117E42121;MC;NA;4;12;S;F;0614;NEP
057540040040-4461;057540040040;100mN32117E42121;MC;NA;4;15;S;F;1517;NEP
057540040040-4462;057540040040;100mN32124E42117;MC;MIX;2;67;M;F;6574;EMP
057540040040-4462;057540040040;100mN32124E42117;MC;MIX;2;71;S;M;6574;EMP
057540040040-4463;057540040040;100mN32114E42125;MC;NA;2;54;M;F;5064;EMP
057540040040-4463;057540040040;100mN32114E42125;MC;NA;2;56;M;M;5064;NEP
057540040040-4464;057540040040;100mN32124E42117;SF;NA;2;56;W;F;5064;EMP
057540040040-4464;057540040040;100mN32124E42117;SF;NA;2;32;S;F;3039;EMP
057540040040-4465;057540040040;100mN32144E42117;S;NA;1;46;W;F;4049;NEP
057540040040-4466;057540040040;100mN32124E42117;MC;OS;2;84;M;F;75XX;EMP
057540040040-4466;057540040040;100mN32124E42117;MC;OS;2;34;S;M;3039;EMP
057540040040-4467;057540040040;100mN32124E42117;MC;NA;4;37;M;F;3039;EMP
057540040040-4467;057540040040;100mN32124E42117;MC;NA;4;36;M;M;3039;EMP
057540040040-4467;057540040040;100mN32124E42117;MC;NA;4;20;M;M;1824;EMP
057540040040-4467;057540040040;100mN32124E42117;MC;NA;4;9;S;F;0614;NEP
057540040040-4468;057540040040;100mN32124E42117;S;OS;1;27;S;M;2529;EMP
057540040040-4469;057540040040;100mN32124E42117;MC;OS;2;83;M;F;75XX;EMP
057540040040-4469;057540040040;100mN32124E42117;MC;OS;2;85;M;M;75XX;NEP
057540040040-4470;057540040040;100mN32112E42117;S;NA;1;22;D;M;1824;NEP
057540040040-4471;057540040040;100mN32115E42125;S;NA;1;36;S;M;3039;EMP
057540040040-4472;057540040040;100mN32121E42123;S;NA;1;38;M;M;3039;NEP
057540040040-4473;057540040040;100mN32121E42123;MC;NA;4;21;M;F;1824;EMP
057540040040-4473;057540040040;100mN32121E42123;MC;NA;4;21;M;M;1824;EMP
057540040040-4473;057540040040;100mN32121E42123;MC;NA;4;0;S;F;0003;NEP
057540040040-4473;057540040040;100mN32121E42123;MC;NA;4;6;S;M;0614;NEP
057540040040-4474;057540040040;100mN32111E42123;MC;NA;2;33;M;F;3039;EMP
057540040040-4474;057540040040;100mN32111E42123;MC;NA;2;36;M;M;3039;NEP
057540040040-4475;057540040040;100mN32125E42116;MC;MIX;3;65;M;F;6574;EMP
057540040040-4475;057540040040;100mN32125E42116;MC;MIX;3;33;M;F;3039;EMP
057540040040-4475;057540040040;100mN32125E42116;MC;MIX;3;40;M;M;4049;EMP
057540040040-4476;057540040040;100mN32115E42112;MC;NA;2;60;M;F;5064;UEP
057540040040-4476;057540040040;100mN32115E42112;MC;NA;2;48;S;F;4049;UEP
057540040040-4477;057540040040;100mN32121E42123;MC;NA;2;44;M;F;4049;EMP
057540040040-4477;057540040040;100mN32121E42123;MC;NA;2;52;M;M;5064;EMP
057540040040-4478;057540040040;100mN32121E42123;S;NA;1;67;M;F;6574;UEP
057540040040-4479;057540040040;100mN32121E42123;MC;NA;3;46;M;M;4049;NEP
057540040040-4479;057540040040;100mN32121E42123;MC;NA;3;45;M;F;4049;EMP
057540040040-4479;057540040040;100mN32121E42123;MC;NA;3;22;S;M;1824;EMP
057540040040-4480;057540040040;100mN32121E42123;MC;NA;2;60;M;M;5064;EMP
057540040040-4480;057540040040;100mN32121E42123;MC;NA;2;58;M;F;5064;EMP
057540040040-4481;057540040040;100mN32118E42142;MC;NA;4;38;M;M;3039;EMP
057540040040-4481;057540040040;100mN32118E42142;MC;NA;4;30;M;F;3039;NEP
057540040040-4481;057540040040;100mN32118E42142;MC;NA;4;16;S;F;1517;EMP
057540040040-4481;057540040040;100mN32118E42142;MC;NA;4;9;S;M;0614;NEP
057540040040-4482;057540040040;100mN32121E42123;MC;NA;3;52;M;M;5064;NEP
057540040040-4482;057540040040;100mN32121E42123;MC;NA;3;52;M;F;5064;EMP
057540040040-4482;057540040040;100mN32121E42123;MC;NA;3;11;S;M;0614;NEP
057540040040-4483;057540040040;100mN32114E42125;MC;NA;4;40;M;F;4049;EMP
057540040040-4483;057540040040;100mN32114E42125;MC;NA;4;40;M;M;4049;EMP
057540040040-4483;057540040040;100mN32114E42125;MC;NA;4;16;S;F;1517;EMP
057540040040-4483;057540040040;100mN32114E42125;MC;NA;4;12;S;F;0614;NEP
057540040040-4484;057540040040;100mN32121E42118;MC;NA;5;33;M;M;3039;EMP
057540040040-4484;057540040040;100mN32121E42118;MC;NA;5;30;M;F;3039;EMP
057540040040-4484;057540040040;100mN32121E42118;MC;NA;5;1;S;F;0003;NEP
057540040040-4484;057540040040;100mN32121E42118;MC;NA;5;3;S;F;0305;NEP
057540040040-4484;057540040040;100mN32121E42118;MC;NA;5;0;S;F;0003;NEP
057540040040-4485;057540040040;100mN32121E42118;MC;NA;3;18;M;F;1824;NEP
057540040040-4485;057540040040;100mN32121E42118;MC;NA;3;23;M;M;1824;EMP
057540040040-4485;057540040040;100mN32121E42118;MC;NA;3;2;S;M;0003;NEP
057540040040-4486;057540040040;100mN32121E42118;NA;MIX;2;47;M;M;4049;NEP
057540040040-4486;057540040040;100mN32121E42118;NA;MIX;2;48;M;M;4049;NEP
057540040040-4487;057540040040;100mN32114E42131;MC;NA;3;33;M;F;3039;NEP
057540040040-4487;057540040040;100mN32114E42131;MC;NA;3;34;M;M;3039;EMP
057540040040-4487;057540040040;100mN32114E42131;MC;NA;3;6;S;F;0614;NEP
057540040040-4488;057540040040;100mN32121E42118;MC;OS;3;68;M;F;6574;NEP
057540040040-4488;057540040040;100mN32121E42118;MC;OS;3;69;M;M;6574;NEP
057540040040-4488;057540040040;100mN32121E42118;MC;OS;3;66;M;F;6574;NEP
057540040040-4489;057540040040;100mN32117E42133;MC;MIX;6;70;M;M;6574;EMP
057540040040-4489;057540040040;100mN32117E42133;MC;MIX;6;46;M;M;4049;NEP
057540040040-4489;057540040040;100mN32117E42133;MC;MIX;6;63;M;F;5064;EMP
057540040040-4489;057540040040;100mN32117E42133;MC;MIX;6;6;S;M;0614;NEP
057540040040-4489;057540040040;100mN32117E42133;MC;MIX;6;3;S;F;0305;NEP
057540040040-4489;057540040040;100mN32117E42133;MC;MIX;6;19;M;M;1824;NEP
057540040040-4490;057540040040;100mN32107E42074;S;NA;1;86;S;F;75XX;EMP
057540040040-4491;057540040040;100mN32112E42124;SF;NA;3;66;W;F;6574;EMP
057540040040-4491;057540040040;100mN32112E42124;SF;NA;3;43;M;F;4049;UEP
057540040040-4491;057540040040;100mN32112E42124;SF;NA;3;1;S;F;0003;NEP
057540040040-4492;057540040040;100mN32121E42118;S;NA;1;81;M;F;75XX;NEP
057540040040-4493;057540040040;100mN32121E42118;MC;NA;4;33;M;F;3039;UEP
057540040040-4493;057540040040;100mN32121E42118;MC;NA;4;42;M;M;4049;EMP
057540040040-4493;057540040040;100mN32121E42118;MC;NA;4;18;W;F;1824;EMP
057540040040-4493;057540040040;100mN32121E42118;MC;NA;4;15;S;F;1517;EMP
057540040040-4494;057540040040;100mN32121E42118;MC;NA;3;36;M;F;3039;EMP
057540040040-4494;057540040040;100mN32121E42118;MC;NA;3;30;M;M;3039;EMP
057540040040-4494;057540040040;100mN32121E42118;MC;NA;3;19;M;F;1824;EMP
057540040040-4495;057540040040;100mN32115E42127;MC;NA;2;42;M;M;4049;EMP
057540040040-4495;057540040040;100mN32115E42127;MC;NA;2;42;M;F;4049;UEP
057540040040-4496;057540040040;100mN32121E42118;S;NA;1;57;W;F;5064;EMP
057540040040-4497;057540040040;100mN32114E42126;S;NA;1;31;S;F;3039;NEP
057540040040-4498;057540040040;100mN32121E42118;MC;OS;4;77;M;F;75XX;EMP
057540040040-4498;057540040040;100mN32121E42118;MC;OS;4;78;M;M;75XX;EMP
057540040040-4498;057540040040;100mN32121E42118;MC;OS;4;65;S;M;6574;EMP
057540040040-4498;057540040040;100mN32121E42118;MC;OS;4;85;W;M;75XX;NEP
057540040040-4499;057540040040;100mN32121E42118;MC;NA;3;59;M;F;5064;EMP
057540040040-4499;057540040040;100mN32121E42118;MC;NA;3;63;M;M;5064;NEP
057540040040-4499;057540040040;100mN32121E42118;MC;NA;3;43;D;M;4049;EMP
057540040040-4500;057540040040;100mN32123E42143;S;NA;1;56;S;F;5064;EMP
057540040040-4501;057540040040;100mN32115E42116;S;OS;1;55;D;M;5064;EMP
057540040040-4502;057540040040;100mN32115E42116;MC;OS;2;87;M;F;75XX;NEP
057540040040-4502;057540040040;100mN32115E42116;MC;OS;2;78;M;M;75XX;EMP
057540040040-4503;057540040040;100mN32092E42104;MC;NA;2;44;M;M;4049;EMP
057540040040-4503;057540040040;100mN32092E42104;MC;NA;2;41;M;F;4049;EMP
057540040040-4504;057540040040;100mN32115E42116;MC;NA;2;31;M;F;3039;EMP
057540040040-4504;057540040040;100mN32115E42116;MC;NA;2;41;M;M;4049;NEP
057540040040-4505;057540040040;100mN32125E42140;S;OS;1;48;S;F;4049;NEP
057540040040-4506;057540040040;100mN32125E42141;S;NA;1;58;S;M;5064;NEP
057540040040-4507;057540040040;100mN32103E42070;MC;NA;4;48;M;M;4049;EMP
057540040040-4507;057540040040;100mN32103E42070;MC;NA;4;47;M;F;4049;NEP
057540040040-4507;057540040040;100mN32103E42070;MC;NA;4;8;S;F;0614;NEP
057540040040-4507;057540040040;100mN32103E42070;MC;NA;4;4;S;F;0305;NEP
057540040040-4508;057540040040;100mN32118E42127;S;OS;1;61;S;M;5064;NEP
057540040040-4509;057540040040;100mN32103E42070;MC;OS;2;72;M;F;6574;EMP
057540040040-4509;057540040040;100mN32103E42070;MC;OS;2;88;M;M;75XX;EMP
057540040040-4510;057540040040;100mN32103E42070;MC;NA;2;59;M;F;5064;NEP
057540040040-4510;057540040040;100mN32103E42070;MC;NA;2;61;M;M;5064;NEP
057540040040-4511;057540040040;100mN32141E42117;MC;NA;2;61;M;F;5064;EMP
057540040040-4511;057540040040;100mN32141E42117;MC;NA;2;6;S;M;0614;NEP
057540040040-4512;057540040040;100mN32120E42122;S;NA;1;40;M;F;4049;EMP
057540040040-4513;057540040040;100mN32120E42122;SF;NA;4;43;W;F;4049;NEP
057540040040-4513;057540040040;100mN32120E42122;SF;NA;4;22;W;M;1824;EMP
057540040040-4513;057540040040;100mN32120E42122;SF;NA;4;7;S;F;0614;NEP
057540040040-4513;057540040040;100mN32120E42122;SF;NA;4;12;S;F;0614;NEP
057540040040-4514;057540040040;100mN32089E42055;S;OS;1;38;D;M;3039;NEP
057540040040-4515;057540040040;100mN32120E42122;MC;NA;2;32;M;F;3039;NEP
057540040040-4515;057540040040;100mN32120E42122;MC;NA;2;37;M;M;3039;EMP
057540040040-4516;057540040040;100mN32118E42126;S;NA;1;73;M;F;6574;EMP
057540040040-4517;057540040040;100mN32120E42122;MC;OS;2;65;M;F;6574;NEP
057540040040-4517;057540040040;100mN32120E42122;MC;OS;2;68;M;M;6574;NEP
057540040040-4518;057540040040;100mN32120E42122;NA;NA;4;26;M;F;2529;EMP
057540040040-4518;057540040040;100mN32120E42122;NA;NA;4;43;D;M;4049;EMP
057540040040-4518;057540040040;100mN32120E42122;NA;NA;4;66;M;M;6574;EMP
057540040040-4518;057540040040;100mN32120E42122;NA;NA;4;37;W;F;3039;NEP
057540040040-4519;057540040040;100mN32118E42129;PO;OS;2;66;S;F;6574;NEP
057540040040-4519;057540040040;100mN32118E42129;PO;OS;2;66;S;M;6574;EMP
057540040040-4520;057540040040;100mN32120E42122;MC;NA;4;19;M;F;1824;EMP
057540040040-4520;057540040040;100mN32120E42122;MC;NA;4;22;M;M;1824;EMP
057540040040-4520;057540040040;100mN32120E42122;MC;NA;4;1;S;F;0003;NEP
057540040040-4520;057540040040;100mN32120E42122;MC;NA;4;2;S;M;0003;NEP
057540040040-4521;057540040040;100mN32135E42126;S;NA;1;46;M;M;4049;EMP
057540040040-4522;057540040040;100mN32120E42122;S;NA;1;48;M;M;4049;EMP
057540040040-4523;057540040040;100mN32120E42122;MC;MIX;2;67;M;F;6574;EMP
057540040040-4523;057540040040;100mN32120E42122;MC;MIX;2;12;S;M;0614;NEP
057540040040-4524;057540040040;100mN32120E42122;MC;NA;3;63;M;F;5064;UEP
057540040040-4524;057540040040;100mN32120E42122;MC;NA;3;41;D;F;4049;EMP
057540040040-4524;057540040040;100mN32120E42122;MC;NA;3;42;M;F;4049;EMP
057540040040-4525;057540040040;100mN32120E42122;MC;NA;2;18;M;F;1824;EMP
057540040040-4525;057540040040;100mN32120E42122;MC;NA;2;19;M;M;1824;EMP
057540040040-4526;057540040040;100mN32120E42122;PO;OS;2;78;S;F;75XX;NEP
057540040040-4526;057540040040;100mN32120E42122;PO;OS;2;76;S;M;75XX;EMP
057540040040-4527;057540040040;100mN32120E42122;MC;OS;4;76;M;F;75XX;NEP
057540040040-4527;057540040040;100mN32120E42122;MC;OS;4;85;M;M;75XX;EMP
057540040040-4527;057540040040;100mN32120E42122;MC;OS;4;72;M;F;6574;NEP
057540040040-4527;057540040040;100mN32120E42122;MC;OS;4;87;M;M;75XX;EMP
057540040040-4528;057540040040;100mN32115E42112;PO;NA;4;43;S;F;4049;EMP
057540040040-4528;057540040040;100mN32115E42112;PO;NA;4;51;S;M;5064;EMP
057540040040-4528;057540040040;100mN32115E42112;PO;NA;4;15;S;F;1517;EMP
057540040040-4528;057540040040;100mN32115E42112;PO;NA;4;8;S;F;0614;NEP
057540040040-4529;057540040040;100mN32120E42122;MC;NA;4;46;M;M;4049;EMP
057540040040-4529;057540040040;100mN32120E42122;MC;NA;4;45;M;F;4049;EMP
057540040040-4529;057540040040;100mN32120E42122;MC;NA;4;13;S;F;0614;NEP
057540040040-4529;057540040040;100mN32120E42122;MC;NA;4;7;S;M;0614;NEP
057540040040-4530;057540040040;100mN32139E42123;MC;NA;3;32;M;F;3039;NEP
057540040040-4530;057540040040;100mN32139E42123;MC;NA;3;33;M;M;3039;EMP
057540040040-4530;057540040040;100mN32139E42123;MC;NA;3;10;S;M;0614;NEP
057540040040-4531;057540040040;100mN32117E42113;S;NA;1;61;S;F;5064;NEP
057540040040-4532;057540040040;100mN32126E42140;MC;NA;4;43;M;F;4049;EMP
057540040040-4532;057540040040;100mN32126E42140;MC;NA;4;38;M;M;3039;NEP
057540040040-4532;057540040040;100mN32126E42140;MC;NA;4;26;M;M;2529;NEP
057540040040-4532;057540040040;100mN32126E42140;MC;NA;4;4;S;F;0305;NEP
057540040040-4533;057540040040;100mN32126E42140;MC;NA;2;55;M;M;5064;EMP
057540040040-4533;057540040040;100mN32126E42140;MC;NA;2;52;M;F;5064;NEP
057540040040-4534;057540040040;100mN32126E42140;S;OS;1;21;S;M;1824;EMP
057540040040-4535;057540040040;100mN32126E42140;MC;NA;3;40;M;M;4049;NEP
057540040040-4535;057540040040;100mN32126E42140;MC;NA;3;40;M;F;4049;UEP
057540040040-4535;057540040040;100mN32126E42140;MC;NA;3;21;S;M;1824;EMP
057540040040-4536;057540040040;100mN32112E42143;S;OS;1;53;S;M;5064;EMP
057540040040-4537;057540040040;100mN32117E42129;SF;NA;2;47;D;F;4049;EMP
057540040040-4537;057540040040;100mN32117E42129;SF;NA;2;15;S;F;1517;NEP
057540040040-4538;057540040040;100mN32117E42125;S;OS;1;56;D;M;5064;NEP
057540040040-4539;057540040040;100mN32126E42140;MC;OS;2;69;M;M;6574;NEP
057540040040-4539;057540040040;100mN32126E42140;MC;OS;2;67;M;F;6574;EMP
057540040040-4540;057540040040;100mN32126E42140;S;NA;1;44;S;M;4049;NEP
057540040040-4541;057540040040;100mN32126E42140;MC;MIX;3;86;W;M;75XX;EMP
057540040040-4541;057540040040;100mN32126E42140;MC;MIX;3;27;M;M;2529;EMP
057540040040-4541;057540040040;100mN32126E42140;MC;MIX;3;36;M;F;3039;EMP
057540040040-4542;057540040040;100mN32112E42121;S;OS;1;82;M;F;75XX;EMP
057540040040-4543;057540040040;100mN32126E42140;S;OS;1;42;W;F;4049;NEP
057540040040-4544;057540040040;100mN32126E42140;S;NA;1;51;S;M;5064;EMP
057540040040-4545;057540040040;100mN32126E42140;PO;NA;5;51;S;F;5064;NEP
057540040040-4545;057540040040;100mN32126E42140;PO;NA;5;55;S;F;5064;NEP
057540040040-4545;057540040040;100mN32126E42140;PO;NA;5;8;S;M;0614;NEP
057540040040-4545;057540040040;100mN32126E42140;PO;NA;5;2;S;F;0003;NEP
057540040040-4545;057540040040;100mN32126E42140;PO;NA;5;13;S;M;0614;NEP
057540040040-4546;057540040040;100mN32126E42140;MC;OS;2;72;M;F;6574;NEP
057540040040-4546;057540040040;100mN32126E42140;MC;OS;2;73;M;M;6574;NEP
057540040040-4547;057540040040;100mN32132E42133;MC;NA;3;42;M;F;4049;EMP
057540040040-4547;057540040040;100mN32132E42133;MC;NA;3;44;M;M;4049;EMP
057540040040-4547;057540040040;100mN32132E42133;MC;NA;3;11;S;M;0614;NEP
057540040040-4548;057540040040;100mN32126E42140;MC;MIX;3;75;S;F;75XX;EMP
057540040040-4548;057540040040;100mN32126E42140;MC;MIX;3;38;M;M;3039;NEP
057540040040-4548;057540040040;100mN32126E42140;MC;MIX;3;36;M;F;3039;EMP
057540040040-4549;057540040040;100mN32126E42140;PO;OS;3;88;S;F;75XX;EMP
057540040040-4549;057540040040;100mN32126E42140;PO;OS;3;73;S;M;6574;NEP
057540040040-4549;057540040040;100mN32126E42140;PO;OS;3;84;M;M;75XX;EMP
057540040040-4550;057540040040;100mN32107E42089;S;NA;1;42;M;F;4049;EMP
057540040040-4551;057540040040;100mN32111E42123;MC;OS;3;72;M;M;6574;NEP
057540040040-4551;057540040040;100mN32111E42123;MC;OS;3;67;M;F;6574;NEP
057540040040-4551;057540040040;100mN32111E42123;MC;OS;3;82;S;F;75XX;NEP
057540040040-4552;057540040040;100mN32117E42125;S;OS;1;56;D;M;5064;NEP
057540040040-4553;057540040040;100mN32107E42089;MC;MIX;4;71;D;F;6574;EMP
057540040040-4553;057540040040;100mN32107E42089;MC;MIX;4;34;M;F;3039;NEP
057540040040-4553;057540040040;100mN32107E42089;MC;MIX;4;41;M;M;4049;EMP
057540040040-4553;057540040040;100mN32107E42089;MC;MIX;4;9;S;F;0614;NEP
057540040040-4554;057540040040;100mN32124E42139;MC;MIX;3;81;S;M;75XX;NEP
057540040040-4554;057540040040;100mN32124E42139;MC;MIX;3;46;M;F;4049;EMP
057540040040-4554;057540040040;100mN32124E42139;MC;MIX;3;51;M;M;5064;EMP
057540040040-4555;057540040040;100mN32126E42146;MC;OS;4;68;M;F;6574;EMP
057540040040-4555;057540040040;100mN32126E42146;MC;OS;4;68;M;M;6574;EMP
057540040040-4555;057540040040;100mN32126E42146;MC;OS;4;77;S;M;75XX;EMP
057540040040-4555;057540040040;100mN32126E42146;MC;OS;4;81;S;M;75XX;NEP
057540040040-4556;057540040040;100mN32107E42089;PO;MIX;5;87;M;F;75XX;EMP
057540040040-4556;057540040040;100mN32107E42089;PO;MIX;5;20;S;M;1824;NEP
057540040040-4556;057540040040;100mN32107E42089;PO;MIX;5;20;S;M;1824;NEP
057540040040-4556;057540040040;100mN32107E42089;PO;MIX;5;0;S;F;0003;NEP
057540040040-4556;057540040040;100mN32107E42089;PO;MIX;5;3;S;M;0305;NEP
057540040040-4557;057540040040;100mN32107E42089;S;NA;1;61;S;F;5064;NEP
057540040040-4558;057540040040;100mN32107E42089;PO;NA;2;52;S;M;5064;EMP
057540040040-4558;057540040040;100mN32107E42089;PO;NA;2;50;S;M;5064;EMP
057540040040-4559;057540040040;100mN32118E42131;S;OS;1;31;S;M;3039;EMP
057540040040-4560;057540040040;100mN32120E42121;PO;NA;2;48;S;M;4049;NEP
057540040040-4560;057540040040;100mN32120E42121;PO;NA;2;45;S;M;4049;NEP
057540040040-4561;057540040040;100mN32120E42121;MC;NA;2;36;M;F;3039;EMP
057540040040-4561;057540040040;100mN32120E42121;MC;NA;2;42;M;M;4049;EMP
057540040040-4562;057540040040;100mN32120E42121;MC;NA;2;35;M;M;3039;NEP
057540040040-4562;057540040040;100mN32120E42121;MC;NA;2;28;M;F;2529;NEP
057540040040-4563;057540040040;100mN32123E42144;MC;OS;2;85;M;F;75XX;EMP
057540040040-4563;057540040040;100mN32123E42144;MC;OS;2;88;M;M;75XX;EMP
057540040040-4564;057540040040;100mN32120E42121;MC;NA;2;62;M;F;5064;EMP
057540040040-4564;057540040040;100mN32120E42121;MC;NA;2;61;M;M;5064;EMP
057540040040-4565;057540040040;100mN32098E42050;MC;NA;3;54;M;F;5064;EMP
057540040040-4565;057540040040;100mN32098E42050;MC;NA;3;52;M;M;5064;EMP
057540040040-4565;057540040040;100mN32098E42050;MC;NA;3;13;S;F;0614;NEP
057540040040-4566;057540040040;100mN32120E42121;MC;NA;3;58;M;M;5064;EMP
057540040040-4566;057540040040;100mN32120E42121;MC;NA;3;57;M;F;5064;NEP
057540040040-4566;057540040040;100mN32120E42121;MC;NA;3;1;S;F;0003;NEP
057540040040-4567;057540040040;100mN32120E42121;MC;MIX;4;80;M;M;75XX;EMP
057540040040-4567;057540040040;100mN32120E42121;MC;MIX;4;48;M;M;4049;EMP
057540040040-4567;057540040040;100mN32120E42121;MC;MIX;4;47;M;F;4049;NEP
057540040040-4567;057540040040;100mN32120E42121;MC;MIX;4;15;S;M;1517;EMP
057540040040-4568;057540040040;100mN32116E42128;PO;NA;2;59;S;M;5064;EMP
057540040040-4568;057540040040;100mN32116E42128;PO;NA;2;60;S;M;5064;EMP
057540040040-4569;057540040040;100mN32137E42120;MC;NA;4;46;M;M;4049;NEP
057540040040-4569;057540040040;100mN32137E42120;MC;NA;4;44;M;F;4049;EMP
057540040040-4569;057540040040;100mN32137E42120;MC;NA;4;15;S;F;1517;UEP
057540040040-4569;057540040040;100mN32137E42120;MC;NA;4;31;M;M;3039;NEP
057540040040-4570;057540040040;100mN32113E42118;MC;NA;2;42;M;M;4049;EMP
057540040040-4570;057540040040;100mN32113E42118;MC;NA;2;41;M;F;4049;NEP
057540040040-4571;057540040040;100mN32124E42140;S;OS;1;44;D;M;4049;NEP
057540040040-4572;057540040040;100mN32120E42121;S;NA;1;60;W;F;5064;NEP
057540040040-4573;057540040040;100mN32127E42100;S;OS;1;33;S;F;3039;EMP
057540040040-4574;057540040040;100mN32127E42100;MC;NA;2;38;M;F;3039;EMP
057540040040-4574;057540040040;100mN32127E42100;MC;NA;2;42;M;M;4049;EMP
057540040040-4575;057540040040;100mN32127E42100;MC;NA;2;47;M;M;4049;NEP
057540040040-4575;057540040040;100mN32127E42100;MC;NA;2;43;M;F;4049;NEP
057540040040-4576;057540040040;100mN32137E42123;S;NA;1;85;S;M;75XX;EMP
057540040040-4577;057540040040;100mN32137E42123;S;NA;1;32;M;M;3039;EMP
057540040040-4578;057540040040;100mN32117E42124;S;NA;1;85;W;F;75XX;EMP
057540040040-4579;057540040040;100mN32124E42147;MC;OS;3;87;M;F;75XX;NEP
057540040040-4579;057540040040;100mN32124E42147;MC;OS;3;7;S;F;0614;NEP
057540040040-4579;057540040040;100mN32124E42147;MC;OS;3;75;D;M;75XX;EMP
057540040040-4580;057540040040;100mN32137E42123;SF;NA;2;46;W;F;4049;EMP
057540040040-4580;057540040040;100mN32137E42123;SF;NA;2;4;S;M;0305;NEP
057540040040-4581;057540040040;100mN32137E42123;PO;NA;2;63;S;M;5064;EMP
057540040040-4581;057540040040;100mN32137E42123;PO;NA;2;62;S;M;5064;NEP
057540040040-4582;057540040040;100mN32137E42123;MC;NA;3;47;M;M;4049;NEP
057540040040-4582;057540040040;100mN32137E42123;MC;NA;3;18;M;F;1824;EMP
057540040040-4582;057540040040;100mN32137E42123;MC;NA;3;16;S;F;1517;NEP
057540040040-4583;057540040040;100mN32118E42142;MC;NA;3;26;M;F;2529;EMP
057540040040-4583;057540040040;100mN32118E42142;MC;NA;3;23;M;M;1824;EMP
057540040040-4583;057540040040;100mN32118E42142;MC;NA;3;8;S;M;0614;NEP
057540040040-4584;057540040040;100mN32118E42142;MC;NA;4;38;M;M;3039;EMP
057540040040-4584;057540040040;100mN32118E42142;MC;NA;4;30;M;F;3039;NEP
057540040040-4584;057540040040;100mN32118E42142;MC;NA;4;16;S;F;1517;EMP
057540040040-4584;057540040040;100mN32118E42142;MC;NA;4;9;S;M;0614;NEP
057540040040-4585;057540040040;100mN32118E42142;S;NA;1;16;S;F;1517;NEP
057540040040-4586;057540040040;100mN32129E42131;PO;NA;5;61;S;M;5064;EMP
057540040040-4586;057540040040;100mN32129E42131;PO;NA;5;60;S;F;5064;EMP
057540040040-4586;057540040040;100mN32129E42131;PO;NA;5;11;S;M;0614;NEP
057540040040-4586;057540040040;100mN32129E42131;PO;NA;5;10;S;F;0614;NEP
057540040040-4586;057540040040;100mN32129E42131;PO;NA;5;6;S;M;0614;NEP
057540040040-4587;057540040040;100mN32129E42131;S;NA;1;45;D;F;4049;EMP
057540040040-4588;057540040040;100mN32118E42125;MC;NA;2;40;M;F;4049;EMP
057540040040-4588;057540040040;100mN32118E42125;MC;NA;2;48;M;M;4049;EMP
057540040040-4589;057540040040;100mN32124E42113;S;OS;1;60;S;M;5064;NEP
057540040040-4590;057540040040;100mN32129E42131;MC;NA;3;47;M;M;4049;EMP
057540040040-4590;057540040040;100mN32129E42131;MC;NA;3;52;M;F;5064;NEP
057540040040-4590;057540040040;100mN32129E42131;MC;NA;3;18;M;F;1824;UEP
057540040040-4591;057540040040;100mN32100E42074;MC;MIX;6;66;M;M;6574;NEP
057540040040-4591;057540040040;100mN32100E42074;MC;MIX;6;51;M;F;5064;EMP
057540040040-4591;057540040040;100mN32100E42074;MC;MIX;6;60;M;M;5064;EMP
057540040040-4591;057540040040;100mN32100E42074;MC;MIX;6;9;S;F;0614;NEP
057540040040-4591;057540040040;100mN32100E42074;MC;MIX;6;8;S;F;0614;NEP
057540040040-4591;057540040040;100mN32100E42074;MC;MIX;6;12;S;F;0614;NEP
057540040040-4592;057540040040;100mN32123E42142;S;NA;1;44;W;F;4049;EMP
057540040040-4593;057540040040;100mN32118E42123;SM;NA;3;70;S;M;6574;EMP
057540040040-4593;057540040040;100mN32118E42123;SM;NA;3;19;M;M;1824;EMP
057540040040-4593;057540040040;100mN32118E42123;SM;NA;3;21;M;M;1824;NEP
057540040040-4594;057540040040;100mN32129E42131;MC;OS;3;65;M;F;6574;NEP
057540040040-4594;057540040040;100mN32129E42131;MC;OS;3;67;M;M;6574;NEP
057540040040-4594;057540040040;100mN32129E42131;MC;OS;3;66;S;F;6574;EMP
057540040040-4595;057540040040;100mN32112E42118;S;NA;1;48;M;M;4049;NEP
057540040040-4596;057540040040;100mN32101E42118;S;NA;1;83;M;F;75XX;EMP
057540040040-4597;057540040040;100mN32101E42118;MC;MIX;3;77;W;F;75XX;EMP
057540040040-4597;057540040040;100mN32101E42118;MC;MIX;3;54;M;M;5064;EMP
057540040040-4597;057540040040;100mN32101E42118;MC;MIX;3;50;M;F;5064;EMP
057540040040-4598;057540040040;100mN32101E42118;MC;NA;2;32;M;F;3039;EMP
057540040040-4598;057540040040;100mN32101E42118;MC;NA;2;28;M;M;2529;EMP
057540040040-4599;057540040040;100mN32112E42121;S;OS;1;82;M;F;75XX;EMP
057540040040-4600;057540040040;100mN32101E42132;S;NA;1;61;M;F;5064;UEP
057540040040-4601;057540040040;100mN32101E42132;MC;NA;3;43;M;M;4049;NEP
057540040040-4601;057540040040;100mN32101E42132;MC;NA;3;37;M;F;3039;EMP
057540040040-4601;057540040040;100mN32101E42132;MC;NA;3;9;S;M;0614;NEP
057540040040-4602;057540040040;100mN32137E42120;S;OS;1;43;D;M;4049;NEP
057540040040-4603;057540040040;100mN32144E42117;S;OS;1;35;S;F;3039;NEP
057540040040-4604;057540040040;100mN32096E42068;MC;NA;6;27;M;F;2529;NEP
057540040040-4604;057540040040;100mN32096E42068;MC;NA;6;28;M;M;2529;EMP
057540040040-4604;057540040040;100mN32096E42068;MC;NA;6;6;S;M;0614;NEP
057540040040-4604;057540040040;100mN32096E42068;MC;NA;6;7;S;M;0614;NEP
057540040040-4604;057540040040;100mN32096E42068;MC;NA;6;6;S;M;0614;NEP
057540040040-4604;057540040040;100mN32096E42068;MC;NA;6;12;S;F;0614;NEP
057540040040-4605;057540040040;100mN32096E42068;S;NA;1;25;M;F;2529;EMP
057540040040-4606;057540040040;100mN32096E42068;S;NA;1;72;M;M;6574;EMP
057540040040-4607;057540040040;100mN32096E42068;S;OS;1;71;M;M;6574;EMP
057540040040-4608;057540040040;100mN32096E42068;S;NA;1;68;M;F;6574;UEP
057540040040-4609;057540040040;100mN32096E42068;MC;NA;3;38;M;M;3039;NEP
057540040040-4609;057540040040;100mN32096E42068;MC;NA;3;40;M;F;4049;EMP
057540040040-4609;057540040040;100mN32096E42068;MC;NA;3;19;M;M;1824;EMP
057540040040-4610;057540040040;100mN32096E42068;MC;OS;3;68;M;F;6574;NEP
057540040040-4610;057540040040;100mN32096E42068;MC;OS;3;76;M;M;75XX;NEP
057540040040-4610;057540040040;100mN32096E42068;MC;OS;3;85;D;M;75XX;EMP
057540040040-4611;057540040040;100mN32101E42137;MC;NA;2;63;M;M;5064;EMP
057540040040-4611;057540040040;100mN32101E42137;MC;NA;2;57;M;F;5064;NEP
057540040040-4612;057540040040;100mN32114E42117;MC;MIX;2;89;M;M;75XX;EMP
057540040040-4612;057540040040;100mN32114E42117;MC;MIX;2;73;D;M;6574;NEP
057540040040-4613;057540040040;100mN32139E42124;S;OS;1;82;D;M;75XX;EMP
057540040040-4614;057540040040;100mN32141E42121;S;NA;1;16;S;M;1517;NEP
057540040040-4615;057540040040;100mN32114E42117;S;NA;1;40;M;M;4049;EMP
057540040040-4616;057540040040;100mN32114E42117;S;NA;1;41;W;F;4049;NEP
057540040040-4617;057540040040;100mN32111E42147;S;NA;1;62;M;F;5064;UEP
057540040040-4618;057540040040;100mN32114E42117;MC;NA;3;48;M;F;4049;EMP
057540040040-4618;057540040040;100mN32114E42117;MC;NA;3;51;M;M;5064;EMP
057540040040-4618;057540040040;100mN32114E42117;MC;NA;3;4;S;M;0305;NEP
057540040040-4619;057540040040;100mN32117E42112;MC;NA;3;47;M;M;4049;EMP
057540040040-4619;057540040040;100mN32117E42112;MC;NA;3;46;M;F;4049;NEP
057540040040-4619;057540040040;100mN32117E42112;MC;NA;3;15;S;F;1517;NEP
057540040040-4620;057540040040;100mN32114E42117;MC;NA;4;35;M;F;3039;EMP
057540040040-4620;057540040040;100mN32114E42117;MC;NA;4;43;M;M;4049;NEP
057540040040-4620;057540040040;100mN32114E42117;MC;NA;4;16;S;F;1517;NEP
057540040040-4620;057540040040;100mN32114E42117;MC;NA;4;18;D;F;1824;NEP
057540040040-4621;057540040040;100mN32118E42130;S;NA;1;42;S;M;4049;EMP
057540040040-4622;057540040040;100mN32101E42071;S;OS;1;45;D;M;4049;EMP
057540040040-4623;057540040040;100mN32105E42096;MC;OS;2;72;M;M;6574;NEP
057540040040-4623;057540040040;100mN32105E42096;MC;OS;2;69;M;F;6574;EMP
057540040040-4624;057540040040;100mN32131E42138;MC;NA;2;36;M;F;3039;NEP
057540040040-4624;057540040040;100mN32131E42138;MC;NA;2;37;M;M;3039;EMP
057540040040-4625;057540040040;100mN32118E42125;MC;NA;2;40;M;F;4049;NEP
057540040040-4625;057540040040;100mN32118E42125;MC;NA;2;37;M;M;3039;NEP
057540040040-4626;057540040040;100mN32112E42084;MC;NA;2;51;M;F;5064;EMP
057540040040-4626;057540040040;100mN32112E42084;MC;NA;2;48;M;M;4049;NEP
057540040040-4627;057540040040;100mN32112E42084;S;NA;1;21;M;M;1824;EMP
057540040040-4628;057540040040;100mN32111E42122;NA;MIX;2;47;M;M;4049;EMP
057540040040-4628;057540040040;100mN32111E42122;NA;MIX;2;40;S;F;4049;EMP
057540040040-4629;057540040040;100mN32112E42126;S;OS;1;82;W;F;75XX;NEP
057540040040-4630;057540040040;100mN32112E42126;MC;NA;4;48;M;M;4049;EMP
057540040040-4630;057540040040;100mN32112E42126;MC;NA;4;18;M;F;1824;NEP
057540040040-4630;057540040040;100mN32112E42126;MC;NA;4;10;S;M;0614;NEP
057540040040-4630;057540040040;100mN32112E42126;MC;NA;4;10;S;M;0614;NEP
057540040040-4631;057540040040;100mN32112E42126;MC;NA;3;46;M;M;4049;EMP
057540040040-4631;057540040040;100mN32112E42126;MC;NA;3;41;M;F;4049;NEP
057540040040-4631;057540040040;100mN32112E42126;MC;NA;3;15;S;M;1517;NEP
057540040040-4632;057540040040;100mN32105E42083;MC;NA;4;34;M;M;3039;EMP
057540040040-4632;057540040040;100mN32105E42083;MC;NA;4;31;M;F;3039;EMP
057540040040-4632;057540040040;100mN32105E42083;MC;NA;4;19;M;F;1824;EMP
057540040040-4632;057540040040;100mN32105E42083;MC;NA;4;18;S;M;1824;EMP
057540040040-4633;057540040040;100mN32105E42083;MC;MIX;2;75;M;F;75XX;EMP
057540040040-4633;057540040040;100mN32105E42083;MC;MIX;2;34;W;M;3039;NEP
057540040040-4634;057540040040;100mN32105E42083;MC;OS;2;66;M;F;6574;EMP
057540040040-4634;057540040040;100mN32105E42083;MC;OS;2;73;M;M;6574;EMP
057540040040-4635;057540040040;100mN32096E42134;S;NA;1;86;W;F;75XX;EMP
057540040040-4636;057540040040;100mN32128E42071;S;OS;1;60;W;F;5064;NEP
057540040040-4637;057540040040;100mN32121E42117;MC;NA;3;44;M;M;4049;NEP
057540040040-4637;057540040040;100mN32121E42117;MC;NA;3;42;M;F;4049;NEP
057540040040-4637;057540040040;100mN32121E42117;MC;NA;3;15;S;F;1517;NEP
057540040040-4638;057540040040;100mN32096E42136;NA;NA;2;23;M;M;1824;NEP
057540040040-4638;057540040040;100mN32096E42136;NA;NA;2;45;M;M;4049;EMP
057540040040-4639;057540040040;100mN32130E42138;MC;MIX;2;68;M;F;6574;NEP
057540040040-4639;057540040040;100mN32130E42138;MC;MIX;2;69;M;M;6574;EMP
057540040040-4640;057540040040;100mN32134E42121;S;NA;1;58;M;M;5064;EMP
057540040040-4641;057540040040;100mN32116E42125;SF;NA;4;43;S;F;4049;EMP
057540040040-4641;057540040040;100mN32116E42125;SF;NA;4;16;S;F;1517;EMP
057540040040-4641;057540040040;100mN32116E42125;SF;NA;4;25;M;F;2529;EMP
057540040040-4641;057540040040;100mN32116E42125;SF;NA;4;9;S;F;0614;NEP
057540040040-4642;057540040040;100mN32116E42125;SF;NA;2;65;D;F;6574;EMP
057540040040-4642;057540040040;100mN32116E42125;SF;NA;2;8;S;M;0614;NEP
057540040040-4643;057540040040;100mN32116E42125;MC;NA;2;42;M;F;4049;NEP
057540040040-4643;057540040040;100mN32116E42125;MC;NA;2;48;M;M;4049;EMP
057540040040-4644;057540040040;100mN32116E42125;MC;NA;2;51;M;F;5064;NEP
057540040040-4644;057540040040;100mN32116E42125;MC;NA;2;59;M;M;5064;EMP
057540040040-4645;057540040040;100mN32116E42125;S;NA;1;63;M;F;5064;NEP
057540040040-4646;057540040040;100mN32115E42127;S;NA;1;47;W;F;4049;EMP
057540040040-4647;057540040040;100mN32114E42123;SF;NA;4;60;S;F;5064;NEP
057540040040-4647;057540040040;100mN32114E42123;SF;NA;4;32;M;F;3039;EMP
057540040040-4647;057540040040;100mN32114E42123;SF;NA;4;44;M;M;4049;EMP
057540040040-4647;057540040040;100mN32114E42123;SF;NA;4;28;S;M;2529;EMP
057540040040-4648;057540040040;100mN32118E42125;MC;NA;3;37;M;M;3039;NEP
057540040040-4648;057540040040;100mN32118E42125;MC;NA;3;37;M;F;3039;EMP
057540040040-4648;057540040040;100mN32118E42125;MC;NA;3;15;S;F;1517;EMP
057540040040-4649;057540040040;100mN32114E42123;MC;NA;3;60;M;M;5064;EMP
057540040040-4649;057540040040;100mN32114E42123;MC;NA;3;54;M;F;5064;NEP
057540040040-4649;057540040040;100mN32114E42123;MC;NA;3;13;S;F;0614;NEP
057540040040-4650;057540040040;100mN32104E42130;SF;NA;3;56;W;F;5064;EMP
057540040040-4650;057540040040;100mN32104E42130;SF;NA;3;25;S;M;2529;NEP
057540040040-4650;057540040040;100mN32104E42130;SF;NA;3;6;S;F;0614;NEP
057540040040-4651;057540040040;100mN32101E42072;MC;NA;4;42;M;F;4049;EMP
057540040040-4651;057540040040;100mN32101E42072;MC;NA;4;43;M;M;4049;EMP
057540040040-4651;057540040040;100mN32101E42072;MC;NA;4;3;S;M;0305;NEP
057540040040-4651;057540040040;100mN32101E42072;MC;NA;4;4;S;M;0305;NEP
057540040040-4652;057540040040;100mN32117E42133;MC;NA;2;44;M;M;4049;EMP
057540040040-4652;057540040040;100mN32117E42133;MC;NA;2;42;M;F;4049;NEP
057540040040-4653;057540040040;100mN32114E42123;MC;NA;3;43;M;F;4049;NEP
057540040040-4653;057540040040;100mN32114E42123;MC;NA;3;50;M;M;5064;EMP
057540040040-4653;057540040040;100mN32114E42123;MC;NA;3;8;S;M;0614;NEP
057540040040-4654;057540040040;100mN32124E42146;MC;NA;4;47;M;M;4049;EMP
057540040040-4654;057540040040;100mN32124E42146;MC;NA;4;40;M;F;4049;EMP
057540040040-4654;057540040040;100mN32124E42146;MC;NA;4;15;S;F;1517;EMP
057540040040-4654;057540040040;100mN32124E42146;MC;NA;4;30;S;F;3039;UEP
057540040040-4655;057540040040;100mN32114E42123;MC;NA;2;62;M;M;5064;EMP
057540040040-4655;057540040040;100mN32114E42123;MC;NA;2;52;M;M;5064;NEP
057540040040-4656;057540040040;100mN32132E42135;MC;OS;3;65;M;M;6574;NEP
057540040040-4656;057540040040;100mN32132E42135;MC;OS;3;68;M;F;6574;EMP
057540040040-4656;057540040040;100mN32132E42135;MC;OS;3;79;W;M;75XX;EMP
057540040040-4657;057540040040;100mN32112E42122;S;NA;1;19;M;M;1824;NEP
057540040040-4658;057540040040;100mN32101E42072;MC;NA;2;46;M;M;4049;EMP
057540040040-4658;057540040040;100mN32101E42072;MC;NA;2;40;M;F;4049;EMP
057540040040-4659;057540040040;100mN32114E42123;MC;OS;2;69;M;M;6574;NEP
057540040040-4659;057540040040;100mN32114E42123;MC;OS;2;77;M;F;75XX;EMP
057540040040-4660;057540040040;100mN32114E42123;PO;NA;2;52;S;M;5064;NEP
057540040040-4660;057540040040;100mN32114E42123;PO;NA;2;43;S;M;4049;EMP
057540040040-4661;057540040040;100mN32114E42125;SM;NA;2;51;D;M;5064;EMP
057540040040-4661;057540040040;100mN32114E42125;SM;NA;2;6;S;M;0614;NEP
057540040040-4662;057540040040;100mN32114E42123;S;NA;1;65;M;M;6574;EMP
057540040040-4663;057540040040;100mN32114E42123;MC;NA;2;63;M;F;5064;NEP
057540040040-4663;057540040040;100mN32114E42123;MC;NA;2;19;S;F;1824;UEP
057540040040-4664;057540040040;100mN32114E42123;MC;NA;3;57;M;M;5064;EMP
057540040040-4664;057540040040;100mN32114E42123;MC;NA;3;54;M;F;5064;NEP
057540040040-4664;057540040040;100mN32114E42123;MC;NA;3;2;S;F;0003;NEP
057540040040-4665;057540040040;100mN32112E42121;MC;NA;4;44;M;F;4049;NEP
057540040040-4665;057540040040;100mN32112E42121;MC;NA;4;52;M;M;5064;EMP
057540040040-4665;057540040040;100mN32112E42121;MC;NA;4;23;W;M;1824;EMP
057540040040-4665;057540040040;100mN32112E42121;MC;NA;4;15;S;M;1517;EMP
057540040040-4666;057540040040;100mN32114E42123;MC;NA;4;51;M;F;5064;NEP
057540040040-4666;057540040040;100mN32114E42123;MC;NA;4;53;M;M;5064;NEP
057540040040-4666;057540040040;100mN32114E42123;MC;NA;4;15;S;F;1517;EMP
057540040040-4666;057540040040;100mN32114E42123;MC;NA;4;20;D;F;1824;EMP
057540040040-4667;057540040040;100mN32114E42123;MC;NA;3;33;M;M;3039;EMP
057540040040-4667;057540040040;100mN32114E42123;MC;NA;3;34;M;F;3039;EMP
057540040040-4667;057540040040;100mN32114E42123;MC;NA;3;2;S;M;0003;NEP
057540040040-4668;057540040040;100mN32134E42127;MC;NA;4;44;M;M;4049;EMP
057540040040-4668;057540040040;100mN32134E42127;MC;NA;4;42;M;F;4049;EMP
057540040040-4668;057540040040;100mN32134E42127;MC;NA;4;7;S;F;0614;NEP
057540040040-4668;057540040040;100mN32134E42127;MC;NA;4;6;S;M;0614;NEP
057540040040-4669;057540040040;100mN32114E42124;S;NA;1;30;M;F;3039;NEP
057540040040-4670;057540040040;100mN32114E42124;MC;NA;4;36;M;F;3039;NEP
057540040040-4670;057540040040;100mN32114E42124;MC;NA;4;38;M;M;3039;EMP
057540040040-4670;057540040040;100mN32114E42124;MC;NA;4;3;S;M;0305;NEP
057540040040-4670;057540040040;100mN32114E42124;MC;NA;4;10;S;F;0614;NEP
057540040040-4671;057540040040;100mN32114E42124;S;NA;1;51;M;F;5064;EMP
057540040040-4672;057540040040;100mN32114E42124;MC;NA;3;55;M;F;5064;EMP
057540040040-4672;057540040040;100mN32114E42124;MC;NA;3;63;M;M;5064;EMP
057540040040-4672;057540040040;100mN32114E42124;MC;NA;3;25;D;M;2529;NEP
057540040040-4673;057540040040;100mN32114E42124;MC;NA;2;46;M;F;4049;EMP
057540040040-4673;057540040040;100mN32114E42124;MC;NA;2;54;M;M;5064;NEP
057540040040-4674;057540040040;100mN32114E42124;S;NA;1;37;M;M;3039;NEP
057540040040-4675;057540040040;100mN32114E42124;MC;NA;3;59;M;M;5064;EMP
057540040040-4675;057540040040;100mN32114E42124;MC;NA;3;41;M;F;4049;NEP
057540040040-4675;057540040040;100mN32114E42124;MC;NA;3;10;S;F;0614;NEP
057540040040-4676;057540040040;100mN32114E42124;SF;NA;5;22;D;F;1824;EMP
057540040040-4676;057540040040;100mN32114E42124;SF;NA;5;0;S;F;0003;NEP
057540040040-4676;057540040040;100mN32114E42124;SF;NA;5;3;S;F;0305;NEP
057540040040-4676;057540040040;100mN32114E42124;SF;NA;5;7;S;M;0614;NEP
057540040040-4676;057540040040;100mN32114E42124;SF;NA;5;3;S;F;0305;NEP
057540040040-4677;057540040040;100mN32114E42124;PO;NA;3;50;S;F;5064;EMP
057540040040-4677;057540040040;100mN32114E42124;PO;NA;3;55;S;F;5064;NEP
057540040040-4677;057540040040;100mN32114E42124;PO;NA;3;4;S;F;0305;NEP
057540040040-4678;057540040040;100mN32114E42124;MC;NA;2;37;M;M;3039;EMP
057540040040-4678;057540040040;100mN32114E42124;MC;NA;2;36;M;F;3039;EMP
057540040040-4679;057540040040;100mN32114E42124;S;NA;1;45;S;F;4049;NEP
057540040040-4680;057540040040;100mN32118E42125;S;NA;1;57;S;M;5064;NEP
057540040040-4681;057540040040;100mN32114E42124;NA;NA;6;69;M;M;6574;EMP
057540040040-4681;057540040040;100mN32114E42124;NA;NA;6;58;S;M;5064;NEP
057540040040-4681;057540040040;100mN32114E42124;NA;NA;6;47;M;F;4049;EMP
057540040040-4681;057540040040;100mN32114E42124;NA;NA;6;57;M;F;5064;EMP
057540040040-4681;057540040040;100mN32114E42124;NA;NA;6;37;M;M;3039;NEP
057540040040-4681;057540040040;100mN32114E42124;NA;NA;6;50;S;M;5064;EMP
057540040040-4682;057540040040;100mN32127E42138;MC;NA;5;40;M;F;4049;EMP
057540040040-4682;057540040040;100mN32127E42138;MC;NA;5;46;M;M;4049;EMP
057540040040-4682;057540040040;100mN32127E42138;MC;NA;5;3;S;F;0305;NEP
057540040040-4682;057540040040;100mN32127E42138;MC;NA;5;18;M;F;1824;NEP
057540040040-4682;057540040040;100mN32127E42138;MC;NA;5;7;S;M;0614;NEP
057540040040-4683;057540040040;100mN32114E42124;MC;OS;2;69;M;M;6574;EMP
057540040040-4683;057540040040;100mN32114E42124;MC;OS;2;82;M;F;75XX;EMP
057540040040-4684;057540040040;100mN32114E42124;S;NA;1;45;S;M;4049;EMP
057540040040-4685;057540040040;100mN32114E42124;MC;NA;2;36;M;F;3039;EMP
057540040040-4685;057540040040;100mN32114E42124;MC;NA;2;37;M;M;3039;EMP
057540040040-4686;057540040040;100mN32116E42131;MC;OS;2;71;M;M;6574;NEP
057540040040-4686;057540040040;100mN32116E42131;MC;OS;2;66;M;F;6574;EMP
057540040040-4687;057540040040;100mN32127E42136;SF;NA;2;46;W;F;4049;EMP
057540040040-4687;057540040040;100mN32127E42136;SF;NA;2;16;S;M;1517;NEP
057540040040-4688;057540040040;100mN32114E42124;S;OS;1;25;S;M;2529;EMP
057540040040-4689;057540040040;100mN32111E42123;S;NA;1;31;W;F;3039;EMP
057540040040-4690;057540040040;100mN32114E42124;S;NA;1;56;S;M;5064;EMP
057540040040-4691;057540040040;100mN32116E42124;MC;NA;4;44;M;M;4049;EMP
057540040040-4691;057540040040;100mN32116E42124;MC;NA;4;35;M;F;3039;EMP
057540040040-4691;057540040040;100mN32116E42124;MC;NA;4;12;S;M;0614;NEP
057540040040-4691;057540040040;100mN32116E42124;MC;NA;4;16;S;F;1517;NEP
057540040040-4692;057540040040;100mN32114E42126;S;NA;1;83;S;M;75XX;NEP
057540040040-4693;057540040040;100mN32114E42124;MC;MIX;2;70;M;M;6574;EMP
057540040040-4693;057540040040;100mN32114E42124;MC;MIX;2;52;D;F;5064;NEP
057540040040-4694;057540040040;100mN32114E42124;MC;NA;4;63;M;M;5064;EMP
057540040040-4694;057540040040;100mN32114E42124;MC;NA;4;60;M;F;5064;NEP
057540040040-4694;057540040040;100mN32114E42124;MC;NA;4;8;S;M;0614;NEP
057540040040-4694;057540040040;100mN32114E42124;MC;NA;4;0;S;M;0003;NEP
057540040040-4695;057540040040;100mN32114E42124;NA;OS;3;36;M;M;3039;EMP
057540040040-4695;057540040040;100mN32114E42124;NA;OS;3;59;W;F;5064;NEP
057540040040-4695;057540040040;100mN32114E42124;NA;OS;3;25;S;M;2529;EMP
057540040040-4696;057540040040;100mN32141E42117;MC;OS;4;67;M;M;6574;EMP
057540040040-4696;057540040040;100mN32141E42117;MC;OS;4;65;M;F;6574;NEP
057540040040-4696;057540040040;100mN32141E42117;MC;OS;4;87;W;F;75XX;NEP
057540040040-4696;057540040040;100mN32141E42117;MC;OS;4;66;S;M;6574;EMP
057540040040-4697;057540040040;100mN32137E42120;MC;NA;4;46;M;M;4049;NEP
057540040040-4697;057540040040;100mN32137E42120;MC;NA;4;44;M;F;4049;EMP
057540040040-4697;057540040040;100mN32137E42120;MC;NA;4;15;S;F;1517;UEP
057540040040-4697;057540040040;100mN32137E42120;MC;NA;4;31;M;M;3039;NEP
057540040040-4698;057540040040;100mN32131E42134;S;NA;1;60;M;F;5064;EMP
057540040040-4699;057540040040;100mN32118E42124;SF;NA;4;42;D;F;4049;NEP
057540040040-4699;057540040040;100mN32118E42124;SF;NA;4;6;S;F;0614;NEP
057540040040-4699;057540040040;100mN32118E42124;SF;NA;4;13;S;M;0614;NEP
057540040040-4699;057540040040;100mN32118E42124;SF;NA;4;0;S;F;0003;NEP
057540040040-4700;057540040040;100mN32114E42126;MC;NA;3;43;M;F;4049;UEP
057540040040-4700;057540040040;100mN32114E42126;MC;NA;3;47;M;M;4049;EMP
057540040040-4700;057540040040;100mN32114E42126;MC;NA;3;1;S;M;0003;NEP
057540040040-4701;057540040040;100mN32107E42053;S;OS;1;61;S;M;5064;EMP
057540040040-4702;057540040040;100mN32113E42144;S;NA;1;26;M;M;2529;EMP
057540040040-4703;057540040040;100mN32141E42116;MC;NA;2;41;M;M;4049;NEP
057540040040-4703;057540040040;100mN32141E42116;MC;NA;2;40;M;F;4049;EMP
057540040040-4704;057540040040;100mN32141E42116;MC;MIX;2;84;M;F;75XX;NEP
057540040040-4704;057540040040;100mN32141E42116;MC;MIX;2;32;M;M;3039;EMP
057540040040-4705;057540040040;100mN32127E42141;SM;MIX;2;69;W;M;6574;EMP
057540040040-4705;057540040040;100mN32127E42141;SM;MIX;2;28;M;F;2529;NEP
057540040040-4706;057540040040;100mN32141E42116;MC;NA;5;47;M;F;4049;NEP
057540040040-4706;057540040040;100mN32141E42116;MC;NA;5;52;M;M;5064;EMP
057540040040-4706;057540040040;100mN32141E42116;MC;NA;5;3;S;F;0305;NEP
057540040040-4706;057540040040;100mN32141E42116;MC;NA;5;4;S;M;0305;NEP
057540040040-4706;057540040040;100mN32141E42116;MC;NA;5;9;S;F;0614;NEP
057540040040-4707;057540040040;100mN32141E42116;MC;NA;4;22;M;F;1824;NEP
057540040040-4707;057540040040;100mN32141E42116;MC;NA;4;21;M;M;1824;NEP
057540040040-4707;057540040040;100mN32141E42116;MC;NA;4;3;S;F;0305;NEP
057540040040-4707;057540040040;100mN32141E42116;MC;NA;4;7;S;F;0614;NEP
057540040040-4708;057540040040;100mN32127E42145;S;NA;1;44;M;F;4049;NEP
057540040040-4709;057540040040;100mN32141E42116;S;NA;1;53;D;M;5064;EMP
057540040040-4710;057540040040;100mN32126E42135;MC;NA;4;52;M;F;5064;NEP
057540040040-4710;057540040040;100mN32126E42135;MC;NA;4;61;M;M;5064;EMP
057540040040-4710;057540040040;100mN32126E42135;MC;NA;4;2;S;F;0003;NEP
057540040040-4710;057540040040;100mN32126E42135;MC;NA;4;10;S;F;0614;NEP
057540040040-4711;057540040040;100mN32141E42116;MC;OS;3;78;M;M;75XX;NEP
057540040040-4711;057540040040;100mN32141E42116;MC;OS;3;78;M;F;75XX;EMP
057540040040-4711;057540040040;100mN32141E42116;MC;OS;3;71;M;M;6574;NEP
057540040040-4712;057540040040;100mN32141E42116;MC;MIX;2;68;M;F;6574;EMP
057540040040-4712;057540040040;100mN32141E42116;MC;MIX;2;42;S;M;4049;EMP
057540040040-4713;057540040040;100mN32141E42116;S;NA;1;61;D;M;5064;EMP
057540040040-4714;057540040040;100mN32141E42116;S;NA;1;19;M;M;1824;NEP
057540040040-4715;057540040040;100mN32141E42116;S;NA;1;42;W;F;4049;EMP
057540040040-4716;057540040040;100mN32141E42116;MC;NA;4;37;M;F;3039;NEP
057540040040-4716;057540040040;100mN32141E42116;MC;NA;4;40;M;M;4049;EMP
057540040040-4716;057540040040;100mN32141E42116;MC;NA;4;7;S;F;0614;NEP
057540040040-4716;057540040040;100mN32141E42116;MC;NA;4;6;S;M;0614;NEP
057540040040-4717;057540040040;100mN32127E42136;S;OS;1;21;S;M;1824;EMP
057540040040-4718;057540040040;100mN32141E42116;PO;NA;3;47;S;F;4049;NEP
057540040040-4718;057540040040;100mN32141E42116;PO;NA;3;48;S;F;4049;EMP
057540040040-4718;057540040040;100mN32141E42116;PO;NA;3;13;S;M;0614;NEP
057540040040-4719;057540040040;100mN32112E42110;PO;NA;4;52;S;F;5064;UEP
057540040040-4719;057540040040;100mN32112E42110;PO;NA;4;59;S;M;5064;NEP
057540040040-4719;057540040040;100mN32112E42110;PO;NA;4;31;M;M;3039;EMP
057540040040-4719;057540040040;100mN32112E42110;PO;NA;4;3;S;F;0305;NEP
057540040040-4720;057540040040;100mN32118E42113;MC;NA;3;41;M;F;4049;EMP
057540040040-4720;057540040040;100mN32118E42113;MC;NA;3;42;M;M;4049;EMP
057540040040-4720;057540040040;100mN32118E42113;MC;NA;3;13;S;M;0614;NEP
057540040040-4721;057540040040;100mN32126E42122;MC;OS;2;66;M;M;6574;EMP
057540040040-4721;057540040040;100mN32126E42122;MC;OS;2;77;M;F;75XX;EMP
057540040040-4722;057540040040;100mN32118E42113;S;OS;1;43;S;F;4049;EMP
057540040040-4723;057540040040;100mN32118E42113;MC;NA;3;51;M;M;5064;EMP
057540040040-4723;057540040040;100mN32118E42113;MC;NA;3;42;M;F;4049;EMP
057540040040-4723;057540040040;100mN32118E42113;MC;NA;3;12;S;F;0614;NEP
057540040040-4724;057540040040;100mN32127E42143;S;NA;1;16;S;M;1517;EMP
057540040040-4725;057540040040;100mN32139E42117;MC;NA;3;62;M;M;5064;EMP
057540040040-4725;057540040040;100mN32139E42117;MC;NA;3;59;M;F;5064;EMP
057540040040-4725;057540040040;100mN32139E42117;MC;NA;3;3;S;F;0305;NEP
057540040040-4726;057540040040;100mN32118E42113;S;NA;1;38;S;M;3039;EMP
057540040040-4727;057540040040;100mN32144E42117;S;NA;1;43;M;M;4049;EMP
057540040040-4728;057540040040;100mN32118E42113;MC;OS;3;71;M;F;6574;UEP
057540040040-4728;057540040040;100mN32118E42113;MC;OS;3;73;M;M;6574;EMP
057540040040-4728;057540040040;100mN32118E42113;MC;OS;3;69;M;M;6574;NEP
057540040040-4729;057540040040;100mN32118E42113;S;NA;1;20;M;M;1824;EMP
057540040040-4730;057540040040;100mN32134E42121;PO;NA;3;47;S;M;4049;EMP
057540040040-4730;057540040040;100mN32134E42121;PO;NA;3;18;S;F;1824;EMP
057540040040-4730;057540040040;100mN32134E42121;PO;NA;3;18;W;F;1824;NEP
057540040040-4731;057540040040;100mN32118E42113;MC;MIX;3;65;D;M;6574;EMP
057540040040-4731;057540040040;100mN32118E42113;MC;MIX;3;56;M;M;5064;NEP
057540040040-4731;057540040040;100mN32118E42113;MC;MIX;3;55;M;F;5064;EMP
057540040040-4732;057540040040;100mN32118E42123;MC;OS;3;85;M;F;75XX;EMP
057540040040-4732;057540040040;100mN32118E42123;MC;OS;3;85;M;M;75XX;EMP
057540040040-4732;057540040040;100mN32118E42123;MC;OS;3;69;M;M;6574;EMP
057540040040-4733;057540040040;100mN32118E42113;MC;NA;5;31;M;F;3039;NEP
057540040040-4733;057540040040;100mN32118E42113;MC;NA;5;18;M;M;1824;EMP
057540040040-4733;057540040040;100mN32118E42113;MC;NA;5;0;S;M;0003;NEP
057540040040-4733;057540040040;100mN32118E42113;MC;NA;5;7;S;F;0614;NEP
057540040040-4733;057540040040;100mN32118E42113;MC;NA;5;8;S;F;0614;NEP
057540040040-4734;057540040040;100mN32118E42113;MC;NA;2;23;M;M;1824;EMP
057540040040-4734;057540040040;100mN32118E42113;MC;NA;2;18;M;F;1824;EMP
057540040040-4735;057540040040;100mN32118E42113;NA;MIX;2;37;S;M;3039;EMP
057540040040-4735;057540040040;100mN32118E42113;NA;MIX;2;84;M;F;75XX;NEP
057540040040-4736;057540040040;100mN32137E42119;SF;NA;2;66;D;F;6574;NEP
057540040040-4736;057540040040;100mN32137E42119;SF;NA;2;16;S;F;1517;EMP
057540040040-4737;057540040040;100mN32100E42138;MC;NA;2;37;M;M;3039;EMP
057540040040-4737;057540040040;100mN32100E42138;MC;NA;2;35;M;F;3039;UEP
057540040040-4738;057540040040;100mN32100E42138;PO;NA;2;42;S;M;4049;NEP
057540040040-4738;057540040040;100mN32100E42138;PO;NA;2;41;S;M;4049;EMP
057540040040-4739;057540040040;100mN32137E42120;S;NA;1;88;D;F;75XX;EMP
057540040040-4740;057540040040;100mN32109E42144;PO;OS;2;73;S;M;6574;EMP
057540040040-4740;057540040040;100mN32109E42144;PO;OS;2;73;S;F;6574;EMP
057540040040-4741;057540040040;100mN32141E42120;MC;NA;4;38;M;M;3039;EMP
057540040040-4741;057540040040;100mN32141E42120;MC;NA;4;36;M;F;3039;NEP
057540040040-4741;057540040040;100mN32141E42120;MC;NA;4;15;S;M;1517;EMP
057540040040-4741;057540040040;100mN32141E42120;MC;NA;4;9;S;F;0614;NEP
057540040040-4742;057540040040;100mN32131E42131;MC;NA;5;45;M;M;4049;EMP
057540040040-4742;057540040040;100mN32131E42131;MC;NA;5;44;M;F;4049;EMP
057540040040-4742;057540040040;100mN32131E42131;MC;NA;5;6;S;M;0614;NEP
057540040040-4742;057540040040;100mN32131E42131;MC;NA;5;7;S;M;0614;NEP
057540040040-4742;057540040040;100mN32131E42131;MC;NA;5;23;D;F;1824;EMP
057540040040-4743;057540040040;100mN32101E42072;S;NA;1;71;W;F;6574;EMP
057540040040-4744;057540040040;100mN32136E42132;MC;NA;3;55;M;M;5064;EMP
057540040040-4744;057540040040;100mN32136E42132;MC;NA;3;51;M;F;5064;EMP
057540040040-4744;057540040040;100mN32136E42132;MC;NA;3;13;S;M;0614;NEP
057540040040-4745;057540040040;100mN32109E42144;MC;OS;3;75;M;F;75XX;NEP
057540040040-4745;057540040040;100mN32109E42144;MC;OS;3;72;M;M;6574;EMP
057540040040-4745;057540040040;100mN32109E42144;MC;OS;3;75;M;M;75XX;NEP
057540040040-4746;057540040040;100mN32115E42118;MC;OS;4;65;M;F;6574;EMP
057540040040-4746;057540040040;100mN32115E42118;MC;OS;4;67;M;M;6574;NEP
057540040040-4746;057540040040;100mN32115E42118;MC;OS;4;89;W;F;75XX;EMP
057540040040-4746;057540040040;100mN32115E42118;MC;OS;4;65;M;F;6574;EMP
057540040040-4747;057540040040;100mN32115E42118;S;NA;1;77;M;F;75XX;UEP
057540040040-4748;057540040040;100mN32115E42118;S;OS;1;50;M;M;5064;EMP
057540040040-4749;057540040040;100mN32090E42059;S;NA;1;18;S;M;1824;EMP
057540040040-4750;057540040040;100mN32090E42059;S;NA;1;34;M;F;3039;NEP
057540040040-4751;057540040040;100mN32120E42131;MC;NA;3;52;M;F;5064;UEP
057540040040-4751;057540040040;100mN32120E42131;MC;NA;3;50;M;M;5064;EMP
057540040040-4751;057540040040;100mN32120E42131;MC;NA;3;3;S;F;0305;NEP
057540040040-4752;057540040040;100mN32090E42111;S;NA;1;21;M;M;1824;NEP
057540040040-4753;057540040040;100mN32129E42115;MC;NA;2;61;M;M;5064;NEP
057540040040-4753;057540040040;100mN32129E42115;MC;NA;2;60;M;F;5064;NEP
057540040040-4754;057540040040;100mN32118E42127;MC;NA;2;34;M;M;3039;NEP
057540040040-4754;057540040040;100mN32118E42127;MC;NA;2;40;M;F;4049;NEP
057540040040-4755;057540040040;100mN32117E42123;MC;NA;5;57;M;F;5064;NEP
057540040040-4755;057540040040;100mN32117E42123;MC;NA;5;55;M;M;5064;EMP
057540040040-4755;057540040040;100mN32117E42123;MC;NA;5;3;S;F;0305;NEP
057540040040-4755;057540040040;100mN32117E42123;MC;NA;5;16;S;F;1517;EMP
057540040040-4755;057540040040;100mN32117E42123;MC;NA;5;3;S;M;0305;NEP
057540040040-4756;057540040040;100mN32124E42115;S;NA;1;46;D;F;4049;EMP
057540040040-4757;057540040040;100mN32085E42127;MC;NA;2;43;M;F;4049;EMP
057540040040-4757;057540040040;100mN32085E42127;MC;NA;2;57;M;M;5064;NEP
057540040040-4758;057540040040;100mN32093E42131;S;OS;1;40;M;M;4049;EMP
057540040040-4759;057540040040;100mN32156E42126;S;OS;1;59;M;F;5064;NEP
057540040040-4760;057540040040;100mN32156E42126;MC;NA;2;35;M;F;3039;EMP
057540040040-4760;057540040040;100mN32156E42126;MC;NA;2;42;M;M;4049;EMP
057540040040-4761;057540040040;100mN32156E42126;S;NA;1;71;S;F;6574;EMP
057540040040-4762;057540040040;100mN32123E42123;MC;MIX;4;68;S;F;6574;NEP
057540040040-4762;057540040040;100mN32123E42123;MC;MIX;4;18;M;F;1824;EMP
057540040040-4762;057540040040;100mN32123E42123;MC;MIX;4;21;M;M;1824;EMP
057540040040-4762;057540040040;100mN32123E42123;MC;MIX;4;0;S;M;0003;NEP
057540040040-4763;057540040040;100mN32093E42074;S;NA;1;56;S;M;5064;NEP
057540040040-4764;057540040040;100mN32093E42074;S;OS;1;47;M;M;4049;EMP
057540040040-4765;057540040040;100mN32104E42075;S;OS;1;68;W;M;6574;NEP
057540040040-4766;057540040040;100mN32144E42117;S;OS;1;35;S;F;3039;NEP
057540040040-4767;057540040040;100mN32144E42117;S;NA;1;46;W;F;4049;NEP
057540040040-4768;057540040040;100mN32144E42117;S;NA;1;73;S;M;6574;EMP
057540040040-4769;057540040040;100mN32144E42117;MC;OS;5;85;M;F;75XX;EMP
057540040040-4769;057540040040;100mN32144E42117;MC;OS;5;88;M;M;75XX;EMP
057540040040-4769;057540040040;100mN32144E42117;MC;OS;5;84;S;M;75XX;NEP
057540040040-4769;057540040040;100mN32144E42117;MC;OS;5;89;M;M;75XX;EMP
057540040040-4769;057540040040;100mN32144E42117;MC;OS;5;83;W;F;75XX;EMP
057540040040-4770;057540040040;100mN32144E42117;SM;NA;2;23;S;M;1824;NEP
057540040040-4770;057540040040;100mN32144E42117;SM;NA;2;6;S;F;0614;NEP
057540040040-4771;057540040040;100mN32144E42117;MC;NA;4;52;M;F;5064;EMP
057540040040-4771;057540040040;100mN32144E42117;MC;NA;4;53;M;M;5064;NEP
057540040040-4771;057540040040;100mN32144E42117;MC;NA;4;2;S;F;0003;NEP
057540040040-4771;057540040040;100mN32144E42117;MC;NA;4;12;S;M;0614;NEP
057540040040-4772;057540040040;100mN32144E42117;MC;NA;6;57;M;M;5064;NEP
057540040040-4772;057540040040;100mN32144E42117;MC;NA;6;55;M;F;5064;EMP
057540040040-4772;057540040040;100mN32144E42117;MC;NA;6;11;S;M;0614;NEP
057540040040-4772;057540040040;100mN32144E42117;MC;NA;6;13;S;M;0614;NEP
057540040040-4772;057540040040;100mN32144E42117;MC;NA;6;16;S;F;1517;NEP
057540040040-4772;057540040040;100mN32144E42117;MC;NA;6;10;S;F;0614;NEP
057540040040-4773;057540040040;100mN32144E42117;S;NA;1;43;M;M;4049;EMP
057540040040-4774;057540040040;100mN32114E42125;SF;NA;4;36;S;F;3039;NEP
057540040040-4774;057540040040;100mN32114E42125;SF;NA;4;3;S;M;0305;NEP
057540040040-4774;057540040040;100mN32114E42125;SF;NA;4;11;S;F;0614;NEP
057540040040-4774;057540040040;100mN32114E42125;SF;NA;4;16;S;F;1517;EMP
057540040040-4775;057540040040;100mN32144E42117;S;NA;1;18;S;F;1824;EMP
057540040040-4776;057540040040;100mN32144E42117;MC;NA;2;59;M;M;5064;EMP
057540040040-4776;057540040040;100mN32144E42117;MC;NA;2;55;M;F;5064;EMP
057540040040-4777;057540040040;100mN32144E42117;MC;NA;2;41;M;F;4049;EMP
057540040040-4777;057540040040;100mN32144E42117;MC;NA;2;42;M;M;4049;NEP
057540040040-4778;057540040040;100mN32126E42076;S;NA;1;43;M;F;4049;EMP
057540040040-4779;057540040040;100mN32144E42117;S;NA;1;61;S;F;5064;EMP
057540040040-4780;057540040040;100mN32126E42144;MC;NA;2;42;M;M;4049;EMP
057540040040-4780;057540040040;100mN32126E42144;MC;NA;2;33;M;F;3039;NEP
057540040040-4781;057540040040;100mN32117E42113;MC;NA;2;22;M;F;1824;EMP
057540040040-4781;057540040040;100mN32117E42113;MC;NA;2;26;M;M;2529;EMP
057540040040-4782;057540040040;100mN32086E42068;MC;NA;2;60;M;F;5064;EMP
057540040040-4782;057540040040;100mN32086E42068;MC;NA;2;16;S;M;1517;EMP
057540040040-4783;057540040040;100mN32144E42117;MC;OS;4;72;M;M;6574;NEP
057540040040-4783;057540040040;100mN32144E42117;MC;OS;4;69;M;F;6574;UEP
057540040040-4783;057540040040;100mN32144E42117;MC;OS;4;73;S;M;6574;EMP
057540040040-4783;057540040040;100mN32144E42117;MC;OS;4;65;D;F;6574;NEP
057540040040-4784;057540040040;100mN32144E42117;MC;NA;2;45;M;M;4049;EMP
057540040040-4784;057540040040;100mN32144E42117;MC;NA;2;44;M;F;4049;EMP
057540040040-4785;057540040040;100mN32124E42113;S;NA;1;43;W;F;4049;NEP
057540040040-4786;057540040040;100mN32114E42126;S;NA;1;31;S;F;3039;NEP
057540040040-4787;057540040040;100mN32132E42111;S;OS;1;58;W;F;5064;NEP
057540040040-4788;057540040040;100mN32136E42126;S;OS;1;58;M;M;5064;EMP
057540040040-4789;057540040040;100mN32127E42145;MC;NA;3;53;M;F;5064;EMP
057540040040-4789;057540040040;100mN32127E42145;MC;NA;3;54;M;M;5064;EMP
057540040040-4789;057540040040;100mN32127E42145;MC;NA;3;3;S;M;0305;NEP
057540040040-4790;057540040040;100mN32127E42145;S;NA;1;16;S;F;1517;NEP
057540040040-4791;057540040040;100mN32127E42145;S;NA;1;44;M;F;4049;NEP
057540040040-4792;057540040040;100mN32127E42145;MC;OS;4;79;M;F;75XX;NEP
057540040040-4792;057540040040;100mN32127E42145;MC;OS;4;88;M;M;75XX;EMP
057540040040-4792;057540040040;100mN32127E42145;MC;OS;4;85;M;M;75XX;NEP
057540040040-4792;057540040040;100mN32127E42145;MC;OS;4;73;W;M;6574;EMP
057540040040-4793;057540040040;100mN32124E42146;MC;NA;3;38;M;M;3039;NEP
057540040040-4793;057540040040;100mN32124E42146;MC;NA;3;40;M;F;4049;EMP
057540040040-4793;057540040040;100mN32124E42146;MC;NA;3;10;S;M;0614;NEP
057540040040-4794;057540040040;100mN32111E42147;S;NA;1;48;S;M;4049;NEP
057540040040-4795;057540040040;100mN32116E42123;SF;NA;5;48;S;F;4049;NEP
057540040040-4795;057540040040;100mN32116E42123;SF;NA;5;9;S;F;0614;NEP
057540040040-4795;057540040040;100mN32116E42123;SF;NA;5;9;S;M;0614;NEP
057540040040-4795;057540040040;100mN32116E42123;SF;NA;5;7;S;F;0614;NEP
057540040040-4795;057540040040;100mN32116E42123;SF;NA;5;6;S;F;0614;NEP
057540040040-4796;057540040040;100mN32127E42145;PO;NA;2;40;S;M;4049;EMP
057540040040-4796;057540040040;100mN32127E42145;PO;NA;2;37;S;M;3039;NEP
057540040040-4797;057540040040;100mN32118E42129;S;OS;1;45;M;M;4049;EMP
057540040040-4798;057540040040;100mN32127E42145;MC;NA;2;55;M;M;5064;EMP
057540040040-4798;057540040040;100mN32127E42145;MC;NA;2;53;M;F;5064;NEP
057540040040-4799;057540040040;100mN32127E42145;SM;NA;3;37;W;M;3039;EMP
057540040040-4799;057540040040;100mN32127E42145;SM;NA;3;4;S;M;0305;NEP
057540040040-4799;057540040040;100mN32127E42145;SM;NA;3;20;S;M;1824;EMP
057540040040-4800;057540040040;100mN32127E42145;SM;MIX;2;72;D;M;6574;NEP
057540040040-4800;057540040040;100mN32127E42145;SM;MIX;2;32;M;F;3039;NEP
057540040040-4801;057540040040;100mN32127E42145;S;NA;1;16;S;F;1517;NEP
057540040040-4802;057540040040;100mN32127E42145;S;NA;1;70;D;F;6574;UEP
057540040040-4803;057540040040;100mN32124E42065;S;NA;1;43;M;F;4049;EMP
057540040040-4804;057540040040;100mN32124E42145;MC;NA;4;58;M;F;5064;EMP
057540040040-4804;057540040040;100mN32124E42145;MC;NA;4;56;M;M;5064;EMP
057540040040-4804;057540040040;100mN32124E42145;MC;NA;4;30;M;M;3039;EMP
057540040040-4804;057540040040;100mN32124E42145;MC;NA;4;8;S;M;0614;NEP
057540040040-4805;057540040040;100mN32124E42065;MC;NA;3;38;M;F;3039;NEP
057540040040-4805;057540040040;100mN32124E42065;MC;NA;3;46;M;M;4049;NEP
057540040040-4805;057540040040;100mN32124E42065;MC;NA;3;7;S;F;0614;NEP
057540040040-4806;057540040040;100mN32137E42121;NA;MIX;4;51;M;F;5064;NEP
057540040040-4806;057540040040;100mN32137E42121;NA;MIX;4;54;D;F;5064;UEP
057540040040-4806;057540040040;100mN32137E42121;NA;MIX;4;22;M;F;1824;NEP
057540040040-4806;057540040040;100mN32137E42121;NA;MIX;4;40;M;M;4049;EMP
057540040040-4807;057540040040;100mN32125E42118;S;NA;1;18;M;F;1824;EMP
057540040040-4808;057540040040;100mN32125E42118;MC;NA;2;44;M;F;4049;EMP
057540040040-4808;057540040040;100mN32125E42118;MC;NA;2;52;M;M;5064;EMP
057540040040-4809;057540040040;100mN32132E42117;MC;NA;4;52;M;F;5064;EMP
057540040040-4809;057540040040;100mN32132E42117;MC;NA;4;58;M;M;5064;NEP
057540040040-4809;057540040040;100mN32132E42117;MC;NA;4;1;S;M;0003;NEP
057540040040-4809;057540040040;100mN32132E42117;MC;NA;4;13;S;M;0614;NEP
057540040040-4810;057540040040;100mN32114E42127;S;OS;1;50;D;M;5064;NEP
057540040040-4811;057540040040;100mN32140E42118;MC;NA;3;38;M;F;3039;NEP
057540040040-4811;057540040040;100mN32140E42118;MC;NA;3;37;M;M;3039;EMP
057540040040-4811;057540040040;100mN32140E42118;MC;NA;3;16;S;M;1517;NEP
057540040040-4812;057540040040;100mN32113E42127;MC;NA;2;57;M;M;5064;EMP
057540040040-4812;057540040040;100mN32113E42127;MC;NA;2;56;M;F;5064;NEP
057540040040-4813;057540040040;100mN32132E42117;MC;NA;2;54;M;F;5064;NEP
057540040040-4813;057540040040;100mN32132E42117;MC;NA;2;56;M;M;5064;EMP
057540040040-4814;057540040040;100mN32132E42117;S;NA;1;20;M;F;1824;NEP
057540040040-4815;057540040040;100mN32092E42064;SF;NA;3;68;S;F;6574;EMP
057540040040-4815;057540040040;100mN32092E42064;SF;NA;3;40;M;F;4049;EMP
057540040040-4815;057540040040;100mN32092E42064;SF;NA;3;7;S;F;0614;NEP
057540040040-4816;057540040040;100mN32092E42064;S;NA;1;86;M;F;75XX;EMP
057540040040-4817;057540040040;100mN32092E42064;MC;NA;5;31;M;F;3039;EMP
057540040040-4817;057540040040;100mN32092E42064;MC;NA;5;38;M;M;3039;EMP
057540040040-4817;057540040040;100mN32092E42064;MC;NA;5;15;S;F;1517;NEP
057540040040-4817;057540040040;100mN32092E42064;MC;NA;5;10;S;M;0614;NEP
057540040040-4817;057540040040;100mN32092E42064;MC;NA;5;8;S;F;0614;NEP
057540040040-4818;057540040040;100mN32092E42064;S;NA;1;37;M;F;3039;EMP
057540040040-4819;057540040040;100mN32124E42113;S;NA;1;69;W;F;6574;UEP
057540040040-4820;057540040040;100mN32123E42136;S;OS;1;44;W;F;4049;EMP
057540040040-4821;057540040040;100mN32131E42097;S;OS;1;48;M;M;4049;EMP
057540040040-4822;057540040040;100mN32098E42071;SF;NA;2;84;D;F;75XX;EMP
057540040040-4822;057540040040;100mN32098E42071;SF;NA;2;12;S;M;0614;NEP
057540040040-4823;057540040040;100mN32130E42141;S;NA;1;44;M;F;4049;NEP
057540040040-4824;057540040040;100mN32139E42123;S;OS;1;55;W;F;5064;NEP
057540040040-4825;057540040040;100mN32130E42141;SM;NA;5;37;S;M;3039;EMP
057540040040-4825;057540040040;100mN32130E42141;SM;NA;5;15;S;M;1517;EMP
057540040040-4825;057540040040;100mN32130E42141;SM;NA;5;12;S;F;0614;NEP
057540040040-4825;057540040040;100mN32130E42141;SM;NA;5;7;S;F;0614;NEP
057540040040-4825;057540040040;100mN32130E42141;SM;NA;5;3;S;M;0305;NEP
057540040040-4826;057540040040;100mN32117E42130;S;NA;1;47;M;F;4049;EMP
057540040040-4827;057540040040;100mN32117E42130;MC;OS;2;76;M;F;75XX;EMP
057540040040-4827;057540040040;100mN32117E42130;MC;OS;2;78;M;M;75XX;NEP
057540040040-4828;057540040040;100mN32102E42072;MC;OS;5;70;M;M;6574;EMP
057540040040-4828;057540040040;100mN32102E42072;MC;OS;5;68;M;F;6574;EMP
057540040040-4828;057540040040;100mN32102E42072;MC;OS;5;77;S;M;75XX;EMP
057540040040-4828;057540040040;100mN32102E42072;MC;OS;5;68;D;F;6574;NEP
057540040040-4828;057540040040;100mN32102E42072;MC;OS;5;66;M;F;6574;NEP
057540040040-4829;057540040040;100mN32117E42130;MC;NA;5;58;M;M;5064;EMP
057540040040-4829;057540040040;100mN32117E42130;MC;NA;5;50;M;F;5064;EMP
057540040040-4829;057540040040;100mN32117E42130;MC;NA;5;16;S;F;1517;NEP
057540040040-4829;057540040040;100mN32117E42130;MC;NA;5;42;D;M;4049;EMP
057540040040-4829;057540040040;100mN32117E42130;MC;NA;5;16;S;M;1517;NEP
057540040040-4830;057540040040;100mN32117E42130;MC;NA;4;31;M;F;3039;EMP
057540040040-4830;057540040040;100mN32117E42130;MC;NA;4;42;M;M;4049;NEP
057540040040-4830;057540040040;100mN32117E42130;MC;NA;4;2;S;M;0003;NEP
057540040040-4830;057540040040;100mN32117E42130;MC;NA;4;16;S;M;1517;EMP
057540040040-4831;057540040040;100mN32114E42125;S;NA;1;41;S;M;4049;NEP
057540040040-4832;057540040040;100mN32124E42140;S;NA;1;36;S;M;3039;NEP
057540040040-4833;057540040040;100mN32117E42130;S;NA;1;51;M;F;5064;NEP
057540040040-4834;057540040040;100mN32113E42127;MC;NA;4;46;M;F;4049;NEP
057540040040-4834;057540040040;100mN32113E42127;MC;NA;4;48;M;M;4049;EMP
057540040040-4834;057540040040;100mN32113E42127;MC;NA;4;13;S;F;0614;NEP
057540040040-4834;057540040040;100mN32113E42127;MC;NA;4;12;S;F;0614;NEP
057540040040-4835;057540040040;100mN32120E42129;MC;NA;4;62;M;M;5064;EMP
057540040040-4835;057540040040;100mN32120E42129;MC;NA;4;55;M;F;5064;EMP
057540040040-4835;057540040040;100mN32120E42129;MC;NA;4;25;D;F;2529;NEP
057540040040-4835;057540040040;100mN32120E42129;MC;NA;4;7;S;F;0614;NEP
057540040040-4836;057540040040;100mN32107E42106;MC;OS;2;88;M;M;75XX;EMP
057540040040-4836;057540040040;100mN32107E42106;MC;OS;2;86;M;F;75XX;UEP
057540040040-4837;057540040040;100mN32131E42131;MC;NA;3;50;M;F;5064;EMP
057540040040-4837;057540040040;100mN32131E42131;MC;NA;3;53;M;M;5064;EMP
057540040040-4837;057540040040;100mN32131E42131;MC;NA;3;25;P;F;2529;EMP
057540040040-4838;057540040040;100mN32098E42071;MC;NA;2;56;M;M;5064;NEP
057540040040-4838;057540040040;100mN32098E42071;MC;NA;2;54;M;F;5064;NEP
057540040040-4839;057540040040;100mN32103E42071;MC;NA;3;40;M;F;4049;UEP
057540040040-4839;057540040040;100mN32103E42071;MC;NA;3;57;M;M;5064;EMP
057540040040-4839;057540040040;100mN32103E42071;MC;NA;3;8;S;M;0614;NEP
057540040040-4840;057540040040;100mN32098E42071;SF;NA;2;84;D;F;75XX;EMP
057540040040-4840;057540040040;100mN32098E42071;SF;NA;2;12;S;M;0614;NEP
057540040040-4841;057540040040;100mN32098E42050;S;OS;1;46;S;M;4049;EMP
057540040040-4842;057540040040;100mN32116E42124;S;NA;1;20;D;M;1824;EMP
057540040040-4843;057540040040;100mN32098E42050;MC;NA;3;54;M;F;5064;EMP
057540040040-4843;057540040040;100mN32098E42050;MC;NA;3;52;M;M;5064;EMP
057540040040-4843;057540040040;100mN32098E42050;MC;NA;3;13;S;F;0614;NEP
057540040040-4844;057540040040;100mN32131E42131;MC;NA;4;33;M;M;3039;EMP
057540040040-4844;057540040040;100mN32131E42131;MC;NA;4;18;M;F;1824;NEP
057540040040-4844;057540040040;100mN32131E42131;MC;NA;4;13;S;M;0614;NEP
057540040040-4844;057540040040;100mN32131E42131;MC;NA;4;15;S;M;1517;NEP
057540040040-4845;057540040040;100mN32139E42127;MC;NA;3;32;M;M;3039;EMP
057540040040-4845;057540040040;100mN32139E42127;MC;NA;3;32;M;F;3039;EMP
057540040040-4845;057540040040;100mN32139E42127;MC;NA;3;2;S;M;0003;NEP
057540040040-4846;057540040040;100mN32086E42099;S;NA;1;63;W;F;5064;EMP
057540040040-4847;057540040040;100mN32116E42117;S;NA;1;70;M;M;6574;EMP
057540040040-4848;057540040040;100mN32102E42074;MC;NA;3;53;M;M;5064;EMP
057540040040-4848;057540040040;100mN32102E42074;MC;NA;3;51;M;F;5064;NEP
057540040040-4848;057540040040;100mN32102E42074;MC;NA;3;3;S;M;0305;NEP
057540040040-4849;057540040040;100mN32102E42074;MC;OS;2;86;M;F;75XX;EMP
057540040040-4849;057540040040;100mN32102E42074;MC;OS;2;89;M;M;75XX;NEP
057540040040-4850;057540040040;100mN32102E42074;MC;OS;2;69;M;M;6574;NEP
057540040040-4850;057540040040;100mN32102E42074;MC;OS;2;78;M;F;75XX;NEP
057540040040-4851;057540040040;100mN32102E42074;MC;OS;2;79;M;M;75XX;EMP
057540040040-4851;057540040040;100mN32102E42074;MC;OS;2;78;M;F;75XX;EMP
057540040040-4852;057540040040;100mN32114E42127;S;NA;1;45;D;F;4049;EMP
057540040040-4853;057540040040;100mN32102E42074;MC;NA;3;32;M;F;3039;NEP
057540040040-4853;057540040040;100mN32102E42074;MC;NA;3;32;M;M;3039;EMP
057540040040-4853;057540040040;100mN32102E42074;MC;NA;3;11;S;M;0614;NEP
057540040040-4854;057540040040;100mN32112E42118;S;OS;1;41;W;M;4049;NEP
057540040040-4855;057540040040;100mN32101E42072;NA;NA;3;55;S;M;5064;EMP
057540040040-4855;057540040040;100mN32101E42072;NA;NA;3;20;D;F;1824;EMP
057540040040-4855;057540040040;100mN32101E42072;NA;NA;3;32;S;M;3039;EMP
057540040040-4856;057540040040;100mN32133E42118;MC;MIX;2;70;M;F;6574;EMP
057540040040-4856;057540040040;100mN32133E42118;MC;MIX;2;0;S;M;0003;NEP
057540040040-4857;057540040040;100mN32129E42132;S;NA;1;20;M;F;1824;EMP
057540040040-4858;057540040040;100mN32129E42132;MC;MIX;2;82;M;M;75XX;EMP
057540040040-4858;057540040040;100mN32129E42132;MC;MIX;2;50;M;M;5064;EMP
057540040040-4859;057540040040;100mN32096E42067;MC;NA;4;31;M;F;3039;NEP
057540040040-4859;057540040040;100mN32096E42067;MC;NA;4;36;M;M;3039;EMP
057540040040-4859;057540040040;100mN32096E42067;MC;NA;4;15;S;F;1517;UEP
057540040040-4859;057540040040;100mN32096E42067;MC;NA;4;3;S;M;0305;NEP
057540040040-4860;057540040040;100mN32100E42074;MC;MIX;6;66;M;M;6574;NEP
057540040040-4860;057540040040;100mN32100E42074;MC;MIX;6;51;M;F;5064;EMP
057540040040-4860;057540040040;100mN32100E42074;MC;MIX;6;60;M;M;5064;EMP
057540040040-4860;057540040040;100mN32100E42074;MC;MIX;6;9;S;F;0614;NEP
057540040040-4860;057540040040;100mN32100E42074;MC;MIX;6;8;S;F;0614;NEP
057540040040-4860;057540040040;100mN32100E42074;MC;MIX;6;12;S;F;0614;NEP
057540040040-4861;057540040040;100mN32129E42132;MC;OS;3;68;M;M;6574;NEP
057540040040-4861;057540040040;100mN32129E42132;MC;OS;3;72;M;F;6574;NEP
057540040040-4861;057540040040;100mN32129E42132;MC;OS;3;81;M;M;75XX;EMP
057540040040-4862;057540040040;100mN32103E42071;MC;NA;3;54;M;F;5064;EMP
057540040040-4862;057540040040;100mN32103E42071;MC;NA;3;54;M;M;5064;EMP
057540040040-4862;057540040040;100mN32103E42071;MC;NA;3;7;S;F;0614;NEP
057540040040-4863;057540040040;100mN32103E42073;MC;MIX;3;89;M;M;75XX;NEP
057540040040-4863;057540040040;100mN32103E42073;MC;MIX;3;56;M;M;5064;NEP
057540040040-4863;057540040040;100mN32103E42073;MC;MIX;3;54;M;F;5064;EMP
057540040040-4864;057540040040;100mN32126E42114;S;NA;1;26;M;M;2529;EMP
057540040040-4865;057540040040;100mN32129E42132;S;NA;1;40;W;F;4049;NEP
057540040040-4866;057540040040;100mN32129E42132;NA;NA;2;82;M;F;75XX;EMP
057540040040-4866;057540040040;100mN32129E42132;NA;NA;2;89;M;F;75XX;EMP
057540040040-4867;057540040040;100mN32141E42117;PO;NA;2;40;S;M;4049;NEP
057540040040-4867;057540040040;100mN32141E42117;PO;NA;2;41;S;F;4049;EMP
057540040040-4868;057540040040;100mN32103E42073;PO;NA;2;53;S;F;5064;EMP
057540040040-4868;057540040040;100mN32103E42073;PO;NA;2;53;S;M;5064;EMP
057540040040-4869;057540040040;100mN32129E42123;MC;NA;2;31;M;F;3039;EMP
057540040040-4869;057540040040;100mN32129E42123;MC;NA;2;31;M;M;3039;EMP
057540040040-4870;057540040040;100mN32121E42140;MC;NA;2;36;M;F;3039;NEP
057540040040-4870;057540040040;100mN32121E42140;MC;NA;2;38;M;M;3039;NEP
057540040040-4871;057540040040;100mN32101E42137;MC;NA;2;63;M;M;5064;EMP
057540040040-4871;057540040040;100mN32101E42137;MC;NA;2;57;M;F;5064;NEP
057540040040-4872;057540040040;100mN32101E42137;SF;NA;3;66;S;F;6574;EMP
057540040040-4872;057540040040;100mN32101E42137;SF;NA;3;8;S;M;0614;NEP
057540040040-4872;057540040040;100mN32101E42137;SF;NA;3;7;S;F;0614;NEP
057540040040-4873;057540040040;100mN32101E42137;MC;NA;2;58;M;M;5064;EMP
057540040040-4873;057540040040;100mN32101E42137;MC;NA;2;52;M;F;5064;NEP
057540040040-4874;057540040040;100mN32088E42085;MC;NA;4;48;M;F;4049;EMP
057540040040-4874;057540040040;100mN32088E42085;MC;NA;4;54;M;M;5064;NEP
057540040040-4874;057540040040;100mN32088E42085;MC;NA;4;11;S;M;0614;NEP
057540040040-4874;057540040040;100mN32088E42085;MC;NA;4;12;S;F;0614;NEP
057540040040-4875;057540040040;100mN32088E42085;MC;OS;2;72;M;M;6574;EMP
057540040040-4875;057540040040;100mN32088E42085;MC;OS;2;66;M;F;6574;NEP
057540040040-4876;057540040040;100mN32088E42085;MC;NA;4;25;M;F;2529;EMP
057540040040-4876;057540040040;100mN32088E42085;MC;NA;4;26;M;M;2529;EMP
057540040040-4876;057540040040;100mN32088E42085;MC;NA;4;4;S;M;0305;NEP
057540040040-4876;057540040040;100mN32088E42085;MC;NA;4;6;S;M;0614;NEP
057540040040-4877;057540040040;100mN32124E42114;MC;NA;3;48;M;F;4049;NEP
057540040040-4877;057540040040;100mN32124E42114;MC;NA;3;57;M;M;5064;EMP
057540040040-4877;057540040040;100mN32124E42114;MC;NA;3;12;S;F;0614;NEP
057540040040-4878;057540040040;100mN32115E42127;MC;NA;5;51;M;F;5064;EMP
057540040040-4878;057540040040;100mN32115E42127;MC;NA;5;60;M;M;5064;EMP
057540040040-4878;057540040040;100mN32115E42127;MC;NA;5;7;S;M;0614;NEP
057540040040-4878;057540040040;100mN32115E42127;MC;NA;5;8;S;F;0614;NEP
057540040040-4878;057540040040;100mN32115E42127;MC;NA;5;16;S;F;1517;NEP
057540040040-4879;057540040040;100mN32116E42127;MC;OS;2;84;M;F;75XX;NEP
057540040040-4879;057540040040;100mN32116E42127;MC;OS;2;87;M;M;75XX;NEP
057540040040-4880;057540040040;100mN32116E42127;MC;NA;2;56;M;M;5064;EMP
057540040040-4880;057540040040;100mN32116E42127;MC;NA;2;53;M;F;5064;EMP
057540040040-4881;057540040040;100mN32113E42127;S;NA;1;38;M;F;3039;EMP
057540040040-4882;057540040040;100mN32111E42123;S;NA;1;25;M;M;2529;EMP
057540040040-4883;057540040040;100mN32132E42132;MC;NA;4;44;M;M;4049;EMP
057540040040-4883;057540040040;100mN32132E42132;MC;NA;4;44;M;F;4049;NEP
057540040040-4883;057540040040;100mN32132E42132;MC;NA;4;12;S;F;0614;NEP
057540040040-4883;057540040040;100mN32132E42132;MC;NA;4;9;S;F;0614;NEP
057540040040-4884;057540040040;100mN32139E42123;MC;NA;3;48;M;M;4049;EMP
057540040040-4884;057540040040;100mN32139E42123;MC;NA;3;47;M;F;4049;EMP
057540040040-4884;057540040040;100mN32139E42123;MC;NA;3;28;D;F;2529;NEP
057540040040-4885;057540040040;100mN32116E42127;S;OS;1;46;M;M;4049;EMP
057540040040-4886;057540040040;100mN32116E42127;S;NA;1;25;M;M;2529;EMP
057540040040-4887;057540040040;100mN32116E42127;S;NA;1;40;S;M;4049;NEP
057540040040-4888;057540040040;100mN32117E42129;PO;NA;3;46;S;M;4049;NEP
057540040040-4888;057540040040;100mN32117E42129;PO;NA;3;43;S;M;4049;EMP
057540040040-4888;057540040040;100mN32117E42129;PO;NA;3;15;S;F;1517;NEP
057540040040-4889;057540040040;100mN32096E42069;MC;OS;3;70;M;M;6574;NEP
057540040040-4889;057540040040;100mN32096E42069;MC;OS;3;66;M;F;6574;NEP
057540040040-4889;057540040040;100mN32096E42069;MC;OS;3;79;W;F;75XX;EMP
057540040040-4890;057540040040;100mN32096E42069;MC;NA;2;53;M;M;5064;EMP
057540040040-4890;057540040040;100mN32096E42069;MC;NA;2;48;M;F;4049;EMP
057540040040-4891;057540040040;100mN32096E42069;MC;NA;3;40;M;M;4049;EMP
057540040040-4891;057540040040;100mN32096E42069;MC;NA;3;37;M;F;3039;EMP
057540040040-4891;057540040040;100mN32096E42069;MC;NA;3;9;S;F;0614;NEP
057540040040-4892;057540040040;100mN32140E42118;S;NA;1;60;S;M;5064;EMP
057540040040-4893;057540040040;100mN32096E42069;MC;NA;2;43;M;M;4049;EMP
057540040040-4893;057540040040;100mN32096E42069;MC;NA;2;50;M;F;5064;NEP
057540040040-4894;057540040040;100mN32125E42139;PO;OS;4;65;S;F;6574;NEP
057540040040-4894;057540040040;100mN32125E42139;PO;OS;4;68;S;M;6574;NEP
057540040040-4894;057540040040;100mN32125E42139;PO;OS;4;68;S;M;6574;NEP
057540040040-4894;057540040040;100mN32125E42139;PO;OS;4;79;W;F;75XX;EMP
057540040040-4895;057540040040;100mN32124E42139;MC;NA;4;54;M;M;5064;NEP
057540040040-4895;057540040040;100mN32124E42139;MC;NA;4;56;M;F;5064;NEP
057540040040-4895;057540040040;100mN32124E42139;MC;NA;4;8;S;F;0614;NEP
057540040040-4895;057540040040;100mN32124E42139;MC;NA;4;15;S;F;1517;EMP
057540040040-4896;057540040040;100mN32096E42069;MC;NA;2;55;M;F;5064;NEP
057540040040-4896;057540040040;100mN32096E42069;MC;NA;2;56;M;M;5064;EMP
057540040040-4897;057540040040;100mN32096E42069;SF;NA;2;35;S;F;3039;EMP
057540040040-4897;057540040040;100mN32096E42069;SF;NA;2;18;S;M;1824;NEP
057540040040-4898;057540040040;100mN32096E42069;MC;NA;4;34;M;M;3039;EMP
057540040040-4898;057540040040;100mN32096E42069;MC;NA;4;25;M;F;2529;NEP
057540040040-4898;057540040040;100mN32096E42069;MC;NA;4;10;S;M;0614;NEP
057540040040-4898;057540040040;100mN32096E42069;MC;NA;4;16;S;M;1517;NEP
057540040040-4899;057540040040;100mN32112E42123;SF;NA;4;56;W;F;5064;NEP
057540040040-4899;057540040040;100mN32112E42123;SF;NA;4;8;S;F;0614;NEP
057540040040-4899;057540040040;100mN32112E42123;SF;NA;4;3;S;M;0305;NEP
057540040040-4899;057540040040;100mN32112E42123;SF;NA;4;13;S;F;0614;NEP
057540040040-4900;057540040040;100mN32096E42069;MC;OS;3;85;M;F;75XX;EMP
057540040040-4900;057540040040;100mN32096E42069;MC;OS;3;88;M;M;75XX;EMP
057540040040-4900;057540040040;100mN32096E42069;MC;OS;3;73;S;M;6574;EMP
057540040040-4901;057540040040;100mN32096E42069;MC;NA;4;56;M;M;5064;EMP
057540040040-4901;057540040040;100mN32096E42069;MC;NA;4;53;M;F;5064;EMP
057540040040-4901;057540040040;100mN32096E42069;MC;NA;4;20;S;F;1824;NEP
057540040040-4901;057540040040;100mN32096E42069;MC;NA;4;30;S;M;3039;EMP
057540040040-4902;057540040040;100mN32124E42113;PO;MIX;2;65;S;M;6574;EMP
057540040040-4902;057540040040;100mN32124E42113;PO;MIX;2;62;S;M;5064;NEP
057540040040-4903;057540040040;100mN32105E42093;S;NA;1;62;S;M;5064;NEP
057540040040-4904;057540040040;100mN32136E42131;MC;MIX;4;79;S;M;75XX;NEP
057540040040-4904;057540040040;100mN32136E42131;MC;MIX;4;21;M;F;1824;NEP
057540040040-4904;057540040040;100mN32136E42131;MC;MIX;4;18;M;M;1824;EMP
057540040040-4904;057540040040;100mN32136E42131;MC;MIX;4;4;S;M;0305;NEP
057540040040-4905;057540040040;100mN32105E42093;SF;NA;6;25;W;F;2529;EMP
057540040040-4905;057540040040;100mN32105E42093;SF;NA;6;0;S;M;0003;NEP
057540040040-4905;057540040040;100mN32105E42093;SF;NA;6;3;S;M;0305;NEP
057540040040-4905;057540040040;100mN32105E42093;SF;NA;6;10;S;M;0614;NEP
057540040040-4905;057540040040;100mN32105E42093;SF;NA;6;6;S;F;0614;NEP
057540040040-4905;057540040040;100mN32105E42093;SF;NA;6;0;S;M;0003;NEP
057540040040-4906;057540040040;100mN32115E42128;S;NA;1;84;M;M;75XX;EMP
057540040040-4907;057540040040;100mN32131E42135;PO;NA;2;53;S;M;5064;EMP
057540040040-4907;057540040040;100mN32131E42135;PO;NA;2;52;S;M;5064;EMP
057540040040-4908;057540040040;100mN32115E42128;MC;OS;2;72;M;F;6574;EMP
057540040040-4908;057540040040;100mN32115E42128;MC;OS;2;76;M;M;75XX;EMP
057540040040-4909;057540040040;100mN32139E42106;MC;NA;3;46;M;M;4049;NEP
057540040040-4909;057540040040;100mN32139E42106;MC;NA;3;45;M;F;4049;NEP
057540040040-4909;057540040040;100mN32139E42106;MC;NA;3;8;S;M;0614;NEP
057540040040-4910;057540040040;100mN32115E42128;S;OS;1;26;M;F;2529;EMP
057540040040-4911;057540040040;100mN32115E42128;MC;NA;4;45;M;F;4049;NEP
057540040040-4911;057540040040;100mN32115E42128;MC;NA;4;58;M;M;5064;NEP
057540040040-4911;057540040040;100mN32115E42128;MC;NA;4;15;S;F;1517;NEP
057540040040-4911;057540040040;100mN32115E42128;MC;NA;4;27;D;M;2529;EMP
057540040040-4912;057540040040;100mN32111E42124;SF;NA;2;69;D;F;6574;EMP
057540040040-4912;057540040040;100mN32111E42124;SF;NA;2;15;S;M;1517;EMP
057540040040-4913;057540040040;100mN32115E42128;S;NA;1;41;W;F;4049;EMP
057540040040-4914;057540040040;100mN32115E42128;PC;NA;3;63;P;F;5064;EMP
057540040040-4914;057540040040;100mN32115E42128;PC;NA;3;34;W;F;3039;EMP
057540040040-4914;057540040040;100mN32115E42128;PC;NA;3;41;M;M;4049;NEP
057540040040-4915;057540040040;100mN32136E42120;MC;NA;3;23;M;F;1824;NEP
057540040040-4915;057540040040;100mN32136E42120;MC;NA;3;26;M;M;2529;NEP
057540040040-4915;057540040040;100mN32136E42120;MC;NA;3;6;S;M;0614;NEP
057540040040-4916;057540040040;100mN32115E42128;S;OS;1;62;S;M;5064;EMP
057540040040-4917;057540040040;100mN32115E42128;NA;OS;4;33;S;F;3039;UEP
057540040040-4917;057540040040;100mN32115E42128;NA;OS;4;38;D;F;3039;NEP
057540040040-4917;057540040040;100mN32115E42128;NA;OS;4;66;S;F;6574;NEP
057540040040-4917;057540040040;100mN32115E42128;NA;OS;4;20;M;M;1824;NEP
057540040040-4918;057540040040;100mN32111E42123;MC;NA;6;41;M;M;4049;EMP
057540040040-4918;057540040040;100mN32111E42123;MC;NA;6;38;M;F;3039;EMP
057540040040-4918;057540040040;100mN32111E42123;MC;NA;6;22;S;F;1824;NEP
057540040040-4918;057540040040;100mN32111E42123;MC;NA;6;23;M;M;1824;EMP
057540040040-4918;057540040040;100mN32111E42123;MC;NA;6;20;M;M;1824;NEP
057540040040-4918;057540040040;100mN32111E42123;MC;NA;6;23;D;M;1824;NEP
057540040040-4919;057540040040;100mN32092E42104;S;NA;1;62;S;M;5064;EMP
057540040040-4920;057540040040;100mN32115E42128;S;OS;1;57;W;F;5064;NEP
057540040040-4921;057540040040;100mN32115E42128;MC;NA;3;33;M;M;3039;EMP
057540040040-4921;057540040040;100mN32115E42128;MC;NA;3;18;M;F;1824;NEP
057540040040-4921;057540040040;100mN32115E42128;MC;NA;3;3;S;F;0305;NEP
057540040040-4922;057540040040;100mN32115E42128;MC;NA;4;47;M;M;4049;EMP
057540040040-4922;057540040040;100mN32115E42128;MC;NA;4;61;M;F;5064;NEP
057540040040-4922;057540040040;100mN32115E42128;MC;NA;4;0;S;F;0003;NEP
057540040040-4922;057540040040;100mN32115E42128;MC;NA;4;27;M;M;2529;EMP
057540040040-4923;057540040040;100mN32115E42128;S;OS;1;37;M;M;3039;NEP
057540040040-4924;057540040040;100mN32115E42128;S;OS;1;69;M;F;6574;EMP
057540040040-4925;057540040040;100mN32115E42128;S;NA;1;62;S;M;5064;NEP
057540040040-4926;057540040040;100mN32115E42128;PO;NA;2;33;S;M;3039;EMP
057540040040-4926;057540040040;100mN32115E42128;PO;NA;2;34;S;M;3039;EMP
057540040040-4927;057540040040;100mN32115E42128;MC;NA;2;33;M;F;3039;NEP
057540040040-4927;057540040040;100mN32115E42128;MC;NA;2;35;M;M;3039;EMP
057540040040-4928;057540040040;100mN32116E42121;S;NA;1;46;D;F;4049;EMP
057540040040-4929;057540040040;100mN32130E42137;S;NA;1;18;S;M;1824;NEP
057540040040-4930;057540040040;100mN32112E42122;S;NA;1;48;W;M;4049;NEP
057540040040-4931;057540040040;100mN32115E42110;S;OS;1;80;D;M;75XX;EMP
057540040040-4932;057540040040;100mN32116E42121;PO;OS;3;80;S;F;75XX;NEP
057540040040-4932;057540040040;100mN32116E42121;PO;OS;3;88;S;F;75XX;EMP
057540040040-4932;057540040040;100mN32116E42121;PO;OS;3;80;M;M;75XX;EMP
057540040040-4933;057540040040;100mN32139E42124;MC;NA;2;45;M;F;4049;EMP
057540040040-4933;057540040040;100mN32139E42124;MC;NA;2;47;M;M;4049;EMP
057540040040-4934;057540040040;100mN32116E42121;MC;OS;3;65;M;M;6574;EMP
057540040040-4934;057540040040;100mN32116E42121;MC;OS;3;65;M;F;6574;NEP
057540040040-4934;057540040040;100mN32116E42121;MC;OS;3;85;M;M;75XX;EMP
057540040040-4935;057540040040;100mN32118E42125;MC;NA;2;22;M;M;1824;EMP
057540040040-4935;057540040040;100mN32118E42125;MC;NA;2;19;M;F;1824;NEP
057540040040-4936;057540040040;100mN32117E42113;S;OS;1;45;M;M;4049;NEP
057540040040-4937;057540040040;100mN32116E42121;MC;NA;2;28;M;M;2529;EMP
057540040040-4937;057540040040;100mN32116E42121;MC;NA;2;26;M;F;2529;NEP
057540040040-4938;057540040040;100mN32116E42121;MC;MIX;4;66;M;F;6574;NEP
057540040040-4938;057540040040;100mN32116E42121;MC;MIX;4;27;M;M;2529;EMP
057540040040-4938;057540040040;100mN32116E42121;MC;MIX;4;27;M;F;2529;NEP
057540040040-4938;057540040040;100mN32116E42121;MC;MIX;4;6;S;M;0614;NEP
057540040040-4939;057540040040;100mN32116E42121;MC;NA;3;36;M;F;3039;EMP
057540040040-4939;057540040040;100mN32116E42121;MC;NA;3;44;M;M;4049;EMP
057540040040-4939;057540040040;100mN32116E42121;MC;NA;3;21;S;M;1824;EMP
057540040040-4940;057540040040;100mN32116E42121;S;NA;1;16;S;F;1517;NEP
057540040040-4941;057540040040;100mN32116E42121;MC;NA;2;23;M;M;1824;NEP
057540040040-4941;057540040040;100mN32116E42121;MC;NA;2;21;M;F;1824;EMP
057540040040-4942;057540040040;100mN32116E42121;SF;NA;2;16;S;F;1517;NEP
057540040040-4942;057540040040;100mN32116E42121;SF;NA;2;1;S;F;0003;NEP
057540040040-4943;057540040040;100mN32114E42131;MC;NA;4;31;M;F;3039;EMP
057540040040-4943;057540040040;100mN32114E42131;MC;NA;4;37;M;M;3039;EMP
057540040040-4943;057540040040;100mN32114E42131;MC;NA;4;6;S;F;0614;NEP
057540040040-4943;057540040040;100mN32114E42131;MC;NA;4;15;S;M;1517;NEP
057540040040-4944;057540040040;100mN32124E42113;MC;NA;3;52;M;F;5064;EMP
057540040040-4944;057540040040;100mN32124E42113;MC;NA;3;61;M;M;5064;NEP
057540040040-4944;057540040040;100mN32124E42113;MC;NA;3;9;S;M;0614;NEP
057540040040-4945;057540040040;100mN32114E42126;MC;NA;5;47;M;M;4049;EMP
057540040040-4945;057540040040;100mN32114E42126;MC;NA;5;44;M;F;4049;EMP
057540040040-4945;057540040040;100mN32114E42126;MC;NA;5;18;M;M;1824;EMP
057540040040-4945;057540040040;100mN32114E42126;MC;NA;5;3;S;F;0305;NEP
057540040040-4945;057540040040;100mN32114E42126;MC;NA;5;1;S;F;0003;NEP
057540040040-4946;057540040040;100mN32114E42118;MC;NA;4;33;M;F;3039;EMP
057540040040-4946;057540040040;100mN32114E42118;MC;NA;4;34;M;M;3039;NEP
057540040040-4946;057540040040;100mN32114E42118;MC;NA;4;9;S;M;0614;NEP
057540040040-4946;057540040040;100mN32114E42118;MC;NA;4;12;S;M;0614;NEP
057540040040-4947;057540040040;100mN32114E42118;S;OS;1;53;S;F;5064;NEP
057540040040-4948;057540040040;100mN32114E42118;MC;NA;4;41;M;F;4049;EMP
057540040040-4948;057540040040;100mN32114E42118;MC;NA;4;46;M;M;4049;EMP
057540040040-4948;057540040040;100mN32114E42118;MC;NA;4;15;S;F;1517;EMP
057540040040-4948;057540040040;100mN32114E42118;MC;NA;4;10;S;M;0614;NEP
057540040040-4949;057540040040;100mN32118E42126;MC;MIX;4;84;M;F;75XX;NEP
057540040040-4949;057540040040;100mN32118E42126;MC;MIX;4;26;M;M;2529;NEP
057540040040-4949;057540040040;100mN32118E42126;MC;MIX;4;25;M;F;2529;EMP
057540040040-4949;057540040040;100mN32118E42126;MC;MIX;4;8;S;F;0614;NEP
057540040040-4950;057540040040;100mN32114E42118;S;NA;1;25;S;M;2529;EMP
057540040040-4951;057540040040;100mN32125E42147;MC;MIX;2;87;M;F;75XX;EMP
057540040040-4951;057540040040;100mN32125E42147;MC;MIX;2;45;M;M;4049;EMP
057540040040-4952;057540040040;100mN32114E42118;MC;NA;2;63;M;M;5064;EMP
057540040040-4952;057540040040;100mN32114E42118;MC;NA;2;62;M;F;5064;EMP
057540040040-4953;057540040040;100mN32124E42115;S;NA;1;71;D;F;6574;EMP
057540040040-4954;057540040040;100mN32124E42142;MC;NA;2;51;M;M;5064;NEP
057540040040-4954;057540040040;100mN32124E42142;MC;NA;2;48;M;F;4049;NEP
057540040040-4955;057540040040;100mN32135E42119;MC;OS;2;67;M;F;6574;UEP
057540040040-4955;057540040040;100mN32135E42119;MC;OS;2;69;M;M;6574;NEP
057540040040-4956;057540040040;100mN32135E42119;MC;NA;2;18;M;M;1824;EMP
057540040040-4956;057540040040;100mN32135E42119;MC;NA;2;18;M;F;1824;EMP
057540040040-4957;057540040040;100mN32135E42119;S;OS;1;55;M;M;5064;NEP
057540040040-4958;057540040040;100mN32117E42121;S;NA;1;53;W;F;5064;NEP
057540040040-4959;057540040040;100mN32123E42142;S;NA;1;44;W;F;4049;EMP
057540040040-4960;057540040040;100mN32123E42142;PO;MIX;2;83;S;F;75XX;NEP
057540040040-4960;057540040040;100mN32123E42142;PO;MIX;2;60;S;M;5064;EMP
057540040040-4961;057540040040;100mN32123E42142;MC;NA;3;32;M;F;3039;EMP
057540040040-4961;057540040040;100mN32123E42142;MC;NA;3;33;M;M;3039;EMP
057540040040-4961;057540040040;100mN32123E42142;MC;NA;3;7;S;F;0614;NEP
057540040040-4962;057540040040;100mN32123E42142;MC;OS;5;68;M;M;6574;EMP
057540040040-4962;057540040040;100mN32123E42142;MC;OS;5;68;M;F;6574;EMP
057540040040-4962;057540040040;100mN32123E42142;MC;OS;5;76;M;M;75XX;EMP
057540040040-4962;057540040040;100mN32123E42142;MC;OS;5;71;W;F;6574;EMP
057540040040-4962;057540040040;100mN32123E42142;MC;OS;5;83;S;M;75XX;EMP
057540040040-4963;057540040040;100mN32123E42142;S;NA;1;42;S;M;4049;EMP
057540040040-4964;057540040040;100mN32123E42142;SF;NA;3;65;W;F;6574;NEP
057540040040-4964;057540040040;100mN32123E42142;SF;NA;3;31;M;F;3039;EMP
057540040040-4964;057540040040;100mN32123E42142;SF;NA;3;7;S;M;0614;NEP
057540040040-4965;057540040040;100mN32123E42142;MC;MIX;2;70;M;M;6574;EMP
057540040040-4965;057540040040;100mN32123E42142;MC;MIX;2;19;S;M;1824;NEP
057540040040-4966;057540040040;100mN32136E42127;MC;MIX;2;71;M;M;6574;NEP
057540040040-4966;057540040040;100mN32136E42127;MC;MIX;2;63;M;F;5064;UEP
057540040040-4967;057540040040;100mN32116E42124;MC;NA;4;44;M;M;4049;EMP
057540040040-4967;057540040040;100mN32116E42124;MC;NA;4;35;M;F;3039;EMP
057540040040-4967;057540040040;100mN32116E42124;MC;NA;4;12;S;M;0614;NEP
057540040040-4967;057540040040;100mN32116E42124;MC;NA;4;16;S;F;1517;NEP
057540040040-4968;057540040040;100mN32134E42129;MC;NA;2;50;M;F;5064;EMP
057540040040-4968;057540040040;100mN32134E42129;MC;NA;2;62;M;M;5064;EMP
057540040040-4969;057540040040;100mN32123E42142;MC;NA;4;51;M;F;5064;EMP
057540040040-4969;057540040040;100mN32123E42142;MC;NA;4;51;M;M;5064;NEP
057540040040-4969;057540040040;100mN32123E42142;MC;NA;4;15;S;F;1517;NEP
057540040040-4969;057540040040;100mN32123E42142;MC;NA;4;4;S;F;0305;NEP
057540040040-4970;057540040040;100mN32123E42142;PO;NA;4;33;S;F;3039;UEP
057540040040-4970;057540040040;100mN32123E42142;PO;NA;4;41;S;F;4049;EMP
057540040040-4970;057540040040;100mN32123E42142;PO;NA;4;3;S;F;0305;NEP
057540040040-4970;057540040040;100mN32123E42142;PO;NA;4;9;S;M;0614;NEP
057540040040-4971;057540040040;100mN32123E42142;PO;OS;2;65;S;F;6574;EMP
057540040040-4971;057540040040;100mN32123E42142;PO;OS;2;71;S;M;6574;NEP
057540040040-4972;057540040040;100mN32123E42142;MC;NA;3;33;M;F;3039;EMP
057540040040-4972;057540040040;100mN32123E42142;MC;NA;3;42;M;M;4049;EMP
057540040040-4972;057540040040;100mN32123E42142;MC;NA;3;18;D;M;1824;EMP
057540040040-4973;057540040040;100mN32132E42135;PO;NA;2;36;S;M;3039;EMP
057540040040-4973;057540040040;100mN32132E42135;PO;NA;2;40;S;M;4049;EMP
057540040040-4974;057540040040;100mN32103E42073;MC;NA;5;43;M;F;4049;UEP
057540040040-4974;057540040040;100mN32103E42073;MC;NA;5;48;M;M;4049;EMP
057540040040-4974;057540040040;100mN32103E42073;MC;NA;5;11;S;M;0614;NEP
057540040040-4974;057540040040;100mN32103E42073;MC;NA;5;12;S;F;0614;NEP
057540040040-4974;057540040040;100mN32103E42073;MC;NA;5;3;S;M;0305;NEP
057540040040-4975;057540040040;100mN32123E42142;MC;NA;4;46;M;M;4049;EMP
057540040040-4975;057540040040;100mN32123E42142;MC;NA;4;41;M;F;4049;NEP
057540040040-4975;057540040040;100mN32123E42142;MC;NA;4;23;D;F;1824;EMP
057540040040-4975;057540040040;100mN32123E42142;MC;NA;4;3;S;M;0305;NEP
057540040040-4976;057540040040;100mN32111E42121;S;NA;1;79;M;F;75XX;NEP
057540040040-4977;057540040040;100mN32123E42142;MC;OS;2;87;M;F;75XX;NEP
057540040040-4977;057540040040;100mN32123E42142;MC;OS;2;41;S;M;4049;NEP
057540040040-4978;057540040040;100mN32123E42142;S;OS;1;43;S;F;4049;EMP
057540040040-4979;057540040040;100mN32118E42120;MC;MIX;2;81;M;F;75XX;EMP
057540040040-4979;057540040040;100mN32118E42120;MC;MIX;2;55;W;F;5064;NEP
057540040040-4980;057540040040;100mN32114E42126;MC;MIX;3;76;D;F;75XX;EMP
057540040040-4980;057540040040;100mN32114E42126;MC;MIX;3;43;M;F;4049;EMP
057540040040-4980;057540040040;100mN32114E42126;MC;MIX;3;45;M;M;4049;NEP
057540040040-4981;057540040040;100mN32120E42146;S;NA;1;80;M;F;75XX;NEP
057540040040-4982;057540040040;100mN32123E42142;PO;NA;2;63;S;M;5064;EMP
057540040040-4982;057540040040;100mN32123E42142;PO;NA;2;61;S;F;5064;EMP
057540040040-4983;057540040040;100mN32136E42127;SF;NA;5;30;S;F;3039;EMP
057540040040-4983;057540040040;100mN32136E42127;SF;NA;5;12;S;F;0614;NEP
057540040040-4983;057540040040;100mN32136E42127;SF;NA;5;8;S;M;0614;NEP
057540040040-4983;057540040040;100mN32136E42127;SF;NA;5;15;S;M;1517;EMP
057540040040-4983;057540040040;100mN32136E42127;SF;NA;5;10;S;F;0614;NEP
057540040040-4984;057540040040;100mN32117E42121;S;NA;1;53;W;F;5064;NEP
057540040040-4985;057540040040;100mN32117E42121;MC;NA;2;50;M;M;5064;EMP
057540040040-4985;057540040040;100mN32117E42121;MC;NA;2;60;M;F;5064;NEP
057540040040-4986;057540040040;100mN32140E42121;PO;NA;4;55;S;F;5064;NEP
057540040040-4986;057540040040;100mN32140E42121;PO;NA;4;62;S;M;5064;NEP
057540040040-4986;057540040040;100mN32140E42121;PO;NA;4;12;S;F;0614;NEP
057540040040-4986;057540040040;100mN32140E42121;PO;NA;4;3;S;M;0305;NEP
057540040040-4987;057540040040;100mN32117E42121;MC;NA;3;56;M;F;5064;NEP
057540040040-4987;057540040040;100mN32117E42121;MC;NA;3;15;S;M;1517;NEP
057540040040-4987;057540040040;100mN32117E42121;MC;NA;3;41;M;M;4049;NEP
057540040040-4988;057540040040;100mN32131E42131;NA;OS;2;67;D;F;6574;EMP
057540040040-4988;057540040040;100mN32131E42131;NA;OS;2;34;D;F;3039;EMP
057540040040-4989;057540040040;100mN32117E42121;MC;NA;4;50;M;F;5064;NEP
057540040040-4989;057540040040;100mN32117E42121;MC;NA;4;50;M;M;5064;EMP
057540040040-4989;057540040040;100mN32117E42121;MC;NA;4;12;S;F;0614;NEP
057540040040-4989;057540040040;100mN32117E42121;MC;NA;4;15;S;F;1517;NEP
057540040040-4990;057540040040;100mN32118E42131;MC;OS;2;66;M;M;6574;EMP
057540040040-4990;057540040040;100mN32118E42131;MC;OS;2;65;M;F;6574;EMP
057540040040-4991;057540040040;100mN32117E42121;MC;MIX;2;81;M;M;75XX;NEP
057540040040-4991;057540040040;100mN32117E42121;MC;MIX;2;50;S;M;5064;NEP
057540040040-4992;057540040040;100mN32115E42131;MC;OS;3;69;M;M;6574;EMP
057540040040-4992;057540040040;100mN32115E42131;MC;OS;3;68;M;F;6574;UEP
057540040040-4992;057540040040;100mN32115E42131;MC;OS;3;70;W;M;6574;NEP
057540040040-4993;057540040040;100mN32139E42120;SF;NA;5;46;W;F;4049;NEP
057540040040-4993;057540040040;100mN32139E42120;SF;NA;5;4;S;M;0305;NEP
057540040040-4993;057540040040;100mN32139E42120;SF;NA;5;1;S;F;0003;NEP
057540040040-4993;057540040040;100mN32139E42120;SF;NA;5;10;S;M;0614;NEP
057540040040-4993;057540040040;100mN32139E42120;SF;NA;5;27;W;F;2529;NEP
057540040040-4994;057540040040;100mN32124E42112;PO;NA;4;30;S;M;3039;NEP
057540040040-4994;057540040040;100mN32124E42112;PO;NA;4;27;S;M;2529;EMP
057540040040-4994;057540040040;100mN32124E42112;PO;NA;4;12;S;F;0614;NEP
057540040040-4994;057540040040;100mN32124E42112;PO;NA;4;15;S;F;1517;NEP
057540040040-4995;057540040040;100mN32125E42146;MC;NA;2;55;M;F;5064;EMP
057540040040-4995;057540040040;100mN32125E42146;MC;NA;2;56;M;M;5064;EMP
057540040040-4996;057540040040;100mN32124E42112;MC;NA;2;50;M;F;5064;NEP
057540040040-4996;057540040040;100mN32124E42112;MC;NA;2;54;M;M;5064;NEP
057540040040-4997;057540040040;100mN32113E42144;MC;NA;2;40;M;M;4049;EMP
057540040040-4997;057540040040;100mN32113E42144;MC;NA;2;43;M;F;4049;EMP
057540040040-4998;057540040040;100mN32124E42112;MC;NA;2;61;M;M;5064;NEP
057540040040-4998;057540040040;100mN32124E42112;MC;NA;2;58;M;F;5064;EMP
057540040040-4999;057540040040;100mN32136E42130;MC;NA;3;46;M;M;4049;EMP
057540040040-4999;057540040040;100mN32136E42130;MC;NA;3;44;M;F;4049;EMP
057540040040-4999;057540040040;100mN32136E42130;MC;NA;3;23;M;M;1824;EMP
057540040040-5000;057540040040;100mN32136E42130;MC;NA;3;42;M;M;4049;EMP
057540040040-5000;057540040040;100mN32136E42130;MC;NA;3;42;M;F;4049;EMP
057540040040-5000;057540040040;100mN32136E42130;MC;NA;3;13;S;M;0614;NEP
057540040040-5001;057540040040;100mN32101E42071;SF;NA;4;61;W;F;5064;NEP
057540040040-5001;057540040040;100mN32101E42071;SF;NA;4;15;S;F;1517;NEP
057540040040-5001;057540040040;100mN32101E42071;SF;NA;4;12;S;F;0614;NEP
057540040040-5001;057540040040;100mN32101E42071;SF;NA;4;3;S;M;0305;NEP
057540040040-5002;057540040040;100mN32111E42122;S;NA;1;58;D;M;5064;EMP
057540040040-5003;057540040040;100mN32134E42121;S;NA;1;58;M;M;5064;EMP
057540040040-5004;057540040040;100mN32136E42130;MC;OS;2;69;M;F;6574;UEP
057540040040-5004;057540040040;100mN32136E42130;MC;OS;2;76;M;M;75XX;EMP
057540040040-5005;057540040040;100mN32124E42139;MC;MIX;3;81;S;M;75XX;NEP
057540040040-5005;057540040040;100mN32124E42139;MC;MIX;3;46;M;F;4049;EMP
057540040040-5005;057540040040;100mN32124E42139;MC;MIX;3;51;M;M;5064;EMP
057540040040-5006;057540040040;100mN32119E42117;SF;NA;2;52;D;F;5064;EMP
057540040040-5006;057540040040;100mN32119E42117;SF;NA;2;1;S;M;0003;NEP
057540040040-5007;057540040040;100mN32116E42124;MC;NA;2;58;M;M;5064;EMP
057540040040-5007;057540040040;100mN32116E42124;MC;NA;2;55;M;F;5064;UEP
057540040040-5008;057540040040;100mN32136E42130;SF;NA;2;37;S;F;3039;NEP
057540040040-5008;057540040040;100mN32136E42130;SF;NA;2;15;S;M;1517;NEP
057540040040-5009;057540040040;100mN32136E42130;MC;OS;2;87;M;F;75XX;NEP
057540040040-5009;057540040040;100mN32136E42130;MC;OS;2;83;M;M;75XX;EMP
057540040040-5010;057540040040;100mN32117E42114;SM;NA;3;68;W;M;6574;EMP
057540040040-5010;057540040040;100mN32117E42114;SM;NA;3;9;S;F;0614;NEP
057540040040-5010;057540040040;100mN32117E42114;SM;NA;3;36;S;M;3039;EMP
057540040040-5011;057540040040;100mN32136E42130;MC;NA;2;37;M;F;3039;NEP
057540040040-5011;057540040040;100mN32136E42130;MC;NA;2;46;M;M;4049;EMP
057540040040-5012;057540040040;100mN32125E42105;S;NA;1;45;S;M;4049;EMP
057540040040-5013;057540040040;100mN32116E42128;PO;NA;2;59;S;M;5064;EMP
057540040040-5013;057540040040;100mN32116E42128;PO;NA;2;60;S;M;5064;EMP
057540040040-5014;057540040040;100mN32125E42105;MC;NA;4;42;M;F;4049;NEP
057540040040-5014;057540040040;100mN32125E42105;MC;NA;4;47;M;M;4049;NEP
057540040040-5014;057540040040;100mN32125E42105;MC;NA;4;27;M;F;2529;EMP
057540040040-5014;057540040040;100mN32125E42105;MC;NA;4;8;S;M;0614;NEP
057540040040-5015;057540040040;100mN32112E42117;S;NA;1;20;D;F;1824;EMP
057540040040-5016;057540040040;100mN32103E42133;MC;NA;4;42;M;F;4049;EMP
057540040040-5016;057540040040;100mN32103E42133;MC;NA;4;42;M;M;4049;EMP
057540040040-5016;057540040040;100mN32103E42133;MC;NA;4;19;S;M;1824;EMP
057540040040-5016;057540040040;100mN32103E42133;MC;NA;4;16;S;F;1517;NEP
057540040040-5017;057540040040;100mN32133E42130;S;NA;1;72;M;M;6574;EMP
057540040040-5018;057540040040;100mN32123E42136;S;OS;1;44;W;F;4049;EMP
057540040040-5019;057540040040;100mN32137E42120;MC;OS;4;69;M;F;6574;EMP
057540040040-5019;057540040040;100mN32137E42120;MC;OS;4;83;M;M;75XX;EMP
057540040040-5019;057540040040;100mN32137E42120;MC;OS;4;67;M;F;6574;UEP
057540040040-5019;057540040040;100mN32137E42120;MC;OS;4;67;S;M;6574;EMP
057540040040-5020;057540040040;100mN32118E42089;SF;NA;2;89;D;F;75XX;EMP
057540040040-5020;057540040040;100mN32118E42089;SF;NA;2;8;S;M;0614;NEP
057540040040-5021;057540040040;100mN32125E42146;S;NA;1;58;S;M;5064;NEP
057540040040-5022;057540040040;100mN32118E42131;MC;NA;2;46;M;M;4049;EMP
057540040040-5022;057540040040;100mN32118E42131;MC;NA;2;43;M;F;4049;UEP
057540040040-5023;057540040040;100mN32117E42123;MC;OS;5;84;M;F;75XX;NEP
057540040040-5023;057540040040;100mN32117E42123;MC;OS;5;85;M;M;75XX;EMP
057540040040-5023;057540040040;100mN32117E42123;MC;OS;5;73;W;F;6574;NEP
057540040040-5023;057540040040;100mN32117E42123;MC;OS;5;69;M;M;6574;EMP
057540040040-5023;057540040040;100mN32117E42123;MC;OS;5;68;S;M;6574;EMP
057540040040-5024;057540040040;100mN32132E42118;MC;NA;4;43;M;F;4049;EMP
057540040040-5024;057540040040;100mN32132E42118;MC;NA;4;50;M;M;5064;NEP
057540040040-5024;057540040040;100mN32132E42118;MC;NA;4;21;M;M;1824;NEP
057540040040-5024;057540040040;100mN32132E42118;MC;NA;4;19;M;M;1824;NEP
057540040040-5025;057540040040;100mN32132E42118;MC;NA;6;55;M;F;5064;EMP
057540040040-5025;057540040040;100mN32132E42118;MC;NA;6;63;M;M;5064;EMP
057540040040-5025;057540040040;100mN32132E42118;MC;NA;6;0;S;F;0003;NEP
057540040040-5025;057540040040;100mN32132E42118;MC;NA;6;13;S;F;0614;NEP
057540040040-5025;057540040040;100mN32132E42118;MC;NA;6;8;S;F;0614;NEP
057540040040-5025;057540040040;100mN32132E42118;MC;NA;6;25;M;M;2529;EMP
057540040040-5026;057540040040;100mN32122E42147;S;NA;1;32;W;F;3039;NEP
057540040040-5027;057540040040;100mN32132E42133;MC;NA;6;45;M;F;4049;EMP
057540040040-5027;057540040040;100mN32132E42133;MC;NA;6;48;M;M;4049;EMP
057540040040-5027;057540040040;100mN32132E42133;MC;NA;6;0;S;M;0003;NEP
057540040040-5027;057540040040;100mN32132E42133;MC;NA;6;9;S;F;0614;NEP
057540040040-5027;057540040040;100mN32132E42133;MC;NA;6;27;W;F;2529;NEP
057540040040-5027;057540040040;100mN32132E42133;MC;NA;6;18;W;F;1824;NEP
057540040040-5028;057540040040;100mN32132E42118;MC;MIX;2;65;M;M;6574;EMP
057540040040-5028;057540040040;100mN32132E42118;MC;MIX;2;59;M;F;5064;EMP
057540040040-5029;057540040040;100mN32131E42135;MC;NA;6;58;M;M;5064;EMP
057540040040-5029;057540040040;100mN32131E42135;MC;NA;6;57;M;F;5064;EMP
057540040040-5029;057540040040;100mN32131E42135;MC;NA;6;12;S;M;0614;NEP
057540040040-5029;057540040040;100mN32131E42135;MC;NA;6;13;S;M;0614;NEP
057540040040-5029;057540040040;100mN32131E42135;MC;NA;6;6;S;M;0614;NEP
057540040040-5029;057540040040;100mN32131E42135;MC;NA;6;9;S;F;0614;NEP
057540040040-5030;057540040040;100mN32090E42095;S;NA;1;31;S;M;3039;NEP
057540040040-5031;057540040040;100mN32112E42133;MC;OS;4;83;M;M;75XX;EMP
057540040040-5031;057540040040;100mN32112E42133;MC;OS;4;87;M;F;75XX;EMP
057540040040-5031;057540040040;100mN32112E42133;MC;OS;4;87;M;M;75XX;NEP
057540040040-5031;057540040040;100mN32112E42133;MC;OS;4;67;S;M;6574;NEP
057540040040-5032;057540040040;100mN32089E42097;SF;NA;4;34;S;F;3039;EMP
057540040040-5032;057540040040;100mN32089E42097;SF;NA;4;0;S;F;0003;NEP
057540040040-5032;057540040040;100mN32089E42097;SF;NA;4;19;D;M;1824;EMP
057540040040-5032;057540040040;100mN32089E42097;SF;NA;4;13;S;M;0614;NEP
057540040040-5033;057540040040;100mN32123E42111;S;NA;1;33;S;F;3039;UEP
057540040040-5034;057540040040;100mN32123E42111;PO;NA;3;43;S;M;4049;EMP
057540040040-5034;057540040040;100mN32123E42111;PO;NA;3;48;S;F;4049;EMP
057540040040-5034;057540040040;100mN32123E42111;PO;NA;3;11;S;M;0614;NEP
057540040040-5035;057540040040;100mN32139E42129;SF;NA;3;40;S;F;4049;NEP
057540040040-5035;057540040040;100mN32139E42129;SF;NA;3;12;S;F;0614;NEP
057540040040-5035;057540040040;100mN32139E42129;SF;NA;3;0;S;M;0003;NEP
057540040040-5036;057540040040;100mN32131E42135;S;NA;1;61;W;F;5064;EMP
057540040040-5037;057540040040;100mN32085E42117;MC;NA;4;28;M;M;2529;NEP
057540040040-5037;057540040040;100mN32085E42117;MC;NA;4;27;M;F;2529;NEP
057540040040-5037;057540040040;100mN32085E42117;MC;NA;4;11;S;F;0614;NEP
057540040040-5037;057540040040;100mN32085E42117;MC;NA;4;7;S;F;0614;NEP
057540040040-5038;057540040040;100mN32111E42122;NA;MIX;2;47;M;M;4049;EMP
057540040040-5038;057540040040;100mN32111E42122;NA;MIX;2;40;S;F;4049;EMP
057540040040-5039;057540040040;100mN32127E42143;S;NA;1;25;D;M;2529;NEP
057540040040-5040;057540040040;100mN32104E42085;S;OS;1;71;M;F;6574;NEP
057540040040-5041;057540040040;100mN32125E42139;MC;NA;3;51;M;F;5064;NEP
057540040040-5041;057540040040;100mN32125E42139;MC;NA;3;52;M;M;5064;EMP
057540040040-5041;057540040040;100mN32125E42139;MC;NA;3;28;M;M;2529;NEP
057540040040-5042;057540040040;100mN32121E42140;S;NA;1;55;W;F;5064;EMP
057540040040-5043;057540040040;100mN32139E42128;MC;OS;2;89;M;M;75XX;NEP
057540040040-5043;057540040040;100mN32139E42128;MC;OS;2;40;D;F;4049;UEP
057540040040-5044;057540040040;100mN32125E42139;SF;NA;4;37;W;F;3039;EMP
057540040040-5044;057540040040;100mN32125E42139;SF;NA;4;10;S;M;0614;NEP
057540040040-5044;057540040040;100mN32125E42139;SF;NA;4;4;S;M;0305;NEP
057540040040-5044;057540040040;100mN32125E42139;SF;NA;4;3;S;M;0305;NEP
057540040040-5045;057540040040;100mN32134E42121;S;NA;1;47;D;F;4049;EMP
057540040040-5046;057540040040;100mN32125E42139;S;NA;1;32;M;M;3039;NEP
057540040040-5047;057540040040;100mN32125E42139;S;NA;1;45;M;M;4049;EMP
057540040040-5048;057540040040;100mN32137E42120;MC;NA;4;46;M;M;4049;NEP
057540040040-5048;057540040040;100mN32137E42120;MC;NA;4;44;M;F;4049;EMP
057540040040-5048;057540040040;100mN32137E42120;MC;NA;4;15;S;F;1517;UEP
057540040040-5048;057540040040;100mN32137E42120;MC;NA;4;31;M;M;3039;NEP
057540040040-5049;057540040040;100mN32125E42139;MC;MIX;3;71;S;F;6574;NEP
057540040040-5049;057540040040;100mN32125E42139;MC;MIX;3;60;M;M;5064;EMP
057540040040-5049;057540040040;100mN32125E42139;MC;MIX;3;45;M;F;4049;EMP
057540040040-5050;057540040040;100mN32125E42139;MC;OS;2;72;M;F;6574;EMP
057540040040-5050;057540040040;100mN32125E42139;MC;OS;2;73;M;M;6574;NEP
057540040040-5051;057540040040;100mN32125E42139;S;NA;1;42;M;M;4049;EMP
057540040040-5052;057540040040;100mN32125E42139;PO;OS;4;80;S;F;75XX;EMP
057540040040-5052;057540040040;100mN32125E42139;PO;OS;4;81;S;F;75XX;EMP
057540040040-5052;057540040040;100mN32125E42139;PO;OS;4;83;M;F;75XX;EMP
057540040040-5052;057540040040;100mN32125E42139;PO;OS;4;73;S;M;6574;NEP
057540040040-5053;057540040040;100mN32125E42139;MC;NA;2;50;M;F;5064;EMP
057540040040-5053;057540040040;100mN32125E42139;MC;NA;2;53;M;M;5064;EMP
057540040040-5054;057540040040;100mN32127E42142;MC;NA;3;45;M;M;4049;EMP
057540040040-5054;057540040040;100mN32127E42142;MC;NA;3;48;M;F;4049;NEP
057540040040-5054;057540040040;100mN32127E42142;MC;NA;3;27;D;F;2529;EMP
057540040040-5055;057540040040;100mN32101E42072;S;NA;1;48;S;M;4049;EMP
057540040040-5056;057540040040;100mN32125E42139;MC;NA;6;58;M;F;5064;EMP
057540040040-5056;057540040040;100mN32125E42139;MC;NA;6;61;M;M;5064;NEP
057540040040-5056;057540040040;100mN32125E42139;MC;NA;6;1;S;F;0003;NEP
057540040040-5056;057540040040;100mN32125E42139;MC;NA;6;10;S;F;0614;NEP
057540040040-5056;057540040040;100mN32125E42139;MC;NA;6;6;S;F;0614;NEP
057540040040-5056;057540040040;100mN32125E42139;MC;NA;6;2;S;M;0003;NEP
057540040040-5057;057540040040;100mN32125E42139;MC;NA;3;61;M;F;5064;NEP
057540040040-5057;057540040040;100mN32125E42139;MC;NA;3;60;M;M;5064;EMP
057540040040-5057;057540040040;100mN32125E42139;MC;NA;3;4;S;M;0305;NEP
057540040040-5058;057540040040;100mN32132E42133;S;OS;1;54;D;F;5064;NEP
057540040040-5059;057540040040;100mN32125E42139;S;NA;1;42;D;M;4049;EMP
057540040040-5060;057540040040;100mN32125E42139;PO;OS;4;65;S;F;6574;NEP
057540040040-5060;057540040040;100mN32125E42139;PO;OS;4;68;S;M;6574;NEP
057540040040-5060;057540040040;100mN32125E42139;PO;OS;4;68;S;M;6574;NEP
057540040040-5060;057540040040;100mN32125E42139;PO;OS;4;79;W;F;75XX;EMP
057540040040-5061;057540040040;100mN32125E42139;SF;NA;5;32;W;F;3039;EMP
057540040040-5061;057540040040;100mN32125E42139;SF;NA;5;12;S;M;0614;NEP
057540040040-5061;057540040040;100mN32125E42139;SF;NA;5;16;S;F;1517;NEP
057540040040-5061;057540040040;100mN32125E42139;SF;NA;5;16;S;M;1517;EMP
057540040040-5061;057540040040;100mN32125E42139;SF;NA;5;16;S;M;1517;EMP
057540040040-5062;057540040040;100mN32125E42139;S;OS;1;30;M;M;3039;NEP
057540040040-5063;057540040040;100mN32125E42139;MC;NA;2;43;M;M;4049;NEP
057540040040-5063;057540040040;100mN32125E42139;MC;NA;2;40;M;F;4049;NEP
057540040040-5064;057540040040;100mN32125E42139;MC;NA;3;35;M;M;3039;NEP
057540040040-5064;057540040040;100mN32125E42139;MC;NA;3;33;M;F;3039;EMP
057540040040-5064;057540040040;100mN32125E42139;MC;NA;3;20;S;M;1824;EMP
057540040040-5065;057540040040;100mN32123E42147;PO;NA;2;58;S;F;5064;UEP
057540040040-5065;057540040040;100mN32123E42147;PO;NA;2;58;S;F;5064;UEP
057540040040-5066;057540040040;100mN32125E42139;MC;NA;3;51;M;F;5064;NEP
057540040040-5066;057540040040;100mN32125E42139;MC;NA;3;51;M;M;5064;NEP
057540040040-5066;057540040040;100mN32125E42139;MC;NA;3;4;S;M;0305;NEP
057540040040-5067;057540040040;100mN32141E42117;S;NA;1;52;W;F;5064;UEP
057540040040-5068;057540040040;100mN32125E42139;S;OS;1;80;M;M;75XX;EMP
057540040040-5069;057540040040;100mN32124E42141;PO;NA;5;56;S;M;5064;NEP
057540040040-5069;057540040040;100mN32124E42141;PO;NA;5;18;S;F;1824;NEP
057540040040-5069;057540040040;100mN32124E42141;PO;NA;5;6;S;F;0614;NEP
057540040040-5069;057540040040;100mN32124E42141;PO;NA;5;11;S;F;0614;NEP
057540040040-5069;057540040040;100mN32124E42141;PO;NA;5;38;W;F;3039;NEP
057540040040-5070;057540040040;100mN32125E42139;S;NA;1;42;D;M;4049;EMP
057540040040-5071;057540040040;100mN32125E42139;S;NA;1;36;M;F;3039;EMP
057540040040-5072;057540040040;100mN32116E42117;MC;MIX;2;88;M;F;75XX;UEP
057540040040-5072;057540040040;100mN32116E42117;MC;MIX;2;6;S;F;0614;NEP
057540040040-5073;057540040040;100mN32114E42122;S;NA;1;25;M;F;2529;EMP
057540040040-5074;057540040040;100mN32130E42138;MC;OS;2;77;M;F;75XX;NEP
057540040040-5074;057540040040;100mN32130E42138;MC;OS;2;79;M;M;75XX;EMP
057540040040-5075;057540040040;100mN32104E42074;S;NA;1;78;D;F;75XX;NEP
057540040040-5076;057540040040;100mN32117E42133;S;NA;1;52;S;F;5064;NEP
057540040040-5077;057540040040;100mN32104E42074;S;NA;1;72;M;F;6574;EMP
057540040040-5078;057540040040;100mN32104E42074;MC;NA;5;63;M;M;5064;EMP
057540040040-5078;057540040040;100mN32104E42074;MC;NA;5;62;M;F;5064;EMP
057540040040-5078;057540040040;100mN32104E42074;MC;NA;5;3;S;M;0305;NEP
057540040040-5078;057540040040;100mN32104E42074;MC;NA;5;4;S;M;0305;NEP
057540040040-5078;057540040040;100mN32104E42074;MC;NA;5;46;S;F;4049;NEP
057540040040-5079;057540040040;100mN32104E42074;S;OS;1;85;S;F;75XX;NEP
057540040040-5080;057540040040;100mN32127E42140;MC;NA;2;48;M;F;4049;EMP
057540040040-5080;057540040040;100mN32127E42140;MC;NA;2;51;M;M;5064;EMP
057540040040-5081;057540040040;100mN32141E42107;SF;NA;2;58;S;F;5064;NEP
057540040040-5081;057540040040;100mN32141E42107;SF;NA;2;15;S;F;1517;EMP
057540040040-5082;057540040040;100mN32104E42074;SF;NA;2;45;W;F;4049;EMP
057540040040-5082;057540040040;100mN32104E42074;SF;NA;2;11;S;F;0614;NEP
057540040040-5083;057540040040;100mN32131E42132;MC;NA;4;52;M;M;5064;EMP
057540040040-5083;057540040040;100mN32131E42132;MC;NA;4;46;M;F;4049;EMP
057540040040-5083;057540040040;100mN32131E42132;MC;NA;4;9;S;F;0614;NEP
057540040040-5083;057540040040;100mN32131E42132;MC;NA;4;7;S;M;0614;NEP
057540040040-5084;057540040040;100mN32117E42133;MC;MIX;6;70;M;M;6574;EMP
057540040040-5084;057540040040;100mN32117E42133;MC;MIX;6;46;M;M;4049;NEP
057540040040-5084;057540040040;100mN32117E42133;MC;MIX;6;63;M;F;5064;EMP
057540040040-5084;057540040040;100mN32117E42133;MC;MIX;6;6;S;M;0614;NEP
057540040040-5084;057540040040;100mN32117E42133;MC;MIX;6;3;S;F;0305;NEP
057540040040-5084;057540040040;100mN32117E42133;MC;MIX;6;19;M;M;1824;NEP
057540040040-5085;057540040040;100mN32111E42123;MC;NA;6;27;M;M;2529;EMP
057540040040-5085;057540040040;100mN32111E42123;MC;NA;6;26;M;F;2529;EMP
057540040040-5085;057540040040;100mN32111E42123;MC;NA;6;3;S;M;0305;NEP
057540040040-5085;057540040040;100mN32111E42123;MC;NA;6;0;S;F;0003;NEP
057540040040-5085;057540040040;100mN32111E42123;MC;NA;6;1;S;M;0003;NEP
057540040040-5085;057540040040;100mN32111E42123;MC;NA;6;12;S;M;0614;NEP
057540040040-5086;057540040040;100mN32104E42074;MC;NA;4;40;M;F;4049;EMP
057540040040-5086;057540040040;100mN32104E42074;MC;NA;4;40;M;M;4049;EMP
057540040040-5086;057540040040;100mN32104E42074;MC;NA;4;4;S;F;0305;NEP
057540040040-5086;057540040040;100mN32104E42074;MC;NA;4;11;S;M;0614;NEP
057540040040-5087;057540040040;100mN32102E42075;S;NA;1;30;S;F;3039;EMP
057540040040-5088;057540040040;100mN32104E42074;S;OS;1;16;S;M;1517;NEP
057540040040-5089;057540040040;100mN32104E42074;S;NA;1;32;M;F;3039;EMP
057540040040-5090;057540040040;100mN32114E42128;MC;NA;4;51;M;F;5064;EMP
057540040040-5090;057540040040;100mN32114E42128;MC;NA;4;53;M;M;5064;NEP
057540040040-5090;057540040040;100mN32114E42128;MC;NA;4;11;S;M;0614;NEP
057540040040-5090;057540040040;100mN32114E42128;MC;NA;4;16;S;M;1517;EMP
057540040040-5091;057540040040;100mN32157E42123;MC;NA;5;42;M;F;4049;EMP
057540040040-5091;057540040040;100mN32157E42123;MC;NA;5;45;M;M;4049;NEP
057540040040-5091;057540040040;100mN32157E42123;MC;NA;5;16;S;F;1517;NEP
057540040040-5091;057540040040;100mN32157E42123;MC;NA;5;16;S;M;1517;NEP
057540040040-5091;057540040040;100mN32157E42123;MC;NA;5;11;S;M;0614;NEP
057540040040-5092;057540040040;100mN32124E42105;S;OS;1;53;S;M;5064;EMP
057540040040-5093;057540040040;100mN32104E42074;MC;MIX;2;83;M;F;75XX;EMP
057540040040-5093;057540040040;100mN32104E42074;MC;MIX;2;44;S;M;4049;NEP
057540040040-5094;057540040040;100mN32102E42075;SF;MIX;2;81;S;F;75XX;EMP
057540040040-5094;057540040040;100mN32102E42075;SF;MIX;2;8;S;M;0614;NEP
057540040040-5095;057540040040;100mN32104E42074;S;NA;1;67;S;F;6574;EMP
057540040040-5096;057540040040;100mN32137E42121;MC;OS;5;66;M;M;6574;EMP
057540040040-5096;057540040040;100mN32137E42121;MC;OS;5;65;M;F;6574;NEP
057540040040-5096;057540040040;100mN32137E42121;MC;OS;5;73;D;F;6574;EMP
057540040040-5096;057540040040;100mN32137E42121;MC;OS;5;84;M;F;75XX;EMP
057540040040-5096;057540040040;100mN32137E42121;MC;OS;5;65;W;F;6574;EMP
057540040040-5097;057540040040;100mN32112E42121;S;OS;1;48;M;M;4049;NEP
057540040040-5098;057540040040;100mN32104E42075;MC;NA;2;46;M;M;4049;NEP
057540040040-5098;057540040040;100mN32104E42075;MC;NA;2;41;M;F;4049;UEP
057540040040-5099;057540040040;100mN32104E42075;SF;NA;3;50;S;F;5064;EMP
057540040040-5099;057540040040;100mN32104E42075;SF;NA;3;6;S;F;0614;NEP
057540040040-5099;057540040040;100mN32104E42075;SF;NA;3;0;S;F;0003;NEP
057540040040-5100;057540040040;100mN32104E42075;S;NA;1;51;S;M;5064;NEP
057540040040-5101;057540040040;100mN32104E42075;S;NA;1;20;M;M;1824;EMP
057540040040-5102;057540040040;100mN32104E42075;S;OS;1;68;W;M;6574;NEP
057540040040-5103;057540040040;100mN32104E42075;SM;MIX;4;76;D;M;75XX;NEP
057540040040-5103;057540040040;100mN32104E42075;SM;MIX;4;33;S;M;3039;NEP
057540040040-5103;057540040040;100mN32104E42075;SM;MIX;4;4;S;M;0305;NEP
057540040040-5103;057540040040;100mN32104E42075;SM;MIX;4;13;S;F;0614;NEP
057540040040-5104;057540040040;100mN32116E42124;S;NA;1;53;M;F;5064;NEP
057540040040-5105;057540040040;100mN32134E42128;MC;NA;3;48;M;M;4049;EMP
057540040040-5105;057540040040;100mN32134E42128;MC;NA;3;40;M;F;4049;UEP
057540040040-5105;057540040040;100mN32134E42128;MC;NA;3;21;M;M;1824;EMP
057540040040-5106;057540040040;100mN32134E42128;MC;OS;2;85;M;M;75XX;NEP
057540040040-5106;057540040040;100mN32134E42128;MC;OS;2;83;M;F;75XX;EMP
057540040040-5107;057540040040;100mN32134E42128;MC;OS;2;69;M;F;6574;NEP
057540040040-5107;057540040040;100mN32134E42128;MC;OS;2;71;M;M;6574;EMP
057540040040-5108;057540040040;100mN32134E42128;MC;NA;4;43;M;F;4049;NEP
057540040040-5108;057540040040;100mN32134E42128;MC;NA;4;47;M;M;4049;EMP
057540040040-5108;057540040040;100mN32134E42128;MC;NA;4;3;S;M;0305;NEP
057540040040-5108;057540040040;100mN32134E42128;MC;NA;4;3;S;M;0305;NEP
057540040040-5109;057540040040;100mN32117E42123;MC;NA;2;48;M;F;4049;NEP
057540040040-5109;057540040040;100mN32117E42123;MC;NA;2;48;M;M;4049;NEP
057540040040-5110;057540040040;100mN32134E42128;MC;NA;2;34;M;M;3039;EMP
057540040040-5110;057540040040;100mN32134E42128;MC;NA;2;25;M;F;2529;NEP
057540040040-5111;057540040040;100mN32134E42128;MC;NA;2;18;M;F;1824;EMP
057540040040-5111;057540040040;100mN32134E42128;MC;NA;2;21;M;M;1824;EMP
057540040040-5112;057540040040;100mN32134E42128;NA;NA;5;19;M;F;1824;EMP
057540040040-5112;057540040040;100mN32134E42128;NA;NA;5;16;S;M;1517;NEP
057540040040-5112;057540040040;100mN32134E42128;NA;NA;5;63;M;M;5064;EMP
057540040040-5112;057540040040;100mN32134E42128;NA;NA;5;79;D;F;75XX;EMP
057540040040-5112;057540040040;100mN32134E42128;NA;NA;5;41;S;M;4049;EMP
057540040040-5113;057540040040;100mN32134E42128;MC;MIX;4;86;S;F;75XX;NEP
057540040040-5113;057540040040;100mN32134E42128;MC;MIX;4;62;M;M;5064;NEP
057540040040-5113;057540040040;100mN32134E42128;MC;MIX;4;63;M;F;5064;NEP
057540040040-5113;057540040040;100mN32134E42128;MC;MIX;4;15;S;M;1517;EMP
057540040040-5114;057540040040;100mN32134E42128;S;NA;1;25;M;M;2529;EMP
057540040040-5115;057540040040;100mN32134E42128;SF;NA;4;40;W;F;4049;NEP
057540040040-5115;057540040040;100mN32134E42128;SF;NA;4;12;S;F;0614;NEP
057540040040-5115;057540040040;100mN32134E42128;SF;NA;4;16;S;F;1517;EMP
057540040040-5115;057540040040;100mN32134E42128;SF;NA;4;19;M;M;1824;EMP
057540040040-5116;057540040040;100mN32131E42131;MC;NA;3;43;M;F;4049;EMP
057540040040-5116;057540040040;100mN32131E42131;MC;NA;3;51;M;M;5064;NEP
057540040040-5116;057540040040;100mN32131E42131;MC;NA;3;2;S;M;0003;NEP
057540040040-5117;057540040040;100mN32134E42128;MC;NA;2;53;M;M;5064;EMP
057540040040-5117;057540040040;100mN32134E42128;MC;NA;2;62;M;F;5064;EMP
057540040040-5118;057540040040;100mN32134E42128;S;NA;1;54;M;M;5064;EMP
057540040040-5119;057540040040;100mN32103E42071;MC;NA;6;43;M;F;4049;EMP
057540040040-5119;057540040040;100mN32103E42071;MC;NA;6;37;M;M;3039;EMP
057540040040-5119;057540040040;100mN32103E42071;MC;NA;6;13;S;F;0614;NEP
057540040040-5119;057540040040;100mN32103E42071;MC;NA;6;11;S;M;0614;NEP
057540040040-5119;057540040040;100mN32103E42071;MC;NA;6;12;S;F;0614;NEP
057540040040-5119;057540040040;100mN32103E42071;MC;NA;6;26;D;F;2529;NEP
057540040040-5120;057540040040;100mN32127E42146;NA;OS;2;16;S;F;1517;NEP
057540040040-5120;057540040040;100mN32127E42146;NA;OS;2;45;S;M;4049;NEP
057540040040-5121;057540040040;100mN32137E42121;MC;NA;5;46;M;M;4049;EMP
057540040040-5121;057540040040;100mN32137E42121;MC;NA;5;50;M;F;5064;UEP
057540040040-5121;057540040040;100mN32137E42121;MC;NA;5;20;M;M;1824;EMP
057540040040-5121;057540040040;100mN32137E42121;MC;NA;5;12;S;M;0614;NEP
057540040040-5121;057540040040;100mN32137E42121;MC;NA;5;13;S;F;0614;NEP
057540040040-5122;057540040040;100mN32131E42135;MC;NA;6;58;M;M;5064;EMP
057540040040-5122;057540040040;100mN32131E42135;MC;NA;6;57;M;F;5064;EMP
057540040040-5122;057540040040;100mN32131E42135;MC;NA;6;12;S;M;0614;NEP
057540040040-5122;057540040040;100mN32131E42135;MC;NA;6;13;S;M;0614;NEP
057540040040-5122;057540040040;100mN32131E42135;MC;NA;6;6;S;M;0614;NEP
057540040040-5122;057540040040;100mN32131E42135;MC;NA;6;9;S;F;0614;NEP
057540040040-5123;057540040040;100mN32118E42123;MC;NA;3;47;M;M;4049;EMP
057540040040-5123;057540040040;100mN32118E42123;MC;NA;3;44;M;F;4049;EMP
057540040040-5123;057540040040;100mN32118E42123;MC;NA;3;20;S;F;1824;NEP
057540040040-5124;057540040040;100mN32127E42146;MC;OS;2;73;M;F;6574;EMP
057540040040-5124;057540040040;100mN32127E42146;MC;OS;2;70;M;M;6574;NEP
057540040040-5125;057540040040;100mN32124E42114;SM;NA;2;33;S;M;3039;NEP
057540040040-5125;057540040040;100mN32124E42114;SM;NA;2;9;S;M;0614;NEP
057540040040-5126;057540040040;100mN32127E42142;S;OS;1;70;S;F;6574;EMP
057540040040-5127;057540040040;100mN32127E42142;S;NA;1;57;D;M;5064;EMP
057540040040-5128;057540040040;100mN32127E42142;S;NA;1;19;W;F;1824;EMP
057540040040-5129;057540040040;100mN32127E42142;S;OS;1;22;M;F;1824;EMP
057540040040-5130;057540040040;100mN32127E42142;MC;NA;5;32;M;F;3039;NEP
057540040040-5130;057540040040;100mN32127E42142;MC;NA;5;34;M;M;3039;EMP
057540040040-5130;057540040040;100mN32127E42142;MC;NA;5;6;S;F;0614;NEP
057540040040-5130;057540040040;100mN32127E42142;MC;NA;5;15;S;M;1517;EMP
057540040040-5130;057540040040;100mN32127E42142;MC;NA;5;10;S;F;0614;NEP
057540040040-5131;057540040040;100mN32117E42129;PO;NA;3;46;S;M;4049;NEP
057540040040-5131;057540040040;100mN32117E42129;PO;NA;3;43;S;M;4049;EMP
057540040040-5131;057540040040;100mN32117E42129;PO;NA;3;15;S;F;1517;NEP
057540040040-5132;057540040040;100mN32116E42123;MC;NA;3;60;M;M;5064;EMP
057540040040-5132;057540040040;100mN32116E42123;MC;NA;3;57;M;F;5064;EMP
057540040040-5132;057540040040;100mN32116E42123;MC;NA;3;12;S;F;0614;NEP
057540040040-5133;057540040040;100mN32127E42142;MC;OS;4;65;M;M;6574;EMP
057540040040-5133;057540040040;100mN32127E42142;MC;OS;4;75;M;F;75XX;EMP
057540040040-5133;057540040040;100mN32127E42142;MC;OS;4;66;S;F;6574;EMP
057540040040-5133;057540040040;100mN32127E42142;MC;OS;4;84;M;F;75XX;EMP
057540040040-5134;057540040040;100mN32127E42142;SF;NA;2;18;W;F;1824;NEP
057540040040-5134;057540040040;100mN32127E42142;SF;NA;2;0;S;M;0003;NEP
057540040040-5135;057540040040;100mN32127E42142;S;NA;1;59;D;F;5064;NEP
057540040040-5136;057540040040;100mN32127E42142;S;NA;1;52;S;M;5064;EMP
057540040040-5137;057540040040;100mN32127E42142;MC;NA;3;57;M;F;5064;NEP
057540040040-5137;057540040040;100mN32127E42142;MC;NA;3;57;M;M;5064;NEP
057540040040-5137;057540040040;100mN32127E42142;MC;NA;3;11;S;M;0614;NEP
057540040040-5138;057540040040;100mN32100E42073;PO;NA;4;50;S;F;5064;NEP
057540040040-5138;057540040040;100mN32100E42073;PO;NA;4;52;S;M;5064;EMP
057540040040-5138;057540040040;100mN32100E42073;PO;NA;4;27;M;M;2529;NEP
057540040040-5138;057540040040;100mN32100E42073;PO;NA;4;11;S;M;0614;NEP
057540040040-5139;057540040040;100mN32127E42142;S;NA;1;31;M;M;3039;NEP
057540040040-5140;057540040040;100mN32127E42142;SM;NA;3;43;D;M;4049;EMP
057540040040-5140;057540040040;100mN32127E42142;SM;NA;3;9;S;F;0614;NEP
057540040040-5140;057540040040;100mN32127E42142;SM;NA;3;15;S;F;1517;EMP
057540040040-5141;057540040040;100mN32127E42142;SF;NA;4;45;S;F;4049;NEP
057540040040-5141;057540040040;100mN32127E42142;SF;NA;4;23;M;M;1824;EMP
057540040040-5141;057540040040;100mN32127E42142;SF;NA;4;19;S;M;1824;NEP
057540040040-5141;057540040040;100mN32127E42142;SF;NA;4;0;S;F;0003;NEP
057540040040-5142;057540040040;100mN32117E42123;S;NA;1;33;D;F;3039;NEP
057540040040-5143;057540040040;100mN32127E42142;MC;NA;3;45;M;M;4049;EMP
057540040040-5143;057540040040;100mN32127E42142;MC;NA;3;48;M;F;4049;NEP
057540040040-5143;057540040040;100mN32127E42142;MC;NA;3;27;D;F;2529;EMP
057540040040-5144;057540040040;100mN32136E42127;MC;MIX;2;77;M;F;75XX;EMP
057540040040-5144;057540040040;100mN32136E42127;MC;MIX;2;50;D;M;5064;NEP
057540040040-5145;057540040040;100mN32113E42127;S;OS;1;67;D;M;6574;EMP
057540040040-5146;057540040040;100mN32127E42142;PO;OS;2;81;S;M;75XX;NEP
057540040040-5146;057540040040;100mN32127E42142;PO;OS;2;83;S;F;75XX;EMP
057540040040-5147;057540040040;100mN32127E42142;S;OS;1;36;M;M;3039;NEP
057540040040-5148;057540040040;100mN32114E42126;MC;NA;3;43;M;M;4049;NEP
057540040040-5148;057540040040;100mN32114E42126;MC;NA;3;35;M;F;3039;NEP
057540040040-5148;057540040040;100mN32114E42126;MC;NA;3;27;S;M;2529;EMP
057540040040-5149;057540040040;100mN32154E42120;MC;NA;2;28;M;M;2529;EMP
057540040040-5149;057540040040;100mN32154E42120;MC;NA;2;28;M;F;2529;EMP
057540040040-5150;057540040040;100mN32154E42120;MC;NA;2;52;M;F;5064;NEP
057540040040-5150;057540040040;100mN32154E42120;MC;NA;2;62;M;M;5064;EMP
057540040040-5151;057540040040;100mN32154E42120;MC;NA;2;63;M;F;5064;NEP
057540040040-5151;057540040040;100mN32154E42120;MC;NA;2;20;S;F;1824;NEP
057540040040-5152;057540040040;100mN32129E42097;S;NA;1;30;S;F;3039;EMP
057540040040-5153;057540040040;100mN32137E42121;SF;NA;2;61;S;F;5064;NEP
057540040040-5153;057540040040;100mN32137E42121;SF;NA;2;3;S;M;0305;NEP
057540040040-5154;057540040040;100mN32111E42120;SF;NA;4;37;D;F;3039;NEP
057540040040-5154;057540040040;100mN32111E42120;SF;NA;4;19;S;M;1824;NEP
057540040040-5154;057540040040;100mN32111E42120;SF;NA;4;7;S;F;0614;NEP
057540040040-5154;057540040040;100mN32111E42120;SF;NA;4;19;S;M;1824;NEP
057540040040-5155;057540040040;100mN32137E42120;PO;OS;4;80;S;F;75XX;EMP
057540040040-5155;057540040040;100mN32137E42120;PO;OS;4;73;S;M;6574;NEP
057540040040-5155;057540040040;100mN32137E42120;PO;OS;4;73;M;M;6574;EMP
057540040040-5155;057540040040;100mN32137E42120;PO;OS;4;86;S;M;75XX;NEP
057540040040-5156;057540040040;100mN32114E42125;S;NA;1;21;M;F;1824;EMP
057540040040-5157;057540040040;100mN32115E42131;S;OS;1;42;W;F;4049;EMP
057540040040-5158;057540040040;100mN32111E42124;PO;NA;5;54;S;M;5064;NEP
057540040040-5158;057540040040;100mN32111E42124;PO;NA;5;53;S;F;5064;EMP
057540040040-5158;057540040040;100mN32111E42124;PO;NA;5;10;S;M;0614;NEP
057540040040-5158;057540040040;100mN32111E42124;PO;NA;5;10;S;F;0614;NEP
057540040040-5158;057540040040;100mN32111E42124;PO;NA;5;8;S;M;0614;NEP
057540040040-5159;057540040040;100mN32100E42074;MC;MIX;6;66;M;M;6574;NEP
057540040040-5159;057540040040;100mN32100E42074;MC;MIX;6;51;M;F;5064;EMP
057540040040-5159;057540040040;100mN32100E42074;MC;MIX;6;60;M;M;5064;EMP
057540040040-5159;057540040040;100mN32100E42074;MC;MIX;6;9;S;F;0614;NEP
057540040040-5159;057540040040;100mN32100E42074;MC;MIX;6;8;S;F;0614;NEP
057540040040-5159;057540040040;100mN32100E42074;MC;MIX;6;12;S;F;0614;NEP
057540040040-5160;057540040040;100mN32131E42135;PO;NA;2;53;S;M;5064;EMP
057540040040-5160;057540040040;100mN32131E42135;PO;NA;2;52;S;M;5064;EMP
057540040040-5161;057540040040;100mN32124E42142;MC;NA;2;31;M;M;3039;NEP
057540040040-5161;057540040040;100mN32124E42142;MC;NA;2;25;M;F;2529;NEP
057540040040-5162;057540040040;100mN32120E42128;S;OS;1;71;M;F;6574;NEP
057540040040-5163;057540040040;100mN32120E42128;S;NA;1;45;W;F;4049;NEP
057540040040-5164;057540040040;100mN32125E42144;MC;NA;2;44;M;M;4049;EMP
057540040040-5164;057540040040;100mN32125E42144;MC;NA;2;18;M;F;1824;EMP
057540040040-5165;057540040040;100mN32120E42128;S;OS;1;46;S;M;4049;NEP
057540040040-5166;057540040040;100mN32126E42139;S;NA;1;47;M;M;4049;NEP
057540040040-5167;057540040040;100mN32136E42121;S;NA;1;28;S;M;2529;EMP
057540040040-5168;057540040040;100mN32136E42131;S;NA;1;62;W;M;5064;NEP
057540040040-5169;057540040040;100mN32126E42139;MC;MIX;5;86;M;M;75XX;EMP
057540040040-5169;057540040040;100mN32126E42139;MC;MIX;5;44;M;F;4049;EMP
057540040040-5169;057540040040;100mN32126E42139;MC;MIX;5;46;M;M;4049;EMP
057540040040-5169;057540040040;100mN32126E42139;MC;MIX;5;22;M;F;1824;NEP
057540040040-5169;057540040040;100mN32126E42139;MC;MIX;5;23;W;F;1824;NEP
057540040040-5170;057540040040;100mN32126E42139;MC;NA;4;25;M;M;2529;EMP
057540040040-5170;057540040040;100mN32126E42139;MC;NA;4;25;M;F;2529;NEP
057540040040-5170;057540040040;100mN32126E42139;MC;NA;4;10;S;M;0614;NEP
057540040040-5170;057540040040;100mN32126E42139;MC;NA;4;7;S;F;0614;NEP
057540040040-5171;057540040040;100mN32112E42118;S;OS;1;41;W;M;4049;NEP
057540040040-5172;057540040040;100mN32126E42139;S;NA;1;77;S;M;75XX;NEP
057540040040-5173;057540040040;100mN32126E42139;MC;NA;3;20;M;M;1824;NEP
057540040040-5173;057540040040;100mN32126E42139;MC;NA;3;20;M;F;1824;EMP
057540040040-5173;057540040040;100mN32126E42139;MC;NA;3;0;S;F;0003;NEP
057540040040-5174;057540040040;100mN32126E42139;MC;OS;6;67;M;F;6574;EMP
057540040040-5174;057540040040;100mN32126E42139;MC;OS;6;70;M;M;6574;EMP
057540040040-5174;057540040040;100mN32126E42139;MC;OS;6;87;M;F;75XX;NEP
057540040040-5174;057540040040;100mN32126E42139;MC;OS;6;88;W;F;75XX;NEP
057540040040-5174;057540040040;100mN32126E42139;MC;OS;6;88;S;M;75XX;EMP
057540040040-5174;057540040040;100mN32126E42139;MC;OS;6;68;M;M;6574;NEP
057540040040-5175;057540040040;100mN32126E42139;S;NA;1;58;D;M;5064;EMP
057540040040-5176;057540040040;100mN32126E42139;MC;NA;4;48;M;F;4049;NEP
057540040040-5176;057540040040;100mN32126E42139;MC;NA;4;50;M;M;5064;EMP
057540040040-5176;057540040040;100mN32126E42139;MC;NA;4;15;S;F;1517;EMP
057540040040-5176;057540040040;100mN32126E42139;MC;NA;4;26;S;M;2529;EMP
057540040040-5177;057540040040;100mN32126E42139;S;NA;1;51;D;F;5064;EMP
057540040040-5178;057540040040;100mN32126E42139;SF;NA;3;60;D;F;5064;EMP
057540040040-5178;057540040040;100mN32126E42139;SF;NA;3;37;W;M;3039;NEP
057540040040-5178;057540040040;100mN32126E42139;SF;NA;3;28;M;M;2529;NEP
057540040040-5179;057540040040;100mN32136E42123;MC;NA;2;57;M;F;5064;EMP
057540040040-5179;057540040040;100mN32136E42123;MC;NA;2;58;M;M;5064;EMP
057540040040-5180;057540040040;100mN32136E42123;NA;OS;3;59;M;F;5064;NEP
057540040040-5180;057540040040;100mN32136E42123;NA;OS;3;73;S;M;6574;EMP
057540040040-5180;057540040040;100mN32136E42123;NA;OS;3;56;S;M;5064;EMP
057540040040-5181;057540040040;100mN32136E42123;NA;NA;4;56;S;F;5064;NEP
057540040040-5181;057540040040;100mN32136E42123;NA;NA;4;38;M;F;3039;EMP
057540040040-5181;057540040040;100mN32136E42123;NA;NA;4;41;M;M;4049;NEP
057540040040-5181;057540040040;100mN32136E42123;NA;NA;4;73;D;M;6574;EMP
057540040040-5182;057540040040;100mN32102E42071;PO;OS;3;85;S;M;75XX;NEP
057540040040-5182;057540040040;100mN32102E42071;PO;OS;3;63;M;M;5064;EMP
057540040040-5182;057540040040;100mN32102E42071;PO;OS;3;71;D;F;6574;EMP
057540040040-5183;057540040040;100mN32089E42076;S;NA;1;44;M;F;4049;EMP
057540040040-5184;057540040040;100mN32132E42134;S;NA;1;20;M;F;1824;EMP
057540040040-5185;057540040040;100mN32125E42113;MC;NA;2;20;M;M;1824;NEP
057540040040-5185;057540040040;100mN32125E42113;MC;NA;2;26;M;F;2529;NEP
057540040040-5186;057540040040;100mN32125E42113;PO;MIX;3;72;S;F;6574;EMP
057540040040-5186;057540040040;100mN32125E42113;PO;MIX;3;20;S;F;1824;EMP
057540040040-5186;057540040040;100mN32125E42113;PO;MIX;3;20;S;M;1824;EMP
057540040040-5187;057540040040;100mN32125E42113;MC;NA;2;51;M;F;5064;NEP
057540040040-5187;057540040040;100mN32125E42113;MC;NA;2;53;M;M;5064;NEP
057540040040-5188;057540040040;100mN32125E42113;SF;NA;3;46;S;F;4049;UEP
057540040040-5188;057540040040;100mN32125E42113;SF;NA;3;13;S;F;0614;NEP
057540040040-5188;057540040040;100mN32125E42113;SF;NA;3;31;M;F;3039;NEP
057540040040-5189;057540040040;100mN32117E42113;MC;NA;4;37;M;M;3039;NEP
057540040040-5189;057540040040;100mN32117E42113;MC;NA;4;18;M;F;1824;UEP
057540040040-5189;057540040040;100mN32117E42113;MC;NA;4;7;S;M;0614;NEP
057540040040-5189;057540040040;100mN32117E42113;MC;NA;4;16;S;F;1517;EMP
057540040040-5190;057540040040;100mN32125E42113;S;NA;1;68;S;F;6574;NEP
057540040040-5191;057540040040;100mN32125E42113;MC;NA;2;32;M;F;3039;NEP
057540040040-5191;057540040040;100mN32125E42113;MC;NA;2;23;M;M;1824;NEP
057540040040-5192;057540040040;100mN32125E42115;MC;OS;3;80;M;F;75XX;NEP
057540040040-5192;057540040040;100mN32125E42115;MC;OS;3;89;M;M;75XX;EMP
057540040040-5192;057540040040;100mN32125E42115;MC;OS;3;68;W;F;6574;EMP
057540040040-5193;057540040040;100mN32125E42113;MC;NA;6;63;M;M;5064;NEP
057540040040-5193;057540040040;100mN32125E42113;MC;NA;6;58;M;F;5064;NEP
057540040040-5193;057540040040;100mN32125E42113;MC;NA;6;2;S;M;0003;NEP
057540040040-5193;057540040040;100mN32125E42113;MC;NA;6;40;S;F;4049;NEP
057540040040-5193;057540040040;100mN32125E42113;MC;NA;6;9;S;F;0614;NEP
057540040040-5193;057540040040;100mN32125E42113;MC;NA;6;41;S;M;4049;NEP
057540040040-5194;057540040040;100mN32125E42113;MC;NA;4;40;M;M;4049;NEP
057540040040-5194;057540040040;100mN32125E42113;MC;NA;4;37;M;F;3039;EMP
057540040040-5194;057540040040;100mN32125E42113;MC;NA;4;8;S;F;0614;NEP
057540040040-5194;057540040040;100mN32125E42113;MC;NA;4;15;S;M;1517;NEP
057540040040-5195;057540040040;100mN32117E42122;MC;MIX;2;73;M;F;6574;NEP
057540040040-5195;057540040040;100mN32117E42122;MC;MIX;2;19;W;F;1824;EMP
057540040040-5196;057540040040;100mN32139E42122;SF;NA;4;38;W;F;3039;EMP
057540040040-5196;057540040040;100mN32139E42122;SF;NA;4;19;S;M;1824;EMP
057540040040-5196;057540040040;100mN32139E42122;SF;NA;4;11;S;F;0614;NEP
057540040040-5196;057540040040;100mN32139E42122;SF;NA;4;15;S;F;1517;NEP
057540040040-5197;057540040040;100mN32125E42113;SF;NA;2;50;W;F;5064;EMP
057540040040-5197;057540040040;100mN32125E42113;SF;NA;2;8;S;M;0614;NEP
057540040040-5198;057540040040;100mN32137E42128;S;OS;1;45;S;M;4049;NEP
057540040040-5199;057540040040;100mN32093E42059;PO;OS;5;81;S;F;75XX;EMP
057540040040-5199;057540040040;100mN32093E42059;PO;OS;5;79;S;M;75XX;EMP
057540040040-5199;057540040040;100mN32093E42059;PO;OS;5;73;W;F;6574;EMP
057540040040-5199;057540040040;100mN32093E42059;PO;OS;5;67;S;M;6574;NEP
057540040040-5199;057540040040;100mN32093E42059;PO;OS;5;78;D;F;75XX;EMP
057540040040-5200;057540040040;100mN32118E42126;MC;NA;2;20;M;M;1824;EMP
057540040040-5200;057540040040;100mN32118E42126;MC;NA;2;23;M;F;1824;EMP
057540040040-5201;057540040040;100mN32131E42131;MC;MIX;2;65;M;F;6574;EMP
057540040040-5201;057540040040;100mN32131E42131;MC;MIX;2;63;M;M;5064;EMP
057540040040-5202;057540040040;100mN32131E42135;S;NA;1;43;M;F;4049;UEP
057540040040-5203;057540040040;100mN32125E42113;S;OS;1;82;W;F;75XX;NEP
057540040040-5204;057540040040;100mN32125E42113;MC;NA;6;45;M;M;4049;EMP
057540040040-5204;057540040040;100mN32125E42113;MC;NA;6;40;M;F;4049;EMP
057540040040-5204;057540040040;100mN32125E42113;MC;NA;6;15;S;F;1517;EMP
057540040040-5204;057540040040;100mN32125E42113;MC;NA;6;26;M;M;2529;EMP
057540040040-5204;057540040040;100mN32125E42113;MC;NA;6;7;S;F;0614;NEP
057540040040-5204;057540040040;100mN32125E42113;MC;NA;6;9;S;M;0614;NEP
057540040040-5205;057540040040;100mN32125E42113;MC;NA;3;31;M;M;3039;EMP
057540040040-5205;057540040040;100mN32125E42113;MC;NA;3;62;M;F;5064;NEP
057540040040-5205;057540040040;100mN32125E42113;MC;NA;3;12;S;M;0614;NEP
057540040040-5206;057540040040;100mN32132E42133;MC;NA;6;45;M;F;4049;EMP
057540040040-5206;057540040040;100mN32132E42133;MC;NA;6;48;M;M;4049;EMP
057540040040-5206;057540040040;100mN32132E42133;MC;NA;6;0;S;M;0003;NEP
057540040040-5206;057540040040;100mN32132E42133;MC;NA;6;9;S;F;0614;NEP
057540040040-5206;057540040040;100mN32132E42133;MC;NA;6;27;W;F;2529;NEP
057540040040-5206;057540040040;100mN32132E42133;MC;NA;6;18;W;F;1824;NEP
057540040040-5207;057540040040;100mN32125E42113;S;OS;1;69;M;M;6574;EMP
057540040040-5208;057540040040;100mN32125E42113;S;NA;1;31;S;F;3039;EMP
057540040040-5209;057540040040;100mN32125E42113;SF;NA;2;54;S;F;5064;NEP
057540040040-5209;057540040040;100mN32125E42113;SF;NA;2;2;S;F;0003;NEP
057540040040-5210;057540040040;100mN32125E42113;MC;NA;2;33;M;F;3039;EMP
057540040040-5210;057540040040;100mN32125E42113;MC;NA;2;41;M;M;4049;EMP
057540040040-5211;057540040040;100mN32125E42113;MC;NA;5;27;M;F;2529;EMP
057540040040-5211;057540040040;100mN32125E42113;MC;NA;5;28;M;M;2529;EMP
057540040040-5211;057540040040;100mN32125E42113;MC;NA;5;9;S;M;0614;NEP
057540040040-5211;057540040040;100mN32125E42113;MC;NA;5;8;S;M;0614;NEP
057540040040-5211;057540040040;100mN32125E42113;MC;NA;5;3;S;M;0305;NEP
057540040040-5212;057540040040;100mN32125E42113;MC;MIX;2;66;M;M;6574;NEP
057540040040-5212;057540040040;100mN32125E42113;MC;MIX;2;38;M;M;3039;NEP
057540040040-5213;057540040040;100mN32134E42127;MC;NA;4;47;M;M;4049;EMP
057540040040-5213;057540040040;100mN32134E42127;MC;NA;4;43;M;F;4049;EMP
057540040040-5213;057540040040;100mN32134E42127;MC;NA;4;30;M;F;3039;NEP
057540040040-5213;057540040040;100mN32134E42127;MC;NA;4;16;S;M;1517;NEP
057540040040-5214;057540040040;100mN32108E42143;MC;NA;2;45;M;M;4049;NEP
057540040040-5214;057540040040;100mN32108E42143;MC;NA;2;42;M;F;4049;UEP
057540040040-5215;057540040040;100mN32126E42114;S;NA;1;26;M;M;2529;EMP
057540040040-5216;057540040040;100mN32126E42114;MC;MIX;2;69;M;F;6574;EMP
057540040040-5216;057540040040;100mN32126E42114;MC;MIX;2;45;W;M;4049;EMP
057540040040-5217;057540040040;100mN32132E42132;MC;NA;4;44;M;M;4049;EMP
057540040040-5217;057540040040;100mN32132E42132;MC;NA;4;44;M;F;4049;NEP
057540040040-5217;057540040040;100mN32132E42132;MC;NA;4;12;S;F;0614;NEP
057540040040-5217;057540040040;100mN32132E42132;MC;NA;4;9;S;F;0614;NEP
057540040040-5218;057540040040;100mN32126E42114;MC;OS;2;67;M;F;6574;UEP
057540040040-5218;057540040040;100mN32126E42114;MC;OS;2;67;M;M;6574;EMP
057540040040-5219;057540040040;100mN32086E42128;MC;MIX;2;65;M;F;6574;EMP
057540040040-5219;057540040040;100mN32086E42128;MC;MIX;2;55;M;F;5064;EMP
057540040040-5220;057540040040;100mN32086E42128;MC;NA;3;46;M;M;4049;EMP
057540040040-5220;057540040040;100mN32086E42128;MC;NA;3;45;M;F;4049;EMP
057540040040-5220;057540040040;100mN32086E42128;MC;NA;3;12;S;F;0614;NEP
057540040040-5221;057540040040;100mN32086E42128;SF;NA;4;45;W;F;4049;EMP
057540040040-5221;057540040040;100mN32086E42128;SF;NA;4;2;S;M;0003;NEP
057540040040-5221;057540040040;100mN32086E42128;SF;NA;4;16;S;M;1517;EMP
057540040040-5221;057540040040;100mN32086E42128;SF;NA;4;3;S;M;0305;NEP
057540040040-5222;057540040040;100mN32136E42121;S;NA;1;85;D;F;75XX;NEP
057540040040-5223;057540040040;100mN32115E42132;MC;MIX;3;65;S;M;6574;EMP
057540040040-5223;057540040040;100mN32115E42132;MC;MIX;3;31;M;F;3039;EMP
057540040040-5223;057540040040;100mN32115E42132;MC;MIX;3;28;M;M;2529;EMP
057540040040-5224;057540040040;100mN32136E42121;S;NA;1;28;S;M;2529;EMP
057540040040-5225;057540040040;100mN32140E42117;MC;NA;2;62;M;M;5064;NEP
057540040040-5225;057540040040;100mN32140E42117;MC;NA;2;60;M;F;5064;EMP
057540040040-5226;057540040040;100mN32121E42119;MC;NA;2;61;M;M;5064;NEP
057540040040-5226;057540040040;100mN32121E42119;MC;NA;2;52;M;F;5064;EMP
057540040040-5227;057540040040;100mN32140E42128;S;NA;1;46;S;M;4049;EMP
057540040040-5228;057540040040;100mN32124E42145;PO;MIX;4;86;M;M;75XX;EMP
057540040040-5228;057540040040;100mN32124E42145;PO;MIX;4;60;S;F;5064;EMP
057540040040-5228;057540040040;100mN32124E42145;PO;MIX;4;61;S;F;5064;NEP
057540040040-5228;057540040040;100mN32124E42145;PO;MIX;4;12;S;F;0614;NEP
057540040040-5229;057540040040;100mN32124E42139;S;OS;1;76;W;F;75XX;EMP
057540040040-5230;057540040040;100mN32125E42146;MC;NA;2;40;M;F;4049;NEP
057540040040-5230;057540040040;100mN32125E42146;MC;NA;2;42;M;M;4049;EMP
057540040040-5231;057540040040;100mN32129E42095;S;NA;1;85;S;F;75XX;NEP
057540040040-5232;057540040040;100mN32124E42114;MC;MIX;2;69;M;M;6574;EMP
057540040040-5232;057540040040;100mN32124E42114;MC;MIX;2;21;D;F;1824;NEP
057540040040-5233;057540040040;100mN32124E42142;NA;NA;4;41;S;F;4049;EMP
057540040040-5233;057540040040;100mN32124E42142;NA;NA;4;16;S;F;1517;NEP
057540040040-5233;057540040040;100mN32124E42142;NA;NA;4;43;S;F;4049;NEP
057540040040-5233;057540040040;100mN32124E42142;NA;NA;4;32;D;F;3039;NEP
057540040040-5234;057540040040;100mN32110E42070;MC;NA;2;36;M;F;3039;EMP
057540040040-5234;057540040040;100mN32110E42070;MC;NA;2;38;M;M;3039;EMP
057540040040-5235;057540040040;100mN32110E42070;S;OS;1;22;M;M;1824;EMP
057540040040-5236;057540040040;100mN32090E42067;SF;NA;2;79;D;F;75XX;EMP
057540040040-5236;057540040040;100mN32090E42067;SF;NA;2;11;S;F;0614;NEP
057540040040-5237;057540040040;100mN32090E42067;MC;MIX;2;85;M;M;75XX;EMP
057540040040-5237;057540040040;100mN32090E42067;MC;MIX;2;83;W;F;75XX;NEP
057540040040-5238;057540040040;100mN32118E42125;MC;MIX;3;70;W;F;6574;NEP
057540040040-5238;057540040040;100mN32118E42125;MC;MIX;3;31;M;M;3039;EMP
057540040040-5238;057540040040;100mN32118E42125;MC;MIX;3;31;M;F;3039;EMP
057540040040-5239;057540040040;100mN32129E42113;MC;OS;2;76;M;M;75XX;NEP
057540040040-5239;057540040040;100mN32129E42113;MC;OS;2;77;M;F;75XX;NEP
057540040040-5240;057540040040;100mN32129E42113;MC;NA;3;61;M;F;5064;NEP
057540040040-5240;057540040040;100mN32129E42113;MC;NA;3;63;M;F;5064;EMP
057540040040-5240;057540040040;100mN32129E42113;MC;NA;3;12;S;F;0614;NEP
057540040040-5241;057540040040;100mN32129E42113;S;OS;1;53;S;F;5064;EMP
057540040040-5242;057540040040;100mN32114E42126;MC;MIX;2;67;M;F;6574;EMP
057540040040-5242;057540040040;100mN32114E42126;MC;MIX;2;15;S;M;1517;EMP
057540040040-5243;057540040040;100mN32112E42124;S;NA;1;53;D;M;5064;NEP
057540040040-5244;057540040040;100mN32137E42120;SF;NA;5;59;W;F;5064;EMP
057540040040-5244;057540040040;100mN32137E42120;SF;NA;5;11;S;F;0614;NEP
057540040040-5244;057540040040;100mN32137E42120;SF;NA;5;36;M;M;3039;EMP
057540040040-5244;057540040040;100mN32137E42120;SF;NA;5;9;S;F;0614;NEP
057540040040-5244;057540040040;100mN32137E42120;SF;NA;5;40;W;F;4049;EMP
057540040040-5245;057540040040;100mN32112E42124;MC;OS;3;65;M;F;6574;NEP
057540040040-5245;057540040040;100mN32112E42124;MC;OS;3;66;M;M;6574;NEP
057540040040-5245;057540040040;100mN32112E42124;MC;OS;3;67;M;F;6574;EMP
057540040040-5246;057540040040;100mN32112E42124;SF;NA;3;66;W;F;6574;EMP
057540040040-5246;057540040040;100mN32112E42124;SF;NA;3;43;M;F;4049;UEP
057540040040-5246;057540040040;100mN32112E42124;SF;NA;3;1;S;F;0003;NEP
057540040040-5247;057540040040;100mN32112E42124;MC;OS;2;72;M;F;6574;NEP
057540040040-5247;057540040040;100mN32112E42124;MC;OS;2;73;M;M;6574;EMP
057540040040-5248;057540040040;100mN32112E42124;MC;NA;6;53;M;F;5064;EMP
057540040040-5248;057540040040;100mN32112E42124;MC;NA;6;61;M;M;5064;NEP
057540040040-5248;057540040040;100mN32112E42124;MC;NA;6;6;S;F;0614;NEP
057540040040-5248;057540040040;100mN32112E42124;MC;NA;6;9;S;F;0614;NEP
057540040040-5248;057540040040;100mN32112E42124;MC;NA;6;11;S;F;0614;NEP
057540040040-5248;057540040040;100mN32112E42124;MC;NA;6;16;S;F;1517;EMP
057540040040-5249;057540040040;100mN32112E42124;MC;NA;2;50;M;M;5064;EMP
057540040040-5249;057540040040;100mN32112E42124;MC;NA;2;18;M;F;1824;EMP
057540040040-5250;057540040040;100mN32134E42129;MC;NA;2;50;M;F;5064;EMP
057540040040-5250;057540040040;100mN32134E42129;MC;NA;2;62;M;M;5064;EMP
057540040040-5251;057540040040;100mN32112E42124;PO;NA;2;30;S;M;3039;EMP
057540040040-5251;057540040040;100mN32112E42124;PO;NA;2;27;S;F;2529;EMP
057540040040-5252;057540040040;100mN32101E42057;MC;NA;2;33;M;M;3039;EMP
057540040040-5252;057540040040;100mN32101E42057;MC;NA;2;33;M;F;3039;EMP
057540040040-5253;057540040040;100mN32111E42082;SF;NA;4;83;S;F;75XX;NEP
057540040040-5253;057540040040;100mN32111E42082;SF;NA;4;15;S;F;1517;NEP
057540040040-5253;057540040040;100mN32111E42082;SF;NA;4;7;S;F;0614;NEP
057540040040-5253;057540040040;100mN32111E42082;SF;NA;4;13;S;M;0614;NEP
057540040040-5254;057540040040;100mN32131E42133;S;OS;1;81;M;M;75XX;NEP
057540040040-5255;057540040040;100mN32112E42124;MC;NA;4;42;M;F;4049;EMP
057540040040-5255;057540040040;100mN32112E42124;MC;NA;4;45;M;M;4049;EMP
057540040040-5255;057540040040;100mN32112E42124;MC;NA;4;11;S;F;0614;NEP
057540040040-5255;057540040040;100mN32112E42124;MC;NA;4;13;S;F;0614;NEP
057540040040-5256;057540040040;100mN32112E42124;MC;NA;3;58;M;M;5064;EMP
057540040040-5256;057540040040;100mN32112E42124;MC;NA;3;56;M;F;5064;EMP
057540040040-5256;057540040040;100mN32112E42124;MC;NA;3;3;S;M;0305;NEP
057540040040-5257;057540040040;100mN32112E42124;MC;NA;2;57;M;M;5064;EMP
057540040040-5257;057540040040;100mN32112E42124;MC;NA;2;51;M;F;5064;EMP
057540040040-5258;057540040040;100mN32112E42124;S;OS;1;79;S;M;75XX;NEP
057540040040-5259;057540040040;100mN32112E42124;MC;NA;4;36;M;M;3039;EMP
057540040040-5259;057540040040;100mN32112E42124;MC;NA;4;32;M;F;3039;NEP
057540040040-5259;057540040040;100mN32112E42124;MC;NA;4;15;S;F;1517;EMP
057540040040-5259;057540040040;100mN32112E42124;MC;NA;4;10;S;M;0614;NEP
057540040040-5260;057540040040;100mN32124E42113;S;NA;1;43;W;F;4049;NEP
057540040040-5261;057540040040;100mN32112E42124;S;NA;1;43;S;M;4049;EMP
057540040040-5262;057540040040;100mN32139E42123;MC;NA;3;48;M;M;4049;EMP
057540040040-5262;057540040040;100mN32139E42123;MC;NA;3;47;M;F;4049;EMP
057540040040-5262;057540040040;100mN32139E42123;MC;NA;3;28;D;F;2529;NEP
057540040040-5263;057540040040;100mN32112E42124;S;OS;1;37;S;F;3039;NEP
057540040040-5264;057540040040;100mN32112E42124;PO;OS;4;70;S;M;6574;EMP
057540040040-5264;057540040040;100mN32112E42124;PO;OS;4;67;S;F;6574;EMP
057540040040-5264;057540040040;100mN32112E42124;PO;OS;4;78;S;F;75XX;EMP
057540040040-5264;057540040040;100mN32112E42124;PO;OS;4;85;M;M;75XX;EMP
057540040040-5265;057540040040;100mN32117E42119;S;NA;1;44;S;M;4049;NEP
057540040040-5266;057540040040;100mN32112E42124;MC;NA;2;43;M;M;4049;NEP
057540040040-5266;057540040040;100mN32112E42124;MC;NA;2;18;M;F;1824;EMP
057540040040-5267;057540040040;100mN32116E42123;MC;NA;3;60;M;M;5064;EMP
057540040040-5267;057540040040;100mN32116E42123;MC;NA;3;57;M;F;5064;EMP
057540040040-5267;057540040040;100mN32116E42123;MC;NA;3;12;S;F;0614;NEP
057540040040-5268;057540040040;100mN32116E42126;S;OS;1;38;D;F;3039;NEP
057540040040-5269;057540040040;100mN32088E42118;S;NA;1;62;W;M;5064;EMP
057540040040-5270;057540040040;100mN32116E42126;S;NA;1;50;M;M;5064;EMP
057540040040-5271;057540040040;100mN32116E42126;MC;NA;2;27;M;F;2529;NEP
057540040040-5271;057540040040;100mN32116E42126;MC;NA;2;31;M;M;3039;NEP
057540040040-5272;057540040040;100mN32116E42126;PO;NA;3;31;S;M;3039;EMP
057540040040-5272;057540040040;100mN32116E42126;PO;NA;3;23;S;M;1824;EMP
057540040040-5272;057540040040;100mN32116E42126;PO;NA;3;8;S;M;0614;NEP
057540040040-5273;057540040040;100mN32121E42147;MC;NA;4;36;M;F;3039;EMP
057540040040-5273;057540040040;100mN32121E42147;MC;NA;4;40;M;M;4049;NEP
057540040040-5273;057540040040;100mN32121E42147;MC;NA;4;8;S;M;0614;NEP
057540040040-5273;057540040040;100mN32121E42147;MC;NA;4;20;S;F;1824;NEP
057540040040-5274;057540040040;100mN32116E42126;S;NA;1;40;M;F;4049;EMP
057540040040-5275;057540040040;100mN32139E42106;PO;NA;3;26;S;F;2529;NEP
057540040040-5275;057540040040;100mN32139E42106;PO;NA;3;30;S;M;3039;EMP
057540040040-5275;057540040040;100mN32139E42106;PO;NA;3;6;S;F;0614;NEP
057540040040-5276;057540040040;100mN32116E42126;MC;NA;2;22;M;M;1824;EMP
057540040040-5276;057540040040;100mN32116E42126;MC;NA;2;22;M;F;1824;EMP
057540040040-5277;057540040040;100mN32116E42126;MC;NA;3;52;M;M;5064;EMP
057540040040-5277;057540040040;100mN32116E42126;MC;NA;3;52;M;F;5064;EMP
057540040040-5277;057540040040;100mN32116E42126;MC;NA;3;13;S;F;0614;NEP
057540040040-5278;057540040040;100mN32116E42126;S;NA;1;52;D;M;5064;NEP
057540040040-5279;057540040040;100mN32111E42124;MC;NA;4;45;M;M;4049;EMP
057540040040-5279;057540040040;100mN32111E42124;MC;NA;4;44;M;F;4049;EMP
057540040040-5279;057540040040;100mN32111E42124;MC;NA;4;8;S;M;0614;NEP
057540040040-5279;057540040040;100mN32111E42124;MC;NA;4;26;M;M;2529;EMP
057540040040-5280;057540040040;100mN32116E42126;MC;NA;4;41;M;F;4049;EMP
057540040040-5280;057540040040;100mN32116E42126;MC;NA;4;41;M;M;4049;EMP
057540040040-5280;057540040040;100mN32116E42126;MC;NA;4;1;S;F;0003;NEP
057540040040-5280;057540040040;100mN32116E42126;MC;NA;4;26;S;M;2529;EMP
057540040040-5281;057540040040;100mN32096E42066;S;OS;1;38;M;M;3039;NEP
057540040040-5282;057540040040;100mN32127E42143;S;NA;1;56;W;F;5064;NEP
057540040040-5283;057540040040;100mN32096E42066;MC;NA;2;52;M;M;5064;EMP
057540040040-5283;057540040040;100mN32096E42066;MC;NA;2;46;M;F;4049;EMP
057540040040-5284;057540040040;100mN32092E42132;S;NA;1;79;W;F;75XX;EMP
057540040040-5285;057540040040;100mN32096E42067;MC;OS;2;68;M;M;6574;EMP
057540040040-5285;057540040040;100mN32096E42067;MC;OS;2;67;M;F;6574;EMP
057540040040-5286;057540040040;100mN32096E42067;S;OS;1;40;D;M;4049;EMP
057540040040-5287;057540040040;100mN32114E42128;S;NA;1;43;S;M;4049;EMP
057540040040-5288;057540040040;100mN32096E42067;PO;NA;2;52;S;M;5064;EMP
057540040040-5288;057540040040;100mN32096E42067;PO;NA;2;44;S;M;4049;NEP
057540040040-5289;057540040040;100mN32096E42067;MC;MIX;4;69;M;M;6574;NEP
057540040040-5289;057540040040;100mN32096E42067;MC;MIX;4;47;M;F;4049;EMP
057540040040-5289;057540040040;100mN32096E42067;MC;MIX;4;56;M;M;5064;NEP
057540040040-5289;057540040040;100mN32096E42067;MC;MIX;4;1;S;F;0003;NEP
057540040040-5290;057540040040;100mN32096E42067;MC;NA;4;31;M;F;3039;NEP
057540040040-5290;057540040040;100mN32096E42067;MC;NA;4;36;M;M;3039;EMP
057540040040-5290;057540040040;100mN32096E42067;MC;NA;4;15;S;F;1517;UEP
057540040040-5290;057540040040;100mN32096E42067;MC;NA;4;3;S;M;0305;NEP
057540040040-5291;057540040040;100mN32109E42146;MC;NA;2;38;M;F;3039;NEP
057540040040-5291;057540040040;100mN32109E42146;MC;NA;2;41;M;M;4049;NEP
057540040040-5292;057540040040;100mN32120E42120;SF;NA;3;54;D;F;5064;EMP
057540040040-5292;057540040040;100mN32120E42120;SF;NA;3;18;M;M;1824;EMP
057540040040-5292;057540040040;100mN32120E42120;SF;NA;3;12;S;F;0614;NEP
057540040040-5293;057540040040;100mN32118E42121;MC;OS;3;76;M;F;75XX;NEP
057540040040-5293;057540040040;100mN32118E42121;MC;OS;3;76;M;M;75XX;EMP
057540040040-5293;057540040040;100mN32118E42121;MC;OS;3;88;M;M;75XX;EMP
057540040040-5294;057540040040;100mN32118E42124;NA;NA;3;37;M;F;3039;EMP
057540040040-5294;057540040040;100mN32118E42124;NA;NA;3;16;S;M;1517;NEP
057540040040-5294;057540040040;100mN32118E42124;NA;NA;3;38;M;F;3039;EMP
057540040040-5295;057540040040;100mN32113E42118;MC;MIX;3;72;M;M;6574;EMP
057540040040-5295;057540040040;100mN32113E42118;MC;MIX;3;52;M;F;5064;NEP
057540040040-5295;057540040040;100mN32113E42118;MC;MIX;3;59;M;M;5064;EMP
057540040040-5296;057540040040;100mN32113E42118;MC;NA;5;47;M;M;4049;EMP
057540040040-5296;057540040040;100mN32113E42118;MC;NA;5;45;M;F;4049;EMP
057540040040-5296;057540040040;100mN32113E42118;MC;NA;5;19;M;M;1824;EMP
057540040040-5296;057540040040;100mN32113E42118;MC;NA;5;19;M;F;1824;EMP
057540040040-5296;057540040040;100mN32113E42118;MC;NA;5;9;S;M;0614;NEP
057540040040-5297;057540040040;100mN32113E42118;MC;NA;4;62;M;M;5064;EMP
057540040040-5297;057540040040;100mN32113E42118;MC;NA;4;63;M;F;5064;NEP
057540040040-5297;057540040040;100mN32113E42118;MC;NA;4;8;S;F;0614;NEP
057540040040-5297;057540040040;100mN32113E42118;MC;NA;4;4;S;F;0305;NEP
057540040040-5298;057540040040;100mN32111E42121;S;NA;1;54;M;F;5064;EMP
057540040040-5299;057540040040;100mN32113E42118;MC;MIX;4;70;M;M;6574;EMP
057540040040-5299;057540040040;100mN32113E42118;MC;MIX;4;53;M;M;5064;EMP
057540040040-5299;057540040040;100mN32113E42118;MC;MIX;4;51;M;F;5064;EMP
057540040040-5299;057540040040;100mN32113E42118;MC;MIX;4;6;S;F;0614;NEP
057540040040-5300;057540040040;100mN32114E42125;MC;NA;2;26;M;F;2529;NEP
057540040040-5300;057540040040;100mN32114E42125;MC;NA;2;35;M;M;3039;EMP
057540040040-5301;057540040040;100mN32117E42124;S;OS;1;19;M;M;1824;NEP
057540040040-5302;057540040040;100mN32113E42118;S;NA;1;70;D;F;6574;EMP
057540040040-5303;057540040040;100mN32113E42118;SF;NA;4;48;D;F;4049;NEP
057540040040-5303;057540040040;100mN32113E42118;SF;NA;4;16;S;F;1517;EMP
057540040040-5303;057540040040;100mN32113E42118;SF;NA;4;9;S;F;0614;NEP
057540040040-5303;057540040040;100mN32113E42118;SF;NA;4;15;S;F;1517;NEP
057540040040-5304;057540040040;100mN32113E42118;MC;OS;2;73;M;F;6574;EMP
057540040040-5304;057540040040;100mN32113E42118;MC;OS;2;89;M;M;75XX;NEP
057540040040-5305;057540040040;100mN32112E42123;MC;NA;3;41;M;F;4049;EMP
057540040040-5305;057540040040;100mN32112E42123;MC;NA;3;50;M;M;5064;EMP
057540040040-5305;057540040040;100mN32112E42123;MC;NA;3;16;S;F;1517;NEP
057540040040-5306;057540040040;100mN32113E42118;MC;NA;2;42;M;M;4049;EMP
057540040040-5306;057540040040;100mN32113E42118;MC;NA;2;41;M;F;4049;NEP
057540040040-5307;057540040040;100mN32113E42118;SF;NA;2;46;S;F;4049;EMP
057540040040-5307;057540040040;100mN32113E42118;SF;NA;2;22;M;M;1824;NEP
057540040040-5308;057540040040;100mN32113E42118;S;NA;1;31;W;F;3039;EMP
057540040040-5309;057540040040;100mN32113E42118;MC;NA;2;22;M;M;1824;EMP
057540040040-5309;057540040040;100mN32113E42118;MC;NA;2;18;M;F;1824;EMP
057540040040-5310;057540040040;100mN32113E42118;MC;NA;4;63;M;M;5064;EMP
057540040040-5310;057540040040;100mN32113E42118;MC;NA;4;62;M;F;5064;EMP
057540040040-5310;057540040040;100mN32113E42118;MC;NA;4;12;S;M;0614;NEP
057540040040-5310;057540040040;100mN32113E42118;MC;NA;4;7;S;F;0614;NEP
057540040040-5311;057540040040;100mN32126E42135;SF;NA;4;54;W;F;5064;EMP
057540040040-5311;057540040040;100mN32126E42135;SF;NA;4;0;S;M;0003;NEP
057540040040-5311;057540040040;100mN32126E42135;SF;NA;4;33;D;F;3039;NEP
057540040040-5311;057540040040;100mN32126E42135;SF;NA;4;10;S;F;0614;NEP
057540040040-5312;057540040040;100mN32113E42118;MC;NA;2;35;M;M;3039;EMP
057540040040-5312;057540040040;100mN32113E42118;MC;NA;2;43;M;F;4049;NEP
057540040040-5313;057540040040;100mN32101E42072;MC;NA;3;45;M;M;4049;EMP
057540040040-5313;057540040040;100mN32101E42072;MC;NA;3;45;M;F;4049;NEP
057540040040-5313;057540040040;100mN32101E42072;MC;NA;3;23;W;F;1824;EMP
057540040040-5314;057540040040;100mN32118E42124;NA;NA;3;37;M;F;3039;EMP
057540040040-5314;057540040040;100mN32118E42124;NA;NA;3;16;S;M;1517;NEP
057540040040-5314;057540040040;100mN32118E42124;NA;NA;3;38;M;F;3039;EMP
057540040040-5315;057540040040;100mN32118E42129;MC;NA;2;48;M;M;4049;EMP
057540040040-5315;057540040040;100mN32118E42129;MC;NA;2;54;M;F;5064;NEP
057540040040-5316;057540040040;100mN32132E42135;MC;OS;2;66;M;M;6574;EMP
057540040040-5316;057540040040;100mN32132E42135;MC;OS;2;73;M;F;6574;NEP
057540040040-5317;057540040040;100mN32118E42124;S;NA;1;57;S;F;5064;NEP
057540040040-5318;057540040040;100mN32118E42124;SF;NA;4;42;D;F;4049;NEP
057540040040-5318;057540040040;100mN32118E42124;SF;NA;4;6;S;F;0614;NEP
057540040040-5318;057540040040;100mN32118E42124;SF;NA;4;13;S;M;0614;NEP
057540040040-5318;057540040040;100mN32118E42124;SF;NA;4;0;S;F;0003;NEP
057540040040-5319;057540040040;100mN32118E42124;MC;MIX;2;65;M;M;6574;EMP
057540040040-5319;057540040040;100mN32118E42124;MC;MIX;2;63;M;F;5064;NEP
057540040040-5320;057540040040;100mN32092E42104;MC;NA;3;58;M;M;5064;NEP
057540040040-5320;057540040040;100mN32092E42104;MC;NA;3;54;M;F;5064;NEP
057540040040-5320;057540040040;100mN32092E42104;MC;NA;3;21;D;M;1824;NEP
057540040040-5321;057540040040;100mN32139E42124;S;NA;1;37;W;F;3039;EMP
057540040040-5322;057540040040;100mN32118E42124;MC;NA;2;34;M;M;3039;EMP
057540040040-5322;057540040040;100mN32118E42124;MC;NA;2;32;M;F;3039;NEP
057540040040-5323;057540040040;100mN32118E42124;S;OS;1;45;S;F;4049;NEP
057540040040-5324;057540040040;100mN32157E42123;MC;NA;2;58;M;M;5064;EMP
057540040040-5324;057540040040;100mN32157E42123;MC;NA;2;52;M;F;5064;UEP
057540040040-5325;057540040040;100mN32118E42124;PO;NA;3;36;S;F;3039;EMP
057540040040-5325;057540040040;100mN32118E42124;PO;NA;3;37;S;F;3039;NEP
057540040040-5325;057540040040;100mN32118E42124;PO;NA;3;7;S;M;0614;NEP
057540040040-5326;057540040040;100mN32118E42124;MC;NA;2;57;M;M;5064;EMP
057540040040-5326;057540040040;100mN32118E42124;MC;NA;2;57;M;F;5064;EMP
057540040040-5327;057540040040;100mN32118E42127;S;NA;1;36;W;F;3039;NEP
057540040040-5328;057540040040;100mN32115E42127;MC;MIX;2;72;M;F;6574;EMP
057540040040-5328;057540040040;100mN32115E42127;MC;MIX;2;59;W;F;5064;NEP
057540040040-5329;057540040040;100mN32118E42124;MC;OS;4;65;M;F;6574;EMP
057540040040-5329;057540040040;100mN32118E42124;MC;OS;4;68;M;M;6574;EMP
057540040040-5329;057540040040;100mN32118E42124;MC;OS;4;68;S;F;6574;EMP
057540040040-5329;057540040040;100mN32118E42124;MC;OS;4;79;M;F;75XX;EMP
057540040040-5330;057540040040;100mN32118E42130;MC;OS;3;87;M;M;75XX;EMP
057540040040-5330;057540040040;100mN32118E42130;MC;OS;3;87;M;F;75XX;NEP
057540040040-5330;057540040040;100mN32118E42130;MC;OS;3;75;W;F;75XX;EMP
057540040040-5331;057540040040;100mN32118E42124;S;NA;1;50;M;F;5064;NEP
057540040040-5332;057540040040;100mN32130E42137;MC;NA;3;37;M;M;3039;EMP
057540040040-5332;057540040040;100mN32130E42137;MC;NA;3;37;M;F;3039;NEP
057540040040-5332;057540040040;100mN32130E42137;MC;NA;3;15;S;F;1517;EMP
057540040040-5333;057540040040;100mN32101E42069;MC;OS;3;70;M;M;6574;NEP
057540040040-5333;057540040040;100mN32101E42069;MC;OS;3;67;M;F;6574;NEP
057540040040-5333;057540040040;100mN32101E42069;MC;OS;3;76;M;M;75XX;EMP
057540040040-5334;057540040040;100mN32101E42069;MC;OS;2;83;M;M;75XX;NEP
057540040040-5334;057540040040;100mN32101E42069;MC;OS;2;79;M;F;75XX;EMP
057540040040-5335;057540040040;100mN32129E42141;SF;NA;4;51;S;F;5064;EMP
057540040040-5335;057540040040;100mN32129E42141;SF;NA;4;31;D;M;3039;EMP
057540040040-5335;057540040040;100mN32129E42141;SF;NA;4;9;S;M;0614;NEP
057540040040-5335;057540040040;100mN32129E42141;SF;NA;4;21;M;F;1824;EMP
057540040040-5336;057540040040;100mN32111E42123;S;NA;1;57;W;F;5064;EMP
057540040040-5337;057540040040;100mN32101E42069;MC;OS;2;79;M;M;75XX;EMP
057540040040-5337;057540040040;100mN32101E42069;MC;OS;2;72;M;F;6574;EMP
057540040040-5338;057540040040;100mN32124E42114;MC;MIX;2;69;M;M;6574;EMP
057540040040-5338;057540040040;100mN32124E42114;MC;MIX;2;21;D;F;1824;NEP
057540040040-5339;057540040040;100mN32101E42069;S;NA;1;84;M;F;75XX;EMP
057540040040-5340;057540040040;100mN32101E42069;MC;NA;5;62;M;F;5064;NEP
057540040040-5340;057540040040;100mN32101E42069;MC;NA;5;63;M;M;5064;EMP
057540040040-5340;057540040040;100mN32101E42069;MC;NA;5;15;S;F;1517;NEP
057540040040-5340;057540040040;100mN32101E42069;MC;NA;5;8;S;F;0614;NEP
057540040040-5340;057540040040;100mN32101E42069;MC;NA;5;10;S;F;0614;NEP
057540040040-5341;057540040040;100mN32125E42143;MC;NA;4;46;M;M;4049;NEP
057540040040-5341;057540040040;100mN32125E42143;MC;NA;4;45;M;F;4049;EMP
057540040040-5341;057540040040;100mN32125E42143;MC;NA;4;10;S;M;0614;NEP
057540040040-5341;057540040040;100mN32125E42143;MC;NA;4;8;S;M;0614;NEP
057540040040-5342;057540040040;100mN32104E42073;SF;NA;4;37;S;F;3039;EMP
057540040040-5342;057540040040;100mN32104E42073;SF;NA;4;7;S;M;0614;NEP
057540040040-5342;057540040040;100mN32104E42073;SF;NA;4;10;S;F;0614;NEP
057540040040-5342;057540040040;100mN32104E42073;SF;NA;4;6;S;F;0614;NEP
057540040040-5343;057540040040;100mN32104E42073;S;NA;1;19;M;F;1824;NEP
057540040040-5344;057540040040;100mN32131E42132;MC;OS;4;76;M;F;75XX;EMP
057540040040-5344;057540040040;100mN32131E42132;MC;OS;4;84;M;M;75XX;NEP
057540040040-5344;057540040040;100mN32131E42132;MC;OS;4;76;W;F;75XX;NEP
057540040040-5344;057540040040;100mN32131E42132;MC;OS;4;88;D;M;75XX;EMP
057540040040-5345;057540040040;100mN32115E42131;PO;NA;4;31;S;M;3039;EMP
057540040040-5345;057540040040;100mN32115E42131;PO;NA;4;26;S;M;2529;EMP
057540040040-5345;057540040040;100mN32115E42131;PO;NA;4;16;S;F;1517;NEP
057540040040-5345;057540040040;100mN32115E42131;PO;NA;4;3;S;M;0305;NEP
057540040040-5346;057540040040;100mN32104E42073;MC;MIX;2;72;M;M;6574;NEP
057540040040-5346;057540040040;100mN32104E42073;MC;MIX;2;47;D;M;4049;EMP
057540040040-5347;057540040040;100mN32133E42127;S;OS;1;46;M;M;4049;NEP
057540040040-5348;057540040040;100mN32124E42146;MC;NA;4;60;M;M;5064;NEP
057540040040-5348;057540040040;100mN32124E42146;MC;NA;4;60;M;F;5064;EMP
057540040040-5348;057540040040;100mN32124E42146;MC;NA;4;23;S;M;1824;EMP
057540040040-5348;057540040040;100mN32124E42146;MC;NA;4;11;S;M;0614;NEP
057540040040-5349;057540040040;100mN32104E42073;S;NA;1;20;M;M;1824;EMP
057540040040-5350;057540040040;100mN32132E42133;SF;NA;5;28;W;F;2529;NEP
057540040040-5350;057540040040;100mN32132E42133;SF;NA;5;10;S;F;0614;NEP
057540040040-5350;057540040040;100mN32132E42133;SF;NA;5;6;S;F;0614;NEP
057540040040-5350;057540040040;100mN32132E42133;SF;NA;5;13;S;M;0614;NEP
057540040040-5350;057540040040;100mN32132E42133;SF;NA;5;12;S;M;0614;NEP
057540040040-5351;057540040040;100mN32104E42073;MC;NA;2;45;M;F;4049;EMP
057540040040-5351;057540040040;100mN32104E42073;MC;NA;2;44;M;M;4049;NEP
057540040040-5352;057540040040;100mN32104E42073;MC;NA;3;61;M;M;5064;EMP
057540040040-5352;057540040040;100mN32104E42073;MC;NA;3;61;M;F;5064;EMP
057540040040-5352;057540040040;100mN32104E42073;MC;NA;3;6;S;F;0614;NEP
057540040040-5353;057540040040;100mN32104E42073;MC;NA;4;33;M;F;3039;EMP
057540040040-5353;057540040040;100mN32104E42073;MC;NA;4;36;M;M;3039;EMP
057540040040-5353;057540040040;100mN32104E42073;MC;NA;4;3;S;F;0305;NEP
057540040040-5353;057540040040;100mN32104E42073;MC;NA;4;18;S;M;1824;EMP
057540040040-5354;057540040040;100mN32104E42073;MC;NA;2;53;M;F;5064;NEP
057540040040-5354;057540040040;100mN32104E42073;MC;NA;2;53;M;M;5064;EMP
057540040040-5355;057540040040;100mN32104E42073;MC;MIX;3;87;S;F;75XX;NEP
057540040040-5355;057540040040;100mN32104E42073;MC;MIX;3;25;M;M;2529;NEP
057540040040-5355;057540040040;100mN32104E42073;MC;MIX;3;22;M;F;1824;EMP
057540040040-5356;057540040040;100mN32117E42129;PO;NA;2;61;S;F;5064;EMP
057540040040-5356;057540040040;100mN32117E42129;PO;NA;2;15;S;M;1517;NEP
057540040040-5357;057540040040;100mN32104E42073;S;NA;1;44;S;M;4049;NEP
057540040040-5358;057540040040;100mN32123E42122;S;NA;1;68;M;M;6574;EMP
057540040040-5359;057540040040;100mN32104E42073;MC;NA;3;52;M;M;5064;EMP
057540040040-5359;057540040040;100mN32104E42073;MC;NA;3;50;M;F;5064;EMP
057540040040-5359;057540040040;100mN32104E42073;MC;NA;3;7;S;M;0614;NEP
057540040040-5360;057540040040;100mN32104E42073;S;NA;1;45;W;F;4049;NEP
057540040040-5361;057540040040;100mN32104E42073;PO;MIX;3;78;M;F;75XX;NEP
057540040040-5361;057540040040;100mN32104E42073;PO;MIX;3;60;S;M;5064;NEP
057540040040-5361;057540040040;100mN32104E42073;PO;MIX;3;52;S;F;5064;EMP
057540040040-5362;057540040040;100mN32107E42106;MC;OS;2;88;M;M;75XX;EMP
057540040040-5362;057540040040;100mN32107E42106;MC;OS;2;86;M;F;75XX;UEP
057540040040-5363;057540040040;100mN32118E42123;S;OS;1;46;M;F;4049;EMP
057540040040-5364;057540040040;100mN32104E42073;MC;OS;2;82;M;M;75XX;EMP
057540040040-5364;057540040040;100mN32104E42073;MC;OS;2;69;M;F;6574;NEP
057540040040-5365;057540040040;100mN32104E42073;S;NA;1;25;S;M;2529;NEP
057540040040-5366;057540040040;100mN32101E42073;S;OS;1;35;S;M;3039;EMP
057540040040-5367;057540040040;100mN32114E42129;MC;NA;6;41;M;M;4049;EMP
057540040040-5367;057540040040;100mN32114E42129;MC;NA;6;42;M;F;4049;EMP
057540040040-5367;057540040040;100mN32114E42129;MC;NA;6;21;M;F;1824;EMP
057540040040-5367;057540040040;100mN32114E42129;MC;NA;6;10;S;M;0614;NEP
057540040040-5367;057540040040;100mN32114E42129;MC;NA;6;10;S;M;0614;NEP
057540040040-5367;057540040040;100mN32114E42129;MC;NA;6;7;S;F;0614;NEP
057540040040-5368;057540040040;100mN32114E42129;S;NA;1;47;M;F;4049;EMP
057540040040-5369;057540040040;100mN32117E42113;SF;NA;2;67;D;F;6574;EMP
057540040040-5369;057540040040;100mN32117E42113;SF;NA;2;7;S;F;0614;NEP
057540040040-5370;057540040040;100mN32107E42074;S;NA;1;86;S;F;75XX;EMP
057540040040-5371;057540040040;100mN32141E42117;MC;MIX;2;89;M;M;75XX;EMP
057540040040-5371;057540040040;100mN32141E42117;MC;MIX;2;22;M;F;1824;NEP
057540040040-5372;057540040040;100mN32141E42117;MC;NA;4;43;M;F;4049;NEP
057540040040-5372;057540040040;100mN32141E42117;MC;NA;4;44;M;M;4049;EMP
057540040040-5372;057540040040;100mN32141E42117;MC;NA;4;7;S;M;0614;NEP
057540040040-5372;057540040040;100mN32141E42117;MC;NA;4;3;S;M;0305;NEP
057540040040-5373;057540040040;100mN32141E42117;S;NA;1;46;D;F;4049;NEP
057540040040-5374;057540040040;100mN32141E42117;MC;OS;2;82;M;F;75XX;EMP
057540040040-5374;057540040040;100mN32141E42117;MC;OS;2;86;M;M;75XX;NEP
057540040040-5375;057540040040;100mN32141E42117;S;NA;1;48;S;M;4049;NEP
057540040040-5376;057540040040;100mN32141E42117;S;NA;1;20;S;F;1824;NEP
057540040040-5377;057540040040;100mN32102E42071;S;OS;1;40;S;F;4049;EMP
057540040040-5378;057540040040;100mN32137E42119;MC;NA;4;63;M;M;5064;NEP
057540040040-5378;057540040040;100mN32137E42119;MC;NA;4;59;M;F;5064;EMP
057540040040-5378;057540040040;100mN32137E42119;MC;NA;4;15;S;F;1517;EMP
057540040040-5378;057540040040;100mN32137E42119;MC;NA;4;8;S;M;0614;NEP
057540040040-5379;057540040040;100mN32141E42117;S;NA;1;63;M;F;5064;EMP
057540040040-5380;057540040040;100mN32141E42117;S;NA;1;52;W;F;5064;UEP
057540040040-5381;057540040040;100mN32141E42117;PO;NA;2;63;S;F;5064;EMP
057540040040-5381;057540040040;100mN32141E42117;PO;NA;2;63;S;M;5064;NEP
057540040040-5382;057540040040;100mN32141E42117;PO;NA;2;40;S;M;4049;NEP
057540040040-5382;057540040040;100mN32141E42117;PO;NA;2;41;S;F;4049;EMP
057540040040-5383;057540040040;100mN32114E42125;MC;OS;4;85;M;F;75XX;EMP
057540040040-5383;057540040040;100mN32114E42125;MC;OS;4;87;M;M;75XX;EMP
057540040040-5383;057540040040;100mN32114E42125;MC;OS;4;73;M;M;6574;EMP
057540040040-5383;057540040040;100mN32114E42125;MC;OS;4;68;S;M;6574;NEP
057540040040-5384;057540040040;100mN32141E42117;MC;OS;4;67;M;M;6574;EMP
057540040040-5384;057540040040;100mN32141E42117;MC;OS;4;65;M;F;6574;NEP
057540040040-5384;057540040040;100mN32141E42117;MC;OS;4;87;W;F;75XX;NEP
057540040040-5384;057540040040;100mN32141E42117;MC;OS;4;66;S;M;6574;EMP
057540040040-5385;057540040040;100mN32141E42117;MC;NA;3;26;M;M;2529;NEP
057540040040-5385;057540040040;100mN32141E42117;MC;NA;3;18;M;F;1824;NEP
057540040040-5385;057540040040;100mN32141E42117;MC;NA;3;9;S;F;0614;NEP
057540040040-5386;057540040040;100mN32141E42117;S;NA;1;30;M;M;3039;EMP
057540040040-5387;057540040040;100mN32126E42113;PO;OS;2;67;S;F;6574;EMP
057540040040-5387;057540040040;100mN32126E42113;PO;OS;2;68;S;M;6574;NEP
057540040040-5388;057540040040;100mN32141E42117;MC;NA;4;56;M;M;5064;NEP
057540040040-5388;057540040040;100mN32141E42117;MC;NA;4;51;M;F;5064;EMP
057540040040-5388;057540040040;100mN32141E42117;MC;NA;4;30;M;M;3039;EMP
057540040040-5388;057540040040;100mN32141E42117;MC;NA;4;10;S;M;0614;NEP
057540040040-5389;057540040040;100mN32141E42117;MC;NA;2;61;M;F;5064;EMP
057540040040-5389;057540040040;100mN32141E42117;MC;NA;2;6;S;M;0614;NEP
057540040040-5390;057540040040;100mN32124E42115;S;OS;1;36;M;F;3039;EMP
057540040040-5391;057540040040;100mN32141E42117;PO;OS;2;69;S;F;6574;NEP
057540040040-5391;057540040040;100mN32141E42117;PO;OS;2;70;S;M;6574;EMP
057540040040-5392;057540040040;100mN32102E42075;S;NA;1;30;S;F;3039;EMP
057540040040-5393;057540040040;100mN32117E42129;SF;NA;2;47;D;F;4049;EMP
057540040040-5393;057540040040;100mN32117E42129;SF;NA;2;31;D;F;3039;EMP
057540040040-5394;057540040040;100mN32121E42127;MC;NA;3;33;M;F;3039;NEP
057540040040-5394;057540040040;100mN32121E42127;MC;NA;3;18;M;M;1824;EMP
057540040040-5394;057540040040;100mN32121E42127;MC;NA;3;16;S;F;1517;NEP
057540040040-5395;057540040040;100mN32121E42127;PO;NA;2;53;S;M;5064;NEP
057540040040-5395;057540040040;100mN32121E42127;PO;NA;2;51;S;F;5064;NEP
057540040040-5396;057540040040;100mN32121E42127;MC;NA;2;42;M;M;4049;NEP
057540040040-5396;057540040040;100mN32121E42127;MC;NA;2;43;M;F;4049;NEP
057540040040-5397;057540040040;100mN32123E42143;PO;OS;2;68;S;F;6574;EMP
057540040040-5397;057540040040;100mN32123E42143;PO;OS;2;69;S;F;6574;EMP
057540040040-5398;057540040040;100mN32118E42125;MC;MIX;3;72;D;F;6574;NEP
057540040040-5398;057540040040;100mN32118E42125;MC;MIX;3;33;M;F;3039;NEP
057540040040-5398;057540040040;100mN32118E42125;MC;MIX;3;40;M;M;4049;EMP
057540040040-5399;057540040040;100mN32121E42127;S;NA;1;41;S;F;4049;NEP
057540040040-5400;057540040040;100mN32119E42149;MC;MIX;2;71;M;F;6574;EMP
057540040040-5400;057540040040;100mN32119E42149;MC;MIX;2;38;S;F;3039;NEP
057540040040-5401;057540040040;100mN32121E42127;MC;OS;2;66;M;M;6574;NEP
057540040040-5401;057540040040;100mN32121E42127;MC;OS;2;65;M;F;6574;NEP
057540040040-5402;057540040040;100mN32121E42127;S;NA;1;57;M;M;5064;NEP
057540040040-5403;057540040040;100mN32136E42131;MC;NA;2;18;M;F;1824;EMP
057540040040-5403;057540040040;100mN32136E42131;MC;NA;2;20;M;M;1824;NEP
057540040040-5404;057540040040;100mN32101E42074;MC;MIX;2;73;M;M;6574;NEP
057540040040-5404;057540040040;100mN32101E42074;MC;MIX;2;32;S;M;3039;NEP
057540040040-5405;057540040040;100mN32121E42127;MC;NA;5;31;M;F;3039;NEP
057540040040-5405;057540040040;100mN32121E42127;MC;NA;5;31;M;M;3039;EMP
057540040040-5405;057540040040;100mN32121E42127;MC;NA;5;15;S;M;1517;NEP
057540040040-5405;057540040040;100mN32121E42127;MC;NA;5;6;S;M;0614;NEP
057540040040-5405;057540040040;100mN32121E42127;MC;NA;5;0;S;F;0003;NEP
057540040040-5406;057540040040;100mN32113E42126;MC;NA;3;47;M;M;4049;EMP
057540040040-5406;057540040040;100mN32113E42126;MC;NA;3;46;M;F;4049;EMP
057540040040-5406;057540040040;100mN32113E42126;MC;NA;3;4;S;F;0305;NEP
057540040040-5407;057540040040;100mN32111E42119;MC;OS;2;69;M;M;6574;EMP
057540040040-5407;057540040040;100mN32111E42119;MC;OS;2;67;M;F;6574;EMP
057540040040-5408;057540040040;100mN32102E42071;MC;NA;4;59;M;F;5064;NEP
057540040040-5408;057540040040;100mN32102E42071;MC;NA;4;63;S;M;5064;EMP
057540040040-5408;057540040040;100mN32102E42071;MC;NA;4;15;S;M;1517;EMP
057540040040-5408;057540040040;100mN32102E42071;MC;NA;4;2;S;F;0003;NEP
057540040040-5409;057540040040;100mN32121E42127;MC;NA;2;44;M;F;4049;NEP
057540040040-5409;057540040040;100mN32121E42127;MC;NA;2;44;M;M;4049;NEP
057540040040-5410;057540040040;100mN32121E42127;MC;NA;4;27;M;F;2529;NEP
057540040040-5410;057540040040;100mN32121E42127;MC;NA;4;27;M;M;2529;EMP
057540040040-5410;057540040040;100mN32121E42127;MC;NA;4;10;S;M;0614;NEP
057540040040-5410;057540040040;100mN32121E42127;MC;NA;4;3;S;F;0305;NEP
057540040040-5411;057540040040;100mN32121E42127;S;NA;1;33;W;F;3039;NEP
057540040040-5412;057540040040;100mN32121E42127;MC;OS;2;81;M;F;75XX;UEP
057540040040-5412;057540040040;100mN32121E42127;MC;OS;2;65;M;M;6574;EMP
057540040040-5413;057540040040;100mN32121E42127;MC;OS;2;81;M;F;75XX;EMP
057540040040-5413;057540040040;100mN32121E42127;MC;OS;2;79;M;M;75XX;EMP
057540040040-5414;057540040040;100mN32121E42127;MC;NA;2;37;M;M;3039;NEP
057540040040-5414;057540040040;100mN32121E42127;MC;NA;2;35;M;F;3039;EMP
057540040040-5415;057540040040;100mN32121E42127;S;OS;1;68;D;F;6574;NEP
057540040040-5416;057540040040;100mN32121E42127;S;OS;1;62;M;M;5064;EMP
057540040040-5417;057540040040;100mN32088E42118;S;NA;1;62;W;M;5064;EMP
057540040040-5418;057540040040;100mN32126E42113;NA;NA;2;34;D;M;3039;EMP
057540040040-5418;057540040040;100mN32126E42113;NA;NA;2;53;M;M;5064;EMP
057540040040-5419;057540040040;100mN32088E42118;S;NA;1;54;M;M;5064;NEP
057540040040-5420;057540040040;100mN32133E42127;S;OS;1;46;M;M;4049;NEP
057540040040-5421;057540040040;100mN32127E42139;MC;NA;2;55;M;F;5064;EMP
057540040040-5421;057540040040;100mN32127E42139;MC;NA;2;63;M;M;5064;EMP
057540040040-5422;057540040040;100mN32133E42127;MC;NA;5;38;M;M;3039;EMP
057540040040-5422;057540040040;100mN32133E42127;MC;NA;5;38;M;F;3039;EMP
057540040040-5422;057540040040;100mN32133E42127;MC;NA;5;9;S;M;0614;NEP
057540040040-5422;057540040040;100mN32133E42127;MC;NA;5;4;S;F;0305;NEP
057540040040-5422;057540040040;100mN32133E42127;MC;NA;5;2;S;M;0003;NEP
057540040040-5423;057540040040;100mN32117E42116;MC;NA;3;40;M;M;4049;NEP
057540040040-5423;057540040040;100mN32117E42116;MC;NA;3;37;M;F;3039;NEP
057540040040-5423;057540040040;100mN32117E42116;MC;NA;3;25;D;M;2529;NEP
057540040040-5424;057540040040;100mN32133E42127;MC;NA;2;56;M;F;5064;NEP
057540040040-5424;057540040040;100mN32133E42127;MC;NA;2;63;M;M;5064;NEP
057540040040-5425;057540040040;100mN32133E42127;MC;NA;3;30;M;F;3039;EMP
057540040040-5425;057540040040;100mN32133E42127;MC;NA;3;30;M;M;3039;NEP
057540040040-5425;057540040040;100mN32133E42127;MC;NA;3;8;S;F;0614;NEP
057540040040-5426;057540040040;100mN32133E42127;MC;NA;3;52;M;M;5064;EMP
057540040040-5426;057540040040;100mN32133E42127;MC;NA;3;50;M;F;5064;EMP
057540040040-5426;057540040040;100mN32133E42127;MC;NA;3;32;D;M;3039;NEP
057540040040-5427;057540040040;100mN32133E42127;MC;NA;2;52;M;M;5064;EMP
057540040040-5427;057540040040;100mN32133E42127;MC;NA;2;45;M;F;4049;EMP
057540040040-5428;057540040040;100mN32102E42075;NA;NA;4;43;S;M;4049;EMP
057540040040-5428;057540040040;100mN32102E42075;NA;NA;4;30;W;F;3039;NEP
057540040040-5428;057540040040;100mN32102E42075;NA;NA;4;57;M;M;5064;EMP
057540040040-5428;057540040040;100mN32102E42075;NA;NA;4;31;D;F;3039;EMP
057540040040-5429;057540040040;100mN32133E42127;PO;NA;2;33;S;M;3039;NEP
057540040040-5429;057540040040;100mN32133E42127;PO;NA;2;28;S;F;2529;NEP
057540040040-5430;057540040040;100mN32133E42127;S;OS;1;30;S;M;3039;EMP
057540040040-5431;057540040040;100mN32133E42127;MC;NA;5;48;M;F;4049;NEP
057540040040-5431;057540040040;100mN32133E42127;MC;NA;5;53;M;M;5064;NEP
057540040040-5431;057540040040;100mN32133E42127;MC;NA;5;7;S;F;0614;NEP
057540040040-5431;057540040040;100mN32133E42127;MC;NA;5;6;S;F;0614;NEP
057540040040-5431;057540040040;100mN32133E42127;MC;NA;5;15;S;F;1517;NEP
057540040040-5432;057540040040;100mN32133E42127;MC;NA;4;48;M;M;4049;EMP
057540040040-5432;057540040040;100mN32133E42127;MC;NA;4;40;M;F;4049;EMP
057540040040-5432;057540040040;100mN32133E42127;MC;NA;4;7;S;F;0614;NEP
057540040040-5432;057540040040;100mN32133E42127;MC;NA;4;9;S;F;0614;NEP
057540040040-5433;057540040040;100mN32133E42127;S;NA;1;60;S;F;5064;EMP
057540040040-5434;057540040040;100mN32133E42127;NA;NA;3;41;M;M;4049;EMP
057540040040-5434;057540040040;100mN32133E42127;NA;NA;3;71;M;M;6574;EMP
057540040040-5434;057540040040;100mN32133E42127;NA;NA;3;38;M;F;3039;NEP
057540040040-5435;057540040040;100mN32090E42100;MC;NA;2;46;M;F;4049;EMP
057540040040-5435;057540040040;100mN32090E42100;MC;NA;2;43;M;M;4049;NEP
057540040040-5436;057540040040;100mN32130E42138;S;OS;1;31;S;F;3039;NEP
057540040040-5437;057540040040;100mN32090E42100;PO;NA;3;57;S;F;5064;NEP
057540040040-5437;057540040040;100mN32090E42100;PO;NA;3;58;S;F;5064;EMP
057540040040-5437;057540040040;100mN32090E42100;PO;NA;3;4;S;M;0305;NEP
057540040040-5438;057540040040;100mN32139E42121;SF;NA;2;73;W;F;6574;NEP
057540040040-5438;057540040040;100mN32139E42121;SF;NA;2;41;S;F;4049;EMP
057540040040-5439;057540040040;100mN32107E42146;S;OS;1;63;S;F;5064;NEP
057540040040-5440;057540040040;100mN32139E42121;MC;OS;2;68;M;M;6574;EMP
057540040040-5440;057540040040;100mN32139E42121;MC;OS;2;66;M;F;6574;NEP
057540040040-5441;057540040040;100mN32126E42145;S;OS;1;59;S;M;5064;NEP
057540040040-5442;057540040040;100mN32139E42121;MC;NA;4;50;M;F;5064;NEP
057540040040-5442;057540040040;100mN32139E42121;MC;NA;4;50;M;M;5064;EMP
057540040040-5442;057540040040;100mN32139E42121;MC;NA;4;33;D;F;3039;NEP
057540040040-5442;057540040040;100mN32139E42121;MC;NA;4;25;M;M;2529;NEP
057540040040-5443;057540040040;100mN32139E42121;S;NA;1;45;S;F;4049;EMP
057540040040-5444;057540040040;100mN32130E42137;S;NA;1;58;D;M;5064;NEP
057540040040-5445;057540040040;100mN32119E42119;MC;NA;3;40;M;F;4049;EMP
057540040040-5445;057540040040;100mN32119E42119;MC;NA;3;41;M;M;4049;NEP
057540040040-5445;057540040040;100mN32119E42119;MC;NA;3;7;S;M;0614;NEP
057540040040-5446;057540040040;100mN32117E42123;MC;OS;2;68;M;M;6574;NEP
057540040040-5446;057540040040;100mN32117E42123;MC;OS;2;66;M;F;6574;NEP
057540040040-5447;057540040040;100mN32120E42140;S;NA;1;51;D;M;5064;EMP
057540040040-5448;057540040040;100mN32124E42146;MC;NA;4;60;M;M;5064;NEP
057540040040-5448;057540040040;100mN32124E42146;MC;NA;4;60;M;F;5064;EMP
057540040040-5448;057540040040;100mN32124E42146;MC;NA;4;23;S;M;1824;EMP
057540040040-5448;057540040040;100mN32124E42146;MC;NA;4;11;S;M;0614;NEP
057540040040-5449;057540040040;100mN32102E42075;S;NA;1;30;S;F;3039;EMP
057540040040-5450;057540040040;100mN32093E42059;PO;OS;5;81;S;F;75XX;EMP
057540040040-5450;057540040040;100mN32093E42059;PO;OS;5;79;S;M;75XX;EMP
057540040040-5450;057540040040;100mN32093E42059;PO;OS;5;73;W;F;6574;EMP
057540040040-5450;057540040040;100mN32093E42059;PO;OS;5;67;S;M;6574;NEP
057540040040-5450;057540040040;100mN32093E42059;PO;OS;5;78;D;F;75XX;EMP
057540040040-5451;057540040040;100mN32093E42129;MC;MIX;2;72;M;M;6574;NEP
057540040040-5451;057540040040;100mN32093E42129;MC;MIX;2;52;S;F;5064;EMP
057540040040-5452;057540040040;100mN32093E42129;PO;NA;5;44;S;M;4049;EMP
057540040040-5452;057540040040;100mN32093E42129;PO;NA;5;36;S;F;3039;NEP
057540040040-5452;057540040040;100mN32093E42129;PO;NA;5;12;S;F;0614;NEP
057540040040-5452;057540040040;100mN32093E42129;PO;NA;5;11;S;M;0614;NEP
057540040040-5452;057540040040;100mN32093E42129;PO;NA;5;4;S;F;0305;NEP
057540040040-5453;057540040040;100mN32093E42129;MC;NA;2;52;M;F;5064;NEP
057540040040-5453;057540040040;100mN32093E42129;MC;NA;2;53;M;M;5064;EMP
057540040040-5454;057540040040;100mN32107E42144;S;OS;1;18;S;M;1824;EMP
057540040040-5455;057540040040;100mN32140E42128;PO;NA;3;59;S;M;5064;EMP
057540040040-5455;057540040040;100mN32140E42128;PO;NA;3;60;S;M;5064;EMP
057540040040-5455;057540040040;100mN32140E42128;PO;NA;3;38;M;M;3039;EMP
057540040040-5456;057540040040;100mN32125E42142;PO;OS;3;72;S;F;6574;EMP
057540040040-5456;057540040040;100mN32125E42142;PO;OS;3;75;S;M;75XX;EMP
057540040040-5456;057540040040;100mN32125E42142;PO;OS;3;67;D;M;6574;EMP
057540040040-5457;057540040040;100mN32125E42142;MC;NA;5;52;M;M;5064;EMP
057540040040-5457;057540040040;100mN32125E42142;MC;NA;5;50;M;F;5064;NEP
057540040040-5457;057540040040;100mN32125E42142;MC;NA;5;13;S;M;0614;NEP
057540040040-5457;057540040040;100mN32125E42142;MC;NA;5;4;S;F;0305;NEP
057540040040-5457;057540040040;100mN32125E42142;MC;NA;5;37;M;F;3039;NEP
057540040040-5458;057540040040;100mN32125E42142;NA;NA;4;22;M;F;1824;EMP
057540040040-5458;057540040040;100mN32125E42142;NA;NA;4;45;M;F;4049;EMP
057540040040-5458;057540040040;100mN32125E42142;NA;NA;4;61;S;M;5064;EMP
057540040040-5458;057540040040;100mN32125E42142;NA;NA;4;58;S;M;5064;EMP
057540040040-5459;057540040040;100mN32125E42142;MC;OS;3;69;M;M;6574;NEP
057540040040-5459;057540040040;100mN32125E42142;MC;OS;3;65;M;F;6574;NEP
057540040040-5459;057540040040;100mN32125E42142;MC;OS;3;79;W;M;75XX;EMP
057540040040-5460;057540040040;100mN32126E42144;MC;NA;2;50;M;F;5064;UEP
057540040040-5460;057540040040;100mN32126E42144;MC;NA;2;52;M;M;5064;EMP
057540040040-5461;057540040040;100mN32125E42142;MC;NA;2;44;M;F;4049;EMP
057540040040-5461;057540040040;100mN32125E42142;MC;NA;2;44;M;M;4049;EMP
057540040040-5462;057540040040;100mN32124E42142;PO;NA;2;62;S;M;5064;EMP
057540040040-5462;057540040040;100mN32124E42142;PO;NA;2;55;S;M;5064;NEP
057540040040-5463;057540040040;100mN32118E42125;MC;NA;2;40;M;F;4049;EMP
057540040040-5463;057540040040;100mN32118E42125;MC;NA;2;48;M;M;4049;EMP
057540040040-5464;057540040040;100mN32157E42123;MC;NA;5;42;M;F;4049;EMP
057540040040-5464;057540040040;100mN32157E42123;MC;NA;5;45;M;M;4049;NEP
057540040040-5464;057540040040;100mN32157E42123;MC;NA;5;16;S;F;1517;NEP
057540040040-5464;057540040040;100mN32157E42123;MC;NA;5;16;S;M;1517;NEP
057540040040-5464;057540040040;100mN32157E42123;MC;NA;5;11;S;M;0614;NEP
057540040040-5465;057540040040;100mN32157E42123;MC;NA;2;43;M;F;4049;UEP
057540040040-5465;057540040040;100mN32157E42123;MC;NA;2;43;M;M;4049;NEP
057540040040-5466;057540040040;100mN32157E42123;MC;NA;2;58;M;M;5064;EMP
057540040040-5466;057540040040;100mN32157E42123;MC;NA;2;52;M;F;5064;UEP
057540040040-5467;057540040040;100mN32120E42146;MC;OS;4;66;M;F;6574;EMP
057540040040-5467;057540040040;100mN32120E42146;MC;OS;4;65;M;M;6574;EMP
057540040040-5467;057540040040;100mN32120E42146;MC;OS;4;66;M;M;6574;NEP
057540040040-5467;057540040040;100mN32120E42146;MC;OS;4;83;M;F;75XX;EMP
057540040040-5468;057540040040;100mN32120E42146;S;NA;1;80;M;F;75XX;NEP
057540040040-5469;057540040040;100mN32131E42131;MC;NA;3;21;M;F;1824;EMP
057540040040-5469;057540040040;100mN32131E42131;MC;NA;3;23;M;M;1824;NEP
057540040040-5469;057540040040;100mN32131E42131;MC;NA;3;1;S;M;0003;NEP
057540040040-5470;057540040040;100mN32134E42129;SF;NA;3;38;W;F;3039;EMP
057540040040-5470;057540040040;100mN32134E42129;SF;NA;3;22;S;M;1824;EMP
057540040040-5470;057540040040;100mN32134E42129;SF;NA;3;7;S;M;0614;NEP
057540040040-5471;057540040040;100mN32134E42129;S;OS;1;27;M;F;2529;EMP
057540040040-5472;057540040040;100mN32134E42129;S;NA;1;43;S;M;4049;EMP
057540040040-5473;057540040040;100mN32134E42129;MC;NA;2;50;M;F;5064;EMP
057540040040-5473;057540040040;100mN32134E42129;MC;NA;2;62;M;M;5064;EMP
057540040040-5474;057540040040;100mN32114E42131;MC;NA;3;33;M;F;3039;NEP
057540040040-5474;057540040040;100mN32114E42131;MC;NA;3;34;M;M;3039;EMP
057540040040-5474;057540040040;100mN32114E42131;MC;NA;3;6;S;F;0614;NEP
057540040040-5475;057540040040;100mN32141E42121;SF;MIX;2;83;W;F;75XX;EMP
057540040040-5475;057540040040;100mN32141E42121;SF;MIX;2;10;S;M;0614;NEP
057540040040-5476;057540040040;100mN32100E42073;MC;NA;3;62;M;M;5064;EMP
057540040040-5476;057540040040;100mN32100E42073;MC;NA;3;63;M;F;5064;NEP
057540040040-5476;057540040040;100mN32100E42073;MC;NA;3;7;S;M;0614;NEP
057540040040-5477;057540040040;100mN32126E42135;MC;MIX;2;83;M;M;75XX;EMP
057540040040-5477;057540040040;100mN32126E42135;MC;MIX;2;87;S;F;75XX;EMP
057540040040-5478;057540040040;100mN32111E42147;S;NA;1;48;S;M;4049;NEP
057540040040-5479;057540040040;100mN32111E42147;MC;NA;2;18;M;F;1824;NEP
057540040040-5479;057540040040;100mN32111E42147;MC;NA;2;18;M;M;1824;EMP
057540040040-5480;057540040040;100mN32111E42147;S;OS;1;36;M;F;3039;EMP
057540040040-5481;057540040040;100mN32108E42076;S;OS;1;71;M;F;6574;EMP
057540040040-5482;057540040040;100mN32111E42147;MC;NA;5;47;M;M;4049;EMP
057540040040-5482;057540040040;100mN32111E42147;MC;NA;5;42;M;F;4049;EMP
057540040040-5482;057540040040;100mN32111E42147;MC;NA;5;7;S;F;0614;NEP
057540040040-5482;057540040040;100mN32111E42147;MC;NA;5;3;S;M;0305;NEP
057540040040-5482;057540040040;100mN32111E42147;MC;NA;5;4;S;M;0305;NEP
057540040040-5483;057540040040;100mN32111E42147;MC;NA;3;33;M;M;3039;EMP
057540040040-5483;057540040040;100mN32111E42147;MC;NA;3;28;M;F;2529;EMP
057540040040-5483;057540040040;100mN32111E42147;MC;NA;3;3;S;F;0305;NEP
057540040040-5484;057540040040;100mN32125E42143;MC;NA;4;45;M;F;4049;EMP
057540040040-5484;057540040040;100mN32125E42143;MC;NA;4;37;M;M;3039;EMP
057540040040-5484;057540040040;100mN32125E42143;MC;NA;4;7;S;F;0614;NEP
057540040040-5484;057540040040;100mN32125E42143;MC;NA;4;9;S;F;0614;NEP
057540040040-5485;057540040040;100mN32111E42147;S;OS;1;48;S;F;4049;EMP
057540040040-5486;057540040040;100mN32111E42147;S;OS;1;65;S;F;6574;EMP
057540040040-5487;057540040040;100mN32111E42147;MC;MIX;5;78;M;M;75XX;EMP
057540040040-5487;057540040040;100mN32111E42147;MC;MIX;5;23;M;M;1824;EMP
057540040040-5487;057540040040;100mN32111E42147;MC;MIX;5;22;M;F;1824;EMP
057540040040-5487;057540040040;100mN32111E42147;MC;MIX;5;7;S;M;0614;NEP
057540040040-5487;057540040040;100mN32111E42147;MC;MIX;5;0;S;M;0003;NEP
057540040040-5488;057540040040;100mN32111E42147;MC;MIX;4;67;M;F;6574;EMP
057540040040-5488;057540040040;100mN32111E42147;MC;MIX;4;63;M;M;5064;EMP
057540040040-5488;057540040040;100mN32111E42147;MC;MIX;4;61;M;F;5064;NEP
057540040040-5488;057540040040;100mN32111E42147;MC;MIX;4;6;S;M;0614;NEP
057540040040-5489;057540040040;100mN32111E42147;S;NA;1;62;M;F;5064;UEP
057540040040-5490;057540040040;100mN32111E42147;MC;NA;4;47;M;F;4049;NEP
057540040040-5490;057540040040;100mN32111E42147;MC;NA;4;59;M;M;5064;EMP
057540040040-5490;057540040040;100mN32111E42147;MC;NA;4;7;S;F;0614;NEP
057540040040-5490;057540040040;100mN32111E42147;MC;NA;4;25;M;F;2529;NEP
057540040040-5491;057540040040;100mN32136E42120;MC;MIX;4;83;M;M;75XX;EMP
057540040040-5491;057540040040;100mN32136E42120;MC;MIX;4;63;M;M;5064;EMP
057540040040-5491;057540040040;100mN32136E42120;MC;MIX;4;56;M;F;5064;EMP
057540040040-5491;057540040040;100mN32136E42120;MC;MIX;4;8;S;F;0614;NEP
057540040040-5492;057540040040;100mN32111E42147;MC;OS;4;85;M;F;75XX;NEP
057540040040-5492;057540040040;100mN32111E42147;MC;OS;4;86;M;M;75XX;EMP
057540040040-5492;057540040040;100mN32111E42147;MC;OS;4;65;M;M;6574;EMP
057540040040-5492;057540040040;100mN32111E42147;MC;OS;4;65;M;F;6574;EMP
057540040040-5493;057540040040;100mN32141E42118;S;OS;1;52;D;M;5064;EMP
057540040040-5494;057540040040;100mN32130E42137;MC;NA;2;41;M;M;4049;EMP
057540040040-5494;057540040040;100mN32130E42137;MC;NA;2;18;M;F;1824;EMP
057540040040-5495;057540040040;100mN32127E42141;PO;OS;3;81;S;F;75XX;UEP
057540040040-5495;057540040040;100mN32127E42141;PO;OS;3;59;W;F;5064;NEP
057540040040-5495;057540040040;100mN32127E42141;PO;OS;3;79;S;F;75XX;EMP
057540040040-5496;057540040040;100mN32127E42141;MC;NA;3;33;M;M;3039;EMP
057540040040-5496;057540040040;100mN32127E42141;MC;NA;3;26;M;F;2529;EMP
057540040040-5496;057540040040;100mN32127E42141;MC;NA;3;15;S;M;1517;NEP
057540040040-5497;057540040040;100mN32127E42141;MC;NA;4;63;M;M;5064;NEP
057540040040-5497;057540040040;100mN32127E42141;MC;NA;4;62;M;F;5064;EMP
057540040040-5497;057540040040;100mN32127E42141;MC;NA;4;2;S;M;0003;NEP
057540040040-5497;057540040040;100mN32127E42141;MC;NA;4;4;S;M;0305;NEP
057540040040-5498;057540040040;100mN32127E42141;S;OS;1;75;W;M;75XX;EMP
057540040040-5499;057540040040;100mN32121E42140;MC;NA;2;36;M;F;3039;NEP
057540040040-5499;057540040040;100mN32121E42140;MC;NA;2;38;M;M;3039;NEP
057540040040-5500;057540040040;100mN32127E42141;MC;NA;2;32;M;M;3039;EMP
057540040040-5500;057540040040;100mN32127E42141;MC;NA;2;31;M;F;3039;EMP
057540040040-5501;057540040040;100mN32127E42141;MC;OS;2;66;M;M;6574;EMP
057540040040-5501;057540040040;100mN32127E42141;MC;OS;2;72;M;F;6574;EMP
057540040040-5502;057540040040;100mN32117E42133;PO;NA;2;54;S;F;5064;NEP
057540040040-5502;057540040040;100mN32117E42133;PO;NA;2;61;M;M;5064;EMP
057540040040-5503;057540040040;100mN32127E42141;MC;OS;2;85;M;F;75XX;UEP
057540040040-5503;057540040040;100mN32127E42141;MC;OS;2;86;M;M;75XX;EMP
057540040040-5504;057540040040;100mN32127E42141;SM;MIX;2;69;W;M;6574;EMP
057540040040-5504;057540040040;100mN32127E42141;SM;MIX;2;28;M;F;2529;NEP
057540040040-5505;057540040040;100mN32127E42141;MC;NA;2;56;M;F;5064;EMP
057540040040-5505;057540040040;100mN32127E42141;MC;NA;2;61;M;M;5064;EMP
057540040040-5506;057540040040;100mN32131E42131;NA;OS;2;67;D;F;6574;EMP
057540040040-5506;057540040040;100mN32131E42131;NA;OS;2;34;D;F;3039;EMP
057540040040-5507;057540040040;100mN32123E42123;S;NA;1;32;D;F;3039;NEP
057540040040-5508;057540040040;100mN32123E42144;MC;NA;3;27;M;F;2529;EMP
057540040040-5508;057540040040;100mN32123E42144;MC;NA;3;27;M;M;2529;NEP
057540040040-5508;057540040040;100mN32123E42144;MC;NA;3;9;S;F;0614;NEP
057540040040-5509;057540040040;100mN32123E42144;S;NA;1;70;D;F;6574;EMP
057540040040-5510;057540040040;100mN32123E42144;MC;NA;2;54;M;F;5064;NEP
057540040040-5510;057540040040;100mN32123E42144;MC;NA;2;56;M;M;5064;EMP
057540040040-5511;057540040040;100mN32117E42113;MC;NA;2;22;M;F;1824;EMP
057540040040-5511;057540040040;100mN32117E42113;MC;NA;2;26;M;M;2529;EMP
057540040040-5512;057540040040;100mN32131E42131;MC;MIX;4;82;D;F;75XX;EMP
057540040040-5512;057540040040;100mN32131E42131;MC;MIX;4;40;M;M;4049;EMP
057540040040-5512;057540040040;100mN32131E42131;MC;MIX;4;38;M;F;3039;UEP
057540040040-5512;057540040040;100mN32131E42131;MC;MIX;4;0;S;F;0003;NEP
057540040040-5513;057540040040;100mN32123E42144;MC;OS;2;85;M;F;75XX;EMP
057540040040-5513;057540040040;100mN32123E42144;MC;OS;2;88;M;M;75XX;EMP
057540040040-5514;057540040040;100mN32088E42132;MC;NA;2;41;M;F;4049;NEP
057540040040-5514;057540040040;100mN32088E42132;MC;NA;2;40;M;M;4049;EMP
057540040040-5515;057540040040;100mN32088E42132;MC;NA;3;61;M;F;5064;NEP
057540040040-5515;057540040040;100mN32088E42132;MC;NA;3;0;S;M;0003;NEP
057540040040-5515;057540040040;100mN32088E42132;MC;NA;3;15;S;M;1517;NEP
057540040040-5516;057540040040;100mN32088E42132;S;NA;1;23;M;F;1824;NEP
057540040040-5517;057540040040;100mN32109E42145;PO;NA;2;60;S;F;5064;EMP
057540040040-5517;057540040040;100mN32109E42145;PO;NA;2;61;S;M;5064;EMP
057540040040-5518;057540040040;100mN32136E42131;MC;NA;2;56;M;M;5064;EMP
057540040040-5518;057540040040;100mN32136E42131;MC;NA;2;47;M;F;4049;EMP
057540040040-5519;057540040040;100mN32126E42146;S;OS;1;30;W;F;3039;NEP
057540040040-5520;057540040040;100mN32115E42081;MC;NA;4;53;M;M;5064;EMP
057540040040-5520;057540040040;100mN32115E42081;MC;NA;4;52;M;F;5064;UEP
057540040040-5520;057540040040;100mN32115E42081;MC;NA;4;7;S;M;0614;NEP
057540040040-5520;057540040040;100mN32115E42081;MC;NA;4;3;S;M;0305;NEP
057540040040-5521;057540040040;100mN32121E42147;MC;NA;2;52;M;F;5064;EMP
057540040040-5521;057540040040;100mN32121E42147;MC;NA;2;54;M;M;5064;EMP
057540040040-5522;057540040040;100mN32115E42081;MC;OS;2;66;M;M;6574;EMP
057540040040-5522;057540040040;100mN32115E42081;MC;OS;2;66;M;F;6574;NEP
057540040040-5523;057540040040;100mN32103E42071;S;NA;1;44;S;M;4049;NEP
057540040040-5524;057540040040;100mN32115E42111;MC;OS;2;81;M;F;75XX;NEP
057540040040-5524;057540040040;100mN32115E42111;MC;OS;2;80;M;M;75XX;EMP
057540040040-5525;057540040040;100mN32126E42113;MC;MIX;2;73;M;F;6574;NEP
057540040040-5525;057540040040;100mN32126E42113;MC;MIX;2;47;S;M;4049;EMP
057540040040-5526;057540040040;100mN32132E42134;NA;OS;2;65;M;F;6574;EMP
057540040040-5526;057540040040;100mN32132E42134;NA;OS;2;79;W;M;75XX;EMP
057540040040-5527;057540040040;100mN32115E42111;S;NA;1;81;S;M;75XX;NEP
057540040040-5528;057540040040;100mN32130E42138;MC;NA;3;60;M;F;5064;EMP
057540040040-5528;057540040040;100mN32130E42138;MC;NA;3;47;S;M;4049;NEP
057540040040-5528;057540040040;100mN32130E42138;MC;NA;3;15;S;F;1517;NEP
057540040040-5529;057540040040;100mN32123E42136;S;OS;1;44;W;F;4049;EMP
057540040040-5530;057540040040;100mN32123E42136;S;NA;1;52;S;M;5064;EMP
057540040040-5531;057540040040;100mN32123E42136;MC;OS;2;72;M;M;6574;EMP
057540040040-5531;057540040040;100mN32123E42136;MC;OS;2;72;M;F;6574;NEP
057540040040-5532;057540040040;100mN32107E42072;MC;OS;2;72;M;M;6574;EMP
057540040040-5532;057540040040;100mN32107E42072;MC;OS;2;69;M;F;6574;NEP
057540040040-5533;057540040040;100mN32114E42127;MC;NA;2;43;M;F;4049;EMP
057540040040-5533;057540040040;100mN32114E42127;MC;NA;2;44;M;M;4049;EMP
057540040040-5534;057540040040;100mN32107E42072;MC;NA;2;46;M;M;4049;NEP
057540040040-5534;057540040040;100mN32107E42072;MC;NA;2;43;M;F;4049;NEP
057540040040-5535;057540040040;100mN32107E42072;PO;NA;2;48;S;M;4049;NEP
057540040040-5535;057540040040;100mN32107E42072;PO;NA;2;45;S;F;4049;EMP
057540040040-5536;057540040040;100mN32133E42119;MC;NA;2;32;M;F;3039;EMP
057540040040-5536;057540040040;100mN32133E42119;MC;NA;2;32;M;M;3039;NEP
057540040040-5537;057540040040;100mN32107E42072;S;NA;1;40;M;F;4049;EMP
057540040040-5538;057540040040;100mN32107E42072;MC;NA;2;62;M;M;5064;EMP
057540040040-5538;057540040040;100mN32107E42072;MC;NA;2;56;M;F;5064;EMP
057540040040-5539;057540040040;100mN32107E42072;MC;OS;5;84;M;M;75XX;NEP
057540040040-5539;057540040040;100mN32107E42072;MC;OS;5;83;M;F;75XX;EMP
057540040040-5539;057540040040;100mN32107E42072;MC;OS;5;75;S;M;75XX;EMP
057540040040-5539;057540040040;100mN32107E42072;MC;OS;5;68;M;F;6574;NEP
057540040040-5539;057540040040;100mN32107E42072;MC;OS;5;80;M;M;75XX;EMP
057540040040-5540;057540040040;100mN32107E42072;SF;NA;3;33;W;F;3039;EMP
057540040040-5540;057540040040;100mN32107E42072;SF;NA;3;12;S;F;0614;NEP
057540040040-5540;057540040040;100mN32107E42072;SF;NA;3;11;S;F;0614;NEP
057540040040-5541;057540040040;100mN32107E42072;MC;NA;4;55;M;M;5064;EMP
057540040040-5541;057540040040;100mN32107E42072;MC;NA;4;52;M;F;5064;EMP
057540040040-5541;057540040040;100mN32107E42072;MC;NA;4;31;M;F;3039;NEP
057540040040-5541;057540040040;100mN32107E42072;MC;NA;4;23;S;M;1824;EMP
057540040040-5542;057540040040;100mN32126E42137;MC;NA;2;40;M;F;4049;NEP
057540040040-5542;057540040040;100mN32126E42137;MC;NA;2;36;M;M;3039;EMP
057540040040-5543;057540040040;100mN32124E42113;SF;NA;5;68;S;F;6574;EMP
057540040040-5543;057540040040;100mN32124E42113;SF;NA;5;47;D;F;4049;EMP
057540040040-5543;057540040040;100mN32124E42113;SF;NA;5;8;S;F;0614;NEP
057540040040-5543;057540040040;100mN32124E42113;SF;NA;5;1;S;M;0003;NEP
057540040040-5543;057540040040;100mN32124E42113;SF;NA;5;45;S;M;4049;EMP
057540040040-5544;057540040040;100mN32131E42138;S;NA;1;35;M;M;3039;EMP
057540040040-5545;057540040040;100mN32131E42138;MC;NA;4;35;M;M;3039;EMP
057540040040-5545;057540040040;100mN32131E42138;MC;NA;4;33;M;F;3039;NEP
057540040040-5545;057540040040;100mN32131E42138;MC;NA;4;1;S;M;0003;NEP
057540040040-5545;057540040040;100mN32131E42138;MC;NA;4;13;S;F;0614;NEP
057540040040-5546;057540040040;100mN32131E42138;MC;NA;4;43;M;F;4049;EMP
057540040040-5546;057540040040;100mN32131E42138;MC;NA;4;52;M;M;5064;EMP
057540040040-5546;057540040040;100mN32131E42138;MC;NA;4;12;S;F;0614;NEP
057540040040-5546;057540040040;100mN32131E42138;MC;NA;4;12;S;F;0614;NEP
057540040040-5547;057540040040;100mN32131E42138;MC;OS;2;67;M;M;6574;NEP
057540040040-5547;057540040040;100mN32131E42138;MC;OS;2;65;M;F;6574;EMP
057540040040-5548;057540040040;100mN32131E42138;S;NA;1;66;M;M;6574;NEP
057540040040-5549;057540040040;100mN32115E42125;MC;NA;2;48;M;F;4049;EMP
057540040040-5549;057540040040;100mN32115E42125;MC;NA;2;44;M;M;4049;EMP
057540040040-5550;057540040040;100mN32127E42136;SF;NA;2;46;W;F;4049;EMP
057540040040-5550;057540040040;100mN32127E42136;SF;NA;2;16;S;M;1517;NEP
057540040040-5551;057540040040;100mN32117E42114;MC;NA;4;36;M;M;3039;EMP
057540040040-5551;057540040040;100mN32117E42114;MC;NA;4;42;M;F;4049;EMP
057540040040-5551;057540040040;100mN32117E42114;MC;NA;4;15;S;F;1517;EMP
057540040040-5551;057540040040;100mN32117E42114;MC;NA;4;0;S;M;0003;NEP
057540040040-5552;057540040040;100mN32131E42138;MC;NA;3;41;M;F;4049;NEP
057540040040-5552;057540040040;100mN32131E42138;MC;NA;3;42;M;M;4049;NEP
057540040040-5552;057540040040;100mN32131E42138;MC;NA;3;3;S;F;0305;NEP
057540040040-5553;057540040040;100mN32131E42138;MC;NA;2;36;M;F;3039;NEP
057540040040-5553;057540040040;100mN32131E42138;MC;NA;2;37;M;M;3039;EMP
057540040040-5554;057540040040;100mN32131E42138;MC;NA;3;41;M;F;4049;EMP
057540040040-5554;057540040040;100mN32131E42138;MC;NA;3;41;M;M;4049;EMP
057540040040-5554;057540040040;100mN32131E42138;MC;NA;3;26;M;F;2529;NEP
057540040040-5555;057540040040;100mN32131E42141;MC;NA;5;47;M;F;4049;EMP
057540040040-5555;057540040040;100mN32131E42141;MC;NA;5;48;M;M;4049;EMP
057540040040-5555;057540040040;100mN32131E42141;MC;NA;5;2;S;F;0003;NEP
057540040040-5555;057540040040;100mN32131E42141;MC;NA;5;11;S;F;0614;NEP
057540040040-5555;057540040040;100mN32131E42141;MC;NA;5;4;S;M;0305;NEP
057540040040-5556;057540040040;100mN32118E42120;SF;NA;2;33;S;F;3039;EMP
057540040040-5556;057540040040;100mN32118E42120;SF;NA;2;15;S;F;1517;EMP
057540040040-5557;057540040040;100mN32127E42143;S;NA;1;57;S;M;5064;EMP
057540040040-5558;057540040040;100mN32131E42141;MC;NA;2;46;M;M;4049;EMP
057540040040-5558;057540040040;100mN32131E42141;MC;NA;2;42;M;F;4049;NEP
057540040040-5559;057540040040;100mN32117E42113;MC;NA;4;35;M;F;3039;EMP
057540040040-5559;057540040040;100mN32117E42113;MC;NA;4;37;M;M;3039;EMP
057540040040-5559;057540040040;100mN32117E42113;MC;NA;4;10;S;F;0614;NEP
057540040040-5559;057540040040;100mN32117E42113;MC;NA;4;9;S;M;0614;NEP
057540040040-5560;057540040040;100mN32124E42116;MC;NA;4;38;M;M;3039;EMP
057540040040-5560;057540040040;100mN32124E42116;MC;NA;4;32;M;F;3039;EMP
057540040040-5560;057540040040;100mN32124E42116;MC;NA;4;11;S;F;0614;NEP
057540040040-5560;057540040040;100mN32124E42116;MC;NA;4;15;S;M;1517;EMP
057540040040-5561;057540040040;100mN32117E42129;S;NA;1;59;W;F;5064;NEP
057540040040-5562;057540040040;100mN32137E42121;MC;NA;5;44;M;M;4049;EMP
057540040040-5562;057540040040;100mN32137E42121;MC;NA;5;42;M;F;4049;NEP
057540040040-5562;057540040040;100mN32137E42121;MC;NA;5;8;S;F;0614;NEP
057540040040-5562;057540040040;100mN32137E42121;MC;NA;5;3;S;F;0305;NEP
057540040040-5562;057540040040;100mN32137E42121;MC;NA;5;21;S;M;1824;EMP
057540040040-5563;057540040040;100mN32112E42121;PO;NA;4;31;S;M;3039;NEP
057540040040-5563;057540040040;100mN32112E42121;PO;NA;4;28;S;M;2529;EMP
057540040040-5563;057540040040;100mN32112E42121;PO;NA;4;4;S;M;0305;NEP
057540040040-5563;057540040040;100mN32112E42121;PO;NA;4;1;S;M;0003;NEP
057540040040-5564;057540040040;100mN32115E42131;MC;NA;2;48;M;M;4049;EMP
057540040040-5564;057540040040;100mN32115E42131;MC;NA;2;18;M;F;1824;EMP
057540040040-5565;057540040040;100mN32124E42113;S;NA;1;47;S;F;4049;EMP
057540040040-5566;057540040040;100mN32118E42125;PO;NA;4;51;S;M;5064;NEP
057540040040-5566;057540040040;100mN32118E42125;PO;NA;4;57;S;M;5064;NEP
057540040040-5566;057540040040;100mN32118E42125;PO;NA;4;31;S;M;3039;EMP
057540040040-5566;057540040040;100mN32118E42125;PO;NA;4;6;S;M;0614;NEP
057540040040-5567;057540040040;100mN32104E42071;PO;NA;3;25;S;M;2529;NEP
057540040040-5567;057540040040;100mN32104E42071;PO;NA;3;23;S;F;1824;EMP
057540040040-5567;057540040040;100mN32104E42071;PO;NA;3;6;S;M;0614;NEP
057540040040-5568;057540040040;100mN32104E42071;MC;NA;3;41;M;F;4049;EMP
057540040040-5568;057540040040;100mN32104E42071;MC;NA;3;40;M;M;4049;EMP
057540040040-5568;057540040040;100mN32104E42071;MC;NA;3;13;S;M;0614;NEP
057540040040-5569;057540040040;100mN32104E42072;S;NA;1;46;M;M;4049;NEP
057540040040-5570;057540040040;100mN32104E42072;S;NA;1;28;M;F;2529;EMP
057540040040-5571;057540040040;100mN32104E42072;S;NA;1;73;S;M;6574;EMP
057540040040-5572;057540040040;100mN32104E42072;MC;OS;3;68;M;M;6574;EMP
057540040040-5572;057540040040;100mN32104E42072;MC;OS;3;68;M;F;6574;NEP
057540040040-5572;057540040040;100mN32104E42072;MC;OS;3;85;M;M;75XX;EMP
057540040040-5573;057540040040;100mN32117E42123;S;OS;1;57;S;M;5064;EMP
057540040040-5574;057540040040;100mN32104E42072;MC;NA;3;51;M;F;5064;NEP
057540040040-5574;057540040040;100mN32104E42072;MC;NA;3;52;M;M;5064;EMP
057540040040-5574;057540040040;100mN32104E42072;MC;NA;3;22;S;M;1824;NEP
057540040040-5575;057540040040;100mN32104E42072;S;NA;1;61;D;F;5064;EMP
057540040040-5576;057540040040;100mN32104E42072;MC;NA;5;19;M;F;1824;NEP
057540040040-5576;057540040040;100mN32104E42072;MC;NA;5;22;M;M;1824;EMP
057540040040-5576;057540040040;100mN32104E42072;MC;NA;5;2;S;F;0003;NEP
057540040040-5576;057540040040;100mN32104E42072;MC;NA;5;3;S;M;0305;NEP
057540040040-5576;057540040040;100mN32104E42072;MC;NA;5;4;S;M;0305;NEP
057540040040-5577;057540040040;100mN32103E42071;SF;NA;2;22;D;F;1824;UEP
057540040040-5577;057540040040;100mN32103E42071;SF;NA;2;7;S;F;0614;NEP
057540040040-5578;057540040040;100mN32118E42123;S;NA;1;37;W;F;3039;NEP
057540040040-5579;057540040040;100mN32104E42072;MC;NA;2;62;M;F;5064;EMP
057540040040-5579;057540040040;100mN32104E42072;MC;NA;2;63;M;M;5064;EMP
057540040040-5580;057540040040;100mN32104E42072;SF;NA;4;16;S;F;1517;EMP
057540040040-5580;057540040040;100mN32104E42072;SF;NA;4;1;S;F;0003;NEP
057540040040-5580;057540040040;100mN32104E42072;SF;NA;4;1;S;F;0003;NEP
057540040040-5580;057540040040;100mN32104E42072;SF;NA;4;0;S;F;0003;NEP
057540040040-5581;057540040040;100mN32104E42072;MC;NA;2;54;M;M;5064;EMP
057540040040-5581;057540040040;100mN32104E42072;MC;NA;2;51;M;F;5064;EMP
057540040040-5582;057540040040;100mN32112E42121;MC;OS;2;67;M;F;6574;UEP
057540040040-5582;057540040040;100mN32112E42121;MC;OS;2;73;M;M;6574;EMP
057540040040-5583;057540040040;100mN32104E42072;MC;MIX;2;78;M;M;75XX;EMP
057540040040-5583;057540040040;100mN32104E42072;MC;MIX;2;79;M;F;75XX;NEP
057540040040-5584;057540040040;100mN32123E42093;S;NA;1;27;M;M;2529;EMP
057540040040-5585;057540040040;100mN32104E42072;MC;NA;4;25;M;F;2529;NEP
057540040040-5585;057540040040;100mN32104E42072;MC;NA;4;22;M;M;1824;EMP
057540040040-5585;057540040040;100mN32104E42072;MC;NA;4;4;S;F;0305;NEP
057540040040-5585;057540040040;100mN32104E42072;MC;NA;4;2;S;F;0003;NEP
057540040040-5586;057540040040;100mN32104E42072;MC;NA;5;21;M;F;1824;NEP
057540040040-5586;057540040040;100mN32104E42072;MC;NA;5;22;M;M;1824;NEP
057540040040-5586;057540040040;100mN32104E42072;MC;NA;5;4;S;M;0305;NEP
057540040040-5586;057540040040;100mN32104E42072;MC;NA;5;6;S;F;0614;NEP
057540040040-5586;057540040040;100mN32104E42072;MC;NA;5;4;S;F;0305;NEP
057540040040-5587;057540040040;100mN32104E42072;S;NA;1;59;M;M;5064;EMP
057540040040-5588;057540040040;100mN32104E42072;S;NA;1;43;W;F;4049;NEP
057540040040-5589;057540040040;100mN32104E42072;S;OS;1;67;M;M;6574;NEP
057540040040-5590;057540040040;100mN32089E42066;MC;NA;2;44;M;F;4049;EMP
057540040040-5590;057540040040;100mN32089E42066;MC;NA;2;51;M;M;5064;NEP
057540040040-5591;057540040040;100mN32122E42119;MC;NA;4;37;M;F;3039;EMP
057540040040-5591;057540040040;100mN32122E42119;MC;NA;4;44;M;M;4049;EMP
057540040040-5591;057540040040;100mN32122E42119;MC;NA;4;21;W;M;1824;EMP
057540040040-5591;057540040040;100mN32122E42119;MC;NA;4;1;S;F;0003;NEP
057540040040-5592;057540040040;100mN32136E42119;MC;MIX;2;65;M;F;6574;UEP
057540040040-5592;057540040040;100mN32136E42119;MC;MIX;2;62;M;M;5064;EMP
057540040040-5593;057540040040;100mN32136E42119;S;NA;1;67;M;F;6574;NEP
057540040040-5594;057540040040;100mN32136E42119;SF;NA;2;73;D;F;6574;EMP
057540040040-5594;057540040040;100mN32136E42119;SF;NA;2;6;S;F;0614;NEP
057540040040-5595;057540040040;100mN32136E42119;S;NA;1;68;M;F;6574;NEP
057540040040-5596;057540040040;100mN32136E42119;MC;NA;3;21;M;M;1824;EMP
057540040040-5596;057540040040;100mN32136E42119;MC;NA;3;18;M;F;1824;NEP
057540040040-5596;057540040040;100mN32136E42119;MC;NA;3;1;S;M;0003;NEP
057540040040-5597;057540040040;100mN32134E42121;PO;NA;3;43;S;F;4049;EMP
057540040040-5597;057540040040;100mN32134E42121;PO;NA;3;50;S;F;5064;UEP
057540040040-5597;057540040040;100mN32134E42121;PO;NA;3;3;S;M;0305;NEP
057540040040-5598;057540040040;100mN32126E42144;SF;MIX;3;79;W;M;75XX;EMP
057540040040-5598;057540040040;100mN32126E42144;SF;MIX;3;67;D;F;6574;EMP
057540040040-5598;057540040040;100mN32126E42144;SF;MIX;3;50;W;F;5064;NEP
057540040040-5599;057540040040;100mN32134E42121;MC;NA;4;46;M;M;4049;NEP
057540040040-5599;057540040040;100mN32134E42121;MC;NA;4;44;M;F;4049;EMP
057540040040-5599;057540040040;100mN32134E42121;MC;NA;4;28;S;F;2529;EMP
057540040040-5599;057540040040;100mN32134E42121;MC;NA;4;3;S;F;0305;NEP
057540040040-5600;057540040040;100mN32134E42121;S;NA;1;58;M;M;5064;EMP
057540040040-5601;057540040040;100mN32134E42121;PO;NA;3;47;S;M;4049;EMP
057540040040-5601;057540040040;100mN32134E42121;PO;NA;3;18;S;F;1824;EMP
057540040040-5601;057540040040;100mN32134E42121;PO;NA;3;18;W;F;1824;NEP
057540040040-5602;057540040040;100mN32134E42121;MC;NA;2;38;M;F;3039;NEP
057540040040-5602;057540040040;100mN32134E42121;MC;NA;2;38;M;M;3039;EMP
057540040040-5603;057540040040;100mN32124E42113;S;OS;1;60;S;M;5064;NEP
057540040040-5604;057540040040;100mN32134E42121;MC;NA;2;38;M;M;3039;EMP
057540040040-5604;057540040040;100mN32134E42121;MC;NA;2;37;M;F;3039;EMP
057540040040-5605;057540040040;100mN32114E42126;S;OS;1;32;W;F;3039;NEP
057540040040-5606;057540040040;100mN32134E42121;S;OS;1;19;M;M;1824;EMP
057540040040-5607;057540040040;100mN32134E42121;S;OS;1;42;M;F;4049;EMP
057540040040-5608;057540040040;100mN32134E42121;S;NA;1;47;D;F;4049;EMP
057540040040-5609;057540040040;100mN32100E42073;PO;NA;2;36;S;F;3039;NEP
057540040040-5609;057540040040;100mN32100E42073;PO;NA;2;43;S;F;4049;EMP
057540040040-5610;057540040040;100mN32134E42121;S;OS;1;51;D;F;5064;EMP
057540040040-5611;057540040040;100mN32134E42121;MC;NA;3;43;M;M;4049;EMP
057540040040-5611;057540040040;100mN32134E42121;MC;NA;3;42;M;F;4049;EMP
057540040040-5611;057540040040;100mN32134E42121;MC;NA;3;1;S;F;0003;NEP
057540040040-5612;057540040040;100mN32118E42126;MC;NA;2;55;M;M;5064;EMP
057540040040-5612;057540040040;100mN32118E42126;MC;NA;2;52;M;F;5064;UEP
057540040040-5613;057540040040;100mN32118E42126;MC;NA;2;20;M;M;1824;EMP
057540040040-5613;057540040040;100mN32118E42126;MC;NA;2;23;M;F;1824;EMP
057540040040-5614;057540040040;100mN32118E42126;MC;NA;4;46;M;F;4049;EMP
057540040040-5614;057540040040;100mN32118E42126;MC;NA;4;43;M;M;4049;NEP
057540040040-5614;057540040040;100mN32118E42126;MC;NA;4;8;S;F;0614;NEP
057540040040-5614;057540040040;100mN32118E42126;MC;NA;4;26;M;M;2529;NEP
057540040040-5615;057540040040;100mN32118E42126;NA;OS;2;45;M;F;4049;NEP
057540040040-5615;057540040040;100mN32118E42126;NA;OS;2;57;M;F;5064;NEP
057540040040-5616;057540040040;100mN32118E42126;S;NA;1;73;M;F;6574;EMP
057540040040-5617;057540040040;100mN32118E42125;MC;MIX;3;72;D;F;6574;NEP
057540040040-5617;057540040040;100mN32118E42125;MC;MIX;3;33;M;F;3039;NEP
057540040040-5617;057540040040;100mN32118E42125;MC;MIX;3;40;M;M;4049;EMP
057540040040-5618;057540040040;100mN32118E42126;MC;NA;4;31;M;F;3039;EMP
057540040040-5618;057540040040;100mN32118E42126;MC;NA;4;33;M;M;3039;NEP
057540040040-5618;057540040040;100mN32118E42126;MC;NA;4;13;S;M;0614;NEP
057540040040-5618;057540040040;100mN32118E42126;MC;NA;4;9;S;M;0614;NEP
057540040040-5619;057540040040;100mN32118E42126;S;NA;1;47;M;M;4049;NEP
057540040040-5620;057540040040;100mN32118E42126;SF;NA;2;62;W;F;5064;NEP
057540040040-5620;057540040040;100mN32118E42126;SF;NA;2;44;W;M;4049;NEP
057540040040-5621;057540040040;100mN32118E42126;S;OS;1;69;M;M;6574;NEP
057540040040-5622;057540040040;100mN32118E42126;MC;NA;2;61;M;F;5064;NEP
057540040040-5622;057540040040;100mN32118E42126;MC;NA;2;63;M;M;5064;NEP
057540040040-5623;057540040040;100mN32118E42126;MC;OS;4;69;M;M;6574;NEP
057540040040-5623;057540040040;100mN32118E42126;MC;OS;4;67;M;F;6574;EMP
057540040040-5623;057540040040;100mN32118E42126;MC;OS;4;76;W;F;75XX;EMP
057540040040-5623;057540040040;100mN32118E42126;MC;OS;4;73;M;F;6574;EMP
057540040040-5624;057540040040;100mN32118E42126;S;NA;1;38;M;M;3039;NEP
057540040040-5625;057540040040;100mN32118E42126;MC;NA;2;58;M;M;5064;EMP
057540040040-5625;057540040040;100mN32118E42126;MC;NA;2;53;M;F;5064;NEP
057540040040-5626;057540040040;100mN32112E42123;MC;NA;2;50;M;M;5064;EMP
057540040040-5626;057540040040;100mN32112E42123;MC;NA;2;46;M;F;4049;EMP
057540040040-5627;057540040040;100mN32124E42139;S;NA;1;22;D;M;1824;EMP
057540040040-5628;057540040040;100mN32118E42126;S;NA;1;60;M;M;5064;EMP
057540040040-5629;057540040040;100mN32118E42126;MC;MIX;4;84;M;F;75XX;NEP
057540040040-5629;057540040040;100mN32118E42126;MC;MIX;4;26;M;M;2529;NEP
057540040040-5629;057540040040;100mN32118E42126;MC;MIX;4;25;M;F;2529;EMP
057540040040-5629;057540040040;100mN32118E42126;MC;MIX;4;8;S;F;0614;NEP
057540040040-5630;057540040040;100mN32118E42125;MC;NA;2;40;M;F;4049;NEP
057540040040-5630;057540040040;100mN32118E42125;MC;NA;2;37;M;M;3039;NEP
057540040040-5631;057540040040;100mN32118E42126;MC;MIX;4;73;M;M;6574;NEP
057540040040-5631;057540040040;100mN32118E42126;MC;MIX;4;43;M;M;4049;EMP
057540040040-5631;057540040040;100mN32118E42126;MC;MIX;4;40;M;F;4049;EMP
057540040040-5631;057540040040;100mN32118E42126;MC;MIX;4;27;M;M;2529;EMP
057540040040-5632;057540040040;100mN32118E42126;SF;NA;3;63;S;F;5064;EMP
057540040040-5632;057540040040;100mN32118E42126;SF;NA;3;12;S;M;0614;NEP
057540040040-5632;057540040040;100mN32118E42126;SF;NA;3;19;W;M;1824;EMP
057540040040-5633;057540040040;100mN32118E42126;MC;OS;2;86;M;M;75XX;NEP
057540040040-5633;057540040040;100mN32118E42126;MC;OS;2;85;M;F;75XX;NEP
057540040040-5634;057540040040;100mN32139E42127;MC;NA;3;32;M;M;3039;EMP
057540040040-5634;057540040040;100mN32139E42127;MC;NA;3;32;M;F;3039;EMP
057540040040-5634;057540040040;100mN32139E42127;MC;NA;3;2;S;M;0003;NEP
057540040040-5635;057540040040;100mN32124E42141;S;OS;1;52;S;M;5064;EMP
057540040040-5636;057540040040;100mN32115E42131;S;OS;1;86;M;F;75XX;NEP
057540040040-5637;057540040040;100mN32127E42143;MC;OS;2;67;M;M;6574;EMP
057540040040-5637;057540040040;100mN32127E42143;MC;OS;2;70;M;F;6574;EMP
057540040040-5638;057540040040;100mN32139E42127;MC;NA;2;41;M;M;4049;EMP
057540040040-5638;057540040040;100mN32139E42127;MC;NA;2;33;M;F;3039;EMP
057540040040-5639;057540040040;100mN32102E42075;PO;NA;4;57;S;F;5064;NEP
057540040040-5639;057540040040;100mN32102E42075;PO;NA;4;60;S;F;5064;EMP
057540040040-5639;057540040040;100mN32102E42075;PO;NA;4;19;M;F;1824;NEP
057540040040-5639;057540040040;100mN32102E42075;PO;NA;4;10;S;M;0614;NEP
057540040040-5640;057540040040;100mN32137E42128;SF;MIX;4;73;S;M;6574;EMP
057540040040-5640;057540040040;100mN32137E42128;SF;MIX;4;43;W;F;4049;NEP
057540040040-5640;057540040040;100mN32137E42128;SF;MIX;4;1;S;F;0003;NEP
057540040040-5640;057540040040;100mN32137E42128;SF;MIX;4;25;D;F;2529;NEP
057540040040-5641;057540040040;100mN32131E42131;MC;NA;3;40;M;F;4049;EMP
057540040040-5641;057540040040;100mN32131E42131;MC;NA;3;45;M;M;4049;NEP
057540040040-5641;057540040040;100mN32131E42131;MC;NA;3;4;S;F;0305;NEP
057540040040-5642;057540040040;100mN32112E42118;MC;NA;2;31;M;M;3039;NEP
057540040040-5642;057540040040;100mN32112E42118;MC;NA;2;34;M;F;3039;EMP
057540040040-5643;057540040040;100mN32137E42128;S;OS;1;45;S;M;4049;NEP
057540040040-5644;057540040040;100mN32137E42128;S;NA;1;89;S;M;75XX;EMP
057540040040-5645;057540040040;100mN32140E42118;MC;NA;2;48;M;F;4049;NEP
057540040040-5645;057540040040;100mN32140E42118;MC;NA;2;53;M;M;5064;NEP
057540040040-5646;057540040040;100mN32124E42144;SF;NA;4;47;S;F;4049;UEP
057540040040-5646;057540040040;100mN32124E42144;SF;NA;4;2;S;M;0003;NEP
057540040040-5646;057540040040;100mN32124E42144;SF;NA;4;26;S;F;2529;UEP
057540040040-5646;057540040040;100mN32124E42144;SF;NA;4;7;S;M;0614;NEP
057540040040-5647;057540040040;100mN32137E42128;MC;NA;6;31;M;F;3039;EMP
057540040040-5647;057540040040;100mN32137E42128;MC;NA;6;36;M;M;3039;EMP
057540040040-5647;057540040040;100mN32137E42128;MC;NA;6;8;S;F;0614;NEP
057540040040-5647;057540040040;100mN32137E42128;MC;NA;6;6;S;F;0614;NEP
057540040040-5647;057540040040;100mN32137E42128;MC;NA;6;13;S;F;0614;NEP
057540040040-5647;057540040040;100mN32137E42128;MC;NA;6;11;S;F;0614;NEP
057540040040-5648;057540040040;100mN32131E42133;MC;NA;4;47;M;M;4049;EMP
057540040040-5648;057540040040;100mN32131E42133;MC;NA;4;41;M;F;4049;NEP
057540040040-5648;057540040040;100mN32131E42133;MC;NA;4;30;M;M;3039;EMP
057540040040-5648;057540040040;100mN32131E42133;MC;NA;4;18;M;F;1824;NEP
057540040040-5649;057540040040;100mN32137E42128;PO;NA;2;54;S;M;5064;EMP
057540040040-5649;057540040040;100mN32137E42128;PO;NA;2;52;S;F;5064;EMP
057540040040-5650;057540040040;100mN32118E42125;S;NA;1;57;S;M;5064;NEP
057540040040-5651;057540040040;100mN32129E42115;S;OS;1;21;S;M;1824;EMP
057540040040-5652;057540040040;100mN32102E42072;MC;NA;5;61;M;M;5064;EMP
057540040040-5652;057540040040;100mN32102E42072;MC;NA;5;83;S;F;75XX;NEP
057540040040-5652;057540040040;100mN32102E42072;MC;NA;5;16;S;M;1517;EMP
057540040040-5652;057540040040;100mN32102E42072;MC;NA;5;10;S;F;0614;NEP
057540040040-5652;057540040040;100mN32102E42072;MC;NA;5;20;S;M;1824;EMP
057540040040-5653;057540040040;100mN32129E42115;MC;NA;2;61;M;M;5064;NEP
057540040040-5653;057540040040;100mN32129E42115;MC;NA;2;60;M;F;5064;NEP
057540040040-5654;057540040040;100mN32135E42116;MC;MIX;4;83;M;M;75XX;EMP
057540040040-5654;057540040040;100mN32135E42116;MC;MIX;4;50;M;M;5064;EMP
057540040040-5654;057540040040;100mN32135E42116;MC;MIX;4;50;M;F;5064;EMP
057540040040-5654;057540040040;100mN32135E42116;MC;MIX;4;28;M;M;2529;NEP
057540040040-5655;057540040040;100mN32135E42116;MC;OS;4;71;M;M;6574;EMP
057540040040-5655;057540040040;100mN32135E42116;MC;OS;4;68;M;F;6574;UEP
057540040040-5655;057540040040;100mN32135E42116;MC;OS;4;65;M;F;6574;EMP
057540040040-5655;057540040040;100mN32135E42116;MC;OS;4;70;S;F;6574;UEP
057540040040-5656;057540040040;100mN32135E42116;MC;OS;2;71;M;M;6574;EMP
057540040040-5656;057540040040;100mN32135E42116;MC;OS;2;71;M;F;6574;EMP
057540040040-5657;057540040040;100mN32107E42073;PO;OS;3;80;S;F;75XX;NEP
057540040040-5657;057540040040;100mN32107E42073;PO;OS;3;86;S;F;75XX;EMP
057540040040-5657;057540040040;100mN32107E42073;PO;OS;3;78;M;F;75XX;UEP
057540040040-5658;057540040040;100mN32132E42135;MC;OS;3;65;M;M;6574;NEP
057540040040-5658;057540040040;100mN32132E42135;MC;OS;3;68;M;F;6574;EMP
057540040040-5658;057540040040;100mN32132E42135;MC;OS;3;79;W;M;75XX;EMP
057540040040-5659;057540040040;100mN32118E42123;SF;NA;4;57;S;F;5064;EMP
057540040040-5659;057540040040;100mN32118E42123;SF;NA;4;15;S;F;1517;NEP
057540040040-5659;057540040040;100mN32118E42123;SF;NA;4;2;S;F;0003;NEP
057540040040-5659;057540040040;100mN32118E42123;SF;NA;4;9;S;M;0614;NEP
057540040040-5660;057540040040;100mN32117E42124;MC;MIX;6;68;S;M;6574;EMP
057540040040-5660;057540040040;100mN32117E42124;MC;MIX;6;18;M;M;1824;EMP
057540040040-5660;057540040040;100mN32117E42124;MC;MIX;6;18;M;F;1824;NEP
057540040040-5660;057540040040;100mN32117E42124;MC;MIX;6;3;S;F;0305;NEP
057540040040-5660;057540040040;100mN32117E42124;MC;MIX;6;3;S;M;0305;NEP
057540040040-5660;057540040040;100mN32117E42124;MC;MIX;6;3;S;M;0305;NEP
057540040040-5661;057540040040;100mN32118E42123;NA;NA;2;52;S;M;5064;EMP
057540040040-5661;057540040040;100mN32118E42123;NA;NA;2;19;M;M;1824;EMP
057540040040-5662;057540040040;100mN32127E42117;S;OS;1;73;M;M;6574;EMP
057540040040-5663;057540040040;100mN32118E42123;MC;NA;3;40;M;M;4049;EMP
057540040040-5663;057540040040;100mN32118E42123;MC;NA;3;35;M;F;3039;EMP
057540040040-5663;057540040040;100mN32118E42123;MC;NA;3;15;S;F;1517;EMP
057540040040-5664;057540040040;100mN32118E42123;PO;NA;2;48;S;M;4049;EMP
057540040040-5664;057540040040;100mN32118E42123;PO;NA;2;47;S;M;4049;EMP
057540040040-5665;057540040040;100mN32117E42116;PO;MIX;3;68;S;M;6574;EMP
057540040040-5665;057540040040;100mN32117E42116;PO;MIX;3;44;S;M;4049;EMP
057540040040-5665;057540040040;100mN32117E42116;PO;MIX;3;41;S;M;4049;NEP
057540040040-5666;057540040040;100mN32118E42123;MC;NA;2;34;M;F;3039;NEP
057540040040-5666;057540040040;100mN32118E42123;MC;NA;2;40;M;M;4049;EMP
057540040040-5667;057540040040;100mN32118E42123;MC;OS;3;85;M;F;75XX;EMP
057540040040-5667;057540040040;100mN32118E42123;MC;OS;3;85;M;M;75XX;EMP
057540040040-5667;057540040040;100mN32118E42123;MC;OS;3;69;M;M;6574;EMP
057540040040-5668;057540040040;100mN32136E42129;MC;NA;3;52;M;F;5064;NEP
057540040040-5668;057540040040;100mN32136E42129;MC;NA;3;58;M;M;5064;EMP
057540040040-5668;057540040040;100mN32136E42129;MC;NA;3;0;S;M;0003;NEP
057540040040-5669;057540040040;100mN32116E42124;MC;NA;2;58;M;M;5064;EMP
057540040040-5669;057540040040;100mN32116E42124;MC;NA;2;55;M;F;5064;UEP
057540040040-5670;057540040040;100mN32118E42123;MC;NA;3;47;M;M;4049;EMP
057540040040-5670;057540040040;100mN32118E42123;MC;NA;3;44;M;F;4049;EMP
057540040040-5670;057540040040;100mN32118E42123;MC;NA;3;20;S;F;1824;NEP
057540040040-5671;057540040040;100mN32121E42147;MC;NA;4;36;M;F;3039;EMP
057540040040-5671;057540040040;100mN32121E42147;MC;NA;4;40;M;M;4049;NEP
057540040040-5671;057540040040;100mN32121E42147;MC;NA;4;8;S;M;0614;NEP
057540040040-5671;057540040040;100mN32121E42147;MC;NA;4;20;S;F;1824;NEP
057540040040-5672;057540040040;100mN32118E42123;S;NA;1;46;M;M;4049;EMP
057540040040-5673;057540040040;100mN32118E42123;MC;MIX;3;82;W;M;75XX;EMP
057540040040-5673;057540040040;100mN32118E42123;MC;MIX;3;44;M;M;4049;EMP
057540040040-5673;057540040040;100mN32118E42123;MC;MIX;3;38;M;F;3039;EMP
057540040040-5674;057540040040;100mN32118E42123;MC;NA;3;44;M;F;4049;NEP
057540040040-5674;057540040040;100mN32118E42123;MC;NA;3;40;M;M;4049;EMP
057540040040-5674;057540040040;100mN32118E42123;MC;NA;3;9;S;M;0614;NEP
057540040040-5675;057540040040;100mN32107E42041;S;NA;1;41;S;M;4049;EMP
057540040040-5676;057540040040;100mN32118E42123;S;NA;1;48;D;M;4049;NEP
057540040040-5677;057540040040;100mN32118E42123;MC;NA;2;56;M;M;5064;EMP
057540040040-5677;057540040040;100mN32118E42123;MC;NA;2;47;M;F;4049;NEP
057540040040-5678;057540040040;100mN32118E42123;S;NA;1;37;W;F;3039;NEP
057540040040-5679;057540040040;100mN32126E42145;S;OS;1;23;W;M;1824;EMP
057540040040-5680;057540040040;100mN32118E42123;MC;OS;6;71;M;M;6574;NEP
057540040040-5680;057540040040;100mN32118E42123;MC;OS;6;72;M;F;6574;NEP
057540040040-5680;057540040040;100mN32118E42123;MC;OS;6;89;S;F;75XX;EMP
057540040040-5680;057540040040;100mN32118E42123;MC;OS;6;65;S;M;6574;EMP
057540040040-5680;057540040040;100mN32118E42123;MC;OS;6;75;W;F;75XX;EMP
057540040040-5680;057540040040;100mN32118E42123;MC;OS;6;78;D;F;75XX;NEP
057540040040-5681;057540040040;100mN32118E42123;MC;NA;4;61;M;F;5064;EMP
057540040040-5681;057540040040;100mN32118E42123;MC;NA;4;63;M;M;5064;EMP
057540040040-5681;057540040040;100mN32118E42123;MC;NA;4;11;S;M;0614;NEP
057540040040-5681;057540040040;100mN32118E42123;MC;NA;4;8;S;F;0614;NEP
057540040040-5682;057540040040;100mN32118E42123;S;OS;1;62;M;M;5064;EMP
057540040040-5683;057540040040;100mN32118E42123;S;OS;1;46;M;F;4049;EMP
057540040040-5684;057540040040;100mN32118E42123;SF;NA;3;63;W;F;5064;NEP
057540040040-5684;057540040040;100mN32118E42123;SF;NA;3;0;S;M;0003;NEP
057540040040-5684;057540040040;100mN32118E42123;SF;NA;3;3;S;M;0305;NEP
057540040040-5685;057540040040;100mN32118E42123;MC;NA;3;33;M;M;3039;EMP
057540040040-5685;057540040040;100mN32118E42123;MC;NA;3;31;M;F;3039;EMP
057540040040-5685;057540040040;100mN32118E42123;MC;NA;3;15;S;M;1517;EMP
057540040040-5686;057540040040;100mN32118E42123;MC;NA;2;43;M;M;4049;EMP
057540040040-5686;057540040040;100mN32118E42123;MC;NA;2;45;M;F;4049;NEP
057540040040-5687;057540040040;100mN32118E42123;S;NA;1;60;M;M;5064;NEP
057540040040-5688;057540040040;100mN32128E42137;S;NA;1;63;D;M;5064;NEP
057540040040-5689;057540040040;100mN32118E42123;SM;NA;3;70;S;M;6574;EMP
057540040040-5689;057540040040;100mN32118E42123;SM;NA;3;19;M;M;1824;EMP
057540040040-5689;057540040040;100mN32118E42123;SM;NA;3;21;M;M;1824;NEP
057540040040-5690;057540040040;100mN32118E42123;MC;MIX;3;72;M;M;6574;EMP
057540040040-5690;057540040040;100mN32118E42123;MC;MIX;3;38;M;F;3039;EMP
057540040040-5690;057540040040;100mN32118E42123;MC;MIX;3;40;M;M;4049;EMP
057540040040-5691;057540040040;100mN32137E42119;MC;NA;4;63;M;M;5064;NEP
057540040040-5691;057540040040;100mN32137E42119;MC;NA;4;59;M;F;5064;EMP
057540040040-5691;057540040040;100mN32137E42119;MC;NA;4;15;S;F;1517;EMP
057540040040-5691;057540040040;100mN32137E42119;MC;NA;4;8;S;M;0614;NEP
057540040040-5692;057540040040;100mN32101E42079;S;NA;1;45;S;M;4049;NEP
057540040040-5693;057540040040;100mN32101E42079;S;NA;1;78;W;F;75XX;NEP
057540040040-5694;057540040040;100mN32114E42122;MC;NA;2;34;M;M;3039;EMP
057540040040-5694;057540040040;100mN32114E42122;MC;NA;2;25;M;F;2529;EMP
057540040040-5695;057540040040;100mN32114E42122;S;NA;1;73;M;M;6574;EMP
057540040040-5696;057540040040;100mN32114E42122;S;NA;1;63;S;F;5064;EMP
057540040040-5697;057540040040;100mN32114E42122;S;OS;1;43;W;F;4049;NEP
057540040040-5698;057540040040;100mN32114E42122;MC;NA;4;40;M;M;4049;NEP
057540040040-5698;057540040040;100mN32114E42122;MC;NA;4;37;M;F;3039;EMP
057540040040-5698;057540040040;100mN32114E42122;MC;NA;4;10;S;F;0614;NEP
057540040040-5698;057540040040;100mN32114E42122;MC;NA;4;10;S;F;0614;NEP
057540040040-5699;057540040040;100mN32118E42121;S;OS;1;26;W;M;2529;NEP
057540040040-5700;057540040040;100mN32114E42122;S;NA;1;41;M;M;4049;EMP
057540040040-5701;057540040040;100mN32111E42124;SF;NA;2;69;D;F;6574;EMP
057540040040-5701;057540040040;100mN32111E42124;SF;NA;2;15;S;M;1517;EMP
057540040040-5702;057540040040;100mN32114E42122;S;NA;1;31;M;M;3039;EMP
057540040040-5703;057540040040;100mN32114E42122;S;NA;1;25;M;F;2529;EMP
057540040040-5704;057540040040;100mN32114E42122;MC;NA;3;54;M;F;5064;NEP
057540040040-5704;057540040040;100mN32114E42122;MC;NA;3;57;M;M;5064;EMP
057540040040-5704;057540040040;100mN32114E42122;MC;NA;3;6;S;M;0614;NEP
057540040040-5705;057540040040;100mN32114E42122;MC;MIX;2;77;M;M;75XX;NEP
057540040040-5705;057540040040;100mN32114E42122;MC;MIX;2;72;S;M;6574;NEP
057540040040-5706;057540040040;100mN32115E42132;MC;NA;4;20;M;F;1824;EMP
057540040040-5706;057540040040;100mN32115E42132;MC;NA;4;22;M;M;1824;NEP
057540040040-5706;057540040040;100mN32115E42132;MC;NA;4;4;S;F;0305;NEP
057540040040-5706;057540040040;100mN32115E42132;MC;NA;4;4;S;F;0305;NEP
057540040040-5707;057540040040;100mN32117E42129;SF;NA;3;44;D;F;4049;EMP
057540040040-5707;057540040040;100mN32117E42129;SF;NA;3;26;S;F;2529;EMP
057540040040-5707;057540040040;100mN32117E42129;SF;NA;3;16;S;M;1517;EMP
057540040040-5708;057540040040;100mN32115E42109;MC;NA;4;30;M;M;3039;EMP
057540040040-5708;057540040040;100mN32115E42109;MC;NA;4;22;M;F;1824;NEP
057540040040-5708;057540040040;100mN32115E42109;MC;NA;4;10;S;M;0614;NEP
057540040040-5708;057540040040;100mN32115E42109;MC;NA;4;15;S;F;1517;NEP
057540040040-5709;057540040040;100mN32114E42131;S;NA;1;43;S;F;4049;NEP
057540040040-5710;057540040040;100mN32115E42132;MC;OS;2;86;M;M;75XX;EMP
057540040040-5710;057540040040;100mN32115E42132;MC;OS;2;78;M;F;75XX;EMP
057540040040-5711;057540040040;100mN32118E42121;MC;NA;4;26;M;M;2529;EMP
057540040040-5711;057540040040;100mN32118E42121;MC;NA;4;25;M;F;2529;EMP
057540040040-5711;057540040040;100mN32118E42121;MC;NA;4;11;S;F;0614;NEP
057540040040-5711;057540040040;100mN32118E42121;MC;NA;4;4;S;M;0305;NEP
057540040040-5712;057540040040;100mN32103E42071;S;NA;1;42;W;F;4049;EMP
057540040040-5713;057540040040;100mN32115E42132;MC;NA;3;34;M;F;3039;NEP
057540040040-5713;057540040040;100mN32115E42132;MC;NA;3;37;M;M;3039;EMP
057540040040-5713;057540040040;100mN32115E42132;MC;NA;3;19;M;F;1824;EMP
057540040040-5714;057540040040;100mN32137E42130;S;OS;1;44;M;M;4049;NEP
057540040040-5715;057540040040;100mN32126E42137;MC;NA;2;40;M;F;4049;NEP
057540040040-5715;057540040040;100mN32126E42137;MC;NA;2;36;M;M;3039;EMP
057540040040-5716;057540040040;100mN32115E42132;MC;OS;4;86;M;F;75XX;NEP
057540040040-5716;057540040040;100mN32115E42132;MC;OS;4;48;S;F;4049;EMP
057540040040-5716;057540040040;100mN32115E42132;MC;OS;4;76;M;F;75XX;NEP
057540040040-5716;057540040040;100mN32115E42132;MC;OS;4;86;M;M;75XX;EMP
057540040040-5717;057540040040;100mN32134E42132;PO;NA;4;45;S;M;4049;EMP
057540040040-5717;057540040040;100mN32134E42132;PO;NA;4;41;S;M;4049;EMP
057540040040-5717;057540040040;100mN32134E42132;PO;NA;4;23;W;F;1824;NEP
057540040040-5717;057540040040;100mN32134E42132;PO;NA;4;11;S;F;0614;NEP
057540040040-5718;057540040040;100mN32115E42132;MC;NA;3;48;M;F;4049;NEP
057540040040-5718;057540040040;100mN32115E42132;MC;NA;3;51;M;M;5064;NEP
057540040040-5718;057540040040;100mN32115E42132;MC;NA;3;30;M;F;3039;NEP
057540040040-5719;057540040040;100mN32114E42126;SF;NA;4;38;W;F;3039;EMP
057540040040-5719;057540040040;100mN32114E42126;SF;NA;4;4;S;F;0305;NEP
057540040040-5719;057540040040;100mN32114E42126;SF;NA;4;4;S;M;0305;NEP
057540040040-5719;057540040040;100mN32114E42126;SF;NA;4;6;S;M;0614;NEP
057540040040-5720;057540040040;100mN32115E42132;MC;NA;3;41;M;M;4049;EMP
057540040040-5720;057540040040;100mN32115E42132;MC;NA;3;35;M;F;3039;NEP
057540040040-5720;057540040040;100mN32115E42132;MC;NA;3;1;S;F;0003;NEP
057540040040-5721;057540040040;100mN32137E42121;MC;NA;3;22;M;M;1824;NEP
057540040040-5721;057540040040;100mN32137E42121;MC;NA;3;25;M;F;2529;EMP
057540040040-5721;057540040040;100mN32137E42121;MC;NA;3;0;S;M;0003;NEP
057540040040-5722;057540040040;100mN32115E42132;MC;MIX;3;65;S;M;6574;EMP
057540040040-5722;057540040040;100mN32115E42132;MC;MIX;3;31;M;F;3039;EMP
057540040040-5722;057540040040;100mN32115E42132;MC;MIX;3;28;M;M;2529;EMP
057540040040-5723;057540040040;100mN32103E42071;SF;NA;2;22;D;F;1824;UEP
057540040040-5723;057540040040;100mN32103E42071;SF;NA;2;7;S;F;0614;NEP
057540040040-5724;057540040040;100mN32116E42128;PO;NA;2;59;S;M;5064;EMP
057540040040-5724;057540040040;100mN32116E42128;PO;NA;2;60;S;M;5064;EMP
057540040040-5725;057540040040;100mN32115E42132;S;NA;1;57;W;F;5064;EMP
057540040040-5726;057540040040;100mN32115E42132;MC;NA;2;26;M;F;2529;NEP
057540040040-5726;057540040040;100mN32115E42132;MC;NA;2;27;M;M;2529;NEP
057540040040-5727;057540040040;100mN32139E42124;S;NA;1;54;W;F;5064;NEP
057540040040-5728;057540040040;100mN32115E42127;S;OS;1;37;S;F;3039;EMP
057540040040-5729;057540040040;100mN32115E42132;MC;NA;4;46;M;F;4049;EMP
057540040040-5729;057540040040;100mN32115E42132;MC;NA;4;54;M;M;5064;EMP
057540040040-5729;057540040040;100mN32115E42132;MC;NA;4;2;S;M;0003;NEP
057540040040-5729;057540040040;100mN32115E42132;MC;NA;4;20;M;M;1824;EMP
057540040040-5730;057540040040;100mN32115E42132;S;NA;1;51;S;M;5064;EMP
057540040040-5731;057540040040;100mN32115E42132;MC;NA;2;61;M;M;5064;NEP
057540040040-5731;057540040040;100mN32115E42132;MC;NA;2;59;M;F;5064;NEP
057540040040-5732;057540040040;100mN32113E42127;SF;NA;2;30;D;F;3039;NEP
057540040040-5732;057540040040;100mN32113E42127;SF;NA;2;2;S;M;0003;NEP
057540040040-5733;057540040040;100mN32111E42119;MC;NA;4;35;M;F;3039;EMP
057540040040-5733;057540040040;100mN32111E42119;MC;NA;4;62;M;M;5064;EMP
057540040040-5733;057540040040;100mN32111E42119;MC;NA;4;10;S;F;0614;NEP
057540040040-5733;057540040040;100mN32111E42119;MC;NA;4;7;S;M;0614;NEP
057540040040-5734;057540040040;100mN32115E42132;MC;NA;2;48;M;M;4049;EMP
057540040040-5734;057540040040;100mN32115E42132;MC;NA;2;45;M;F;4049;NEP
057540040040-5735;057540040040;100mN32115E42132;MC;NA;2;54;M;F;5064;EMP
057540040040-5735;057540040040;100mN32115E42132;MC;NA;2;52;M;M;5064;NEP
057540040040-5736;057540040040;100mN32125E42140;S;OS;1;43;D;F;4049;EMP
057540040040-5737;057540040040;100mN32115E42132;MC;NA;4;53;M;F;5064;UEP
057540040040-5737;057540040040;100mN32115E42132;MC;NA;4;57;M;M;5064;EMP
057540040040-5737;057540040040;100mN32115E42132;MC;NA;4;37;M;F;3039;NEP
057540040040-5737;057540040040;100mN32115E42132;MC;NA;4;11;S;M;0614;NEP
057540040040-5738;057540040040;100mN32124E42105;S;OS;1;53;S;M;5064;EMP
057540040040-5739;057540040040;100mN32124E42105;MC;NA;4;25;M;M;2529;EMP
057540040040-5739;057540040040;100mN32124E42105;MC;NA;4;22;M;F;1824;EMP
057540040040-5739;057540040040;100mN32124E42105;MC;NA;4;1;S;F;0003;NEP
057540040040-5739;057540040040;100mN32124E42105;MC;NA;4;8;S;F;0614;NEP
057540040040-5740;057540040040;100mN32124E42105;S;NA;1;32;D;M;3039;EMP
057540040040-5741;057540040040;100mN32132E42133;S;OS;1;83;S;F;75XX;EMP
057540040040-5742;057540040040;100mN32107E42106;MC;NA;2;28;M;M;2529;NEP
057540040040-5742;057540040040;100mN32107E42106;MC;NA;2;21;M;F;1824;EMP
057540040040-5743;057540040040;100mN32107E42106;MC;OS;2;88;M;M;75XX;EMP
057540040040-5743;057540040040;100mN32107E42106;MC;OS;2;86;M;F;75XX;UEP
057540040040-5744;057540040040;100mN32111E42120;SF;NA;4;37;D;F;3039;NEP
057540040040-5744;057540040040;100mN32111E42120;SF;NA;4;19;S;M;1824;NEP
057540040040-5744;057540040040;100mN32111E42120;SF;NA;4;7;S;F;0614;NEP
057540040040-5744;057540040040;100mN32111E42120;SF;NA;4;19;S;M;1824;NEP
057540040040-5745;057540040040;100mN32111E42120;MC;MIX;4;65;M;M;6574;EMP
057540040040-5745;057540040040;100mN32111E42120;MC;MIX;4;36;M;M;3039;EMP
057540040040-5745;057540040040;100mN32111E42120;MC;MIX;4;36;M;F;3039;EMP
057540040040-5745;057540040040;100mN32111E42120;MC;MIX;4;10;S;F;0614;NEP
057540040040-5746;057540040040;100mN32112E42117;MC;MIX;2;67;M;M;6574;EMP
057540040040-5746;057540040040;100mN32112E42117;MC;MIX;2;63;M;F;5064;UEP
057540040040-5747;057540040040;100mN32121E42140;S;OS;1;59;D;M;5064;EMP
057540040040-5748;057540040040;100mN32111E42120;MC;NA;2;62;M;M;5064;EMP
057540040040-5748;057540040040;100mN32111E42120;MC;NA;2;61;M;F;5064;UEP
057540040040-5749;057540040040;100mN32111E42120;SF;NA;2;57;D;F;5064;EMP
057540040040-5749;057540040040;100mN32111E42120;SF;NA;2;10;S;M;0614;NEP
057540040040-5750;057540040040;100mN32111E42120;MC;NA;2;42;M;M;4049;EMP
057540040040-5750;057540040040;100mN32111E42120;MC;NA;2;38;M;F;3039;EMP
057540040040-5751;057540040040;100mN32136E42128;S;NA;1;16;S;M;1517;NEP
057540040040-5752;057540040040;100mN32136E42128;MC;OS;2;71;M;M;6574;EMP
057540040040-5752;057540040040;100mN32136E42128;MC;OS;2;69;M;F;6574;NEP
057540040040-5753;057540040040;100mN32136E42128;S;NA;1;60;S;F;5064;NEP
057540040040-5754;057540040040;100mN32108E42143;MC;NA;2;45;M;M;4049;NEP
057540040040-5754;057540040040;100mN32108E42143;MC;NA;2;42;M;F;4049;UEP
057540040040-5755;057540040040;100mN32114E42128;MC;OS;3;65;M;F;6574;NEP
057540040040-5755;057540040040;100mN32114E42128;MC;OS;3;73;M;M;6574;NEP
057540040040-5755;057540040040;100mN32114E42128;MC;OS;3;66;S;F;6574;NEP
057540040040-5756;057540040040;100mN32136E42132;MC;OS;3;65;M;M;6574;EMP
057540040040-5756;057540040040;100mN32136E42132;MC;OS;3;66;M;F;6574;EMP
057540040040-5756;057540040040;100mN32136E42132;MC;OS;3;76;W;M;75XX;EMP
057540040040-5757;057540040040;100mN32112E42118;MC;NA;3;46;M;M;4049;EMP
057540040040-5757;057540040040;100mN32112E42118;MC;NA;3;44;M;F;4049;NEP
057540040040-5757;057540040040;100mN32112E42118;MC;NA;3;25;S;F;2529;EMP
057540040040-5758;057540040040;100mN32136E42132;S;NA;1;31;M;M;3039;NEP
057540040040-5759;057540040040;100mN32136E42132;MC;NA;4;46;M;F;4049;UEP
057540040040-5759;057540040040;100mN32136E42132;MC;NA;4;47;M;M;4049;NEP
057540040040-5759;057540040040;100mN32136E42132;MC;NA;4;15;S;M;1517;EMP
057540040040-5759;057540040040;100mN32136E42132;MC;NA;4;12;S;F;0614;NEP
057540040040-5760;057540040040;100mN32136E42132;MC;NA;3;55;M;M;5064;EMP
057540040040-5760;057540040040;100mN32136E42132;MC;NA;3;51;M;F;5064;EMP
057540040040-5760;057540040040;100mN32136E42132;MC;NA;3;13;S;M;0614;NEP
057540040040-5761;057540040040;100mN32130E42138;MC;NA;3;60;M;F;5064;EMP
057540040040-5761;057540040040;100mN32130E42138;MC;NA;3;47;S;M;4049;NEP
057540040040-5761;057540040040;100mN32130E42138;MC;NA;3;15;S;F;1517;NEP
057540040040-5762;057540040040;100mN32136E42132;MC;MIX;3;73;S;F;6574;NEP
057540040040-5762;057540040040;100mN32136E42132;MC;MIX;3;30;M;M;3039;EMP
057540040040-5762;057540040040;100mN32136E42132;MC;MIX;3;27;M;F;2529;EMP
057540040040-5763;057540040040;100mN32136E42132;MC;NA;6;43;M;F;4049;NEP
057540040040-5763;057540040040;100mN32136E42132;MC;NA;6;52;M;M;5064;NEP
057540040040-5763;057540040040;100mN32136E42132;MC;NA;6;7;S;F;0614;NEP
057540040040-5763;057540040040;100mN32136E42132;MC;NA;6;6;S;M;0614;NEP
057540040040-5763;057540040040;100mN32136E42132;MC;NA;6;26;S;M;2529;NEP
057540040040-5763;057540040040;100mN32136E42132;MC;NA;6;0;S;F;0003;NEP
057540040040-5764;057540040040;100mN32136E42125;SF;NA;2;70;W;F;6574;EMP
057540040040-5764;057540040040;100mN32136E42125;SF;NA;2;10;S;M;0614;NEP
057540040040-5765;057540040040;100mN32116E42128;SF;NA;2;66;W;F;6574;EMP
057540040040-5765;057540040040;100mN32116E42128;SF;NA;2;13;S;F;0614;NEP
057540040040-5766;057540040040;100mN32136E42133;MC;NA;2;19;M;M;1824;NEP
057540040040-5766;057540040040;100mN32136E42133;MC;NA;2;18;M;F;1824;NEP
057540040040-5767;057540040040;100mN32116E42128;MC;NA;4;54;M;M;5064;EMP
057540040040-5767;057540040040;100mN32116E42128;MC;NA;4;45;M;F;4049;NEP
057540040040-5767;057540040040;100mN32116E42128;MC;NA;4;7;S;F;0614;NEP
057540040040-5767;057540040040;100mN32116E42128;MC;NA;4;25;S;F;2529;NEP
057540040040-5768;057540040040;100mN32116E42128;PO;NA;3;55;S;F;5064;NEP
057540040040-5768;057540040040;100mN32116E42128;PO;NA;3;63;S;F;5064;NEP
057540040040-5768;057540040040;100mN32116E42128;PO;NA;3;40;M;F;4049;EMP
057540040040-5769;057540040040;100mN32117E42124;S;NA;1;34;D;F;3039;EMP
057540040040-5770;057540040040;100mN32116E42128;MC;NA;3;44;M;F;4049;EMP
057540040040-5770;057540040040;100mN32116E42128;MC;NA;3;47;M;M;4049;EMP
057540040040-5770;057540040040;100mN32116E42128;MC;NA;3;16;S;F;1517;NEP
057540040040-5771;057540040040;100mN32116E42128;MC;MIX;3;81;D;M;75XX;EMP
057540040040-5771;057540040040;100mN32116E42128;MC;MIX;3;52;M;M;5064;NEP
057540040040-5771;057540040040;100mN32116E42128;MC;MIX;3;50;M;F;5064;EMP
057540040040-5772;057540040040;100mN32116E42128;S;NA;1;89;S;F;75XX;NEP
057540040040-5773;057540040040;100mN32117E42123;MC;NA;4;55;M;F;5064;NEP
057540040040-5773;057540040040;100mN32117E42123;MC;NA;4;61;M;M;5064;EMP
057540040040-5773;057540040040;100mN32117E42123;MC;NA;4;40;D;F;4049;EMP
057540040040-5773;057540040040;100mN32117E42123;MC;NA;4;15;S;F;1517;EMP
057540040040-5774;057540040040;100mN32116E42128;SF;NA;2;60;W;F;5064;EMP
057540040040-5774;057540040040;100mN32116E42128;SF;NA;2;11;S;F;0614;NEP
057540040040-5775;057540040040;100mN32116E42128;S;NA;1;38;M;F;3039;UEP
057540040040-5776;057540040040;100mN32116E42128;PO;NA;2;59;S;M;5064;EMP
057540040040-5776;057540040040;100mN32116E42128;PO;NA;2;60;S;M;5064;EMP
057540040040-5777;057540040040;100mN32118E42129;PO;OS;2;66;S;F;6574;NEP
057540040040-5777;057540040040;100mN32118E42129;PO;OS;2;66;S;M;6574;EMP
057540040040-5778;057540040040;100mN32102E42073;S;OS;1;53;S;M;5064;NEP
057540040040-5779;057540040040;100mN32116E42128;S;NA;1;51;M;F;5064;EMP
057540040040-5780;057540040040;100mN32090E42132;PO;NA;3;45;S;F;4049;NEP
057540040040-5780;057540040040;100mN32090E42132;PO;NA;3;42;S;F;4049;EMP
057540040040-5780;057540040040;100mN32090E42132;PO;NA;3;16;S;M;1517;EMP
057540040040-5781;057540040040;100mN32090E42132;MC;NA;4;31;M;M;3039;EMP
057540040040-5781;057540040040;100mN32090E42132;MC;NA;4;23;M;F;1824;EMP
057540040040-5781;057540040040;100mN32090E42132;MC;NA;4;1;S;M;0003;NEP
057540040040-5781;057540040040;100mN32090E42132;MC;NA;4;3;S;F;0305;NEP
057540040040-5782;057540040040;100mN32090E42132;SF;NA;4;55;W;F;5064;NEP
057540040040-5782;057540040040;100mN32090E42132;SF;NA;4;6;S;M;0614;NEP
057540040040-5782;057540040040;100mN32090E42132;SF;NA;4;9;S;F;0614;NEP
057540040040-5782;057540040040;100mN32090E42132;SF;NA;4;0;S;M;0003;NEP
057540040040-5783;057540040040;100mN32120E42120;S;NA;1;38;M;F;3039;EMP
057540040040-5784;057540040040;100mN32090E42045;MC;OS;2;69;M;M;6574;NEP
057540040040-5784;057540040040;100mN32090E42045;MC;OS;2;69;M;F;6574;NEP
057540040040-5785;057540040040;100mN32090E42045;S;NA;1;43;M;M;4049;EMP
057540040040-5786;057540040040;100mN32117E42116;MC;NA;3;40;M;M;4049;NEP
057540040040-5786;057540040040;100mN32117E42116;MC;NA;3;37;M;F;3039;NEP
057540040040-5786;057540040040;100mN32117E42116;MC;NA;3;25;D;M;2529;NEP
057540040040-5787;057540040040;100mN32124E42144;SF;NA;5;52;D;F;5064;NEP
057540040040-5787;057540040040;100mN32124E42144;SF;NA;5;16;S;F;1517;EMP
057540040040-5787;057540040040;100mN32124E42144;SF;NA;5;19;W;F;1824;EMP
057540040040-5787;057540040040;100mN32124E42144;SF;NA;5;2;S;M;0003;NEP
057540040040-5787;057540040040;100mN32124E42144;SF;NA;5;4;S;F;0305;NEP
057540040040-5788;057540040040;100mN32116E42122;NA;MIX;3;42;M;M;4049;NEP
057540040040-5788;057540040040;100mN32116E42122;NA;MIX;3;51;M;F;5064;EMP
057540040040-5788;057540040040;100mN32116E42122;NA;MIX;3;55;S;M;5064;EMP
057540040040-5789;057540040040;100mN32125E42144;SM;MIX;3;86;W;F;75XX;NEP
057540040040-5789;057540040040;100mN32125E42144;SM;MIX;3;30;D;M;3039;EMP
057540040040-5789;057540040040;100mN32125E42144;SM;MIX;3;7;S;M;0614;NEP
057540040040-5790;057540040040;100mN32125E42144;S;NA;1;42;M;M;4049;NEP
057540040040-5791;057540040040;100mN32101E42072;S;NA;1;71;W;F;6574;EMP
057540040040-5792;057540040040;100mN32125E42144;S;OS;1;32;M;F;3039;NEP
057540040040-5793;057540040040;100mN32125E42144;S;NA;1;36;S;M;3039;NEP
057540040040-5794;057540040040;100mN32125E42144;PO;NA;2;43;S;M;4049;EMP
057540040040-5794;057540040040;100mN32125E42144;PO;NA;2;35;S;M;3039;EMP
057540040040-5795;057540040040;100mN32125E42144;PO;OS;2;68;S;F;6574;NEP
057540040040-5795;057540040040;100mN32125E42144;PO;OS;2;73;S;M;6574;EMP
057540040040-5796;057540040040;100mN32134E42127;S;OS;1;43;D;F;4049;EMP
057540040040-5797;057540040040;100mN32125E42144;MC;NA;4;44;M;M;4049;EMP
057540040040-5797;057540040040;100mN32125E42144;MC;NA;4;42;M;F;4049;EMP
057540040040-5797;057540040040;100mN32125E42144;MC;NA;4;10;S;F;0614;NEP
057540040040-5797;057540040040;100mN32125E42144;MC;NA;4;15;S;M;1517;EMP
057540040040-5798;057540040040;100mN32117E42125;MC;NA;3;27;M;F;2529;EMP
057540040040-5798;057540040040;100mN32117E42125;MC;NA;3;36;M;M;3039;EMP
057540040040-5798;057540040040;100mN32117E42125;MC;NA;3;2;S;F;0003;NEP
057540040040-5799;057540040040;100mN32125E42144;MC;NA;2;44;M;M;4049;EMP
057540040040-5799;057540040040;100mN32125E42144;MC;NA;2;18;M;F;1824;EMP
057540040040-5800;057540040040;100mN32124E42143;MC;NA;2;26;M;M;2529;EMP
057540040040-5800;057540040040;100mN32124E42143;MC;NA;2;18;M;F;1824;EMP
057540040040-5801;057540040040;100mN32124E42143;MC;OS;2;70;M;F;6574;EMP
057540040040-5801;057540040040;100mN32124E42143;MC;OS;2;79;M;M;75XX;EMP
057540040040-5802;057540040040;100mN32124E42145;S;NA;1;65;W;F;6574;NEP
057540040040-5803;057540040040;100mN32124E42143;MC;NA;4;59;M;F;5064;NEP
057540040040-5803;057540040040;100mN32124E42143;MC;NA;4;60;M;M;5064;NEP
057540040040-5803;057540040040;100mN32124E42143;MC;NA;4;10;S;M;0614;NEP
057540040040-5803;057540040040;100mN32124E42143;MC;NA;4;15;S;F;1517;EMP
057540040040-5804;057540040040;100mN32124E42143;MC;MIX;3;70;S;F;6574;EMP
057540040040-5804;057540040040;100mN32124E42143;MC;MIX;3;18;M;M;1824;EMP
057540040040-5804;057540040040;100mN32124E42143;MC;MIX;3;18;M;F;1824;NEP
057540040040-5805;057540040040;100mN32118E42121;MC;NA;4;26;M;M;2529;EMP
057540040040-5805;057540040040;100mN32118E42121;MC;NA;4;25;M;F;2529;EMP
057540040040-5805;057540040040;100mN32118E42121;MC;NA;4;11;S;F;0614;NEP
057540040040-5805;057540040040;100mN32118E42121;MC;NA;4;4;S;M;0305;NEP
057540040040-5806;057540040040;100mN32115E42127;MC;NA;5;51;M;F;5064;EMP
057540040040-5806;057540040040;100mN32115E42127;MC;NA;5;60;M;M;5064;EMP
057540040040-5806;057540040040;100mN32115E42127;MC;NA;5;7;S;M;0614;NEP
057540040040-5806;057540040040;100mN32115E42127;MC;NA;5;8;S;F;0614;NEP
057540040040-5806;057540040040;100mN32115E42127;MC;NA;5;16;S;F;1517;NEP
057540040040-5807;057540040040;100mN32124E42143;MC;NA;3;48;M;M;4049;EMP
057540040040-5807;057540040040;100mN32124E42143;MC;NA;3;18;M;F;1824;NEP
057540040040-5807;057540040040;100mN32124E42143;MC;NA;3;31;M;M;3039;NEP
057540040040-5808;057540040040;100mN32124E42143;MC;NA;2;36;M;F;3039;NEP
057540040040-5808;057540040040;100mN32124E42143;MC;NA;2;50;M;M;5064;EMP
057540040040-5809;057540040040;100mN32124E42143;S;OS;1;25;D;F;2529;NEP
057540040040-5810;057540040040;100mN32131E42132;MC;OS;4;76;M;F;75XX;EMP
057540040040-5810;057540040040;100mN32131E42132;MC;OS;4;84;M;M;75XX;NEP
057540040040-5810;057540040040;100mN32131E42132;MC;OS;4;76;W;F;75XX;NEP
057540040040-5810;057540040040;100mN32131E42132;MC;OS;4;88;D;M;75XX;EMP
057540040040-5811;057540040040;100mN32124E42143;MC;NA;2;61;M;F;5064;EMP
057540040040-5811;057540040040;100mN32124E42143;MC;NA;2;32;S;M;3039;EMP
057540040040-5812;057540040040;100mN32100E42073;S;NA;1;85;S;M;75XX;EMP
057540040040-5813;057540040040;100mN32119E42117;SF;NA;2;52;D;F;5064;EMP
057540040040-5813;057540040040;100mN32119E42117;SF;NA;2;1;S;M;0003;NEP
057540040040-5814;057540040040;100mN32124E42143;MC;MIX;2;75;M;M;75XX;NEP
057540040040-5814;057540040040;100mN32124E42143;MC;MIX;2;41;M;F;4049;NEP
057540040040-5815;057540040040;100mN32124E42143;S;NA;1;55;S;F;5064;UEP
057540040040-5816;057540040040;100mN32117E42123;S;OS;1;57;S;M;5064;EMP
057540040040-5817;057540040040;100mN32087E42095;MC;NA;2;40;M;F;4049;EMP
057540040040-5817;057540040040;100mN32087E42095;MC;NA;2;42;M;M;4049;EMP
057540040040-5818;057540040040;100mN32124E42143;MC;NA;4;51;M;F;5064;EMP
057540040040-5818;057540040040;100mN32124E42143;MC;NA;4;50;M;M;5064;EMP
057540040040-5818;057540040040;100mN32124E42143;MC;NA;4;1;S;M;0003;NEP
057540040040-5818;057540040040;100mN32124E42143;MC;NA;4;8;S;M;0614;NEP
057540040040-5819;057540040040;100mN32125E42140;S;OS;1;83;S;M;75XX;EMP
057540040040-5820;057540040040;100mN32125E42140;MC;NA;2;45;M;M;4049;NEP
057540040040-5820;057540040040;100mN32125E42140;MC;NA;2;40;M;F;4049;NEP
057540040040-5821;057540040040;100mN32125E42140;MC;NA;2;54;M;M;5064;EMP
057540040040-5821;057540040040;100mN32125E42140;MC;NA;2;48;M;F;4049;NEP
057540040040-5822;057540040040;100mN32092E42132;S;NA;1;79;W;F;75XX;EMP
057540040040-5823;057540040040;100mN32125E42140;MC;OS;2;66;M;F;6574;NEP
057540040040-5823;057540040040;100mN32125E42140;MC;OS;2;68;M;M;6574;EMP
057540040040-5824;057540040040;100mN32100E42073;MC;OS;3;71;M;M;6574;EMP
057540040040-5824;057540040040;100mN32100E42073;MC;OS;3;65;M;F;6574;UEP
057540040040-5824;057540040040;100mN32100E42073;MC;OS;3;83;M;F;75XX;EMP
057540040040-5825;057540040040;100mN32125E42140;MC;OS;2;71;M;F;6574;EMP
057540040040-5825;057540040040;100mN32125E42140;MC;OS;2;73;M;M;6574;EMP
057540040040-5826;057540040040;100mN32125E42140;MC;OS;2;88;M;M;75XX;EMP
057540040040-5826;057540040040;100mN32125E42140;MC;OS;2;83;M;F;75XX;EMP
057540040040-5827;057540040040;100mN32107E42045;SF;NA;3;59;W;F;5064;EMP
057540040040-5827;057540040040;100mN32107E42045;SF;NA;3;4;S;F;0305;NEP
057540040040-5827;057540040040;100mN32107E42045;SF;NA;3;3;S;M;0305;NEP
057540040040-5828;057540040040;100mN32117E42124;MC;MIX;6;68;S;M;6574;EMP
057540040040-5828;057540040040;100mN32117E42124;MC;MIX;6;18;M;M;1824;EMP
057540040040-5828;057540040040;100mN32117E42124;MC;MIX;6;18;M;F;1824;NEP
057540040040-5828;057540040040;100mN32117E42124;MC;MIX;6;3;S;F;0305;NEP
057540040040-5828;057540040040;100mN32117E42124;MC;MIX;6;3;S;M;0305;NEP
057540040040-5828;057540040040;100mN32117E42124;MC;MIX;6;3;S;M;0305;NEP
057540040040-5829;057540040040;100mN32125E42140;MC;NA;2;61;M;F;5064;EMP
057540040040-5829;057540040040;100mN32125E42140;MC;NA;2;37;M;F;3039;NEP
057540040040-5830;057540040040;100mN32102E42075;MC;OS;2;68;M;M;6574;EMP
057540040040-5830;057540040040;100mN32102E42075;MC;OS;2;65;M;F;6574;NEP
057540040040-5831;057540040040;100mN32125E42140;MC;NA;2;34;M;F;3039;EMP
057540040040-5831;057540040040;100mN32125E42140;MC;NA;2;35;M;M;3039;EMP
057540040040-5832;057540040040;100mN32125E42140;S;NA;1;41;W;F;4049;EMP
057540040040-5833;057540040040;100mN32117E42122;S;OS;1;26;D;M;2529;EMP
057540040040-5834;057540040040;100mN32125E42140;S;OS;1;48;S;F;4049;NEP
057540040040-5835;057540040040;100mN32125E42140;S;OS;1;43;D;F;4049;EMP
057540040040-5836;057540040040;100mN32125E42140;MC;NA;2;35;M;M;3039;EMP
057540040040-5836;057540040040;100mN32125E42140;MC;NA;2;18;M;F;1824;NEP
057540040040-5837;057540040040;100mN32125E42140;MC;OS;4;82;M;M;75XX;EMP
057540040040-5837;057540040040;100mN32125E42140;MC;OS;4;80;M;F;75XX;NEP
057540040040-5837;057540040040;100mN32125E42140;MC;OS;4;66;S;M;6574;NEP
057540040040-5837;057540040040;100mN32125E42140;MC;OS;4;73;M;F;6574;NEP
057540040040-5838;057540040040;100mN32125E42140;MC;OS;4;79;M;M;75XX;EMP
057540040040-5838;057540040040;100mN32125E42140;MC;OS;4;79;M;F;75XX;NEP
057540040040-5838;057540040040;100mN32125E42140;MC;OS;4;73;M;F;6574;EMP
057540040040-5838;057540040040;100mN32125E42140;MC;OS;4;87;S;F;75XX;EMP
057540040040-5839;057540040040;100mN32147E42129;MC;OS;4;73;M;F;6574;EMP
057540040040-5839;057540040040;100mN32147E42129;MC;OS;4;73;M;M;6574;EMP
057540040040-5839;057540040040;100mN32147E42129;MC;OS;4;68;M;M;6574;EMP
057540040040-5839;057540040040;100mN32147E42129;MC;OS;4;73;S;M;6574;EMP
057540040040-5840;057540040040;100mN32147E42129;MC;NA;3;42;M;F;4049;EMP
057540040040-5840;057540040040;100mN32147E42129;MC;NA;3;36;M;M;3039;EMP
057540040040-5840;057540040040;100mN32147E42129;MC;NA;3;4;S;M;0305;NEP
057540040040-5841;057540040040;100mN32147E42129;PO;NA;3;42;S;M;4049;NEP
057540040040-5841;057540040040;100mN32147E42129;PO;NA;3;55;S;M;5064;EMP
057540040040-5841;057540040040;100mN32147E42129;PO;NA;3;26;S;M;2529;EMP
057540040040-5842;057540040040;100mN32131E42117;S;OS;1;78;S;F;75XX;NEP
057540040040-5843;057540040040;100mN32123E42147;MC;NA;2;44;M;M;4049;EMP
057540040040-5843;057540040040;100mN32123E42147;MC;NA;2;47;M;F;4049;EMP
057540040040-5844;057540040040;100mN32118E42127;SF;NA;2;21;D;F;1824;NEP
057540040040-5844;057540040040;100mN32118E42127;SF;NA;2;6;S;M;0614;NEP
057540040040-5845;057540040040;100mN32118E42130;S;NA;1;42;S;M;4049;EMP
057540040040-5846;057540040040;100mN32124E42144;SF;NA;4;47;S;F;4049;UEP
057540040040-5846;057540040040;100mN32124E42144;SF;NA;4;2;S;M;0003;NEP
057540040040-5846;057540040040;100mN32124E42144;SF;NA;4;26;S;F;2529;UEP
057540040040-5846;057540040040;100mN32124E42144;SF;NA;4;7;S;M;0614;NEP
057540040040-5847;057540040040;100mN32139E42125;S;NA;1;34;S;F;3039;EMP
057540040040-5848;057540040040;100mN32123E42147;S;OS;1;57;M;F;5064;EMP
057540040040-5849;057540040040;100mN32112E42118;SM;NA;2;71;W;M;6574;EMP
057540040040-5849;057540040040;100mN32112E42118;SM;NA;2;25;M;F;2529;NEP
057540040040-5850;057540040040;100mN32123E42147;PO;NA;2;58;S;F;5064;UEP
057540040040-5850;057540040040;100mN32123E42147;PO;NA;2;58;S;F;5064;UEP
057540040040-5851;057540040040;100mN32123E42147;MC;NA;3;50;M;M;5064;EMP
057540040040-5851;057540040040;100mN32123E42147;MC;NA;3;48;M;F;4049;EMP
057540040040-5851;057540040040;100mN32123E42147;MC;NA;3;10;S;F;0614;NEP
057540040040-5852;057540040040;100mN32123E42147;MC;OS;2;77;M;F;75XX;EMP
057540040040-5852;057540040040;100mN32123E42147;MC;OS;2;79;M;M;75XX;EMP
057540040040-5853;057540040040;100mN32123E42147;MC;NA;2;45;M;M;4049;EMP
057540040040-5853;057540040040;100mN32123E42147;MC;NA;2;43;M;F;4049;EMP
057540040040-5854;057540040040;100mN32123E42147;S;OS;1;87;M;M;75XX;NEP
057540040040-5855;057540040040;100mN32123E42122;SF;NA;3;45;D;F;4049;NEP
057540040040-5855;057540040040;100mN32123E42122;SF;NA;3;6;S;F;0614;NEP
057540040040-5855;057540040040;100mN32123E42122;SF;NA;3;10;S;F;0614;NEP
057540040040-5856;057540040040;100mN32123E42122;MC;MIX;3;76;W;M;75XX;EMP
057540040040-5856;057540040040;100mN32123E42122;MC;MIX;3;54;M;F;5064;EMP
057540040040-5856;057540040040;100mN32123E42122;MC;MIX;3;71;S;F;6574;NEP
057540040040-5857;057540040040;100mN32123E42122;S;NA;1;68;M;M;6574;EMP
057540040040-5858;057540040040;100mN32116E42118;MC;MIX;3;69;S;M;6574;NEP
057540040040-5858;057540040040;100mN32116E42118;MC;MIX;3;32;M;F;3039;NEP
057540040040-5858;057540040040;100mN32116E42118;MC;MIX;3;33;M;M;3039;EMP
057540040040-5859;057540040040;100mN32136E42125;PO;NA;2;34;S;M;3039;NEP
057540040040-5859;057540040040;100mN32136E42125;PO;NA;2;30;S;M;3039;NEP
057540040040-5860;057540040040;100mN32116E42118;MC;MIX;4;73;M;F;6574;EMP
057540040040-5860;057540040040;100mN32116E42118;MC;MIX;4;35;M;M;3039;NEP
057540040040-5860;057540040040;100mN32116E42118;MC;MIX;4;26;M;F;2529;EMP
057540040040-5860;057540040040;100mN32116E42118;MC;MIX;4;16;S;M;1517;EMP
057540040040-5861;057540040040;100mN32124E42140;PO;NA;5;51;S;M;5064;EMP
057540040040-5861;057540040040;100mN32124E42140;PO;NA;5;48;S;F;4049;NEP
057540040040-5861;057540040040;100mN32124E42140;PO;NA;5;11;S;F;0614;NEP
057540040040-5861;057540040040;100mN32124E42140;PO;NA;5;12;S;F;0614;NEP
057540040040-5861;057540040040;100mN32124E42140;PO;NA;5;34;S;M;3039;EMP
057540040040-5862;057540040040;100mN32124E42147;MC;MIX;2;75;M;M;75XX;EMP
057540040040-5862;057540040040;100mN32124E42147;MC;MIX;2;50;S;M;5064;EMP
057540040040-5863;057540040040;100mN32124E42140;MC;NA;2;43;M;M;4049;EMP
057540040040-5863;057540040040;100mN32124E42140;MC;NA;2;36;M;F;3039;NEP
057540040040-5864;057540040040;100mN32117E42125;MC;MIX;2;71;M;F;6574;EMP
057540040040-5864;057540040040;100mN32117E42125;MC;MIX;2;62;M;M;5064;EMP
057540040040-5865;057540040040;100mN32114E42126;S;OS;1;30;M;F;3039;NEP
057540040040-5866;057540040040;100mN32124E42140;MC;NA;2;55;M;M;5064;EMP
057540040040-5866;057540040040;100mN32124E42140;MC;NA;2;47;M;F;4049;NEP
057540040040-5867;057540040040;100mN32114E42126;MC;MIX;2;66;M;F;6574;EMP
057540040040-5867;057540040040;100mN32114E42126;MC;MIX;2;15;S;F;1517;EMP
057540040040-5868;057540040040;100mN32124E42140;S;NA;1;43;D;F;4049;EMP
057540040040-5869;057540040040;100mN32118E42130;SF;NA;4;57;S;F;5064;EMP
057540040040-5869;057540040040;100mN32118E42130;SF;NA;4;10;S;F;0614;NEP
057540040040-5869;057540040040;100mN32118E42130;SF;NA;4;16;S;M;1517;EMP
057540040040-5869;057540040040;100mN32118E42130;SF;NA;4;41;W;F;4049;EMP
057540040040-5870;057540040040;100mN32117E42122;S;NA;1;65;D;M;6574;EMP
057540040040-5871;057540040040;100mN32124E42140;PO;NA;3;43;S;F;4049;NEP
057540040040-5871;057540040040;100mN32124E42140;PO;NA;3;51;S;M;5064;NEP
057540040040-5871;057540040040;100mN32124E42140;PO;NA;3;16;S;F;1517;NEP
057540040040-5872;057540040040;100mN32124E42140;S;OS;1;23;M;M;1824;EMP
057540040040-5873;057540040040;100mN32120E42131;MC;NA;3;52;M;F;5064;UEP
057540040040-5873;057540040040;100mN32120E42131;MC;NA;3;50;M;M;5064;EMP
057540040040-5873;057540040040;100mN32120E42131;MC;NA;3;3;S;F;0305;NEP
057540040040-5874;057540040040;100mN32124E42140;SM;NA;3;40;S;M;4049;NEP
057540040040-5874;057540040040;100mN32124E42140;SM;NA;3;1;S;M;0003;NEP
057540040040-5874;057540040040;100mN32124E42140;SM;NA;3;1;S;F;0003;NEP
057540040040-5875;057540040040;100mN32126E42146;S;NA;1;32;W;F;3039;NEP
057540040040-5876;057540040040;100mN32124E42140;SF;NA;2;30;W;F;3039;NEP
057540040040-5876;057540040040;100mN32124E42140;SF;NA;2;7;S;F;0614;NEP
057540040040-5877;057540040040;100mN32097E42069;SF;NA;2;46;D;F;4049;EMP
057540040040-5877;057540040040;100mN32097E42069;SF;NA;2;2;S;F;0003;NEP
057540040040-5878;057540040040;100mN32116E42124;SF;NA;2;88;D;F;75XX;NEP
057540040040-5878;057540040040;100mN32116E42124;SF;NA;2;34;W;M;3039;EMP
057540040040-5879;057540040040;100mN32124E42140;MC;NA;2;62;M;F;5064;NEP
057540040040-5879;057540040040;100mN32124E42140;MC;NA;2;16;S;M;1517;NEP
057540040040-5880;057540040040;100mN32124E42140;S;OS;1;26;D;M;2529;NEP
057540040040-5881;057540040040;100mN32124E42140;MC;MIX;2;82;M;F;75XX;EMP
057540040040-5881;057540040040;100mN32124E42140;MC;MIX;2;31;S;F;3039;EMP
057540040040-5882;057540040040;100mN32124E42140;S;OS;1;44;D;M;4049;NEP
057540040040-5883;057540040040;100mN32129E42137;MC;NA;3;56;M;F;5064;EMP
057540040040-5883;057540040040;100mN32129E42137;MC;NA;3;50;M;M;5064;EMP
057540040040-5883;057540040040;100mN32129E42137;MC;NA;3;25;M;M;2529;EMP
057540040040-5884;057540040040;100mN32124E42140;MC;NA;3;22;M;F;1824;NEP
057540040040-5884;057540040040;100mN32124E42140;MC;NA;3;25;M;M;2529;NEP
057540040040-5884;057540040040;100mN32124E42140;MC;NA;3;3;S;M;0305;NEP
057540040040-5885;057540040040;100mN32102E42075;MC;MIX;2;68;M;M;6574;NEP
057540040040-5885;057540040040;100mN32102E42075;MC;MIX;2;62;M;F;5064;NEP
057540040040-5886;057540040040;100mN32124E42140;PO;NA;3;54;S;M;5064;NEP
057540040040-5886;057540040040;100mN32124E42140;PO;NA;3;54;S;F;5064;EMP
057540040040-5886;057540040040;100mN32124E42140;PO;NA;3;15;S;F;1517;EMP
057540040040-5887;057540040040;100mN32124E42140;MC;NA;2;36;M;M;3039;NEP
057540040040-5887;057540040040;100mN32124E42140;MC;NA;2;37;M;F;3039;NEP
057540040040-5888;057540040040;100mN32127E42139;MC;NA;2;55;M;F;5064;EMP
057540040040-5888;057540040040;100mN32127E42139;MC;NA;2;63;M;M;5064;EMP
057540040040-5889;057540040040;100mN32118E42133;MC;MIX;4;82;D;F;75XX;NEP
057540040040-5889;057540040040;100mN32118E42133;MC;MIX;4;46;M;M;4049;NEP
057540040040-5889;057540040040;100mN32118E42133;MC;MIX;4;37;M;F;3039;NEP
057540040040-5889;057540040040;100mN32118E42133;MC;MIX;4;15;S;M;1517;NEP
057540040040-5890;057540040040;100mN32124E42140;S;NA;1;36;S;M;3039;NEP
057540040040-5891;057540040040;100mN32124E42140;MC;OS;3;83;M;F;75XX;NEP
057540040040-5891;057540040040;100mN32124E42140;MC;OS;3;87;M;M;75XX;EMP
057540040040-5891;057540040040;100mN32124E42140;MC;OS;3;72;M;F;6574;EMP
057540040040-5892;057540040040;100mN32124E42140;MC;OS;4;79;M;F;75XX;NEP
057540040040-5892;057540040040;100mN32124E42140;MC;OS;4;87;M;M;75XX;EMP
057540040040-5892;057540040040;100mN32124E42140;MC;OS;4;75;M;F;75XX;EMP
057540040040-5892;057540040040;100mN32124E42140;MC;OS;4;87;W;M;75XX;EMP
057540040040-5893;057540040040;100mN32114E42131;S;OS;1;21;M;M;1824;EMP
057540040040-5894;057540040040;100mN32111E42148;PO;NA;3;32;S;F;3039;EMP
057540040040-5894;057540040040;100mN32111E42148;PO;NA;3;34;S;M;3039;EMP
057540040040-5894;057540040040;100mN32111E42148;PO;NA;3;11;S;F;0614;NEP
057540040040-5895;057540040040;100mN32111E42148;MC;OS;4;69;M;M;6574;EMP
057540040040-5895;057540040040;100mN32111E42148;MC;OS;4;65;M;F;6574;UEP
057540040040-5895;057540040040;100mN32111E42148;MC;OS;4;66;M;F;6574;NEP
057540040040-5895;057540040040;100mN32111E42148;MC;OS;4;72;S;F;6574;EMP
057540040040-5896;057540040040;100mN32111E42148;S;NA;1;59;M;F;5064;NEP
057540040040-5897;057540040040;100mN32111E42148;S;NA;1;19;M;M;1824;EMP
057540040040-5898;057540040040;100mN32111E42148;MC;NA;2;46;M;M;4049;EMP
057540040040-5898;057540040040;100mN32111E42148;MC;NA;2;48;M;F;4049;EMP
057540040040-5899;057540040040;100mN32111E42148;MC;NA;2;20;M;F;1824;EMP
057540040040-5899;057540040040;100mN32111E42148;MC;NA;2;22;M;M;1824;EMP
057540040040-5900;057540040040;100mN32131E42133;SF;NA;2;51;W;F;5064;EMP
057540040040-5900;057540040040;100mN32131E42133;SF;NA;2;15;S;F;1517;EMP
057540040040-5901;057540040040;100mN32111E42148;MC;NA;2;42;M;M;4049;NEP
057540040040-5901;057540040040;100mN32111E42148;MC;NA;2;40;M;F;4049;EMP
057540040040-5902;057540040040;100mN32112E42144;MC;MIX;3;77;D;M;75XX;EMP
057540040040-5902;057540040040;100mN32112E42144;MC;MIX;3;21;M;M;1824;EMP
057540040040-5902;057540040040;100mN32112E42144;MC;MIX;3;20;M;F;1824;EMP
057540040040-5903;057540040040;100mN32112E42144;MC;NA;2;63;M;F;5064;NEP
057540040040-5903;057540040040;100mN32112E42144;MC;NA;2;63;D;F;5064;NEP
057540040040-5904;057540040040;100mN32112E42144;PO;NA;4;30;S;M;3039;EMP
057540040040-5904;057540040040;100mN32112E42144;PO;NA;4;25;S;M;2529;EMP
057540040040-5904;057540040040;100mN32112E42144;PO;NA;4;9;S;F;0614;NEP
057540040040-5904;057540040040;100mN32112E42144;PO;NA;4;4;S;F;0305;NEP
057540040040-5905;057540040040;100mN32112E42117;MC;MIX;2;67;M;M;6574;EMP
057540040040-5905;057540040040;100mN32112E42117;MC;MIX;2;63;M;F;5064;UEP
057540040040-5906;057540040040;100mN32112E42144;S;NA;1;48;M;F;4049;EMP
057540040040-5907;057540040040;100mN32127E42143;MC;NA;4;38;M;M;3039;EMP
057540040040-5907;057540040040;100mN32127E42143;MC;NA;4;37;M;F;3039;EMP
057540040040-5907;057540040040;100mN32127E42143;MC;NA;4;9;S;M;0614;NEP
057540040040-5907;057540040040;100mN32127E42143;MC;NA;4;15;S;M;1517;NEP
057540040040-5908;057540040040;100mN32127E42117;S;OS;1;73;M;M;6574;EMP
057540040040-5909;057540040040;100mN32116E42123;MC;NA;3;60;M;M;5064;EMP
057540040040-5909;057540040040;100mN32116E42123;MC;NA;3;57;M;F;5064;EMP
057540040040-5909;057540040040;100mN32116E42123;MC;NA;3;12;S;F;0614;NEP
057540040040-5910;057540040040;100mN32109E42146;MC;NA;3;58;M;M;5064;NEP
057540040040-5910;057540040040;100mN32109E42146;MC;NA;3;55;M;F;5064;EMP
057540040040-5910;057540040040;100mN32109E42146;MC;NA;3;7;S;F;0614;NEP
057540040040-5911;057540040040;100mN32116E42123;SF;NA;5;48;S;F;4049;NEP
057540040040-5911;057540040040;100mN32116E42123;SF;NA;5;9;S;F;0614;NEP
057540040040-5911;057540040040;100mN32116E42123;SF;NA;5;9;S;M;0614;NEP
057540040040-5911;057540040040;100mN32116E42123;SF;NA;5;7;S;F;0614;NEP
057540040040-5911;057540040040;100mN32116E42123;SF;NA;5;6;S;F;0614;NEP
057540040040-5912;057540040040;100mN32131E42134;NA;NA;3;58;M;F;5064;UEP
057540040040-5912;057540040040;100mN32131E42134;NA;NA;3;34;M;M;3039;NEP
057540040040-5912;057540040040;100mN32131E42134;NA;NA;3;52;M;F;5064;NEP
057540040040-5913;057540040040;100mN32116E42123;MC;NA;2;30;M;F;3039;EMP
057540040040-5913;057540040040;100mN32116E42123;MC;NA;2;32;M;M;3039;NEP
057540040040-5914;057540040040;100mN32116E42123;S;NA;1;32;W;F;3039;NEP
057540040040-5915;057540040040;100mN32116E42123;SF;NA;5;66;D;F;6574;EMP
057540040040-5915;057540040040;100mN32116E42123;SF;NA;5;41;M;M;4049;NEP
057540040040-5915;057540040040;100mN32116E42123;SF;NA;5;10;S;M;0614;NEP
057540040040-5915;057540040040;100mN32116E42123;SF;NA;5;13;S;M;0614;NEP
057540040040-5915;057540040040;100mN32116E42123;SF;NA;5;34;M;M;3039;EMP
057540040040-5916;057540040040;100mN32116E42123;MC;NA;3;63;M;F;5064;NEP
057540040040-5916;057540040040;100mN32116E42123;MC;NA;3;72;M;F;6574;NEP
057540040040-5916;057540040040;100mN32116E42123;MC;NA;3;6;S;M;0614;NEP
057540040040-5917;057540040040;100mN32116E42123;MC;MIX;2;85;M;F;75XX;NEP
057540040040-5917;057540040040;100mN32116E42123;MC;MIX;2;60;S;M;5064;EMP
057540040040-5918;057540040040;100mN32101E42072;NA;NA;3;55;S;M;5064;EMP
057540040040-5918;057540040040;100mN32101E42072;NA;NA;3;20;D;F;1824;EMP
057540040040-5918;057540040040;100mN32101E42072;NA;NA;3;32;S;M;3039;EMP
057540040040-5919;057540040040;100mN32125E42146;MC;NA;2;36;M;M;3039;EMP
057540040040-5919;057540040040;100mN32125E42146;MC;NA;2;40;M;F;4049;EMP
057540040040-5920;057540040040;100mN32112E42133;MC;OS;4;83;M;M;75XX;EMP
057540040040-5920;057540040040;100mN32112E42133;MC;OS;4;87;M;F;75XX;EMP
057540040040-5920;057540040040;100mN32112E42133;MC;OS;4;87;M;M;75XX;NEP
057540040040-5920;057540040040;100mN32112E42133;MC;OS;4;67;S;M;6574;NEP
057540040040-5921;057540040040;100mN32117E42113;MC;NA;6;55;M;F;5064;NEP
057540040040-5921;057540040040;100mN32117E42113;MC;NA;6;58;M;M;5064;EMP
057540040040-5921;057540040040;100mN32117E42113;MC;NA;6;6;S;M;0614;NEP
057540040040-5921;057540040040;100mN32117E42113;MC;NA;6;16;S;M;1517;EMP
057540040040-5921;057540040040;100mN32117E42113;MC;NA;6;34;W;F;3039;NEP
057540040040-5921;057540040040;100mN32117E42113;MC;NA;6;9;S;M;0614;NEP
057540040040-5922;057540040040;100mN32112E42133;S;NA;1;67;M;F;6574;EMP
057540040040-5923;057540040040;100mN32112E42133;MC;MIX;3;87;W;F;75XX;NEP
057540040040-5923;057540040040;100mN32112E42133;MC;MIX;3;21;M;F;1824;NEP
057540040040-5923;057540040040;100mN32112E42133;MC;MIX;3;20;M;M;1824;EMP
057540040040-5924;057540040040;100mN32115E42112;MC;NA;2;60;M;F;5064;UEP
057540040040-5924;057540040040;100mN32115E42112;MC;NA;2;48;S;F;4049;UEP
057540040040-5925;057540040040;100mN32102E42132;S;NA;1;84;S;M;75XX;EMP
057540040040-5926;057540040040;100mN32102E42132;S;OS;1;20;S;M;1824;EMP
057540040040-5927;057540040040;100mN32100E42073;MC;NA;3;62;M;M;5064;EMP
057540040040-5927;057540040040;100mN32100E42073;MC;NA;3;63;M;F;5064;NEP
057540040040-5927;057540040040;100mN32100E42073;MC;NA;3;7;S;M;0614;NEP
057540040040-5928;057540040040;100mN32118E42127;SF;NA;2;21;D;F;1824;NEP
057540040040-5928;057540040040;100mN32118E42127;SF;NA;2;6;S;M;0614;NEP
057540040040-5929;057540040040;100mN32121E42119;MC;NA;3;42;M;M;4049;EMP
057540040040-5929;057540040040;100mN32121E42119;MC;NA;3;47;M;F;4049;NEP
057540040040-5929;057540040040;100mN32121E42119;MC;NA;3;3;S;M;0305;NEP
057540040040-5930;057540040040;100mN32121E42119;SM;NA;2;20;W;M;1824;EMP
057540040040-5930;057540040040;100mN32121E42119;SM;NA;2;4;S;M;0305;NEP
057540040040-5931;057540040040;100mN32116E42124;S;NA;1;65;W;F;6574;EMP
057540040040-5932;057540040040;100mN32121E42119;MC;NA;2;42;M;F;4049;UEP
057540040040-5932;057540040040;100mN32121E42119;MC;NA;2;44;M;M;4049;EMP
057540040040-5933;057540040040;100mN32121E42119;MC;NA;2;61;M;M;5064;NEP
057540040040-5933;057540040040;100mN32121E42119;MC;NA;2;52;M;F;5064;EMP
057540040040-5934;057540040040;100mN32121E42119;MC;OS;4;73;M;F;6574;NEP
057540040040-5934;057540040040;100mN32121E42119;MC;OS;4;71;M;M;6574;EMP
057540040040-5934;057540040040;100mN32121E42119;MC;OS;4;71;S;M;6574;NEP
057540040040-5934;057540040040;100mN32121E42119;MC;OS;4;84;M;F;75XX;EMP
057540040040-5935;057540040040;100mN32121E42119;S;NA;1;53;W;F;5064;EMP
057540040040-5936;057540040040;100mN32120E42120;MC;NA;2;46;M;F;4049;NEP
057540040040-5936;057540040040;100mN32120E42120;MC;NA;2;46;M;M;4049;EMP
057540040040-5937;057540040040;100mN32120E42120;PO;OS;2;89;S;M;75XX;EMP
057540040040-5937;057540040040;100mN32120E42120;PO;OS;2;58;D;M;5064;EMP
057540040040-5938;057540040040;100mN32120E42120;MC;NA;2;48;M;F;4049;NEP
057540040040-5938;057540040040;100mN32120E42120;MC;NA;2;40;M;M;4049;NEP
057540040040-5939;057540040040;100mN32120E42120;PO;NA;4;33;S;M;3039;EMP
057540040040-5939;057540040040;100mN32120E42120;PO;NA;4;25;S;F;2529;UEP
057540040040-5939;057540040040;100mN32120E42120;PO;NA;4;18;D;M;1824;EMP
057540040040-5939;057540040040;100mN32120E42120;PO;NA;4;15;S;F;1517;NEP
057540040040-5940;057540040040;100mN32120E42120;SF;NA;3;54;D;F;5064;EMP
057540040040-5940;057540040040;100mN32120E42120;SF;NA;3;18;M;M;1824;EMP
057540040040-5940;057540040040;100mN32120E42120;SF;NA;3;12;S;F;0614;NEP
057540040040-5941;057540040040;100mN32111E42123;MC;NA;2;46;M;M;4049;EMP
057540040040-5941;057540040040;100mN32111E42123;MC;NA;2;37;M;F;3039;NEP
057540040040-5942;057540040040;100mN32120E42120;S;NA;1;38;M;F;3039;EMP
057540040040-5943;057540040040;100mN32103E42144;S;NA;1;65;S;M;6574;EMP
057540040040-5944;057540040040;100mN32114E42125;MC;NA;2;50;M;M;5064;EMP
057540040040-5944;057540040040;100mN32114E42125;MC;NA;2;55;M;F;5064;EMP
057540040040-5945;057540040040;100mN32103E42144;PO;NA;5;28;S;M;2529;NEP
057540040040-5945;057540040040;100mN32103E42144;PO;NA;5;23;S;M;1824;EMP
057540040040-5945;057540040040;100mN32103E42144;PO;NA;5;11;S;F;0614;NEP
057540040040-5945;057540040040;100mN32103E42144;PO;NA;5;4;S;M;0305;NEP
057540040040-5945;057540040040;100mN32103E42144;PO;NA;5;10;S;M;0614;NEP
057540040040-5946;057540040040;100mN32120E42131;MC;NA;3;52;M;F;5064;UEP
057540040040-5946;057540040040;100mN32120E42131;MC;NA;3;50;M;M;5064;EMP
057540040040-5946;057540040040;100mN32120E42131;MC;NA;3;3;S;F;0305;NEP
057540040040-5947;057540040040;100mN32120E42131;MC;NA;2;37;M;F;3039;EMP
057540040040-5947;057540040040;100mN32120E42131;MC;NA;2;41;M;M;4049;EMP
057540040040-5948;057540040040;100mN32120E42131;MC;NA;4;42;M;M;4049;EMP
057540040040-5948;057540040040;100mN32120E42131;MC;NA;4;33;M;F;3039;EMP
057540040040-5948;057540040040;100mN32120E42131;MC;NA;4;2;S;F;0003;NEP
057540040040-5948;057540040040;100mN32120E42131;MC;NA;4;16;S;F;1517;NEP
057540040040-5949;057540040040;100mN32120E42131;MC;OS;4;73;M;M;6574;NEP
057540040040-5949;057540040040;100mN32120E42131;MC;OS;4;66;M;F;6574;NEP
057540040040-5949;057540040040;100mN32120E42131;MC;OS;4;70;W;F;6574;NEP
057540040040-5949;057540040040;100mN32120E42131;MC;OS;4;79;M;F;75XX;NEP
057540040040-5950;057540040040;100mN32120E42127;MC;OS;2;73;M;M;6574;NEP
057540040040-5950;057540040040;100mN32120E42127;MC;OS;2;87;M;F;75XX;NEP
057540040040-5951;057540040040;100mN32112E42123;S;NA;1;43;M;F;4049;EMP
057540040040-5952;057540040040;100mN32126E42137;PO;NA;2;50;S;M;5064;EMP
057540040040-5952;057540040040;100mN32126E42137;PO;NA;2;47;S;M;4049;EMP
057540040040-5953;057540040040;100mN32112E42117;MC;NA;4;50;M;F;5064;NEP
057540040040-5953;057540040040;100mN32112E42117;MC;NA;4;55;M;M;5064;NEP
057540040040-5953;057540040040;100mN32112E42117;MC;NA;4;15;S;M;1517;EMP
057540040040-5953;057540040040;100mN32112E42117;MC;NA;4;6;S;F;0614;NEP
057540040040-5954;057540040040;100mN32120E42127;MC;NA;3;35;M;M;3039;NEP
057540040040-5954;057540040040;100mN32120E42127;MC;NA;3;28;M;F;2529;EMP
057540040040-5954;057540040040;100mN32120E42127;MC;NA;3;15;S;M;1517;EMP
057540040040-5955;057540040040;100mN32112E42117;MC;MIX;2;67;M;M;6574;EMP
057540040040-5955;057540040040;100mN32112E42117;MC;MIX;2;63;M;F;5064;UEP
057540040040-5956;057540040040;100mN32124E42115;PO;MIX;2;68;S;F;6574;EMP
057540040040-5956;057540040040;100mN32124E42115;PO;MIX;2;59;D;M;5064;EMP
057540040040-5957;057540040040;100mN32120E42127;PO;NA;5;46;S;F;4049;NEP
057540040040-5957;057540040040;100mN32120E42127;PO;NA;5;48;S;M;4049;EMP
057540040040-5957;057540040040;100mN32120E42127;PO;NA;5;11;S;M;0614;NEP
057540040040-5957;057540040040;100mN32120E42127;PO;NA;5;3;S;M;0305;NEP
057540040040-5957;057540040040;100mN32120E42127;PO;NA;5;0;S;F;0003;NEP
057540040040-5958;057540040040;100mN32120E42127;MC;NA;2;57;M;M;5064;EMP
057540040040-5958;057540040040;100mN32120E42127;MC;NA;2;58;M;F;5064;EMP
057540040040-5959;057540040040;100mN32124E42141;PO;NA;5;56;S;M;5064;NEP
057540040040-5959;057540040040;100mN32124E42141;PO;NA;5;18;S;F;1824;NEP
057540040040-5959;057540040040;100mN32124E42141;PO;NA;5;6;S;F;0614;NEP
057540040040-5959;057540040040;100mN32124E42141;PO;NA;5;11;S;F;0614;NEP
057540040040-5959;057540040040;100mN32124E42141;PO;NA;5;38;W;F;3039;NEP
057540040040-5960;057540040040;100mN32101E42072;S;OS;1;25;W;F;2529;EMP
057540040040-5961;057540040040;100mN32140E42128;S;NA;1;61;D;F;5064;EMP
057540040040-5962;057540040040;100mN32120E42127;PO;NA;2;44;S;F;4049;EMP
057540040040-5962;057540040040;100mN32120E42127;PO;NA;2;54;S;F;5064;NEP
057540040040-5963;057540040040;100mN32120E42127;MC;NA;2;53;M;F;5064;UEP
057540040040-5963;057540040040;100mN32120E42127;MC;NA;2;56;M;M;5064;EMP
057540040040-5964;057540040040;100mN32120E42127;MC;NA;2;63;M;F;5064;EMP
057540040040-5964;057540040040;100mN32120E42127;MC;NA;2;45;M;M;4049;EMP
057540040040-5965;057540040040;100mN32134E42132;MC;OS;3;67;M;F;6574;EMP
057540040040-5965;057540040040;100mN32134E42132;MC;OS;3;68;M;M;6574;EMP
057540040040-5965;057540040040;100mN32134E42132;MC;OS;3;73;S;M;6574;EMP
057540040040-5966;057540040040;100mN32139E42118;SM;NA;3;40;S;M;4049;EMP
057540040040-5966;057540040040;100mN32139E42118;SM;NA;3;19;W;F;1824;NEP
057540040040-5966;057540040040;100mN32139E42118;SM;NA;3;0;S;M;0003;NEP
057540040040-5967;057540040040;100mN32120E42127;MC;NA;3;61;M;F;5064;NEP
057540040040-5967;057540040040;100mN32120E42127;MC;NA;3;62;M;M;5064;NEP
057540040040-5967;057540040040;100mN32120E42127;MC;NA;3;10;S;M;0614;NEP
057540040040-5968;057540040040;100mN32120E42127;MC;NA;2;44;M;F;4049;EMP
057540040040-5968;057540040040;100mN32120E42127;MC;NA;2;47;M;M;4049;EMP
057540040040-5969;057540040040;100mN32134E42132;PO;NA;4;45;S;M;4049;EMP
057540040040-5969;057540040040;100mN32134E42132;PO;NA;4;41;S;M;4049;EMP
057540040040-5969;057540040040;100mN32134E42132;PO;NA;4;23;W;F;1824;NEP
057540040040-5969;057540040040;100mN32134E42132;PO;NA;4;11;S;F;0614;NEP
057540040040-5970;057540040040;100mN32101E42070;MC;NA;4;35;M;F;3039;EMP
057540040040-5970;057540040040;100mN32101E42070;MC;NA;4;37;M;M;3039;EMP
057540040040-5970;057540040040;100mN32101E42070;MC;NA;4;8;S;M;0614;NEP
057540040040-5970;057540040040;100mN32101E42070;MC;NA;4;20;S;F;1824;NEP
057540040040-5971;057540040040;100mN32117E42124;S;NA;1;52;D;F;5064;NEP
057540040040-5972;057540040040;100mN32101E42070;S;NA;1;18;M;M;1824;EMP
057540040040-5973;057540040040;100mN32101E42070;MC;OS;2;73;M;F;6574;NEP
057540040040-5973;057540040040;100mN32101E42070;MC;OS;2;73;M;M;6574;EMP
057540040040-5974;057540040040;100mN32117E42124;MC;OS;4;89;M;F;75XX;EMP
057540040040-5974;057540040040;100mN32117E42124;MC;OS;4;7;S;M;0614;NEP
057540040040-5974;057540040040;100mN32117E42124;MC;OS;4;68;S;F;6574;NEP
057540040040-5974;057540040040;100mN32117E42124;MC;OS;4;82;S;F;75XX;UEP
057540040040-5975;057540040040;100mN32137E42121;MC;NA;3;22;M;M;1824;NEP
057540040040-5975;057540040040;100mN32137E42121;MC;NA;3;25;M;F;2529;EMP
057540040040-5975;057540040040;100mN32137E42121;MC;NA;3;0;S;M;0003;NEP
057540040040-5976;057540040040;100mN32124E42144;S;OS;1;41;S;M;4049;NEP
057540040040-5977;057540040040;100mN32101E42070;MC;NA;2;28;M;M;2529;EMP
057540040040-5977;057540040040;100mN32101E42070;MC;NA;2;30;M;F;3039;EMP
057540040040-5978;057540040040;100mN32101E42070;S;OS;1;54;S;F;5064;EMP
057540040040-5979;057540040040;100mN32101E42070;S;NA;1;22;M;F;1824;NEP
057540040040-5980;057540040040;100mN32132E42134;S;OS;1;36;M;F;3039;NEP
057540040040-5981;057540040040;100mN32101E42070;MC;NA;3;43;M;M;4049;EMP
057540040040-5981;057540040040;100mN32101E42070;MC;NA;3;42;M;F;4049;EMP
057540040040-5981;057540040040;100mN32101E42070;MC;NA;3;3;S;M;0305;NEP
057540040040-5982;057540040040;100mN32101E42070;S;NA;1;35;M;M;3039;EMP
057540040040-5983;057540040040;100mN32114E42126;S;OS;1;32;W;F;3039;NEP
057540040040-5984;057540040040;100mN32124E42146;MC;NA;4;32;M;M;3039;EMP
057540040040-5984;057540040040;100mN32124E42146;MC;NA;4;25;M;F;2529;NEP
057540040040-5984;057540040040;100mN32124E42146;MC;NA;4;13;S;M;0614;NEP
057540040040-5984;057540040040;100mN32124E42146;MC;NA;4;6;S;F;0614;NEP
057540040040-5985;057540040040;100mN32101E42070;PO;NA;2;51;S;M;5064;NEP
057540040040-5985;057540040040;100mN32101E42070;PO;NA;2;50;S;M;5064;EMP
057540040040-5986;057540040040;100mN32101E42070;S;NA;1;20;S;M;1824;NEP
057540040040-5987;057540040040;100mN32101E42070;NA;MIX;2;59;M;F;5064;UEP
057540040040-5987;057540040040;100mN32101E42070;NA;MIX;2;18;M;M;1824;NEP
057540040040-5988;057540040040;100mN32114E42131;S;OS;1;21;M;M;1824;EMP
057540040040-5989;057540040040;100mN32101E42070;S;NA;1;30;M;M;3039;EMP
057540040040-5990;057540040040;100mN32124E42138;MC;NA;2;34;M;F;3039;EMP
057540040040-5990;057540040040;100mN32124E42138;MC;NA;2;40;M;M;4049;NEP
057540040040-5991;057540040040;100mN32101E42070;MC;NA;2;33;M;M;3039;EMP
057540040040-5991;057540040040;100mN32101E42070;MC;NA;2;26;M;F;2529;EMP
057540040040-5992;057540040040;100mN32112E42146;S;NA;1;83;W;F;75XX;EMP
057540040040-5993;057540040040;100mN32101E42070;MC;MIX;4;73;S;M;6574;EMP
057540040040-5993;057540040040;100mN32101E42070;MC;MIX;4;21;M;M;1824;NEP
057540040040-5993;057540040040;100mN32101E42070;MC;MIX;4;18;M;F;1824;EMP
057540040040-5993;057540040040;100mN32101E42070;MC;MIX;4;1;S;F;0003;NEP
057540040040-5994;057540040040;100mN32101E42070;S;OS;1;44;S;M;4049;EMP
057540040040-5995;057540040040;100mN32103E42073;MC;MIX;2;81;M;M;75XX;NEP
057540040040-5995;057540040040;100mN32103E42073;MC;MIX;2;10;S;M;0614;NEP
057540040040-5996;057540040040;100mN32117E42113;SM;NA;2;45;D;M;4049;EMP
057540040040-5996;057540040040;100mN32117E42113;SM;NA;2;10;S;F;0614;NEP
057540040040-5997;057540040040;100mN32118E42133;MC;MIX;4;82;D;F;75XX;NEP
057540040040-5997;057540040040;100mN32118E42133;MC;MIX;4;46;M;M;4049;NEP
057540040040-5997;057540040040;100mN32118E42133;MC;MIX;4;37;M;F;3039;NEP
057540040040-5997;057540040040;100mN32118E42133;MC;MIX;4;15;S;M;1517;NEP
057540040040-5998;057540040040;100mN32101E42070;MC;MIX;2;72;M;M;6574;EMP
057540040040-5998;057540040040;100mN32101E42070;MC;MIX;2;44;M;F;4049;UEP
057540040040-5999;057540040040;100mN32101E42070;S;NA;1;58;M;F;5064;NEP
057540040040-6000;057540040040;100mN32101E42070;SF;NA;2;59;D;F;5064;EMP
057540040040-6000;057540040040;100mN32101E42070;SF;NA;2;8;S;M;0614;NEP
057540040040-6001;057540040040;100mN32101E42070;PO;MIX;4;72;D;F;6574;NEP
057540040040-6001;057540040040;100mN32101E42070;PO;MIX;4;53;S;M;5064;EMP
057540040040-6001;057540040040;100mN32101E42070;PO;MIX;4;48;S;F;4049;NEP
057540040040-6001;057540040040;100mN32101E42070;PO;MIX;4;12;S;M;0614;NEP
057540040040-6002;057540040040;100mN32101E42070;SF;NA;4;71;W;F;6574;NEP
057540040040-6002;057540040040;100mN32101E42070;SF;NA;4;3;S;M;0305;NEP
057540040040-6002;057540040040;100mN32101E42070;SF;NA;4;27;D;M;2529;EMP
057540040040-6002;057540040040;100mN32101E42070;SF;NA;4;7;S;M;0614;NEP
057540040040-6003;057540040040;100mN32114E42128;SF;NA;2;37;S;F;3039;EMP
057540040040-6003;057540040040;100mN32114E42128;SF;NA;2;15;S;M;1517;NEP
057540040040-6004;057540040040;100mN32124E42113;S;NA;1;34;S;F;3039;NEP
057540040040-6005;057540040040;100mN32101E42070;SF;NA;6;46;S;F;4049;NEP
057540040040-6005;057540040040;100mN32101E42070;SF;NA;6;6;S;M;0614;NEP
057540040040-6005;057540040040;100mN32101E42070;SF;NA;6;4;S;F;0305;NEP
057540040040-6005;057540040040;100mN32101E42070;SF;NA;6;3;S;M;0305;NEP
057540040040-6005;057540040040;100mN32101E42070;SF;NA;6;18;D;M;1824;EMP
057540040040-6005;057540040040;100mN32101E42070;SF;NA;6;12;S;M;0614;NEP
057540040040-6006;057540040040;100mN32101E42070;MC;NA;4;30;M;M;3039;NEP
057540040040-6006;057540040040;100mN32101E42070;MC;NA;4;28;M;F;2529;EMP
057540040040-6006;057540040040;100mN32101E42070;MC;NA;4;8;S;F;0614;NEP
057540040040-6006;057540040040;100mN32101E42070;MC;NA;4;7;S;M;0614;NEP
057540040040-6007;057540040040;100mN32140E42127;MC;MIX;4;66;M;F;6574;NEP
057540040040-6007;057540040040;100mN32140E42127;MC;MIX;4;47;M;M;4049;NEP
057540040040-6007;057540040040;100mN32140E42127;MC;MIX;4;52;M;F;5064;EMP
057540040040-6007;057540040040;100mN32140E42127;MC;MIX;4;12;S;F;0614;NEP
057540040040-6008;057540040040;100mN32140E42127;MC;NA;3;40;M;F;4049;EMP
057540040040-6008;057540040040;100mN32140E42127;MC;NA;3;43;M;M;4049;NEP
057540040040-6008;057540040040;100mN32140E42127;MC;NA;3;7;S;F;0614;NEP
057540040040-6009;057540040040;100mN32136E42131;MC;NA;2;56;M;F;5064;NEP
057540040040-6009;057540040040;100mN32136E42131;MC;NA;2;63;M;M;5064;EMP
057540040040-6010;057540040040;100mN32139E42128;MC;OS;2;89;M;M;75XX;NEP
057540040040-6010;057540040040;100mN32139E42128;MC;OS;2;40;D;F;4049;UEP
057540040040-6011;057540040040;100mN32127E42138;MC;MIX;2;67;M;F;6574;NEP
057540040040-6011;057540040040;100mN32127E42138;MC;MIX;2;55;D;M;5064;EMP
057540040040-6012;057540040040;100mN32127E42138;S;NA;1;51;M;M;5064;EMP
057540040040-6013;057540040040;100mN32124E42115;PO;MIX;2;68;S;F;6574;EMP
057540040040-6013;057540040040;100mN32124E42115;PO;MIX;2;59;D;M;5064;EMP
057540040040-6014;057540040040;100mN32127E42138;MC;NA;4;46;M;M;4049;NEP
057540040040-6014;057540040040;100mN32127E42138;MC;NA;4;46;M;F;4049;EMP
057540040040-6014;057540040040;100mN32127E42138;MC;NA;4;2;S;M;0003;NEP
057540040040-6014;057540040040;100mN32127E42138;MC;NA;4;22;M;F;1824;EMP
057540040040-6015;057540040040;100mN32127E42138;S;OS;1;40;D;F;4049;NEP
057540040040-6016;057540040040;100mN32127E42138;S;NA;1;43;S;M;4049;EMP
057540040040-6017;057540040040;100mN32127E42138;MC;MIX;2;71;M;M;6574;EMP
057540040040-6017;057540040040;100mN32127E42138;MC;MIX;2;38;M;F;3039;NEP
057540040040-6018;057540040040;100mN32127E42138;S;NA;1;44;M;M;4049;EMP
057540040040-6019;057540040040;100mN32127E42138;MC;NA;5;40;M;F;4049;EMP
057540040040-6019;057540040040;100mN32127E42138;MC;NA;5;46;M;M;4049;EMP
057540040040-6019;057540040040;100mN32127E42138;MC;NA;5;3;S;F;0305;NEP
057540040040-6019;057540040040;100mN32127E42138;MC;NA;5;18;M;F;1824;NEP
057540040040-6019;057540040040;100mN32127E42138;MC;NA;5;7;S;M;0614;NEP
057540040040-6020;057540040040;100mN32125E42115;S;NA;1;51;M;M;5064;NEP
057540040040-6021;057540040040;100mN32127E42138;MC;NA;2;56;M;M;5064;EMP
057540040040-6021;057540040040;100mN32127E42138;MC;NA;2;56;M;F;5064;EMP
057540040040-6022;057540040040;100mN32115E42126;MC;NA;2;31;M;F;3039;NEP
057540040040-6022;057540040040;100mN32115E42126;MC;NA;2;60;M;M;5064;EMP
057540040040-6023;057540040040;100mN32115E42126;MC;OS;3;69;M;F;6574;NEP
057540040040-6023;057540040040;100mN32115E42126;MC;OS;3;76;M;M;75XX;EMP
057540040040-6023;057540040040;100mN32115E42126;MC;OS;3;83;S;M;75XX;NEP
057540040040-6024;057540040040;100mN32114E42127;MC;NA;4;38;M;M;3039;NEP
057540040040-6024;057540040040;100mN32114E42127;MC;NA;4;32;M;F;3039;EMP
057540040040-6024;057540040040;100mN32114E42127;MC;NA;4;3;S;F;0305;NEP
057540040040-6024;057540040040;100mN32114E42127;MC;NA;4;9;S;F;0614;NEP
057540040040-6025;057540040040;100mN32126E42146;MC;OS;4;68;M;F;6574;EMP
057540040040-6025;057540040040;100mN32126E42146;MC;OS;4;68;M;M;6574;EMP
057540040040-6025;057540040040;100mN32126E42146;MC;OS;4;77;S;M;75XX;EMP
057540040040-6025;057540040040;100mN32126E42146;MC;OS;4;81;S;M;75XX;NEP
057540040040-6026;057540040040;100mN32118E42127;S;OS;1;61;S;M;5064;NEP
057540040040-6027;057540040040;100mN32115E42126;MC;NA;2;61;M;F;5064;NEP
057540040040-6027;057540040040;100mN32115E42126;MC;NA;2;62;M;M;5064;EMP
057540040040-6028;057540040040;100mN32127E42143;S;NA;1;57;S;M;5064;EMP
057540040040-6029;057540040040;100mN32115E42126;MC;NA;2;51;M;F;5064;NEP
057540040040-6029;057540040040;100mN32115E42126;MC;NA;2;55;M;M;5064;EMP
057540040040-6030;057540040040;100mN32115E42126;S;NA;1;52;M;F;5064;EMP
057540040040-6031;057540040040;100mN32115E42126;MC;NA;4;57;M;F;5064;EMP
057540040040-6031;057540040040;100mN32115E42126;MC;NA;4;59;M;M;5064;EMP
057540040040-6031;057540040040;100mN32115E42126;MC;NA;4;41;M;M;4049;EMP
057540040040-6031;057540040040;100mN32115E42126;MC;NA;4;40;M;M;4049;EMP
057540040040-6032;057540040040;100mN32112E42123;S;NA;1;43;M;F;4049;EMP
057540040040-6033;057540040040;100mN32115E42126;S;NA;1;27;M;M;2529;NEP
057540040040-6034;057540040040;100mN32115E42126;MC;NA;2;58;M;F;5064;EMP
057540040040-6034;057540040040;100mN32115E42126;MC;NA;2;59;M;M;5064;NEP
057540040040-6035;057540040040;100mN32115E42126;NA;NA;4;59;M;M;5064;NEP
057540040040-6035;057540040040;100mN32115E42126;NA;NA;4;21;M;F;1824;EMP
057540040040-6035;057540040040;100mN32115E42126;NA;NA;4;20;S;M;1824;EMP
057540040040-6035;057540040040;100mN32115E42126;NA;NA;4;20;M;M;1824;NEP
057540040040-6036;057540040040;100mN32115E42126;SF;NA;4;54;W;F;5064;NEP
057540040040-6036;057540040040;100mN32115E42126;SF;NA;4;20;M;M;1824;EMP
057540040040-6036;057540040040;100mN32115E42126;SF;NA;4;10;S;F;0614;NEP
057540040040-6036;057540040040;100mN32115E42126;SF;NA;4;6;S;F;0614;NEP
057540040040-6037;057540040040;100mN32115E42126;S;NA;1;88;D;F;75XX;EMP
057540040040-6038;057540040040;100mN32115E42127;SF;NA;5;46;W;F;4049;NEP
057540040040-6038;057540040040;100mN32115E42127;SF;NA;5;4;S;F;0305;NEP
057540040040-6038;057540040040;100mN32115E42127;SF;NA;5;8;S;M;0614;NEP
057540040040-6038;057540040040;100mN32115E42127;SF;NA;5;10;S;M;0614;NEP
057540040040-6038;057540040040;100mN32115E42127;SF;NA;5;31;M;M;3039;EMP
057540040040-6039;057540040040;100mN32115E42126;MC;NA;2;33;M;M;3039;EMP
057540040040-6039;057540040040;100mN32115E42126;MC;NA;2;31;M;F;3039;NEP
057540040040-6040;057540040040;100mN32107E42045;SF;NA;3;59;W;F;5064;EMP
057540040040-6040;057540040040;100mN32107E42045;SF;NA;3;4;S;F;0305;NEP
057540040040-6040;057540040040;100mN32107E42045;SF;NA;3;3;S;M;0305;NEP
057540040040-6041;057540040040;100mN32115E42126;MC;NA;3;52;M;F;5064;EMP
057540040040-6041;057540040040;100mN32115E42126;MC;NA;3;58;M;M;5064;EMP
057540040040-6041;057540040040;100mN32115E42126;MC;NA;3;13;S;F;0614;NEP
057540040040-6042;057540040040;100mN32115E42131;S;OS;1;86;M;F;75XX;NEP
057540040040-6043;057540040040;100mN32089E42099;MC;NA;5;51;M;M;5064;EMP
057540040040-6043;057540040040;100mN32089E42099;MC;NA;5;60;M;F;5064;NEP
057540040040-6043;057540040040;100mN32089E42099;MC;NA;5;7;S;M;0614;NEP
057540040040-6043;057540040040;100mN32089E42099;MC;NA;5;21;M;M;1824;EMP
057540040040-6043;057540040040;100mN32089E42099;MC;NA;5;35;M;F;3039;NEP
057540040040-6044;057540040040;100mN32127E42137;S;NA;1;34;M;M;3039;EMP
057540040040-6045;057540040040;100mN32089E42099;MC;NA;2;60;M;F;5064;EMP
057540040040-6045;057540040040;100mN32089E42099;MC;NA;2;69;M;M;6574;NEP
057540040040-6046;057540040040;100mN32114E42125;SF;NA;4;41;S;F;4049;EMP
057540040040-6046;057540040040;100mN32114E42125;SF;NA;4;6;S;F;0614;NEP
057540040040-6046;057540040040;100mN32114E42125;SF;NA;4;4;S;M;0305;NEP
057540040040-6046;057540040040;100mN32114E42125;SF;NA;4;20;S;M;1824;EMP
057540040040-6047;057540040040;100mN32114E42125;S;NA;1;47;D;F;4049;EMP
057540040040-6048;057540040040;100mN32114E42125;MC;NA;4;61;M;M;5064;EMP
057540040040-6048;057540040040;100mN32114E42125;MC;NA;4;58;M;F;5064;EMP
057540040040-6048;057540040040;100mN32114E42125;MC;NA;4;15;S;M;1517;EMP
057540040040-6048;057540040040;100mN32114E42125;MC;NA;4;10;S;M;0614;NEP
057540040040-6049;057540040040;100mN32114E42125;MC;NA;3;45;M;F;4049;NEP
057540040040-6049;057540040040;100mN32114E42125;MC;NA;3;51;M;M;5064;NEP
057540040040-6049;057540040040;100mN32114E42125;MC;NA;3;18;M;F;1824;NEP
057540040040-6050;057540040040;100mN32114E42125;MC;NA;5;52;M;F;5064;EMP
057540040040-6050;057540040040;100mN32114E42125;MC;NA;5;59;M;M;5064;EMP
057540040040-6050;057540040040;100mN32114E42125;MC;NA;5;25;M;F;2529;EMP
057540040040-6050;057540040040;100mN32114E42125;MC;NA;5;35;M;F;3039;NEP
057540040040-6050;057540040040;100mN32114E42125;MC;NA;5;13;S;M;0614;NEP
057540040040-6051;057540040040;100mN32114E42125;SF;NA;4;36;S;F;3039;NEP
057540040040-6051;057540040040;100mN32114E42125;SF;NA;4;3;S;M;0305;NEP
057540040040-6051;057540040040;100mN32114E42125;SF;NA;4;11;S;F;0614;NEP
057540040040-6051;057540040040;100mN32114E42125;SF;NA;4;16;S;F;1517;EMP
057540040040-6052;057540040040;100mN32114E42125;MC;NA;2;54;M;F;5064;EMP
057540040040-6052;057540040040;100mN32114E42125;MC;NA;2;56;M;M;5064;NEP
057540040040-6053;057540040040;100mN32114E42125;S;OS;1;89;S;F;75XX;EMP
057540040040-6054;057540040040;100mN32115E42131;PO;NA;2;42;S;M;4049;EMP
057540040040-6054;057540040040;100mN32115E42131;PO;NA;2;42;S;M;4049;NEP
057540040040-6055;057540040040;100mN32114E42125;S;NA;1;21;M;F;1824;EMP
057540040040-6056;057540040040;100mN32114E42125;SM;NA;2;51;D;M;5064;EMP
057540040040-6056;057540040040;100mN32114E42125;SM;NA;2;6;S;M;0614;NEP
057540040040-6057;057540040040;100mN32114E42125;S;NA;1;30;S;M;3039;EMP
057540040040-6058;057540040040;100mN32114E42125;S;NA;1;52;W;F;5064;EMP
057540040040-6059;057540040040;100mN32115E42112;MC;MIX;2;70;M;F;6574;EMP
057540040040-6059;057540040040;100mN32115E42112;MC;MIX;2;59;W;F;5064;EMP
057540040040-6060;057540040040;100mN32131E42133;MC;NA;4;47;M;M;4049;EMP
057540040040-6060;057540040040;100mN32131E42133;MC;NA;4;41;M;F;4049;NEP
057540040040-6060;057540040040;100mN32131E42133;MC;NA;4;30;M;M;3039;EMP
057540040040-6060;057540040040;100mN32131E42133;MC;NA;4;18;M;F;1824;NEP
057540040040-6061;057540040040;100mN32114E42125;MC;OS;4;85;M;F;75XX;EMP
057540040040-6061;057540040040;100mN32114E42125;MC;OS;4;87;M;M;75XX;EMP
057540040040-6061;057540040040;100mN32114E42125;MC;OS;4;73;M;M;6574;EMP
057540040040-6061;057540040040;100mN32114E42125;MC;OS;4;68;S;M;6574;NEP
057540040040-6062;057540040040;100mN32114E42125;MC;NA;4;40;M;F;4049;EMP
057540040040-6062;057540040040;100mN32114E42125;MC;NA;4;40;M;M;4049;EMP
057540040040-6062;057540040040;100mN32114E42125;MC;NA;4;16;S;F;1517;EMP
057540040040-6062;057540040040;100mN32114E42125;MC;NA;4;12;S;F;0614;NEP
057540040040-6063;057540040040;100mN32114E42125;S;NA;1;20;M;M;1824;EMP
057540040040-6064;057540040040;100mN32114E42125;MC;NA;5;63;M;F;5064;NEP
057540040040-6064;057540040040;100mN32114E42125;MC;NA;5;11;S;M;0614;NEP
057540040040-6064;057540040040;100mN32114E42125;MC;NA;5;23;W;M;1824;NEP
057540040040-6064;057540040040;100mN32114E42125;MC;NA;5;44;M;M;4049;NEP
057540040040-6064;057540040040;100mN32114E42125;MC;NA;5;7;S;M;0614;NEP
057540040040-6065;057540040040;100mN32103E42073;S;OS;1;43;W;F;4049;EMP
057540040040-6066;057540040040;100mN32118E42130;MC;OS;3;87;M;M;75XX;EMP
057540040040-6066;057540040040;100mN32118E42130;MC;OS;3;87;M;F;75XX;NEP
057540040040-6066;057540040040;100mN32118E42130;MC;OS;3;75;W;F;75XX;EMP
057540040040-6067;057540040040;100mN32114E42125;MC;NA;2;26;M;F;2529;NEP
057540040040-6067;057540040040;100mN32114E42125;MC;NA;2;35;M;M;3039;EMP
057540040040-6068;057540040040;100mN32114E42125;MC;NA;6;59;M;F;5064;NEP
057540040040-6068;057540040040;100mN32114E42125;MC;NA;6;63;M;M;5064;EMP
057540040040-6068;057540040040;100mN32114E42125;MC;NA;6;9;S;F;0614;NEP
057540040040-6068;057540040040;100mN32114E42125;MC;NA;6;12;S;F;0614;NEP
057540040040-6068;057540040040;100mN32114E42125;MC;NA;6;10;S;F;0614;NEP
057540040040-6068;057540040040;100mN32114E42125;MC;NA;6;16;S;F;1517;NEP
057540040040-6069;057540040040;100mN32114E42125;NA;OS;4;67;S;M;6574;NEP
057540040040-6069;057540040040;100mN32114E42125;NA;OS;4;54;D;F;5064;EMP
057540040040-6069;057540040040;100mN32114E42125;NA;OS;4;35;S;F;3039;EMP
057540040040-6069;057540040040;100mN32114E42125;NA;OS;4;22;M;M;1824;NEP
057540040040-6070;057540040040;100mN32114E42125;MC;NA;2;52;M;F;5064;NEP
057540040040-6070;057540040040;100mN32114E42125;MC;NA;2;52;M;M;5064;NEP
057540040040-6071;057540040040;100mN32114E42125;MC;OS;3;68;M;M;6574;EMP
057540040040-6071;057540040040;100mN32114E42125;MC;OS;3;68;M;F;6574;NEP
057540040040-6071;057540040040;100mN32114E42125;MC;OS;3;73;M;F;6574;EMP
057540040040-6072;057540040040;100mN32114E42125;SM;NA;4;70;W;M;6574;EMP
057540040040-6072;057540040040;100mN32114E42125;SM;NA;4;15;S;F;1517;NEP
057540040040-6072;057540040040;100mN32114E42125;SM;NA;4;12;S;F;0614;NEP
057540040040-6072;057540040040;100mN32114E42125;SM;NA;4;35;M;F;3039;EMP
057540040040-6073;057540040040;100mN32114E42125;PO;NA;2;31;S;M;3039;NEP
057540040040-6073;057540040040;100mN32114E42125;PO;NA;2;34;S;F;3039;NEP
057540040040-6074;057540040040;100mN32114E42125;MC;NA;2;46;M;M;4049;NEP
057540040040-6074;057540040040;100mN32114E42125;MC;NA;2;43;M;F;4049;NEP
057540040040-6075;057540040040;100mN32114E42125;S;NA;1;41;S;M;4049;NEP
057540040040-6076;057540040040;100mN32114E42125;MC;NA;3;46;M;F;4049;NEP
057540040040-6076;057540040040;100mN32114E42125;MC;NA;3;52;M;M;5064;EMP
057540040040-6076;057540040040;100mN32114E42125;MC;NA;3;16;S;M;1517;NEP
057540040040-6077;057540040040;100mN32137E42120;S;NA;1;69;M;F;6574;EMP
057540040040-6078;057540040040;100mN32111E42123;S;NA;1;48;W;F;4049;NEP
057540040040-6079;057540040040;100mN32114E42125;MC;OS;2;67;M;F;6574;EMP
057540040040-6079;057540040040;100mN32114E42125;MC;OS;2;73;M;M;6574;EMP
057540040040-6080;057540040040;100mN32114E42125;MC;NA;2;48;M;M;4049;EMP
057540040040-6080;057540040040;100mN32114E42125;MC;NA;2;46;M;F;4049;NEP
057540040040-6081;057540040040;100mN32114E42125;SF;NA;4;45;D;F;4049;NEP
057540040040-6081;057540040040;100mN32114E42125;SF;NA;4;26;S;F;2529;EMP
057540040040-6081;057540040040;100mN32114E42125;SF;NA;4;11;S;M;0614;NEP
057540040040-6081;057540040040;100mN32114E42125;SF;NA;4;4;S;F;0305;NEP
057540040040-6082;057540040040;100mN32114E42125;PO;OS;2;65;S;M;6574;NEP
057540040040-6082;057540040040;100mN32114E42125;PO;OS;2;72;S;F;6574;EMP
057540040040-6083;057540040040;100mN32114E42125;MC;NA;2;58;M;M;5064;NEP
057540040040-6083;057540040040;100mN32114E42125;MC;NA;2;61;M;F;5064;EMP
057540040040-6084;057540040040;100mN32114E42125;MC;NA;3;60;M;M;5064;EMP
057540040040-6084;057540040040;100mN32114E42125;MC;NA;3;59;M;F;5064;NEP
057540040040-6084;057540040040;100mN32114E42125;MC;NA;3;15;S;F;1517;NEP
057540040040-6085;057540040040;100mN32126E42147;PO;OS;2;82;S;F;75XX;NEP
057540040040-6085;057540040040;100mN32126E42147;PO;OS;2;80;S;M;75XX;EMP
057540040040-6086;057540040040;100mN32114E42125;S;NA;1;21;M;M;1824;EMP
057540040040-6087;057540040040;100mN32114E42125;MC;NA;4;56;M;F;5064;NEP
057540040040-6087;057540040040;100mN32114E42125;MC;NA;4;57;M;M;5064;EMP
057540040040-6087;057540040040;100mN32114E42125;MC;NA;4;6;S;M;0614;NEP
057540040040-6087;057540040040;100mN32114E42125;MC;NA;4;13;S;M;0614;NEP
057540040040-6088;057540040040;100mN32114E42125;PO;NA;4;58;S;M;5064;EMP
057540040040-6088;057540040040;100mN32114E42125;PO;NA;4;56;S;M;5064;EMP
057540040040-6088;057540040040;100mN32114E42125;PO;NA;4;11;S;F;0614;NEP
057540040040-6088;057540040040;100mN32114E42125;PO;NA;4;4;S;M;0305;NEP
057540040040-6089;057540040040;100mN32114E42125;S;NA;1;38;D;F;3039;NEP
057540040040-6090;057540040040;100mN32115E42125;PO;OS;3;70;S;M;6574;EMP
057540040040-6090;057540040040;100mN32115E42125;PO;OS;3;66;S;M;6574;NEP
057540040040-6090;057540040040;100mN32115E42125;PO;OS;3;65;M;M;6574;NEP
057540040040-6091;057540040040;100mN32114E42125;NA;NA;2;48;M;M;4049;NEP
057540040040-6091;057540040040;100mN32114E42125;NA;NA;2;33;M;F;3039;EMP
057540040040-6092;057540040040;100mN32114E42125;S;NA;1;79;M;F;75XX;EMP
057540040040-6093;057540040040;100mN32114E42125;MC;NA;2;48;M;F;4049;EMP
057540040040-6093;057540040040;100mN32114E42125;MC;NA;2;51;M;M;5064;EMP
057540040040-6094;057540040040;100mN32118E42121;SF;NA;3;68;S;F;6574;EMP
057540040040-6094;057540040040;100mN32118E42121;SF;NA;3;16;S;F;1517;EMP
057540040040-6094;057540040040;100mN32118E42121;SF;NA;3;12;S;F;0614;NEP
057540040040-6095;057540040040;100mN32114E42125;MC;NA;2;33;M;F;3039;EMP
057540040040-6095;057540040040;100mN32114E42125;MC;NA;2;32;M;M;3039;EMP
057540040040-6096;057540040040;100mN32114E42125;MC;NA;2;50;M;M;5064;EMP
057540040040-6096;057540040040;100mN32114E42125;MC;NA;2;55;M;F;5064;EMP
057540040040-6097;057540040040;100mN32114E42125;S;NA;1;87;W;F;75XX;NEP
057540040040-6098;057540040040;100mN32127E42144;MC;MIX;2;76;M;M;75XX;NEP
057540040040-6098;057540040040;100mN32127E42144;MC;MIX;2;4;S;M;0305;NEP
057540040040-6099;057540040040;100mN32114E42125;MC;NA;2;62;M;M;5064;EMP
057540040040-6099;057540040040;100mN32114E42125;MC;NA;2;61;M;F;5064;EMP
057540040040-6100;057540040040;100mN32114E42125;MC;NA;5;51;M;F;5064;NEP
057540040040-6100;057540040040;100mN32114E42125;MC;NA;5;54;M;M;5064;EMP
057540040040-6100;057540040040;100mN32114E42125;MC;NA;5;11;S;F;0614;NEP
057540040040-6100;057540040040;100mN32114E42125;MC;NA;5;8;S;M;0614;NEP
057540040040-6100;057540040040;100mN32114E42125;MC;NA;5;7;S;F;0614;NEP
057540040040-6101;057540040040;100mN32136E42126;SF;NA;2;80;S;F;75XX;NEP
057540040040-6101;057540040040;100mN32136E42126;SF;NA;2;37;S;F;3039;EMP
057540040040-6102;057540040040;100mN32114E42125;S;OS;1;45;M;F;4049;EMP
057540040040-6103;057540040040;100mN32139E42128;MC;NA;2;45;M;F;4049;EMP
057540040040-6103;057540040040;100mN32139E42128;MC;NA;2;46;M;M;4049;EMP
057540040040-6104;057540040040;100mN32139E42128;MC;OS;2;89;M;M;75XX;NEP
057540040040-6104;057540040040;100mN32139E42128;MC;OS;2;40;D;F;4049;UEP
057540040040-6105;057540040040;100mN32115E42112;MC;NA;2;60;M;F;5064;UEP
057540040040-6105;057540040040;100mN32115E42112;MC;NA;2;48;S;F;4049;UEP
057540040040-6106;057540040040;100mN32139E42128;S;OS;1;61;M;F;5064;EMP
057540040040-6107;057540040040;100mN32124E42142;MC;OS;2;72;M;M;6574;NEP
057540040040-6107;057540040040;100mN32124E42142;MC;OS;2;70;M;F;6574;NEP
057540040040-6108;057540040040;100mN32139E42128;PO;NA;4;31;S;M;3039;NEP
057540040040-6108;057540040040;100mN32139E42128;PO;NA;4;28;S;F;2529;NEP
057540040040-6108;057540040040;100mN32139E42128;PO;NA;4;15;S;F;1517;NEP
057540040040-6108;057540040040;100mN32139E42128;PO;NA;4;4;S;F;0305;NEP
057540040040-6109;057540040040;100mN32111E42121;MC;NA;2;26;M;M;2529;EMP
057540040040-6109;057540040040;100mN32111E42121;MC;NA;2;25;M;F;2529;EMP
057540040040-6110;057540040040;100mN32127E42144;SM;NA;3;40;W;M;4049;EMP
057540040040-6110;057540040040;100mN32127E42144;SM;NA;3;7;S;M;0614;NEP
057540040040-6110;057540040040;100mN32127E42144;SM;NA;3;15;S;M;1517;EMP
057540040040-6111;057540040040;100mN32139E42128;PO;OS;2;69;S;F;6574;NEP
057540040040-6111;057540040040;100mN32139E42128;PO;OS;2;75;S;F;75XX;NEP
057540040040-6112;057540040040;100mN32139E42128;MC;NA;2;46;M;M;4049;EMP
057540040040-6112;057540040040;100mN32139E42128;MC;NA;2;37;M;F;3039;NEP
057540040040-6113;057540040040;100mN32090E42057;S;NA;1;63;S;M;5064;NEP
057540040040-6114;057540040040;100mN32090E42057;MC;MIX;2;85;M;F;75XX;EMP
057540040040-6114;057540040040;100mN32090E42057;MC;MIX;2;70;M;F;6574;NEP
057540040040-6115;057540040040;100mN32090E42057;MC;NA;2;53;M;F;5064;NEP
057540040040-6115;057540040040;100mN32090E42057;MC;NA;2;46;M;M;4049;EMP
057540040040-6116;057540040040;100mN32111E42142;S;OS;1;51;S;F;5064;NEP
057540040040-6117;057540040040;100mN32111E42142;S;OS;1;35;S;M;3039;EMP
057540040040-6118;057540040040;100mN32117E42124;MC;NA;3;34;M;F;3039;NEP
057540040040-6118;057540040040;100mN32117E42124;MC;NA;3;40;M;M;4049;EMP
057540040040-6118;057540040040;100mN32117E42124;MC;NA;3;16;S;M;1517;EMP
057540040040-6119;057540040040;100mN32118E42131;S;NA;1;56;D;F;5064;NEP
057540040040-6120;057540040040;100mN32116E42130;MC;NA;2;31;M;F;3039;NEP
057540040040-6120;057540040040;100mN32116E42130;MC;NA;2;40;M;M;4049;NEP
057540040040-6121;057540040040;100mN32116E42130;MC;NA;2;33;M;M;3039;EMP
057540040040-6121;057540040040;100mN32116E42130;MC;NA;2;26;M;F;2529;NEP
057540040040-6122;057540040040;100mN32115E42125;MC;NA;2;43;M;F;4049;EMP
057540040040-6122;057540040040;100mN32115E42125;MC;NA;2;40;M;M;4049;EMP
057540040040-6123;057540040040;100mN32124E42141;MC;NA;3;62;M;M;5064;NEP
057540040040-6123;057540040040;100mN32124E42141;MC;NA;3;58;M;F;5064;EMP
057540040040-6123;057540040040;100mN32124E42141;MC;NA;3;3;S;M;0305;NEP
057540040040-6124;057540040040;100mN32116E42130;MC;NA;3;63;M;M;5064;EMP
057540040040-6124;057540040040;100mN32116E42130;MC;NA;3;61;M;F;5064;EMP
057540040040-6124;057540040040;100mN32116E42130;MC;NA;3;46;M;F;4049;EMP
057540040040-6125;057540040040;100mN32112E42118;S;OS;1;41;W;M;4049;NEP
057540040040-6126;057540040040;100mN32114E42127;S;NA;1;33;M;F;3039;NEP
057540040040-6127;057540040040;100mN32114E42127;MC;NA;3;63;M;F;5064;NEP
057540040040-6127;057540040040;100mN32114E42127;MC;NA;3;40;S;F;4049;NEP
057540040040-6127;057540040040;100mN32114E42127;MC;NA;3;16;S;F;1517;UEP
057540040040-6128;057540040040;100mN32114E42127;MC;NA;5;25;M;F;2529;NEP
057540040040-6128;057540040040;100mN32114E42127;MC;NA;5;26;M;M;2529;NEP
057540040040-6128;057540040040;100mN32114E42127;MC;NA;5;7;S;M;0614;NEP
057540040040-6128;057540040040;100mN32114E42127;MC;NA;5;8;S;M;0614;NEP
057540040040-6128;057540040040;100mN32114E42127;MC;NA;5;8;S;F;0614;NEP
057540040040-6129;057540040040;100mN32114E42127;S;NA;1;59;M;M;5064;EMP
057540040040-6130;057540040040;100mN32114E42127;S;OS;1;59;M;F;5064;EMP
057540040040-6131;057540040040;100mN32114E42127;MC;NA;2;18;M;M;1824;EMP
057540040040-6131;057540040040;100mN32114E42127;MC;NA;2;18;M;F;1824;EMP
057540040040-6132;057540040040;100mN32114E42127;S;NA;1;16;S;F;1517;EMP
057540040040-6133;057540040040;100mN32131E42131;MC;MIX;2;65;M;F;6574;EMP
057540040040-6133;057540040040;100mN32131E42131;MC;MIX;2;63;M;M;5064;EMP
057540040040-6134;057540040040;100mN32109E42146;S;OS;1;52;S;F;5064;UEP
057540040040-6135;057540040040;100mN32131E42135;MC;NA;6;58;M;M;5064;EMP
057540040040-6135;057540040040;100mN32131E42135;MC;NA;6;57;M;F;5064;EMP
057540040040-6135;057540040040;100mN32131E42135;MC;NA;6;12;S;M;0614;NEP
057540040040-6135;057540040040;100mN32131E42135;MC;NA;6;13;S;M;0614;NEP
057540040040-6135;057540040040;100mN32131E42135;MC;NA;6;6;S;M;0614;NEP
057540040040-6135;057540040040;100mN32131E42135;MC;NA;6;9;S;F;0614;NEP
057540040040-6136;057540040040;100mN32114E42127;S;OS;1;50;D;M;5064;NEP
057540040040-6137;057540040040;100mN32110E42146;S;OS;1;56;S;M;5064;EMP
057540040040-6138;057540040040;100mN32114E42127;MC;NA;4;38;M;M;3039;NEP
057540040040-6138;057540040040;100mN32114E42127;MC;NA;4;32;M;F;3039;EMP
057540040040-6138;057540040040;100mN32114E42127;MC;NA;4;3;S;F;0305;NEP
057540040040-6138;057540040040;100mN32114E42127;MC;NA;4;9;S;F;0614;NEP
057540040040-6139;057540040040;100mN32114E42127;S;NA;1;45;D;F;4049;EMP
057540040040-6140;057540040040;100mN32114E42127;MC;NA;2;43;M;F;4049;EMP
057540040040-6140;057540040040;100mN32114E42127;MC;NA;2;44;M;M;4049;EMP
057540040040-6141;057540040040;100mN32114E42127;MC;OS;3;78;M;M;75XX;EMP
057540040040-6141;057540040040;100mN32114E42127;MC;OS;3;69;M;F;6574;EMP
057540040040-6141;057540040040;100mN32114E42127;MC;OS;3;71;M;M;6574;NEP
057540040040-6142;057540040040;100mN32126E42135;MC;MIX;2;83;M;M;75XX;EMP
057540040040-6142;057540040040;100mN32126E42135;MC;MIX;2;87;S;F;75XX;EMP
057540040040-6143;057540040040;100mN32114E42127;MC;NA;4;22;M;M;1824;EMP
057540040040-6143;057540040040;100mN32114E42127;MC;NA;4;18;M;F;1824;EMP
057540040040-6143;057540040040;100mN32114E42127;MC;NA;4;3;S;F;0305;NEP
057540040040-6143;057540040040;100mN32114E42127;MC;NA;4;4;S;F;0305;NEP
057540040040-6144;057540040040;100mN32114E42127;S;OS;1;37;S;F;3039;NEP
057540040040-6145;057540040040;100mN32114E42127;S;NA;1;25;W;F;2529;NEP
057540040040-6146;057540040040;100mN32117E42123;MC;NA;2;25;M;F;2529;EMP
057540040040-6146;057540040040;100mN32117E42123;MC;NA;2;31;M;M;3039;EMP
057540040040-6147;057540040040;100mN32114E42127;MC;NA;5;23;M;M;1824;EMP
057540040040-6147;057540040040;100mN32114E42127;MC;NA;5;27;M;F;2529;EMP
057540040040-6147;057540040040;100mN32114E42127;MC;NA;5;7;S;F;0614;NEP
057540040040-6147;057540040040;100mN32114E42127;MC;NA;5;8;S;F;0614;NEP
057540040040-6147;057540040040;100mN32114E42127;MC;NA;5;3;S;M;0305;NEP
057540040040-6148;057540040040;100mN32114E42127;MC;OS;4;70;M;F;6574;EMP
057540040040-6148;057540040040;100mN32114E42127;MC;OS;4;73;M;M;6574;EMP
057540040040-6148;057540040040;100mN32114E42127;MC;OS;4;75;S;F;75XX;EMP
057540040040-6148;057540040040;100mN32114E42127;MC;OS;4;81;W;F;75XX;EMP
057540040040-6149;057540040040;100mN32114E42127;MC;NA;6;30;M;M;3039;NEP
057540040040-6149;057540040040;100mN32114E42127;MC;NA;6;21;M;F;1824;EMP
057540040040-6149;057540040040;100mN32114E42127;MC;NA;6;15;S;F;1517;NEP
057540040040-6149;057540040040;100mN32114E42127;MC;NA;6;15;S;F;1517;NEP
057540040040-6149;057540040040;100mN32114E42127;MC;NA;6;9;S;F;0614;NEP
057540040040-6149;057540040040;100mN32114E42127;MC;NA;6;0;S;M;0003;NEP
057540040040-6150;057540040040;100mN32114E42131;S;NA;1;46;D;M;4049;NEP
057540040040-6151;057540040040;100mN32115E42131;PO;NA;2;48;S;M;4049;NEP
057540040040-6151;057540040040;100mN32115E42131;PO;NA;2;41;S;M;4049;EMP
057540040040-6152;057540040040;100mN32115E42131;MC;OS;3;69;M;M;6574;EMP
057540040040-6152;057540040040;100mN32115E42131;MC;OS;3;68;M;F;6574;UEP
057540040040-6152;057540040040;100mN32115E42131;MC;OS;3;70;W;M;6574;NEP
057540040040-6153;057540040040;100mN32115E42131;MC;NA;2;53;M;F;5064;NEP
057540040040-6153;057540040040;100mN32115E42131;MC;NA;2;56;M;M;5064;EMP
057540040040-6154;057540040040;100mN32134E42127;S;OS;1;43;D;F;4049;EMP
057540040040-6155;057540040040;100mN32115E42131;S;OS;1;42;W;F;4049;EMP
057540040040-6156;057540040040;100mN32115E42131;S;NA;1;32;W;F;3039;EMP
057540040040-6157;057540040040;100mN32115E42131;MC;NA;4;31;M;M;3039;EMP
057540040040-6157;057540040040;100mN32115E42131;MC;NA;4;40;M;F;4049;EMP
057540040040-6157;057540040040;100mN32115E42131;MC;NA;4;3;S;M;0305;NEP
057540040040-6157;057540040040;100mN32115E42131;MC;NA;4;15;S;M;1517;EMP
057540040040-6158;057540040040;100mN32115E42131;S;NA;1;46;S;M;4049;EMP
057540040040-6159;057540040040;100mN32115E42131;MC;NA;4;58;M;M;5064;EMP
057540040040-6159;057540040040;100mN32115E42131;MC;NA;4;50;M;F;5064;EMP
057540040040-6159;057540040040;100mN32115E42131;MC;NA;4;22;M;M;1824;NEP
057540040040-6159;057540040040;100mN32115E42131;MC;NA;4;10;S;M;0614;NEP
057540040040-6160;057540040040;100mN32115E42131;MC;OS;3;73;M;M;6574;EMP
057540040040-6160;057540040040;100mN32115E42131;MC;OS;3;67;M;F;6574;EMP
057540040040-6160;057540040040;100mN32115E42131;MC;OS;3;70;M;F;6574;UEP
057540040040-6161;057540040040;100mN32115E42131;MC;NA;3;35;M;F;3039;EMP
057540040040-6161;057540040040;100mN32115E42131;MC;NA;3;34;M;M;3039;EMP
057540040040-6161;057540040040;100mN32115E42131;MC;NA;3;19;S;F;1824;NEP
057540040040-6162;057540040040;100mN32115E42131;S;NA;1;27;M;M;2529;EMP
057540040040-6163;057540040040;100mN32115E42131;MC;NA;4;34;M;F;3039;EMP
057540040040-6163;057540040040;100mN32115E42131;MC;NA;4;36;M;M;3039;NEP
057540040040-6163;057540040040;100mN32115E42131;MC;NA;4;8;S;F;0614;NEP
057540040040-6163;057540040040;100mN32115E42131;MC;NA;4;15;S;M;1517;NEP
057540040040-6164;057540040040;100mN32115E42131;PO;NA;2;62;S;F;5064;EMP
057540040040-6164;057540040040;100mN32115E42131;PO;NA;2;61;S;M;5064;EMP
057540040040-6165;057540040040;100mN32115E42131;SF;NA;3;54;W;F;5064;EMP
057540040040-6165;057540040040;100mN32115E42131;SF;NA;3;6;S;F;0614;NEP
057540040040-6165;057540040040;100mN32115E42131;SF;NA;3;19;M;M;1824;EMP
057540040040-6166;057540040040;100mN32115E42131;PO;NA;3;52;S;M;5064;EMP
057540040040-6166;057540040040;100mN32115E42131;PO;NA;3;45;S;F;4049;EMP
057540040040-6166;057540040040;100mN32115E42131;PO;NA;3;15;S;M;1517;EMP
057540040040-6167;057540040040;100mN32115E42131;MC;OS;4;71;M;F;6574;UEP
057540040040-6167;057540040040;100mN32115E42131;MC;OS;4;73;M;M;6574;NEP
057540040040-6167;057540040040;100mN32115E42131;MC;OS;4;81;S;F;75XX;EMP
057540040040-6167;057540040040;100mN32115E42131;MC;OS;4;85;W;M;75XX;EMP
057540040040-6168;057540040040;100mN32115E42131;MC;NA;2;48;M;M;4049;EMP
057540040040-6168;057540040040;100mN32115E42131;MC;NA;2;18;M;F;1824;EMP
057540040040-6169;057540040040;100mN32115E42131;PO;NA;2;42;S;M;4049;EMP
057540040040-6169;057540040040;100mN32115E42131;PO;NA;2;42;S;M;4049;NEP
057540040040-6170;057540040040;100mN32124E42144;MC;NA;2;52;M;F;5064;NEP
057540040040-6170;057540040040;100mN32124E42144;MC;NA;2;52;M;M;5064;NEP
057540040040-6171;057540040040;100mN32130E42137;MC;NA;2;48;M;F;4049;EMP
057540040040-6171;057540040040;100mN32130E42137;MC;NA;2;51;M;M;5064;EMP
057540040040-6172;057540040040;100mN32115E42131;MC;OS;3;76;M;M;75XX;EMP
057540040040-6172;057540040040;100mN32115E42131;MC;OS;3;73;M;F;6574;NEP
057540040040-6172;057540040040;100mN32115E42131;MC;OS;3;84;M;M;75XX;EMP
057540040040-6173;057540040040;100mN32115E42131;S;OS;1;18;D;M;1824;EMP
057540040040-6174;057540040040;100mN32108E42076;S;OS;1;71;M;F;6574;EMP
057540040040-6175;057540040040;100mN32115E42131;PO;NA;4;31;S;M;3039;EMP
057540040040-6175;057540040040;100mN32115E42131;PO;NA;4;26;S;M;2529;EMP
057540040040-6175;057540040040;100mN32115E42131;PO;NA;4;16;S;F;1517;NEP
057540040040-6175;057540040040;100mN32115E42131;PO;NA;4;3;S;M;0305;NEP
057540040040-6176;057540040040;100mN32115E42131;S;OS;1;86;M;F;75XX;NEP
057540040040-6177;057540040040;100mN32115E42131;MC;OS;2;89;M;M;75XX;EMP
057540040040-6177;057540040040;100mN32115E42131;MC;OS;2;86;M;F;75XX;EMP
057540040040-6178;057540040040;100mN32124E42114;S;NA;1;16;S;M;1517;EMP
057540040040-6179;057540040040;100mN32115E42131;MC;NA;2;41;M;F;4049;EMP
057540040040-6179;057540040040;100mN32115E42131;MC;NA;2;42;M;M;4049;EMP
057540040040-6180;057540040040;100mN32115E42131;MC;OS;2;69;M;F;6574;EMP
057540040040-6180;057540040040;100mN32115E42131;MC;OS;2;69;M;M;6574;NEP
057540040040-6181;057540040040;100mN32115E42131;MC;NA;5;19;M;M;1824;EMP
057540040040-6181;057540040040;100mN32115E42131;MC;NA;5;22;M;F;1824;NEP
057540040040-6181;057540040040;100mN32115E42131;MC;NA;5;0;S;M;0003;NEP
057540040040-6181;057540040040;100mN32115E42131;MC;NA;5;0;S;M;0003;NEP
057540040040-6181;057540040040;100mN32115E42131;MC;NA;5;3;S;M;0305;NEP
057540040040-6182;057540040040;100mN32132E42134;MC;OS;3;86;M;M;75XX;EMP
057540040040-6182;057540040040;100mN32132E42134;MC;OS;3;83;M;F;75XX;NEP
057540040040-6182;057540040040;100mN32132E42134;MC;OS;3;68;D;F;6574;EMP
057540040040-6183;057540040040;100mN32115E42131;MC;NA;2;53;M;F;5064;NEP
057540040040-6183;057540040040;100mN32115E42131;MC;NA;2;56;M;M;5064;EMP
057540040040-6184;057540040040;100mN32101E42072;MC;NA;2;40;M;M;4049;EMP
057540040040-6184;057540040040;100mN32101E42072;MC;NA;2;35;M;F;3039;NEP
057540040040-6185;057540040040;100mN32101E42072;S;NA;1;44;M;F;4049;EMP
057540040040-6186;057540040040;100mN32101E42072;S;OS;1;41;W;M;4049;NEP
057540040040-6187;057540040040;100mN32101E42072;MC;NA;5;41;M;F;4049;NEP
057540040040-6187;057540040040;100mN32101E42072;MC;NA;5;36;M;M;3039;NEP
057540040040-6187;057540040040;100mN32101E42072;MC;NA;5;15;S;F;1517;NEP
057540040040-6187;057540040040;100mN32101E42072;MC;NA;5;11;S;M;0614;NEP
057540040040-6187;057540040040;100mN32101E42072;MC;NA;5;18;D;M;1824;NEP
057540040040-6188;057540040040;100mN32101E42072;S;OS;1;55;S;F;5064;EMP
057540040040-6189;057540040040;100mN32101E42072;S;NA;1;48;S;M;4049;EMP
057540040040-6190;057540040040;100mN32109E42146;S;OS;1;52;S;F;5064;UEP
057540040040-6191;057540040040;100mN32121E42140;S;NA;1;55;W;F;5064;EMP
057540040040-6192;057540040040;100mN32132E42133;MC;NA;6;45;M;F;4049;EMP
057540040040-6192;057540040040;100mN32132E42133;MC;NA;6;48;M;M;4049;EMP
057540040040-6192;057540040040;100mN32132E42133;MC;NA;6;0;S;M;0003;NEP
057540040040-6192;057540040040;100mN32132E42133;MC;NA;6;9;S;F;0614;NEP
057540040040-6192;057540040040;100mN32132E42133;MC;NA;6;27;W;F;2529;NEP
057540040040-6192;057540040040;100mN32132E42133;MC;NA;6;18;W;F;1824;NEP
057540040040-6193;057540040040;100mN32112E42118;NA;OS;2;43;M;M;4049;NEP
057540040040-6193;057540040040;100mN32112E42118;NA;OS;2;47;M;M;4049;EMP
057540040040-6194;057540040040;100mN32117E42129;MC;NA;3;20;M;M;1824;EMP
057540040040-6194;057540040040;100mN32117E42129;MC;NA;3;20;M;F;1824;NEP
057540040040-6194;057540040040;100mN32117E42129;MC;NA;3;2;S;F;0003;NEP
057540040040-6195;057540040040;100mN32101E42072;MC;NA;2;46;M;F;4049;NEP
057540040040-6195;057540040040;100mN32101E42072;MC;NA;2;46;M;M;4049;EMP
057540040040-6196;057540040040;100mN32101E42072;MC;NA;4;42;M;F;4049;EMP
057540040040-6196;057540040040;100mN32101E42072;MC;NA;4;43;M;M;4049;EMP
057540040040-6196;057540040040;100mN32101E42072;MC;NA;4;3;S;M;0305;NEP
057540040040-6196;057540040040;100mN32101E42072;MC;NA;4;4;S;M;0305;NEP
057540040040-6197;057540040040;100mN32101E42072;S;OS;1;38;M;F;3039;EMP
057540040040-6198;057540040040;100mN32101E42072;MC;NA;2;46;M;M;4049;EMP
057540040040-6198;057540040040;100mN32101E42072;MC;NA;2;40;M;F;4049;EMP
057540040040-6199;057540040040;100mN32141E42118;S;OS;1;42;M;F;4049;EMP
057540040040-6200;057540040040;100mN32115E42127;PO;NA;4;48;S;M;4049;NEP
057540040040-6200;057540040040;100mN32115E42127;PO;NA;4;45;S;F;4049;EMP
057540040040-6200;057540040040;100mN32115E42127;PO;NA;4;11;S;F;0614;NEP
057540040040-6200;057540040040;100mN32115E42127;PO;NA;4;16;S;M;1517;EMP
057540040040-6201;057540040040;100mN32101E42072;MC;OS;2;84;M;F;75XX;EMP
057540040040-6201;057540040040;100mN32101E42072;MC;OS;2;84;M;M;75XX;NEP
057540040040-6202;057540040040;100mN32101E42072;MC;OS;4;68;M;M;6574;NEP
057540040040-6202;057540040040;100mN32101E42072;MC;OS;4;67;M;F;6574;NEP
057540040040-6202;057540040040;100mN32101E42072;MC;OS;4;82;D;F;75XX;NEP
057540040040-6202;057540040040;100mN32101E42072;MC;OS;4;89;M;F;75XX;EMP
057540040040-6203;057540040040;100mN32101E42072;S;NA;1;71;W;F;6574;EMP
057540040040-6204;057540040040;100mN32101E42072;NA;NA;3;55;S;M;5064;EMP
057540040040-6204;057540040040;100mN32101E42072;NA;NA;3;20;D;F;1824;EMP
057540040040-6204;057540040040;100mN32101E42072;NA;NA;3;32;S;M;3039;EMP
057540040040-6205;057540040040;100mN32130E42142;MC;NA;2;28;M;F;2529;EMP
057540040040-6205;057540040040;100mN32130E42142;MC;NA;2;27;M;M;2529;EMP
057540040040-6206;057540040040;100mN32101E42072;MC;NA;3;45;M;M;4049;EMP
057540040040-6206;057540040040;100mN32101E42072;MC;NA;3;45;M;F;4049;NEP
057540040040-6206;057540040040;100mN32101E42072;MC;NA;3;23;W;F;1824;EMP
057540040040-6207;057540040040;100mN32101E42072;S;OS;1;25;W;F;2529;EMP
057540040040-6208;057540040040;100mN32101E42072;MC;NA;3;44;M;F;4049;EMP
057540040040-6208;057540040040;100mN32101E42072;MC;NA;3;38;M;M;3039;NEP
057540040040-6208;057540040040;100mN32101E42072;MC;NA;3;27;M;M;2529;EMP
057540040040-6209;057540040040;100mN32103E42073;MC;NA;5;43;M;F;4049;UEP
057540040040-6209;057540040040;100mN32103E42073;MC;NA;5;48;M;M;4049;EMP
057540040040-6209;057540040040;100mN32103E42073;MC;NA;5;11;S;M;0614;NEP
057540040040-6209;057540040040;100mN32103E42073;MC;NA;5;12;S;F;0614;NEP
057540040040-6209;057540040040;100mN32103E42073;MC;NA;5;3;S;M;0305;NEP
057540040040-6210;057540040040;100mN32117E42129;MC;OS;2;65;M;F;6574;NEP
057540040040-6210;057540040040;100mN32117E42129;MC;OS;2;67;M;M;6574;EMP
057540040040-6211;057540040040;100mN32139E42124;S;NA;1;54;W;F;5064;NEP
057540040040-6212;057540040040;100mN32140E42118;MC;NA;4;51;M;F;5064;NEP
057540040040-6212;057540040040;100mN32140E42118;MC;NA;4;57;M;M;5064;EMP
057540040040-6212;057540040040;100mN32140E42118;MC;NA;4;12;S;M;0614;NEP
057540040040-6212;057540040040;100mN32140E42118;MC;NA;4;34;M;M;3039;EMP
057540040040-6213;057540040040;100mN32140E42118;S;NA;1;58;M;F;5064;EMP
057540040040-6214;057540040040;100mN32140E42118;NA;NA;2;56;S;M;5064;EMP
057540040040-6214;057540040040;100mN32140E42118;NA;NA;2;34;S;M;3039;EMP
057540040040-6215;057540040040;100mN32140E42118;MC;OS;2;80;M;F;75XX;NEP
057540040040-6215;057540040040;100mN32140E42118;MC;OS;2;65;M;M;6574;EMP
057540040040-6216;057540040040;100mN32112E42121;PO;NA;4;31;S;M;3039;NEP
057540040040-6216;057540040040;100mN32112E42121;PO;NA;4;28;S;M;2529;EMP
057540040040-6216;057540040040;100mN32112E42121;PO;NA;4;4;S;M;0305;NEP
057540040040-6216;057540040040;100mN32112E42121;PO;NA;4;1;S;M;0003;NEP
057540040040-6217;057540040040;100mN32126E42144;MC;NA;3;52;M;F;5064;NEP
057540040040-6217;057540040040;100mN32126E42144;MC;NA;3;53;M;M;5064;EMP
057540040040-6217;057540040040;100mN32126E42144;MC;NA;3;16;S;M;1517;NEP
057540040040-6218;057540040040;100mN32140E42118;MC;NA;2;48;M;F;4049;NEP
057540040040-6218;057540040040;100mN32140E42118;MC;NA;2;53;M;M;5064;NEP
057540040040-6219;057540040040;100mN32111E42124;MC;MIX;2;86;M;M;75XX;EMP
057540040040-6219;057540040040;100mN32111E42124;MC;MIX;2;73;S;M;6574;NEP
057540040040-6220;057540040040;100mN32140E42118;S;OS;1;66;M;F;6574;EMP
057540040040-6221;057540040040;100mN32140E42118;MC;NA;6;35;M;M;3039;NEP
057540040040-6221;057540040040;100mN32140E42118;MC;NA;6;34;M;F;3039;UEP
057540040040-6221;057540040040;100mN32140E42118;MC;NA;6;4;S;M;0305;NEP
057540040040-6221;057540040040;100mN32140E42118;MC;NA;6;20;M;M;1824;EMP
057540040040-6221;057540040040;100mN32140E42118;MC;NA;6;16;S;F;1517;NEP
057540040040-6221;057540040040;100mN32140E42118;MC;NA;6;12;S;F;0614;NEP
057540040040-6222;057540040040;100mN32140E42118;MC;NA;2;47;M;M;4049;EMP
057540040040-6222;057540040040;100mN32140E42118;MC;NA;2;41;M;F;4049;EMP
057540040040-6223;057540040040;100mN32137E42120;PO;NA;3;31;S;F;3039;EMP
057540040040-6223;057540040040;100mN32137E42120;PO;NA;3;32;S;F;3039;NEP
057540040040-6223;057540040040;100mN32137E42120;PO;NA;3;12;S;M;0614;NEP
057540040040-6224;057540040040;100mN32124E42144;S;NA;1;28;S;F;2529;UEP
057540040040-6225;057540040040;100mN32140E42118;S;NA;1;60;S;M;5064;EMP
057540040040-6226;057540040040;100mN32140E42118;PO;NA;6;41;S;F;4049;EMP
057540040040-6226;057540040040;100mN32140E42118;PO;NA;6;47;S;M;4049;EMP
057540040040-6226;057540040040;100mN32140E42118;PO;NA;6;6;S;M;0614;NEP
057540040040-6226;057540040040;100mN32140E42118;PO;NA;6;9;S;F;0614;NEP
057540040040-6226;057540040040;100mN32140E42118;PO;NA;6;7;S;F;0614;NEP
057540040040-6226;057540040040;100mN32140E42118;PO;NA;6;13;S;M;0614;NEP
057540040040-6227;057540040040;100mN32140E42118;S;NA;1;44;M;F;4049;EMP
057540040040-6228;057540040040;100mN32125E42146;MC;NA;3;33;M;M;3039;EMP
057540040040-6228;057540040040;100mN32125E42146;MC;NA;3;31;M;F;3039;EMP
057540040040-6228;057540040040;100mN32125E42146;MC;NA;3;18;M;F;1824;EMP
057540040040-6229;057540040040;100mN32140E42118;NA;OS;3;50;M;F;5064;EMP
057540040040-6229;057540040040;100mN32140E42118;NA;OS;3;69;M;M;6574;EMP
057540040040-6229;057540040040;100mN32140E42118;NA;OS;3;42;D;F;4049;EMP
057540040040-6230;057540040040;100mN32140E42118;MC;OS;3;73;M;M;6574;NEP
057540040040-6230;057540040040;100mN32140E42118;MC;OS;3;70;M;F;6574;NEP
057540040040-6230;057540040040;100mN32140E42118;MC;OS;3;76;S;M;75XX;EMP
057540040040-6231;057540040040;100mN32140E42118;S;NA;1;48;M;M;4049;EMP
057540040040-6232;057540040040;100mN32140E42118;S;NA;1;44;W;M;4049;NEP
057540040040-6233;057540040040;100mN32124E42146;SF;NA;3;81;S;F;75XX;EMP
057540040040-6233;057540040040;100mN32124E42146;SF;NA;3;2;S;M;0003;NEP
057540040040-6233;057540040040;100mN32124E42146;SF;NA;3;30;M;F;3039;NEP
057540040040-6234;057540040040;100mN32140E42118;PO;NA;2;45;S;M;4049;EMP
057540040040-6234;057540040040;100mN32140E42118;PO;NA;2;42;S;M;4049;EMP
057540040040-6235;057540040040;100mN32140E42118;SF;NA;2;67;W;F;6574;NEP
057540040040-6235;057540040040;100mN32140E42118;SF;NA;2;7;S;F;0614;NEP
057540040040-6236;057540040040;100mN32140E42118;MC;NA;2;25;M;F;2529;EMP
057540040040-6236;057540040040;100mN32140E42118;MC;NA;2;28;M;M;2529;EMP
057540040040-6237;057540040040;100mN32140E42118;MC;NA;3;38;M;F;3039;NEP
057540040040-6237;057540040040;100mN32140E42118;MC;NA;3;37;M;M;3039;EMP
057540040040-6237;057540040040;100mN32140E42118;MC;NA;3;16;S;M;1517;NEP
057540040040-6238;057540040040;100mN32140E42118;MC;MIX;2;72;M;F;6574;NEP
057540040040-6238;057540040040;100mN32140E42118;MC;MIX;2;42;M;M;4049;EMP
057540040040-6239;057540040040;100mN32107E42074;S;NA;1;86;S;F;75XX;EMP
057540040040-6240;057540040040;100mN32107E42074;MC;NA;3;40;M;M;4049;EMP
057540040040-6240;057540040040;100mN32107E42074;MC;NA;3;35;M;F;3039;EMP
057540040040-6240;057540040040;100mN32107E42074;MC;NA;3;9;S;F;0614;NEP
057540040040-6241;057540040040;100mN32109E42146;MC;NA;3;36;M;F;3039;EMP
057540040040-6241;057540040040;100mN32109E42146;MC;NA;3;34;M;M;3039;EMP
057540040040-6241;057540040040;100mN32109E42146;MC;NA;3;7;S;M;0614;NEP
057540040040-6242;057540040040;100mN32117E42119;PO;NA;3;26;S;M;2529;EMP
057540040040-6242;057540040040;100mN32117E42119;PO;NA;3;23;S;F;1824;NEP
057540040040-6242;057540040040;100mN32117E42119;PO;NA;3;9;S;F;0614;NEP
057540040040-6243;057540040040;100mN32135E42120;MC;NA;4;55;M;M;5064;EMP
057540040040-6243;057540040040;100mN32135E42120;MC;NA;4;50;M;F;5064;EMP
057540040040-6243;057540040040;100mN32135E42120;MC;NA;4;23;M;M;1824;NEP
057540040040-6243;057540040040;100mN32135E42120;MC;NA;4;10;S;F;0614;NEP
057540040040-6244;057540040040;100mN32137E42121;MC;MIX;2;76;M;M;75XX;NEP
057540040040-6244;057540040040;100mN32137E42121;MC;MIX;2;16;S;M;1517;EMP
057540040040-6245;057540040040;100mN32112E42117;S;NA;1;36;S;F;3039;EMP
057540040040-6246;057540040040;100mN32117E42119;MC;NA;2;19;M;F;1824;EMP
057540040040-6246;057540040040;100mN32117E42119;MC;NA;2;22;M;M;1824;EMP
057540040040-6247;057540040040;100mN32117E42119;MC;NA;4;63;M;F;5064;EMP
057540040040-6247;057540040040;100mN32117E42119;MC;NA;4;8;S;M;0614;NEP
057540040040-6247;057540040040;100mN32117E42119;MC;NA;4;43;M;F;4049;EMP
057540040040-6247;057540040040;100mN32117E42119;MC;NA;4;19;M;M;1824;EMP
057540040040-6248;057540040040;100mN32117E42119;S;NA;1;66;M;F;6574;NEP
057540040040-6249;057540040040;100mN32117E42119;MC;NA;4;54;M;F;5064;EMP
057540040040-6249;057540040040;100mN32117E42119;MC;NA;4;61;M;M;5064;EMP
057540040040-6249;057540040040;100mN32117E42119;MC;NA;4;27;M;M;2529;EMP
057540040040-6249;057540040040;100mN32117E42119;MC;NA;4;15;S;M;1517;NEP
057540040040-6250;057540040040;100mN32117E42119;MC;OS;4;72;M;F;6574;EMP
057540040040-6250;057540040040;100mN32117E42119;MC;OS;4;80;M;M;75XX;EMP
057540040040-6250;057540040040;100mN32117E42119;MC;OS;4;68;S;M;6574;NEP
057540040040-6250;057540040040;100mN32117E42119;MC;OS;4;77;S;F;75XX;EMP
057540040040-6251;057540040040;100mN32117E42119;MC;NA;2;52;M;M;5064;EMP
057540040040-6251;057540040040;100mN32117E42119;MC;NA;2;51;M;F;5064;NEP
057540040040-6252;057540040040;100mN32117E42119;S;NA;1;44;S;M;4049;NEP
057540040040-6253;057540040040;100mN32117E42119;MC;OS;5;88;M;M;75XX;EMP
057540040040-6253;057540040040;100mN32117E42119;MC;OS;5;82;M;F;75XX;NEP
057540040040-6253;057540040040;100mN32117E42119;MC;OS;5;68;W;F;6574;EMP
057540040040-6253;057540040040;100mN32117E42119;MC;OS;5;67;D;M;6574;EMP
057540040040-6253;057540040040;100mN32117E42119;MC;OS;5;79;M;F;75XX;EMP
057540040040-6254;057540040040;100mN32115E42125;S;NA;1;57;S;F;5064;NEP
057540040040-6255;057540040040;100mN32112E42117;MC;NA;2;25;M;M;2529;EMP
057540040040-6255;057540040040;100mN32112E42117;MC;NA;2;23;M;F;1824;EMP
057540040040-6256;057540040040;100mN32112E42117;SF;NA;2;51;W;F;5064;EMP
057540040040-6256;057540040040;100mN32112E42117;SF;NA;2;8;S;F;0614;NEP
057540040040-6257;057540040040;100mN32112E42117;MC;NA;2;53;M;F;5064;EMP
057540040040-6257;057540040040;100mN32112E42117;MC;NA;2;61;M;M;5064;EMP
057540040040-6258;057540040040;100mN32112E42117;S;NA;1;65;M;F;6574;NEP
057540040040-6259;057540040040;100mN32112E42117;MC;NA;4;50;M;F;5064;NEP
057540040040-6259;057540040040;100mN32112E42117;MC;NA;4;55;M;M;5064;NEP
057540040040-6259;057540040040;100mN32112E42117;MC;NA;4;15;S;M;1517;EMP
057540040040-6259;057540040040;100mN32112E42117;MC;NA;4;6;S;F;0614;NEP
057540040040-6260;057540040040;100mN32112E42117;MC;NA;4;19;M;F;1824;NEP
057540040040-6260;057540040040;100mN32112E42117;MC;NA;4;19;M;M;1824;EMP
057540040040-6260;057540040040;100mN32112E42117;MC;NA;4;3;S;F;0305;NEP
057540040040-6260;057540040040;100mN32112E42117;MC;NA;4;3;S;F;0305;NEP
057540040040-6261;057540040040;100mN32112E42117;S;NA;1;27;M;M;2529;EMP
057540040040-6262;057540040040;100mN32116E42122;S;OS;1;40;S;M;4049;EMP
057540040040-6263;057540040040;100mN32118E42132;S;NA;1;20;D;M;1824;EMP
057540040040-6264;057540040040;100mN32112E42117;S;NA;1;36;S;F;3039;EMP
057540040040-6265;057540040040;100mN32112E42117;SF;MIX;2;89;S;F;75XX;EMP
057540040040-6265;057540040040;100mN32112E42117;SF;MIX;2;3;S;F;0305;NEP
057540040040-6266;057540040040;100mN32124E42114;SM;NA;2;33;S;M;3039;NEP
057540040040-6266;057540040040;100mN32124E42114;SM;NA;2;9;S;M;0614;NEP
057540040040-6267;057540040040;100mN32112E42117;S;NA;1;20;D;F;1824;EMP
057540040040-6268;057540040040;100mN32112E42117;MC;NA;2;51;M;M;5064;EMP
057540040040-6268;057540040040;100mN32112E42117;MC;NA;2;52;M;F;5064;NEP
057540040040-6269;057540040040;100mN32112E42117;S;OS;1;88;M;M;75XX;EMP
057540040040-6270;057540040040;100mN32112E42117;NA;NA;3;55;M;F;5064;EMP
057540040040-6270;057540040040;100mN32112E42117;NA;NA;3;82;W;F;75XX;NEP
057540040040-6270;057540040040;100mN32112E42117;NA;NA;3;36;M;M;3039;NEP
057540040040-6271;057540040040;100mN32112E42117;MC;NA;2;25;M;F;2529;NEP
057540040040-6271;057540040040;100mN32112E42117;MC;NA;2;26;M;M;2529;EMP
057540040040-6272;057540040040;100mN32112E42117;MC;MIX;2;67;M;M;6574;EMP
057540040040-6272;057540040040;100mN32112E42117;MC;MIX;2;63;M;F;5064;UEP
057540040040-6273;057540040040;100mN32112E42117;S;NA;1;22;D;M;1824;NEP
057540040040-6274;057540040040;100mN32139E42117;MC;NA;3;62;M;M;5064;EMP
057540040040-6274;057540040040;100mN32139E42117;MC;NA;3;59;M;F;5064;EMP
057540040040-6274;057540040040;100mN32139E42117;MC;NA;3;3;S;F;0305;NEP
057540040040-6275;057540040040;100mN32117E42129;MC;NA;3;26;M;M;2529;EMP
057540040040-6275;057540040040;100mN32117E42129;MC;NA;3;23;M;F;1824;EMP
057540040040-6275;057540040040;100mN32117E42129;MC;NA;3;3;S;F;0305;NEP
057540040040-6276;057540040040;100mN32139E42117;MC;NA;2;21;M;F;1824;EMP
057540040040-6276;057540040040;100mN32139E42117;MC;NA;2;25;M;M;2529;NEP
057540040040-6277;057540040040;100mN32118E42127;S;NA;1;58;M;F;5064;EMP
057540040040-6278;057540040040;100mN32131E42131;PO;NA;3;46;S;F;4049;NEP
057540040040-6278;057540040040;100mN32131E42131;PO;NA;3;40;S;F;4049;NEP
057540040040-6278;057540040040;100mN32131E42131;PO;NA;3;10;S;M;0614;NEP
057540040040-6279;057540040040;100mN32118E42127;S;OS;1;61;S;M;5064;NEP
057540040040-6280;057540040040;100mN32118E42127;MC;OS;2;82;M;F;75XX;EMP
057540040040-6280;057540040040;100mN32118E42127;MC;OS;2;85;M;M;75XX;EMP
057540040040-6281;057540040040;100mN32118E42127;S;NA;1;54;D;M;5064;EMP
057540040040-6282;057540040040;100mN32118E42127;S;NA;1;36;S;M;3039;EMP
057540040040-6283;057540040040;100mN32118E42127;MC;OS;2;70;M;M;6574;EMP
057540040040-6283;057540040040;100mN32118E42127;MC;OS;2;65;M;F;6574;NEP
057540040040-6284;057540040040;100mN32118E42127;S;NA;1;72;D;F;6574;EMP
057540040040-6285;057540040040;100mN32118E42127;S;NA;1;36;W;F;3039;NEP
057540040040-6286;057540040040;100mN32118E42127;SF;NA;2;21;D;F;1824;NEP
057540040040-6286;057540040040;100mN32118E42127;SF;NA;2;6;S;M;0614;NEP
057540040040-6287;057540040040;100mN32118E42127;S;OS;1;37;M;F;3039;NEP
057540040040-6288;057540040040;100mN32117E42132;MC;OS;3;77;M;M;75XX;EMP
057540040040-6288;057540040040;100mN32117E42132;MC;OS;3;73;M;F;6574;NEP
057540040040-6288;057540040040;100mN32117E42132;MC;OS;3;83;S;M;75XX;NEP
057540040040-6289;057540040040;100mN32118E42127;MC;NA;2;34;M;M;3039;NEP
057540040040-6289;057540040040;100mN32118E42127;MC;NA;2;40;M;F;4049;NEP
057540040040-6290;057540040040;100mN32118E42127;S;OS;1;46;S;M;4049;NEP
057540040040-6291;057540040040;100mN32118E42127;S;OS;1;32;S;M;3039;NEP
057540040040-6292;057540040040;100mN32124E42144;MC;NA;2;40;M;F;4049;EMP
057540040040-6292;057540040040;100mN32124E42144;MC;NA;2;41;M;M;4049;NEP
057540040040-6293;057540040040;100mN32112E42085;S;NA;1;20;S;M;1824;EMP
057540040040-6294;057540040040;100mN32131E42132;S;OS;1;63;M;M;5064;EMP
057540040040-6295;057540040040;100mN32112E42085;MC;MIX;3;73;M;F;6574;NEP
057540040040-6295;057540040040;100mN32112E42085;MC;MIX;3;37;M;F;3039;EMP
057540040040-6295;057540040040;100mN32112E42085;MC;MIX;3;34;M;M;3039;EMP
057540040040-6296;057540040040;100mN32112E42121;MC;NA;2;43;M;F;4049;EMP
057540040040-6296;057540040040;100mN32112E42121;MC;NA;2;51;M;M;5064;EMP
057540040040-6297;057540040040;100mN32137E42119;MC;NA;4;63;M;M;5064;NEP
057540040040-6297;057540040040;100mN32137E42119;MC;NA;4;59;M;F;5064;EMP
057540040040-6297;057540040040;100mN32137E42119;MC;NA;4;15;S;F;1517;EMP
057540040040-6297;057540040040;100mN32137E42119;MC;NA;4;8;S;M;0614;NEP
057540040040-6298;057540040040;100mN32124E42113;S;OS;1;60;S;M;5064;NEP
057540040040-6299;057540040040;100mN32137E42119;S;NA;1;46;S;F;4049;EMP
057540040040-6300;057540040040;100mN32137E42119;SF;NA;2;66;D;F;6574;NEP
057540040040-6300;057540040040;100mN32137E42119;SF;NA;2;16;S;F;1517;EMP
057540040040-6301;057540040040;100mN32137E42119;S;NA;1;28;M;M;2529;NEP
057540040040-6302;057540040040;100mN32112E42122;S;NA;1;63;M;M;5064;NEP
057540040040-6303;057540040040;100mN32118E42128;MC;NA;5;56;M;F;5064;NEP
057540040040-6303;057540040040;100mN32118E42128;MC;NA;5;53;M;M;5064;EMP
057540040040-6303;057540040040;100mN32118E42128;MC;NA;5;15;S;M;1517;NEP
057540040040-6303;057540040040;100mN32118E42128;MC;NA;5;33;W;F;3039;EMP
057540040040-6303;057540040040;100mN32118E42128;MC;NA;5;40;M;F;4049;EMP
057540040040-6304;057540040040;100mN32139E42125;S;NA;1;34;S;F;3039;EMP
057540040040-6305;057540040040;100mN32124E42144;SF;NA;4;47;S;F;4049;UEP
057540040040-6305;057540040040;100mN32124E42144;SF;NA;4;2;S;M;0003;NEP
057540040040-6305;057540040040;100mN32124E42144;SF;NA;4;26;S;F;2529;UEP
057540040040-6305;057540040040;100mN32124E42144;SF;NA;4;7;S;M;0614;NEP
057540040040-6306;057540040040;100mN32124E42144;MC;NA;4;56;M;F;5064;EMP
057540040040-6306;057540040040;100mN32124E42144;MC;NA;4;55;M;M;5064;EMP
057540040040-6306;057540040040;100mN32124E42144;MC;NA;4;9;S;F;0614;NEP
057540040040-6306;057540040040;100mN32124E42144;MC;NA;4;7;S;M;0614;NEP
057540040040-6307;057540040040;100mN32100E42073;PO;NA;2;36;S;F;3039;NEP
057540040040-6307;057540040040;100mN32100E42073;PO;NA;2;43;S;F;4049;EMP
057540040040-6308;057540040040;100mN32137E42121;MC;NA;5;44;M;M;4049;EMP
057540040040-6308;057540040040;100mN32137E42121;MC;NA;5;42;M;F;4049;NEP
057540040040-6308;057540040040;100mN32137E42121;MC;NA;5;8;S;F;0614;NEP
057540040040-6308;057540040040;100mN32137E42121;MC;NA;5;3;S;F;0305;NEP
057540040040-6308;057540040040;100mN32137E42121;MC;NA;5;21;S;M;1824;EMP
057540040040-6309;057540040040;100mN32124E42144;S;OS;1;33;M;M;3039;EMP
057540040040-6310;057540040040;100mN32124E42144;MC;NA;2;42;M;F;4049;EMP
057540040040-6310;057540040040;100mN32124E42144;MC;NA;2;42;M;M;4049;NEP
057540040040-6311;057540040040;100mN32124E42144;MC;NA;2;52;M;F;5064;NEP
057540040040-6311;057540040040;100mN32124E42144;MC;NA;2;52;M;M;5064;NEP
057540040040-6312;057540040040;100mN32124E42144;MC;NA;2;28;M;M;2529;EMP
057540040040-6312;057540040040;100mN32124E42144;MC;NA;2;28;M;F;2529;EMP
057540040040-6313;057540040040;100mN32143E42118;MC;NA;4;54;M;M;5064;EMP
057540040040-6313;057540040040;100mN32143E42118;MC;NA;4;38;D;F;3039;EMP
057540040040-6313;057540040040;100mN32143E42118;MC;NA;4;8;S;F;0614;NEP
057540040040-6313;057540040040;100mN32143E42118;MC;NA;4;12;S;M;0614;NEP
057540040040-6314;057540040040;100mN32124E42144;MC;MIX;2;71;M;F;6574;NEP
057540040040-6314;057540040040;100mN32124E42144;MC;MIX;2;57;M;M;5064;EMP
057540040040-6315;057540040040;100mN32124E42144;MC;NA;2;40;M;F;4049;EMP
057540040040-6315;057540040040;100mN32124E42144;MC;NA;2;41;M;M;4049;NEP
057540040040-6316;057540040040;100mN32124E42144;S;NA;1;28;S;F;2529;UEP
057540040040-6317;057540040040;100mN32127E42136;S;OS;1;41;S;F;4049;NEP
057540040040-6318;057540040040;100mN32124E42144;MC;NA;2;26;M;M;2529;EMP
057540040040-6318;057540040040;100mN32124E42144;MC;NA;2;18;M;F;1824;NEP
057540040040-6319;057540040040;100mN32124E42144;SF;NA;3;26;S;F;2529;NEP
057540040040-6319;057540040040;100mN32124E42144;SF;NA;3;0;S;M;0003;NEP
057540040040-6319;057540040040;100mN32124E42144;SF;NA;3;11;S;F;0614;NEP
057540040040-6320;057540040040;100mN32124E42144;MC;NA;3;21;M;F;1824;EMP
057540040040-6320;057540040040;100mN32124E42144;MC;NA;3;20;M;M;1824;EMP
057540040040-6320;057540040040;100mN32124E42144;MC;NA;3;3;S;F;0305;NEP
057540040040-6321;057540040040;100mN32124E42144;MC;OS;6;73;M;F;6574;EMP
057540040040-6321;057540040040;100mN32124E42144;MC;OS;6;82;M;M;75XX;EMP
057540040040-6321;057540040040;100mN32124E42144;MC;OS;6;69;D;F;6574;NEP
057540040040-6321;057540040040;100mN32124E42144;MC;OS;6;70;D;F;6574;NEP
057540040040-6321;057540040040;100mN32124E42144;MC;OS;6;70;M;F;6574;UEP
057540040040-6321;057540040040;100mN32124E42144;MC;OS;6;73;M;M;6574;NEP
057540040040-6322;057540040040;100mN32124E42144;SF;NA;5;52;D;F;5064;NEP
057540040040-6322;057540040040;100mN32124E42144;SF;NA;5;16;S;F;1517;EMP
057540040040-6322;057540040040;100mN32124E42144;SF;NA;5;19;W;F;1824;EMP
057540040040-6322;057540040040;100mN32124E42144;SF;NA;5;2;S;M;0003;NEP
057540040040-6322;057540040040;100mN32124E42144;SF;NA;5;4;S;F;0305;NEP
057540040040-6323;057540040040;100mN32124E42144;S;OS;1;41;S;M;4049;NEP
057540040040-6324;057540040040;100mN32124E42144;S;NA;1;35;S;F;3039;NEP
057540040040-6325;057540040040;100mN32124E42144;MC;OS;2;82;M;F;75XX;EMP
057540040040-6325;057540040040;100mN32124E42144;MC;OS;2;84;M;M;75XX;EMP
057540040040-6326;057540040040;100mN32124E42144;PO;OS;3;72;S;F;6574;NEP
057540040040-6326;057540040040;100mN32124E42144;PO;OS;3;80;S;M;75XX;EMP
057540040040-6326;057540040040;100mN32124E42144;PO;OS;3;69;S;F;6574;NEP
057540040040-6327;057540040040;100mN32131E42134;MC;MIX;3;70;S;F;6574;EMP
057540040040-6327;057540040040;100mN32131E42134;MC;MIX;3;41;M;M;4049;EMP
057540040040-6327;057540040040;100mN32131E42134;MC;MIX;3;41;M;F;4049;EMP
057540040040-6328;057540040040;100mN32124E42141;MC;OS;2;65;M;F;6574;EMP
057540040040-6328;057540040040;100mN32124E42141;MC;OS;2;67;M;M;6574;NEP
057540040040-6329;057540040040;100mN32118E42121;S;OS;1;54;D;M;5064;NEP
057540040040-6330;057540040040;100mN32124E42141;S;OS;1;48;M;M;4049;NEP
057540040040-6331;057540040040;100mN32124E42141;MC;OS;2;71;M;M;6574;EMP
057540040040-6331;057540040040;100mN32124E42141;MC;OS;2;72;M;F;6574;NEP
057540040040-6332;057540040040;100mN32140E42122;MC;NA;4;40;M;F;4049;EMP
057540040040-6332;057540040040;100mN32140E42122;MC;NA;4;40;M;M;4049;EMP
057540040040-6332;057540040040;100mN32140E42122;MC;NA;4;6;S;F;0614;NEP
057540040040-6332;057540040040;100mN32140E42122;MC;NA;4;23;M;M;1824;NEP
057540040040-6333;057540040040;100mN32124E42141;MC;NA;2;26;M;M;2529;EMP
057540040040-6333;057540040040;100mN32124E42141;MC;NA;2;18;M;F;1824;NEP
057540040040-6334;057540040040;100mN32124E42141;S;OS;1;52;S;M;5064;EMP
057540040040-6335;057540040040;100mN32124E42141;S;NA;1;32;M;F;3039;EMP
057540040040-6336;057540040040;100mN32124E42141;S;OS;1;66;M;M;6574;NEP
057540040040-6337;057540040040;100mN32124E42141;MC;NA;3;62;M;M;5064;NEP
057540040040-6337;057540040040;100mN32124E42141;MC;NA;3;58;M;F;5064;EMP
057540040040-6337;057540040040;100mN32124E42141;MC;NA;3;3;S;M;0305;NEP
057540040040-6338;057540040040;100mN32116E42117;PO;OS;2;77;S;F;75XX;NEP
057540040040-6338;057540040040;100mN32116E42117;PO;OS;2;77;S;M;75XX;NEP
057540040040-6339;057540040040;100mN32124E42141;MC;NA;2;48;M;F;4049;EMP
057540040040-6339;057540040040;100mN32124E42141;MC;NA;2;50;M;M;5064;EMP
057540040040-6340;057540040040;100mN32124E42141;MC;NA;2;48;M;F;4049;UEP
057540040040-6340;057540040040;100mN32124E42141;MC;NA;2;45;M;M;4049;EMP
057540040040-6341;057540040040;100mN32124E42141;MC;OS;2;72;M;F;6574;NEP
057540040040-6341;057540040040;100mN32124E42141;MC;OS;2;88;M;M;75XX;NEP
057540040040-6342;057540040040;100mN32124E42141;PO;NA;5;56;S;M;5064;NEP
057540040040-6342;057540040040;100mN32124E42141;PO;NA;5;18;S;F;1824;NEP
057540040040-6342;057540040040;100mN32124E42141;PO;NA;5;6;S;F;0614;NEP
057540040040-6342;057540040040;100mN32124E42141;PO;NA;5;11;S;F;0614;NEP
057540040040-6342;057540040040;100mN32124E42141;PO;NA;5;38;W;F;3039;NEP
057540040040-6343;057540040040;100mN32124E42141;S;NA;1;85;M;M;75XX;EMP
057540040040-6344;057540040040;100mN32124E42141;SF;MIX;3;80;M;F;75XX;EMP
057540040040-6344;057540040040;100mN32124E42141;SF;MIX;3;43;S;F;4049;EMP
057540040040-6344;057540040040;100mN32124E42141;SF;MIX;3;3;S;F;0305;NEP
057540040040-6345;057540040040;100mN32124E42141;S;NA;1;87;S;F;75XX;NEP
057540040040-6346;057540040040;100mN32124E42141;MC;NA;4;36;M;M;3039;EMP
057540040040-6346;057540040040;100mN32124E42141;MC;NA;4;35;M;F;3039;EMP
057540040040-6346;057540040040;100mN32124E42141;MC;NA;4;2;S;M;0003;NEP
057540040040-6346;057540040040;100mN32124E42141;MC;NA;4;6;S;F;0614;NEP
057540040040-6347;057540040040;100mN32124E42141;SF;NA;4;61;D;F;5064;EMP
057540040040-6347;057540040040;100mN32124E42141;SF;NA;4;3;S;F;0305;NEP
057540040040-6347;057540040040;100mN32124E42141;SF;NA;4;1;S;F;0003;NEP
057540040040-6347;057540040040;100mN32124E42141;SF;NA;4;13;S;M;0614;NEP
057540040040-6348;057540040040;100mN32124E42141;SF;NA;4;16;S;F;1517;EMP
057540040040-6348;057540040040;100mN32124E42141;SF;NA;4;0;S;F;0003;NEP
057540040040-6348;057540040040;100mN32124E42141;SF;NA;4;0;S;M;0003;NEP
057540040040-6348;057540040040;100mN32124E42141;SF;NA;4;1;S;F;0003;NEP
057540040040-6349;057540040040;100mN32117E42129;MC;NA;2;44;M;F;4049;EMP
057540040040-6349;057540040040;100mN32117E42129;MC;NA;2;46;M;M;4049;NEP
057540040040-6350;057540040040;100mN32124E42141;S;NA;1;37;S;M;3039;EMP
057540040040-6351;057540040040;100mN32111E42122;S;NA;1;58;D;M;5064;EMP
057540040040-6352;057540040040;100mN32124E42141;MC;OS;2;67;M;F;6574;EMP
057540040040-6352;057540040040;100mN32124E42141;MC;OS;2;89;M;M;75XX;EMP
057540040040-6353;057540040040;100mN32124E42141;SF;NA;4;42;W;F;4049;EMP
057540040040-6353;057540040040;100mN32124E42141;SF;NA;4;12;S;M;0614;NEP
057540040040-6353;057540040040;100mN32124E42141;SF;NA;4;6;S;M;0614;NEP
057540040040-6353;057540040040;100mN32124E42141;SF;NA;4;16;S;M;1517;EMP
057540040040-6354;057540040040;100mN32124E42141;S;OS;1;63;M;M;5064;EMP
057540040040-6355;057540040040;100mN32124E42141;S;OS;1;61;M;M;5064;EMP
057540040040-6356;057540040040;100mN32132E42132;SF;NA;3;40;W;F;4049;EMP
057540040040-6356;057540040040;100mN32132E42132;SF;NA;3;15;S;M;1517;NEP
057540040040-6356;057540040040;100mN32132E42132;SF;NA;3;16;S;F;1517;NEP
057540040040-6357;057540040040;100mN32124E42147;S;NA;1;45;W;F;4049;NEP
057540040040-6358;057540040040;100mN32124E42147;S;NA;1;71;M;M;6574;EMP
057540040040-6359;057540040040;100mN32124E42147;SF;NA;2;35;S;F;3039;NEP
057540040040-6359;057540040040;100mN32124E42147;SF;NA;2;9;S;M;0614;NEP
057540040040-6360;057540040040;100mN32124E42147;MC;NA;2;31;M;F;3039;NEP
057540040040-6360;057540040040;100mN32124E42147;MC;NA;2;33;M;M;3039;EMP
057540040040-6361;057540040040;100mN32124E42147;MC;MIX;2;75;M;M;75XX;EMP
057540040040-6361;057540040040;100mN32124E42147;MC;MIX;2;50;S;M;5064;EMP
057540040040-6362;057540040040;100mN32124E42147;MC;NA;2;43;M;F;4049;UEP
057540040040-6362;057540040040;100mN32124E42147;MC;NA;2;45;M;M;4049;EMP
057540040040-6363;057540040040;100mN32124E42147;MC;NA;3;31;M;F;3039;EMP
057540040040-6363;057540040040;100mN32124E42147;MC;NA;3;28;M;M;2529;NEP
057540040040-6363;057540040040;100mN32124E42147;MC;NA;3;16;S;F;1517;NEP
057540040040-6364;057540040040;100mN32117E42112;S;NA;1;40;S;F;4049;EMP
057540040040-6365;057540040040;100mN32124E42147;MC;OS;3;87;M;F;75XX;NEP
057540040040-6365;057540040040;100mN32124E42147;MC;OS;3;7;S;F;0614;NEP
057540040040-6365;057540040040;100mN32124E42147;MC;OS;3;75;D;M;75XX;EMP
057540040040-6366;057540040040;100mN32124E42147;MC;MIX;2;72;M;M;6574;EMP
057540040040-6366;057540040040;100mN32124E42147;MC;MIX;2;63;M;F;5064;NEP
057540040040-6367;057540040040;100mN32116E42124;PO;NA;2;47;S;M;4049;EMP
057540040040-6367;057540040040;100mN32116E42124;PO;NA;2;41;S;F;4049;EMP
057540040040-6368;057540040040;100mN32124E42147;MC;NA;3;20;M;F;1824;NEP
057540040040-6368;057540040040;100mN32124E42147;MC;NA;3;18;M;M;1824;NEP
057540040040-6368;057540040040;100mN32124E42147;MC;NA;3;4;S;F;0305;NEP
057540040040-6369;057540040040;100mN32124E42147;MC;OS;2;65;M;M;6574;EMP
057540040040-6369;057540040040;100mN32124E42147;MC;OS;2;85;M;F;75XX;NEP
057540040040-6370;057540040040;100mN32118E42128;MC;MIX;3;71;W;M;6574;NEP
057540040040-6370;057540040040;100mN32118E42128;MC;MIX;3;22;M;F;1824;EMP
057540040040-6370;057540040040;100mN32118E42128;MC;MIX;3;31;M;M;3039;EMP
057540040040-6371;057540040040;100mN32124E42147;MC;NA;2;30;M;M;3039;EMP
057540040040-6371;057540040040;100mN32124E42147;MC;NA;2;21;M;F;1824;NEP
057540040040-6372;057540040040;100mN32117E42125;MC;NA;3;63;M;F;5064;NEP
057540040040-6372;057540040040;100mN32117E42125;MC;NA;3;16;S;F;1517;NEP
057540040040-6372;057540040040;100mN32117E42125;MC;NA;3;15;S;F;1517;EMP
057540040040-6373;057540040040;100mN32124E42147;MC;NA;2;45;M;F;4049;EMP
057540040040-6373;057540040040;100mN32124E42147;MC;NA;2;53;M;M;5064;NEP
057540040040-6374;057540040040;100mN32125E42145;S;OS;1;53;S;F;5064;NEP
057540040040-6375;057540040040;100mN32131E42134;MC;NA;2;50;M;F;5064;NEP
057540040040-6375;057540040040;100mN32131E42134;MC;NA;2;55;M;M;5064;EMP
057540040040-6376;057540040040;100mN32125E42145;MC;OS;3;83;M;F;75XX;EMP
057540040040-6376;057540040040;100mN32125E42145;MC;OS;3;87;M;M;75XX;NEP
057540040040-6376;057540040040;100mN32125E42145;MC;OS;3;80;D;M;75XX;EMP
057540040040-6377;057540040040;100mN32125E42145;MC;NA;2;40;M;F;4049;EMP
057540040040-6377;057540040040;100mN32125E42145;MC;NA;2;40;M;M;4049;EMP
057540040040-6378;057540040040;100mN32141E42118;S;NA;1;72;M;M;6574;EMP
057540040040-6379;057540040040;100mN32115E42110;MC;NA;2;45;M;F;4049;EMP
057540040040-6379;057540040040;100mN32115E42110;MC;NA;2;46;M;M;4049;EMP
057540040040-6380;057540040040;100mN32125E42145;MC;NA;2;43;M;M;4049;EMP
057540040040-6380;057540040040;100mN32125E42145;MC;NA;2;40;M;F;4049;UEP
057540040040-6381;057540040040;100mN32126E42145;S;NA;1;84;M;F;75XX;UEP
057540040040-6382;057540040040;100mN32125E42145;S;NA;1;84;M;M;75XX;EMP
057540040040-6383;057540040040;100mN32118E42125;S;NA;1;55;W;F;5064;NEP
057540040040-6384;057540040040;100mN32127E42140;S;NA;1;55;S;F;5064;NEP
057540040040-6385;057540040040;100mN32125E42145;MC;NA;4;56;M;F;5064;EMP
057540040040-6385;057540040040;100mN32125E42145;MC;NA;4;59;M;M;5064;EMP
057540040040-6385;057540040040;100mN32125E42145;MC;NA;4;3;S;M;0305;NEP
057540040040-6385;057540040040;100mN32125E42145;MC;NA;4;0;S;M;0003;NEP
057540040040-6386;057540040040;100mN32125E42145;S;NA;1;23;M;M;1824;EMP
057540040040-6387;057540040040;100mN32125E42145;MC;NA;3;61;M;M;5064;NEP
057540040040-6387;057540040040;100mN32125E42145;MC;NA;3;59;M;F;5064;NEP
057540040040-6387;057540040040;100mN32125E42145;MC;NA;3;10;S;M;0614;NEP
057540040040-6388;057540040040;100mN32107E42070;S;OS;1;33;M;M;3039;EMP
057540040040-6389;057540040040;100mN32107E42070;S;NA;1;66;D;F;6574;NEP
057540040040-6390;057540040040;100mN32107E42070;MC;NA;4;25;M;F;2529;EMP
057540040040-6390;057540040040;100mN32107E42070;MC;NA;4;31;M;M;3039;NEP
057540040040-6390;057540040040;100mN32107E42070;MC;NA;4;8;S;F;0614;NEP
057540040040-6390;057540040040;100mN32107E42070;MC;NA;4;4;S;M;0305;NEP
057540040040-6391;057540040040;100mN32107E42070;MC;NA;3;43;M;F;4049;EMP
057540040040-6391;057540040040;100mN32107E42070;MC;NA;3;44;M;M;4049;EMP
057540040040-6391;057540040040;100mN32107E42070;MC;NA;3;2;S;M;0003;NEP
057540040040-6392;057540040040;100mN32147E42123;MC;NA;3;50;M;F;5064;UEP
057540040040-6392;057540040040;100mN32147E42123;MC;NA;3;63;M;M;5064;EMP
057540040040-6392;057540040040;100mN32147E42123;MC;NA;3;15;S;M;1517;EMP
057540040040-6393;057540040040;100mN32147E42123;MC;MIX;3;83;M;F;75XX;EMP
057540040040-6393;057540040040;100mN32147E42123;MC;MIX;3;61;M;F;5064;EMP
057540040040-6393;057540040040;100mN32147E42123;MC;MIX;3;63;M;M;5064;NEP
057540040040-6394;057540040040;100mN32131E42135;MC;NA;3;53;M;F;5064;NEP
057540040040-6394;057540040040;100mN32131E42135;MC;NA;3;55;M;M;5064;EMP
057540040040-6394;057540040040;100mN32131E42135;MC;NA;3;4;S;M;0305;NEP
057540040040-6395;057540040040;100mN32131E42133;MC;NA;4;47;M;M;4049;EMP
057540040040-6395;057540040040;100mN32131E42133;MC;NA;4;41;M;F;4049;NEP
057540040040-6395;057540040040;100mN32131E42133;MC;NA;4;30;M;M;3039;EMP
057540040040-6395;057540040040;100mN32131E42133;MC;NA;4;18;M;F;1824;NEP
057540040040-6396;057540040040;100mN32124E42138;S;NA;1;42;M;M;4049;EMP
057540040040-6397;057540040040;100mN32124E42138;MC;NA;2;34;M;F;3039;EMP
057540040040-6397;057540040040;100mN32124E42138;MC;NA;2;40;M;M;4049;NEP
057540040040-6398;057540040040;100mN32125E42137;MC;OS;2;81;M;M;75XX;EMP
057540040040-6398;057540040040;100mN32125E42137;MC;OS;2;78;M;F;75XX;UEP
057540040040-6399;057540040040;100mN32125E42137;MC;OS;4;75;M;F;75XX;NEP
057540040040-6399;057540040040;100mN32125E42137;MC;OS;4;75;M;M;75XX;EMP
057540040040-6399;057540040040;100mN32125E42137;MC;OS;4;68;M;F;6574;NEP
057540040040-6399;057540040040;100mN32125E42137;MC;OS;4;65;D;F;6574;EMP
057540040040-6400;057540040040;100mN32127E42140;MC;NA;5;42;M;M;4049;EMP
057540040040-6400;057540040040;100mN32127E42140;MC;NA;5;40;M;F;4049;EMP
057540040040-6400;057540040040;100mN32127E42140;MC;NA;5;16;S;M;1517;EMP
057540040040-6400;057540040040;100mN32127E42140;MC;NA;5;15;S;F;1517;EMP
057540040040-6400;057540040040;100mN32127E42140;MC;NA;5;6;S;M;0614;NEP
057540040040-6401;057540040040;100mN32089E42073;MC;NA;3;50;M;F;5064;NEP
057540040040-6401;057540040040;100mN32089E42073;MC;NA;3;54;M;M;5064;EMP
057540040040-6401;057540040040;100mN32089E42073;MC;NA;3;18;M;F;1824;UEP
057540040040-6402;057540040040;100mN32135E42126;MC;NA;6;45;M;F;4049;EMP
057540040040-6402;057540040040;100mN32135E42126;MC;NA;6;46;M;M;4049;NEP
057540040040-6402;057540040040;100mN32135E42126;MC;NA;6;15;S;F;1517;EMP
057540040040-6402;057540040040;100mN32135E42126;MC;NA;6;15;S;F;1517;NEP
057540040040-6402;057540040040;100mN32135E42126;MC;NA;6;11;S;F;0614;NEP
057540040040-6402;057540040040;100mN32135E42126;MC;NA;6;20;M;F;1824;EMP
057540040040-6403;057540040040;100mN32118E42121;MC;MIX;2;68;M;F;6574;NEP
057540040040-6403;057540040040;100mN32118E42121;MC;MIX;2;46;D;F;4049;NEP
057540040040-6404;057540040040;100mN32130E42137;MC;NA;2;46;M;F;4049;NEP
057540040040-6404;057540040040;100mN32130E42137;MC;NA;2;48;M;M;4049;NEP
057540040040-6405;057540040040;100mN32118E42129;S;NA;1;47;S;F;4049;NEP
057540040040-6406;057540040040;100mN32124E42142;MC;NA;2;44;M;M;4049;NEP
057540040040-6406;057540040040;100mN32124E42142;MC;NA;2;44;M;F;4049;NEP
057540040040-6407;057540040040;100mN32089E42066;SF;NA;2;89;S;F;75XX;NEP
057540040040-6407;057540040040;100mN32089E42066;SF;NA;2;16;S;F;1517;EMP
057540040040-6408;057540040040;100mN32101E42085;S;OS;1;20;S;M;1824;EMP
057540040040-6409;057540040040;100mN32089E42066;MC;NA;2;33;M;F;3039;EMP
057540040040-6409;057540040040;100mN32089E42066;MC;NA;2;37;M;M;3039;EMP
057540040040-6410;057540040040;100mN32089E42066;MC;NA;2;44;M;F;4049;EMP
057540040040-6410;057540040040;100mN32089E42066;MC;NA;2;51;M;M;5064;NEP
057540040040-6411;057540040040;100mN32123E42141;MC;NA;2;51;M;F;5064;NEP
057540040040-6411;057540040040;100mN32123E42141;MC;NA;2;53;M;M;5064;EMP
057540040040-6412;057540040040;100mN32123E42141;MC;NA;2;47;M;M;4049;NEP
057540040040-6412;057540040040;100mN32123E42141;MC;NA;2;48;M;F;4049;EMP
057540040040-6413;057540040040;100mN32123E42141;S;OS;1;47;S;F;4049;EMP
057540040040-6414;057540040040;100mN32102E42073;S;OS;1;34;M;M;3039;NEP
057540040040-6415;057540040040;100mN32102E42073;NA;OS;3;33;W;M;3039;EMP
057540040040-6415;057540040040;100mN32102E42073;NA;OS;3;20;S;F;1824;EMP
057540040040-6415;057540040040;100mN32102E42073;NA;OS;3;26;M;F;2529;NEP
057540040040-6416;057540040040;100mN32102E42073;MC;NA;2;61;M;M;5064;EMP
057540040040-6416;057540040040;100mN32102E42073;MC;NA;2;57;M;F;5064;NEP
057540040040-6417;057540040040;100mN32107E42073;PO;OS;3;80;S;F;75XX;NEP
057540040040-6417;057540040040;100mN32107E42073;PO;OS;3;86;S;F;75XX;EMP
057540040040-6417;057540040040;100mN32107E42073;PO;OS;3;78;M;F;75XX;UEP
057540040040-6418;057540040040;100mN32118E42132;S;NA;1;20;D;M;1824;EMP
057540040040-6419;057540040040;100mN32102E42073;MC;NA;2;33;M;F;3039;UEP
057540040040-6419;057540040040;100mN32102E42073;MC;NA;2;35;M;M;3039;NEP
057540040040-6420;057540040040;100mN32102E42073;MC;NA;3;42;M;F;4049;NEP
057540040040-6420;057540040040;100mN32102E42073;MC;NA;3;42;M;M;4049;NEP
057540040040-6420;057540040040;100mN32102E42073;MC;NA;3;21;M;M;1824;EMP
057540040040-6421;057540040040;100mN32102E42073;S;NA;1;30;M;M;3039;EMP
057540040040-6422;057540040040;100mN32102E42073;MC;NA;2;42;M;M;4049;EMP
057540040040-6422;057540040040;100mN32102E42073;MC;NA;2;34;M;F;3039;NEP
057540040040-6423;057540040040;100mN32102E42073;S;OS;1;53;S;M;5064;NEP
057540040040-6424;057540040040;100mN32102E42073;MC;NA;4;19;M;M;1824;EMP
057540040040-6424;057540040040;100mN32102E42073;MC;NA;4;18;M;F;1824;NEP
057540040040-6424;057540040040;100mN32102E42073;MC;NA;4;3;S;F;0305;NEP
057540040040-6424;057540040040;100mN32102E42073;MC;NA;4;3;S;M;0305;NEP
057540040040-6425;057540040040;100mN32102E42073;S;NA;1;56;M;M;5064;EMP
057540040040-6426;057540040040;100mN32102E42073;MC;NA;2;22;M;F;1824;EMP
057540040040-6426;057540040040;100mN32102E42073;MC;NA;2;23;M;M;1824;EMP
057540040040-6427;057540040040;100mN32102E42073;MC;OS;2;69;M;F;6574;NEP
057540040040-6427;057540040040;100mN32102E42073;MC;OS;2;71;M;M;6574;NEP
057540040040-6428;057540040040;100mN32116E42131;MC;OS;2;71;M;M;6574;NEP
057540040040-6428;057540040040;100mN32116E42131;MC;OS;2;66;M;F;6574;EMP
057540040040-6429;057540040040;100mN32116E42131;S;OS;1;63;M;M;5064;EMP
057540040040-6430;057540040040;100mN32116E42131;MC;NA;2;40;M;M;4049;NEP
057540040040-6430;057540040040;100mN32116E42131;MC;NA;2;32;M;F;3039;EMP
057540040040-6431;057540040040;100mN32116E42131;MC;NA;3;22;M;M;1824;EMP
057540040040-6431;057540040040;100mN32116E42131;MC;NA;3;18;M;F;1824;EMP
057540040040-6431;057540040040;100mN32116E42131;MC;NA;3;7;S;M;0614;NEP
057540040040-6432;057540040040;100mN32116E42131;MC;NA;4;33;M;F;3039;EMP
057540040040-6432;057540040040;100mN32116E42131;MC;NA;4;28;M;M;2529;EMP
057540040040-6432;057540040040;100mN32116E42131;MC;NA;4;2;S;M;0003;NEP
057540040040-6432;057540040040;100mN32116E42131;MC;NA;4;15;S;M;1517;NEP
057540040040-6433;057540040040;100mN32116E42131;PO;NA;2;36;S;M;3039;EMP
057540040040-6433;057540040040;100mN32116E42131;PO;NA;2;34;S;M;3039;EMP
057540040040-6434;057540040040;100mN32116E42131;PO;NA;2;40;S;M;4049;EMP
057540040040-6434;057540040040;100mN32116E42131;PO;NA;2;18;S;M;1824;EMP
057540040040-6435;057540040040;100mN32116E42131;SF;MIX;2;87;W;F;75XX;NEP
057540040040-6435;057540040040;100mN32116E42131;SF;MIX;2;15;S;M;1517;NEP
057540040040-6436;057540040040;100mN32116E42131;MC;MIX;5;73;M;M;6574;EMP
057540040040-6436;057540040040;100mN32116E42131;MC;MIX;5;59;M;F;5064;EMP
057540040040-6436;057540040040;100mN32116E42131;MC;MIX;5;54;M;M;5064;EMP
057540040040-6436;057540040040;100mN32116E42131;MC;MIX;5;11;S;F;0614;NEP
057540040040-6436;057540040040;100mN32116E42131;MC;MIX;5;15;S;F;1517;NEP
057540040040-6437;057540040040;100mN32116E42131;SF;NA;2;51;S;F;5064;EMP
057540040040-6437;057540040040;100mN32116E42131;SF;NA;2;27;M;F;2529;NEP
057540040040-6438;057540040040;100mN32112E42121;S;OS;1;48;M;M;4049;NEP
057540040040-6439;057540040040;100mN32112E42121;MC;OS;2;67;M;F;6574;UEP
057540040040-6439;057540040040;100mN32112E42121;MC;OS;2;73;M;M;6574;EMP
057540040040-6440;057540040040;100mN32112E42121;PO;NA;3;44;S;M;4049;EMP
057540040040-6440;057540040040;100mN32112E42121;PO;NA;3;41;S;M;4049;NEP
057540040040-6440;057540040040;100mN32112E42121;PO;NA;3;12;S;M;0614;NEP
057540040040-6441;057540040040;100mN32112E42121;S;OS;1;43;M;M;4049;NEP
057540040040-6442;057540040040;100mN32112E42121;S;NA;1;54;W;F;5064;EMP
057540040040-6443;057540040040;100mN32112E42121;S;NA;1;84;M;M;75XX;NEP
057540040040-6444;057540040040;100mN32127E42143;MC;NA;2;56;M;F;5064;EMP
057540040040-6444;057540040040;100mN32127E42143;MC;NA;2;50;M;M;5064;NEP
057540040040-6445;057540040040;100mN32112E42121;MC;NA;3;48;M;M;4049;EMP
057540040040-6445;057540040040;100mN32112E42121;MC;NA;3;46;M;F;4049;NEP
057540040040-6445;057540040040;100mN32112E42121;MC;NA;3;16;S;M;1517;EMP
057540040040-6446;057540040040;100mN32112E42121;S;OS;1;82;M;F;75XX;EMP
057540040040-6447;057540040040;100mN32112E42121;SF;NA;4;31;S;F;3039;EMP
057540040040-6447;057540040040;100mN32112E42121;SF;NA;4;10;S;F;0614;NEP
057540040040-6447;057540040040;100mN32112E42121;SF;NA;4;3;S;F;0305;NEP
057540040040-6447;057540040040;100mN32112E42121;SF;NA;4;15;S;F;1517;EMP
057540040040-6448;057540040040;100mN32117E42123;MC;NA;4;60;M;F;5064;NEP
057540040040-6448;057540040040;100mN32117E42123;MC;NA;4;40;W;M;4049;EMP
057540040040-6448;057540040040;100mN32117E42123;MC;NA;4;11;S;M;0614;NEP
057540040040-6448;057540040040;100mN32117E42123;MC;NA;4;3;S;F;0305;NEP
057540040040-6449;057540040040;100mN32136E42131;S;NA;1;62;W;M;5064;NEP
057540040040-6450;057540040040;100mN32112E42121;MC;NA;3;58;M;M;5064;EMP
057540040040-6450;057540040040;100mN32112E42121;MC;NA;3;59;M;F;5064;NEP
057540040040-6450;057540040040;100mN32112E42121;MC;NA;3;10;S;F;0614;NEP
057540040040-6451;057540040040;100mN32112E42121;MC;NA;6;58;M;M;5064;NEP
057540040040-6451;057540040040;100mN32112E42121;MC;NA;6;58;M;F;5064;EMP
057540040040-6451;057540040040;100mN32112E42121;MC;NA;6;12;S;F;0614;NEP
057540040040-6451;057540040040;100mN32112E42121;MC;NA;6;16;S;F;1517;EMP
057540040040-6451;057540040040;100mN32112E42121;MC;NA;6;16;S;M;1517;EMP
057540040040-6451;057540040040;100mN32112E42121;MC;NA;6;11;S;M;0614;NEP
057540040040-6452;057540040040;100mN32112E42121;MC;OS;3;68;M;M;6574;EMP
057540040040-6452;057540040040;100mN32112E42121;MC;OS;3;66;M;F;6574;EMP
057540040040-6452;057540040040;100mN32112E42121;MC;OS;3;67;M;M;6574;EMP
057540040040-6453;057540040040;100mN32112E42121;MC;NA;2;35;M;M;3039;EMP
057540040040-6453;057540040040;100mN32112E42121;MC;NA;2;32;M;F;3039;NEP
057540040040-6454;057540040040;100mN32112E42121;S;NA;1;41;M;F;4049;NEP
057540040040-6455;057540040040;100mN32125E42116;S;NA;1;45;S;M;4049;EMP
057540040040-6456;057540040040;100mN32112E42121;SF;NA;5;52;D;F;5064;NEP
057540040040-6456;057540040040;100mN32112E42121;SF;NA;5;2;S;M;0003;NEP
057540040040-6456;057540040040;100mN32112E42121;SF;NA;5;15;S;F;1517;EMP
057540040040-6456;057540040040;100mN32112E42121;SF;NA;5;11;S;F;0614;NEP
057540040040-6456;057540040040;100mN32112E42121;SF;NA;5;26;S;F;2529;EMP
057540040040-6457;057540040040;100mN32112E42121;SF;NA;3;73;S;F;6574;EMP
057540040040-6457;057540040040;100mN32112E42121;SF;NA;3;11;S;M;0614;NEP
057540040040-6457;057540040040;100mN32112E42121;SF;NA;3;11;S;M;0614;NEP
057540040040-6458;057540040040;100mN32117E42123;MC;NA;4;60;M;F;5064;NEP
057540040040-6458;057540040040;100mN32117E42123;MC;NA;4;40;W;M;4049;EMP
057540040040-6458;057540040040;100mN32117E42123;MC;NA;4;11;S;M;0614;NEP
057540040040-6458;057540040040;100mN32117E42123;MC;NA;4;3;S;F;0305;NEP
057540040040-6459;057540040040;100mN32112E42123;S;NA;1;16;S;M;1517;EMP
057540040040-6460;057540040040;100mN32112E42121;MC;NA;2;56;M;F;5064;NEP
057540040040-6460;057540040040;100mN32112E42121;MC;NA;2;53;M;M;5064;EMP
057540040040-6461;057540040040;100mN32124E42139;MC;NA;4;46;M;F;4049;EMP
057540040040-6461;057540040040;100mN32124E42139;MC;NA;4;48;M;M;4049;EMP
057540040040-6461;057540040040;100mN32124E42139;MC;NA;4;15;S;M;1517;NEP
057540040040-6461;057540040040;100mN32124E42139;MC;NA;4;8;S;M;0614;NEP
057540040040-6462;057540040040;100mN32112E42121;MC;NA;4;44;M;F;4049;NEP
057540040040-6462;057540040040;100mN32112E42121;MC;NA;4;52;M;M;5064;EMP
057540040040-6462;057540040040;100mN32112E42121;MC;NA;4;23;W;M;1824;EMP
057540040040-6462;057540040040;100mN32112E42121;MC;NA;4;15;S;M;1517;EMP
057540040040-6463;057540040040;100mN32112E42121;S;NA;1;52;S;M;5064;NEP
057540040040-6464;057540040040;100mN32112E42121;MC;NA;2;43;M;F;4049;EMP
057540040040-6464;057540040040;100mN32112E42121;MC;NA;2;51;M;M;5064;EMP
057540040040-6465;057540040040;100mN32112E42121;PO;NA;4;31;S;M;3039;NEP
057540040040-6465;057540040040;100mN32112E42121;PO;NA;4;28;S;M;2529;EMP
057540040040-6465;057540040040;100mN32112E42121;PO;NA;4;4;S;M;0305;NEP
057540040040-6465;057540040040;100mN32112E42121;PO;NA;4;1;S;M;0003;NEP
057540040040-6466;057540040040;100mN32112E42121;MC;NA;2;45;M;M;4049;EMP
057540040040-6466;057540040040;100mN32112E42121;MC;NA;2;43;M;F;4049;UEP
057540040040-6467;057540040040;100mN32112E42121;PO;MIX;2;66;S;F;6574;EMP
057540040040-6467;057540040040;100mN32112E42121;PO;MIX;2;44;M;M;4049;NEP
057540040040-6468;057540040040;100mN32112E42121;MC;MIX;2;72;M;F;6574;NEP
057540040040-6468;057540040040;100mN32112E42121;MC;MIX;2;50;M;M;5064;EMP
057540040040-6469;057540040040;100mN32123E42120;SM;NA;3;85;S;M;75XX;NEP
057540040040-6469;057540040040;100mN32123E42120;SM;NA;3;15;S;F;1517;EMP
057540040040-6469;057540040040;100mN32123E42120;SM;NA;3;4;S;F;0305;NEP
057540040040-6470;057540040040;100mN32117E42123;MC;OS;5;72;M;M;6574;NEP
057540040040-6470;057540040040;100mN32117E42123;MC;OS;5;66;M;F;6574;UEP
057540040040-6470;057540040040;100mN32117E42123;MC;OS;5;67;S;M;6574;EMP
057540040040-6470;057540040040;100mN32117E42123;MC;OS;5;71;D;F;6574;EMP
057540040040-6470;057540040040;100mN32117E42123;MC;OS;5;66;M;F;6574;NEP
057540040040-6471;057540040040;100mN32136E42120;SM;NA;4;65;S;M;6574;EMP
057540040040-6471;057540040040;100mN32136E42120;SM;NA;4;40;S;M;4049;NEP
057540040040-6471;057540040040;100mN32136E42120;SM;NA;4;45;S;M;4049;NEP
057540040040-6471;057540040040;100mN32136E42120;SM;NA;4;11;S;M;0614;NEP
057540040040-6472;057540040040;100mN32123E42137;S;NA;1;59;M;M;5064;EMP
057540040040-6473;057540040040;100mN32112E42118;PO;NA;4;46;S;M;4049;NEP
057540040040-6473;057540040040;100mN32112E42118;PO;NA;4;45;S;F;4049;EMP
057540040040-6473;057540040040;100mN32112E42118;PO;NA;4;2;S;M;0003;NEP
057540040040-6473;057540040040;100mN32112E42118;PO;NA;4;18;M;F;1824;EMP
057540040040-6474;057540040040;100mN32123E42137;PO;OS;3;67;S;M;6574;EMP
057540040040-6474;057540040040;100mN32123E42137;PO;OS;3;68;S;M;6574;NEP
057540040040-6474;057540040040;100mN32123E42137;PO;OS;3;72;S;M;6574;EMP
057540040040-6475;057540040040;100mN32109E42146;MC;NA;2;45;M;F;4049;NEP
057540040040-6475;057540040040;100mN32109E42146;MC;NA;2;50;M;M;5064;NEP
057540040040-6476;057540040040;100mN32109E42146;MC;OS;2;86;M;F;75XX;EMP
057540040040-6476;057540040040;100mN32109E42146;MC;OS;2;46;D;M;4049;NEP
057540040040-6477;057540040040;100mN32109E42146;MC;NA;3;58;M;M;5064;NEP
057540040040-6477;057540040040;100mN32109E42146;MC;NA;3;55;M;F;5064;EMP
057540040040-6477;057540040040;100mN32109E42146;MC;NA;3;7;S;F;0614;NEP
057540040040-6478;057540040040;100mN32109E42146;S;OS;1;52;S;F;5064;UEP
057540040040-6479;057540040040;100mN32131E42131;SF;MIX;2;68;W;F;6574;EMP
057540040040-6479;057540040040;100mN32131E42131;SF;MIX;2;4;S;M;0305;NEP
057540040040-6480;057540040040;100mN32109E42146;MC;NA;3;36;M;F;3039;EMP
057540040040-6480;057540040040;100mN32109E42146;MC;NA;3;34;M;M;3039;EMP
057540040040-6480;057540040040;100mN32109E42146;MC;NA;3;7;S;M;0614;NEP
057540040040-6481;057540040040;100mN32109E42146;S;NA;1;89;M;F;75XX;NEP
057540040040-6482;057540040040;100mN32109E42146;MC;NA;2;38;M;F;3039;NEP
057540040040-6482;057540040040;100mN32109E42146;MC;NA;2;41;M;M;4049;NEP
057540040040-6483;057540040040;100mN32141E42118;S;OS;1;67;S;M;6574;EMP
057540040040-6484;057540040040;100mN32131E42131;SF;MIX;2;68;W;F;6574;EMP
057540040040-6484;057540040040;100mN32131E42131;SF;MIX;2;4;S;M;0305;NEP
057540040040-6485;057540040040;100mN32137E42120;S;NA;1;88;D;F;75XX;EMP
057540040040-6486;057540040040;100mN32135E42126;MC;OS;3;66;M;F;6574;EMP
057540040040-6486;057540040040;100mN32135E42126;MC;OS;3;65;M;M;6574;EMP
057540040040-6486;057540040040;100mN32135E42126;MC;OS;3;72;D;F;6574;NEP
057540040040-6487;057540040040;100mN32135E42126;MC;NA;3;46;M;F;4049;EMP
057540040040-6487;057540040040;100mN32135E42126;MC;NA;3;55;M;M;5064;EMP
057540040040-6487;057540040040;100mN32135E42126;MC;NA;3;28;S;M;2529;EMP
057540040040-6488;057540040040;100mN32114E42126;MC;MIX;2;66;M;F;6574;EMP
057540040040-6488;057540040040;100mN32114E42126;MC;MIX;2;15;S;F;1517;EMP
057540040040-6489;057540040040;100mN32135E42126;MC;OS;2;89;M;F;75XX;NEP
057540040040-6489;057540040040;100mN32135E42126;MC;OS;2;7;S;M;0614;NEP
057540040040-6490;057540040040;100mN32118E42120;MC;NA;2;46;M;M;4049;NEP
057540040040-6490;057540040040;100mN32118E42120;MC;NA;2;44;M;F;4049;EMP
057540040040-6491;057540040040;100mN32135E42126;MC;NA;6;45;M;F;4049;EMP
057540040040-6491;057540040040;100mN32135E42126;MC;NA;6;46;M;M;4049;NEP
057540040040-6491;057540040040;100mN32135E42126;MC;NA;6;15;S;F;1517;EMP
057540040040-6491;057540040040;100mN32135E42126;MC;NA;6;15;S;F;1517;NEP
057540040040-6491;057540040040;100mN32135E42126;MC;NA;6;11;S;F;0614;NEP
057540040040-6491;057540040040;100mN32135E42126;MC;NA;6;20;M;F;1824;EMP
057540040040-6492;057540040040;100mN32135E42126;MC;OS;4;76;M;F;75XX;NEP
057540040040-6492;057540040040;100mN32135E42126;MC;OS;4;76;M;M;75XX;EMP
057540040040-6492;057540040040;100mN32135E42126;MC;OS;4;80;S;F;75XX;EMP
057540040040-6492;057540040040;100mN32135E42126;MC;OS;4;65;S;F;6574;NEP
057540040040-6493;057540040040;100mN32135E42126;MC;MIX;5;79;M;F;75XX;NEP
057540040040-6493;057540040040;100mN32135E42126;MC;MIX;5;63;M;F;5064;EMP
057540040040-6493;057540040040;100mN32135E42126;MC;MIX;5;63;M;M;5064;EMP
057540040040-6493;057540040040;100mN32135E42126;MC;MIX;5;2;S;M;0003;NEP
057540040040-6493;057540040040;100mN32135E42126;MC;MIX;5;6;S;M;0614;NEP
057540040040-6494;057540040040;100mN32135E42126;S;NA;1;46;M;M;4049;EMP
057540040040-6495;057540040040;100mN32135E42126;PO;NA;2;36;S;F;3039;EMP
057540040040-6495;057540040040;100mN32135E42126;PO;NA;2;36;S;F;3039;EMP
057540040040-6496;057540040040;100mN32135E42126;S;NA;1;57;M;F;5064;EMP
057540040040-6497;057540040040;100mN32135E42126;PO;NA;3;53;S;F;5064;NEP
057540040040-6497;057540040040;100mN32135E42126;PO;NA;3;58;S;F;5064;NEP
057540040040-6497;057540040040;100mN32135E42126;PO;NA;3;7;S;F;0614;NEP
057540040040-6498;057540040040;100mN32135E42126;MC;OS;2;65;M;M;6574;NEP
057540040040-6498;057540040040;100mN32135E42126;MC;OS;2;72;M;F;6574;NEP
057540040040-6499;057540040040;100mN32140E42128;S;NA;1;46;S;M;4049;EMP
057540040040-6500;057540040040;100mN32140E42128;S;NA;1;61;D;F;5064;EMP
057540040040-6501;057540040040;100mN32140E42128;PO;NA;3;59;S;M;5064;EMP
057540040040-6501;057540040040;100mN32140E42128;PO;NA;3;60;S;M;5064;EMP
057540040040-6501;057540040040;100mN32140E42128;PO;NA;3;38;M;M;3039;EMP
057540040040-6502;057540040040;100mN32137E42121;NA;MIX;4;51;M;F;5064;NEP
057540040040-6502;057540040040;100mN32137E42121;NA;MIX;4;54;D;F;5064;UEP
057540040040-6502;057540040040;100mN32137E42121;NA;MIX;4;22;M;F;1824;NEP
057540040040-6502;057540040040;100mN32137E42121;NA;MIX;4;40;M;M;4049;EMP
057540040040-6503;057540040040;100mN32140E42128;S;NA;1;56;S;M;5064;EMP
057540040040-6504;057540040040;100mN32135E42120;MC;NA;4;43;M;F;4049;EMP
057540040040-6504;057540040040;100mN32135E42120;MC;NA;4;43;M;M;4049;NEP
057540040040-6504;057540040040;100mN32135E42120;MC;NA;4;6;S;M;0614;NEP
057540040040-6504;057540040040;100mN32135E42120;MC;NA;4;12;S;M;0614;NEP
057540040040-6505;057540040040;100mN32117E42116;MC;NA;3;40;M;M;4049;NEP
057540040040-6505;057540040040;100mN32117E42116;MC;NA;3;37;M;F;3039;NEP
057540040040-6505;057540040040;100mN32117E42116;MC;NA;3;25;D;M;2529;NEP
057540040040-6506;057540040040;100mN32126E42137;MC;MIX;2;82;M;F;75XX;EMP
057540040040-6506;057540040040;100mN32126E42137;MC;MIX;2;68;M;M;6574;NEP
057540040040-6507;057540040040;100mN32126E42137;PO;NA;2;50;S;M;5064;EMP
057540040040-6507;057540040040;100mN32126E42137;PO;NA;2;47;S;M;4049;EMP
057540040040-6508;057540040040;100mN32126E42137;MC;NA;2;40;M;F;4049;NEP
057540040040-6508;057540040040;100mN32126E42137;MC;NA;2;36;M;M;3039;EMP
057540040040-6509;057540040040;100mN32124E42146;MC;MIX;2;70;M;F;6574;UEP
057540040040-6509;057540040040;100mN32124E42146;MC;MIX;2;63;S;M;5064;NEP
057540040040-6510;057540040040;100mN32116E42110;MC;NA;3;52;M;M;5064;EMP
057540040040-6510;057540040040;100mN32116E42110;MC;NA;3;50;M;F;5064;NEP
057540040040-6510;057540040040;100mN32116E42110;MC;NA;3;16;S;M;1517;EMP
057540040040-6511;057540040040;100mN32126E42137;MC;NA;4;33;M;F;3039;EMP
057540040040-6511;057540040040;100mN32126E42137;MC;NA;4;35;M;M;3039;NEP
057540040040-6511;057540040040;100mN32126E42137;MC;NA;4;18;M;F;1824;NEP
057540040040-6511;057540040040;100mN32126E42137;MC;NA;4;9;S;F;0614;NEP
057540040040-6512;057540040040;100mN32131E42132;SM;NA;2;16;S;M;1517;NEP
057540040040-6512;057540040040;100mN32131E42132;SM;NA;2;1;S;M;0003;NEP
057540040040-6513;057540040040;100mN32131E42132;MC;OS;4;76;M;F;75XX;EMP
057540040040-6513;057540040040;100mN32131E42132;MC;OS;4;84;M;M;75XX;NEP
057540040040-6513;057540040040;100mN32131E42132;MC;OS;4;76;W;F;75XX;NEP
057540040040-6513;057540040040;100mN32131E42132;MC;OS;4;88;D;M;75XX;EMP
057540040040-6514;057540040040;100mN32131E42132;MC;NA;3;20;M;F;1824;EMP
057540040040-6514;057540040040;100mN32131E42132;MC;NA;3;21;M;M;1824;EMP
057540040040-6514;057540040040;100mN32131E42132;MC;NA;3;0;S;M;0003;NEP
057540040040-6515;057540040040;100mN32131E42132;MC;NA;2;42;M;F;4049;EMP
057540040040-6515;057540040040;100mN32131E42132;MC;NA;2;48;M;M;4049;NEP
057540040040-6516;057540040040;100mN32131E42132;MC;OS;2;89;M;F;75XX;EMP
057540040040-6516;057540040040;100mN32131E42132;MC;OS;2;38;M;F;3039;EMP
057540040040-6517;057540040040;100mN32141E42121;PO;NA;2;34;S;M;3039;EMP
057540040040-6517;057540040040;100mN32141E42121;PO;NA;2;25;S;F;2529;EMP
057540040040-6518;057540040040;100mN32131E42132;MC;NA;3;44;M;F;4049;EMP
057540040040-6518;057540040040;100mN32131E42132;MC;NA;3;51;M;M;5064;EMP
057540040040-6518;057540040040;100mN32131E42132;MC;NA;3;20;D;M;1824;NEP
057540040040-6519;057540040040;100mN32131E42132;MC;NA;4;52;M;M;5064;EMP
057540040040-6519;057540040040;100mN32131E42132;MC;NA;4;46;M;F;4049;EMP
057540040040-6519;057540040040;100mN32131E42132;MC;NA;4;9;S;F;0614;NEP
057540040040-6519;057540040040;100mN32131E42132;MC;NA;4;7;S;M;0614;NEP
057540040040-6520;057540040040;100mN32131E42132;S;NA;1;59;M;M;5064;EMP
057540040040-6521;057540040040;100mN32131E42132;MC;MIX;2;68;M;F;6574;NEP
057540040040-6521;057540040040;100mN32131E42132;MC;MIX;2;44;M;F;4049;NEP
057540040040-6522;057540040040;100mN32111E42123;S;NA;1;34;S;M;3039;NEP
057540040040-6523;057540040040;100mN32111E42124;PO;NA;5;54;S;M;5064;NEP
057540040040-6523;057540040040;100mN32111E42124;PO;NA;5;53;S;F;5064;EMP
057540040040-6523;057540040040;100mN32111E42124;PO;NA;5;10;S;M;0614;NEP
057540040040-6523;057540040040;100mN32111E42124;PO;NA;5;10;S;F;0614;NEP
057540040040-6523;057540040040;100mN32111E42124;PO;NA;5;8;S;M;0614;NEP
057540040040-6524;057540040040;100mN32131E42132;S;OS;1;63;M;M;5064;EMP
057540040040-6525;057540040040;100mN32131E42132;SF;NA;2;67;S;F;6574;EMP
057540040040-6525;057540040040;100mN32131E42132;SF;NA;2;2;S;M;0003;NEP
057540040040-6526;057540040040;100mN32131E42132;MC;NA;5;44;M;F;4049;EMP
057540040040-6526;057540040040;100mN32131E42132;MC;NA;5;48;M;M;4049;NEP
057540040040-6526;057540040040;100mN32131E42132;MC;NA;5;23;M;M;1824;NEP
057540040040-6526;057540040040;100mN32131E42132;MC;NA;5;3;S;F;0305;NEP
057540040040-6526;057540040040;100mN32131E42132;MC;NA;5;13;S;M;0614;NEP
057540040040-6527;057540040040;100mN32131E42132;MC;NA;2;41;M;M;4049;NEP
057540040040-6527;057540040040;100mN32131E42132;MC;NA;2;36;M;F;3039;EMP
057540040040-6528;057540040040;100mN32131E42132;S;NA;1;57;D;F;5064;EMP
057540040040-6529;057540040040;100mN32103E42071;PO;NA;2;18;S;M;1824;NEP
057540040040-6529;057540040040;100mN32103E42071;PO;NA;2;18;S;F;1824;EMP
057540040040-6530;057540040040;100mN32139E42110;MC;NA;4;23;M;F;1824;EMP
057540040040-6530;057540040040;100mN32139E42110;MC;NA;4;23;M;M;1824;EMP
057540040040-6530;057540040040;100mN32139E42110;MC;NA;4;4;S;M;0305;NEP
057540040040-6530;057540040040;100mN32139E42110;MC;NA;4;7;S;F;0614;NEP
057540040040-6531;057540040040;100mN32111E42124;MC;OS;2;79;M;F;75XX;EMP
057540040040-6531;057540040040;100mN32111E42124;MC;OS;2;77;M;M;75XX;NEP
057540040040-6532;057540040040;100mN32139E42120;MC;NA;3;45;M;F;4049;EMP
057540040040-6532;057540040040;100mN32139E42120;MC;NA;3;61;M;M;5064;EMP
057540040040-6532;057540040040;100mN32139E42120;MC;NA;3;19;M;F;1824;EMP
057540040040-6533;057540040040;100mN32139E42120;MC;OS;4;68;M;F;6574;UEP
057540040040-6533;057540040040;100mN32139E42120;MC;OS;4;76;M;M;75XX;EMP
057540040040-6533;057540040040;100mN32139E42120;MC;OS;4;81;M;M;75XX;EMP
057540040040-6533;057540040040;100mN32139E42120;MC;OS;4;81;W;F;75XX;NEP
057540040040-6534;057540040040;100mN32139E42120;SF;NA;5;46;W;F;4049;NEP
057540040040-6534;057540040040;100mN32139E42120;SF;NA;5;4;S;M;0305;NEP
057540040040-6534;057540040040;100mN32139E42120;SF;NA;5;1;S;F;0003;NEP
057540040040-6534;057540040040;100mN32139E42120;SF;NA;5;10;S;M;0614;NEP
057540040040-6534;057540040040;100mN32139E42120;SF;NA;5;27;W;F;2529;NEP
057540040040-6535;057540040040;100mN32102E42075;PO;NA;4;57;S;F;5064;NEP
057540040040-6535;057540040040;100mN32102E42075;PO;NA;4;60;S;F;5064;EMP
057540040040-6535;057540040040;100mN32102E42075;PO;NA;4;19;M;F;1824;NEP
057540040040-6535;057540040040;100mN32102E42075;PO;NA;4;10;S;M;0614;NEP
057540040040-6536;057540040040;100mN32102E42075;PO;NA;2;60;S;M;5064;EMP
057540040040-6536;057540040040;100mN32102E42075;PO;NA;2;62;S;F;5064;EMP
057540040040-6537;057540040040;100mN32102E42075;MC;MIX;2;68;M;M;6574;NEP
057540040040-6537;057540040040;100mN32102E42075;MC;MIX;2;62;M;F;5064;NEP
057540040040-6538;057540040040;100mN32102E42075;NA;NA;4;43;S;M;4049;EMP
057540040040-6538;057540040040;100mN32102E42075;NA;NA;4;30;W;F;3039;NEP
057540040040-6538;057540040040;100mN32102E42075;NA;NA;4;57;M;M;5064;EMP
057540040040-6538;057540040040;100mN32102E42075;NA;NA;4;31;D;F;3039;EMP
057540040040-6539;057540040040;100mN32102E42075;PO;NA;2;32;S;M;3039;EMP
057540040040-6539;057540040040;100mN32102E42075;PO;NA;2;30;S;F;3039;EMP
057540040040-6540;057540040040;100mN32102E42075;MC;OS;2;76;M;M;75XX;EMP
057540040040-6540;057540040040;100mN32102E42075;MC;OS;2;73;M;F;6574;EMP
057540040040-6541;057540040040;100mN32102E42075;S;NA;1;68;M;M;6574;EMP
057540040040-6542;057540040040;100mN32102E42075;MC;NA;3;23;M;F;1824;EMP
057540040040-6542;057540040040;100mN32102E42075;MC;NA;3;27;M;M;2529;NEP
057540040040-6542;057540040040;100mN32102E42075;MC;NA;3;7;S;M;0614;NEP
057540040040-6543;057540040040;100mN32102E42075;S;NA;1;30;S;F;3039;EMP
057540040040-6544;057540040040;100mN32141E42118;PO;NA;4;50;S;M;5064;NEP
057540040040-6544;057540040040;100mN32141E42118;PO;NA;4;18;S;M;1824;EMP
057540040040-6544;057540040040;100mN32141E42118;PO;NA;4;0;S;M;0003;NEP
057540040040-6544;057540040040;100mN32141E42118;PO;NA;4;6;S;F;0614;NEP
057540040040-6545;057540040040;100mN32102E42075;S;NA;1;70;M;M;6574;EMP
057540040040-6546;057540040040;100mN32102E42075;MC;OS;2;68;M;M;6574;EMP
057540040040-6546;057540040040;100mN32102E42075;MC;OS;2;65;M;F;6574;NEP
057540040040-6547;057540040040;100mN32102E42075;SF;MIX;2;81;S;F;75XX;EMP
057540040040-6547;057540040040;100mN32102E42075;SF;MIX;2;8;S;M;0614;NEP
057540040040-6548;057540040040;100mN32140E42122;S;NA;1;38;D;F;3039;EMP
057540040040-6549;057540040040;100mN32111E42119;MC;NA;4;35;M;F;3039;EMP
057540040040-6549;057540040040;100mN32111E42119;MC;NA;4;62;M;M;5064;EMP
057540040040-6549;057540040040;100mN32111E42119;MC;NA;4;10;S;F;0614;NEP
057540040040-6549;057540040040;100mN32111E42119;MC;NA;4;7;S;M;0614;NEP
057540040040-6550;057540040040;100mN32115E42127;PO;NA;2;48;S;F;4049;UEP
057540040040-6550;057540040040;100mN32115E42127;PO;NA;2;50;S;F;5064;NEP
057540040040-6551;057540040040;100mN32111E42119;SF;MIX;4;76;S;F;75XX;EMP
057540040040-6551;057540040040;100mN32111E42119;SF;MIX;4;31;S;F;3039;EMP
057540040040-6551;057540040040;100mN32111E42119;SF;MIX;4;9;S;M;0614;NEP
057540040040-6551;057540040040;100mN32111E42119;SF;MIX;4;11;S;F;0614;NEP
057540040040-6552;057540040040;100mN32111E42119;MC;NA;2;46;M;F;4049;NEP
057540040040-6552;057540040040;100mN32111E42119;MC;NA;2;48;M;M;4049;NEP
057540040040-6553;057540040040;100mN32111E42119;S;NA;1;16;S;F;1517;EMP
057540040040-6554;057540040040;100mN32111E42119;SF;NA;2;47;S;F;4049;NEP
057540040040-6554;057540040040;100mN32111E42119;SF;NA;2;7;S;M;0614;NEP
057540040040-6555;057540040040;100mN32111E42119;S;OS;1;40;S;F;4049;NEP
057540040040-6556;057540040040;100mN32111E42119;MC;MIX;4;69;D;M;6574;NEP
057540040040-6556;057540040040;100mN32111E42119;MC;MIX;4;46;M;F;4049;EMP
057540040040-6556;057540040040;100mN32111E42119;MC;MIX;4;47;M;M;4049;EMP
057540040040-6556;057540040040;100mN32111E42119;MC;MIX;4;26;S;F;2529;EMP
057540040040-6557;057540040040;100mN32111E42119;MC;OS;2;69;M;M;6574;EMP
057540040040-6557;057540040040;100mN32111E42119;MC;OS;2;67;M;F;6574;EMP
057540040040-6558;057540040040;100mN32111E42119;S;NA;1;26;M;F;2529;NEP
057540040040-6559;057540040040;100mN32141E42121;S;NA;1;16;S;M;1517;NEP
057540040040-6560;057540040040;100mN32141E42121;PO;NA;2;34;S;M;3039;EMP
057540040040-6560;057540040040;100mN32141E42121;PO;NA;2;25;S;F;2529;EMP
057540040040-6561;057540040040;100mN32141E42121;SF;MIX;2;83;W;F;75XX;EMP
057540040040-6561;057540040040;100mN32141E42121;SF;MIX;2;10;S;M;0614;NEP
057540040040-6562;057540040040;100mN32112E42147;MC;MIX;5;68;M;F;6574;NEP
057540040040-6562;057540040040;100mN32112E42147;MC;MIX;5;40;M;M;4049;EMP
057540040040-6562;057540040040;100mN32112E42147;MC;MIX;5;31;M;F;3039;NEP
057540040040-6562;057540040040;100mN32112E42147;MC;MIX;5;18;D;M;1824;EMP
057540040040-6562;057540040040;100mN32112E42147;MC;MIX;5;13;S;M;0614;NEP
057540040040-6563;057540040040;100mN32125E42141;MC;NA;3;57;M;M;5064;EMP
057540040040-6563;057540040040;100mN32125E42141;MC;NA;3;50;M;F;5064;NEP
057540040040-6563;057540040040;100mN32125E42141;MC;NA;3;9;S;F;0614;NEP
057540040040-6564;057540040040;100mN32125E42141;MC;NA;4;46;M;M;4049;EMP
057540040040-6564;057540040040;100mN32125E42141;MC;NA;4;40;M;F;4049;NEP
057540040040-6564;057540040040;100mN32125E42141;MC;NA;4;8;S;F;0614;NEP
057540040040-6564;057540040040;100mN32125E42141;MC;NA;4;11;S;M;0614;NEP
057540040040-6565;057540040040;100mN32125E42141;S;NA;1;58;S;M;5064;NEP
057540040040-6566;057540040040;100mN32124E42145;MC;OS;2;65;M;F;6574;NEP
057540040040-6566;057540040040;100mN32124E42145;MC;OS;2;68;M;M;6574;EMP
057540040040-6567;057540040040;100mN32124E42145;MC;NA;2;53;M;F;5064;EMP
057540040040-6567;057540040040;100mN32124E42145;MC;NA;2;50;M;M;5064;NEP
057540040040-6568;057540040040;100mN32136E42131;MC;NA;2;48;M;F;4049;EMP
057540040040-6568;057540040040;100mN32136E42131;MC;NA;2;53;M;M;5064;EMP
057540040040-6569;057540040040;100mN32102E42071;S;OS;1;62;M;F;5064;EMP
057540040040-6570;057540040040;100mN32124E42145;S;NA;1;53;D;M;5064;EMP
057540040040-6571;057540040040;100mN32124E42145;PO;MIX;4;86;M;M;75XX;EMP
057540040040-6571;057540040040;100mN32124E42145;PO;MIX;4;60;S;F;5064;EMP
057540040040-6571;057540040040;100mN32124E42145;PO;MIX;4;61;S;F;5064;NEP
057540040040-6571;057540040040;100mN32124E42145;PO;MIX;4;12;S;F;0614;NEP
057540040040-6572;057540040040;100mN32124E42145;S;NA;1;25;S;M;2529;EMP
057540040040-6573;057540040040;100mN32124E42145;MC;NA;4;58;M;F;5064;EMP
057540040040-6573;057540040040;100mN32124E42145;MC;NA;4;56;M;M;5064;EMP
057540040040-6573;057540040040;100mN32124E42145;MC;NA;4;30;M;M;3039;EMP
057540040040-6573;057540040040;100mN32124E42145;MC;NA;4;8;S;M;0614;NEP
057540040040-6574;057540040040;100mN32124E42145;SF;NA;3;81;S;F;75XX;EMP
057540040040-6574;057540040040;100mN32124E42145;SF;NA;3;1;S;F;0003;NEP
057540040040-6574;057540040040;100mN32124E42145;SF;NA;3;36;M;F;3039;NEP
057540040040-6575;057540040040;100mN32124E42145;S;NA;1;65;W;F;6574;NEP
057540040040-6576;057540040040;100mN32124E42145;MC;OS;2;65;M;M;6574;EMP
057540040040-6576;057540040040;100mN32124E42145;MC;OS;2;65;M;F;6574;EMP
057540040040-6577;057540040040;100mN32124E42145;S;OS;1;79;M;F;75XX;NEP
057540040040-6578;057540040040;100mN32124E42145;S;OS;1;46;M;M;4049;EMP
057540040040-6579;057540040040;100mN32117E42125;MC;NA;2;63;M;F;5064;NEP
057540040040-6579;057540040040;100mN32117E42125;MC;NA;2;59;M;F;5064;EMP
057540040040-6580;057540040040;100mN32124E42145;MC;NA;2;22;M;M;1824;EMP
057540040040-6580;057540040040;100mN32124E42145;MC;NA;2;25;M;F;2529;EMP
057540040040-6581;057540040040;100mN32124E42116;S;OS;1;60;S;M;5064;NEP
057540040040-6582;057540040040;100mN32112E42123;SF;NA;2;69;W;F;6574;NEP
057540040040-6582;057540040040;100mN32112E42123;SF;NA;2;11;S;M;0614;NEP
057540040040-6583;057540040040;100mN32112E42123;S;NA;1;67;M;F;6574;NEP
057540040040-6584;057540040040;100mN32112E42123;PO;NA;4;52;S;F;5064;EMP
057540040040-6584;057540040040;100mN32112E42123;PO;NA;4;55;S;F;5064;EMP
057540040040-6584;057540040040;100mN32112E42123;PO;NA;4;28;D;M;2529;EMP
057540040040-6584;057540040040;100mN32112E42123;PO;NA;4;8;S;M;0614;NEP
057540040040-6585;057540040040;100mN32112E42123;S;NA;1;43;M;F;4049;EMP
057540040040-6586;057540040040;100mN32112E42123;PO;NA;4;35;S;F;3039;EMP
057540040040-6586;057540040040;100mN32112E42123;PO;NA;4;32;S;M;3039;EMP
057540040040-6586;057540040040;100mN32112E42123;PO;NA;4;11;S;F;0614;NEP
057540040040-6586;057540040040;100mN32112E42123;PO;NA;4;19;D;F;1824;EMP
057540040040-6587;057540040040;100mN32114E42126;S;NA;1;62;M;M;5064;NEP
057540040040-6588;057540040040;100mN32117E42114;SM;NA;3;68;W;M;6574;EMP
057540040040-6588;057540040040;100mN32117E42114;SM;NA;3;9;S;F;0614;NEP
057540040040-6588;057540040040;100mN32117E42114;SM;NA;3;36;S;M;3039;EMP
057540040040-6589;057540040040;100mN32113E42127;SF;NA;2;30;D;F;3039;NEP
057540040040-6589;057540040040;100mN32113E42127;SF;NA;2;2;S;M;0003;NEP
057540040040-6590;057540040040;100mN32112E42123;MC;OS;2;78;M;F;75XX;NEP
057540040040-6590;057540040040;100mN32112E42123;MC;OS;2;78;M;M;75XX;EMP
057540040040-6591;057540040040;100mN32112E42123;MC;NA;3;19;M;M;1824;EMP
057540040040-6591;057540040040;100mN32112E42123;MC;NA;3;18;M;F;1824;EMP
057540040040-6591;057540040040;100mN32112E42123;MC;NA;3;0;S;M;0003;NEP
057540040040-6592;057540040040;100mN32112E42123;S;NA;1;40;M;M;4049;EMP
057540040040-6593;057540040040;100mN32112E42123;S;NA;1;33;M;M;3039;EMP
057540040040-6594;057540040040;100mN32112E42123;MC;OS;3;67;M;F;6574;NEP
057540040040-6594;057540040040;100mN32112E42123;MC;OS;3;72;M;M;6574;EMP
057540040040-6594;057540040040;100mN32112E42123;MC;OS;3;84;W;F;75XX;NEP
057540040040-6595;057540040040;100mN32112E42123;S;OS;1;61;M;F;5064;EMP
057540040040-6596;057540040040;100mN32112E42123;S;NA;1;16;S;M;1517;EMP
057540040040-6597;057540040040;100mN32112E42123;MC;NA;2;50;M;M;5064;EMP
057540040040-6597;057540040040;100mN32112E42123;MC;NA;2;46;M;F;4049;EMP
057540040040-6598;057540040040;100mN32112E42123;MC;MIX;3;87;M;M;75XX;NEP
057540040040-6598;057540040040;100mN32112E42123;MC;MIX;3;62;M;F;5064;NEP
057540040040-6598;057540040040;100mN32112E42123;MC;MIX;3;54;S;F;5064;EMP
057540040040-6599;057540040040;100mN32125E42115;PO;NA;3;31;S;F;3039;EMP
057540040040-6599;057540040040;100mN32125E42115;PO;NA;3;33;S;M;3039;EMP
057540040040-6599;057540040040;100mN32125E42115;PO;NA;3;11;S;F;0614;NEP
057540040040-6600;057540040040;100mN32112E42123;MC;NA;4;25;M;M;2529;EMP
057540040040-6600;057540040040;100mN32112E42123;MC;NA;4;23;M;F;1824;EMP
057540040040-6600;057540040040;100mN32112E42123;MC;NA;4;1;S;F;0003;NEP
057540040040-6600;057540040040;100mN32112E42123;MC;NA;4;10;S;F;0614;NEP
057540040040-6601;057540040040;100mN32112E42123;SF;NA;4;56;W;F;5064;NEP
057540040040-6601;057540040040;100mN32112E42123;SF;NA;4;8;S;F;0614;NEP
057540040040-6601;057540040040;100mN32112E42123;SF;NA;4;3;S;M;0305;NEP
057540040040-6601;057540040040;100mN32112E42123;SF;NA;4;13;S;F;0614;NEP
057540040040-6602;057540040040;100mN32112E42123;MC;OS;3;65;M;F;6574;EMP
057540040040-6602;057540040040;100mN32112E42123;MC;OS;3;68;M;M;6574;NEP
057540040040-6602;057540040040;100mN32112E42123;MC;OS;3;77;S;F;75XX;EMP
057540040040-6603;057540040040;100mN32112E42123;S;NA;1;44;M;F;4049;EMP
057540040040-6604;057540040040;100mN32112E42118;MC;MIX;2;73;M;F;6574;NEP
057540040040-6604;057540040040;100mN32112E42118;MC;MIX;2;85;D;M;75XX;EMP
057540040040-6605;057540040040;100mN32112E42123;SM;NA;3;73;S;M;6574;NEP
057540040040-6605;057540040040;100mN32112E42123;SM;NA;3;10;S;F;0614;NEP
057540040040-6605;057540040040;100mN32112E42123;SM;NA;3;1;S;M;0003;NEP
057540040040-6606;057540040040;100mN32112E42123;PO;NA;4;42;S;F;4049;EMP
057540040040-6606;057540040040;100mN32112E42123;PO;NA;4;33;S;F;3039;EMP
057540040040-6606;057540040040;100mN32112E42123;PO;NA;4;10;S;M;0614;NEP
057540040040-6606;057540040040;100mN32112E42123;PO;NA;4;9;S;F;0614;NEP
057540040040-6607;057540040040;100mN32112E42123;MC;OS;2;66;M;F;6574;NEP
057540040040-6607;057540040040;100mN32112E42123;MC;OS;2;69;M;M;6574;NEP
057540040040-6608;057540040040;100mN32112E42123;MC;NA;3;41;M;F;4049;EMP
057540040040-6608;057540040040;100mN32112E42123;MC;NA;3;50;M;M;5064;EMP
057540040040-6608;057540040040;100mN32112E42123;MC;NA;3;16;S;F;1517;NEP
057540040040-6609;057540040040;100mN32112E42118;MC;NA;4;62;M;F;5064;NEP
057540040040-6609;057540040040;100mN32112E42118;MC;NA;4;62;M;M;5064;EMP
057540040040-6609;057540040040;100mN32112E42118;MC;NA;4;8;S;M;0614;NEP
057540040040-6609;057540040040;100mN32112E42118;MC;NA;4;13;S;F;0614;NEP
057540040040-6610;057540040040;100mN32112E42123;S;NA;1;47;M;F;4049;EMP
057540040040-6611;057540040040;100mN32135E42120;MC;NA;4;55;M;M;5064;EMP
057540040040-6611;057540040040;100mN32135E42120;MC;NA;4;50;M;F;5064;EMP
057540040040-6611;057540040040;100mN32135E42120;MC;NA;4;23;M;M;1824;NEP
057540040040-6611;057540040040;100mN32135E42120;MC;NA;4;10;S;F;0614;NEP
057540040040-6612;057540040040;100mN32135E42120;NA;OS;2;55;M;M;5064;EMP
057540040040-6612;057540040040;100mN32135E42120;NA;OS;2;87;W;F;75XX;EMP
057540040040-6613;057540040040;100mN32135E42120;MC;NA;4;43;M;F;4049;EMP
057540040040-6613;057540040040;100mN32135E42120;MC;NA;4;43;M;M;4049;NEP
057540040040-6613;057540040040;100mN32135E42120;MC;NA;4;6;S;M;0614;NEP
057540040040-6613;057540040040;100mN32135E42120;MC;NA;4;12;S;M;0614;NEP
057540040040-6614;057540040040;100mN32135E42120;S;NA;1;35;M;F;3039;EMP
057540040040-6615;057540040040;100mN32136E42133;MC;NA;2;42;M;F;4049;UEP
057540040040-6615;057540040040;100mN32136E42133;MC;NA;2;42;M;M;4049;EMP
057540040040-6616;057540040040;100mN32114E42132;S;NA;1;54;S;F;5064;EMP
057540040040-6617;057540040040;100mN32121E42147;MC;NA;4;36;M;F;3039;EMP
057540040040-6617;057540040040;100mN32121E42147;MC;NA;4;40;M;M;4049;NEP
057540040040-6617;057540040040;100mN32121E42147;MC;NA;4;8;S;M;0614;NEP
057540040040-6617;057540040040;100mN32121E42147;MC;NA;4;20;S;F;1824;NEP
057540040040-6618;057540040040;100mN32131E42134;MC;NA;2;50;M;F;5064;NEP
057540040040-6618;057540040040;100mN32131E42134;MC;NA;2;55;M;M;5064;EMP
057540040040-6619;057540040040;100mN32135E42120;SF;NA;3;62;S;F;5064;UEP
057540040040-6619;057540040040;100mN32135E42120;SF;NA;3;9;S;F;0614;NEP
057540040040-6619;057540040040;100mN32135E42120;SF;NA;3;9;S;F;0614;NEP
057540040040-6620;057540040040;100mN32140E42122;S;NA;1;38;D;F;3039;EMP
057540040040-6621;057540040040;100mN32116E42124;S;NA;1;53;M;F;5064;NEP
057540040040-6622;057540040040;100mN32140E42122;MC;NA;2;19;M;F;1824;EMP
057540040040-6622;057540040040;100mN32140E42122;MC;NA;2;19;M;M;1824;EMP
057540040040-6623;057540040040;100mN32127E42140;S;NA;1;26;W;M;2529;EMP
057540040040-6624;057540040040;100mN32141E42120;SF;NA;2;48;S;F;4049;NEP
057540040040-6624;057540040040;100mN32141E42120;SF;NA;2;26;W;F;2529;NEP
057540040040-6625;057540040040;100mN32136E42127;SF;NA;5;30;S;F;3039;EMP
057540040040-6625;057540040040;100mN32136E42127;SF;NA;5;12;S;F;0614;NEP
057540040040-6625;057540040040;100mN32136E42127;SF;NA;5;8;S;M;0614;NEP
057540040040-6625;057540040040;100mN32136E42127;SF;NA;5;15;S;M;1517;EMP
057540040040-6625;057540040040;100mN32136E42127;SF;NA;5;10;S;F;0614;NEP
057540040040-6626;057540040040;100mN32140E42122;SF;NA;2;58;W;F;5064;EMP
057540040040-6626;057540040040;100mN32140E42122;SF;NA;2;11;S;M;0614;NEP
057540040040-6627;057540040040;100mN32140E42122;S;NA;1;58;W;F;5064;EMP
057540040040-6628;057540040040;100mN32140E42122;MC;NA;2;37;M;F;3039;EMP
057540040040-6628;057540040040;100mN32140E42122;MC;NA;2;38;M;M;3039;NEP
057540040040-6629;057540040040;100mN32117E42123;MC;NA;4;38;M;F;3039;EMP
057540040040-6629;057540040040;100mN32117E42123;MC;NA;4;40;M;M;4049;NEP
057540040040-6629;057540040040;100mN32117E42123;MC;NA;4;12;S;M;0614;NEP
057540040040-6629;057540040040;100mN32117E42123;MC;NA;4;7;S;F;0614;NEP
057540040040-6630;057540040040;100mN32117E42124;MC;OS;3;76;M;F;75XX;NEP
057540040040-6630;057540040040;100mN32117E42124;MC;OS;3;78;M;M;75XX;EMP
057540040040-6630;057540040040;100mN32117E42124;MC;OS;3;68;S;M;6574;NEP
057540040040-6631;057540040040;100mN32140E42122;S;OS;1;38;M;M;3039;EMP
057540040040-6632;057540040040;100mN32140E42122;MC;NA;3;26;M;F;2529;EMP
057540040040-6632;057540040040;100mN32140E42122;MC;NA;3;34;M;M;3039;EMP
057540040040-6632;057540040040;100mN32140E42122;MC;NA;3;3;S;F;0305;NEP
057540040040-6633;057540040040;100mN32140E42122;MC;NA;4;40;M;F;4049;EMP
057540040040-6633;057540040040;100mN32140E42122;MC;NA;4;40;M;M;4049;EMP
057540040040-6633;057540040040;100mN32140E42122;MC;NA;4;6;S;F;0614;NEP
057540040040-6633;057540040040;100mN32140E42122;MC;NA;4;23;M;M;1824;NEP
057540040040-6634;057540040040;100mN32140E42122;S;OS;1;16;S;F;1517;EMP
057540040040-6635;057540040040;100mN32140E42122;MC;OS;2;68;M;F;6574;EMP
057540040040-6635;057540040040;100mN32140E42122;MC;OS;2;66;M;M;6574;EMP
057540040040-6636;057540040040;100mN32114E42132;S;NA;1;58;D;F;5064;EMP
057540040040-6637;057540040040;100mN32089E42055;MC;MIX;3;89;S;F;75XX;NEP
057540040040-6637;057540040040;100mN32089E42055;MC;MIX;3;45;M;M;4049;NEP
057540040040-6637;057540040040;100mN32089E42055;MC;MIX;3;52;M;F;5064;NEP
057540040040-6638;057540040040;100mN32089E42055;MC;NA;6;48;M;F;4049;NEP
057540040040-6638;057540040040;100mN32089E42055;MC;NA;6;48;M;M;4049;EMP
057540040040-6638;057540040040;100mN32089E42055;MC;NA;6;30;M;M;3039;EMP
057540040040-6638;057540040040;100mN32089E42055;MC;NA;6;19;M;M;1824;EMP
057540040040-6638;057540040040;100mN32089E42055;MC;NA;6;16;S;M;1517;NEP
057540040040-6638;057540040040;100mN32089E42055;MC;NA;6;10;S;F;0614;NEP
057540040040-6639;057540040040;100mN32089E42055;S;OS;1;38;D;M;3039;NEP
057540040040-6640;057540040040;100mN32117E42133;PO;NA;2;54;S;F;5064;NEP
057540040040-6640;057540040040;100mN32117E42133;PO;NA;2;61;M;M;5064;EMP
057540040040-6641;057540040040;100mN32117E42133;MC;MIX;3;68;M;F;6574;NEP
057540040040-6641;057540040040;100mN32117E42133;MC;MIX;3;52;M;F;5064;NEP
057540040040-6641;057540040040;100mN32117E42133;MC;MIX;3;47;M;M;4049;EMP
057540040040-6642;057540040040;100mN32117E42133;MC;NA;2;44;M;M;4049;EMP
057540040040-6642;057540040040;100mN32117E42133;MC;NA;2;42;M;F;4049;NEP
057540040040-6643;057540040040;100mN32117E42133;S;NA;1;67;M;M;6574;EMP
057540040040-6644;057540040040;100mN32117E42133;MC;NA;3;55;M;M;5064;EMP
057540040040-6644;057540040040;100mN32117E42133;MC;NA;3;55;M;F;5064;NEP
057540040040-6644;057540040040;100mN32117E42133;MC;NA;3;3;S;M;0305;NEP
057540040040-6645;057540040040;100mN32116E42117;MC;MIX;2;88;M;F;75XX;UEP
057540040040-6645;057540040040;100mN32116E42117;MC;MIX;2;6;S;F;0614;NEP
057540040040-6646;057540040040;100mN32118E42121;PC;NA;2;38;P;F;3039;EMP
057540040040-6646;057540040040;100mN32118E42121;PC;NA;2;63;P;F;5064;EMP
057540040040-6647;057540040040;100mN32126E42145;S;NA;1;60;S;M;5064;EMP
057540040040-6648;057540040040;100mN32117E42133;SF;NA;2;65;S;F;6574;EMP
057540040040-6648;057540040040;100mN32117E42133;SF;NA;2;15;S;F;1517;EMP
057540040040-6649;057540040040;100mN32117E42133;MC;MIX;2;78;M;M;75XX;NEP
057540040040-6649;057540040040;100mN32117E42133;MC;MIX;2;43;M;F;4049;EMP
057540040040-6650;057540040040;100mN32117E42133;S;NA;1;67;M;M;6574;EMP
057540040040-6651;057540040040;100mN32117E42133;MC;MIX;6;70;M;M;6574;EMP
057540040040-6651;057540040040;100mN32117E42133;MC;MIX;6;46;M;M;4049;NEP
057540040040-6651;057540040040;100mN32117E42133;MC;MIX;6;63;M;F;5064;EMP
057540040040-6651;057540040040;100mN32117E42133;MC;MIX;6;6;S;M;0614;NEP
057540040040-6651;057540040040;100mN32117E42133;MC;MIX;6;3;S;F;0305;NEP
057540040040-6651;057540040040;100mN32117E42133;MC;MIX;6;19;M;M;1824;NEP
057540040040-6652;057540040040;100mN32117E42133;S;OS;1;43;M;F;4049;EMP
057540040040-6653;057540040040;100mN32117E42133;S;NA;1;23;M;M;1824;EMP
057540040040-6654;057540040040;100mN32117E42133;MC;NA;3;42;M;F;4049;NEP
057540040040-6654;057540040040;100mN32117E42133;MC;NA;3;46;M;M;4049;EMP
057540040040-6654;057540040040;100mN32117E42133;MC;NA;3;10;S;M;0614;NEP
057540040040-6655;057540040040;100mN32117E42133;MC;NA;2;31;M;M;3039;EMP
057540040040-6655;057540040040;100mN32117E42133;MC;NA;2;26;M;F;2529;EMP
057540040040-6656;057540040040;100mN32117E42133;S;NA;1;52;S;F;5064;NEP
057540040040-6657;057540040040;100mN32117E42133;SF;NA;4;41;D;F;4049;EMP
057540040040-6657;057540040040;100mN32117E42133;SF;NA;4;9;S;M;0614;NEP
057540040040-6657;057540040040;100mN32117E42133;SF;NA;4;10;S;F;0614;NEP
057540040040-6657;057540040040;100mN32117E42133;SF;NA;4;15;S;F;1517;NEP
057540040040-6658;057540040040;100mN32117E42133;MC;NA;2;26;M;F;2529;EMP
057540040040-6658;057540040040;100mN32117E42133;MC;NA;2;26;M;M;2529;NEP
057540040040-6659;057540040040;100mN32117E42133;S;NA;1;58;M;F;5064;NEP
057540040040-6660;057540040040;100mN32117E42133;S;NA;1;43;M;F;4049;EMP
057540040040-6661;057540040040;100mN32117E42133;PO;NA;6;62;S;F;5064;EMP
057540040040-6661;057540040040;100mN32117E42133;PO;NA;6;62;S;F;5064;EMP
057540040040-6661;057540040040;100mN32117E42133;PO;NA;6;6;S;F;0614;NEP
057540040040-6661;057540040040;100mN32117E42133;PO;NA;6;42;S;M;4049;EMP
057540040040-6661;057540040040;100mN32117E42133;PO;NA;6;10;S;M;0614;NEP
057540040040-6661;057540040040;100mN32117E42133;PO;NA;6;2;S;F;0003;NEP
057540040040-6662;057540040040;100mN32132E42134;NA;NA;2;34;W;M;3039;EMP
057540040040-6662;057540040040;100mN32132E42134;NA;NA;2;57;M;M;5064;NEP
057540040040-6663;057540040040;100mN32117E42133;MC;NA;2;25;M;M;2529;EMP
057540040040-6663;057540040040;100mN32117E42133;MC;NA;2;25;M;F;2529;NEP
057540040040-6664;057540040040;100mN32117E42133;MC;OS;2;72;M;F;6574;EMP
057540040040-6664;057540040040;100mN32117E42133;MC;OS;2;76;M;M;75XX;EMP
057540040040-6665;057540040040;100mN32116E42124;S;NA;1;56;W;M;5064;EMP
057540040040-6666;057540040040;100mN32123E42148;MC;NA;3;53;M;F;5064;NEP
057540040040-6666;057540040040;100mN32123E42148;MC;NA;3;48;M;M;4049;EMP
057540040040-6666;057540040040;100mN32123E42148;MC;NA;3;16;S;F;1517;EMP
057540040040-6667;057540040040;100mN32123E42148;S;OS;1;63;M;F;5064;UEP
057540040040-6668;057540040040;100mN32123E42148;MC;NA;2;35;M;F;3039;EMP
057540040040-6668;057540040040;100mN32123E42148;MC;NA;2;41;M;M;4049;NEP
057540040040-6669;057540040040;100mN32123E42148;MC;NA;2;23;M;M;1824;NEP
057540040040-6669;057540040040;100mN32123E42148;MC;NA;2;26;M;F;2529;NEP
057540040040-6670;057540040040;100mN32127E42079;SF;NA;4;31;S;F;3039;EMP
057540040040-6670;057540040040;100mN32127E42079;SF;NA;4;3;S;F;0305;NEP
057540040040-6670;057540040040;100mN32127E42079;SF;NA;4;6;S;F;0614;NEP
057540040040-6670;057540040040;100mN32127E42079;SF;NA;4;13;S;M;0614;NEP
057540040040-6671;057540040040;100mN32116E42134;MC;NA;4;36;M;F;3039;EMP
057540040040-6671;057540040040;100mN32116E42134;MC;NA;4;37;M;M;3039;NEP
057540040040-6671;057540040040;100mN32116E42134;MC;NA;4;20;M;F;1824;NEP
057540040040-6671;057540040040;100mN32116E42134;MC;NA;4;20;D;M;1824;EMP
057540040040-6672;057540040040;100mN32127E42079;MC;NA;2;60;M;M;5064;EMP
057540040040-6672;057540040040;100mN32127E42079;MC;NA;2;60;M;F;5064;EMP
057540040040-6673;057540040040;100mN32131E42134;MC;NA;2;60;M;M;5064;EMP
057540040040-6673;057540040040;100mN32131E42134;MC;NA;2;53;M;F;5064;EMP
057540040040-6674;057540040040;100mN32089E42097;S;NA;1;85;W;F;75XX;NEP
057540040040-6675;057540040040;100mN32131E42134;MC;NA;2;55;M;F;5064;EMP
057540040040-6675;057540040040;100mN32131E42134;MC;NA;2;55;S;M;5064;EMP
057540040040-6676;057540040040;100mN32131E42134;SF;NA;4;45;W;F;4049;NEP
057540040040-6676;057540040040;100mN32131E42134;SF;NA;4;9;S;F;0614;NEP
057540040040-6676;057540040040;100mN32131E42134;SF;NA;4;3;S;M;0305;NEP
057540040040-6676;057540040040;100mN32131E42134;SF;NA;4;16;S;M;1517;NEP
057540040040-6677;057540040040;100mN32131E42134;MC;NA;2;50;M;F;5064;NEP
057540040040-6677;057540040040;100mN32131E42134;MC;NA;2;55;M;M;5064;EMP
057540040040-6678;057540040040;100mN32117E42124;MC;MIX;6;68;S;M;6574;EMP
057540040040-6678;057540040040;100mN32117E42124;MC;MIX;6;18;M;M;1824;EMP
057540040040-6678;057540040040;100mN32117E42124;MC;MIX;6;18;M;F;1824;NEP
057540040040-6678;057540040040;100mN32117E42124;MC;MIX;6;3;S;F;0305;NEP
057540040040-6678;057540040040;100mN32117E42124;MC;MIX;6;3;S;M;0305;NEP
057540040040-6678;057540040040;100mN32117E42124;MC;MIX;6;3;S;M;0305;NEP
057540040040-6679;057540040040;100mN32131E42134;S;NA;1;65;M;F;6574;UEP
057540040040-6680;057540040040;100mN32131E42134;S;OS;1;16;S;M;1517;EMP
057540040040-6681;057540040040;100mN32118E42131;MC;NA;2;46;M;M;4049;EMP
057540040040-6681;057540040040;100mN32118E42131;MC;NA;2;43;M;F;4049;UEP
057540040040-6682;057540040040;100mN32131E42134;S;OS;1;61;M;M;5064;EMP
057540040040-6683;057540040040;100mN32139E42123;SM;MIX;5;87;M;F;75XX;NEP
057540040040-6683;057540040040;100mN32139E42123;SM;MIX;5;27;S;M;2529;EMP
057540040040-6683;057540040040;100mN32139E42123;SM;MIX;5;6;S;F;0614;NEP
057540040040-6683;057540040040;100mN32139E42123;SM;MIX;5;4;S;M;0305;NEP
057540040040-6683;057540040040;100mN32139E42123;SM;MIX;5;8;S;F;0614;NEP
057540040040-6684;057540040040;100mN32131E42134;NA;NA;3;58;M;F;5064;UEP
057540040040-6684;057540040040;100mN32131E42134;NA;NA;3;34;M;M;3039;NEP
057540040040-6684;057540040040;100mN32131E42134;NA;NA;3;52;M;F;5064;NEP
057540040040-6685;057540040040;100mN32131E42134;MC;MIX;2;71;M;M;6574;EMP
057540040040-6685;057540040040;100mN32131E42134;MC;MIX;2;78;M;F;75XX;EMP
057540040040-6686;057540040040;100mN32131E42134;MC;NA;4;61;M;M;5064;EMP
057540040040-6686;057540040040;100mN32131E42134;MC;NA;4;63;M;F;5064;UEP
057540040040-6686;057540040040;100mN32131E42134;MC;NA;4;12;S;F;0614;NEP
057540040040-6686;057540040040;100mN32131E42134;MC;NA;4;16;S;F;1517;NEP
057540040040-6687;057540040040;100mN32131E42134;MC;NA;2;44;M;F;4049;EMP
057540040040-6687;057540040040;100mN32131E42134;MC;NA;2;45;M;M;4049;EMP
057540040040-6688;057540040040;100mN32131E42134;MC;NA;4;53;M;M;5064;EMP
057540040040-6688;057540040040;100mN32131E42134;MC;NA;4;18;M;F;1824;NEP
057540040040-6688;057540040040;100mN32131E42134;MC;NA;4;34;M;M;3039;EMP
057540040040-6688;057540040040;100mN32131E42134;MC;NA;4;8;S;F;0614;NEP
057540040040-6689;057540040040;100mN32131E42134;PO;NA;3;30;S;F;3039;NEP
057540040040-6689;057540040040;100mN32131E42134;PO;NA;3;26;S;F;2529;EMP
057540040040-6689;057540040040;100mN32131E42134;PO;NA;3;8;S;M;0614;NEP
057540040040-6690;057540040040;100mN32137E42121;S;NA;1;45;W;F;4049;NEP
057540040040-6691;057540040040;100mN32131E42134;MC;NA;2;52;M;M;5064;EMP
057540040040-6691;057540040040;100mN32131E42134;MC;NA;2;44;M;F;4049;EMP
057540040040-6692;057540040040;100mN32131E42134;S;NA;1;60;M;F;5064;EMP
057540040040-6693;057540040040;100mN32131E42134;MC;MIX;2;81;M;F;75XX;EMP
057540040040-6693;057540040040;100mN32131E42134;MC;MIX;2;38;M;M;3039;NEP
057540040040-6694;057540040040;100mN32131E42134;MC;MIX;3;70;S;F;6574;EMP
057540040040-6694;057540040040;100mN32131E42134;MC;MIX;3;41;M;M;4049;EMP
057540040040-6694;057540040040;100mN32131E42134;MC;MIX;3;41;M;F;4049;EMP
057540040040-6695;057540040040;100mN32131E42134;S;NA;1;47;W;F;4049;EMP
057540040040-6696;057540040040;100mN32131E42134;MC;OS;4;83;M;F;75XX;NEP
057540040040-6696;057540040040;100mN32131E42134;MC;OS;4;89;M;M;75XX;EMP
057540040040-6696;057540040040;100mN32131E42134;MC;OS;4;83;M;F;75XX;NEP
057540040040-6696;057540040040;100mN32131E42134;MC;OS;4;70;D;M;6574;EMP
057540040040-6697;057540040040;100mN32118E42131;S;NA;1;56;D;F;5064;NEP
057540040040-6698;057540040040;100mN32100E42073;MC;OS;3;71;M;M;6574;EMP
057540040040-6698;057540040040;100mN32100E42073;MC;OS;3;65;M;F;6574;UEP
057540040040-6698;057540040040;100mN32100E42073;MC;OS;3;83;M;F;75XX;EMP
057540040040-6699;057540040040;100mN32125E42115;MC;OS;3;80;M;F;75XX;NEP
057540040040-6699;057540040040;100mN32125E42115;MC;OS;3;89;M;M;75XX;EMP
057540040040-6699;057540040040;100mN32125E42115;MC;OS;3;68;W;F;6574;EMP
057540040040-6700;057540040040;100mN32125E42115;S;NA;1;51;M;F;5064;UEP
057540040040-6701;057540040040;100mN32125E42115;PO;NA;3;31;S;F;3039;EMP
057540040040-6701;057540040040;100mN32125E42115;PO;NA;3;33;S;M;3039;EMP
057540040040-6701;057540040040;100mN32125E42115;PO;NA;3;11;S;F;0614;NEP
057540040040-6702;057540040040;100mN32125E42115;S;NA;1;51;M;M;5064;NEP
057540040040-6703;057540040040;100mN32125E42115;MC;OS;2;76;M;F;75XX;EMP
057540040040-6703;057540040040;100mN32125E42115;MC;OS;2;73;M;M;6574;NEP
057540040040-6704;057540040040;100mN32125E42115;MC;NA;2;40;M;M;4049;NEP
057540040040-6704;057540040040;100mN32125E42115;MC;NA;2;34;M;F;3039;EMP
057540040040-6705;057540040040;100mN32115E42127;S;NA;1;47;W;F;4049;EMP
057540040040-6706;057540040040;100mN32125E42115;MC;NA;4;42;M;M;4049;NEP
057540040040-6706;057540040040;100mN32125E42115;MC;NA;4;33;M;F;3039;EMP
057540040040-6706;057540040040;100mN32125E42115;MC;NA;4;22;D;F;1824;UEP
057540040040-6706;057540040040;100mN32125E42115;MC;NA;4;13;S;F;0614;NEP
057540040040-6707;057540040040;100mN32125E42115;MC;NA;2;45;M;M;4049;EMP
057540040040-6707;057540040040;100mN32125E42115;MC;NA;2;41;M;F;4049;NEP
057540040040-6708;057540040040;100mN32125E42115;MC;NA;2;27;M;F;2529;EMP
057540040040-6708;057540040040;100mN32125E42115;MC;NA;2;63;M;M;5064;EMP
057540040040-6709;057540040040;100mN32125E42115;S;NA;1;30;S;M;3039;EMP
057540040040-6710;057540040040;100mN32116E42124;MC;NA;2;41;M;F;4049;EMP
057540040040-6710;057540040040;100mN32116E42124;MC;NA;2;47;M;M;4049;EMP
057540040040-6711;057540040040;100mN32116E42124;MC;OS;2;76;M;M;75XX;EMP
057540040040-6711;057540040040;100mN32116E42124;MC;OS;2;67;M;F;6574;EMP
057540040040-6712;057540040040;100mN32116E42124;SF;NA;2;88;D;F;75XX;NEP
057540040040-6712;057540040040;100mN32116E42124;SF;NA;2;34;W;M;3039;EMP
057540040040-6713;057540040040;100mN32116E42124;MC;NA;2;43;M;F;4049;NEP
057540040040-6713;057540040040;100mN32116E42124;MC;NA;2;50;M;M;5064;NEP
057540040040-6714;057540040040;100mN32116E42124;S;NA;1;56;W;M;5064;EMP
057540040040-6715;057540040040;100mN32116E42124;MC;OS;2;73;M;M;6574;EMP
057540040040-6715;057540040040;100mN32116E42124;MC;OS;2;72;M;F;6574;NEP
057540040040-6716;057540040040;100mN32103E42073;S;NA;1;31;M;M;3039;EMP
057540040040-6717;057540040040;100mN32116E42124;MC;NA;4;44;M;M;4049;EMP
057540040040-6717;057540040040;100mN32116E42124;MC;NA;4;35;M;F;3039;EMP
057540040040-6717;057540040040;100mN32116E42124;MC;NA;4;12;S;M;0614;NEP
057540040040-6717;057540040040;100mN32116E42124;MC;NA;4;16;S;F;1517;NEP
057540040040-6718;057540040040;100mN32116E42124;MC;NA;3;40;M;F;4049;EMP
057540040040-6718;057540040040;100mN32116E42124;MC;NA;3;44;M;M;4049;EMP
057540040040-6718;057540040040;100mN32116E42124;MC;NA;3;4;S;F;0305;NEP
057540040040-6719;057540040040;100mN32116E42124;SM;NA;2;75;D;M;75XX;EMP
057540040040-6719;057540040040;100mN32116E42124;SM;NA;2;2;S;F;0003;NEP
057540040040-6720;057540040040;100mN32139E42118;SF;NA;2;20;W;F;1824;NEP
057540040040-6720;057540040040;100mN32139E42118;SF;NA;2;4;S;M;0305;NEP
057540040040-6721;057540040040;100mN32116E42124;SF;NA;2;45;S;F;4049;NEP
057540040040-6721;057540040040;100mN32116E42124;SF;NA;2;11;S;F;0614;NEP
057540040040-6722;057540040040;100mN32116E42124;MC;NA;2;58;M;M;5064;EMP
057540040040-6722;057540040040;100mN32116E42124;MC;NA;2;55;M;F;5064;UEP
057540040040-6723;057540040040;100mN32116E42124;MC;OS;2;65;M;F;6574;EMP
057540040040-6723;057540040040;100mN32116E42124;MC;OS;2;66;M;M;6574;NEP
057540040040-6724;057540040040;100mN32118E42125;MC;MIX;3;70;W;F;6574;NEP
057540040040-6724;057540040040;100mN32118E42125;MC;MIX;3;31;M;M;3039;EMP
057540040040-6724;057540040040;100mN32118E42125;MC;MIX;3;31;M;F;3039;EMP
057540040040-6725;057540040040;100mN32116E42124;S;NA;1;53;M;F;5064;NEP
057540040040-6726;057540040040;100mN32116E42124;S;OS;1;50;D;F;5064;NEP
057540040040-6727;057540040040;100mN32116E42124;S;NA;1;20;M;M;1824;NEP
057540040040-6728;057540040040;100mN32126E42113;MC;MIX;2;73;M;F;6574;NEP
057540040040-6728;057540040040;100mN32126E42113;MC;MIX;2;47;S;M;4049;EMP
057540040040-6729;057540040040;100mN32116E42124;MC;NA;2;51;M;M;5064;NEP
057540040040-6729;057540040040;100mN32116E42124;MC;NA;2;48;M;F;4049;NEP
057540040040-6730;057540040040;100mN32116E42124;S;OS;1;53;M;M;5064;NEP
057540040040-6731;057540040040;100mN32116E42124;MC;OS;2;87;M;M;75XX;EMP
057540040040-6731;057540040040;100mN32116E42124;MC;OS;2;78;M;F;75XX;EMP
057540040040-6732;057540040040;100mN32123E42123;MC;NA;2;63;M;M;5064;EMP
057540040040-6732;057540040040;100mN32123E42123;MC;NA;2;61;S;M;5064;EMP
057540040040-6733;057540040040;100mN32116E42124;S;NA;1;20;D;M;1824;EMP
057540040040-6734;057540040040;100mN32103E42071;S;NA;1;42;W;F;4049;EMP
057540040040-6735;057540040040;100mN32116E42124;S;NA;1;61;S;M;5064;EMP
057540040040-6736;057540040040;100mN32097E42070;MC;NA;4;20;M;F;1824;EMP
057540040040-6736;057540040040;100mN32097E42070;MC;NA;4;21;M;M;1824;EMP
057540040040-6736;057540040040;100mN32097E42070;MC;NA;4;0;S;F;0003;NEP
057540040040-6736;057540040040;100mN32097E42070;MC;NA;4;0;S;M;0003;NEP
057540040040-6737;057540040040;100mN32116E42124;PO;OS;2;75;S;M;75XX;EMP
057540040040-6737;057540040040;100mN32116E42124;PO;OS;2;66;S;F;6574;NEP
057540040040-6738;057540040040;100mN32118E42121;S;NA;1;73;D;M;6574;EMP
057540040040-6739;057540040040;100mN32116E42124;PO;NA;2;44;S;M;4049;EMP
057540040040-6739;057540040040;100mN32116E42124;PO;NA;2;44;S;M;4049;EMP
057540040040-6740;057540040040;100mN32116E42124;S;NA;1;45;S;M;4049;NEP
057540040040-6741;057540040040;100mN32116E42124;S;NA;1;65;W;F;6574;EMP
057540040040-6742;057540040040;100mN32116E42124;PO;NA;2;47;S;M;4049;EMP
057540040040-6742;057540040040;100mN32116E42124;PO;NA;2;41;S;F;4049;EMP
057540040040-6743;057540040040;100mN32111E42082;MC;MIX;3;67;S;M;6574;EMP
057540040040-6743;057540040040;100mN32111E42082;MC;MIX;3;47;M;F;4049;EMP
057540040040-6743;057540040040;100mN32111E42082;MC;MIX;3;48;M;M;4049;NEP
057540040040-6744;057540040040;100mN32111E42082;SF;NA;4;83;S;F;75XX;NEP
057540040040-6744;057540040040;100mN32111E42082;SF;NA;4;15;S;F;1517;NEP
057540040040-6744;057540040040;100mN32111E42082;SF;NA;4;7;S;F;0614;NEP
057540040040-6744;057540040040;100mN32111E42082;SF;NA;4;13;S;M;0614;NEP
057540040040-6745;057540040040;100mN32124E42146;SF;NA;3;33;S;F;3039;NEP
057540040040-6745;057540040040;100mN32124E42146;SF;NA;3;18;M;F;1824;EMP
057540040040-6745;057540040040;100mN32124E42146;SF;NA;3;18;S;M;1824;EMP
057540040040-6746;057540040040;100mN32101E42099;MC;NA;3;32;M;M;3039;EMP
057540040040-6746;057540040040;100mN32101E42099;MC;NA;3;28;M;F;2529;EMP
057540040040-6746;057540040040;100mN32101E42099;MC;NA;3;3;S;M;0305;NEP
057540040040-6747;057540040040;100mN32111E42123;S;NA;1;31;W;F;3039;EMP
057540040040-6748;057540040040;100mN32115E42127;PO;NA;2;48;S;F;4049;UEP
057540040040-6748;057540040040;100mN32115E42127;PO;NA;2;50;S;F;5064;NEP
057540040040-6749;057540040040;100mN32114E42132;MC;NA;2;28;M;F;2529;EMP
057540040040-6749;057540040040;100mN32114E42132;MC;NA;2;36;M;M;3039;NEP
057540040040-6750;057540040040;100mN32114E42132;MC;NA;2;46;M;F;4049;NEP
057540040040-6750;057540040040;100mN32114E42132;MC;NA;2;42;M;M;4049;NEP
057540040040-6751;057540040040;100mN32139E42124;MC;NA;2;58;M;F;5064;EMP
057540040040-6751;057540040040;100mN32139E42124;MC;NA;2;61;M;M;5064;EMP
057540040040-6752;057540040040;100mN32114E42132;S;NA;1;58;D;F;5064;EMP
057540040040-6753;057540040040;100mN32114E42132;S;NA;1;54;S;F;5064;EMP
057540040040-6754;057540040040;100mN32114E42132;S;OS;1;68;M;F;6574;NEP
057540040040-6755;057540040040;100mN32114E42132;S;NA;1;70;M;F;6574;UEP
057540040040-6756;057540040040;100mN32114E42132;PO;NA;2;44;S;F;4049;EMP
057540040040-6756;057540040040;100mN32114E42132;PO;NA;2;46;S;F;4049;NEP
057540040040-6757;057540040040;100mN32118E42130;SF;NA;3;38;S;F;3039;UEP
057540040040-6757;057540040040;100mN32118E42130;SF;NA;3;22;M;F;1824;NEP
057540040040-6757;057540040040;100mN32118E42130;SF;NA;3;7;S;F;0614;NEP
057540040040-6758;057540040040;100mN32115E42113;MC;NA;2;36;M;F;3039;EMP
057540040040-6758;057540040040;100mN32115E42113;MC;NA;2;36;M;M;3039;EMP
057540040040-6759;057540040040;100mN32114E42132;NA;NA;3;32;S;M;3039;EMP
057540040040-6759;057540040040;100mN32114E42132;NA;NA;3;45;S;F;4049;EMP
057540040040-6759;057540040040;100mN32114E42132;NA;NA;3;67;D;F;6574;EMP
057540040040-6760;057540040040;100mN32114E42132;MC;OS;3;78;M;F;75XX;EMP
057540040040-6760;057540040040;100mN32114E42132;MC;OS;3;67;M;M;6574;EMP
057540040040-6760;057540040040;100mN32114E42132;MC;OS;3;68;W;F;6574;NEP
057540040040-6761;057540040040;100mN32140E42121;MC;OS;2;87;M;M;75XX;EMP
057540040040-6761;057540040040;100mN32140E42121;MC;OS;2;86;M;F;75XX;EMP
057540040040-6762;057540040040;100mN32140E42121;PO;NA;4;55;S;F;5064;NEP
057540040040-6762;057540040040;100mN32140E42121;PO;NA;4;62;S;M;5064;NEP
057540040040-6762;057540040040;100mN32140E42121;PO;NA;4;12;S;F;0614;NEP
057540040040-6762;057540040040;100mN32140E42121;PO;NA;4;3;S;M;0305;NEP
057540040040-6763;057540040040;100mN32117E42125;MC;MIX;2;71;M;F;6574;EMP
057540040040-6763;057540040040;100mN32117E42125;MC;MIX;2;62;M;M;5064;EMP
057540040040-6764;057540040040;100mN32125E42143;MC;NA;3;45;M;F;4049;NEP
057540040040-6764;057540040040;100mN32125E42143;MC;NA;3;48;M;M;4049;EMP
057540040040-6764;057540040040;100mN32125E42143;MC;NA;3;3;S;M;0305;NEP
057540040040-6765;057540040040;100mN32125E42143;MC;OS;2;89;M;M;75XX;NEP
057540040040-6765;057540040040;100mN32125E42143;MC;OS;2;86;M;F;75XX;NEP
057540040040-6766;057540040040;100mN32125E42143;S;OS;1;67;M;M;6574;EMP
057540040040-6767;057540040040;100mN32125E42143;S;NA;1;40;P;F;4049;EMP
057540040040-6768;057540040040;100mN32125E42143;MC;NA;3;59;M;M;5064;EMP
057540040040-6768;057540040040;100mN32125E42143;MC;NA;3;66;W;F;6574;EMP
057540040040-6768;057540040040;100mN32125E42143;MC;NA;3;11;S;M;0614;NEP
057540040040-6769;057540040040;100mN32125E42143;MC;NA;4;46;M;M;4049;NEP
057540040040-6769;057540040040;100mN32125E42143;MC;NA;4;45;M;F;4049;EMP
057540040040-6769;057540040040;100mN32125E42143;MC;NA;4;10;S;M;0614;NEP
057540040040-6769;057540040040;100mN32125E42143;MC;NA;4;8;S;M;0614;NEP
057540040040-6770;057540040040;100mN32111E42121;S;OS;1;25;D;M;2529;NEP
057540040040-6771;057540040040;100mN32125E42143;S;NA;1;42;W;F;4049;EMP
057540040040-6772;057540040040;100mN32125E42143;MC;NA;6;30;M;F;3039;EMP
057540040040-6772;057540040040;100mN32125E42143;MC;NA;6;35;M;M;3039;EMP
057540040040-6772;057540040040;100mN32125E42143;MC;NA;6;10;S;M;0614;NEP
057540040040-6772;057540040040;100mN32125E42143;MC;NA;6;11;S;F;0614;NEP
057540040040-6772;057540040040;100mN32125E42143;MC;NA;6;15;S;F;1517;EMP
057540040040-6772;057540040040;100mN32125E42143;MC;NA;6;8;S;M;0614;NEP
057540040040-6773;057540040040;100mN32125E42143;MC;NA;3;56;M;F;5064;EMP
057540040040-6773;057540040040;100mN32125E42143;MC;NA;3;61;M;M;5064;NEP
057540040040-6773;057540040040;100mN32125E42143;MC;NA;3;21;D;M;1824;NEP
057540040040-6774;057540040040;100mN32125E42143;MC;NA;4;45;M;F;4049;EMP
057540040040-6774;057540040040;100mN32125E42143;MC;NA;4;37;M;M;3039;EMP
057540040040-6774;057540040040;100mN32125E42143;MC;NA;4;7;S;F;0614;NEP
057540040040-6774;057540040040;100mN32125E42143;MC;NA;4;9;S;F;0614;NEP
057540040040-6775;057540040040;100mN32125E42143;PO;OS;3;67;S;M;6574;EMP
057540040040-6775;057540040040;100mN32125E42143;PO;OS;3;67;S;F;6574;EMP
057540040040-6775;057540040040;100mN32125E42143;PO;OS;3;85;M;M;75XX;EMP
057540040040-6776;057540040040;100mN32125E42143;MC;OS;2;70;M;F;6574;EMP
057540040040-6776;057540040040;100mN32125E42143;MC;OS;2;78;M;M;75XX;EMP
057540040040-6777;057540040040;100mN32117E42123;MC;NA;4;38;M;F;3039;EMP
057540040040-6777;057540040040;100mN32117E42123;MC;NA;4;40;M;M;4049;NEP
057540040040-6777;057540040040;100mN32117E42123;MC;NA;4;12;S;M;0614;NEP
057540040040-6777;057540040040;100mN32117E42123;MC;NA;4;7;S;F;0614;NEP
057540040040-6778;057540040040;100mN32127E42133;S;NA;1;23;M;F;1824;NEP
057540040040-6779;057540040040;100mN32127E42133;MC;OS;4;71;M;F;6574;NEP
057540040040-6779;057540040040;100mN32127E42133;MC;OS;4;71;M;M;6574;EMP
057540040040-6779;057540040040;100mN32127E42133;MC;OS;4;79;M;F;75XX;NEP
057540040040-6779;057540040040;100mN32127E42133;MC;OS;4;73;S;F;6574;EMP
057540040040-6780;057540040040;100mN32118E42121;MC;OS;4;71;M;F;6574;EMP
057540040040-6780;057540040040;100mN32118E42121;MC;OS;4;73;M;M;6574;NEP
057540040040-6780;057540040040;100mN32118E42121;MC;OS;4;79;M;M;75XX;EMP
057540040040-6780;057540040040;100mN32118E42121;MC;OS;4;75;M;F;75XX;EMP
057540040040-6781;057540040040;100mN32124E42142;NA;NA;4;41;S;F;4049;EMP
057540040040-6781;057540040040;100mN32124E42142;NA;NA;4;16;S;F;1517;NEP
057540040040-6781;057540040040;100mN32124E42142;NA;NA;4;43;S;F;4049;NEP
057540040040-6781;057540040040;100mN32124E42142;NA;NA;4;32;D;F;3039;NEP
057540040040-6782;057540040040;100mN32114E42126;SF;NA;4;38;W;F;3039;EMP
057540040040-6782;057540040040;100mN32114E42126;SF;NA;4;4;S;F;0305;NEP
057540040040-6782;057540040040;100mN32114E42126;SF;NA;4;4;S;M;0305;NEP
057540040040-6782;057540040040;100mN32114E42126;SF;NA;4;6;S;M;0614;NEP
057540040040-6783;057540040040;100mN32114E42126;S;NA;1;55;S;F;5064;NEP
057540040040-6784;057540040040;100mN32114E42126;S;NA;1;28;W;M;2529;NEP
057540040040-6785;057540040040;100mN32114E42126;S;NA;1;83;S;M;75XX;NEP
057540040040-6786;057540040040;100mN32114E42126;S;NA;1;89;W;F;75XX;NEP
057540040040-6787;057540040040;100mN32114E42126;MC;MIX;3;76;D;F;75XX;EMP
057540040040-6787;057540040040;100mN32114E42126;MC;MIX;3;43;M;F;4049;EMP
057540040040-6787;057540040040;100mN32114E42126;MC;MIX;3;45;M;M;4049;NEP
057540040040-6788;057540040040;100mN32114E42126;MC;NA;2;36;M;F;3039;EMP
057540040040-6788;057540040040;100mN32114E42126;MC;NA;2;37;M;M;3039;NEP
057540040040-6789;057540040040;100mN32114E42126;MC;MIX;2;72;M;F;6574;NEP
057540040040-6789;057540040040;100mN32114E42126;MC;MIX;2;72;S;F;6574;EMP
057540040040-6790;057540040040;100mN32107E42144;MC;MIX;3;87;M;M;75XX;EMP
057540040040-6790;057540040040;100mN32107E42144;MC;MIX;3;27;M;M;2529;EMP
057540040040-6790;057540040040;100mN32107E42144;MC;MIX;3;20;M;F;1824;EMP
057540040040-6791;057540040040;100mN32114E42126;PO;NA;2;31;S;M;3039;NEP
057540040040-6791;057540040040;100mN32114E42126;PO;NA;2;30;S;M;3039;EMP
057540040040-6792;057540040040;100mN32114E42126;SF;NA;2;52;W;F;5064;EMP
057540040040-6792;057540040040;100mN32114E42126;SF;NA;2;6;S;M;0614;NEP
057540040040-6793;057540040040;100mN32114E42126;S;NA;1;82;S;M;75XX;EMP
057540040040-6794;057540040040;100mN32114E42126;S;NA;1;52;D;F;5064;NEP
057540040040-6795;057540040040;100mN32114E42126;S;OS;1;26;M;F;2529;EMP
057540040040-6796;057540040040;100mN32114E42126;MC;NA;3;43;M;F;4049;UEP
057540040040-6796;057540040040;100mN32114E42126;MC;NA;3;47;M;M;4049;EMP
057540040040-6796;057540040040;100mN32114E42126;MC;NA;3;1;S;M;0003;NEP
057540040040-6797;057540040040;100mN32114E42126;S;NA;1;53;D;F;5064;EMP
057540040040-6798;057540040040;100mN32114E42126;MC;MIX;2;73;M;M;6574;EMP
057540040040-6798;057540040040;100mN32114E42126;MC;MIX;2;58;M;F;5064;NEP
057540040040-6799;057540040040;100mN32114E42126;MC;OS;2;72;M;F;6574;NEP
057540040040-6799;057540040040;100mN32114E42126;MC;OS;2;75;M;M;75XX;EMP
057540040040-6800;057540040040;100mN32117E42132;PO;NA;3;47;S;F;4049;EMP
057540040040-6800;057540040040;100mN32117E42132;PO;NA;3;47;S;M;4049;EMP
057540040040-6800;057540040040;100mN32117E42132;PO;NA;3;13;S;F;0614;NEP
057540040040-6801;057540040040;100mN32127E42143;PO;OS;2;85;S;F;75XX;UEP
057540040040-6801;057540040040;100mN32127E42143;PO;OS;2;89;S;F;75XX;EMP
057540040040-6802;057540040040;100mN32114E42126;S;OS;1;32;W;F;3039;NEP
057540040040-6803;057540040040;100mN32114E42126;MC;OS;3;83;M;F;75XX;EMP
057540040040-6803;057540040040;100mN32114E42126;MC;OS;3;86;M;M;75XX;NEP
057540040040-6803;057540040040;100mN32114E42126;MC;OS;3;80;D;M;75XX;EMP
057540040040-6804;057540040040;100mN32114E42126;MC;NA;4;45;M;M;4049;EMP
057540040040-6804;057540040040;100mN32114E42126;MC;NA;4;43;M;F;4049;EMP
057540040040-6804;057540040040;100mN32114E42126;MC;NA;4;26;S;M;2529;EMP
057540040040-6804;057540040040;100mN32114E42126;MC;NA;4;30;D;M;3039;EMP
057540040040-6805;057540040040;100mN32103E42071;S;NA;1;42;W;F;4049;EMP
057540040040-6806;057540040040;100mN32114E42126;MC;NA;2;51;M;F;5064;EMP
057540040040-6806;057540040040;100mN32114E42126;MC;NA;2;58;M;M;5064;EMP
057540040040-6807;057540040040;100mN32114E42126;S;NA;1;63;M;M;5064;EMP
057540040040-6808;057540040040;100mN32114E42126;MC;NA;4;47;M;F;4049;NEP
057540040040-6808;057540040040;100mN32114E42126;MC;NA;4;56;M;M;5064;EMP
057540040040-6808;057540040040;100mN32114E42126;MC;NA;4;7;S;F;0614;NEP
057540040040-6808;057540040040;100mN32114E42126;MC;NA;4;15;S;M;1517;EMP
057540040040-6809;057540040040;100mN32114E42126;S;NA;1;44;S;M;4049;EMP
057540040040-6810;057540040040;100mN32114E42126;S;NA;1;46;M;M;4049;EMP
057540040040-6811;057540040040;100mN32114E42126;MC;NA;3;53;M;F;5064;EMP
057540040040-6811;057540040040;100mN32114E42126;MC;NA;3;59;M;M;5064;EMP
057540040040-6811;057540040040;100mN32114E42126;MC;NA;3;3;S;F;0305;NEP
057540040040-6812;057540040040;100mN32114E42126;MC;OS;4;67;M;M;6574;NEP
057540040040-6812;057540040040;100mN32114E42126;MC;OS;4;72;M;F;6574;UEP
057540040040-6812;057540040040;100mN32114E42126;MC;OS;4;85;M;F;75XX;NEP
057540040040-6812;057540040040;100mN32114E42126;MC;OS;4;67;D;M;6574;EMP
057540040040-6813;057540040040;100mN32114E42126;MC;NA;2;32;M;F;3039;NEP
057540040040-6813;057540040040;100mN32114E42126;MC;NA;2;47;M;M;4049;EMP
057540040040-6814;057540040040;100mN32137E42121;MC;NA;3;22;M;M;1824;NEP
057540040040-6814;057540040040;100mN32137E42121;MC;NA;3;25;M;F;2529;EMP
057540040040-6814;057540040040;100mN32137E42121;MC;NA;3;0;S;M;0003;NEP
057540040040-6815;057540040040;100mN32114E42126;MC;NA;5;47;M;M;4049;EMP
057540040040-6815;057540040040;100mN32114E42126;MC;NA;5;44;M;F;4049;EMP
057540040040-6815;057540040040;100mN32114E42126;MC;NA;5;18;M;M;1824;EMP
057540040040-6815;057540040040;100mN32114E42126;MC;NA;5;3;S;F;0305;NEP
057540040040-6815;057540040040;100mN32114E42126;MC;NA;5;1;S;F;0003;NEP
057540040040-6816;057540040040;100mN32114E42126;MC;OS;2;89;M;M;75XX;NEP
057540040040-6816;057540040040;100mN32114E42126;MC;OS;2;81;M;F;75XX;EMP
057540040040-6817;057540040040;100mN32114E42126;SF;NA;6;47;W;F;4049;EMP
057540040040-6817;057540040040;100mN32114E42126;SF;NA;6;8;S;M;0614;NEP
057540040040-6817;057540040040;100mN32114E42126;SF;NA;6;6;S;F;0614;NEP
057540040040-6817;057540040040;100mN32114E42126;SF;NA;6;3;S;F;0305;NEP
057540040040-6817;057540040040;100mN32114E42126;SF;NA;6;2;S;F;0003;NEP
057540040040-6817;057540040040;100mN32114E42126;SF;NA;6;9;S;F;0614;NEP
057540040040-6818;057540040040;100mN32114E42126;MC;NA;4;55;M;M;5064;EMP
057540040040-6818;057540040040;100mN32114E42126;MC;NA;4;54;M;F;5064;EMP
057540040040-6818;057540040040;100mN32114E42126;MC;NA;4;26;M;M;2529;EMP
057540040040-6818;057540040040;100mN32114E42126;MC;NA;4;15;S;M;1517;EMP
057540040040-6819;057540040040;100mN32114E42126;S;OS;1;19;M;M;1824;EMP
057540040040-6820;057540040040;100mN32114E42126;S;OS;1;30;M;F;3039;NEP
057540040040-6821;057540040040;100mN32114E42126;MC;NA;2;40;M;M;4049;EMP
057540040040-6821;057540040040;100mN32114E42126;MC;NA;2;37;M;F;3039;EMP
057540040040-6822;057540040040;100mN32114E42126;MC;NA;2;54;M;M;5064;NEP
057540040040-6822;057540040040;100mN32114E42126;MC;NA;2;62;M;F;5064;NEP
057540040040-6823;057540040040;100mN32114E42126;MC;NA;3;40;M;M;4049;NEP
057540040040-6823;057540040040;100mN32114E42126;MC;NA;3;37;M;F;3039;NEP
057540040040-6823;057540040040;100mN32114E42126;MC;NA;3;4;S;M;0305;NEP
057540040040-6824;057540040040;100mN32139E42124;S;NA;1;54;W;F;5064;NEP
057540040040-6825;057540040040;100mN32114E42126;MC;OS;2;78;M;F;75XX;NEP
057540040040-6825;057540040040;100mN32114E42126;MC;OS;2;80;M;M;75XX;EMP
057540040040-6826;057540040040;100mN32136E42126;S;OS;1;19;M;M;1824;EMP
057540040040-6827;057540040040;100mN32114E42126;MC;MIX;2;67;M;F;6574;EMP
057540040040-6827;057540040040;100mN32114E42126;MC;MIX;2;15;S;M;1517;EMP
057540040040-6828;057540040040;100mN32114E42126;MC;NA;2;36;M;M;3039;EMP
057540040040-6828;057540040040;100mN32114E42126;MC;NA;2;34;M;F;3039;UEP
057540040040-6829;057540040040;100mN32113E42131;S;NA;1;40;D;M;4049;EMP
057540040040-6830;057540040040;100mN32114E42126;S;NA;1;62;M;M;5064;NEP
057540040040-6831;057540040040;100mN32139E42124;S;NA;1;22;S;M;1824;EMP
057540040040-6832;057540040040;100mN32114E42126;MC;MIX;2;66;M;F;6574;EMP
057540040040-6832;057540040040;100mN32114E42126;MC;MIX;2;15;S;F;1517;EMP
057540040040-6833;057540040040;100mN32114E42126;SM;NA;2;51;S;M;5064;EMP
057540040040-6833;057540040040;100mN32114E42126;SM;NA;2;23;W;F;1824;NEP
057540040040-6834;057540040040;100mN32114E42126;S;NA;1;44;W;F;4049;EMP
057540040040-6835;057540040040;100mN32114E42126;MC;NA;2;56;M;M;5064;EMP
057540040040-6835;057540040040;100mN32114E42126;MC;NA;2;58;M;F;5064;EMP
057540040040-6836;057540040040;100mN32114E42126;S;NA;1;45;S;M;4049;NEP
057540040040-6837;057540040040;100mN32114E42126;MC;MIX;2;70;M;F;6574;EMP
057540040040-6837;057540040040;100mN32114E42126;MC;MIX;2;61;M;M;5064;EMP
057540040040-6838;057540040040;100mN32114E42126;PO;MIX;2;77;S;F;75XX;EMP
057540040040-6838;057540040040;100mN32114E42126;PO;MIX;2;35;W;F;3039;NEP
057540040040-6839;057540040040;100mN32115E42125;MC;OS;3;66;M;F;6574;EMP
057540040040-6839;057540040040;100mN32115E42125;MC;OS;3;71;M;M;6574;EMP
057540040040-6839;057540040040;100mN32115E42125;MC;OS;3;69;S;F;6574;NEP
057540040040-6840;057540040040;100mN32114E42126;MC;NA;2;42;M;M;4049;NEP
057540040040-6840;057540040040;100mN32114E42126;MC;NA;2;40;M;F;4049;EMP
057540040040-6841;057540040040;100mN32114E42126;MC;NA;3;43;M;M;4049;NEP
057540040040-6841;057540040040;100mN32114E42126;MC;NA;3;35;M;F;3039;NEP
057540040040-6841;057540040040;100mN32114E42126;MC;NA;3;27;S;M;2529;EMP
057540040040-6842;057540040040;100mN32114E42126;S;OS;1;46;S;M;4049;EMP
057540040040-6843;057540040040;100mN32114E42126;MC;OS;2;71;M;M;6574;EMP
057540040040-6843;057540040040;100mN32114E42126;MC;OS;2;76;M;F;75XX;EMP
057540040040-6844;057540040040;100mN32114E42126;S;NA;1;31;S;F;3039;NEP
057540040040-6845;057540040040;100mN32114E42126;MC;NA;3;31;M;M;3039;EMP
057540040040-6845;057540040040;100mN32114E42126;MC;NA;3;25;M;F;2529;EMP
057540040040-6845;057540040040;100mN32114E42126;MC;NA;3;3;S;M;0305;NEP
057540040040-6846;057540040040;100mN32127E42139;MC;NA;2;55;M;F;5064;EMP
057540040040-6846;057540040040;100mN32127E42139;MC;NA;2;63;M;M;5064;EMP
057540040040-6847;057540040040;100mN32124E42142;MC;NA;4;37;M;M;3039;EMP
057540040040-6847;057540040040;100mN32124E42142;MC;NA;4;44;M;F;4049;NEP
057540040040-6847;057540040040;100mN32124E42142;MC;NA;4;19;M;F;1824;EMP
057540040040-6847;057540040040;100mN32124E42142;MC;NA;4;6;S;F;0614;NEP
057540040040-6848;057540040040;100mN32114E42126;S;NA;1;43;M;M;4049;EMP
057540040040-6849;057540040040;100mN32114E42126;SF;NA;2;46;S;F;4049;NEP
057540040040-6849;057540040040;100mN32114E42126;SF;NA;2;3;S;M;0305;NEP
057540040040-6850;057540040040;100mN32131E42135;S;NA;1;43;M;F;4049;UEP
057540040040-6851;057540040040;100mN32114E42126;S;NA;1;47;M;F;4049;NEP
057540040040-6852;057540040040;100mN32114E42126;MC;OS;2;86;M;F;75XX;NEP
057540040040-6852;057540040040;100mN32114E42126;MC;OS;2;87;M;M;75XX;EMP
057540040040-6853;057540040040;100mN32114E42126;MC;NA;5;32;M;M;3039;EMP
057540040040-6853;057540040040;100mN32114E42126;MC;NA;5;31;M;F;3039;UEP
057540040040-6853;057540040040;100mN32114E42126;MC;NA;5;2;S;F;0003;NEP
057540040040-6853;057540040040;100mN32114E42126;MC;NA;5;16;S;M;1517;NEP
057540040040-6853;057540040040;100mN32114E42126;MC;NA;5;9;S;F;0614;NEP
057540040040-6854;057540040040;100mN32114E42126;MC;NA;4;47;M;M;4049;EMP
057540040040-6854;057540040040;100mN32114E42126;MC;NA;4;43;M;F;4049;NEP
057540040040-6854;057540040040;100mN32114E42126;MC;NA;4;20;M;M;1824;EMP
057540040040-6854;057540040040;100mN32114E42126;MC;NA;4;1;S;M;0003;NEP
057540040040-6855;057540040040;100mN32124E42113;MC;OS;3;71;M;M;6574;NEP
057540040040-6855;057540040040;100mN32124E42113;MC;OS;3;80;M;F;75XX;NEP
057540040040-6855;057540040040;100mN32124E42113;MC;OS;3;69;M;F;6574;NEP
057540040040-6856;057540040040;100mN32113E42126;MC;MIX;2;87;M;F;75XX;EMP
057540040040-6856;057540040040;100mN32113E42126;MC;MIX;2;44;M;M;4049;EMP
057540040040-6857;057540040040;100mN32124E42113;PO;MIX;2;65;S;M;6574;EMP
057540040040-6857;057540040040;100mN32124E42113;PO;MIX;2;62;S;M;5064;NEP
057540040040-6858;057540040040;100mN32124E42113;S;NA;1;69;W;F;6574;UEP
057540040040-6859;057540040040;100mN32124E42113;S;NA;1;47;S;F;4049;EMP
057540040040-6860;057540040040;100mN32124E42113;S;NA;1;34;S;F;3039;NEP
057540040040-6861;057540040040;100mN32124E42113;NA;OS;4;72;M;F;6574;EMP
057540040040-6861;057540040040;100mN32124E42113;NA;OS;4;46;S;M;4049;EMP
057540040040-6861;057540040040;100mN32124E42113;NA;OS;4;32;M;M;3039;EMP
057540040040-6861;057540040040;100mN32124E42113;NA;OS;4;52;M;F;5064;NEP
057540040040-6862;057540040040;100mN32124E42113;MC;NA;3;43;M;M;4049;NEP
057540040040-6862;057540040040;100mN32124E42113;MC;NA;3;37;M;F;3039;NEP
057540040040-6862;057540040040;100mN32124E42113;MC;NA;3;10;S;F;0614;NEP
057540040040-6863;057540040040;100mN32124E42113;SF;NA;5;68;S;F;6574;EMP
057540040040-6863;057540040040;100mN32124E42113;SF;NA;5;47;D;F;4049;EMP
057540040040-6863;057540040040;100mN32124E42113;SF;NA;5;8;S;F;0614;NEP
057540040040-6863;057540040040;100mN32124E42113;SF;NA;5;1;S;M;0003;NEP
057540040040-6863;057540040040;100mN32124E42113;SF;NA;5;45;S;M;4049;EMP
057540040040-6864;057540040040;100mN32124E42113;MC;NA;3;47;M;M;4049;EMP
057540040040-6864;057540040040;100mN32124E42113;MC;NA;3;44;M;F;4049;NEP
057540040040-6864;057540040040;100mN32124E42113;MC;NA;3;3;S;M;0305;NEP
057540040040-6865;057540040040;100mN32124E42113;S;NA;1;43;W;F;4049;NEP
057540040040-6866;057540040040;100mN32124E42113;S;OS;1;60;S;M;5064;NEP
057540040040-6867;057540040040;100mN32124E42113;MC;MIX;5;66;M;F;6574;NEP
057540040040-6867;057540040040;100mN32124E42113;MC;MIX;5;41;M;F;4049;EMP
057540040040-6867;057540040040;100mN32124E42113;MC;MIX;5;43;M;M;4049;NEP
057540040040-6867;057540040040;100mN32124E42113;MC;MIX;5;20;M;M;1824;NEP
057540040040-6867;057540040040;100mN32124E42113;MC;MIX;5;26;W;F;2529;NEP
057540040040-6868;057540040040;100mN32124E42113;MC;NA;3;52;M;F;5064;EMP
057540040040-6868;057540040040;100mN32124E42113;MC;NA;3;62;M;M;5064;EMP
057540040040-6868;057540040040;100mN32124E42113;MC;NA;3;4;S;M;0305;NEP
057540040040-6869;057540040040;100mN32124E42113;MC;NA;2;53;M;F;5064;EMP
057540040040-6869;057540040040;100mN32124E42113;MC;NA;2;58;M;M;5064;EMP
057540040040-6870;057540040040;100mN32124E42113;MC;NA;5;35;M;F;3039;EMP
057540040040-6870;057540040040;100mN32124E42113;MC;NA;5;35;M;M;3039;NEP
057540040040-6870;057540040040;100mN32124E42113;MC;NA;5;4;S;F;0305;NEP
057540040040-6870;057540040040;100mN32124E42113;MC;NA;5;19;S;M;1824;EMP
057540040040-6870;057540040040;100mN32124E42113;MC;NA;5;20;M;M;1824;EMP
057540040040-6871;057540040040;100mN32124E42113;S;NA;1;60;S;F;5064;NEP
057540040040-6872;057540040040;100mN32124E42113;MC;NA;3;52;M;F;5064;EMP
057540040040-6872;057540040040;100mN32124E42113;MC;NA;3;61;M;M;5064;NEP
057540040040-6872;057540040040;100mN32124E42113;MC;NA;3;9;S;M;0614;NEP
057540040040-6873;057540040040;100mN32118E42121;MC;NA;4;48;M;F;4049;NEP
057540040040-6873;057540040040;100mN32118E42121;MC;NA;4;48;M;M;4049;EMP
057540040040-6873;057540040040;100mN32118E42121;MC;NA;4;6;S;F;0614;NEP
057540040040-6873;057540040040;100mN32118E42121;MC;NA;4;10;S;M;0614;NEP
057540040040-6874;057540040040;100mN32124E42113;S;OS;1;44;M;M;4049;EMP
057540040040-6875;057540040040;100mN32124E42113;MC;MIX;2;65;M;M;6574;NEP
057540040040-6875;057540040040;100mN32124E42113;MC;MIX;2;57;M;F;5064;NEP
057540040040-6876;057540040040;100mN32086E42058;S;NA;1;52;D;F;5064;NEP
057540040040-6877;057540040040;100mN32124E42113;S;OS;1;45;S;F;4049;NEP
057540040040-6878;057540040040;100mN32124E42113;MC;NA;3;60;M;F;5064;EMP
057540040040-6878;057540040040;100mN32124E42113;MC;NA;3;45;M;F;4049;EMP
057540040040-6878;057540040040;100mN32124E42113;MC;NA;3;12;S;M;0614;NEP
057540040040-6879;057540040040;100mN32136E42126;MC;NA;2;48;M;F;4049;NEP
057540040040-6879;057540040040;100mN32136E42126;MC;NA;2;51;M;M;5064;EMP
057540040040-6880;057540040040;100mN32136E42126;MC;MIX;3;84;D;M;75XX;EMP
057540040040-6880;057540040040;100mN32136E42126;MC;MIX;3;20;M;M;1824;EMP
057540040040-6880;057540040040;100mN32136E42126;MC;MIX;3;18;M;F;1824;UEP
057540040040-6881;057540040040;100mN32136E42127;S;NA;1;16;S;M;1517;EMP
057540040040-6882;057540040040;100mN32136E42126;PO;OS;3;65;S;F;6574;EMP
057540040040-6882;057540040040;100mN32136E42126;PO;OS;3;89;S;M;75XX;NEP
057540040040-6882;057540040040;100mN32136E42126;PO;OS;3;67;S;M;6574;EMP
057540040040-6883;057540040040;100mN32136E42126;MC;NA;4;62;M;M;5064;EMP
057540040040-6883;057540040040;100mN32136E42126;MC;NA;4;62;M;F;5064;NEP
057540040040-6883;057540040040;100mN32136E42126;MC;NA;4;42;M;M;4049;NEP
057540040040-6883;057540040040;100mN32136E42126;MC;NA;4;3;S;M;0305;NEP
057540040040-6884;057540040040;100mN32117E42129;S;NA;1;59;W;F;5064;NEP
057540040040-6885;057540040040;100mN32122E42119;MC;NA;4;37;M;F;3039;EMP
057540040040-6885;057540040040;100mN32122E42119;MC;NA;4;44;M;M;4049;EMP
057540040040-6885;057540040040;100mN32122E42119;MC;NA;4;21;W;M;1824;EMP
057540040040-6885;057540040040;100mN32122E42119;MC;NA;4;1;S;F;0003;NEP
057540040040-6886;057540040040;100mN32136E42126;S;OS;1;19;M;M;1824;EMP
057540040040-6887;057540040040;100mN32136E42126;S;OS;1;58;M;M;5064;EMP
057540040040-6888;057540040040;100mN32118E42125;S;OS;1;65;M;M;6574;EMP
057540040040-6889;057540040040;100mN32118E42130;S;NA;1;48;S;M;4049;EMP
057540040040-6890;057540040040;100mN32136E42126;SF;NA;2;80;S;F;75XX;NEP
057540040040-6890;057540040040;100mN32136E42126;SF;NA;2;37;S;F;3039;EMP
057540040040-6891;057540040040;100mN32136E42126;PO;NA;4;41;S;F;4049;NEP
057540040040-6891;057540040040;100mN32136E42126;PO;NA;4;42;S;M;4049;EMP
057540040040-6891;057540040040;100mN32136E42126;PO;NA;4;9;S;M;0614;NEP
057540040040-6891;057540040040;100mN32136E42126;PO;NA;4;10;S;F;0614;NEP
057540040040-6892;057540040040;100mN32117E42106;MC;NA;2;47;M;M;4049;EMP
057540040040-6892;057540040040;100mN32117E42106;MC;NA;2;47;M;F;4049;EMP
057540040040-6893;057540040040;100mN32117E42106;MC;NA;2;31;M;F;3039;NEP
057540040040-6893;057540040040;100mN32117E42106;MC;NA;2;37;M;M;3039;EMP
057540040040-6894;057540040040;100mN32117E42123;SF;NA;2;23;W;F;1824;EMP
057540040040-6894;057540040040;100mN32117E42123;SF;NA;2;7;S;M;0614;NEP
057540040040-6895;057540040040;100mN32124E42115;SF;NA;3;46;W;F;4049;NEP
057540040040-6895;057540040040;100mN32124E42115;SF;NA;3;19;S;M;1824;NEP
057540040040-6895;057540040040;100mN32124E42115;SF;NA;3;22;M;M;1824;NEP
057540040040-6896;057540040040;100mN32124E42115;S;OS;1;59;M;M;5064;NEP
057540040040-6897;057540040040;100mN32124E42115;S;NA;1;46;D;F;4049;EMP
057540040040-6898;057540040040;100mN32124E42115;S;OS;1;36;M;F;3039;EMP
057540040040-6899;057540040040;100mN32118E42120;MC;NA;4;53;M;F;5064;EMP
057540040040-6899;057540040040;100mN32118E42120;MC;NA;4;58;M;M;5064;EMP
057540040040-6899;057540040040;100mN32118E42120;MC;NA;4;12;S;F;0614;NEP
057540040040-6899;057540040040;100mN32118E42120;MC;NA;4;16;S;M;1517;EMP
057540040040-6900;057540040040;100mN32124E42115;S;NA;1;44;M;F;4049;NEP
057540040040-6901;057540040040;100mN32124E42115;MC;NA;3;32;M;M;3039;EMP
057540040040-6901;057540040040;100mN32124E42115;MC;NA;3;30;M;F;3039;EMP
057540040040-6901;057540040040;100mN32124E42115;MC;NA;3;10;S;F;0614;NEP
057540040040-6902;057540040040;100mN32124E42115;PO;MIX;2;68;S;F;6574;EMP
057540040040-6902;057540040040;100mN32124E42115;PO;MIX;2;59;D;M;5064;EMP
057540040040-6903;057540040040;100mN32124E42115;S;NA;1;71;D;F;6574;EMP
057540040040-6904;057540040040;100mN32124E42115;S;OS;1;57;S;M;5064;EMP
057540040040-6905;057540040040;100mN32124E42115;MC;NA;4;60;M;M;5064;NEP
057540040040-6905;057540040040;100mN32124E42115;MC;NA;4;56;M;F;5064;EMP
057540040040-6905;057540040040;100mN32124E42115;MC;NA;4;2;S;M;0003;NEP
057540040040-6905;057540040040;100mN32124E42115;MC;NA;4;8;S;F;0614;NEP
057540040040-6906;057540040040;100mN32117E42116;MC;OS;2;71;M;F;6574;EMP
057540040040-6906;057540040040;100mN32117E42116;MC;OS;2;72;M;M;6574;EMP
057540040040-6907;057540040040;100mN32127E42114;S;NA;1;35;M;F;3039;EMP
057540040040-6908;057540040040;100mN32118E42133;MC;MIX;4;82;D;F;75XX;NEP
057540040040-6908;057540040040;100mN32118E42133;MC;MIX;4;46;M;M;4049;NEP
057540040040-6908;057540040040;100mN32118E42133;MC;MIX;4;37;M;F;3039;NEP
057540040040-6908;057540040040;100mN32118E42133;MC;MIX;4;15;S;M;1517;NEP
057540040040-6909;057540040040;100mN32112E42116;MC;MIX;5;68;M;F;6574;EMP
057540040040-6909;057540040040;100mN32112E42116;MC;MIX;5;22;M;M;1824;NEP
057540040040-6909;057540040040;100mN32112E42116;MC;MIX;5;22;M;F;1824;NEP
057540040040-6909;057540040040;100mN32112E42116;MC;MIX;5;3;S;M;0305;NEP
057540040040-6909;057540040040;100mN32112E42116;MC;MIX;5;6;S;M;0614;NEP
057540040040-6910;057540040040;100mN32112E42118;MC;OS;4;79;M;M;75XX;NEP
057540040040-6910;057540040040;100mN32112E42118;MC;OS;4;79;M;F;75XX;EMP
057540040040-6910;057540040040;100mN32112E42118;MC;OS;4;84;S;F;75XX;NEP
057540040040-6910;057540040040;100mN32112E42118;MC;OS;4;83;W;F;75XX;EMP
057540040040-6911;057540040040;100mN32112E42116;MC;NA;5;53;M;F;5064;EMP
057540040040-6911;057540040040;100mN32112E42116;MC;NA;5;63;M;M;5064;EMP
057540040040-6911;057540040040;100mN32112E42116;MC;NA;5;25;D;M;2529;EMP
057540040040-6911;057540040040;100mN32112E42116;MC;NA;5;9;S;F;0614;NEP
057540040040-6911;057540040040;100mN32112E42116;MC;NA;5;27;M;M;2529;EMP
057540040040-6912;057540040040;100mN32112E42116;S;OS;1;46;M;M;4049;EMP
057540040040-6913;057540040040;100mN32112E42116;SF;NA;2;73;S;F;6574;EMP
057540040040-6913;057540040040;100mN32112E42116;SF;NA;2;3;S;M;0305;NEP
057540040040-6914;057540040040;100mN32112E42116;S;NA;1;36;M;F;3039;EMP
057540040040-6915;057540040040;100mN32113E42127;MC;NA;2;57;M;M;5064;EMP
057540040040-6915;057540040040;100mN32113E42127;MC;NA;2;56;M;F;5064;NEP
057540040040-6916;057540040040;100mN32117E42124;S;OS;1;45;S;M;4049;NEP
057540040040-6917;057540040040;100mN32117E42112;MC;NA;3;47;M;M;4049;EMP
057540040040-6917;057540040040;100mN32117E42112;MC;NA;3;46;M;F;4049;NEP
057540040040-6917;057540040040;100mN32117E42112;MC;NA;3;15;S;F;1517;NEP
057540040040-6918;057540040040;100mN32117E42112;S;OS;1;57;W;F;5064;EMP
057540040040-6919;057540040040;100mN32117E42112;S;NA;1;40;S;F;4049;EMP
057540040040-6920;057540040040;100mN32117E42112;PO;NA;3;32;S;F;3039;NEP
057540040040-6920;057540040040;100mN32117E42112;PO;NA;3;18;S;F;1824;EMP
057540040040-6920;057540040040;100mN32117E42112;PO;NA;3;2;S;F;0003;NEP
057540040040-6921;057540040040;100mN32111E42118;S;NA;1;86;W;F;75XX;EMP
057540040040-6922;057540040040;100mN32126E42145;MC;NA;2;56;M;F;5064;EMP
057540040040-6922;057540040040;100mN32126E42145;MC;NA;2;59;M;M;5064;EMP
057540040040-6923;057540040040;100mN32126E42145;S;OS;1;22;M;M;1824;NEP
057540040040-6924;057540040040;100mN32126E42145;S;NA;1;60;S;M;5064;EMP
057540040040-6925;057540040040;100mN32126E42145;S;OS;1;52;S;F;5064;EMP
057540040040-6926;057540040040;100mN32126E42145;S;OS;1;62;M;M;5064;EMP
057540040040-6927;057540040040;100mN32124E42116;MC;NA;2;34;M;M;3039;EMP
057540040040-6927;057540040040;100mN32124E42116;MC;NA;2;38;M;F;3039;EMP
057540040040-6928;057540040040;100mN32126E42145;S;OS;1;59;S;M;5064;NEP
057540040040-6929;057540040040;100mN32126E42145;S;NA;1;40;M;M;4049;NEP
057540040040-6930;057540040040;100mN32126E42145;S;NA;1;44;D;M;4049;NEP
057540040040-6931;057540040040;100mN32126E42145;MC;MIX;4;65;M;F;6574;EMP
057540040040-6931;057540040040;100mN32126E42145;MC;MIX;4;23;M;F;1824;EMP
057540040040-6931;057540040040;100mN32126E42145;MC;MIX;4;20;M;M;1824;EMP
057540040040-6931;057540040040;100mN32126E42145;MC;MIX;4;6;S;F;0614;NEP
057540040040-6932;057540040040;100mN32126E42145;PO;MIX;3;78;S;F;75XX;NEP
057540040040-6932;057540040040;100mN32126E42145;PO;MIX;3;38;S;M;3039;EMP
057540040040-6932;057540040040;100mN32126E42145;PO;MIX;3;34;S;F;3039;NEP
057540040040-6933;057540040040;100mN32126E42145;S;OS;1;23;W;M;1824;EMP
057540040040-6934;057540040040;100mN32125E42116;MC;NA;2;34;M;M;3039;EMP
057540040040-6934;057540040040;100mN32125E42116;MC;NA;2;28;M;F;2529;EMP
057540040040-6935;057540040040;100mN32126E42145;S;NA;1;84;M;F;75XX;UEP
057540040040-6936;057540040040;100mN32141E42120;MC;NA;4;38;M;M;3039;EMP
057540040040-6936;057540040040;100mN32141E42120;MC;NA;4;36;M;F;3039;NEP
057540040040-6936;057540040040;100mN32141E42120;MC;NA;4;15;S;M;1517;EMP
057540040040-6936;057540040040;100mN32141E42120;MC;NA;4;9;S;F;0614;NEP
057540040040-6937;057540040040;100mN32112E42122;MC;NA;2;48;M;F;4049;EMP
057540040040-6937;057540040040;100mN32112E42122;MC;NA;2;53;M;M;5064;EMP
057540040040-6938;057540040040;100mN32118E42121;PO;OS;3;68;S;M;6574;EMP
057540040040-6938;057540040040;100mN32118E42121;PO;OS;3;89;S;F;75XX;EMP
057540040040-6938;057540040040;100mN32118E42121;PO;OS;3;81;D;F;75XX;EMP
057540040040-6939;057540040040;100mN32141E42120;SF;NA;2;48;S;F;4049;NEP
057540040040-6939;057540040040;100mN32141E42120;SF;NA;2;26;W;F;2529;NEP
057540040040-6940;057540040040;100mN32130E42138;MC;NA;4;52;M;M;5064;NEP
057540040040-6940;057540040040;100mN32130E42138;MC;NA;4;50;M;F;5064;EMP
057540040040-6940;057540040040;100mN32130E42138;MC;NA;4;36;S;F;3039;EMP
057540040040-6940;057540040040;100mN32130E42138;MC;NA;4;16;S;F;1517;EMP
057540040040-6941;057540040040;100mN32114E42131;MC;OS;2;67;M;F;6574;EMP
057540040040-6941;057540040040;100mN32114E42131;MC;OS;2;68;M;M;6574;EMP
057540040040-6942;057540040040;100mN32114E42131;MC;OS;2;84;M;F;75XX;UEP
057540040040-6942;057540040040;100mN32114E42131;MC;OS;2;81;M;M;75XX;EMP
057540040040-6943;057540040040;100mN32114E42131;S;NA;1;71;D;F;6574;NEP
057540040040-6944;057540040040;100mN32114E42131;MC;OS;3;78;M;F;75XX;EMP
057540040040-6944;057540040040;100mN32114E42131;MC;OS;3;84;M;M;75XX;EMP
057540040040-6944;057540040040;100mN32114E42131;MC;OS;3;71;M;M;6574;NEP
057540040040-6945;057540040040;100mN32114E42131;S;NA;1;61;M;M;5064;NEP
057540040040-6946;057540040040;100mN32114E42131;MC;NA;2;51;M;F;5064;NEP
057540040040-6946;057540040040;100mN32114E42131;MC;NA;2;63;M;M;5064;NEP
057540040040-6947;057540040040;100mN32117E42113;S;OS;1;45;M;M;4049;NEP
057540040040-6948;057540040040;100mN32114E42131;MC;NA;3;22;M;M;1824;EMP
057540040040-6948;057540040040;100mN32114E42131;MC;NA;3;18;M;F;1824;NEP
057540040040-6948;057540040040;100mN32114E42131;MC;NA;3;4;S;M;0305;NEP
057540040040-6949;057540040040;100mN32114E42131;MC;NA;3;33;M;F;3039;NEP
057540040040-6949;057540040040;100mN32114E42131;MC;NA;3;34;M;M;3039;EMP
057540040040-6949;057540040040;100mN32114E42131;MC;NA;3;6;S;F;0614;NEP
057540040040-6950;057540040040;100mN32114E42131;S;OS;1;21;M;M;1824;EMP
057540040040-6951;057540040040;100mN32114E42131;MC;NA;2;48;M;F;4049;EMP
057540040040-6951;057540040040;100mN32114E42131;MC;NA;2;50;M;M;5064;EMP
057540040040-6952;057540040040;100mN32136E42131;S;NA;1;68;W;F;6574;EMP
057540040040-6953;057540040040;100mN32114E42131;SF;NA;2;56;S;F;5064;EMP
057540040040-6953;057540040040;100mN32114E42131;SF;NA;2;9;S;F;0614;NEP
057540040040-6954;057540040040;100mN32114E42131;MC;NA;2;26;M;M;2529;NEP
057540040040-6954;057540040040;100mN32114E42131;MC;NA;2;34;M;F;3039;EMP
057540040040-6955;057540040040;100mN32114E42131;MC;NA;2;50;M;F;5064;EMP
057540040040-6955;057540040040;100mN32114E42131;MC;NA;2;58;M;M;5064;NEP
057540040040-6956;057540040040;100mN32114E42131;MC;NA;2;57;M;F;5064;EMP
057540040040-6956;057540040040;100mN32114E42131;MC;NA;2;61;M;M;5064;EMP
057540040040-6957;057540040040;100mN32114E42131;S;NA;1;43;S;F;4049;NEP
057540040040-6958;057540040040;100mN32114E42131;MC;OS;3;77;M;M;75XX;EMP
057540040040-6958;057540040040;100mN32114E42131;MC;OS;3;75;M;F;75XX;NEP
057540040040-6958;057540040040;100mN32114E42131;MC;OS;3;69;M;F;6574;EMP
057540040040-6959;057540040040;100mN32136E42131;S;OS;1;36;M;F;3039;NEP
057540040040-6960;057540040040;100mN32114E42131;S;NA;1;46;D;M;4049;NEP
057540040040-6961;057540040040;100mN32114E42131;MC;OS;2;71;M;F;6574;EMP
057540040040-6961;057540040040;100mN32114E42131;MC;OS;2;76;M;M;75XX;NEP
057540040040-6962;057540040040;100mN32094E42118;MC;NA;2;21;M;M;1824;EMP
057540040040-6962;057540040040;100mN32094E42118;MC;NA;2;18;M;F;1824;EMP
057540040040-6963;057540040040;100mN32114E42131;MC;NA;3;60;M;F;5064;NEP
057540040040-6963;057540040040;100mN32114E42131;MC;NA;3;65;W;F;6574;NEP
057540040040-6963;057540040040;100mN32114E42131;MC;NA;3;42;D;M;4049;EMP
057540040040-6964;057540040040;100mN32114E42131;MC;NA;4;31;M;F;3039;EMP
057540040040-6964;057540040040;100mN32114E42131;MC;NA;4;37;M;M;3039;EMP
057540040040-6964;057540040040;100mN32114E42131;MC;NA;4;6;S;F;0614;NEP
057540040040-6964;057540040040;100mN32114E42131;MC;NA;4;15;S;M;1517;NEP
057540040040-6965;057540040040;100mN32102E42072;MC;NA;5;61;M;M;5064;EMP
057540040040-6965;057540040040;100mN32102E42072;MC;NA;5;83;S;F;75XX;NEP
057540040040-6965;057540040040;100mN32102E42072;MC;NA;5;16;S;M;1517;EMP
057540040040-6965;057540040040;100mN32102E42072;MC;NA;5;10;S;F;0614;NEP
057540040040-6965;057540040040;100mN32102E42072;MC;NA;5;20;S;M;1824;EMP
057540040040-6966;057540040040;100mN32114E42131;S;NA;1;37;S;F;3039;EMP
057540040040-6967;057540040040;100mN32117E42122;MC;MIX;2;73;M;M;6574;NEP
057540040040-6967;057540040040;100mN32117E42122;MC;MIX;2;62;M;F;5064;EMP
057540040040-6968;057540040040;100mN32115E42113;MC;NA;2;36;M;F;3039;EMP
057540040040-6968;057540040040;100mN32115E42113;MC;NA;2;36;M;M;3039;EMP
057540040040-6969;057540040040;100mN32115E42113;MC;OS;2;67;M;M;6574;EMP
057540040040-6969;057540040040;100mN32115E42113;MC;OS;2;70;M;F;6574;EMP
057540040040-6970;057540040040;100mN32115E42113;S;NA;1;52;D;M;5064;NEP
057540040040-6971;057540040040;100mN32115E42113;MC;OS;3;89;M;M;75XX;EMP
057540040040-6971;057540040040;100mN32115E42113;MC;OS;3;83;M;F;75XX;EMP
057540040040-6971;057540040040;100mN32115E42113;MC;OS;3;66;M;F;6574;EMP
057540040040-6972;057540040040;100mN32115E42113;MC;NA;4;40;M;F;4049;NEP
057540040040-6972;057540040040;100mN32115E42113;MC;NA;4;40;M;M;4049;EMP
057540040040-6972;057540040040;100mN32115E42113;MC;NA;4;1;S;F;0003;NEP
057540040040-6972;057540040040;100mN32115E42113;MC;NA;4;19;M;M;1824;EMP
057540040040-6973;057540040040;100mN32115E42113;S;NA;1;34;M;F;3039;EMP
057540040040-6974;057540040040;100mN32112E42122;S;NA;1;50;M;M;5064;NEP
057540040040-6975;057540040040;100mN32112E42122;MC;OS;2;66;M;F;6574;NEP
057540040040-6975;057540040040;100mN32112E42122;MC;OS;2;73;M;M;6574;NEP
057540040040-6976;057540040040;100mN32112E42122;S;NA;1;48;W;M;4049;NEP
057540040040-6977;057540040040;100mN32112E42122;PO;NA;4;40;S;M;4049;EMP
057540040040-6977;057540040040;100mN32112E42122;PO;NA;4;38;S;M;3039;EMP
057540040040-6977;057540040040;100mN32112E42122;PO;NA;4;8;S;F;0614;NEP
057540040040-6977;057540040040;100mN32112E42122;PO;NA;4;16;S;F;1517;EMP
057540040040-6978;057540040040;100mN32112E42122;MC;MIX;2;79;M;F;75XX;EMP
057540040040-6978;057540040040;100mN32112E42122;MC;MIX;2;36;W;F;3039;EMP
057540040040-6979;057540040040;100mN32112E42122;MC;NA;3;32;M;M;3039;EMP
057540040040-6979;057540040040;100mN32112E42122;MC;NA;3;32;M;F;3039;EMP
057540040040-6979;057540040040;100mN32112E42122;MC;NA;3;15;S;M;1517;NEP
057540040040-6980;057540040040;100mN32112E42122;MC;NA;2;58;M;M;5064;EMP
057540040040-6980;057540040040;100mN32112E42122;MC;NA;2;52;M;F;5064;UEP
057540040040-6981;057540040040;100mN32112E42122;MC;OS;3;72;M;M;6574;EMP
057540040040-6981;057540040040;100mN32112E42122;MC;OS;3;69;M;F;6574;EMP
057540040040-6981;057540040040;100mN32112E42122;MC;OS;3;88;D;F;75XX;NEP
057540040040-6982;057540040040;100mN32112E42122;S;NA;1;55;M;F;5064;EMP
057540040040-6983;057540040040;100mN32112E42122;MC;NA;2;36;M;F;3039;NEP
057540040040-6983;057540040040;100mN32112E42122;MC;NA;2;40;M;M;4049;NEP
057540040040-6984;057540040040;100mN32112E42122;S;NA;1;28;M;M;2529;EMP
057540040040-6985;057540040040;100mN32112E42122;MC;NA;3;48;M;M;4049;EMP
057540040040-6985;057540040040;100mN32112E42122;MC;NA;3;50;M;F;5064;EMP
057540040040-6985;057540040040;100mN32112E42122;MC;NA;3;4;S;M;0305;NEP
057540040040-6986;057540040040;100mN32112E42122;S;NA;1;48;M;F;4049;UEP
057540040040-6987;057540040040;100mN32112E42122;MC;NA;2;48;M;F;4049;EMP
057540040040-6987;057540040040;100mN32112E42122;MC;NA;2;53;M;M;5064;EMP
057540040040-6988;057540040040;100mN32112E42122;PO;MIX;2;73;S;M;6574;EMP
057540040040-6988;057540040040;100mN32112E42122;PO;MIX;2;69;D;F;6574;NEP
057540040040-6989;057540040040;100mN32117E42123;MC;NA;2;25;M;F;2529;EMP
057540040040-6989;057540040040;100mN32117E42123;MC;NA;2;31;M;M;3039;EMP
057540040040-6990;057540040040;100mN32112E42122;S;NA;1;76;W;F;75XX;NEP
057540040040-6991;057540040040;100mN32112E42122;MC;NA;2;53;M;F;5064;NEP
057540040040-6991;057540040040;100mN32112E42122;MC;NA;2;45;M;M;4049;EMP
057540040040-6992;057540040040;100mN32112E42122;MC;MIX;2;66;M;M;6574;EMP
057540040040-6992;057540040040;100mN32112E42122;MC;MIX;2;63;M;F;5064;UEP
057540040040-6993;057540040040;100mN32112E42122;MC;OS;3;81;M;M;75XX;EMP
057540040040-6993;057540040040;100mN32112E42122;MC;OS;3;86;M;F;75XX;NEP
057540040040-6993;057540040040;100mN32112E42122;MC;OS;3;69;W;F;6574;EMP
057540040040-6994;057540040040;100mN32112E42122;MC;OS;2;87;M;M;75XX;EMP
057540040040-6994;057540040040;100mN32112E42122;MC;OS;2;86;M;F;75XX;EMP
057540040040-6995;057540040040;100mN32137E42121;S;NA;1;60;S;M;5064;NEP
057540040040-6996;057540040040;100mN32112E42122;S;NA;1;63;M;M;5064;NEP
057540040040-6997;057540040040;100mN32112E42122;S;NA;1;44;S;M;4049;NEP
057540040040-6998;057540040040;100mN32112E42122;S;NA;1;19;M;M;1824;NEP
057540040040-6999;057540040040;100mN32112E42122;MC;NA;4;18;M;F;1824;NEP
057540040040-6999;057540040040;100mN32112E42122;MC;NA;4;18;M;M;1824;EMP
057540040040-6999;057540040040;100mN32112E42122;MC;NA;4;3;S;F;0305;NEP
057540040040-6999;057540040040;100mN32112E42122;MC;NA;4;0;S;F;0003;NEP
057540040040-7000;057540040040;100mN32140E42117;PO;OS;2;89;S;F;75XX;EMP
057540040040-7000;057540040040;100mN32140E42117;PO;OS;2;27;W;F;2529;EMP
057540040040-7001;057540040040;100mN32140E42117;S;NA;1;76;M;M;75XX;EMP
057540040040-7002;057540040040;100mN32140E42117;S;NA;1;67;M;F;6574;UEP
057540040040-7003;057540040040;100mN32140E42117;MC;NA;4;41;M;F;4049;NEP
057540040040-7003;057540040040;100mN32140E42117;MC;NA;4;46;M;M;4049;NEP
057540040040-7003;057540040040;100mN32140E42117;MC;NA;4;13;S;M;0614;NEP
057540040040-7003;057540040040;100mN32140E42117;MC;NA;4;3;S;F;0305;NEP
057540040040-7004;057540040040;100mN32140E42117;S;NA;1;52;D;M;5064;NEP
057540040040-7005;057540040040;100mN32140E42117;MC;NA;3;63;M;M;5064;EMP
057540040040-7005;057540040040;100mN32140E42117;MC;NA;3;63;M;F;5064;NEP
057540040040-7005;057540040040;100mN32140E42117;MC;NA;3;9;S;M;0614;NEP
057540040040-7006;057540040040;100mN32140E42117;MC;NA;5;43;M;M;4049;EMP
057540040040-7006;057540040040;100mN32140E42117;MC;NA;5;41;M;F;4049;NEP
057540040040-7006;057540040040;100mN32140E42117;MC;NA;5;12;S;M;0614;NEP
057540040040-7006;057540040040;100mN32140E42117;MC;NA;5;15;S;F;1517;EMP
057540040040-7006;057540040040;100mN32140E42117;MC;NA;5;16;S;F;1517;EMP
057540040040-7007;057540040040;100mN32140E42117;MC;NA;2;62;M;M;5064;NEP
057540040040-7007;057540040040;100mN32140E42117;MC;NA;2;60;M;F;5064;EMP
057540040040-7008;057540040040;100mN32140E42117;MC;NA;5;48;M;F;4049;EMP
057540040040-7008;057540040040;100mN32140E42117;MC;NA;5;53;M;M;5064;NEP
057540040040-7008;057540040040;100mN32140E42117;MC;NA;5;6;S;M;0614;NEP
057540040040-7008;057540040040;100mN32140E42117;MC;NA;5;7;S;M;0614;NEP
057540040040-7008;057540040040;100mN32140E42117;MC;NA;5;21;M;M;1824;EMP
057540040040-7009;057540040040;100mN32140E42117;MC;OS;2;71;M;F;6574;EMP
057540040040-7009;057540040040;100mN32140E42117;MC;OS;2;70;M;M;6574;EMP
057540040040-7010;057540040040;100mN32140E42117;S;NA;1;50;S;M;5064;NEP
057540040040-7011;057540040040;100mN32140E42117;SF;NA;3;48;S;F;4049;EMP
057540040040-7011;057540040040;100mN32140E42117;SF;NA;3;2;S;F;0003;NEP
057540040040-7011;057540040040;100mN32140E42117;SF;NA;3;22;D;M;1824;EMP
057540040040-7012;057540040040;100mN32140E42117;MC;OS;2;73;M;F;6574;NEP
057540040040-7012;057540040040;100mN32140E42117;MC;OS;2;76;M;M;75XX;NEP
057540040040-7013;057540040040;100mN32140E42117;MC;NA;2;58;M;M;5064;EMP
057540040040-7013;057540040040;100mN32140E42117;MC;NA;2;54;M;F;5064;EMP
057540040040-7014;057540040040;100mN32140E42117;PO;NA;4;25;S;M;2529;EMP
057540040040-7014;057540040040;100mN32140E42117;PO;NA;4;22;S;M;1824;EMP
057540040040-7014;057540040040;100mN32140E42117;PO;NA;4;0;S;F;0003;NEP
057540040040-7014;057540040040;100mN32140E42117;PO;NA;4;0;S;M;0003;NEP
057540040040-7015;057540040040;100mN32136E42120;MC;MIX;4;76;S;F;75XX;NEP
057540040040-7015;057540040040;100mN32136E42120;MC;MIX;4;30;M;M;3039;EMP
057540040040-7015;057540040040;100mN32136E42120;MC;MIX;4;30;M;F;3039;EMP
057540040040-7015;057540040040;100mN32136E42120;MC;MIX;4;11;S;F;0614;NEP
057540040040-7016;057540040040;100mN32136E42120;MC;MIX;4;83;M;M;75XX;EMP
057540040040-7016;057540040040;100mN32136E42120;MC;MIX;4;63;M;M;5064;EMP
057540040040-7016;057540040040;100mN32136E42120;MC;MIX;4;56;M;F;5064;EMP
057540040040-7016;057540040040;100mN32136E42120;MC;MIX;4;8;S;F;0614;NEP
057540040040-7017;057540040040;100mN32136E42120;MC;MIX;4;89;M;M;75XX;NEP
057540040040-7017;057540040040;100mN32136E42120;MC;MIX;4;18;M;M;1824;NEP
057540040040-7017;057540040040;100mN32136E42120;MC;MIX;4;18;M;F;1824;NEP
057540040040-7017;057540040040;100mN32136E42120;MC;MIX;4;3;S;F;0305;NEP
057540040040-7018;057540040040;100mN32136E42120;MC;NA;4;47;M;F;4049;EMP
057540040040-7018;057540040040;100mN32136E42120;MC;NA;4;46;M;M;4049;EMP
057540040040-7018;057540040040;100mN32136E42120;MC;NA;4;13;S;F;0614;NEP
057540040040-7018;057540040040;100mN32136E42120;MC;NA;4;0;S;F;0003;NEP
057540040040-7019;057540040040;100mN32136E42120;S;NA;1;62;S;F;5064;EMP
057540040040-7020;057540040040;100mN32136E42120;MC;NA;3;23;M;F;1824;NEP
057540040040-7020;057540040040;100mN32136E42120;MC;NA;3;26;M;M;2529;NEP
057540040040-7020;057540040040;100mN32136E42120;MC;NA;3;6;S;M;0614;NEP
057540040040-7021;057540040040;100mN32132E42132;PO;NA;2;34;S;M;3039;EMP
057540040040-7021;057540040040;100mN32132E42132;PO;NA;2;28;S;M;2529;NEP
057540040040-7022;057540040040;100mN32117E42116;MC;NA;2;18;M;M;1824;NEP
057540040040-7022;057540040040;100mN32117E42116;MC;NA;2;18;M;F;1824;EMP
057540040040-7023;057540040040;100mN32136E42120;MC;NA;2;55;M;M;5064;EMP
057540040040-7023;057540040040;100mN32136E42120;MC;NA;2;18;M;F;1824;EMP
057540040040-7024;057540040040;100mN32136E42120;MC;NA;2;52;M;M;5064;NEP
057540040040-7024;057540040040;100mN32136E42120;MC;NA;2;43;M;F;4049;NEP
057540040040-7025;057540040040;100mN32136E42120;MC;OS;4;72;M;F;6574;NEP
057540040040-7025;057540040040;100mN32136E42120;MC;OS;4;73;M;M;6574;NEP
057540040040-7025;057540040040;100mN32136E42120;MC;OS;4;69;M;F;6574;EMP
057540040040-7025;057540040040;100mN32136E42120;MC;OS;4;72;M;M;6574;NEP
057540040040-7026;057540040040;100mN32136E42120;SM;NA;4;65;S;M;6574;EMP
057540040040-7026;057540040040;100mN32136E42120;SM;NA;4;40;S;M;4049;NEP
057540040040-7026;057540040040;100mN32136E42120;SM;NA;4;45;S;M;4049;NEP
057540040040-7026;057540040040;100mN32136E42120;SM;NA;4;11;S;M;0614;NEP
057540040040-7027;057540040040;100mN32131E42131;S;OS;1;68;W;F;6574;EMP
057540040040-7028;057540040040;100mN32136E42120;MC;MIX;3;71;M;F;6574;EMP
057540040040-7028;057540040040;100mN32136E42120;MC;MIX;3;55;M;F;5064;EMP
057540040040-7028;057540040040;100mN32136E42120;MC;MIX;3;63;M;M;5064;NEP
057540040040-7029;057540040040;100mN32136E42120;MC;NA;4;43;M;F;4049;EMP
057540040040-7029;057540040040;100mN32136E42120;MC;NA;4;48;M;M;4049;EMP
057540040040-7029;057540040040;100mN32136E42120;MC;NA;4;28;M;F;2529;EMP
057540040040-7029;057540040040;100mN32136E42120;MC;NA;4;13;S;F;0614;NEP
057540040040-7030;057540040040;100mN32124E42139;MC;NA;3;57;M;F;5064;EMP
057540040040-7030;057540040040;100mN32124E42139;MC;NA;3;58;M;M;5064;EMP
057540040040-7030;057540040040;100mN32124E42139;MC;NA;3;12;S;M;0614;NEP
057540040040-7031;057540040040;100mN32136E42120;MC;OS;4;77;M;F;75XX;NEP
057540040040-7031;057540040040;100mN32136E42120;MC;OS;4;79;M;M;75XX;EMP
057540040040-7031;057540040040;100mN32136E42120;MC;OS;4;69;S;M;6574;NEP
057540040040-7031;057540040040;100mN32136E42120;MC;OS;4;65;M;M;6574;EMP
057540040040-7032;057540040040;100mN32143E42115;MC;OS;4;79;M;M;75XX;EMP
057540040040-7032;057540040040;100mN32143E42115;MC;OS;4;78;M;F;75XX;NEP
057540040040-7032;057540040040;100mN32143E42115;MC;OS;4;68;M;M;6574;EMP
057540040040-7032;057540040040;100mN32143E42115;MC;OS;4;71;S;M;6574;EMP
057540040040-7033;057540040040;100mN32132E42133;S;OS;1;54;D;F;5064;NEP
057540040040-7034;057540040040;100mN32113E42126;MC;NA;4;30;M;F;3039;EMP
057540040040-7034;057540040040;100mN32113E42126;MC;NA;4;33;M;M;3039;EMP
057540040040-7034;057540040040;100mN32113E42126;MC;NA;4;15;S;F;1517;NEP
057540040040-7034;057540040040;100mN32113E42126;MC;NA;4;6;S;M;0614;NEP
057540040040-7035;057540040040;100mN32113E42126;MC;MIX;2;87;M;M;75XX;EMP
057540040040-7035;057540040040;100mN32113E42126;MC;MIX;2;52;S;M;5064;EMP
057540040040-7036;057540040040;100mN32113E42126;S;OS;1;51;M;F;5064;NEP
057540040040-7037;057540040040;100mN32113E42126;PO;MIX;4;87;M;F;75XX;EMP
057540040040-7037;057540040040;100mN32113E42126;PO;MIX;4;21;S;M;1824;EMP
057540040040-7037;057540040040;100mN32113E42126;PO;MIX;4;18;S;M;1824;EMP
057540040040-7037;057540040040;100mN32113E42126;PO;MIX;4;6;S;F;0614;NEP
057540040040-7038;057540040040;100mN32113E42126;MC;NA;2;63;M;F;5064;NEP
057540040040-7038;057540040040;100mN32113E42126;MC;NA;2;63;M;M;5064;EMP
057540040040-7039;057540040040;100mN32113E42126;MC;NA;3;28;M;F;2529;NEP
057540040040-7039;057540040040;100mN32113E42126;MC;NA;3;28;M;M;2529;EMP
057540040040-7039;057540040040;100mN32113E42126;MC;NA;3;10;S;M;0614;NEP
057540040040-7040;057540040040;100mN32113E42126;MC;NA;3;52;M;F;5064;NEP
057540040040-7040;057540040040;100mN32113E42126;MC;NA;3;54;M;M;5064;EMP
057540040040-7040;057540040040;100mN32113E42126;MC;NA;3;20;M;M;1824;EMP
057540040040-7041;057540040040;100mN32113E42126;MC;OS;6;68;M;M;6574;EMP
057540040040-7041;057540040040;100mN32113E42126;MC;OS;6;72;M;F;6574;EMP
057540040040-7041;057540040040;100mN32113E42126;MC;OS;6;81;M;M;75XX;EMP
057540040040-7041;057540040040;100mN32113E42126;MC;OS;6;78;S;F;75XX;NEP
057540040040-7041;057540040040;100mN32113E42126;MC;OS;6;78;M;M;75XX;NEP
057540040040-7041;057540040040;100mN32113E42126;MC;OS;6;86;M;M;75XX;EMP
057540040040-7042;057540040040;100mN32131E42135;S;NA;1;61;W;F;5064;EMP
057540040040-7043;057540040040;100mN32113E42126;S;OS;1;41;S;F;4049;EMP
057540040040-7044;057540040040;100mN32113E42126;S;NA;1;54;M;M;5064;NEP
057540040040-7045;057540040040;100mN32113E42126;MC;NA;2;37;M;M;3039;NEP
057540040040-7045;057540040040;100mN32113E42126;MC;NA;2;28;M;F;2529;EMP
057540040040-7046;057540040040;100mN32107E42053;NA;NA;2;45;M;F;4049;EMP
057540040040-7046;057540040040;100mN32107E42053;NA;NA;2;67;D;F;6574;EMP
057540040040-7047;057540040040;100mN32113E42126;MC;MIX;2;87;M;F;75XX;EMP
057540040040-7047;057540040040;100mN32113E42126;MC;MIX;2;44;M;M;4049;EMP
057540040040-7048;057540040040;100mN32113E42126;MC;NA;3;47;M;M;4049;EMP
057540040040-7048;057540040040;100mN32113E42126;MC;NA;3;46;M;F;4049;EMP
057540040040-7048;057540040040;100mN32113E42126;MC;NA;3;4;S;F;0305;NEP
057540040040-7049;057540040040;100mN32113E42126;MC;NA;3;51;M;F;5064;NEP
057540040040-7049;057540040040;100mN32113E42126;MC;NA;3;54;M;M;5064;EMP
057540040040-7049;057540040040;100mN32113E42126;MC;NA;3;12;S;M;0614;NEP
057540040040-7050;057540040040;100mN32113E42126;S;OS;1;33;M;F;3039;EMP
057540040040-7051;057540040040;100mN32113E42126;SF;NA;2;56;W;F;5064;NEP
057540040040-7051;057540040040;100mN32113E42126;SF;NA;2;3;S;F;0305;NEP
057540040040-7052;057540040040;100mN32113E42126;MC;NA;3;40;M;F;4049;EMP
057540040040-7052;057540040040;100mN32113E42126;MC;NA;3;32;M;M;3039;EMP
057540040040-7052;057540040040;100mN32113E42126;MC;NA;3;11;S;M;0614;NEP
057540040040-7053;057540040040;100mN32132E42134;S;NA;1;51;D;M;5064;EMP
057540040040-7054;057540040040;100mN32113E42126;MC;NA;3;50;M;F;5064;NEP
057540040040-7054;057540040040;100mN32113E42126;MC;NA;3;50;M;M;5064;EMP
057540040040-7054;057540040040;100mN32113E42126;MC;NA;3;4;S;F;0305;NEP
057540040040-7055;057540040040;100mN32115E42059;MC;OS;2;67;M;M;6574;NEP
057540040040-7055;057540040040;100mN32115E42059;MC;OS;2;67;M;F;6574;NEP
057540040040-7056;057540040040;100mN32115E42059;MC;MIX;2;67;M;F;6574;NEP
057540040040-7056;057540040040;100mN32115E42059;MC;MIX;2;20;S;M;1824;EMP
057540040040-7057;057540040040;100mN32115E42059;MC;NA;2;37;M;M;3039;NEP
057540040040-7057;057540040040;100mN32115E42059;MC;NA;2;37;M;F;3039;EMP
057540040040-7058;057540040040;100mN32103E42110;PO;NA;2;52;S;M;5064;EMP
057540040040-7058;057540040040;100mN32103E42110;PO;NA;2;56;S;F;5064;UEP
057540040040-7059;057540040040;100mN32103E42110;S;NA;1;65;S;F;6574;EMP
057540040040-7060;057540040040;100mN32103E42110;S;OS;1;57;S;M;5064;EMP
057540040040-7061;057540040040;100mN32124E42116;S;NA;1;31;S;F;3039;EMP
057540040040-7062;057540040040;100mN32124E42116;MC;MIX;4;82;M;F;75XX;EMP
057540040040-7062;057540040040;100mN32124E42116;MC;MIX;4;63;M;F;5064;NEP
057540040040-7062;057540040040;100mN32124E42116;MC;MIX;4;45;M;F;4049;NEP
057540040040-7062;057540040040;100mN32124E42116;MC;MIX;4;6;S;F;0614;NEP
057540040040-7063;057540040040;100mN32124E42116;MC;NA;3;32;M;M;3039;EMP
057540040040-7063;057540040040;100mN32124E42116;MC;NA;3;34;M;F;3039;EMP
057540040040-7063;057540040040;100mN32124E42116;MC;NA;3;8;S;M;0614;NEP
057540040040-7064;057540040040;100mN32124E42116;MC;NA;4;45;M;M;4049;EMP
057540040040-7064;057540040040;100mN32124E42116;MC;NA;4;46;M;F;4049;EMP
057540040040-7064;057540040040;100mN32124E42116;MC;NA;4;4;S;M;0305;NEP
057540040040-7064;057540040040;100mN32124E42116;MC;NA;4;15;S;F;1517;EMP
057540040040-7065;057540040040;100mN32118E42133;MC;MIX;2;80;M;M;75XX;EMP
057540040040-7065;057540040040;100mN32118E42133;MC;MIX;2;48;W;F;4049;EMP
057540040040-7066;057540040040;100mN32124E42116;MC;NA;2;46;M;M;4049;NEP
057540040040-7066;057540040040;100mN32124E42116;MC;NA;2;45;M;F;4049;EMP
057540040040-7067;057540040040;100mN32124E42116;S;NA;1;40;W;F;4049;EMP
057540040040-7068;057540040040;100mN32120E42140;S;NA;1;51;D;M;5064;EMP
057540040040-7069;057540040040;100mN32124E42116;MC;NA;2;34;M;M;3039;EMP
057540040040-7069;057540040040;100mN32124E42116;MC;NA;2;38;M;F;3039;EMP
057540040040-7070;057540040040;100mN32124E42116;MC;NA;3;43;M;F;4049;EMP
057540040040-7070;057540040040;100mN32124E42116;MC;NA;3;45;M;M;4049;EMP
057540040040-7070;057540040040;100mN32124E42116;MC;NA;3;7;S;M;0614;NEP
057540040040-7071;057540040040;100mN32124E42116;S;OS;1;61;M;F;5064;NEP
057540040040-7072;057540040040;100mN32124E42116;MC;NA;4;38;M;M;3039;EMP
057540040040-7072;057540040040;100mN32124E42116;MC;NA;4;32;M;F;3039;EMP
057540040040-7072;057540040040;100mN32124E42116;MC;NA;4;11;S;F;0614;NEP
057540040040-7072;057540040040;100mN32124E42116;MC;NA;4;15;S;M;1517;EMP
057540040040-7073;057540040040;100mN32127E42136;MC;MIX;3;72;S;M;6574;EMP
057540040040-7073;057540040040;100mN32127E42136;MC;MIX;3;53;M;F;5064;EMP
057540040040-7073;057540040040;100mN32127E42136;MC;MIX;3;53;M;M;5064;NEP
057540040040-7074;057540040040;100mN32117E42123;PC;NA;5;38;P;F;3039;EMP
057540040040-7074;057540040040;100mN32117E42123;PC;NA;5;37;M;F;3039;EMP
057540040040-7074;057540040040;100mN32117E42123;PC;NA;5;23;S;F;1824;NEP
057540040040-7074;057540040040;100mN32117E42123;PC;NA;5;10;S;M;0614;NEP
057540040040-7074;057540040040;100mN32117E42123;PC;NA;5;23;D;F;1824;EMP
057540040040-7075;057540040040;100mN32115E42109;MC;NA;3;41;M;F;4049;EMP
057540040040-7075;057540040040;100mN32115E42109;MC;NA;3;38;M;M;3039;NEP
057540040040-7075;057540040040;100mN32115E42109;MC;NA;3;9;S;M;0614;NEP
057540040040-7076;057540040040;100mN32124E42116;S;OS;1;60;S;M;5064;NEP
057540040040-7077;057540040040;100mN32124E42116;S;NA;1;73;S;M;6574;EMP
057540040040-7078;057540040040;100mN32124E42116;MC;NA;2;30;M;M;3039;NEP
057540040040-7078;057540040040;100mN32124E42116;MC;NA;2;22;M;F;1824;NEP
057540040040-7079;057540040040;100mN32118E42121;S;OS;1;26;W;M;2529;NEP
057540040040-7080;057540040040;100mN32115E42127;MC;MIX;2;72;M;F;6574;EMP
057540040040-7080;057540040040;100mN32115E42127;MC;MIX;2;59;W;F;5064;NEP
057540040040-7081;057540040040;100mN32134E42148;S;OS;1;28;M;F;2529;NEP
057540040040-7082;057540040040;100mN32102E42072;MC;NA;2;50;M;M;5064;EMP
057540040040-7082;057540040040;100mN32102E42072;MC;NA;2;50;M;F;5064;NEP
057540040040-7083;057540040040;100mN32102E42072;S;NA;1;31;M;F;3039;EMP
057540040040-7084;057540040040;100mN32102E42072;SF;NA;2;51;S;F;5064;NEP
057540040040-7084;057540040040;100mN32102E42072;SF;NA;2;13;S;F;0614;NEP
057540040040-7085;057540040040;100mN32117E42123;S;NA;1;63;M;F;5064;NEP
057540040040-7086;057540040040;100mN32102E42072;MC;NA;2;63;M;F;5064;EMP
057540040040-7086;057540040040;100mN32102E42072;MC;NA;2;63;M;M;5064;NEP
057540040040-7087;057540040040;100mN32102E42072;MC;NA;5;61;M;M;5064;EMP
057540040040-7087;057540040040;100mN32102E42072;MC;NA;5;83;S;F;75XX;NEP
057540040040-7087;057540040040;100mN32102E42072;MC;NA;5;16;S;M;1517;EMP
057540040040-7087;057540040040;100mN32102E42072;MC;NA;5;10;S;F;0614;NEP
057540040040-7087;057540040040;100mN32102E42072;MC;NA;5;20;S;M;1824;EMP
057540040040-7088;057540040040;100mN32102E42072;S;NA;1;22;M;F;1824;NEP
057540040040-7089;057540040040;100mN32126E42144;MC;NA;2;61;M;M;5064;EMP
057540040040-7089;057540040040;100mN32126E42144;MC;NA;2;60;M;F;5064;EMP
057540040040-7090;057540040040;100mN32102E42072;NA;NA;4;42;S;M;4049;NEP
057540040040-7090;057540040040;100mN32102E42072;NA;NA;4;53;M;F;5064;NEP
057540040040-7090;057540040040;100mN32102E42072;NA;NA;4;43;S;M;4049;EMP
057540040040-7090;057540040040;100mN32102E42072;NA;NA;4;69;M;M;6574;EMP
057540040040-7091;057540040040;100mN32127E42117;S;OS;1;73;M;M;6574;EMP
057540040040-7092;057540040040;100mN32102E42072;S;OS;1;46;M;M;4049;EMP
057540040040-7093;057540040040;100mN32102E42072;S;NA;1;63;M;M;5064;EMP
057540040040-7094;057540040040;100mN32102E42072;MC;OS;5;70;M;M;6574;EMP
057540040040-7094;057540040040;100mN32102E42072;MC;OS;5;68;M;F;6574;EMP
057540040040-7094;057540040040;100mN32102E42072;MC;OS;5;77;S;M;75XX;EMP
057540040040-7094;057540040040;100mN32102E42072;MC;OS;5;68;D;F;6574;NEP
057540040040-7094;057540040040;100mN32102E42072;MC;OS;5;66;M;F;6574;NEP
057540040040-7095;057540040040;100mN32102E42072;SF;NA;5;23;W;F;1824;EMP
057540040040-7095;057540040040;100mN32102E42072;SF;NA;5;8;S;M;0614;NEP
057540040040-7095;057540040040;100mN32102E42072;SF;NA;5;4;S;M;0305;NEP
057540040040-7095;057540040040;100mN32102E42072;SF;NA;5;6;S;F;0614;NEP
057540040040-7095;057540040040;100mN32102E42072;SF;NA;5;3;S;F;0305;NEP
057540040040-7096;057540040040;100mN32102E42072;MC;OS;2;69;M;F;6574;EMP
057540040040-7096;057540040040;100mN32102E42072;MC;OS;2;70;M;M;6574;EMP
057540040040-7097;057540040040;100mN32102E42072;S;NA;1;61;M;F;5064;EMP
057540040040-7098;057540040040;100mN32102E42072;MC;OS;3;73;M;F;6574;EMP
057540040040-7098;057540040040;100mN32102E42072;MC;OS;3;73;M;M;6574;EMP
057540040040-7098;057540040040;100mN32102E42072;MC;OS;3;69;S;M;6574;EMP
057540040040-7099;057540040040;100mN32112E42110;MC;NA;2;54;M;F;5064;EMP
057540040040-7099;057540040040;100mN32112E42110;MC;NA;2;58;M;M;5064;EMP
057540040040-7100;057540040040;100mN32112E42110;MC;OS;2;72;M;F;6574;NEP
057540040040-7100;057540040040;100mN32112E42110;MC;OS;2;72;M;M;6574;EMP
057540040040-7101;057540040040;100mN32112E42110;PO;NA;4;52;S;F;5064;UEP
057540040040-7101;057540040040;100mN32112E42110;PO;NA;4;59;S;M;5064;NEP
057540040040-7101;057540040040;100mN32112E42110;PO;NA;4;31;M;M;3039;EMP
057540040040-7101;057540040040;100mN32112E42110;PO;NA;4;3;S;F;0305;NEP
057540040040-7102;057540040040;100mN32111E42141;MC;MIX;3;71;M;M;6574;EMP
057540040040-7102;057540040040;100mN32111E42141;MC;MIX;3;20;M;M;1824;NEP
057540040040-7102;057540040040;100mN32111E42141;MC;MIX;3;18;M;F;1824;EMP
057540040040-7103;057540040040;100mN32111E42141;MC;OS;6;67;M;M;6574;NEP
057540040040-7103;057540040040;100mN32111E42141;MC;OS;6;70;M;F;6574;EMP
057540040040-7103;057540040040;100mN32111E42141;MC;OS;6;72;W;F;6574;NEP
057540040040-7103;057540040040;100mN32111E42141;MC;OS;6;87;M;M;75XX;EMP
057540040040-7103;057540040040;100mN32111E42141;MC;OS;6;66;S;M;6574;NEP
057540040040-7103;057540040040;100mN32111E42141;MC;OS;6;66;S;M;6574;EMP
057540040040-7104;057540040040;100mN32111E42141;S;NA;1;30;M;F;3039;EMP
057540040040-7105;057540040040;100mN32124E42146;MC;NA;2;38;M;M;3039;EMP
057540040040-7105;057540040040;100mN32124E42146;MC;NA;2;36;M;F;3039;EMP
057540040040-7106;057540040040;100mN32124E42146;SF;NA;4;88;S;F;75XX;EMP
057540040040-7106;057540040040;100mN32124E42146;SF;NA;4;40;M;M;4049;EMP
057540040040-7106;057540040040;100mN32124E42146;SF;NA;4;2;S;M;0003;NEP
057540040040-7106;057540040040;100mN32124E42146;SF;NA;4;8;S;F;0614;NEP
057540040040-7107;057540040040;100mN32124E42146;MC;NA;2;55;M;M;5064;EMP
057540040040-7107;057540040040;100mN32124E42146;MC;NA;2;54;M;F;5064;NEP
057540040040-7108;057540040040;100mN32124E42146;MC;NA;3;22;M;M;1824;EMP
057540040040-7108;057540040040;100mN32124E42146;MC;NA;3;18;M;F;1824;EMP
057540040040-7108;057540040040;100mN32124E42146;MC;NA;3;4;S;M;0305;NEP
057540040040-7109;057540040040;100mN32124E42146;MC;NA;4;32;M;M;3039;EMP
057540040040-7109;057540040040;100mN32124E42146;MC;NA;4;25;M;F;2529;NEP
057540040040-7109;057540040040;100mN32124E42146;MC;NA;4;13;S;M;0614;NEP
057540040040-7109;057540040040;100mN32124E42146;MC;NA;4;6;S;F;0614;NEP
057540040040-7110;057540040040;100mN32124E42146;MC;MIX;2;70;M;F;6574;UEP
057540040040-7110;057540040040;100mN32124E42146;MC;MIX;2;63;S;M;5064;NEP
057540040040-7111;057540040040;100mN32124E42146;SF;NA;3;81;S;F;75XX;EMP
057540040040-7111;057540040040;100mN32124E42146;SF;NA;3;2;S;M;0003;NEP
057540040040-7111;057540040040;100mN32124E42146;SF;NA;3;30;M;F;3039;NEP
057540040040-7112;057540040040;100mN32124E42146;SF;MIX;2;65;D;F;6574;NEP
057540040040-7112;057540040040;100mN32124E42146;SF;MIX;2;6;S;M;0614;NEP
057540040040-7113;057540040040;100mN32124E42146;MC;NA;3;38;M;M;3039;NEP
057540040040-7113;057540040040;100mN32124E42146;MC;NA;3;40;M;F;4049;EMP
057540040040-7113;057540040040;100mN32124E42146;MC;NA;3;10;S;M;0614;NEP
057540040040-7114;057540040040;100mN32124E42146;MC;NA;4;60;M;M;5064;NEP
057540040040-7114;057540040040;100mN32124E42146;MC;NA;4;60;M;F;5064;EMP
057540040040-7114;057540040040;100mN32124E42146;MC;NA;4;23;S;M;1824;EMP
057540040040-7114;057540040040;100mN32124E42146;MC;NA;4;11;S;M;0614;NEP
057540040040-7115;057540040040;100mN32124E42146;MC;NA;5;47;M;M;4049;NEP
057540040040-7115;057540040040;100mN32124E42146;MC;NA;5;44;M;F;4049;NEP
057540040040-7115;057540040040;100mN32124E42146;MC;NA;5;13;S;F;0614;NEP
057540040040-7115;057540040040;100mN32124E42146;MC;NA;5;11;S;F;0614;NEP
057540040040-7115;057540040040;100mN32124E42146;MC;NA;5;31;W;F;3039;NEP
057540040040-7116;057540040040;100mN32124E42146;MC;NA;2;45;M;M;4049;EMP
057540040040-7116;057540040040;100mN32124E42146;MC;NA;2;38;M;F;3039;NEP
057540040040-7117;057540040040;100mN32129E42136;MC;NA;4;48;M;M;4049;EMP
057540040040-7117;057540040040;100mN32129E42136;MC;NA;4;52;M;F;5064;EMP
057540040040-7117;057540040040;100mN32129E42136;MC;NA;4;15;S;M;1517;EMP
057540040040-7117;057540040040;100mN32129E42136;MC;NA;4;27;S;M;2529;EMP
057540040040-7118;057540040040;100mN32124E42146;S;OS;1;31;M;F;3039;EMP
057540040040-7119;057540040040;100mN32124E42146;SF;NA;3;33;S;F;3039;NEP
057540040040-7119;057540040040;100mN32124E42146;SF;NA;3;18;M;F;1824;EMP
057540040040-7119;057540040040;100mN32124E42146;SF;NA;3;18;S;M;1824;EMP
057540040040-7120;057540040040;100mN32124E42146;MC;NA;4;47;M;M;4049;EMP
057540040040-7120;057540040040;100mN32124E42146;MC;NA;4;40;M;F;4049;EMP
057540040040-7120;057540040040;100mN32124E42146;MC;NA;4;15;S;F;1517;EMP
057540040040-7120;057540040040;100mN32124E42146;MC;NA;4;30;S;F;3039;UEP
057540040040-7121;057540040040;100mN32118E42125;MC;NA;3;37;M;M;3039;NEP
057540040040-7121;057540040040;100mN32118E42125;MC;NA;3;37;M;F;3039;EMP
057540040040-7121;057540040040;100mN32118E42125;MC;NA;3;15;S;F;1517;EMP
057540040040-7122;057540040040;100mN32118E42125;S;NA;1;47;M;M;4049;EMP
057540040040-7123;057540040040;100mN32118E42125;S;NA;1;57;S;M;5064;NEP
057540040040-7124;057540040040;100mN32118E42125;SM;NA;2;31;S;M;3039;EMP
057540040040-7124;057540040040;100mN32118E42125;SM;NA;2;8;S;F;0614;NEP
057540040040-7125;057540040040;100mN32118E42125;MC;OS;3;80;M;F;75XX;NEP
057540040040-7125;057540040040;100mN32118E42125;MC;OS;3;77;M;M;75XX;EMP
057540040040-7125;057540040040;100mN32118E42125;MC;OS;3;82;W;M;75XX;EMP
057540040040-7126;057540040040;100mN32108E42146;S;OS;1;41;D;M;4049;NEP
057540040040-7127;057540040040;100mN32118E42125;PO;NA;4;51;S;M;5064;NEP
057540040040-7127;057540040040;100mN32118E42125;PO;NA;4;57;S;M;5064;NEP
057540040040-7127;057540040040;100mN32118E42125;PO;NA;4;31;S;M;3039;EMP
057540040040-7127;057540040040;100mN32118E42125;PO;NA;4;6;S;M;0614;NEP
057540040040-7128;057540040040;100mN32118E42125;MC;NA;2;42;M;M;4049;EMP
057540040040-7128;057540040040;100mN32118E42125;MC;NA;2;34;M;F;3039;EMP
057540040040-7129;057540040040;100mN32118E42125;PO;NA;2;31;S;M;3039;NEP
057540040040-7129;057540040040;100mN32118E42125;PO;NA;2;25;S;M;2529;EMP
057540040040-7130;057540040040;100mN32118E42125;S;NA;1;57;S;M;5064;EMP
057540040040-7131;057540040040;100mN32118E42125;MC;NA;2;22;M;M;1824;EMP
057540040040-7131;057540040040;100mN32118E42125;MC;NA;2;19;M;F;1824;NEP
057540040040-7132;057540040040;100mN32118E42125;S;OS;1;73;D;F;6574;NEP
057540040040-7133;057540040040;100mN32118E42125;MC;NA;2;25;M;M;2529;NEP
057540040040-7133;057540040040;100mN32118E42125;MC;NA;2;30;M;F;3039;EMP
057540040040-7134;057540040040;100mN32118E42125;MC;NA;4;52;M;M;5064;EMP
057540040040-7134;057540040040;100mN32118E42125;MC;NA;4;55;M;F;5064;EMP
057540040040-7134;057540040040;100mN32118E42125;MC;NA;4;37;M;F;3039;EMP
057540040040-7134;057540040040;100mN32118E42125;MC;NA;4;10;S;F;0614;NEP
057540040040-7135;057540040040;100mN32118E42125;SM;NA;2;38;W;M;3039;NEP
057540040040-7135;057540040040;100mN32118E42125;SM;NA;2;15;S;F;1517;NEP
057540040040-7136;057540040040;100mN32118E42125;S;OS;1;53;S;M;5064;EMP
057540040040-7137;057540040040;100mN32118E42125;S;NA;1;60;M;F;5064;EMP
057540040040-7138;057540040040;100mN32118E42125;S;NA;1;85;M;M;75XX;NEP
057540040040-7139;057540040040;100mN32118E42125;S;NA;1;86;M;F;75XX;EMP
057540040040-7140;057540040040;100mN32118E42125;S;NA;1;83;M;F;75XX;NEP
057540040040-7141;057540040040;100mN32118E42125;MC;NA;6;45;M;M;4049;NEP
057540040040-7141;057540040040;100mN32118E42125;MC;NA;6;18;M;F;1824;EMP
057540040040-7141;057540040040;100mN32118E42125;MC;NA;6;8;S;F;0614;NEP
057540040040-7141;057540040040;100mN32118E42125;MC;NA;6;10;S;M;0614;NEP
057540040040-7141;057540040040;100mN32118E42125;MC;NA;6;11;S;F;0614;NEP
057540040040-7141;057540040040;100mN32118E42125;MC;NA;6;10;S;M;0614;NEP
057540040040-7142;057540040040;100mN32118E42125;MC;NA;2;22;M;M;1824;NEP
057540040040-7142;057540040040;100mN32118E42125;MC;NA;2;18;M;F;1824;EMP
057540040040-7143;057540040040;100mN32118E42125;MC;NA;3;51;M;M;5064;EMP
057540040040-7143;057540040040;100mN32118E42125;MC;NA;3;48;M;F;4049;EMP
057540040040-7143;057540040040;100mN32118E42125;MC;NA;3;15;S;F;1517;EMP
057540040040-7144;057540040040;100mN32118E42125;SF;NA;6;60;S;F;5064;NEP
057540040040-7144;057540040040;100mN32118E42125;SF;NA;6;12;S;F;0614;NEP
057540040040-7144;057540040040;100mN32118E42125;SF;NA;6;44;S;M;4049;EMP
057540040040-7144;057540040040;100mN32118E42125;SF;NA;6;36;D;F;3039;EMP
057540040040-7144;057540040040;100mN32118E42125;SF;NA;6;44;M;M;4049;EMP
057540040040-7144;057540040040;100mN32118E42125;SF;NA;6;9;S;M;0614;NEP
057540040040-7145;057540040040;100mN32115E42110;S;OS;1;80;D;M;75XX;EMP
057540040040-7146;057540040040;100mN32118E42125;S;NA;1;55;W;F;5064;NEP
057540040040-7147;057540040040;100mN32139E42118;MC;NA;4;20;M;M;1824;EMP
057540040040-7147;057540040040;100mN32139E42118;MC;NA;4;18;M;F;1824;EMP
057540040040-7147;057540040040;100mN32139E42118;MC;NA;4;4;S;M;0305;NEP
057540040040-7147;057540040040;100mN32139E42118;MC;NA;4;2;S;F;0003;NEP
057540040040-7148;057540040040;100mN32118E42125;MC;MIX;3;72;D;F;6574;NEP
057540040040-7148;057540040040;100mN32118E42125;MC;MIX;3;33;M;F;3039;NEP
057540040040-7148;057540040040;100mN32118E42125;MC;MIX;3;40;M;M;4049;EMP
057540040040-7149;057540040040;100mN32117E42116;MC;OS;2;71;M;F;6574;EMP
057540040040-7149;057540040040;100mN32117E42116;MC;OS;2;72;M;M;6574;EMP
057540040040-7150;057540040040;100mN32118E42125;MC;NA;2;40;M;F;4049;EMP
057540040040-7150;057540040040;100mN32118E42125;MC;NA;2;48;M;M;4049;EMP
057540040040-7151;057540040040;100mN32118E42125;MC;NA;3;58;M;M;5064;EMP
057540040040-7151;057540040040;100mN32118E42125;MC;NA;3;54;M;F;5064;EMP
057540040040-7151;057540040040;100mN32118E42125;MC;NA;3;4;S;M;0305;NEP
057540040040-7152;057540040040;100mN32118E42125;MC;MIX;3;70;W;F;6574;NEP
057540040040-7152;057540040040;100mN32118E42125;MC;MIX;3;31;M;M;3039;EMP
057540040040-7152;057540040040;100mN32118E42125;MC;MIX;3;31;M;F;3039;EMP
057540040040-7153;057540040040;100mN32118E42130;S;NA;1;48;S;M;4049;EMP
057540040040-7154;057540040040;100mN32118E42125;MC;NA;3;51;M;F;5064;EMP
057540040040-7154;057540040040;100mN32118E42125;MC;NA;3;61;M;M;5064;NEP
057540040040-7154;057540040040;100mN32118E42125;MC;NA;3;16;S;F;1517;EMP
057540040040-7155;057540040040;100mN32118E42125;S;OS;1;65;M;M;6574;EMP
057540040040-7156;057540040040;100mN32118E42125;MC;MIX;3;72;M;M;6574;EMP
057540040040-7156;057540040040;100mN32118E42125;MC;MIX;3;33;M;F;3039;EMP
057540040040-7156;057540040040;100mN32118E42125;MC;MIX;3;38;M;M;3039;EMP
057540040040-7157;057540040040;100mN32121E42140;S;OS;1;59;D;M;5064;EMP
057540040040-7158;057540040040;100mN32118E42125;MC;NA;2;40;M;F;4049;NEP
057540040040-7158;057540040040;100mN32118E42125;MC;NA;2;37;M;M;3039;NEP
057540040040-7159;057540040040;100mN32118E42125;S;OS;1;60;W;F;5064;EMP
057540040040-7160;057540040040;100mN32130E42137;MC;NA;3;37;M;M;3039;EMP
057540040040-7160;057540040040;100mN32130E42137;MC;NA;3;37;M;F;3039;NEP
057540040040-7160;057540040040;100mN32130E42137;MC;NA;3;15;S;F;1517;EMP
057540040040-7161;057540040040;100mN32118E42125;MC;NA;5;32;M;F;3039;NEP
057540040040-7161;057540040040;100mN32118E42125;MC;NA;5;33;M;M;3039;EMP
057540040040-7161;057540040040;100mN32118E42125;MC;NA;5;6;S;F;0614;NEP
057540040040-7161;057540040040;100mN32118E42125;MC;NA;5;7;S;M;0614;NEP
057540040040-7161;057540040040;100mN32118E42125;MC;NA;5;11;S;F;0614;NEP
057540040040-7162;057540040040;100mN32118E42125;S;OS;1;47;D;F;4049;NEP
057540040040-7163;057540040040;100mN32118E42125;MC;OS;3;66;M;F;6574;EMP
057540040040-7163;057540040040;100mN32118E42125;MC;OS;3;67;M;M;6574;NEP
057540040040-7163;057540040040;100mN32118E42125;MC;OS;3;72;M;F;6574;EMP
057540040040-7164;057540040040;100mN32125E42147;MC;OS;2;68;M;F;6574;NEP
057540040040-7164;057540040040;100mN32125E42147;MC;OS;2;68;M;M;6574;NEP
057540040040-7165;057540040040;100mN32111E42123;SM;MIX;4;82;M;F;75XX;NEP
057540040040-7165;057540040040;100mN32111E42123;SM;MIX;4;44;D;M;4049;EMP
057540040040-7165;057540040040;100mN32111E42123;SM;MIX;4;28;D;F;2529;NEP
057540040040-7165;057540040040;100mN32111E42123;SM;MIX;4;26;D;F;2529;NEP
057540040040-7166;057540040040;100mN32125E42147;MC;OS;4;67;M;F;6574;EMP
057540040040-7166;057540040040;100mN32125E42147;MC;OS;4;77;M;M;75XX;EMP
057540040040-7166;057540040040;100mN32125E42147;MC;OS;4;66;W;F;6574;EMP
057540040040-7166;057540040040;100mN32125E42147;MC;OS;4;80;W;F;75XX;EMP
057540040040-7167;057540040040;100mN32125E42147;MC;MIX;2;87;M;F;75XX;EMP
057540040040-7167;057540040040;100mN32125E42147;MC;MIX;2;45;M;M;4049;EMP
057540040040-7168;057540040040;100mN32118E42130;SF;NA;4;57;S;F;5064;EMP
057540040040-7168;057540040040;100mN32118E42130;SF;NA;4;10;S;F;0614;NEP
057540040040-7168;057540040040;100mN32118E42130;SF;NA;4;16;S;M;1517;EMP
057540040040-7168;057540040040;100mN32118E42130;SF;NA;4;41;W;F;4049;EMP
057540040040-7169;057540040040;100mN32126E42144;MC;NA;3;52;M;F;5064;NEP
057540040040-7169;057540040040;100mN32126E42144;MC;NA;3;53;M;M;5064;EMP
057540040040-7169;057540040040;100mN32126E42144;MC;NA;3;16;S;M;1517;NEP
057540040040-7170;057540040040;100mN32125E42147;S;NA;1;43;S;M;4049;EMP
057540040040-7171;057540040040;100mN32117E42132;MC;NA;2;44;M;M;4049;NEP
057540040040-7171;057540040040;100mN32117E42132;MC;NA;2;41;M;F;4049;NEP
057540040040-7172;057540040040;100mN32125E42147;MC;OS;2;69;M;F;6574;NEP
057540040040-7172;057540040040;100mN32125E42147;MC;OS;2;65;M;M;6574;EMP
057540040040-7173;057540040040;100mN32125E42146;S;NA;1;45;D;M;4049;NEP
057540040040-7174;057540040040;100mN32130E42138;MC;NA;3;22;M;M;1824;EMP
057540040040-7174;057540040040;100mN32130E42138;MC;NA;3;21;M;F;1824;EMP
057540040040-7174;057540040040;100mN32130E42138;MC;NA;3;3;S;F;0305;NEP
057540040040-7175;057540040040;100mN32130E42138;MC;NA;3;60;M;F;5064;EMP
057540040040-7175;057540040040;100mN32130E42138;MC;NA;3;47;S;M;4049;NEP
057540040040-7175;057540040040;100mN32130E42138;MC;NA;3;15;S;F;1517;NEP
057540040040-7176;057540040040;100mN32130E42138;MC;OS;2;77;M;F;75XX;NEP
057540040040-7176;057540040040;100mN32130E42138;MC;OS;2;79;M;M;75XX;EMP
057540040040-7177;057540040040;100mN32130E42138;S;OS;1;21;M;M;1824;NEP
057540040040-7178;057540040040;100mN32130E42138;MC;NA;4;52;M;M;5064;NEP
057540040040-7178;057540040040;100mN32130E42138;MC;NA;4;50;M;F;5064;EMP
057540040040-7178;057540040040;100mN32130E42138;MC;NA;4;36;S;F;3039;EMP
057540040040-7178;057540040040;100mN32130E42138;MC;NA;4;16;S;F;1517;EMP
057540040040-7179;057540040040;100mN32130E42138;MC;NA;2;38;M;M;3039;EMP
057540040040-7179;057540040040;100mN32130E42138;MC;NA;2;31;M;F;3039;UEP
057540040040-7180;057540040040;100mN32130E42138;MC;NA;5;40;M;F;4049;NEP
057540040040-7180;057540040040;100mN32130E42138;MC;NA;5;45;M;M;4049;EMP
057540040040-7180;057540040040;100mN32130E42138;MC;NA;5;21;S;M;1824;NEP
057540040040-7180;057540040040;100mN32130E42138;MC;NA;5;2;S;F;0003;NEP
057540040040-7180;057540040040;100mN32130E42138;MC;NA;5;4;S;F;0305;NEP
057540040040-7181;057540040040;100mN32130E42138;PO;NA;2;56;S;M;5064;EMP
057540040040-7181;057540040040;100mN32130E42138;PO;NA;2;59;S;F;5064;NEP
057540040040-7182;057540040040;100mN32130E42138;S;NA;1;61;M;M;5064;EMP
057540040040-7183;057540040040;100mN32130E42138;MC;OS;4;70;M;F;6574;NEP
057540040040-7183;057540040040;100mN32130E42138;MC;OS;4;76;M;M;75XX;EMP
057540040040-7183;057540040040;100mN32130E42138;MC;OS;4;72;M;M;6574;EMP
057540040040-7183;057540040040;100mN32130E42138;MC;OS;4;89;W;F;75XX;EMP
057540040040-7184;057540040040;100mN32116E42122;MC;NA;3;57;M;F;5064;EMP
057540040040-7184;057540040040;100mN32116E42122;MC;NA;3;62;M;M;5064;EMP
057540040040-7184;057540040040;100mN32116E42122;MC;NA;3;15;S;M;1517;EMP
057540040040-7185;057540040040;100mN32130E42138;MC;NA;2;20;M;F;1824;EMP
057540040040-7185;057540040040;100mN32130E42138;MC;NA;2;18;M;M;1824;EMP
057540040040-7186;057540040040;100mN32130E42138;S;NA;1;68;W;F;6574;NEP
057540040040-7187;057540040040;100mN32113E42127;S;OS;1;67;D;M;6574;EMP
057540040040-7188;057540040040;100mN32130E42138;MC;MIX;2;68;M;F;6574;NEP
057540040040-7188;057540040040;100mN32130E42138;MC;MIX;2;69;M;M;6574;EMP
057540040040-7189;057540040040;100mN32123E42120;S;OS;1;61;S;M;5064;EMP
057540040040-7190;057540040040;100mN32112E42118;MC;NA;2;44;M;M;4049;NEP
057540040040-7190;057540040040;100mN32112E42118;MC;NA;2;45;M;F;4049;UEP
057540040040-7191;057540040040;100mN32130E42138;S;NA;1;80;S;F;75XX;NEP
057540040040-7192;057540040040;100mN32130E42138;MC;NA;2;60;M;F;5064;EMP
057540040040-7192;057540040040;100mN32130E42138;MC;NA;2;61;M;M;5064;NEP
057540040040-7193;057540040040;100mN32130E42138;S;OS;1;31;S;F;3039;NEP
057540040040-7194;057540040040;100mN32116E42122;NA;MIX;3;42;M;M;4049;NEP
057540040040-7194;057540040040;100mN32116E42122;NA;MIX;3;51;M;F;5064;EMP
057540040040-7194;057540040040;100mN32116E42122;NA;MIX;3;55;S;M;5064;EMP
057540040040-7195;057540040040;100mN32130E42138;MC;NA;2;47;M;F;4049;EMP
057540040040-7195;057540040040;100mN32130E42138;MC;NA;2;59;M;M;5064;NEP
057540040040-7196;057540040040;100mN32130E42138;MC;NA;2;63;M;M;5064;EMP
057540040040-7196;057540040040;100mN32130E42138;MC;NA;2;55;M;F;5064;NEP
057540040040-7197;057540040040;100mN32130E42138;MC;NA;2;51;M;F;5064;NEP
057540040040-7197;057540040040;100mN32130E42138;MC;NA;2;61;M;M;5064;EMP
057540040040-7198;057540040040;100mN32130E42138;SF;NA;3;53;W;F;5064;NEP
057540040040-7198;057540040040;100mN32130E42138;SF;NA;3;25;S;M;2529;EMP
057540040040-7198;057540040040;100mN32130E42138;SF;NA;3;20;M;M;1824;EMP
057540040040-7199;057540040040;100mN32120E42115;MC;NA;2;47;M;F;4049;EMP
057540040040-7199;057540040040;100mN32120E42115;MC;NA;2;50;M;M;5064;NEP
057540040040-7200;057540040040;100mN32130E42138;MC;OS;2;70;M;M;6574;EMP
057540040040-7200;057540040040;100mN32130E42138;MC;OS;2;66;M;F;6574;UEP
057540040040-7201;057540040040;100mN32130E42138;MC;OS;5;70;M;M;6574;EMP
057540040040-7201;057540040040;100mN32130E42138;MC;OS;5;66;M;F;6574;NEP
057540040040-7201;057540040040;100mN32130E42138;MC;OS;5;69;M;F;6574;EMP
057540040040-7201;057540040040;100mN32130E42138;MC;OS;5;73;M;M;6574;EMP
057540040040-7201;057540040040;100mN32130E42138;MC;OS;5;83;D;M;75XX;EMP
057540040040-7202;057540040040;100mN32130E42138;S;NA;1;25;M;M;2529;NEP
057540040040-7203;057540040040;100mN32130E42138;MC;NA;5;51;M;M;5064;EMP
057540040040-7203;057540040040;100mN32130E42138;MC;NA;5;48;M;F;4049;EMP
057540040040-7203;057540040040;100mN32130E42138;MC;NA;5;15;S;M;1517;EMP
057540040040-7203;057540040040;100mN32130E42138;MC;NA;5;16;S;M;1517;EMP
057540040040-7203;057540040040;100mN32130E42138;MC;NA;5;25;M;F;2529;EMP
057540040040-7204;057540040040;100mN32111E42118;S;NA;1;41;S;M;4049;EMP
057540040040-7205;057540040040;100mN32111E42118;S;NA;1;86;W;F;75XX;EMP
057540040040-7206;057540040040;100mN32111E42118;MC;MIX;4;70;S;M;6574;EMP
057540040040-7206;057540040040;100mN32111E42118;MC;MIX;4;43;M;F;4049;EMP
057540040040-7206;057540040040;100mN32111E42118;MC;MIX;4;50;M;M;5064;NEP
057540040040-7206;057540040040;100mN32111E42118;MC;MIX;4;15;S;F;1517;EMP
057540040040-7207;057540040040;100mN32119E42122;S;OS;1;26;M;F;2529;NEP
057540040040-7208;057540040040;100mN32112E42118;S;NA;1;88;D;F;75XX;UEP
057540040040-7209;057540040040;100mN32126E42144;S;NA;1;33;W;F;3039;NEP
057540040040-7210;057540040040;100mN32126E42144;MC;NA;2;52;M;M;5064;EMP
057540040040-7210;057540040040;100mN32126E42144;MC;NA;2;18;M;F;1824;EMP
057540040040-7211;057540040040;100mN32126E42144;MC;NA;2;42;M;M;4049;EMP
057540040040-7211;057540040040;100mN32126E42144;MC;NA;2;33;M;F;3039;NEP
057540040040-7212;057540040040;100mN32111E42121;S;NA;1;54;S;M;5064;EMP
057540040040-7213;057540040040;100mN32126E42144;MC;NA;5;51;M;F;5064;EMP
057540040040-7213;057540040040;100mN32126E42144;MC;NA;5;48;M;M;4049;EMP
057540040040-7213;057540040040;100mN32126E42144;MC;NA;5;15;S;M;1517;NEP
057540040040-7213;057540040040;100mN32126E42144;MC;NA;5;9;S;F;0614;NEP
057540040040-7213;057540040040;100mN32126E42144;MC;NA;5;9;S;F;0614;NEP
057540040040-7214;057540040040;100mN32126E42144;MC;NA;4;60;M;F;5064;NEP
057540040040-7214;057540040040;100mN32126E42144;MC;NA;4;46;M;F;4049;NEP
057540040040-7214;057540040040;100mN32126E42144;MC;NA;4;45;M;M;4049;NEP
057540040040-7214;057540040040;100mN32126E42144;MC;NA;4;4;S;M;0305;NEP
057540040040-7215;057540040040;100mN32126E42144;MC;NA;2;61;M;M;5064;EMP
057540040040-7215;057540040040;100mN32126E42144;MC;NA;2;60;M;F;5064;EMP
057540040040-7216;057540040040;100mN32126E42144;S;NA;1;19;S;M;1824;EMP
057540040040-7217;057540040040;100mN32126E42144;MC;NA;3;52;M;F;5064;NEP
057540040040-7217;057540040040;100mN32126E42144;MC;NA;3;53;M;M;5064;EMP
057540040040-7217;057540040040;100mN32126E42144;MC;NA;3;16;S;M;1517;NEP
057540040040-7218;057540040040;100mN32126E42144;SF;MIX;3;79;W;M;75XX;EMP
057540040040-7218;057540040040;100mN32126E42144;SF;MIX;3;67;D;F;6574;EMP
057540040040-7218;057540040040;100mN32126E42144;SF;MIX;3;50;W;F;5064;NEP
057540040040-7219;057540040040;100mN32126E42144;MC;NA;2;50;M;F;5064;UEP
057540040040-7219;057540040040;100mN32126E42144;MC;NA;2;52;M;M;5064;EMP
057540040040-7220;057540040040;100mN32126E42144;S;OS;1;70;M;M;6574;NEP
057540040040-7221;057540040040;100mN32126E42144;MC;NA;2;37;M;F;3039;NEP
057540040040-7221;057540040040;100mN32126E42144;MC;NA;2;40;M;M;4049;EMP
057540040040-7222;057540040040;100mN32126E42144;MC;NA;2;38;M;M;3039;EMP
057540040040-7222;057540040040;100mN32126E42144;MC;NA;2;33;M;F;3039;NEP
057540040040-7223;057540040040;100mN32126E42144;SF;NA;3;45;D;F;4049;NEP
057540040040-7223;057540040040;100mN32126E42144;SF;NA;3;11;S;F;0614;NEP
057540040040-7223;057540040040;100mN32126E42144;SF;NA;3;28;M;M;2529;NEP
057540040040-7224;057540040040;100mN32126E42144;MC;NA;5;18;M;F;1824;UEP
057540040040-7224;057540040040;100mN32126E42144;MC;NA;5;20;M;M;1824;EMP
057540040040-7224;057540040040;100mN32126E42144;MC;NA;5;1;S;M;0003;NEP
057540040040-7224;057540040040;100mN32126E42144;MC;NA;5;3;S;M;0305;NEP
057540040040-7224;057540040040;100mN32126E42144;MC;NA;5;0;S;M;0003;NEP
057540040040-7225;057540040040;100mN32117E42129;MC;NA;3;48;M;M;4049;EMP
057540040040-7225;057540040040;100mN32117E42129;MC;NA;3;48;M;F;4049;EMP
057540040040-7225;057540040040;100mN32117E42129;MC;NA;3;32;W;F;3039;EMP
057540040040-7226;057540040040;100mN32132E42133;SF;NA;5;28;W;F;2529;NEP
057540040040-7226;057540040040;100mN32132E42133;SF;NA;5;10;S;F;0614;NEP
057540040040-7226;057540040040;100mN32132E42133;SF;NA;5;6;S;F;0614;NEP
057540040040-7226;057540040040;100mN32132E42133;SF;NA;5;13;S;M;0614;NEP
057540040040-7226;057540040040;100mN32132E42133;SF;NA;5;12;S;M;0614;NEP
057540040040-7227;057540040040;100mN32126E42146;S;NA;1;44;M;F;4049;EMP
057540040040-7228;057540040040;100mN32126E42146;S;NA;1;26;M;F;2529;EMP
057540040040-7229;057540040040;100mN32126E42146;S;OS;1;16;S;M;1517;EMP
057540040040-7230;057540040040;100mN32126E42146;MC;OS;4;68;M;F;6574;EMP
057540040040-7230;057540040040;100mN32126E42146;MC;OS;4;68;M;M;6574;EMP
057540040040-7230;057540040040;100mN32126E42146;MC;OS;4;77;S;M;75XX;EMP
057540040040-7230;057540040040;100mN32126E42146;MC;OS;4;81;S;M;75XX;NEP
057540040040-7231;057540040040;100mN32126E42146;S;NA;1;32;W;F;3039;NEP
057540040040-7232;057540040040;100mN32126E42146;MC;NA;5;55;M;F;5064;EMP
057540040040-7232;057540040040;100mN32126E42146;MC;NA;5;58;M;M;5064;EMP
057540040040-7232;057540040040;100mN32126E42146;MC;NA;5;16;S;F;1517;EMP
057540040040-7232;057540040040;100mN32126E42146;MC;NA;5;11;S;F;0614;NEP
057540040040-7232;057540040040;100mN32126E42146;MC;NA;5;1;S;F;0003;NEP
057540040040-7233;057540040040;100mN32126E42146;S;OS;1;30;W;F;3039;NEP
057540040040-7234;057540040040;100mN32126E42146;SF;NA;2;40;D;F;4049;EMP
057540040040-7234;057540040040;100mN32126E42146;SF;NA;2;13;S;F;0614;NEP
057540040040-7235;057540040040;100mN32126E42146;MC;NA;2;37;M;M;3039;EMP
057540040040-7235;057540040040;100mN32126E42146;MC;NA;2;34;M;F;3039;EMP
057540040040-7236;057540040040;100mN32118E42133;MC;MIX;4;82;D;F;75XX;NEP
057540040040-7236;057540040040;100mN32118E42133;MC;MIX;4;46;M;M;4049;NEP
057540040040-7236;057540040040;100mN32118E42133;MC;MIX;4;37;M;F;3039;NEP
057540040040-7236;057540040040;100mN32118E42133;MC;MIX;4;15;S;M;1517;NEP
057540040040-7237;057540040040;100mN32126E42146;MC;NA;2;54;M;F;5064;NEP
057540040040-7237;057540040040;100mN32126E42146;MC;NA;2;58;M;M;5064;NEP
057540040040-7238;057540040040;100mN32126E42146;MC;NA;3;32;M;F;3039;NEP
057540040040-7238;057540040040;100mN32126E42146;MC;NA;3;35;M;M;3039;EMP
057540040040-7238;057540040040;100mN32126E42146;MC;NA;3;13;S;M;0614;NEP
057540040040-7239;057540040040;100mN32126E42146;MC;NA;2;35;M;M;3039;NEP
057540040040-7239;057540040040;100mN32126E42146;MC;NA;2;31;M;F;3039;NEP
057540040040-7240;057540040040;100mN32115E42083;MC;NA;2;22;M;M;1824;EMP
057540040040-7240;057540040040;100mN32115E42083;MC;NA;2;19;M;F;1824;NEP
057540040040-7241;057540040040;100mN32118E42120;PO;NA;2;60;S;M;5064;EMP
057540040040-7241;057540040040;100mN32118E42120;PO;NA;2;58;S;F;5064;NEP
057540040040-7242;057540040040;100mN32118E42129;S;NA;1;47;S;F;4049;NEP
057540040040-7243;057540040040;100mN32131E42131;NA;OS;2;67;D;F;6574;EMP
057540040040-7243;057540040040;100mN32131E42131;NA;OS;2;34;D;F;3039;EMP
057540040040-7244;057540040040;100mN32124E42139;S;OS;1;76;W;F;75XX;EMP
057540040040-7245;057540040040;100mN32126E42122;MC;OS;2;66;M;M;6574;EMP
057540040040-7245;057540040040;100mN32126E42122;MC;OS;2;77;M;F;75XX;EMP
057540040040-7246;057540040040;100mN32126E42122;S;NA;1;51;M;F;5064;NEP
057540040040-7247;057540040040;100mN32126E42122;S;NA;1;48;M;F;4049;NEP
057540040040-7248;057540040040;100mN32107E42041;S;NA;1;41;S;M;4049;EMP
057540040040-7249;057540040040;100mN32107E42041;MC;NA;3;43;M;M;4049;NEP
057540040040-7249;057540040040;100mN32107E42041;MC;NA;3;40;M;F;4049;EMP
057540040040-7249;057540040040;100mN32107E42041;MC;NA;3;15;S;M;1517;EMP
057540040040-7250;057540040040;100mN32107E42041;MC;NA;2;23;M;M;1824;NEP
057540040040-7250;057540040040;100mN32107E42041;MC;NA;2;18;M;F;1824;NEP
057540040040-7251;057540040040;100mN32118E42121;MC;NA;4;62;M;M;5064;EMP
057540040040-7251;057540040040;100mN32118E42121;MC;NA;4;59;M;F;5064;NEP
057540040040-7251;057540040040;100mN32118E42121;MC;NA;4;22;S;M;1824;EMP
057540040040-7251;057540040040;100mN32118E42121;MC;NA;4;15;S;F;1517;NEP
057540040040-7252;057540040040;100mN32093E42131;S;OS;1;83;M;M;75XX;EMP
057540040040-7253;057540040040;100mN32118E42121;PC;NA;2;38;P;F;3039;EMP
057540040040-7253;057540040040;100mN32118E42121;PC;NA;2;63;P;F;5064;EMP
057540040040-7254;057540040040;100mN32118E42121;MC;MIX;2;66;M;F;6574;EMP
057540040040-7254;057540040040;100mN32118E42121;MC;MIX;2;40;M;F;4049;EMP
057540040040-7255;057540040040;100mN32118E42121;PO;OS;3;68;S;M;6574;EMP
057540040040-7255;057540040040;100mN32118E42121;PO;OS;3;89;S;F;75XX;EMP
057540040040-7255;057540040040;100mN32118E42121;PO;OS;3;81;D;F;75XX;EMP
057540040040-7256;057540040040;100mN32118E42130;SF;NA;4;57;S;F;5064;EMP
057540040040-7256;057540040040;100mN32118E42130;SF;NA;4;10;S;F;0614;NEP
057540040040-7256;057540040040;100mN32118E42130;SF;NA;4;16;S;M;1517;EMP
057540040040-7256;057540040040;100mN32118E42130;SF;NA;4;41;W;F;4049;EMP
057540040040-7257;057540040040;100mN32118E42121;S;OS;1;26;W;M;2529;NEP
057540040040-7258;057540040040;100mN32118E42121;MC;NA;4;52;M;F;5064;NEP
057540040040-7258;057540040040;100mN32118E42121;MC;NA;4;54;M;M;5064;EMP
057540040040-7258;057540040040;100mN32118E42121;MC;NA;4;11;S;M;0614;NEP
057540040040-7258;057540040040;100mN32118E42121;MC;NA;4;9;S;F;0614;NEP
057540040040-7259;057540040040;100mN32118E42121;MC;NA;4;36;M;M;3039;EMP
057540040040-7259;057540040040;100mN32118E42121;MC;NA;4;40;M;F;4049;NEP
057540040040-7259;057540040040;100mN32118E42121;MC;NA;4;15;S;F;1517;EMP
057540040040-7259;057540040040;100mN32118E42121;MC;NA;4;11;S;F;0614;NEP
057540040040-7260;057540040040;100mN32118E42121;MC;OS;2;70;M;M;6574;EMP
057540040040-7260;057540040040;100mN32118E42121;MC;OS;2;70;M;F;6574;NEP
057540040040-7261;057540040040;100mN32118E42121;S;OS;1;53;M;F;5064;UEP
057540040040-7262;057540040040;100mN32118E42121;MC;NA;4;48;M;F;4049;NEP
057540040040-7262;057540040040;100mN32118E42121;MC;NA;4;48;M;M;4049;EMP
057540040040-7262;057540040040;100mN32118E42121;MC;NA;4;6;S;F;0614;NEP
057540040040-7262;057540040040;100mN32118E42121;MC;NA;4;10;S;M;0614;NEP
057540040040-7263;057540040040;100mN32118E42121;S;OS;1;45;S;M;4049;EMP
057540040040-7264;057540040040;100mN32118E42121;MC;NA;2;55;M;F;5064;EMP
057540040040-7264;057540040040;100mN32118E42121;MC;NA;2;60;M;M;5064;EMP
057540040040-7265;057540040040;100mN32118E42121;SF;NA;3;76;S;F;75XX;EMP
057540040040-7265;057540040040;100mN32118E42121;SF;NA;3;15;S;F;1517;NEP
057540040040-7265;057540040040;100mN32118E42121;SF;NA;3;7;S;M;0614;NEP
057540040040-7266;057540040040;100mN32118E42121;MC;OS;4;71;M;F;6574;EMP
057540040040-7266;057540040040;100mN32118E42121;MC;OS;4;73;M;M;6574;NEP
057540040040-7266;057540040040;100mN32118E42121;MC;OS;4;79;M;M;75XX;EMP
057540040040-7266;057540040040;100mN32118E42121;MC;OS;4;75;M;F;75XX;EMP
057540040040-7267;057540040040;100mN32118E42121;SF;NA;3;89;S;F;75XX;NEP
057540040040-7267;057540040040;100mN32118E42121;SF;NA;3;12;S;M;0614;NEP
057540040040-7267;057540040040;100mN32118E42121;SF;NA;3;9;S;F;0614;NEP
057540040040-7268;057540040040;100mN32118E42121;S;OS;1;35;D;F;3039;EMP
057540040040-7269;057540040040;100mN32117E42122;MC;OS;2;68;M;F;6574;NEP
057540040040-7269;057540040040;100mN32117E42122;MC;OS;2;85;M;M;75XX;NEP
057540040040-7270;057540040040;100mN32118E42121;MC;NA;4;47;M;F;4049;EMP
057540040040-7270;057540040040;100mN32118E42121;MC;NA;4;48;M;M;4049;NEP
057540040040-7270;057540040040;100mN32118E42121;MC;NA;4;15;S;F;1517;EMP
057540040040-7270;057540040040;100mN32118E42121;MC;NA;4;7;S;F;0614;NEP
057540040040-7271;057540040040;100mN32118E42121;MC;OS;6;66;M;F;6574;NEP
057540040040-7271;057540040040;100mN32118E42121;MC;OS;6;71;M;M;6574;EMP
057540040040-7271;057540040040;100mN32118E42121;MC;OS;6;73;M;F;6574;EMP
057540040040-7271;057540040040;100mN32118E42121;MC;OS;6;65;S;F;6574;NEP
057540040040-7271;057540040040;100mN32118E42121;MC;OS;6;84;M;M;75XX;NEP
057540040040-7271;057540040040;100mN32118E42121;MC;OS;6;78;S;M;75XX;NEP
057540040040-7272;057540040040;100mN32127E42144;SF;NA;4;42;D;F;4049;EMP
057540040040-7272;057540040040;100mN32127E42144;SF;NA;4;7;S;F;0614;NEP
057540040040-7272;057540040040;100mN32127E42144;SF;NA;4;18;S;F;1824;NEP
057540040040-7272;057540040040;100mN32127E42144;SF;NA;4;10;S;F;0614;NEP
057540040040-7273;057540040040;100mN32118E42121;MC;MIX;2;68;M;F;6574;NEP
057540040040-7273;057540040040;100mN32118E42121;MC;MIX;2;46;D;F;4049;NEP
057540040040-7274;057540040040;100mN32118E42121;MC;NA;2;36;M;F;3039;NEP
057540040040-7274;057540040040;100mN32118E42121;MC;NA;2;36;M;M;3039;EMP
057540040040-7275;057540040040;100mN32117E42129;PO;NA;2;54;S;M;5064;NEP
057540040040-7275;057540040040;100mN32117E42129;PO;NA;2;58;S;M;5064;NEP
057540040040-7276;057540040040;100mN32118E42121;S;NA;1;52;M;F;5064;NEP
057540040040-7277;057540040040;100mN32118E42121;MC;NA;3;43;M;F;4049;EMP
057540040040-7277;057540040040;100mN32118E42121;MC;NA;3;45;M;M;4049;EMP
057540040040-7277;057540040040;100mN32118E42121;MC;NA;3;19;M;M;1824;EMP
057540040040-7278;057540040040;100mN32118E42121;S;OS;1;54;D;M;5064;NEP
057540040040-7279;057540040040;100mN32118E42121;MC;NA;4;26;M;M;2529;EMP
057540040040-7279;057540040040;100mN32118E42121;MC;NA;4;25;M;F;2529;EMP
057540040040-7279;057540040040;100mN32118E42121;MC;NA;4;11;S;F;0614;NEP
057540040040-7279;057540040040;100mN32118E42121;MC;NA;4;4;S;M;0305;NEP
057540040040-7280;057540040040;100mN32118E42121;S;NA;1;73;D;M;6574;EMP
057540040040-7281;057540040040;100mN32118E42121;SF;NA;3;68;S;F;6574;EMP
057540040040-7281;057540040040;100mN32118E42121;SF;NA;3;16;S;F;1517;EMP
057540040040-7281;057540040040;100mN32118E42121;SF;NA;3;12;S;F;0614;NEP
057540040040-7282;057540040040;100mN32124E42142;S;OS;1;82;M;M;75XX;EMP
057540040040-7283;057540040040;100mN32127E42140;MC;NA;4;30;M;M;3039;EMP
057540040040-7283;057540040040;100mN32127E42140;MC;NA;4;23;M;F;1824;NEP
057540040040-7283;057540040040;100mN32127E42140;MC;NA;4;2;S;M;0003;NEP
057540040040-7283;057540040040;100mN32127E42140;MC;NA;4;11;S;M;0614;NEP
057540040040-7284;057540040040;100mN32118E42121;MC;OS;3;76;M;F;75XX;NEP
057540040040-7284;057540040040;100mN32118E42121;MC;OS;3;76;M;M;75XX;EMP
057540040040-7284;057540040040;100mN32118E42121;MC;OS;3;88;M;M;75XX;EMP
057540040040-7285;057540040040;100mN32118E42121;S;OS;1;16;S;F;1517;NEP
057540040040-7286;057540040040;100mN32118E42121;MC;NA;3;45;M;M;4049;NEP
057540040040-7286;057540040040;100mN32118E42121;MC;NA;3;42;M;F;4049;EMP
057540040040-7286;057540040040;100mN32118E42121;MC;NA;3;18;W;F;1824;NEP
057540040040-7287;057540040040;100mN32118E42121;MC;NA;5;19;M;F;1824;NEP
057540040040-7287;057540040040;100mN32118E42121;MC;NA;5;20;M;M;1824;EMP
057540040040-7287;057540040040;100mN32118E42121;MC;NA;5;4;S;M;0305;NEP
057540040040-7287;057540040040;100mN32118E42121;MC;NA;5;3;S;M;0305;NEP
057540040040-7287;057540040040;100mN32118E42121;MC;NA;5;1;S;M;0003;NEP
057540040040-7288;057540040040;100mN32118E42121;S;NA;1;33;D;F;3039;EMP
057540040040-7289;057540040040;100mN32116E42117;S;NA;1;40;M;M;4049;EMP
057540040040-7290;057540040040;100mN32116E42117;MC;OS;2;85;M;F;75XX;EMP
057540040040-7290;057540040040;100mN32116E42117;MC;OS;2;89;M;M;75XX;EMP
057540040040-7291;057540040040;100mN32116E42117;PO;NA;3;40;S;M;4049;NEP
057540040040-7291;057540040040;100mN32116E42117;PO;NA;3;37;S;M;3039;EMP
057540040040-7291;057540040040;100mN32116E42117;PO;NA;3;11;S;F;0614;NEP
057540040040-7292;057540040040;100mN32116E42117;S;NA;1;70;M;M;6574;EMP
057540040040-7293;057540040040;100mN32136E42131;MC;NA;2;48;M;F;4049;EMP
057540040040-7293;057540040040;100mN32136E42131;MC;NA;2;53;M;M;5064;EMP
057540040040-7294;057540040040;100mN32116E42117;MC;MIX;2;88;M;F;75XX;UEP
057540040040-7294;057540040040;100mN32116E42117;MC;MIX;2;6;S;F;0614;NEP
057540040040-7295;057540040040;100mN32116E42117;PO;OS;2;77;S;F;75XX;NEP
057540040040-7295;057540040040;100mN32116E42117;PO;OS;2;77;S;M;75XX;NEP
057540040040-7296;057540040040;100mN32101E42071;MC;NA;3;47;M;F;4049;NEP
057540040040-7296;057540040040;100mN32101E42071;MC;NA;3;48;M;M;4049;EMP
057540040040-7296;057540040040;100mN32101E42071;MC;NA;3;25;D;F;2529;EMP
057540040040-7297;057540040040;100mN32117E42113;S;NA;1;61;S;F;5064;NEP
057540040040-7298;057540040040;100mN32117E42113;MC;NA;4;35;M;F;3039;EMP
057540040040-7298;057540040040;100mN32117E42113;MC;NA;4;37;M;M;3039;EMP
057540040040-7298;057540040040;100mN32117E42113;MC;NA;4;10;S;F;0614;NEP
057540040040-7298;057540040040;100mN32117E42113;MC;NA;4;9;S;M;0614;NEP
057540040040-7299;057540040040;100mN32117E42113;S;NA;1;71;D;M;6574;NEP
057540040040-7300;057540040040;100mN32117E42113;MC;NA;6;55;M;F;5064;NEP
057540040040-7300;057540040040;100mN32117E42113;MC;NA;6;58;M;M;5064;EMP
057540040040-7300;057540040040;100mN32117E42113;MC;NA;6;6;S;M;0614;NEP
057540040040-7300;057540040040;100mN32117E42113;MC;NA;6;16;S;M;1517;EMP
057540040040-7300;057540040040;100mN32117E42113;MC;NA;6;34;W;F;3039;NEP
057540040040-7300;057540040040;100mN32117E42113;MC;NA;6;9;S;M;0614;NEP
057540040040-7301;057540040040;100mN32131E42135;SM;NA;3;71;D;M;6574;EMP
057540040040-7301;057540040040;100mN32131E42135;SM;NA;3;20;D;F;1824;EMP
057540040040-7301;057540040040;100mN32131E42135;SM;NA;3;6;S;M;0614;NEP
057540040040-7302;057540040040;100mN32117E42113;MC;MIX;2;75;M;F;75XX;NEP
057540040040-7302;057540040040;100mN32117E42113;MC;MIX;2;63;M;M;5064;NEP
057540040040-7303;057540040040;100mN32117E42113;SF;NA;2;67;D;F;6574;EMP
057540040040-7303;057540040040;100mN32117E42113;SF;NA;2;7;S;F;0614;NEP
057540040040-7304;057540040040;100mN32117E42113;S;OS;1;51;M;M;5064;EMP
057540040040-7305;057540040040;100mN32117E42113;SM;MIX;3;68;M;M;6574;NEP
057540040040-7305;057540040040;100mN32117E42113;SM;MIX;3;38;S;M;3039;EMP
057540040040-7305;057540040040;100mN32117E42113;SM;MIX;3;10;S;M;0614;NEP
057540040040-7306;057540040040;100mN32117E42113;S;OS;1;37;M;M;3039;EMP
057540040040-7307;057540040040;100mN32117E42113;SM;NA;2;45;D;M;4049;EMP
057540040040-7307;057540040040;100mN32117E42113;SM;NA;2;10;S;F;0614;NEP
057540040040-7308;057540040040;100mN32117E42113;S;NA;1;23;W;F;1824;NEP
057540040040-7309;057540040040;100mN32117E42113;MC;NA;2;22;M;F;1824;EMP
057540040040-7309;057540040040;100mN32117E42113;MC;NA;2;26;M;M;2529;EMP
057540040040-7310;057540040040;100mN32117E42113;MC;NA;5;44;M;F;4049;NEP
057540040040-7310;057540040040;100mN32117E42113;MC;NA;5;50;M;M;5064;NEP
057540040040-7310;057540040040;100mN32117E42113;MC;NA;5;21;M;F;1824;EMP
057540040040-7310;057540040040;100mN32117E42113;MC;NA;5;0;S;M;0003;NEP
057540040040-7310;057540040040;100mN32117E42113;MC;NA;5;8;S;M;0614;NEP
057540040040-7311;057540040040;100mN32117E42113;MC;OS;5;72;M;M;6574;EMP
057540040040-7311;057540040040;100mN32117E42113;MC;OS;5;78;M;F;75XX;EMP
057540040040-7311;057540040040;100mN32117E42113;MC;OS;5;68;W;F;6574;EMP
057540040040-7311;057540040040;100mN32117E42113;MC;OS;5;68;D;F;6574;EMP
057540040040-7311;057540040040;100mN32117E42113;MC;OS;5;80;S;F;75XX;NEP
057540040040-7312;057540040040;100mN32117E42113;MC;NA;4;37;M;M;3039;NEP
057540040040-7312;057540040040;100mN32117E42113;MC;NA;4;18;M;F;1824;UEP
057540040040-7312;057540040040;100mN32117E42113;MC;NA;4;7;S;M;0614;NEP
057540040040-7312;057540040040;100mN32117E42113;MC;NA;4;16;S;F;1517;EMP
057540040040-7313;057540040040;100mN32117E42113;S;NA;1;72;M;M;6574;EMP
057540040040-7314;057540040040;100mN32117E42113;S;OS;1;45;M;M;4049;NEP
057540040040-7315;057540040040;100mN32117E42113;MC;NA;2;35;M;M;3039;EMP
057540040040-7315;057540040040;100mN32117E42113;MC;NA;2;26;M;F;2529;NEP
057540040040-7316;057540040040;100mN32117E42113;MC;OS;3;72;M;M;6574;EMP
057540040040-7316;057540040040;100mN32117E42113;MC;OS;3;69;M;F;6574;NEP
057540040040-7316;057540040040;100mN32117E42113;MC;OS;3;71;D;M;6574;EMP
057540040040-7317;057540040040;100mN32117E42114;MC;NA;2;22;M;M;1824;NEP
057540040040-7317;057540040040;100mN32117E42114;MC;NA;2;18;M;F;1824;NEP
057540040040-7318;057540040040;100mN32111E42123;SM;MIX;4;82;M;F;75XX;NEP
057540040040-7318;057540040040;100mN32111E42123;SM;MIX;4;44;D;M;4049;EMP
057540040040-7318;057540040040;100mN32111E42123;SM;MIX;4;28;D;F;2529;NEP
057540040040-7318;057540040040;100mN32111E42123;SM;MIX;4;26;D;F;2529;NEP
057540040040-7319;057540040040;100mN32111E42123;S;NA;1;57;W;F;5064;EMP
057540040040-7320;057540040040;100mN32111E42123;MC;NA;2;33;M;F;3039;EMP
057540040040-7320;057540040040;100mN32111E42123;MC;NA;2;36;M;M;3039;NEP
057540040040-7321;057540040040;100mN32111E42123;MC;NA;3;54;M;M;5064;EMP
057540040040-7321;057540040040;100mN32111E42123;MC;NA;3;62;M;F;5064;NEP
057540040040-7321;057540040040;100mN32111E42123;MC;NA;3;8;S;F;0614;NEP
057540040040-7322;057540040040;100mN32111E42123;S;NA;1;34;S;M;3039;NEP
057540040040-7323;057540040040;100mN32111E42123;S;NA;1;69;M;F;6574;NEP
057540040040-7324;057540040040;100mN32111E42123;S;NA;1;31;W;F;3039;EMP
057540040040-7325;057540040040;100mN32118E42132;MC;NA;4;63;M;F;5064;EMP
057540040040-7325;057540040040;100mN32118E42132;MC;NA;4;33;M;M;3039;EMP
057540040040-7325;057540040040;100mN32118E42132;MC;NA;4;30;D;F;3039;EMP
057540040040-7325;057540040040;100mN32118E42132;MC;NA;4;48;M;M;4049;NEP
057540040040-7326;057540040040;100mN32111E42123;MC;NA;6;41;M;M;4049;EMP
057540040040-7326;057540040040;100mN32111E42123;MC;NA;6;38;M;F;3039;EMP
057540040040-7326;057540040040;100mN32111E42123;MC;NA;6;22;S;F;1824;NEP
057540040040-7326;057540040040;100mN32111E42123;MC;NA;6;23;M;M;1824;EMP
057540040040-7326;057540040040;100mN32111E42123;MC;NA;6;20;M;M;1824;NEP
057540040040-7326;057540040040;100mN32111E42123;MC;NA;6;23;D;M;1824;NEP
057540040040-7327;057540040040;100mN32111E42123;MC;NA;2;46;M;M;4049;EMP
057540040040-7327;057540040040;100mN32111E42123;MC;NA;2;37;M;F;3039;NEP
057540040040-7328;057540040040;100mN32111E42123;SF;NA;3;27;S;F;2529;EMP
057540040040-7328;057540040040;100mN32111E42123;SF;NA;3;11;S;F;0614;NEP
057540040040-7328;057540040040;100mN32111E42123;SF;NA;3;9;S;M;0614;NEP
057540040040-7329;057540040040;100mN32111E42123;MC;OS;3;67;M;F;6574;NEP
057540040040-7329;057540040040;100mN32111E42123;MC;OS;3;81;M;M;75XX;EMP
057540040040-7329;057540040040;100mN32111E42123;MC;OS;3;78;S;F;75XX;EMP
057540040040-7330;057540040040;100mN32111E42123;S;NA;1;63;M;F;5064;NEP
057540040040-7331;057540040040;100mN32111E42123;MC;OS;3;72;M;M;6574;NEP
057540040040-7331;057540040040;100mN32111E42123;MC;OS;3;67;M;F;6574;NEP
057540040040-7331;057540040040;100mN32111E42123;MC;OS;3;82;S;F;75XX;NEP
057540040040-7332;057540040040;100mN32111E42123;S;NA;1;27;M;M;2529;NEP
057540040040-7333;057540040040;100mN32111E42123;MC;NA;6;27;M;M;2529;EMP
057540040040-7333;057540040040;100mN32111E42123;MC;NA;6;26;M;F;2529;EMP
057540040040-7333;057540040040;100mN32111E42123;MC;NA;6;3;S;M;0305;NEP
057540040040-7333;057540040040;100mN32111E42123;MC;NA;6;0;S;F;0003;NEP
057540040040-7333;057540040040;100mN32111E42123;MC;NA;6;1;S;M;0003;NEP
057540040040-7333;057540040040;100mN32111E42123;MC;NA;6;12;S;M;0614;NEP
057540040040-7334;057540040040;100mN32111E42123;MC;NA;2;31;M;M;3039;EMP
057540040040-7334;057540040040;100mN32111E42123;MC;NA;2;32;M;F;3039;EMP
057540040040-7335;057540040040;100mN32111E42123;SF;MIX;3;89;W;F;75XX;EMP
057540040040-7335;057540040040;100mN32111E42123;SF;MIX;3;37;S;F;3039;EMP
057540040040-7335;057540040040;100mN32111E42123;SF;MIX;3;6;S;F;0614;NEP
057540040040-7336;057540040040;100mN32111E42123;S;NA;1;48;W;F;4049;NEP
057540040040-7337;057540040040;100mN32111E42123;S;NA;1;82;M;F;75XX;EMP
057540040040-7338;057540040040;100mN32111E42123;MC;NA;3;36;M;F;3039;NEP
057540040040-7338;057540040040;100mN32111E42123;MC;NA;3;33;M;M;3039;EMP
057540040040-7338;057540040040;100mN32111E42123;MC;NA;3;11;S;F;0614;NEP
057540040040-7339;057540040040;100mN32111E42123;S;NA;1;25;M;M;2529;EMP
057540040040-7340;057540040040;100mN32141E42107;MC;OS;2;71;M;F;6574;EMP
057540040040-7340;057540040040;100mN32141E42107;MC;OS;2;85;M;M;75XX;EMP
057540040040-7341;057540040040;100mN32093E42131;SM;NA;4;44;S;M;4049;EMP
057540040040-7341;057540040040;100mN32093E42131;SM;NA;4;16;S;F;1517;NEP
057540040040-7341;057540040040;100mN32093E42131;SM;NA;4;10;S;M;0614;NEP
057540040040-7341;057540040040;100mN32093E42131;SM;NA;4;11;S;F;0614;NEP
057540040040-7342;057540040040;100mN32112E42147;PO;NA;3;45;S;F;4049;EMP
057540040040-7342;057540040040;100mN32112E42147;PO;NA;3;43;S;M;4049;EMP
057540040040-7342;057540040040;100mN32112E42147;PO;NA;3;11;S;F;0614;NEP
057540040040-7343;057540040040;100mN32093E42131;S;NA;1;43;M;F;4049;NEP
057540040040-7344;057540040040;100mN32093E42131;S;NA;1;56;M;M;5064;EMP
057540040040-7345;057540040040;100mN32093E42131;S;OS;1;40;M;M;4049;EMP
057540040040-7346;057540040040;100mN32093E42131;S;OS;1;83;M;M;75XX;EMP
057540040040-7347;057540040040;100mN32093E42131;S;NA;1;27;S;F;2529;EMP
057540040040-7348;057540040040;100mN32117E42114;MC;OS;4;66;M;F;6574;EMP
057540040040-7348;057540040040;100mN32117E42114;MC;OS;4;68;M;M;6574;EMP
057540040040-7348;057540040040;100mN32117E42114;MC;OS;4;71;D;M;6574;NEP
057540040040-7348;057540040040;100mN32117E42114;MC;OS;4;80;M;M;75XX;EMP
057540040040-7349;057540040040;100mN32102E42071;MC;OS;4;68;M;M;6574;NEP
057540040040-7349;057540040040;100mN32102E42071;MC;OS;4;71;M;F;6574;EMP
057540040040-7349;057540040040;100mN32102E42071;MC;OS;4;73;D;M;6574;EMP
057540040040-7349;057540040040;100mN32102E42071;MC;OS;4;73;W;M;6574;EMP
057540040040-7350;057540040040;100mN32102E42071;S;OS;1;40;S;F;4049;EMP
057540040040-7351;057540040040;100mN32117E42122;S;NA;1;65;D;M;6574;EMP
057540040040-7352;057540040040;100mN32102E42071;S;NA;1;67;M;M;6574;NEP
057540040040-7353;057540040040;100mN32102E42071;S;OS;1;62;M;F;5064;EMP
057540040040-7354;057540040040;100mN32102E42071;MC;NA;2;22;M;M;1824;NEP
057540040040-7354;057540040040;100mN32102E42071;MC;NA;2;19;M;F;1824;NEP
057540040040-7355;057540040040;100mN32102E42071;S;OS;1;77;M;M;75XX;NEP
057540040040-7356;057540040040;100mN32102E42071;SF;NA;4;88;W;F;75XX;NEP
057540040040-7356;057540040040;100mN32102E42071;SF;NA;4;38;S;F;3039;EMP
057540040040-7356;057540040040;100mN32102E42071;SF;NA;4;55;M;F;5064;NEP
057540040040-7356;057540040040;100mN32102E42071;SF;NA;4;12;S;F;0614;NEP
057540040040-7357;057540040040;100mN32102E42071;PO;OS;3;85;S;M;75XX;NEP
057540040040-7357;057540040040;100mN32102E42071;PO;OS;3;63;M;M;5064;EMP
057540040040-7357;057540040040;100mN32102E42071;PO;OS;3;71;D;F;6574;EMP
057540040040-7358;057540040040;100mN32102E42071;SF;NA;2;42;W;F;4049;NEP
057540040040-7358;057540040040;100mN32102E42071;SF;NA;2;27;W;F;2529;NEP
057540040040-7359;057540040040;100mN32118E42133;MC;MIX;2;80;M;M;75XX;EMP
057540040040-7359;057540040040;100mN32118E42133;MC;MIX;2;48;W;F;4049;EMP
057540040040-7360;057540040040;100mN32102E42071;MC;OS;5;71;M;M;6574;NEP
057540040040-7360;057540040040;100mN32102E42071;MC;OS;5;69;M;F;6574;UEP
057540040040-7360;057540040040;100mN32102E42071;MC;OS;5;68;M;F;6574;EMP
057540040040-7360;057540040040;100mN32102E42071;MC;OS;5;65;D;F;6574;EMP
057540040040-7360;057540040040;100mN32102E42071;MC;OS;5;71;M;F;6574;EMP
057540040040-7361;057540040040;100mN32102E42071;MC;NA;5;41;M;M;4049;NEP
057540040040-7361;057540040040;100mN32102E42071;MC;NA;5;37;M;F;3039;EMP
057540040040-7361;057540040040;100mN32102E42071;MC;NA;5;15;S;F;1517;EMP
057540040040-7361;057540040040;100mN32102E42071;MC;NA;5;13;S;M;0614;NEP
057540040040-7361;057540040040;100mN32102E42071;MC;NA;5;26;M;M;2529;EMP
057540040040-7362;057540040040;100mN32102E42071;MC;OS;2;70;M;M;6574;NEP
057540040040-7362;057540040040;100mN32102E42071;MC;OS;2;68;M;F;6574;EMP
057540040040-7363;057540040040;100mN32102E42071;S;OS;1;40;M;M;4049;NEP
057540040040-7364;057540040040;100mN32102E42071;MC;NA;2;45;M;F;4049;NEP
057540040040-7364;057540040040;100mN32102E42071;MC;NA;2;42;M;M;4049;EMP
057540040040-7365;057540040040;100mN32102E42071;MC;NA;3;47;M;M;4049;EMP
057540040040-7365;057540040040;100mN32102E42071;MC;NA;3;44;M;F;4049;EMP
057540040040-7365;057540040040;100mN32102E42071;MC;NA;3;11;S;M;0614;NEP
057540040040-7366;057540040040;100mN32102E42071;MC;NA;4;30;M;F;3039;EMP
057540040040-7366;057540040040;100mN32102E42071;MC;NA;4;27;M;M;2529;EMP
057540040040-7366;057540040040;100mN32102E42071;MC;NA;4;15;S;F;1517;NEP
057540040040-7366;057540040040;100mN32102E42071;MC;NA;4;15;S;M;1517;EMP
057540040040-7367;057540040040;100mN32102E42071;MC;NA;4;59;M;F;5064;NEP
057540040040-7367;057540040040;100mN32102E42071;MC;NA;4;63;S;M;5064;EMP
057540040040-7367;057540040040;100mN32102E42071;MC;NA;4;15;S;M;1517;EMP
057540040040-7367;057540040040;100mN32102E42071;MC;NA;4;2;S;F;0003;NEP
057540040040-7368;057540040040;100mN32101E42085;MC;NA;2;59;M;F;5064;EMP
057540040040-7368;057540040040;100mN32101E42085;MC;NA;2;56;M;M;5064;EMP
057540040040-7369;057540040040;100mN32101E42085;MC;OS;2;68;M;F;6574;UEP
057540040040-7369;057540040040;100mN32101E42085;MC;OS;2;66;M;M;6574;EMP
057540040040-7370;057540040040;100mN32101E42085;S;OS;1;20;S;M;1824;EMP
057540040040-7371;057540040040;100mN32139E42122;SF;NA;2;26;W;F;2529;NEP
057540040040-7371;057540040040;100mN32139E42122;SF;NA;2;6;S;F;0614;NEP
057540040040-7372;057540040040;100mN32130E42123;MC;OS;2;72;M;M;6574;NEP
057540040040-7372;057540040040;100mN32130E42123;MC;OS;2;72;M;F;6574;EMP
057540040040-7373;057540040040;100mN32127E42143;S;NA;1;57;S;M;5064;EMP
057540040040-7374;057540040040;100mN32111E42121;S;NA;1;54;S;M;5064;EMP
057540040040-7375;057540040040;100mN32139E42122;SF;NA;3;33;D;F;3039;NEP
057540040040-7375;057540040040;100mN32139E42122;SF;NA;3;16;S;M;1517;NEP
057540040040-7375;057540040040;100mN32139E42122;SF;NA;3;3;S;F;0305;NEP
057540040040-7376;057540040040;100mN32139E42122;SF;NA;2;68;D;F;6574;EMP
057540040040-7376;057540040040;100mN32139E42122;SF;NA;2;8;S;F;0614;NEP
057540040040-7377;057540040040;100mN32129E42135;S;NA;1;42;M;M;4049;EMP
057540040040-7378;057540040040;100mN32139E42122;S;NA;1;69;M;M;6574;NEP
057540040040-7379;057540040040;100mN32139E42122;SF;NA;4;38;W;F;3039;EMP
057540040040-7379;057540040040;100mN32139E42122;SF;NA;4;19;S;M;1824;EMP
057540040040-7379;057540040040;100mN32139E42122;SF;NA;4;11;S;F;0614;NEP
057540040040-7379;057540040040;100mN32139E42122;SF;NA;4;15;S;F;1517;NEP
057540040040-7380;057540040040;100mN32115E42125;S;NA;1;36;S;M;3039;EMP
057540040040-7381;057540040040;100mN32094E42130;MC;NA;3;40;M;F;4049;EMP
057540040040-7381;057540040040;100mN32094E42130;MC;NA;3;37;M;M;3039;EMP
057540040040-7381;057540040040;100mN32094E42130;MC;NA;3;3;S;F;0305;NEP
057540040040-7382;057540040040;100mN32094E42130;MC;MIX;2;89;M;F;75XX;EMP
057540040040-7382;057540040040;100mN32094E42130;MC;MIX;2;15;S;M;1517;EMP
057540040040-7383;057540040040;100mN32124E42114;MC;NA;6;46;M;M;4049;EMP
057540040040-7383;057540040040;100mN32124E42114;MC;NA;6;46;M;F;4049;UEP
057540040040-7383;057540040040;100mN32124E42114;MC;NA;6;20;M;M;1824;EMP
057540040040-7383;057540040040;100mN32124E42114;MC;NA;6;11;S;M;0614;NEP
057540040040-7383;057540040040;100mN32124E42114;MC;NA;6;12;S;M;0614;NEP
057540040040-7383;057540040040;100mN32124E42114;MC;NA;6;18;M;M;1824;EMP
057540040040-7384;057540040040;100mN32124E42114;SM;NA;2;62;S;M;5064;NEP
057540040040-7384;057540040040;100mN32124E42114;SM;NA;2;15;S;M;1517;NEP
057540040040-7385;057540040040;100mN32124E42114;PO;NA;2;40;S;F;4049;NEP
057540040040-7385;057540040040;100mN32124E42114;PO;NA;2;41;S;M;4049;NEP
057540040040-7386;057540040040;100mN32124E42114;MC;NA;4;27;M;F;2529;NEP
057540040040-7386;057540040040;100mN32124E42114;MC;NA;4;33;M;M;3039;NEP
057540040040-7386;057540040040;100mN32124E42114;MC;NA;4;12;S;F;0614;NEP
057540040040-7386;057540040040;100mN32124E42114;MC;NA;4;8;S;F;0614;NEP
057540040040-7387;057540040040;100mN32117E42114;MC;NA;2;33;M;M;3039;EMP
057540040040-7387;057540040040;100mN32117E42114;MC;NA;2;25;M;F;2529;NEP
057540040040-7388;057540040040;100mN32124E42114;SF;NA;2;35;W;F;3039;NEP
057540040040-7388;057540040040;100mN32124E42114;SF;NA;2;20;D;F;1824;EMP
057540040040-7389;057540040040;100mN32124E42114;MC;OS;4;67;M;M;6574;EMP
057540040040-7389;057540040040;100mN32124E42114;MC;OS;4;84;M;F;75XX;EMP
057540040040-7389;057540040040;100mN32124E42114;MC;OS;4;75;S;F;75XX;NEP
057540040040-7389;057540040040;100mN32124E42114;MC;OS;4;68;W;F;6574;NEP
057540040040-7390;057540040040;100mN32124E42114;MC;NA;4;52;M;M;5064;NEP
057540040040-7390;057540040040;100mN32124E42114;MC;NA;4;46;M;F;4049;EMP
057540040040-7390;057540040040;100mN32124E42114;MC;NA;4;37;D;M;3039;EMP
057540040040-7390;057540040040;100mN32124E42114;MC;NA;4;30;M;F;3039;EMP
057540040040-7391;057540040040;100mN32124E42114;MC;NA;2;43;M;F;4049;NEP
057540040040-7391;057540040040;100mN32124E42114;MC;NA;2;46;M;M;4049;NEP
057540040040-7392;057540040040;100mN32124E42114;PO;NA;2;46;S;F;4049;EMP
057540040040-7392;057540040040;100mN32124E42114;PO;NA;2;48;S;M;4049;NEP
057540040040-7393;057540040040;100mN32124E42114;MC;NA;4;37;M;F;3039;EMP
057540040040-7393;057540040040;100mN32124E42114;MC;NA;4;44;M;M;4049;NEP
057540040040-7393;057540040040;100mN32124E42114;MC;NA;4;12;S;F;0614;NEP
057540040040-7393;057540040040;100mN32124E42114;MC;NA;4;18;M;M;1824;NEP
057540040040-7394;057540040040;100mN32124E42114;MC;MIX;2;69;M;M;6574;EMP
057540040040-7394;057540040040;100mN32124E42114;MC;MIX;2;21;D;F;1824;NEP
057540040040-7395;057540040040;100mN32124E42114;MC;OS;3;70;M;M;6574;NEP
057540040040-7395;057540040040;100mN32124E42114;MC;OS;3;65;M;F;6574;EMP
057540040040-7395;057540040040;100mN32124E42114;MC;OS;3;67;S;M;6574;EMP
057540040040-7396;057540040040;100mN32124E42114;MC;MIX;4;66;W;F;6574;EMP
057540040040-7396;057540040040;100mN32124E42114;MC;MIX;4;41;M;M;4049;EMP
057540040040-7396;057540040040;100mN32124E42114;MC;MIX;4;40;M;F;4049;NEP
057540040040-7396;057540040040;100mN32124E42114;MC;MIX;4;10;S;F;0614;NEP
057540040040-7397;057540040040;100mN32124E42114;S;NA;1;16;S;M;1517;EMP
057540040040-7398;057540040040;100mN32124E42114;MC;NA;2;54;M;F;5064;EMP
057540040040-7398;057540040040;100mN32124E42114;MC;NA;2;62;M;M;5064;EMP
057540040040-7399;057540040040;100mN32124E42114;PO;OS;3;87;S;F;75XX;EMP
057540040040-7399;057540040040;100mN32124E42114;PO;OS;3;11;S;M;0614;NEP
057540040040-7399;057540040040;100mN32124E42114;PO;OS;3;72;S;M;6574;EMP
057540040040-7400;057540040040;100mN32124E42114;MC;NA;5;56;M;F;5064;EMP
057540040040-7400;057540040040;100mN32124E42114;MC;NA;5;57;M;M;5064;NEP
057540040040-7400;057540040040;100mN32124E42114;MC;NA;5;41;W;F;4049;NEP
057540040040-7400;057540040040;100mN32124E42114;MC;NA;5;3;S;F;0305;NEP
057540040040-7400;057540040040;100mN32124E42114;MC;NA;5;11;S;F;0614;NEP
057540040040-7401;057540040040;100mN32124E42114;SM;NA;2;33;S;M;3039;NEP
057540040040-7401;057540040040;100mN32124E42114;SM;NA;2;9;S;M;0614;NEP
057540040040-7402;057540040040;100mN32124E42114;MC;NA;2;40;M;M;4049;EMP
057540040040-7402;057540040040;100mN32124E42114;MC;NA;2;32;M;F;3039;EMP
057540040040-7403;057540040040;100mN32124E42114;MC;NA;3;52;M;F;5064;EMP
057540040040-7403;057540040040;100mN32124E42114;MC;NA;3;59;M;M;5064;NEP
057540040040-7403;057540040040;100mN32124E42114;MC;NA;3;1;S;M;0003;NEP
057540040040-7404;057540040040;100mN32124E42114;MC;NA;3;48;M;F;4049;NEP
057540040040-7404;057540040040;100mN32124E42114;MC;NA;3;57;M;M;5064;EMP
057540040040-7404;057540040040;100mN32124E42114;MC;NA;3;12;S;F;0614;NEP
057540040040-7405;057540040040;100mN32124E42114;MC;MIX;4;72;S;F;6574;NEP
057540040040-7405;057540040040;100mN32124E42114;MC;MIX;4;34;M;F;3039;EMP
057540040040-7405;057540040040;100mN32124E42114;MC;MIX;4;35;M;M;3039;NEP
057540040040-7405;057540040040;100mN32124E42114;MC;MIX;4;19;M;M;1824;EMP
057540040040-7406;057540040040;100mN32124E42114;MC;NA;6;33;M;F;3039;EMP
057540040040-7406;057540040040;100mN32124E42114;MC;NA;6;40;M;M;4049;EMP
057540040040-7406;057540040040;100mN32124E42114;MC;NA;6;18;M;F;1824;NEP
057540040040-7406;057540040040;100mN32124E42114;MC;NA;6;18;W;F;1824;EMP
057540040040-7406;057540040040;100mN32124E42114;MC;NA;6;0;S;M;0003;NEP
057540040040-7406;057540040040;100mN32124E42114;MC;NA;6;10;S;M;0614;NEP
057540040040-7407;057540040040;100mN32111E42122;PO;NA;4;18;S;F;1824;NEP
057540040040-7407;057540040040;100mN32111E42122;PO;NA;4;22;S;M;1824;EMP
057540040040-7407;057540040040;100mN32111E42122;PO;NA;4;2;S;M;0003;NEP
057540040040-7407;057540040040;100mN32111E42122;PO;NA;4;0;S;M;0003;NEP
057540040040-7408;057540040040;100mN32111E42122;MC;MIX;3;65;M;M;6574;EMP
057540040040-7408;057540040040;100mN32111E42122;MC;MIX;3;37;M;M;3039;EMP
057540040040-7408;057540040040;100mN32111E42122;MC;MIX;3;33;M;F;3039;NEP
057540040040-7409;057540040040;100mN32111E42122;SF;NA;3;48;W;F;4049;EMP
057540040040-7409;057540040040;100mN32111E42122;SF;NA;3;18;M;M;1824;NEP
057540040040-7409;057540040040;100mN32111E42122;SF;NA;3;6;S;F;0614;NEP
057540040040-7410;057540040040;100mN32111E42122;S;NA;1;52;S;F;5064;EMP
057540040040-7411;057540040040;100mN32115E42115;SF;NA;4;40;W;F;4049;NEP
057540040040-7411;057540040040;100mN32115E42115;SF;NA;4;3;S;M;0305;NEP
057540040040-7411;057540040040;100mN32115E42115;SF;NA;4;10;S;F;0614;NEP
057540040040-7411;057540040040;100mN32115E42115;SF;NA;4;16;S;F;1517;NEP
057540040040-7412;057540040040;100mN32111E42122;MC;NA;2;34;M;F;3039;EMP
057540040040-7412;057540040040;100mN32111E42122;MC;NA;2;25;M;M;2529;EMP
057540040040-7413;057540040040;100mN32112E42145;MC;MIX;2;70;M;F;6574;EMP
057540040040-7413;057540040040;100mN32112E42145;MC;MIX;2;26;S;F;2529;NEP
057540040040-7414;057540040040;100mN32111E42122;NA;MIX;2;47;M;M;4049;EMP
057540040040-7414;057540040040;100mN32111E42122;NA;MIX;2;40;S;F;4049;EMP
057540040040-7415;057540040040;100mN32111E42122;PO;NA;2;30;S;F;3039;EMP
057540040040-7415;057540040040;100mN32111E42122;PO;NA;2;30;S;F;3039;EMP
057540040040-7416;057540040040;100mN32111E42122;S;NA;1;58;D;M;5064;EMP
057540040040-7417;057540040040;100mN32111E42122;S;NA;1;75;S;M;75XX;EMP
057540040040-7418;057540040040;100mN32111E42122;MC;MIX;3;79;M;F;75XX;EMP
057540040040-7418;057540040040;100mN32111E42122;MC;MIX;3;40;M;F;4049;NEP
057540040040-7418;057540040040;100mN32111E42122;MC;MIX;3;40;M;M;4049;NEP
057540040040-7419;057540040040;100mN32115E42112;MC;NA;2;52;M;F;5064;NEP
057540040040-7419;057540040040;100mN32115E42112;MC;NA;2;63;M;M;5064;NEP
057540040040-7420;057540040040;100mN32112E42145;MC;NA;6;46;M;M;4049;EMP
057540040040-7420;057540040040;100mN32112E42145;MC;NA;6;40;M;F;4049;NEP
057540040040-7420;057540040040;100mN32112E42145;MC;NA;6;16;S;M;1517;EMP
057540040040-7420;057540040040;100mN32112E42145;MC;NA;6;11;S;F;0614;NEP
057540040040-7420;057540040040;100mN32112E42145;MC;NA;6;13;S;F;0614;NEP
057540040040-7420;057540040040;100mN32112E42145;MC;NA;6;15;S;F;1517;NEP
057540040040-7421;057540040040;100mN32137E42121;S;NA;1;45;W;F;4049;NEP
057540040040-7422;057540040040;100mN32115E42112;MC;MIX;2;70;M;F;6574;EMP
057540040040-7422;057540040040;100mN32115E42112;MC;MIX;2;59;W;F;5064;EMP
057540040040-7423;057540040040;100mN32115E42112;PO;NA;4;43;S;F;4049;EMP
057540040040-7423;057540040040;100mN32115E42112;PO;NA;4;51;S;M;5064;EMP
057540040040-7423;057540040040;100mN32115E42112;PO;NA;4;15;S;F;1517;EMP
057540040040-7423;057540040040;100mN32115E42112;PO;NA;4;8;S;F;0614;NEP
057540040040-7424;057540040040;100mN32115E42112;MC;NA;2;60;M;F;5064;UEP
057540040040-7424;057540040040;100mN32115E42112;MC;NA;2;48;S;F;4049;UEP
057540040040-7425;057540040040;100mN32115E42112;PO;NA;4;35;S;F;3039;EMP
057540040040-7425;057540040040;100mN32115E42112;PO;NA;4;26;S;M;2529;EMP
057540040040-7425;057540040040;100mN32115E42112;PO;NA;4;3;S;M;0305;NEP
057540040040-7425;057540040040;100mN32115E42112;PO;NA;4;18;W;F;1824;EMP
057540040040-7426;057540040040;100mN32136E42125;PO;NA;2;34;S;M;3039;NEP
057540040040-7426;057540040040;100mN32136E42125;PO;NA;2;30;S;M;3039;NEP
057540040040-7427;057540040040;100mN32136E42125;SF;NA;2;70;W;F;6574;EMP
057540040040-7427;057540040040;100mN32136E42125;SF;NA;2;10;S;M;0614;NEP
057540040040-7428;057540040040;100mN32121E42142;PO;NA;2;41;S;F;4049;EMP
057540040040-7428;057540040040;100mN32121E42142;PO;NA;2;45;S;M;4049;EMP
057540040040-7429;057540040040;100mN32127E42140;S;NA;1;48;M;F;4049;NEP
057540040040-7430;057540040040;100mN32127E42140;S;NA;1;26;W;M;2529;EMP
057540040040-7431;057540040040;100mN32127E42140;S;NA;1;55;S;F;5064;NEP
057540040040-7432;057540040040;100mN32127E42140;S;NA;1;38;M;F;3039;EMP
057540040040-7433;057540040040;100mN32127E42140;S;NA;1;43;M;M;4049;EMP
057540040040-7434;057540040040;100mN32127E42140;MC;NA;2;55;M;M;5064;NEP
057540040040-7434;057540040040;100mN32127E42140;MC;NA;2;46;M;F;4049;EMP
057540040040-7435;057540040040;100mN32127E42140;MC;MIX;4;73;M;F;6574;NEP
057540040040-7435;057540040040;100mN32127E42140;MC;MIX;4;43;M;F;4049;EMP
057540040040-7435;057540040040;100mN32127E42140;MC;MIX;4;48;M;M;4049;NEP
057540040040-7435;057540040040;100mN32127E42140;MC;MIX;4;13;S;F;0614;NEP
057540040040-7436;057540040040;100mN32127E42140;MC;NA;4;30;M;M;3039;EMP
057540040040-7436;057540040040;100mN32127E42140;MC;NA;4;23;M;F;1824;NEP
057540040040-7436;057540040040;100mN32127E42140;MC;NA;4;2;S;M;0003;NEP
057540040040-7436;057540040040;100mN32127E42140;MC;NA;4;11;S;M;0614;NEP
057540040040-7437;057540040040;100mN32109E42145;MC;NA;4;55;M;M;5064;EMP
057540040040-7437;057540040040;100mN32109E42145;MC;NA;4;54;M;F;5064;NEP
057540040040-7437;057540040040;100mN32109E42145;MC;NA;4;40;S;M;4049;EMP
057540040040-7437;057540040040;100mN32109E42145;MC;NA;4;0;S;M;0003;NEP
057540040040-7438;057540040040;100mN32127E42140;MC;NA;5;42;M;M;4049;EMP
057540040040-7438;057540040040;100mN32127E42140;MC;NA;5;40;M;F;4049;EMP
057540040040-7438;057540040040;100mN32127E42140;MC;NA;5;16;S;M;1517;EMP
057540040040-7438;057540040040;100mN32127E42140;MC;NA;5;15;S;F;1517;EMP
057540040040-7438;057540040040;100mN32127E42140;MC;NA;5;6;S;M;0614;NEP
057540040040-7439;057540040040;100mN32127E42140;MC;NA;2;48;M;F;4049;EMP
057540040040-7439;057540040040;100mN32127E42140;MC;NA;2;51;M;M;5064;EMP
057540040040-7440;057540040040;100mN32115E42127;MC;MIX;2;66;M;F;6574;NEP
057540040040-7440;057540040040;100mN32115E42127;MC;MIX;2;44;S;F;4049;NEP
057540040040-7441;057540040040;100mN32127E42140;MC;MIX;2;75;M;M;75XX;NEP
057540040040-7441;057540040040;100mN32127E42140;MC;MIX;2;8;S;M;0614;NEP
057540040040-7442;057540040040;100mN32127E42140;MC;OS;2;70;M;F;6574;NEP
057540040040-7442;057540040040;100mN32127E42140;MC;OS;2;72;M;M;6574;EMP
057540040040-7443;057540040040;100mN32134E42132;PO;NA;4;45;S;M;4049;EMP
057540040040-7443;057540040040;100mN32134E42132;PO;NA;4;41;S;M;4049;EMP
057540040040-7443;057540040040;100mN32134E42132;PO;NA;4;23;W;F;1824;NEP
057540040040-7443;057540040040;100mN32134E42132;PO;NA;4;11;S;F;0614;NEP
057540040040-7444;057540040040;100mN32134E42132;MC;OS;3;67;M;F;6574;EMP
057540040040-7444;057540040040;100mN32134E42132;MC;OS;3;68;M;M;6574;EMP
057540040040-7444;057540040040;100mN32134E42132;MC;OS;3;73;S;M;6574;EMP
057540040040-7445;057540040040;100mN32134E42132;MC;NA;2;37;M;F;3039;NEP
057540040040-7445;057540040040;100mN32134E42132;MC;NA;2;43;M;M;4049;NEP
057540040040-7446;057540040040;100mN32120E42140;SF;NA;2;46;S;F;4049;EMP
057540040040-7446;057540040040;100mN32120E42140;SF;NA;2;19;W;F;1824;NEP
057540040040-7447;057540040040;100mN32120E42140;S;NA;1;51;D;M;5064;EMP
057540040040-7448;057540040040;100mN32118E42133;MC;MIX;4;82;D;F;75XX;NEP
057540040040-7448;057540040040;100mN32118E42133;MC;MIX;4;46;M;M;4049;NEP
057540040040-7448;057540040040;100mN32118E42133;MC;MIX;4;37;M;F;3039;NEP
057540040040-7448;057540040040;100mN32118E42133;MC;MIX;4;15;S;M;1517;NEP
057540040040-7449;057540040040;100mN32141E42118;MC;NA;2;41;M;F;4049;EMP
057540040040-7449;057540040040;100mN32141E42118;MC;NA;2;43;M;M;4049;NEP
057540040040-7450;057540040040;100mN32141E42118;S;NA;1;36;D;F;3039;EMP
057540040040-7451;057540040040;100mN32141E42118;PO;NA;4;50;S;M;5064;NEP
057540040040-7451;057540040040;100mN32141E42118;PO;NA;4;18;S;M;1824;EMP
057540040040-7451;057540040040;100mN32141E42118;PO;NA;4;0;S;M;0003;NEP
057540040040-7451;057540040040;100mN32141E42118;PO;NA;4;6;S;F;0614;NEP
057540040040-7452;057540040040;100mN32117E42123;S;NA;1;45;M;F;4049;EMP
057540040040-7453;057540040040;100mN32141E42118;NA;NA;3;52;M;F;5064;EMP
057540040040-7453;057540040040;100mN32141E42118;NA;NA;3;20;M;M;1824;EMP
057540040040-7453;057540040040;100mN32141E42118;NA;NA;3;46;S;F;4049;NEP
057540040040-7454;057540040040;100mN32141E42118;SF;NA;4;56;S;F;5064;EMP
057540040040-7454;057540040040;100mN32141E42118;SF;NA;4;28;W;F;2529;NEP
057540040040-7454;057540040040;100mN32141E42118;SF;NA;4;15;S;M;1517;EMP
057540040040-7454;057540040040;100mN32141E42118;SF;NA;4;9;S;F;0614;NEP
057540040040-7455;057540040040;100mN32141E42118;S;OS;1;47;M;M;4049;EMP
057540040040-7456;057540040040;100mN32141E42118;S;NA;1;45;S;M;4049;EMP
057540040040-7457;057540040040;100mN32141E42118;MC;OS;2;70;M;F;6574;NEP
057540040040-7457;057540040040;100mN32141E42118;MC;OS;2;72;M;M;6574;NEP
057540040040-7458;057540040040;100mN32141E42118;S;NA;1;20;S;M;1824;EMP
057540040040-7459;057540040040;100mN32141E42118;SF;NA;4;43;S;F;4049;NEP
057540040040-7459;057540040040;100mN32141E42118;SF;NA;4;8;S;M;0614;NEP
057540040040-7459;057540040040;100mN32141E42118;SF;NA;4;6;S;F;0614;NEP
057540040040-7459;057540040040;100mN32141E42118;SF;NA;4;27;M;F;2529;NEP
057540040040-7460;057540040040;100mN32141E42118;S;OS;1;52;D;M;5064;EMP
057540040040-7461;057540040040;100mN32141E42118;MC;NA;2;52;M;M;5064;NEP
057540040040-7461;057540040040;100mN32141E42118;MC;NA;2;52;M;F;5064;EMP
057540040040-7462;057540040040;100mN32141E42118;S;NA;1;72;M;M;6574;EMP
057540040040-7463;057540040040;100mN32118E42130;SF;NA;3;38;S;F;3039;UEP
057540040040-7463;057540040040;100mN32118E42130;SF;NA;3;22;M;F;1824;NEP
057540040040-7463;057540040040;100mN32118E42130;SF;NA;3;7;S;F;0614;NEP
057540040040-7464;057540040040;100mN32141E42118;S;OS;1;67;S;M;6574;EMP
057540040040-7465;057540040040;100mN32141E42118;MC;MIX;4;73;M;F;6574;NEP
057540040040-7465;057540040040;100mN32141E42118;MC;MIX;4;38;M;M;3039;EMP
057540040040-7465;057540040040;100mN32141E42118;MC;MIX;4;32;M;F;3039;NEP
057540040040-7465;057540040040;100mN32141E42118;MC;MIX;4;9;S;F;0614;NEP
057540040040-7466;057540040040;100mN32141E42118;S;OS;1;42;M;F;4049;EMP
057540040040-7467;057540040040;100mN32107E42045;MC;NA;2;35;M;M;3039;EMP
057540040040-7467;057540040040;100mN32107E42045;MC;NA;2;31;M;F;3039;UEP
057540040040-7468;057540040040;100mN32101E42074;MC;MIX;2;73;M;M;6574;NEP
057540040040-7468;057540040040;100mN32101E42074;MC;MIX;2;32;S;M;3039;NEP
057540040040-7469;057540040040;100mN32101E42074;MC;OS;2;70;M;F;6574;NEP
057540040040-7469;057540040040;100mN32101E42074;MC;OS;2;66;M;M;6574;EMP
057540040040-7470;057540040040;100mN32101E42074;MC;MIX;3;89;M;F;75XX;EMP
057540040040-7470;057540040040;100mN32101E42074;MC;MIX;3;33;M;F;3039;EMP
057540040040-7470;057540040040;100mN32101E42074;MC;MIX;3;51;M;M;5064;EMP
057540040040-7471;057540040040;100mN32134E42127;MC;NA;3;53;M;M;5064;NEP
057540040040-7471;057540040040;100mN32134E42127;MC;NA;3;55;M;F;5064;NEP
057540040040-7471;057540040040;100mN32134E42127;MC;NA;3;3;S;F;0305;NEP
057540040040-7472;057540040040;100mN32125E42146;MC;NA;3;33;M;M;3039;EMP
057540040040-7472;057540040040;100mN32125E42146;MC;NA;3;31;M;F;3039;EMP
057540040040-7472;057540040040;100mN32125E42146;MC;NA;3;18;M;F;1824;EMP
057540040040-7473;057540040040;100mN32125E42146;MC;NA;2;55;M;F;5064;EMP
057540040040-7473;057540040040;100mN32125E42146;MC;NA;2;56;M;M;5064;EMP
057540040040-7474;057540040040;100mN32125E42146;MC;NA;2;40;M;F;4049;NEP
057540040040-7474;057540040040;100mN32125E42146;MC;NA;2;42;M;M;4049;EMP
057540040040-7475;057540040040;100mN32125E42146;SF;NA;2;16;S;F;1517;NEP
057540040040-7475;057540040040;100mN32125E42146;SF;NA;2;0;S;F;0003;NEP
057540040040-7476;057540040040;100mN32125E42146;MC;NA;3;62;M;F;5064;EMP
057540040040-7476;057540040040;100mN32125E42146;MC;NA;3;61;M;M;5064;EMP
057540040040-7476;057540040040;100mN32125E42146;MC;NA;3;47;M;F;4049;EMP
057540040040-7477;057540040040;100mN32125E42146;S;OS;1;38;M;F;3039;NEP
057540040040-7478;057540040040;100mN32125E42146;MC;NA;4;59;M;F;5064;NEP
057540040040-7478;057540040040;100mN32125E42146;MC;NA;4;61;M;M;5064;NEP
057540040040-7478;057540040040;100mN32125E42146;MC;NA;4;10;S;M;0614;NEP
057540040040-7478;057540040040;100mN32125E42146;MC;NA;4;8;S;M;0614;NEP
057540040040-7479;057540040040;100mN32125E42146;S;NA;1;58;S;M;5064;NEP
057540040040-7480;057540040040;100mN32125E42146;MC;NA;6;42;M;M;4049;NEP
057540040040-7480;057540040040;100mN32125E42146;MC;NA;6;40;M;F;4049;EMP
057540040040-7480;057540040040;100mN32125E42146;MC;NA;6;20;M;M;1824;NEP
057540040040-7480;057540040040;100mN32125E42146;MC;NA;6;26;M;M;2529;EMP
057540040040-7480;057540040040;100mN32125E42146;MC;NA;6;11;S;M;0614;NEP
057540040040-7480;057540040040;100mN32125E42146;MC;NA;6;13;S;M;0614;NEP
057540040040-7481;057540040040;100mN32125E42146;S;NA;1;45;D;M;4049;NEP
057540040040-7482;057540040040;100mN32125E42146;MC;NA;2;36;M;M;3039;EMP
057540040040-7482;057540040040;100mN32125E42146;MC;NA;2;40;M;F;4049;EMP
057540040040-7483;057540040040;100mN32125E42146;S;OS;1;51;M;M;5064;EMP
057540040040-7484;057540040040;100mN32124E42142;S;NA;1;30;D;F;3039;EMP
057540040040-7485;057540040040;100mN32124E42142;MC;NA;2;42;M;F;4049;EMP
057540040040-7485;057540040040;100mN32124E42142;MC;NA;2;47;M;M;4049;EMP
057540040040-7486;057540040040;100mN32124E42142;S;NA;1;60;M;M;5064;NEP
057540040040-7487;057540040040;100mN32124E42142;MC;NA;2;44;M;M;4049;NEP
057540040040-7487;057540040040;100mN32124E42142;MC;NA;2;44;M;F;4049;NEP
057540040040-7488;057540040040;100mN32124E42142;MC;NA;2;31;M;M;3039;NEP
057540040040-7488;057540040040;100mN32124E42142;MC;NA;2;25;M;F;2529;NEP
057540040040-7489;057540040040;100mN32124E42142;S;OS;1;55;S;M;5064;EMP
057540040040-7490;057540040040;100mN32124E42142;MC;OS;2;78;M;F;75XX;NEP
057540040040-7490;057540040040;100mN32124E42142;MC;OS;2;83;M;M;75XX;EMP
057540040040-7491;057540040040;100mN32124E42142;MC;NA;2;51;M;M;5064;NEP
057540040040-7491;057540040040;100mN32124E42142;MC;NA;2;48;M;F;4049;NEP
057540040040-7492;057540040040;100mN32124E42142;MC;NA;3;55;M;F;5064;EMP
057540040040-7492;057540040040;100mN32124E42142;MC;NA;3;59;M;M;5064;NEP
057540040040-7492;057540040040;100mN32124E42142;MC;NA;3;4;S;M;0305;NEP
057540040040-7493;057540040040;100mN32124E42142;S;NA;1;42;W;M;4049;EMP
057540040040-7494;057540040040;100mN32124E42142;MC;NA;4;37;M;M;3039;EMP
057540040040-7494;057540040040;100mN32124E42142;MC;NA;4;44;M;F;4049;NEP
057540040040-7494;057540040040;100mN32124E42142;MC;NA;4;19;M;F;1824;EMP
057540040040-7494;057540040040;100mN32124E42142;MC;NA;4;6;S;F;0614;NEP
057540040040-7495;057540040040;100mN32132E42132;SF;NA;3;40;W;F;4049;EMP
057540040040-7495;057540040040;100mN32132E42132;SF;NA;3;15;S;M;1517;NEP
057540040040-7495;057540040040;100mN32132E42132;SF;NA;3;16;S;F;1517;NEP
057540040040-7496;057540040040;100mN32124E42142;PO;NA;2;62;S;M;5064;EMP
057540040040-7496;057540040040;100mN32124E42142;PO;NA;2;55;S;M;5064;NEP
057540040040-7497;057540040040;100mN32124E42142;MC;MIX;4;81;M;F;75XX;NEP
057540040040-7497;057540040040;100mN32124E42142;MC;MIX;4;30;M;F;3039;NEP
057540040040-7497;057540040040;100mN32124E42142;MC;MIX;4;32;M;M;3039;NEP
057540040040-7497;057540040040;100mN32124E42142;MC;MIX;4;15;S;F;1517;NEP
057540040040-7498;057540040040;100mN32124E42142;MC;NA;2;45;M;M;4049;EMP
057540040040-7498;057540040040;100mN32124E42142;MC;NA;2;41;M;F;4049;NEP
057540040040-7499;057540040040;100mN32124E42142;S;OS;1;82;M;M;75XX;EMP
057540040040-7500;057540040040;100mN32124E42142;MC;MIX;4;67;M;F;6574;EMP
057540040040-7500;057540040040;100mN32124E42142;MC;MIX;4;59;M;F;5064;NEP
057540040040-7500;057540040040;100mN32124E42142;MC;MIX;4;59;M;M;5064;EMP
057540040040-7500;057540040040;100mN32124E42142;MC;MIX;4;16;S;F;1517;NEP
057540040040-7501;057540040040;100mN32124E42142;NA;NA;4;41;S;F;4049;EMP
057540040040-7501;057540040040;100mN32124E42142;NA;NA;4;16;S;F;1517;NEP
057540040040-7501;057540040040;100mN32124E42142;NA;NA;4;43;S;F;4049;NEP
057540040040-7501;057540040040;100mN32124E42142;NA;NA;4;32;D;F;3039;NEP
057540040040-7502;057540040040;100mN32139E42124;MC;NA;5;62;M;M;5064;EMP
057540040040-7502;057540040040;100mN32139E42124;MC;NA;5;66;W;F;6574;EMP
057540040040-7502;057540040040;100mN32139E42124;MC;NA;5;23;M;F;1824;NEP
057540040040-7502;057540040040;100mN32139E42124;MC;NA;5;15;S;M;1517;EMP
057540040040-7502;057540040040;100mN32139E42124;MC;NA;5;41;M;M;4049;NEP
057540040040-7503;057540040040;100mN32117E42125;S;NA;1;48;S;F;4049;NEP
057540040040-7504;057540040040;100mN32124E42142;MC;NA;2;51;M;F;5064;EMP
057540040040-7504;057540040040;100mN32124E42142;MC;NA;2;54;M;M;5064;EMP
057540040040-7505;057540040040;100mN32124E42142;MC;NA;2;56;M;F;5064;EMP
057540040040-7505;057540040040;100mN32124E42142;MC;NA;2;48;M;M;4049;NEP
057540040040-7506;057540040040;100mN32124E42142;MC;OS;2;72;M;M;6574;NEP
057540040040-7506;057540040040;100mN32124E42142;MC;OS;2;70;M;F;6574;NEP
057540040040-7507;057540040040;100mN32124E42142;MC;NA;2;53;M;F;5064;EMP
057540040040-7507;057540040040;100mN32124E42142;MC;NA;2;47;M;M;4049;EMP
057540040040-7508;057540040040;100mN32124E42142;S;OS;1;66;M;M;6574;EMP
057540040040-7509;057540040040;100mN32100E42073;MC;NA;2;45;M;F;4049;NEP
057540040040-7509;057540040040;100mN32100E42073;MC;NA;2;50;M;M;5064;EMP
057540040040-7510;057540040040;100mN32100E42073;MC;OS;2;76;M;M;75XX;EMP
057540040040-7510;057540040040;100mN32100E42073;MC;OS;2;73;M;F;6574;NEP
057540040040-7511;057540040040;100mN32100E42073;PO;NA;2;36;S;F;3039;NEP
057540040040-7511;057540040040;100mN32100E42073;PO;NA;2;43;S;F;4049;EMP
057540040040-7512;057540040040;100mN32100E42073;MC;OS;3;71;M;M;6574;EMP
057540040040-7512;057540040040;100mN32100E42073;MC;OS;3;65;M;F;6574;UEP
057540040040-7512;057540040040;100mN32100E42073;MC;OS;3;83;M;F;75XX;EMP
057540040040-7513;057540040040;100mN32137E42121;S;OS;1;19;M;F;1824;NEP
057540040040-7514;057540040040;100mN32100E42073;MC;NA;3;62;M;M;5064;EMP
057540040040-7514;057540040040;100mN32100E42073;MC;NA;3;63;M;F;5064;NEP
057540040040-7514;057540040040;100mN32100E42073;MC;NA;3;7;S;M;0614;NEP
057540040040-7515;057540040040;100mN32100E42073;S;NA;1;85;S;M;75XX;EMP
057540040040-7516;057540040040;100mN32100E42073;MC;NA;2;42;M;F;4049;EMP
057540040040-7516;057540040040;100mN32100E42073;MC;NA;2;46;M;M;4049;EMP
057540040040-7517;057540040040;100mN32103E42071;SF;NA;2;22;D;F;1824;UEP
057540040040-7517;057540040040;100mN32103E42071;SF;NA;2;7;S;F;0614;NEP
057540040040-7518;057540040040;100mN32100E42073;MC;NA;4;46;M;M;4049;EMP
057540040040-7518;057540040040;100mN32100E42073;MC;NA;4;45;M;F;4049;EMP
057540040040-7518;057540040040;100mN32100E42073;MC;NA;4;6;S;F;0614;NEP
057540040040-7518;057540040040;100mN32100E42073;MC;NA;4;8;S;M;0614;NEP
057540040040-7519;057540040040;100mN32100E42073;MC;OS;2;86;M;F;75XX;EMP
057540040040-7519;057540040040;100mN32100E42073;MC;OS;2;88;M;M;75XX;EMP
057540040040-7520;057540040040;100mN32103E42071;MC;NA;3;54;M;F;5064;EMP
057540040040-7520;057540040040;100mN32103E42071;MC;NA;3;54;M;M;5064;EMP
057540040040-7520;057540040040;100mN32103E42071;MC;NA;3;7;S;F;0614;NEP
057540040040-7521;057540040040;100mN32100E42073;MC;NA;3;61;M;F;5064;EMP
057540040040-7521;057540040040;100mN32100E42073;MC;NA;3;42;M;M;4049;EMP
057540040040-7521;057540040040;100mN32100E42073;MC;NA;3;8;S;M;0614;NEP
057540040040-7522;057540040040;100mN32100E42073;MC;MIX;3;86;S;F;75XX;EMP
057540040040-7522;057540040040;100mN32100E42073;MC;MIX;3;25;M;F;2529;EMP
057540040040-7522;057540040040;100mN32100E42073;MC;MIX;3;31;M;M;3039;EMP
057540040040-7523;057540040040;100mN32100E42073;MC;NA;2;25;M;F;2529;NEP
057540040040-7523;057540040040;100mN32100E42073;MC;NA;2;25;M;M;2529;EMP
057540040040-7524;057540040040;100mN32100E42073;PO;NA;4;50;S;F;5064;NEP
057540040040-7524;057540040040;100mN32100E42073;PO;NA;4;52;S;M;5064;EMP
057540040040-7524;057540040040;100mN32100E42073;PO;NA;4;27;M;M;2529;NEP
057540040040-7524;057540040040;100mN32100E42073;PO;NA;4;11;S;M;0614;NEP
057540040040-7525;057540040040;100mN32111E42124;MC;OS;2;79;M;F;75XX;EMP
057540040040-7525;057540040040;100mN32111E42124;MC;OS;2;77;M;M;75XX;NEP
057540040040-7526;057540040040;100mN32109E42145;S;OS;1;51;S;M;5064;EMP
057540040040-7527;057540040040;100mN32111E42124;MC;NA;4;31;M;F;3039;EMP
057540040040-7527;057540040040;100mN32111E42124;MC;NA;4;36;M;M;3039;EMP
057540040040-7527;057540040040;100mN32111E42124;MC;NA;4;16;S;F;1517;EMP
057540040040-7527;057540040040;100mN32111E42124;MC;NA;4;9;S;F;0614;NEP
057540040040-7528;057540040040;100mN32111E42124;MC;NA;4;45;M;M;4049;EMP
057540040040-7528;057540040040;100mN32111E42124;MC;NA;4;44;M;F;4049;EMP
057540040040-7528;057540040040;100mN32111E42124;MC;NA;4;8;S;M;0614;NEP
057540040040-7528;057540040040;100mN32111E42124;MC;NA;4;26;M;M;2529;EMP
057540040040-7529;057540040040;100mN32111E42124;MC;MIX;2;86;M;M;75XX;EMP
057540040040-7529;057540040040;100mN32111E42124;MC;MIX;2;73;S;M;6574;NEP
057540040040-7530;057540040040;100mN32111E42124;MC;NA;3;62;M;F;5064;NEP
057540040040-7530;057540040040;100mN32111E42124;MC;NA;3;26;M;F;2529;NEP
057540040040-7530;057540040040;100mN32111E42124;MC;NA;3;13;S;M;0614;NEP
057540040040-7531;057540040040;100mN32111E42124;PO;NA;5;54;S;M;5064;NEP
057540040040-7531;057540040040;100mN32111E42124;PO;NA;5;53;S;F;5064;EMP
057540040040-7531;057540040040;100mN32111E42124;PO;NA;5;10;S;M;0614;NEP
057540040040-7531;057540040040;100mN32111E42124;PO;NA;5;10;S;F;0614;NEP
057540040040-7531;057540040040;100mN32111E42124;PO;NA;5;8;S;M;0614;NEP
057540040040-7532;057540040040;100mN32111E42124;S;NA;1;16;S;M;1517;EMP
057540040040-7533;057540040040;100mN32111E42124;SF;NA;2;69;D;F;6574;EMP
057540040040-7533;057540040040;100mN32111E42124;SF;NA;2;15;S;M;1517;EMP
057540040040-7534;057540040040;100mN32111E42124;NA;NA;4;75;S;F;75XX;NEP
057540040040-7534;057540040040;100mN32111E42124;NA;NA;4;77;S;F;75XX;EMP
057540040040-7534;057540040040;100mN32111E42124;NA;NA;4;30;M;F;3039;EMP
057540040040-7534;057540040040;100mN32111E42124;NA;NA;4;23;S;M;1824;EMP
057540040040-7535;057540040040;100mN32111E42124;SM;MIX;3;67;S;M;6574;NEP
057540040040-7535;057540040040;100mN32111E42124;SM;MIX;3;16;S;M;1517;EMP
057540040040-7535;057540040040;100mN32111E42124;SM;MIX;3;0;S;M;0003;NEP
057540040040-7536;057540040040;100mN32092E42132;S;NA;1;75;M;F;75XX;EMP
057540040040-7537;057540040040;100mN32092E42132;S;NA;1;69;S;F;6574;EMP
057540040040-7538;057540040040;100mN32092E42132;MC;NA;2;61;M;M;5064;EMP
057540040040-7538;057540040040;100mN32092E42132;MC;NA;2;61;M;F;5064;UEP
057540040040-7539;057540040040;100mN32101E42057;S;NA;1;55;S;M;5064;EMP
057540040040-7540;057540040040;100mN32092E42132;MC;MIX;4;77;W;F;75XX;EMP
057540040040-7540;057540040040;100mN32092E42132;MC;MIX;4;19;M;M;1824;EMP
057540040040-7540;057540040040;100mN32092E42132;MC;MIX;4;19;M;F;1824;EMP
057540040040-7540;057540040040;100mN32092E42132;MC;MIX;4;4;S;F;0305;NEP
057540040040-7541;057540040040;100mN32092E42132;S;NA;1;79;W;F;75XX;EMP
057540040040-7542;057540040040;100mN32125E42116;S;NA;1;44;M;M;4049;EMP
057540040040-7543;057540040040;100mN32125E42116;MC;NA;2;20;M;F;1824;EMP
057540040040-7543;057540040040;100mN32125E42116;MC;NA;2;18;M;M;1824;NEP
057540040040-7544;057540040040;100mN32131E42131;NA;OS;2;67;D;F;6574;EMP
057540040040-7544;057540040040;100mN32131E42131;NA;OS;2;34;D;F;3039;EMP
057540040040-7545;057540040040;100mN32125E42116;S;NA;1;45;S;M;4049;EMP
057540040040-7546;057540040040;100mN32125E42116;MC;NA;2;34;M;M;3039;EMP
057540040040-7546;057540040040;100mN32125E42116;MC;NA;2;28;M;F;2529;EMP
057540040040-7547;057540040040;100mN32125E42116;MC;NA;5;45;M;M;4049;NEP
057540040040-7547;057540040040;100mN32125E42116;MC;NA;5;42;M;F;4049;EMP
057540040040-7547;057540040040;100mN32125E42116;MC;NA;5;10;S;M;0614;NEP
057540040040-7547;057540040040;100mN32125E42116;MC;NA;5;16;S;F;1517;EMP
057540040040-7547;057540040040;100mN32125E42116;MC;NA;5;23;M;M;1824;NEP
057540040040-7548;057540040040;100mN32125E42116;MC;MIX;3;65;M;F;6574;EMP
057540040040-7548;057540040040;100mN32125E42116;MC;MIX;3;33;M;F;3039;EMP
057540040040-7548;057540040040;100mN32125E42116;MC;MIX;3;40;M;M;4049;EMP
057540040040-7549;057540040040;100mN32125E42112;MC;NA;4;56;M;F;5064;NEP
057540040040-7549;057540040040;100mN32125E42112;MC;NA;4;47;M;M;4049;NEP
057540040040-7549;057540040040;100mN32125E42112;MC;NA;4;2;S;F;0003;NEP
057540040040-7549;057540040040;100mN32125E42112;MC;NA;4;12;S;F;0614;NEP
057540040040-7550;057540040040;100mN32125E42112;MC;NA;5;47;M;F;4049;EMP
057540040040-7550;057540040040;100mN32125E42112;MC;NA;5;46;M;M;4049;EMP
057540040040-7550;057540040040;100mN32125E42112;MC;NA;5;12;S;F;0614;NEP
057540040040-7550;057540040040;100mN32125E42112;MC;NA;5;19;M;F;1824;EMP
057540040040-7550;057540040040;100mN32125E42112;MC;NA;5;0;S;M;0003;NEP
057540040040-7551;057540040040;100mN32125E42112;S;OS;1;28;M;M;2529;NEP
057540040040-7552;057540040040;100mN32136E42122;NA;OS;2;44;M;F;4049;NEP
057540040040-7552;057540040040;100mN32136E42122;NA;OS;2;81;S;F;75XX;EMP
057540040040-7553;057540040040;100mN32136E42122;MC;OS;4;85;M;M;75XX;EMP
057540040040-7553;057540040040;100mN32136E42122;MC;OS;4;89;M;F;75XX;EMP
057540040040-7553;057540040040;100mN32136E42122;MC;OS;4;79;M;F;75XX;EMP
057540040040-7553;057540040040;100mN32136E42122;MC;OS;4;70;S;F;6574;EMP
057540040040-7554;057540040040;100mN32101E42057;SF;NA;2;46;S;F;4049;EMP
057540040040-7554;057540040040;100mN32101E42057;SF;NA;2;15;S;F;1517;NEP
057540040040-7555;057540040040;100mN32136E42122;MC;OS;4;71;M;M;6574;EMP
057540040040-7555;057540040040;100mN32136E42122;MC;OS;4;65;M;F;6574;EMP
057540040040-7555;057540040040;100mN32136E42122;MC;OS;4;86;S;F;75XX;NEP
057540040040-7555;057540040040;100mN32136E42122;MC;OS;4;79;S;M;75XX;NEP
057540040040-7556;057540040040;100mN32126E42076;MC;NA;2;36;M;F;3039;EMP
057540040040-7556;057540040040;100mN32126E42076;MC;NA;2;42;M;M;4049;EMP
057540040040-7557;057540040040;100mN32126E42076;SF;NA;5;67;D;F;6574;EMP
057540040040-7557;057540040040;100mN32126E42076;SF;NA;5;0;S;F;0003;NEP
057540040040-7557;057540040040;100mN32126E42076;SF;NA;5;2;S;M;0003;NEP
057540040040-7557;057540040040;100mN32126E42076;SF;NA;5;11;S;M;0614;NEP
057540040040-7557;057540040040;100mN32126E42076;SF;NA;5;45;S;M;4049;EMP
057540040040-7558;057540040040;100mN32126E42076;S;NA;1;43;M;F;4049;EMP
057540040040-7559;057540040040;100mN32134E42127;PO;NA;4;32;S;F;3039;NEP
057540040040-7559;057540040040;100mN32134E42127;PO;NA;4;32;S;M;3039;NEP
057540040040-7559;057540040040;100mN32134E42127;PO;NA;4;13;S;M;0614;NEP
057540040040-7559;057540040040;100mN32134E42127;PO;NA;4;15;S;F;1517;NEP
057540040040-7560;057540040040;100mN32134E42127;MC;NA;4;44;M;M;4049;EMP
057540040040-7560;057540040040;100mN32134E42127;MC;NA;4;42;M;F;4049;EMP
057540040040-7560;057540040040;100mN32134E42127;MC;NA;4;7;S;F;0614;NEP
057540040040-7560;057540040040;100mN32134E42127;MC;NA;4;6;S;M;0614;NEP
057540040040-7561;057540040040;100mN32112E42145;SF;NA;3;46;D;F;4049;NEP
057540040040-7561;057540040040;100mN32112E42145;SF;NA;3;4;S;M;0305;NEP
057540040040-7561;057540040040;100mN32112E42145;SF;NA;3;12;S;M;0614;NEP
057540040040-7562;057540040040;100mN32134E42127;S;NA;1;76;S;M;75XX;EMP
057540040040-7563;057540040040;100mN32134E42127;MC;MIX;5;66;M;M;6574;NEP
057540040040-7563;057540040040;100mN32134E42127;MC;MIX;5;25;M;M;2529;EMP
057540040040-7563;057540040040;100mN32134E42127;MC;MIX;5;22;M;F;1824;NEP
057540040040-7563;057540040040;100mN32134E42127;MC;MIX;5;6;S;F;0614;NEP
057540040040-7563;057540040040;100mN32134E42127;MC;MIX;5;0;S;M;0003;NEP
057540040040-7564;057540040040;100mN32134E42127;S;OS;1;43;D;F;4049;EMP
057540040040-7565;057540040040;100mN32134E42127;MC;MIX;2;85;M;F;75XX;NEP
057540040040-7565;057540040040;100mN32134E42127;MC;MIX;2;36;S;M;3039;EMP
057540040040-7566;057540040040;100mN32134E42127;MC;NA;3;62;M;M;5064;EMP
057540040040-7566;057540040040;100mN32134E42127;MC;NA;3;53;S;F;5064;EMP
057540040040-7566;057540040040;100mN32134E42127;MC;NA;3;10;S;F;0614;NEP
057540040040-7567;057540040040;100mN32134E42127;MC;NA;3;53;M;M;5064;NEP
057540040040-7567;057540040040;100mN32134E42127;MC;NA;3;55;M;F;5064;NEP
057540040040-7567;057540040040;100mN32134E42127;MC;NA;3;3;S;F;0305;NEP
057540040040-7568;057540040040;100mN32134E42127;MC;NA;4;47;M;M;4049;EMP
057540040040-7568;057540040040;100mN32134E42127;MC;NA;4;43;M;F;4049;EMP
057540040040-7568;057540040040;100mN32134E42127;MC;NA;4;30;M;F;3039;NEP
057540040040-7568;057540040040;100mN32134E42127;MC;NA;4;16;S;M;1517;NEP
057540040040-7569;057540040040;100mN32111E42121;S;NA;1;79;M;F;75XX;NEP
057540040040-7570;057540040040;100mN32116E42122;MC;NA;3;20;M;F;1824;NEP
057540040040-7570;057540040040;100mN32116E42122;MC;NA;3;22;M;M;1824;EMP
057540040040-7570;057540040040;100mN32116E42122;MC;NA;3;4;S;F;0305;NEP
057540040040-7571;057540040040;100mN32116E42122;NA;MIX;3;42;M;M;4049;NEP
057540040040-7571;057540040040;100mN32116E42122;NA;MIX;3;51;M;F;5064;EMP
057540040040-7571;057540040040;100mN32116E42122;NA;MIX;3;55;S;M;5064;EMP
057540040040-7572;057540040040;100mN32116E42122;SM;NA;2;16;S;M;1517;EMP
057540040040-7572;057540040040;100mN32116E42122;SM;NA;2;0;S;F;0003;NEP
057540040040-7573;057540040040;100mN32116E42122;S;NA;1;69;W;F;6574;EMP
057540040040-7574;057540040040;100mN32116E42122;MC;NA;3;57;M;F;5064;EMP
057540040040-7574;057540040040;100mN32116E42122;MC;NA;3;62;M;M;5064;EMP
057540040040-7574;057540040040;100mN32116E42122;MC;NA;3;15;S;M;1517;EMP
057540040040-7575;057540040040;100mN32116E42122;MC;MIX;6;68;W;F;6574;EMP
057540040040-7575;057540040040;100mN32116E42122;MC;MIX;6;20;M;F;1824;NEP
057540040040-7575;057540040040;100mN32116E42122;MC;MIX;6;23;M;M;1824;NEP
057540040040-7575;057540040040;100mN32116E42122;MC;MIX;6;2;S;M;0003;NEP
057540040040-7575;057540040040;100mN32116E42122;MC;MIX;6;3;S;M;0305;NEP
057540040040-7575;057540040040;100mN32116E42122;MC;MIX;6;2;S;F;0003;NEP
057540040040-7576;057540040040;100mN32115E42127;PO;NA;2;48;S;F;4049;UEP
057540040040-7576;057540040040;100mN32115E42127;PO;NA;2;50;S;F;5064;NEP
057540040040-7577;057540040040;100mN32116E42122;S;NA;1;43;S;M;4049;EMP
057540040040-7578;057540040040;100mN32116E42122;S;OS;1;40;S;M;4049;EMP
057540040040-7579;057540040040;100mN32118E42129;MC;MIX;4;72;M;M;6574;EMP
057540040040-7579;057540040040;100mN32118E42129;MC;MIX;4;37;M;F;3039;EMP
057540040040-7579;057540040040;100mN32118E42129;MC;MIX;4;40;M;M;4049;EMP
057540040040-7579;057540040040;100mN32118E42129;MC;MIX;4;6;S;F;0614;NEP
057540040040-7580;057540040040;100mN32118E42129;S;OS;1;43;M;F;4049;EMP
057540040040-7581;057540040040;100mN32118E42129;S;NA;1;47;S;F;4049;NEP
057540040040-7582;057540040040;100mN32118E42129;PO;OS;2;66;S;F;6574;NEP
057540040040-7582;057540040040;100mN32118E42129;PO;OS;2;66;S;M;6574;EMP
057540040040-7583;057540040040;100mN32118E42129;S;OS;1;44;M;M;4049;EMP
057540040040-7584;057540040040;100mN32118E42129;MC;OS;2;72;M;F;6574;NEP
057540040040-7584;057540040040;100mN32118E42129;MC;OS;2;79;M;M;75XX;EMP
057540040040-7585;057540040040;100mN32118E42129;SF;NA;4;50;S;F;5064;EMP
057540040040-7585;057540040040;100mN32118E42129;SF;NA;4;9;S;M;0614;NEP
057540040040-7585;057540040040;100mN32118E42129;SF;NA;4;35;S;F;3039;EMP
057540040040-7585;057540040040;100mN32118E42129;SF;NA;4;11;S;F;0614;NEP
057540040040-7586;057540040040;100mN32118E42129;S;OS;1;47;M;F;4049;EMP
057540040040-7587;057540040040;100mN32118E42129;NA;NA;2;46;M;F;4049;NEP
057540040040-7587;057540040040;100mN32118E42129;NA;NA;2;55;S;M;5064;EMP
057540040040-7588;057540040040;100mN32118E42129;SF;NA;5;72;W;F;6574;EMP
057540040040-7588;057540040040;100mN32118E42129;SF;NA;5;6;S;F;0614;NEP
057540040040-7588;057540040040;100mN32118E42129;SF;NA;5;4;S;M;0305;NEP
057540040040-7588;057540040040;100mN32118E42129;SF;NA;5;42;M;M;4049;EMP
057540040040-7588;057540040040;100mN32118E42129;SF;NA;5;10;S;F;0614;NEP
057540040040-7589;057540040040;100mN32118E42129;S;OS;1;45;M;M;4049;EMP
057540040040-7590;057540040040;100mN32118E42129;S;NA;1;63;S;M;5064;NEP
057540040040-7591;057540040040;100mN32118E42129;MC;NA;2;48;M;M;4049;EMP
057540040040-7591;057540040040;100mN32118E42129;MC;NA;2;54;M;F;5064;NEP
057540040040-7592;057540040040;100mN32132E42134;S;OS;1;40;S;F;4049;NEP
057540040040-7593;057540040040;100mN32132E42133;MC;NA;6;45;M;F;4049;EMP
057540040040-7593;057540040040;100mN32132E42133;MC;NA;6;48;M;M;4049;EMP
057540040040-7593;057540040040;100mN32132E42133;MC;NA;6;0;S;M;0003;NEP
057540040040-7593;057540040040;100mN32132E42133;MC;NA;6;9;S;F;0614;NEP
057540040040-7593;057540040040;100mN32132E42133;MC;NA;6;27;W;F;2529;NEP
057540040040-7593;057540040040;100mN32132E42133;MC;NA;6;18;W;F;1824;NEP
057540040040-7594;057540040040;100mN32139E42129;PO;OS;2;86;S;F;75XX;EMP
057540040040-7594;057540040040;100mN32139E42129;PO;OS;2;77;S;F;75XX;NEP
057540040040-7595;057540040040;100mN32139E42129;NA;NA;2;50;M;M;5064;NEP
057540040040-7595;057540040040;100mN32139E42129;NA;NA;2;19;S;M;1824;EMP
057540040040-7596;057540040040;100mN32117E42129;PO;NA;3;46;S;M;4049;NEP
057540040040-7596;057540040040;100mN32117E42129;PO;NA;3;43;S;M;4049;EMP
057540040040-7596;057540040040;100mN32117E42129;PO;NA;3;15;S;F;1517;NEP
057540040040-7597;057540040040;100mN32139E42129;MC;NA;4;44;M;M;4049;NEP
057540040040-7597;057540040040;100mN32139E42129;MC;NA;4;45;M;F;4049;EMP
057540040040-7597;057540040040;100mN32139E42129;MC;NA;4;15;S;M;1517;NEP
057540040040-7597;057540040040;100mN32139E42129;MC;NA;4;15;S;F;1517;EMP
057540040040-7598;057540040040;100mN32139E42129;PO;NA;4;48;S;M;4049;EMP
057540040040-7598;057540040040;100mN32139E42129;PO;NA;4;41;S;F;4049;NEP
057540040040-7598;057540040040;100mN32139E42129;PO;NA;4;12;S;M;0614;NEP
057540040040-7598;057540040040;100mN32139E42129;PO;NA;4;11;S;F;0614;NEP
057540040040-7599;057540040040;100mN32139E42129;MC;NA;2;44;M;F;4049;EMP
057540040040-7599;057540040040;100mN32139E42129;MC;NA;2;44;M;M;4049;EMP
057540040040-7600;057540040040;100mN32139E42129;SF;NA;3;40;S;F;4049;NEP
057540040040-7600;057540040040;100mN32139E42129;SF;NA;3;12;S;F;0614;NEP
057540040040-7600;057540040040;100mN32139E42129;SF;NA;3;0;S;M;0003;NEP
057540040040-7601;057540040040;100mN32114E42128;MC;NA;4;51;M;F;5064;EMP
057540040040-7601;057540040040;100mN32114E42128;MC;NA;4;53;M;M;5064;NEP
057540040040-7601;057540040040;100mN32114E42128;MC;NA;4;11;S;M;0614;NEP
057540040040-7601;057540040040;100mN32114E42128;MC;NA;4;16;S;M;1517;EMP
057540040040-7602;057540040040;100mN32114E42128;MC;NA;3;51;M;F;5064;NEP
057540040040-7602;057540040040;100mN32114E42128;MC;NA;3;57;M;M;5064;EMP
057540040040-7602;057540040040;100mN32114E42128;MC;NA;3;16;S;M;1517;EMP
057540040040-7603;057540040040;100mN32114E42128;S;NA;1;36;S;M;3039;EMP
057540040040-7604;057540040040;100mN32114E42128;MC;NA;3;43;M;F;4049;NEP
057540040040-7604;057540040040;100mN32114E42128;MC;NA;3;42;M;M;4049;NEP
057540040040-7604;057540040040;100mN32114E42128;MC;NA;3;16;S;M;1517;EMP
057540040040-7605;057540040040;100mN32114E42128;MC;NA;2;44;M;F;4049;EMP
057540040040-7605;057540040040;100mN32114E42128;MC;NA;2;41;M;M;4049;NEP
057540040040-7606;057540040040;100mN32114E42128;SF;NA;3;37;W;F;3039;EMP
057540040040-7606;057540040040;100mN32114E42128;SF;NA;3;10;S;M;0614;NEP
057540040040-7606;057540040040;100mN32114E42128;SF;NA;3;11;S;F;0614;NEP
057540040040-7607;057540040040;100mN32114E42128;S;NA;1;43;S;M;4049;EMP
057540040040-7608;057540040040;100mN32114E42128;S;NA;1;53;S;M;5064;EMP
057540040040-7609;057540040040;100mN32114E42128;MC;NA;2;42;M;M;4049;NEP
057540040040-7609;057540040040;100mN32114E42128;MC;NA;2;40;M;F;4049;EMP
057540040040-7610;057540040040;100mN32114E42128;MC;NA;3;48;M;M;4049;NEP
057540040040-7610;057540040040;100mN32114E42128;MC;NA;3;43;M;F;4049;NEP
057540040040-7610;057540040040;100mN32114E42128;MC;NA;3;0;S;M;0003;NEP
057540040040-7611;057540040040;100mN32114E42128;PO;OS;2;82;S;M;75XX;EMP
057540040040-7611;057540040040;100mN32114E42128;PO;OS;2;78;S;F;75XX;EMP
057540040040-7612;057540040040;100mN32114E42128;SF;NA;2;26;W;F;2529;NEP
057540040040-7612;057540040040;100mN32114E42128;SF;NA;2;11;S;F;0614;NEP
057540040040-7613;057540040040;100mN32103E42073;MC;NA;5;63;M;M;5064;EMP
057540040040-7613;057540040040;100mN32103E42073;MC;NA;5;54;M;F;5064;EMP
057540040040-7613;057540040040;100mN32103E42073;MC;NA;5;9;S;F;0614;NEP
057540040040-7613;057540040040;100mN32103E42073;MC;NA;5;6;S;M;0614;NEP
057540040040-7613;057540040040;100mN32103E42073;MC;NA;5;10;S;M;0614;NEP
057540040040-7614;057540040040;100mN32117E42122;S;OS;1;26;D;M;2529;EMP
057540040040-7615;057540040040;100mN32114E42128;MC;NA;2;40;M;F;4049;EMP
057540040040-7615;057540040040;100mN32114E42128;MC;NA;2;48;M;M;4049;EMP
057540040040-7616;057540040040;100mN32114E42128;SF;NA;2;37;S;F;3039;EMP
057540040040-7616;057540040040;100mN32114E42128;SF;NA;2;15;S;M;1517;NEP
057540040040-7617;057540040040;100mN32114E42128;S;OS;1;50;M;F;5064;UEP
057540040040-7618;057540040040;100mN32114E42128;S;NA;1;31;M;M;3039;NEP
057540040040-7619;057540040040;100mN32114E42128;MC;OS;3;65;M;F;6574;NEP
057540040040-7619;057540040040;100mN32114E42128;MC;OS;3;73;M;M;6574;NEP
057540040040-7619;057540040040;100mN32114E42128;MC;OS;3;66;S;F;6574;NEP
057540040040-7620;057540040040;100mN32101E42071;SF;NA;4;61;W;F;5064;NEP
057540040040-7620;057540040040;100mN32101E42071;SF;NA;4;15;S;F;1517;NEP
057540040040-7620;057540040040;100mN32101E42071;SF;NA;4;12;S;F;0614;NEP
057540040040-7620;057540040040;100mN32101E42071;SF;NA;4;3;S;M;0305;NEP
057540040040-7621;057540040040;100mN32101E42071;MC;NA;2;48;M;M;4049;EMP
057540040040-7621;057540040040;100mN32101E42071;MC;NA;2;42;M;F;4049;EMP
057540040040-7622;057540040040;100mN32101E42071;MC;NA;3;47;M;F;4049;NEP
057540040040-7622;057540040040;100mN32101E42071;MC;NA;3;48;M;M;4049;EMP
057540040040-7622;057540040040;100mN32101E42071;MC;NA;3;25;D;F;2529;EMP
057540040040-7623;057540040040;100mN32101E42071;NA;NA;2;66;M;F;6574;EMP
057540040040-7623;057540040040;100mN32101E42071;NA;NA;2;25;M;F;2529;EMP
057540040040-7624;057540040040;100mN32101E42071;MC;NA;3;32;M;M;3039;EMP
057540040040-7624;057540040040;100mN32101E42071;MC;NA;3;31;M;F;3039;EMP
057540040040-7624;057540040040;100mN32101E42071;MC;NA;3;15;S;M;1517;EMP
057540040040-7625;057540040040;100mN32101E42071;MC;MIX;4;84;S;M;75XX;EMP
057540040040-7625;057540040040;100mN32101E42071;MC;MIX;4;18;M;M;1824;NEP
057540040040-7625;057540040040;100mN32101E42071;MC;MIX;4;18;M;F;1824;NEP
057540040040-7625;057540040040;100mN32101E42071;MC;MIX;4;0;S;F;0003;NEP
057540040040-7626;057540040040;100mN32101E42071;PO;NA;2;19;S;M;1824;EMP
057540040040-7626;057540040040;100mN32101E42071;PO;NA;2;18;S;M;1824;EMP
057540040040-7627;057540040040;100mN32101E42071;MC;NA;3;62;M;M;5064;EMP
057540040040-7627;057540040040;100mN32101E42071;MC;NA;3;61;M;F;5064;EMP
057540040040-7627;057540040040;100mN32101E42071;MC;NA;3;3;S;F;0305;NEP
057540040040-7628;057540040040;100mN32101E42071;S;NA;1;72;D;F;6574;EMP
057540040040-7629;057540040040;100mN32101E42071;S;NA;1;26;M;M;2529;NEP
057540040040-7630;057540040040;100mN32109E42145;S;OS;1;51;S;M;5064;EMP
057540040040-7631;057540040040;100mN32101E42071;MC;NA;4;63;M;F;5064;EMP
057540040040-7631;057540040040;100mN32101E42071;MC;NA;4;58;M;M;5064;EMP
057540040040-7631;057540040040;100mN32101E42071;MC;NA;4;12;S;M;0614;NEP
057540040040-7631;057540040040;100mN32101E42071;MC;NA;4;46;M;M;4049;EMP
057540040040-7632;057540040040;100mN32101E42071;S;OS;1;51;S;M;5064;EMP
057540040040-7633;057540040040;100mN32101E42071;S;OS;1;45;D;M;4049;EMP
057540040040-7634;057540040040;100mN32101E42071;MC;OS;2;71;M;F;6574;EMP
057540040040-7634;057540040040;100mN32101E42071;MC;OS;2;79;M;M;75XX;EMP
057540040040-7635;057540040040;100mN32101E42071;MC;OS;2;79;M;M;75XX;EMP
057540040040-7635;057540040040;100mN32101E42071;MC;OS;2;76;M;F;75XX;NEP
057540040040-7636;057540040040;100mN32101E42071;MC;OS;2;65;M;F;6574;EMP
057540040040-7636;057540040040;100mN32101E42071;MC;OS;2;68;M;M;6574;EMP
057540040040-7637;057540040040;100mN32101E42071;MC;NA;2;56;M;M;5064;EMP
057540040040-7637;057540040040;100mN32101E42071;MC;NA;2;62;M;F;5064;NEP
057540040040-7638;057540040040;100mN32101E42071;S;NA;1;58;W;M;5064;NEP
057540040040-7639;057540040040;100mN32129E42136;MC;NA;4;48;M;M;4049;EMP
057540040040-7639;057540040040;100mN32129E42136;MC;NA;4;52;M;F;5064;EMP
057540040040-7639;057540040040;100mN32129E42136;MC;NA;4;15;S;M;1517;EMP
057540040040-7639;057540040040;100mN32129E42136;MC;NA;4;27;S;M;2529;EMP
057540040040-7640;057540040040;100mN32111E42121;MC;NA;2;47;M;M;4049;EMP
057540040040-7640;057540040040;100mN32111E42121;MC;NA;2;18;M;F;1824;NEP
057540040040-7641;057540040040;100mN32111E42121;S;NA;1;21;S;M;1824;EMP
057540040040-7642;057540040040;100mN32111E42121;S;NA;1;54;M;F;5064;EMP
057540040040-7643;057540040040;100mN32107E42073;S;NA;1;44;M;F;4049;NEP
057540040040-7644;057540040040;100mN32111E42121;S;NA;1;54;S;M;5064;EMP
057540040040-7645;057540040040;100mN32111E42121;S;NA;1;46;M;F;4049;NEP
057540040040-7646;057540040040;100mN32111E42121;S;NA;1;69;M;F;6574;EMP
057540040040-7647;057540040040;100mN32111E42121;MC;NA;2;26;M;M;2529;EMP
057540040040-7647;057540040040;100mN32111E42121;MC;NA;2;25;M;F;2529;EMP
057540040040-7648;057540040040;100mN32111E42121;MC;MIX;3;66;M;M;6574;EMP
057540040040-7648;057540040040;100mN32111E42121;MC;MIX;3;48;M;F;4049;EMP
057540040040-7648;057540040040;100mN32111E42121;MC;MIX;3;47;M;M;4049;EMP
057540040040-7649;057540040040;100mN32111E42121;S;NA;1;79;M;F;75XX;NEP
057540040040-7650;057540040040;100mN32111E42121;S;NA;1;81;M;F;75XX;EMP
057540040040-7651;057540040040;100mN32111E42121;S;OS;1;25;D;M;2529;NEP
057540040040-7652;057540040040;100mN32111E42121;S;NA;1;32;M;F;3039;EMP
057540040040-7653;057540040040;100mN32111E42121;S;NA;1;44;D;F;4049;NEP
057540040040-7654;057540040040;100mN32111E42121;MC;NA;2;51;M;M;5064;NEP
057540040040-7654;057540040040;100mN32111E42121;MC;NA;2;47;M;F;4049;EMP
057540040040-7655;057540040040;100mN32111E42121;PO;NA;4;47;S;F;4049;EMP
057540040040-7655;057540040040;100mN32111E42121;PO;NA;4;50;S;M;5064;EMP
057540040040-7655;057540040040;100mN32111E42121;PO;NA;4;11;S;M;0614;NEP
057540040040-7655;057540040040;100mN32111E42121;PO;NA;4;16;S;F;1517;EMP
057540040040-7656;057540040040;100mN32111E42121;PO;OS;4;76;S;M;75XX;NEP
057540040040-7656;057540040040;100mN32111E42121;PO;OS;4;73;S;F;6574;EMP
057540040040-7656;057540040040;100mN32111E42121;PO;OS;4;66;W;F;6574;NEP
057540040040-7656;057540040040;100mN32111E42121;PO;OS;4;77;D;M;75XX;EMP
057540040040-7657;057540040040;100mN32136E42131;MC;NA;2;48;M;F;4049;EMP
057540040040-7657;057540040040;100mN32136E42131;MC;NA;2;53;M;M;5064;EMP
057540040040-7658;057540040040;100mN32111E42121;S;NA;1;56;M;M;5064;NEP
057540040040-7659;057540040040;100mN32131E42097;S;OS;1;48;M;M;4049;EMP
057540040040-7660;057540040040;100mN32139E42118;MC;NA;4;20;M;M;1824;EMP
057540040040-7660;057540040040;100mN32139E42118;MC;NA;4;18;M;F;1824;EMP
057540040040-7660;057540040040;100mN32139E42118;MC;NA;4;4;S;M;0305;NEP
057540040040-7660;057540040040;100mN32139E42118;MC;NA;4;2;S;F;0003;NEP
057540040040-7661;057540040040;100mN32139E42123;S;OS;1;55;W;F;5064;NEP
057540040040-7662;057540040040;100mN32139E42118;SF;NA;2;20;W;F;1824;NEP
057540040040-7662;057540040040;100mN32139E42118;SF;NA;2;4;S;M;0305;NEP
057540040040-7663;057540040040;100mN32139E42118;SM;NA;3;40;S;M;4049;EMP
057540040040-7663;057540040040;100mN32139E42118;SM;NA;3;19;W;F;1824;NEP
057540040040-7663;057540040040;100mN32139E42118;SM;NA;3;0;S;M;0003;NEP
057540040040-7664;057540040040;100mN32126E42147;S;OS;1;84;M;M;75XX;NEP
057540040040-7665;057540040040;100mN32126E42147;S;NA;1;63;S;M;5064;EMP
057540040040-7666;057540040040;100mN32126E42147;PO;NA;3;46;S;M;4049;EMP
057540040040-7666;057540040040;100mN32126E42147;PO;NA;3;46;S;F;4049;EMP
057540040040-7666;057540040040;100mN32126E42147;PO;NA;3;12;S;F;0614;NEP
057540040040-7667;057540040040;100mN32126E42147;S;NA;1;76;D;M;75XX;EMP
057540040040-7668;057540040040;100mN32126E42147;PO;NA;4;32;S;M;3039;NEP
057540040040-7668;057540040040;100mN32126E42147;PO;NA;4;18;S;F;1824;EMP
057540040040-7668;057540040040;100mN32126E42147;PO;NA;4;1;S;M;0003;NEP
057540040040-7668;057540040040;100mN32126E42147;PO;NA;4;4;S;F;0305;NEP
057540040040-7669;057540040040;100mN32126E42147;S;NA;1;38;S;M;3039;EMP
057540040040-7670;057540040040;100mN32126E42147;PO;OS;2;82;S;F;75XX;NEP
057540040040-7670;057540040040;100mN32126E42147;PO;OS;2;80;S;M;75XX;EMP
057540040040-7671;057540040040;100mN32132E42133;SF;NA;5;28;W;F;2529;NEP
057540040040-7671;057540040040;100mN32132E42133;SF;NA;5;10;S;F;0614;NEP
057540040040-7671;057540040040;100mN32132E42133;SF;NA;5;6;S;F;0614;NEP
057540040040-7671;057540040040;100mN32132E42133;SF;NA;5;13;S;M;0614;NEP
057540040040-7671;057540040040;100mN32132E42133;SF;NA;5;12;S;M;0614;NEP
057540040040-7672;057540040040;100mN32136E42129;MC;NA;3;52;M;F;5064;NEP
057540040040-7672;057540040040;100mN32136E42129;MC;NA;3;58;M;M;5064;EMP
057540040040-7672;057540040040;100mN32136E42129;MC;NA;3;0;S;M;0003;NEP
057540040040-7673;057540040040;100mN32136E42129;SF;NA;2;77;D;F;75XX;EMP
057540040040-7673;057540040040;100mN32136E42129;SF;NA;2;9;S;M;0614;NEP
057540040040-7674;057540040040;100mN32118E42120;MC;NA;2;38;M;M;3039;NEP
057540040040-7674;057540040040;100mN32118E42120;MC;NA;2;46;M;F;4049;NEP
057540040040-7675;057540040040;100mN32118E42120;S;OS;1;27;W;F;2529;EMP
057540040040-7676;057540040040;100mN32118E42120;PO;NA;2;60;S;M;5064;EMP
057540040040-7676;057540040040;100mN32118E42120;PO;NA;2;58;S;F;5064;NEP
057540040040-7677;057540040040;100mN32136E42127;S;NA;1;35;D;M;3039;NEP
057540040040-7678;057540040040;100mN32118E42120;S;NA;1;66;D;M;6574;EMP
057540040040-7679;057540040040;100mN32117E42123;MC;NA;4;32;M;M;3039;EMP
057540040040-7679;057540040040;100mN32117E42123;MC;NA;4;31;M;F;3039;NEP
057540040040-7679;057540040040;100mN32117E42123;MC;NA;4;7;S;F;0614;NEP
057540040040-7679;057540040040;100mN32117E42123;MC;NA;4;11;S;M;0614;NEP
057540040040-7680;057540040040;100mN32118E42120;MC;OS;2;76;M;F;75XX;NEP
057540040040-7680;057540040040;100mN32118E42120;MC;OS;2;73;M;M;6574;EMP
057540040040-7681;057540040040;100mN32118E42120;MC;NA;5;43;M;M;4049;EMP
057540040040-7681;057540040040;100mN32118E42120;MC;NA;5;46;M;F;4049;EMP
057540040040-7681;057540040040;100mN32118E42120;MC;NA;5;23;M;F;1824;NEP
057540040040-7681;057540040040;100mN32118E42120;MC;NA;5;15;S;F;1517;NEP
057540040040-7681;057540040040;100mN32118E42120;MC;NA;5;26;S;M;2529;NEP
057540040040-7682;057540040040;100mN32118E42120;MC;NA;4;51;M;M;5064;NEP
057540040040-7682;057540040040;100mN32118E42120;MC;NA;4;44;M;F;4049;NEP
057540040040-7682;057540040040;100mN32118E42120;MC;NA;4;12;S;F;0614;NEP
057540040040-7682;057540040040;100mN32118E42120;MC;NA;4;15;S;F;1517;EMP
057540040040-7683;057540040040;100mN32118E42120;MC;NA;2;46;M;M;4049;NEP
057540040040-7683;057540040040;100mN32118E42120;MC;NA;2;44;M;F;4049;EMP
057540040040-7684;057540040040;100mN32118E42120;SF;NA;2;33;S;F;3039;EMP
057540040040-7684;057540040040;100mN32118E42120;SF;NA;2;15;S;F;1517;EMP
057540040040-7685;057540040040;100mN32118E42120;PO;OS;2;88;S;F;75XX;NEP
057540040040-7685;057540040040;100mN32118E42120;PO;OS;2;89;S;M;75XX;NEP
057540040040-7686;057540040040;100mN32118E42120;S;NA;1;23;M;M;1824;NEP
057540040040-7687;057540040040;100mN32118E42120;MC;NA;3;30;M;F;3039;NEP
057540040040-7687;057540040040;100mN32118E42120;MC;NA;3;32;M;M;3039;NEP
057540040040-7687;057540040040;100mN32118E42120;MC;NA;3;15;S;F;1517;EMP
057540040040-7688;057540040040;100mN32118E42120;MC;NA;4;53;M;F;5064;EMP
057540040040-7688;057540040040;100mN32118E42120;MC;NA;4;58;M;M;5064;EMP
057540040040-7688;057540040040;100mN32118E42120;MC;NA;4;12;S;F;0614;NEP
057540040040-7688;057540040040;100mN32118E42120;MC;NA;4;16;S;M;1517;EMP
057540040040-7689;057540040040;100mN32118E42120;MC;NA;2;44;M;F;4049;EMP
057540040040-7689;057540040040;100mN32118E42120;MC;NA;2;42;M;M;4049;NEP
057540040040-7690;057540040040;100mN32117E42129;MC;NA;6;41;M;F;4049;EMP
057540040040-7690;057540040040;100mN32117E42129;MC;NA;6;48;M;M;4049;NEP
057540040040-7690;057540040040;100mN32117E42129;MC;NA;6;21;W;F;1824;NEP
057540040040-7690;057540040040;100mN32117E42129;MC;NA;6;15;S;M;1517;EMP
057540040040-7690;057540040040;100mN32117E42129;MC;NA;6;25;M;M;2529;NEP
057540040040-7690;057540040040;100mN32117E42129;MC;NA;6;8;S;M;0614;NEP
057540040040-7691;057540040040;100mN32118E42120;MC;NA;4;47;M;M;4049;EMP
057540040040-7691;057540040040;100mN32118E42120;MC;NA;4;41;M;F;4049;NEP
057540040040-7691;057540040040;100mN32118E42120;MC;NA;4;23;D;M;1824;NEP
057540040040-7691;057540040040;100mN32118E42120;MC;NA;4;13;S;F;0614;NEP
057540040040-7692;057540040040;100mN32118E42120;MC;OS;3;72;M;M;6574;NEP
057540040040-7692;057540040040;100mN32118E42120;MC;OS;3;73;M;F;6574;EMP
057540040040-7692;057540040040;100mN32118E42120;MC;OS;3;78;M;F;75XX;NEP
057540040040-7693;057540040040;100mN32118E42120;MC;MIX;2;81;M;F;75XX;EMP
057540040040-7693;057540040040;100mN32118E42120;MC;MIX;2;55;W;F;5064;NEP
057540040040-7694;057540040040;100mN32118E42120;MC;NA;3;47;M;M;4049;EMP
057540040040-7694;057540040040;100mN32118E42120;MC;NA;3;47;M;F;4049;NEP
057540040040-7694;057540040040;100mN32118E42120;MC;NA;3;28;M;M;2529;EMP
057540040040-7695;057540040040;100mN32117E42117;MC;NA;2;48;M;F;4049;EMP
057540040040-7695;057540040040;100mN32117E42117;MC;NA;2;50;M;M;5064;NEP
057540040040-7696;057540040040;100mN32127E42137;MC;NA;2;54;M;M;5064;NEP
057540040040-7696;057540040040;100mN32127E42137;MC;NA;2;51;M;F;5064;NEP
057540040040-7697;057540040040;100mN32117E42117;MC;NA;3;58;M;M;5064;EMP
057540040040-7697;057540040040;100mN32117E42117;MC;NA;3;52;M;F;5064;UEP
057540040040-7697;057540040040;100mN32117E42117;MC;NA;3;12;S;F;0614;NEP
057540040040-7698;057540040040;100mN32117E42117;PO;OS;2;67;S;F;6574;EMP
057540040040-7698;057540040040;100mN32117E42117;PO;OS;2;71;S;F;6574;NEP
057540040040-7699;057540040040;100mN32117E42117;S;OS;1;62;M;F;5064;NEP
057540040040-7700;057540040040;100mN32123E42123;MC;MIX;4;68;S;F;6574;NEP
057540040040-7700;057540040040;100mN32123E42123;MC;MIX;4;18;M;F;1824;EMP
057540040040-7700;057540040040;100mN32123E42123;MC;MIX;4;21;M;M;1824;EMP
057540040040-7700;057540040040;100mN32123E42123;MC;MIX;4;0;S;M;0003;NEP
057540040040-7701;057540040040;100mN32123E42123;MC;NA;5;48;M;F;4049;EMP
057540040040-7701;057540040040;100mN32123E42123;MC;NA;5;50;M;M;5064;EMP
057540040040-7701;057540040040;100mN32123E42123;MC;NA;5;3;S;F;0305;NEP
057540040040-7701;057540040040;100mN32123E42123;MC;NA;5;15;S;F;1517;EMP
057540040040-7701;057540040040;100mN32123E42123;MC;NA;5;3;S;F;0305;NEP
057540040040-7702;057540040040;100mN32123E42123;S;NA;1;32;D;F;3039;NEP
057540040040-7703;057540040040;100mN32123E42123;MC;OS;3;84;M;F;75XX;EMP
057540040040-7703;057540040040;100mN32123E42123;MC;OS;3;87;M;M;75XX;EMP
057540040040-7703;057540040040;100mN32123E42123;MC;OS;3;71;S;F;6574;NEP
057540040040-7704;057540040040;100mN32123E42123;MC;NA;2;63;M;M;5064;EMP
057540040040-7704;057540040040;100mN32123E42123;MC;NA;2;61;S;M;5064;EMP
057540040040-7705;057540040040;100mN32123E42123;S;OS;1;32;M;F;3039;EMP
057540040040-7706;057540040040;100mN32086E42083;S;NA;1;37;M;M;3039;EMP
057540040040-7707;057540040040;100mN32086E42083;MC;NA;4;22;M;F;1824;NEP
057540040040-7707;057540040040;100mN32086E42083;MC;NA;4;21;M;M;1824;EMP
057540040040-7707;057540040040;100mN32086E42083;MC;NA;4;3;S;M;0305;NEP
057540040040-7707;057540040040;100mN32086E42083;MC;NA;4;4;S;M;0305;NEP
057540040040-7708;057540040040;100mN32086E42083;MC;NA;3;55;M;M;5064;EMP
057540040040-7708;057540040040;100mN32086E42083;MC;NA;3;52;M;F;5064;NEP
057540040040-7708;057540040040;100mN32086E42083;MC;NA;3;20;M;F;1824;EMP
057540040040-7709;057540040040;100mN32127E42136;S;OS;1;41;S;F;4049;NEP
057540040040-7710;057540040040;100mN32127E42136;SF;NA;2;46;W;F;4049;EMP
057540040040-7710;057540040040;100mN32127E42136;SF;NA;2;16;S;M;1517;NEP
057540040040-7711;057540040040;100mN32127E42136;S;OS;1;21;S;M;1824;EMP
057540040040-7712;057540040040;100mN32127E42136;MC;NA;2;28;M;F;2529;EMP
057540040040-7712;057540040040;100mN32127E42136;MC;NA;2;33;M;M;3039;EMP
057540040040-7713;057540040040;100mN32124E42139;MC;NA;5;56;M;F;5064;EMP
057540040040-7713;057540040040;100mN32124E42139;MC;NA;5;56;M;M;5064;EMP
057540040040-7713;057540040040;100mN32124E42139;MC;NA;5;13;S;F;0614;NEP
057540040040-7713;057540040040;100mN32124E42139;MC;NA;5;15;S;F;1517;NEP
057540040040-7713;057540040040;100mN32124E42139;MC;NA;5;0;S;M;0003;NEP
057540040040-7714;057540040040;100mN32127E42136;MC;MIX;3;72;S;M;6574;EMP
057540040040-7714;057540040040;100mN32127E42136;MC;MIX;3;53;M;F;5064;EMP
057540040040-7714;057540040040;100mN32127E42136;MC;MIX;3;53;M;M;5064;NEP
057540040040-7715;057540040040;100mN32127E42136;MC;NA;2;56;M;F;5064;EMP
057540040040-7715;057540040040;100mN32127E42136;MC;NA;2;56;M;M;5064;NEP
057540040040-7716;057540040040;100mN32127E42136;PO;OS;2;73;S;F;6574;NEP
057540040040-7716;057540040040;100mN32127E42136;PO;OS;2;73;S;F;6574;EMP
057540040040-7717;057540040040;100mN32112E42146;S;NA;1;22;S;M;1824;EMP
057540040040-7718;057540040040;100mN32112E42146;S;NA;1;66;M;F;6574;EMP
057540040040-7719;057540040040;100mN32112E42146;S;NA;1;83;W;F;75XX;EMP
057540040040-7720;057540040040;100mN32112E42146;S;NA;1;71;M;M;6574;EMP
057540040040-7721;057540040040;100mN32112E42146;MC;NA;2;37;M;F;3039;EMP
057540040040-7721;057540040040;100mN32112E42146;MC;NA;2;40;M;M;4049;NEP
057540040040-7722;057540040040;100mN32112E42146;S;OS;1;82;S;M;75XX;EMP
057540040040-7723;057540040040;100mN32118E42128;MC;MIX;2;71;M;F;6574;NEP
057540040040-7723;057540040040;100mN32118E42128;MC;MIX;2;36;D;F;3039;EMP
057540040040-7724;057540040040;100mN32118E42128;MC;MIX;3;71;W;M;6574;NEP
057540040040-7724;057540040040;100mN32118E42128;MC;MIX;3;22;M;F;1824;EMP
057540040040-7724;057540040040;100mN32118E42128;MC;MIX;3;31;M;M;3039;EMP
057540040040-7725;057540040040;100mN32118E42128;MC;NA;5;56;M;F;5064;NEP
057540040040-7725;057540040040;100mN32118E42128;MC;NA;5;53;M;M;5064;EMP
057540040040-7725;057540040040;100mN32118E42128;MC;NA;5;15;S;M;1517;NEP
057540040040-7725;057540040040;100mN32118E42128;MC;NA;5;33;W;F;3039;EMP
057540040040-7725;057540040040;100mN32118E42128;MC;NA;5;40;M;F;4049;EMP
057540040040-7726;057540040040;100mN32118E42128;MC;NA;4;63;M;F;5064;EMP
057540040040-7726;057540040040;100mN32118E42128;MC;NA;4;26;M;F;2529;UEP
057540040040-7726;057540040040;100mN32118E42128;MC;NA;4;9;S;M;0614;NEP
057540040040-7726;057540040040;100mN32118E42128;MC;NA;4;43;S;M;4049;EMP
057540040040-7727;057540040040;100mN32118E42128;MC;NA;2;50;M;M;5064;NEP
057540040040-7727;057540040040;100mN32118E42128;MC;NA;2;18;M;F;1824;UEP
057540040040-7728;057540040040;100mN32118E42128;MC;NA;2;26;M;M;2529;NEP
057540040040-7728;057540040040;100mN32118E42128;MC;NA;2;18;M;F;1824;EMP
057540040040-7729;057540040040;100mN32118E42128;S;NA;1;71;W;F;6574;EMP
057540040040-7730;057540040040;100mN32118E42128;MC;NA;3;34;M;F;3039;EMP
057540040040-7730;057540040040;100mN32118E42128;MC;NA;3;36;M;M;3039;EMP
057540040040-7730;057540040040;100mN32118E42128;MC;NA;3;7;S;F;0614;NEP
057540040040-7731;057540040040;100mN32139E42124;S;NA;1;44;M;F;4049;NEP
057540040040-7732;057540040040;100mN32139E42124;MC;NA;5;62;M;M;5064;EMP
057540040040-7732;057540040040;100mN32139E42124;MC;NA;5;66;W;F;6574;EMP
057540040040-7732;057540040040;100mN32139E42124;MC;NA;5;23;M;F;1824;NEP
057540040040-7732;057540040040;100mN32139E42124;MC;NA;5;15;S;M;1517;EMP
057540040040-7732;057540040040;100mN32139E42124;MC;NA;5;41;M;M;4049;NEP
057540040040-7733;057540040040;100mN32139E42124;MC;NA;2;52;M;F;5064;NEP
057540040040-7733;057540040040;100mN32139E42124;MC;NA;2;55;M;M;5064;EMP
057540040040-7734;057540040040;100mN32139E42124;S;NA;1;45;M;M;4049;EMP
057540040040-7735;057540040040;100mN32139E42124;S;NA;1;54;W;F;5064;NEP
057540040040-7736;057540040040;100mN32139E42124;S;NA;1;46;M;F;4049;NEP
057540040040-7737;057540040040;100mN32139E42124;S;OS;1;82;D;M;75XX;EMP
057540040040-7738;057540040040;100mN32139E42124;S;NA;1;22;S;M;1824;EMP
057540040040-7739;057540040040;100mN32139E42124;MC;NA;2;45;M;F;4049;EMP
057540040040-7739;057540040040;100mN32139E42124;MC;NA;2;47;M;M;4049;EMP
057540040040-7740;057540040040;100mN32139E42124;MC;NA;2;58;M;F;5064;EMP
057540040040-7740;057540040040;100mN32139E42124;MC;NA;2;61;M;M;5064;EMP
057540040040-7741;057540040040;100mN32139E42124;S;NA;1;37;W;F;3039;EMP
057540040040-7742;057540040040;100mN32139E42123;MC;OS;2;69;M;M;6574;EMP
057540040040-7742;057540040040;100mN32139E42123;MC;OS;2;69;M;F;6574;EMP
057540040040-7743;057540040040;100mN32139E42123;MC;NA;3;48;M;M;4049;EMP
057540040040-7743;057540040040;100mN32139E42123;MC;NA;3;47;M;F;4049;EMP
057540040040-7743;057540040040;100mN32139E42123;MC;NA;3;28;D;F;2529;NEP
057540040040-7744;057540040040;100mN32139E42123;MC;NA;3;32;M;F;3039;NEP
057540040040-7744;057540040040;100mN32139E42123;MC;NA;3;33;M;M;3039;EMP
057540040040-7744;057540040040;100mN32139E42123;MC;NA;3;10;S;M;0614;NEP
057540040040-7745;057540040040;100mN32139E42123;SM;MIX;5;87;M;F;75XX;NEP
057540040040-7745;057540040040;100mN32139E42123;SM;MIX;5;27;S;M;2529;EMP
057540040040-7745;057540040040;100mN32139E42123;SM;MIX;5;6;S;F;0614;NEP
057540040040-7745;057540040040;100mN32139E42123;SM;MIX;5;4;S;M;0305;NEP
057540040040-7745;057540040040;100mN32139E42123;SM;MIX;5;8;S;F;0614;NEP
057540040040-7746;057540040040;100mN32139E42123;S;NA;1;69;M;F;6574;NEP
057540040040-7747;057540040040;100mN32139E42123;S;OS;1;55;W;F;5064;NEP
057540040040-7748;057540040040;100mN32139E42123;NA;OS;5;52;M;F;5064;EMP
057540040040-7748;057540040040;100mN32139E42123;NA;OS;5;52;W;F;5064;EMP
057540040040-7748;057540040040;100mN32139E42123;NA;OS;5;47;S;M;4049;EMP
057540040040-7748;057540040040;100mN32139E42123;NA;OS;5;31;M;M;3039;NEP
057540040040-7748;057540040040;100mN32139E42123;NA;OS;5;73;S;F;6574;EMP
057540040040-7749;057540040040;100mN32139E42106;MC;NA;3;46;M;M;4049;NEP
057540040040-7749;057540040040;100mN32139E42106;MC;NA;3;45;M;F;4049;NEP
057540040040-7749;057540040040;100mN32139E42106;MC;NA;3;8;S;M;0614;NEP
057540040040-7750;057540040040;100mN32139E42106;MC;MIX;2;70;M;F;6574;NEP
057540040040-7750;057540040040;100mN32139E42106;MC;MIX;2;4;S;M;0305;NEP
057540040040-7751;057540040040;100mN32139E42106;PO;NA;3;26;S;F;2529;NEP
057540040040-7751;057540040040;100mN32139E42106;PO;NA;3;30;S;M;3039;EMP
057540040040-7751;057540040040;100mN32139E42106;PO;NA;3;6;S;F;0614;NEP
057540040040-7752;057540040040;100mN32112E42145;SF;NA;3;46;D;F;4049;NEP
057540040040-7752;057540040040;100mN32112E42145;SF;NA;3;4;S;M;0305;NEP
057540040040-7752;057540040040;100mN32112E42145;SF;NA;3;12;S;M;0614;NEP
057540040040-7753;057540040040;100mN32112E42145;SF;NA;4;28;S;F;2529;UEP
057540040040-7753;057540040040;100mN32112E42145;SF;NA;4;12;S;M;0614;NEP
057540040040-7753;057540040040;100mN32112E42145;SF;NA;4;8;S;F;0614;NEP
057540040040-7753;057540040040;100mN32112E42145;SF;NA;4;3;S;M;0305;NEP
057540040040-7754;057540040040;100mN32112E42145;MC;MIX;2;70;M;F;6574;EMP
057540040040-7754;057540040040;100mN32112E42145;MC;MIX;2;26;S;F;2529;NEP
057540040040-7755;057540040040;100mN32112E42145;MC;NA;3;26;M;F;2529;EMP
057540040040-7755;057540040040;100mN32112E42145;MC;NA;3;31;M;M;3039;NEP
057540040040-7755;057540040040;100mN32112E42145;MC;NA;3;8;S;F;0614;NEP
057540040040-7756;057540040040;100mN32112E42145;MC;NA;6;46;M;M;4049;EMP
057540040040-7756;057540040040;100mN32112E42145;MC;NA;6;40;M;F;4049;NEP
057540040040-7756;057540040040;100mN32112E42145;MC;NA;6;16;S;M;1517;EMP
057540040040-7756;057540040040;100mN32112E42145;MC;NA;6;11;S;F;0614;NEP
057540040040-7756;057540040040;100mN32112E42145;MC;NA;6;13;S;F;0614;NEP
057540040040-7756;057540040040;100mN32112E42145;MC;NA;6;15;S;F;1517;NEP
057540040040-7757;057540040040;100mN32107E42144;S;NA;1;85;W;F;75XX;NEP
057540040040-7758;057540040040;100mN32117E42122;MC;MIX;2;73;M;F;6574;NEP
057540040040-7758;057540040040;100mN32117E42122;MC;MIX;2;19;W;F;1824;EMP
057540040040-7759;057540040040;100mN32107E42144;S;OS;1;18;S;M;1824;EMP
057540040040-7760;057540040040;100mN32107E42144;MC;MIX;3;87;M;M;75XX;EMP
057540040040-7760;057540040040;100mN32107E42144;MC;MIX;3;27;M;M;2529;EMP
057540040040-7760;057540040040;100mN32107E42144;MC;MIX;3;20;M;F;1824;EMP
057540040040-7761;057540040040;100mN32136E42133;S;NA;1;48;M;F;4049;EMP
057540040040-7762;057540040040;100mN32136E42133;MC;NA;3;27;M;M;2529;NEP
057540040040-7762;057540040040;100mN32136E42133;MC;NA;3;25;M;F;2529;NEP
057540040040-7762;057540040040;100mN32136E42133;MC;NA;3;8;S;F;0614;NEP
057540040040-7763;057540040040;100mN32136E42133;PO;NA;2;20;S;F;1824;NEP
057540040040-7763;057540040040;100mN32136E42133;PO;NA;2;21;S;F;1824;EMP
057540040040-7764;057540040040;100mN32136E42133;MC;NA;2;42;M;F;4049;UEP
057540040040-7764;057540040040;100mN32136E42133;MC;NA;2;42;M;M;4049;EMP
057540040040-7765;057540040040;100mN32136E42133;MC;NA;3;52;M;F;5064;NEP
057540040040-7765;057540040040;100mN32136E42133;MC;NA;3;53;M;M;5064;EMP
057540040040-7765;057540040040;100mN32136E42133;MC;NA;3;11;S;M;0614;NEP
057540040040-7766;057540040040;100mN32136E42133;MC;NA;2;19;M;M;1824;NEP
057540040040-7766;057540040040;100mN32136E42133;MC;NA;2;18;M;F;1824;NEP
057540040040-7767;057540040040;100mN32115E42125;S;NA;1;36;S;M;3039;EMP
057540040040-7768;057540040040;100mN32115E42125;S;NA;1;56;M;F;5064;EMP
057540040040-7769;057540040040;100mN32115E42125;MC;OS;3;66;M;F;6574;EMP
057540040040-7769;057540040040;100mN32115E42125;MC;OS;3;71;M;M;6574;EMP
057540040040-7769;057540040040;100mN32115E42125;MC;OS;3;69;S;F;6574;NEP
057540040040-7770;057540040040;100mN32115E42125;NA;NA;2;53;S;M;5064;EMP
057540040040-7770;057540040040;100mN32115E42125;NA;NA;2;41;M;F;4049;NEP
057540040040-7771;057540040040;100mN32115E42125;MC;NA;2;44;M;M;4049;EMP
057540040040-7771;057540040040;100mN32115E42125;MC;NA;2;61;M;F;5064;NEP
057540040040-7772;057540040040;100mN32115E42125;MC;NA;4;57;M;M;5064;EMP
057540040040-7772;057540040040;100mN32115E42125;MC;NA;4;50;M;F;5064;EMP
057540040040-7772;057540040040;100mN32115E42125;MC;NA;4;25;M;M;2529;NEP
057540040040-7772;057540040040;100mN32115E42125;MC;NA;4;15;S;F;1517;EMP
057540040040-7773;057540040040;100mN32115E42125;MC;NA;4;21;M;M;1824;NEP
057540040040-7773;057540040040;100mN32115E42125;MC;NA;4;21;M;F;1824;NEP
057540040040-7773;057540040040;100mN32115E42125;MC;NA;4;6;S;F;0614;NEP
057540040040-7773;057540040040;100mN32115E42125;MC;NA;4;6;S;F;0614;NEP
057540040040-7774;057540040040;100mN32115E42125;MC;NA;2;48;M;F;4049;EMP
057540040040-7774;057540040040;100mN32115E42125;MC;NA;2;44;M;M;4049;EMP
057540040040-7775;057540040040;100mN32123E42143;PO;OS;2;68;S;F;6574;EMP
057540040040-7775;057540040040;100mN32123E42143;PO;OS;2;69;S;F;6574;EMP
057540040040-7776;057540040040;100mN32120E42115;MC;NA;2;47;M;F;4049;EMP
057540040040-7776;057540040040;100mN32120E42115;MC;NA;2;50;M;M;5064;NEP
057540040040-7777;057540040040;100mN32115E42125;S;NA;1;43;M;M;4049;NEP
057540040040-7778;057540040040;100mN32115E42125;MC;NA;4;19;M;M;1824;EMP
057540040040-7778;057540040040;100mN32115E42125;MC;NA;4;18;M;F;1824;EMP
057540040040-7778;057540040040;100mN32115E42125;MC;NA;4;3;S;M;0305;NEP
057540040040-7778;057540040040;100mN32115E42125;MC;NA;4;0;S;F;0003;NEP
057540040040-7779;057540040040;100mN32115E42125;NA;OS;2;61;M;F;5064;NEP
057540040040-7779;057540040040;100mN32115E42125;NA;OS;2;30;S;F;3039;NEP
057540040040-7780;057540040040;100mN32115E42125;S;NA;1;57;S;F;5064;NEP
057540040040-7781;057540040040;100mN32115E42125;PO;OS;3;70;S;M;6574;EMP
057540040040-7781;057540040040;100mN32115E42125;PO;OS;3;66;S;M;6574;NEP
057540040040-7781;057540040040;100mN32115E42125;PO;OS;3;65;M;M;6574;NEP
057540040040-7782;057540040040;100mN32115E42125;MC;NA;2;43;M;F;4049;EMP
057540040040-7782;057540040040;100mN32115E42125;MC;NA;2;40;M;M;4049;EMP
057540040040-7783;057540040040;100mN32109E42145;MC;NA;4;55;M;M;5064;EMP
057540040040-7783;057540040040;100mN32109E42145;MC;NA;4;54;M;F;5064;NEP
057540040040-7783;057540040040;100mN32109E42145;MC;NA;4;40;S;M;4049;EMP
057540040040-7783;057540040040;100mN32109E42145;MC;NA;4;0;S;M;0003;NEP
057540040040-7784;057540040040;100mN32109E42145;PO;NA;2;44;S;M;4049;EMP
057540040040-7784;057540040040;100mN32109E42145;PO;NA;2;42;S;M;4049;NEP
057540040040-7785;057540040040;100mN32109E42145;MC;OS;2;83;M;F;75XX;NEP
057540040040-7785;057540040040;100mN32109E42145;MC;OS;2;84;M;M;75XX;EMP
057540040040-7786;057540040040;100mN32109E42145;S;OS;1;51;S;M;5064;EMP
057540040040-7787;057540040040;100mN32109E42145;S;NA;1;60;M;F;5064;EMP
057540040040-7788;057540040040;100mN32109E42145;PO;NA;2;60;S;F;5064;EMP
057540040040-7788;057540040040;100mN32109E42145;PO;NA;2;61;S;M;5064;EMP
057540040040-7789;057540040040;100mN32094E42133;MC;NA;4;47;M;F;4049;EMP
057540040040-7789;057540040040;100mN32094E42133;MC;NA;4;46;M;M;4049;NEP
057540040040-7789;057540040040;100mN32094E42133;MC;NA;4;15;S;M;1517;EMP
057540040040-7789;057540040040;100mN32094E42133;MC;NA;4;23;M;M;1824;EMP
057540040040-7790;057540040040;100mN32094E42133;NA;OS;2;47;M;F;4049;EMP
057540040040-7790;057540040040;100mN32094E42133;NA;OS;2;46;S;M;4049;EMP
057540040040-7791;057540040040;100mN32094E42133;MC;NA;2;55;M;F;5064;EMP
057540040040-7791;057540040040;100mN32094E42133;MC;NA;2;63;M;M;5064;NEP
057540040040-7792;057540040040;100mN32107E42073;S;NA;1;44;M;F;4049;NEP
057540040040-7793;057540040040;100mN32107E42073;SF;NA;2;27;W;F;2529;EMP
057540040040-7793;057540040040;100mN32107E42073;SF;NA;2;1;S;F;0003;NEP
057540040040-7794;057540040040;100mN32107E42073;S;OS;1;21;W;F;1824;NEP
057540040040-7795;057540040040;100mN32107E42073;S;OS;1;82;S;F;75XX;EMP
057540040040-7796;057540040040;100mN32107E42073;PO;OS;3;80;S;F;75XX;NEP
057540040040-7796;057540040040;100mN32107E42073;PO;OS;3;86;S;F;75XX;EMP
057540040040-7796;057540040040;100mN32107E42073;PO;OS;3;78;M;F;75XX;UEP
057540040040-7797;057540040040;100mN32103E42073;PO;NA;2;53;S;F;5064;EMP
057540040040-7797;057540040040;100mN32103E42073;PO;NA;2;53;S;M;5064;EMP
057540040040-7798;057540040040;100mN32126E42135;MC;NA;4;52;M;F;5064;NEP
057540040040-7798;057540040040;100mN32126E42135;MC;NA;4;61;M;M;5064;EMP
057540040040-7798;057540040040;100mN32126E42135;MC;NA;4;2;S;F;0003;NEP
057540040040-7798;057540040040;100mN32126E42135;MC;NA;4;10;S;F;0614;NEP
057540040040-7799;057540040040;100mN32126E42135;SF;NA;4;54;W;F;5064;EMP
057540040040-7799;057540040040;100mN32126E42135;SF;NA;4;0;S;M;0003;NEP
057540040040-7799;057540040040;100mN32126E42135;SF;NA;4;33;D;F;3039;NEP
057540040040-7799;057540040040;100mN32126E42135;SF;NA;4;10;S;F;0614;NEP
057540040040-7800;057540040040;100mN32126E42135;MC;MIX;4;78;S;F;75XX;EMP
057540040040-7800;057540040040;100mN32126E42135;MC;MIX;4;63;M;M;5064;EMP
057540040040-7800;057540040040;100mN32126E42135;MC;MIX;4;51;M;F;5064;NEP
057540040040-7800;057540040040;100mN32126E42135;MC;MIX;4;33;D;M;3039;EMP
057540040040-7801;057540040040;100mN32126E42135;S;OS;1;48;W;F;4049;EMP
057540040040-7802;057540040040;100mN32126E42135;MC;MIX;2;83;M;M;75XX;EMP
057540040040-7802;057540040040;100mN32126E42135;MC;MIX;2;87;S;F;75XX;EMP
057540040040-7803;057540040040;100mN32126E42135;MC;NA;2;53;M;F;5064;EMP
057540040040-7803;057540040040;100mN32126E42135;MC;NA;2;61;M;M;5064;EMP
057540040040-7804;057540040040;100mN32126E42135;MC;NA;3;44;M;M;4049;EMP
057540040040-7804;057540040040;100mN32126E42135;MC;NA;3;40;M;F;4049;EMP
057540040040-7804;057540040040;100mN32126E42135;MC;NA;3;21;M;M;1824;EMP
057540040040-7805;057540040040;100mN32131E42135;MC;MIX;3;65;M;F;6574;EMP
057540040040-7805;057540040040;100mN32131E42135;MC;MIX;3;40;M;M;4049;EMP
057540040040-7805;057540040040;100mN32131E42135;MC;MIX;3;38;M;F;3039;EMP
057540040040-7806;057540040040;100mN32137E42120;S;NA;1;69;M;F;6574;EMP
057540040040-7807;057540040040;100mN32137E42120;MC;NA;4;55;M;F;5064;NEP
057540040040-7807;057540040040;100mN32137E42120;MC;NA;4;16;S;M;1517;EMP
057540040040-7807;057540040040;100mN32137E42120;MC;NA;4;11;S;M;0614;NEP
057540040040-7807;057540040040;100mN32137E42120;MC;NA;4;35;S;F;3039;EMP
057540040040-7808;057540040040;100mN32117E42123;MC;NA;2;48;M;F;4049;NEP
057540040040-7808;057540040040;100mN32117E42123;MC;NA;2;48;M;M;4049;NEP
057540040040-7809;057540040040;100mN32137E42120;MC;OS;2;68;M;M;6574;EMP
057540040040-7809;057540040040;100mN32137E42120;MC;OS;2;66;M;F;6574;EMP
057540040040-7810;057540040040;100mN32137E42120;S;OS;1;85;D;F;75XX;EMP
057540040040-7811;057540040040;100mN32137E42120;MC;MIX;2;80;M;F;75XX;EMP
057540040040-7811;057540040040;100mN32137E42120;MC;MIX;2;18;M;F;1824;EMP
057540040040-7812;057540040040;100mN32137E42120;MC;NA;2;18;M;M;1824;EMP
057540040040-7812;057540040040;100mN32137E42120;MC;NA;2;18;M;F;1824;NEP
057540040040-7813;057540040040;100mN32137E42120;MC;OS;4;69;M;F;6574;EMP
057540040040-7813;057540040040;100mN32137E42120;MC;OS;4;83;M;M;75XX;EMP
057540040040-7813;057540040040;100mN32137E42120;MC;OS;4;67;M;F;6574;UEP
057540040040-7813;057540040040;100mN32137E42120;MC;OS;4;67;S;M;6574;EMP
057540040040-7814;057540040040;100mN32137E42120;PO;NA;3;31;S;F;3039;EMP
057540040040-7814;057540040040;100mN32137E42120;PO;NA;3;32;S;F;3039;NEP
057540040040-7814;057540040040;100mN32137E42120;PO;NA;3;12;S;M;0614;NEP
057540040040-7815;057540040040;100mN32130E42137;MC;NA;3;33;M;M;3039;EMP
057540040040-7815;057540040040;100mN32130E42137;MC;NA;3;30;M;F;3039;EMP
057540040040-7815;057540040040;100mN32130E42137;MC;NA;3;18;W;F;1824;NEP
057540040040-7816;057540040040;100mN32097E42068;S;NA;1;85;M;M;75XX;NEP
057540040040-7817;057540040040;100mN32137E42120;PO;NA;2;25;S;M;2529;EMP
057540040040-7817;057540040040;100mN32137E42120;PO;NA;2;18;S;F;1824;EMP
057540040040-7818;057540040040;100mN32137E42120;MC;OS;3;85;M;M;75XX;EMP
057540040040-7818;057540040040;100mN32137E42120;MC;OS;3;89;M;F;75XX;NEP
057540040040-7818;057540040040;100mN32137E42120;MC;OS;3;87;S;F;75XX;EMP
057540040040-7819;057540040040;100mN32137E42120;MC;NA;3;58;M;M;5064;EMP
057540040040-7819;057540040040;100mN32137E42120;MC;NA;3;54;M;F;5064;NEP
057540040040-7819;057540040040;100mN32137E42120;MC;NA;3;16;S;F;1517;NEP
057540040040-7820;057540040040;100mN32137E42120;S;NA;1;37;M;M;3039;EMP
057540040040-7821;057540040040;100mN32137E42120;MC;NA;2;41;M;M;4049;EMP
057540040040-7821;057540040040;100mN32137E42120;MC;NA;2;40;M;F;4049;EMP
057540040040-7822;057540040040;100mN32137E42120;S;NA;1;88;D;F;75XX;EMP
057540040040-7823;057540040040;100mN32137E42120;MC;MIX;2;68;M;M;6574;EMP
057540040040-7823;057540040040;100mN32137E42120;MC;MIX;2;63;M;M;5064;EMP
057540040040-7824;057540040040;100mN32137E42120;PO;OS;4;80;S;F;75XX;EMP
057540040040-7824;057540040040;100mN32137E42120;PO;OS;4;73;S;M;6574;NEP
057540040040-7824;057540040040;100mN32137E42120;PO;OS;4;73;M;M;6574;EMP
057540040040-7824;057540040040;100mN32137E42120;PO;OS;4;86;S;M;75XX;NEP
057540040040-7825;057540040040;100mN32137E42120;MC;NA;3;43;M;M;4049;EMP
057540040040-7825;057540040040;100mN32137E42120;MC;NA;3;44;M;F;4049;EMP
057540040040-7825;057540040040;100mN32137E42120;MC;NA;3;3;S;F;0305;NEP
057540040040-7826;057540040040;100mN32137E42120;SF;NA;2;21;D;F;1824;EMP
057540040040-7826;057540040040;100mN32137E42120;SF;NA;2;6;S;M;0614;NEP
057540040040-7827;057540040040;100mN32137E42120;SF;NA;5;59;W;F;5064;EMP
057540040040-7827;057540040040;100mN32137E42120;SF;NA;5;11;S;F;0614;NEP
057540040040-7827;057540040040;100mN32137E42120;SF;NA;5;36;M;M;3039;EMP
057540040040-7827;057540040040;100mN32137E42120;SF;NA;5;9;S;F;0614;NEP
057540040040-7827;057540040040;100mN32137E42120;SF;NA;5;40;W;F;4049;EMP
057540040040-7828;057540040040;100mN32137E42120;S;OS;1;43;D;M;4049;NEP
057540040040-7829;057540040040;100mN32137E42120;MC;MIX;4;68;S;M;6574;EMP
057540040040-7829;057540040040;100mN32137E42120;MC;MIX;4;41;M;M;4049;EMP
057540040040-7829;057540040040;100mN32137E42120;MC;MIX;4;45;M;F;4049;NEP
057540040040-7829;057540040040;100mN32137E42120;MC;MIX;4;6;S;M;0614;NEP
057540040040-7830;057540040040;100mN32137E42120;MC;NA;4;46;M;M;4049;NEP
057540040040-7830;057540040040;100mN32137E42120;MC;NA;4;44;M;F;4049;EMP
057540040040-7830;057540040040;100mN32137E42120;MC;NA;4;15;S;F;1517;UEP
057540040040-7830;057540040040;100mN32137E42120;MC;NA;4;31;M;M;3039;NEP
057540040040-7831;057540040040;100mN32126E42148;MC;NA;2;51;M;F;5064;NEP
057540040040-7831;057540040040;100mN32126E42148;MC;NA;2;54;M;M;5064;NEP
057540040040-7832;057540040040;100mN32131E42131;MC;MIX;2;65;M;F;6574;EMP
057540040040-7832;057540040040;100mN32131E42131;MC;MIX;2;63;M;M;5064;EMP
057540040040-7833;057540040040;100mN32112E42118;MC;MIX;2;73;M;F;6574;NEP
057540040040-7833;057540040040;100mN32112E42118;MC;MIX;2;85;D;M;75XX;EMP
057540040040-7834;057540040040;100mN32118E42131;S;NA;1;56;D;F;5064;NEP
057540040040-7835;057540040040;100mN32118E42131;S;NA;1;48;S;M;4049;EMP
057540040040-7836;057540040040;100mN32118E42131;MC;NA;2;46;M;M;4049;EMP
057540040040-7836;057540040040;100mN32118E42131;MC;NA;2;43;M;F;4049;UEP
057540040040-7837;057540040040;100mN32118E42131;MC;MIX;6;78;M;F;75XX;EMP
057540040040-7837;057540040040;100mN32118E42131;MC;MIX;6;55;M;M;5064;EMP
057540040040-7837;057540040040;100mN32118E42131;MC;MIX;6;56;M;F;5064;NEP
057540040040-7837;057540040040;100mN32118E42131;MC;MIX;6;12;S;F;0614;NEP
057540040040-7837;057540040040;100mN32118E42131;MC;MIX;6;11;S;M;0614;NEP
057540040040-7837;057540040040;100mN32118E42131;MC;MIX;6;4;S;M;0305;NEP
057540040040-7838;057540040040;100mN32118E42131;SF;NA;2;40;S;F;4049;UEP
057540040040-7838;057540040040;100mN32118E42131;SF;NA;2;22;M;F;1824;EMP
057540040040-7839;057540040040;100mN32118E42131;MC;NA;2;52;M;F;5064;EMP
057540040040-7839;057540040040;100mN32118E42131;MC;NA;2;53;M;M;5064;EMP
057540040040-7840;057540040040;100mN32118E42131;MC;NA;3;41;M;F;4049;NEP
057540040040-7840;057540040040;100mN32118E42131;MC;NA;3;33;M;M;3039;EMP
057540040040-7840;057540040040;100mN32118E42131;MC;NA;3;15;S;F;1517;EMP
057540040040-7841;057540040040;100mN32118E42131;PO;NA;4;57;S;M;5064;NEP
057540040040-7841;057540040040;100mN32118E42131;PO;NA;4;57;S;M;5064;EMP
057540040040-7841;057540040040;100mN32118E42131;PO;NA;4;34;M;M;3039;EMP
057540040040-7841;057540040040;100mN32118E42131;PO;NA;4;16;S;F;1517;NEP
057540040040-7842;057540040040;100mN32118E42131;MC;OS;2;66;M;M;6574;EMP
057540040040-7842;057540040040;100mN32118E42131;MC;OS;2;65;M;F;6574;EMP
057540040040-7843;057540040040;100mN32118E42131;NA;OS;4;79;M;F;75XX;NEP
057540040040-7843;057540040040;100mN32118E42131;NA;OS;4;38;D;F;3039;NEP
057540040040-7843;057540040040;100mN32118E42131;NA;OS;4;34;M;M;3039;EMP
057540040040-7843;057540040040;100mN32118E42131;NA;OS;4;28;S;M;2529;NEP
057540040040-7844;057540040040;100mN32118E42131;MC;NA;2;45;M;M;4049;EMP
057540040040-7844;057540040040;100mN32118E42131;MC;NA;2;36;M;F;3039;EMP
057540040040-7845;057540040040;100mN32118E42131;S;OS;1;31;S;M;3039;EMP
057540040040-7846;057540040040;100mN32118E42130;S;NA;1;48;S;M;4049;EMP
057540040040-7847;057540040040;100mN32118E42131;MC;NA;4;20;M;M;1824;EMP
057540040040-7847;057540040040;100mN32118E42131;MC;NA;4;18;M;F;1824;NEP
057540040040-7847;057540040040;100mN32118E42131;MC;NA;4;2;S;M;0003;NEP
057540040040-7847;057540040040;100mN32118E42131;MC;NA;4;1;S;M;0003;NEP
057540040040-7848;057540040040;100mN32118E42131;MC;NA;3;55;M;M;5064;EMP
057540040040-7848;057540040040;100mN32118E42131;MC;NA;3;46;M;F;4049;EMP
057540040040-7848;057540040040;100mN32118E42131;MC;NA;3;1;S;F;0003;NEP
057540040040-7849;057540040040;100mN32118E42131;S;NA;1;82;S;M;75XX;EMP
057540040040-7850;057540040040;100mN32112E42118;S;NA;1;63;M;F;5064;NEP
057540040040-7851;057540040040;100mN32103E42073;S;NA;1;72;D;F;6574;EMP
057540040040-7852;057540040040;100mN32112E42118;PO;NA;4;47;S;M;4049;EMP
057540040040-7852;057540040040;100mN32112E42118;PO;NA;4;47;S;F;4049;EMP
057540040040-7852;057540040040;100mN32112E42118;PO;NA;4;11;S;F;0614;NEP
057540040040-7852;057540040040;100mN32112E42118;PO;NA;4;20;M;F;1824;NEP
057540040040-7853;057540040040;100mN32112E42118;MC;NA;3;48;M;M;4049;EMP
057540040040-7853;057540040040;100mN32112E42118;MC;NA;3;46;M;F;4049;NEP
057540040040-7853;057540040040;100mN32112E42118;MC;NA;3;6;S;F;0614;NEP
057540040040-7854;057540040040;100mN32112E42118;S;NA;1;44;M;F;4049;NEP
057540040040-7855;057540040040;100mN32112E42118;MC;NA;2;48;M;M;4049;EMP
057540040040-7855;057540040040;100mN32112E42118;MC;NA;2;40;M;F;4049;NEP
057540040040-7856;057540040040;100mN32112E42118;SM;NA;2;71;W;M;6574;EMP
057540040040-7856;057540040040;100mN32112E42118;SM;NA;2;25;M;F;2529;NEP
057540040040-7857;057540040040;100mN32112E42118;S;NA;1;16;S;M;1517;EMP
057540040040-7858;057540040040;100mN32112E42118;PO;NA;2;36;S;M;3039;EMP
057540040040-7858;057540040040;100mN32112E42118;PO;NA;2;33;S;M;3039;NEP
057540040040-7859;057540040040;100mN32112E42118;MC;NA;2;28;M;F;2529;UEP
057540040040-7859;057540040040;100mN32112E42118;MC;NA;2;30;M;M;3039;EMP
057540040040-7860;057540040040;100mN32112E42118;MC;NA;4;62;M;F;5064;NEP
057540040040-7860;057540040040;100mN32112E42118;MC;NA;4;62;M;M;5064;EMP
057540040040-7860;057540040040;100mN32112E42118;MC;NA;4;8;S;M;0614;NEP
057540040040-7860;057540040040;100mN32112E42118;MC;NA;4;13;S;F;0614;NEP
057540040040-7861;057540040040;100mN32112E42118;MC;OS;2;65;M;F;6574;EMP
057540040040-7861;057540040040;100mN32112E42118;MC;OS;2;72;M;M;6574;EMP
057540040040-7862;057540040040;100mN32112E42118;MC;NA;2;38;M;M;3039;EMP
057540040040-7862;057540040040;100mN32112E42118;MC;NA;2;51;M;F;5064;NEP
057540040040-7863;057540040040;100mN32112E42118;MC;OS;2;77;M;F;75XX;EMP
057540040040-7863;057540040040;100mN32112E42118;MC;OS;2;80;M;M;75XX;EMP
057540040040-7864;057540040040;100mN32103E42071;MC;NA;6;43;M;F;4049;EMP
057540040040-7864;057540040040;100mN32103E42071;MC;NA;6;37;M;M;3039;EMP
057540040040-7864;057540040040;100mN32103E42071;MC;NA;6;13;S;F;0614;NEP
057540040040-7864;057540040040;100mN32103E42071;MC;NA;6;11;S;M;0614;NEP
057540040040-7864;057540040040;100mN32103E42071;MC;NA;6;12;S;F;0614;NEP
057540040040-7864;057540040040;100mN32103E42071;MC;NA;6;26;D;F;2529;NEP
057540040040-7865;057540040040;100mN32112E42118;NA;OS;2;43;M;M;4049;NEP
057540040040-7865;057540040040;100mN32112E42118;NA;OS;2;47;M;M;4049;EMP
057540040040-7866;057540040040;100mN32112E42118;S;NA;1;30;M;M;3039;EMP
057540040040-7867;057540040040;100mN32117E42122;MC;MIX;2;73;M;M;6574;NEP
057540040040-7867;057540040040;100mN32117E42122;MC;MIX;2;62;M;F;5064;EMP
057540040040-7868;057540040040;100mN32112E42118;MC;MIX;2;77;M;M;75XX;NEP
057540040040-7868;057540040040;100mN32112E42118;MC;MIX;2;31;M;F;3039;EMP
057540040040-7869;057540040040;100mN32112E42118;MC;MIX;2;73;M;M;6574;EMP
057540040040-7869;057540040040;100mN32112E42118;MC;MIX;2;83;S;F;75XX;EMP
057540040040-7870;057540040040;100mN32112E42118;MC;MIX;2;73;M;F;6574;NEP
057540040040-7870;057540040040;100mN32112E42118;MC;MIX;2;85;D;M;75XX;EMP
057540040040-7871;057540040040;100mN32112E42118;MC;OS;2;85;M;F;75XX;EMP
057540040040-7871;057540040040;100mN32112E42118;MC;OS;2;85;M;M;75XX;EMP
057540040040-7872;057540040040;100mN32112E42118;SF;NA;2;36;W;F;3039;EMP
057540040040-7872;057540040040;100mN32112E42118;SF;NA;2;21;S;M;1824;EMP
057540040040-7873;057540040040;100mN32112E42118;S;NA;1;28;S;F;2529;NEP
057540040040-7874;057540040040;100mN32112E42118;PO;NA;4;46;S;M;4049;NEP
057540040040-7874;057540040040;100mN32112E42118;PO;NA;4;45;S;F;4049;EMP
057540040040-7874;057540040040;100mN32112E42118;PO;NA;4;2;S;M;0003;NEP
057540040040-7874;057540040040;100mN32112E42118;PO;NA;4;18;M;F;1824;EMP
057540040040-7875;057540040040;100mN32112E42118;S;NA;1;52;M;F;5064;NEP
057540040040-7876;057540040040;100mN32112E42118;NA;NA;2;45;M;M;4049;EMP
057540040040-7876;057540040040;100mN32112E42118;NA;NA;2;41;M;F;4049;NEP
057540040040-7877;057540040040;100mN32112E42118;S;NA;1;88;D;F;75XX;UEP
057540040040-7878;057540040040;100mN32112E42118;S;OS;1;41;W;M;4049;NEP
057540040040-7879;057540040040;100mN32112E42118;SF;NA;3;54;W;F;5064;EMP
057540040040-7879;057540040040;100mN32112E42118;SF;NA;3;3;S;M;0305;NEP
057540040040-7879;057540040040;100mN32112E42118;SF;NA;3;16;S;F;1517;NEP
057540040040-7880;057540040040;100mN32112E42118;MC;NA;2;44;M;M;4049;NEP
057540040040-7880;057540040040;100mN32112E42118;MC;NA;2;45;M;F;4049;UEP
057540040040-7881;057540040040;100mN32112E42118;MC;NA;2;31;M;M;3039;NEP
057540040040-7881;057540040040;100mN32112E42118;MC;NA;2;34;M;F;3039;EMP
057540040040-7882;057540040040;100mN32112E42118;PO;NA;4;50;S;F;5064;NEP
057540040040-7882;057540040040;100mN32112E42118;PO;NA;4;51;S;F;5064;EMP
057540040040-7882;057540040040;100mN32112E42118;PO;NA;4;6;S;M;0614;NEP
057540040040-7882;057540040040;100mN32112E42118;PO;NA;4;9;S;F;0614;NEP
057540040040-7883;057540040040;100mN32132E42135;MC;OS;3;65;M;M;6574;NEP
057540040040-7883;057540040040;100mN32132E42135;MC;OS;3;68;M;F;6574;EMP
057540040040-7883;057540040040;100mN32132E42135;MC;OS;3;79;W;M;75XX;EMP
057540040040-7884;057540040040;100mN32112E42118;MC;NA;2;33;M;M;3039;EMP
057540040040-7884;057540040040;100mN32112E42118;MC;NA;2;31;M;F;3039;EMP
057540040040-7885;057540040040;100mN32117E42124;S;NA;1;85;W;F;75XX;EMP
057540040040-7886;057540040040;100mN32112E42118;MC;NA;3;46;M;M;4049;EMP
057540040040-7886;057540040040;100mN32112E42118;MC;NA;3;44;M;F;4049;NEP
057540040040-7886;057540040040;100mN32112E42118;MC;NA;3;25;S;F;2529;EMP
057540040040-7887;057540040040;100mN32112E42118;S;NA;1;48;M;M;4049;NEP
057540040040-7888;057540040040;100mN32112E42118;MC;OS;4;79;M;M;75XX;NEP
057540040040-7888;057540040040;100mN32112E42118;MC;OS;4;79;M;F;75XX;EMP
057540040040-7888;057540040040;100mN32112E42118;MC;OS;4;84;S;F;75XX;NEP
057540040040-7888;057540040040;100mN32112E42118;MC;OS;4;83;W;F;75XX;EMP
057540040040-7889;057540040040;100mN32112E42118;MC;NA;2;62;M;F;5064;EMP
057540040040-7889;057540040040;100mN32112E42118;MC;NA;2;61;M;M;5064;EMP
057540040040-7890;057540040040;100mN32112E42118;MC;OS;2;78;M;F;75XX;EMP
057540040040-7890;057540040040;100mN32112E42118;MC;OS;2;81;M;M;75XX;NEP
057540040040-7891;057540040040;100mN32112E42143;MC;NA;4;42;M;M;4049;EMP
057540040040-7891;057540040040;100mN32112E42143;MC;NA;4;41;M;F;4049;EMP
057540040040-7891;057540040040;100mN32112E42143;MC;NA;4;2;S;F;0003;NEP
057540040040-7891;057540040040;100mN32112E42143;MC;NA;4;16;S;M;1517;EMP
057540040040-7892;057540040040;100mN32112E42143;MC;NA;3;55;M;F;5064;EMP
057540040040-7892;057540040040;100mN32112E42143;MC;NA;3;57;M;M;5064;EMP
057540040040-7892;057540040040;100mN32112E42143;MC;NA;3;9;S;M;0614;NEP
057540040040-7893;057540040040;100mN32112E42143;S;OS;1;53;S;M;5064;EMP
057540040040-7894;057540040040;100mN32112E42143;MC;MIX;2;84;M;F;75XX;NEP
057540040040-7894;057540040040;100mN32112E42143;MC;MIX;2;48;W;F;4049;NEP
057540040040-7895;057540040040;100mN32112E42143;S;NA;1;46;M;M;4049;NEP
057540040040-7896;057540040040;100mN32114E42114;S;NA;1;57;W;F;5064;EMP
057540040040-7897;057540040040;100mN32112E42143;MC;OS;2;88;M;M;75XX;EMP
057540040040-7897;057540040040;100mN32112E42143;MC;OS;2;87;M;F;75XX;NEP
057540040040-7898;057540040040;100mN32124E42139;MC;NA;4;54;M;M;5064;NEP
057540040040-7898;057540040040;100mN32124E42139;MC;NA;4;56;M;F;5064;NEP
057540040040-7898;057540040040;100mN32124E42139;MC;NA;4;8;S;F;0614;NEP
057540040040-7898;057540040040;100mN32124E42139;MC;NA;4;15;S;F;1517;EMP
057540040040-7899;057540040040;100mN32124E42139;MC;MIX;3;81;S;M;75XX;NEP
057540040040-7899;057540040040;100mN32124E42139;MC;MIX;3;46;M;F;4049;EMP
057540040040-7899;057540040040;100mN32124E42139;MC;MIX;3;51;M;M;5064;EMP
057540040040-7900;057540040040;100mN32124E42139;MC;NA;5;56;M;F;5064;EMP
057540040040-7900;057540040040;100mN32124E42139;MC;NA;5;56;M;M;5064;EMP
057540040040-7900;057540040040;100mN32124E42139;MC;NA;5;13;S;F;0614;NEP
057540040040-7900;057540040040;100mN32124E42139;MC;NA;5;15;S;F;1517;NEP
057540040040-7900;057540040040;100mN32124E42139;MC;NA;5;0;S;M;0003;NEP
057540040040-7901;057540040040;100mN32124E42139;S;OS;1;83;S;F;75XX;NEP
057540040040-7902;057540040040;100mN32124E42139;MC;NA;4;46;M;F;4049;EMP
057540040040-7902;057540040040;100mN32124E42139;MC;NA;4;48;M;M;4049;EMP
057540040040-7902;057540040040;100mN32124E42139;MC;NA;4;15;S;M;1517;NEP
057540040040-7902;057540040040;100mN32124E42139;MC;NA;4;8;S;M;0614;NEP
057540040040-7903;057540040040;100mN32124E42139;S;NA;1;22;D;M;1824;EMP
057540040040-7904;057540040040;100mN32124E42139;PO;NA;6;31;S;F;3039;NEP
057540040040-7904;057540040040;100mN32124E42139;PO;NA;6;34;S;M;3039;EMP
057540040040-7904;057540040040;100mN32124E42139;PO;NA;6;11;S;M;0614;NEP
057540040040-7904;057540040040;100mN32124E42139;PO;NA;6;16;S;F;1517;EMP
057540040040-7904;057540040040;100mN32124E42139;PO;NA;6;3;S;M;0305;NEP
057540040040-7904;057540040040;100mN32124E42139;PO;NA;6;3;S;F;0305;NEP
057540040040-7905;057540040040;100mN32124E42139;MC;NA;2;38;M;F;3039;EMP
057540040040-7905;057540040040;100mN32124E42139;MC;NA;2;45;M;M;4049;NEP
057540040040-7906;057540040040;100mN32124E42139;MC;MIX;4;81;W;F;75XX;NEP
057540040040-7906;057540040040;100mN32124E42139;MC;MIX;4;46;M;M;4049;EMP
057540040040-7906;057540040040;100mN32124E42139;MC;MIX;4;46;M;F;4049;EMP
057540040040-7906;057540040040;100mN32124E42139;MC;MIX;4;15;S;M;1517;EMP
057540040040-7907;057540040040;100mN32124E42139;MC;OS;4;69;M;M;6574;EMP
057540040040-7907;057540040040;100mN32124E42139;MC;OS;4;66;M;F;6574;NEP
057540040040-7907;057540040040;100mN32124E42139;MC;OS;4;70;D;F;6574;EMP
057540040040-7907;057540040040;100mN32124E42139;MC;OS;4;80;W;F;75XX;UEP
057540040040-7908;057540040040;100mN32124E42139;MC;NA;3;57;M;F;5064;EMP
057540040040-7908;057540040040;100mN32124E42139;MC;NA;3;58;M;M;5064;EMP
057540040040-7908;057540040040;100mN32124E42139;MC;NA;3;12;S;M;0614;NEP
057540040040-7909;057540040040;100mN32124E42139;PO;NA;2;35;S;M;3039;EMP
057540040040-7909;057540040040;100mN32124E42139;PO;NA;2;31;S;F;3039;NEP
057540040040-7910;057540040040;100mN32124E42139;S;NA;1;38;M;M;3039;EMP
057540040040-7911;057540040040;100mN32124E42139;S;NA;1;58;W;F;5064;EMP
057540040040-7912;057540040040;100mN32124E42139;MC;OS;2;77;M;M;75XX;NEP
057540040040-7912;057540040040;100mN32124E42139;MC;OS;2;65;M;F;6574;UEP
057540040040-7913;057540040040;100mN32124E42139;MC;OS;3;71;M;M;6574;EMP
057540040040-7913;057540040040;100mN32124E42139;MC;OS;3;68;M;F;6574;EMP
057540040040-7913;057540040040;100mN32124E42139;MC;OS;3;73;S;F;6574;EMP
057540040040-7914;057540040040;100mN32124E42139;S;NA;1;70;M;M;6574;NEP
057540040040-7915;057540040040;100mN32124E42139;S;OS;1;76;W;F;75XX;EMP
057540040040-7916;057540040040;100mN32127E42139;MC;NA;4;31;M;F;3039;EMP
057540040040-7916;057540040040;100mN32127E42139;MC;NA;4;34;M;M;3039;EMP
057540040040-7916;057540040040;100mN32127E42139;MC;NA;4;16;S;M;1517;EMP
057540040040-7916;057540040040;100mN32127E42139;MC;NA;4;0;S;F;0003;NEP
057540040040-7917;057540040040;100mN32127E42139;PO;OS;2;85;S;F;75XX;NEP
057540040040-7917;057540040040;100mN32127E42139;PO;OS;2;89;S;F;75XX;NEP
057540040040-7918;057540040040;100mN32127E42139;MC;OS;2;72;M;F;6574;EMP
057540040040-7918;057540040040;100mN32127E42139;MC;OS;2;73;M;M;6574;EMP
057540040040-7919;057540040040;100mN32127E42139;S;OS;1;18;M;M;1824;EMP
057540040040-7920;057540040040;100mN32127E42139;MC;NA;2;46;M;M;4049;NEP
057540040040-7920;057540040040;100mN32127E42139;MC;NA;2;61;M;F;5064;EMP
057540040040-7921;057540040040;100mN32127E42139;MC;NA;2;55;M;F;5064;EMP
057540040040-7921;057540040040;100mN32127E42139;MC;NA;2;63;M;M;5064;EMP
057540040040-7922;057540040040;100mN32127E42139;MC;NA;4;44;M;M;4049;EMP
057540040040-7922;057540040040;100mN32127E42139;MC;NA;4;38;M;F;3039;NEP
057540040040-7922;057540040040;100mN32127E42139;MC;NA;4;16;S;M;1517;EMP
057540040040-7922;057540040040;100mN32127E42139;MC;NA;4;21;M;F;1824;EMP
057540040040-7923;057540040040;100mN32117E42123;S;NA;1;63;M;F;5064;NEP
057540040040-7924;057540040040;100mN32117E42123;S;NA;1;76;M;M;75XX;NEP
057540040040-7925;057540040040;100mN32117E42123;MC;OS;3;65;M;F;6574;EMP
057540040040-7925;057540040040;100mN32117E42123;MC;OS;3;68;M;M;6574;EMP
057540040040-7925;057540040040;100mN32117E42123;MC;OS;3;66;M;M;6574;EMP
057540040040-7926;057540040040;100mN32117E42123;PO;NA;2;48;S;M;4049;EMP
057540040040-7926;057540040040;100mN32117E42123;PO;NA;2;51;S;M;5064;EMP
057540040040-7927;057540040040;100mN32117E42123;MC;NA;2;42;M;F;4049;EMP
057540040040-7927;057540040040;100mN32117E42123;MC;NA;2;43;M;M;4049;NEP
057540040040-7928;057540040040;100mN32117E42123;MC;NA;2;20;M;M;1824;EMP
057540040040-7928;057540040040;100mN32117E42123;MC;NA;2;22;M;F;1824;EMP
057540040040-7929;057540040040;100mN32117E42123;MC;MIX;3;70;M;M;6574;EMP
057540040040-7929;057540040040;100mN32117E42123;MC;MIX;3;51;M;F;5064;EMP
057540040040-7929;057540040040;100mN32117E42123;MC;MIX;3;54;M;M;5064;EMP
057540040040-7930;057540040040;100mN32117E42123;MC;NA;5;58;M;F;5064;EMP
057540040040-7930;057540040040;100mN32117E42123;MC;NA;5;60;M;M;5064;EMP
057540040040-7930;057540040040;100mN32117E42123;MC;NA;5;16;S;F;1517;EMP
057540040040-7930;057540040040;100mN32117E42123;MC;NA;5;41;M;M;4049;EMP
057540040040-7930;057540040040;100mN32117E42123;MC;NA;5;6;S;M;0614;NEP
057540040040-7931;057540040040;100mN32117E42123;SF;NA;4;83;S;F;75XX;NEP
057540040040-7931;057540040040;100mN32117E42123;SF;NA;4;4;S;F;0305;NEP
057540040040-7931;057540040040;100mN32117E42123;SF;NA;4;11;S;M;0614;NEP
057540040040-7931;057540040040;100mN32117E42123;SF;NA;4;47;M;F;4049;EMP
057540040040-7932;057540040040;100mN32117E42123;MC;OS;5;72;M;M;6574;NEP
057540040040-7932;057540040040;100mN32117E42123;MC;OS;5;66;M;F;6574;UEP
057540040040-7932;057540040040;100mN32117E42123;MC;OS;5;67;S;M;6574;EMP
057540040040-7932;057540040040;100mN32117E42123;MC;OS;5;71;D;F;6574;EMP
057540040040-7932;057540040040;100mN32117E42123;MC;OS;5;66;M;F;6574;NEP
057540040040-7933;057540040040;100mN32117E42123;SF;NA;3;57;S;F;5064;NEP
057540040040-7933;057540040040;100mN32117E42123;SF;NA;3;3;S;M;0305;NEP
057540040040-7933;057540040040;100mN32117E42123;SF;NA;3;7;S;F;0614;NEP
057540040040-7934;057540040040;100mN32117E42123;SF;MIX;2;69;S;F;6574;NEP
057540040040-7934;057540040040;100mN32117E42123;SF;MIX;2;11;S;M;0614;NEP
057540040040-7935;057540040040;100mN32117E42123;S;OS;1;57;S;M;5064;EMP
057540040040-7936;057540040040;100mN32117E42123;SF;NA;3;84;S;F;75XX;NEP
057540040040-7936;057540040040;100mN32117E42123;SF;NA;3;13;S;M;0614;NEP
057540040040-7936;057540040040;100mN32117E42123;SF;NA;3;3;S;M;0305;NEP
057540040040-7937;057540040040;100mN32117E42123;MC;NA;3;42;M;F;4049;EMP
057540040040-7937;057540040040;100mN32117E42123;MC;NA;3;47;M;M;4049;EMP
057540040040-7937;057540040040;100mN32117E42123;MC;NA;3;16;S;M;1517;EMP
057540040040-7938;057540040040;100mN32117E42123;S;NA;1;20;S;M;1824;NEP
057540040040-7939;057540040040;100mN32117E42123;MC;NA;2;43;M;M;4049;NEP
057540040040-7939;057540040040;100mN32117E42123;MC;NA;2;43;M;F;4049;EMP
057540040040-7940;057540040040;100mN32117E42123;MC;NA;4;38;M;F;3039;EMP
057540040040-7940;057540040040;100mN32117E42123;MC;NA;4;40;M;M;4049;NEP
057540040040-7940;057540040040;100mN32117E42123;MC;NA;4;12;S;M;0614;NEP
057540040040-7940;057540040040;100mN32117E42123;MC;NA;4;7;S;F;0614;NEP
057540040040-7941;057540040040;100mN32117E42123;PC;NA;5;38;P;F;3039;EMP
057540040040-7941;057540040040;100mN32117E42123;PC;NA;5;37;M;F;3039;EMP
057540040040-7941;057540040040;100mN32117E42123;PC;NA;5;23;S;F;1824;NEP
057540040040-7941;057540040040;100mN32117E42123;PC;NA;5;10;S;M;0614;NEP
057540040040-7941;057540040040;100mN32117E42123;PC;NA;5;23;D;F;1824;EMP
057540040040-7942;057540040040;100mN32117E42122;S;OS;1;26;D;M;2529;EMP
057540040040-7943;057540040040;100mN32117E42123;NA;NA;4;45;M;F;4049;EMP
057540040040-7943;057540040040;100mN32117E42123;NA;NA;4;33;M;M;3039;EMP
057540040040-7943;057540040040;100mN32117E42123;NA;NA;4;61;S;M;5064;NEP
057540040040-7943;057540040040;100mN32117E42123;NA;NA;4;78;M;F;75XX;EMP
057540040040-7944;057540040040;100mN32089E42097;SF;NA;4;34;S;F;3039;EMP
057540040040-7944;057540040040;100mN32089E42097;SF;NA;4;0;S;F;0003;NEP
057540040040-7944;057540040040;100mN32089E42097;SF;NA;4;19;D;M;1824;EMP
057540040040-7944;057540040040;100mN32089E42097;SF;NA;4;13;S;M;0614;NEP
057540040040-7945;057540040040;100mN32117E42123;MC;NA;2;60;M;M;5064;EMP
057540040040-7945;057540040040;100mN32117E42123;MC;NA;2;60;M;F;5064;NEP
057540040040-7946;057540040040;100mN32117E42123;S;NA;1;26;M;F;2529;EMP
057540040040-7947;057540040040;100mN32117E42123;MC;OS;2;76;M;F;75XX;NEP
057540040040-7947;057540040040;100mN32117E42123;MC;OS;2;81;M;M;75XX;EMP
057540040040-7948;057540040040;100mN32117E42123;S;OS;1;50;S;M;5064;EMP
057540040040-7949;057540040040;100mN32117E42123;MC;OS;5;84;M;F;75XX;NEP
057540040040-7949;057540040040;100mN32117E42123;MC;OS;5;85;M;M;75XX;EMP
057540040040-7949;057540040040;100mN32117E42123;MC;OS;5;73;W;F;6574;NEP
057540040040-7949;057540040040;100mN32117E42123;MC;OS;5;69;M;M;6574;EMP
057540040040-7949;057540040040;100mN32117E42123;MC;OS;5;68;S;M;6574;EMP
057540040040-7950;057540040040;100mN32117E42123;S;OS;1;57;M;M;5064;EMP
057540040040-7951;057540040040;100mN32117E42123;MC;NA;4;60;M;F;5064;NEP
057540040040-7951;057540040040;100mN32117E42123;MC;NA;4;40;W;M;4049;EMP
057540040040-7951;057540040040;100mN32117E42123;MC;NA;4;11;S;M;0614;NEP
057540040040-7951;057540040040;100mN32117E42123;MC;NA;4;3;S;F;0305;NEP
057540040040-7952;057540040040;100mN32117E42123;MC;NA;2;25;M;F;2529;EMP
057540040040-7952;057540040040;100mN32117E42123;MC;NA;2;31;M;M;3039;EMP
057540040040-7953;057540040040;100mN32117E42123;S;NA;1;45;M;F;4049;EMP
057540040040-7954;057540040040;100mN32117E42123;S;NA;1;82;M;F;75XX;EMP
057540040040-7955;057540040040;100mN32117E42123;MC;NA;2;57;M;M;5064;EMP
057540040040-7955;057540040040;100mN32117E42123;MC;NA;2;56;M;F;5064;EMP
057540040040-7956;057540040040;100mN32117E42123;MC;NA;3;58;M;M;5064;NEP
057540040040-7956;057540040040;100mN32117E42123;MC;NA;3;55;M;F;5064;NEP
057540040040-7956;057540040040;100mN32117E42123;MC;NA;3;8;S;M;0614;NEP
057540040040-7957;057540040040;100mN32117E42123;MC;OS;2;89;M;F;75XX;NEP
057540040040-7957;057540040040;100mN32117E42123;MC;OS;2;47;M;M;4049;NEP
057540040040-7958;057540040040;100mN32117E42123;MC;NA;4;32;M;M;3039;EMP
057540040040-7958;057540040040;100mN32117E42123;MC;NA;4;31;M;F;3039;NEP
057540040040-7958;057540040040;100mN32117E42123;MC;NA;4;7;S;F;0614;NEP
057540040040-7958;057540040040;100mN32117E42123;MC;NA;4;11;S;M;0614;NEP
057540040040-7959;057540040040;100mN32117E42123;SF;NA;2;81;S;F;75XX;EMP
057540040040-7959;057540040040;100mN32117E42123;SF;NA;2;10;S;M;0614;NEP
057540040040-7960;057540040040;100mN32117E42123;MC;NA;5;55;M;M;5064;EMP
057540040040-7960;057540040040;100mN32117E42123;MC;NA;5;55;M;F;5064;EMP
057540040040-7960;057540040040;100mN32117E42123;MC;NA;5;6;S;F;0614;NEP
057540040040-7960;057540040040;100mN32117E42123;MC;NA;5;2;S;F;0003;NEP
057540040040-7960;057540040040;100mN32117E42123;MC;NA;5;3;S;M;0305;NEP
057540040040-7961;057540040040;100mN32117E42123;MC;NA;4;58;M;F;5064;EMP
057540040040-7961;057540040040;100mN32117E42123;MC;NA;4;61;S;M;5064;EMP
057540040040-7961;057540040040;100mN32117E42123;MC;NA;4;7;S;M;0614;NEP
057540040040-7961;057540040040;100mN32117E42123;MC;NA;4;3;S;F;0305;NEP
057540040040-7962;057540040040;100mN32117E42123;MC;NA;2;48;M;F;4049;NEP
057540040040-7962;057540040040;100mN32117E42123;MC;NA;2;48;M;M;4049;NEP
057540040040-7963;057540040040;100mN32117E42123;S;OS;1;37;S;F;3039;NEP
057540040040-7964;057540040040;100mN32117E42123;S;NA;1;32;M;M;3039;NEP
057540040040-7965;057540040040;100mN32117E42123;MC;NA;2;45;M;M;4049;EMP
057540040040-7965;057540040040;100mN32117E42123;MC;NA;2;40;M;F;4049;EMP
057540040040-7966;057540040040;100mN32117E42123;MC;OS;2;68;M;M;6574;NEP
057540040040-7966;057540040040;100mN32117E42123;MC;OS;2;66;M;F;6574;NEP
057540040040-7967;057540040040;100mN32117E42123;MC;NA;2;57;M;M;5064;NEP
057540040040-7967;057540040040;100mN32117E42123;MC;NA;2;18;M;F;1824;NEP
057540040040-7968;057540040040;100mN32117E42123;MC;NA;2;61;M;M;5064;EMP
057540040040-7968;057540040040;100mN32117E42123;MC;NA;2;18;M;M;1824;NEP
057540040040-7969;057540040040;100mN32117E42123;S;NA;1;33;D;F;3039;NEP
057540040040-7970;057540040040;100mN32117E42123;S;OS;1;16;S;F;1517;NEP
057540040040-7971;057540040040;100mN32117E42123;MC;NA;4;55;M;F;5064;NEP
057540040040-7971;057540040040;100mN32117E42123;MC;NA;4;61;M;M;5064;EMP
057540040040-7971;057540040040;100mN32117E42123;MC;NA;4;40;D;F;4049;EMP
057540040040-7971;057540040040;100mN32117E42123;MC;NA;4;15;S;F;1517;EMP
057540040040-7972;057540040040;100mN32117E42123;SF;NA;2;23;W;F;1824;EMP
057540040040-7972;057540040040;100mN32117E42123;SF;NA;2;7;S;M;0614;NEP
057540040040-7973;057540040040;100mN32117E42123;MC;NA;5;57;M;F;5064;NEP
057540040040-7973;057540040040;100mN32117E42123;MC;NA;5;55;M;M;5064;EMP
057540040040-7973;057540040040;100mN32117E42123;MC;NA;5;3;S;F;0305;NEP
057540040040-7973;057540040040;100mN32117E42123;MC;NA;5;16;S;F;1517;EMP
057540040040-7973;057540040040;100mN32117E42123;MC;NA;5;3;S;M;0305;NEP
057540040040-7974;057540040040;100mN32117E42123;S;NA;1;67;M;M;6574;EMP
057540040040-7975;057540040040;100mN32132E42135;S;OS;1;60;M;M;5064;EMP
057540040040-7976;057540040040;100mN32117E42125;MC;NA;2;52;M;M;5064;EMP
057540040040-7976;057540040040;100mN32117E42125;MC;NA;2;52;M;F;5064;EMP
057540040040-7977;057540040040;100mN32117E42125;S;NA;1;48;S;F;4049;NEP
057540040040-7978;057540040040;100mN32117E42125;S;OS;1;56;D;M;5064;NEP
057540040040-7979;057540040040;100mN32117E42125;MC;NA;2;20;M;M;1824;EMP
057540040040-7979;057540040040;100mN32117E42125;MC;NA;2;18;M;F;1824;UEP
057540040040-7980;057540040040;100mN32117E42125;MC;NA;5;43;M;F;4049;EMP
057540040040-7980;057540040040;100mN32117E42125;MC;NA;5;50;M;M;5064;EMP
057540040040-7980;057540040040;100mN32117E42125;MC;NA;5;12;S;F;0614;NEP
057540040040-7980;057540040040;100mN32117E42125;MC;NA;5;15;S;F;1517;EMP
057540040040-7980;057540040040;100mN32117E42125;MC;NA;5;28;W;M;2529;EMP
057540040040-7981;057540040040;100mN32117E42125;MC;NA;2;63;M;F;5064;NEP
057540040040-7981;057540040040;100mN32117E42125;MC;NA;2;59;M;F;5064;EMP
057540040040-7982;057540040040;100mN32117E42125;MC;NA;2;61;M;M;5064;NEP
057540040040-7982;057540040040;100mN32117E42125;MC;NA;2;57;M;F;5064;EMP
057540040040-7983;057540040040;100mN32117E42125;PO;NA;4;50;S;M;5064;EMP
057540040040-7983;057540040040;100mN32117E42125;PO;NA;4;50;S;F;5064;EMP
057540040040-7983;057540040040;100mN32117E42125;PO;NA;4;15;S;F;1517;NEP
057540040040-7983;057540040040;100mN32117E42125;PO;NA;4;11;S;F;0614;NEP
057540040040-7984;057540040040;100mN32117E42125;MC;MIX;2;71;M;F;6574;EMP
057540040040-7984;057540040040;100mN32117E42125;MC;MIX;2;62;M;M;5064;EMP
057540040040-7985;057540040040;100mN32117E42125;MC;NA;3;63;M;F;5064;NEP
057540040040-7985;057540040040;100mN32117E42125;MC;NA;3;16;S;F;1517;NEP
057540040040-7985;057540040040;100mN32117E42125;MC;NA;3;15;S;F;1517;EMP
057540040040-7986;057540040040;100mN32117E42125;MC;OS;2;78;M;F;75XX;NEP
057540040040-7986;057540040040;100mN32117E42125;MC;OS;2;76;M;M;75XX;EMP
057540040040-7987;057540040040;100mN32117E42125;S;NA;1;59;M;M;5064;EMP
057540040040-7988;057540040040;100mN32117E42125;MC;MIX;4;71;M;F;6574;EMP
057540040040-7988;057540040040;100mN32117E42125;MC;MIX;4;52;M;M;5064;EMP
057540040040-7988;057540040040;100mN32117E42125;MC;MIX;4;46;M;F;4049;EMP
057540040040-7988;057540040040;100mN32117E42125;MC;MIX;4;28;S;M;2529;EMP
057540040040-7989;057540040040;100mN32122E42147;S;NA;1;32;W;F;3039;NEP
057540040040-7990;057540040040;100mN32117E42125;MC;NA;5;20;M;F;1824;NEP
057540040040-7990;057540040040;100mN32117E42125;MC;NA;5;27;M;M;2529;EMP
057540040040-7990;057540040040;100mN32117E42125;MC;NA;5;1;S;M;0003;NEP
057540040040-7990;057540040040;100mN32117E42125;MC;NA;5;0;S;M;0003;NEP
057540040040-7990;057540040040;100mN32117E42125;MC;NA;5;3;S;M;0305;NEP
057540040040-7991;057540040040;100mN32117E42125;PO;NA;3;52;S;M;5064;NEP
057540040040-7991;057540040040;100mN32117E42125;PO;NA;3;18;S;F;1824;NEP
057540040040-7991;057540040040;100mN32117E42125;PO;NA;3;22;W;F;1824;EMP
057540040040-7992;057540040040;100mN32117E42125;MC;NA;3;27;M;F;2529;EMP
057540040040-7992;057540040040;100mN32117E42125;MC;NA;3;36;M;M;3039;EMP
057540040040-7992;057540040040;100mN32117E42125;MC;NA;3;2;S;F;0003;NEP
057540040040-7993;057540040040;100mN32117E42125;PO;NA;4;40;S;F;4049;EMP
057540040040-7993;057540040040;100mN32117E42125;PO;NA;4;53;S;F;5064;EMP
057540040040-7993;057540040040;100mN32117E42125;PO;NA;4;10;S;F;0614;NEP
057540040040-7993;057540040040;100mN32117E42125;PO;NA;4;22;M;M;1824;NEP
057540040040-7994;057540040040;100mN32117E42125;MC;NA;2;51;M;F;5064;EMP
057540040040-7994;057540040040;100mN32117E42125;MC;NA;2;56;M;M;5064;EMP
057540040040-7995;057540040040;100mN32117E42125;S;OS;1;46;S;M;4049;EMP
057540040040-7996;057540040040;100mN32131E42133;MC;NA;2;45;M;M;4049;EMP
057540040040-7996;057540040040;100mN32131E42133;MC;NA;2;43;M;F;4049;EMP
057540040040-7997;057540040040;100mN32131E42133;S;OS;1;38;M;M;3039;EMP
057540040040-7998;057540040040;100mN32131E42133;S;OS;1;82;S;F;75XX;NEP
057540040040-7999;057540040040;100mN32121E42140;S;NA;1;55;W;F;5064;EMP
057540040040-8000;057540040040;100mN32131E42133;S;OS;1;47;M;M;4049;EMP
057540040040-8001;057540040040;100mN32131E42133;S;OS;1;81;M;M;75XX;NEP
057540040040-8002;057540040040;100mN32131E42133;MC;NA;4;47;M;M;4049;EMP
057540040040-8002;057540040040;100mN32131E42133;MC;NA;4;41;M;F;4049;NEP
057540040040-8002;057540040040;100mN32131E42133;MC;NA;4;30;M;M;3039;EMP
057540040040-8002;057540040040;100mN32131E42133;MC;NA;4;18;M;F;1824;NEP
057540040040-8003;057540040040;100mN32131E42133;MC;OS;2;71;M;M;6574;EMP
057540040040-8003;057540040040;100mN32131E42133;MC;OS;2;68;M;F;6574;NEP
057540040040-8004;057540040040;100mN32131E42133;S;NA;1;70;M;M;6574;EMP
057540040040-8005;057540040040;100mN32131E42133;PO;MIX;2;70;S;M;6574;NEP
057540040040-8005;057540040040;100mN32131E42133;PO;MIX;2;60;M;M;5064;EMP
057540040040-8006;057540040040;100mN32131E42133;MC;NA;2;48;M;M;4049;EMP
057540040040-8006;057540040040;100mN32131E42133;MC;NA;2;42;M;F;4049;EMP
057540040040-8007;057540040040;100mN32131E42133;PO;NA;2;46;S;M;4049;NEP
057540040040-8007;057540040040;100mN32131E42133;PO;NA;2;52;S;M;5064;NEP
057540040040-8008;057540040040;100mN32131E42133;MC;OS;2;72;M;M;6574;EMP
057540040040-8008;057540040040;100mN32131E42133;MC;OS;2;70;M;F;6574;NEP
057540040040-8009;057540040040;100mN32129E42135;S;NA;1;42;M;M;4049;EMP
057540040040-8010;057540040040;100mN32131E42133;MC;NA;2;27;M;M;2529;NEP
057540040040-8010;057540040040;100mN32131E42133;MC;NA;2;27;M;F;2529;NEP
057540040040-8011;057540040040;100mN32101E42057;S;NA;1;55;S;M;5064;EMP
057540040040-8012;057540040040;100mN32131E42133;SF;NA;2;51;W;F;5064;EMP
057540040040-8012;057540040040;100mN32131E42133;SF;NA;2;15;S;F;1517;EMP
057540040040-8013;057540040040;100mN32101E42057;S;NA;1;55;S;M;5064;EMP
057540040040-8014;057540040040;100mN32101E42057;MC;NA;2;33;M;M;3039;EMP
057540040040-8014;057540040040;100mN32101E42057;MC;NA;2;33;M;F;3039;EMP
057540040040-8015;057540040040;100mN32101E42057;SF;NA;2;46;S;F;4049;EMP
057540040040-8015;057540040040;100mN32101E42057;SF;NA;2;15;S;F;1517;NEP
057540040040-8016;057540040040;100mN32130E42137;MC;NA;2;48;M;F;4049;EMP
057540040040-8016;057540040040;100mN32130E42137;MC;NA;2;51;M;M;5064;EMP
057540040040-8017;057540040040;100mN32130E42137;MC;OS;2;68;M;M;6574;EMP
057540040040-8017;057540040040;100mN32130E42137;MC;OS;2;65;M;F;6574;UEP
057540040040-8018;057540040040;100mN32130E42137;MC;MIX;2;71;M;M;6574;EMP
057540040040-8018;057540040040;100mN32130E42137;MC;MIX;2;65;S;F;6574;EMP
057540040040-8019;057540040040;100mN32130E42137;MC;NA;3;25;M;M;2529;NEP
057540040040-8019;057540040040;100mN32130E42137;MC;NA;3;23;M;F;1824;EMP
057540040040-8019;057540040040;100mN32130E42137;MC;NA;3;8;S;F;0614;NEP
057540040040-8020;057540040040;100mN32123E42118;MC;NA;5;43;M;M;4049;EMP
057540040040-8020;057540040040;100mN32123E42118;MC;NA;5;43;M;F;4049;NEP
057540040040-8020;057540040040;100mN32123E42118;MC;NA;5;27;S;M;2529;EMP
057540040040-8020;057540040040;100mN32123E42118;MC;NA;5;28;S;F;2529;EMP
057540040040-8020;057540040040;100mN32123E42118;MC;NA;5;20;S;M;1824;EMP
057540040040-8021;057540040040;100mN32130E42137;S;OS;1;50;D;M;5064;EMP
057540040040-8022;057540040040;100mN32130E42137;SF;NA;4;50;W;F;5064;EMP
057540040040-8022;057540040040;100mN32130E42137;SF;NA;4;26;M;M;2529;NEP
057540040040-8022;057540040040;100mN32130E42137;SF;NA;4;15;S;F;1517;NEP
057540040040-8022;057540040040;100mN32130E42137;SF;NA;4;11;S;M;0614;NEP
057540040040-8023;057540040040;100mN32130E42137;S;NA;1;58;D;M;5064;NEP
057540040040-8024;057540040040;100mN32130E42137;S;NA;1;18;S;M;1824;NEP
057540040040-8025;057540040040;100mN32130E42137;MC;OS;2;66;M;F;6574;NEP
057540040040-8025;057540040040;100mN32130E42137;MC;OS;2;65;M;M;6574;EMP
057540040040-8026;057540040040;100mN32130E42137;MC;NA;3;33;M;M;3039;EMP
057540040040-8026;057540040040;100mN32130E42137;MC;NA;3;30;M;F;3039;EMP
057540040040-8026;057540040040;100mN32130E42137;MC;NA;3;18;W;F;1824;NEP
057540040040-8027;057540040040;100mN32130E42137;MC;NA;2;41;M;M;4049;EMP
057540040040-8027;057540040040;100mN32130E42137;MC;NA;2;18;M;F;1824;EMP
057540040040-8028;057540040040;100mN32130E42137;S;NA;1;73;M;M;6574;EMP
057540040040-8029;057540040040;100mN32130E42137;MC;NA;2;54;M;M;5064;EMP
057540040040-8029;057540040040;100mN32130E42137;MC;NA;2;54;M;F;5064;NEP
057540040040-8030;057540040040;100mN32130E42137;MC;NA;3;37;M;M;3039;EMP
057540040040-8030;057540040040;100mN32130E42137;MC;NA;3;37;M;F;3039;NEP
057540040040-8030;057540040040;100mN32130E42137;MC;NA;3;15;S;F;1517;EMP
057540040040-8031;057540040040;100mN32130E42137;MC;NA;2;46;M;F;4049;NEP
057540040040-8031;057540040040;100mN32130E42137;MC;NA;2;48;M;M;4049;NEP
057540040040-8032;057540040040;100mN32130E42137;MC;NA;4;44;M;F;4049;EMP
057540040040-8032;057540040040;100mN32130E42137;MC;NA;4;51;M;M;5064;NEP
057540040040-8032;057540040040;100mN32130E42137;MC;NA;4;20;M;M;1824;EMP
057540040040-8032;057540040040;100mN32130E42137;MC;NA;4;26;M;M;2529;EMP
057540040040-8033;057540040040;100mN32130E42137;S;NA;1;70;S;M;6574;EMP
057540040040-8034;057540040040;100mN32127E42137;MC;MIX;2;70;M;M;6574;NEP
057540040040-8034;057540040040;100mN32127E42137;MC;MIX;2;21;S;F;1824;EMP
057540040040-8035;057540040040;100mN32127E42137;SF;MIX;2;68;D;F;6574;NEP
057540040040-8035;057540040040;100mN32127E42137;SF;MIX;2;8;S;M;0614;NEP
057540040040-8036;057540040040;100mN32127E42137;MC;NA;3;58;M;M;5064;EMP
057540040040-8036;057540040040;100mN32127E42137;MC;NA;3;55;M;F;5064;NEP
057540040040-8036;057540040040;100mN32127E42137;MC;NA;3;42;S;M;4049;NEP
057540040040-8037;057540040040;100mN32127E42137;S;NA;1;34;M;M;3039;EMP
057540040040-8038;057540040040;100mN32127E42137;MC;NA;4;63;M;F;5064;EMP
057540040040-8038;057540040040;100mN32127E42137;MC;NA;4;51;S;M;5064;EMP
057540040040-8038;057540040040;100mN32127E42137;MC;NA;4;9;S;M;0614;NEP
057540040040-8038;057540040040;100mN32127E42137;MC;NA;4;3;S;F;0305;NEP
057540040040-8039;057540040040;100mN32127E42137;MC;NA;2;43;M;M;4049;EMP
057540040040-8039;057540040040;100mN32127E42137;MC;NA;2;41;M;F;4049;EMP
057540040040-8040;057540040040;100mN32136E42127;S;NA;1;36;M;F;3039;UEP
057540040040-8041;057540040040;100mN32127E42137;S;NA;1;88;M;F;75XX;NEP
057540040040-8042;057540040040;100mN32127E42137;MC;NA;3;40;M;M;4049;EMP
057540040040-8042;057540040040;100mN32127E42137;MC;NA;3;41;M;F;4049;NEP
057540040040-8042;057540040040;100mN32127E42137;MC;NA;3;16;S;M;1517;NEP
057540040040-8043;057540040040;100mN32127E42137;MC;MIX;4;82;D;F;75XX;EMP
057540040040-8043;057540040040;100mN32127E42137;MC;MIX;4;53;M;M;5064;EMP
057540040040-8043;057540040040;100mN32127E42137;MC;MIX;4;51;M;F;5064;EMP
057540040040-8043;057540040040;100mN32127E42137;MC;MIX;4;2;S;M;0003;NEP
057540040040-8044;057540040040;100mN32127E42137;MC;NA;2;54;M;M;5064;NEP
057540040040-8044;057540040040;100mN32127E42137;MC;NA;2;51;M;F;5064;NEP
057540040040-8045;057540040040;100mN32141E42107;MC;MIX;2;85;M;F;75XX;NEP
057540040040-8045;057540040040;100mN32141E42107;MC;MIX;2;30;D;F;3039;EMP
057540040040-8046;057540040040;100mN32141E42107;MC;OS;2;71;M;F;6574;EMP
057540040040-8046;057540040040;100mN32141E42107;MC;OS;2;85;M;M;75XX;EMP
057540040040-8047;057540040040;100mN32141E42107;SF;NA;2;58;S;F;5064;NEP
057540040040-8047;057540040040;100mN32141E42107;SF;NA;2;15;S;F;1517;EMP
057540040040-8048;057540040040;100mN32126E42081;MC;NA;3;56;M;M;5064;EMP
057540040040-8048;057540040040;100mN32126E42081;MC;NA;3;51;M;F;5064;NEP
057540040040-8048;057540040040;100mN32126E42081;MC;NA;3;15;S;M;1517;EMP
057540040040-8049;057540040040;100mN32126E42081;MC;NA;2;27;M;M;2529;EMP
057540040040-8049;057540040040;100mN32126E42081;MC;NA;2;22;M;F;1824;EMP
057540040040-8050;057540040040;100mN32126E42081;SF;NA;3;44;S;F;4049;EMP
057540040040-8050;057540040040;100mN32126E42081;SF;NA;3;1;S;M;0003;NEP
057540040040-8050;057540040040;100mN32126E42081;SF;NA;3;9;S;F;0614;NEP
057540040040-8051;057540040040;100mN32127E42143;PO;OS;2;85;S;F;75XX;UEP
057540040040-8051;057540040040;100mN32127E42143;PO;OS;2;89;S;F;75XX;EMP
057540040040-8052;057540040040;100mN32127E42143;MC;NA;2;36;M;F;3039;NEP
057540040040-8052;057540040040;100mN32127E42143;MC;NA;2;38;M;M;3039;EMP
057540040040-8053;057540040040;100mN32127E42143;S;NA;1;56;W;F;5064;NEP
057540040040-8054;057540040040;100mN32127E42143;SF;NA;2;60;S;F;5064;EMP
057540040040-8054;057540040040;100mN32127E42143;SF;NA;2;34;M;F;3039;UEP
057540040040-8055;057540040040;100mN32127E42143;S;OS;1;42;S;F;4049;NEP
057540040040-8056;057540040040;100mN32127E42143;MC;NA;2;61;M;F;5064;EMP
057540040040-8056;057540040040;100mN32127E42143;MC;NA;2;62;M;M;5064;NEP
057540040040-8057;057540040040;100mN32127E42143;MC;OS;4;69;M;M;6574;EMP
057540040040-8057;057540040040;100mN32127E42143;MC;OS;4;65;M;F;6574;EMP
057540040040-8057;057540040040;100mN32127E42143;MC;OS;4;84;M;M;75XX;EMP
057540040040-8057;057540040040;100mN32127E42143;MC;OS;4;68;D;F;6574;NEP
057540040040-8058;057540040040;100mN32127E42143;MC;NA;5;23;M;M;1824;EMP
057540040040-8058;057540040040;100mN32127E42143;MC;NA;5;18;M;F;1824;NEP
057540040040-8058;057540040040;100mN32127E42143;MC;NA;5;1;S;M;0003;NEP
057540040040-8058;057540040040;100mN32127E42143;MC;NA;5;8;S;M;0614;NEP
057540040040-8058;057540040040;100mN32127E42143;MC;NA;5;8;S;F;0614;NEP
057540040040-8059;057540040040;100mN32127E42143;MC;MIX;3;73;S;F;6574;EMP
057540040040-8059;057540040040;100mN32127E42143;MC;MIX;3;50;M;F;5064;NEP
057540040040-8059;057540040040;100mN32127E42143;MC;MIX;3;54;M;M;5064;EMP
057540040040-8060;057540040040;100mN32127E42143;MC;NA;2;48;M;F;4049;EMP
057540040040-8060;057540040040;100mN32127E42143;MC;NA;2;55;M;M;5064;EMP
057540040040-8061;057540040040;100mN32127E42143;S;NA;1;37;S;M;3039;NEP
057540040040-8062;057540040040;100mN32127E42143;MC;OS;2;67;M;M;6574;EMP
057540040040-8062;057540040040;100mN32127E42143;MC;OS;2;70;M;F;6574;EMP
057540040040-8063;057540040040;100mN32127E42143;MC;NA;3;63;M;M;5064;EMP
057540040040-8063;057540040040;100mN32127E42143;MC;NA;3;59;M;F;5064;NEP
057540040040-8063;057540040040;100mN32127E42143;MC;NA;3;15;S;F;1517;NEP
057540040040-8064;057540040040;100mN32127E42143;MC;OS;4;86;M;M;75XX;EMP
057540040040-8064;057540040040;100mN32127E42143;MC;OS;4;80;M;F;75XX;EMP
057540040040-8064;057540040040;100mN32127E42143;MC;OS;4;70;D;F;6574;NEP
057540040040-8064;057540040040;100mN32127E42143;MC;OS;4;68;M;M;6574;NEP
057540040040-8065;057540040040;100mN32127E42143;MC;MIX;2;72;M;F;6574;EMP
057540040040-8065;057540040040;100mN32127E42143;MC;MIX;2;66;M;M;6574;EMP
057540040040-8066;057540040040;100mN32127E42143;MC;MIX;2;89;M;F;75XX;EMP
057540040040-8066;057540040040;100mN32127E42143;MC;MIX;2;52;M;M;5064;NEP
057540040040-8067;057540040040;100mN32127E42143;S;NA;1;16;S;M;1517;EMP
057540040040-8068;057540040040;100mN32127E42143;MC;NA;4;38;M;M;3039;EMP
057540040040-8068;057540040040;100mN32127E42143;MC;NA;4;37;M;F;3039;EMP
057540040040-8068;057540040040;100mN32127E42143;MC;NA;4;9;S;M;0614;NEP
057540040040-8068;057540040040;100mN32127E42143;MC;NA;4;15;S;M;1517;NEP
057540040040-8069;057540040040;100mN32127E42143;SM;NA;3;41;S;M;4049;NEP
057540040040-8069;057540040040;100mN32127E42143;SM;NA;3;1;S;M;0003;NEP
057540040040-8069;057540040040;100mN32127E42143;SM;NA;3;26;W;F;2529;EMP
057540040040-8070;057540040040;100mN32127E42143;S;NA;1;42;S;F;4049;EMP
057540040040-8071;057540040040;100mN32127E42143;S;NA;1;57;S;M;5064;EMP
057540040040-8072;057540040040;100mN32131E42135;S;NA;1;61;W;F;5064;EMP
057540040040-8073;057540040040;100mN32127E42143;MC;NA;2;56;M;F;5064;EMP
057540040040-8073;057540040040;100mN32127E42143;MC;NA;2;50;M;M;5064;NEP
057540040040-8074;057540040040;100mN32127E42143;S;NA;1;25;D;M;2529;NEP
057540040040-8075;057540040040;100mN32132E42133;SF;NA;5;28;W;F;2529;NEP
057540040040-8075;057540040040;100mN32132E42133;SF;NA;5;10;S;F;0614;NEP
057540040040-8075;057540040040;100mN32132E42133;SF;NA;5;6;S;F;0614;NEP
057540040040-8075;057540040040;100mN32132E42133;SF;NA;5;13;S;M;0614;NEP
057540040040-8075;057540040040;100mN32132E42133;SF;NA;5;12;S;M;0614;NEP
057540040040-8076;057540040040;100mN32127E42144;SF;NA;4;44;W;F;4049;EMP
057540040040-8076;057540040040;100mN32127E42144;SF;NA;4;23;S;M;1824;EMP
057540040040-8076;057540040040;100mN32127E42144;SF;NA;4;28;M;F;2529;NEP
057540040040-8076;057540040040;100mN32127E42144;SF;NA;4;0;S;F;0003;NEP
057540040040-8077;057540040040;100mN32127E42144;MC;MIX;2;76;M;M;75XX;NEP
057540040040-8077;057540040040;100mN32127E42144;MC;MIX;2;4;S;M;0305;NEP
057540040040-8078;057540040040;100mN32127E42144;S;OS;1;21;D;M;1824;NEP
057540040040-8079;057540040040;100mN32127E42144;NA;NA;3;21;M;F;1824;EMP
057540040040-8079;057540040040;100mN32127E42144;NA;NA;3;70;D;F;6574;NEP
057540040040-8079;057540040040;100mN32127E42144;NA;NA;3;42;S;M;4049;EMP
057540040040-8080;057540040040;100mN32127E42144;PO;NA;3;27;S;F;2529;EMP
057540040040-8080;057540040040;100mN32127E42144;PO;NA;3;35;S;F;3039;NEP
057540040040-8080;057540040040;100mN32127E42144;PO;NA;3;6;S;M;0614;NEP
057540040040-8081;057540040040;100mN32117E42114;MC;NA;3;35;M;F;3039;NEP
057540040040-8081;057540040040;100mN32117E42114;MC;NA;3;44;M;M;4049;EMP
057540040040-8081;057540040040;100mN32117E42114;MC;NA;3;2;S;M;0003;NEP
057540040040-8082;057540040040;100mN32127E42144;MC;NA;2;21;M;F;1824;NEP
057540040040-8082;057540040040;100mN32127E42144;MC;NA;2;25;M;M;2529;EMP
057540040040-8083;057540040040;100mN32127E42144;MC;NA;3;53;M;F;5064;EMP
057540040040-8083;057540040040;100mN32127E42144;MC;NA;3;56;M;M;5064;NEP
057540040040-8083;057540040040;100mN32127E42144;MC;NA;3;8;S;M;0614;NEP
057540040040-8084;057540040040;100mN32127E42144;MC;NA;2;48;M;F;4049;NEP
057540040040-8084;057540040040;100mN32127E42144;MC;NA;2;50;M;M;5064;EMP
057540040040-8085;057540040040;100mN32127E42144;PO;OS;4;78;S;M;75XX;EMP
057540040040-8085;057540040040;100mN32127E42144;PO;OS;4;70;S;M;6574;EMP
057540040040-8085;057540040040;100mN32127E42144;PO;OS;4;71;M;F;6574;EMP
057540040040-8085;057540040040;100mN32127E42144;PO;OS;4;66;S;F;6574;EMP
057540040040-8086;057540040040;100mN32127E42144;SM;NA;3;40;W;M;4049;EMP
057540040040-8086;057540040040;100mN32127E42144;SM;NA;3;7;S;M;0614;NEP
057540040040-8086;057540040040;100mN32127E42144;SM;NA;3;15;S;M;1517;EMP
057540040040-8087;057540040040;100mN32127E42144;MC;MIX;4;71;W;M;6574;EMP
057540040040-8087;057540040040;100mN32127E42144;MC;MIX;4;48;M;F;4049;EMP
057540040040-8087;057540040040;100mN32127E42144;MC;MIX;4;51;M;M;5064;NEP
057540040040-8087;057540040040;100mN32127E42144;MC;MIX;4;12;S;M;0614;NEP
057540040040-8088;057540040040;100mN32127E42144;SF;NA;4;42;D;F;4049;EMP
057540040040-8088;057540040040;100mN32127E42144;SF;NA;4;7;S;F;0614;NEP
057540040040-8088;057540040040;100mN32127E42144;SF;NA;4;18;S;F;1824;NEP
057540040040-8088;057540040040;100mN32127E42144;SF;NA;4;10;S;F;0614;NEP
057540040040-8089;057540040040;100mN32121E42142;MC;NA;2;58;M;M;5064;EMP
057540040040-8089;057540040040;100mN32121E42142;MC;NA;2;36;M;F;3039;NEP
057540040040-8090;057540040040;100mN32121E42142;PO;NA;2;41;S;F;4049;EMP
057540040040-8090;057540040040;100mN32121E42142;PO;NA;2;45;S;M;4049;EMP
057540040040-8091;057540040040;100mN32121E42142;NA;NA;4;41;M;M;4049;EMP
057540040040-8091;057540040040;100mN32121E42142;NA;NA;4;55;M;M;5064;EMP
057540040040-8091;057540040040;100mN32121E42142;NA;NA;4;31;M;F;3039;EMP
057540040040-8091;057540040040;100mN32121E42142;NA;NA;4;20;S;F;1824;NEP
057540040040-8092;057540040040;100mN32118E42130;S;OS;1;88;M;M;75XX;EMP
057540040040-8093;057540040040;100mN32118E42130;MC;NA;3;37;M;F;3039;NEP
057540040040-8093;057540040040;100mN32118E42130;MC;NA;3;43;M;M;4049;EMP
057540040040-8093;057540040040;100mN32118E42130;MC;NA;3;2;S;F;0003;NEP
057540040040-8094;057540040040;100mN32118E42130;MC;MIX;4;68;M;F;6574;NEP
057540040040-8094;057540040040;100mN32118E42130;MC;MIX;4;54;M;M;5064;EMP
057540040040-8094;057540040040;100mN32118E42130;MC;MIX;4;55;M;F;5064;EMP
057540040040-8094;057540040040;100mN32118E42130;MC;MIX;4;19;S;F;1824;EMP
057540040040-8095;057540040040;100mN32118E42130;S;NA;1;48;S;M;4049;EMP
057540040040-8096;057540040040;100mN32118E42130;MC;OS;3;87;M;M;75XX;EMP
057540040040-8096;057540040040;100mN32118E42130;MC;OS;3;87;M;F;75XX;NEP
057540040040-8096;057540040040;100mN32118E42130;MC;OS;3;75;W;F;75XX;EMP
057540040040-8097;057540040040;100mN32118E42130;S;NA;1;83;D;M;75XX;EMP
057540040040-8098;057540040040;100mN32118E42130;MC;NA;5;59;M;M;5064;NEP
057540040040-8098;057540040040;100mN32118E42130;MC;NA;5;58;M;F;5064;NEP
057540040040-8098;057540040040;100mN32118E42130;MC;NA;5;4;S;F;0305;NEP
057540040040-8098;057540040040;100mN32118E42130;MC;NA;5;8;S;M;0614;NEP
057540040040-8098;057540040040;100mN32118E42130;MC;NA;5;9;S;M;0614;NEP
057540040040-8099;057540040040;100mN32118E42130;MC;NA;2;52;M;M;5064;NEP
057540040040-8099;057540040040;100mN32118E42130;MC;NA;2;50;M;F;5064;NEP
057540040040-8100;057540040040;100mN32118E42130;MC;NA;5;63;M;M;5064;EMP
057540040040-8100;057540040040;100mN32118E42130;MC;NA;5;61;M;F;5064;EMP
057540040040-8100;057540040040;100mN32118E42130;MC;NA;5;6;S;F;0614;NEP
057540040040-8100;057540040040;100mN32118E42130;MC;NA;5;31;S;F;3039;NEP
057540040040-8100;057540040040;100mN32118E42130;MC;NA;5;16;S;M;1517;EMP
057540040040-8101;057540040040;100mN32118E42130;SF;NA;4;57;S;F;5064;EMP
057540040040-8101;057540040040;100mN32118E42130;SF;NA;4;10;S;F;0614;NEP
057540040040-8101;057540040040;100mN32118E42130;SF;NA;4;16;S;M;1517;EMP
057540040040-8101;057540040040;100mN32118E42130;SF;NA;4;41;W;F;4049;EMP
057540040040-8102;057540040040;100mN32118E42130;PO;NA;4;47;S;M;4049;NEP
057540040040-8102;057540040040;100mN32118E42130;PO;NA;4;55;S;F;5064;NEP
057540040040-8102;057540040040;100mN32118E42130;PO;NA;4;13;S;F;0614;NEP
057540040040-8102;057540040040;100mN32118E42130;PO;NA;4;11;S;M;0614;NEP
057540040040-8103;057540040040;100mN32118E42130;MC;NA;2;18;M;F;1824;NEP
057540040040-8103;057540040040;100mN32118E42130;MC;NA;2;27;M;M;2529;NEP
057540040040-8104;057540040040;100mN32118E42130;S;NA;1;42;S;M;4049;EMP
057540040040-8105;057540040040;100mN32118E42130;SF;NA;3;38;S;F;3039;UEP
057540040040-8105;057540040040;100mN32118E42130;SF;NA;3;22;M;F;1824;NEP
057540040040-8105;057540040040;100mN32118E42130;SF;NA;3;7;S;F;0614;NEP
057540040040-8106;057540040040;100mN32118E42130;MC;OS;2;87;M;M;75XX;NEP
057540040040-8106;057540040040;100mN32118E42130;MC;OS;2;79;M;F;75XX;UEP
057540040040-8107;057540040040;100mN32117E42122;MC;MIX;2;86;M;F;75XX;NEP
057540040040-8107;057540040040;100mN32117E42122;MC;MIX;2;70;M;M;6574;EMP
057540040040-8108;057540040040;100mN32117E42122;MC;MIX;2;73;M;M;6574;NEP
057540040040-8108;057540040040;100mN32117E42122;MC;MIX;2;62;M;F;5064;EMP
057540040040-8109;057540040040;100mN32117E42122;S;OS;1;53;S;F;5064;EMP
057540040040-8110;057540040040;100mN32117E42122;MC;MIX;2;73;M;F;6574;NEP
057540040040-8110;057540040040;100mN32117E42122;MC;MIX;2;19;W;F;1824;EMP
057540040040-8111;057540040040;100mN32117E42122;MC;NA;2;28;M;M;2529;NEP
057540040040-8111;057540040040;100mN32117E42122;MC;NA;2;26;M;F;2529;NEP
057540040040-8112;057540040040;100mN32117E42122;S;NA;1;65;D;M;6574;EMP
057540040040-8113;057540040040;100mN32117E42122;S;OS;1;26;D;M;2529;EMP
057540040040-8114;057540040040;100mN32117E42122;MC;OS;2;71;M;F;6574;EMP
057540040040-8114;057540040040;100mN32117E42122;MC;OS;2;73;M;M;6574;EMP
057540040040-8115;057540040040;100mN32117E42122;S;NA;1;28;S;M;2529;EMP
057540040040-8116;057540040040;100mN32117E42122;MC;NA;3;43;M;M;4049;EMP
057540040040-8116;057540040040;100mN32117E42122;MC;NA;3;41;M;F;4049;EMP
057540040040-8116;057540040040;100mN32117E42122;MC;NA;3;3;S;F;0305;NEP
057540040040-8117;057540040040;100mN32117E42122;MC;OS;2;67;M;M;6574;EMP
057540040040-8117;057540040040;100mN32117E42122;MC;OS;2;67;M;F;6574;NEP
057540040040-8118;057540040040;100mN32117E42122;MC;OS;2;68;M;F;6574;NEP
057540040040-8118;057540040040;100mN32117E42122;MC;OS;2;85;M;M;75XX;NEP
057540040040-8119;057540040040;100mN32117E42122;NA;NA;4;25;M;M;2529;EMP
057540040040-8119;057540040040;100mN32117E42122;NA;NA;4;42;M;F;4049;EMP
057540040040-8119;057540040040;100mN32117E42122;NA;NA;4;32;W;F;3039;EMP
057540040040-8119;057540040040;100mN32117E42122;NA;NA;4;61;M;F;5064;NEP
057540040040-8120;057540040040;100mN32117E42122;S;OS;1;69;S;M;6574;NEP
057540040040-8121;057540040040;100mN32117E42122;MC;NA;3;22;M;M;1824;EMP
057540040040-8121;057540040040;100mN32117E42122;MC;NA;3;30;M;F;3039;NEP
057540040040-8121;057540040040;100mN32117E42122;MC;NA;3;7;S;F;0614;NEP
057540040040-8122;057540040040;100mN32113E42131;SF;NA;3;41;D;F;4049;EMP
057540040040-8122;057540040040;100mN32113E42131;SF;NA;3;21;M;M;1824;EMP
057540040040-8122;057540040040;100mN32113E42131;SF;NA;3;10;S;M;0614;NEP
057540040040-8123;057540040040;100mN32113E42131;S;NA;1;40;D;M;4049;EMP
057540040040-8124;057540040040;100mN32113E42131;MC;OS;2;76;M;M;75XX;EMP
057540040040-8124;057540040040;100mN32113E42131;MC;OS;2;76;M;F;75XX;NEP
057540040040-8125;057540040040;100mN32121E42147;S;OS;1;48;M;M;4049;EMP
057540040040-8126;057540040040;100mN32104E42130;SF;NA;3;56;W;F;5064;EMP
057540040040-8126;057540040040;100mN32104E42130;SF;NA;3;25;S;M;2529;NEP
057540040040-8126;057540040040;100mN32104E42130;SF;NA;3;6;S;F;0614;NEP
057540040040-8127;057540040040;100mN32121E42147;MC;NA;2;52;M;F;5064;EMP
057540040040-8127;057540040040;100mN32121E42147;MC;NA;2;54;M;M;5064;EMP
057540040040-8128;057540040040;100mN32121E42147;MC;NA;4;36;M;F;3039;EMP
057540040040-8128;057540040040;100mN32121E42147;MC;NA;4;40;M;M;4049;NEP
057540040040-8128;057540040040;100mN32121E42147;MC;NA;4;8;S;M;0614;NEP
057540040040-8128;057540040040;100mN32121E42147;MC;NA;4;20;S;F;1824;NEP
057540040040-8129;057540040040;100mN32121E42147;SF;NA;2;70;W;F;6574;NEP
057540040040-8129;057540040040;100mN32121E42147;SF;NA;2;11;S;F;0614;NEP
057540040040-8130;057540040040;100mN32121E42147;MC;NA;3;27;M;M;2529;NEP
057540040040-8130;057540040040;100mN32121E42147;MC;NA;3;30;M;F;3039;EMP
057540040040-8130;057540040040;100mN32121E42147;MC;NA;3;4;S;F;0305;NEP
057540040040-8131;057540040040;100mN32121E42147;MC;NA;4;21;M;F;1824;EMP
057540040040-8131;057540040040;100mN32121E42147;MC;NA;4;28;M;M;2529;NEP
057540040040-8131;057540040040;100mN32121E42147;MC;NA;4;3;S;M;0305;NEP
057540040040-8131;057540040040;100mN32121E42147;MC;NA;4;6;S;F;0614;NEP
057540040040-8132;057540040040;100mN32107E42053;S;OS;1;61;S;M;5064;EMP
057540040040-8133;057540040040;100mN32115E42127;SF;NA;5;46;W;F;4049;NEP
057540040040-8133;057540040040;100mN32115E42127;SF;NA;5;4;S;F;0305;NEP
057540040040-8133;057540040040;100mN32115E42127;SF;NA;5;8;S;M;0614;NEP
057540040040-8133;057540040040;100mN32115E42127;SF;NA;5;10;S;M;0614;NEP
057540040040-8133;057540040040;100mN32115E42127;SF;NA;5;31;M;M;3039;EMP
057540040040-8134;057540040040;100mN32107E42053;NA;NA;2;45;M;F;4049;EMP
057540040040-8134;057540040040;100mN32107E42053;NA;NA;2;67;D;F;6574;EMP
057540040040-8135;057540040040;100mN32117E42116;SF;NA;3;48;S;F;4049;NEP
057540040040-8135;057540040040;100mN32117E42116;SF;NA;3;9;S;F;0614;NEP
057540040040-8135;057540040040;100mN32117E42116;SF;NA;3;11;S;F;0614;NEP
057540040040-8136;057540040040;100mN32117E42116;PO;MIX;3;68;S;M;6574;EMP
057540040040-8136;057540040040;100mN32117E42116;PO;MIX;3;44;S;M;4049;EMP
057540040040-8136;057540040040;100mN32117E42116;PO;MIX;3;41;S;M;4049;NEP
057540040040-8137;057540040040;100mN32117E42116;MC;NA;4;57;M;F;5064;EMP
057540040040-8137;057540040040;100mN32117E42116;MC;NA;4;58;M;M;5064;EMP
057540040040-8137;057540040040;100mN32117E42116;MC;NA;4;18;M;F;1824;NEP
057540040040-8137;057540040040;100mN32117E42116;MC;NA;4;3;S;M;0305;NEP
057540040040-8138;057540040040;100mN32117E42116;MC;OS;2;71;M;F;6574;EMP
057540040040-8138;057540040040;100mN32117E42116;MC;OS;2;72;M;M;6574;EMP
057540040040-8139;057540040040;100mN32117E42116;MC;NA;2;18;M;M;1824;NEP
057540040040-8139;057540040040;100mN32117E42116;MC;NA;2;18;M;F;1824;EMP
057540040040-8140;057540040040;100mN32117E42116;MC;NA;3;40;M;M;4049;NEP
057540040040-8140;057540040040;100mN32117E42116;MC;NA;3;37;M;F;3039;NEP
057540040040-8140;057540040040;100mN32117E42116;MC;NA;3;25;D;M;2529;NEP
057540040040-8141;057540040040;100mN32118E42133;MC;MIX;2;80;M;M;75XX;EMP
057540040040-8141;057540040040;100mN32118E42133;MC;MIX;2;48;W;F;4049;EMP
057540040040-8142;057540040040;100mN32118E42133;MC;MIX;4;82;D;F;75XX;NEP
057540040040-8142;057540040040;100mN32118E42133;MC;MIX;4;46;M;M;4049;NEP
057540040040-8142;057540040040;100mN32118E42133;MC;MIX;4;37;M;F;3039;NEP
057540040040-8142;057540040040;100mN32118E42133;MC;MIX;4;15;S;M;1517;NEP
057540040040-8143;057540040040;100mN32118E42133;S;NA;1;85;W;F;75XX;NEP
057540040040-8144;057540040040;100mN32117E42114;MC;NA;4;36;M;M;3039;EMP
057540040040-8144;057540040040;100mN32117E42114;MC;NA;4;42;M;F;4049;EMP
057540040040-8144;057540040040;100mN32117E42114;MC;NA;4;15;S;F;1517;EMP
057540040040-8144;057540040040;100mN32117E42114;MC;NA;4;0;S;M;0003;NEP
057540040040-8145;057540040040;100mN32117E42114;SM;NA;3;68;W;M;6574;EMP
057540040040-8145;057540040040;100mN32117E42114;SM;NA;3;9;S;F;0614;NEP
057540040040-8145;057540040040;100mN32117E42114;SM;NA;3;36;S;M;3039;EMP
057540040040-8146;057540040040;100mN32117E42114;MC;OS;3;69;M;M;6574;NEP
057540040040-8146;057540040040;100mN32117E42114;MC;OS;3;67;M;F;6574;NEP
057540040040-8146;057540040040;100mN32117E42114;MC;OS;3;89;M;F;75XX;NEP
057540040040-8147;057540040040;100mN32117E42114;MC;NA;3;35;M;F;3039;NEP
057540040040-8147;057540040040;100mN32117E42114;MC;NA;3;44;M;M;4049;EMP
057540040040-8147;057540040040;100mN32117E42114;MC;NA;3;2;S;M;0003;NEP
057540040040-8148;057540040040;100mN32117E42114;MC;NA;4;57;M;M;5064;NEP
057540040040-8148;057540040040;100mN32117E42114;MC;NA;4;57;M;F;5064;NEP
057540040040-8148;057540040040;100mN32117E42114;MC;NA;4;40;D;M;4049;EMP
057540040040-8148;057540040040;100mN32117E42114;MC;NA;4;11;S;M;0614;NEP
057540040040-8149;057540040040;100mN32117E42114;MC;NA;2;33;M;M;3039;EMP
057540040040-8149;057540040040;100mN32117E42114;MC;NA;2;25;M;F;2529;NEP
057540040040-8150;057540040040;100mN32117E42114;MC;NA;2;22;M;M;1824;NEP
057540040040-8150;057540040040;100mN32117E42114;MC;NA;2;18;M;F;1824;NEP
057540040040-8151;057540040040;100mN32117E42114;PO;NA;2;51;S;M;5064;EMP
057540040040-8151;057540040040;100mN32117E42114;PO;NA;2;45;S;F;4049;NEP
057540040040-8152;057540040040;100mN32117E42114;MC;OS;4;66;M;F;6574;EMP
057540040040-8152;057540040040;100mN32117E42114;MC;OS;4;68;M;M;6574;EMP
057540040040-8152;057540040040;100mN32117E42114;MC;OS;4;71;D;M;6574;NEP
057540040040-8152;057540040040;100mN32117E42114;MC;OS;4;80;M;M;75XX;EMP
057540040040-8153;057540040040;100mN32089E42097;SF;NA;4;34;S;F;3039;EMP
057540040040-8153;057540040040;100mN32089E42097;SF;NA;4;0;S;F;0003;NEP
057540040040-8153;057540040040;100mN32089E42097;SF;NA;4;19;D;M;1824;EMP
057540040040-8153;057540040040;100mN32089E42097;SF;NA;4;13;S;M;0614;NEP
057540040040-8154;057540040040;100mN32089E42097;MC;OS;2;81;M;M;75XX;NEP
057540040040-8154;057540040040;100mN32089E42097;MC;OS;2;72;M;F;6574;EMP
057540040040-8155;057540040040;100mN32089E42097;S;NA;1;85;W;F;75XX;NEP
057540040040-8156;057540040040;100mN32107E42146;MC;NA;3;60;M;M;5064;NEP
057540040040-8156;057540040040;100mN32107E42146;MC;NA;3;23;D;M;1824;EMP
057540040040-8156;057540040040;100mN32107E42146;MC;NA;3;3;S;M;0305;NEP
057540040040-8157;057540040040;100mN32107E42146;MC;NA;2;23;M;M;1824;EMP
057540040040-8157;057540040040;100mN32107E42146;MC;NA;2;18;M;F;1824;EMP
057540040040-8158;057540040040;100mN32107E42146;S;OS;1;65;M;M;6574;EMP
057540040040-8159;057540040040;100mN32107E42146;MC;NA;2;55;M;M;5064;EMP
057540040040-8159;057540040040;100mN32107E42146;MC;NA;2;46;M;F;4049;EMP
057540040040-8160;057540040040;100mN32107E42146;S;OS;1;63;S;F;5064;NEP
057540040040-8161;057540040040;100mN32113E42127;MC;NA;4;46;M;F;4049;NEP
057540040040-8161;057540040040;100mN32113E42127;MC;NA;4;48;M;M;4049;EMP
057540040040-8161;057540040040;100mN32113E42127;MC;NA;4;13;S;F;0614;NEP
057540040040-8161;057540040040;100mN32113E42127;MC;NA;4;12;S;F;0614;NEP
057540040040-8162;057540040040;100mN32113E42127;SF;NA;2;30;D;F;3039;NEP
057540040040-8162;057540040040;100mN32113E42127;SF;NA;2;2;S;M;0003;NEP
057540040040-8163;057540040040;100mN32113E42127;S;NA;1;67;M;F;6574;EMP
057540040040-8164;057540040040;100mN32113E42127;S;NA;1;22;M;M;1824;EMP
057540040040-8165;057540040040;100mN32113E42127;S;OS;1;67;D;M;6574;EMP
057540040040-8166;057540040040;100mN32113E42127;MC;NA;3;54;M;M;5064;EMP
057540040040-8166;057540040040;100mN32113E42127;MC;NA;3;57;M;F;5064;EMP
057540040040-8166;057540040040;100mN32113E42127;MC;NA;3;13;S;F;0614;NEP
057540040040-8167;057540040040;100mN32113E42127;S;NA;1;38;M;F;3039;EMP
057540040040-8168;057540040040;100mN32113E42127;MC;NA;2;57;M;M;5064;EMP
057540040040-8168;057540040040;100mN32113E42127;MC;NA;2;56;M;F;5064;NEP
057540040040-8169;057540040040;100mN32112E42147;MC;NA;4;47;M;F;4049;EMP
057540040040-8169;057540040040;100mN32112E42147;MC;NA;4;47;M;M;4049;EMP
057540040040-8169;057540040040;100mN32112E42147;MC;NA;4;1;S;M;0003;NEP
057540040040-8169;057540040040;100mN32112E42147;MC;NA;4;28;S;M;2529;EMP
057540040040-8170;057540040040;100mN32112E42147;S;NA;1;37;M;F;3039;EMP
057540040040-8171;057540040040;100mN32112E42147;PO;NA;3;45;S;F;4049;EMP
057540040040-8171;057540040040;100mN32112E42147;PO;NA;3;43;S;M;4049;EMP
057540040040-8171;057540040040;100mN32112E42147;PO;NA;3;11;S;F;0614;NEP
057540040040-8172;057540040040;100mN32112E42147;MC;MIX;3;89;M;F;75XX;NEP
057540040040-8172;057540040040;100mN32112E42147;MC;MIX;3;42;M;F;4049;EMP
057540040040-8172;057540040040;100mN32112E42147;MC;MIX;3;53;M;M;5064;EMP
057540040040-8173;057540040040;100mN32112E42147;MC;NA;4;56;M;F;5064;EMP
057540040040-8173;057540040040;100mN32112E42147;MC;NA;4;60;M;M;5064;NEP
057540040040-8173;057540040040;100mN32112E42147;MC;NA;4;3;S;F;0305;NEP
057540040040-8173;057540040040;100mN32112E42147;MC;NA;4;6;S;M;0614;NEP
057540040040-8174;057540040040;100mN32121E42117;MC;NA;3;44;M;M;4049;NEP
057540040040-8174;057540040040;100mN32121E42117;MC;NA;3;42;M;F;4049;NEP
057540040040-8174;057540040040;100mN32121E42117;MC;NA;3;15;S;F;1517;NEP
057540040040-8175;057540040040;100mN32131E42135;MC;MIX;2;71;M;F;6574;UEP
057540040040-8175;057540040040;100mN32131E42135;MC;MIX;2;55;M;M;5064;NEP
057540040040-8176;057540040040;100mN32112E42147;MC;NA;4;42;M;F;4049;EMP
057540040040-8176;057540040040;100mN32112E42147;MC;NA;4;44;M;M;4049;EMP
057540040040-8176;057540040040;100mN32112E42147;MC;NA;4;23;M;M;1824;NEP
057540040040-8176;057540040040;100mN32112E42147;MC;NA;4;20;D;F;1824;NEP
057540040040-8177;057540040040;100mN32112E42147;MC;MIX;5;68;M;F;6574;NEP
057540040040-8177;057540040040;100mN32112E42147;MC;MIX;5;40;M;M;4049;EMP
057540040040-8177;057540040040;100mN32112E42147;MC;MIX;5;31;M;F;3039;NEP
057540040040-8177;057540040040;100mN32112E42147;MC;MIX;5;18;D;M;1824;EMP
057540040040-8177;057540040040;100mN32112E42147;MC;MIX;5;13;S;M;0614;NEP
057540040040-8178;057540040040;100mN32112E42147;MC;MIX;2;71;M;F;6574;NEP
057540040040-8178;057540040040;100mN32112E42147;MC;MIX;2;46;M;F;4049;NEP
057540040040-8179;057540040040;100mN32112E42147;PO;NA;4;46;S;M;4049;NEP
057540040040-8179;057540040040;100mN32112E42147;PO;NA;4;47;S;M;4049;NEP
057540040040-8179;057540040040;100mN32112E42147;PO;NA;4;25;M;M;2529;EMP
057540040040-8179;057540040040;100mN32112E42147;PO;NA;4;23;M;M;1824;EMP
057540040040-8180;057540040040;100mN32112E42147;PO;NA;4;18;S;M;1824;EMP
057540040040-8180;057540040040;100mN32112E42147;PO;NA;4;18;S;M;1824;NEP
057540040040-8180;057540040040;100mN32112E42147;PO;NA;4;1;S;F;0003;NEP
057540040040-8180;057540040040;100mN32112E42147;PO;NA;4;3;S;F;0305;NEP
057540040040-8181;057540040040;100mN32115E42115;S;OS;1;66;M;F;6574;NEP
057540040040-8182;057540040040;100mN32115E42115;SF;NA;4;40;W;F;4049;NEP
057540040040-8182;057540040040;100mN32115E42115;SF;NA;4;3;S;M;0305;NEP
057540040040-8182;057540040040;100mN32115E42115;SF;NA;4;10;S;F;0614;NEP
057540040040-8182;057540040040;100mN32115E42115;SF;NA;4;16;S;F;1517;NEP
057540040040-8183;057540040040;100mN32115E42115;MC;OS;2;71;M;F;6574;EMP
057540040040-8183;057540040040;100mN32115E42115;MC;OS;2;77;M;M;75XX;NEP
057540040040-8184;057540040040;100mN32115E42115;S;NA;1;53;S;F;5064;EMP
057540040040-8185;057540040040;100mN32103E42073;MC;NA;4;50;M;F;5064;EMP
057540040040-8185;057540040040;100mN32103E42073;MC;NA;4;62;M;M;5064;EMP
057540040040-8185;057540040040;100mN32103E42073;MC;NA;4;16;S;F;1517;NEP
057540040040-8185;057540040040;100mN32103E42073;MC;NA;4;8;S;M;0614;NEP
057540040040-8186;057540040040;100mN32123E42143;PO;OS;2;68;S;F;6574;EMP
057540040040-8186;057540040040;100mN32123E42143;PO;OS;2;69;S;F;6574;EMP
057540040040-8187;057540040040;100mN32123E42143;MC;NA;4;37;M;F;3039;EMP
057540040040-8187;057540040040;100mN32123E42143;MC;NA;4;46;M;M;4049;NEP
057540040040-8187;057540040040;100mN32123E42143;MC;NA;4;16;S;M;1517;NEP
057540040040-8187;057540040040;100mN32123E42143;MC;NA;4;12;S;F;0614;NEP
057540040040-8188;057540040040;100mN32123E42143;S;OS;1;57;M;M;5064;EMP
057540040040-8189;057540040040;100mN32123E42143;MC;NA;2;52;M;F;5064;EMP
057540040040-8189;057540040040;100mN32123E42143;MC;NA;2;53;M;M;5064;EMP
057540040040-8190;057540040040;100mN32123E42143;S;NA;1;56;S;F;5064;EMP
057540040040-8191;057540040040;100mN32123E42143;PO;NA;2;47;S;F;4049;UEP
057540040040-8191;057540040040;100mN32123E42143;PO;NA;2;42;S;F;4049;NEP
057540040040-8192;057540040040;100mN32127E42117;S;OS;1;73;M;M;6574;EMP
057540040040-8193;057540040040;100mN32127E42117;MC;NA;2;37;M;F;3039;EMP
057540040040-8193;057540040040;100mN32127E42117;MC;NA;2;41;M;M;4049;EMP
057540040040-8194;057540040040;100mN32127E42117;MC;NA;3;18;M;F;1824;NEP
057540040040-8194;057540040040;100mN32127E42117;MC;NA;3;58;M;M;5064;NEP
057540040040-8194;057540040040;100mN32127E42117;MC;NA;3;3;S;F;0305;NEP
057540040040-8195;057540040040;100mN32117E42132;MC;OS;3;77;M;M;75XX;EMP
057540040040-8195;057540040040;100mN32117E42132;MC;OS;3;73;M;F;6574;NEP
057540040040-8195;057540040040;100mN32117E42132;MC;OS;3;83;S;M;75XX;NEP
057540040040-8196;057540040040;100mN32117E42132;S;OS;1;57;S;F;5064;EMP
057540040040-8197;057540040040;100mN32117E42132;SF;NA;5;46;S;F;4049;EMP
057540040040-8197;057540040040;100mN32117E42132;SF;NA;5;3;S;M;0305;NEP
057540040040-8197;057540040040;100mN32117E42132;SF;NA;5;21;S;M;1824;EMP
057540040040-8197;057540040040;100mN32117E42132;SF;NA;5;0;S;F;0003;NEP
057540040040-8197;057540040040;100mN32117E42132;SF;NA;5;3;S;M;0305;NEP
057540040040-8198;057540040040;100mN32117E42132;S;NA;1;76;M;M;75XX;EMP
057540040040-8199;057540040040;100mN32117E42132;MC;OS;3;73;M;F;6574;EMP
057540040040-8199;057540040040;100mN32117E42132;MC;OS;3;76;M;M;75XX;EMP
057540040040-8199;057540040040;100mN32117E42132;MC;OS;3;70;D;F;6574;EMP
057540040040-8200;057540040040;100mN32117E42132;S;NA;1;19;W;F;1824;EMP
057540040040-8201;057540040040;100mN32117E42132;MC;NA;2;43;M;F;4049;EMP
057540040040-8201;057540040040;100mN32117E42132;MC;NA;2;43;M;M;4049;EMP
057540040040-8202;057540040040;100mN32117E42132;PO;NA;3;47;S;F;4049;EMP
057540040040-8202;057540040040;100mN32117E42132;PO;NA;3;47;S;M;4049;EMP
057540040040-8202;057540040040;100mN32117E42132;PO;NA;3;13;S;F;0614;NEP
057540040040-8203;057540040040;100mN32117E42132;MC;NA;2;44;M;M;4049;NEP
057540040040-8203;057540040040;100mN32117E42132;MC;NA;2;41;M;F;4049;NEP
057540040040-8204;057540040040;100mN32126E42113;MC;NA;4;31;M;F;3039;NEP
057540040040-8204;057540040040;100mN32126E42113;MC;NA;4;27;M;M;2529;NEP
057540040040-8204;057540040040;100mN32126E42113;MC;NA;4;12;S;F;0614;NEP
057540040040-8204;057540040040;100mN32126E42113;MC;NA;4;13;S;F;0614;NEP
057540040040-8205;057540040040;100mN32126E42113;MC;NA;2;52;M;F;5064;UEP
057540040040-8205;057540040040;100mN32126E42113;MC;NA;2;58;M;M;5064;NEP
057540040040-8206;057540040040;100mN32126E42113;PO;OS;2;67;S;F;6574;EMP
057540040040-8206;057540040040;100mN32126E42113;PO;OS;2;68;S;M;6574;NEP
057540040040-8207;057540040040;100mN32126E42113;NA;NA;2;34;D;M;3039;EMP
057540040040-8207;057540040040;100mN32126E42113;NA;NA;2;53;M;M;5064;EMP
057540040040-8208;057540040040;100mN32126E42113;S;NA;1;85;S;M;75XX;NEP
057540040040-8209;057540040040;100mN32126E42113;MC;MIX;2;73;M;F;6574;NEP
057540040040-8209;057540040040;100mN32126E42113;MC;MIX;2;47;S;M;4049;EMP
057540040040-8210;057540040040;100mN32131E42131;MC;NA;3;21;M;F;1824;EMP
057540040040-8210;057540040040;100mN32131E42131;MC;NA;3;23;M;M;1824;NEP
057540040040-8210;057540040040;100mN32131E42131;MC;NA;3;1;S;M;0003;NEP
057540040040-8211;057540040040;100mN32103E42073;MC;MIX;3;89;M;M;75XX;NEP
057540040040-8211;057540040040;100mN32103E42073;MC;MIX;3;56;M;M;5064;NEP
057540040040-8211;057540040040;100mN32103E42073;MC;MIX;3;54;M;F;5064;EMP
057540040040-8212;057540040040;100mN32126E42113;MC;NA;3;54;M;M;5064;EMP
057540040040-8212;057540040040;100mN32126E42113;MC;NA;3;52;M;F;5064;EMP
057540040040-8212;057540040040;100mN32126E42113;MC;NA;3;9;S;M;0614;NEP
057540040040-8213;057540040040;100mN32117E42129;MC;NA;4;31;M;F;3039;EMP
057540040040-8213;057540040040;100mN32117E42129;MC;NA;4;28;M;M;2529;EMP
057540040040-8213;057540040040;100mN32117E42129;MC;NA;4;7;S;M;0614;NEP
057540040040-8213;057540040040;100mN32117E42129;MC;NA;4;4;S;F;0305;NEP
057540040040-8214;057540040040;100mN32117E42129;MC;NA;4;55;M;M;5064;EMP
057540040040-8214;057540040040;100mN32117E42129;MC;NA;4;53;M;F;5064;NEP
057540040040-8214;057540040040;100mN32117E42129;MC;NA;4;9;S;M;0614;NEP
057540040040-8214;057540040040;100mN32117E42129;MC;NA;4;34;M;F;3039;EMP
057540040040-8215;057540040040;100mN32117E42129;S;NA;1;85;M;F;75XX;NEP
057540040040-8216;057540040040;100mN32117E42129;MC;NA;3;26;M;M;2529;EMP
057540040040-8216;057540040040;100mN32117E42129;MC;NA;3;23;M;F;1824;EMP
057540040040-8216;057540040040;100mN32117E42129;MC;NA;3;3;S;F;0305;NEP
057540040040-8217;057540040040;100mN32117E42129;MC;NA;3;20;M;M;1824;EMP
057540040040-8217;057540040040;100mN32117E42129;MC;NA;3;20;M;F;1824;NEP
057540040040-8217;057540040040;100mN32117E42129;MC;NA;3;2;S;F;0003;NEP
057540040040-8218;057540040040;100mN32117E42129;MC;NA;6;41;M;F;4049;EMP
057540040040-8218;057540040040;100mN32117E42129;MC;NA;6;48;M;M;4049;NEP
057540040040-8218;057540040040;100mN32117E42129;MC;NA;6;21;W;F;1824;NEP
057540040040-8218;057540040040;100mN32117E42129;MC;NA;6;15;S;M;1517;EMP
057540040040-8218;057540040040;100mN32117E42129;MC;NA;6;25;M;M;2529;NEP
057540040040-8218;057540040040;100mN32117E42129;MC;NA;6;8;S;M;0614;NEP
057540040040-8219;057540040040;100mN32117E42129;SF;NA;2;47;D;F;4049;EMP
057540040040-8219;057540040040;100mN32117E42129;SF;NA;2;31;D;F;3039;EMP
057540040040-8220;057540040040;100mN32117E42129;MC;NA;2;61;M;F;5064;EMP
057540040040-8220;057540040040;100mN32117E42129;MC;NA;2;3;S;M;0305;NEP
057540040040-8221;057540040040;100mN32117E42129;MC;NA;3;48;M;M;4049;EMP
057540040040-8221;057540040040;100mN32117E42129;MC;NA;3;48;M;F;4049;EMP
057540040040-8221;057540040040;100mN32117E42129;MC;NA;3;32;W;F;3039;EMP
057540040040-8222;057540040040;100mN32117E42129;SF;NA;3;44;D;F;4049;EMP
057540040040-8222;057540040040;100mN32117E42129;SF;NA;3;26;S;F;2529;EMP
057540040040-8222;057540040040;100mN32117E42129;SF;NA;3;16;S;M;1517;EMP
057540040040-8223;057540040040;100mN32117E42129;SF;NA;2;47;D;F;4049;EMP
057540040040-8223;057540040040;100mN32117E42129;SF;NA;2;15;S;F;1517;NEP
057540040040-8224;057540040040;100mN32117E42129;MC;NA;2;44;M;F;4049;EMP
057540040040-8224;057540040040;100mN32117E42129;MC;NA;2;46;M;M;4049;NEP
057540040040-8225;057540040040;100mN32117E42129;MC;OS;2;65;M;F;6574;NEP
057540040040-8225;057540040040;100mN32117E42129;MC;OS;2;67;M;M;6574;EMP
057540040040-8226;057540040040;100mN32117E42129;PO;NA;3;46;S;M;4049;NEP
057540040040-8226;057540040040;100mN32117E42129;PO;NA;3;43;S;M;4049;EMP
057540040040-8226;057540040040;100mN32117E42129;PO;NA;3;15;S;F;1517;NEP
057540040040-8227;057540040040;100mN32117E42129;PO;NA;4;58;S;M;5064;EMP
057540040040-8227;057540040040;100mN32117E42129;PO;NA;4;50;S;M;5064;EMP
057540040040-8227;057540040040;100mN32117E42129;PO;NA;4;3;S;F;0305;NEP
057540040040-8227;057540040040;100mN32117E42129;PO;NA;4;7;S;F;0614;NEP
057540040040-8228;057540040040;100mN32117E42129;MC;NA;4;62;M;F;5064;NEP
057540040040-8228;057540040040;100mN32117E42129;MC;NA;4;69;M;M;6574;NEP
057540040040-8228;057540040040;100mN32117E42129;MC;NA;4;1;S;M;0003;NEP
057540040040-8228;057540040040;100mN32117E42129;MC;NA;4;16;S;M;1517;EMP
057540040040-8229;057540040040;100mN32117E42129;PO;NA;2;54;S;M;5064;NEP
057540040040-8229;057540040040;100mN32117E42129;PO;NA;2;58;S;M;5064;NEP
057540040040-8230;057540040040;100mN32117E42129;MC;NA;2;54;M;M;5064;EMP
057540040040-8230;057540040040;100mN32117E42129;MC;NA;2;52;M;F;5064;EMP
057540040040-8231;057540040040;100mN32117E42129;MC;NA;2;52;M;M;5064;EMP
057540040040-8231;057540040040;100mN32117E42129;MC;NA;2;51;M;F;5064;EMP
057540040040-8232;057540040040;100mN32117E42129;S;NA;1;52;D;F;5064;EMP
057540040040-8233;057540040040;100mN32117E42129;MC;NA;5;50;M;M;5064;NEP
057540040040-8233;057540040040;100mN32117E42129;MC;NA;5;42;M;F;4049;NEP
057540040040-8233;057540040040;100mN32117E42129;MC;NA;5;16;S;M;1517;NEP
057540040040-8233;057540040040;100mN32117E42129;MC;NA;5;31;M;F;3039;EMP
057540040040-8233;057540040040;100mN32117E42129;MC;NA;5;15;S;F;1517;NEP
057540040040-8234;057540040040;100mN32117E42129;S;NA;1;59;W;F;5064;NEP
057540040040-8235;057540040040;100mN32117E42129;MC;NA;3;62;M;F;5064;NEP
057540040040-8235;057540040040;100mN32117E42129;MC;NA;3;63;M;M;5064;EMP
057540040040-8235;057540040040;100mN32117E42129;MC;NA;3;21;M;F;1824;NEP
057540040040-8236;057540040040;100mN32117E42129;PO;NA;2;61;S;F;5064;EMP
057540040040-8236;057540040040;100mN32117E42129;PO;NA;2;15;S;M;1517;NEP
057540040040-8237;057540040040;100mN32117E42129;MC;MIX;2;72;M;F;6574;EMP
057540040040-8237;057540040040;100mN32117E42129;MC;MIX;2;35;S;M;3039;EMP
057540040040-8238;057540040040;100mN32101E42073;MC;NA;2;37;M;M;3039;NEP
057540040040-8238;057540040040;100mN32101E42073;MC;NA;2;35;M;F;3039;EMP
057540040040-8239;057540040040;100mN32101E42073;S;NA;1;51;D;F;5064;EMP
057540040040-8240;057540040040;100mN32101E42073;S;OS;1;35;S;M;3039;EMP
057540040040-8241;057540040040;100mN32132E42135;S;OS;1;60;M;M;5064;EMP
057540040040-8242;057540040040;100mN32132E42135;S;OS;1;60;M;M;5064;EMP
057540040040-8243;057540040040;100mN32136E42127;S;NA;1;36;M;F;3039;UEP
057540040040-8244;057540040040;100mN32132E42135;MC;OS;3;65;M;M;6574;NEP
057540040040-8244;057540040040;100mN32132E42135;MC;OS;3;68;M;F;6574;EMP
057540040040-8244;057540040040;100mN32132E42135;MC;OS;3;79;W;M;75XX;EMP
057540040040-8245;057540040040;100mN32132E42135;PO;NA;2;36;S;M;3039;EMP
057540040040-8245;057540040040;100mN32132E42135;PO;NA;2;40;S;M;4049;EMP
057540040040-8246;057540040040;100mN32132E42135;MC;OS;2;66;M;M;6574;EMP
057540040040-8246;057540040040;100mN32132E42135;MC;OS;2;73;M;F;6574;NEP
057540040040-8247;057540040040;100mN32132E42135;S;OS;1;53;M;F;5064;EMP
057540040040-8248;057540040040;100mN32132E42135;MC;NA;2;33;M;M;3039;EMP
057540040040-8248;057540040040;100mN32132E42135;MC;NA;2;41;M;F;4049;NEP
057540040040-8249;057540040040;100mN32131E42135;MC;NA;6;23;M;M;1824;EMP
057540040040-8249;057540040040;100mN32131E42135;MC;NA;6;22;M;F;1824;UEP
057540040040-8249;057540040040;100mN32131E42135;MC;NA;6;2;S;F;0003;NEP
057540040040-8249;057540040040;100mN32131E42135;MC;NA;6;8;S;F;0614;NEP
057540040040-8249;057540040040;100mN32131E42135;MC;NA;6;3;S;M;0305;NEP
057540040040-8249;057540040040;100mN32131E42135;MC;NA;6;7;S;M;0614;NEP
057540040040-8250;057540040040;100mN32131E42135;MC;NA;2;63;M;F;5064;NEP
057540040040-8250;057540040040;100mN32131E42135;MC;NA;2;77;M;F;75XX;EMP
057540040040-8251;057540040040;100mN32131E42135;MC;MIX;2;83;M;F;75XX;EMP
057540040040-8251;057540040040;100mN32131E42135;MC;MIX;2;13;S;M;0614;NEP
057540040040-8252;057540040040;100mN32131E42135;S;NA;1;30;M;M;3039;EMP
057540040040-8253;057540040040;100mN32131E42135;MC;NA;2;48;M;M;4049;NEP
057540040040-8253;057540040040;100mN32131E42135;MC;NA;2;18;M;F;1824;NEP
057540040040-8254;057540040040;100mN32131E42135;MC;MIX;3;65;M;F;6574;EMP
057540040040-8254;057540040040;100mN32131E42135;MC;MIX;3;40;M;M;4049;EMP
057540040040-8254;057540040040;100mN32131E42135;MC;MIX;3;38;M;F;3039;EMP
057540040040-8255;057540040040;100mN32131E42135;PO;NA;2;36;S;M;3039;NEP
057540040040-8255;057540040040;100mN32131E42135;PO;NA;2;32;S;F;3039;EMP
057540040040-8256;057540040040;100mN32133E42119;MC;NA;2;32;M;F;3039;EMP
057540040040-8256;057540040040;100mN32133E42119;MC;NA;2;32;M;M;3039;NEP
057540040040-8257;057540040040;100mN32131E42135;S;OS;1;69;D;F;6574;EMP
057540040040-8258;057540040040;100mN32131E42135;MC;NA;2;28;M;F;2529;NEP
057540040040-8258;057540040040;100mN32131E42135;MC;NA;2;18;M;M;1824;NEP
057540040040-8259;057540040040;100mN32131E42135;PO;OS;2;70;S;M;6574;EMP
057540040040-8259;057540040040;100mN32131E42135;PO;OS;2;78;S;F;75XX;EMP
057540040040-8260;057540040040;100mN32131E42135;MC;NA;6;58;M;M;5064;EMP
057540040040-8260;057540040040;100mN32131E42135;MC;NA;6;57;M;F;5064;EMP
057540040040-8260;057540040040;100mN32131E42135;MC;NA;6;12;S;M;0614;NEP
057540040040-8260;057540040040;100mN32131E42135;MC;NA;6;13;S;M;0614;NEP
057540040040-8260;057540040040;100mN32131E42135;MC;NA;6;6;S;M;0614;NEP
057540040040-8260;057540040040;100mN32131E42135;MC;NA;6;9;S;F;0614;NEP
057540040040-8261;057540040040;100mN32131E42135;PO;NA;3;50;S;M;5064;EMP
057540040040-8261;057540040040;100mN32131E42135;PO;NA;3;47;S;F;4049;EMP
057540040040-8261;057540040040;100mN32131E42135;PO;NA;3;23;D;M;1824;EMP
057540040040-8262;057540040040;100mN32131E42135;MC;NA;3;53;M;F;5064;NEP
057540040040-8262;057540040040;100mN32131E42135;MC;NA;3;55;M;M;5064;EMP
057540040040-8262;057540040040;100mN32131E42135;MC;NA;3;4;S;M;0305;NEP
057540040040-8263;057540040040;100mN32131E42135;SM;NA;3;71;D;M;6574;EMP
057540040040-8263;057540040040;100mN32131E42135;SM;NA;3;20;D;F;1824;EMP
057540040040-8263;057540040040;100mN32131E42135;SM;NA;3;6;S;M;0614;NEP
057540040040-8264;057540040040;100mN32131E42135;S;NA;1;50;M;M;5064;NEP
057540040040-8265;057540040040;100mN32131E42135;S;NA;1;61;W;F;5064;EMP
057540040040-8266;057540040040;100mN32131E42135;S;NA;1;43;M;F;4049;UEP
057540040040-8267;057540040040;100mN32131E42135;S;NA;1;66;M;F;6574;EMP
057540040040-8268;057540040040;100mN32131E42135;S;NA;1;51;M;M;5064;NEP
057540040040-8269;057540040040;100mN32131E42135;MC;MIX;2;71;M;F;6574;UEP
057540040040-8269;057540040040;100mN32131E42135;MC;MIX;2;55;M;M;5064;NEP
057540040040-8270;057540040040;100mN32131E42135;PO;NA;2;53;S;M;5064;EMP
057540040040-8270;057540040040;100mN32131E42135;PO;NA;2;52;S;M;5064;EMP
057540040040-8271;057540040040;100mN32136E42131;MC;NA;2;18;M;F;1824;EMP
057540040040-8271;057540040040;100mN32136E42131;MC;NA;2;20;M;M;1824;NEP
057540040040-8272;057540040040;100mN32136E42131;S;NA;1;68;W;F;6574;EMP
057540040040-8273;057540040040;100mN32136E42131;S;NA;1;20;M;M;1824;EMP
057540040040-8274;057540040040;100mN32136E42131;S;NA;1;47;M;F;4049;NEP
057540040040-8275;057540040040;100mN32136E42131;MC;NA;4;36;M;F;3039;EMP
057540040040-8275;057540040040;100mN32136E42131;MC;NA;4;45;M;M;4049;NEP
057540040040-8275;057540040040;100mN32136E42131;MC;NA;4;0;S;M;0003;NEP
057540040040-8275;057540040040;100mN32136E42131;MC;NA;4;9;S;F;0614;NEP
057540040040-8276;057540040040;100mN32136E42131;S;OS;1;36;M;F;3039;NEP
057540040040-8277;057540040040;100mN32136E42131;MC;NA;2;56;M;M;5064;EMP
057540040040-8277;057540040040;100mN32136E42131;MC;NA;2;47;M;F;4049;EMP
057540040040-8278;057540040040;100mN32136E42131;MC;NA;2;56;M;F;5064;NEP
057540040040-8278;057540040040;100mN32136E42131;MC;NA;2;63;M;M;5064;EMP
057540040040-8279;057540040040;100mN32136E42131;MC;NA;2;48;M;F;4049;EMP
057540040040-8279;057540040040;100mN32136E42131;MC;NA;2;53;M;M;5064;EMP
057540040040-8280;057540040040;100mN32136E42131;MC;NA;2;47;M;F;4049;NEP
057540040040-8280;057540040040;100mN32136E42131;MC;NA;2;48;M;M;4049;EMP
057540040040-8281;057540040040;100mN32136E42131;MC;OS;2;79;M;M;75XX;EMP
057540040040-8281;057540040040;100mN32136E42131;MC;OS;2;71;M;F;6574;NEP
057540040040-8282;057540040040;100mN32136E42131;S;NA;1;55;M;F;5064;NEP
057540040040-8283;057540040040;100mN32136E42131;MC;NA;3;42;M;M;4049;EMP
057540040040-8283;057540040040;100mN32136E42131;MC;NA;3;55;M;F;5064;EMP
057540040040-8283;057540040040;100mN32136E42131;MC;NA;3;4;S;F;0305;NEP
057540040040-8284;057540040040;100mN32117E42124;SM;NA;4;46;S;M;4049;NEP
057540040040-8284;057540040040;100mN32117E42124;SM;NA;4;12;S;M;0614;NEP
057540040040-8284;057540040040;100mN32117E42124;SM;NA;4;6;S;F;0614;NEP
057540040040-8284;057540040040;100mN32117E42124;SM;NA;4;13;S;M;0614;NEP
057540040040-8285;057540040040;100mN32136E42131;MC;OS;4;73;M;F;6574;NEP
057540040040-8285;057540040040;100mN32136E42131;MC;OS;4;86;M;M;75XX;NEP
057540040040-8285;057540040040;100mN32136E42131;MC;OS;4;68;W;F;6574;EMP
057540040040-8285;057540040040;100mN32136E42131;MC;OS;4;82;M;F;75XX;NEP
057540040040-8286;057540040040;100mN32136E42131;SF;NA;4;37;W;F;3039;NEP
057540040040-8286;057540040040;100mN32136E42131;SF;NA;4;12;S;M;0614;NEP
057540040040-8286;057540040040;100mN32136E42131;SF;NA;4;6;S;F;0614;NEP
057540040040-8286;057540040040;100mN32136E42131;SF;NA;4;20;M;M;1824;EMP
057540040040-8287;057540040040;100mN32136E42131;S;NA;1;62;W;M;5064;NEP
057540040040-8288;057540040040;100mN32136E42131;S;NA;1;26;M;M;2529;NEP
057540040040-8289;057540040040;100mN32136E42131;MC;MIX;4;79;S;M;75XX;NEP
057540040040-8289;057540040040;100mN32136E42131;MC;MIX;4;21;M;F;1824;NEP
057540040040-8289;057540040040;100mN32136E42131;MC;MIX;4;18;M;M;1824;EMP
057540040040-8289;057540040040;100mN32136E42131;MC;MIX;4;4;S;M;0305;NEP
057540040040-8290;057540040040;100mN32136E42131;MC;NA;2;47;M;M;4049;EMP
057540040040-8290;057540040040;100mN32136E42131;MC;NA;2;40;M;F;4049;EMP
057540040040-8291;057540040040;100mN32118E42132;S;NA;1;20;D;M;1824;EMP
057540040040-8292;057540040040;100mN32118E42132;S;NA;1;57;M;M;5064;EMP
057540040040-8293;057540040040;100mN32118E42132;MC;NA;4;63;M;F;5064;EMP
057540040040-8293;057540040040;100mN32118E42132;MC;NA;4;33;M;M;3039;EMP
057540040040-8293;057540040040;100mN32118E42132;MC;NA;4;30;D;F;3039;EMP
057540040040-8293;057540040040;100mN32118E42132;MC;NA;4;48;M;M;4049;NEP
057540040040-8294;057540040040;100mN32118E42132;MC;NA;2;32;M;F;3039;EMP
057540040040-8294;057540040040;100mN32118E42132;MC;NA;2;33;M;M;3039;EMP
057540040040-8295;057540040040;100mN32118E42132;S;NA;1;52;D;F;5064;EMP
057540040040-8296;057540040040;100mN32118E42132;MC;NA;3;55;M;F;5064;UEP
057540040040-8296;057540040040;100mN32118E42132;MC;NA;3;48;M;M;4049;EMP
057540040040-8296;057540040040;100mN32118E42132;MC;NA;3;30;S;F;3039;EMP
057540040040-8297;057540040040;100mN32132E42134;S;NA;1;20;M;F;1824;EMP
057540040040-8298;057540040040;100mN32132E42133;MC;MIX;4;75;S;F;75XX;NEP
057540040040-8298;057540040040;100mN32132E42133;MC;MIX;4;32;M;M;3039;EMP
057540040040-8298;057540040040;100mN32132E42133;MC;MIX;4;31;M;F;3039;EMP
057540040040-8298;057540040040;100mN32132E42133;MC;MIX;4;13;S;F;0614;NEP
057540040040-8299;057540040040;100mN32132E42133;MC;NA;6;45;M;F;4049;EMP
057540040040-8299;057540040040;100mN32132E42133;MC;NA;6;48;M;M;4049;EMP
057540040040-8299;057540040040;100mN32132E42133;MC;NA;6;0;S;M;0003;NEP
057540040040-8299;057540040040;100mN32132E42133;MC;NA;6;9;S;F;0614;NEP
057540040040-8299;057540040040;100mN32132E42133;MC;NA;6;27;W;F;2529;NEP
057540040040-8299;057540040040;100mN32132E42133;MC;NA;6;18;W;F;1824;NEP
057540040040-8300;057540040040;100mN32132E42133;SF;NA;5;28;W;F;2529;NEP
057540040040-8300;057540040040;100mN32132E42133;SF;NA;5;10;S;F;0614;NEP
057540040040-8300;057540040040;100mN32132E42133;SF;NA;5;6;S;F;0614;NEP
057540040040-8300;057540040040;100mN32132E42133;SF;NA;5;13;S;M;0614;NEP
057540040040-8300;057540040040;100mN32132E42133;SF;NA;5;12;S;M;0614;NEP
057540040040-8301;057540040040;100mN32132E42134;NA;OS;2;65;M;F;6574;EMP
057540040040-8301;057540040040;100mN32132E42134;NA;OS;2;79;W;M;75XX;EMP
057540040040-8302;057540040040;100mN32132E42133;MC;NA;3;42;M;F;4049;EMP
057540040040-8302;057540040040;100mN32132E42133;MC;NA;3;44;M;M;4049;EMP
057540040040-8302;057540040040;100mN32132E42133;MC;NA;3;11;S;M;0614;NEP
057540040040-8303;057540040040;100mN32132E42133;S;OS;1;54;D;F;5064;NEP
057540040040-8304;057540040040;100mN32132E42133;S;OS;1;83;S;F;75XX;EMP
057540040040-8305;057540040040;100mN32132E42133;S;NA;1;80;W;F;75XX;NEP
057540040040-8306;057540040040;100mN32132E42133;MC;NA;3;62;M;F;5064;EMP
057540040040-8306;057540040040;100mN32132E42133;MC;NA;3;57;M;M;5064;EMP
057540040040-8306;057540040040;100mN32132E42133;MC;NA;3;11;S;M;0614;NEP
057540040040-8307;057540040040;100mN32132E42133;MC;NA;3;46;M;M;4049;EMP
057540040040-8307;057540040040;100mN32132E42133;MC;NA;3;40;M;F;4049;EMP
057540040040-8307;057540040040;100mN32132E42133;MC;NA;3;13;S;M;0614;NEP
057540040040-8308;057540040040;100mN32132E42133;S;NA;1;57;S;M;5064;EMP
057540040040-8309;057540040040;100mN32132E42133;MC;NA;2;60;M;F;5064;NEP
057540040040-8309;057540040040;100mN32132E42133;MC;NA;2;86;M;F;75XX;NEP
057540040040-8310;057540040040;100mN32132E42133;MC;NA;2;55;M;M;5064;EMP
057540040040-8310;057540040040;100mN32132E42133;MC;NA;2;53;M;F;5064;EMP
057540040040-8311;057540040040;100mN32103E42073;MC;NA;4;50;M;F;5064;EMP
057540040040-8311;057540040040;100mN32103E42073;MC;NA;4;62;M;M;5064;EMP
057540040040-8311;057540040040;100mN32103E42073;MC;NA;4;16;S;F;1517;NEP
057540040040-8311;057540040040;100mN32103E42073;MC;NA;4;8;S;M;0614;NEP
057540040040-8312;057540040040;100mN32103E42073;S;OS;1;43;W;F;4049;EMP
057540040040-8313;057540040040;100mN32103E42073;MC;NA;2;51;M;M;5064;EMP
057540040040-8313;057540040040;100mN32103E42073;MC;NA;2;48;M;F;4049;EMP
057540040040-8314;057540040040;100mN32103E42073;S;NA;1;23;M;M;1824;NEP
057540040040-8315;057540040040;100mN32103E42073;S;NA;1;72;D;F;6574;EMP
057540040040-8316;057540040040;100mN32103E42073;S;NA;1;25;M;M;2529;EMP
057540040040-8317;057540040040;100mN32103E42073;MC;OS;2;70;M;F;6574;NEP
057540040040-8317;057540040040;100mN32103E42073;MC;OS;2;70;M;M;6574;EMP
057540040040-8318;057540040040;100mN32103E42073;SF;NA;3;63;D;F;5064;NEP
057540040040-8318;057540040040;100mN32103E42073;SF;NA;3;43;S;M;4049;EMP
057540040040-8318;057540040040;100mN32103E42073;SF;NA;3;7;S;M;0614;NEP
057540040040-8319;057540040040;100mN32103E42073;S;NA;1;31;M;M;3039;EMP
057540040040-8320;057540040040;100mN32103E42073;SM;NA;3;77;W;M;75XX;NEP
057540040040-8320;057540040040;100mN32103E42073;SM;NA;3;57;M;M;5064;EMP
057540040040-8320;057540040040;100mN32103E42073;SM;NA;3;0;S;M;0003;NEP
057540040040-8321;057540040040;100mN32103E42073;MC;NA;3;27;M;F;2529;EMP
057540040040-8321;057540040040;100mN32103E42073;MC;NA;3;28;M;M;2529;NEP
057540040040-8321;057540040040;100mN32103E42073;MC;NA;3;8;S;F;0614;NEP
057540040040-8322;057540040040;100mN32103E42073;MC;NA;5;63;M;M;5064;EMP
057540040040-8322;057540040040;100mN32103E42073;MC;NA;5;54;M;F;5064;EMP
057540040040-8322;057540040040;100mN32103E42073;MC;NA;5;9;S;F;0614;NEP
057540040040-8322;057540040040;100mN32103E42073;MC;NA;5;6;S;M;0614;NEP
057540040040-8322;057540040040;100mN32103E42073;MC;NA;5;10;S;M;0614;NEP
057540040040-8323;057540040040;100mN32103E42073;MC;NA;3;44;M;M;4049;EMP
057540040040-8323;057540040040;100mN32103E42073;MC;NA;3;43;M;F;4049;NEP
057540040040-8323;057540040040;100mN32103E42073;MC;NA;3;16;S;F;1517;EMP
057540040040-8324;057540040040;100mN32103E42073;MC;MIX;2;81;M;M;75XX;NEP
057540040040-8324;057540040040;100mN32103E42073;MC;MIX;2;10;S;M;0614;NEP
057540040040-8325;057540040040;100mN32103E42073;PO;NA;2;53;S;F;5064;EMP
057540040040-8325;057540040040;100mN32103E42073;PO;NA;2;53;S;M;5064;EMP
057540040040-8326;057540040040;100mN32103E42073;MC;NA;5;43;M;F;4049;UEP
057540040040-8326;057540040040;100mN32103E42073;MC;NA;5;48;M;M;4049;EMP
057540040040-8326;057540040040;100mN32103E42073;MC;NA;5;11;S;M;0614;NEP
057540040040-8326;057540040040;100mN32103E42073;MC;NA;5;12;S;F;0614;NEP
057540040040-8326;057540040040;100mN32103E42073;MC;NA;5;3;S;M;0305;NEP
057540040040-8327;057540040040;100mN32103E42073;MC;MIX;3;89;M;M;75XX;NEP
057540040040-8327;057540040040;100mN32103E42073;MC;MIX;3;56;M;M;5064;NEP
057540040040-8327;057540040040;100mN32103E42073;MC;MIX;3;54;M;F;5064;EMP
057540040040-8328;057540040040;100mN32103E42073;MC;NA;2;51;M;M;5064;EMP
057540040040-8328;057540040040;100mN32103E42073;MC;NA;2;59;M;F;5064;EMP
057540040040-8329;057540040040;100mN32103E42073;MC;NA;5;37;M;M;3039;NEP
057540040040-8329;057540040040;100mN32103E42073;MC;NA;5;35;M;F;3039;EMP
057540040040-8329;057540040040;100mN32103E42073;MC;NA;5;18;M;M;1824;EMP
057540040040-8329;057540040040;100mN32103E42073;MC;NA;5;20;W;M;1824;EMP
057540040040-8329;057540040040;100mN32103E42073;MC;NA;5;10;S;F;0614;NEP
057540040040-8330;057540040040;100mN32103E42073;MC;NA;3;56;M;M;5064;EMP
057540040040-8330;057540040040;100mN32103E42073;MC;NA;3;61;M;F;5064;EMP
057540040040-8330;057540040040;100mN32103E42073;MC;NA;3;6;S;F;0614;NEP
057540040040-8331;057540040040;100mN32103E42073;S;OS;1;52;M;F;5064;NEP
057540040040-8332;057540040040;100mN32131E42131;S;OS;1;59;D;M;5064;EMP
057540040040-8333;057540040040;100mN32103E42073;MC;NA;2;44;M;F;4049;EMP
057540040040-8333;057540040040;100mN32103E42073;MC;NA;2;35;M;M;3039;NEP
057540040040-8334;057540040040;100mN32123E42120;S;OS;1;61;S;M;5064;EMP
057540040040-8335;057540040040;100mN32123E42120;SF;NA;2;47;W;F;4049;NEP
057540040040-8335;057540040040;100mN32123E42120;SF;NA;2;18;D;M;1824;EMP
057540040040-8336;057540040040;100mN32123E42120;SM;NA;3;85;S;M;75XX;NEP
057540040040-8336;057540040040;100mN32123E42120;SM;NA;3;15;S;F;1517;EMP
057540040040-8336;057540040040;100mN32123E42120;SM;NA;3;4;S;F;0305;NEP
057540040040-8337;057540040040;100mN32094E42118;MC;NA;2;37;M;F;3039;NEP
057540040040-8337;057540040040;100mN32094E42118;MC;NA;2;40;M;M;4049;NEP
057540040040-8338;057540040040;100mN32094E42118;SF;MIX;3;75;S;F;75XX;NEP
057540040040-8338;057540040040;100mN32094E42118;SF;MIX;3;42;S;F;4049;EMP
057540040040-8338;057540040040;100mN32094E42118;SF;MIX;3;18;S;F;1824;NEP
057540040040-8339;057540040040;100mN32094E42118;MC;NA;2;21;M;M;1824;EMP
057540040040-8339;057540040040;100mN32094E42118;MC;NA;2;18;M;F;1824;EMP
057540040040-8340;057540040040;100mN32137E42121;SM;MIX;2;73;D;M;6574;EMP
057540040040-8340;057540040040;100mN32137E42121;SM;MIX;2;9;S;F;0614;NEP
057540040040-8341;057540040040;100mN32137E42121;NA;MIX;4;51;M;F;5064;NEP
057540040040-8341;057540040040;100mN32137E42121;NA;MIX;4;54;D;F;5064;UEP
057540040040-8341;057540040040;100mN32137E42121;NA;MIX;4;22;M;F;1824;NEP
057540040040-8341;057540040040;100mN32137E42121;NA;MIX;4;40;M;M;4049;EMP
057540040040-8342;057540040040;100mN32137E42121;MC;NA;4;40;M;F;4049;EMP
057540040040-8342;057540040040;100mN32137E42121;MC;NA;4;41;M;M;4049;EMP
057540040040-8342;057540040040;100mN32137E42121;MC;NA;4;2;S;M;0003;NEP
057540040040-8342;057540040040;100mN32137E42121;MC;NA;4;20;M;M;1824;NEP
057540040040-8343;057540040040;100mN32137E42121;S;NA;1;63;M;F;5064;NEP
057540040040-8344;057540040040;100mN32103E42071;MC;NA;3;50;M;M;5064;EMP
057540040040-8344;057540040040;100mN32103E42071;MC;NA;3;47;M;F;4049;NEP
057540040040-8344;057540040040;100mN32103E42071;MC;NA;3;4;S;M;0305;NEP
057540040040-8345;057540040040;100mN32137E42121;MC;NA;5;44;M;M;4049;EMP
057540040040-8345;057540040040;100mN32137E42121;MC;NA;5;42;M;F;4049;NEP
057540040040-8345;057540040040;100mN32137E42121;MC;NA;5;8;S;F;0614;NEP
057540040040-8345;057540040040;100mN32137E42121;MC;NA;5;3;S;F;0305;NEP
057540040040-8345;057540040040;100mN32137E42121;MC;NA;5;21;S;M;1824;EMP
057540040040-8346;057540040040;100mN32117E42124;S;OS;1;45;S;M;4049;NEP
057540040040-8347;057540040040;100mN32137E42121;S;OS;1;73;M;F;6574;NEP
057540040040-8348;057540040040;100mN32137E42121;S;NA;1;60;S;M;5064;NEP
057540040040-8349;057540040040;100mN32137E42121;MC;OS;5;66;M;M;6574;EMP
057540040040-8349;057540040040;100mN32137E42121;MC;OS;5;65;M;F;6574;NEP
057540040040-8349;057540040040;100mN32137E42121;MC;OS;5;73;D;F;6574;EMP
057540040040-8349;057540040040;100mN32137E42121;MC;OS;5;84;M;F;75XX;EMP
057540040040-8349;057540040040;100mN32137E42121;MC;OS;5;65;W;F;6574;EMP
057540040040-8350;057540040040;100mN32137E42121;SF;NA;2;61;S;F;5064;NEP
057540040040-8350;057540040040;100mN32137E42121;SF;NA;2;3;S;M;0305;NEP
057540040040-8351;057540040040;100mN32137E42121;MC;MIX;2;76;M;M;75XX;NEP
057540040040-8351;057540040040;100mN32137E42121;MC;MIX;2;16;S;M;1517;EMP
057540040040-8352;057540040040;100mN32137E42121;MC;NA;3;22;M;M;1824;NEP
057540040040-8352;057540040040;100mN32137E42121;MC;NA;3;25;M;F;2529;EMP
057540040040-8352;057540040040;100mN32137E42121;MC;NA;3;0;S;M;0003;NEP
057540040040-8353;057540040040;100mN32137E42121;S;NA;1;45;W;F;4049;NEP
057540040040-8354;057540040040;100mN32137E42121;PO;OS;2;73;S;F;6574;NEP
057540040040-8354;057540040040;100mN32137E42121;PO;OS;2;75;S;M;75XX;EMP
057540040040-8355;057540040040;100mN32137E42121;PO;NA;3;28;S;F;2529;EMP
057540040040-8355;057540040040;100mN32137E42121;PO;NA;3;27;S;M;2529;EMP
057540040040-8355;057540040040;100mN32137E42121;PO;NA;3;12;S;M;0614;NEP
057540040040-8356;057540040040;100mN32137E42121;MC;NA;5;46;M;M;4049;EMP
057540040040-8356;057540040040;100mN32137E42121;MC;NA;5;50;M;F;5064;UEP
057540040040-8356;057540040040;100mN32137E42121;MC;NA;5;20;M;M;1824;EMP
057540040040-8356;057540040040;100mN32137E42121;MC;NA;5;12;S;M;0614;NEP
057540040040-8356;057540040040;100mN32137E42121;MC;NA;5;13;S;F;0614;NEP
057540040040-8357;057540040040;100mN32137E42121;S;OS;1;19;M;F;1824;NEP
057540040040-8358;057540040040;100mN32121E42140;MC;MIX;2;78;M;F;75XX;EMP
057540040040-8358;057540040040;100mN32121E42140;MC;MIX;2;63;M;F;5064;EMP
057540040040-8359;057540040040;100mN32121E42140;MC;NA;2;45;M;M;4049;NEP
057540040040-8359;057540040040;100mN32121E42140;MC;NA;2;52;M;F;5064;EMP
057540040040-8360;057540040040;100mN32121E42140;S;NA;1;55;W;F;5064;EMP
057540040040-8361;057540040040;100mN32121E42140;MC;NA;2;36;M;F;3039;NEP
057540040040-8361;057540040040;100mN32121E42140;MC;NA;2;38;M;M;3039;NEP
057540040040-8362;057540040040;100mN32121E42140;S;OS;1;59;D;M;5064;EMP
057540040040-8363;057540040040;100mN32131E42131;S;NA;1;48;M;M;4049;NEP
057540040040-8364;057540040040;100mN32131E42131;MC;NA;2;31;M;F;3039;EMP
057540040040-8364;057540040040;100mN32131E42131;MC;NA;2;32;M;M;3039;NEP
057540040040-8365;057540040040;100mN32131E42131;SF;MIX;2;68;W;F;6574;EMP
057540040040-8365;057540040040;100mN32131E42131;SF;MIX;2;4;S;M;0305;NEP
057540040040-8366;057540040040;100mN32131E42131;S;OS;1;62;M;F;5064;EMP
057540040040-8367;057540040040;100mN32131E42131;MC;NA;3;21;M;F;1824;EMP
057540040040-8367;057540040040;100mN32131E42131;MC;NA;3;23;M;M;1824;NEP
057540040040-8367;057540040040;100mN32131E42131;MC;NA;3;1;S;M;0003;NEP
057540040040-8368;057540040040;100mN32131E42131;MC;MIX;4;82;D;F;75XX;EMP
057540040040-8368;057540040040;100mN32131E42131;MC;MIX;4;40;M;M;4049;EMP
057540040040-8368;057540040040;100mN32131E42131;MC;MIX;4;38;M;F;3039;UEP
057540040040-8368;057540040040;100mN32131E42131;MC;MIX;4;0;S;F;0003;NEP
057540040040-8369;057540040040;100mN32131E42131;MC;NA;2;22;M;F;1824;NEP
057540040040-8369;057540040040;100mN32131E42131;MC;NA;2;23;M;M;1824;NEP
057540040040-8370;057540040040;100mN32131E42131;MC;OS;3;67;M;F;6574;EMP
057540040040-8370;057540040040;100mN32131E42131;MC;OS;3;72;M;M;6574;EMP
057540040040-8370;057540040040;100mN32131E42131;MC;OS;3;67;M;M;6574;NEP
057540040040-8371;057540040040;100mN32131E42131;MC;OS;3;78;M;M;75XX;EMP
057540040040-8371;057540040040;100mN32131E42131;MC;OS;3;73;M;F;6574;NEP
057540040040-8371;057540040040;100mN32131E42131;MC;OS;3;75;S;F;75XX;EMP
057540040040-8372;057540040040;100mN32131E42131;S;OS;1;59;D;M;5064;EMP
057540040040-8373;057540040040;100mN32131E42131;MC;NA;4;42;M;M;4049;NEP
057540040040-8373;057540040040;100mN32131E42131;MC;NA;4;40;M;F;4049;EMP
057540040040-8373;057540040040;100mN32131E42131;MC;NA;4;13;S;F;0614;NEP
057540040040-8373;057540040040;100mN32131E42131;MC;NA;4;16;S;M;1517;EMP
057540040040-8374;057540040040;100mN32131E42131;MC;MIX;2;65;M;F;6574;EMP
057540040040-8374;057540040040;100mN32131E42131;MC;MIX;2;63;M;M;5064;EMP
057540040040-8375;057540040040;100mN32131E42131;MC;NA;3;50;M;F;5064;EMP
057540040040-8375;057540040040;100mN32131E42131;MC;NA;3;53;M;M;5064;EMP
057540040040-8375;057540040040;100mN32131E42131;MC;NA;3;25;P;F;2529;EMP
057540040040-8376;057540040040;100mN32131E42131;PO;NA;3;46;S;F;4049;NEP
057540040040-8376;057540040040;100mN32131E42131;PO;NA;3;40;S;F;4049;NEP
057540040040-8376;057540040040;100mN32131E42131;PO;NA;3;10;S;M;0614;NEP
057540040040-8377;057540040040;100mN32131E42131;SF;NA;4;65;W;F;6574;EMP
057540040040-8377;057540040040;100mN32131E42131;SF;NA;4;48;S;F;4049;EMP
057540040040-8377;057540040040;100mN32131E42131;SF;NA;4;50;S;F;5064;EMP
057540040040-8377;057540040040;100mN32131E42131;SF;NA;4;6;S;F;0614;NEP
057540040040-8378;057540040040;100mN32131E42131;S;OS;1;68;W;F;6574;EMP
057540040040-8379;057540040040;100mN32131E42131;S;NA;1;67;M;F;6574;NEP
057540040040-8380;057540040040;100mN32131E42131;S;NA;1;40;M;M;4049;EMP
057540040040-8381;057540040040;100mN32131E42131;MC;NA;3;40;M;F;4049;EMP
057540040040-8381;057540040040;100mN32131E42131;MC;NA;3;45;M;M;4049;NEP
057540040040-8381;057540040040;100mN32131E42131;MC;NA;3;4;S;F;0305;NEP
057540040040-8382;057540040040;100mN32131E42131;MC;NA;5;45;M;M;4049;EMP
057540040040-8382;057540040040;100mN32131E42131;MC;NA;5;44;M;F;4049;EMP
057540040040-8382;057540040040;100mN32131E42131;MC;NA;5;6;S;M;0614;NEP
057540040040-8382;057540040040;100mN32131E42131;MC;NA;5;7;S;M;0614;NEP
057540040040-8382;057540040040;100mN32131E42131;MC;NA;5;23;D;F;1824;EMP
057540040040-8383;057540040040;100mN32131E42131;MC;NA;4;33;M;M;3039;EMP
057540040040-8383;057540040040;100mN32131E42131;MC;NA;4;18;M;F;1824;NEP
057540040040-8383;057540040040;100mN32131E42131;MC;NA;4;13;S;M;0614;NEP
057540040040-8383;057540040040;100mN32131E42131;MC;NA;4;15;S;M;1517;NEP
057540040040-8384;057540040040;100mN32115E42127;S;NA;1;47;W;F;4049;EMP
057540040040-8385;057540040040;100mN32131E42131;NA;OS;2;67;D;F;6574;EMP
057540040040-8385;057540040040;100mN32131E42131;NA;OS;2;34;D;F;3039;EMP
057540040040-8386;057540040040;100mN32131E42131;S;NA;1;32;D;F;3039;EMP
057540040040-8387;057540040040;100mN32131E42131;S;NA;1;70;M;M;6574;EMP
057540040040-8388;057540040040;100mN32131E42131;MC;NA;3;43;M;F;4049;EMP
057540040040-8388;057540040040;100mN32131E42131;MC;NA;3;51;M;M;5064;NEP
057540040040-8388;057540040040;100mN32131E42131;MC;NA;3;2;S;M;0003;NEP
057540040040-8389;057540040040;100mN32131E42131;S;NA;1;31;S;M;3039;EMP
057540040040-8390;057540040040;100mN32107E42045;SF;NA;3;59;W;F;5064;EMP
057540040040-8390;057540040040;100mN32107E42045;SF;NA;3;4;S;F;0305;NEP
057540040040-8390;057540040040;100mN32107E42045;SF;NA;3;3;S;M;0305;NEP
057540040040-8391;057540040040;100mN32107E42045;MC;NA;2;35;M;M;3039;EMP
057540040040-8391;057540040040;100mN32107E42045;MC;NA;2;31;M;F;3039;UEP
057540040040-8392;057540040040;100mN32107E42045;SF;MIX;2;71;D;F;6574;EMP
057540040040-8392;057540040040;100mN32107E42045;SF;MIX;2;2;S;F;0003;NEP
057540040040-8393;057540040040;100mN32094E42059;MC;NA;5;62;M;M;5064;EMP
057540040040-8393;057540040040;100mN32094E42059;MC;NA;5;60;M;F;5064;NEP
057540040040-8393;057540040040;100mN32094E42059;MC;NA;5;16;S;M;1517;EMP
057540040040-8393;057540040040;100mN32094E42059;MC;NA;5;0;S;M;0003;NEP
057540040040-8393;057540040040;100mN32094E42059;MC;NA;5;10;S;F;0614;NEP
057540040040-8394;057540040040;100mN32094E42059;MC;OS;4;69;M;F;6574;NEP
057540040040-8394;057540040040;100mN32094E42059;MC;OS;4;79;M;M;75XX;EMP
057540040040-8394;057540040040;100mN32094E42059;MC;OS;4;69;S;M;6574;EMP
057540040040-8394;057540040040;100mN32094E42059;MC;OS;4;72;M;M;6574;EMP
057540040040-8395;057540040040;100mN32094E42059;MC;NA;2;27;M;M;2529;EMP
057540040040-8395;057540040040;100mN32094E42059;MC;NA;2;27;M;F;2529;EMP
057540040040-8396;057540040040;100mN32132E42134;MC;NA;2;45;M;M;4049;EMP
057540040040-8396;057540040040;100mN32132E42134;MC;NA;2;43;M;F;4049;NEP
057540040040-8397;057540040040;100mN32117E42124;S;NA;1;34;D;F;3039;EMP
057540040040-8398;057540040040;100mN32132E42134;S;NA;1;51;D;M;5064;EMP
057540040040-8399;057540040040;100mN32132E42134;NA;OS;2;65;M;F;6574;EMP
057540040040-8399;057540040040;100mN32132E42134;NA;OS;2;79;W;M;75XX;EMP
057540040040-8400;057540040040;100mN32132E42134;S;OS;1;33;D;F;3039;NEP
057540040040-8401;057540040040;100mN32132E42134;S;OS;1;36;M;F;3039;NEP
057540040040-8402;057540040040;100mN32132E42134;S;OS;1;40;S;F;4049;NEP
057540040040-8403;057540040040;100mN32132E42134;S;NA;1;20;M;F;1824;EMP
057540040040-8404;057540040040;100mN32132E42134;MC;NA;4;60;M;F;5064;EMP
057540040040-8404;057540040040;100mN32132E42134;MC;NA;4;54;M;M;5064;NEP
057540040040-8404;057540040040;100mN32132E42134;MC;NA;4;3;S;M;0305;NEP
057540040040-8404;057540040040;100mN32132E42134;MC;NA;4;13;S;M;0614;NEP
057540040040-8405;057540040040;100mN32132E42134;MC;OS;3;86;M;M;75XX;EMP
057540040040-8405;057540040040;100mN32132E42134;MC;OS;3;83;M;F;75XX;NEP
057540040040-8405;057540040040;100mN32132E42134;MC;OS;3;68;D;F;6574;EMP
057540040040-8406;057540040040;100mN32132E42134;SF;NA;2;86;S;F;75XX;EMP
057540040040-8406;057540040040;100mN32132E42134;SF;NA;2;11;S;M;0614;NEP
057540040040-8407;057540040040;100mN32132E42134;MC;NA;2;58;M;M;5064;NEP
057540040040-8407;057540040040;100mN32132E42134;MC;NA;2;53;M;F;5064;NEP
057540040040-8408;057540040040;100mN32132E42134;MC;NA;3;18;M;M;1824;EMP
057540040040-8408;057540040040;100mN32132E42134;MC;NA;3;25;M;F;2529;NEP
057540040040-8408;057540040040;100mN32132E42134;MC;NA;3;3;S;F;0305;NEP
057540040040-8409;057540040040;100mN32132E42134;S;OS;1;41;W;F;4049;EMP
057540040040-8410;057540040040;100mN32117E42124;PO;NA;2;51;S;M;5064;EMP
057540040040-8410;057540040040;100mN32117E42124;PO;NA;2;50;S;M;5064;EMP
057540040040-8411;057540040040;100mN32132E42134;NA;NA;2;34;W;M;3039;EMP
057540040040-8411;057540040040;100mN32132E42134;NA;NA;2;57;M;M;5064;NEP
057540040040-8412;057540040040;100mN32115E42127;MC;NA;5;51;M;F;5064;EMP
057540040040-8412;057540040040;100mN32115E42127;MC;NA;5;60;M;M;5064;EMP
057540040040-8412;057540040040;100mN32115E42127;MC;NA;5;7;S;M;0614;NEP
057540040040-8412;057540040040;100mN32115E42127;MC;NA;5;8;S;F;0614;NEP
057540040040-8412;057540040040;100mN32115E42127;MC;NA;5;16;S;F;1517;NEP
057540040040-8413;057540040040;100mN32132E42134;S;NA;1;46;D;M;4049;NEP
057540040040-8414;057540040040;100mN32132E42134;PO;OS;4;70;S;M;6574;EMP
057540040040-8414;057540040040;100mN32132E42134;PO;OS;4;65;S;M;6574;EMP
057540040040-8414;057540040040;100mN32132E42134;PO;OS;4;87;W;M;75XX;EMP
057540040040-8414;057540040040;100mN32132E42134;PO;OS;4;84;M;F;75XX;EMP
057540040040-8415;057540040040;100mN32132E42134;MC;NA;2;34;M;F;3039;NEP
057540040040-8415;057540040040;100mN32132E42134;MC;NA;2;35;M;M;3039;EMP
057540040040-8416;057540040040;100mN32132E42132;MC;NA;2;47;M;F;4049;EMP
057540040040-8416;057540040040;100mN32132E42132;MC;NA;2;51;M;M;5064;EMP
057540040040-8417;057540040040;100mN32132E42132;PO;NA;2;44;S;F;4049;EMP
057540040040-8417;057540040040;100mN32132E42132;PO;NA;2;53;S;F;5064;NEP
057540040040-8418;057540040040;100mN32132E42132;MC;NA;4;34;M;F;3039;EMP
057540040040-8418;057540040040;100mN32132E42132;MC;NA;4;41;M;M;4049;NEP
057540040040-8418;057540040040;100mN32132E42132;MC;NA;4;13;S;F;0614;NEP
057540040040-8418;057540040040;100mN32132E42132;MC;NA;4;19;M;F;1824;EMP
057540040040-8419;057540040040;100mN32132E42132;MC;MIX;3;89;M;F;75XX;EMP
057540040040-8419;057540040040;100mN32132E42132;MC;MIX;3;60;M;M;5064;EMP
057540040040-8419;057540040040;100mN32132E42132;MC;MIX;3;62;M;F;5064;EMP
057540040040-8420;057540040040;100mN32132E42132;S;NA;1;58;W;M;5064;NEP
057540040040-8421;057540040040;100mN32132E42132;MC;OS;3;71;M;M;6574;EMP
057540040040-8421;057540040040;100mN32132E42132;MC;OS;3;68;M;F;6574;EMP
057540040040-8421;057540040040;100mN32132E42132;MC;OS;3;65;S;F;6574;EMP
057540040040-8422;057540040040;100mN32132E42132;MC;OS;4;67;M;F;6574;NEP
057540040040-8422;057540040040;100mN32132E42132;MC;OS;4;69;M;M;6574;NEP
057540040040-8422;057540040040;100mN32132E42132;MC;OS;4;84;S;M;75XX;EMP
057540040040-8422;057540040040;100mN32132E42132;MC;OS;4;66;S;M;6574;NEP
057540040040-8423;057540040040;100mN32132E42132;MC;NA;4;44;M;M;4049;EMP
057540040040-8423;057540040040;100mN32132E42132;MC;NA;4;44;M;F;4049;NEP
057540040040-8423;057540040040;100mN32132E42132;MC;NA;4;12;S;F;0614;NEP
057540040040-8423;057540040040;100mN32132E42132;MC;NA;4;9;S;F;0614;NEP
057540040040-8424;057540040040;100mN32132E42132;S;OS;1;58;M;F;5064;EMP
057540040040-8425;057540040040;100mN32132E42132;SF;NA;2;41;D;F;4049;EMP
057540040040-8425;057540040040;100mN32132E42132;SF;NA;2;25;M;M;2529;EMP
057540040040-8426;057540040040;100mN32132E42132;MC;NA;3;44;M;M;4049;NEP
057540040040-8426;057540040040;100mN32132E42132;MC;NA;3;44;M;F;4049;NEP
057540040040-8426;057540040040;100mN32132E42132;MC;NA;3;22;S;F;1824;EMP
057540040040-8427;057540040040;100mN32132E42132;PO;NA;5;56;S;F;5064;EMP
057540040040-8427;057540040040;100mN32132E42132;PO;NA;5;59;S;F;5064;EMP
057540040040-8427;057540040040;100mN32132E42132;PO;NA;5;9;S;F;0614;NEP
057540040040-8427;057540040040;100mN32132E42132;PO;NA;5;2;S;F;0003;NEP
057540040040-8427;057540040040;100mN32132E42132;PO;NA;5;15;S;F;1517;UEP
057540040040-8428;057540040040;100mN32132E42132;PO;NA;2;34;S;M;3039;EMP
057540040040-8428;057540040040;100mN32132E42132;PO;NA;2;28;S;M;2529;NEP
057540040040-8429;057540040040;100mN32132E42132;MC;NA;2;18;M;M;1824;NEP
057540040040-8429;057540040040;100mN32132E42132;MC;NA;2;18;M;F;1824;NEP
057540040040-8430;057540040040;100mN32132E42132;SF;NA;3;40;W;F;4049;EMP
057540040040-8430;057540040040;100mN32132E42132;SF;NA;3;15;S;M;1517;NEP
057540040040-8430;057540040040;100mN32132E42132;SF;NA;3;16;S;F;1517;NEP
057540040040-8431;057540040040;100mN32117E42124;SM;NA;4;46;S;M;4049;NEP
057540040040-8431;057540040040;100mN32117E42124;SM;NA;4;12;S;M;0614;NEP
057540040040-8431;057540040040;100mN32117E42124;SM;NA;4;6;S;F;0614;NEP
057540040040-8431;057540040040;100mN32117E42124;SM;NA;4;13;S;M;0614;NEP
057540040040-8432;057540040040;100mN32117E42124;MC;MIX;6;68;S;M;6574;EMP
057540040040-8432;057540040040;100mN32117E42124;MC;MIX;6;18;M;M;1824;EMP
057540040040-8432;057540040040;100mN32117E42124;MC;MIX;6;18;M;F;1824;NEP
057540040040-8432;057540040040;100mN32117E42124;MC;MIX;6;3;S;F;0305;NEP
057540040040-8432;057540040040;100mN32117E42124;MC;MIX;6;3;S;M;0305;NEP
057540040040-8432;057540040040;100mN32117E42124;MC;MIX;6;3;S;M;0305;NEP
057540040040-8433;057540040040;100mN32117E42124;S;OS;1;45;S;M;4049;NEP
057540040040-8434;057540040040;100mN32117E42124;S;OS;1;19;M;M;1824;NEP
057540040040-8435;057540040040;100mN32117E42124;SM;NA;2;48;D;M;4049;NEP
057540040040-8435;057540040040;100mN32117E42124;SM;NA;2;18;M;F;1824;NEP
057540040040-8436;057540040040;100mN32117E42124;S;NA;1;78;S;F;75XX;EMP
057540040040-8437;057540040040;100mN32117E42124;S;NA;1;44;M;F;4049;EMP
057540040040-8438;057540040040;100mN32117E42124;MC;NA;2;41;M;F;4049;NEP
057540040040-8438;057540040040;100mN32117E42124;MC;NA;2;38;M;M;3039;NEP
057540040040-8439;057540040040;100mN32117E42124;S;OS;1;46;D;F;4049;NEP
057540040040-8440;057540040040;100mN32117E42124;PO;NA;2;51;S;M;5064;EMP
057540040040-8440;057540040040;100mN32117E42124;PO;NA;2;50;S;M;5064;EMP
057540040040-8441;057540040040;100mN32117E42124;MC;OS;4;80;M;M;75XX;EMP
057540040040-8441;057540040040;100mN32117E42124;MC;OS;4;71;M;F;6574;NEP
057540040040-8441;057540040040;100mN32117E42124;MC;OS;4;75;M;F;75XX;EMP
057540040040-8441;057540040040;100mN32117E42124;MC;OS;4;81;S;F;75XX;UEP
057540040040-8442;057540040040;100mN32117E42124;MC;NA;4;45;M;F;4049;EMP
057540040040-8442;057540040040;100mN32117E42124;MC;NA;4;54;M;M;5064;NEP
057540040040-8442;057540040040;100mN32117E42124;MC;NA;4;10;S;F;0614;NEP
057540040040-8442;057540040040;100mN32117E42124;MC;NA;4;30;W;F;3039;NEP
057540040040-8443;057540040040;100mN32117E42124;MC;NA;2;28;M;M;2529;EMP
057540040040-8443;057540040040;100mN32117E42124;MC;NA;2;31;M;F;3039;EMP
057540040040-8444;057540040040;100mN32117E42124;MC;OS;4;66;M;F;6574;EMP
057540040040-8444;057540040040;100mN32117E42124;MC;OS;4;65;M;M;6574;EMP
057540040040-8444;057540040040;100mN32117E42124;MC;OS;4;82;S;F;75XX;UEP
057540040040-8444;057540040040;100mN32117E42124;MC;OS;4;89;M;F;75XX;NEP
057540040040-8445;057540040040;100mN32117E42124;S;NA;1;47;S;M;4049;EMP
057540040040-8446;057540040040;100mN32117E42124;S;NA;1;85;W;F;75XX;EMP
057540040040-8447;057540040040;100mN32117E42124;S;NA;1;52;D;F;5064;NEP
057540040040-8448;057540040040;100mN32117E42124;MC;OS;4;89;M;F;75XX;EMP
057540040040-8448;057540040040;100mN32117E42124;MC;OS;4;7;S;M;0614;NEP
057540040040-8448;057540040040;100mN32117E42124;MC;OS;4;68;S;F;6574;NEP
057540040040-8448;057540040040;100mN32117E42124;MC;OS;4;82;S;F;75XX;UEP
057540040040-8449;057540040040;100mN32117E42124;MC;OS;3;76;M;F;75XX;NEP
057540040040-8449;057540040040;100mN32117E42124;MC;OS;3;78;M;M;75XX;EMP
057540040040-8449;057540040040;100mN32117E42124;MC;OS;3;68;S;M;6574;NEP
057540040040-8450;057540040040;100mN32117E42124;S;NA;1;34;D;F;3039;EMP
057540040040-8451;057540040040;100mN32117E42124;MC;NA;2;56;M;F;5064;EMP
057540040040-8451;057540040040;100mN32117E42124;MC;NA;2;58;M;M;5064;EMP
057540040040-8452;057540040040;100mN32117E42124;MC;NA;3;34;M;F;3039;NEP
057540040040-8452;057540040040;100mN32117E42124;MC;NA;3;40;M;M;4049;EMP
057540040040-8452;057540040040;100mN32117E42124;MC;NA;3;16;S;M;1517;EMP
057540040040-8453;057540040040;100mN32115E42109;MC;OS;2;72;M;M;6574;EMP
057540040040-8453;057540040040;100mN32115E42109;MC;OS;2;66;M;F;6574;EMP
057540040040-8454;057540040040;100mN32115E42109;MC;NA;3;41;M;F;4049;EMP
057540040040-8454;057540040040;100mN32115E42109;MC;NA;3;38;M;M;3039;NEP
057540040040-8454;057540040040;100mN32115E42109;MC;NA;3;9;S;M;0614;NEP
057540040040-8455;057540040040;100mN32115E42109;MC;NA;4;30;M;M;3039;EMP
057540040040-8455;057540040040;100mN32115E42109;MC;NA;4;22;M;F;1824;NEP
057540040040-8455;057540040040;100mN32115E42109;MC;NA;4;10;S;M;0614;NEP
057540040040-8455;057540040040;100mN32115E42109;MC;NA;4;15;S;F;1517;NEP
057540040040-8456;057540040040;100mN32115E42109;MC;NA;2;23;M;M;1824;NEP
057540040040-8456;057540040040;100mN32115E42109;MC;NA;2;23;M;F;1824;NEP
057540040040-8457;057540040040;100mN32136E42127;S;NA;1;35;D;M;3039;NEP
057540040040-8458;057540040040;100mN32136E42127;MC;MIX;2;77;M;F;75XX;EMP
057540040040-8458;057540040040;100mN32136E42127;MC;MIX;2;50;D;M;5064;NEP
057540040040-8459;057540040040;100mN32136E42127;S;OS;1;40;M;F;4049;NEP
057540040040-8460;057540040040;100mN32136E42127;MC;NA;3;53;M;M;5064;EMP
057540040040-8460;057540040040;100mN32136E42127;MC;NA;3;45;M;F;4049;EMP
057540040040-8460;057540040040;100mN32136E42127;MC;NA;3;19;M;M;1824;EMP
057540040040-8461;057540040040;100mN32136E42127;S;NA;1;16;S;M;1517;EMP
057540040040-8462;057540040040;100mN32136E42127;MC;MIX;2;71;M;M;6574;NEP
057540040040-8462;057540040040;100mN32136E42127;MC;MIX;2;63;M;F;5064;UEP
057540040040-8463;057540040040;100mN32136E42127;MC;OS;2;65;M;F;6574;EMP
057540040040-8463;057540040040;100mN32136E42127;MC;OS;2;66;M;M;6574;NEP
057540040040-8464;057540040040;100mN32136E42127;MC;OS;4;78;M;F;75XX;EMP
057540040040-8464;057540040040;100mN32136E42127;MC;OS;4;81;M;M;75XX;NEP
057540040040-8464;057540040040;100mN32136E42127;MC;OS;4;75;D;F;75XX;NEP
057540040040-8464;057540040040;100mN32136E42127;MC;OS;4;84;D;F;75XX;EMP
057540040040-8465;057540040040;100mN32136E42127;NA;NA;4;48;M;F;4049;EMP
057540040040-8465;057540040040;100mN32136E42127;NA;NA;4;43;M;M;4049;NEP
057540040040-8465;057540040040;100mN32136E42127;NA;NA;4;62;M;M;5064;EMP
057540040040-8465;057540040040;100mN32136E42127;NA;NA;4;65;D;F;6574;NEP
057540040040-8466;057540040040;100mN32136E42127;S;NA;1;36;M;F;3039;UEP
057540040040-8467;057540040040;100mN32129E42141;SF;NA;4;51;S;F;5064;EMP
057540040040-8467;057540040040;100mN32129E42141;SF;NA;4;31;D;M;3039;EMP
057540040040-8467;057540040040;100mN32129E42141;SF;NA;4;9;S;M;0614;NEP
057540040040-8467;057540040040;100mN32129E42141;SF;NA;4;21;M;F;1824;EMP
057540040040-8468;057540040040;100mN32136E42127;SF;NA;5;30;S;F;3039;EMP
057540040040-8468;057540040040;100mN32136E42127;SF;NA;5;12;S;F;0614;NEP
057540040040-8468;057540040040;100mN32136E42127;SF;NA;5;8;S;M;0614;NEP
057540040040-8468;057540040040;100mN32136E42127;SF;NA;5;15;S;M;1517;EMP
057540040040-8468;057540040040;100mN32136E42127;SF;NA;5;10;S;F;0614;NEP
057540040040-8469;057540040040;100mN32136E42127;S;NA;1;16;S;M;1517;NEP
057540040040-8470;057540040040;100mN32113E42144;MC;NA;4;50;M;F;5064;NEP
057540040040-8470;057540040040;100mN32113E42144;MC;NA;4;53;M;M;5064;NEP
057540040040-8470;057540040040;100mN32113E42144;MC;NA;4;20;M;M;1824;EMP
057540040040-8470;057540040040;100mN32113E42144;MC;NA;4;15;S;F;1517;EMP
057540040040-8471;057540040040;100mN32113E42144;MC;NA;2;40;M;M;4049;EMP
057540040040-8471;057540040040;100mN32113E42144;MC;NA;2;43;M;F;4049;EMP
057540040040-8472;057540040040;100mN32113E42144;S;NA;1;26;M;M;2529;EMP
057540040040-8473;057540040040;100mN32115E42110;MC;NA;2;45;M;F;4049;EMP
057540040040-8473;057540040040;100mN32115E42110;MC;NA;2;46;M;M;4049;EMP
057540040040-8474;057540040040;100mN32115E42110;MC;NA;2;57;M;F;5064;NEP
057540040040-8474;057540040040;100mN32115E42110;MC;NA;2;59;M;M;5064;EMP
057540040040-8475;057540040040;100mN32115E42110;S;OS;1;80;D;M;75XX;EMP
057540040040-8476;057540040040;100mN32115E42110;S;NA;1;47;S;F;4049;NEP
057540040040-8477;057540040040;100mN32103E42071;S;NA;1;41;M;F;4049;NEP
057540040040-8478;057540040040;100mN32103E42071;MC;NA;3;40;M;F;4049;UEP
057540040040-8478;057540040040;100mN32103E42071;MC;NA;3;57;M;M;5064;EMP
057540040040-8478;057540040040;100mN32103E42071;MC;NA;3;8;S;M;0614;NEP
057540040040-8479;057540040040;100mN32103E42071;MC;NA;3;22;M;M;1824;EMP
057540040040-8479;057540040040;100mN32103E42071;MC;NA;3;18;M;F;1824;EMP
057540040040-8479;057540040040;100mN32103E42071;MC;NA;3;0;S;M;0003;NEP
057540040040-8480;057540040040;100mN32103E42071;MC;NA;3;50;M;M;5064;EMP
057540040040-8480;057540040040;100mN32103E42071;MC;NA;3;47;M;F;4049;NEP
057540040040-8480;057540040040;100mN32103E42071;MC;NA;3;4;S;M;0305;NEP
057540040040-8481;057540040040;100mN32103E42071;MC;NA;5;28;M;M;2529;NEP
057540040040-8481;057540040040;100mN32103E42071;MC;NA;5;25;M;F;2529;EMP
057540040040-8481;057540040040;100mN32103E42071;MC;NA;5;11;S;F;0614;NEP
057540040040-8481;057540040040;100mN32103E42071;MC;NA;5;4;S;M;0305;NEP
057540040040-8481;057540040040;100mN32103E42071;MC;NA;5;12;S;F;0614;NEP
057540040040-8482;057540040040;100mN32103E42071;SF;NA;5;41;W;F;4049;NEP
057540040040-8482;057540040040;100mN32103E42071;SF;NA;5;4;S;M;0305;NEP
057540040040-8482;057540040040;100mN32103E42071;SF;NA;5;26;M;M;2529;EMP
057540040040-8482;057540040040;100mN32103E42071;SF;NA;5;7;S;M;0614;NEP
057540040040-8482;057540040040;100mN32103E42071;SF;NA;5;0;S;F;0003;NEP
057540040040-8483;057540040040;100mN32103E42071;MC;OS;2;66;M;F;6574;EMP
057540040040-8483;057540040040;100mN32103E42071;MC;OS;2;71;M;M;6574;EMP
057540040040-8484;057540040040;100mN32103E42071;MC;NA;3;54;M;F;5064;EMP
057540040040-8484;057540040040;100mN32103E42071;MC;NA;3;54;M;M;5064;EMP
057540040040-8484;057540040040;100mN32103E42071;MC;NA;3;7;S;F;0614;NEP
057540040040-8485;057540040040;100mN32103E42071;MC;NA;3;42;M;F;4049;EMP
057540040040-8485;057540040040;100mN32103E42071;MC;NA;3;40;M;M;4049;EMP
057540040040-8485;057540040040;100mN32103E42071;MC;NA;3;16;S;F;1517;NEP
057540040040-8486;057540040040;100mN32103E42071;MC;NA;6;43;M;F;4049;EMP
057540040040-8486;057540040040;100mN32103E42071;MC;NA;6;37;M;M;3039;EMP
057540040040-8486;057540040040;100mN32103E42071;MC;NA;6;13;S;F;0614;NEP
057540040040-8486;057540040040;100mN32103E42071;MC;NA;6;11;S;M;0614;NEP
057540040040-8486;057540040040;100mN32103E42071;MC;NA;6;12;S;F;0614;NEP
057540040040-8486;057540040040;100mN32103E42071;MC;NA;6;26;D;F;2529;NEP
057540040040-8487;057540040040;100mN32103E42071;S;NA;1;42;W;F;4049;EMP
057540040040-8488;057540040040;100mN32103E42071;PO;NA;2;18;S;M;1824;NEP
057540040040-8488;057540040040;100mN32103E42071;PO;NA;2;18;S;F;1824;EMP
057540040040-8489;057540040040;100mN32103E42071;SF;NA;3;48;W;F;4049;EMP
057540040040-8489;057540040040;100mN32103E42071;SF;NA;3;10;S;M;0614;NEP
057540040040-8489;057540040040;100mN32103E42071;SF;NA;3;11;S;M;0614;NEP
057540040040-8490;057540040040;100mN32103E42071;S;OS;1;53;W;F;5064;EMP
057540040040-8491;057540040040;100mN32103E42071;S;NA;1;44;S;M;4049;NEP
057540040040-8492;057540040040;100mN32103E42071;SF;NA;2;22;D;F;1824;UEP
057540040040-8492;057540040040;100mN32103E42071;SF;NA;2;7;S;F;0614;NEP
057540040040-8493;057540040040;100mN32103E42071;SM;NA;3;44;S;M;4049;NEP
057540040040-8493;057540040040;100mN32103E42071;SM;NA;3;22;D;M;1824;EMP
057540040040-8493;057540040040;100mN32103E42071;SM;NA;3;12;S;F;0614;NEP
057540040040-8494;057540040040;100mN32092E42104;MC;NA;3;58;M;M;5064;NEP
057540040040-8494;057540040040;100mN32092E42104;MC;NA;3;54;M;F;5064;NEP
057540040040-8494;057540040040;100mN32092E42104;MC;NA;3;21;D;M;1824;NEP
057540040040-8495;057540040040;100mN32092E42104;MC;NA;2;44;M;M;4049;EMP
057540040040-8495;057540040040;100mN32092E42104;MC;NA;2;41;M;F;4049;EMP
057540040040-8496;057540040040;100mN32092E42104;S;NA;1;62;S;M;5064;EMP
057540040040-8497;057540040040;100mN32115E42127;PO;NA;4;48;S;M;4049;NEP
057540040040-8497;057540040040;100mN32115E42127;PO;NA;4;45;S;F;4049;EMP
057540040040-8497;057540040040;100mN32115E42127;PO;NA;4;11;S;F;0614;NEP
057540040040-8497;057540040040;100mN32115E42127;PO;NA;4;16;S;M;1517;EMP
057540040040-8498;057540040040;100mN32115E42127;MC;MIX;2;72;M;F;6574;EMP
057540040040-8498;057540040040;100mN32115E42127;MC;MIX;2;59;W;F;5064;NEP
057540040040-8499;057540040040;100mN32115E42127;MC;NA;2;45;M;F;4049;NEP
057540040040-8499;057540040040;100mN32115E42127;MC;NA;2;53;M;M;5064;NEP
057540040040-8500;057540040040;100mN32115E42127;MC;NA;3;23;M;F;1824;EMP
057540040040-8500;057540040040;100mN32115E42127;MC;NA;3;23;M;M;1824;EMP
057540040040-8500;057540040040;100mN32115E42127;MC;NA;3;1;S;F;0003;NEP
057540040040-8501;057540040040;100mN32115E42127;SF;NA;5;46;W;F;4049;NEP
057540040040-8501;057540040040;100mN32115E42127;SF;NA;5;4;S;F;0305;NEP
057540040040-8501;057540040040;100mN32115E42127;SF;NA;5;8;S;M;0614;NEP
057540040040-8501;057540040040;100mN32115E42127;SF;NA;5;10;S;M;0614;NEP
057540040040-8501;057540040040;100mN32115E42127;SF;NA;5;31;M;M;3039;EMP
057540040040-8502;057540040040;100mN32115E42127;S;NA;1;47;W;F;4049;EMP
057540040040-8503;057540040040;100mN32115E42127;MC;NA;2;59;M;F;5064;EMP
057540040040-8503;057540040040;100mN32115E42127;MC;NA;2;59;M;M;5064;EMP
057540040040-8504;057540040040;100mN32115E42127;MC;NA;2;40;M;F;4049;NEP
057540040040-8504;057540040040;100mN32115E42127;MC;NA;2;44;M;M;4049;EMP
057540040040-8505;057540040040;100mN32115E42127;MC;NA;5;51;M;F;5064;EMP
057540040040-8505;057540040040;100mN32115E42127;MC;NA;5;60;M;M;5064;EMP
057540040040-8505;057540040040;100mN32115E42127;MC;NA;5;7;S;M;0614;NEP
057540040040-8505;057540040040;100mN32115E42127;MC;NA;5;8;S;F;0614;NEP
057540040040-8505;057540040040;100mN32115E42127;MC;NA;5;16;S;F;1517;NEP
057540040040-8506;057540040040;100mN32115E42127;MC;NA;2;42;M;M;4049;EMP
057540040040-8506;057540040040;100mN32115E42127;MC;NA;2;42;M;F;4049;UEP
057540040040-8507;057540040040;100mN32115E42127;MC;MIX;2;66;M;F;6574;NEP
057540040040-8507;057540040040;100mN32115E42127;MC;MIX;2;44;S;F;4049;NEP
057540040040-8508;057540040040;100mN32115E42127;MC;NA;5;23;M;M;1824;EMP
057540040040-8508;057540040040;100mN32115E42127;MC;NA;5;55;M;F;5064;NEP
057540040040-8508;057540040040;100mN32115E42127;MC;NA;5;7;S;F;0614;NEP
057540040040-8508;057540040040;100mN32115E42127;MC;NA;5;3;S;M;0305;NEP
057540040040-8508;057540040040;100mN32115E42127;MC;NA;5;7;S;F;0614;NEP
057540040040-8509;057540040040;100mN32115E42127;MC;NA;2;43;M;M;4049;NEP
057540040040-8509;057540040040;100mN32115E42127;MC;NA;2;35;M;F;3039;EMP
057540040040-8510;057540040040;100mN32115E42127;PO;NA;2;48;S;F;4049;UEP
057540040040-8510;057540040040;100mN32115E42127;PO;NA;2;50;S;F;5064;NEP
057540040040-8511;057540040040;100mN32115E42127;MC;NA;3;18;M;F;1824;NEP
057540040040-8511;057540040040;100mN32115E42127;MC;NA;3;18;M;M;1824;EMP
057540040040-8511;057540040040;100mN32115E42127;MC;NA;3;2;S;M;0003;NEP
057540040040-8512;057540040040;100mN32115E42127;MC;NA;4;52;M;M;5064;EMP
057540040040-8512;057540040040;100mN32115E42127;MC;NA;4;47;M;F;4049;EMP
057540040040-8512;057540040040;100mN32115E42127;MC;NA;4;10;S;M;0614;NEP
057540040040-8512;057540040040;100mN32115E42127;MC;NA;4;9;S;M;0614;NEP
057540040040-8513;057540040040;100mN32115E42127;PO;OS;3;88;S;F;75XX;EMP
057540040040-8513;057540040040;100mN32115E42127;PO;OS;3;89;S;F;75XX;EMP
057540040040-8513;057540040040;100mN32115E42127;PO;OS;3;73;M;F;6574;NEP
057540040040-8514;057540040040;100mN32115E42127;S;OS;1;37;S;F;3039;EMP
057540040040-8515;057540040040;100mN32129E42137;MC;NA;3;56;M;F;5064;EMP
057540040040-8515;057540040040;100mN32129E42137;MC;NA;3;50;M;M;5064;EMP
057540040040-8515;057540040040;100mN32129E42137;MC;NA;3;25;M;M;2529;EMP
057540040040-8516;057540040040;100mN32098E42068;S;NA;1;66;S;F;6574;NEP
057540040040-8517;057540040040;100mN32106E42082;MC;MIX;5;67;D;M;6574;EMP
057540040040-8517;057540040040;100mN32106E42082;MC;MIX;5;40;M;M;4049;EMP
057540040040-8517;057540040040;100mN32106E42082;MC;MIX;5;37;M;F;3039;EMP
057540040040-8517;057540040040;100mN32106E42082;MC;MIX;5;13;S;M;0614;NEP
057540040040-8517;057540040040;100mN32106E42082;MC;MIX;5;11;S;F;0614;NEP
057540040040-8518;057540040040;100mN32128E42071;S;OS;1;60;W;F;5064;NEP
057540040040-8519;057540040040;100mN32100E42070;MC;NA;4;54;M;F;5064;NEP
057540040040-8519;057540040040;100mN32100E42070;MC;NA;4;56;M;M;5064;EMP
057540040040-8519;057540040040;100mN32100E42070;MC;NA;4;13;S;F;0614;NEP
057540040040-8519;057540040040;100mN32100E42070;MC;NA;4;11;S;M;0614;NEP
057540040040-8520;057540040040;100mN32122E42059;MC;MIX;3;68;S;M;6574;EMP
057540040040-8520;057540040040;100mN32122E42059;MC;MIX;3;61;M;M;5064;NEP
057540040040-8520;057540040040;100mN32122E42059;MC;MIX;3;63;M;F;5064;NEP
057540040040-8521;057540040040;100mN32128E42071;S;OS;1;60;W;F;5064;NEP
057540040040-8522;057540040040;100mN32133E42122;MC;NA;4;25;M;M;2529;NEP
057540040040-8522;057540040040;100mN32133E42122;MC;NA;4;25;M;F;2529;EMP
057540040040-8522;057540040040;100mN32133E42122;MC;NA;4;7;S;M;0614;NEP
057540040040-8522;057540040040;100mN32133E42122;MC;NA;4;8;S;M;0614;NEP
057540040040-8523;057540040040;100mN32098E42070;S;NA;1;16;S;M;1517;EMP
057540040040-8524;057540040040;100mN32129E42136;MC;NA;4;48;M;M;4049;EMP
057540040040-8524;057540040040;100mN32129E42136;MC;NA;4;52;M;F;5064;EMP
057540040040-8524;057540040040;100mN32129E42136;MC;NA;4;15;S;M;1517;EMP
057540040040-8524;057540040040;100mN32129E42136;MC;NA;4;27;S;M;2529;EMP
057540040040-8525;057540040040;100mN32119E42119;MC;NA;3;40;M;F;4049;EMP
057540040040-8525;057540040040;100mN32119E42119;MC;NA;3;41;M;M;4049;NEP
057540040040-8525;057540040040;100mN32119E42119;MC;NA;3;7;S;M;0614;NEP
057540040040-8526;057540040040;100mN32119E42113;S;OS;1;42;M;M;4049;NEP
057540040040-8527;057540040040;100mN32122E42118;S;OS;1;60;M;M;5064;EMP
057540040040-8528;057540040040;100mN32108E42073;MC;OS;4;69;M;F;6574;UEP
057540040040-8528;057540040040;100mN32108E42073;MC;OS;4;72;M;M;6574;NEP
057540040040-8528;057540040040;100mN32108E42073;MC;OS;4;72;W;F;6574;NEP
057540040040-8528;057540040040;100mN32108E42073;MC;OS;4;84;M;M;75XX;NEP
057540040040-8529;057540040040;100mN32121E42076;NA;NA;2;66;M;F;6574;NEP
057540040040-8529;057540040040;100mN32121E42076;NA;NA;2;37;S;M;3039;NEP
057540040040-8530;057540040040;100mN32120E42112;SM;NA;5;30;D;M;3039;NEP
057540040040-8530;057540040040;100mN32120E42112;SM;NA;5;11;S;M;0614;NEP
057540040040-8530;057540040040;100mN32120E42112;SM;NA;5;15;S;M;1517;EMP
057540040040-8530;057540040040;100mN32120E42112;SM;NA;5;7;S;M;0614;NEP
057540040040-8530;057540040040;100mN32120E42112;SM;NA;5;8;S;M;0614;NEP
057540040040-8531;057540040040;100mN32098E42142;MC;NA;2;43;M;F;4049;EMP
057540040040-8531;057540040040;100mN32098E42142;MC;NA;2;46;M;M;4049;EMP
057540040040-8532;057540040040;100mN32129E42140;MC;NA;2;33;M;M;3039;EMP
057540040040-8532;057540040040;100mN32129E42140;MC;NA;2;31;M;F;3039;EMP
057540040040-8533;057540040040;100mN32097E42069;SF;NA;2;46;D;F;4049;EMP
057540040040-8533;057540040040;100mN32097E42069;SF;NA;2;2;S;F;0003;NEP
057540040040-8534;057540040040;100mN32116E42134;MC;NA;4;36;M;F;3039;EMP
057540040040-8534;057540040040;100mN32116E42134;MC;NA;4;37;M;M;3039;NEP
057540040040-8534;057540040040;100mN32116E42134;MC;NA;4;20;M;F;1824;NEP
057540040040-8534;057540040040;100mN32116E42134;MC;NA;4;20;D;M;1824;EMP
057540040040-8535;057540040040;100mN32104E42130;SF;NA;3;56;W;F;5064;EMP
057540040040-8535;057540040040;100mN32104E42130;SF;NA;3;25;S;M;2529;NEP
057540040040-8535;057540040040;100mN32104E42130;SF;NA;3;6;S;F;0614;NEP
057540040040-8536;057540040040;100mN32122E42117;S;NA;1;31;W;F;3039;NEP
057540040040-8537;057540040040;100mN32128E42137;S;NA;1;63;D;M;5064;NEP
057540040040-8538;057540040040;100mN32086E42058;S;NA;1;52;D;F;5064;NEP
057540040040-8539;057540040040;100mN32122E42147;S;NA;1;32;W;F;3039;NEP
057540040040-8540;057540040040;100mN32119E42122;S;OS;1;26;M;F;2529;NEP
057540040040-8541;057540040040;100mN32122E42113;PO;NA;3;40;S;M;4049;NEP
057540040040-8541;057540040040;100mN32122E42113;PO;NA;3;37;S;M;3039;EMP
057540040040-8541;057540040040;100mN32122E42113;PO;NA;3;19;M;F;1824;EMP
057540040040-8542;057540040040;100mN32129E42139;PO;NA;2;50;S;F;5064;EMP
057540040040-8542;057540040040;100mN32129E42139;PO;NA;2;51;S;F;5064;NEP
057540040040-8543;057540040040;100mN32143E42118;MC;NA;4;54;M;M;5064;EMP
057540040040-8543;057540040040;100mN32143E42118;MC;NA;4;38;D;F;3039;EMP
057540040040-8543;057540040040;100mN32143E42118;MC;NA;4;8;S;F;0614;NEP
057540040040-8543;057540040040;100mN32143E42118;MC;NA;4;12;S;M;0614;NEP
057540040040-8544;057540040040;100mN32143E42115;MC;OS;4;79;M;M;75XX;EMP
057540040040-8544;057540040040;100mN32143E42115;MC;OS;4;78;M;F;75XX;NEP
057540040040-8544;057540040040;100mN32143E42115;MC;OS;4;68;M;M;6574;EMP
057540040040-8544;057540040040;100mN32143E42115;MC;OS;4;71;S;M;6574;EMP
057540040040-8545;057540040040;100mN32106E42071;NA;NA;2;35;M;M;3039;EMP
057540040040-8545;057540040040;100mN32106E42071;NA;NA;2;79;M;F;75XX;NEP
057540040040-8546;057540040040;100mN32086E42057;S;NA;1;68;M;M;6574;NEP
057540040040-8547;057540040040;100mN32123E42093;S;NA;1;27;M;M;2529;EMP
057540040040-8548;057540040040;100mN32133E42119;MC;NA;2;32;M;F;3039;EMP
057540040040-8548;057540040040;100mN32133E42119;MC;NA;2;32;M;M;3039;NEP
057540040040-8549;057540040040;100mN32129E42135;S;NA;1;42;M;M;4049;EMP
057540040040-8550;057540040040;100mN32119E42127;MC;NA;3;52;M;M;5064;NEP
057540040040-8550;057540040040;100mN32119E42127;MC;NA;3;52;M;F;5064;EMP
057540040040-8550;057540040040;100mN32119E42127;MC;NA;3;30;M;F;3039;EMP
057540040040-8551;057540040040;100mN32122E42066;MC;NA;2;26;M;F;2529;EMP
057540040040-8551;057540040040;100mN32122E42066;MC;NA;2;18;M;M;1824;EMP
057540040040-8552;057540040040;100mN32114E42114;S;NA;1;57;W;F;5064;EMP
057540040040-8553;057540040040;100mN32087E42098;MC;NA;2;63;M;F;5064;EMP
057540040040-8553;057540040040;100mN32087E42098;MC;NA;2;45;M;M;4049;EMP
057540040040-8554;057540040040;100mN32099E42071;MC;NA;5;33;M;M;3039;EMP
057540040040-8554;057540040040;100mN32099E42071;MC;NA;5;33;M;F;3039;EMP
057540040040-8554;057540040040;100mN32099E42071;MC;NA;5;9;S;M;0614;NEP
057540040040-8554;057540040040;100mN32099E42071;MC;NA;5;18;W;M;1824;EMP
057540040040-8554;057540040040;100mN32099E42071;MC;NA;5;18;S;M;1824;NEP
057540040040-8555;057540040040;100mN32129E42141;SF;NA;4;51;S;F;5064;EMP
057540040040-8555;057540040040;100mN32129E42141;SF;NA;4;31;D;M;3039;EMP
057540040040-8555;057540040040;100mN32129E42141;SF;NA;4;9;S;M;0614;NEP
057540040040-8555;057540040040;100mN32129E42141;SF;NA;4;21;M;F;1824;EMP
057540040040-8556;057540040040;100mN32131E42118;MC;MIX;2;73;M;M;6574;NEP
057540040040-8556;057540040040;100mN32131E42118;MC;MIX;2;78;W;F;75XX;EMP
057540040040-8557;057540040040;100mN32131E42117;S;OS;1;78;S;F;75XX;NEP
057540040040-8558;057540040040;100mN32106E42082;MC;MIX;5;67;D;M;6574;EMP
057540040040-8558;057540040040;100mN32106E42082;MC;MIX;5;40;M;M;4049;EMP
057540040040-8558;057540040040;100mN32106E42082;MC;MIX;5;37;M;F;3039;EMP
057540040040-8558;057540040040;100mN32106E42082;MC;MIX;5;13;S;M;0614;NEP
057540040040-8558;057540040040;100mN32106E42082;MC;MIX;5;11;S;F;0614;NEP
057540040040-8559;057540040040;100mN32106E42103;SF;NA;6;36;D;F;3039;EMP
057540040040-8559;057540040040;100mN32106E42103;SF;NA;6;7;S;F;0614;NEP
057540040040-8559;057540040040;100mN32106E42103;SF;NA;6;9;S;M;0614;NEP
057540040040-8559;057540040040;100mN32106E42103;SF;NA;6;12;S;F;0614;NEP
057540040040-8559;057540040040;100mN32106E42103;SF;NA;6;0;S;M;0003;NEP
057540040040-8559;057540040040;100mN32106E42103;SF;NA;6;16;S;M;1517;EMP
057540040040-8560;057540040040;100mN32118E42118;MC;MIX;2;77;M;M;75XX;NEP
057540040040-8560;057540040040;100mN32118E42118;MC;MIX;2;9;S;M;0614;NEP
057540040040-8561;057540040040;100mN32113E42116;MC;NA;2;53;M;F;5064;NEP
057540040040-8561;057540040040;100mN32113E42116;MC;NA;2;55;M;M;5064;EMP
057540040040-8562;057540040040;100mN32121E42115;S;OS;1;55;M;F;5064;NEP
057540040040-8563;057540040040;100mN32122E42125;S;OS;1;28;M;M;2529;NEP
057540040040-8564;057540040040;100mN32104E42123;MC;NA;4;43;M;M;4049;NEP
057540040040-8564;057540040040;100mN32104E42123;MC;NA;4;42;M;F;4049;EMP
057540040040-8564;057540040040;100mN32104E42123;MC;NA;4;9;S;M;0614;NEP
057540040040-8564;057540040040;100mN32104E42123;MC;NA;4;7;S;F;0614;NEP
057540040040-8565;057540040040;100mN32119E42120;MC;NA;2;41;M;M;4049;EMP
057540040040-8565;057540040040;100mN32119E42120;MC;NA;2;40;M;F;4049;NEP
057540040040-8566;057540040040;100mN32120E42115;MC;NA;2;47;M;F;4049;EMP
057540040040-8566;057540040040;100mN32120E42115;MC;NA;2;50;M;M;5064;NEP
057540040040-8567;057540040040;100mN32130E42123;MC;OS;2;72;M;M;6574;NEP
057540040040-8567;057540040040;100mN32130E42123;MC;OS;2;72;M;F;6574;EMP
057540040040-8568;057540040040;100mN32123E42118;MC;NA;5;43;M;M;4049;EMP
057540040040-8568;057540040040;100mN32123E42118;MC;NA;5;43;M;F;4049;NEP
057540040040-8568;057540040040;100mN32123E42118;MC;NA;5;27;S;M;2529;EMP
057540040040-8568;057540040040;100mN32123E42118;MC;NA;5;28;S;F;2529;EMP
057540040040-8568;057540040040;100mN32123E42118;MC;NA;5;20;S;M;1824;EMP
057540040040-8569;057540040040;100mN32097E42070;MC;NA;4;20;M;F;1824;EMP
057540040040-8569;057540040040;100mN32097E42070;MC;NA;4;21;M;M;1824;EMP
057540040040-8569;057540040040;100mN32097E42070;MC;NA;4;0;S;F;0003;NEP
057540040040-8569;057540040040;100mN32097E42070;MC;NA;4;0;S;M;0003;NEP
057540040040-8570;057540040040;100mN32097E42068;S;NA;1;85;M;M;75XX;NEP
057540040040-8571;057540040040;100mN32131E42097;S;OS;1;48;M;M;4049;EMP
057540040040-8572;057540040040;100mN32119E42116;MC;NA;3;52;M;F;5064;NEP
057540040040-8572;057540040040;100mN32119E42116;MC;NA;3;55;M;M;5064;EMP
057540040040-8572;057540040040;100mN32119E42116;MC;NA;3;13;S;F;0614;NEP
057540040040-8573;057540040040;100mN32119E42125;NA;NA;2;28;M;M;2529;NEP
057540040040-8573;057540040040;100mN32119E42125;NA;NA;2;34;M;M;3039;NEP
057540040040-8574;057540040040;100mN32133E42124;MC;NA;2;48;M;M;4049;NEP
057540040040-8574;057540040040;100mN32133E42124;MC;NA;2;48;M;F;4049;NEP
057540040040-8575;057540040040;100mN32108E42076;S;OS;1;71;M;F;6574;EMP
057540040040-8576;057540040040;100mN32113E42061;MC;MIX;4;72;M;M;6574;NEP
057540040040-8576;057540040040;100mN32113E42061;MC;MIX;4;62;M;M;5064;EMP
057540040040-8576;057540040040;100mN32113E42061;MC;MIX;4;60;M;F;5064;NEP
057540040040-8576;057540040040;100mN32113E42061;MC;MIX;4;47;M;F;4049;EMP
057540040040-8577;057540040040;100mN32110E42146;S;OS;1;56;S;M;5064;EMP
057540040040-8578;057540040040;100mN32087E42066;S;OS;1;45;M;F;4049;EMP
057540040040-8579;057540040040;100mN32088E42064;MC;NA;5;38;M;M;3039;EMP
057540040040-8579;057540040040;100mN32088E42064;MC;NA;5;36;M;F;3039;EMP
057540040040-8579;057540040040;100mN32088E42064;MC;NA;5;20;W;M;1824;EMP
057540040040-8579;057540040040;100mN32088E42064;MC;NA;5;9;S;M;0614;NEP
057540040040-8579;057540040040;100mN32088E42064;MC;NA;5;23;M;F;1824;NEP
057540040040-8580;057540040040;100mN32119E42068;MC;NA;2;63;M;M;5064;EMP
057540040040-8580;057540040040;100mN32119E42068;MC;NA;2;55;M;F;5064;EMP
057540040040-8581;057540040040;100mN32104E42087;S;OS;1;62;S;F;5064;EMP
057540040040-8582;057540040040;100mN32107E42127;MC;MIX;4;77;M;M;75XX;EMP
057540040040-8582;057540040040;100mN32107E42127;MC;MIX;4;44;M;F;4049;NEP
057540040040-8582;057540040040;100mN32107E42127;MC;MIX;4;48;M;M;4049;EMP
057540040040-8582;057540040040;100mN32107E42127;MC;MIX;4;23;M;M;1824;EMP
057540040040-8583;057540040040;100mN32131E42125;S;NA;1;31;W;M;3039;NEP
057540040040-8584;057540040040;100mN32106E42088;SF;NA;2;19;W;F;1824;EMP
057540040040-8584;057540040040;100mN32106E42088;SF;NA;2;0;S;M;0003;NEP
057540040040-8585;057540040040;100mN32106E42145;S;NA;1;45;M;F;4049;NEP
057540040040-8586;057540040040;100mN32131E42090;S;NA;1;41;W;M;4049;NEP
057540040040-8587;057540040040;100mN32122E42119;MC;NA;4;37;M;F;3039;EMP
057540040040-8587;057540040040;100mN32122E42119;MC;NA;4;44;M;M;4049;EMP
057540040040-8587;057540040040;100mN32122E42119;MC;NA;4;21;W;M;1824;EMP
057540040040-8587;057540040040;100mN32122E42119;MC;NA;4;1;S;F;0003;NEP
057540040040-8588;057540040040;100mN32119E42128;MC;NA;3;42;M;M;4049;NEP
057540040040-8588;057540040040;100mN32119E42128;MC;NA;3;43;M;F;4049;NEP
057540040040-8588;057540040040;100mN32119E42128;MC;NA;3;3;S;F;0305;NEP
057540040040-8589;057540040040;100mN32128E42131;MC;NA;2;28;M;F;2529;EMP
057540040040-8589;057540040040;100mN32128E42131;MC;NA;2;30;M;M;3039;NEP
057540040040-8590;057540040040;100mN32087E42092;S;NA;1;20;M;F;1824;NEP
057540040040-8591;057540040040;100mN32133E42125;MC;OS;3;84;M;F;75XX;UEP
057540040040-8591;057540040040;100mN32133E42125;MC;OS;3;89;M;M;75XX;EMP
057540040040-8591;057540040040;100mN32133E42125;MC;OS;3;80;S;M;75XX;EMP
057540040040-8592;057540040040;100mN32104E42096;MC;OS;2;72;M;M;6574;EMP
057540040040-8592;057540040040;100mN32104E42096;MC;OS;2;65;M;F;6574;EMP
057540040040-8593;057540040040;100mN32104E42110;MC;NA;4;50;M;F;5064;EMP
057540040040-8593;057540040040;100mN32104E42110;MC;NA;4;46;M;M;4049;EMP
057540040040-8593;057540040040;100mN32104E42110;MC;NA;4;23;W;F;1824;EMP
057540040040-8593;057540040040;100mN32104E42110;MC;NA;4;6;S;F;0614;NEP
057540040040-8594;057540040040;100mN32137E42130;S;OS;1;44;M;M;4049;NEP
057540040040-8595;057540040040;100mN32116E42110;MC;NA;3;52;M;M;5064;EMP
057540040040-8595;057540040040;100mN32116E42110;MC;NA;3;50;M;F;5064;NEP
057540040040-8595;057540040040;100mN32116E42110;MC;NA;3;16;S;M;1517;EMP
057540040040-8596;057540040040;100mN32119E42117;SF;NA;2;52;D;F;5064;EMP
057540040040-8596;057540040040;100mN32119E42117;SF;NA;2;1;S;M;0003;NEP
057540040040-8597;057540040040;100mN32119E42149;MC;MIX;2;71;M;F;6574;EMP
057540040040-8597;057540040040;100mN32119E42149;MC;MIX;2;38;S;F;3039;NEP
057540040040-8598;057540040040;100mN32119E42114;MC;NA;2;31;M;M;3039;EMP
057540040040-8598;057540040040;100mN32119E42114;MC;NA;2;18;M;F;1824;NEP
057540040040-8599;057540040040;100mN32091E42132;MC;NA;2;44;M;M;4049;EMP
057540040040-8599;057540040040;100mN32091E42132;MC;NA;2;45;M;F;4049;EMP
057540040040-8600;057540040040;100mN32118E42114;MC;MIX;3;72;S;M;6574;NEP
057540040040-8600;057540040040;100mN32118E42114;MC;MIX;3;20;M;F;1824;EMP
057540040040-8600;057540040040;100mN32118E42114;MC;MIX;3;20;M;M;1824;EMP
057540040040-8601;057540040040;100mN32108E42146;S;OS;1;41;D;M;4049;NEP
057540040040-8602;057540040040;100mN32130E42142;MC;NA;2;28;M;F;2529;EMP
057540040040-8602;057540040040;100mN32130E42142;MC;NA;2;27;M;M;2529;EMP
057540040040-8603;057540040040;100mN32128E42134;S;NA;1;47;S;F;4049;NEP
057540040040-8604;057540040040;100mN32108E42143;MC;NA;2;45;M;M;4049;NEP
057540040040-8604;057540040040;100mN32108E42143;MC;NA;2;42;M;F;4049;UEP
057540040040-8605;057540040040;100mN32122E42112;MC;OS;2;69;M;M;6574;NEP
057540040040-8605;057540040040;100mN32122E42112;MC;OS;2;67;M;F;6574;UEP
057540040040-8606;057540040040;100mN32110E42141;MC;NA;3;57;M;M;5064;EMP
057540040040-8606;057540040040;100mN32110E42141;MC;NA;3;56;M;F;5064;EMP
057540040040-8606;057540040040;100mN32110E42141;MC;NA;3;11;S;M;0614;NEP
057540040040-8607;057540040040;100mN32087E42095;MC;NA;2;40;M;F;4049;EMP
057540040040-8607;057540040040;100mN32087E42095;MC;NA;2;42;M;M;4049;EMP
057540040040-8608;057540040040;100mN32110E42148;MC;OS;2;67;M;M;6574;EMP
057540040040-8608;057540040040;100mN32110E42148;MC;OS;2;66;M;F;6574;EMP
057540040040-8609;057540040040;100mN32121E42117;MC;NA;3;44;M;M;4049;NEP
057540040040-8609;057540040040;100mN32121E42117;MC;NA;3;42;M;F;4049;NEP
057540040040-8609;057540040040;100mN32121E42117;MC;NA;3;15;S;F;1517;NEP
057540040040-8610;057540040040;100mN32086E42068;MC;NA;2;60;M;F;5064;EMP
057540040040-8610;057540040040;100mN32086E42068;MC;NA;2;16;S;M;1517;EMP
057540040040-8611;057540040040;100mN32123E42116;MC;NA;4;54;M;F;5064;EMP
057540040040-8611;057540040040;100mN32123E42116;MC;NA;4;56;M;M;5064;EMP
057540040040-8611;057540040040;100mN32123E42116;MC;NA;4;12;S;M;0614;NEP
057540040040-8611;057540040040;100mN32123E42116;MC;NA;4;12;S;M;0614;NEP
057540040040-8612;057540040040;100mN32106E42089;S;OS;1;88;M;M;75XX;EMP
057540040040-8613;057540040040;100mN32128E42132;S;NA;1;23;M;M;1824;NEP
057540040040-8614;057540040040;100mN32121E42114;S;OS;1;68;M;F;6574;NEP
057540040040-8615;057540040040;100mN32099E42069;MC;NA;2;37;M;F;3039;EMP
057540040040-8615;057540040040;100mN32099E42069;MC;NA;2;44;M;M;4049;EMP
057540040040-8616;057540040040;100mN32099E42132;S;NA;1;56;M;F;5064;EMP
057540040040-8617;057540040040;100mN32138E42128;S;NA;1;52;M;F;5064;EMP
057540040040-8618;057540040040;100mN32087E42047;S;NA;1;67;M;F;6574;UEP
057540040040-8619;057540040040;100mN32103E42133;MC;NA;4;42;M;F;4049;EMP
057540040040-8619;057540040040;100mN32103E42133;MC;NA;4;42;M;M;4049;EMP
057540040040-8619;057540040040;100mN32103E42133;MC;NA;4;19;S;M;1824;EMP
057540040040-8619;057540040040;100mN32103E42133;MC;NA;4;16;S;F;1517;NEP
057540040040-8620;057540040040;100mN32122E42123;S;OS;1;87;M;M;75XX;EMP
057540040040-8621;057540040040;100mN32104E42090;S;NA;1;52;M;F;5064;UEP
057540040040-8622;057540040040;100mN32117E42131;PO;NA;4;44;S;F;4049;EMP
057540040040-8622;057540040040;100mN32117E42131;PO;NA;4;51;S;M;5064;EMP
057540040040-8622;057540040040;100mN32117E42131;PO;NA;4;10;S;F;0614;NEP
057540040040-8622;057540040040;100mN32117E42131;PO;NA;4;16;S;M;1517;EMP
057540040040-8623;057540040040;100mN32123E42117;PO;MIX;2;75;S;F;75XX;NEP
057540040040-8623;057540040040;100mN32123E42117;PO;MIX;2;23;M;M;1824;NEP
